lon,lat,value
-1158281.79131975,2035796.0764228348,16
-1158745.1040362776,2035332.7637063072,16
-1158281.79131975,2035332.7637063072,16
-1159208.416752805,2034869.4509897798,16
-1158745.1040362776,2034869.4509897798,16
-1158281.79131975,2034869.4509897798,16
-1165694.7947841901,2034406.1382732522,16
-1165231.4820676625,2034406.1382732522,16
-1164768.1693511351,2034406.1382732522,16
-1160135.0421858602,2034406.1382732522,16
-1159671.7294693326,2034406.1382732522,16
-1159208.416752805,2034406.1382732522,16
-1158745.1040362776,2034406.1382732522,16
-1158281.79131975,2034406.1382732522,16
-1166621.4202172451,2033942.8255567248,16
-1166158.1075007175,2033942.8255567248,16
-1165694.7947841901,2033942.8255567248,16
-1165231.4820676625,2033942.8255567248,16
-1164768.1693511351,2033942.8255567248,16
-1164304.8566346075,2033942.8255567248,16
-1161061.6676189152,2033942.8255567248,16
-1160598.3549023876,2033942.8255567248,16
-1160135.0421858602,2033942.8255567248,16
-1159671.7294693326,2033942.8255567248,16
-1159208.416752805,2033942.8255567248,16
-1158745.1040362776,2033942.8255567248,16
-1167548.0456503,2033479.5128401972,16
-1167084.7329337727,2033479.5128401972,16
-1166621.4202172451,2033479.5128401972,16
-1166158.1075007175,2033479.5128401972,16
-1165694.7947841901,2033479.5128401972,16
-1165231.4820676625,2033479.5128401972,16
-1164768.1693511351,2033479.5128401972,16
-1164304.8566346075,2033479.5128401972,16
-1163841.5439180802,2033479.5128401972,16
-1161524.9803354426,2033479.5128401972,16
-1161061.6676189152,2033479.5128401972,16
-1160598.3549023876,2033479.5128401972,16
-1160135.0421858602,2033479.5128401972,16
-1159671.7294693326,2033479.5128401972,16
-1159208.416752805,2033479.5128401972,16
-1158745.1040362776,2033479.5128401972,16
-1168474.671083355,2033016.2001236698,16
-1168011.3583668275,2033016.2001236698,16
-1167548.0456503,2033016.2001236698,16
-1167084.7329337727,2033016.2001236698,16
-1166621.4202172451,2033016.2001236698,16
-1166158.1075007175,2033016.2001236698,16
-1165694.7947841901,2033016.2001236698,16
-1165231.4820676625,2033016.2001236698,16
-1164768.1693511351,2033016.2001236698,16
-1164304.8566346075,2033016.2001236698,16
-1163841.5439180802,2033016.2001236698,16
-1163378.2312015526,2033016.2001236698,16
-1162914.9184850252,2033016.2001236698,16
-1162451.6057684976,2033016.2001236698,16
-1161988.2930519702,2033016.2001236698,16
-1161524.9803354426,2033016.2001236698,16
-1161061.6676189152,2033016.2001236698,16
-1160598.3549023876,2033016.2001236698,16
-1160135.0421858602,2033016.2001236698,16
-1159671.7294693326,2033016.2001236698,16
-1159208.416752805,2033016.2001236698,16
-1158745.1040362776,2033016.2001236698,16
-1169864.6092329377,2032552.8874071422,16
-1169401.29651641,2032552.8874071422,16
-1168937.9837998827,2032552.8874071422,16
-1168474.671083355,2032552.8874071422,16
-1168011.3583668275,2032552.8874071422,16
-1167548.0456503,2032552.8874071422,16
-1167084.7329337727,2032552.8874071422,16
-1166621.4202172451,2032552.8874071422,16
-1166158.1075007175,2032552.8874071422,16
-1165694.7947841901,2032552.8874071422,16
-1165231.4820676625,2032552.8874071422,16
-1164768.1693511351,2032552.8874071422,16
-1164304.8566346075,2032552.8874071422,16
-1163841.5439180802,2032552.8874071422,16
-1163378.2312015526,2032552.8874071422,16
-1162914.9184850252,2032552.8874071422,16
-1162451.6057684976,2032552.8874071422,16
-1161988.2930519702,2032552.8874071422,16
-1161524.9803354426,2032552.8874071422,16
-1161061.6676189152,2032552.8874071422,16
-1160598.3549023876,2032552.8874071422,16
-1160135.0421858602,2032552.8874071422,16
-1159671.7294693326,2032552.8874071422,16
-1159208.416752805,2032552.8874071422,16
-1158745.1040362776,2032552.8874071422,16
-1170791.2346659927,2032089.5746906146,16
-1170327.921949465,2032089.5746906146,16
-1169864.6092329377,2032089.5746906146,16
-1169401.29651641,2032089.5746906146,16
-1168937.9837998827,2032089.5746906146,16
-1168474.671083355,2032089.5746906146,16
-1168011.3583668275,2032089.5746906146,16
-1167548.0456503,2032089.5746906146,16
-1167084.7329337727,2032089.5746906146,16
-1166621.4202172451,2032089.5746906146,16
-1166158.1075007175,2032089.5746906146,16
-1165694.7947841901,2032089.5746906146,16
-1165231.4820676625,2032089.5746906146,16
-1164768.1693511351,2032089.5746906146,16
-1164304.8566346075,2032089.5746906146,16
-1163841.5439180802,2032089.5746906146,16
-1163378.2312015526,2032089.5746906146,16
-1162914.9184850252,2032089.5746906146,16
-1162451.6057684976,2032089.5746906146,16
-1161988.2930519702,2032089.5746906146,16
-1161524.9803354426,2032089.5746906146,16
-1161061.6676189152,2032089.5746906146,16
-1160598.3549023876,2032089.5746906146,16
-1160135.0421858602,2032089.5746906146,16
-1159671.7294693326,2032089.5746906146,16
-1159208.416752805,2032089.5746906146,16
-1171717.8600990477,2031626.2619740872,16
-1171254.54738252,2031626.2619740872,16
-1170791.2346659927,2031626.2619740872,16
-1170327.921949465,2031626.2619740872,16
-1169864.6092329377,2031626.2619740872,16
-1169401.29651641,2031626.2619740872,16
-1168937.9837998827,2031626.2619740872,16
-1168474.671083355,2031626.2619740872,16
-1168011.3583668275,2031626.2619740872,16
-1167548.0456503,2031626.2619740872,16
-1167084.7329337727,2031626.2619740872,16
-1166621.4202172451,2031626.2619740872,16
-1166158.1075007175,2031626.2619740872,16
-1165694.7947841901,2031626.2619740872,16
-1165231.4820676625,2031626.2619740872,16
-1164768.1693511351,2031626.2619740872,16
-1164304.8566346075,2031626.2619740872,16
-1163841.5439180802,2031626.2619740872,16
-1163378.2312015526,2031626.2619740872,16
-1162914.9184850252,2031626.2619740872,16
-1162451.6057684976,2031626.2619740872,16
-1161988.2930519702,2031626.2619740872,16
-1161524.9803354426,2031626.2619740872,16
-1161061.6676189152,2031626.2619740872,16
-1160598.3549023876,2031626.2619740872,16
-1160135.0421858602,2031626.2619740872,16
-1159671.7294693326,2031626.2619740872,16
-1159208.416752805,2031626.2619740872,16
-1171717.8600990477,2031162.9492575596,16
-1171254.54738252,2031162.9492575596,16
-1170791.2346659927,2031162.9492575596,16
-1170327.921949465,2031162.9492575596,16
-1169864.6092329377,2031162.9492575596,16
-1169401.29651641,2031162.9492575596,16
-1168937.9837998827,2031162.9492575596,16
-1168474.671083355,2031162.9492575596,16
-1168011.3583668275,2031162.9492575596,16
-1167548.0456503,2031162.9492575596,16
-1167084.7329337727,2031162.9492575596,16
-1166621.4202172451,2031162.9492575596,16
-1166158.1075007175,2031162.9492575596,16
-1165694.7947841901,2031162.9492575596,16
-1165231.4820676625,2031162.9492575596,16
-1164768.1693511351,2031162.9492575596,16
-1164304.8566346075,2031162.9492575596,16
-1163841.5439180802,2031162.9492575596,16
-1163378.2312015526,2031162.9492575596,16
-1162914.9184850252,2031162.9492575596,16
-1162451.6057684976,2031162.9492575596,16
-1161988.2930519702,2031162.9492575596,16
-1161524.9803354426,2031162.9492575596,16
-1161061.6676189152,2031162.9492575596,16
-1160598.3549023876,2031162.9492575596,16
-1160135.0421858602,2031162.9492575596,16
-1159671.7294693326,2031162.9492575596,16
-1159208.416752805,2031162.9492575596,16
-1172181.172815575,2030699.6365410322,16
-1171717.8600990477,2030699.6365410322,16
-1171254.54738252,2030699.6365410322,16
-1170791.2346659927,2030699.6365410322,16
-1170327.921949465,2030699.6365410322,16
-1169864.6092329377,2030699.6365410322,16
-1169401.29651641,2030699.6365410322,16
-1168937.9837998827,2030699.6365410322,16
-1168474.671083355,2030699.6365410322,16
-1168011.3583668275,2030699.6365410322,16
-1167548.0456503,2030699.6365410322,16
-1167084.7329337727,2030699.6365410322,16
-1166621.4202172451,2030699.6365410322,16
-1166158.1075007175,2030699.6365410322,16
-1165694.7947841901,2030699.6365410322,16
-1165231.4820676625,2030699.6365410322,16
-1164768.1693511351,2030699.6365410322,16
-1164304.8566346075,2030699.6365410322,16
-1163841.5439180802,2030699.6365410322,16
-1163378.2312015526,2030699.6365410322,16
-1162914.9184850252,2030699.6365410322,16
-1162451.6057684976,2030699.6365410322,16
-1161988.2930519702,2030699.6365410322,16
-1161524.9803354426,2030699.6365410322,16
-1161061.6676189152,2030699.6365410322,16
-1160598.3549023876,2030699.6365410322,16
-1160135.0421858602,2030699.6365410322,16
-1159671.7294693326,2030699.6365410322,16
-1159208.416752805,2030699.6365410322,16
-1172181.172815575,2030236.3238245046,16
-1171717.8600990477,2030236.3238245046,16
-1171254.54738252,2030236.3238245046,16
-1170791.2346659927,2030236.3238245046,16
-1170327.921949465,2030236.3238245046,16
-1169864.6092329377,2030236.3238245046,16
-1169401.29651641,2030236.3238245046,16
-1168937.9837998827,2030236.3238245046,16
-1168474.671083355,2030236.3238245046,16
-1168011.3583668275,2030236.3238245046,16
-1167548.0456503,2030236.3238245046,16
-1167084.7329337727,2030236.3238245046,16
-1166621.4202172451,2030236.3238245046,16
-1166158.1075007175,2030236.3238245046,16
-1165694.7947841901,2030236.3238245046,16
-1165231.4820676625,2030236.3238245046,16
-1164768.1693511351,2030236.3238245046,16
-1164304.8566346075,2030236.3238245046,16
-1163841.5439180802,2030236.3238245046,16
-1163378.2312015526,2030236.3238245046,16
-1162914.9184850252,2030236.3238245046,16
-1162451.6057684976,2030236.3238245046,16
-1161988.2930519702,2030236.3238245046,16
-1161524.9803354426,2030236.3238245046,16
-1161061.6676189152,2030236.3238245046,16
-1160598.3549023876,2030236.3238245046,16
-1160135.0421858602,2030236.3238245046,16
-1159671.7294693326,2030236.3238245046,16
-1172644.4855321026,2029773.0111079772,16
-1172181.172815575,2029773.0111079772,16
-1171717.8600990477,2029773.0111079772,16
-1171254.54738252,2029773.0111079772,16
-1170791.2346659927,2029773.0111079772,16
-1170327.921949465,2029773.0111079772,16
-1169864.6092329377,2029773.0111079772,16
-1169401.29651641,2029773.0111079772,16
-1168937.9837998827,2029773.0111079772,16
-1168474.671083355,2029773.0111079772,16
-1168011.3583668275,2029773.0111079772,16
-1167548.0456503,2029773.0111079772,16
-1167084.7329337727,2029773.0111079772,16
-1166621.4202172451,2029773.0111079772,16
-1166158.1075007175,2029773.0111079772,16
-1165694.7947841901,2029773.0111079772,16
-1165231.4820676625,2029773.0111079772,16
-1164768.1693511351,2029773.0111079772,16
-1164304.8566346075,2029773.0111079772,16
-1163841.5439180802,2029773.0111079772,16
-1163378.2312015526,2029773.0111079772,16
-1162914.9184850252,2029773.0111079772,16
-1162451.6057684976,2029773.0111079772,16
-1161988.2930519702,2029773.0111079772,16
-1161524.9803354426,2029773.0111079772,16
-1161061.6676189152,2029773.0111079772,16
-1160598.3549023876,2029773.0111079772,16
-1160135.0421858602,2029773.0111079772,16
-1159671.7294693326,2029773.0111079772,16
-1174497.7363982126,2029309.6983914496,16
-1174034.4236816852,2029309.6983914496,16
-1173571.1109651576,2029309.6983914496,16
-1173107.79824863,2029309.6983914496,16
-1172644.4855321026,2029309.6983914496,16
-1172181.172815575,2029309.6983914496,16
-1171717.8600990477,2029309.6983914496,16
-1171254.54738252,2029309.6983914496,16
-1170791.2346659927,2029309.6983914496,16
-1170327.921949465,2029309.6983914496,16
-1169864.6092329377,2029309.6983914496,16
-1169401.29651641,2029309.6983914496,16
-1168937.9837998827,2029309.6983914496,16
-1168474.671083355,2029309.6983914496,16
-1168011.3583668275,2029309.6983914496,16
-1167548.0456503,2029309.6983914496,16
-1167084.7329337727,2029309.6983914496,16
-1166621.4202172451,2029309.6983914496,16
-1166158.1075007175,2029309.6983914496,16
-1165694.7947841901,2029309.6983914496,16
-1165231.4820676625,2029309.6983914496,16
-1164768.1693511351,2029309.6983914496,16
-1164304.8566346075,2029309.6983914496,16
-1163841.5439180802,2029309.6983914496,16
-1163378.2312015526,2029309.6983914496,16
-1162914.9184850252,2029309.6983914496,16
-1162451.6057684976,2029309.6983914496,16
-1161988.2930519702,2029309.6983914496,16
-1161524.9803354426,2029309.6983914496,16
-1161061.6676189152,2029309.6983914496,16
-1160598.3549023876,2029309.6983914496,16
-1160135.0421858602,2029309.6983914496,16
-1159671.7294693326,2029309.6983914496,16
-1175424.3618312676,2028846.3856749223,16
-1174961.04911474,2028846.3856749223,16
-1174497.7363982126,2028846.3856749223,16
-1174034.4236816852,2028846.3856749223,16
-1173571.1109651576,2028846.3856749223,16
-1173107.79824863,2028846.3856749223,16
-1172644.4855321026,2028846.3856749223,16
-1172181.172815575,2028846.3856749223,16
-1171717.8600990477,2028846.3856749223,16
-1171254.54738252,2028846.3856749223,16
-1170791.2346659927,2028846.3856749223,16
-1170327.921949465,2028846.3856749223,16
-1169864.6092329377,2028846.3856749223,16
-1169401.29651641,2028846.3856749223,16
-1168937.9837998827,2028846.3856749223,16
-1168474.671083355,2028846.3856749223,16
-1168011.3583668275,2028846.3856749223,16
-1167548.0456503,2028846.3856749223,16
-1167084.7329337727,2028846.3856749223,16
-1166621.4202172451,2028846.3856749223,16
-1166158.1075007175,2028846.3856749223,16
-1165694.7947841901,2028846.3856749223,16
-1165231.4820676625,2028846.3856749223,16
-1164768.1693511351,2028846.3856749223,16
-1164304.8566346075,2028846.3856749223,16
-1163841.5439180802,2028846.3856749223,16
-1163378.2312015526,2028846.3856749223,16
-1162914.9184850252,2028846.3856749223,16
-1162451.6057684976,2028846.3856749223,16
-1161988.2930519702,2028846.3856749223,16
-1161524.9803354426,2028846.3856749223,16
-1161061.6676189152,2028846.3856749223,16
-1160598.3549023876,2028846.3856749223,16
-1160135.0421858602,2028846.3856749223,16
-1159671.7294693326,2028846.3856749223,16
-1175887.6745477952,2028383.0729583947,16
-1175424.3618312676,2028383.0729583947,16
-1174961.04911474,2028383.0729583947,16
-1174497.7363982126,2028383.0729583947,16
-1174034.4236816852,2028383.0729583947,16
-1173571.1109651576,2028383.0729583947,16
-1173107.79824863,2028383.0729583947,16
-1172644.4855321026,2028383.0729583947,16
-1172181.172815575,2028383.0729583947,16
-1171717.8600990477,2028383.0729583947,16
-1171254.54738252,2028383.0729583947,16
-1170791.2346659927,2028383.0729583947,16
-1170327.921949465,2028383.0729583947,16
-1169864.6092329377,2028383.0729583947,16
-1169401.29651641,2028383.0729583947,16
-1168937.9837998827,2028383.0729583947,16
-1168474.671083355,2028383.0729583947,16
-1168011.3583668275,2028383.0729583947,16
-1167548.0456503,2028383.0729583947,16
-1167084.7329337727,2028383.0729583947,16
-1166621.4202172451,2028383.0729583947,16
-1166158.1075007175,2028383.0729583947,16
-1165694.7947841901,2028383.0729583947,16
-1165231.4820676625,2028383.0729583947,16
-1164768.1693511351,2028383.0729583947,16
-1164304.8566346075,2028383.0729583947,16
-1163841.5439180802,2028383.0729583947,16
-1163378.2312015526,2028383.0729583947,16
-1162914.9184850252,2028383.0729583947,16
-1162451.6057684976,2028383.0729583947,16
-1161988.2930519702,2028383.0729583947,16
-1161524.9803354426,2028383.0729583947,16
-1161061.6676189152,2028383.0729583947,16
-1160598.3549023876,2028383.0729583947,16
-1160135.0421858602,2028383.0729583947,16
-1176350.9872643226,2027919.7602418673,16
-1175887.6745477952,2027919.7602418673,16
-1175424.3618312676,2027919.7602418673,16
-1174961.04911474,2027919.7602418673,16
-1174497.7363982126,2027919.7602418673,16
-1174034.4236816852,2027919.7602418673,16
-1173571.1109651576,2027919.7602418673,16
-1173107.79824863,2027919.7602418673,16
-1172644.4855321026,2027919.7602418673,16
-1172181.172815575,2027919.7602418673,16
-1171717.8600990477,2027919.7602418673,16
-1171254.54738252,2027919.7602418673,16
-1170791.2346659927,2027919.7602418673,16
-1170327.921949465,2027919.7602418673,16
-1169864.6092329377,2027919.7602418673,16
-1169401.29651641,2027919.7602418673,16
-1168937.9837998827,2027919.7602418673,16
-1168474.671083355,2027919.7602418673,16
-1168011.3583668275,2027919.7602418673,16
-1167548.0456503,2027919.7602418673,16
-1167084.7329337727,2027919.7602418673,16
-1166621.4202172451,2027919.7602418673,16
-1166158.1075007175,2027919.7602418673,16
-1165694.7947841901,2027919.7602418673,16
-1165231.4820676625,2027919.7602418673,16
-1164768.1693511351,2027919.7602418673,16
-1164304.8566346075,2027919.7602418673,16
-1163841.5439180802,2027919.7602418673,16
-1163378.2312015526,2027919.7602418673,16
-1162914.9184850252,2027919.7602418673,16
-1162451.6057684976,2027919.7602418673,16
-1161988.2930519702,2027919.7602418673,16
-1161524.9803354426,2027919.7602418673,16
-1161061.6676189152,2027919.7602418673,16
-1160598.3549023876,2027919.7602418673,16
-1160135.0421858602,2027919.7602418673,16
-1176814.2999808502,2027456.4475253397,16
-1176350.9872643226,2027456.4475253397,16
-1175887.6745477952,2027456.4475253397,16
-1175424.3618312676,2027456.4475253397,16
-1174961.04911474,2027456.4475253397,16
-1174497.7363982126,2027456.4475253397,16
-1174034.4236816852,2027456.4475253397,16
-1173571.1109651576,2027456.4475253397,16
-1173107.79824863,2027456.4475253397,16
-1172644.4855321026,2027456.4475253397,16
-1172181.172815575,2027456.4475253397,16
-1171717.8600990477,2027456.4475253397,16
-1171254.54738252,2027456.4475253397,16
-1170791.2346659927,2027456.4475253397,16
-1170327.921949465,2027456.4475253397,16
-1169864.6092329377,2027456.4475253397,16
-1169401.29651641,2027456.4475253397,16
-1168937.9837998827,2027456.4475253397,16
-1168474.671083355,2027456.4475253397,16
-1168011.3583668275,2027456.4475253397,16
-1167548.0456503,2027456.4475253397,16
-1167084.7329337727,2027456.4475253397,16
-1166621.4202172451,2027456.4475253397,16
-1166158.1075007175,2027456.4475253397,16
-1165694.7947841901,2027456.4475253397,16
-1165231.4820676625,2027456.4475253397,16
-1164768.1693511351,2027456.4475253397,16
-1164304.8566346075,2027456.4475253397,16
-1163841.5439180802,2027456.4475253397,16
-1163378.2312015526,2027456.4475253397,16
-1162914.9184850252,2027456.4475253397,16
-1162451.6057684976,2027456.4475253397,16
-1161988.2930519702,2027456.4475253397,16
-1161524.9803354426,2027456.4475253397,16
-1161061.6676189152,2027456.4475253397,16
-1160598.3549023876,2027456.4475253397,16
-1160135.0421858602,2027456.4475253397,16
-1177277.6126973776,2026993.1348088123,16
-1176814.2999808502,2026993.1348088123,16
-1176350.9872643226,2026993.1348088123,16
-1175887.6745477952,2026993.1348088123,16
-1175424.3618312676,2026993.1348088123,16
-1174961.04911474,2026993.1348088123,16
-1174497.7363982126,2026993.1348088123,16
-1174034.4236816852,2026993.1348088123,16
-1173571.1109651576,2026993.1348088123,16
-1173107.79824863,2026993.1348088123,16
-1172644.4855321026,2026993.1348088123,16
-1172181.172815575,2026993.1348088123,16
-1171717.8600990477,2026993.1348088123,16
-1171254.54738252,2026993.1348088123,16
-1170791.2346659927,2026993.1348088123,16
-1170327.921949465,2026993.1348088123,16
-1169864.6092329377,2026993.1348088123,16
-1169401.29651641,2026993.1348088123,16
-1168937.9837998827,2026993.1348088123,16
-1168474.671083355,2026993.1348088123,16
-1168011.3583668275,2026993.1348088123,16
-1167548.0456503,2026993.1348088123,16
-1167084.7329337727,2026993.1348088123,16
-1166621.4202172451,2026993.1348088123,16
-1166158.1075007175,2026993.1348088123,16
-1165694.7947841901,2026993.1348088123,16
-1165231.4820676625,2026993.1348088123,16
-1164768.1693511351,2026993.1348088123,16
-1164304.8566346075,2026993.1348088123,16
-1163841.5439180802,2026993.1348088123,16
-1163378.2312015526,2026993.1348088123,16
-1162914.9184850252,2026993.1348088123,16
-1162451.6057684976,2026993.1348088123,16
-1161988.2930519702,2026993.1348088123,16
-1161524.9803354426,2026993.1348088123,16
-1161061.6676189152,2026993.1348088123,16
-1160598.3549023876,2026993.1348088123,16
-1177740.9254139052,2026529.8220922847,16
-1177277.6126973776,2026529.8220922847,16
-1176814.2999808502,2026529.8220922847,16
-1176350.9872643226,2026529.8220922847,16
-1175887.6745477952,2026529.8220922847,16
-1175424.3618312676,2026529.8220922847,16
-1174961.04911474,2026529.8220922847,16
-1174497.7363982126,2026529.8220922847,16
-1174034.4236816852,2026529.8220922847,16
-1173571.1109651576,2026529.8220922847,16
-1173107.79824863,2026529.8220922847,16
-1172644.4855321026,2026529.8220922847,16
-1172181.172815575,2026529.8220922847,16
-1171717.8600990477,2026529.8220922847,16
-1171254.54738252,2026529.8220922847,16
-1170791.2346659927,2026529.8220922847,16
-1170327.921949465,2026529.8220922847,16
-1169864.6092329377,2026529.8220922847,16
-1169401.29651641,2026529.8220922847,16
-1168937.9837998827,2026529.8220922847,16
-1168474.671083355,2026529.8220922847,16
-1168011.3583668275,2026529.8220922847,16
-1167548.0456503,2026529.8220922847,16
-1167084.7329337727,2026529.8220922847,16
-1166621.4202172451,2026529.8220922847,16
-1166158.1075007175,2026529.8220922847,16
-1165694.7947841901,2026529.8220922847,16
-1165231.4820676625,2026529.8220922847,16
-1164768.1693511351,2026529.8220922847,16
-1164304.8566346075,2026529.8220922847,16
-1163841.5439180802,2026529.8220922847,16
-1163378.2312015526,2026529.8220922847,16
-1162914.9184850252,2026529.8220922847,16
-1162451.6057684976,2026529.8220922847,16
-1161988.2930519702,2026529.8220922847,16
-1161524.9803354426,2026529.8220922847,16
-1161061.6676189152,2026529.8220922847,16
-1160598.3549023876,2026529.8220922847,16
-1177740.9254139052,2026066.5093757573,16
-1177277.6126973776,2026066.5093757573,16
-1176814.2999808502,2026066.5093757573,16
-1176350.9872643226,2026066.5093757573,16
-1175887.6745477952,2026066.5093757573,16
-1175424.3618312676,2026066.5093757573,16
-1174961.04911474,2026066.5093757573,16
-1174497.7363982126,2026066.5093757573,16
-1174034.4236816852,2026066.5093757573,16
-1173571.1109651576,2026066.5093757573,16
-1173107.79824863,2026066.5093757573,16
-1172644.4855321026,2026066.5093757573,16
-1172181.172815575,2026066.5093757573,16
-1171717.8600990477,2026066.5093757573,16
-1171254.54738252,2026066.5093757573,16
-1170791.2346659927,2026066.5093757573,16
-1170327.921949465,2026066.5093757573,16
-1169864.6092329377,2026066.5093757573,16
-1169401.29651641,2026066.5093757573,16
-1168937.9837998827,2026066.5093757573,16
-1168474.671083355,2026066.5093757573,16
-1168011.3583668275,2026066.5093757573,16
-1167548.0456503,2026066.5093757573,16
-1167084.7329337727,2026066.5093757573,16
-1166621.4202172451,2026066.5093757573,16
-1166158.1075007175,2026066.5093757573,16
-1165694.7947841901,2026066.5093757573,16
-1165231.4820676625,2026066.5093757573,16
-1164768.1693511351,2026066.5093757573,16
-1164304.8566346075,2026066.5093757573,16
-1163841.5439180802,2026066.5093757573,16
-1163378.2312015526,2026066.5093757573,16
-1162914.9184850252,2026066.5093757573,16
-1162451.6057684976,2026066.5093757573,16
-1161988.2930519702,2026066.5093757573,16
-1161524.9803354426,2026066.5093757573,16
-1161061.6676189152,2026066.5093757573,16
-1160598.3549023876,2026066.5093757573,16
-1178204.2381304326,2025603.1966592297,16
-1177740.9254139052,2025603.1966592297,16
-1177277.6126973776,2025603.1966592297,16
-1176814.2999808502,2025603.1966592297,16
-1176350.9872643226,2025603.1966592297,16
-1175887.6745477952,2025603.1966592297,16
-1175424.3618312676,2025603.1966592297,16
-1174961.04911474,2025603.1966592297,16
-1174497.7363982126,2025603.1966592297,16
-1174034.4236816852,2025603.1966592297,16
-1173571.1109651576,2025603.1966592297,16
-1173107.79824863,2025603.1966592297,16
-1172644.4855321026,2025603.1966592297,16
-1172181.172815575,2025603.1966592297,16
-1171717.8600990477,2025603.1966592297,16
-1171254.54738252,2025603.1966592297,16
-1170791.2346659927,2025603.1966592297,16
-1170327.921949465,2025603.1966592297,16
-1169864.6092329377,2025603.1966592297,16
-1169401.29651641,2025603.1966592297,16
-1168937.9837998827,2025603.1966592297,16
-1168474.671083355,2025603.1966592297,16
-1168011.3583668275,2025603.1966592297,16
-1167548.0456503,2025603.1966592297,16
-1167084.7329337727,2025603.1966592297,16
-1166621.4202172451,2025603.1966592297,16
-1166158.1075007175,2025603.1966592297,16
-1165694.7947841901,2025603.1966592297,16
-1165231.4820676625,2025603.1966592297,16
-1164768.1693511351,2025603.1966592297,16
-1164304.8566346075,2025603.1966592297,16
-1163841.5439180802,2025603.1966592297,16
-1163378.2312015526,2025603.1966592297,16
-1162914.9184850252,2025603.1966592297,16
-1162451.6057684976,2025603.1966592297,16
-1161988.2930519702,2025603.1966592297,16
-1161524.9803354426,2025603.1966592297,16
-1161061.6676189152,2025603.1966592297,16
-1160598.3549023876,2025603.1966592297,16
-1178204.2381304326,2025139.8839427023,16
-1177740.9254139052,2025139.8839427023,16
-1177277.6126973776,2025139.8839427023,16
-1176814.2999808502,2025139.8839427023,16
-1176350.9872643226,2025139.8839427023,16
-1175887.6745477952,2025139.8839427023,16
-1175424.3618312676,2025139.8839427023,16
-1174961.04911474,2025139.8839427023,16
-1174497.7363982126,2025139.8839427023,16
-1174034.4236816852,2025139.8839427023,16
-1173571.1109651576,2025139.8839427023,16
-1173107.79824863,2025139.8839427023,16
-1172644.4855321026,2025139.8839427023,16
-1172181.172815575,2025139.8839427023,16
-1171717.8600990477,2025139.8839427023,16
-1171254.54738252,2025139.8839427023,16
-1170791.2346659927,2025139.8839427023,16
-1170327.921949465,2025139.8839427023,16
-1169864.6092329377,2025139.8839427023,16
-1169401.29651641,2025139.8839427023,16
-1168937.9837998827,2025139.8839427023,16
-1168474.671083355,2025139.8839427023,16
-1168011.3583668275,2025139.8839427023,16
-1167548.0456503,2025139.8839427023,16
-1167084.7329337727,2025139.8839427023,16
-1166621.4202172451,2025139.8839427023,16
-1166158.1075007175,2025139.8839427023,16
-1165694.7947841901,2025139.8839427023,16
-1165231.4820676625,2025139.8839427023,16
-1164768.1693511351,2025139.8839427023,16
-1164304.8566346075,2025139.8839427023,16
-1163841.5439180802,2025139.8839427023,16
-1163378.2312015526,2025139.8839427023,16
-1162914.9184850252,2025139.8839427023,16
-1162451.6057684976,2025139.8839427023,16
-1161988.2930519702,2025139.8839427023,16
-1161524.9803354426,2025139.8839427023,16
-1161061.6676189152,2025139.8839427023,16
-1178667.5508469602,2024676.5712261747,16
-1178204.2381304326,2024676.5712261747,16
-1177740.9254139052,2024676.5712261747,16
-1177277.6126973776,2024676.5712261747,16
-1176814.2999808502,2024676.5712261747,16
-1176350.9872643226,2024676.5712261747,16
-1175887.6745477952,2024676.5712261747,16
-1175424.3618312676,2024676.5712261747,16
-1174961.04911474,2024676.5712261747,16
-1174497.7363982126,2024676.5712261747,16
-1174034.4236816852,2024676.5712261747,16
-1173571.1109651576,2024676.5712261747,16
-1173107.79824863,2024676.5712261747,16
-1172644.4855321026,2024676.5712261747,16
-1172181.172815575,2024676.5712261747,16
-1171717.8600990477,2024676.5712261747,16
-1171254.54738252,2024676.5712261747,16
-1170791.2346659927,2024676.5712261747,16
-1170327.921949465,2024676.5712261747,16
-1169864.6092329377,2024676.5712261747,16
-1169401.29651641,2024676.5712261747,16
-1168937.9837998827,2024676.5712261747,16
-1168474.671083355,2024676.5712261747,16
-1168011.3583668275,2024676.5712261747,16
-1167548.0456503,2024676.5712261747,16
-1167084.7329337727,2024676.5712261747,16
-1166621.4202172451,2024676.5712261747,16
-1166158.1075007175,2024676.5712261747,16
-1165694.7947841901,2024676.5712261747,16
-1165231.4820676625,2024676.5712261747,16
-1164768.1693511351,2024676.5712261747,16
-1164304.8566346075,2024676.5712261747,16
-1163841.5439180802,2024676.5712261747,16
-1163378.2312015526,2024676.5712261747,16
-1162914.9184850252,2024676.5712261747,16
-1162451.6057684976,2024676.5712261747,16
-1161988.2930519702,2024676.5712261747,16
-1161524.9803354426,2024676.5712261747,16
-1161061.6676189152,2024676.5712261747,16
-1179130.8635634875,2024213.258509647,16
-1178667.5508469602,2024213.258509647,16
-1178204.2381304326,2024213.258509647,16
-1177740.9254139052,2024213.258509647,16
-1177277.6126973776,2024213.258509647,16
-1176814.2999808502,2024213.258509647,16
-1176350.9872643226,2024213.258509647,16
-1175887.6745477952,2024213.258509647,16
-1175424.3618312676,2024213.258509647,16
-1174961.04911474,2024213.258509647,16
-1174497.7363982126,2024213.258509647,16
-1174034.4236816852,2024213.258509647,16
-1173571.1109651576,2024213.258509647,16
-1173107.79824863,2024213.258509647,16
-1172644.4855321026,2024213.258509647,16
-1172181.172815575,2024213.258509647,16
-1171717.8600990477,2024213.258509647,16
-1171254.54738252,2024213.258509647,16
-1170791.2346659927,2024213.258509647,16
-1170327.921949465,2024213.258509647,16
-1169864.6092329377,2024213.258509647,16
-1169401.29651641,2024213.258509647,16
-1168937.9837998827,2024213.258509647,16
-1168474.671083355,2024213.258509647,16
-1168011.3583668275,2024213.258509647,16
-1167548.0456503,2024213.258509647,16
-1167084.7329337727,2024213.258509647,16
-1166621.4202172451,2024213.258509647,16
-1166158.1075007175,2024213.258509647,16
-1165694.7947841901,2024213.258509647,16
-1165231.4820676625,2024213.258509647,16
-1164768.1693511351,2024213.258509647,16
-1164304.8566346075,2024213.258509647,16
-1163841.5439180802,2024213.258509647,16
-1163378.2312015526,2024213.258509647,16
-1162914.9184850252,2024213.258509647,16
-1162451.6057684976,2024213.258509647,16
-1161988.2930519702,2024213.258509647,16
-1161524.9803354426,2024213.258509647,16
-1161061.6676189152,2024213.258509647,16
-1179594.1762800151,2023749.9457931197,16
-1179130.8635634875,2023749.9457931197,16
-1178667.5508469602,2023749.9457931197,16
-1178204.2381304326,2023749.9457931197,16
-1177740.9254139052,2023749.9457931197,16
-1177277.6126973776,2023749.9457931197,16
-1176814.2999808502,2023749.9457931197,16
-1176350.9872643226,2023749.9457931197,16
-1175887.6745477952,2023749.9457931197,16
-1175424.3618312676,2023749.9457931197,16
-1174961.04911474,2023749.9457931197,16
-1174497.7363982126,2023749.9457931197,16
-1174034.4236816852,2023749.9457931197,16
-1173571.1109651576,2023749.9457931197,16
-1173107.79824863,2023749.9457931197,16
-1172644.4855321026,2023749.9457931197,16
-1172181.172815575,2023749.9457931197,16
-1171717.8600990477,2023749.9457931197,16
-1171254.54738252,2023749.9457931197,16
-1170791.2346659927,2023749.9457931197,16
-1170327.921949465,2023749.9457931197,16
-1169864.6092329377,2023749.9457931197,16
-1169401.29651641,2023749.9457931197,16
-1168937.9837998827,2023749.9457931197,16
-1168474.671083355,2023749.9457931197,16
-1168011.3583668275,2023749.9457931197,16
-1167548.0456503,2023749.9457931197,16
-1167084.7329337727,2023749.9457931197,16
-1166621.4202172451,2023749.9457931197,16
-1166158.1075007175,2023749.9457931197,16
-1165694.7947841901,2023749.9457931197,16
-1165231.4820676625,2023749.9457931197,16
-1164768.1693511351,2023749.9457931197,16
-1164304.8566346075,2023749.9457931197,16
-1163841.5439180802,2023749.9457931197,16
-1163378.2312015526,2023749.9457931197,16
-1162914.9184850252,2023749.9457931197,16
-1162451.6057684976,2023749.9457931197,16
-1161988.2930519702,2023749.9457931197,16
-1161524.9803354426,2023749.9457931197,16
-1161061.6676189152,2023749.9457931197,16
-1180057.4889965425,2023286.633076592,16
-1179594.1762800151,2023286.633076592,16
-1179130.8635634875,2023286.633076592,16
-1178667.5508469602,2023286.633076592,16
-1178204.2381304326,2023286.633076592,16
-1177740.9254139052,2023286.633076592,16
-1177277.6126973776,2023286.633076592,16
-1176814.2999808502,2023286.633076592,16
-1176350.9872643226,2023286.633076592,16
-1175887.6745477952,2023286.633076592,16
-1175424.3618312676,2023286.633076592,16
-1174961.04911474,2023286.633076592,16
-1174497.7363982126,2023286.633076592,16
-1174034.4236816852,2023286.633076592,16
-1173571.1109651576,2023286.633076592,16
-1173107.79824863,2023286.633076592,16
-1172644.4855321026,2023286.633076592,16
-1172181.172815575,2023286.633076592,16
-1171717.8600990477,2023286.633076592,16
-1171254.54738252,2023286.633076592,16
-1170791.2346659927,2023286.633076592,16
-1170327.921949465,2023286.633076592,16
-1169864.6092329377,2023286.633076592,16
-1169401.29651641,2023286.633076592,16
-1168937.9837998827,2023286.633076592,16
-1168474.671083355,2023286.633076592,16
-1168011.3583668275,2023286.633076592,16
-1167548.0456503,2023286.633076592,16
-1167084.7329337727,2023286.633076592,16
-1166621.4202172451,2023286.633076592,16
-1166158.1075007175,2023286.633076592,16
-1165694.7947841901,2023286.633076592,16
-1165231.4820676625,2023286.633076592,16
-1164768.1693511351,2023286.633076592,16
-1164304.8566346075,2023286.633076592,16
-1163841.5439180802,2023286.633076592,16
-1163378.2312015526,2023286.633076592,16
-1162914.9184850252,2023286.633076592,16
-1162451.6057684976,2023286.633076592,16
-1161988.2930519702,2023286.633076592,16
-1161524.9803354426,2023286.633076592,16
-1180057.4889965425,2022823.3203600647,16
-1179594.1762800151,2022823.3203600647,16
-1179130.8635634875,2022823.3203600647,16
-1178667.5508469602,2022823.3203600647,16
-1178204.2381304326,2022823.3203600647,16
-1177740.9254139052,2022823.3203600647,16
-1177277.6126973776,2022823.3203600647,16
-1176814.2999808502,2022823.3203600647,16
-1176350.9872643226,2022823.3203600647,16
-1175887.6745477952,2022823.3203600647,16
-1175424.3618312676,2022823.3203600647,16
-1174961.04911474,2022823.3203600647,16
-1174497.7363982126,2022823.3203600647,16
-1174034.4236816852,2022823.3203600647,16
-1173571.1109651576,2022823.3203600647,16
-1173107.79824863,2022823.3203600647,16
-1172644.4855321026,2022823.3203600647,16
-1172181.172815575,2022823.3203600647,16
-1171717.8600990477,2022823.3203600647,16
-1171254.54738252,2022823.3203600647,16
-1170791.2346659927,2022823.3203600647,16
-1170327.921949465,2022823.3203600647,16
-1169864.6092329377,2022823.3203600647,16
-1169401.29651641,2022823.3203600647,16
-1168937.9837998827,2022823.3203600647,16
-1168474.671083355,2022823.3203600647,16
-1168011.3583668275,2022823.3203600647,16
-1167548.0456503,2022823.3203600647,16
-1167084.7329337727,2022823.3203600647,16
-1166621.4202172451,2022823.3203600647,16
-1166158.1075007175,2022823.3203600647,16
-1165694.7947841901,2022823.3203600647,16
-1165231.4820676625,2022823.3203600647,16
-1164768.1693511351,2022823.3203600647,16
-1164304.8566346075,2022823.3203600647,16
-1163841.5439180802,2022823.3203600647,16
-1163378.2312015526,2022823.3203600647,16
-1162914.9184850252,2022823.3203600647,16
-1162451.6057684976,2022823.3203600647,16
-1161988.2930519702,2022823.3203600647,16
-1161524.9803354426,2022823.3203600647,16
-1180520.8017130701,2022360.0076435371,16
-1180057.4889965425,2022360.0076435371,16
-1179594.1762800151,2022360.0076435371,16
-1179130.8635634875,2022360.0076435371,16
-1178667.5508469602,2022360.0076435371,16
-1178204.2381304326,2022360.0076435371,16
-1177740.9254139052,2022360.0076435371,16
-1177277.6126973776,2022360.0076435371,16
-1176814.2999808502,2022360.0076435371,16
-1176350.9872643226,2022360.0076435371,16
-1175887.6745477952,2022360.0076435371,16
-1175424.3618312676,2022360.0076435371,16
-1174961.04911474,2022360.0076435371,16
-1174497.7363982126,2022360.0076435371,16
-1174034.4236816852,2022360.0076435371,16
-1173571.1109651576,2022360.0076435371,16
-1173107.79824863,2022360.0076435371,16
-1172644.4855321026,2022360.0076435371,16
-1172181.172815575,2022360.0076435371,16
-1171717.8600990477,2022360.0076435371,16
-1171254.54738252,2022360.0076435371,16
-1170791.2346659927,2022360.0076435371,16
-1170327.921949465,2022360.0076435371,16
-1169864.6092329377,2022360.0076435371,16
-1169401.29651641,2022360.0076435371,16
-1168937.9837998827,2022360.0076435371,16
-1168474.671083355,2022360.0076435371,16
-1168011.3583668275,2022360.0076435371,16
-1167548.0456503,2022360.0076435371,16
-1167084.7329337727,2022360.0076435371,16
-1166621.4202172451,2022360.0076435371,16
-1166158.1075007175,2022360.0076435371,16
-1165694.7947841901,2022360.0076435371,16
-1165231.4820676625,2022360.0076435371,16
-1164768.1693511351,2022360.0076435371,16
-1164304.8566346075,2022360.0076435371,16
-1163841.5439180802,2022360.0076435371,16
-1163378.2312015526,2022360.0076435371,16
-1162914.9184850252,2022360.0076435371,16
-1162451.6057684976,2022360.0076435371,16
-1161988.2930519702,2022360.0076435371,16
-1161524.9803354426,2022360.0076435371,16
-1180984.1144295975,2021896.6949270098,16
-1180520.8017130701,2021896.6949270098,16
-1180057.4889965425,2021896.6949270098,16
-1179594.1762800151,2021896.6949270098,16
-1179130.8635634875,2021896.6949270098,16
-1178667.5508469602,2021896.6949270098,16
-1178204.2381304326,2021896.6949270098,16
-1177740.9254139052,2021896.6949270098,16
-1177277.6126973776,2021896.6949270098,16
-1176814.2999808502,2021896.6949270098,16
-1176350.9872643226,2021896.6949270098,16
-1175887.6745477952,2021896.6949270098,16
-1175424.3618312676,2021896.6949270098,16
-1174961.04911474,2021896.6949270098,16
-1174497.7363982126,2021896.6949270098,16
-1174034.4236816852,2021896.6949270098,16
-1173571.1109651576,2021896.6949270098,16
-1173107.79824863,2021896.6949270098,16
-1172644.4855321026,2021896.6949270098,16
-1172181.172815575,2021896.6949270098,16
-1171717.8600990477,2021896.6949270098,16
-1171254.54738252,2021896.6949270098,16
-1170791.2346659927,2021896.6949270098,16
-1170327.921949465,2021896.6949270098,16
-1169864.6092329377,2021896.6949270098,16
-1169401.29651641,2021896.6949270098,16
-1168937.9837998827,2021896.6949270098,16
-1168474.671083355,2021896.6949270098,16
-1168011.3583668275,2021896.6949270098,16
-1167548.0456503,2021896.6949270098,16
-1167084.7329337727,2021896.6949270098,16
-1166621.4202172451,2021896.6949270098,16
-1166158.1075007175,2021896.6949270098,16
-1165694.7947841901,2021896.6949270098,16
-1165231.4820676625,2021896.6949270098,16
-1164768.1693511351,2021896.6949270098,16
-1164304.8566346075,2021896.6949270098,16
-1163841.5439180802,2021896.6949270098,16
-1163378.2312015526,2021896.6949270098,16
-1162914.9184850252,2021896.6949270098,16
-1162451.6057684976,2021896.6949270098,16
-1161988.2930519702,2021896.6949270098,16
-1161524.9803354426,2021896.6949270098,16
-1181447.4271461251,2021433.3822104821,16
-1180984.1144295975,2021433.3822104821,16
-1180520.8017130701,2021433.3822104821,16
-1180057.4889965425,2021433.3822104821,16
-1179594.1762800151,2021433.3822104821,16
-1179130.8635634875,2021433.3822104821,16
-1178667.5508469602,2021433.3822104821,16
-1178204.2381304326,2021433.3822104821,16
-1177740.9254139052,2021433.3822104821,16
-1177277.6126973776,2021433.3822104821,16
-1176814.2999808502,2021433.3822104821,16
-1176350.9872643226,2021433.3822104821,16
-1175887.6745477952,2021433.3822104821,16
-1175424.3618312676,2021433.3822104821,16
-1174961.04911474,2021433.3822104821,16
-1174497.7363982126,2021433.3822104821,16
-1174034.4236816852,2021433.3822104821,16
-1173571.1109651576,2021433.3822104821,16
-1173107.79824863,2021433.3822104821,16
-1172644.4855321026,2021433.3822104821,16
-1172181.172815575,2021433.3822104821,16
-1171717.8600990477,2021433.3822104821,16
-1171254.54738252,2021433.3822104821,16
-1170791.2346659927,2021433.3822104821,16
-1170327.921949465,2021433.3822104821,16
-1169864.6092329377,2021433.3822104821,16
-1169401.29651641,2021433.3822104821,16
-1168937.9837998827,2021433.3822104821,16
-1168474.671083355,2021433.3822104821,16
-1168011.3583668275,2021433.3822104821,16
-1167548.0456503,2021433.3822104821,16
-1167084.7329337727,2021433.3822104821,16
-1166621.4202172451,2021433.3822104821,16
-1166158.1075007175,2021433.3822104821,16
-1165694.7947841901,2021433.3822104821,16
-1165231.4820676625,2021433.3822104821,16
-1164768.1693511351,2021433.3822104821,16
-1164304.8566346075,2021433.3822104821,16
-1163841.5439180802,2021433.3822104821,16
-1163378.2312015526,2021433.3822104821,16
-1162914.9184850252,2021433.3822104821,16
-1162451.6057684976,2021433.3822104821,16
-1161988.2930519702,2021433.3822104821,16
-1181910.7398626525,2020970.0694939548,16
-1181447.4271461251,2020970.0694939548,16
-1180984.1144295975,2020970.0694939548,16
-1180520.8017130701,2020970.0694939548,16
-1180057.4889965425,2020970.0694939548,16
-1179594.1762800151,2020970.0694939548,16
-1179130.8635634875,2020970.0694939548,16
-1178667.5508469602,2020970.0694939548,16
-1178204.2381304326,2020970.0694939548,16
-1177740.9254139052,2020970.0694939548,16
-1177277.6126973776,2020970.0694939548,16
-1176814.2999808502,2020970.0694939548,16
-1176350.9872643226,2020970.0694939548,16
-1175887.6745477952,2020970.0694939548,16
-1175424.3618312676,2020970.0694939548,16
-1174961.04911474,2020970.0694939548,16
-1174497.7363982126,2020970.0694939548,16
-1174034.4236816852,2020970.0694939548,16
-1173571.1109651576,2020970.0694939548,16
-1173107.79824863,2020970.0694939548,16
-1172644.4855321026,2020970.0694939548,16
-1172181.172815575,2020970.0694939548,16
-1171717.8600990477,2020970.0694939548,16
-1171254.54738252,2020970.0694939548,16
-1170791.2346659927,2020970.0694939548,16
-1170327.921949465,2020970.0694939548,16
-1169864.6092329377,2020970.0694939548,16
-1169401.29651641,2020970.0694939548,16
-1168937.9837998827,2020970.0694939548,16
-1168474.671083355,2020970.0694939548,16
-1168011.3583668275,2020970.0694939548,16
-1167548.0456503,2020970.0694939548,16
-1167084.7329337727,2020970.0694939548,16
-1166621.4202172451,2020970.0694939548,16
-1166158.1075007175,2020970.0694939548,16
-1165694.7947841901,2020970.0694939548,16
-1165231.4820676625,2020970.0694939548,16
-1164768.1693511351,2020970.0694939548,16
-1164304.8566346075,2020970.0694939548,16
-1163841.5439180802,2020970.0694939548,16
-1163378.2312015526,2020970.0694939548,16
-1162914.9184850252,2020970.0694939548,16
-1162451.6057684976,2020970.0694939548,16
-1161988.2930519702,2020970.0694939548,16
-1181910.7398626525,2020506.7567774272,16
-1181447.4271461251,2020506.7567774272,16
-1180984.1144295975,2020506.7567774272,16
-1180520.8017130701,2020506.7567774272,16
-1180057.4889965425,2020506.7567774272,16
-1179594.1762800151,2020506.7567774272,16
-1179130.8635634875,2020506.7567774272,16
-1178667.5508469602,2020506.7567774272,16
-1178204.2381304326,2020506.7567774272,16
-1177740.9254139052,2020506.7567774272,16
-1177277.6126973776,2020506.7567774272,16
-1176814.2999808502,2020506.7567774272,16
-1176350.9872643226,2020506.7567774272,16
-1175887.6745477952,2020506.7567774272,16
-1175424.3618312676,2020506.7567774272,16
-1174961.04911474,2020506.7567774272,16
-1174497.7363982126,2020506.7567774272,16
-1174034.4236816852,2020506.7567774272,16
-1173571.1109651576,2020506.7567774272,16
-1173107.79824863,2020506.7567774272,16
-1172644.4855321026,2020506.7567774272,16
-1172181.172815575,2020506.7567774272,16
-1171717.8600990477,2020506.7567774272,16
-1171254.54738252,2020506.7567774272,16
-1170791.2346659927,2020506.7567774272,16
-1170327.921949465,2020506.7567774272,16
-1169864.6092329377,2020506.7567774272,16
-1169401.29651641,2020506.7567774272,16
-1168937.9837998827,2020506.7567774272,16
-1168474.671083355,2020506.7567774272,16
-1168011.3583668275,2020506.7567774272,16
-1167548.0456503,2020506.7567774272,16
-1167084.7329337727,2020506.7567774272,16
-1166621.4202172451,2020506.7567774272,16
-1166158.1075007175,2020506.7567774272,16
-1165694.7947841901,2020506.7567774272,16
-1165231.4820676625,2020506.7567774272,16
-1164768.1693511351,2020506.7567774272,16
-1164304.8566346075,2020506.7567774272,16
-1163841.5439180802,2020506.7567774272,16
-1163378.2312015526,2020506.7567774272,16
-1162914.9184850252,2020506.7567774272,16
-1162451.6057684976,2020506.7567774272,16
-1161988.2930519702,2020506.7567774272,16
-1182374.05257918,2020043.4440608998,16
-1181910.7398626525,2020043.4440608998,16
-1181447.4271461251,2020043.4440608998,16
-1180984.1144295975,2020043.4440608998,16
-1180520.8017130701,2020043.4440608998,16
-1180057.4889965425,2020043.4440608998,16
-1179594.1762800151,2020043.4440608998,16
-1179130.8635634875,2020043.4440608998,16
-1178667.5508469602,2020043.4440608998,16
-1178204.2381304326,2020043.4440608998,16
-1177740.9254139052,2020043.4440608998,16
-1177277.6126973776,2020043.4440608998,16
-1176814.2999808502,2020043.4440608998,16
-1176350.9872643226,2020043.4440608998,16
-1175887.6745477952,2020043.4440608998,16
-1175424.3618312676,2020043.4440608998,16
-1174961.04911474,2020043.4440608998,16
-1174497.7363982126,2020043.4440608998,16
-1174034.4236816852,2020043.4440608998,16
-1173571.1109651576,2020043.4440608998,16
-1173107.79824863,2020043.4440608998,16
-1172644.4855321026,2020043.4440608998,16
-1172181.172815575,2020043.4440608998,16
-1171717.8600990477,2020043.4440608998,16
-1171254.54738252,2020043.4440608998,16
-1170791.2346659927,2020043.4440608998,16
-1170327.921949465,2020043.4440608998,16
-1169864.6092329377,2020043.4440608998,16
-1169401.29651641,2020043.4440608998,16
-1168937.9837998827,2020043.4440608998,16
-1168474.671083355,2020043.4440608998,16
-1168011.3583668275,2020043.4440608998,16
-1167548.0456503,2020043.4440608998,16
-1167084.7329337727,2020043.4440608998,16
-1166621.4202172451,2020043.4440608998,16
-1166158.1075007175,2020043.4440608998,16
-1165694.7947841901,2020043.4440608998,16
-1165231.4820676625,2020043.4440608998,16
-1164768.1693511351,2020043.4440608998,16
-1164304.8566346075,2020043.4440608998,16
-1163841.5439180802,2020043.4440608998,16
-1163378.2312015526,2020043.4440608998,16
-1162914.9184850252,2020043.4440608998,16
-1162451.6057684976,2020043.4440608998,16
-1161988.2930519702,2020043.4440608998,16
-1182837.3652957077,2019580.1313443722,16
-1182374.05257918,2019580.1313443722,16
-1181910.7398626525,2019580.1313443722,16
-1181447.4271461251,2019580.1313443722,16
-1180984.1144295975,2019580.1313443722,16
-1180520.8017130701,2019580.1313443722,16
-1180057.4889965425,2019580.1313443722,16
-1179594.1762800151,2019580.1313443722,16
-1179130.8635634875,2019580.1313443722,16
-1178667.5508469602,2019580.1313443722,16
-1178204.2381304326,2019580.1313443722,16
-1177740.9254139052,2019580.1313443722,16
-1177277.6126973776,2019580.1313443722,16
-1176814.2999808502,2019580.1313443722,16
-1176350.9872643226,2019580.1313443722,16
-1175887.6745477952,2019580.1313443722,16
-1175424.3618312676,2019580.1313443722,16
-1174961.04911474,2019580.1313443722,16
-1174497.7363982126,2019580.1313443722,16
-1174034.4236816852,2019580.1313443722,16
-1173571.1109651576,2019580.1313443722,16
-1173107.79824863,2019580.1313443722,16
-1172644.4855321026,2019580.1313443722,16
-1172181.172815575,2019580.1313443722,16
-1171717.8600990477,2019580.1313443722,16
-1171254.54738252,2019580.1313443722,16
-1170791.2346659927,2019580.1313443722,16
-1170327.921949465,2019580.1313443722,16
-1169864.6092329377,2019580.1313443722,16
-1169401.29651641,2019580.1313443722,16
-1168937.9837998827,2019580.1313443722,16
-1168474.671083355,2019580.1313443722,16
-1168011.3583668275,2019580.1313443722,16
-1167548.0456503,2019580.1313443722,16
-1167084.7329337727,2019580.1313443722,16
-1166621.4202172451,2019580.1313443722,16
-1166158.1075007175,2019580.1313443722,16
-1165694.7947841901,2019580.1313443722,16
-1165231.4820676625,2019580.1313443722,16
-1164768.1693511351,2019580.1313443722,16
-1164304.8566346075,2019580.1313443722,16
-1163841.5439180802,2019580.1313443722,16
-1163378.2312015526,2019580.1313443722,16
-1162914.9184850252,2019580.1313443722,16
-1162451.6057684976,2019580.1313443722,16
-1183300.678012235,2019116.8186278448,16
-1182837.3652957077,2019116.8186278448,16
-1182374.05257918,2019116.8186278448,16
-1181910.7398626525,2019116.8186278448,16
-1181447.4271461251,2019116.8186278448,16
-1180984.1144295975,2019116.8186278448,16
-1179594.1762800151,2019116.8186278448,16
-1179130.8635634875,2019116.8186278448,16
-1178667.5508469602,2019116.8186278448,16
-1178204.2381304326,2019116.8186278448,16
-1177740.9254139052,2019116.8186278448,16
-1177277.6126973776,2019116.8186278448,16
-1176814.2999808502,2019116.8186278448,16
-1176350.9872643226,2019116.8186278448,16
-1175887.6745477952,2019116.8186278448,16
-1175424.3618312676,2019116.8186278448,16
-1174961.04911474,2019116.8186278448,16
-1174497.7363982126,2019116.8186278448,16
-1174034.4236816852,2019116.8186278448,16
-1173571.1109651576,2019116.8186278448,16
-1173107.79824863,2019116.8186278448,16
-1172644.4855321026,2019116.8186278448,16
-1172181.172815575,2019116.8186278448,16
-1171717.8600990477,2019116.8186278448,16
-1171254.54738252,2019116.8186278448,16
-1170791.2346659927,2019116.8186278448,16
-1170327.921949465,2019116.8186278448,16
-1169864.6092329377,2019116.8186278448,16
-1169401.29651641,2019116.8186278448,16
-1168937.9837998827,2019116.8186278448,16
-1168474.671083355,2019116.8186278448,16
-1168011.3583668275,2019116.8186278448,16
-1167548.0456503,2019116.8186278448,16
-1167084.7329337727,2019116.8186278448,16
-1166621.4202172451,2019116.8186278448,16
-1166158.1075007175,2019116.8186278448,16
-1165694.7947841901,2019116.8186278448,16
-1165231.4820676625,2019116.8186278448,16
-1164768.1693511351,2019116.8186278448,16
-1164304.8566346075,2019116.8186278448,16
-1163841.5439180802,2019116.8186278448,16
-1163378.2312015526,2019116.8186278448,16
-1162914.9184850252,2019116.8186278448,16
-1162451.6057684976,2019116.8186278448,16
-1183763.9907287627,2018653.5059113172,16
-1183300.678012235,2018653.5059113172,16
-1182837.3652957077,2018653.5059113172,16
-1182374.05257918,2018653.5059113172,16
-1181910.7398626525,2018653.5059113172,16
-1179594.1762800151,2018653.5059113172,16
-1179130.8635634875,2018653.5059113172,16
-1178667.5508469602,2018653.5059113172,16
-1178204.2381304326,2018653.5059113172,16
-1177740.9254139052,2018653.5059113172,16
-1177277.6126973776,2018653.5059113172,16
-1176814.2999808502,2018653.5059113172,16
-1176350.9872643226,2018653.5059113172,16
-1175887.6745477952,2018653.5059113172,16
-1175424.3618312676,2018653.5059113172,16
-1174961.04911474,2018653.5059113172,16
-1174497.7363982126,2018653.5059113172,16
-1174034.4236816852,2018653.5059113172,16
-1173571.1109651576,2018653.5059113172,16
-1173107.79824863,2018653.5059113172,16
-1172644.4855321026,2018653.5059113172,16
-1172181.172815575,2018653.5059113172,16
-1171717.8600990477,2018653.5059113172,16
-1171254.54738252,2018653.5059113172,16
-1170791.2346659927,2018653.5059113172,16
-1170327.921949465,2018653.5059113172,16
-1169864.6092329377,2018653.5059113172,16
-1169401.29651641,2018653.5059113172,16
-1168937.9837998827,2018653.5059113172,16
-1168474.671083355,2018653.5059113172,16
-1168011.3583668275,2018653.5059113172,16
-1167548.0456503,2018653.5059113172,16
-1167084.7329337727,2018653.5059113172,16
-1166621.4202172451,2018653.5059113172,16
-1166158.1075007175,2018653.5059113172,16
-1165694.7947841901,2018653.5059113172,16
-1165231.4820676625,2018653.5059113172,16
-1164768.1693511351,2018653.5059113172,16
-1164304.8566346075,2018653.5059113172,16
-1163841.5439180802,2018653.5059113172,16
-1163378.2312015526,2018653.5059113172,16
-1162914.9184850252,2018653.5059113172,16
-1162451.6057684976,2018653.5059113172,16
-1183763.9907287627,2018190.1931947898,16
-1183300.678012235,2018190.1931947898,16
-1182837.3652957077,2018190.1931947898,16
-1180057.4889965425,2018190.1931947898,16
-1179594.1762800151,2018190.1931947898,16
-1179130.8635634875,2018190.1931947898,16
-1178667.5508469602,2018190.1931947898,16
-1178204.2381304326,2018190.1931947898,16
-1177740.9254139052,2018190.1931947898,16
-1177277.6126973776,2018190.1931947898,16
-1176814.2999808502,2018190.1931947898,16
-1176350.9872643226,2018190.1931947898,16
-1175887.6745477952,2018190.1931947898,16
-1175424.3618312676,2018190.1931947898,16
-1174961.04911474,2018190.1931947898,16
-1174497.7363982126,2018190.1931947898,16
-1174034.4236816852,2018190.1931947898,16
-1173571.1109651576,2018190.1931947898,16
-1173107.79824863,2018190.1931947898,16
-1172644.4855321026,2018190.1931947898,16
-1172181.172815575,2018190.1931947898,16
-1171717.8600990477,2018190.1931947898,16
-1171254.54738252,2018190.1931947898,16
-1170791.2346659927,2018190.1931947898,16
-1170327.921949465,2018190.1931947898,16
-1169864.6092329377,2018190.1931947898,16
-1169401.29651641,2018190.1931947898,16
-1168937.9837998827,2018190.1931947898,16
-1168474.671083355,2018190.1931947898,16
-1168011.3583668275,2018190.1931947898,16
-1167548.0456503,2018190.1931947898,16
-1167084.7329337727,2018190.1931947898,16
-1166621.4202172451,2018190.1931947898,16
-1166158.1075007175,2018190.1931947898,16
-1165694.7947841901,2018190.1931947898,16
-1165231.4820676625,2018190.1931947898,16
-1164768.1693511351,2018190.1931947898,16
-1164304.8566346075,2018190.1931947898,16
-1163841.5439180802,2018190.1931947898,16
-1163378.2312015526,2018190.1931947898,16
-1162914.9184850252,2018190.1931947898,16
-1162451.6057684976,2018190.1931947898,16
-1180520.8017130701,2017726.8804782622,16
-1180057.4889965425,2017726.8804782622,16
-1179594.1762800151,2017726.8804782622,16
-1179130.8635634875,2017726.8804782622,16
-1178667.5508469602,2017726.8804782622,16
-1178204.2381304326,2017726.8804782622,16
-1177740.9254139052,2017726.8804782622,16
-1177277.6126973776,2017726.8804782622,16
-1176814.2999808502,2017726.8804782622,16
-1176350.9872643226,2017726.8804782622,16
-1175887.6745477952,2017726.8804782622,16
-1175424.3618312676,2017726.8804782622,16
-1174961.04911474,2017726.8804782622,16
-1174497.7363982126,2017726.8804782622,16
-1174034.4236816852,2017726.8804782622,16
-1173571.1109651576,2017726.8804782622,16
-1173107.79824863,2017726.8804782622,16
-1172644.4855321026,2017726.8804782622,16
-1172181.172815575,2017726.8804782622,16
-1171717.8600990477,2017726.8804782622,16
-1171254.54738252,2017726.8804782622,16
-1170791.2346659927,2017726.8804782622,16
-1170327.921949465,2017726.8804782622,16
-1169864.6092329377,2017726.8804782622,16
-1169401.29651641,2017726.8804782622,16
-1168937.9837998827,2017726.8804782622,16
-1168474.671083355,2017726.8804782622,16
-1168011.3583668275,2017726.8804782622,16
-1167548.0456503,2017726.8804782622,16
-1167084.7329337727,2017726.8804782622,16
-1166621.4202172451,2017726.8804782622,16
-1166158.1075007175,2017726.8804782622,16
-1165694.7947841901,2017726.8804782622,16
-1165231.4820676625,2017726.8804782622,16
-1164768.1693511351,2017726.8804782622,16
-1164304.8566346075,2017726.8804782622,16
-1163841.5439180802,2017726.8804782622,16
-1163378.2312015526,2017726.8804782622,16
-1162914.9184850252,2017726.8804782622,16
-1180984.1144295975,2017263.5677617346,16
-1180520.8017130701,2017263.5677617346,16
-1180057.4889965425,2017263.5677617346,16
-1179594.1762800151,2017263.5677617346,16
-1179130.8635634875,2017263.5677617346,16
-1178667.5508469602,2017263.5677617346,16
-1178204.2381304326,2017263.5677617346,16
-1177740.9254139052,2017263.5677617346,16
-1177277.6126973776,2017263.5677617346,16
-1176814.2999808502,2017263.5677617346,16
-1176350.9872643226,2017263.5677617346,16
-1175887.6745477952,2017263.5677617346,16
-1175424.3618312676,2017263.5677617346,16
-1174961.04911474,2017263.5677617346,16
-1174497.7363982126,2017263.5677617346,16
-1174034.4236816852,2017263.5677617346,16
-1173571.1109651576,2017263.5677617346,16
-1173107.79824863,2017263.5677617346,16
-1172644.4855321026,2017263.5677617346,16
-1172181.172815575,2017263.5677617346,16
-1171717.8600990477,2017263.5677617346,16
-1171254.54738252,2017263.5677617346,16
-1170791.2346659927,2017263.5677617346,16
-1170327.921949465,2017263.5677617346,16
-1169864.6092329377,2017263.5677617346,16
-1169401.29651641,2017263.5677617346,16
-1168937.9837998827,2017263.5677617346,16
-1168474.671083355,2017263.5677617346,16
-1168011.3583668275,2017263.5677617346,16
-1167548.0456503,2017263.5677617346,16
-1167084.7329337727,2017263.5677617346,16
-1166621.4202172451,2017263.5677617346,16
-1166158.1075007175,2017263.5677617346,16
-1165694.7947841901,2017263.5677617346,16
-1165231.4820676625,2017263.5677617346,16
-1164768.1693511351,2017263.5677617346,16
-1164304.8566346075,2017263.5677617346,16
-1163841.5439180802,2017263.5677617346,16
-1163378.2312015526,2017263.5677617346,16
-1162914.9184850252,2017263.5677617346,16
-1181447.4271461251,2016800.2550452072,16
-1180984.1144295975,2016800.2550452072,16
-1180520.8017130701,2016800.2550452072,16
-1180057.4889965425,2016800.2550452072,16
-1179594.1762800151,2016800.2550452072,16
-1179130.8635634875,2016800.2550452072,16
-1178667.5508469602,2016800.2550452072,16
-1178204.2381304326,2016800.2550452072,16
-1177740.9254139052,2016800.2550452072,16
-1177277.6126973776,2016800.2550452072,16
-1176814.2999808502,2016800.2550452072,16
-1176350.9872643226,2016800.2550452072,16
-1175887.6745477952,2016800.2550452072,16
-1175424.3618312676,2016800.2550452072,16
-1174961.04911474,2016800.2550452072,16
-1174497.7363982126,2016800.2550452072,16
-1174034.4236816852,2016800.2550452072,16
-1173571.1109651576,2016800.2550452072,16
-1173107.79824863,2016800.2550452072,16
-1172644.4855321026,2016800.2550452072,16
-1172181.172815575,2016800.2550452072,16
-1171717.8600990477,2016800.2550452072,16
-1171254.54738252,2016800.2550452072,16
-1170791.2346659927,2016800.2550452072,16
-1170327.921949465,2016800.2550452072,16
-1169864.6092329377,2016800.2550452072,16
-1169401.29651641,2016800.2550452072,16
-1168937.9837998827,2016800.2550452072,16
-1168474.671083355,2016800.2550452072,16
-1168011.3583668275,2016800.2550452072,16
-1167548.0456503,2016800.2550452072,16
-1167084.7329337727,2016800.2550452072,16
-1166621.4202172451,2016800.2550452072,16
-1166158.1075007175,2016800.2550452072,16
-1165694.7947841901,2016800.2550452072,16
-1165231.4820676625,2016800.2550452072,16
-1164768.1693511351,2016800.2550452072,16
-1164304.8566346075,2016800.2550452072,16
-1163841.5439180802,2016800.2550452072,16
-1163378.2312015526,2016800.2550452072,16
-1162914.9184850252,2016800.2550452072,16
-1181910.7398626525,2016336.9423286796,16
-1181447.4271461251,2016336.9423286796,16
-1180984.1144295975,2016336.9423286796,16
-1180520.8017130701,2016336.9423286796,16
-1180057.4889965425,2016336.9423286796,16
-1179594.1762800151,2016336.9423286796,16
-1179130.8635634875,2016336.9423286796,16
-1178667.5508469602,2016336.9423286796,16
-1178204.2381304326,2016336.9423286796,16
-1177740.9254139052,2016336.9423286796,16
-1177277.6126973776,2016336.9423286796,16
-1176814.2999808502,2016336.9423286796,16
-1176350.9872643226,2016336.9423286796,16
-1175887.6745477952,2016336.9423286796,16
-1175424.3618312676,2016336.9423286796,16
-1174961.04911474,2016336.9423286796,16
-1174497.7363982126,2016336.9423286796,16
-1174034.4236816852,2016336.9423286796,16
-1173571.1109651576,2016336.9423286796,16
-1173107.79824863,2016336.9423286796,16
-1172644.4855321026,2016336.9423286796,16
-1172181.172815575,2016336.9423286796,16
-1171717.8600990477,2016336.9423286796,16
-1171254.54738252,2016336.9423286796,16
-1170791.2346659927,2016336.9423286796,16
-1170327.921949465,2016336.9423286796,16
-1169864.6092329377,2016336.9423286796,16
-1169401.29651641,2016336.9423286796,16
-1168937.9837998827,2016336.9423286796,16
-1168474.671083355,2016336.9423286796,16
-1168011.3583668275,2016336.9423286796,16
-1167548.0456503,2016336.9423286796,16
-1167084.7329337727,2016336.9423286796,16
-1166621.4202172451,2016336.9423286796,16
-1166158.1075007175,2016336.9423286796,16
-1165694.7947841901,2016336.9423286796,16
-1165231.4820676625,2016336.9423286796,16
-1164768.1693511351,2016336.9423286796,16
-1164304.8566346075,2016336.9423286796,16
-1163841.5439180802,2016336.9423286796,16
-1163378.2312015526,2016336.9423286796,16
-1162914.9184850252,2016336.9423286796,16
-1182837.3652957077,2015873.6296121522,16
-1182374.05257918,2015873.6296121522,16
-1181910.7398626525,2015873.6296121522,16
-1181447.4271461251,2015873.6296121522,16
-1180984.1144295975,2015873.6296121522,16
-1180520.8017130701,2015873.6296121522,16
-1180057.4889965425,2015873.6296121522,16
-1179594.1762800151,2015873.6296121522,16
-1179130.8635634875,2015873.6296121522,16
-1178667.5508469602,2015873.6296121522,16
-1178204.2381304326,2015873.6296121522,16
-1177740.9254139052,2015873.6296121522,16
-1177277.6126973776,2015873.6296121522,16
-1176814.2999808502,2015873.6296121522,16
-1176350.9872643226,2015873.6296121522,16
-1175887.6745477952,2015873.6296121522,16
-1175424.3618312676,2015873.6296121522,16
-1174961.04911474,2015873.6296121522,16
-1174497.7363982126,2015873.6296121522,16
-1174034.4236816852,2015873.6296121522,16
-1173571.1109651576,2015873.6296121522,16
-1173107.79824863,2015873.6296121522,16
-1172644.4855321026,2015873.6296121522,16
-1172181.172815575,2015873.6296121522,16
-1171717.8600990477,2015873.6296121522,16
-1171254.54738252,2015873.6296121522,16
-1170791.2346659927,2015873.6296121522,16
-1170327.921949465,2015873.6296121522,16
-1169864.6092329377,2015873.6296121522,16
-1169401.29651641,2015873.6296121522,16
-1168937.9837998827,2015873.6296121522,16
-1168474.671083355,2015873.6296121522,16
-1168011.3583668275,2015873.6296121522,16
-1167548.0456503,2015873.6296121522,16
-1167084.7329337727,2015873.6296121522,16
-1166621.4202172451,2015873.6296121522,16
-1166158.1075007175,2015873.6296121522,16
-1165694.7947841901,2015873.6296121522,16
-1165231.4820676625,2015873.6296121522,16
-1164768.1693511351,2015873.6296121522,16
-1164304.8566346075,2015873.6296121522,16
-1163841.5439180802,2015873.6296121522,16
-1163378.2312015526,2015873.6296121522,16
-1183300.678012235,2015410.3168956246,16
-1182837.3652957077,2015410.3168956246,16
-1182374.05257918,2015410.3168956246,16
-1181910.7398626525,2015410.3168956246,16
-1181447.4271461251,2015410.3168956246,16
-1180984.1144295975,2015410.3168956246,16
-1180520.8017130701,2015410.3168956246,16
-1180057.4889965425,2015410.3168956246,16
-1179594.1762800151,2015410.3168956246,16
-1179130.8635634875,2015410.3168956246,16
-1178667.5508469602,2015410.3168956246,16
-1178204.2381304326,2015410.3168956246,16
-1177740.9254139052,2015410.3168956246,16
-1177277.6126973776,2015410.3168956246,16
-1176814.2999808502,2015410.3168956246,16
-1176350.9872643226,2015410.3168956246,16
-1175887.6745477952,2015410.3168956246,16
-1175424.3618312676,2015410.3168956246,16
-1174961.04911474,2015410.3168956246,16
-1174497.7363982126,2015410.3168956246,16
-1174034.4236816852,2015410.3168956246,16
-1173571.1109651576,2015410.3168956246,16
-1173107.79824863,2015410.3168956246,16
-1172644.4855321026,2015410.3168956246,16
-1172181.172815575,2015410.3168956246,16
-1171717.8600990477,2015410.3168956246,16
-1171254.54738252,2015410.3168956246,16
-1170791.2346659927,2015410.3168956246,16
-1170327.921949465,2015410.3168956246,16
-1169864.6092329377,2015410.3168956246,16
-1169401.29651641,2015410.3168956246,16
-1168937.9837998827,2015410.3168956246,16
-1168474.671083355,2015410.3168956246,16
-1168011.3583668275,2015410.3168956246,16
-1167548.0456503,2015410.3168956246,16
-1167084.7329337727,2015410.3168956246,16
-1166621.4202172451,2015410.3168956246,16
-1166158.1075007175,2015410.3168956246,16
-1165694.7947841901,2015410.3168956246,16
-1165231.4820676625,2015410.3168956246,16
-1164768.1693511351,2015410.3168956246,16
-1164304.8566346075,2015410.3168956246,16
-1163841.5439180802,2015410.3168956246,16
-1163378.2312015526,2015410.3168956246,16
-1183763.9907287627,2014947.0041790972,16
-1183300.678012235,2014947.0041790972,16
-1182837.3652957077,2014947.0041790972,16
-1182374.05257918,2014947.0041790972,16
-1181910.7398626525,2014947.0041790972,16
-1181447.4271461251,2014947.0041790972,16
-1180984.1144295975,2014947.0041790972,16
-1180520.8017130701,2014947.0041790972,16
-1180057.4889965425,2014947.0041790972,16
-1179594.1762800151,2014947.0041790972,16
-1179130.8635634875,2014947.0041790972,16
-1178667.5508469602,2014947.0041790972,16
-1178204.2381304326,2014947.0041790972,16
-1177740.9254139052,2014947.0041790972,16
-1177277.6126973776,2014947.0041790972,16
-1176814.2999808502,2014947.0041790972,16
-1176350.9872643226,2014947.0041790972,16
-1175887.6745477952,2014947.0041790972,16
-1175424.3618312676,2014947.0041790972,16
-1174961.04911474,2014947.0041790972,16
-1174497.7363982126,2014947.0041790972,16
-1174034.4236816852,2014947.0041790972,16
-1173571.1109651576,2014947.0041790972,16
-1173107.79824863,2014947.0041790972,16
-1172644.4855321026,2014947.0041790972,16
-1172181.172815575,2014947.0041790972,16
-1171717.8600990477,2014947.0041790972,16
-1171254.54738252,2014947.0041790972,16
-1170791.2346659927,2014947.0041790972,16
-1170327.921949465,2014947.0041790972,16
-1169864.6092329377,2014947.0041790972,16
-1169401.29651641,2014947.0041790972,16
-1168937.9837998827,2014947.0041790972,16
-1168474.671083355,2014947.0041790972,16
-1168011.3583668275,2014947.0041790972,16
-1167548.0456503,2014947.0041790972,16
-1167084.7329337727,2014947.0041790972,16
-1166621.4202172451,2014947.0041790972,16
-1166158.1075007175,2014947.0041790972,16
-1165694.7947841901,2014947.0041790972,16
-1165231.4820676625,2014947.0041790972,16
-1164768.1693511351,2014947.0041790972,16
-1164304.8566346075,2014947.0041790972,16
-1163841.5439180802,2014947.0041790972,16
-1163378.2312015526,2014947.0041790972,16
-1183763.9907287627,2014483.6914625696,16
-1183300.678012235,2014483.6914625696,16
-1182837.3652957077,2014483.6914625696,16
-1182374.05257918,2014483.6914625696,16
-1181910.7398626525,2014483.6914625696,16
-1181447.4271461251,2014483.6914625696,16
-1180984.1144295975,2014483.6914625696,16
-1180520.8017130701,2014483.6914625696,16
-1180057.4889965425,2014483.6914625696,16
-1179594.1762800151,2014483.6914625696,16
-1179130.8635634875,2014483.6914625696,16
-1178667.5508469602,2014483.6914625696,16
-1178204.2381304326,2014483.6914625696,16
-1177740.9254139052,2014483.6914625696,16
-1177277.6126973776,2014483.6914625696,16
-1176814.2999808502,2014483.6914625696,16
-1176350.9872643226,2014483.6914625696,16
-1175887.6745477952,2014483.6914625696,16
-1175424.3618312676,2014483.6914625696,16
-1174961.04911474,2014483.6914625696,16
-1174497.7363982126,2014483.6914625696,16
-1174034.4236816852,2014483.6914625696,16
-1173571.1109651576,2014483.6914625696,16
-1173107.79824863,2014483.6914625696,16
-1172644.4855321026,2014483.6914625696,16
-1172181.172815575,2014483.6914625696,16
-1171717.8600990477,2014483.6914625696,16
-1171254.54738252,2014483.6914625696,16
-1170791.2346659927,2014483.6914625696,16
-1170327.921949465,2014483.6914625696,16
-1169864.6092329377,2014483.6914625696,16
-1169401.29651641,2014483.6914625696,16
-1168937.9837998827,2014483.6914625696,16
-1168474.671083355,2014483.6914625696,16
-1168011.3583668275,2014483.6914625696,16
-1167548.0456503,2014483.6914625696,16
-1167084.7329337727,2014483.6914625696,16
-1166621.4202172451,2014483.6914625696,16
-1166158.1075007175,2014483.6914625696,16
-1165694.7947841901,2014483.6914625696,16
-1165231.4820676625,2014483.6914625696,16
-1164768.1693511351,2014483.6914625696,16
-1164304.8566346075,2014483.6914625696,16
-1163841.5439180802,2014483.6914625696,16
-1163378.2312015526,2014483.6914625696,16
-1183763.9907287627,2014020.3787460423,16
-1183300.678012235,2014020.3787460423,16
-1182837.3652957077,2014020.3787460423,16
-1182374.05257918,2014020.3787460423,16
-1181910.7398626525,2014020.3787460423,16
-1181447.4271461251,2014020.3787460423,16
-1180984.1144295975,2014020.3787460423,16
-1180520.8017130701,2014020.3787460423,16
-1180057.4889965425,2014020.3787460423,16
-1179594.1762800151,2014020.3787460423,16
-1179130.8635634875,2014020.3787460423,16
-1178667.5508469602,2014020.3787460423,16
-1178204.2381304326,2014020.3787460423,16
-1177740.9254139052,2014020.3787460423,16
-1177277.6126973776,2014020.3787460423,16
-1176814.2999808502,2014020.3787460423,16
-1176350.9872643226,2014020.3787460423,16
-1175887.6745477952,2014020.3787460423,16
-1175424.3618312676,2014020.3787460423,16
-1174961.04911474,2014020.3787460423,16
-1174497.7363982126,2014020.3787460423,16
-1174034.4236816852,2014020.3787460423,16
-1173571.1109651576,2014020.3787460423,16
-1173107.79824863,2014020.3787460423,16
-1172644.4855321026,2014020.3787460423,16
-1172181.172815575,2014020.3787460423,16
-1171717.8600990477,2014020.3787460423,16
-1171254.54738252,2014020.3787460423,16
-1170791.2346659927,2014020.3787460423,16
-1170327.921949465,2014020.3787460423,16
-1169864.6092329377,2014020.3787460423,16
-1169401.29651641,2014020.3787460423,16
-1168937.9837998827,2014020.3787460423,16
-1168474.671083355,2014020.3787460423,16
-1168011.3583668275,2014020.3787460423,16
-1167548.0456503,2014020.3787460423,16
-1167084.7329337727,2014020.3787460423,16
-1166621.4202172451,2014020.3787460423,16
-1166158.1075007175,2014020.3787460423,16
-1165694.7947841901,2014020.3787460423,16
-1165231.4820676625,2014020.3787460423,16
-1164768.1693511351,2014020.3787460423,16
-1164304.8566346075,2014020.3787460423,16
-1163841.5439180802,2014020.3787460423,16
-1183300.678012235,2013557.0660295147,16
-1182837.3652957077,2013557.0660295147,16
-1182374.05257918,2013557.0660295147,16
-1181910.7398626525,2013557.0660295147,16
-1181447.4271461251,2013557.0660295147,16
-1180984.1144295975,2013557.0660295147,16
-1180520.8017130701,2013557.0660295147,16
-1180057.4889965425,2013557.0660295147,16
-1179594.1762800151,2013557.0660295147,16
-1179130.8635634875,2013557.0660295147,16
-1178667.5508469602,2013557.0660295147,16
-1178204.2381304326,2013557.0660295147,16
-1177740.9254139052,2013557.0660295147,16
-1177277.6126973776,2013557.0660295147,16
-1176814.2999808502,2013557.0660295147,16
-1176350.9872643226,2013557.0660295147,16
-1175887.6745477952,2013557.0660295147,16
-1175424.3618312676,2013557.0660295147,16
-1174961.04911474,2013557.0660295147,16
-1174497.7363982126,2013557.0660295147,16
-1174034.4236816852,2013557.0660295147,16
-1173571.1109651576,2013557.0660295147,16
-1173107.79824863,2013557.0660295147,16
-1172644.4855321026,2013557.0660295147,16
-1172181.172815575,2013557.0660295147,16
-1171717.8600990477,2013557.0660295147,16
-1171254.54738252,2013557.0660295147,16
-1170791.2346659927,2013557.0660295147,16
-1170327.921949465,2013557.0660295147,16
-1169864.6092329377,2013557.0660295147,16
-1169401.29651641,2013557.0660295147,16
-1168937.9837998827,2013557.0660295147,16
-1168474.671083355,2013557.0660295147,16
-1168011.3583668275,2013557.0660295147,16
-1167548.0456503,2013557.0660295147,16
-1167084.7329337727,2013557.0660295147,16
-1166621.4202172451,2013557.0660295147,16
-1166158.1075007175,2013557.0660295147,16
-1165694.7947841901,2013557.0660295147,16
-1165231.4820676625,2013557.0660295147,16
-1164768.1693511351,2013557.0660295147,16
-1164304.8566346075,2013557.0660295147,16
-1163841.5439180802,2013557.0660295147,16
-1183300.678012235,2013093.7533129873,16
-1182837.3652957077,2013093.7533129873,16
-1182374.05257918,2013093.7533129873,16
-1181910.7398626525,2013093.7533129873,16
-1181447.4271461251,2013093.7533129873,16
-1180984.1144295975,2013093.7533129873,16
-1180520.8017130701,2013093.7533129873,16
-1180057.4889965425,2013093.7533129873,16
-1179594.1762800151,2013093.7533129873,16
-1179130.8635634875,2013093.7533129873,16
-1178667.5508469602,2013093.7533129873,16
-1178204.2381304326,2013093.7533129873,16
-1177740.9254139052,2013093.7533129873,16
-1177277.6126973776,2013093.7533129873,16
-1176814.2999808502,2013093.7533129873,16
-1176350.9872643226,2013093.7533129873,16
-1175887.6745477952,2013093.7533129873,16
-1175424.3618312676,2013093.7533129873,16
-1174961.04911474,2013093.7533129873,16
-1174497.7363982126,2013093.7533129873,16
-1174034.4236816852,2013093.7533129873,16
-1173571.1109651576,2013093.7533129873,16
-1173107.79824863,2013093.7533129873,16
-1172644.4855321026,2013093.7533129873,16
-1172181.172815575,2013093.7533129873,16
-1171717.8600990477,2013093.7533129873,16
-1171254.54738252,2013093.7533129873,16
-1170791.2346659927,2013093.7533129873,16
-1170327.921949465,2013093.7533129873,16
-1169864.6092329377,2013093.7533129873,16
-1169401.29651641,2013093.7533129873,16
-1168937.9837998827,2013093.7533129873,16
-1168474.671083355,2013093.7533129873,16
-1168011.3583668275,2013093.7533129873,16
-1167548.0456503,2013093.7533129873,16
-1167084.7329337727,2013093.7533129873,16
-1166621.4202172451,2013093.7533129873,16
-1166158.1075007175,2013093.7533129873,16
-1165694.7947841901,2013093.7533129873,16
-1165231.4820676625,2013093.7533129873,16
-1164768.1693511351,2013093.7533129873,16
-1164304.8566346075,2013093.7533129873,16
-1163841.5439180802,2013093.7533129873,16
-1190250.3687601476,2012630.4405964597,16
-1189787.0560436202,2012630.4405964597,16
-1189323.7433270926,2012630.4405964597,16
-1183300.678012235,2012630.4405964597,16
-1182837.3652957077,2012630.4405964597,16
-1182374.05257918,2012630.4405964597,16
-1181910.7398626525,2012630.4405964597,16
-1181447.4271461251,2012630.4405964597,16
-1180984.1144295975,2012630.4405964597,16
-1180520.8017130701,2012630.4405964597,16
-1180057.4889965425,2012630.4405964597,16
-1179594.1762800151,2012630.4405964597,16
-1179130.8635634875,2012630.4405964597,16
-1178667.5508469602,2012630.4405964597,16
-1178204.2381304326,2012630.4405964597,16
-1177740.9254139052,2012630.4405964597,16
-1177277.6126973776,2012630.4405964597,16
-1176814.2999808502,2012630.4405964597,16
-1176350.9872643226,2012630.4405964597,16
-1175887.6745477952,2012630.4405964597,16
-1175424.3618312676,2012630.4405964597,16
-1174961.04911474,2012630.4405964597,16
-1174497.7363982126,2012630.4405964597,16
-1174034.4236816852,2012630.4405964597,16
-1173571.1109651576,2012630.4405964597,16
-1173107.79824863,2012630.4405964597,16
-1172644.4855321026,2012630.4405964597,16
-1172181.172815575,2012630.4405964597,16
-1171717.8600990477,2012630.4405964597,16
-1171254.54738252,2012630.4405964597,16
-1170791.2346659927,2012630.4405964597,16
-1170327.921949465,2012630.4405964597,16
-1169864.6092329377,2012630.4405964597,16
-1169401.29651641,2012630.4405964597,16
-1168937.9837998827,2012630.4405964597,16
-1168474.671083355,2012630.4405964597,16
-1168011.3583668275,2012630.4405964597,16
-1167548.0456503,2012630.4405964597,16
-1167084.7329337727,2012630.4405964597,16
-1166621.4202172451,2012630.4405964597,16
-1166158.1075007175,2012630.4405964597,16
-1165694.7947841901,2012630.4405964597,16
-1165231.4820676625,2012630.4405964597,16
-1164768.1693511351,2012630.4405964597,16
-1164304.8566346075,2012630.4405964597,16
-1163841.5439180802,2012630.4405964597,16
-1191176.9941932026,2012167.1278799323,16
-1190713.6814766752,2012167.1278799323,16
-1190250.3687601476,2012167.1278799323,16
-1189787.0560436202,2012167.1278799323,16
-1189323.7433270926,2012167.1278799323,16
-1188860.430610565,2012167.1278799323,16
-1188397.1178940376,2012167.1278799323,16
-1187933.80517751,2012167.1278799323,16
-1187470.4924609826,2012167.1278799323,16
-1187007.179744455,2012167.1278799323,16
-1186543.8670279277,2012167.1278799323,16
-1186080.5543114,2012167.1278799323,16
-1185617.2415948727,2012167.1278799323,16
-1185153.928878345,2012167.1278799323,16
-1183300.678012235,2012167.1278799323,16
-1182837.3652957077,2012167.1278799323,16
-1182374.05257918,2012167.1278799323,16
-1181910.7398626525,2012167.1278799323,16
-1181447.4271461251,2012167.1278799323,16
-1180984.1144295975,2012167.1278799323,16
-1180520.8017130701,2012167.1278799323,16
-1180057.4889965425,2012167.1278799323,16
-1179594.1762800151,2012167.1278799323,16
-1179130.8635634875,2012167.1278799323,16
-1178667.5508469602,2012167.1278799323,16
-1178204.2381304326,2012167.1278799323,16
-1177740.9254139052,2012167.1278799323,16
-1177277.6126973776,2012167.1278799323,16
-1176814.2999808502,2012167.1278799323,16
-1176350.9872643226,2012167.1278799323,16
-1175887.6745477952,2012167.1278799323,16
-1175424.3618312676,2012167.1278799323,16
-1174961.04911474,2012167.1278799323,16
-1174497.7363982126,2012167.1278799323,16
-1174034.4236816852,2012167.1278799323,16
-1173571.1109651576,2012167.1278799323,16
-1173107.79824863,2012167.1278799323,16
-1172644.4855321026,2012167.1278799323,16
-1172181.172815575,2012167.1278799323,16
-1171717.8600990477,2012167.1278799323,16
-1171254.54738252,2012167.1278799323,16
-1170791.2346659927,2012167.1278799323,16
-1170327.921949465,2012167.1278799323,16
-1169864.6092329377,2012167.1278799323,16
-1169401.29651641,2012167.1278799323,16
-1168937.9837998827,2012167.1278799323,16
-1168474.671083355,2012167.1278799323,16
-1168011.3583668275,2012167.1278799323,16
-1167548.0456503,2012167.1278799323,16
-1167084.7329337727,2012167.1278799323,16
-1166621.4202172451,2012167.1278799323,16
-1166158.1075007175,2012167.1278799323,16
-1165694.7947841901,2012167.1278799323,16
-1165231.4820676625,2012167.1278799323,16
-1164768.1693511351,2012167.1278799323,16
-1164304.8566346075,2012167.1278799323,16
-1163841.5439180802,2012167.1278799323,16
-1191640.3069097302,2011703.8151634047,16
-1191176.9941932026,2011703.8151634047,16
-1190713.6814766752,2011703.8151634047,16
-1190250.3687601476,2011703.8151634047,16
-1189787.0560436202,2011703.8151634047,16
-1189323.7433270926,2011703.8151634047,16
-1188860.430610565,2011703.8151634047,16
-1188397.1178940376,2011703.8151634047,16
-1187933.80517751,2011703.8151634047,16
-1187470.4924609826,2011703.8151634047,16
-1187007.179744455,2011703.8151634047,16
-1186543.8670279277,2011703.8151634047,16
-1186080.5543114,2011703.8151634047,16
-1185617.2415948727,2011703.8151634047,16
-1185153.928878345,2011703.8151634047,16
-1184690.6161618177,2011703.8151634047,16
-1183300.678012235,2011703.8151634047,16
-1182837.3652957077,2011703.8151634047,16
-1182374.05257918,2011703.8151634047,16
-1181910.7398626525,2011703.8151634047,16
-1181447.4271461251,2011703.8151634047,16
-1180984.1144295975,2011703.8151634047,16
-1180520.8017130701,2011703.8151634047,16
-1180057.4889965425,2011703.8151634047,16
-1179594.1762800151,2011703.8151634047,16
-1179130.8635634875,2011703.8151634047,16
-1178667.5508469602,2011703.8151634047,16
-1178204.2381304326,2011703.8151634047,16
-1177740.9254139052,2011703.8151634047,16
-1177277.6126973776,2011703.8151634047,16
-1176814.2999808502,2011703.8151634047,16
-1176350.9872643226,2011703.8151634047,16
-1175887.6745477952,2011703.8151634047,16
-1175424.3618312676,2011703.8151634047,16
-1174961.04911474,2011703.8151634047,16
-1174497.7363982126,2011703.8151634047,16
-1174034.4236816852,2011703.8151634047,16
-1173571.1109651576,2011703.8151634047,16
-1173107.79824863,2011703.8151634047,16
-1172644.4855321026,2011703.8151634047,16
-1172181.172815575,2011703.8151634047,16
-1171717.8600990477,2011703.8151634047,16
-1171254.54738252,2011703.8151634047,16
-1170791.2346659927,2011703.8151634047,16
-1170327.921949465,2011703.8151634047,16
-1169864.6092329377,2011703.8151634047,16
-1169401.29651641,2011703.8151634047,16
-1168937.9837998827,2011703.8151634047,16
-1168474.671083355,2011703.8151634047,16
-1168011.3583668275,2011703.8151634047,16
-1167548.0456503,2011703.8151634047,16
-1167084.7329337727,2011703.8151634047,16
-1166621.4202172451,2011703.8151634047,16
-1166158.1075007175,2011703.8151634047,16
-1165694.7947841901,2011703.8151634047,16
-1165231.4820676625,2011703.8151634047,16
-1164768.1693511351,2011703.8151634047,16
-1164304.8566346075,2011703.8151634047,16
-1206003.0011220826,2011240.5024468773,16
-1192103.6196262576,2011240.5024468773,16
-1191640.3069097302,2011240.5024468773,16
-1191176.9941932026,2011240.5024468773,16
-1190713.6814766752,2011240.5024468773,16
-1190250.3687601476,2011240.5024468773,16
-1189787.0560436202,2011240.5024468773,16
-1189323.7433270926,2011240.5024468773,16
-1188860.430610565,2011240.5024468773,16
-1188397.1178940376,2011240.5024468773,16
-1187933.80517751,2011240.5024468773,16
-1187470.4924609826,2011240.5024468773,16
-1187007.179744455,2011240.5024468773,16
-1186543.8670279277,2011240.5024468773,16
-1186080.5543114,2011240.5024468773,16
-1185617.2415948727,2011240.5024468773,16
-1185153.928878345,2011240.5024468773,16
-1184690.6161618177,2011240.5024468773,16
-1183763.9907287627,2011240.5024468773,16
-1183300.678012235,2011240.5024468773,16
-1182837.3652957077,2011240.5024468773,16
-1182374.05257918,2011240.5024468773,16
-1181910.7398626525,2011240.5024468773,16
-1181447.4271461251,2011240.5024468773,16
-1180984.1144295975,2011240.5024468773,16
-1180520.8017130701,2011240.5024468773,16
-1180057.4889965425,2011240.5024468773,16
-1179594.1762800151,2011240.5024468773,16
-1179130.8635634875,2011240.5024468773,16
-1178667.5508469602,2011240.5024468773,16
-1178204.2381304326,2011240.5024468773,16
-1177740.9254139052,2011240.5024468773,16
-1177277.6126973776,2011240.5024468773,16
-1176814.2999808502,2011240.5024468773,16
-1176350.9872643226,2011240.5024468773,16
-1175887.6745477952,2011240.5024468773,16
-1175424.3618312676,2011240.5024468773,16
-1174961.04911474,2011240.5024468773,16
-1174497.7363982126,2011240.5024468773,16
-1174034.4236816852,2011240.5024468773,16
-1173571.1109651576,2011240.5024468773,16
-1173107.79824863,2011240.5024468773,16
-1172644.4855321026,2011240.5024468773,16
-1172181.172815575,2011240.5024468773,16
-1171717.8600990477,2011240.5024468773,16
-1171254.54738252,2011240.5024468773,16
-1170791.2346659927,2011240.5024468773,16
-1170327.921949465,2011240.5024468773,16
-1169864.6092329377,2011240.5024468773,16
-1169401.29651641,2011240.5024468773,16
-1168937.9837998827,2011240.5024468773,16
-1168474.671083355,2011240.5024468773,16
-1168011.3583668275,2011240.5024468773,16
-1167548.0456503,2011240.5024468773,16
-1167084.7329337727,2011240.5024468773,16
-1166621.4202172451,2011240.5024468773,16
-1166158.1075007175,2011240.5024468773,16
-1165694.7947841901,2011240.5024468773,16
-1165231.4820676625,2011240.5024468773,16
-1164768.1693511351,2011240.5024468773,16
-1164304.8566346075,2011240.5024468773,16
-1207856.2519881926,2010777.1897303497,16
-1207392.9392716652,2010777.1897303497,16
-1206929.6265551376,2010777.1897303497,16
-1206466.3138386102,2010777.1897303497,16
-1206003.0011220826,2010777.1897303497,16
-1205539.6884055552,2010777.1897303497,16
-1192566.9323427852,2010777.1897303497,16
-1192103.6196262576,2010777.1897303497,16
-1191640.3069097302,2010777.1897303497,16
-1191176.9941932026,2010777.1897303497,16
-1190713.6814766752,2010777.1897303497,16
-1190250.3687601476,2010777.1897303497,16
-1189787.0560436202,2010777.1897303497,16
-1189323.7433270926,2010777.1897303497,16
-1188860.430610565,2010777.1897303497,16
-1188397.1178940376,2010777.1897303497,16
-1187933.80517751,2010777.1897303497,16
-1187470.4924609826,2010777.1897303497,16
-1187007.179744455,2010777.1897303497,16
-1186543.8670279277,2010777.1897303497,16
-1186080.5543114,2010777.1897303497,16
-1185617.2415948727,2010777.1897303497,16
-1185153.928878345,2010777.1897303497,16
-1184690.6161618177,2010777.1897303497,16
-1184227.30344529,2010777.1897303497,16
-1183763.9907287627,2010777.1897303497,16
-1183300.678012235,2010777.1897303497,16
-1182837.3652957077,2010777.1897303497,16
-1182374.05257918,2010777.1897303497,16
-1181910.7398626525,2010777.1897303497,16
-1181447.4271461251,2010777.1897303497,16
-1180984.1144295975,2010777.1897303497,16
-1180520.8017130701,2010777.1897303497,16
-1180057.4889965425,2010777.1897303497,16
-1179594.1762800151,2010777.1897303497,16
-1179130.8635634875,2010777.1897303497,16
-1178667.5508469602,2010777.1897303497,16
-1178204.2381304326,2010777.1897303497,16
-1177740.9254139052,2010777.1897303497,16
-1177277.6126973776,2010777.1897303497,16
-1176814.2999808502,2010777.1897303497,16
-1176350.9872643226,2010777.1897303497,16
-1175887.6745477952,2010777.1897303497,16
-1175424.3618312676,2010777.1897303497,16
-1174961.04911474,2010777.1897303497,16
-1174497.7363982126,2010777.1897303497,16
-1174034.4236816852,2010777.1897303497,16
-1173571.1109651576,2010777.1897303497,16
-1173107.79824863,2010777.1897303497,16
-1172644.4855321026,2010777.1897303497,16
-1172181.172815575,2010777.1897303497,16
-1171717.8600990477,2010777.1897303497,16
-1171254.54738252,2010777.1897303497,16
-1170791.2346659927,2010777.1897303497,16
-1170327.921949465,2010777.1897303497,16
-1169864.6092329377,2010777.1897303497,16
-1169401.29651641,2010777.1897303497,16
-1168937.9837998827,2010777.1897303497,16
-1168474.671083355,2010777.1897303497,16
-1168011.3583668275,2010777.1897303497,16
-1167548.0456503,2010777.1897303497,16
-1167084.7329337727,2010777.1897303497,16
-1166621.4202172451,2010777.1897303497,16
-1166158.1075007175,2010777.1897303497,16
-1165694.7947841901,2010777.1897303497,16
-1165231.4820676625,2010777.1897303497,16
-1164768.1693511351,2010777.1897303497,16
-1164304.8566346075,2010777.1897303497,16
-1212952.691869995,2010313.8770138223,16
-1212489.3791534677,2010313.8770138223,16
-1208782.8774212475,2010313.8770138223,16
-1208319.5647047202,2010313.8770138223,16
-1207856.2519881926,2010313.8770138223,16
-1207392.9392716652,2010313.8770138223,16
-1206929.6265551376,2010313.8770138223,16
-1206466.3138386102,2010313.8770138223,16
-1206003.0011220826,2010313.8770138223,16
-1205539.6884055552,2010313.8770138223,16
-1205076.3756890276,2010313.8770138223,16
-1193030.2450593126,2010313.8770138223,16
-1192566.9323427852,2010313.8770138223,16
-1192103.6196262576,2010313.8770138223,16
-1191640.3069097302,2010313.8770138223,16
-1191176.9941932026,2010313.8770138223,16
-1190713.6814766752,2010313.8770138223,16
-1190250.3687601476,2010313.8770138223,16
-1189787.0560436202,2010313.8770138223,16
-1189323.7433270926,2010313.8770138223,16
-1188860.430610565,2010313.8770138223,16
-1188397.1178940376,2010313.8770138223,16
-1187933.80517751,2010313.8770138223,16
-1187470.4924609826,2010313.8770138223,16
-1187007.179744455,2010313.8770138223,16
-1186543.8670279277,2010313.8770138223,16
-1186080.5543114,2010313.8770138223,16
-1185617.2415948727,2010313.8770138223,16
-1185153.928878345,2010313.8770138223,16
-1184690.6161618177,2010313.8770138223,16
-1184227.30344529,2010313.8770138223,16
-1183763.9907287627,2010313.8770138223,16
-1183300.678012235,2010313.8770138223,16
-1182837.3652957077,2010313.8770138223,16
-1182374.05257918,2010313.8770138223,16
-1181910.7398626525,2010313.8770138223,16
-1181447.4271461251,2010313.8770138223,16
-1180984.1144295975,2010313.8770138223,16
-1180520.8017130701,2010313.8770138223,16
-1180057.4889965425,2010313.8770138223,16
-1179594.1762800151,2010313.8770138223,16
-1179130.8635634875,2010313.8770138223,16
-1178667.5508469602,2010313.8770138223,16
-1178204.2381304326,2010313.8770138223,16
-1177740.9254139052,2010313.8770138223,16
-1177277.6126973776,2010313.8770138223,16
-1176814.2999808502,2010313.8770138223,16
-1176350.9872643226,2010313.8770138223,16
-1175887.6745477952,2010313.8770138223,16
-1175424.3618312676,2010313.8770138223,16
-1174961.04911474,2010313.8770138223,16
-1174497.7363982126,2010313.8770138223,16
-1174034.4236816852,2010313.8770138223,16
-1173571.1109651576,2010313.8770138223,16
-1173107.79824863,2010313.8770138223,16
-1172644.4855321026,2010313.8770138223,16
-1172181.172815575,2010313.8770138223,16
-1171717.8600990477,2010313.8770138223,16
-1171254.54738252,2010313.8770138223,16
-1170791.2346659927,2010313.8770138223,16
-1170327.921949465,2010313.8770138223,16
-1169864.6092329377,2010313.8770138223,16
-1169401.29651641,2010313.8770138223,16
-1168937.9837998827,2010313.8770138223,16
-1168474.671083355,2010313.8770138223,16
-1168011.3583668275,2010313.8770138223,16
-1167548.0456503,2010313.8770138223,16
-1167084.7329337727,2010313.8770138223,16
-1166621.4202172451,2010313.8770138223,16
-1166158.1075007175,2010313.8770138223,16
-1165694.7947841901,2010313.8770138223,16
-1165231.4820676625,2010313.8770138223,16
-1164768.1693511351,2010313.8770138223,16
-1164304.8566346075,2010313.8770138223,16
-1213879.31730305,2009850.5642972947,16
-1213416.0045865227,2009850.5642972947,16
-1212952.691869995,2009850.5642972947,16
-1212489.3791534677,2009850.5642972947,16
-1212026.06643694,2009850.5642972947,16
-1211562.7537204125,2009850.5642972947,16
-1210172.8155708301,2009850.5642972947,16
-1209709.5028543025,2009850.5642972947,16
-1209246.1901377751,2009850.5642972947,16
-1208782.8774212475,2009850.5642972947,16
-1208319.5647047202,2009850.5642972947,16
-1207856.2519881926,2009850.5642972947,16
-1207392.9392716652,2009850.5642972947,16
-1206929.6265551376,2009850.5642972947,16
-1206466.3138386102,2009850.5642972947,16
-1206003.0011220826,2009850.5642972947,16
-1205539.6884055552,2009850.5642972947,16
-1205076.3756890276,2009850.5642972947,16
-1204613.0629725,2009850.5642972947,16
-1193956.8704923675,2009850.5642972947,16
-1193493.5577758402,2009850.5642972947,16
-1193030.2450593126,2009850.5642972947,16
-1192566.9323427852,2009850.5642972947,16
-1192103.6196262576,2009850.5642972947,16
-1191640.3069097302,2009850.5642972947,16
-1191176.9941932026,2009850.5642972947,16
-1190713.6814766752,2009850.5642972947,16
-1190250.3687601476,2009850.5642972947,16
-1189787.0560436202,2009850.5642972947,16
-1189323.7433270926,2009850.5642972947,16
-1188860.430610565,2009850.5642972947,16
-1188397.1178940376,2009850.5642972947,16
-1187933.80517751,2009850.5642972947,16
-1187470.4924609826,2009850.5642972947,16
-1187007.179744455,2009850.5642972947,16
-1186543.8670279277,2009850.5642972947,16
-1186080.5543114,2009850.5642972947,16
-1185617.2415948727,2009850.5642972947,16
-1185153.928878345,2009850.5642972947,16
-1184690.6161618177,2009850.5642972947,16
-1184227.30344529,2009850.5642972947,16
-1183763.9907287627,2009850.5642972947,16
-1183300.678012235,2009850.5642972947,16
-1182837.3652957077,2009850.5642972947,16
-1182374.05257918,2009850.5642972947,16
-1181910.7398626525,2009850.5642972947,16
-1181447.4271461251,2009850.5642972947,16
-1180984.1144295975,2009850.5642972947,16
-1180520.8017130701,2009850.5642972947,16
-1180057.4889965425,2009850.5642972947,16
-1179594.1762800151,2009850.5642972947,16
-1179130.8635634875,2009850.5642972947,16
-1178667.5508469602,2009850.5642972947,16
-1178204.2381304326,2009850.5642972947,16
-1177740.9254139052,2009850.5642972947,16
-1177277.6126973776,2009850.5642972947,16
-1176814.2999808502,2009850.5642972947,16
-1176350.9872643226,2009850.5642972947,16
-1175887.6745477952,2009850.5642972947,16
-1175424.3618312676,2009850.5642972947,16
-1174961.04911474,2009850.5642972947,16
-1174497.7363982126,2009850.5642972947,16
-1174034.4236816852,2009850.5642972947,16
-1173571.1109651576,2009850.5642972947,16
-1173107.79824863,2009850.5642972947,16
-1172644.4855321026,2009850.5642972947,16
-1172181.172815575,2009850.5642972947,16
-1171717.8600990477,2009850.5642972947,16
-1171254.54738252,2009850.5642972947,16
-1170791.2346659927,2009850.5642972947,16
-1170327.921949465,2009850.5642972947,16
-1169864.6092329377,2009850.5642972947,16
-1169401.29651641,2009850.5642972947,16
-1168937.9837998827,2009850.5642972947,16
-1168474.671083355,2009850.5642972947,16
-1168011.3583668275,2009850.5642972947,16
-1167548.0456503,2009850.5642972947,16
-1167084.7329337727,2009850.5642972947,16
-1166621.4202172451,2009850.5642972947,16
-1166158.1075007175,2009850.5642972947,16
-1165694.7947841901,2009850.5642972947,16
-1165231.4820676625,2009850.5642972947,16
-1164768.1693511351,2009850.5642972947,16
-1214342.6300195777,2009387.251580767,16
-1213879.31730305,2009387.251580767,16
-1213416.0045865227,2009387.251580767,16
-1212952.691869995,2009387.251580767,16
-1212489.3791534677,2009387.251580767,16
-1212026.06643694,2009387.251580767,16
-1211562.7537204125,2009387.251580767,16
-1211099.4410038851,2009387.251580767,16
-1210636.1282873575,2009387.251580767,16
-1210172.8155708301,2009387.251580767,16
-1209709.5028543025,2009387.251580767,16
-1209246.1901377751,2009387.251580767,16
-1208782.8774212475,2009387.251580767,16
-1208319.5647047202,2009387.251580767,16
-1207856.2519881926,2009387.251580767,16
-1207392.9392716652,2009387.251580767,16
-1206929.6265551376,2009387.251580767,16
-1206466.3138386102,2009387.251580767,16
-1206003.0011220826,2009387.251580767,16
-1205539.6884055552,2009387.251580767,16
-1205076.3756890276,2009387.251580767,16
-1204613.0629725,2009387.251580767,16
-1204149.7502559726,2009387.251580767,16
-1203686.4375394452,2009387.251580767,16
-1202296.4993898626,2009387.251580767,16
-1201833.186673335,2009387.251580767,16
-1201369.8739568077,2009387.251580767,16
-1200906.56124028,2009387.251580767,16
-1200443.2485237527,2009387.251580767,16
-1199979.935807225,2009387.251580767,16
-1199516.6230906977,2009387.251580767,16
-1195346.8086419501,2009387.251580767,16
-1194883.4959254225,2009387.251580767,16
-1194420.1832088951,2009387.251580767,16
-1193956.8704923675,2009387.251580767,16
-1193493.5577758402,2009387.251580767,16
-1193030.2450593126,2009387.251580767,16
-1192566.9323427852,2009387.251580767,16
-1192103.6196262576,2009387.251580767,16
-1191640.3069097302,2009387.251580767,16
-1191176.9941932026,2009387.251580767,16
-1190713.6814766752,2009387.251580767,16
-1190250.3687601476,2009387.251580767,16
-1189787.0560436202,2009387.251580767,16
-1189323.7433270926,2009387.251580767,16
-1188860.430610565,2009387.251580767,16
-1188397.1178940376,2009387.251580767,16
-1187933.80517751,2009387.251580767,16
-1187470.4924609826,2009387.251580767,16
-1187007.179744455,2009387.251580767,16
-1186543.8670279277,2009387.251580767,16
-1186080.5543114,2009387.251580767,16
-1185617.2415948727,2009387.251580767,16
-1185153.928878345,2009387.251580767,16
-1184690.6161618177,2009387.251580767,16
-1184227.30344529,2009387.251580767,16
-1183763.9907287627,2009387.251580767,16
-1183300.678012235,2009387.251580767,16
-1182837.3652957077,2009387.251580767,16
-1182374.05257918,2009387.251580767,16
-1181910.7398626525,2009387.251580767,16
-1181447.4271461251,2009387.251580767,16
-1180984.1144295975,2009387.251580767,16
-1180520.8017130701,2009387.251580767,16
-1180057.4889965425,2009387.251580767,16
-1179594.1762800151,2009387.251580767,16
-1179130.8635634875,2009387.251580767,16
-1178667.5508469602,2009387.251580767,16
-1178204.2381304326,2009387.251580767,16
-1177740.9254139052,2009387.251580767,16
-1177277.6126973776,2009387.251580767,16
-1176814.2999808502,2009387.251580767,16
-1176350.9872643226,2009387.251580767,16
-1175887.6745477952,2009387.251580767,16
-1175424.3618312676,2009387.251580767,16
-1174961.04911474,2009387.251580767,16
-1174497.7363982126,2009387.251580767,16
-1174034.4236816852,2009387.251580767,16
-1173571.1109651576,2009387.251580767,16
-1173107.79824863,2009387.251580767,16
-1172644.4855321026,2009387.251580767,16
-1172181.172815575,2009387.251580767,16
-1171717.8600990477,2009387.251580767,16
-1171254.54738252,2009387.251580767,16
-1170791.2346659927,2009387.251580767,16
-1170327.921949465,2009387.251580767,16
-1169864.6092329377,2009387.251580767,16
-1169401.29651641,2009387.251580767,16
-1168937.9837998827,2009387.251580767,16
-1168474.671083355,2009387.251580767,16
-1168011.3583668275,2009387.251580767,16
-1167548.0456503,2009387.251580767,16
-1167084.7329337727,2009387.251580767,16
-1166621.4202172451,2009387.251580767,16
-1166158.1075007175,2009387.251580767,16
-1165694.7947841901,2009387.251580767,16
-1165231.4820676625,2009387.251580767,16
-1164768.1693511351,2009387.251580767,16
-1214342.6300195777,2008923.9388642397,16
-1213879.31730305,2008923.9388642397,16
-1213416.0045865227,2008923.9388642397,16
-1212952.691869995,2008923.9388642397,16
-1212489.3791534677,2008923.9388642397,16
-1212026.06643694,2008923.9388642397,16
-1211562.7537204125,2008923.9388642397,16
-1211099.4410038851,2008923.9388642397,16
-1210636.1282873575,2008923.9388642397,16
-1210172.8155708301,2008923.9388642397,16
-1209709.5028543025,2008923.9388642397,16
-1209246.1901377751,2008923.9388642397,16
-1208782.8774212475,2008923.9388642397,16
-1208319.5647047202,2008923.9388642397,16
-1207856.2519881926,2008923.9388642397,16
-1207392.9392716652,2008923.9388642397,16
-1206929.6265551376,2008923.9388642397,16
-1206466.3138386102,2008923.9388642397,16
-1206003.0011220826,2008923.9388642397,16
-1205539.6884055552,2008923.9388642397,16
-1205076.3756890276,2008923.9388642397,16
-1204613.0629725,2008923.9388642397,16
-1204149.7502559726,2008923.9388642397,16
-1203686.4375394452,2008923.9388642397,16
-1203223.1248229176,2008923.9388642397,16
-1202759.81210639,2008923.9388642397,16
-1202296.4993898626,2008923.9388642397,16
-1201833.186673335,2008923.9388642397,16
-1201369.8739568077,2008923.9388642397,16
-1200906.56124028,2008923.9388642397,16
-1200443.2485237527,2008923.9388642397,16
-1199979.935807225,2008923.9388642397,16
-1199516.6230906977,2008923.9388642397,16
-1196273.4340750051,2008923.9388642397,16
-1195810.1213584775,2008923.9388642397,16
-1195346.8086419501,2008923.9388642397,16
-1194883.4959254225,2008923.9388642397,16
-1194420.1832088951,2008923.9388642397,16
-1193956.8704923675,2008923.9388642397,16
-1193493.5577758402,2008923.9388642397,16
-1193030.2450593126,2008923.9388642397,16
-1192566.9323427852,2008923.9388642397,16
-1192103.6196262576,2008923.9388642397,16
-1191640.3069097302,2008923.9388642397,16
-1191176.9941932026,2008923.9388642397,16
-1190713.6814766752,2008923.9388642397,16
-1190250.3687601476,2008923.9388642397,16
-1189787.0560436202,2008923.9388642397,16
-1189323.7433270926,2008923.9388642397,16
-1188860.430610565,2008923.9388642397,16
-1188397.1178940376,2008923.9388642397,16
-1187933.80517751,2008923.9388642397,16
-1187470.4924609826,2008923.9388642397,16
-1187007.179744455,2008923.9388642397,16
-1186543.8670279277,2008923.9388642397,16
-1186080.5543114,2008923.9388642397,16
-1185617.2415948727,2008923.9388642397,16
-1185153.928878345,2008923.9388642397,16
-1184690.6161618177,2008923.9388642397,16
-1184227.30344529,2008923.9388642397,16
-1183763.9907287627,2008923.9388642397,16
-1183300.678012235,2008923.9388642397,16
-1182837.3652957077,2008923.9388642397,16
-1182374.05257918,2008923.9388642397,16
-1181910.7398626525,2008923.9388642397,16
-1181447.4271461251,2008923.9388642397,16
-1180984.1144295975,2008923.9388642397,16
-1180520.8017130701,2008923.9388642397,16
-1180057.4889965425,2008923.9388642397,16
-1179594.1762800151,2008923.9388642397,16
-1179130.8635634875,2008923.9388642397,16
-1178667.5508469602,2008923.9388642397,16
-1178204.2381304326,2008923.9388642397,16
-1177740.9254139052,2008923.9388642397,16
-1177277.6126973776,2008923.9388642397,16
-1176814.2999808502,2008923.9388642397,16
-1176350.9872643226,2008923.9388642397,16
-1175887.6745477952,2008923.9388642397,16
-1175424.3618312676,2008923.9388642397,16
-1174961.04911474,2008923.9388642397,16
-1174497.7363982126,2008923.9388642397,16
-1174034.4236816852,2008923.9388642397,16
-1173571.1109651576,2008923.9388642397,16
-1173107.79824863,2008923.9388642397,16
-1172644.4855321026,2008923.9388642397,16
-1172181.172815575,2008923.9388642397,16
-1171717.8600990477,2008923.9388642397,16
-1171254.54738252,2008923.9388642397,16
-1170791.2346659927,2008923.9388642397,16
-1170327.921949465,2008923.9388642397,16
-1169864.6092329377,2008923.9388642397,16
-1169401.29651641,2008923.9388642397,16
-1168937.9837998827,2008923.9388642397,16
-1168474.671083355,2008923.9388642397,16
-1168011.3583668275,2008923.9388642397,16
-1167548.0456503,2008923.9388642397,16
-1167084.7329337727,2008923.9388642397,16
-1166621.4202172451,2008923.9388642397,16
-1166158.1075007175,2008923.9388642397,16
-1165694.7947841901,2008923.9388642397,16
-1165231.4820676625,2008923.9388642397,16
-1164768.1693511351,2008923.9388642397,16
-1214805.942736105,2008460.626147712,16
-1214342.6300195777,2008460.626147712,16
-1213879.31730305,2008460.626147712,16
-1213416.0045865227,2008460.626147712,16
-1212952.691869995,2008460.626147712,16
-1212489.3791534677,2008460.626147712,16
-1212026.06643694,2008460.626147712,16
-1211562.7537204125,2008460.626147712,16
-1211099.4410038851,2008460.626147712,16
-1210636.1282873575,2008460.626147712,16
-1210172.8155708301,2008460.626147712,16
-1209709.5028543025,2008460.626147712,16
-1209246.1901377751,2008460.626147712,16
-1208782.8774212475,2008460.626147712,16
-1208319.5647047202,2008460.626147712,16
-1207856.2519881926,2008460.626147712,16
-1207392.9392716652,2008460.626147712,16
-1206929.6265551376,2008460.626147712,16
-1206466.3138386102,2008460.626147712,16
-1206003.0011220826,2008460.626147712,16
-1205539.6884055552,2008460.626147712,16
-1205076.3756890276,2008460.626147712,16
-1204613.0629725,2008460.626147712,16
-1204149.7502559726,2008460.626147712,16
-1203686.4375394452,2008460.626147712,16
-1203223.1248229176,2008460.626147712,7
-1202759.81210639,2008460.626147712,16
-1202296.4993898626,2008460.626147712,16
-1201833.186673335,2008460.626147712,16
-1201369.8739568077,2008460.626147712,16
-1200906.56124028,2008460.626147712,16
-1200443.2485237527,2008460.626147712,16
-1199979.935807225,2008460.626147712,16
-1199516.6230906977,2008460.626147712,16
-1196736.7467915327,2008460.626147712,16
-1196273.4340750051,2008460.626147712,16
-1195810.1213584775,2008460.626147712,16
-1195346.8086419501,2008460.626147712,16
-1194883.4959254225,2008460.626147712,16
-1194420.1832088951,2008460.626147712,16
-1193956.8704923675,2008460.626147712,16
-1193493.5577758402,2008460.626147712,16
-1193030.2450593126,2008460.626147712,16
-1192566.9323427852,2008460.626147712,16
-1192103.6196262576,2008460.626147712,16
-1191640.3069097302,2008460.626147712,16
-1191176.9941932026,2008460.626147712,16
-1190713.6814766752,2008460.626147712,16
-1190250.3687601476,2008460.626147712,16
-1189787.0560436202,2008460.626147712,16
-1189323.7433270926,2008460.626147712,16
-1188860.430610565,2008460.626147712,16
-1188397.1178940376,2008460.626147712,16
-1187933.80517751,2008460.626147712,16
-1187470.4924609826,2008460.626147712,16
-1187007.179744455,2008460.626147712,16
-1186543.8670279277,2008460.626147712,16
-1186080.5543114,2008460.626147712,16
-1185617.2415948727,2008460.626147712,16
-1185153.928878345,2008460.626147712,16
-1184690.6161618177,2008460.626147712,16
-1184227.30344529,2008460.626147712,16
-1183763.9907287627,2008460.626147712,16
-1183300.678012235,2008460.626147712,16
-1182837.3652957077,2008460.626147712,16
-1182374.05257918,2008460.626147712,16
-1181910.7398626525,2008460.626147712,16
-1181447.4271461251,2008460.626147712,16
-1180984.1144295975,2008460.626147712,16
-1180520.8017130701,2008460.626147712,16
-1180057.4889965425,2008460.626147712,16
-1179594.1762800151,2008460.626147712,16
-1179130.8635634875,2008460.626147712,16
-1178667.5508469602,2008460.626147712,16
-1178204.2381304326,2008460.626147712,16
-1177740.9254139052,2008460.626147712,16
-1177277.6126973776,2008460.626147712,16
-1176814.2999808502,2008460.626147712,16
-1176350.9872643226,2008460.626147712,16
-1175887.6745477952,2008460.626147712,16
-1175424.3618312676,2008460.626147712,16
-1174961.04911474,2008460.626147712,16
-1174497.7363982126,2008460.626147712,16
-1174034.4236816852,2008460.626147712,16
-1173571.1109651576,2008460.626147712,16
-1173107.79824863,2008460.626147712,16
-1172644.4855321026,2008460.626147712,16
-1172181.172815575,2008460.626147712,16
-1171717.8600990477,2008460.626147712,16
-1171254.54738252,2008460.626147712,16
-1170791.2346659927,2008460.626147712,16
-1170327.921949465,2008460.626147712,16
-1169864.6092329377,2008460.626147712,16
-1169401.29651641,2008460.626147712,16
-1168937.9837998827,2008460.626147712,16
-1168474.671083355,2008460.626147712,16
-1168011.3583668275,2008460.626147712,16
-1167548.0456503,2008460.626147712,16
-1167084.7329337727,2008460.626147712,16
-1166621.4202172451,2008460.626147712,16
-1166158.1075007175,2008460.626147712,16
-1165694.7947841901,2008460.626147712,16
-1165231.4820676625,2008460.626147712,16
-1164768.1693511351,2008460.626147712,16
-1214805.942736105,2007997.3134311847,16
-1214342.6300195777,2007997.3134311847,16
-1213879.31730305,2007997.3134311847,16
-1213416.0045865227,2007997.3134311847,16
-1212952.691869995,2007997.3134311847,16
-1212489.3791534677,2007997.3134311847,16
-1212026.06643694,2007997.3134311847,16
-1211562.7537204125,2007997.3134311847,16
-1211099.4410038851,2007997.3134311847,16
-1210636.1282873575,2007997.3134311847,16
-1210172.8155708301,2007997.3134311847,16
-1209709.5028543025,2007997.3134311847,16
-1209246.1901377751,2007997.3134311847,16
-1208782.8774212475,2007997.3134311847,16
-1208319.5647047202,2007997.3134311847,16
-1207856.2519881926,2007997.3134311847,16
-1207392.9392716652,2007997.3134311847,16
-1206929.6265551376,2007997.3134311847,16
-1206466.3138386102,2007997.3134311847,16
-1206003.0011220826,2007997.3134311847,16
-1205539.6884055552,2007997.3134311847,16
-1205076.3756890276,2007997.3134311847,16
-1204613.0629725,2007997.3134311847,16
-1204149.7502559726,2007997.3134311847,16
-1203686.4375394452,2007997.3134311847,16
-1203223.1248229176,2007997.3134311847,16
-1202759.81210639,2007997.3134311847,16
-1202296.4993898626,2007997.3134311847,16
-1201833.186673335,2007997.3134311847,16
-1201369.8739568077,2007997.3134311847,16
-1200906.56124028,2007997.3134311847,16
-1200443.2485237527,2007997.3134311847,16
-1199979.935807225,2007997.3134311847,16
-1199516.6230906977,2007997.3134311847,16
-1197663.3722245875,2007997.3134311847,16
-1197200.05950806,2007997.3134311847,16
-1196736.7467915327,2007997.3134311847,16
-1196273.4340750051,2007997.3134311847,16
-1195810.1213584775,2007997.3134311847,16
-1195346.8086419501,2007997.3134311847,16
-1194883.4959254225,2007997.3134311847,16
-1194420.1832088951,2007997.3134311847,16
-1193956.8704923675,2007997.3134311847,16
-1193493.5577758402,2007997.3134311847,16
-1193030.2450593126,2007997.3134311847,16
-1192566.9323427852,2007997.3134311847,16
-1192103.6196262576,2007997.3134311847,16
-1191640.3069097302,2007997.3134311847,16
-1191176.9941932026,2007997.3134311847,16
-1190713.6814766752,2007997.3134311847,16
-1190250.3687601476,2007997.3134311847,16
-1189787.0560436202,2007997.3134311847,16
-1189323.7433270926,2007997.3134311847,16
-1188860.430610565,2007997.3134311847,16
-1188397.1178940376,2007997.3134311847,16
-1187933.80517751,2007997.3134311847,16
-1187470.4924609826,2007997.3134311847,16
-1187007.179744455,2007997.3134311847,16
-1186543.8670279277,2007997.3134311847,16
-1186080.5543114,2007997.3134311847,16
-1185617.2415948727,2007997.3134311847,16
-1185153.928878345,2007997.3134311847,16
-1184690.6161618177,2007997.3134311847,16
-1184227.30344529,2007997.3134311847,16
-1183763.9907287627,2007997.3134311847,16
-1183300.678012235,2007997.3134311847,16
-1182837.3652957077,2007997.3134311847,16
-1182374.05257918,2007997.3134311847,16
-1181910.7398626525,2007997.3134311847,16
-1181447.4271461251,2007997.3134311847,16
-1180984.1144295975,2007997.3134311847,16
-1180520.8017130701,2007997.3134311847,16
-1180057.4889965425,2007997.3134311847,16
-1179594.1762800151,2007997.3134311847,16
-1179130.8635634875,2007997.3134311847,16
-1178667.5508469602,2007997.3134311847,16
-1178204.2381304326,2007997.3134311847,16
-1177740.9254139052,2007997.3134311847,16
-1177277.6126973776,2007997.3134311847,16
-1176814.2999808502,2007997.3134311847,16
-1176350.9872643226,2007997.3134311847,16
-1175887.6745477952,2007997.3134311847,16
-1175424.3618312676,2007997.3134311847,16
-1174961.04911474,2007997.3134311847,16
-1174497.7363982126,2007997.3134311847,16
-1174034.4236816852,2007997.3134311847,16
-1173571.1109651576,2007997.3134311847,16
-1173107.79824863,2007997.3134311847,16
-1172644.4855321026,2007997.3134311847,16
-1172181.172815575,2007997.3134311847,16
-1171717.8600990477,2007997.3134311847,16
-1171254.54738252,2007997.3134311847,16
-1170791.2346659927,2007997.3134311847,16
-1170327.921949465,2007997.3134311847,16
-1169864.6092329377,2007997.3134311847,16
-1169401.29651641,2007997.3134311847,16
-1168937.9837998827,2007997.3134311847,16
-1168474.671083355,2007997.3134311847,16
-1168011.3583668275,2007997.3134311847,16
-1167548.0456503,2007997.3134311847,16
-1167084.7329337727,2007997.3134311847,16
-1166621.4202172451,2007997.3134311847,16
-1166158.1075007175,2007997.3134311847,16
-1165694.7947841901,2007997.3134311847,16
-1165231.4820676625,2007997.3134311847,16
-1215269.2554526327,2007534.0007146571,16
-1214805.942736105,2007534.0007146571,16
-1214342.6300195777,2007534.0007146571,16
-1213879.31730305,2007534.0007146571,16
-1213416.0045865227,2007534.0007146571,16
-1212952.691869995,2007534.0007146571,16
-1212489.3791534677,2007534.0007146571,16
-1212026.06643694,2007534.0007146571,16
-1211562.7537204125,2007534.0007146571,16
-1211099.4410038851,2007534.0007146571,16
-1210636.1282873575,2007534.0007146571,16
-1210172.8155708301,2007534.0007146571,16
-1209709.5028543025,2007534.0007146571,16
-1209246.1901377751,2007534.0007146571,16
-1208782.8774212475,2007534.0007146571,16
-1208319.5647047202,2007534.0007146571,16
-1207856.2519881926,2007534.0007146571,16
-1207392.9392716652,2007534.0007146571,16
-1206929.6265551376,2007534.0007146571,16
-1206466.3138386102,2007534.0007146571,16
-1206003.0011220826,2007534.0007146571,16
-1205539.6884055552,2007534.0007146571,16
-1205076.3756890276,2007534.0007146571,16
-1204613.0629725,2007534.0007146571,16
-1204149.7502559726,2007534.0007146571,16
-1203686.4375394452,2007534.0007146571,16
-1203223.1248229176,2007534.0007146571,16
-1202759.81210639,2007534.0007146571,16
-1202296.4993898626,2007534.0007146571,16
-1201833.186673335,2007534.0007146571,16
-1201369.8739568077,2007534.0007146571,16
-1200906.56124028,2007534.0007146571,16
-1200443.2485237527,2007534.0007146571,16
-1199979.935807225,2007534.0007146571,16
-1199516.6230906977,2007534.0007146571,16
-1198126.684941115,2007534.0007146571,16
-1197663.3722245875,2007534.0007146571,16
-1197200.05950806,2007534.0007146571,16
-1196736.7467915327,2007534.0007146571,16
-1196273.4340750051,2007534.0007146571,16
-1195810.1213584775,2007534.0007146571,16
-1195346.8086419501,2007534.0007146571,16
-1194883.4959254225,2007534.0007146571,16
-1194420.1832088951,2007534.0007146571,16
-1193956.8704923675,2007534.0007146571,16
-1193493.5577758402,2007534.0007146571,16
-1193030.2450593126,2007534.0007146571,16
-1192566.9323427852,2007534.0007146571,16
-1192103.6196262576,2007534.0007146571,16
-1191640.3069097302,2007534.0007146571,16
-1191176.9941932026,2007534.0007146571,16
-1190713.6814766752,2007534.0007146571,16
-1190250.3687601476,2007534.0007146571,16
-1189787.0560436202,2007534.0007146571,16
-1189323.7433270926,2007534.0007146571,16
-1188860.430610565,2007534.0007146571,16
-1188397.1178940376,2007534.0007146571,16
-1187933.80517751,2007534.0007146571,16
-1187470.4924609826,2007534.0007146571,16
-1187007.179744455,2007534.0007146571,16
-1186543.8670279277,2007534.0007146571,16
-1186080.5543114,2007534.0007146571,16
-1185617.2415948727,2007534.0007146571,16
-1185153.928878345,2007534.0007146571,16
-1184690.6161618177,2007534.0007146571,16
-1184227.30344529,2007534.0007146571,16
-1183763.9907287627,2007534.0007146571,16
-1183300.678012235,2007534.0007146571,16
-1182837.3652957077,2007534.0007146571,16
-1182374.05257918,2007534.0007146571,16
-1181910.7398626525,2007534.0007146571,16
-1181447.4271461251,2007534.0007146571,16
-1180984.1144295975,2007534.0007146571,16
-1180520.8017130701,2007534.0007146571,16
-1180057.4889965425,2007534.0007146571,16
-1179594.1762800151,2007534.0007146571,16
-1179130.8635634875,2007534.0007146571,16
-1178667.5508469602,2007534.0007146571,16
-1178204.2381304326,2007534.0007146571,16
-1177740.9254139052,2007534.0007146571,16
-1177277.6126973776,2007534.0007146571,16
-1176814.2999808502,2007534.0007146571,16
-1176350.9872643226,2007534.0007146571,16
-1175887.6745477952,2007534.0007146571,16
-1175424.3618312676,2007534.0007146571,16
-1174961.04911474,2007534.0007146571,16
-1174497.7363982126,2007534.0007146571,16
-1174034.4236816852,2007534.0007146571,16
-1173571.1109651576,2007534.0007146571,16
-1173107.79824863,2007534.0007146571,16
-1172644.4855321026,2007534.0007146571,16
-1172181.172815575,2007534.0007146571,16
-1171717.8600990477,2007534.0007146571,16
-1171254.54738252,2007534.0007146571,16
-1170791.2346659927,2007534.0007146571,16
-1170327.921949465,2007534.0007146571,16
-1169864.6092329377,2007534.0007146571,16
-1169401.29651641,2007534.0007146571,16
-1168937.9837998827,2007534.0007146571,16
-1168474.671083355,2007534.0007146571,16
-1168011.3583668275,2007534.0007146571,16
-1167548.0456503,2007534.0007146571,16
-1167084.7329337727,2007534.0007146571,16
-1166621.4202172451,2007534.0007146571,16
-1166158.1075007175,2007534.0007146571,16
-1165694.7947841901,2007534.0007146571,16
-1165231.4820676625,2007534.0007146571,16
-1215269.2554526327,2007070.6879981298,16
-1214805.942736105,2007070.6879981298,16
-1214342.6300195777,2007070.6879981298,16
-1213879.31730305,2007070.6879981298,16
-1213416.0045865227,2007070.6879981298,16
-1212952.691869995,2007070.6879981298,16
-1212489.3791534677,2007070.6879981298,16
-1212026.06643694,2007070.6879981298,16
-1211562.7537204125,2007070.6879981298,16
-1211099.4410038851,2007070.6879981298,16
-1210636.1282873575,2007070.6879981298,16
-1210172.8155708301,2007070.6879981298,16
-1209709.5028543025,2007070.6879981298,16
-1209246.1901377751,2007070.6879981298,16
-1208782.8774212475,2007070.6879981298,16
-1208319.5647047202,2007070.6879981298,16
-1207856.2519881926,2007070.6879981298,16
-1207392.9392716652,2007070.6879981298,16
-1206929.6265551376,2007070.6879981298,16
-1206466.3138386102,2007070.6879981298,16
-1206003.0011220826,2007070.6879981298,16
-1205539.6884055552,2007070.6879981298,16
-1205076.3756890276,2007070.6879981298,16
-1204613.0629725,2007070.6879981298,16
-1204149.7502559726,2007070.6879981298,16
-1203686.4375394452,2007070.6879981298,16
-1203223.1248229176,2007070.6879981298,16
-1202759.81210639,2007070.6879981298,16
-1202296.4993898626,2007070.6879981298,16
-1201833.186673335,2007070.6879981298,16
-1201369.8739568077,2007070.6879981298,16
-1200906.56124028,2007070.6879981298,16
-1200443.2485237527,2007070.6879981298,16
-1199979.935807225,2007070.6879981298,16
-1199516.6230906977,2007070.6879981298,16
-1199053.31037417,2007070.6879981298,16
-1198589.9976576427,2007070.6879981298,16
-1198126.684941115,2007070.6879981298,16
-1197663.3722245875,2007070.6879981298,16
-1197200.05950806,2007070.6879981298,16
-1196736.7467915327,2007070.6879981298,16
-1196273.4340750051,2007070.6879981298,16
-1195810.1213584775,2007070.6879981298,16
-1195346.8086419501,2007070.6879981298,16
-1194883.4959254225,2007070.6879981298,16
-1194420.1832088951,2007070.6879981298,16
-1193956.8704923675,2007070.6879981298,16
-1193493.5577758402,2007070.6879981298,16
-1193030.2450593126,2007070.6879981298,16
-1192566.9323427852,2007070.6879981298,16
-1192103.6196262576,2007070.6879981298,16
-1191640.3069097302,2007070.6879981298,16
-1191176.9941932026,2007070.6879981298,16
-1190713.6814766752,2007070.6879981298,16
-1190250.3687601476,2007070.6879981298,16
-1189787.0560436202,2007070.6879981298,16
-1189323.7433270926,2007070.6879981298,16
-1188860.430610565,2007070.6879981298,16
-1188397.1178940376,2007070.6879981298,16
-1187933.80517751,2007070.6879981298,16
-1187470.4924609826,2007070.6879981298,16
-1187007.179744455,2007070.6879981298,16
-1186543.8670279277,2007070.6879981298,16
-1186080.5543114,2007070.6879981298,16
-1185617.2415948727,2007070.6879981298,16
-1185153.928878345,2007070.6879981298,16
-1184690.6161618177,2007070.6879981298,16
-1184227.30344529,2007070.6879981298,16
-1183763.9907287627,2007070.6879981298,16
-1183300.678012235,2007070.6879981298,16
-1182837.3652957077,2007070.6879981298,16
-1182374.05257918,2007070.6879981298,16
-1181910.7398626525,2007070.6879981298,16
-1181447.4271461251,2007070.6879981298,16
-1180984.1144295975,2007070.6879981298,16
-1180520.8017130701,2007070.6879981298,16
-1180057.4889965425,2007070.6879981298,16
-1179594.1762800151,2007070.6879981298,16
-1179130.8635634875,2007070.6879981298,16
-1178667.5508469602,2007070.6879981298,16
-1178204.2381304326,2007070.6879981298,16
-1177740.9254139052,2007070.6879981298,16
-1177277.6126973776,2007070.6879981298,16
-1176814.2999808502,2007070.6879981298,16
-1176350.9872643226,2007070.6879981298,16
-1175887.6745477952,2007070.6879981298,16
-1175424.3618312676,2007070.6879981298,16
-1174961.04911474,2007070.6879981298,16
-1174497.7363982126,2007070.6879981298,16
-1174034.4236816852,2007070.6879981298,16
-1173571.1109651576,2007070.6879981298,16
-1173107.79824863,2007070.6879981298,16
-1172644.4855321026,2007070.6879981298,16
-1172181.172815575,2007070.6879981298,16
-1171717.8600990477,2007070.6879981298,16
-1171254.54738252,2007070.6879981298,16
-1170791.2346659927,2007070.6879981298,16
-1170327.921949465,2007070.6879981298,16
-1169864.6092329377,2007070.6879981298,16
-1169401.29651641,2007070.6879981298,16
-1168937.9837998827,2007070.6879981298,16
-1168474.671083355,2007070.6879981298,16
-1168011.3583668275,2007070.6879981298,16
-1167548.0456503,2007070.6879981298,16
-1167084.7329337727,2007070.6879981298,16
-1166621.4202172451,2007070.6879981298,16
-1166158.1075007175,2007070.6879981298,16
-1165694.7947841901,2007070.6879981298,16
-1165231.4820676625,2007070.6879981298,16
-1215269.2554526327,2006607.3752816021,16
-1214805.942736105,2006607.3752816021,16
-1214342.6300195777,2006607.3752816021,16
-1213879.31730305,2006607.3752816021,16
-1213416.0045865227,2006607.3752816021,16
-1212952.691869995,2006607.3752816021,16
-1212489.3791534677,2006607.3752816021,16
-1212026.06643694,2006607.3752816021,16
-1211562.7537204125,2006607.3752816021,16
-1211099.4410038851,2006607.3752816021,16
-1210636.1282873575,2006607.3752816021,16
-1210172.8155708301,2006607.3752816021,16
-1209709.5028543025,2006607.3752816021,16
-1209246.1901377751,2006607.3752816021,16
-1208782.8774212475,2006607.3752816021,16
-1208319.5647047202,2006607.3752816021,16
-1207856.2519881926,2006607.3752816021,16
-1207392.9392716652,2006607.3752816021,16
-1206929.6265551376,2006607.3752816021,16
-1206466.3138386102,2006607.3752816021,16
-1206003.0011220826,2006607.3752816021,16
-1205539.6884055552,2006607.3752816021,16
-1205076.3756890276,2006607.3752816021,16
-1204613.0629725,2006607.3752816021,16
-1204149.7502559726,2006607.3752816021,16
-1203686.4375394452,2006607.3752816021,16
-1203223.1248229176,2006607.3752816021,16
-1202759.81210639,2006607.3752816021,16
-1202296.4993898626,2006607.3752816021,16
-1201833.186673335,2006607.3752816021,16
-1201369.8739568077,2006607.3752816021,16
-1200906.56124028,2006607.3752816021,16
-1200443.2485237527,2006607.3752816021,16
-1199979.935807225,2006607.3752816021,16
-1199516.6230906977,2006607.3752816021,16
-1199053.31037417,2006607.3752816021,16
-1198589.9976576427,2006607.3752816021,16
-1198126.684941115,2006607.3752816021,16
-1197663.3722245875,2006607.3752816021,16
-1197200.05950806,2006607.3752816021,16
-1196736.7467915327,2006607.3752816021,16
-1196273.4340750051,2006607.3752816021,16
-1195810.1213584775,2006607.3752816021,16
-1195346.8086419501,2006607.3752816021,16
-1194883.4959254225,2006607.3752816021,16
-1194420.1832088951,2006607.3752816021,16
-1193956.8704923675,2006607.3752816021,16
-1193493.5577758402,2006607.3752816021,16
-1193030.2450593126,2006607.3752816021,16
-1192566.9323427852,2006607.3752816021,16
-1192103.6196262576,2006607.3752816021,16
-1191640.3069097302,2006607.3752816021,16
-1191176.9941932026,2006607.3752816021,16
-1190713.6814766752,2006607.3752816021,16
-1190250.3687601476,2006607.3752816021,16
-1189787.0560436202,2006607.3752816021,16
-1189323.7433270926,2006607.3752816021,16
-1188860.430610565,2006607.3752816021,16
-1188397.1178940376,2006607.3752816021,16
-1187933.80517751,2006607.3752816021,16
-1187470.4924609826,2006607.3752816021,16
-1187007.179744455,2006607.3752816021,16
-1186543.8670279277,2006607.3752816021,16
-1186080.5543114,2006607.3752816021,16
-1185617.2415948727,2006607.3752816021,16
-1185153.928878345,2006607.3752816021,16
-1184690.6161618177,2006607.3752816021,16
-1184227.30344529,2006607.3752816021,16
-1183763.9907287627,2006607.3752816021,16
-1183300.678012235,2006607.3752816021,16
-1182837.3652957077,2006607.3752816021,16
-1182374.05257918,2006607.3752816021,16
-1181910.7398626525,2006607.3752816021,16
-1181447.4271461251,2006607.3752816021,16
-1180984.1144295975,2006607.3752816021,16
-1180520.8017130701,2006607.3752816021,16
-1180057.4889965425,2006607.3752816021,16
-1179594.1762800151,2006607.3752816021,16
-1179130.8635634875,2006607.3752816021,16
-1178667.5508469602,2006607.3752816021,16
-1178204.2381304326,2006607.3752816021,16
-1177740.9254139052,2006607.3752816021,16
-1177277.6126973776,2006607.3752816021,16
-1176814.2999808502,2006607.3752816021,16
-1176350.9872643226,2006607.3752816021,16
-1175887.6745477952,2006607.3752816021,16
-1175424.3618312676,2006607.3752816021,16
-1174961.04911474,2006607.3752816021,16
-1174497.7363982126,2006607.3752816021,16
-1174034.4236816852,2006607.3752816021,16
-1173571.1109651576,2006607.3752816021,16
-1173107.79824863,2006607.3752816021,16
-1172644.4855321026,2006607.3752816021,16
-1172181.172815575,2006607.3752816021,16
-1171717.8600990477,2006607.3752816021,16
-1171254.54738252,2006607.3752816021,16
-1170791.2346659927,2006607.3752816021,16
-1170327.921949465,2006607.3752816021,16
-1169864.6092329377,2006607.3752816021,16
-1169401.29651641,2006607.3752816021,16
-1168937.9837998827,2006607.3752816021,16
-1168474.671083355,2006607.3752816021,16
-1168011.3583668275,2006607.3752816021,16
-1167548.0456503,2006607.3752816021,16
-1167084.7329337727,2006607.3752816021,16
-1166621.4202172451,2006607.3752816021,16
-1166158.1075007175,2006607.3752816021,16
-1165694.7947841901,2006607.3752816021,16
-1165231.4820676625,2006607.3752816021,16
-1221292.3207674902,2006144.0625650748,16
-1217122.5063187426,2006144.0625650748,16
-1216659.193602215,2006144.0625650748,16
-1215269.2554526327,2006144.0625650748,16
-1214805.942736105,2006144.0625650748,16
-1214342.6300195777,2006144.0625650748,16
-1213879.31730305,2006144.0625650748,16
-1213416.0045865227,2006144.0625650748,16
-1212952.691869995,2006144.0625650748,16
-1212489.3791534677,2006144.0625650748,16
-1212026.06643694,2006144.0625650748,16
-1211562.7537204125,2006144.0625650748,16
-1211099.4410038851,2006144.0625650748,16
-1210636.1282873575,2006144.0625650748,16
-1210172.8155708301,2006144.0625650748,16
-1209709.5028543025,2006144.0625650748,16
-1209246.1901377751,2006144.0625650748,16
-1208782.8774212475,2006144.0625650748,16
-1208319.5647047202,2006144.0625650748,16
-1207856.2519881926,2006144.0625650748,16
-1207392.9392716652,2006144.0625650748,16
-1206929.6265551376,2006144.0625650748,16
-1206466.3138386102,2006144.0625650748,16
-1206003.0011220826,2006144.0625650748,16
-1205539.6884055552,2006144.0625650748,16
-1205076.3756890276,2006144.0625650748,16
-1204613.0629725,2006144.0625650748,16
-1204149.7502559726,2006144.0625650748,16
-1203686.4375394452,2006144.0625650748,16
-1203223.1248229176,2006144.0625650748,16
-1202759.81210639,2006144.0625650748,16
-1202296.4993898626,2006144.0625650748,16
-1201833.186673335,2006144.0625650748,16
-1201369.8739568077,2006144.0625650748,16
-1200906.56124028,2006144.0625650748,16
-1200443.2485237527,2006144.0625650748,16
-1199979.935807225,2006144.0625650748,16
-1199516.6230906977,2006144.0625650748,16
-1199053.31037417,2006144.0625650748,16
-1198589.9976576427,2006144.0625650748,16
-1198126.684941115,2006144.0625650748,16
-1197663.3722245875,2006144.0625650748,16
-1197200.05950806,2006144.0625650748,16
-1196736.7467915327,2006144.0625650748,16
-1196273.4340750051,2006144.0625650748,16
-1195810.1213584775,2006144.0625650748,16
-1195346.8086419501,2006144.0625650748,16
-1194883.4959254225,2006144.0625650748,16
-1194420.1832088951,2006144.0625650748,16
-1193956.8704923675,2006144.0625650748,16
-1193493.5577758402,2006144.0625650748,16
-1193030.2450593126,2006144.0625650748,16
-1192566.9323427852,2006144.0625650748,16
-1192103.6196262576,2006144.0625650748,16
-1191640.3069097302,2006144.0625650748,16
-1191176.9941932026,2006144.0625650748,16
-1190713.6814766752,2006144.0625650748,16
-1190250.3687601476,2006144.0625650748,16
-1189787.0560436202,2006144.0625650748,16
-1189323.7433270926,2006144.0625650748,16
-1188860.430610565,2006144.0625650748,16
-1188397.1178940376,2006144.0625650748,16
-1187933.80517751,2006144.0625650748,16
-1187470.4924609826,2006144.0625650748,16
-1187007.179744455,2006144.0625650748,16
-1186543.8670279277,2006144.0625650748,16
-1186080.5543114,2006144.0625650748,16
-1185617.2415948727,2006144.0625650748,16
-1185153.928878345,2006144.0625650748,16
-1184690.6161618177,2006144.0625650748,16
-1184227.30344529,2006144.0625650748,16
-1183763.9907287627,2006144.0625650748,16
-1183300.678012235,2006144.0625650748,16
-1182837.3652957077,2006144.0625650748,16
-1182374.05257918,2006144.0625650748,16
-1181910.7398626525,2006144.0625650748,16
-1181447.4271461251,2006144.0625650748,16
-1180984.1144295975,2006144.0625650748,16
-1180520.8017130701,2006144.0625650748,16
-1180057.4889965425,2006144.0625650748,16
-1179594.1762800151,2006144.0625650748,16
-1179130.8635634875,2006144.0625650748,16
-1178667.5508469602,2006144.0625650748,16
-1178204.2381304326,2006144.0625650748,16
-1177740.9254139052,2006144.0625650748,16
-1177277.6126973776,2006144.0625650748,16
-1176814.2999808502,2006144.0625650748,16
-1176350.9872643226,2006144.0625650748,16
-1175887.6745477952,2006144.0625650748,16
-1175424.3618312676,2006144.0625650748,16
-1174961.04911474,2006144.0625650748,16
-1174497.7363982126,2006144.0625650748,16
-1174034.4236816852,2006144.0625650748,16
-1173571.1109651576,2006144.0625650748,16
-1173107.79824863,2006144.0625650748,16
-1172644.4855321026,2006144.0625650748,16
-1172181.172815575,2006144.0625650748,16
-1171717.8600990477,2006144.0625650748,16
-1171254.54738252,2006144.0625650748,16
-1170791.2346659927,2006144.0625650748,16
-1170327.921949465,2006144.0625650748,16
-1169864.6092329377,2006144.0625650748,16
-1169401.29651641,2006144.0625650748,16
-1168937.9837998827,2006144.0625650748,16
-1168474.671083355,2006144.0625650748,16
-1168011.3583668275,2006144.0625650748,16
-1167548.0456503,2006144.0625650748,16
-1167084.7329337727,2006144.0625650748,16
-1166621.4202172451,2006144.0625650748,16
-1166158.1075007175,2006144.0625650748,16
-1165694.7947841901,2006144.0625650748,16
-1221292.3207674902,2005680.7498485472,16
-1220829.0080509626,2005680.7498485472,16
-1220365.6953344352,2005680.7498485472,16
-1219902.3826179076,2005680.7498485472,16
-1219439.0699013802,2005680.7498485472,16
-1217585.81903527,2005680.7498485472,16
-1217122.5063187426,2005680.7498485472,16
-1216659.193602215,2005680.7498485472,16
-1215269.2554526327,2005680.7498485472,16
-1214805.942736105,2005680.7498485472,16
-1214342.6300195777,2005680.7498485472,16
-1213879.31730305,2005680.7498485472,16
-1213416.0045865227,2005680.7498485472,16
-1212952.691869995,2005680.7498485472,16
-1212489.3791534677,2005680.7498485472,16
-1212026.06643694,2005680.7498485472,16
-1211562.7537204125,2005680.7498485472,16
-1211099.4410038851,2005680.7498485472,16
-1210636.1282873575,2005680.7498485472,16
-1210172.8155708301,2005680.7498485472,16
-1209709.5028543025,2005680.7498485472,16
-1209246.1901377751,2005680.7498485472,16
-1208782.8774212475,2005680.7498485472,16
-1208319.5647047202,2005680.7498485472,16
-1207856.2519881926,2005680.7498485472,16
-1207392.9392716652,2005680.7498485472,16
-1206929.6265551376,2005680.7498485472,16
-1206466.3138386102,2005680.7498485472,16
-1206003.0011220826,2005680.7498485472,16
-1205539.6884055552,2005680.7498485472,16
-1205076.3756890276,2005680.7498485472,16
-1204613.0629725,2005680.7498485472,16
-1204149.7502559726,2005680.7498485472,16
-1203686.4375394452,2005680.7498485472,16
-1203223.1248229176,2005680.7498485472,16
-1202759.81210639,2005680.7498485472,16
-1202296.4993898626,2005680.7498485472,16
-1201833.186673335,2005680.7498485472,16
-1201369.8739568077,2005680.7498485472,16
-1200906.56124028,2005680.7498485472,16
-1200443.2485237527,2005680.7498485472,16
-1199979.935807225,2005680.7498485472,16
-1199516.6230906977,2005680.7498485472,16
-1199053.31037417,2005680.7498485472,16
-1198589.9976576427,2005680.7498485472,16
-1198126.684941115,2005680.7498485472,16
-1197663.3722245875,2005680.7498485472,16
-1197200.05950806,2005680.7498485472,16
-1196736.7467915327,2005680.7498485472,16
-1196273.4340750051,2005680.7498485472,16
-1195810.1213584775,2005680.7498485472,16
-1195346.8086419501,2005680.7498485472,16
-1194883.4959254225,2005680.7498485472,16
-1194420.1832088951,2005680.7498485472,16
-1193956.8704923675,2005680.7498485472,16
-1193493.5577758402,2005680.7498485472,16
-1193030.2450593126,2005680.7498485472,16
-1192566.9323427852,2005680.7498485472,16
-1192103.6196262576,2005680.7498485472,16
-1191640.3069097302,2005680.7498485472,16
-1191176.9941932026,2005680.7498485472,16
-1190713.6814766752,2005680.7498485472,16
-1190250.3687601476,2005680.7498485472,16
-1189787.0560436202,2005680.7498485472,16
-1189323.7433270926,2005680.7498485472,16
-1188860.430610565,2005680.7498485472,16
-1188397.1178940376,2005680.7498485472,16
-1187933.80517751,2005680.7498485472,16
-1187470.4924609826,2005680.7498485472,16
-1187007.179744455,2005680.7498485472,16
-1186543.8670279277,2005680.7498485472,16
-1186080.5543114,2005680.7498485472,16
-1185617.2415948727,2005680.7498485472,16
-1185153.928878345,2005680.7498485472,16
-1184690.6161618177,2005680.7498485472,16
-1184227.30344529,2005680.7498485472,16
-1183763.9907287627,2005680.7498485472,16
-1183300.678012235,2005680.7498485472,16
-1182837.3652957077,2005680.7498485472,16
-1182374.05257918,2005680.7498485472,16
-1181910.7398626525,2005680.7498485472,16
-1181447.4271461251,2005680.7498485472,16
-1180984.1144295975,2005680.7498485472,16
-1180520.8017130701,2005680.7498485472,16
-1180057.4889965425,2005680.7498485472,16
-1179594.1762800151,2005680.7498485472,16
-1179130.8635634875,2005680.7498485472,16
-1178667.5508469602,2005680.7498485472,16
-1178204.2381304326,2005680.7498485472,16
-1177740.9254139052,2005680.7498485472,16
-1177277.6126973776,2005680.7498485472,16
-1176814.2999808502,2005680.7498485472,16
-1176350.9872643226,2005680.7498485472,16
-1175887.6745477952,2005680.7498485472,16
-1175424.3618312676,2005680.7498485472,16
-1174961.04911474,2005680.7498485472,16
-1174497.7363982126,2005680.7498485472,16
-1174034.4236816852,2005680.7498485472,16
-1173571.1109651576,2005680.7498485472,16
-1173107.79824863,2005680.7498485472,16
-1172644.4855321026,2005680.7498485472,16
-1172181.172815575,2005680.7498485472,16
-1171717.8600990477,2005680.7498485472,16
-1171254.54738252,2005680.7498485472,16
-1170791.2346659927,2005680.7498485472,16
-1170327.921949465,2005680.7498485472,16
-1169864.6092329377,2005680.7498485472,16
-1169401.29651641,2005680.7498485472,16
-1168937.9837998827,2005680.7498485472,16
-1168474.671083355,2005680.7498485472,16
-1168011.3583668275,2005680.7498485472,16
-1167548.0456503,2005680.7498485472,16
-1167084.7329337727,2005680.7498485472,16
-1166621.4202172451,2005680.7498485472,16
-1166158.1075007175,2005680.7498485472,16
-1165694.7947841901,2005680.7498485472,16
-1221292.3207674902,2005217.4371320198,16
-1220829.0080509626,2005217.4371320198,16
-1220365.6953344352,2005217.4371320198,16
-1219902.3826179076,2005217.4371320198,16
-1219439.0699013802,2005217.4371320198,16
-1218975.7571848526,2005217.4371320198,16
-1218512.444468325,2005217.4371320198,16
-1218049.1317517976,2005217.4371320198,16
-1217585.81903527,2005217.4371320198,16
-1217122.5063187426,2005217.4371320198,16
-1216659.193602215,2005217.4371320198,16
-1216195.8808856877,2005217.4371320198,16
-1214805.942736105,2005217.4371320198,16
-1214342.6300195777,2005217.4371320198,16
-1213879.31730305,2005217.4371320198,16
-1213416.0045865227,2005217.4371320198,16
-1212952.691869995,2005217.4371320198,16
-1212489.3791534677,2005217.4371320198,16
-1212026.06643694,2005217.4371320198,16
-1211562.7537204125,2005217.4371320198,16
-1211099.4410038851,2005217.4371320198,16
-1210636.1282873575,2005217.4371320198,16
-1210172.8155708301,2005217.4371320198,16
-1209709.5028543025,2005217.4371320198,16
-1209246.1901377751,2005217.4371320198,16
-1208782.8774212475,2005217.4371320198,16
-1208319.5647047202,2005217.4371320198,16
-1207856.2519881926,2005217.4371320198,16
-1207392.9392716652,2005217.4371320198,16
-1206929.6265551376,2005217.4371320198,16
-1206466.3138386102,2005217.4371320198,16
-1206003.0011220826,2005217.4371320198,16
-1205539.6884055552,2005217.4371320198,16
-1205076.3756890276,2005217.4371320198,16
-1204613.0629725,2005217.4371320198,16
-1204149.7502559726,2005217.4371320198,16
-1203686.4375394452,2005217.4371320198,16
-1203223.1248229176,2005217.4371320198,16
-1202759.81210639,2005217.4371320198,16
-1202296.4993898626,2005217.4371320198,16
-1201833.186673335,2005217.4371320198,16
-1201369.8739568077,2005217.4371320198,16
-1200906.56124028,2005217.4371320198,16
-1200443.2485237527,2005217.4371320198,16
-1199979.935807225,2005217.4371320198,16
-1199516.6230906977,2005217.4371320198,16
-1199053.31037417,2005217.4371320198,16
-1198589.9976576427,2005217.4371320198,16
-1198126.684941115,2005217.4371320198,16
-1197663.3722245875,2005217.4371320198,16
-1197200.05950806,2005217.4371320198,16
-1196736.7467915327,2005217.4371320198,16
-1196273.4340750051,2005217.4371320198,16
-1195810.1213584775,2005217.4371320198,16
-1195346.8086419501,2005217.4371320198,16
-1194883.4959254225,2005217.4371320198,16
-1194420.1832088951,2005217.4371320198,16
-1193956.8704923675,2005217.4371320198,16
-1193493.5577758402,2005217.4371320198,16
-1193030.2450593126,2005217.4371320198,16
-1192566.9323427852,2005217.4371320198,16
-1192103.6196262576,2005217.4371320198,16
-1191640.3069097302,2005217.4371320198,16
-1191176.9941932026,2005217.4371320198,16
-1190713.6814766752,2005217.4371320198,16
-1190250.3687601476,2005217.4371320198,16
-1189787.0560436202,2005217.4371320198,16
-1189323.7433270926,2005217.4371320198,16
-1188860.430610565,2005217.4371320198,16
-1188397.1178940376,2005217.4371320198,16
-1187933.80517751,2005217.4371320198,16
-1187470.4924609826,2005217.4371320198,16
-1187007.179744455,2005217.4371320198,16
-1186543.8670279277,2005217.4371320198,16
-1186080.5543114,2005217.4371320198,16
-1185617.2415948727,2005217.4371320198,16
-1185153.928878345,2005217.4371320198,16
-1184690.6161618177,2005217.4371320198,16
-1184227.30344529,2005217.4371320198,16
-1183763.9907287627,2005217.4371320198,16
-1183300.678012235,2005217.4371320198,16
-1182837.3652957077,2005217.4371320198,16
-1182374.05257918,2005217.4371320198,16
-1181910.7398626525,2005217.4371320198,16
-1181447.4271461251,2005217.4371320198,16
-1180984.1144295975,2005217.4371320198,16
-1180520.8017130701,2005217.4371320198,16
-1180057.4889965425,2005217.4371320198,16
-1179594.1762800151,2005217.4371320198,16
-1179130.8635634875,2005217.4371320198,16
-1178667.5508469602,2005217.4371320198,16
-1178204.2381304326,2005217.4371320198,16
-1177740.9254139052,2005217.4371320198,16
-1177277.6126973776,2005217.4371320198,16
-1176814.2999808502,2005217.4371320198,16
-1176350.9872643226,2005217.4371320198,16
-1175887.6745477952,2005217.4371320198,16
-1175424.3618312676,2005217.4371320198,16
-1174961.04911474,2005217.4371320198,16
-1174497.7363982126,2005217.4371320198,16
-1174034.4236816852,2005217.4371320198,16
-1173571.1109651576,2005217.4371320198,16
-1173107.79824863,2005217.4371320198,16
-1172644.4855321026,2005217.4371320198,16
-1172181.172815575,2005217.4371320198,16
-1171717.8600990477,2005217.4371320198,16
-1171254.54738252,2005217.4371320198,16
-1170791.2346659927,2005217.4371320198,16
-1170327.921949465,2005217.4371320198,16
-1169864.6092329377,2005217.4371320198,16
-1169401.29651641,2005217.4371320198,16
-1168937.9837998827,2005217.4371320198,16
-1168474.671083355,2005217.4371320198,16
-1168011.3583668275,2005217.4371320198,16
-1167548.0456503,2005217.4371320198,16
-1167084.7329337727,2005217.4371320198,16
-1166621.4202172451,2005217.4371320198,16
-1166158.1075007175,2005217.4371320198,16
-1165694.7947841901,2005217.4371320198,16
-1221292.3207674902,2004754.1244154922,16
-1220829.0080509626,2004754.1244154922,16
-1220365.6953344352,2004754.1244154922,16
-1219902.3826179076,2004754.1244154922,16
-1219439.0699013802,2004754.1244154922,16
-1218975.7571848526,2004754.1244154922,16
-1218512.444468325,2004754.1244154922,16
-1218049.1317517976,2004754.1244154922,16
-1217585.81903527,2004754.1244154922,16
-1217122.5063187426,2004754.1244154922,16
-1216659.193602215,2004754.1244154922,16
-1216195.8808856877,2004754.1244154922,16
-1215732.56816916,2004754.1244154922,16
-1215269.2554526327,2004754.1244154922,16
-1214805.942736105,2004754.1244154922,16
-1214342.6300195777,2004754.1244154922,16
-1213879.31730305,2004754.1244154922,16
-1213416.0045865227,2004754.1244154922,16
-1212952.691869995,2004754.1244154922,16
-1212489.3791534677,2004754.1244154922,16
-1212026.06643694,2004754.1244154922,16
-1211562.7537204125,2004754.1244154922,16
-1211099.4410038851,2004754.1244154922,16
-1210636.1282873575,2004754.1244154922,16
-1210172.8155708301,2004754.1244154922,16
-1209709.5028543025,2004754.1244154922,16
-1209246.1901377751,2004754.1244154922,16
-1208782.8774212475,2004754.1244154922,16
-1208319.5647047202,2004754.1244154922,16
-1207856.2519881926,2004754.1244154922,16
-1207392.9392716652,2004754.1244154922,16
-1206929.6265551376,2004754.1244154922,16
-1206466.3138386102,2004754.1244154922,16
-1206003.0011220826,2004754.1244154922,16
-1205539.6884055552,2004754.1244154922,16
-1205076.3756890276,2004754.1244154922,16
-1204613.0629725,2004754.1244154922,16
-1204149.7502559726,2004754.1244154922,16
-1203686.4375394452,2004754.1244154922,16
-1203223.1248229176,2004754.1244154922,16
-1202759.81210639,2004754.1244154922,16
-1202296.4993898626,2004754.1244154922,16
-1201833.186673335,2004754.1244154922,16
-1201369.8739568077,2004754.1244154922,16
-1200906.56124028,2004754.1244154922,16
-1200443.2485237527,2004754.1244154922,16
-1199979.935807225,2004754.1244154922,16
-1199516.6230906977,2004754.1244154922,16
-1199053.31037417,2004754.1244154922,16
-1198589.9976576427,2004754.1244154922,16
-1198126.684941115,2004754.1244154922,16
-1197663.3722245875,2004754.1244154922,16
-1197200.05950806,2004754.1244154922,16
-1196736.7467915327,2004754.1244154922,16
-1196273.4340750051,2004754.1244154922,16
-1195810.1213584775,2004754.1244154922,16
-1195346.8086419501,2004754.1244154922,16
-1194883.4959254225,2004754.1244154922,16
-1194420.1832088951,2004754.1244154922,16
-1193956.8704923675,2004754.1244154922,16
-1193493.5577758402,2004754.1244154922,16
-1193030.2450593126,2004754.1244154922,16
-1192566.9323427852,2004754.1244154922,16
-1192103.6196262576,2004754.1244154922,16
-1191640.3069097302,2004754.1244154922,16
-1191176.9941932026,2004754.1244154922,16
-1190713.6814766752,2004754.1244154922,16
-1190250.3687601476,2004754.1244154922,16
-1189787.0560436202,2004754.1244154922,16
-1189323.7433270926,2004754.1244154922,16
-1188860.430610565,2004754.1244154922,16
-1188397.1178940376,2004754.1244154922,16
-1187933.80517751,2004754.1244154922,16
-1187470.4924609826,2004754.1244154922,16
-1187007.179744455,2004754.1244154922,16
-1186543.8670279277,2004754.1244154922,16
-1186080.5543114,2004754.1244154922,16
-1185617.2415948727,2004754.1244154922,16
-1185153.928878345,2004754.1244154922,16
-1184690.6161618177,2004754.1244154922,16
-1184227.30344529,2004754.1244154922,16
-1183763.9907287627,2004754.1244154922,16
-1183300.678012235,2004754.1244154922,16
-1182837.3652957077,2004754.1244154922,16
-1182374.05257918,2004754.1244154922,16
-1181910.7398626525,2004754.1244154922,16
-1181447.4271461251,2004754.1244154922,16
-1180984.1144295975,2004754.1244154922,16
-1180520.8017130701,2004754.1244154922,16
-1180057.4889965425,2004754.1244154922,16
-1179594.1762800151,2004754.1244154922,16
-1179130.8635634875,2004754.1244154922,16
-1178667.5508469602,2004754.1244154922,16
-1178204.2381304326,2004754.1244154922,16
-1177740.9254139052,2004754.1244154922,16
-1177277.6126973776,2004754.1244154922,16
-1176814.2999808502,2004754.1244154922,16
-1176350.9872643226,2004754.1244154922,16
-1175887.6745477952,2004754.1244154922,16
-1175424.3618312676,2004754.1244154922,16
-1174961.04911474,2004754.1244154922,16
-1174497.7363982126,2004754.1244154922,16
-1174034.4236816852,2004754.1244154922,16
-1173571.1109651576,2004754.1244154922,16
-1173107.79824863,2004754.1244154922,16
-1172644.4855321026,2004754.1244154922,16
-1172181.172815575,2004754.1244154922,16
-1171717.8600990477,2004754.1244154922,16
-1171254.54738252,2004754.1244154922,16
-1170791.2346659927,2004754.1244154922,16
-1170327.921949465,2004754.1244154922,16
-1169864.6092329377,2004754.1244154922,16
-1169401.29651641,2004754.1244154922,16
-1168937.9837998827,2004754.1244154922,16
-1168474.671083355,2004754.1244154922,16
-1168011.3583668275,2004754.1244154922,16
-1167548.0456503,2004754.1244154922,16
-1167084.7329337727,2004754.1244154922,16
-1166621.4202172451,2004754.1244154922,16
-1166158.1075007175,2004754.1244154922,16
-1165694.7947841901,2004754.1244154922,16
-1221292.3207674902,2004290.8116989648,16
-1220829.0080509626,2004290.8116989648,16
-1220365.6953344352,2004290.8116989648,16
-1219902.3826179076,2004290.8116989648,16
-1219439.0699013802,2004290.8116989648,16
-1218975.7571848526,2004290.8116989648,16
-1218512.444468325,2004290.8116989648,16
-1218049.1317517976,2004290.8116989648,16
-1217585.81903527,2004290.8116989648,16
-1217122.5063187426,2004290.8116989648,16
-1216659.193602215,2004290.8116989648,16
-1216195.8808856877,2004290.8116989648,16
-1215732.56816916,2004290.8116989648,16
-1215269.2554526327,2004290.8116989648,16
-1214805.942736105,2004290.8116989648,16
-1214342.6300195777,2004290.8116989648,16
-1213879.31730305,2004290.8116989648,16
-1213416.0045865227,2004290.8116989648,16
-1212952.691869995,2004290.8116989648,16
-1212489.3791534677,2004290.8116989648,16
-1212026.06643694,2004290.8116989648,16
-1211562.7537204125,2004290.8116989648,16
-1211099.4410038851,2004290.8116989648,16
-1210636.1282873575,2004290.8116989648,16
-1210172.8155708301,2004290.8116989648,16
-1209709.5028543025,2004290.8116989648,16
-1209246.1901377751,2004290.8116989648,16
-1208782.8774212475,2004290.8116989648,16
-1208319.5647047202,2004290.8116989648,16
-1207856.2519881926,2004290.8116989648,16
-1207392.9392716652,2004290.8116989648,16
-1206929.6265551376,2004290.8116989648,16
-1206466.3138386102,2004290.8116989648,16
-1206003.0011220826,2004290.8116989648,16
-1205539.6884055552,2004290.8116989648,16
-1205076.3756890276,2004290.8116989648,16
-1204613.0629725,2004290.8116989648,16
-1204149.7502559726,2004290.8116989648,16
-1203686.4375394452,2004290.8116989648,16
-1203223.1248229176,2004290.8116989648,16
-1202759.81210639,2004290.8116989648,16
-1202296.4993898626,2004290.8116989648,16
-1201833.186673335,2004290.8116989648,16
-1201369.8739568077,2004290.8116989648,16
-1200906.56124028,2004290.8116989648,16
-1200443.2485237527,2004290.8116989648,16
-1199979.935807225,2004290.8116989648,16
-1199516.6230906977,2004290.8116989648,16
-1199053.31037417,2004290.8116989648,16
-1198589.9976576427,2004290.8116989648,16
-1198126.684941115,2004290.8116989648,16
-1197663.3722245875,2004290.8116989648,16
-1197200.05950806,2004290.8116989648,16
-1196736.7467915327,2004290.8116989648,16
-1196273.4340750051,2004290.8116989648,16
-1195810.1213584775,2004290.8116989648,16
-1195346.8086419501,2004290.8116989648,16
-1194883.4959254225,2004290.8116989648,16
-1194420.1832088951,2004290.8116989648,16
-1193956.8704923675,2004290.8116989648,16
-1193493.5577758402,2004290.8116989648,16
-1193030.2450593126,2004290.8116989648,16
-1192566.9323427852,2004290.8116989648,16
-1192103.6196262576,2004290.8116989648,16
-1191640.3069097302,2004290.8116989648,16
-1191176.9941932026,2004290.8116989648,16
-1190713.6814766752,2004290.8116989648,16
-1190250.3687601476,2004290.8116989648,16
-1189787.0560436202,2004290.8116989648,16
-1189323.7433270926,2004290.8116989648,16
-1188860.430610565,2004290.8116989648,16
-1188397.1178940376,2004290.8116989648,16
-1187933.80517751,2004290.8116989648,16
-1187470.4924609826,2004290.8116989648,16
-1187007.179744455,2004290.8116989648,16
-1186543.8670279277,2004290.8116989648,16
-1186080.5543114,2004290.8116989648,16
-1185617.2415948727,2004290.8116989648,16
-1185153.928878345,2004290.8116989648,16
-1184690.6161618177,2004290.8116989648,16
-1184227.30344529,2004290.8116989648,16
-1183763.9907287627,2004290.8116989648,16
-1183300.678012235,2004290.8116989648,16
-1182837.3652957077,2004290.8116989648,16
-1182374.05257918,2004290.8116989648,16
-1181910.7398626525,2004290.8116989648,16
-1181447.4271461251,2004290.8116989648,16
-1180984.1144295975,2004290.8116989648,16
-1180520.8017130701,2004290.8116989648,16
-1180057.4889965425,2004290.8116989648,16
-1179594.1762800151,2004290.8116989648,16
-1179130.8635634875,2004290.8116989648,16
-1178667.5508469602,2004290.8116989648,16
-1178204.2381304326,2004290.8116989648,16
-1177740.9254139052,2004290.8116989648,16
-1177277.6126973776,2004290.8116989648,16
-1176814.2999808502,2004290.8116989648,16
-1176350.9872643226,2004290.8116989648,16
-1175887.6745477952,2004290.8116989648,16
-1175424.3618312676,2004290.8116989648,16
-1174961.04911474,2004290.8116989648,16
-1174497.7363982126,2004290.8116989648,16
-1174034.4236816852,2004290.8116989648,16
-1173571.1109651576,2004290.8116989648,16
-1173107.79824863,2004290.8116989648,16
-1172644.4855321026,2004290.8116989648,16
-1172181.172815575,2004290.8116989648,16
-1171717.8600990477,2004290.8116989648,16
-1171254.54738252,2004290.8116989648,16
-1170791.2346659927,2004290.8116989648,16
-1170327.921949465,2004290.8116989648,16
-1169864.6092329377,2004290.8116989648,16
-1169401.29651641,2004290.8116989648,16
-1168937.9837998827,2004290.8116989648,16
-1168474.671083355,2004290.8116989648,16
-1168011.3583668275,2004290.8116989648,16
-1167548.0456503,2004290.8116989648,16
-1167084.7329337727,2004290.8116989648,16
-1166621.4202172451,2004290.8116989648,16
-1166158.1075007175,2004290.8116989648,16
-1165694.7947841901,2004290.8116989648,16
-1221755.6334840176,2003827.4989824372,16
-1221292.3207674902,2003827.4989824372,16
-1220829.0080509626,2003827.4989824372,16
-1220365.6953344352,2003827.4989824372,16
-1219902.3826179076,2003827.4989824372,16
-1219439.0699013802,2003827.4989824372,16
-1218975.7571848526,2003827.4989824372,16
-1218512.444468325,2003827.4989824372,16
-1218049.1317517976,2003827.4989824372,16
-1217585.81903527,2003827.4989824372,16
-1217122.5063187426,2003827.4989824372,16
-1216659.193602215,2003827.4989824372,16
-1216195.8808856877,2003827.4989824372,16
-1215732.56816916,2003827.4989824372,16
-1215269.2554526327,2003827.4989824372,16
-1214805.942736105,2003827.4989824372,16
-1214342.6300195777,2003827.4989824372,16
-1213879.31730305,2003827.4989824372,16
-1213416.0045865227,2003827.4989824372,16
-1212952.691869995,2003827.4989824372,16
-1212489.3791534677,2003827.4989824372,16
-1212026.06643694,2003827.4989824372,16
-1211562.7537204125,2003827.4989824372,16
-1211099.4410038851,2003827.4989824372,16
-1210636.1282873575,2003827.4989824372,16
-1210172.8155708301,2003827.4989824372,16
-1209709.5028543025,2003827.4989824372,16
-1209246.1901377751,2003827.4989824372,16
-1208782.8774212475,2003827.4989824372,16
-1208319.5647047202,2003827.4989824372,16
-1207856.2519881926,2003827.4989824372,16
-1207392.9392716652,2003827.4989824372,16
-1206929.6265551376,2003827.4989824372,16
-1206466.3138386102,2003827.4989824372,16
-1206003.0011220826,2003827.4989824372,16
-1205539.6884055552,2003827.4989824372,16
-1205076.3756890276,2003827.4989824372,16
-1204613.0629725,2003827.4989824372,16
-1204149.7502559726,2003827.4989824372,16
-1203686.4375394452,2003827.4989824372,16
-1203223.1248229176,2003827.4989824372,16
-1202759.81210639,2003827.4989824372,16
-1202296.4993898626,2003827.4989824372,16
-1201833.186673335,2003827.4989824372,16
-1201369.8739568077,2003827.4989824372,16
-1200906.56124028,2003827.4989824372,16
-1200443.2485237527,2003827.4989824372,16
-1199979.935807225,2003827.4989824372,16
-1199516.6230906977,2003827.4989824372,16
-1199053.31037417,2003827.4989824372,16
-1198589.9976576427,2003827.4989824372,16
-1198126.684941115,2003827.4989824372,16
-1197663.3722245875,2003827.4989824372,16
-1197200.05950806,2003827.4989824372,16
-1196736.7467915327,2003827.4989824372,16
-1196273.4340750051,2003827.4989824372,16
-1195810.1213584775,2003827.4989824372,16
-1195346.8086419501,2003827.4989824372,16
-1194883.4959254225,2003827.4989824372,16
-1194420.1832088951,2003827.4989824372,16
-1193956.8704923675,2003827.4989824372,16
-1193493.5577758402,2003827.4989824372,16
-1193030.2450593126,2003827.4989824372,16
-1192566.9323427852,2003827.4989824372,16
-1192103.6196262576,2003827.4989824372,16
-1191640.3069097302,2003827.4989824372,16
-1191176.9941932026,2003827.4989824372,16
-1190713.6814766752,2003827.4989824372,16
-1190250.3687601476,2003827.4989824372,16
-1189787.0560436202,2003827.4989824372,16
-1189323.7433270926,2003827.4989824372,16
-1188860.430610565,2003827.4989824372,16
-1188397.1178940376,2003827.4989824372,16
-1187933.80517751,2003827.4989824372,16
-1187470.4924609826,2003827.4989824372,16
-1187007.179744455,2003827.4989824372,16
-1186543.8670279277,2003827.4989824372,16
-1186080.5543114,2003827.4989824372,16
-1185617.2415948727,2003827.4989824372,16
-1185153.928878345,2003827.4989824372,16
-1184690.6161618177,2003827.4989824372,16
-1184227.30344529,2003827.4989824372,16
-1183763.9907287627,2003827.4989824372,16
-1183300.678012235,2003827.4989824372,16
-1182837.3652957077,2003827.4989824372,16
-1182374.05257918,2003827.4989824372,16
-1181910.7398626525,2003827.4989824372,16
-1181447.4271461251,2003827.4989824372,16
-1180984.1144295975,2003827.4989824372,16
-1180520.8017130701,2003827.4989824372,16
-1180057.4889965425,2003827.4989824372,16
-1179594.1762800151,2003827.4989824372,16
-1179130.8635634875,2003827.4989824372,16
-1178667.5508469602,2003827.4989824372,16
-1178204.2381304326,2003827.4989824372,16
-1177740.9254139052,2003827.4989824372,16
-1177277.6126973776,2003827.4989824372,16
-1176814.2999808502,2003827.4989824372,16
-1176350.9872643226,2003827.4989824372,16
-1175887.6745477952,2003827.4989824372,16
-1175424.3618312676,2003827.4989824372,16
-1174961.04911474,2003827.4989824372,16
-1174497.7363982126,2003827.4989824372,16
-1174034.4236816852,2003827.4989824372,16
-1173571.1109651576,2003827.4989824372,16
-1173107.79824863,2003827.4989824372,16
-1172644.4855321026,2003827.4989824372,16
-1172181.172815575,2003827.4989824372,16
-1171717.8600990477,2003827.4989824372,16
-1171254.54738252,2003827.4989824372,16
-1170791.2346659927,2003827.4989824372,16
-1170327.921949465,2003827.4989824372,16
-1169864.6092329377,2003827.4989824372,16
-1169401.29651641,2003827.4989824372,16
-1168937.9837998827,2003827.4989824372,16
-1168474.671083355,2003827.4989824372,16
-1168011.3583668275,2003827.4989824372,16
-1167548.0456503,2003827.4989824372,16
-1167084.7329337727,2003827.4989824372,16
-1166621.4202172451,2003827.4989824372,16
-1166158.1075007175,2003827.4989824372,16
-1221755.6334840176,2003364.1862659098,16
-1221292.3207674902,2003364.1862659098,16
-1220829.0080509626,2003364.1862659098,16
-1220365.6953344352,2003364.1862659098,16
-1219902.3826179076,2003364.1862659098,16
-1219439.0699013802,2003364.1862659098,16
-1218975.7571848526,2003364.1862659098,16
-1218512.444468325,2003364.1862659098,16
-1218049.1317517976,2003364.1862659098,16
-1217585.81903527,2003364.1862659098,16
-1217122.5063187426,2003364.1862659098,16
-1216659.193602215,2003364.1862659098,16
-1216195.8808856877,2003364.1862659098,16
-1215732.56816916,2003364.1862659098,16
-1215269.2554526327,2003364.1862659098,16
-1214805.942736105,2003364.1862659098,16
-1214342.6300195777,2003364.1862659098,16
-1213879.31730305,2003364.1862659098,16
-1213416.0045865227,2003364.1862659098,16
-1212952.691869995,2003364.1862659098,16
-1212489.3791534677,2003364.1862659098,16
-1212026.06643694,2003364.1862659098,16
-1211562.7537204125,2003364.1862659098,16
-1211099.4410038851,2003364.1862659098,16
-1210636.1282873575,2003364.1862659098,16
-1210172.8155708301,2003364.1862659098,16
-1209709.5028543025,2003364.1862659098,16
-1209246.1901377751,2003364.1862659098,16
-1208782.8774212475,2003364.1862659098,16
-1208319.5647047202,2003364.1862659098,16
-1207856.2519881926,2003364.1862659098,16
-1207392.9392716652,2003364.1862659098,16
-1206929.6265551376,2003364.1862659098,16
-1206466.3138386102,2003364.1862659098,16
-1206003.0011220826,2003364.1862659098,16
-1205539.6884055552,2003364.1862659098,16
-1205076.3756890276,2003364.1862659098,16
-1204613.0629725,2003364.1862659098,16
-1204149.7502559726,2003364.1862659098,16
-1203686.4375394452,2003364.1862659098,16
-1203223.1248229176,2003364.1862659098,16
-1202759.81210639,2003364.1862659098,16
-1202296.4993898626,2003364.1862659098,16
-1201833.186673335,2003364.1862659098,16
-1201369.8739568077,2003364.1862659098,16
-1200906.56124028,2003364.1862659098,16
-1200443.2485237527,2003364.1862659098,16
-1199979.935807225,2003364.1862659098,16
-1199516.6230906977,2003364.1862659098,16
-1199053.31037417,2003364.1862659098,16
-1198589.9976576427,2003364.1862659098,16
-1198126.684941115,2003364.1862659098,16
-1197663.3722245875,2003364.1862659098,16
-1197200.05950806,2003364.1862659098,16
-1196736.7467915327,2003364.1862659098,16
-1196273.4340750051,2003364.1862659098,16
-1195810.1213584775,2003364.1862659098,16
-1195346.8086419501,2003364.1862659098,16
-1194883.4959254225,2003364.1862659098,16
-1194420.1832088951,2003364.1862659098,16
-1193956.8704923675,2003364.1862659098,16
-1193493.5577758402,2003364.1862659098,16
-1193030.2450593126,2003364.1862659098,16
-1192566.9323427852,2003364.1862659098,16
-1192103.6196262576,2003364.1862659098,16
-1191640.3069097302,2003364.1862659098,16
-1191176.9941932026,2003364.1862659098,16
-1190713.6814766752,2003364.1862659098,16
-1190250.3687601476,2003364.1862659098,16
-1189787.0560436202,2003364.1862659098,16
-1189323.7433270926,2003364.1862659098,16
-1188860.430610565,2003364.1862659098,16
-1188397.1178940376,2003364.1862659098,16
-1187933.80517751,2003364.1862659098,16
-1187470.4924609826,2003364.1862659098,16
-1187007.179744455,2003364.1862659098,16
-1186543.8670279277,2003364.1862659098,16
-1186080.5543114,2003364.1862659098,16
-1185617.2415948727,2003364.1862659098,16
-1185153.928878345,2003364.1862659098,16
-1184690.6161618177,2003364.1862659098,16
-1184227.30344529,2003364.1862659098,16
-1183763.9907287627,2003364.1862659098,16
-1183300.678012235,2003364.1862659098,16
-1182837.3652957077,2003364.1862659098,16
-1182374.05257918,2003364.1862659098,16
-1181910.7398626525,2003364.1862659098,16
-1181447.4271461251,2003364.1862659098,16
-1180984.1144295975,2003364.1862659098,16
-1180520.8017130701,2003364.1862659098,16
-1180057.4889965425,2003364.1862659098,16
-1179594.1762800151,2003364.1862659098,16
-1179130.8635634875,2003364.1862659098,16
-1178667.5508469602,2003364.1862659098,16
-1178204.2381304326,2003364.1862659098,16
-1177740.9254139052,2003364.1862659098,16
-1177277.6126973776,2003364.1862659098,16
-1176814.2999808502,2003364.1862659098,16
-1176350.9872643226,2003364.1862659098,16
-1175887.6745477952,2003364.1862659098,16
-1175424.3618312676,2003364.1862659098,16
-1174961.04911474,2003364.1862659098,16
-1174497.7363982126,2003364.1862659098,16
-1174034.4236816852,2003364.1862659098,16
-1173571.1109651576,2003364.1862659098,16
-1173107.79824863,2003364.1862659098,16
-1172644.4855321026,2003364.1862659098,16
-1172181.172815575,2003364.1862659098,16
-1171717.8600990477,2003364.1862659098,16
-1171254.54738252,2003364.1862659098,16
-1170791.2346659927,2003364.1862659098,16
-1170327.921949465,2003364.1862659098,16
-1169864.6092329377,2003364.1862659098,16
-1169401.29651641,2003364.1862659098,16
-1168937.9837998827,2003364.1862659098,16
-1168474.671083355,2003364.1862659098,16
-1168011.3583668275,2003364.1862659098,16
-1167548.0456503,2003364.1862659098,16
-1167084.7329337727,2003364.1862659098,16
-1166621.4202172451,2003364.1862659098,16
-1166158.1075007175,2003364.1862659098,16
-1221755.6334840176,2002900.8735493822,16
-1221292.3207674902,2002900.8735493822,16
-1220829.0080509626,2002900.8735493822,16
-1220365.6953344352,2002900.8735493822,16
-1219902.3826179076,2002900.8735493822,16
-1219439.0699013802,2002900.8735493822,16
-1218975.7571848526,2002900.8735493822,16
-1218512.444468325,2002900.8735493822,16
-1218049.1317517976,2002900.8735493822,16
-1217585.81903527,2002900.8735493822,16
-1217122.5063187426,2002900.8735493822,16
-1216659.193602215,2002900.8735493822,16
-1216195.8808856877,2002900.8735493822,16
-1215732.56816916,2002900.8735493822,16
-1215269.2554526327,2002900.8735493822,16
-1214805.942736105,2002900.8735493822,16
-1214342.6300195777,2002900.8735493822,16
-1213879.31730305,2002900.8735493822,16
-1213416.0045865227,2002900.8735493822,16
-1212952.691869995,2002900.8735493822,16
-1212489.3791534677,2002900.8735493822,16
-1212026.06643694,2002900.8735493822,16
-1211562.7537204125,2002900.8735493822,16
-1211099.4410038851,2002900.8735493822,16
-1210636.1282873575,2002900.8735493822,16
-1210172.8155708301,2002900.8735493822,16
-1209709.5028543025,2002900.8735493822,16
-1209246.1901377751,2002900.8735493822,16
-1208782.8774212475,2002900.8735493822,16
-1208319.5647047202,2002900.8735493822,16
-1207856.2519881926,2002900.8735493822,16
-1207392.9392716652,2002900.8735493822,16
-1206929.6265551376,2002900.8735493822,16
-1206466.3138386102,2002900.8735493822,16
-1206003.0011220826,2002900.8735493822,16
-1205539.6884055552,2002900.8735493822,16
-1205076.3756890276,2002900.8735493822,16
-1204613.0629725,2002900.8735493822,16
-1204149.7502559726,2002900.8735493822,16
-1203686.4375394452,2002900.8735493822,16
-1203223.1248229176,2002900.8735493822,16
-1202759.81210639,2002900.8735493822,16
-1202296.4993898626,2002900.8735493822,16
-1201833.186673335,2002900.8735493822,16
-1201369.8739568077,2002900.8735493822,16
-1200906.56124028,2002900.8735493822,16
-1200443.2485237527,2002900.8735493822,16
-1199979.935807225,2002900.8735493822,16
-1199516.6230906977,2002900.8735493822,16
-1199053.31037417,2002900.8735493822,16
-1198589.9976576427,2002900.8735493822,16
-1198126.684941115,2002900.8735493822,16
-1197663.3722245875,2002900.8735493822,16
-1197200.05950806,2002900.8735493822,16
-1196736.7467915327,2002900.8735493822,16
-1196273.4340750051,2002900.8735493822,16
-1195810.1213584775,2002900.8735493822,16
-1195346.8086419501,2002900.8735493822,16
-1194883.4959254225,2002900.8735493822,16
-1194420.1832088951,2002900.8735493822,16
-1193956.8704923675,2002900.8735493822,16
-1193493.5577758402,2002900.8735493822,16
-1193030.2450593126,2002900.8735493822,16
-1192566.9323427852,2002900.8735493822,16
-1192103.6196262576,2002900.8735493822,16
-1191640.3069097302,2002900.8735493822,16
-1191176.9941932026,2002900.8735493822,16
-1190713.6814766752,2002900.8735493822,16
-1190250.3687601476,2002900.8735493822,16
-1189787.0560436202,2002900.8735493822,16
-1189323.7433270926,2002900.8735493822,16
-1188860.430610565,2002900.8735493822,16
-1188397.1178940376,2002900.8735493822,16
-1187933.80517751,2002900.8735493822,16
-1187470.4924609826,2002900.8735493822,16
-1187007.179744455,2002900.8735493822,16
-1186543.8670279277,2002900.8735493822,16
-1186080.5543114,2002900.8735493822,16
-1185617.2415948727,2002900.8735493822,16
-1185153.928878345,2002900.8735493822,16
-1184690.6161618177,2002900.8735493822,16
-1184227.30344529,2002900.8735493822,16
-1183763.9907287627,2002900.8735493822,16
-1183300.678012235,2002900.8735493822,16
-1182837.3652957077,2002900.8735493822,16
-1182374.05257918,2002900.8735493822,16
-1181910.7398626525,2002900.8735493822,16
-1181447.4271461251,2002900.8735493822,16
-1180984.1144295975,2002900.8735493822,16
-1180520.8017130701,2002900.8735493822,16
-1180057.4889965425,2002900.8735493822,16
-1179594.1762800151,2002900.8735493822,16
-1179130.8635634875,2002900.8735493822,16
-1178667.5508469602,2002900.8735493822,16
-1178204.2381304326,2002900.8735493822,16
-1177740.9254139052,2002900.8735493822,16
-1177277.6126973776,2002900.8735493822,16
-1176814.2999808502,2002900.8735493822,16
-1176350.9872643226,2002900.8735493822,16
-1175887.6745477952,2002900.8735493822,16
-1175424.3618312676,2002900.8735493822,16
-1174961.04911474,2002900.8735493822,16
-1174497.7363982126,2002900.8735493822,16
-1174034.4236816852,2002900.8735493822,16
-1173571.1109651576,2002900.8735493822,16
-1173107.79824863,2002900.8735493822,16
-1172644.4855321026,2002900.8735493822,16
-1172181.172815575,2002900.8735493822,16
-1171717.8600990477,2002900.8735493822,16
-1171254.54738252,2002900.8735493822,16
-1170791.2346659927,2002900.8735493822,16
-1170327.921949465,2002900.8735493822,16
-1169864.6092329377,2002900.8735493822,16
-1169401.29651641,2002900.8735493822,16
-1168937.9837998827,2002900.8735493822,16
-1168474.671083355,2002900.8735493822,16
-1168011.3583668275,2002900.8735493822,16
-1167548.0456503,2002900.8735493822,16
-1167084.7329337727,2002900.8735493822,16
-1166621.4202172451,2002900.8735493822,16
-1166158.1075007175,2002900.8735493822,16
-1221755.6334840176,2002437.5608328548,16
-1221292.3207674902,2002437.5608328548,16
-1220829.0080509626,2002437.5608328548,16
-1220365.6953344352,2002437.5608328548,16
-1219902.3826179076,2002437.5608328548,16
-1219439.0699013802,2002437.5608328548,16
-1218975.7571848526,2002437.5608328548,16
-1218512.444468325,2002437.5608328548,16
-1218049.1317517976,2002437.5608328548,16
-1217585.81903527,2002437.5608328548,16
-1217122.5063187426,2002437.5608328548,16
-1216659.193602215,2002437.5608328548,16
-1216195.8808856877,2002437.5608328548,16
-1215732.56816916,2002437.5608328548,16
-1215269.2554526327,2002437.5608328548,16
-1214805.942736105,2002437.5608328548,16
-1214342.6300195777,2002437.5608328548,16
-1213879.31730305,2002437.5608328548,16
-1213416.0045865227,2002437.5608328548,16
-1212952.691869995,2002437.5608328548,16
-1212489.3791534677,2002437.5608328548,16
-1212026.06643694,2002437.5608328548,16
-1211562.7537204125,2002437.5608328548,16
-1211099.4410038851,2002437.5608328548,16
-1210636.1282873575,2002437.5608328548,16
-1210172.8155708301,2002437.5608328548,16
-1209709.5028543025,2002437.5608328548,16
-1209246.1901377751,2002437.5608328548,16
-1208782.8774212475,2002437.5608328548,16
-1208319.5647047202,2002437.5608328548,16
-1207856.2519881926,2002437.5608328548,16
-1207392.9392716652,2002437.5608328548,16
-1206929.6265551376,2002437.5608328548,16
-1206466.3138386102,2002437.5608328548,16
-1206003.0011220826,2002437.5608328548,16
-1205539.6884055552,2002437.5608328548,16
-1205076.3756890276,2002437.5608328548,16
-1204613.0629725,2002437.5608328548,16
-1204149.7502559726,2002437.5608328548,16
-1203686.4375394452,2002437.5608328548,16
-1203223.1248229176,2002437.5608328548,16
-1202759.81210639,2002437.5608328548,16
-1202296.4993898626,2002437.5608328548,16
-1201833.186673335,2002437.5608328548,16
-1201369.8739568077,2002437.5608328548,16
-1200906.56124028,2002437.5608328548,16
-1200443.2485237527,2002437.5608328548,16
-1199979.935807225,2002437.5608328548,16
-1199516.6230906977,2002437.5608328548,16
-1199053.31037417,2002437.5608328548,16
-1198589.9976576427,2002437.5608328548,16
-1198126.684941115,2002437.5608328548,16
-1197663.3722245875,2002437.5608328548,16
-1197200.05950806,2002437.5608328548,16
-1196736.7467915327,2002437.5608328548,16
-1196273.4340750051,2002437.5608328548,16
-1195810.1213584775,2002437.5608328548,16
-1195346.8086419501,2002437.5608328548,16
-1194883.4959254225,2002437.5608328548,16
-1194420.1832088951,2002437.5608328548,16
-1193956.8704923675,2002437.5608328548,16
-1193493.5577758402,2002437.5608328548,16
-1193030.2450593126,2002437.5608328548,16
-1192566.9323427852,2002437.5608328548,16
-1192103.6196262576,2002437.5608328548,16
-1191640.3069097302,2002437.5608328548,16
-1191176.9941932026,2002437.5608328548,16
-1190713.6814766752,2002437.5608328548,16
-1190250.3687601476,2002437.5608328548,16
-1189787.0560436202,2002437.5608328548,16
-1189323.7433270926,2002437.5608328548,16
-1188860.430610565,2002437.5608328548,16
-1188397.1178940376,2002437.5608328548,16
-1187933.80517751,2002437.5608328548,16
-1187470.4924609826,2002437.5608328548,16
-1187007.179744455,2002437.5608328548,16
-1186543.8670279277,2002437.5608328548,16
-1186080.5543114,2002437.5608328548,16
-1185617.2415948727,2002437.5608328548,16
-1185153.928878345,2002437.5608328548,16
-1184690.6161618177,2002437.5608328548,16
-1184227.30344529,2002437.5608328548,16
-1183763.9907287627,2002437.5608328548,16
-1183300.678012235,2002437.5608328548,16
-1182837.3652957077,2002437.5608328548,16
-1182374.05257918,2002437.5608328548,16
-1181910.7398626525,2002437.5608328548,16
-1181447.4271461251,2002437.5608328548,16
-1180984.1144295975,2002437.5608328548,16
-1180520.8017130701,2002437.5608328548,16
-1180057.4889965425,2002437.5608328548,16
-1179594.1762800151,2002437.5608328548,16
-1179130.8635634875,2002437.5608328548,16
-1178667.5508469602,2002437.5608328548,16
-1178204.2381304326,2002437.5608328548,16
-1177740.9254139052,2002437.5608328548,16
-1177277.6126973776,2002437.5608328548,16
-1176814.2999808502,2002437.5608328548,16
-1176350.9872643226,2002437.5608328548,16
-1175887.6745477952,2002437.5608328548,16
-1175424.3618312676,2002437.5608328548,16
-1174961.04911474,2002437.5608328548,16
-1174497.7363982126,2002437.5608328548,16
-1174034.4236816852,2002437.5608328548,16
-1173571.1109651576,2002437.5608328548,16
-1173107.79824863,2002437.5608328548,16
-1172644.4855321026,2002437.5608328548,16
-1172181.172815575,2002437.5608328548,16
-1171717.8600990477,2002437.5608328548,16
-1171254.54738252,2002437.5608328548,16
-1170791.2346659927,2002437.5608328548,16
-1170327.921949465,2002437.5608328548,16
-1169864.6092329377,2002437.5608328548,16
-1169401.29651641,2002437.5608328548,16
-1168937.9837998827,2002437.5608328548,16
-1168474.671083355,2002437.5608328548,16
-1168011.3583668275,2002437.5608328548,16
-1167548.0456503,2002437.5608328548,16
-1167084.7329337727,2002437.5608328548,16
-1166621.4202172451,2002437.5608328548,16
-1166158.1075007175,2002437.5608328548,16
-1221292.3207674902,2001974.2481163272,16
-1220829.0080509626,2001974.2481163272,16
-1220365.6953344352,2001974.2481163272,16
-1219902.3826179076,2001974.2481163272,16
-1219439.0699013802,2001974.2481163272,16
-1218975.7571848526,2001974.2481163272,16
-1218512.444468325,2001974.2481163272,16
-1218049.1317517976,2001974.2481163272,16
-1217585.81903527,2001974.2481163272,16
-1217122.5063187426,2001974.2481163272,16
-1216659.193602215,2001974.2481163272,16
-1216195.8808856877,2001974.2481163272,16
-1215732.56816916,2001974.2481163272,16
-1215269.2554526327,2001974.2481163272,16
-1214805.942736105,2001974.2481163272,16
-1214342.6300195777,2001974.2481163272,16
-1213879.31730305,2001974.2481163272,16
-1213416.0045865227,2001974.2481163272,16
-1212952.691869995,2001974.2481163272,16
-1212489.3791534677,2001974.2481163272,16
-1212026.06643694,2001974.2481163272,16
-1211562.7537204125,2001974.2481163272,16
-1211099.4410038851,2001974.2481163272,16
-1210636.1282873575,2001974.2481163272,16
-1210172.8155708301,2001974.2481163272,16
-1209709.5028543025,2001974.2481163272,16
-1209246.1901377751,2001974.2481163272,16
-1208782.8774212475,2001974.2481163272,16
-1208319.5647047202,2001974.2481163272,16
-1207856.2519881926,2001974.2481163272,16
-1207392.9392716652,2001974.2481163272,16
-1206929.6265551376,2001974.2481163272,16
-1206466.3138386102,2001974.2481163272,16
-1206003.0011220826,2001974.2481163272,16
-1205539.6884055552,2001974.2481163272,16
-1205076.3756890276,2001974.2481163272,16
-1204613.0629725,2001974.2481163272,16
-1204149.7502559726,2001974.2481163272,16
-1203686.4375394452,2001974.2481163272,16
-1203223.1248229176,2001974.2481163272,16
-1202759.81210639,2001974.2481163272,16
-1202296.4993898626,2001974.2481163272,16
-1201833.186673335,2001974.2481163272,16
-1201369.8739568077,2001974.2481163272,16
-1200906.56124028,2001974.2481163272,16
-1200443.2485237527,2001974.2481163272,16
-1199979.935807225,2001974.2481163272,16
-1199516.6230906977,2001974.2481163272,16
-1199053.31037417,2001974.2481163272,16
-1198589.9976576427,2001974.2481163272,16
-1198126.684941115,2001974.2481163272,16
-1197663.3722245875,2001974.2481163272,16
-1197200.05950806,2001974.2481163272,16
-1196736.7467915327,2001974.2481163272,16
-1196273.4340750051,2001974.2481163272,16
-1195810.1213584775,2001974.2481163272,16
-1195346.8086419501,2001974.2481163272,16
-1194883.4959254225,2001974.2481163272,16
-1194420.1832088951,2001974.2481163272,16
-1193956.8704923675,2001974.2481163272,16
-1193493.5577758402,2001974.2481163272,16
-1193030.2450593126,2001974.2481163272,16
-1192566.9323427852,2001974.2481163272,16
-1192103.6196262576,2001974.2481163272,16
-1191640.3069097302,2001974.2481163272,16
-1191176.9941932026,2001974.2481163272,16
-1190713.6814766752,2001974.2481163272,16
-1190250.3687601476,2001974.2481163272,16
-1189787.0560436202,2001974.2481163272,16
-1189323.7433270926,2001974.2481163272,16
-1188860.430610565,2001974.2481163272,16
-1188397.1178940376,2001974.2481163272,16
-1187933.80517751,2001974.2481163272,16
-1187470.4924609826,2001974.2481163272,16
-1187007.179744455,2001974.2481163272,16
-1186543.8670279277,2001974.2481163272,16
-1186080.5543114,2001974.2481163272,16
-1185617.2415948727,2001974.2481163272,16
-1185153.928878345,2001974.2481163272,16
-1184690.6161618177,2001974.2481163272,16
-1184227.30344529,2001974.2481163272,16
-1183763.9907287627,2001974.2481163272,16
-1183300.678012235,2001974.2481163272,16
-1182837.3652957077,2001974.2481163272,16
-1182374.05257918,2001974.2481163272,16
-1181910.7398626525,2001974.2481163272,16
-1181447.4271461251,2001974.2481163272,16
-1180984.1144295975,2001974.2481163272,16
-1180520.8017130701,2001974.2481163272,16
-1180057.4889965425,2001974.2481163272,16
-1179594.1762800151,2001974.2481163272,16
-1179130.8635634875,2001974.2481163272,16
-1178667.5508469602,2001974.2481163272,16
-1178204.2381304326,2001974.2481163272,16
-1177740.9254139052,2001974.2481163272,16
-1177277.6126973776,2001974.2481163272,16
-1176814.2999808502,2001974.2481163272,16
-1176350.9872643226,2001974.2481163272,16
-1175887.6745477952,2001974.2481163272,16
-1175424.3618312676,2001974.2481163272,16
-1174961.04911474,2001974.2481163272,16
-1174497.7363982126,2001974.2481163272,16
-1174034.4236816852,2001974.2481163272,16
-1173571.1109651576,2001974.2481163272,16
-1173107.79824863,2001974.2481163272,16
-1172644.4855321026,2001974.2481163272,16
-1172181.172815575,2001974.2481163272,16
-1171717.8600990477,2001974.2481163272,16
-1171254.54738252,2001974.2481163272,16
-1170791.2346659927,2001974.2481163272,16
-1170327.921949465,2001974.2481163272,16
-1169864.6092329377,2001974.2481163272,16
-1169401.29651641,2001974.2481163272,16
-1168937.9837998827,2001974.2481163272,16
-1168474.671083355,2001974.2481163272,16
-1168011.3583668275,2001974.2481163272,16
-1167548.0456503,2001974.2481163272,16
-1167084.7329337727,2001974.2481163272,16
-1166621.4202172451,2001974.2481163272,16
-1220365.6953344352,2001510.9353997996,16
-1219902.3826179076,2001510.9353997996,16
-1219439.0699013802,2001510.9353997996,16
-1218975.7571848526,2001510.9353997996,16
-1218512.444468325,2001510.9353997996,16
-1218049.1317517976,2001510.9353997996,16
-1217585.81903527,2001510.9353997996,16
-1217122.5063187426,2001510.9353997996,16
-1216659.193602215,2001510.9353997996,16
-1216195.8808856877,2001510.9353997996,16
-1215732.56816916,2001510.9353997996,16
-1215269.2554526327,2001510.9353997996,16
-1214805.942736105,2001510.9353997996,16
-1214342.6300195777,2001510.9353997996,16
-1213879.31730305,2001510.9353997996,16
-1213416.0045865227,2001510.9353997996,16
-1212952.691869995,2001510.9353997996,16
-1212489.3791534677,2001510.9353997996,16
-1212026.06643694,2001510.9353997996,16
-1211562.7537204125,2001510.9353997996,16
-1211099.4410038851,2001510.9353997996,16
-1210636.1282873575,2001510.9353997996,16
-1210172.8155708301,2001510.9353997996,16
-1209709.5028543025,2001510.9353997996,16
-1209246.1901377751,2001510.9353997996,16
-1208782.8774212475,2001510.9353997996,16
-1208319.5647047202,2001510.9353997996,16
-1207856.2519881926,2001510.9353997996,16
-1207392.9392716652,2001510.9353997996,16
-1206929.6265551376,2001510.9353997996,16
-1206466.3138386102,2001510.9353997996,16
-1206003.0011220826,2001510.9353997996,16
-1205539.6884055552,2001510.9353997996,16
-1205076.3756890276,2001510.9353997996,16
-1204613.0629725,2001510.9353997996,16
-1204149.7502559726,2001510.9353997996,16
-1203686.4375394452,2001510.9353997996,16
-1203223.1248229176,2001510.9353997996,16
-1202759.81210639,2001510.9353997996,16
-1202296.4993898626,2001510.9353997996,16
-1201833.186673335,2001510.9353997996,16
-1201369.8739568077,2001510.9353997996,16
-1200906.56124028,2001510.9353997996,16
-1200443.2485237527,2001510.9353997996,16
-1199979.935807225,2001510.9353997996,16
-1199516.6230906977,2001510.9353997996,16
-1199053.31037417,2001510.9353997996,16
-1198589.9976576427,2001510.9353997996,16
-1198126.684941115,2001510.9353997996,16
-1197663.3722245875,2001510.9353997996,16
-1197200.05950806,2001510.9353997996,16
-1196736.7467915327,2001510.9353997996,16
-1196273.4340750051,2001510.9353997996,16
-1195810.1213584775,2001510.9353997996,16
-1195346.8086419501,2001510.9353997996,16
-1194883.4959254225,2001510.9353997996,16
-1194420.1832088951,2001510.9353997996,16
-1193956.8704923675,2001510.9353997996,16
-1193493.5577758402,2001510.9353997996,16
-1193030.2450593126,2001510.9353997996,16
-1192566.9323427852,2001510.9353997996,16
-1192103.6196262576,2001510.9353997996,16
-1191640.3069097302,2001510.9353997996,16
-1191176.9941932026,2001510.9353997996,16
-1190713.6814766752,2001510.9353997996,16
-1190250.3687601476,2001510.9353997996,16
-1189787.0560436202,2001510.9353997996,16
-1189323.7433270926,2001510.9353997996,16
-1188860.430610565,2001510.9353997996,16
-1188397.1178940376,2001510.9353997996,16
-1187933.80517751,2001510.9353997996,16
-1187470.4924609826,2001510.9353997996,16
-1187007.179744455,2001510.9353997996,16
-1186543.8670279277,2001510.9353997996,16
-1186080.5543114,2001510.9353997996,16
-1185617.2415948727,2001510.9353997996,16
-1185153.928878345,2001510.9353997996,16
-1184690.6161618177,2001510.9353997996,16
-1184227.30344529,2001510.9353997996,16
-1183763.9907287627,2001510.9353997996,16
-1183300.678012235,2001510.9353997996,16
-1182837.3652957077,2001510.9353997996,16
-1182374.05257918,2001510.9353997996,16
-1181910.7398626525,2001510.9353997996,16
-1181447.4271461251,2001510.9353997996,16
-1180984.1144295975,2001510.9353997996,16
-1180520.8017130701,2001510.9353997996,16
-1180057.4889965425,2001510.9353997996,16
-1179594.1762800151,2001510.9353997996,16
-1179130.8635634875,2001510.9353997996,16
-1178667.5508469602,2001510.9353997996,16
-1178204.2381304326,2001510.9353997996,16
-1177740.9254139052,2001510.9353997996,16
-1177277.6126973776,2001510.9353997996,16
-1176814.2999808502,2001510.9353997996,16
-1176350.9872643226,2001510.9353997996,16
-1175887.6745477952,2001510.9353997996,16
-1175424.3618312676,2001510.9353997996,16
-1174961.04911474,2001510.9353997996,16
-1174497.7363982126,2001510.9353997996,16
-1174034.4236816852,2001510.9353997996,16
-1173571.1109651576,2001510.9353997996,16
-1173107.79824863,2001510.9353997996,16
-1172644.4855321026,2001510.9353997996,16
-1172181.172815575,2001510.9353997996,16
-1171717.8600990477,2001510.9353997996,16
-1171254.54738252,2001510.9353997996,16
-1170791.2346659927,2001510.9353997996,16
-1170327.921949465,2001510.9353997996,16
-1169864.6092329377,2001510.9353997996,16
-1169401.29651641,2001510.9353997996,16
-1168937.9837998827,2001510.9353997996,16
-1168474.671083355,2001510.9353997996,16
-1168011.3583668275,2001510.9353997996,16
-1167548.0456503,2001510.9353997996,16
-1167084.7329337727,2001510.9353997996,16
-1166621.4202172451,2001510.9353997996,16
-1221292.3207674902,2001047.6226832722,16
-1220829.0080509626,2001047.6226832722,16
-1220365.6953344352,2001047.6226832722,16
-1219902.3826179076,2001047.6226832722,16
-1219439.0699013802,2001047.6226832722,16
-1218975.7571848526,2001047.6226832722,16
-1218512.444468325,2001047.6226832722,16
-1218049.1317517976,2001047.6226832722,16
-1217585.81903527,2001047.6226832722,16
-1217122.5063187426,2001047.6226832722,16
-1216659.193602215,2001047.6226832722,16
-1216195.8808856877,2001047.6226832722,16
-1215732.56816916,2001047.6226832722,16
-1215269.2554526327,2001047.6226832722,16
-1214805.942736105,2001047.6226832722,16
-1214342.6300195777,2001047.6226832722,16
-1213879.31730305,2001047.6226832722,16
-1213416.0045865227,2001047.6226832722,16
-1212952.691869995,2001047.6226832722,16
-1212489.3791534677,2001047.6226832722,16
-1212026.06643694,2001047.6226832722,16
-1211562.7537204125,2001047.6226832722,16
-1211099.4410038851,2001047.6226832722,16
-1210636.1282873575,2001047.6226832722,16
-1210172.8155708301,2001047.6226832722,16
-1209709.5028543025,2001047.6226832722,16
-1209246.1901377751,2001047.6226832722,16
-1208782.8774212475,2001047.6226832722,16
-1208319.5647047202,2001047.6226832722,16
-1207856.2519881926,2001047.6226832722,16
-1207392.9392716652,2001047.6226832722,16
-1206929.6265551376,2001047.6226832722,16
-1206466.3138386102,2001047.6226832722,16
-1206003.0011220826,2001047.6226832722,16
-1205539.6884055552,2001047.6226832722,16
-1205076.3756890276,2001047.6226832722,16
-1204613.0629725,2001047.6226832722,16
-1204149.7502559726,2001047.6226832722,16
-1203686.4375394452,2001047.6226832722,16
-1203223.1248229176,2001047.6226832722,16
-1202759.81210639,2001047.6226832722,16
-1202296.4993898626,2001047.6226832722,16
-1201833.186673335,2001047.6226832722,16
-1201369.8739568077,2001047.6226832722,16
-1200906.56124028,2001047.6226832722,16
-1200443.2485237527,2001047.6226832722,16
-1199979.935807225,2001047.6226832722,16
-1199516.6230906977,2001047.6226832722,16
-1199053.31037417,2001047.6226832722,16
-1198589.9976576427,2001047.6226832722,16
-1198126.684941115,2001047.6226832722,16
-1197663.3722245875,2001047.6226832722,16
-1197200.05950806,2001047.6226832722,16
-1196736.7467915327,2001047.6226832722,16
-1196273.4340750051,2001047.6226832722,16
-1195810.1213584775,2001047.6226832722,16
-1195346.8086419501,2001047.6226832722,16
-1194883.4959254225,2001047.6226832722,16
-1194420.1832088951,2001047.6226832722,16
-1193956.8704923675,2001047.6226832722,16
-1193493.5577758402,2001047.6226832722,16
-1193030.2450593126,2001047.6226832722,16
-1192566.9323427852,2001047.6226832722,16
-1192103.6196262576,2001047.6226832722,16
-1191640.3069097302,2001047.6226832722,16
-1191176.9941932026,2001047.6226832722,16
-1190713.6814766752,2001047.6226832722,16
-1190250.3687601476,2001047.6226832722,16
-1189787.0560436202,2001047.6226832722,16
-1189323.7433270926,2001047.6226832722,16
-1188860.430610565,2001047.6226832722,16
-1188397.1178940376,2001047.6226832722,16
-1187933.80517751,2001047.6226832722,16
-1187470.4924609826,2001047.6226832722,16
-1187007.179744455,2001047.6226832722,16
-1186543.8670279277,2001047.6226832722,16
-1186080.5543114,2001047.6226832722,16
-1185617.2415948727,2001047.6226832722,16
-1185153.928878345,2001047.6226832722,16
-1184690.6161618177,2001047.6226832722,16
-1184227.30344529,2001047.6226832722,16
-1183763.9907287627,2001047.6226832722,16
-1183300.678012235,2001047.6226832722,16
-1182837.3652957077,2001047.6226832722,16
-1182374.05257918,2001047.6226832722,16
-1181910.7398626525,2001047.6226832722,16
-1181447.4271461251,2001047.6226832722,16
-1180984.1144295975,2001047.6226832722,16
-1180520.8017130701,2001047.6226832722,16
-1180057.4889965425,2001047.6226832722,16
-1179594.1762800151,2001047.6226832722,16
-1179130.8635634875,2001047.6226832722,16
-1178667.5508469602,2001047.6226832722,16
-1178204.2381304326,2001047.6226832722,16
-1177740.9254139052,2001047.6226832722,16
-1177277.6126973776,2001047.6226832722,16
-1176814.2999808502,2001047.6226832722,16
-1176350.9872643226,2001047.6226832722,16
-1175887.6745477952,2001047.6226832722,16
-1175424.3618312676,2001047.6226832722,16
-1174961.04911474,2001047.6226832722,16
-1174497.7363982126,2001047.6226832722,16
-1174034.4236816852,2001047.6226832722,16
-1173571.1109651576,2001047.6226832722,16
-1173107.79824863,2001047.6226832722,16
-1172644.4855321026,2001047.6226832722,16
-1172181.172815575,2001047.6226832722,16
-1171717.8600990477,2001047.6226832722,16
-1171254.54738252,2001047.6226832722,16
-1170791.2346659927,2001047.6226832722,16
-1170327.921949465,2001047.6226832722,16
-1169864.6092329377,2001047.6226832722,16
-1169401.29651641,2001047.6226832722,16
-1168937.9837998827,2001047.6226832722,16
-1168474.671083355,2001047.6226832722,16
-1168011.3583668275,2001047.6226832722,16
-1167548.0456503,2001047.6226832722,16
-1167084.7329337727,2001047.6226832722,16
-1166621.4202172451,2001047.6226832722,16
-1222682.2589170726,2000584.3099667446,16
-1222218.9462005452,2000584.3099667446,16
-1221755.6334840176,2000584.3099667446,16
-1221292.3207674902,2000584.3099667446,16
-1220829.0080509626,2000584.3099667446,16
-1220365.6953344352,2000584.3099667446,16
-1219902.3826179076,2000584.3099667446,16
-1219439.0699013802,2000584.3099667446,16
-1218975.7571848526,2000584.3099667446,16
-1218512.444468325,2000584.3099667446,16
-1218049.1317517976,2000584.3099667446,16
-1217585.81903527,2000584.3099667446,16
-1217122.5063187426,2000584.3099667446,16
-1216659.193602215,2000584.3099667446,16
-1216195.8808856877,2000584.3099667446,16
-1215732.56816916,2000584.3099667446,16
-1215269.2554526327,2000584.3099667446,16
-1214805.942736105,2000584.3099667446,16
-1214342.6300195777,2000584.3099667446,16
-1213879.31730305,2000584.3099667446,16
-1213416.0045865227,2000584.3099667446,16
-1212952.691869995,2000584.3099667446,16
-1212489.3791534677,2000584.3099667446,16
-1212026.06643694,2000584.3099667446,16
-1211562.7537204125,2000584.3099667446,16
-1211099.4410038851,2000584.3099667446,16
-1210636.1282873575,2000584.3099667446,16
-1210172.8155708301,2000584.3099667446,16
-1209709.5028543025,2000584.3099667446,16
-1209246.1901377751,2000584.3099667446,16
-1208782.8774212475,2000584.3099667446,16
-1208319.5647047202,2000584.3099667446,16
-1207856.2519881926,2000584.3099667446,16
-1207392.9392716652,2000584.3099667446,16
-1206929.6265551376,2000584.3099667446,16
-1206466.3138386102,2000584.3099667446,16
-1206003.0011220826,2000584.3099667446,16
-1205539.6884055552,2000584.3099667446,16
-1205076.3756890276,2000584.3099667446,16
-1204613.0629725,2000584.3099667446,16
-1204149.7502559726,2000584.3099667446,16
-1203686.4375394452,2000584.3099667446,16
-1203223.1248229176,2000584.3099667446,16
-1202759.81210639,2000584.3099667446,16
-1202296.4993898626,2000584.3099667446,16
-1201833.186673335,2000584.3099667446,16
-1201369.8739568077,2000584.3099667446,16
-1200906.56124028,2000584.3099667446,16
-1200443.2485237527,2000584.3099667446,16
-1199979.935807225,2000584.3099667446,16
-1199516.6230906977,2000584.3099667446,16
-1199053.31037417,2000584.3099667446,16
-1198589.9976576427,2000584.3099667446,16
-1198126.684941115,2000584.3099667446,16
-1197663.3722245875,2000584.3099667446,16
-1197200.05950806,2000584.3099667446,16
-1196736.7467915327,2000584.3099667446,16
-1196273.4340750051,2000584.3099667446,16
-1195810.1213584775,2000584.3099667446,16
-1195346.8086419501,2000584.3099667446,16
-1194883.4959254225,2000584.3099667446,16
-1194420.1832088951,2000584.3099667446,16
-1193956.8704923675,2000584.3099667446,16
-1193493.5577758402,2000584.3099667446,16
-1193030.2450593126,2000584.3099667446,16
-1192566.9323427852,2000584.3099667446,16
-1192103.6196262576,2000584.3099667446,16
-1191640.3069097302,2000584.3099667446,16
-1191176.9941932026,2000584.3099667446,16
-1190713.6814766752,2000584.3099667446,16
-1190250.3687601476,2000584.3099667446,16
-1189787.0560436202,2000584.3099667446,16
-1189323.7433270926,2000584.3099667446,16
-1188860.430610565,2000584.3099667446,16
-1188397.1178940376,2000584.3099667446,16
-1187933.80517751,2000584.3099667446,16
-1187470.4924609826,2000584.3099667446,16
-1187007.179744455,2000584.3099667446,16
-1186543.8670279277,2000584.3099667446,16
-1186080.5543114,2000584.3099667446,16
-1185617.2415948727,2000584.3099667446,16
-1185153.928878345,2000584.3099667446,16
-1184690.6161618177,2000584.3099667446,16
-1184227.30344529,2000584.3099667446,16
-1183763.9907287627,2000584.3099667446,16
-1183300.678012235,2000584.3099667446,16
-1182837.3652957077,2000584.3099667446,16
-1182374.05257918,2000584.3099667446,16
-1181910.7398626525,2000584.3099667446,16
-1181447.4271461251,2000584.3099667446,16
-1180984.1144295975,2000584.3099667446,16
-1180520.8017130701,2000584.3099667446,16
-1180057.4889965425,2000584.3099667446,16
-1179594.1762800151,2000584.3099667446,16
-1179130.8635634875,2000584.3099667446,16
-1178667.5508469602,2000584.3099667446,16
-1178204.2381304326,2000584.3099667446,16
-1177740.9254139052,2000584.3099667446,16
-1177277.6126973776,2000584.3099667446,16
-1176814.2999808502,2000584.3099667446,16
-1176350.9872643226,2000584.3099667446,16
-1175887.6745477952,2000584.3099667446,16
-1175424.3618312676,2000584.3099667446,16
-1174961.04911474,2000584.3099667446,16
-1174497.7363982126,2000584.3099667446,16
-1174034.4236816852,2000584.3099667446,16
-1173571.1109651576,2000584.3099667446,16
-1173107.79824863,2000584.3099667446,16
-1172644.4855321026,2000584.3099667446,16
-1172181.172815575,2000584.3099667446,16
-1171717.8600990477,2000584.3099667446,16
-1171254.54738252,2000584.3099667446,16
-1170791.2346659927,2000584.3099667446,16
-1170327.921949465,2000584.3099667446,16
-1169864.6092329377,2000584.3099667446,16
-1169401.29651641,2000584.3099667446,16
-1168937.9837998827,2000584.3099667446,16
-1168474.671083355,2000584.3099667446,16
-1168011.3583668275,2000584.3099667446,16
-1167548.0456503,2000584.3099667446,16
-1167084.7329337727,2000584.3099667446,16
-1166621.4202172451,2000584.3099667446,16
-1223608.8843501275,2000120.9972502172,16
-1223145.5716336002,2000120.9972502172,16
-1222682.2589170726,2000120.9972502172,16
-1222218.9462005452,2000120.9972502172,16
-1221755.6334840176,2000120.9972502172,16
-1221292.3207674902,2000120.9972502172,16
-1220829.0080509626,2000120.9972502172,16
-1220365.6953344352,2000120.9972502172,16
-1219902.3826179076,2000120.9972502172,16
-1219439.0699013802,2000120.9972502172,16
-1218975.7571848526,2000120.9972502172,16
-1218512.444468325,2000120.9972502172,16
-1218049.1317517976,2000120.9972502172,16
-1217585.81903527,2000120.9972502172,16
-1217122.5063187426,2000120.9972502172,16
-1216659.193602215,2000120.9972502172,16
-1216195.8808856877,2000120.9972502172,16
-1215732.56816916,2000120.9972502172,16
-1215269.2554526327,2000120.9972502172,16
-1214805.942736105,2000120.9972502172,16
-1214342.6300195777,2000120.9972502172,16
-1213879.31730305,2000120.9972502172,16
-1213416.0045865227,2000120.9972502172,16
-1212952.691869995,2000120.9972502172,16
-1212489.3791534677,2000120.9972502172,16
-1212026.06643694,2000120.9972502172,16
-1211562.7537204125,2000120.9972502172,16
-1211099.4410038851,2000120.9972502172,16
-1210636.1282873575,2000120.9972502172,16
-1210172.8155708301,2000120.9972502172,16
-1209709.5028543025,2000120.9972502172,16
-1209246.1901377751,2000120.9972502172,16
-1208782.8774212475,2000120.9972502172,16
-1208319.5647047202,2000120.9972502172,16
-1207856.2519881926,2000120.9972502172,16
-1207392.9392716652,2000120.9972502172,16
-1206929.6265551376,2000120.9972502172,16
-1206466.3138386102,2000120.9972502172,16
-1206003.0011220826,2000120.9972502172,16
-1205539.6884055552,2000120.9972502172,16
-1205076.3756890276,2000120.9972502172,16
-1204613.0629725,2000120.9972502172,16
-1204149.7502559726,2000120.9972502172,16
-1203686.4375394452,2000120.9972502172,16
-1203223.1248229176,2000120.9972502172,16
-1202759.81210639,2000120.9972502172,16
-1202296.4993898626,2000120.9972502172,16
-1201833.186673335,2000120.9972502172,16
-1201369.8739568077,2000120.9972502172,16
-1200906.56124028,2000120.9972502172,16
-1200443.2485237527,2000120.9972502172,16
-1199979.935807225,2000120.9972502172,16
-1199516.6230906977,2000120.9972502172,16
-1199053.31037417,2000120.9972502172,16
-1198589.9976576427,2000120.9972502172,16
-1198126.684941115,2000120.9972502172,16
-1197663.3722245875,2000120.9972502172,16
-1197200.05950806,2000120.9972502172,16
-1196736.7467915327,2000120.9972502172,16
-1196273.4340750051,2000120.9972502172,16
-1195810.1213584775,2000120.9972502172,16
-1195346.8086419501,2000120.9972502172,16
-1194883.4959254225,2000120.9972502172,16
-1194420.1832088951,2000120.9972502172,16
-1193956.8704923675,2000120.9972502172,16
-1193493.5577758402,2000120.9972502172,16
-1193030.2450593126,2000120.9972502172,16
-1192566.9323427852,2000120.9972502172,16
-1192103.6196262576,2000120.9972502172,16
-1191640.3069097302,2000120.9972502172,16
-1191176.9941932026,2000120.9972502172,16
-1190713.6814766752,2000120.9972502172,16
-1190250.3687601476,2000120.9972502172,16
-1189787.0560436202,2000120.9972502172,16
-1189323.7433270926,2000120.9972502172,16
-1188860.430610565,2000120.9972502172,16
-1188397.1178940376,2000120.9972502172,16
-1187933.80517751,2000120.9972502172,16
-1187470.4924609826,2000120.9972502172,16
-1187007.179744455,2000120.9972502172,16
-1186543.8670279277,2000120.9972502172,16
-1186080.5543114,2000120.9972502172,16
-1185617.2415948727,2000120.9972502172,16
-1185153.928878345,2000120.9972502172,16
-1184690.6161618177,2000120.9972502172,16
-1184227.30344529,2000120.9972502172,16
-1183763.9907287627,2000120.9972502172,16
-1183300.678012235,2000120.9972502172,16
-1182837.3652957077,2000120.9972502172,16
-1182374.05257918,2000120.9972502172,16
-1181910.7398626525,2000120.9972502172,16
-1181447.4271461251,2000120.9972502172,16
-1180984.1144295975,2000120.9972502172,16
-1180520.8017130701,2000120.9972502172,16
-1180057.4889965425,2000120.9972502172,16
-1179594.1762800151,2000120.9972502172,16
-1179130.8635634875,2000120.9972502172,16
-1178667.5508469602,2000120.9972502172,16
-1178204.2381304326,2000120.9972502172,16
-1177740.9254139052,2000120.9972502172,16
-1177277.6126973776,2000120.9972502172,16
-1176814.2999808502,2000120.9972502172,16
-1176350.9872643226,2000120.9972502172,16
-1175887.6745477952,2000120.9972502172,16
-1175424.3618312676,2000120.9972502172,16
-1174961.04911474,2000120.9972502172,16
-1174497.7363982126,2000120.9972502172,16
-1174034.4236816852,2000120.9972502172,16
-1173571.1109651576,2000120.9972502172,16
-1173107.79824863,2000120.9972502172,16
-1172644.4855321026,2000120.9972502172,16
-1172181.172815575,2000120.9972502172,16
-1171717.8600990477,2000120.9972502172,16
-1171254.54738252,2000120.9972502172,16
-1170791.2346659927,2000120.9972502172,16
-1170327.921949465,2000120.9972502172,16
-1169864.6092329377,2000120.9972502172,16
-1169401.29651641,2000120.9972502172,16
-1168937.9837998827,2000120.9972502172,16
-1168474.671083355,2000120.9972502172,16
-1168011.3583668275,2000120.9972502172,16
-1167548.0456503,2000120.9972502172,16
-1167084.7329337727,2000120.9972502172,16
-1224072.1970666551,1999657.6845336896,16
-1223608.8843501275,1999657.6845336896,16
-1223145.5716336002,1999657.6845336896,16
-1222682.2589170726,1999657.6845336896,16
-1222218.9462005452,1999657.6845336896,16
-1221755.6334840176,1999657.6845336896,16
-1221292.3207674902,1999657.6845336896,16
-1220829.0080509626,1999657.6845336896,16
-1220365.6953344352,1999657.6845336896,16
-1219902.3826179076,1999657.6845336896,16
-1219439.0699013802,1999657.6845336896,16
-1218975.7571848526,1999657.6845336896,16
-1218512.444468325,1999657.6845336896,16
-1218049.1317517976,1999657.6845336896,16
-1217585.81903527,1999657.6845336896,16
-1217122.5063187426,1999657.6845336896,16
-1216659.193602215,1999657.6845336896,16
-1216195.8808856877,1999657.6845336896,16
-1215732.56816916,1999657.6845336896,16
-1215269.2554526327,1999657.6845336896,16
-1214805.942736105,1999657.6845336896,16
-1214342.6300195777,1999657.6845336896,16
-1213879.31730305,1999657.6845336896,16
-1213416.0045865227,1999657.6845336896,16
-1212952.691869995,1999657.6845336896,16
-1212489.3791534677,1999657.6845336896,16
-1212026.06643694,1999657.6845336896,16
-1211562.7537204125,1999657.6845336896,16
-1211099.4410038851,1999657.6845336896,16
-1210636.1282873575,1999657.6845336896,16
-1210172.8155708301,1999657.6845336896,16
-1209709.5028543025,1999657.6845336896,16
-1209246.1901377751,1999657.6845336896,16
-1208782.8774212475,1999657.6845336896,16
-1208319.5647047202,1999657.6845336896,16
-1207856.2519881926,1999657.6845336896,16
-1207392.9392716652,1999657.6845336896,16
-1206929.6265551376,1999657.6845336896,16
-1206466.3138386102,1999657.6845336896,16
-1206003.0011220826,1999657.6845336896,16
-1205539.6884055552,1999657.6845336896,16
-1205076.3756890276,1999657.6845336896,16
-1204613.0629725,1999657.6845336896,16
-1204149.7502559726,1999657.6845336896,16
-1203686.4375394452,1999657.6845336896,16
-1203223.1248229176,1999657.6845336896,16
-1202759.81210639,1999657.6845336896,16
-1202296.4993898626,1999657.6845336896,16
-1201833.186673335,1999657.6845336896,16
-1201369.8739568077,1999657.6845336896,16
-1200906.56124028,1999657.6845336896,16
-1200443.2485237527,1999657.6845336896,16
-1199979.935807225,1999657.6845336896,16
-1199516.6230906977,1999657.6845336896,16
-1199053.31037417,1999657.6845336896,16
-1198589.9976576427,1999657.6845336896,16
-1198126.684941115,1999657.6845336896,16
-1197663.3722245875,1999657.6845336896,16
-1197200.05950806,1999657.6845336896,16
-1196736.7467915327,1999657.6845336896,16
-1196273.4340750051,1999657.6845336896,16
-1195810.1213584775,1999657.6845336896,16
-1195346.8086419501,1999657.6845336896,16
-1194883.4959254225,1999657.6845336896,16
-1194420.1832088951,1999657.6845336896,16
-1193956.8704923675,1999657.6845336896,16
-1193493.5577758402,1999657.6845336896,16
-1193030.2450593126,1999657.6845336896,16
-1192566.9323427852,1999657.6845336896,16
-1192103.6196262576,1999657.6845336896,16
-1191640.3069097302,1999657.6845336896,16
-1191176.9941932026,1999657.6845336896,16
-1190713.6814766752,1999657.6845336896,16
-1190250.3687601476,1999657.6845336896,16
-1189787.0560436202,1999657.6845336896,16
-1189323.7433270926,1999657.6845336896,16
-1188860.430610565,1999657.6845336896,16
-1188397.1178940376,1999657.6845336896,16
-1187933.80517751,1999657.6845336896,16
-1187470.4924609826,1999657.6845336896,16
-1187007.179744455,1999657.6845336896,16
-1186543.8670279277,1999657.6845336896,16
-1186080.5543114,1999657.6845336896,16
-1185617.2415948727,1999657.6845336896,16
-1185153.928878345,1999657.6845336896,16
-1184690.6161618177,1999657.6845336896,16
-1184227.30344529,1999657.6845336896,16
-1183763.9907287627,1999657.6845336896,16
-1183300.678012235,1999657.6845336896,16
-1182837.3652957077,1999657.6845336896,16
-1182374.05257918,1999657.6845336896,16
-1181910.7398626525,1999657.6845336896,16
-1181447.4271461251,1999657.6845336896,16
-1180984.1144295975,1999657.6845336896,16
-1180520.8017130701,1999657.6845336896,16
-1180057.4889965425,1999657.6845336896,16
-1179594.1762800151,1999657.6845336896,16
-1179130.8635634875,1999657.6845336896,16
-1178667.5508469602,1999657.6845336896,16
-1178204.2381304326,1999657.6845336896,16
-1177740.9254139052,1999657.6845336896,16
-1177277.6126973776,1999657.6845336896,16
-1176814.2999808502,1999657.6845336896,16
-1176350.9872643226,1999657.6845336896,16
-1175887.6745477952,1999657.6845336896,16
-1175424.3618312676,1999657.6845336896,16
-1174961.04911474,1999657.6845336896,16
-1174497.7363982126,1999657.6845336896,16
-1174034.4236816852,1999657.6845336896,16
-1173571.1109651576,1999657.6845336896,16
-1173107.79824863,1999657.6845336896,16
-1172644.4855321026,1999657.6845336896,16
-1172181.172815575,1999657.6845336896,16
-1171717.8600990477,1999657.6845336896,16
-1171254.54738252,1999657.6845336896,16
-1170791.2346659927,1999657.6845336896,16
-1170327.921949465,1999657.6845336896,16
-1169864.6092329377,1999657.6845336896,16
-1169401.29651641,1999657.6845336896,16
-1168937.9837998827,1999657.6845336896,16
-1168474.671083355,1999657.6845336896,16
-1168011.3583668275,1999657.6845336896,16
-1167548.0456503,1999657.6845336896,16
-1167084.7329337727,1999657.6845336896,16
-1224535.5097831825,1999194.3718171623,16
-1224072.1970666551,1999194.3718171623,16
-1223608.8843501275,1999194.3718171623,16
-1223145.5716336002,1999194.3718171623,16
-1222682.2589170726,1999194.3718171623,16
-1222218.9462005452,1999194.3718171623,16
-1221755.6334840176,1999194.3718171623,16
-1221292.3207674902,1999194.3718171623,16
-1220829.0080509626,1999194.3718171623,16
-1220365.6953344352,1999194.3718171623,16
-1219902.3826179076,1999194.3718171623,16
-1219439.0699013802,1999194.3718171623,16
-1218975.7571848526,1999194.3718171623,16
-1218512.444468325,1999194.3718171623,16
-1218049.1317517976,1999194.3718171623,16
-1217585.81903527,1999194.3718171623,16
-1217122.5063187426,1999194.3718171623,16
-1216659.193602215,1999194.3718171623,16
-1216195.8808856877,1999194.3718171623,16
-1215732.56816916,1999194.3718171623,16
-1215269.2554526327,1999194.3718171623,16
-1214805.942736105,1999194.3718171623,16
-1214342.6300195777,1999194.3718171623,16
-1213879.31730305,1999194.3718171623,16
-1213416.0045865227,1999194.3718171623,16
-1212952.691869995,1999194.3718171623,16
-1212489.3791534677,1999194.3718171623,16
-1212026.06643694,1999194.3718171623,16
-1211562.7537204125,1999194.3718171623,16
-1211099.4410038851,1999194.3718171623,16
-1210636.1282873575,1999194.3718171623,16
-1210172.8155708301,1999194.3718171623,16
-1209709.5028543025,1999194.3718171623,16
-1209246.1901377751,1999194.3718171623,16
-1208782.8774212475,1999194.3718171623,16
-1208319.5647047202,1999194.3718171623,16
-1207856.2519881926,1999194.3718171623,16
-1207392.9392716652,1999194.3718171623,16
-1206929.6265551376,1999194.3718171623,16
-1206466.3138386102,1999194.3718171623,16
-1206003.0011220826,1999194.3718171623,16
-1205539.6884055552,1999194.3718171623,16
-1205076.3756890276,1999194.3718171623,16
-1204613.0629725,1999194.3718171623,16
-1204149.7502559726,1999194.3718171623,16
-1203686.4375394452,1999194.3718171623,16
-1203223.1248229176,1999194.3718171623,16
-1202759.81210639,1999194.3718171623,16
-1202296.4993898626,1999194.3718171623,16
-1201833.186673335,1999194.3718171623,16
-1201369.8739568077,1999194.3718171623,16
-1200906.56124028,1999194.3718171623,16
-1200443.2485237527,1999194.3718171623,16
-1199979.935807225,1999194.3718171623,16
-1199516.6230906977,1999194.3718171623,16
-1199053.31037417,1999194.3718171623,16
-1198589.9976576427,1999194.3718171623,16
-1198126.684941115,1999194.3718171623,16
-1197663.3722245875,1999194.3718171623,16
-1197200.05950806,1999194.3718171623,16
-1196736.7467915327,1999194.3718171623,16
-1196273.4340750051,1999194.3718171623,16
-1195810.1213584775,1999194.3718171623,16
-1195346.8086419501,1999194.3718171623,16
-1194883.4959254225,1999194.3718171623,16
-1194420.1832088951,1999194.3718171623,16
-1193956.8704923675,1999194.3718171623,16
-1193493.5577758402,1999194.3718171623,16
-1193030.2450593126,1999194.3718171623,16
-1192566.9323427852,1999194.3718171623,16
-1192103.6196262576,1999194.3718171623,16
-1191640.3069097302,1999194.3718171623,16
-1191176.9941932026,1999194.3718171623,16
-1190713.6814766752,1999194.3718171623,16
-1190250.3687601476,1999194.3718171623,16
-1189787.0560436202,1999194.3718171623,16
-1189323.7433270926,1999194.3718171623,16
-1188860.430610565,1999194.3718171623,16
-1188397.1178940376,1999194.3718171623,16
-1187933.80517751,1999194.3718171623,16
-1187470.4924609826,1999194.3718171623,16
-1187007.179744455,1999194.3718171623,16
-1186543.8670279277,1999194.3718171623,16
-1186080.5543114,1999194.3718171623,16
-1185617.2415948727,1999194.3718171623,16
-1185153.928878345,1999194.3718171623,16
-1184690.6161618177,1999194.3718171623,16
-1184227.30344529,1999194.3718171623,16
-1183763.9907287627,1999194.3718171623,16
-1183300.678012235,1999194.3718171623,16
-1182837.3652957077,1999194.3718171623,16
-1182374.05257918,1999194.3718171623,16
-1181910.7398626525,1999194.3718171623,16
-1181447.4271461251,1999194.3718171623,16
-1180984.1144295975,1999194.3718171623,16
-1180520.8017130701,1999194.3718171623,16
-1180057.4889965425,1999194.3718171623,16
-1179594.1762800151,1999194.3718171623,16
-1179130.8635634875,1999194.3718171623,16
-1178667.5508469602,1999194.3718171623,16
-1178204.2381304326,1999194.3718171623,16
-1177740.9254139052,1999194.3718171623,16
-1177277.6126973776,1999194.3718171623,16
-1176814.2999808502,1999194.3718171623,16
-1176350.9872643226,1999194.3718171623,16
-1175887.6745477952,1999194.3718171623,16
-1175424.3618312676,1999194.3718171623,16
-1174961.04911474,1999194.3718171623,16
-1174497.7363982126,1999194.3718171623,16
-1174034.4236816852,1999194.3718171623,16
-1173571.1109651576,1999194.3718171623,16
-1173107.79824863,1999194.3718171623,16
-1172644.4855321026,1999194.3718171623,16
-1172181.172815575,1999194.3718171623,16
-1171717.8600990477,1999194.3718171623,16
-1171254.54738252,1999194.3718171623,16
-1170791.2346659927,1999194.3718171623,16
-1170327.921949465,1999194.3718171623,16
-1169864.6092329377,1999194.3718171623,16
-1169401.29651641,1999194.3718171623,16
-1168937.9837998827,1999194.3718171623,16
-1168474.671083355,1999194.3718171623,16
-1168011.3583668275,1999194.3718171623,16
-1167548.0456503,1999194.3718171623,16
-1167084.7329337727,1999194.3718171623,16
-1224535.5097831825,1998731.0591006347,16
-1224072.1970666551,1998731.0591006347,16
-1223608.8843501275,1998731.0591006347,16
-1223145.5716336002,1998731.0591006347,16
-1222682.2589170726,1998731.0591006347,16
-1222218.9462005452,1998731.0591006347,16
-1221755.6334840176,1998731.0591006347,16
-1221292.3207674902,1998731.0591006347,16
-1220829.0080509626,1998731.0591006347,16
-1220365.6953344352,1998731.0591006347,16
-1219902.3826179076,1998731.0591006347,16
-1219439.0699013802,1998731.0591006347,16
-1218975.7571848526,1998731.0591006347,16
-1218512.444468325,1998731.0591006347,16
-1218049.1317517976,1998731.0591006347,16
-1217585.81903527,1998731.0591006347,16
-1217122.5063187426,1998731.0591006347,16
-1216659.193602215,1998731.0591006347,16
-1216195.8808856877,1998731.0591006347,16
-1215732.56816916,1998731.0591006347,16
-1215269.2554526327,1998731.0591006347,16
-1214805.942736105,1998731.0591006347,16
-1214342.6300195777,1998731.0591006347,16
-1213879.31730305,1998731.0591006347,16
-1213416.0045865227,1998731.0591006347,16
-1212952.691869995,1998731.0591006347,16
-1212489.3791534677,1998731.0591006347,16
-1212026.06643694,1998731.0591006347,16
-1211562.7537204125,1998731.0591006347,16
-1211099.4410038851,1998731.0591006347,16
-1210636.1282873575,1998731.0591006347,16
-1210172.8155708301,1998731.0591006347,16
-1209709.5028543025,1998731.0591006347,16
-1209246.1901377751,1998731.0591006347,16
-1208782.8774212475,1998731.0591006347,16
-1208319.5647047202,1998731.0591006347,16
-1207856.2519881926,1998731.0591006347,16
-1207392.9392716652,1998731.0591006347,16
-1206929.6265551376,1998731.0591006347,16
-1206466.3138386102,1998731.0591006347,16
-1206003.0011220826,1998731.0591006347,16
-1205539.6884055552,1998731.0591006347,16
-1205076.3756890276,1998731.0591006347,16
-1204613.0629725,1998731.0591006347,16
-1204149.7502559726,1998731.0591006347,16
-1203686.4375394452,1998731.0591006347,16
-1203223.1248229176,1998731.0591006347,16
-1202759.81210639,1998731.0591006347,16
-1202296.4993898626,1998731.0591006347,16
-1201833.186673335,1998731.0591006347,16
-1201369.8739568077,1998731.0591006347,16
-1200906.56124028,1998731.0591006347,16
-1200443.2485237527,1998731.0591006347,16
-1199979.935807225,1998731.0591006347,16
-1199516.6230906977,1998731.0591006347,16
-1199053.31037417,1998731.0591006347,16
-1198589.9976576427,1998731.0591006347,16
-1198126.684941115,1998731.0591006347,16
-1197663.3722245875,1998731.0591006347,16
-1197200.05950806,1998731.0591006347,16
-1196736.7467915327,1998731.0591006347,16
-1196273.4340750051,1998731.0591006347,16
-1195810.1213584775,1998731.0591006347,16
-1195346.8086419501,1998731.0591006347,16
-1194883.4959254225,1998731.0591006347,16
-1194420.1832088951,1998731.0591006347,16
-1193956.8704923675,1998731.0591006347,16
-1193493.5577758402,1998731.0591006347,16
-1193030.2450593126,1998731.0591006347,16
-1192566.9323427852,1998731.0591006347,16
-1192103.6196262576,1998731.0591006347,16
-1191640.3069097302,1998731.0591006347,16
-1191176.9941932026,1998731.0591006347,16
-1190713.6814766752,1998731.0591006347,16
-1190250.3687601476,1998731.0591006347,16
-1189787.0560436202,1998731.0591006347,16
-1189323.7433270926,1998731.0591006347,16
-1188860.430610565,1998731.0591006347,16
-1188397.1178940376,1998731.0591006347,16
-1187933.80517751,1998731.0591006347,16
-1187470.4924609826,1998731.0591006347,16
-1187007.179744455,1998731.0591006347,16
-1186543.8670279277,1998731.0591006347,16
-1186080.5543114,1998731.0591006347,16
-1185617.2415948727,1998731.0591006347,16
-1185153.928878345,1998731.0591006347,16
-1184690.6161618177,1998731.0591006347,16
-1184227.30344529,1998731.0591006347,16
-1183763.9907287627,1998731.0591006347,16
-1183300.678012235,1998731.0591006347,16
-1182837.3652957077,1998731.0591006347,16
-1182374.05257918,1998731.0591006347,16
-1181910.7398626525,1998731.0591006347,16
-1181447.4271461251,1998731.0591006347,16
-1180984.1144295975,1998731.0591006347,16
-1180520.8017130701,1998731.0591006347,16
-1180057.4889965425,1998731.0591006347,16
-1179594.1762800151,1998731.0591006347,16
-1179130.8635634875,1998731.0591006347,16
-1178667.5508469602,1998731.0591006347,16
-1178204.2381304326,1998731.0591006347,16
-1177740.9254139052,1998731.0591006347,16
-1177277.6126973776,1998731.0591006347,16
-1176814.2999808502,1998731.0591006347,16
-1176350.9872643226,1998731.0591006347,16
-1175887.6745477952,1998731.0591006347,16
-1175424.3618312676,1998731.0591006347,16
-1174961.04911474,1998731.0591006347,16
-1174497.7363982126,1998731.0591006347,16
-1174034.4236816852,1998731.0591006347,16
-1173571.1109651576,1998731.0591006347,16
-1173107.79824863,1998731.0591006347,16
-1172644.4855321026,1998731.0591006347,16
-1172181.172815575,1998731.0591006347,16
-1171717.8600990477,1998731.0591006347,16
-1171254.54738252,1998731.0591006347,16
-1170791.2346659927,1998731.0591006347,16
-1170327.921949465,1998731.0591006347,16
-1169864.6092329377,1998731.0591006347,16
-1169401.29651641,1998731.0591006347,16
-1168937.9837998827,1998731.0591006347,16
-1168474.671083355,1998731.0591006347,16
-1168011.3583668275,1998731.0591006347,16
-1167548.0456503,1998731.0591006347,16
-1167084.7329337727,1998731.0591006347,16
-1224998.8224997101,1998267.7463841073,16
-1224535.5097831825,1998267.7463841073,16
-1224072.1970666551,1998267.7463841073,16
-1223608.8843501275,1998267.7463841073,16
-1223145.5716336002,1998267.7463841073,16
-1222682.2589170726,1998267.7463841073,16
-1222218.9462005452,1998267.7463841073,16
-1221755.6334840176,1998267.7463841073,16
-1221292.3207674902,1998267.7463841073,16
-1220829.0080509626,1998267.7463841073,16
-1220365.6953344352,1998267.7463841073,16
-1219902.3826179076,1998267.7463841073,16
-1219439.0699013802,1998267.7463841073,16
-1218975.7571848526,1998267.7463841073,16
-1218512.444468325,1998267.7463841073,16
-1218049.1317517976,1998267.7463841073,16
-1217585.81903527,1998267.7463841073,16
-1217122.5063187426,1998267.7463841073,16
-1216659.193602215,1998267.7463841073,16
-1216195.8808856877,1998267.7463841073,16
-1215732.56816916,1998267.7463841073,16
-1215269.2554526327,1998267.7463841073,16
-1214805.942736105,1998267.7463841073,16
-1214342.6300195777,1998267.7463841073,16
-1213879.31730305,1998267.7463841073,16
-1213416.0045865227,1998267.7463841073,16
-1212952.691869995,1998267.7463841073,16
-1212489.3791534677,1998267.7463841073,16
-1212026.06643694,1998267.7463841073,16
-1211562.7537204125,1998267.7463841073,16
-1211099.4410038851,1998267.7463841073,16
-1210636.1282873575,1998267.7463841073,16
-1210172.8155708301,1998267.7463841073,16
-1209709.5028543025,1998267.7463841073,16
-1209246.1901377751,1998267.7463841073,16
-1208782.8774212475,1998267.7463841073,16
-1208319.5647047202,1998267.7463841073,16
-1207856.2519881926,1998267.7463841073,16
-1207392.9392716652,1998267.7463841073,16
-1206929.6265551376,1998267.7463841073,16
-1206466.3138386102,1998267.7463841073,16
-1206003.0011220826,1998267.7463841073,16
-1205539.6884055552,1998267.7463841073,16
-1205076.3756890276,1998267.7463841073,16
-1204613.0629725,1998267.7463841073,16
-1204149.7502559726,1998267.7463841073,16
-1203686.4375394452,1998267.7463841073,16
-1203223.1248229176,1998267.7463841073,16
-1202759.81210639,1998267.7463841073,16
-1202296.4993898626,1998267.7463841073,16
-1201833.186673335,1998267.7463841073,16
-1201369.8739568077,1998267.7463841073,16
-1200906.56124028,1998267.7463841073,16
-1200443.2485237527,1998267.7463841073,16
-1199979.935807225,1998267.7463841073,16
-1199516.6230906977,1998267.7463841073,16
-1199053.31037417,1998267.7463841073,16
-1198589.9976576427,1998267.7463841073,16
-1198126.684941115,1998267.7463841073,16
-1197663.3722245875,1998267.7463841073,16
-1197200.05950806,1998267.7463841073,16
-1196736.7467915327,1998267.7463841073,16
-1196273.4340750051,1998267.7463841073,16
-1195810.1213584775,1998267.7463841073,16
-1195346.8086419501,1998267.7463841073,16
-1194883.4959254225,1998267.7463841073,16
-1194420.1832088951,1998267.7463841073,16
-1193956.8704923675,1998267.7463841073,16
-1193493.5577758402,1998267.7463841073,16
-1193030.2450593126,1998267.7463841073,16
-1192566.9323427852,1998267.7463841073,16
-1192103.6196262576,1998267.7463841073,16
-1191640.3069097302,1998267.7463841073,16
-1191176.9941932026,1998267.7463841073,16
-1190713.6814766752,1998267.7463841073,16
-1190250.3687601476,1998267.7463841073,16
-1189787.0560436202,1998267.7463841073,16
-1189323.7433270926,1998267.7463841073,16
-1188860.430610565,1998267.7463841073,16
-1188397.1178940376,1998267.7463841073,16
-1187933.80517751,1998267.7463841073,16
-1187470.4924609826,1998267.7463841073,16
-1187007.179744455,1998267.7463841073,16
-1186543.8670279277,1998267.7463841073,16
-1186080.5543114,1998267.7463841073,16
-1185617.2415948727,1998267.7463841073,16
-1185153.928878345,1998267.7463841073,16
-1184690.6161618177,1998267.7463841073,16
-1184227.30344529,1998267.7463841073,16
-1183763.9907287627,1998267.7463841073,16
-1183300.678012235,1998267.7463841073,16
-1182837.3652957077,1998267.7463841073,16
-1182374.05257918,1998267.7463841073,16
-1181910.7398626525,1998267.7463841073,16
-1181447.4271461251,1998267.7463841073,16
-1180984.1144295975,1998267.7463841073,16
-1180520.8017130701,1998267.7463841073,16
-1180057.4889965425,1998267.7463841073,16
-1179594.1762800151,1998267.7463841073,16
-1179130.8635634875,1998267.7463841073,16
-1178667.5508469602,1998267.7463841073,16
-1178204.2381304326,1998267.7463841073,16
-1177740.9254139052,1998267.7463841073,16
-1177277.6126973776,1998267.7463841073,16
-1176814.2999808502,1998267.7463841073,16
-1176350.9872643226,1998267.7463841073,16
-1175887.6745477952,1998267.7463841073,16
-1175424.3618312676,1998267.7463841073,16
-1174961.04911474,1998267.7463841073,16
-1174497.7363982126,1998267.7463841073,16
-1174034.4236816852,1998267.7463841073,16
-1173571.1109651576,1998267.7463841073,16
-1173107.79824863,1998267.7463841073,16
-1172644.4855321026,1998267.7463841073,16
-1172181.172815575,1998267.7463841073,16
-1171717.8600990477,1998267.7463841073,16
-1171254.54738252,1998267.7463841073,16
-1170791.2346659927,1998267.7463841073,16
-1170327.921949465,1998267.7463841073,16
-1169864.6092329377,1998267.7463841073,16
-1169401.29651641,1998267.7463841073,16
-1168937.9837998827,1998267.7463841073,16
-1168474.671083355,1998267.7463841073,16
-1168011.3583668275,1998267.7463841073,16
-1167548.0456503,1998267.7463841073,16
-1224998.8224997101,1997804.4336675797,16
-1224535.5097831825,1997804.4336675797,16
-1224072.1970666551,1997804.4336675797,16
-1223608.8843501275,1997804.4336675797,16
-1223145.5716336002,1997804.4336675797,16
-1222682.2589170726,1997804.4336675797,16
-1222218.9462005452,1997804.4336675797,16
-1221755.6334840176,1997804.4336675797,16
-1221292.3207674902,1997804.4336675797,16
-1220829.0080509626,1997804.4336675797,16
-1220365.6953344352,1997804.4336675797,16
-1219902.3826179076,1997804.4336675797,16
-1219439.0699013802,1997804.4336675797,16
-1218975.7571848526,1997804.4336675797,16
-1218512.444468325,1997804.4336675797,16
-1218049.1317517976,1997804.4336675797,16
-1217585.81903527,1997804.4336675797,16
-1217122.5063187426,1997804.4336675797,16
-1216659.193602215,1997804.4336675797,16
-1216195.8808856877,1997804.4336675797,16
-1215732.56816916,1997804.4336675797,16
-1215269.2554526327,1997804.4336675797,16
-1214805.942736105,1997804.4336675797,16
-1214342.6300195777,1997804.4336675797,16
-1213879.31730305,1997804.4336675797,16
-1213416.0045865227,1997804.4336675797,16
-1212952.691869995,1997804.4336675797,16
-1212489.3791534677,1997804.4336675797,16
-1212026.06643694,1997804.4336675797,16
-1211562.7537204125,1997804.4336675797,16
-1211099.4410038851,1997804.4336675797,16
-1210636.1282873575,1997804.4336675797,16
-1210172.8155708301,1997804.4336675797,16
-1209709.5028543025,1997804.4336675797,16
-1209246.1901377751,1997804.4336675797,16
-1208782.8774212475,1997804.4336675797,16
-1208319.5647047202,1997804.4336675797,16
-1207856.2519881926,1997804.4336675797,16
-1207392.9392716652,1997804.4336675797,16
-1206929.6265551376,1997804.4336675797,16
-1206466.3138386102,1997804.4336675797,16
-1206003.0011220826,1997804.4336675797,16
-1205539.6884055552,1997804.4336675797,16
-1205076.3756890276,1997804.4336675797,16
-1204613.0629725,1997804.4336675797,16
-1204149.7502559726,1997804.4336675797,16
-1203686.4375394452,1997804.4336675797,16
-1203223.1248229176,1997804.4336675797,16
-1202759.81210639,1997804.4336675797,16
-1202296.4993898626,1997804.4336675797,16
-1201833.186673335,1997804.4336675797,16
-1201369.8739568077,1997804.4336675797,16
-1200906.56124028,1997804.4336675797,16
-1200443.2485237527,1997804.4336675797,16
-1199979.935807225,1997804.4336675797,16
-1199516.6230906977,1997804.4336675797,16
-1199053.31037417,1997804.4336675797,16
-1198589.9976576427,1997804.4336675797,16
-1198126.684941115,1997804.4336675797,16
-1197663.3722245875,1997804.4336675797,16
-1197200.05950806,1997804.4336675797,16
-1196736.7467915327,1997804.4336675797,16
-1196273.4340750051,1997804.4336675797,16
-1195810.1213584775,1997804.4336675797,16
-1195346.8086419501,1997804.4336675797,16
-1194883.4959254225,1997804.4336675797,16
-1194420.1832088951,1997804.4336675797,16
-1193956.8704923675,1997804.4336675797,16
-1193493.5577758402,1997804.4336675797,16
-1193030.2450593126,1997804.4336675797,16
-1192566.9323427852,1997804.4336675797,16
-1192103.6196262576,1997804.4336675797,16
-1191640.3069097302,1997804.4336675797,16
-1191176.9941932026,1997804.4336675797,16
-1190713.6814766752,1997804.4336675797,16
-1190250.3687601476,1997804.4336675797,16
-1189787.0560436202,1997804.4336675797,16
-1189323.7433270926,1997804.4336675797,16
-1188860.430610565,1997804.4336675797,16
-1188397.1178940376,1997804.4336675797,16
-1187933.80517751,1997804.4336675797,16
-1187470.4924609826,1997804.4336675797,16
-1187007.179744455,1997804.4336675797,16
-1186543.8670279277,1997804.4336675797,16
-1186080.5543114,1997804.4336675797,16
-1185617.2415948727,1997804.4336675797,16
-1185153.928878345,1997804.4336675797,16
-1184690.6161618177,1997804.4336675797,16
-1184227.30344529,1997804.4336675797,16
-1183763.9907287627,1997804.4336675797,16
-1183300.678012235,1997804.4336675797,16
-1182837.3652957077,1997804.4336675797,16
-1182374.05257918,1997804.4336675797,16
-1181910.7398626525,1997804.4336675797,16
-1181447.4271461251,1997804.4336675797,16
-1180984.1144295975,1997804.4336675797,16
-1180520.8017130701,1997804.4336675797,16
-1180057.4889965425,1997804.4336675797,16
-1179594.1762800151,1997804.4336675797,16
-1179130.8635634875,1997804.4336675797,16
-1178667.5508469602,1997804.4336675797,16
-1178204.2381304326,1997804.4336675797,16
-1177740.9254139052,1997804.4336675797,16
-1177277.6126973776,1997804.4336675797,16
-1176814.2999808502,1997804.4336675797,16
-1176350.9872643226,1997804.4336675797,16
-1175887.6745477952,1997804.4336675797,16
-1175424.3618312676,1997804.4336675797,16
-1174961.04911474,1997804.4336675797,16
-1174497.7363982126,1997804.4336675797,16
-1174034.4236816852,1997804.4336675797,16
-1173571.1109651576,1997804.4336675797,16
-1173107.79824863,1997804.4336675797,16
-1172644.4855321026,1997804.4336675797,16
-1172181.172815575,1997804.4336675797,16
-1171717.8600990477,1997804.4336675797,16
-1171254.54738252,1997804.4336675797,16
-1170791.2346659927,1997804.4336675797,16
-1170327.921949465,1997804.4336675797,16
-1169864.6092329377,1997804.4336675797,16
-1169401.29651641,1997804.4336675797,16
-1168937.9837998827,1997804.4336675797,16
-1168474.671083355,1997804.4336675797,16
-1168011.3583668275,1997804.4336675797,16
-1167548.0456503,1997804.4336675797,16
-1225462.1352162375,1997341.1209510523,16
-1224998.8224997101,1997341.1209510523,16
-1224535.5097831825,1997341.1209510523,16
-1224072.1970666551,1997341.1209510523,16
-1223608.8843501275,1997341.1209510523,16
-1223145.5716336002,1997341.1209510523,16
-1222682.2589170726,1997341.1209510523,16
-1222218.9462005452,1997341.1209510523,16
-1221755.6334840176,1997341.1209510523,16
-1221292.3207674902,1997341.1209510523,16
-1220829.0080509626,1997341.1209510523,16
-1220365.6953344352,1997341.1209510523,16
-1219902.3826179076,1997341.1209510523,16
-1219439.0699013802,1997341.1209510523,16
-1218975.7571848526,1997341.1209510523,16
-1218512.444468325,1997341.1209510523,16
-1218049.1317517976,1997341.1209510523,16
-1217585.81903527,1997341.1209510523,16
-1217122.5063187426,1997341.1209510523,16
-1216659.193602215,1997341.1209510523,16
-1216195.8808856877,1997341.1209510523,16
-1215732.56816916,1997341.1209510523,16
-1215269.2554526327,1997341.1209510523,16
-1214805.942736105,1997341.1209510523,16
-1214342.6300195777,1997341.1209510523,16
-1213879.31730305,1997341.1209510523,16
-1213416.0045865227,1997341.1209510523,16
-1212952.691869995,1997341.1209510523,16
-1212489.3791534677,1997341.1209510523,16
-1212026.06643694,1997341.1209510523,16
-1211562.7537204125,1997341.1209510523,16
-1211099.4410038851,1997341.1209510523,16
-1210636.1282873575,1997341.1209510523,16
-1210172.8155708301,1997341.1209510523,16
-1209709.5028543025,1997341.1209510523,16
-1209246.1901377751,1997341.1209510523,16
-1208782.8774212475,1997341.1209510523,16
-1208319.5647047202,1997341.1209510523,16
-1207856.2519881926,1997341.1209510523,16
-1207392.9392716652,1997341.1209510523,16
-1206929.6265551376,1997341.1209510523,16
-1206466.3138386102,1997341.1209510523,16
-1206003.0011220826,1997341.1209510523,16
-1205539.6884055552,1997341.1209510523,16
-1205076.3756890276,1997341.1209510523,16
-1204613.0629725,1997341.1209510523,16
-1204149.7502559726,1997341.1209510523,16
-1203686.4375394452,1997341.1209510523,16
-1203223.1248229176,1997341.1209510523,16
-1202759.81210639,1997341.1209510523,16
-1202296.4993898626,1997341.1209510523,16
-1201833.186673335,1997341.1209510523,16
-1201369.8739568077,1997341.1209510523,16
-1200906.56124028,1997341.1209510523,16
-1200443.2485237527,1997341.1209510523,16
-1199979.935807225,1997341.1209510523,16
-1199516.6230906977,1997341.1209510523,16
-1199053.31037417,1997341.1209510523,16
-1198589.9976576427,1997341.1209510523,16
-1198126.684941115,1997341.1209510523,16
-1197663.3722245875,1997341.1209510523,16
-1197200.05950806,1997341.1209510523,16
-1196736.7467915327,1997341.1209510523,16
-1196273.4340750051,1997341.1209510523,16
-1195810.1213584775,1997341.1209510523,16
-1195346.8086419501,1997341.1209510523,16
-1194883.4959254225,1997341.1209510523,16
-1194420.1832088951,1997341.1209510523,16
-1193956.8704923675,1997341.1209510523,16
-1193493.5577758402,1997341.1209510523,16
-1193030.2450593126,1997341.1209510523,16
-1192566.9323427852,1997341.1209510523,16
-1192103.6196262576,1997341.1209510523,16
-1191640.3069097302,1997341.1209510523,16
-1191176.9941932026,1997341.1209510523,16
-1190713.6814766752,1997341.1209510523,16
-1190250.3687601476,1997341.1209510523,16
-1189787.0560436202,1997341.1209510523,16
-1189323.7433270926,1997341.1209510523,16
-1188860.430610565,1997341.1209510523,16
-1188397.1178940376,1997341.1209510523,16
-1187933.80517751,1997341.1209510523,16
-1187470.4924609826,1997341.1209510523,16
-1187007.179744455,1997341.1209510523,16
-1186543.8670279277,1997341.1209510523,16
-1186080.5543114,1997341.1209510523,16
-1185617.2415948727,1997341.1209510523,16
-1185153.928878345,1997341.1209510523,16
-1184690.6161618177,1997341.1209510523,16
-1184227.30344529,1997341.1209510523,16
-1183763.9907287627,1997341.1209510523,16
-1183300.678012235,1997341.1209510523,16
-1182837.3652957077,1997341.1209510523,16
-1182374.05257918,1997341.1209510523,16
-1181910.7398626525,1997341.1209510523,16
-1181447.4271461251,1997341.1209510523,16
-1180984.1144295975,1997341.1209510523,16
-1180520.8017130701,1997341.1209510523,16
-1180057.4889965425,1997341.1209510523,16
-1179594.1762800151,1997341.1209510523,16
-1179130.8635634875,1997341.1209510523,16
-1178667.5508469602,1997341.1209510523,16
-1178204.2381304326,1997341.1209510523,16
-1177740.9254139052,1997341.1209510523,16
-1177277.6126973776,1997341.1209510523,16
-1176814.2999808502,1997341.1209510523,16
-1176350.9872643226,1997341.1209510523,16
-1175887.6745477952,1997341.1209510523,16
-1175424.3618312676,1997341.1209510523,16
-1174961.04911474,1997341.1209510523,16
-1174497.7363982126,1997341.1209510523,16
-1174034.4236816852,1997341.1209510523,16
-1173571.1109651576,1997341.1209510523,16
-1173107.79824863,1997341.1209510523,16
-1172644.4855321026,1997341.1209510523,16
-1172181.172815575,1997341.1209510523,16
-1171717.8600990477,1997341.1209510523,16
-1171254.54738252,1997341.1209510523,16
-1170791.2346659927,1997341.1209510523,16
-1170327.921949465,1997341.1209510523,16
-1169864.6092329377,1997341.1209510523,16
-1169401.29651641,1997341.1209510523,16
-1168937.9837998827,1997341.1209510523,16
-1168474.671083355,1997341.1209510523,16
-1168011.3583668275,1997341.1209510523,16
-1167548.0456503,1997341.1209510523,16
-1225462.1352162375,1996877.8082345247,16
-1224998.8224997101,1996877.8082345247,16
-1224535.5097831825,1996877.8082345247,16
-1224072.1970666551,1996877.8082345247,16
-1223608.8843501275,1996877.8082345247,16
-1223145.5716336002,1996877.8082345247,16
-1222682.2589170726,1996877.8082345247,16
-1222218.9462005452,1996877.8082345247,16
-1221755.6334840176,1996877.8082345247,16
-1221292.3207674902,1996877.8082345247,16
-1220829.0080509626,1996877.8082345247,16
-1220365.6953344352,1996877.8082345247,16
-1219902.3826179076,1996877.8082345247,16
-1219439.0699013802,1996877.8082345247,16
-1218975.7571848526,1996877.8082345247,16
-1218512.444468325,1996877.8082345247,16
-1218049.1317517976,1996877.8082345247,16
-1217585.81903527,1996877.8082345247,16
-1217122.5063187426,1996877.8082345247,16
-1216659.193602215,1996877.8082345247,16
-1216195.8808856877,1996877.8082345247,16
-1215732.56816916,1996877.8082345247,16
-1215269.2554526327,1996877.8082345247,16
-1214805.942736105,1996877.8082345247,16
-1214342.6300195777,1996877.8082345247,16
-1213879.31730305,1996877.8082345247,16
-1213416.0045865227,1996877.8082345247,16
-1212952.691869995,1996877.8082345247,16
-1212489.3791534677,1996877.8082345247,16
-1212026.06643694,1996877.8082345247,16
-1211562.7537204125,1996877.8082345247,16
-1211099.4410038851,1996877.8082345247,16
-1210636.1282873575,1996877.8082345247,16
-1210172.8155708301,1996877.8082345247,16
-1209709.5028543025,1996877.8082345247,16
-1209246.1901377751,1996877.8082345247,16
-1208782.8774212475,1996877.8082345247,16
-1208319.5647047202,1996877.8082345247,16
-1207856.2519881926,1996877.8082345247,16
-1207392.9392716652,1996877.8082345247,16
-1206929.6265551376,1996877.8082345247,16
-1206466.3138386102,1996877.8082345247,16
-1206003.0011220826,1996877.8082345247,16
-1205539.6884055552,1996877.8082345247,16
-1205076.3756890276,1996877.8082345247,16
-1204613.0629725,1996877.8082345247,16
-1204149.7502559726,1996877.8082345247,16
-1203686.4375394452,1996877.8082345247,16
-1203223.1248229176,1996877.8082345247,16
-1202759.81210639,1996877.8082345247,16
-1202296.4993898626,1996877.8082345247,16
-1201833.186673335,1996877.8082345247,16
-1201369.8739568077,1996877.8082345247,16
-1200906.56124028,1996877.8082345247,16
-1200443.2485237527,1996877.8082345247,16
-1199979.935807225,1996877.8082345247,16
-1199516.6230906977,1996877.8082345247,16
-1199053.31037417,1996877.8082345247,16
-1198589.9976576427,1996877.8082345247,16
-1198126.684941115,1996877.8082345247,16
-1197663.3722245875,1996877.8082345247,16
-1197200.05950806,1996877.8082345247,16
-1196736.7467915327,1996877.8082345247,16
-1196273.4340750051,1996877.8082345247,16
-1195810.1213584775,1996877.8082345247,16
-1195346.8086419501,1996877.8082345247,16
-1194883.4959254225,1996877.8082345247,16
-1194420.1832088951,1996877.8082345247,16
-1193956.8704923675,1996877.8082345247,16
-1193493.5577758402,1996877.8082345247,16
-1193030.2450593126,1996877.8082345247,16
-1192566.9323427852,1996877.8082345247,16
-1192103.6196262576,1996877.8082345247,16
-1191640.3069097302,1996877.8082345247,16
-1191176.9941932026,1996877.8082345247,16
-1190713.6814766752,1996877.8082345247,16
-1190250.3687601476,1996877.8082345247,16
-1189787.0560436202,1996877.8082345247,16
-1189323.7433270926,1996877.8082345247,16
-1188860.430610565,1996877.8082345247,16
-1188397.1178940376,1996877.8082345247,16
-1187933.80517751,1996877.8082345247,16
-1187470.4924609826,1996877.8082345247,16
-1187007.179744455,1996877.8082345247,16
-1186543.8670279277,1996877.8082345247,16
-1186080.5543114,1996877.8082345247,16
-1185617.2415948727,1996877.8082345247,16
-1185153.928878345,1996877.8082345247,16
-1184690.6161618177,1996877.8082345247,16
-1184227.30344529,1996877.8082345247,16
-1183763.9907287627,1996877.8082345247,16
-1183300.678012235,1996877.8082345247,16
-1182837.3652957077,1996877.8082345247,16
-1182374.05257918,1996877.8082345247,16
-1181910.7398626525,1996877.8082345247,16
-1181447.4271461251,1996877.8082345247,16
-1180984.1144295975,1996877.8082345247,16
-1180520.8017130701,1996877.8082345247,16
-1180057.4889965425,1996877.8082345247,16
-1179594.1762800151,1996877.8082345247,16
-1179130.8635634875,1996877.8082345247,16
-1178667.5508469602,1996877.8082345247,16
-1178204.2381304326,1996877.8082345247,16
-1177740.9254139052,1996877.8082345247,16
-1177277.6126973776,1996877.8082345247,16
-1176814.2999808502,1996877.8082345247,16
-1176350.9872643226,1996877.8082345247,16
-1175887.6745477952,1996877.8082345247,16
-1175424.3618312676,1996877.8082345247,16
-1174961.04911474,1996877.8082345247,16
-1174497.7363982126,1996877.8082345247,16
-1174034.4236816852,1996877.8082345247,16
-1173571.1109651576,1996877.8082345247,16
-1173107.79824863,1996877.8082345247,16
-1172644.4855321026,1996877.8082345247,16
-1172181.172815575,1996877.8082345247,16
-1171717.8600990477,1996877.8082345247,16
-1171254.54738252,1996877.8082345247,16
-1170791.2346659927,1996877.8082345247,16
-1170327.921949465,1996877.8082345247,16
-1169864.6092329377,1996877.8082345247,16
-1169401.29651641,1996877.8082345247,16
-1168937.9837998827,1996877.8082345247,16
-1168474.671083355,1996877.8082345247,16
-1168011.3583668275,1996877.8082345247,16
-1167548.0456503,1996877.8082345247,16
-1225925.4479327651,1996414.4955179973,16
-1225462.1352162375,1996414.4955179973,16
-1224998.8224997101,1996414.4955179973,16
-1224535.5097831825,1996414.4955179973,16
-1224072.1970666551,1996414.4955179973,16
-1223608.8843501275,1996414.4955179973,16
-1223145.5716336002,1996414.4955179973,16
-1222682.2589170726,1996414.4955179973,16
-1222218.9462005452,1996414.4955179973,16
-1221755.6334840176,1996414.4955179973,16
-1221292.3207674902,1996414.4955179973,16
-1220829.0080509626,1996414.4955179973,16
-1220365.6953344352,1996414.4955179973,16
-1219902.3826179076,1996414.4955179973,16
-1219439.0699013802,1996414.4955179973,16
-1218975.7571848526,1996414.4955179973,16
-1218512.444468325,1996414.4955179973,16
-1218049.1317517976,1996414.4955179973,16
-1217585.81903527,1996414.4955179973,16
-1217122.5063187426,1996414.4955179973,16
-1216659.193602215,1996414.4955179973,16
-1216195.8808856877,1996414.4955179973,16
-1215732.56816916,1996414.4955179973,16
-1215269.2554526327,1996414.4955179973,16
-1214805.942736105,1996414.4955179973,16
-1214342.6300195777,1996414.4955179973,16
-1213879.31730305,1996414.4955179973,16
-1213416.0045865227,1996414.4955179973,16
-1212952.691869995,1996414.4955179973,16
-1212489.3791534677,1996414.4955179973,16
-1212026.06643694,1996414.4955179973,16
-1211562.7537204125,1996414.4955179973,16
-1211099.4410038851,1996414.4955179973,16
-1210636.1282873575,1996414.4955179973,16
-1210172.8155708301,1996414.4955179973,16
-1209709.5028543025,1996414.4955179973,16
-1209246.1901377751,1996414.4955179973,16
-1208782.8774212475,1996414.4955179973,16
-1208319.5647047202,1996414.4955179973,16
-1207856.2519881926,1996414.4955179973,16
-1207392.9392716652,1996414.4955179973,16
-1206929.6265551376,1996414.4955179973,16
-1206466.3138386102,1996414.4955179973,16
-1206003.0011220826,1996414.4955179973,16
-1205539.6884055552,1996414.4955179973,16
-1205076.3756890276,1996414.4955179973,16
-1204613.0629725,1996414.4955179973,16
-1204149.7502559726,1996414.4955179973,16
-1203686.4375394452,1996414.4955179973,16
-1203223.1248229176,1996414.4955179973,16
-1202759.81210639,1996414.4955179973,16
-1202296.4993898626,1996414.4955179973,16
-1201833.186673335,1996414.4955179973,16
-1201369.8739568077,1996414.4955179973,16
-1200906.56124028,1996414.4955179973,16
-1200443.2485237527,1996414.4955179973,16
-1199979.935807225,1996414.4955179973,16
-1199516.6230906977,1996414.4955179973,16
-1199053.31037417,1996414.4955179973,16
-1198589.9976576427,1996414.4955179973,16
-1198126.684941115,1996414.4955179973,16
-1197663.3722245875,1996414.4955179973,16
-1197200.05950806,1996414.4955179973,16
-1196736.7467915327,1996414.4955179973,16
-1196273.4340750051,1996414.4955179973,16
-1195810.1213584775,1996414.4955179973,16
-1195346.8086419501,1996414.4955179973,16
-1194883.4959254225,1996414.4955179973,16
-1194420.1832088951,1996414.4955179973,16
-1193956.8704923675,1996414.4955179973,16
-1193493.5577758402,1996414.4955179973,16
-1193030.2450593126,1996414.4955179973,16
-1192566.9323427852,1996414.4955179973,16
-1192103.6196262576,1996414.4955179973,16
-1191640.3069097302,1996414.4955179973,16
-1191176.9941932026,1996414.4955179973,16
-1190713.6814766752,1996414.4955179973,16
-1190250.3687601476,1996414.4955179973,16
-1189787.0560436202,1996414.4955179973,16
-1189323.7433270926,1996414.4955179973,16
-1188860.430610565,1996414.4955179973,16
-1188397.1178940376,1996414.4955179973,16
-1187933.80517751,1996414.4955179973,16
-1187470.4924609826,1996414.4955179973,16
-1187007.179744455,1996414.4955179973,16
-1186543.8670279277,1996414.4955179973,16
-1186080.5543114,1996414.4955179973,16
-1185617.2415948727,1996414.4955179973,16
-1185153.928878345,1996414.4955179973,16
-1184690.6161618177,1996414.4955179973,16
-1184227.30344529,1996414.4955179973,16
-1183763.9907287627,1996414.4955179973,16
-1183300.678012235,1996414.4955179973,16
-1182837.3652957077,1996414.4955179973,16
-1182374.05257918,1996414.4955179973,16
-1181910.7398626525,1996414.4955179973,16
-1181447.4271461251,1996414.4955179973,16
-1180984.1144295975,1996414.4955179973,16
-1180520.8017130701,1996414.4955179973,16
-1180057.4889965425,1996414.4955179973,16
-1179594.1762800151,1996414.4955179973,16
-1179130.8635634875,1996414.4955179973,16
-1178667.5508469602,1996414.4955179973,16
-1178204.2381304326,1996414.4955179973,16
-1177740.9254139052,1996414.4955179973,16
-1177277.6126973776,1996414.4955179973,16
-1176814.2999808502,1996414.4955179973,16
-1176350.9872643226,1996414.4955179973,16
-1175887.6745477952,1996414.4955179973,16
-1175424.3618312676,1996414.4955179973,16
-1174961.04911474,1996414.4955179973,16
-1174497.7363982126,1996414.4955179973,16
-1174034.4236816852,1996414.4955179973,16
-1173571.1109651576,1996414.4955179973,16
-1173107.79824863,1996414.4955179973,16
-1172644.4855321026,1996414.4955179973,16
-1172181.172815575,1996414.4955179973,16
-1171717.8600990477,1996414.4955179973,16
-1171254.54738252,1996414.4955179973,16
-1170791.2346659927,1996414.4955179973,16
-1170327.921949465,1996414.4955179973,16
-1169864.6092329377,1996414.4955179973,16
-1169401.29651641,1996414.4955179973,16
-1168937.9837998827,1996414.4955179973,16
-1168474.671083355,1996414.4955179973,16
-1168011.3583668275,1996414.4955179973,16
-1167548.0456503,1996414.4955179973,16
-1226388.7606492927,1995951.1828014697,16
-1225925.4479327651,1995951.1828014697,16
-1225462.1352162375,1995951.1828014697,16
-1224998.8224997101,1995951.1828014697,16
-1224535.5097831825,1995951.1828014697,16
-1224072.1970666551,1995951.1828014697,16
-1223608.8843501275,1995951.1828014697,16
-1223145.5716336002,1995951.1828014697,16
-1222682.2589170726,1995951.1828014697,16
-1222218.9462005452,1995951.1828014697,16
-1221755.6334840176,1995951.1828014697,16
-1221292.3207674902,1995951.1828014697,16
-1220829.0080509626,1995951.1828014697,16
-1220365.6953344352,1995951.1828014697,16
-1219902.3826179076,1995951.1828014697,16
-1219439.0699013802,1995951.1828014697,16
-1218975.7571848526,1995951.1828014697,16
-1218512.444468325,1995951.1828014697,16
-1218049.1317517976,1995951.1828014697,16
-1217585.81903527,1995951.1828014697,16
-1217122.5063187426,1995951.1828014697,16
-1216659.193602215,1995951.1828014697,16
-1216195.8808856877,1995951.1828014697,16
-1215732.56816916,1995951.1828014697,16
-1215269.2554526327,1995951.1828014697,16
-1214805.942736105,1995951.1828014697,16
-1214342.6300195777,1995951.1828014697,16
-1213879.31730305,1995951.1828014697,16
-1213416.0045865227,1995951.1828014697,16
-1212952.691869995,1995951.1828014697,16
-1212489.3791534677,1995951.1828014697,16
-1212026.06643694,1995951.1828014697,16
-1211562.7537204125,1995951.1828014697,16
-1211099.4410038851,1995951.1828014697,16
-1210636.1282873575,1995951.1828014697,16
-1210172.8155708301,1995951.1828014697,16
-1209709.5028543025,1995951.1828014697,16
-1209246.1901377751,1995951.1828014697,16
-1208782.8774212475,1995951.1828014697,16
-1208319.5647047202,1995951.1828014697,16
-1207856.2519881926,1995951.1828014697,16
-1207392.9392716652,1995951.1828014697,16
-1206929.6265551376,1995951.1828014697,16
-1206466.3138386102,1995951.1828014697,16
-1206003.0011220826,1995951.1828014697,16
-1205539.6884055552,1995951.1828014697,16
-1205076.3756890276,1995951.1828014697,16
-1204613.0629725,1995951.1828014697,16
-1204149.7502559726,1995951.1828014697,16
-1203686.4375394452,1995951.1828014697,16
-1203223.1248229176,1995951.1828014697,16
-1202759.81210639,1995951.1828014697,16
-1202296.4993898626,1995951.1828014697,16
-1201833.186673335,1995951.1828014697,16
-1201369.8739568077,1995951.1828014697,16
-1200906.56124028,1995951.1828014697,16
-1200443.2485237527,1995951.1828014697,16
-1199979.935807225,1995951.1828014697,16
-1199516.6230906977,1995951.1828014697,16
-1199053.31037417,1995951.1828014697,16
-1198589.9976576427,1995951.1828014697,16
-1198126.684941115,1995951.1828014697,16
-1197663.3722245875,1995951.1828014697,16
-1197200.05950806,1995951.1828014697,16
-1196736.7467915327,1995951.1828014697,16
-1196273.4340750051,1995951.1828014697,16
-1195810.1213584775,1995951.1828014697,16
-1195346.8086419501,1995951.1828014697,16
-1194883.4959254225,1995951.1828014697,16
-1194420.1832088951,1995951.1828014697,16
-1193956.8704923675,1995951.1828014697,16
-1193493.5577758402,1995951.1828014697,16
-1193030.2450593126,1995951.1828014697,16
-1192566.9323427852,1995951.1828014697,16
-1192103.6196262576,1995951.1828014697,16
-1191640.3069097302,1995951.1828014697,16
-1191176.9941932026,1995951.1828014697,16
-1190713.6814766752,1995951.1828014697,16
-1190250.3687601476,1995951.1828014697,16
-1189787.0560436202,1995951.1828014697,16
-1189323.7433270926,1995951.1828014697,16
-1188860.430610565,1995951.1828014697,16
-1188397.1178940376,1995951.1828014697,16
-1187933.80517751,1995951.1828014697,16
-1187470.4924609826,1995951.1828014697,16
-1187007.179744455,1995951.1828014697,16
-1186543.8670279277,1995951.1828014697,16
-1186080.5543114,1995951.1828014697,16
-1185617.2415948727,1995951.1828014697,16
-1185153.928878345,1995951.1828014697,16
-1184690.6161618177,1995951.1828014697,16
-1184227.30344529,1995951.1828014697,16
-1183763.9907287627,1995951.1828014697,16
-1183300.678012235,1995951.1828014697,16
-1182837.3652957077,1995951.1828014697,16
-1182374.05257918,1995951.1828014697,16
-1181910.7398626525,1995951.1828014697,16
-1181447.4271461251,1995951.1828014697,16
-1180984.1144295975,1995951.1828014697,16
-1180520.8017130701,1995951.1828014697,16
-1180057.4889965425,1995951.1828014697,16
-1179594.1762800151,1995951.1828014697,16
-1179130.8635634875,1995951.1828014697,16
-1178667.5508469602,1995951.1828014697,16
-1178204.2381304326,1995951.1828014697,16
-1177740.9254139052,1995951.1828014697,16
-1177277.6126973776,1995951.1828014697,16
-1176814.2999808502,1995951.1828014697,16
-1176350.9872643226,1995951.1828014697,16
-1175887.6745477952,1995951.1828014697,16
-1175424.3618312676,1995951.1828014697,16
-1174961.04911474,1995951.1828014697,16
-1174497.7363982126,1995951.1828014697,16
-1174034.4236816852,1995951.1828014697,16
-1173571.1109651576,1995951.1828014697,16
-1173107.79824863,1995951.1828014697,16
-1172644.4855321026,1995951.1828014697,16
-1172181.172815575,1995951.1828014697,16
-1171717.8600990477,1995951.1828014697,16
-1171254.54738252,1995951.1828014697,16
-1170791.2346659927,1995951.1828014697,16
-1170327.921949465,1995951.1828014697,16
-1169864.6092329377,1995951.1828014697,16
-1169401.29651641,1995951.1828014697,16
-1168937.9837998827,1995951.1828014697,16
-1168474.671083355,1995951.1828014697,16
-1168011.3583668275,1995951.1828014697,16
-1226388.7606492927,1995487.8700849423,16
-1225925.4479327651,1995487.8700849423,16
-1225462.1352162375,1995487.8700849423,16
-1224998.8224997101,1995487.8700849423,16
-1224535.5097831825,1995487.8700849423,16
-1224072.1970666551,1995487.8700849423,16
-1223608.8843501275,1995487.8700849423,16
-1223145.5716336002,1995487.8700849423,16
-1222682.2589170726,1995487.8700849423,16
-1222218.9462005452,1995487.8700849423,16
-1221755.6334840176,1995487.8700849423,16
-1221292.3207674902,1995487.8700849423,16
-1220829.0080509626,1995487.8700849423,16
-1220365.6953344352,1995487.8700849423,16
-1219902.3826179076,1995487.8700849423,16
-1219439.0699013802,1995487.8700849423,16
-1218975.7571848526,1995487.8700849423,16
-1218512.444468325,1995487.8700849423,16
-1218049.1317517976,1995487.8700849423,16
-1217585.81903527,1995487.8700849423,16
-1217122.5063187426,1995487.8700849423,16
-1216659.193602215,1995487.8700849423,16
-1216195.8808856877,1995487.8700849423,16
-1215732.56816916,1995487.8700849423,16
-1215269.2554526327,1995487.8700849423,16
-1214805.942736105,1995487.8700849423,16
-1214342.6300195777,1995487.8700849423,16
-1213879.31730305,1995487.8700849423,16
-1213416.0045865227,1995487.8700849423,16
-1212952.691869995,1995487.8700849423,16
-1212489.3791534677,1995487.8700849423,16
-1212026.06643694,1995487.8700849423,16
-1211562.7537204125,1995487.8700849423,16
-1211099.4410038851,1995487.8700849423,16
-1210636.1282873575,1995487.8700849423,16
-1210172.8155708301,1995487.8700849423,16
-1209709.5028543025,1995487.8700849423,16
-1209246.1901377751,1995487.8700849423,16
-1208782.8774212475,1995487.8700849423,16
-1208319.5647047202,1995487.8700849423,16
-1207856.2519881926,1995487.8700849423,16
-1207392.9392716652,1995487.8700849423,16
-1206929.6265551376,1995487.8700849423,16
-1206466.3138386102,1995487.8700849423,16
-1206003.0011220826,1995487.8700849423,16
-1205539.6884055552,1995487.8700849423,16
-1205076.3756890276,1995487.8700849423,16
-1204613.0629725,1995487.8700849423,16
-1204149.7502559726,1995487.8700849423,16
-1203686.4375394452,1995487.8700849423,16
-1203223.1248229176,1995487.8700849423,16
-1202759.81210639,1995487.8700849423,16
-1202296.4993898626,1995487.8700849423,16
-1201833.186673335,1995487.8700849423,16
-1201369.8739568077,1995487.8700849423,16
-1200906.56124028,1995487.8700849423,16
-1200443.2485237527,1995487.8700849423,16
-1199979.935807225,1995487.8700849423,16
-1199516.6230906977,1995487.8700849423,16
-1199053.31037417,1995487.8700849423,16
-1198589.9976576427,1995487.8700849423,16
-1198126.684941115,1995487.8700849423,16
-1197663.3722245875,1995487.8700849423,16
-1197200.05950806,1995487.8700849423,16
-1196736.7467915327,1995487.8700849423,16
-1196273.4340750051,1995487.8700849423,16
-1195810.1213584775,1995487.8700849423,16
-1195346.8086419501,1995487.8700849423,16
-1194883.4959254225,1995487.8700849423,16
-1194420.1832088951,1995487.8700849423,16
-1193956.8704923675,1995487.8700849423,16
-1193493.5577758402,1995487.8700849423,16
-1193030.2450593126,1995487.8700849423,16
-1192566.9323427852,1995487.8700849423,16
-1192103.6196262576,1995487.8700849423,16
-1191640.3069097302,1995487.8700849423,16
-1191176.9941932026,1995487.8700849423,16
-1190713.6814766752,1995487.8700849423,16
-1190250.3687601476,1995487.8700849423,16
-1189787.0560436202,1995487.8700849423,16
-1189323.7433270926,1995487.8700849423,16
-1188860.430610565,1995487.8700849423,16
-1188397.1178940376,1995487.8700849423,16
-1187933.80517751,1995487.8700849423,16
-1187470.4924609826,1995487.8700849423,16
-1187007.179744455,1995487.8700849423,16
-1186543.8670279277,1995487.8700849423,16
-1186080.5543114,1995487.8700849423,16
-1185617.2415948727,1995487.8700849423,16
-1185153.928878345,1995487.8700849423,16
-1184690.6161618177,1995487.8700849423,16
-1184227.30344529,1995487.8700849423,16
-1183763.9907287627,1995487.8700849423,16
-1183300.678012235,1995487.8700849423,16
-1182837.3652957077,1995487.8700849423,16
-1182374.05257918,1995487.8700849423,16
-1181910.7398626525,1995487.8700849423,16
-1181447.4271461251,1995487.8700849423,16
-1180984.1144295975,1995487.8700849423,16
-1180520.8017130701,1995487.8700849423,16
-1180057.4889965425,1995487.8700849423,16
-1179594.1762800151,1995487.8700849423,16
-1179130.8635634875,1995487.8700849423,16
-1178667.5508469602,1995487.8700849423,16
-1178204.2381304326,1995487.8700849423,16
-1177740.9254139052,1995487.8700849423,16
-1177277.6126973776,1995487.8700849423,16
-1176814.2999808502,1995487.8700849423,16
-1176350.9872643226,1995487.8700849423,16
-1175887.6745477952,1995487.8700849423,16
-1175424.3618312676,1995487.8700849423,16
-1174961.04911474,1995487.8700849423,16
-1174497.7363982126,1995487.8700849423,16
-1174034.4236816852,1995487.8700849423,16
-1173571.1109651576,1995487.8700849423,16
-1173107.79824863,1995487.8700849423,16
-1172644.4855321026,1995487.8700849423,16
-1172181.172815575,1995487.8700849423,16
-1171717.8600990477,1995487.8700849423,16
-1171254.54738252,1995487.8700849423,16
-1170791.2346659927,1995487.8700849423,16
-1170327.921949465,1995487.8700849423,16
-1169864.6092329377,1995487.8700849423,16
-1169401.29651641,1995487.8700849423,16
-1168937.9837998827,1995487.8700849423,16
-1168474.671083355,1995487.8700849423,16
-1168011.3583668275,1995487.8700849423,16
-1226388.7606492927,1995024.5573684147,16
-1225925.4479327651,1995024.5573684147,16
-1225462.1352162375,1995024.5573684147,16
-1224998.8224997101,1995024.5573684147,16
-1224535.5097831825,1995024.5573684147,16
-1224072.1970666551,1995024.5573684147,16
-1223608.8843501275,1995024.5573684147,16
-1223145.5716336002,1995024.5573684147,16
-1222682.2589170726,1995024.5573684147,16
-1222218.9462005452,1995024.5573684147,16
-1221755.6334840176,1995024.5573684147,16
-1221292.3207674902,1995024.5573684147,16
-1220829.0080509626,1995024.5573684147,16
-1220365.6953344352,1995024.5573684147,16
-1219902.3826179076,1995024.5573684147,16
-1219439.0699013802,1995024.5573684147,16
-1218975.7571848526,1995024.5573684147,16
-1218512.444468325,1995024.5573684147,16
-1218049.1317517976,1995024.5573684147,16
-1217585.81903527,1995024.5573684147,16
-1217122.5063187426,1995024.5573684147,16
-1216659.193602215,1995024.5573684147,16
-1216195.8808856877,1995024.5573684147,16
-1215732.56816916,1995024.5573684147,16
-1215269.2554526327,1995024.5573684147,16
-1214805.942736105,1995024.5573684147,16
-1214342.6300195777,1995024.5573684147,16
-1213879.31730305,1995024.5573684147,16
-1213416.0045865227,1995024.5573684147,16
-1212952.691869995,1995024.5573684147,16
-1212489.3791534677,1995024.5573684147,16
-1212026.06643694,1995024.5573684147,16
-1211562.7537204125,1995024.5573684147,16
-1211099.4410038851,1995024.5573684147,16
-1210636.1282873575,1995024.5573684147,16
-1210172.8155708301,1995024.5573684147,16
-1209709.5028543025,1995024.5573684147,16
-1209246.1901377751,1995024.5573684147,16
-1208782.8774212475,1995024.5573684147,16
-1208319.5647047202,1995024.5573684147,16
-1207856.2519881926,1995024.5573684147,16
-1207392.9392716652,1995024.5573684147,16
-1206929.6265551376,1995024.5573684147,16
-1206466.3138386102,1995024.5573684147,16
-1206003.0011220826,1995024.5573684147,16
-1205539.6884055552,1995024.5573684147,16
-1205076.3756890276,1995024.5573684147,16
-1204613.0629725,1995024.5573684147,16
-1204149.7502559726,1995024.5573684147,16
-1203686.4375394452,1995024.5573684147,16
-1203223.1248229176,1995024.5573684147,16
-1202759.81210639,1995024.5573684147,16
-1202296.4993898626,1995024.5573684147,16
-1201833.186673335,1995024.5573684147,16
-1201369.8739568077,1995024.5573684147,16
-1200906.56124028,1995024.5573684147,16
-1200443.2485237527,1995024.5573684147,16
-1199979.935807225,1995024.5573684147,16
-1199516.6230906977,1995024.5573684147,16
-1199053.31037417,1995024.5573684147,16
-1198589.9976576427,1995024.5573684147,16
-1198126.684941115,1995024.5573684147,16
-1197663.3722245875,1995024.5573684147,16
-1197200.05950806,1995024.5573684147,16
-1196736.7467915327,1995024.5573684147,16
-1196273.4340750051,1995024.5573684147,16
-1195810.1213584775,1995024.5573684147,16
-1195346.8086419501,1995024.5573684147,16
-1194883.4959254225,1995024.5573684147,16
-1194420.1832088951,1995024.5573684147,16
-1193956.8704923675,1995024.5573684147,16
-1193493.5577758402,1995024.5573684147,16
-1193030.2450593126,1995024.5573684147,16
-1192566.9323427852,1995024.5573684147,16
-1192103.6196262576,1995024.5573684147,16
-1191640.3069097302,1995024.5573684147,16
-1191176.9941932026,1995024.5573684147,16
-1190713.6814766752,1995024.5573684147,16
-1190250.3687601476,1995024.5573684147,16
-1189787.0560436202,1995024.5573684147,16
-1189323.7433270926,1995024.5573684147,16
-1188860.430610565,1995024.5573684147,16
-1188397.1178940376,1995024.5573684147,16
-1187933.80517751,1995024.5573684147,16
-1187470.4924609826,1995024.5573684147,16
-1187007.179744455,1995024.5573684147,16
-1186543.8670279277,1995024.5573684147,16
-1186080.5543114,1995024.5573684147,16
-1185617.2415948727,1995024.5573684147,16
-1185153.928878345,1995024.5573684147,16
-1184690.6161618177,1995024.5573684147,16
-1184227.30344529,1995024.5573684147,16
-1183763.9907287627,1995024.5573684147,16
-1183300.678012235,1995024.5573684147,16
-1182837.3652957077,1995024.5573684147,16
-1182374.05257918,1995024.5573684147,16
-1181910.7398626525,1995024.5573684147,16
-1181447.4271461251,1995024.5573684147,16
-1180984.1144295975,1995024.5573684147,16
-1180520.8017130701,1995024.5573684147,16
-1180057.4889965425,1995024.5573684147,16
-1179594.1762800151,1995024.5573684147,16
-1179130.8635634875,1995024.5573684147,16
-1178667.5508469602,1995024.5573684147,16
-1178204.2381304326,1995024.5573684147,16
-1177740.9254139052,1995024.5573684147,16
-1177277.6126973776,1995024.5573684147,16
-1176814.2999808502,1995024.5573684147,16
-1176350.9872643226,1995024.5573684147,16
-1175887.6745477952,1995024.5573684147,16
-1175424.3618312676,1995024.5573684147,16
-1174961.04911474,1995024.5573684147,16
-1174497.7363982126,1995024.5573684147,16
-1174034.4236816852,1995024.5573684147,16
-1173571.1109651576,1995024.5573684147,16
-1173107.79824863,1995024.5573684147,16
-1172644.4855321026,1995024.5573684147,16
-1172181.172815575,1995024.5573684147,16
-1171717.8600990477,1995024.5573684147,16
-1171254.54738252,1995024.5573684147,16
-1170791.2346659927,1995024.5573684147,16
-1170327.921949465,1995024.5573684147,16
-1169864.6092329377,1995024.5573684147,16
-1169401.29651641,1995024.5573684147,16
-1168937.9837998827,1995024.5573684147,16
-1168474.671083355,1995024.5573684147,16
-1168011.3583668275,1995024.5573684147,16
-1223608.8843501275,1994561.244651887,16
-1223145.5716336002,1994561.244651887,16
-1222682.2589170726,1994561.244651887,16
-1222218.9462005452,1994561.244651887,16
-1221755.6334840176,1994561.244651887,16
-1221292.3207674902,1994561.244651887,16
-1220829.0080509626,1994561.244651887,16
-1220365.6953344352,1994561.244651887,16
-1219902.3826179076,1994561.244651887,16
-1219439.0699013802,1994561.244651887,16
-1218975.7571848526,1994561.244651887,16
-1218512.444468325,1994561.244651887,16
-1218049.1317517976,1994561.244651887,16
-1217585.81903527,1994561.244651887,16
-1217122.5063187426,1994561.244651887,16
-1216659.193602215,1994561.244651887,16
-1216195.8808856877,1994561.244651887,16
-1215732.56816916,1994561.244651887,16
-1215269.2554526327,1994561.244651887,16
-1214805.942736105,1994561.244651887,16
-1214342.6300195777,1994561.244651887,16
-1213879.31730305,1994561.244651887,16
-1213416.0045865227,1994561.244651887,16
-1212952.691869995,1994561.244651887,16
-1212489.3791534677,1994561.244651887,16
-1212026.06643694,1994561.244651887,16
-1211562.7537204125,1994561.244651887,16
-1211099.4410038851,1994561.244651887,16
-1210636.1282873575,1994561.244651887,16
-1210172.8155708301,1994561.244651887,16
-1209709.5028543025,1994561.244651887,16
-1209246.1901377751,1994561.244651887,16
-1208782.8774212475,1994561.244651887,16
-1208319.5647047202,1994561.244651887,16
-1207856.2519881926,1994561.244651887,16
-1207392.9392716652,1994561.244651887,16
-1206929.6265551376,1994561.244651887,16
-1206466.3138386102,1994561.244651887,16
-1206003.0011220826,1994561.244651887,16
-1205539.6884055552,1994561.244651887,16
-1205076.3756890276,1994561.244651887,16
-1204613.0629725,1994561.244651887,16
-1204149.7502559726,1994561.244651887,16
-1203686.4375394452,1994561.244651887,16
-1203223.1248229176,1994561.244651887,16
-1202759.81210639,1994561.244651887,16
-1202296.4993898626,1994561.244651887,16
-1201833.186673335,1994561.244651887,16
-1201369.8739568077,1994561.244651887,16
-1200906.56124028,1994561.244651887,16
-1200443.2485237527,1994561.244651887,16
-1199979.935807225,1994561.244651887,16
-1199516.6230906977,1994561.244651887,16
-1199053.31037417,1994561.244651887,16
-1198589.9976576427,1994561.244651887,16
-1198126.684941115,1994561.244651887,16
-1197663.3722245875,1994561.244651887,16
-1197200.05950806,1994561.244651887,16
-1196736.7467915327,1994561.244651887,16
-1196273.4340750051,1994561.244651887,16
-1195810.1213584775,1994561.244651887,16
-1195346.8086419501,1994561.244651887,16
-1194883.4959254225,1994561.244651887,16
-1194420.1832088951,1994561.244651887,16
-1193956.8704923675,1994561.244651887,16
-1193493.5577758402,1994561.244651887,16
-1193030.2450593126,1994561.244651887,16
-1192566.9323427852,1994561.244651887,16
-1192103.6196262576,1994561.244651887,16
-1191640.3069097302,1994561.244651887,16
-1191176.9941932026,1994561.244651887,16
-1190713.6814766752,1994561.244651887,16
-1190250.3687601476,1994561.244651887,16
-1189787.0560436202,1994561.244651887,16
-1189323.7433270926,1994561.244651887,16
-1188860.430610565,1994561.244651887,16
-1188397.1178940376,1994561.244651887,16
-1187933.80517751,1994561.244651887,16
-1187470.4924609826,1994561.244651887,16
-1187007.179744455,1994561.244651887,16
-1186543.8670279277,1994561.244651887,16
-1186080.5543114,1994561.244651887,16
-1185617.2415948727,1994561.244651887,16
-1185153.928878345,1994561.244651887,16
-1184690.6161618177,1994561.244651887,16
-1184227.30344529,1994561.244651887,16
-1183763.9907287627,1994561.244651887,16
-1183300.678012235,1994561.244651887,16
-1182837.3652957077,1994561.244651887,16
-1182374.05257918,1994561.244651887,16
-1181910.7398626525,1994561.244651887,16
-1181447.4271461251,1994561.244651887,16
-1180984.1144295975,1994561.244651887,16
-1180520.8017130701,1994561.244651887,16
-1180057.4889965425,1994561.244651887,16
-1179594.1762800151,1994561.244651887,16
-1179130.8635634875,1994561.244651887,16
-1178667.5508469602,1994561.244651887,16
-1178204.2381304326,1994561.244651887,16
-1177740.9254139052,1994561.244651887,16
-1177277.6126973776,1994561.244651887,16
-1176814.2999808502,1994561.244651887,16
-1176350.9872643226,1994561.244651887,16
-1175887.6745477952,1994561.244651887,16
-1175424.3618312676,1994561.244651887,16
-1174961.04911474,1994561.244651887,16
-1174497.7363982126,1994561.244651887,16
-1174034.4236816852,1994561.244651887,16
-1173571.1109651576,1994561.244651887,16
-1173107.79824863,1994561.244651887,16
-1172644.4855321026,1994561.244651887,16
-1172181.172815575,1994561.244651887,16
-1171717.8600990477,1994561.244651887,16
-1171254.54738252,1994561.244651887,16
-1170791.2346659927,1994561.244651887,16
-1170327.921949465,1994561.244651887,16
-1169864.6092329377,1994561.244651887,16
-1169401.29651641,1994561.244651887,16
-1168937.9837998827,1994561.244651887,16
-1168474.671083355,1994561.244651887,16
-1168011.3583668275,1994561.244651887,16
-1223145.5716336002,1994097.9319353597,16
-1222682.2589170726,1994097.9319353597,16
-1222218.9462005452,1994097.9319353597,16
-1221755.6334840176,1994097.9319353597,16
-1221292.3207674902,1994097.9319353597,16
-1220829.0080509626,1994097.9319353597,16
-1220365.6953344352,1994097.9319353597,16
-1219902.3826179076,1994097.9319353597,16
-1219439.0699013802,1994097.9319353597,16
-1218975.7571848526,1994097.9319353597,16
-1218512.444468325,1994097.9319353597,16
-1218049.1317517976,1994097.9319353597,16
-1217585.81903527,1994097.9319353597,16
-1217122.5063187426,1994097.9319353597,16
-1216659.193602215,1994097.9319353597,16
-1216195.8808856877,1994097.9319353597,16
-1215732.56816916,1994097.9319353597,16
-1215269.2554526327,1994097.9319353597,16
-1214805.942736105,1994097.9319353597,16
-1214342.6300195777,1994097.9319353597,16
-1213879.31730305,1994097.9319353597,16
-1213416.0045865227,1994097.9319353597,16
-1212952.691869995,1994097.9319353597,16
-1212489.3791534677,1994097.9319353597,16
-1212026.06643694,1994097.9319353597,16
-1211562.7537204125,1994097.9319353597,16
-1211099.4410038851,1994097.9319353597,16
-1210636.1282873575,1994097.9319353597,16
-1210172.8155708301,1994097.9319353597,16
-1209709.5028543025,1994097.9319353597,16
-1209246.1901377751,1994097.9319353597,16
-1208782.8774212475,1994097.9319353597,16
-1208319.5647047202,1994097.9319353597,16
-1207856.2519881926,1994097.9319353597,16
-1207392.9392716652,1994097.9319353597,16
-1206929.6265551376,1994097.9319353597,16
-1206466.3138386102,1994097.9319353597,16
-1206003.0011220826,1994097.9319353597,16
-1205539.6884055552,1994097.9319353597,16
-1205076.3756890276,1994097.9319353597,16
-1204613.0629725,1994097.9319353597,16
-1204149.7502559726,1994097.9319353597,16
-1203686.4375394452,1994097.9319353597,16
-1203223.1248229176,1994097.9319353597,16
-1202759.81210639,1994097.9319353597,16
-1202296.4993898626,1994097.9319353597,16
-1201833.186673335,1994097.9319353597,16
-1201369.8739568077,1994097.9319353597,16
-1200906.56124028,1994097.9319353597,16
-1200443.2485237527,1994097.9319353597,16
-1199979.935807225,1994097.9319353597,16
-1199516.6230906977,1994097.9319353597,16
-1199053.31037417,1994097.9319353597,16
-1198589.9976576427,1994097.9319353597,16
-1198126.684941115,1994097.9319353597,16
-1197663.3722245875,1994097.9319353597,16
-1197200.05950806,1994097.9319353597,16
-1196736.7467915327,1994097.9319353597,16
-1196273.4340750051,1994097.9319353597,16
-1195810.1213584775,1994097.9319353597,16
-1195346.8086419501,1994097.9319353597,16
-1194883.4959254225,1994097.9319353597,16
-1194420.1832088951,1994097.9319353597,16
-1193956.8704923675,1994097.9319353597,16
-1193493.5577758402,1994097.9319353597,16
-1193030.2450593126,1994097.9319353597,16
-1192566.9323427852,1994097.9319353597,16
-1192103.6196262576,1994097.9319353597,16
-1191640.3069097302,1994097.9319353597,16
-1191176.9941932026,1994097.9319353597,16
-1190713.6814766752,1994097.9319353597,16
-1190250.3687601476,1994097.9319353597,16
-1189787.0560436202,1994097.9319353597,16
-1189323.7433270926,1994097.9319353597,16
-1188860.430610565,1994097.9319353597,16
-1188397.1178940376,1994097.9319353597,16
-1187933.80517751,1994097.9319353597,16
-1187470.4924609826,1994097.9319353597,16
-1187007.179744455,1994097.9319353597,16
-1186543.8670279277,1994097.9319353597,16
-1186080.5543114,1994097.9319353597,16
-1185617.2415948727,1994097.9319353597,16
-1185153.928878345,1994097.9319353597,16
-1184690.6161618177,1994097.9319353597,16
-1184227.30344529,1994097.9319353597,16
-1183763.9907287627,1994097.9319353597,16
-1183300.678012235,1994097.9319353597,16
-1182837.3652957077,1994097.9319353597,16
-1182374.05257918,1994097.9319353597,16
-1181910.7398626525,1994097.9319353597,16
-1181447.4271461251,1994097.9319353597,16
-1180984.1144295975,1994097.9319353597,16
-1180520.8017130701,1994097.9319353597,16
-1180057.4889965425,1994097.9319353597,16
-1179594.1762800151,1994097.9319353597,16
-1179130.8635634875,1994097.9319353597,16
-1178667.5508469602,1994097.9319353597,16
-1178204.2381304326,1994097.9319353597,16
-1177740.9254139052,1994097.9319353597,16
-1177277.6126973776,1994097.9319353597,16
-1176814.2999808502,1994097.9319353597,16
-1176350.9872643226,1994097.9319353597,16
-1175887.6745477952,1994097.9319353597,16
-1175424.3618312676,1994097.9319353597,16
-1174961.04911474,1994097.9319353597,16
-1174497.7363982126,1994097.9319353597,16
-1174034.4236816852,1994097.9319353597,16
-1173571.1109651576,1994097.9319353597,16
-1173107.79824863,1994097.9319353597,16
-1172644.4855321026,1994097.9319353597,16
-1172181.172815575,1994097.9319353597,16
-1171717.8600990477,1994097.9319353597,16
-1171254.54738252,1994097.9319353597,16
-1170791.2346659927,1994097.9319353597,16
-1170327.921949465,1994097.9319353597,16
-1169864.6092329377,1994097.9319353597,16
-1169401.29651641,1994097.9319353597,16
-1168937.9837998827,1994097.9319353597,16
-1168474.671083355,1994097.9319353597,16
-1223145.5716336002,1993634.619218832,16
-1222682.2589170726,1993634.619218832,16
-1222218.9462005452,1993634.619218832,16
-1221755.6334840176,1993634.619218832,16
-1221292.3207674902,1993634.619218832,16
-1220829.0080509626,1993634.619218832,16
-1220365.6953344352,1993634.619218832,16
-1219902.3826179076,1993634.619218832,16
-1219439.0699013802,1993634.619218832,16
-1218975.7571848526,1993634.619218832,16
-1218512.444468325,1993634.619218832,16
-1218049.1317517976,1993634.619218832,16
-1217585.81903527,1993634.619218832,16
-1217122.5063187426,1993634.619218832,16
-1216659.193602215,1993634.619218832,16
-1216195.8808856877,1993634.619218832,16
-1215732.56816916,1993634.619218832,16
-1215269.2554526327,1993634.619218832,16
-1214805.942736105,1993634.619218832,16
-1214342.6300195777,1993634.619218832,16
-1213879.31730305,1993634.619218832,16
-1213416.0045865227,1993634.619218832,16
-1212952.691869995,1993634.619218832,16
-1212489.3791534677,1993634.619218832,16
-1212026.06643694,1993634.619218832,16
-1211562.7537204125,1993634.619218832,16
-1211099.4410038851,1993634.619218832,16
-1210636.1282873575,1993634.619218832,16
-1210172.8155708301,1993634.619218832,16
-1209709.5028543025,1993634.619218832,16
-1209246.1901377751,1993634.619218832,16
-1208782.8774212475,1993634.619218832,16
-1208319.5647047202,1993634.619218832,16
-1207856.2519881926,1993634.619218832,16
-1207392.9392716652,1993634.619218832,16
-1206929.6265551376,1993634.619218832,16
-1206466.3138386102,1993634.619218832,16
-1206003.0011220826,1993634.619218832,16
-1205539.6884055552,1993634.619218832,16
-1205076.3756890276,1993634.619218832,16
-1204613.0629725,1993634.619218832,16
-1204149.7502559726,1993634.619218832,16
-1203686.4375394452,1993634.619218832,16
-1203223.1248229176,1993634.619218832,16
-1202759.81210639,1993634.619218832,16
-1202296.4993898626,1993634.619218832,16
-1201833.186673335,1993634.619218832,16
-1201369.8739568077,1993634.619218832,16
-1200906.56124028,1993634.619218832,16
-1200443.2485237527,1993634.619218832,16
-1199979.935807225,1993634.619218832,16
-1199516.6230906977,1993634.619218832,16
-1199053.31037417,1993634.619218832,16
-1198589.9976576427,1993634.619218832,16
-1198126.684941115,1993634.619218832,16
-1197663.3722245875,1993634.619218832,16
-1197200.05950806,1993634.619218832,16
-1196736.7467915327,1993634.619218832,16
-1196273.4340750051,1993634.619218832,16
-1195810.1213584775,1993634.619218832,16
-1195346.8086419501,1993634.619218832,16
-1194883.4959254225,1993634.619218832,16
-1194420.1832088951,1993634.619218832,16
-1193956.8704923675,1993634.619218832,16
-1193493.5577758402,1993634.619218832,16
-1193030.2450593126,1993634.619218832,16
-1192566.9323427852,1993634.619218832,16
-1192103.6196262576,1993634.619218832,16
-1191640.3069097302,1993634.619218832,16
-1191176.9941932026,1993634.619218832,16
-1190713.6814766752,1993634.619218832,16
-1190250.3687601476,1993634.619218832,16
-1189787.0560436202,1993634.619218832,16
-1189323.7433270926,1993634.619218832,16
-1188860.430610565,1993634.619218832,16
-1188397.1178940376,1993634.619218832,16
-1187933.80517751,1993634.619218832,16
-1187470.4924609826,1993634.619218832,16
-1187007.179744455,1993634.619218832,16
-1186543.8670279277,1993634.619218832,16
-1186080.5543114,1993634.619218832,16
-1185617.2415948727,1993634.619218832,16
-1185153.928878345,1993634.619218832,16
-1184690.6161618177,1993634.619218832,16
-1184227.30344529,1993634.619218832,16
-1183763.9907287627,1993634.619218832,16
-1183300.678012235,1993634.619218832,16
-1182837.3652957077,1993634.619218832,16
-1182374.05257918,1993634.619218832,16
-1181910.7398626525,1993634.619218832,16
-1181447.4271461251,1993634.619218832,16
-1180984.1144295975,1993634.619218832,16
-1180520.8017130701,1993634.619218832,16
-1180057.4889965425,1993634.619218832,16
-1179594.1762800151,1993634.619218832,16
-1179130.8635634875,1993634.619218832,16
-1178667.5508469602,1993634.619218832,16
-1178204.2381304326,1993634.619218832,16
-1177740.9254139052,1993634.619218832,16
-1177277.6126973776,1993634.619218832,16
-1176814.2999808502,1993634.619218832,16
-1176350.9872643226,1993634.619218832,16
-1175887.6745477952,1993634.619218832,16
-1175424.3618312676,1993634.619218832,16
-1174961.04911474,1993634.619218832,16
-1174497.7363982126,1993634.619218832,16
-1174034.4236816852,1993634.619218832,16
-1173571.1109651576,1993634.619218832,16
-1173107.79824863,1993634.619218832,16
-1172644.4855321026,1993634.619218832,16
-1172181.172815575,1993634.619218832,16
-1171717.8600990477,1993634.619218832,16
-1171254.54738252,1993634.619218832,16
-1170791.2346659927,1993634.619218832,16
-1170327.921949465,1993634.619218832,16
-1169864.6092329377,1993634.619218832,16
-1169401.29651641,1993634.619218832,16
-1168937.9837998827,1993634.619218832,16
-1168474.671083355,1993634.619218832,16
-1223145.5716336002,1993171.3065023047,16
-1222682.2589170726,1993171.3065023047,16
-1222218.9462005452,1993171.3065023047,16
-1221755.6334840176,1993171.3065023047,16
-1221292.3207674902,1993171.3065023047,16
-1220829.0080509626,1993171.3065023047,16
-1220365.6953344352,1993171.3065023047,16
-1219902.3826179076,1993171.3065023047,16
-1219439.0699013802,1993171.3065023047,16
-1218975.7571848526,1993171.3065023047,16
-1218512.444468325,1993171.3065023047,16
-1218049.1317517976,1993171.3065023047,16
-1217585.81903527,1993171.3065023047,16
-1217122.5063187426,1993171.3065023047,16
-1216659.193602215,1993171.3065023047,16
-1216195.8808856877,1993171.3065023047,16
-1215732.56816916,1993171.3065023047,16
-1215269.2554526327,1993171.3065023047,16
-1214805.942736105,1993171.3065023047,16
-1214342.6300195777,1993171.3065023047,16
-1213879.31730305,1993171.3065023047,16
-1213416.0045865227,1993171.3065023047,16
-1212952.691869995,1993171.3065023047,16
-1212489.3791534677,1993171.3065023047,16
-1212026.06643694,1993171.3065023047,16
-1211562.7537204125,1993171.3065023047,16
-1211099.4410038851,1993171.3065023047,16
-1210636.1282873575,1993171.3065023047,16
-1210172.8155708301,1993171.3065023047,16
-1209709.5028543025,1993171.3065023047,16
-1209246.1901377751,1993171.3065023047,16
-1208782.8774212475,1993171.3065023047,16
-1208319.5647047202,1993171.3065023047,16
-1207856.2519881926,1993171.3065023047,16
-1207392.9392716652,1993171.3065023047,16
-1206929.6265551376,1993171.3065023047,16
-1206466.3138386102,1993171.3065023047,16
-1206003.0011220826,1993171.3065023047,16
-1205539.6884055552,1993171.3065023047,16
-1205076.3756890276,1993171.3065023047,16
-1204613.0629725,1993171.3065023047,16
-1204149.7502559726,1993171.3065023047,16
-1203686.4375394452,1993171.3065023047,16
-1203223.1248229176,1993171.3065023047,16
-1202759.81210639,1993171.3065023047,16
-1202296.4993898626,1993171.3065023047,16
-1201833.186673335,1993171.3065023047,16
-1201369.8739568077,1993171.3065023047,16
-1200906.56124028,1993171.3065023047,16
-1200443.2485237527,1993171.3065023047,16
-1199979.935807225,1993171.3065023047,16
-1199516.6230906977,1993171.3065023047,16
-1199053.31037417,1993171.3065023047,16
-1198589.9976576427,1993171.3065023047,16
-1198126.684941115,1993171.3065023047,16
-1197663.3722245875,1993171.3065023047,16
-1197200.05950806,1993171.3065023047,16
-1196736.7467915327,1993171.3065023047,16
-1196273.4340750051,1993171.3065023047,16
-1195810.1213584775,1993171.3065023047,16
-1195346.8086419501,1993171.3065023047,16
-1194883.4959254225,1993171.3065023047,16
-1194420.1832088951,1993171.3065023047,16
-1193956.8704923675,1993171.3065023047,16
-1193493.5577758402,1993171.3065023047,16
-1193030.2450593126,1993171.3065023047,16
-1192566.9323427852,1993171.3065023047,16
-1192103.6196262576,1993171.3065023047,16
-1191640.3069097302,1993171.3065023047,16
-1191176.9941932026,1993171.3065023047,16
-1190713.6814766752,1993171.3065023047,16
-1190250.3687601476,1993171.3065023047,16
-1189787.0560436202,1993171.3065023047,16
-1189323.7433270926,1993171.3065023047,16
-1188860.430610565,1993171.3065023047,16
-1188397.1178940376,1993171.3065023047,16
-1187933.80517751,1993171.3065023047,16
-1187470.4924609826,1993171.3065023047,16
-1187007.179744455,1993171.3065023047,16
-1186543.8670279277,1993171.3065023047,16
-1186080.5543114,1993171.3065023047,16
-1185617.2415948727,1993171.3065023047,16
-1185153.928878345,1993171.3065023047,16
-1184690.6161618177,1993171.3065023047,16
-1184227.30344529,1993171.3065023047,16
-1183763.9907287627,1993171.3065023047,16
-1183300.678012235,1993171.3065023047,16
-1182837.3652957077,1993171.3065023047,16
-1182374.05257918,1993171.3065023047,16
-1181910.7398626525,1993171.3065023047,16
-1181447.4271461251,1993171.3065023047,16
-1180984.1144295975,1993171.3065023047,16
-1180520.8017130701,1993171.3065023047,16
-1180057.4889965425,1993171.3065023047,16
-1179594.1762800151,1993171.3065023047,16
-1179130.8635634875,1993171.3065023047,16
-1178667.5508469602,1993171.3065023047,16
-1178204.2381304326,1993171.3065023047,16
-1177740.9254139052,1993171.3065023047,16
-1177277.6126973776,1993171.3065023047,16
-1176814.2999808502,1993171.3065023047,16
-1176350.9872643226,1993171.3065023047,16
-1175887.6745477952,1993171.3065023047,16
-1175424.3618312676,1993171.3065023047,16
-1174961.04911474,1993171.3065023047,16
-1174497.7363982126,1993171.3065023047,16
-1174034.4236816852,1993171.3065023047,16
-1173571.1109651576,1993171.3065023047,16
-1173107.79824863,1993171.3065023047,16
-1172644.4855321026,1993171.3065023047,16
-1172181.172815575,1993171.3065023047,16
-1171717.8600990477,1993171.3065023047,16
-1171254.54738252,1993171.3065023047,16
-1170791.2346659927,1993171.3065023047,16
-1170327.921949465,1993171.3065023047,16
-1169864.6092329377,1993171.3065023047,16
-1169401.29651641,1993171.3065023047,16
-1168937.9837998827,1993171.3065023047,16
-1168474.671083355,1993171.3065023047,16
-1223145.5716336002,1992707.9937857771,16
-1222682.2589170726,1992707.9937857771,16
-1222218.9462005452,1992707.9937857771,16
-1221755.6334840176,1992707.9937857771,16
-1221292.3207674902,1992707.9937857771,16
-1220829.0080509626,1992707.9937857771,16
-1220365.6953344352,1992707.9937857771,16
-1219902.3826179076,1992707.9937857771,16
-1219439.0699013802,1992707.9937857771,16
-1218975.7571848526,1992707.9937857771,16
-1218512.444468325,1992707.9937857771,16
-1218049.1317517976,1992707.9937857771,16
-1217585.81903527,1992707.9937857771,16
-1217122.5063187426,1992707.9937857771,16
-1216659.193602215,1992707.9937857771,16
-1216195.8808856877,1992707.9937857771,16
-1215732.56816916,1992707.9937857771,16
-1215269.2554526327,1992707.9937857771,16
-1214805.942736105,1992707.9937857771,16
-1214342.6300195777,1992707.9937857771,16
-1213879.31730305,1992707.9937857771,16
-1213416.0045865227,1992707.9937857771,16
-1212952.691869995,1992707.9937857771,16
-1212489.3791534677,1992707.9937857771,16
-1212026.06643694,1992707.9937857771,16
-1211562.7537204125,1992707.9937857771,16
-1211099.4410038851,1992707.9937857771,16
-1210636.1282873575,1992707.9937857771,16
-1210172.8155708301,1992707.9937857771,16
-1209709.5028543025,1992707.9937857771,16
-1209246.1901377751,1992707.9937857771,16
-1208782.8774212475,1992707.9937857771,16
-1208319.5647047202,1992707.9937857771,16
-1207856.2519881926,1992707.9937857771,16
-1207392.9392716652,1992707.9937857771,16
-1206929.6265551376,1992707.9937857771,16
-1206466.3138386102,1992707.9937857771,16
-1206003.0011220826,1992707.9937857771,16
-1205539.6884055552,1992707.9937857771,16
-1205076.3756890276,1992707.9937857771,16
-1204613.0629725,1992707.9937857771,16
-1204149.7502559726,1992707.9937857771,16
-1203686.4375394452,1992707.9937857771,16
-1203223.1248229176,1992707.9937857771,16
-1202759.81210639,1992707.9937857771,16
-1202296.4993898626,1992707.9937857771,16
-1201833.186673335,1992707.9937857771,16
-1201369.8739568077,1992707.9937857771,16
-1200906.56124028,1992707.9937857771,16
-1200443.2485237527,1992707.9937857771,16
-1199979.935807225,1992707.9937857771,16
-1199516.6230906977,1992707.9937857771,16
-1199053.31037417,1992707.9937857771,16
-1198589.9976576427,1992707.9937857771,16
-1198126.684941115,1992707.9937857771,16
-1197663.3722245875,1992707.9937857771,16
-1197200.05950806,1992707.9937857771,16
-1196736.7467915327,1992707.9937857771,16
-1196273.4340750051,1992707.9937857771,16
-1195810.1213584775,1992707.9937857771,16
-1195346.8086419501,1992707.9937857771,16
-1194883.4959254225,1992707.9937857771,16
-1194420.1832088951,1992707.9937857771,16
-1193956.8704923675,1992707.9937857771,16
-1193493.5577758402,1992707.9937857771,16
-1193030.2450593126,1992707.9937857771,16
-1192566.9323427852,1992707.9937857771,16
-1192103.6196262576,1992707.9937857771,16
-1191640.3069097302,1992707.9937857771,16
-1191176.9941932026,1992707.9937857771,16
-1190713.6814766752,1992707.9937857771,16
-1190250.3687601476,1992707.9937857771,16
-1189787.0560436202,1992707.9937857771,16
-1189323.7433270926,1992707.9937857771,16
-1188860.430610565,1992707.9937857771,16
-1188397.1178940376,1992707.9937857771,16
-1187933.80517751,1992707.9937857771,16
-1187470.4924609826,1992707.9937857771,16
-1187007.179744455,1992707.9937857771,16
-1186543.8670279277,1992707.9937857771,16
-1186080.5543114,1992707.9937857771,16
-1185617.2415948727,1992707.9937857771,16
-1185153.928878345,1992707.9937857771,16
-1184690.6161618177,1992707.9937857771,16
-1184227.30344529,1992707.9937857771,16
-1183763.9907287627,1992707.9937857771,16
-1183300.678012235,1992707.9937857771,16
-1182837.3652957077,1992707.9937857771,16
-1182374.05257918,1992707.9937857771,16
-1181910.7398626525,1992707.9937857771,16
-1181447.4271461251,1992707.9937857771,16
-1180984.1144295975,1992707.9937857771,16
-1180520.8017130701,1992707.9937857771,16
-1180057.4889965425,1992707.9937857771,16
-1179594.1762800151,1992707.9937857771,16
-1179130.8635634875,1992707.9937857771,16
-1178667.5508469602,1992707.9937857771,16
-1178204.2381304326,1992707.9937857771,16
-1177740.9254139052,1992707.9937857771,16
-1177277.6126973776,1992707.9937857771,16
-1176814.2999808502,1992707.9937857771,16
-1176350.9872643226,1992707.9937857771,16
-1175887.6745477952,1992707.9937857771,16
-1175424.3618312676,1992707.9937857771,16
-1174961.04911474,1992707.9937857771,16
-1174497.7363982126,1992707.9937857771,16
-1174034.4236816852,1992707.9937857771,16
-1173571.1109651576,1992707.9937857771,16
-1173107.79824863,1992707.9937857771,16
-1172644.4855321026,1992707.9937857771,16
-1172181.172815575,1992707.9937857771,16
-1171717.8600990477,1992707.9937857771,16
-1171254.54738252,1992707.9937857771,16
-1170791.2346659927,1992707.9937857771,16
-1170327.921949465,1992707.9937857771,16
-1169864.6092329377,1992707.9937857771,16
-1169401.29651641,1992707.9937857771,16
-1168937.9837998827,1992707.9937857771,16
-1168474.671083355,1992707.9937857771,16
-1223145.5716336002,1992244.6810692498,16
-1222682.2589170726,1992244.6810692498,16
-1222218.9462005452,1992244.6810692498,16
-1221755.6334840176,1992244.6810692498,16
-1221292.3207674902,1992244.6810692498,16
-1220829.0080509626,1992244.6810692498,16
-1220365.6953344352,1992244.6810692498,16
-1219902.3826179076,1992244.6810692498,16
-1219439.0699013802,1992244.6810692498,16
-1218975.7571848526,1992244.6810692498,16
-1218512.444468325,1992244.6810692498,16
-1218049.1317517976,1992244.6810692498,16
-1217585.81903527,1992244.6810692498,16
-1217122.5063187426,1992244.6810692498,16
-1216659.193602215,1992244.6810692498,16
-1216195.8808856877,1992244.6810692498,16
-1215732.56816916,1992244.6810692498,16
-1215269.2554526327,1992244.6810692498,16
-1214805.942736105,1992244.6810692498,16
-1214342.6300195777,1992244.6810692498,16
-1213879.31730305,1992244.6810692498,16
-1213416.0045865227,1992244.6810692498,16
-1212952.691869995,1992244.6810692498,16
-1212489.3791534677,1992244.6810692498,16
-1212026.06643694,1992244.6810692498,16
-1211562.7537204125,1992244.6810692498,16
-1211099.4410038851,1992244.6810692498,16
-1210636.1282873575,1992244.6810692498,16
-1210172.8155708301,1992244.6810692498,16
-1209709.5028543025,1992244.6810692498,16
-1209246.1901377751,1992244.6810692498,16
-1208782.8774212475,1992244.6810692498,16
-1208319.5647047202,1992244.6810692498,16
-1207856.2519881926,1992244.6810692498,16
-1207392.9392716652,1992244.6810692498,16
-1206929.6265551376,1992244.6810692498,16
-1206466.3138386102,1992244.6810692498,16
-1206003.0011220826,1992244.6810692498,16
-1205539.6884055552,1992244.6810692498,16
-1205076.3756890276,1992244.6810692498,16
-1204613.0629725,1992244.6810692498,16
-1204149.7502559726,1992244.6810692498,16
-1203686.4375394452,1992244.6810692498,16
-1203223.1248229176,1992244.6810692498,16
-1202759.81210639,1992244.6810692498,16
-1202296.4993898626,1992244.6810692498,16
-1201833.186673335,1992244.6810692498,16
-1201369.8739568077,1992244.6810692498,16
-1200906.56124028,1992244.6810692498,16
-1200443.2485237527,1992244.6810692498,16
-1199979.935807225,1992244.6810692498,16
-1199516.6230906977,1992244.6810692498,16
-1199053.31037417,1992244.6810692498,16
-1198589.9976576427,1992244.6810692498,16
-1198126.684941115,1992244.6810692498,16
-1197663.3722245875,1992244.6810692498,16
-1197200.05950806,1992244.6810692498,16
-1196736.7467915327,1992244.6810692498,16
-1196273.4340750051,1992244.6810692498,16
-1195810.1213584775,1992244.6810692498,16
-1195346.8086419501,1992244.6810692498,16
-1194883.4959254225,1992244.6810692498,16
-1194420.1832088951,1992244.6810692498,16
-1193956.8704923675,1992244.6810692498,16
-1193493.5577758402,1992244.6810692498,16
-1193030.2450593126,1992244.6810692498,16
-1192566.9323427852,1992244.6810692498,16
-1192103.6196262576,1992244.6810692498,16
-1191640.3069097302,1992244.6810692498,16
-1191176.9941932026,1992244.6810692498,16
-1190713.6814766752,1992244.6810692498,16
-1190250.3687601476,1992244.6810692498,16
-1189787.0560436202,1992244.6810692498,16
-1189323.7433270926,1992244.6810692498,16
-1188860.430610565,1992244.6810692498,16
-1188397.1178940376,1992244.6810692498,16
-1187933.80517751,1992244.6810692498,16
-1187470.4924609826,1992244.6810692498,16
-1187007.179744455,1992244.6810692498,16
-1186543.8670279277,1992244.6810692498,16
-1186080.5543114,1992244.6810692498,16
-1185617.2415948727,1992244.6810692498,16
-1185153.928878345,1992244.6810692498,16
-1184690.6161618177,1992244.6810692498,16
-1184227.30344529,1992244.6810692498,16
-1183763.9907287627,1992244.6810692498,16
-1183300.678012235,1992244.6810692498,16
-1182837.3652957077,1992244.6810692498,16
-1182374.05257918,1992244.6810692498,16
-1181910.7398626525,1992244.6810692498,16
-1181447.4271461251,1992244.6810692498,16
-1180984.1144295975,1992244.6810692498,16
-1180520.8017130701,1992244.6810692498,16
-1180057.4889965425,1992244.6810692498,16
-1179594.1762800151,1992244.6810692498,16
-1179130.8635634875,1992244.6810692498,16
-1178667.5508469602,1992244.6810692498,16
-1178204.2381304326,1992244.6810692498,16
-1177740.9254139052,1992244.6810692498,16
-1177277.6126973776,1992244.6810692498,16
-1176814.2999808502,1992244.6810692498,16
-1176350.9872643226,1992244.6810692498,16
-1175887.6745477952,1992244.6810692498,16
-1175424.3618312676,1992244.6810692498,16
-1174961.04911474,1992244.6810692498,16
-1174497.7363982126,1992244.6810692498,16
-1174034.4236816852,1992244.6810692498,16
-1173571.1109651576,1992244.6810692498,16
-1173107.79824863,1992244.6810692498,16
-1172644.4855321026,1992244.6810692498,16
-1172181.172815575,1992244.6810692498,16
-1171717.8600990477,1992244.6810692498,16
-1171254.54738252,1992244.6810692498,16
-1170791.2346659927,1992244.6810692498,16
-1170327.921949465,1992244.6810692498,16
-1169864.6092329377,1992244.6810692498,16
-1169401.29651641,1992244.6810692498,16
-1168937.9837998827,1992244.6810692498,16
-1223145.5716336002,1991781.3683527221,16
-1222682.2589170726,1991781.3683527221,16
-1222218.9462005452,1991781.3683527221,16
-1221755.6334840176,1991781.3683527221,16
-1221292.3207674902,1991781.3683527221,16
-1220829.0080509626,1991781.3683527221,16
-1220365.6953344352,1991781.3683527221,16
-1219902.3826179076,1991781.3683527221,16
-1219439.0699013802,1991781.3683527221,16
-1218975.7571848526,1991781.3683527221,16
-1218512.444468325,1991781.3683527221,16
-1218049.1317517976,1991781.3683527221,16
-1217585.81903527,1991781.3683527221,16
-1217122.5063187426,1991781.3683527221,16
-1216659.193602215,1991781.3683527221,16
-1216195.8808856877,1991781.3683527221,16
-1215732.56816916,1991781.3683527221,16
-1215269.2554526327,1991781.3683527221,16
-1214805.942736105,1991781.3683527221,16
-1214342.6300195777,1991781.3683527221,16
-1213879.31730305,1991781.3683527221,16
-1213416.0045865227,1991781.3683527221,16
-1212952.691869995,1991781.3683527221,16
-1212489.3791534677,1991781.3683527221,16
-1212026.06643694,1991781.3683527221,16
-1211562.7537204125,1991781.3683527221,16
-1211099.4410038851,1991781.3683527221,16
-1210636.1282873575,1991781.3683527221,16
-1210172.8155708301,1991781.3683527221,16
-1209709.5028543025,1991781.3683527221,16
-1209246.1901377751,1991781.3683527221,16
-1208782.8774212475,1991781.3683527221,16
-1208319.5647047202,1991781.3683527221,16
-1207856.2519881926,1991781.3683527221,16
-1207392.9392716652,1991781.3683527221,16
-1206929.6265551376,1991781.3683527221,16
-1206466.3138386102,1991781.3683527221,16
-1206003.0011220826,1991781.3683527221,16
-1205539.6884055552,1991781.3683527221,16
-1205076.3756890276,1991781.3683527221,16
-1204613.0629725,1991781.3683527221,16
-1204149.7502559726,1991781.3683527221,16
-1203686.4375394452,1991781.3683527221,16
-1203223.1248229176,1991781.3683527221,16
-1202759.81210639,1991781.3683527221,16
-1202296.4993898626,1991781.3683527221,16
-1201833.186673335,1991781.3683527221,16
-1201369.8739568077,1991781.3683527221,16
-1200906.56124028,1991781.3683527221,16
-1200443.2485237527,1991781.3683527221,16
-1199979.935807225,1991781.3683527221,16
-1199516.6230906977,1991781.3683527221,16
-1199053.31037417,1991781.3683527221,16
-1198589.9976576427,1991781.3683527221,16
-1198126.684941115,1991781.3683527221,16
-1197663.3722245875,1991781.3683527221,16
-1197200.05950806,1991781.3683527221,16
-1196736.7467915327,1991781.3683527221,16
-1196273.4340750051,1991781.3683527221,16
-1195810.1213584775,1991781.3683527221,16
-1195346.8086419501,1991781.3683527221,16
-1194883.4959254225,1991781.3683527221,16
-1194420.1832088951,1991781.3683527221,16
-1193956.8704923675,1991781.3683527221,16
-1193493.5577758402,1991781.3683527221,16
-1193030.2450593126,1991781.3683527221,16
-1192566.9323427852,1991781.3683527221,16
-1192103.6196262576,1991781.3683527221,16
-1191640.3069097302,1991781.3683527221,16
-1191176.9941932026,1991781.3683527221,16
-1190713.6814766752,1991781.3683527221,16
-1190250.3687601476,1991781.3683527221,16
-1189787.0560436202,1991781.3683527221,16
-1189323.7433270926,1991781.3683527221,16
-1188860.430610565,1991781.3683527221,16
-1188397.1178940376,1991781.3683527221,16
-1187933.80517751,1991781.3683527221,16
-1187470.4924609826,1991781.3683527221,16
-1187007.179744455,1991781.3683527221,16
-1186543.8670279277,1991781.3683527221,16
-1186080.5543114,1991781.3683527221,16
-1185617.2415948727,1991781.3683527221,16
-1185153.928878345,1991781.3683527221,16
-1184690.6161618177,1991781.3683527221,16
-1184227.30344529,1991781.3683527221,16
-1183763.9907287627,1991781.3683527221,16
-1183300.678012235,1991781.3683527221,16
-1182837.3652957077,1991781.3683527221,16
-1182374.05257918,1991781.3683527221,16
-1181910.7398626525,1991781.3683527221,16
-1181447.4271461251,1991781.3683527221,16
-1180984.1144295975,1991781.3683527221,16
-1180520.8017130701,1991781.3683527221,16
-1180057.4889965425,1991781.3683527221,16
-1179594.1762800151,1991781.3683527221,16
-1179130.8635634875,1991781.3683527221,16
-1178667.5508469602,1991781.3683527221,16
-1178204.2381304326,1991781.3683527221,16
-1177740.9254139052,1991781.3683527221,16
-1177277.6126973776,1991781.3683527221,16
-1176814.2999808502,1991781.3683527221,16
-1176350.9872643226,1991781.3683527221,16
-1175887.6745477952,1991781.3683527221,16
-1175424.3618312676,1991781.3683527221,16
-1174961.04911474,1991781.3683527221,16
-1174497.7363982126,1991781.3683527221,16
-1174034.4236816852,1991781.3683527221,16
-1173571.1109651576,1991781.3683527221,16
-1173107.79824863,1991781.3683527221,16
-1172644.4855321026,1991781.3683527221,16
-1172181.172815575,1991781.3683527221,16
-1171717.8600990477,1991781.3683527221,16
-1171254.54738252,1991781.3683527221,16
-1170791.2346659927,1991781.3683527221,16
-1170327.921949465,1991781.3683527221,16
-1169864.6092329377,1991781.3683527221,16
-1169401.29651641,1991781.3683527221,16
-1168937.9837998827,1991781.3683527221,16
-1222682.2589170726,1991318.0556361948,16
-1222218.9462005452,1991318.0556361948,16
-1221755.6334840176,1991318.0556361948,16
-1221292.3207674902,1991318.0556361948,16
-1220829.0080509626,1991318.0556361948,16
-1220365.6953344352,1991318.0556361948,16
-1219902.3826179076,1991318.0556361948,16
-1219439.0699013802,1991318.0556361948,16
-1218975.7571848526,1991318.0556361948,16
-1218512.444468325,1991318.0556361948,16
-1218049.1317517976,1991318.0556361948,16
-1217585.81903527,1991318.0556361948,16
-1217122.5063187426,1991318.0556361948,16
-1216659.193602215,1991318.0556361948,16
-1216195.8808856877,1991318.0556361948,16
-1215732.56816916,1991318.0556361948,16
-1215269.2554526327,1991318.0556361948,16
-1214805.942736105,1991318.0556361948,16
-1214342.6300195777,1991318.0556361948,16
-1213879.31730305,1991318.0556361948,16
-1213416.0045865227,1991318.0556361948,16
-1212952.691869995,1991318.0556361948,16
-1212489.3791534677,1991318.0556361948,16
-1212026.06643694,1991318.0556361948,16
-1211562.7537204125,1991318.0556361948,16
-1211099.4410038851,1991318.0556361948,16
-1210636.1282873575,1991318.0556361948,16
-1210172.8155708301,1991318.0556361948,16
-1209709.5028543025,1991318.0556361948,16
-1209246.1901377751,1991318.0556361948,16
-1208782.8774212475,1991318.0556361948,16
-1208319.5647047202,1991318.0556361948,16
-1207856.2519881926,1991318.0556361948,16
-1207392.9392716652,1991318.0556361948,16
-1206929.6265551376,1991318.0556361948,16
-1206466.3138386102,1991318.0556361948,16
-1206003.0011220826,1991318.0556361948,16
-1205539.6884055552,1991318.0556361948,16
-1205076.3756890276,1991318.0556361948,16
-1204613.0629725,1991318.0556361948,16
-1204149.7502559726,1991318.0556361948,16
-1203686.4375394452,1991318.0556361948,16
-1203223.1248229176,1991318.0556361948,16
-1202759.81210639,1991318.0556361948,16
-1202296.4993898626,1991318.0556361948,16
-1201833.186673335,1991318.0556361948,16
-1201369.8739568077,1991318.0556361948,16
-1200906.56124028,1991318.0556361948,16
-1200443.2485237527,1991318.0556361948,16
-1199979.935807225,1991318.0556361948,16
-1199516.6230906977,1991318.0556361948,16
-1199053.31037417,1991318.0556361948,16
-1198589.9976576427,1991318.0556361948,16
-1198126.684941115,1991318.0556361948,16
-1197663.3722245875,1991318.0556361948,16
-1197200.05950806,1991318.0556361948,16
-1196736.7467915327,1991318.0556361948,16
-1196273.4340750051,1991318.0556361948,16
-1195810.1213584775,1991318.0556361948,16
-1195346.8086419501,1991318.0556361948,16
-1194883.4959254225,1991318.0556361948,16
-1194420.1832088951,1991318.0556361948,16
-1193956.8704923675,1991318.0556361948,16
-1193493.5577758402,1991318.0556361948,16
-1193030.2450593126,1991318.0556361948,16
-1192566.9323427852,1991318.0556361948,16
-1192103.6196262576,1991318.0556361948,16
-1191640.3069097302,1991318.0556361948,16
-1191176.9941932026,1991318.0556361948,16
-1190713.6814766752,1991318.0556361948,16
-1190250.3687601476,1991318.0556361948,16
-1189787.0560436202,1991318.0556361948,16
-1189323.7433270926,1991318.0556361948,16
-1188860.430610565,1991318.0556361948,16
-1188397.1178940376,1991318.0556361948,16
-1187933.80517751,1991318.0556361948,16
-1187470.4924609826,1991318.0556361948,16
-1187007.179744455,1991318.0556361948,16
-1186543.8670279277,1991318.0556361948,16
-1186080.5543114,1991318.0556361948,16
-1185617.2415948727,1991318.0556361948,16
-1185153.928878345,1991318.0556361948,16
-1184690.6161618177,1991318.0556361948,16
-1184227.30344529,1991318.0556361948,16
-1183763.9907287627,1991318.0556361948,16
-1183300.678012235,1991318.0556361948,16
-1182837.3652957077,1991318.0556361948,16
-1182374.05257918,1991318.0556361948,16
-1181910.7398626525,1991318.0556361948,16
-1181447.4271461251,1991318.0556361948,16
-1180984.1144295975,1991318.0556361948,16
-1180520.8017130701,1991318.0556361948,16
-1180057.4889965425,1991318.0556361948,16
-1179594.1762800151,1991318.0556361948,16
-1179130.8635634875,1991318.0556361948,16
-1178667.5508469602,1991318.0556361948,16
-1178204.2381304326,1991318.0556361948,16
-1177740.9254139052,1991318.0556361948,16
-1177277.6126973776,1991318.0556361948,16
-1176814.2999808502,1991318.0556361948,16
-1176350.9872643226,1991318.0556361948,16
-1175887.6745477952,1991318.0556361948,16
-1175424.3618312676,1991318.0556361948,16
-1174961.04911474,1991318.0556361948,16
-1174497.7363982126,1991318.0556361948,16
-1174034.4236816852,1991318.0556361948,16
-1173571.1109651576,1991318.0556361948,16
-1173107.79824863,1991318.0556361948,16
-1172644.4855321026,1991318.0556361948,16
-1172181.172815575,1991318.0556361948,16
-1171717.8600990477,1991318.0556361948,16
-1171254.54738252,1991318.0556361948,16
-1170791.2346659927,1991318.0556361948,16
-1170327.921949465,1991318.0556361948,16
-1169864.6092329377,1991318.0556361948,16
-1169401.29651641,1991318.0556361948,16
-1168937.9837998827,1991318.0556361948,16
-1222682.2589170726,1990854.7429196672,16
-1222218.9462005452,1990854.7429196672,16
-1221755.6334840176,1990854.7429196672,16
-1221292.3207674902,1990854.7429196672,16
-1220829.0080509626,1990854.7429196672,16
-1220365.6953344352,1990854.7429196672,16
-1219902.3826179076,1990854.7429196672,16
-1219439.0699013802,1990854.7429196672,16
-1218975.7571848526,1990854.7429196672,16
-1218512.444468325,1990854.7429196672,16
-1218049.1317517976,1990854.7429196672,16
-1217585.81903527,1990854.7429196672,16
-1217122.5063187426,1990854.7429196672,16
-1216659.193602215,1990854.7429196672,16
-1216195.8808856877,1990854.7429196672,16
-1215732.56816916,1990854.7429196672,16
-1215269.2554526327,1990854.7429196672,16
-1214805.942736105,1990854.7429196672,16
-1214342.6300195777,1990854.7429196672,16
-1213879.31730305,1990854.7429196672,16
-1213416.0045865227,1990854.7429196672,16
-1212952.691869995,1990854.7429196672,16
-1212489.3791534677,1990854.7429196672,16
-1212026.06643694,1990854.7429196672,16
-1211562.7537204125,1990854.7429196672,16
-1211099.4410038851,1990854.7429196672,16
-1210636.1282873575,1990854.7429196672,16
-1210172.8155708301,1990854.7429196672,16
-1209709.5028543025,1990854.7429196672,16
-1209246.1901377751,1990854.7429196672,16
-1208782.8774212475,1990854.7429196672,16
-1208319.5647047202,1990854.7429196672,16
-1207856.2519881926,1990854.7429196672,16
-1207392.9392716652,1990854.7429196672,16
-1206929.6265551376,1990854.7429196672,16
-1206466.3138386102,1990854.7429196672,16
-1206003.0011220826,1990854.7429196672,16
-1205539.6884055552,1990854.7429196672,16
-1205076.3756890276,1990854.7429196672,16
-1204613.0629725,1990854.7429196672,16
-1204149.7502559726,1990854.7429196672,16
-1203686.4375394452,1990854.7429196672,16
-1203223.1248229176,1990854.7429196672,16
-1202759.81210639,1990854.7429196672,16
-1202296.4993898626,1990854.7429196672,16
-1201833.186673335,1990854.7429196672,16
-1201369.8739568077,1990854.7429196672,16
-1200906.56124028,1990854.7429196672,16
-1200443.2485237527,1990854.7429196672,16
-1199979.935807225,1990854.7429196672,16
-1199516.6230906977,1990854.7429196672,16
-1199053.31037417,1990854.7429196672,16
-1198589.9976576427,1990854.7429196672,16
-1198126.684941115,1990854.7429196672,16
-1197663.3722245875,1990854.7429196672,16
-1197200.05950806,1990854.7429196672,16
-1196736.7467915327,1990854.7429196672,16
-1196273.4340750051,1990854.7429196672,16
-1195810.1213584775,1990854.7429196672,16
-1195346.8086419501,1990854.7429196672,16
-1194883.4959254225,1990854.7429196672,16
-1194420.1832088951,1990854.7429196672,16
-1193956.8704923675,1990854.7429196672,16
-1193493.5577758402,1990854.7429196672,16
-1193030.2450593126,1990854.7429196672,16
-1192566.9323427852,1990854.7429196672,16
-1192103.6196262576,1990854.7429196672,16
-1191640.3069097302,1990854.7429196672,16
-1191176.9941932026,1990854.7429196672,16
-1190713.6814766752,1990854.7429196672,16
-1190250.3687601476,1990854.7429196672,16
-1189787.0560436202,1990854.7429196672,16
-1189323.7433270926,1990854.7429196672,16
-1188860.430610565,1990854.7429196672,16
-1188397.1178940376,1990854.7429196672,16
-1187933.80517751,1990854.7429196672,16
-1187470.4924609826,1990854.7429196672,16
-1187007.179744455,1990854.7429196672,16
-1186543.8670279277,1990854.7429196672,16
-1186080.5543114,1990854.7429196672,16
-1185617.2415948727,1990854.7429196672,16
-1185153.928878345,1990854.7429196672,16
-1184690.6161618177,1990854.7429196672,16
-1184227.30344529,1990854.7429196672,16
-1183763.9907287627,1990854.7429196672,16
-1183300.678012235,1990854.7429196672,16
-1182837.3652957077,1990854.7429196672,16
-1182374.05257918,1990854.7429196672,16
-1181910.7398626525,1990854.7429196672,16
-1181447.4271461251,1990854.7429196672,16
-1180984.1144295975,1990854.7429196672,16
-1180520.8017130701,1990854.7429196672,16
-1180057.4889965425,1990854.7429196672,16
-1179594.1762800151,1990854.7429196672,16
-1179130.8635634875,1990854.7429196672,16
-1178667.5508469602,1990854.7429196672,16
-1178204.2381304326,1990854.7429196672,16
-1177740.9254139052,1990854.7429196672,16
-1177277.6126973776,1990854.7429196672,16
-1176814.2999808502,1990854.7429196672,16
-1176350.9872643226,1990854.7429196672,16
-1175887.6745477952,1990854.7429196672,16
-1175424.3618312676,1990854.7429196672,16
-1174961.04911474,1990854.7429196672,16
-1174497.7363982126,1990854.7429196672,16
-1174034.4236816852,1990854.7429196672,16
-1173571.1109651576,1990854.7429196672,16
-1173107.79824863,1990854.7429196672,16
-1172644.4855321026,1990854.7429196672,16
-1172181.172815575,1990854.7429196672,16
-1171717.8600990477,1990854.7429196672,16
-1171254.54738252,1990854.7429196672,16
-1170791.2346659927,1990854.7429196672,16
-1170327.921949465,1990854.7429196672,16
-1169864.6092329377,1990854.7429196672,16
-1169401.29651641,1990854.7429196672,16
-1168937.9837998827,1990854.7429196672,16
-1222218.9462005452,1990391.4302031398,16
-1221755.6334840176,1990391.4302031398,16
-1221292.3207674902,1990391.4302031398,16
-1220829.0080509626,1990391.4302031398,16
-1220365.6953344352,1990391.4302031398,16
-1219902.3826179076,1990391.4302031398,16
-1219439.0699013802,1990391.4302031398,16
-1218975.7571848526,1990391.4302031398,16
-1218512.444468325,1990391.4302031398,16
-1218049.1317517976,1990391.4302031398,16
-1217585.81903527,1990391.4302031398,16
-1217122.5063187426,1990391.4302031398,16
-1216659.193602215,1990391.4302031398,16
-1216195.8808856877,1990391.4302031398,16
-1215732.56816916,1990391.4302031398,16
-1215269.2554526327,1990391.4302031398,16
-1214805.942736105,1990391.4302031398,16
-1214342.6300195777,1990391.4302031398,16
-1213879.31730305,1990391.4302031398,16
-1213416.0045865227,1990391.4302031398,16
-1212952.691869995,1990391.4302031398,16
-1212489.3791534677,1990391.4302031398,16
-1212026.06643694,1990391.4302031398,16
-1211562.7537204125,1990391.4302031398,16
-1211099.4410038851,1990391.4302031398,16
-1210636.1282873575,1990391.4302031398,16
-1210172.8155708301,1990391.4302031398,16
-1209709.5028543025,1990391.4302031398,16
-1209246.1901377751,1990391.4302031398,16
-1208782.8774212475,1990391.4302031398,16
-1208319.5647047202,1990391.4302031398,16
-1207856.2519881926,1990391.4302031398,16
-1207392.9392716652,1990391.4302031398,16
-1206929.6265551376,1990391.4302031398,16
-1206466.3138386102,1990391.4302031398,16
-1206003.0011220826,1990391.4302031398,16
-1205539.6884055552,1990391.4302031398,16
-1205076.3756890276,1990391.4302031398,16
-1204613.0629725,1990391.4302031398,16
-1204149.7502559726,1990391.4302031398,16
-1203686.4375394452,1990391.4302031398,16
-1203223.1248229176,1990391.4302031398,16
-1202759.81210639,1990391.4302031398,16
-1202296.4993898626,1990391.4302031398,16
-1201833.186673335,1990391.4302031398,16
-1201369.8739568077,1990391.4302031398,16
-1200906.56124028,1990391.4302031398,16
-1200443.2485237527,1990391.4302031398,16
-1199979.935807225,1990391.4302031398,16
-1199516.6230906977,1990391.4302031398,16
-1199053.31037417,1990391.4302031398,16
-1198589.9976576427,1990391.4302031398,16
-1198126.684941115,1990391.4302031398,16
-1197663.3722245875,1990391.4302031398,16
-1197200.05950806,1990391.4302031398,16
-1196736.7467915327,1990391.4302031398,16
-1196273.4340750051,1990391.4302031398,16
-1195810.1213584775,1990391.4302031398,16
-1195346.8086419501,1990391.4302031398,16
-1194883.4959254225,1990391.4302031398,16
-1194420.1832088951,1990391.4302031398,16
-1193956.8704923675,1990391.4302031398,16
-1193493.5577758402,1990391.4302031398,16
-1193030.2450593126,1990391.4302031398,16
-1192566.9323427852,1990391.4302031398,16
-1192103.6196262576,1990391.4302031398,16
-1191640.3069097302,1990391.4302031398,16
-1191176.9941932026,1990391.4302031398,16
-1190713.6814766752,1990391.4302031398,16
-1190250.3687601476,1990391.4302031398,16
-1189787.0560436202,1990391.4302031398,16
-1189323.7433270926,1990391.4302031398,16
-1188860.430610565,1990391.4302031398,16
-1188397.1178940376,1990391.4302031398,16
-1187933.80517751,1990391.4302031398,16
-1187470.4924609826,1990391.4302031398,16
-1187007.179744455,1990391.4302031398,16
-1186543.8670279277,1990391.4302031398,16
-1186080.5543114,1990391.4302031398,16
-1185617.2415948727,1990391.4302031398,16
-1185153.928878345,1990391.4302031398,16
-1184690.6161618177,1990391.4302031398,16
-1184227.30344529,1990391.4302031398,16
-1183763.9907287627,1990391.4302031398,16
-1183300.678012235,1990391.4302031398,16
-1182837.3652957077,1990391.4302031398,16
-1182374.05257918,1990391.4302031398,16
-1181910.7398626525,1990391.4302031398,16
-1181447.4271461251,1990391.4302031398,16
-1180984.1144295975,1990391.4302031398,16
-1180520.8017130701,1990391.4302031398,16
-1180057.4889965425,1990391.4302031398,16
-1179594.1762800151,1990391.4302031398,16
-1179130.8635634875,1990391.4302031398,16
-1178667.5508469602,1990391.4302031398,16
-1178204.2381304326,1990391.4302031398,16
-1177740.9254139052,1990391.4302031398,16
-1177277.6126973776,1990391.4302031398,16
-1176814.2999808502,1990391.4302031398,16
-1176350.9872643226,1990391.4302031398,16
-1175887.6745477952,1990391.4302031398,16
-1175424.3618312676,1990391.4302031398,16
-1174961.04911474,1990391.4302031398,16
-1174497.7363982126,1990391.4302031398,16
-1174034.4236816852,1990391.4302031398,16
-1173571.1109651576,1990391.4302031398,16
-1173107.79824863,1990391.4302031398,16
-1172644.4855321026,1990391.4302031398,16
-1172181.172815575,1990391.4302031398,16
-1171717.8600990477,1990391.4302031398,16
-1171254.54738252,1990391.4302031398,16
-1170791.2346659927,1990391.4302031398,16
-1170327.921949465,1990391.4302031398,16
-1169864.6092329377,1990391.4302031398,16
-1169401.29651641,1990391.4302031398,16
-1222218.9462005452,1989928.1174866122,16
-1221755.6334840176,1989928.1174866122,16
-1221292.3207674902,1989928.1174866122,16
-1220829.0080509626,1989928.1174866122,16
-1220365.6953344352,1989928.1174866122,16
-1219902.3826179076,1989928.1174866122,16
-1219439.0699013802,1989928.1174866122,16
-1218975.7571848526,1989928.1174866122,16
-1218512.444468325,1989928.1174866122,16
-1218049.1317517976,1989928.1174866122,16
-1217585.81903527,1989928.1174866122,16
-1217122.5063187426,1989928.1174866122,16
-1216659.193602215,1989928.1174866122,16
-1216195.8808856877,1989928.1174866122,16
-1215732.56816916,1989928.1174866122,16
-1215269.2554526327,1989928.1174866122,16
-1214805.942736105,1989928.1174866122,16
-1214342.6300195777,1989928.1174866122,16
-1213879.31730305,1989928.1174866122,16
-1213416.0045865227,1989928.1174866122,16
-1212952.691869995,1989928.1174866122,16
-1212489.3791534677,1989928.1174866122,16
-1212026.06643694,1989928.1174866122,16
-1211562.7537204125,1989928.1174866122,16
-1211099.4410038851,1989928.1174866122,16
-1210636.1282873575,1989928.1174866122,16
-1210172.8155708301,1989928.1174866122,16
-1209709.5028543025,1989928.1174866122,16
-1209246.1901377751,1989928.1174866122,16
-1208782.8774212475,1989928.1174866122,16
-1208319.5647047202,1989928.1174866122,16
-1207856.2519881926,1989928.1174866122,16
-1207392.9392716652,1989928.1174866122,16
-1206929.6265551376,1989928.1174866122,16
-1206466.3138386102,1989928.1174866122,16
-1206003.0011220826,1989928.1174866122,16
-1205539.6884055552,1989928.1174866122,16
-1205076.3756890276,1989928.1174866122,16
-1204613.0629725,1989928.1174866122,16
-1204149.7502559726,1989928.1174866122,16
-1203686.4375394452,1989928.1174866122,16
-1203223.1248229176,1989928.1174866122,16
-1202759.81210639,1989928.1174866122,16
-1202296.4993898626,1989928.1174866122,16
-1201833.186673335,1989928.1174866122,16
-1201369.8739568077,1989928.1174866122,16
-1200906.56124028,1989928.1174866122,16
-1200443.2485237527,1989928.1174866122,16
-1199979.935807225,1989928.1174866122,16
-1199516.6230906977,1989928.1174866122,16
-1199053.31037417,1989928.1174866122,16
-1198589.9976576427,1989928.1174866122,16
-1198126.684941115,1989928.1174866122,16
-1197663.3722245875,1989928.1174866122,16
-1197200.05950806,1989928.1174866122,16
-1196736.7467915327,1989928.1174866122,16
-1196273.4340750051,1989928.1174866122,16
-1195810.1213584775,1989928.1174866122,16
-1195346.8086419501,1989928.1174866122,16
-1194883.4959254225,1989928.1174866122,16
-1194420.1832088951,1989928.1174866122,16
-1193956.8704923675,1989928.1174866122,16
-1193493.5577758402,1989928.1174866122,16
-1193030.2450593126,1989928.1174866122,16
-1192566.9323427852,1989928.1174866122,16
-1192103.6196262576,1989928.1174866122,16
-1191640.3069097302,1989928.1174866122,16
-1191176.9941932026,1989928.1174866122,16
-1190713.6814766752,1989928.1174866122,16
-1190250.3687601476,1989928.1174866122,16
-1189787.0560436202,1989928.1174866122,16
-1189323.7433270926,1989928.1174866122,16
-1188860.430610565,1989928.1174866122,16
-1188397.1178940376,1989928.1174866122,16
-1187933.80517751,1989928.1174866122,16
-1187470.4924609826,1989928.1174866122,16
-1187007.179744455,1989928.1174866122,16
-1186543.8670279277,1989928.1174866122,16
-1186080.5543114,1989928.1174866122,16
-1185617.2415948727,1989928.1174866122,16
-1185153.928878345,1989928.1174866122,16
-1184690.6161618177,1989928.1174866122,16
-1184227.30344529,1989928.1174866122,16
-1183763.9907287627,1989928.1174866122,16
-1183300.678012235,1989928.1174866122,16
-1182837.3652957077,1989928.1174866122,16
-1182374.05257918,1989928.1174866122,16
-1181910.7398626525,1989928.1174866122,16
-1181447.4271461251,1989928.1174866122,16
-1180984.1144295975,1989928.1174866122,16
-1180520.8017130701,1989928.1174866122,16
-1180057.4889965425,1989928.1174866122,16
-1179594.1762800151,1989928.1174866122,16
-1179130.8635634875,1989928.1174866122,16
-1178667.5508469602,1989928.1174866122,16
-1178204.2381304326,1989928.1174866122,16
-1177740.9254139052,1989928.1174866122,16
-1177277.6126973776,1989928.1174866122,16
-1176814.2999808502,1989928.1174866122,16
-1176350.9872643226,1989928.1174866122,16
-1175887.6745477952,1989928.1174866122,16
-1175424.3618312676,1989928.1174866122,16
-1174961.04911474,1989928.1174866122,16
-1174497.7363982126,1989928.1174866122,16
-1174034.4236816852,1989928.1174866122,16
-1173571.1109651576,1989928.1174866122,16
-1173107.79824863,1989928.1174866122,16
-1172644.4855321026,1989928.1174866122,16
-1172181.172815575,1989928.1174866122,16
-1171717.8600990477,1989928.1174866122,16
-1171254.54738252,1989928.1174866122,16
-1170791.2346659927,1989928.1174866122,16
-1170327.921949465,1989928.1174866122,16
-1169864.6092329377,1989928.1174866122,16
-1169401.29651641,1989928.1174866122,16
-1221755.6334840176,1989464.8047700848,16
-1221292.3207674902,1989464.8047700848,16
-1220829.0080509626,1989464.8047700848,16
-1220365.6953344352,1989464.8047700848,16
-1219902.3826179076,1989464.8047700848,16
-1219439.0699013802,1989464.8047700848,16
-1218975.7571848526,1989464.8047700848,16
-1218512.444468325,1989464.8047700848,16
-1218049.1317517976,1989464.8047700848,16
-1217585.81903527,1989464.8047700848,16
-1217122.5063187426,1989464.8047700848,16
-1216659.193602215,1989464.8047700848,16
-1216195.8808856877,1989464.8047700848,16
-1215732.56816916,1989464.8047700848,16
-1215269.2554526327,1989464.8047700848,16
-1214805.942736105,1989464.8047700848,16
-1214342.6300195777,1989464.8047700848,16
-1213879.31730305,1989464.8047700848,16
-1213416.0045865227,1989464.8047700848,16
-1212952.691869995,1989464.8047700848,16
-1212489.3791534677,1989464.8047700848,16
-1212026.06643694,1989464.8047700848,16
-1211562.7537204125,1989464.8047700848,16
-1211099.4410038851,1989464.8047700848,16
-1210636.1282873575,1989464.8047700848,16
-1210172.8155708301,1989464.8047700848,16
-1209709.5028543025,1989464.8047700848,16
-1209246.1901377751,1989464.8047700848,16
-1208782.8774212475,1989464.8047700848,16
-1208319.5647047202,1989464.8047700848,16
-1207856.2519881926,1989464.8047700848,16
-1207392.9392716652,1989464.8047700848,16
-1206929.6265551376,1989464.8047700848,16
-1206466.3138386102,1989464.8047700848,16
-1206003.0011220826,1989464.8047700848,16
-1205539.6884055552,1989464.8047700848,16
-1205076.3756890276,1989464.8047700848,16
-1204613.0629725,1989464.8047700848,16
-1204149.7502559726,1989464.8047700848,16
-1203686.4375394452,1989464.8047700848,16
-1203223.1248229176,1989464.8047700848,16
-1202759.81210639,1989464.8047700848,16
-1202296.4993898626,1989464.8047700848,16
-1201833.186673335,1989464.8047700848,16
-1201369.8739568077,1989464.8047700848,16
-1200906.56124028,1989464.8047700848,16
-1200443.2485237527,1989464.8047700848,16
-1199979.935807225,1989464.8047700848,16
-1199516.6230906977,1989464.8047700848,16
-1199053.31037417,1989464.8047700848,16
-1198589.9976576427,1989464.8047700848,16
-1198126.684941115,1989464.8047700848,16
-1197663.3722245875,1989464.8047700848,16
-1197200.05950806,1989464.8047700848,16
-1196736.7467915327,1989464.8047700848,16
-1196273.4340750051,1989464.8047700848,16
-1195810.1213584775,1989464.8047700848,16
-1195346.8086419501,1989464.8047700848,16
-1194883.4959254225,1989464.8047700848,16
-1194420.1832088951,1989464.8047700848,16
-1193956.8704923675,1989464.8047700848,16
-1193493.5577758402,1989464.8047700848,16
-1193030.2450593126,1989464.8047700848,16
-1192566.9323427852,1989464.8047700848,16
-1192103.6196262576,1989464.8047700848,16
-1191640.3069097302,1989464.8047700848,16
-1191176.9941932026,1989464.8047700848,16
-1190713.6814766752,1989464.8047700848,16
-1190250.3687601476,1989464.8047700848,16
-1189787.0560436202,1989464.8047700848,16
-1189323.7433270926,1989464.8047700848,16
-1188860.430610565,1989464.8047700848,16
-1188397.1178940376,1989464.8047700848,16
-1187933.80517751,1989464.8047700848,16
-1187470.4924609826,1989464.8047700848,16
-1187007.179744455,1989464.8047700848,16
-1186543.8670279277,1989464.8047700848,16
-1186080.5543114,1989464.8047700848,16
-1185617.2415948727,1989464.8047700848,16
-1185153.928878345,1989464.8047700848,16
-1184690.6161618177,1989464.8047700848,16
-1184227.30344529,1989464.8047700848,16
-1183763.9907287627,1989464.8047700848,16
-1183300.678012235,1989464.8047700848,16
-1182837.3652957077,1989464.8047700848,16
-1182374.05257918,1989464.8047700848,16
-1181910.7398626525,1989464.8047700848,16
-1181447.4271461251,1989464.8047700848,16
-1180984.1144295975,1989464.8047700848,16
-1180520.8017130701,1989464.8047700848,16
-1180057.4889965425,1989464.8047700848,16
-1179594.1762800151,1989464.8047700848,16
-1179130.8635634875,1989464.8047700848,16
-1178667.5508469602,1989464.8047700848,16
-1178204.2381304326,1989464.8047700848,16
-1177740.9254139052,1989464.8047700848,16
-1177277.6126973776,1989464.8047700848,16
-1176814.2999808502,1989464.8047700848,16
-1176350.9872643226,1989464.8047700848,16
-1175887.6745477952,1989464.8047700848,16
-1175424.3618312676,1989464.8047700848,16
-1174961.04911474,1989464.8047700848,16
-1174497.7363982126,1989464.8047700848,16
-1174034.4236816852,1989464.8047700848,16
-1173571.1109651576,1989464.8047700848,16
-1173107.79824863,1989464.8047700848,16
-1172644.4855321026,1989464.8047700848,16
-1172181.172815575,1989464.8047700848,16
-1171717.8600990477,1989464.8047700848,16
-1171254.54738252,1989464.8047700848,16
-1170791.2346659927,1989464.8047700848,16
-1170327.921949465,1989464.8047700848,16
-1169864.6092329377,1989464.8047700848,16
-1169401.29651641,1989464.8047700848,16
-1221292.3207674902,1989001.4920535572,16
-1220829.0080509626,1989001.4920535572,16
-1220365.6953344352,1989001.4920535572,16
-1219902.3826179076,1989001.4920535572,16
-1219439.0699013802,1989001.4920535572,16
-1218975.7571848526,1989001.4920535572,16
-1218512.444468325,1989001.4920535572,16
-1218049.1317517976,1989001.4920535572,16
-1217585.81903527,1989001.4920535572,16
-1217122.5063187426,1989001.4920535572,16
-1216659.193602215,1989001.4920535572,16
-1216195.8808856877,1989001.4920535572,16
-1215732.56816916,1989001.4920535572,16
-1215269.2554526327,1989001.4920535572,16
-1214805.942736105,1989001.4920535572,16
-1214342.6300195777,1989001.4920535572,16
-1213879.31730305,1989001.4920535572,16
-1213416.0045865227,1989001.4920535572,16
-1212952.691869995,1989001.4920535572,16
-1212489.3791534677,1989001.4920535572,16
-1212026.06643694,1989001.4920535572,16
-1211562.7537204125,1989001.4920535572,16
-1211099.4410038851,1989001.4920535572,16
-1210636.1282873575,1989001.4920535572,16
-1210172.8155708301,1989001.4920535572,16
-1209709.5028543025,1989001.4920535572,16
-1209246.1901377751,1989001.4920535572,16
-1208782.8774212475,1989001.4920535572,16
-1208319.5647047202,1989001.4920535572,16
-1207856.2519881926,1989001.4920535572,16
-1207392.9392716652,1989001.4920535572,16
-1206929.6265551376,1989001.4920535572,16
-1206466.3138386102,1989001.4920535572,16
-1206003.0011220826,1989001.4920535572,16
-1205539.6884055552,1989001.4920535572,16
-1205076.3756890276,1989001.4920535572,16
-1204613.0629725,1989001.4920535572,16
-1204149.7502559726,1989001.4920535572,16
-1203686.4375394452,1989001.4920535572,16
-1203223.1248229176,1989001.4920535572,16
-1202759.81210639,1989001.4920535572,16
-1202296.4993898626,1989001.4920535572,16
-1201833.186673335,1989001.4920535572,16
-1201369.8739568077,1989001.4920535572,16
-1200906.56124028,1989001.4920535572,16
-1200443.2485237527,1989001.4920535572,16
-1199979.935807225,1989001.4920535572,16
-1199516.6230906977,1989001.4920535572,16
-1199053.31037417,1989001.4920535572,16
-1198589.9976576427,1989001.4920535572,16
-1198126.684941115,1989001.4920535572,16
-1197663.3722245875,1989001.4920535572,16
-1197200.05950806,1989001.4920535572,16
-1196736.7467915327,1989001.4920535572,16
-1196273.4340750051,1989001.4920535572,16
-1195810.1213584775,1989001.4920535572,16
-1195346.8086419501,1989001.4920535572,16
-1194883.4959254225,1989001.4920535572,16
-1194420.1832088951,1989001.4920535572,16
-1193956.8704923675,1989001.4920535572,16
-1193493.5577758402,1989001.4920535572,16
-1193030.2450593126,1989001.4920535572,16
-1192566.9323427852,1989001.4920535572,16
-1192103.6196262576,1989001.4920535572,16
-1191640.3069097302,1989001.4920535572,16
-1191176.9941932026,1989001.4920535572,16
-1190713.6814766752,1989001.4920535572,16
-1190250.3687601476,1989001.4920535572,16
-1189787.0560436202,1989001.4920535572,16
-1189323.7433270926,1989001.4920535572,16
-1188860.430610565,1989001.4920535572,16
-1188397.1178940376,1989001.4920535572,16
-1187933.80517751,1989001.4920535572,16
-1187470.4924609826,1989001.4920535572,16
-1187007.179744455,1989001.4920535572,16
-1186543.8670279277,1989001.4920535572,16
-1186080.5543114,1989001.4920535572,16
-1185617.2415948727,1989001.4920535572,16
-1185153.928878345,1989001.4920535572,16
-1184690.6161618177,1989001.4920535572,16
-1184227.30344529,1989001.4920535572,16
-1183763.9907287627,1989001.4920535572,16
-1183300.678012235,1989001.4920535572,16
-1182837.3652957077,1989001.4920535572,16
-1182374.05257918,1989001.4920535572,16
-1181910.7398626525,1989001.4920535572,16
-1181447.4271461251,1989001.4920535572,16
-1180984.1144295975,1989001.4920535572,16
-1180520.8017130701,1989001.4920535572,16
-1180057.4889965425,1989001.4920535572,16
-1179594.1762800151,1989001.4920535572,16
-1179130.8635634875,1989001.4920535572,16
-1178667.5508469602,1989001.4920535572,16
-1178204.2381304326,1989001.4920535572,16
-1177740.9254139052,1989001.4920535572,16
-1177277.6126973776,1989001.4920535572,16
-1176814.2999808502,1989001.4920535572,16
-1176350.9872643226,1989001.4920535572,16
-1175887.6745477952,1989001.4920535572,16
-1175424.3618312676,1989001.4920535572,16
-1174961.04911474,1989001.4920535572,16
-1174497.7363982126,1989001.4920535572,16
-1174034.4236816852,1989001.4920535572,16
-1173571.1109651576,1989001.4920535572,16
-1173107.79824863,1989001.4920535572,16
-1172644.4855321026,1989001.4920535572,16
-1172181.172815575,1989001.4920535572,16
-1171717.8600990477,1989001.4920535572,16
-1171254.54738252,1989001.4920535572,16
-1170791.2346659927,1989001.4920535572,16
-1170327.921949465,1989001.4920535572,16
-1169864.6092329377,1989001.4920535572,16
-1169401.29651641,1989001.4920535572,16
-1220829.0080509626,1988538.1793370298,16
-1220365.6953344352,1988538.1793370298,16
-1219902.3826179076,1988538.1793370298,16
-1219439.0699013802,1988538.1793370298,16
-1218975.7571848526,1988538.1793370298,16
-1218512.444468325,1988538.1793370298,16
-1218049.1317517976,1988538.1793370298,16
-1217585.81903527,1988538.1793370298,16
-1217122.5063187426,1988538.1793370298,16
-1216659.193602215,1988538.1793370298,16
-1216195.8808856877,1988538.1793370298,16
-1215732.56816916,1988538.1793370298,16
-1215269.2554526327,1988538.1793370298,16
-1214805.942736105,1988538.1793370298,16
-1214342.6300195777,1988538.1793370298,16
-1213879.31730305,1988538.1793370298,16
-1213416.0045865227,1988538.1793370298,16
-1212952.691869995,1988538.1793370298,16
-1212489.3791534677,1988538.1793370298,16
-1212026.06643694,1988538.1793370298,16
-1211562.7537204125,1988538.1793370298,16
-1211099.4410038851,1988538.1793370298,16
-1210636.1282873575,1988538.1793370298,16
-1210172.8155708301,1988538.1793370298,16
-1209709.5028543025,1988538.1793370298,16
-1209246.1901377751,1988538.1793370298,16
-1208782.8774212475,1988538.1793370298,16
-1208319.5647047202,1988538.1793370298,16
-1207856.2519881926,1988538.1793370298,16
-1207392.9392716652,1988538.1793370298,16
-1206929.6265551376,1988538.1793370298,16
-1206466.3138386102,1988538.1793370298,16
-1206003.0011220826,1988538.1793370298,16
-1205539.6884055552,1988538.1793370298,16
-1205076.3756890276,1988538.1793370298,16
-1204613.0629725,1988538.1793370298,16
-1204149.7502559726,1988538.1793370298,16
-1203686.4375394452,1988538.1793370298,16
-1203223.1248229176,1988538.1793370298,16
-1202759.81210639,1988538.1793370298,16
-1202296.4993898626,1988538.1793370298,16
-1201833.186673335,1988538.1793370298,16
-1201369.8739568077,1988538.1793370298,16
-1200906.56124028,1988538.1793370298,16
-1200443.2485237527,1988538.1793370298,16
-1199979.935807225,1988538.1793370298,16
-1199516.6230906977,1988538.1793370298,16
-1199053.31037417,1988538.1793370298,16
-1198589.9976576427,1988538.1793370298,16
-1198126.684941115,1988538.1793370298,16
-1197663.3722245875,1988538.1793370298,16
-1197200.05950806,1988538.1793370298,16
-1196736.7467915327,1988538.1793370298,16
-1196273.4340750051,1988538.1793370298,16
-1195810.1213584775,1988538.1793370298,16
-1195346.8086419501,1988538.1793370298,16
-1194883.4959254225,1988538.1793370298,16
-1194420.1832088951,1988538.1793370298,16
-1193956.8704923675,1988538.1793370298,16
-1193493.5577758402,1988538.1793370298,16
-1193030.2450593126,1988538.1793370298,16
-1192566.9323427852,1988538.1793370298,16
-1192103.6196262576,1988538.1793370298,16
-1191640.3069097302,1988538.1793370298,16
-1191176.9941932026,1988538.1793370298,16
-1190713.6814766752,1988538.1793370298,16
-1190250.3687601476,1988538.1793370298,16
-1189787.0560436202,1988538.1793370298,16
-1189323.7433270926,1988538.1793370298,16
-1188860.430610565,1988538.1793370298,16
-1188397.1178940376,1988538.1793370298,16
-1187933.80517751,1988538.1793370298,16
-1187470.4924609826,1988538.1793370298,16
-1187007.179744455,1988538.1793370298,16
-1186543.8670279277,1988538.1793370298,16
-1186080.5543114,1988538.1793370298,16
-1185617.2415948727,1988538.1793370298,16
-1185153.928878345,1988538.1793370298,16
-1184690.6161618177,1988538.1793370298,16
-1184227.30344529,1988538.1793370298,16
-1183763.9907287627,1988538.1793370298,16
-1183300.678012235,1988538.1793370298,16
-1182837.3652957077,1988538.1793370298,16
-1182374.05257918,1988538.1793370298,16
-1181910.7398626525,1988538.1793370298,16
-1181447.4271461251,1988538.1793370298,16
-1180984.1144295975,1988538.1793370298,16
-1180520.8017130701,1988538.1793370298,16
-1180057.4889965425,1988538.1793370298,16
-1179594.1762800151,1988538.1793370298,16
-1179130.8635634875,1988538.1793370298,16
-1178667.5508469602,1988538.1793370298,16
-1178204.2381304326,1988538.1793370298,16
-1177740.9254139052,1988538.1793370298,16
-1177277.6126973776,1988538.1793370298,16
-1176814.2999808502,1988538.1793370298,16
-1176350.9872643226,1988538.1793370298,16
-1175887.6745477952,1988538.1793370298,16
-1175424.3618312676,1988538.1793370298,16
-1174961.04911474,1988538.1793370298,16
-1174497.7363982126,1988538.1793370298,16
-1174034.4236816852,1988538.1793370298,16
-1173571.1109651576,1988538.1793370298,16
-1173107.79824863,1988538.1793370298,16
-1172644.4855321026,1988538.1793370298,16
-1172181.172815575,1988538.1793370298,16
-1171717.8600990477,1988538.1793370298,16
-1171254.54738252,1988538.1793370298,16
-1170791.2346659927,1988538.1793370298,16
-1170327.921949465,1988538.1793370298,16
-1169864.6092329377,1988538.1793370298,16
-1169401.29651641,1988538.1793370298,16
-1220365.6953344352,1988074.8666205022,16
-1219902.3826179076,1988074.8666205022,16
-1219439.0699013802,1988074.8666205022,16
-1218975.7571848526,1988074.8666205022,16
-1218512.444468325,1988074.8666205022,16
-1218049.1317517976,1988074.8666205022,16
-1217585.81903527,1988074.8666205022,16
-1217122.5063187426,1988074.8666205022,16
-1216659.193602215,1988074.8666205022,16
-1216195.8808856877,1988074.8666205022,16
-1215732.56816916,1988074.8666205022,16
-1215269.2554526327,1988074.8666205022,16
-1214805.942736105,1988074.8666205022,16
-1214342.6300195777,1988074.8666205022,16
-1213879.31730305,1988074.8666205022,16
-1213416.0045865227,1988074.8666205022,16
-1212952.691869995,1988074.8666205022,16
-1212489.3791534677,1988074.8666205022,16
-1212026.06643694,1988074.8666205022,16
-1211562.7537204125,1988074.8666205022,16
-1211099.4410038851,1988074.8666205022,16
-1210636.1282873575,1988074.8666205022,16
-1210172.8155708301,1988074.8666205022,16
-1209709.5028543025,1988074.8666205022,16
-1209246.1901377751,1988074.8666205022,16
-1208782.8774212475,1988074.8666205022,16
-1208319.5647047202,1988074.8666205022,16
-1207856.2519881926,1988074.8666205022,16
-1207392.9392716652,1988074.8666205022,16
-1206929.6265551376,1988074.8666205022,16
-1206466.3138386102,1988074.8666205022,16
-1206003.0011220826,1988074.8666205022,16
-1205539.6884055552,1988074.8666205022,16
-1205076.3756890276,1988074.8666205022,16
-1204613.0629725,1988074.8666205022,16
-1204149.7502559726,1988074.8666205022,16
-1203686.4375394452,1988074.8666205022,16
-1203223.1248229176,1988074.8666205022,16
-1202759.81210639,1988074.8666205022,16
-1202296.4993898626,1988074.8666205022,16
-1201833.186673335,1988074.8666205022,16
-1201369.8739568077,1988074.8666205022,16
-1200906.56124028,1988074.8666205022,16
-1200443.2485237527,1988074.8666205022,16
-1199979.935807225,1988074.8666205022,16
-1199516.6230906977,1988074.8666205022,16
-1199053.31037417,1988074.8666205022,16
-1198589.9976576427,1988074.8666205022,16
-1198126.684941115,1988074.8666205022,16
-1197663.3722245875,1988074.8666205022,16
-1197200.05950806,1988074.8666205022,16
-1196736.7467915327,1988074.8666205022,16
-1196273.4340750051,1988074.8666205022,16
-1195810.1213584775,1988074.8666205022,16
-1195346.8086419501,1988074.8666205022,16
-1194883.4959254225,1988074.8666205022,16
-1194420.1832088951,1988074.8666205022,16
-1193956.8704923675,1988074.8666205022,16
-1193493.5577758402,1988074.8666205022,16
-1193030.2450593126,1988074.8666205022,16
-1192566.9323427852,1988074.8666205022,16
-1192103.6196262576,1988074.8666205022,16
-1191640.3069097302,1988074.8666205022,16
-1191176.9941932026,1988074.8666205022,16
-1190713.6814766752,1988074.8666205022,16
-1190250.3687601476,1988074.8666205022,16
-1189787.0560436202,1988074.8666205022,16
-1189323.7433270926,1988074.8666205022,16
-1188860.430610565,1988074.8666205022,16
-1188397.1178940376,1988074.8666205022,16
-1187933.80517751,1988074.8666205022,16
-1187470.4924609826,1988074.8666205022,16
-1187007.179744455,1988074.8666205022,16
-1186543.8670279277,1988074.8666205022,16
-1186080.5543114,1988074.8666205022,16
-1185617.2415948727,1988074.8666205022,16
-1185153.928878345,1988074.8666205022,16
-1184690.6161618177,1988074.8666205022,16
-1184227.30344529,1988074.8666205022,16
-1183763.9907287627,1988074.8666205022,16
-1183300.678012235,1988074.8666205022,16
-1182837.3652957077,1988074.8666205022,16
-1182374.05257918,1988074.8666205022,16
-1181910.7398626525,1988074.8666205022,16
-1181447.4271461251,1988074.8666205022,16
-1180984.1144295975,1988074.8666205022,16
-1180520.8017130701,1988074.8666205022,16
-1180057.4889965425,1988074.8666205022,16
-1179594.1762800151,1988074.8666205022,16
-1179130.8635634875,1988074.8666205022,16
-1178667.5508469602,1988074.8666205022,16
-1178204.2381304326,1988074.8666205022,16
-1177740.9254139052,1988074.8666205022,16
-1177277.6126973776,1988074.8666205022,16
-1176814.2999808502,1988074.8666205022,16
-1176350.9872643226,1988074.8666205022,16
-1175887.6745477952,1988074.8666205022,16
-1175424.3618312676,1988074.8666205022,16
-1174961.04911474,1988074.8666205022,16
-1174497.7363982126,1988074.8666205022,16
-1174034.4236816852,1988074.8666205022,16
-1173571.1109651576,1988074.8666205022,16
-1173107.79824863,1988074.8666205022,16
-1172644.4855321026,1988074.8666205022,16
-1172181.172815575,1988074.8666205022,16
-1171717.8600990477,1988074.8666205022,16
-1171254.54738252,1988074.8666205022,16
-1170791.2346659927,1988074.8666205022,16
-1170327.921949465,1988074.8666205022,16
-1169864.6092329377,1988074.8666205022,16
-1219902.3826179076,1987611.5539039746,16
-1219439.0699013802,1987611.5539039746,16
-1218975.7571848526,1987611.5539039746,16
-1218512.444468325,1987611.5539039746,16
-1218049.1317517976,1987611.5539039746,16
-1217585.81903527,1987611.5539039746,16
-1217122.5063187426,1987611.5539039746,16
-1216659.193602215,1987611.5539039746,16
-1216195.8808856877,1987611.5539039746,16
-1215732.56816916,1987611.5539039746,16
-1215269.2554526327,1987611.5539039746,16
-1214805.942736105,1987611.5539039746,16
-1214342.6300195777,1987611.5539039746,16
-1213879.31730305,1987611.5539039746,16
-1213416.0045865227,1987611.5539039746,16
-1212952.691869995,1987611.5539039746,16
-1212489.3791534677,1987611.5539039746,16
-1212026.06643694,1987611.5539039746,16
-1211562.7537204125,1987611.5539039746,16
-1211099.4410038851,1987611.5539039746,16
-1210636.1282873575,1987611.5539039746,16
-1210172.8155708301,1987611.5539039746,16
-1209709.5028543025,1987611.5539039746,16
-1209246.1901377751,1987611.5539039746,16
-1208782.8774212475,1987611.5539039746,16
-1208319.5647047202,1987611.5539039746,16
-1207856.2519881926,1987611.5539039746,16
-1207392.9392716652,1987611.5539039746,16
-1206929.6265551376,1987611.5539039746,16
-1206466.3138386102,1987611.5539039746,16
-1206003.0011220826,1987611.5539039746,16
-1205539.6884055552,1987611.5539039746,16
-1205076.3756890276,1987611.5539039746,16
-1204613.0629725,1987611.5539039746,16
-1204149.7502559726,1987611.5539039746,16
-1203686.4375394452,1987611.5539039746,16
-1203223.1248229176,1987611.5539039746,16
-1202759.81210639,1987611.5539039746,16
-1202296.4993898626,1987611.5539039746,16
-1201833.186673335,1987611.5539039746,16
-1201369.8739568077,1987611.5539039746,16
-1200906.56124028,1987611.5539039746,16
-1200443.2485237527,1987611.5539039746,16
-1199979.935807225,1987611.5539039746,16
-1199516.6230906977,1987611.5539039746,16
-1199053.31037417,1987611.5539039746,16
-1198589.9976576427,1987611.5539039746,16
-1198126.684941115,1987611.5539039746,16
-1197663.3722245875,1987611.5539039746,16
-1197200.05950806,1987611.5539039746,16
-1196736.7467915327,1987611.5539039746,16
-1196273.4340750051,1987611.5539039746,16
-1195810.1213584775,1987611.5539039746,16
-1195346.8086419501,1987611.5539039746,16
-1194883.4959254225,1987611.5539039746,16
-1194420.1832088951,1987611.5539039746,16
-1193956.8704923675,1987611.5539039746,16
-1193493.5577758402,1987611.5539039746,16
-1193030.2450593126,1987611.5539039746,16
-1192566.9323427852,1987611.5539039746,16
-1192103.6196262576,1987611.5539039746,16
-1191640.3069097302,1987611.5539039746,16
-1191176.9941932026,1987611.5539039746,16
-1190713.6814766752,1987611.5539039746,16
-1190250.3687601476,1987611.5539039746,16
-1189787.0560436202,1987611.5539039746,16
-1189323.7433270926,1987611.5539039746,16
-1188860.430610565,1987611.5539039746,16
-1188397.1178940376,1987611.5539039746,16
-1187933.80517751,1987611.5539039746,16
-1187470.4924609826,1987611.5539039746,16
-1187007.179744455,1987611.5539039746,16
-1186543.8670279277,1987611.5539039746,16
-1186080.5543114,1987611.5539039746,16
-1185617.2415948727,1987611.5539039746,16
-1185153.928878345,1987611.5539039746,16
-1184690.6161618177,1987611.5539039746,16
-1184227.30344529,1987611.5539039746,16
-1183763.9907287627,1987611.5539039746,16
-1183300.678012235,1987611.5539039746,16
-1182837.3652957077,1987611.5539039746,16
-1182374.05257918,1987611.5539039746,16
-1181910.7398626525,1987611.5539039746,16
-1181447.4271461251,1987611.5539039746,16
-1180984.1144295975,1987611.5539039746,16
-1180520.8017130701,1987611.5539039746,16
-1180057.4889965425,1987611.5539039746,16
-1179594.1762800151,1987611.5539039746,16
-1179130.8635634875,1987611.5539039746,16
-1178667.5508469602,1987611.5539039746,16
-1178204.2381304326,1987611.5539039746,16
-1177740.9254139052,1987611.5539039746,16
-1177277.6126973776,1987611.5539039746,16
-1176814.2999808502,1987611.5539039746,16
-1176350.9872643226,1987611.5539039746,16
-1175887.6745477952,1987611.5539039746,16
-1175424.3618312676,1987611.5539039746,16
-1174961.04911474,1987611.5539039746,16
-1174497.7363982126,1987611.5539039746,16
-1174034.4236816852,1987611.5539039746,16
-1173571.1109651576,1987611.5539039746,16
-1173107.79824863,1987611.5539039746,16
-1172644.4855321026,1987611.5539039746,16
-1172181.172815575,1987611.5539039746,16
-1171717.8600990477,1987611.5539039746,16
-1171254.54738252,1987611.5539039746,16
-1170791.2346659927,1987611.5539039746,16
-1170327.921949465,1987611.5539039746,16
-1169864.6092329377,1987611.5539039746,16
-1219439.0699013802,1987148.2411874472,16
-1218975.7571848526,1987148.2411874472,16
-1218512.444468325,1987148.2411874472,16
-1218049.1317517976,1987148.2411874472,16
-1217585.81903527,1987148.2411874472,16
-1217122.5063187426,1987148.2411874472,16
-1216659.193602215,1987148.2411874472,16
-1216195.8808856877,1987148.2411874472,16
-1215732.56816916,1987148.2411874472,16
-1215269.2554526327,1987148.2411874472,16
-1214805.942736105,1987148.2411874472,16
-1214342.6300195777,1987148.2411874472,16
-1213879.31730305,1987148.2411874472,16
-1213416.0045865227,1987148.2411874472,16
-1212952.691869995,1987148.2411874472,16
-1212489.3791534677,1987148.2411874472,16
-1212026.06643694,1987148.2411874472,16
-1211562.7537204125,1987148.2411874472,16
-1211099.4410038851,1987148.2411874472,16
-1210636.1282873575,1987148.2411874472,16
-1210172.8155708301,1987148.2411874472,16
-1209709.5028543025,1987148.2411874472,16
-1209246.1901377751,1987148.2411874472,16
-1208782.8774212475,1987148.2411874472,16
-1208319.5647047202,1987148.2411874472,16
-1207856.2519881926,1987148.2411874472,16
-1207392.9392716652,1987148.2411874472,16
-1206929.6265551376,1987148.2411874472,16
-1206466.3138386102,1987148.2411874472,16
-1206003.0011220826,1987148.2411874472,16
-1205539.6884055552,1987148.2411874472,16
-1205076.3756890276,1987148.2411874472,16
-1204613.0629725,1987148.2411874472,16
-1204149.7502559726,1987148.2411874472,16
-1203686.4375394452,1987148.2411874472,16
-1203223.1248229176,1987148.2411874472,16
-1202759.81210639,1987148.2411874472,16
-1202296.4993898626,1987148.2411874472,16
-1201833.186673335,1987148.2411874472,16
-1201369.8739568077,1987148.2411874472,16
-1200906.56124028,1987148.2411874472,16
-1200443.2485237527,1987148.2411874472,16
-1199979.935807225,1987148.2411874472,16
-1199516.6230906977,1987148.2411874472,16
-1199053.31037417,1987148.2411874472,16
-1198589.9976576427,1987148.2411874472,16
-1198126.684941115,1987148.2411874472,16
-1197663.3722245875,1987148.2411874472,16
-1197200.05950806,1987148.2411874472,16
-1196736.7467915327,1987148.2411874472,16
-1196273.4340750051,1987148.2411874472,16
-1195810.1213584775,1987148.2411874472,16
-1195346.8086419501,1987148.2411874472,16
-1194883.4959254225,1987148.2411874472,16
-1194420.1832088951,1987148.2411874472,16
-1193956.8704923675,1987148.2411874472,16
-1193493.5577758402,1987148.2411874472,16
-1193030.2450593126,1987148.2411874472,16
-1192566.9323427852,1987148.2411874472,16
-1192103.6196262576,1987148.2411874472,16
-1191640.3069097302,1987148.2411874472,16
-1191176.9941932026,1987148.2411874472,16
-1190713.6814766752,1987148.2411874472,16
-1190250.3687601476,1987148.2411874472,16
-1189787.0560436202,1987148.2411874472,16
-1189323.7433270926,1987148.2411874472,16
-1188860.430610565,1987148.2411874472,16
-1188397.1178940376,1987148.2411874472,16
-1187933.80517751,1987148.2411874472,16
-1187470.4924609826,1987148.2411874472,16
-1187007.179744455,1987148.2411874472,16
-1186543.8670279277,1987148.2411874472,16
-1186080.5543114,1987148.2411874472,16
-1185617.2415948727,1987148.2411874472,16
-1185153.928878345,1987148.2411874472,16
-1184690.6161618177,1987148.2411874472,16
-1184227.30344529,1987148.2411874472,16
-1183763.9907287627,1987148.2411874472,16
-1183300.678012235,1987148.2411874472,16
-1182837.3652957077,1987148.2411874472,16
-1182374.05257918,1987148.2411874472,16
-1181910.7398626525,1987148.2411874472,16
-1181447.4271461251,1987148.2411874472,16
-1180984.1144295975,1987148.2411874472,16
-1180520.8017130701,1987148.2411874472,16
-1180057.4889965425,1987148.2411874472,16
-1179594.1762800151,1987148.2411874472,16
-1179130.8635634875,1987148.2411874472,16
-1178667.5508469602,1987148.2411874472,16
-1178204.2381304326,1987148.2411874472,16
-1177740.9254139052,1987148.2411874472,16
-1177277.6126973776,1987148.2411874472,16
-1176814.2999808502,1987148.2411874472,16
-1176350.9872643226,1987148.2411874472,16
-1175887.6745477952,1987148.2411874472,16
-1175424.3618312676,1987148.2411874472,16
-1174961.04911474,1987148.2411874472,16
-1174497.7363982126,1987148.2411874472,16
-1174034.4236816852,1987148.2411874472,16
-1173571.1109651576,1987148.2411874472,16
-1173107.79824863,1987148.2411874472,16
-1172644.4855321026,1987148.2411874472,16
-1172181.172815575,1987148.2411874472,16
-1171717.8600990477,1987148.2411874472,16
-1171254.54738252,1987148.2411874472,16
-1170791.2346659927,1987148.2411874472,16
-1170327.921949465,1987148.2411874472,16
-1169864.6092329377,1987148.2411874472,16
-1218049.1317517976,1986684.9284709196,16
-1217585.81903527,1986684.9284709196,16
-1217122.5063187426,1986684.9284709196,16
-1216659.193602215,1986684.9284709196,16
-1216195.8808856877,1986684.9284709196,16
-1215732.56816916,1986684.9284709196,16
-1215269.2554526327,1986684.9284709196,16
-1214805.942736105,1986684.9284709196,16
-1214342.6300195777,1986684.9284709196,16
-1213879.31730305,1986684.9284709196,16
-1213416.0045865227,1986684.9284709196,16
-1212952.691869995,1986684.9284709196,16
-1212489.3791534677,1986684.9284709196,16
-1212026.06643694,1986684.9284709196,16
-1211562.7537204125,1986684.9284709196,16
-1211099.4410038851,1986684.9284709196,16
-1210636.1282873575,1986684.9284709196,16
-1210172.8155708301,1986684.9284709196,16
-1209709.5028543025,1986684.9284709196,16
-1209246.1901377751,1986684.9284709196,16
-1208782.8774212475,1986684.9284709196,16
-1208319.5647047202,1986684.9284709196,16
-1207856.2519881926,1986684.9284709196,16
-1207392.9392716652,1986684.9284709196,16
-1206929.6265551376,1986684.9284709196,16
-1206466.3138386102,1986684.9284709196,16
-1206003.0011220826,1986684.9284709196,16
-1205539.6884055552,1986684.9284709196,16
-1205076.3756890276,1986684.9284709196,16
-1204613.0629725,1986684.9284709196,16
-1204149.7502559726,1986684.9284709196,16
-1203686.4375394452,1986684.9284709196,16
-1203223.1248229176,1986684.9284709196,16
-1202759.81210639,1986684.9284709196,16
-1202296.4993898626,1986684.9284709196,16
-1201833.186673335,1986684.9284709196,16
-1201369.8739568077,1986684.9284709196,16
-1200906.56124028,1986684.9284709196,16
-1200443.2485237527,1986684.9284709196,16
-1199979.935807225,1986684.9284709196,16
-1199516.6230906977,1986684.9284709196,16
-1199053.31037417,1986684.9284709196,16
-1198589.9976576427,1986684.9284709196,16
-1198126.684941115,1986684.9284709196,16
-1197663.3722245875,1986684.9284709196,16
-1197200.05950806,1986684.9284709196,16
-1196736.7467915327,1986684.9284709196,16
-1196273.4340750051,1986684.9284709196,16
-1195810.1213584775,1986684.9284709196,16
-1195346.8086419501,1986684.9284709196,16
-1194883.4959254225,1986684.9284709196,16
-1194420.1832088951,1986684.9284709196,16
-1193956.8704923675,1986684.9284709196,16
-1193493.5577758402,1986684.9284709196,16
-1193030.2450593126,1986684.9284709196,16
-1192566.9323427852,1986684.9284709196,16
-1192103.6196262576,1986684.9284709196,16
-1191640.3069097302,1986684.9284709196,16
-1191176.9941932026,1986684.9284709196,16
-1190713.6814766752,1986684.9284709196,16
-1190250.3687601476,1986684.9284709196,16
-1189787.0560436202,1986684.9284709196,16
-1189323.7433270926,1986684.9284709196,16
-1188860.430610565,1986684.9284709196,16
-1188397.1178940376,1986684.9284709196,16
-1187933.80517751,1986684.9284709196,16
-1187470.4924609826,1986684.9284709196,16
-1187007.179744455,1986684.9284709196,16
-1186543.8670279277,1986684.9284709196,16
-1186080.5543114,1986684.9284709196,16
-1185617.2415948727,1986684.9284709196,16
-1185153.928878345,1986684.9284709196,16
-1184690.6161618177,1986684.9284709196,16
-1184227.30344529,1986684.9284709196,16
-1183763.9907287627,1986684.9284709196,16
-1183300.678012235,1986684.9284709196,16
-1182837.3652957077,1986684.9284709196,16
-1182374.05257918,1986684.9284709196,16
-1181910.7398626525,1986684.9284709196,16
-1181447.4271461251,1986684.9284709196,16
-1180984.1144295975,1986684.9284709196,16
-1180520.8017130701,1986684.9284709196,16
-1180057.4889965425,1986684.9284709196,16
-1179594.1762800151,1986684.9284709196,16
-1179130.8635634875,1986684.9284709196,16
-1178667.5508469602,1986684.9284709196,16
-1178204.2381304326,1986684.9284709196,16
-1177740.9254139052,1986684.9284709196,16
-1177277.6126973776,1986684.9284709196,16
-1176814.2999808502,1986684.9284709196,16
-1176350.9872643226,1986684.9284709196,16
-1175887.6745477952,1986684.9284709196,16
-1175424.3618312676,1986684.9284709196,16
-1174961.04911474,1986684.9284709196,16
-1174497.7363982126,1986684.9284709196,16
-1174034.4236816852,1986684.9284709196,16
-1173571.1109651576,1986684.9284709196,16
-1173107.79824863,1986684.9284709196,16
-1172644.4855321026,1986684.9284709196,16
-1172181.172815575,1986684.9284709196,16
-1171717.8600990477,1986684.9284709196,16
-1171254.54738252,1986684.9284709196,16
-1170791.2346659927,1986684.9284709196,16
-1170327.921949465,1986684.9284709196,16
-1169864.6092329377,1986684.9284709196,16
-1217585.81903527,1986221.6157543922,16
-1217122.5063187426,1986221.6157543922,16
-1216659.193602215,1986221.6157543922,16
-1216195.8808856877,1986221.6157543922,16
-1215732.56816916,1986221.6157543922,16
-1215269.2554526327,1986221.6157543922,16
-1214805.942736105,1986221.6157543922,16
-1214342.6300195777,1986221.6157543922,16
-1213879.31730305,1986221.6157543922,16
-1213416.0045865227,1986221.6157543922,16
-1212952.691869995,1986221.6157543922,16
-1212489.3791534677,1986221.6157543922,16
-1212026.06643694,1986221.6157543922,16
-1211562.7537204125,1986221.6157543922,16
-1211099.4410038851,1986221.6157543922,16
-1210636.1282873575,1986221.6157543922,16
-1210172.8155708301,1986221.6157543922,16
-1209709.5028543025,1986221.6157543922,16
-1209246.1901377751,1986221.6157543922,16
-1208782.8774212475,1986221.6157543922,16
-1208319.5647047202,1986221.6157543922,16
-1207856.2519881926,1986221.6157543922,16
-1207392.9392716652,1986221.6157543922,16
-1206929.6265551376,1986221.6157543922,16
-1206466.3138386102,1986221.6157543922,16
-1206003.0011220826,1986221.6157543922,16
-1205539.6884055552,1986221.6157543922,16
-1205076.3756890276,1986221.6157543922,16
-1204613.0629725,1986221.6157543922,16
-1204149.7502559726,1986221.6157543922,16
-1203686.4375394452,1986221.6157543922,16
-1203223.1248229176,1986221.6157543922,16
-1202759.81210639,1986221.6157543922,16
-1202296.4993898626,1986221.6157543922,16
-1201833.186673335,1986221.6157543922,16
-1201369.8739568077,1986221.6157543922,16
-1200906.56124028,1986221.6157543922,16
-1200443.2485237527,1986221.6157543922,16
-1199979.935807225,1986221.6157543922,16
-1199516.6230906977,1986221.6157543922,16
-1199053.31037417,1986221.6157543922,16
-1198589.9976576427,1986221.6157543922,16
-1198126.684941115,1986221.6157543922,16
-1197663.3722245875,1986221.6157543922,16
-1197200.05950806,1986221.6157543922,16
-1196736.7467915327,1986221.6157543922,16
-1196273.4340750051,1986221.6157543922,16
-1195810.1213584775,1986221.6157543922,16
-1195346.8086419501,1986221.6157543922,16
-1194883.4959254225,1986221.6157543922,16
-1194420.1832088951,1986221.6157543922,16
-1193956.8704923675,1986221.6157543922,16
-1193493.5577758402,1986221.6157543922,16
-1193030.2450593126,1986221.6157543922,16
-1192566.9323427852,1986221.6157543922,16
-1192103.6196262576,1986221.6157543922,16
-1191640.3069097302,1986221.6157543922,16
-1191176.9941932026,1986221.6157543922,16
-1190713.6814766752,1986221.6157543922,16
-1190250.3687601476,1986221.6157543922,16
-1189787.0560436202,1986221.6157543922,16
-1189323.7433270926,1986221.6157543922,16
-1188860.430610565,1986221.6157543922,16
-1188397.1178940376,1986221.6157543922,16
-1187933.80517751,1986221.6157543922,16
-1187470.4924609826,1986221.6157543922,16
-1187007.179744455,1986221.6157543922,16
-1186543.8670279277,1986221.6157543922,16
-1186080.5543114,1986221.6157543922,16
-1185617.2415948727,1986221.6157543922,16
-1185153.928878345,1986221.6157543922,16
-1184690.6161618177,1986221.6157543922,16
-1184227.30344529,1986221.6157543922,16
-1183763.9907287627,1986221.6157543922,16
-1183300.678012235,1986221.6157543922,16
-1182837.3652957077,1986221.6157543922,16
-1182374.05257918,1986221.6157543922,16
-1181910.7398626525,1986221.6157543922,16
-1181447.4271461251,1986221.6157543922,16
-1180984.1144295975,1986221.6157543922,16
-1180520.8017130701,1986221.6157543922,16
-1180057.4889965425,1986221.6157543922,16
-1179594.1762800151,1986221.6157543922,16
-1179130.8635634875,1986221.6157543922,16
-1178667.5508469602,1986221.6157543922,16
-1178204.2381304326,1986221.6157543922,16
-1177740.9254139052,1986221.6157543922,16
-1177277.6126973776,1986221.6157543922,16
-1176814.2999808502,1986221.6157543922,16
-1176350.9872643226,1986221.6157543922,16
-1175887.6745477952,1986221.6157543922,16
-1175424.3618312676,1986221.6157543922,16
-1174961.04911474,1986221.6157543922,16
-1174497.7363982126,1986221.6157543922,16
-1174034.4236816852,1986221.6157543922,16
-1173571.1109651576,1986221.6157543922,16
-1173107.79824863,1986221.6157543922,16
-1172644.4855321026,1986221.6157543922,16
-1172181.172815575,1986221.6157543922,16
-1171717.8600990477,1986221.6157543922,16
-1171254.54738252,1986221.6157543922,16
-1170791.2346659927,1986221.6157543922,16
-1170327.921949465,1986221.6157543922,16
-1216659.193602215,1985758.3030378646,16
-1216195.8808856877,1985758.3030378646,16
-1215732.56816916,1985758.3030378646,16
-1215269.2554526327,1985758.3030378646,16
-1214805.942736105,1985758.3030378646,16
-1214342.6300195777,1985758.3030378646,16
-1213879.31730305,1985758.3030378646,16
-1213416.0045865227,1985758.3030378646,16
-1212952.691869995,1985758.3030378646,16
-1212489.3791534677,1985758.3030378646,16
-1212026.06643694,1985758.3030378646,16
-1211562.7537204125,1985758.3030378646,16
-1211099.4410038851,1985758.3030378646,16
-1210636.1282873575,1985758.3030378646,16
-1210172.8155708301,1985758.3030378646,16
-1209709.5028543025,1985758.3030378646,16
-1209246.1901377751,1985758.3030378646,16
-1208782.8774212475,1985758.3030378646,16
-1208319.5647047202,1985758.3030378646,16
-1207856.2519881926,1985758.3030378646,16
-1207392.9392716652,1985758.3030378646,16
-1206929.6265551376,1985758.3030378646,16
-1206466.3138386102,1985758.3030378646,16
-1206003.0011220826,1985758.3030378646,16
-1205539.6884055552,1985758.3030378646,16
-1205076.3756890276,1985758.3030378646,16
-1204613.0629725,1985758.3030378646,16
-1204149.7502559726,1985758.3030378646,16
-1203686.4375394452,1985758.3030378646,16
-1203223.1248229176,1985758.3030378646,16
-1202759.81210639,1985758.3030378646,16
-1202296.4993898626,1985758.3030378646,16
-1201833.186673335,1985758.3030378646,16
-1201369.8739568077,1985758.3030378646,16
-1200906.56124028,1985758.3030378646,16
-1200443.2485237527,1985758.3030378646,16
-1199979.935807225,1985758.3030378646,16
-1199516.6230906977,1985758.3030378646,16
-1199053.31037417,1985758.3030378646,16
-1198589.9976576427,1985758.3030378646,16
-1198126.684941115,1985758.3030378646,16
-1197663.3722245875,1985758.3030378646,16
-1197200.05950806,1985758.3030378646,16
-1196736.7467915327,1985758.3030378646,16
-1196273.4340750051,1985758.3030378646,16
-1195810.1213584775,1985758.3030378646,16
-1195346.8086419501,1985758.3030378646,16
-1194883.4959254225,1985758.3030378646,16
-1194420.1832088951,1985758.3030378646,16
-1193956.8704923675,1985758.3030378646,16
-1193493.5577758402,1985758.3030378646,16
-1193030.2450593126,1985758.3030378646,16
-1192566.9323427852,1985758.3030378646,16
-1192103.6196262576,1985758.3030378646,16
-1191640.3069097302,1985758.3030378646,16
-1191176.9941932026,1985758.3030378646,16
-1190713.6814766752,1985758.3030378646,16
-1190250.3687601476,1985758.3030378646,16
-1189787.0560436202,1985758.3030378646,16
-1189323.7433270926,1985758.3030378646,16
-1188860.430610565,1985758.3030378646,16
-1188397.1178940376,1985758.3030378646,16
-1187933.80517751,1985758.3030378646,16
-1187470.4924609826,1985758.3030378646,16
-1187007.179744455,1985758.3030378646,16
-1186543.8670279277,1985758.3030378646,16
-1186080.5543114,1985758.3030378646,16
-1185617.2415948727,1985758.3030378646,16
-1185153.928878345,1985758.3030378646,16
-1184690.6161618177,1985758.3030378646,16
-1184227.30344529,1985758.3030378646,16
-1183763.9907287627,1985758.3030378646,16
-1183300.678012235,1985758.3030378646,16
-1182837.3652957077,1985758.3030378646,16
-1182374.05257918,1985758.3030378646,16
-1181910.7398626525,1985758.3030378646,16
-1181447.4271461251,1985758.3030378646,16
-1180984.1144295975,1985758.3030378646,16
-1180520.8017130701,1985758.3030378646,16
-1180057.4889965425,1985758.3030378646,16
-1179594.1762800151,1985758.3030378646,16
-1179130.8635634875,1985758.3030378646,16
-1178667.5508469602,1985758.3030378646,16
-1178204.2381304326,1985758.3030378646,16
-1177740.9254139052,1985758.3030378646,16
-1177277.6126973776,1985758.3030378646,16
-1176814.2999808502,1985758.3030378646,16
-1176350.9872643226,1985758.3030378646,16
-1175887.6745477952,1985758.3030378646,16
-1175424.3618312676,1985758.3030378646,16
-1174961.04911474,1985758.3030378646,16
-1174497.7363982126,1985758.3030378646,16
-1174034.4236816852,1985758.3030378646,16
-1173571.1109651576,1985758.3030378646,16
-1173107.79824863,1985758.3030378646,16
-1172644.4855321026,1985758.3030378646,16
-1172181.172815575,1985758.3030378646,16
-1171717.8600990477,1985758.3030378646,16
-1171254.54738252,1985758.3030378646,16
-1170791.2346659927,1985758.3030378646,16
-1170327.921949465,1985758.3030378646,16
-1215732.56816916,1985294.9903213372,16
-1215269.2554526327,1985294.9903213372,16
-1214805.942736105,1985294.9903213372,16
-1214342.6300195777,1985294.9903213372,16
-1213879.31730305,1985294.9903213372,16
-1213416.0045865227,1985294.9903213372,16
-1212952.691869995,1985294.9903213372,16
-1212489.3791534677,1985294.9903213372,16
-1212026.06643694,1985294.9903213372,16
-1211562.7537204125,1985294.9903213372,16
-1211099.4410038851,1985294.9903213372,16
-1210636.1282873575,1985294.9903213372,16
-1210172.8155708301,1985294.9903213372,16
-1209709.5028543025,1985294.9903213372,16
-1209246.1901377751,1985294.9903213372,16
-1208782.8774212475,1985294.9903213372,16
-1208319.5647047202,1985294.9903213372,16
-1207856.2519881926,1985294.9903213372,16
-1207392.9392716652,1985294.9903213372,16
-1206929.6265551376,1985294.9903213372,16
-1206466.3138386102,1985294.9903213372,16
-1206003.0011220826,1985294.9903213372,16
-1205539.6884055552,1985294.9903213372,16
-1205076.3756890276,1985294.9903213372,16
-1204613.0629725,1985294.9903213372,16
-1204149.7502559726,1985294.9903213372,16
-1203686.4375394452,1985294.9903213372,16
-1203223.1248229176,1985294.9903213372,16
-1202759.81210639,1985294.9903213372,16
-1202296.4993898626,1985294.9903213372,16
-1201833.186673335,1985294.9903213372,16
-1201369.8739568077,1985294.9903213372,16
-1200906.56124028,1985294.9903213372,16
-1200443.2485237527,1985294.9903213372,16
-1199979.935807225,1985294.9903213372,16
-1199516.6230906977,1985294.9903213372,16
-1199053.31037417,1985294.9903213372,16
-1198589.9976576427,1985294.9903213372,16
-1198126.684941115,1985294.9903213372,16
-1197663.3722245875,1985294.9903213372,16
-1197200.05950806,1985294.9903213372,16
-1196736.7467915327,1985294.9903213372,16
-1196273.4340750051,1985294.9903213372,16
-1195810.1213584775,1985294.9903213372,16
-1195346.8086419501,1985294.9903213372,16
-1194883.4959254225,1985294.9903213372,16
-1194420.1832088951,1985294.9903213372,16
-1193956.8704923675,1985294.9903213372,16
-1193493.5577758402,1985294.9903213372,16
-1193030.2450593126,1985294.9903213372,16
-1192566.9323427852,1985294.9903213372,16
-1192103.6196262576,1985294.9903213372,16
-1191640.3069097302,1985294.9903213372,16
-1191176.9941932026,1985294.9903213372,16
-1190713.6814766752,1985294.9903213372,16
-1190250.3687601476,1985294.9903213372,16
-1189787.0560436202,1985294.9903213372,16
-1189323.7433270926,1985294.9903213372,16
-1188860.430610565,1985294.9903213372,16
-1188397.1178940376,1985294.9903213372,16
-1187933.80517751,1985294.9903213372,16
-1187470.4924609826,1985294.9903213372,16
-1187007.179744455,1985294.9903213372,16
-1186543.8670279277,1985294.9903213372,16
-1186080.5543114,1985294.9903213372,16
-1185617.2415948727,1985294.9903213372,16
-1185153.928878345,1985294.9903213372,16
-1184690.6161618177,1985294.9903213372,16
-1184227.30344529,1985294.9903213372,16
-1183763.9907287627,1985294.9903213372,16
-1183300.678012235,1985294.9903213372,16
-1182837.3652957077,1985294.9903213372,16
-1182374.05257918,1985294.9903213372,16
-1181910.7398626525,1985294.9903213372,16
-1181447.4271461251,1985294.9903213372,16
-1180984.1144295975,1985294.9903213372,16
-1180520.8017130701,1985294.9903213372,16
-1180057.4889965425,1985294.9903213372,16
-1179594.1762800151,1985294.9903213372,16
-1179130.8635634875,1985294.9903213372,16
-1178667.5508469602,1985294.9903213372,16
-1178204.2381304326,1985294.9903213372,16
-1177740.9254139052,1985294.9903213372,16
-1177277.6126973776,1985294.9903213372,16
-1176814.2999808502,1985294.9903213372,16
-1176350.9872643226,1985294.9903213372,16
-1175887.6745477952,1985294.9903213372,16
-1175424.3618312676,1985294.9903213372,16
-1174961.04911474,1985294.9903213372,16
-1174497.7363982126,1985294.9903213372,16
-1174034.4236816852,1985294.9903213372,16
-1173571.1109651576,1985294.9903213372,16
-1173107.79824863,1985294.9903213372,16
-1172644.4855321026,1985294.9903213372,16
-1172181.172815575,1985294.9903213372,16
-1171717.8600990477,1985294.9903213372,16
-1171254.54738252,1985294.9903213372,16
-1170791.2346659927,1985294.9903213372,16
-1170327.921949465,1985294.9903213372,16
-1215269.2554526327,1984831.6776048096,16
-1214805.942736105,1984831.6776048096,16
-1214342.6300195777,1984831.6776048096,16
-1213879.31730305,1984831.6776048096,16
-1213416.0045865227,1984831.6776048096,16
-1212952.691869995,1984831.6776048096,16
-1212489.3791534677,1984831.6776048096,16
-1212026.06643694,1984831.6776048096,16
-1211562.7537204125,1984831.6776048096,16
-1211099.4410038851,1984831.6776048096,16
-1210636.1282873575,1984831.6776048096,16
-1210172.8155708301,1984831.6776048096,16
-1209709.5028543025,1984831.6776048096,16
-1209246.1901377751,1984831.6776048096,16
-1208782.8774212475,1984831.6776048096,16
-1208319.5647047202,1984831.6776048096,16
-1207856.2519881926,1984831.6776048096,16
-1207392.9392716652,1984831.6776048096,16
-1206929.6265551376,1984831.6776048096,16
-1206466.3138386102,1984831.6776048096,16
-1206003.0011220826,1984831.6776048096,16
-1205539.6884055552,1984831.6776048096,16
-1205076.3756890276,1984831.6776048096,16
-1204613.0629725,1984831.6776048096,16
-1204149.7502559726,1984831.6776048096,16
-1203686.4375394452,1984831.6776048096,16
-1203223.1248229176,1984831.6776048096,16
-1202759.81210639,1984831.6776048096,16
-1202296.4993898626,1984831.6776048096,16
-1201833.186673335,1984831.6776048096,16
-1201369.8739568077,1984831.6776048096,16
-1200906.56124028,1984831.6776048096,16
-1200443.2485237527,1984831.6776048096,16
-1199979.935807225,1984831.6776048096,16
-1199516.6230906977,1984831.6776048096,16
-1199053.31037417,1984831.6776048096,16
-1198589.9976576427,1984831.6776048096,16
-1198126.684941115,1984831.6776048096,16
-1197663.3722245875,1984831.6776048096,16
-1197200.05950806,1984831.6776048096,16
-1196736.7467915327,1984831.6776048096,16
-1196273.4340750051,1984831.6776048096,16
-1195810.1213584775,1984831.6776048096,16
-1195346.8086419501,1984831.6776048096,16
-1194883.4959254225,1984831.6776048096,16
-1194420.1832088951,1984831.6776048096,16
-1193956.8704923675,1984831.6776048096,16
-1193493.5577758402,1984831.6776048096,16
-1193030.2450593126,1984831.6776048096,16
-1192566.9323427852,1984831.6776048096,16
-1192103.6196262576,1984831.6776048096,16
-1191640.3069097302,1984831.6776048096,16
-1191176.9941932026,1984831.6776048096,16
-1190713.6814766752,1984831.6776048096,16
-1190250.3687601476,1984831.6776048096,16
-1189787.0560436202,1984831.6776048096,16
-1189323.7433270926,1984831.6776048096,16
-1188860.430610565,1984831.6776048096,16
-1188397.1178940376,1984831.6776048096,16
-1187933.80517751,1984831.6776048096,16
-1187470.4924609826,1984831.6776048096,16
-1187007.179744455,1984831.6776048096,16
-1186543.8670279277,1984831.6776048096,16
-1186080.5543114,1984831.6776048096,16
-1185617.2415948727,1984831.6776048096,16
-1185153.928878345,1984831.6776048096,16
-1184690.6161618177,1984831.6776048096,16
-1184227.30344529,1984831.6776048096,16
-1183763.9907287627,1984831.6776048096,16
-1183300.678012235,1984831.6776048096,16
-1182837.3652957077,1984831.6776048096,16
-1182374.05257918,1984831.6776048096,16
-1181910.7398626525,1984831.6776048096,16
-1181447.4271461251,1984831.6776048096,16
-1180984.1144295975,1984831.6776048096,16
-1180520.8017130701,1984831.6776048096,16
-1180057.4889965425,1984831.6776048096,16
-1179594.1762800151,1984831.6776048096,16
-1179130.8635634875,1984831.6776048096,16
-1178667.5508469602,1984831.6776048096,16
-1178204.2381304326,1984831.6776048096,16
-1177740.9254139052,1984831.6776048096,16
-1177277.6126973776,1984831.6776048096,16
-1176814.2999808502,1984831.6776048096,16
-1176350.9872643226,1984831.6776048096,16
-1175887.6745477952,1984831.6776048096,16
-1175424.3618312676,1984831.6776048096,16
-1174961.04911474,1984831.6776048096,16
-1174497.7363982126,1984831.6776048096,16
-1174034.4236816852,1984831.6776048096,16
-1173571.1109651576,1984831.6776048096,16
-1173107.79824863,1984831.6776048096,16
-1172644.4855321026,1984831.6776048096,16
-1172181.172815575,1984831.6776048096,16
-1171717.8600990477,1984831.6776048096,16
-1171254.54738252,1984831.6776048096,16
-1170791.2346659927,1984831.6776048096,16
-1170327.921949465,1984831.6776048096,16
-1215269.2554526327,1984368.3648882823,16
-1214805.942736105,1984368.3648882823,16
-1214342.6300195777,1984368.3648882823,16
-1213879.31730305,1984368.3648882823,7
-1213416.0045865227,1984368.3648882823,7
-1212952.691869995,1984368.3648882823,16
-1212489.3791534677,1984368.3648882823,16
-1212026.06643694,1984368.3648882823,16
-1211562.7537204125,1984368.3648882823,16
-1211099.4410038851,1984368.3648882823,16
-1210636.1282873575,1984368.3648882823,16
-1210172.8155708301,1984368.3648882823,16
-1209709.5028543025,1984368.3648882823,16
-1209246.1901377751,1984368.3648882823,16
-1208782.8774212475,1984368.3648882823,16
-1208319.5647047202,1984368.3648882823,16
-1207856.2519881926,1984368.3648882823,16
-1207392.9392716652,1984368.3648882823,16
-1206929.6265551376,1984368.3648882823,16
-1206466.3138386102,1984368.3648882823,16
-1206003.0011220826,1984368.3648882823,16
-1205539.6884055552,1984368.3648882823,16
-1205076.3756890276,1984368.3648882823,16
-1204613.0629725,1984368.3648882823,16
-1204149.7502559726,1984368.3648882823,16
-1203686.4375394452,1984368.3648882823,16
-1203223.1248229176,1984368.3648882823,16
-1202759.81210639,1984368.3648882823,16
-1202296.4993898626,1984368.3648882823,16
-1201833.186673335,1984368.3648882823,16
-1201369.8739568077,1984368.3648882823,16
-1200906.56124028,1984368.3648882823,16
-1200443.2485237527,1984368.3648882823,16
-1199979.935807225,1984368.3648882823,16
-1199516.6230906977,1984368.3648882823,16
-1199053.31037417,1984368.3648882823,16
-1198589.9976576427,1984368.3648882823,16
-1198126.684941115,1984368.3648882823,16
-1197663.3722245875,1984368.3648882823,16
-1197200.05950806,1984368.3648882823,16
-1196736.7467915327,1984368.3648882823,16
-1196273.4340750051,1984368.3648882823,16
-1195810.1213584775,1984368.3648882823,16
-1195346.8086419501,1984368.3648882823,16
-1194883.4959254225,1984368.3648882823,16
-1194420.1832088951,1984368.3648882823,16
-1193956.8704923675,1984368.3648882823,16
-1193493.5577758402,1984368.3648882823,16
-1193030.2450593126,1984368.3648882823,16
-1192566.9323427852,1984368.3648882823,16
-1192103.6196262576,1984368.3648882823,16
-1191640.3069097302,1984368.3648882823,16
-1191176.9941932026,1984368.3648882823,16
-1190713.6814766752,1984368.3648882823,16
-1190250.3687601476,1984368.3648882823,16
-1189787.0560436202,1984368.3648882823,16
-1189323.7433270926,1984368.3648882823,16
-1188860.430610565,1984368.3648882823,16
-1188397.1178940376,1984368.3648882823,16
-1187933.80517751,1984368.3648882823,16
-1187470.4924609826,1984368.3648882823,16
-1187007.179744455,1984368.3648882823,16
-1186543.8670279277,1984368.3648882823,16
-1186080.5543114,1984368.3648882823,16
-1185617.2415948727,1984368.3648882823,16
-1185153.928878345,1984368.3648882823,16
-1184690.6161618177,1984368.3648882823,16
-1184227.30344529,1984368.3648882823,16
-1183763.9907287627,1984368.3648882823,16
-1183300.678012235,1984368.3648882823,16
-1182837.3652957077,1984368.3648882823,16
-1182374.05257918,1984368.3648882823,16
-1181910.7398626525,1984368.3648882823,16
-1181447.4271461251,1984368.3648882823,16
-1180984.1144295975,1984368.3648882823,16
-1180520.8017130701,1984368.3648882823,16
-1180057.4889965425,1984368.3648882823,16
-1179594.1762800151,1984368.3648882823,16
-1179130.8635634875,1984368.3648882823,16
-1178667.5508469602,1984368.3648882823,16
-1178204.2381304326,1984368.3648882823,16
-1177740.9254139052,1984368.3648882823,16
-1177277.6126973776,1984368.3648882823,16
-1176814.2999808502,1984368.3648882823,16
-1176350.9872643226,1984368.3648882823,16
-1175887.6745477952,1984368.3648882823,16
-1175424.3618312676,1984368.3648882823,16
-1174961.04911474,1984368.3648882823,16
-1174497.7363982126,1984368.3648882823,16
-1174034.4236816852,1984368.3648882823,16
-1173571.1109651576,1984368.3648882823,16
-1173107.79824863,1984368.3648882823,16
-1172644.4855321026,1984368.3648882823,16
-1172181.172815575,1984368.3648882823,16
-1171717.8600990477,1984368.3648882823,16
-1171254.54738252,1984368.3648882823,16
-1170791.2346659927,1984368.3648882823,16
-1215269.2554526327,1983905.0521717547,16
-1214805.942736105,1983905.0521717547,16
-1214342.6300195777,1983905.0521717547,7
-1213879.31730305,1983905.0521717547,16
-1213416.0045865227,1983905.0521717547,16
-1212952.691869995,1983905.0521717547,16
-1212489.3791534677,1983905.0521717547,7
-1212026.06643694,1983905.0521717547,7
-1211562.7537204125,1983905.0521717547,16
-1211099.4410038851,1983905.0521717547,16
-1210636.1282873575,1983905.0521717547,16
-1210172.8155708301,1983905.0521717547,16
-1209709.5028543025,1983905.0521717547,16
-1209246.1901377751,1983905.0521717547,16
-1208782.8774212475,1983905.0521717547,16
-1208319.5647047202,1983905.0521717547,16
-1207856.2519881926,1983905.0521717547,16
-1207392.9392716652,1983905.0521717547,16
-1206929.6265551376,1983905.0521717547,16
-1206466.3138386102,1983905.0521717547,16
-1206003.0011220826,1983905.0521717547,16
-1205539.6884055552,1983905.0521717547,16
-1205076.3756890276,1983905.0521717547,16
-1204613.0629725,1983905.0521717547,16
-1204149.7502559726,1983905.0521717547,16
-1203686.4375394452,1983905.0521717547,16
-1203223.1248229176,1983905.0521717547,16
-1202759.81210639,1983905.0521717547,16
-1202296.4993898626,1983905.0521717547,16
-1201833.186673335,1983905.0521717547,16
-1201369.8739568077,1983905.0521717547,16
-1200906.56124028,1983905.0521717547,16
-1200443.2485237527,1983905.0521717547,16
-1199979.935807225,1983905.0521717547,16
-1199516.6230906977,1983905.0521717547,16
-1199053.31037417,1983905.0521717547,16
-1198589.9976576427,1983905.0521717547,16
-1198126.684941115,1983905.0521717547,16
-1197663.3722245875,1983905.0521717547,16
-1197200.05950806,1983905.0521717547,16
-1196736.7467915327,1983905.0521717547,16
-1196273.4340750051,1983905.0521717547,16
-1195810.1213584775,1983905.0521717547,16
-1195346.8086419501,1983905.0521717547,16
-1194883.4959254225,1983905.0521717547,16
-1194420.1832088951,1983905.0521717547,16
-1193956.8704923675,1983905.0521717547,16
-1193493.5577758402,1983905.0521717547,16
-1193030.2450593126,1983905.0521717547,16
-1192566.9323427852,1983905.0521717547,16
-1192103.6196262576,1983905.0521717547,16
-1191640.3069097302,1983905.0521717547,16
-1191176.9941932026,1983905.0521717547,16
-1190713.6814766752,1983905.0521717547,16
-1190250.3687601476,1983905.0521717547,16
-1189787.0560436202,1983905.0521717547,16
-1189323.7433270926,1983905.0521717547,16
-1188860.430610565,1983905.0521717547,16
-1188397.1178940376,1983905.0521717547,16
-1187933.80517751,1983905.0521717547,16
-1187470.4924609826,1983905.0521717547,16
-1187007.179744455,1983905.0521717547,16
-1186543.8670279277,1983905.0521717547,16
-1186080.5543114,1983905.0521717547,16
-1185617.2415948727,1983905.0521717547,16
-1185153.928878345,1983905.0521717547,16
-1184690.6161618177,1983905.0521717547,16
-1184227.30344529,1983905.0521717547,16
-1183763.9907287627,1983905.0521717547,16
-1183300.678012235,1983905.0521717547,16
-1182837.3652957077,1983905.0521717547,16
-1182374.05257918,1983905.0521717547,16
-1181910.7398626525,1983905.0521717547,16
-1181447.4271461251,1983905.0521717547,16
-1180984.1144295975,1983905.0521717547,16
-1180520.8017130701,1983905.0521717547,16
-1180057.4889965425,1983905.0521717547,16
-1179594.1762800151,1983905.0521717547,16
-1179130.8635634875,1983905.0521717547,16
-1178667.5508469602,1983905.0521717547,16
-1178204.2381304326,1983905.0521717547,16
-1177740.9254139052,1983905.0521717547,16
-1177277.6126973776,1983905.0521717547,16
-1176814.2999808502,1983905.0521717547,16
-1176350.9872643226,1983905.0521717547,16
-1175887.6745477952,1983905.0521717547,16
-1175424.3618312676,1983905.0521717547,16
-1174961.04911474,1983905.0521717547,16
-1174497.7363982126,1983905.0521717547,16
-1174034.4236816852,1983905.0521717547,16
-1173571.1109651576,1983905.0521717547,16
-1173107.79824863,1983905.0521717547,16
-1172644.4855321026,1983905.0521717547,16
-1172181.172815575,1983905.0521717547,16
-1171717.8600990477,1983905.0521717547,16
-1171254.54738252,1983905.0521717547,16
-1170791.2346659927,1983905.0521717547,16
-1215269.2554526327,1983441.7394552273,7
-1214805.942736105,1983441.7394552273,16
-1214342.6300195777,1983441.7394552273,16
-1213879.31730305,1983441.7394552273,16
-1213416.0045865227,1983441.7394552273,16
-1212952.691869995,1983441.7394552273,16
-1212489.3791534677,1983441.7394552273,16
-1212026.06643694,1983441.7394552273,16
-1211562.7537204125,1983441.7394552273,16
-1211099.4410038851,1983441.7394552273,7
-1210636.1282873575,1983441.7394552273,16
-1210172.8155708301,1983441.7394552273,16
-1209709.5028543025,1983441.7394552273,16
-1209246.1901377751,1983441.7394552273,16
-1208782.8774212475,1983441.7394552273,16
-1208319.5647047202,1983441.7394552273,16
-1207856.2519881926,1983441.7394552273,16
-1207392.9392716652,1983441.7394552273,16
-1206929.6265551376,1983441.7394552273,16
-1206466.3138386102,1983441.7394552273,16
-1206003.0011220826,1983441.7394552273,16
-1205539.6884055552,1983441.7394552273,16
-1205076.3756890276,1983441.7394552273,16
-1204613.0629725,1983441.7394552273,16
-1204149.7502559726,1983441.7394552273,16
-1203686.4375394452,1983441.7394552273,16
-1203223.1248229176,1983441.7394552273,16
-1202759.81210639,1983441.7394552273,16
-1202296.4993898626,1983441.7394552273,16
-1201833.186673335,1983441.7394552273,16
-1201369.8739568077,1983441.7394552273,16
-1200906.56124028,1983441.7394552273,16
-1200443.2485237527,1983441.7394552273,16
-1199979.935807225,1983441.7394552273,16
-1199516.6230906977,1983441.7394552273,16
-1199053.31037417,1983441.7394552273,16
-1198589.9976576427,1983441.7394552273,16
-1198126.684941115,1983441.7394552273,16
-1197663.3722245875,1983441.7394552273,16
-1197200.05950806,1983441.7394552273,16
-1196736.7467915327,1983441.7394552273,16
-1196273.4340750051,1983441.7394552273,16
-1195810.1213584775,1983441.7394552273,16
-1195346.8086419501,1983441.7394552273,16
-1194883.4959254225,1983441.7394552273,16
-1194420.1832088951,1983441.7394552273,16
-1193956.8704923675,1983441.7394552273,16
-1193493.5577758402,1983441.7394552273,16
-1193030.2450593126,1983441.7394552273,16
-1192566.9323427852,1983441.7394552273,16
-1192103.6196262576,1983441.7394552273,16
-1191640.3069097302,1983441.7394552273,16
-1191176.9941932026,1983441.7394552273,16
-1190713.6814766752,1983441.7394552273,16
-1190250.3687601476,1983441.7394552273,16
-1189787.0560436202,1983441.7394552273,16
-1189323.7433270926,1983441.7394552273,16
-1188860.430610565,1983441.7394552273,16
-1188397.1178940376,1983441.7394552273,16
-1187933.80517751,1983441.7394552273,16
-1187470.4924609826,1983441.7394552273,16
-1187007.179744455,1983441.7394552273,16
-1186543.8670279277,1983441.7394552273,16
-1186080.5543114,1983441.7394552273,16
-1185617.2415948727,1983441.7394552273,16
-1185153.928878345,1983441.7394552273,16
-1184690.6161618177,1983441.7394552273,16
-1184227.30344529,1983441.7394552273,16
-1183763.9907287627,1983441.7394552273,16
-1183300.678012235,1983441.7394552273,16
-1182837.3652957077,1983441.7394552273,16
-1182374.05257918,1983441.7394552273,16
-1181910.7398626525,1983441.7394552273,16
-1181447.4271461251,1983441.7394552273,16
-1180984.1144295975,1983441.7394552273,16
-1180520.8017130701,1983441.7394552273,16
-1180057.4889965425,1983441.7394552273,16
-1179594.1762800151,1983441.7394552273,16
-1179130.8635634875,1983441.7394552273,16
-1178667.5508469602,1983441.7394552273,16
-1178204.2381304326,1983441.7394552273,16
-1177740.9254139052,1983441.7394552273,16
-1177277.6126973776,1983441.7394552273,16
-1176814.2999808502,1983441.7394552273,16
-1176350.9872643226,1983441.7394552273,16
-1175887.6745477952,1983441.7394552273,16
-1175424.3618312676,1983441.7394552273,16
-1174961.04911474,1983441.7394552273,16
-1174497.7363982126,1983441.7394552273,16
-1174034.4236816852,1983441.7394552273,16
-1173571.1109651576,1983441.7394552273,16
-1173107.79824863,1983441.7394552273,16
-1172644.4855321026,1983441.7394552273,16
-1172181.172815575,1983441.7394552273,16
-1171717.8600990477,1983441.7394552273,16
-1171254.54738252,1983441.7394552273,16
-1170791.2346659927,1983441.7394552273,16
-1215269.2554526327,1982978.4267386997,16
-1214805.942736105,1982978.4267386997,16
-1214342.6300195777,1982978.4267386997,16
-1213879.31730305,1982978.4267386997,16
-1213416.0045865227,1982978.4267386997,16
-1212952.691869995,1982978.4267386997,16
-1212489.3791534677,1982978.4267386997,16
-1212026.06643694,1982978.4267386997,16
-1211562.7537204125,1982978.4267386997,16
-1211099.4410038851,1982978.4267386997,7
-1210636.1282873575,1982978.4267386997,7
-1210172.8155708301,1982978.4267386997,16
-1209709.5028543025,1982978.4267386997,16
-1209246.1901377751,1982978.4267386997,16
-1208782.8774212475,1982978.4267386997,16
-1208319.5647047202,1982978.4267386997,16
-1207856.2519881926,1982978.4267386997,16
-1207392.9392716652,1982978.4267386997,16
-1206929.6265551376,1982978.4267386997,16
-1206466.3138386102,1982978.4267386997,16
-1206003.0011220826,1982978.4267386997,16
-1205539.6884055552,1982978.4267386997,16
-1205076.3756890276,1982978.4267386997,16
-1204613.0629725,1982978.4267386997,16
-1204149.7502559726,1982978.4267386997,16
-1203686.4375394452,1982978.4267386997,16
-1203223.1248229176,1982978.4267386997,16
-1202759.81210639,1982978.4267386997,16
-1202296.4993898626,1982978.4267386997,16
-1201833.186673335,1982978.4267386997,16
-1201369.8739568077,1982978.4267386997,16
-1200906.56124028,1982978.4267386997,16
-1200443.2485237527,1982978.4267386997,16
-1199979.935807225,1982978.4267386997,16
-1199516.6230906977,1982978.4267386997,16
-1199053.31037417,1982978.4267386997,16
-1198589.9976576427,1982978.4267386997,16
-1198126.684941115,1982978.4267386997,16
-1197663.3722245875,1982978.4267386997,16
-1197200.05950806,1982978.4267386997,16
-1196736.7467915327,1982978.4267386997,16
-1196273.4340750051,1982978.4267386997,16
-1195810.1213584775,1982978.4267386997,16
-1195346.8086419501,1982978.4267386997,16
-1194883.4959254225,1982978.4267386997,16
-1194420.1832088951,1982978.4267386997,16
-1193956.8704923675,1982978.4267386997,16
-1193493.5577758402,1982978.4267386997,16
-1193030.2450593126,1982978.4267386997,16
-1192566.9323427852,1982978.4267386997,16
-1192103.6196262576,1982978.4267386997,16
-1191640.3069097302,1982978.4267386997,16
-1191176.9941932026,1982978.4267386997,16
-1190713.6814766752,1982978.4267386997,16
-1190250.3687601476,1982978.4267386997,16
-1189787.0560436202,1982978.4267386997,16
-1189323.7433270926,1982978.4267386997,16
-1188860.430610565,1982978.4267386997,16
-1188397.1178940376,1982978.4267386997,16
-1187933.80517751,1982978.4267386997,16
-1187470.4924609826,1982978.4267386997,16
-1187007.179744455,1982978.4267386997,16
-1186543.8670279277,1982978.4267386997,16
-1186080.5543114,1982978.4267386997,16
-1185617.2415948727,1982978.4267386997,16
-1185153.928878345,1982978.4267386997,16
-1184690.6161618177,1982978.4267386997,16
-1184227.30344529,1982978.4267386997,16
-1183763.9907287627,1982978.4267386997,16
-1183300.678012235,1982978.4267386997,16
-1182837.3652957077,1982978.4267386997,16
-1182374.05257918,1982978.4267386997,16
-1181910.7398626525,1982978.4267386997,16
-1181447.4271461251,1982978.4267386997,16
-1180984.1144295975,1982978.4267386997,16
-1180520.8017130701,1982978.4267386997,16
-1180057.4889965425,1982978.4267386997,16
-1179594.1762800151,1982978.4267386997,16
-1179130.8635634875,1982978.4267386997,16
-1178667.5508469602,1982978.4267386997,16
-1178204.2381304326,1982978.4267386997,16
-1177740.9254139052,1982978.4267386997,16
-1177277.6126973776,1982978.4267386997,16
-1176814.2999808502,1982978.4267386997,16
-1176350.9872643226,1982978.4267386997,16
-1175887.6745477952,1982978.4267386997,16
-1175424.3618312676,1982978.4267386997,16
-1174961.04911474,1982978.4267386997,16
-1174497.7363982126,1982978.4267386997,16
-1174034.4236816852,1982978.4267386997,16
-1173571.1109651576,1982978.4267386997,16
-1173107.79824863,1982978.4267386997,16
-1172644.4855321026,1982978.4267386997,16
-1172181.172815575,1982978.4267386997,16
-1171717.8600990477,1982978.4267386997,16
-1171254.54738252,1982978.4267386997,16
-1170791.2346659927,1982978.4267386997,16
-1215732.56816916,1982515.1140221723,16
-1215269.2554526327,1982515.1140221723,16
-1214805.942736105,1982515.1140221723,16
-1214342.6300195777,1982515.1140221723,16
-1213879.31730305,1982515.1140221723,16
-1213416.0045865227,1982515.1140221723,16
-1212952.691869995,1982515.1140221723,16
-1212489.3791534677,1982515.1140221723,16
-1212026.06643694,1982515.1140221723,16
-1211562.7537204125,1982515.1140221723,16
-1211099.4410038851,1982515.1140221723,7
-1210636.1282873575,1982515.1140221723,7
-1210172.8155708301,1982515.1140221723,7
-1209709.5028543025,1982515.1140221723,16
-1209246.1901377751,1982515.1140221723,16
-1208782.8774212475,1982515.1140221723,16
-1208319.5647047202,1982515.1140221723,16
-1207856.2519881926,1982515.1140221723,16
-1207392.9392716652,1982515.1140221723,16
-1206929.6265551376,1982515.1140221723,16
-1206466.3138386102,1982515.1140221723,16
-1206003.0011220826,1982515.1140221723,16
-1205539.6884055552,1982515.1140221723,16
-1205076.3756890276,1982515.1140221723,16
-1204613.0629725,1982515.1140221723,16
-1204149.7502559726,1982515.1140221723,16
-1203686.4375394452,1982515.1140221723,16
-1203223.1248229176,1982515.1140221723,16
-1202759.81210639,1982515.1140221723,16
-1202296.4993898626,1982515.1140221723,16
-1201833.186673335,1982515.1140221723,16
-1201369.8739568077,1982515.1140221723,16
-1200906.56124028,1982515.1140221723,16
-1200443.2485237527,1982515.1140221723,16
-1199979.935807225,1982515.1140221723,16
-1199516.6230906977,1982515.1140221723,16
-1199053.31037417,1982515.1140221723,16
-1198589.9976576427,1982515.1140221723,16
-1198126.684941115,1982515.1140221723,16
-1197663.3722245875,1982515.1140221723,16
-1197200.05950806,1982515.1140221723,16
-1196736.7467915327,1982515.1140221723,16
-1196273.4340750051,1982515.1140221723,16
-1195810.1213584775,1982515.1140221723,16
-1195346.8086419501,1982515.1140221723,16
-1194883.4959254225,1982515.1140221723,16
-1194420.1832088951,1982515.1140221723,16
-1193956.8704923675,1982515.1140221723,16
-1193493.5577758402,1982515.1140221723,16
-1193030.2450593126,1982515.1140221723,16
-1192566.9323427852,1982515.1140221723,16
-1192103.6196262576,1982515.1140221723,16
-1191640.3069097302,1982515.1140221723,16
-1191176.9941932026,1982515.1140221723,16
-1190713.6814766752,1982515.1140221723,16
-1190250.3687601476,1982515.1140221723,16
-1189787.0560436202,1982515.1140221723,16
-1189323.7433270926,1982515.1140221723,16
-1188860.430610565,1982515.1140221723,16
-1188397.1178940376,1982515.1140221723,16
-1187933.80517751,1982515.1140221723,16
-1187470.4924609826,1982515.1140221723,16
-1187007.179744455,1982515.1140221723,16
-1186543.8670279277,1982515.1140221723,16
-1186080.5543114,1982515.1140221723,16
-1185617.2415948727,1982515.1140221723,16
-1185153.928878345,1982515.1140221723,16
-1184690.6161618177,1982515.1140221723,16
-1184227.30344529,1982515.1140221723,16
-1183763.9907287627,1982515.1140221723,16
-1183300.678012235,1982515.1140221723,16
-1182837.3652957077,1982515.1140221723,16
-1182374.05257918,1982515.1140221723,16
-1181910.7398626525,1982515.1140221723,16
-1181447.4271461251,1982515.1140221723,16
-1180984.1144295975,1982515.1140221723,16
-1180520.8017130701,1982515.1140221723,16
-1180057.4889965425,1982515.1140221723,16
-1179594.1762800151,1982515.1140221723,16
-1179130.8635634875,1982515.1140221723,16
-1178667.5508469602,1982515.1140221723,16
-1178204.2381304326,1982515.1140221723,16
-1177740.9254139052,1982515.1140221723,16
-1177277.6126973776,1982515.1140221723,16
-1176814.2999808502,1982515.1140221723,16
-1176350.9872643226,1982515.1140221723,16
-1175887.6745477952,1982515.1140221723,16
-1175424.3618312676,1982515.1140221723,16
-1174961.04911474,1982515.1140221723,16
-1174497.7363982126,1982515.1140221723,16
-1174034.4236816852,1982515.1140221723,16
-1173571.1109651576,1982515.1140221723,16
-1173107.79824863,1982515.1140221723,16
-1172644.4855321026,1982515.1140221723,16
-1172181.172815575,1982515.1140221723,16
-1171717.8600990477,1982515.1140221723,16
-1171254.54738252,1982515.1140221723,16
-1215732.56816916,1982051.8013056447,16
-1215269.2554526327,1982051.8013056447,16
-1214805.942736105,1982051.8013056447,16
-1214342.6300195777,1982051.8013056447,16
-1213879.31730305,1982051.8013056447,16
-1213416.0045865227,1982051.8013056447,16
-1212952.691869995,1982051.8013056447,16
-1212489.3791534677,1982051.8013056447,16
-1212026.06643694,1982051.8013056447,16
-1211562.7537204125,1982051.8013056447,16
-1211099.4410038851,1982051.8013056447,16
-1210636.1282873575,1982051.8013056447,16
-1210172.8155708301,1982051.8013056447,7
-1209709.5028543025,1982051.8013056447,16
-1209246.1901377751,1982051.8013056447,16
-1208782.8774212475,1982051.8013056447,16
-1208319.5647047202,1982051.8013056447,16
-1207856.2519881926,1982051.8013056447,16
-1207392.9392716652,1982051.8013056447,16
-1206929.6265551376,1982051.8013056447,16
-1206466.3138386102,1982051.8013056447,16
-1206003.0011220826,1982051.8013056447,16
-1205539.6884055552,1982051.8013056447,16
-1205076.3756890276,1982051.8013056447,16
-1204613.0629725,1982051.8013056447,16
-1204149.7502559726,1982051.8013056447,16
-1203686.4375394452,1982051.8013056447,16
-1203223.1248229176,1982051.8013056447,16
-1202759.81210639,1982051.8013056447,16
-1202296.4993898626,1982051.8013056447,16
-1201833.186673335,1982051.8013056447,16
-1201369.8739568077,1982051.8013056447,16
-1200906.56124028,1982051.8013056447,16
-1200443.2485237527,1982051.8013056447,16
-1199979.935807225,1982051.8013056447,16
-1199516.6230906977,1982051.8013056447,16
-1199053.31037417,1982051.8013056447,16
-1198589.9976576427,1982051.8013056447,16
-1198126.684941115,1982051.8013056447,16
-1197663.3722245875,1982051.8013056447,16
-1197200.05950806,1982051.8013056447,16
-1196736.7467915327,1982051.8013056447,16
-1196273.4340750051,1982051.8013056447,16
-1195810.1213584775,1982051.8013056447,16
-1195346.8086419501,1982051.8013056447,16
-1194883.4959254225,1982051.8013056447,16
-1194420.1832088951,1982051.8013056447,16
-1193956.8704923675,1982051.8013056447,16
-1193493.5577758402,1982051.8013056447,16
-1193030.2450593126,1982051.8013056447,16
-1192566.9323427852,1982051.8013056447,16
-1192103.6196262576,1982051.8013056447,16
-1191640.3069097302,1982051.8013056447,16
-1191176.9941932026,1982051.8013056447,16
-1190713.6814766752,1982051.8013056447,16
-1190250.3687601476,1982051.8013056447,16
-1189787.0560436202,1982051.8013056447,16
-1189323.7433270926,1982051.8013056447,16
-1188860.430610565,1982051.8013056447,16
-1188397.1178940376,1982051.8013056447,16
-1187933.80517751,1982051.8013056447,16
-1187470.4924609826,1982051.8013056447,16
-1187007.179744455,1982051.8013056447,16
-1186543.8670279277,1982051.8013056447,16
-1186080.5543114,1982051.8013056447,16
-1185617.2415948727,1982051.8013056447,16
-1185153.928878345,1982051.8013056447,16
-1184690.6161618177,1982051.8013056447,16
-1184227.30344529,1982051.8013056447,16
-1183763.9907287627,1982051.8013056447,16
-1183300.678012235,1982051.8013056447,16
-1182837.3652957077,1982051.8013056447,16
-1182374.05257918,1982051.8013056447,16
-1181910.7398626525,1982051.8013056447,16
-1181447.4271461251,1982051.8013056447,16
-1180984.1144295975,1982051.8013056447,16
-1180520.8017130701,1982051.8013056447,16
-1180057.4889965425,1982051.8013056447,16
-1179594.1762800151,1982051.8013056447,16
-1179130.8635634875,1982051.8013056447,16
-1178667.5508469602,1982051.8013056447,16
-1178204.2381304326,1982051.8013056447,16
-1177740.9254139052,1982051.8013056447,16
-1177277.6126973776,1982051.8013056447,16
-1176814.2999808502,1982051.8013056447,16
-1176350.9872643226,1982051.8013056447,16
-1175887.6745477952,1982051.8013056447,16
-1175424.3618312676,1982051.8013056447,16
-1174961.04911474,1982051.8013056447,16
-1174497.7363982126,1982051.8013056447,16
-1174034.4236816852,1982051.8013056447,16
-1173571.1109651576,1982051.8013056447,16
-1173107.79824863,1982051.8013056447,16
-1172644.4855321026,1982051.8013056447,16
-1172181.172815575,1982051.8013056447,16
-1171717.8600990477,1982051.8013056447,16
-1171254.54738252,1982051.8013056447,16
-1219902.3826179076,1981588.4885891173,16
-1219439.0699013802,1981588.4885891173,16
-1216195.8808856877,1981588.4885891173,16
-1215732.56816916,1981588.4885891173,16
-1215269.2554526327,1981588.4885891173,16
-1214805.942736105,1981588.4885891173,16
-1214342.6300195777,1981588.4885891173,16
-1213879.31730305,1981588.4885891173,16
-1213416.0045865227,1981588.4885891173,16
-1212952.691869995,1981588.4885891173,16
-1212489.3791534677,1981588.4885891173,16
-1212026.06643694,1981588.4885891173,16
-1211562.7537204125,1981588.4885891173,16
-1211099.4410038851,1981588.4885891173,16
-1210636.1282873575,1981588.4885891173,16
-1210172.8155708301,1981588.4885891173,16
-1209709.5028543025,1981588.4885891173,16
-1209246.1901377751,1981588.4885891173,16
-1208782.8774212475,1981588.4885891173,16
-1208319.5647047202,1981588.4885891173,16
-1207856.2519881926,1981588.4885891173,16
-1207392.9392716652,1981588.4885891173,16
-1206929.6265551376,1981588.4885891173,16
-1206466.3138386102,1981588.4885891173,16
-1206003.0011220826,1981588.4885891173,16
-1205539.6884055552,1981588.4885891173,16
-1205076.3756890276,1981588.4885891173,16
-1204613.0629725,1981588.4885891173,16
-1204149.7502559726,1981588.4885891173,16
-1203686.4375394452,1981588.4885891173,16
-1203223.1248229176,1981588.4885891173,16
-1202759.81210639,1981588.4885891173,16
-1202296.4993898626,1981588.4885891173,16
-1201833.186673335,1981588.4885891173,16
-1201369.8739568077,1981588.4885891173,16
-1200906.56124028,1981588.4885891173,16
-1200443.2485237527,1981588.4885891173,16
-1199979.935807225,1981588.4885891173,16
-1199516.6230906977,1981588.4885891173,16
-1199053.31037417,1981588.4885891173,16
-1198589.9976576427,1981588.4885891173,16
-1198126.684941115,1981588.4885891173,16
-1197663.3722245875,1981588.4885891173,16
-1197200.05950806,1981588.4885891173,16
-1196736.7467915327,1981588.4885891173,16
-1196273.4340750051,1981588.4885891173,16
-1195810.1213584775,1981588.4885891173,16
-1195346.8086419501,1981588.4885891173,16
-1194883.4959254225,1981588.4885891173,16
-1194420.1832088951,1981588.4885891173,16
-1193956.8704923675,1981588.4885891173,16
-1193493.5577758402,1981588.4885891173,16
-1193030.2450593126,1981588.4885891173,16
-1192566.9323427852,1981588.4885891173,16
-1192103.6196262576,1981588.4885891173,16
-1191640.3069097302,1981588.4885891173,16
-1191176.9941932026,1981588.4885891173,16
-1190713.6814766752,1981588.4885891173,16
-1190250.3687601476,1981588.4885891173,16
-1189787.0560436202,1981588.4885891173,16
-1189323.7433270926,1981588.4885891173,16
-1188860.430610565,1981588.4885891173,16
-1188397.1178940376,1981588.4885891173,16
-1187933.80517751,1981588.4885891173,16
-1187470.4924609826,1981588.4885891173,16
-1187007.179744455,1981588.4885891173,16
-1186543.8670279277,1981588.4885891173,16
-1186080.5543114,1981588.4885891173,16
-1185617.2415948727,1981588.4885891173,16
-1185153.928878345,1981588.4885891173,16
-1184690.6161618177,1981588.4885891173,16
-1184227.30344529,1981588.4885891173,16
-1183763.9907287627,1981588.4885891173,16
-1183300.678012235,1981588.4885891173,16
-1182837.3652957077,1981588.4885891173,16
-1182374.05257918,1981588.4885891173,16
-1181910.7398626525,1981588.4885891173,16
-1181447.4271461251,1981588.4885891173,16
-1180984.1144295975,1981588.4885891173,16
-1180520.8017130701,1981588.4885891173,16
-1180057.4889965425,1981588.4885891173,16
-1179594.1762800151,1981588.4885891173,16
-1179130.8635634875,1981588.4885891173,16
-1178667.5508469602,1981588.4885891173,16
-1178204.2381304326,1981588.4885891173,16
-1177740.9254139052,1981588.4885891173,16
-1177277.6126973776,1981588.4885891173,16
-1176814.2999808502,1981588.4885891173,16
-1176350.9872643226,1981588.4885891173,16
-1175887.6745477952,1981588.4885891173,16
-1175424.3618312676,1981588.4885891173,16
-1174961.04911474,1981588.4885891173,16
-1174497.7363982126,1981588.4885891173,16
-1174034.4236816852,1981588.4885891173,16
-1173571.1109651576,1981588.4885891173,16
-1173107.79824863,1981588.4885891173,16
-1172644.4855321026,1981588.4885891173,16
-1172181.172815575,1981588.4885891173,16
-1171717.8600990477,1981588.4885891173,16
-1171254.54738252,1981588.4885891173,16
-1219902.3826179076,1981125.1758725897,16
-1219439.0699013802,1981125.1758725897,16
-1218975.7571848526,1981125.1758725897,16
-1218512.444468325,1981125.1758725897,16
-1216195.8808856877,1981125.1758725897,16
-1215732.56816916,1981125.1758725897,16
-1215269.2554526327,1981125.1758725897,16
-1214805.942736105,1981125.1758725897,16
-1214342.6300195777,1981125.1758725897,16
-1213879.31730305,1981125.1758725897,16
-1213416.0045865227,1981125.1758725897,16
-1212952.691869995,1981125.1758725897,16
-1212489.3791534677,1981125.1758725897,16
-1212026.06643694,1981125.1758725897,16
-1211562.7537204125,1981125.1758725897,16
-1211099.4410038851,1981125.1758725897,16
-1210636.1282873575,1981125.1758725897,16
-1210172.8155708301,1981125.1758725897,16
-1209709.5028543025,1981125.1758725897,16
-1209246.1901377751,1981125.1758725897,16
-1208782.8774212475,1981125.1758725897,16
-1208319.5647047202,1981125.1758725897,16
-1207856.2519881926,1981125.1758725897,16
-1207392.9392716652,1981125.1758725897,16
-1206929.6265551376,1981125.1758725897,16
-1206466.3138386102,1981125.1758725897,16
-1206003.0011220826,1981125.1758725897,16
-1205539.6884055552,1981125.1758725897,16
-1205076.3756890276,1981125.1758725897,16
-1204613.0629725,1981125.1758725897,16
-1204149.7502559726,1981125.1758725897,16
-1203686.4375394452,1981125.1758725897,16
-1203223.1248229176,1981125.1758725897,16
-1202759.81210639,1981125.1758725897,16
-1202296.4993898626,1981125.1758725897,16
-1201833.186673335,1981125.1758725897,16
-1201369.8739568077,1981125.1758725897,16
-1200906.56124028,1981125.1758725897,16
-1200443.2485237527,1981125.1758725897,16
-1199979.935807225,1981125.1758725897,16
-1199516.6230906977,1981125.1758725897,16
-1199053.31037417,1981125.1758725897,16
-1198589.9976576427,1981125.1758725897,16
-1198126.684941115,1981125.1758725897,16
-1197663.3722245875,1981125.1758725897,16
-1197200.05950806,1981125.1758725897,16
-1196736.7467915327,1981125.1758725897,16
-1196273.4340750051,1981125.1758725897,16
-1195810.1213584775,1981125.1758725897,16
-1195346.8086419501,1981125.1758725897,16
-1194883.4959254225,1981125.1758725897,16
-1194420.1832088951,1981125.1758725897,16
-1193956.8704923675,1981125.1758725897,16
-1193493.5577758402,1981125.1758725897,16
-1193030.2450593126,1981125.1758725897,16
-1192566.9323427852,1981125.1758725897,16
-1192103.6196262576,1981125.1758725897,16
-1191640.3069097302,1981125.1758725897,16
-1191176.9941932026,1981125.1758725897,16
-1190713.6814766752,1981125.1758725897,16
-1190250.3687601476,1981125.1758725897,16
-1189787.0560436202,1981125.1758725897,16
-1189323.7433270926,1981125.1758725897,16
-1188860.430610565,1981125.1758725897,16
-1188397.1178940376,1981125.1758725897,16
-1187933.80517751,1981125.1758725897,16
-1187470.4924609826,1981125.1758725897,16
-1187007.179744455,1981125.1758725897,16
-1186543.8670279277,1981125.1758725897,16
-1186080.5543114,1981125.1758725897,16
-1185617.2415948727,1981125.1758725897,16
-1185153.928878345,1981125.1758725897,16
-1184690.6161618177,1981125.1758725897,16
-1184227.30344529,1981125.1758725897,16
-1183763.9907287627,1981125.1758725897,16
-1183300.678012235,1981125.1758725897,16
-1182837.3652957077,1981125.1758725897,16
-1182374.05257918,1981125.1758725897,16
-1181910.7398626525,1981125.1758725897,16
-1181447.4271461251,1981125.1758725897,16
-1180984.1144295975,1981125.1758725897,16
-1180520.8017130701,1981125.1758725897,16
-1180057.4889965425,1981125.1758725897,16
-1179594.1762800151,1981125.1758725897,16
-1179130.8635634875,1981125.1758725897,16
-1178667.5508469602,1981125.1758725897,16
-1178204.2381304326,1981125.1758725897,16
-1177740.9254139052,1981125.1758725897,16
-1177277.6126973776,1981125.1758725897,16
-1176814.2999808502,1981125.1758725897,16
-1176350.9872643226,1981125.1758725897,16
-1175887.6745477952,1981125.1758725897,16
-1175424.3618312676,1981125.1758725897,16
-1174961.04911474,1981125.1758725897,16
-1174497.7363982126,1981125.1758725897,16
-1174034.4236816852,1981125.1758725897,16
-1173571.1109651576,1981125.1758725897,16
-1173107.79824863,1981125.1758725897,16
-1172644.4855321026,1981125.1758725897,16
-1172181.172815575,1981125.1758725897,16
-1171717.8600990477,1981125.1758725897,16
-1171254.54738252,1981125.1758725897,16
-1219902.3826179076,1980661.863156062,16
-1219439.0699013802,1980661.863156062,16
-1218975.7571848526,1980661.863156062,16
-1218512.444468325,1980661.863156062,16
-1218049.1317517976,1980661.863156062,16
-1217585.81903527,1980661.863156062,16
-1217122.5063187426,1980661.863156062,16
-1216659.193602215,1980661.863156062,16
-1216195.8808856877,1980661.863156062,16
-1215732.56816916,1980661.863156062,16
-1215269.2554526327,1980661.863156062,16
-1214805.942736105,1980661.863156062,16
-1214342.6300195777,1980661.863156062,16
-1213879.31730305,1980661.863156062,16
-1213416.0045865227,1980661.863156062,16
-1212952.691869995,1980661.863156062,16
-1212489.3791534677,1980661.863156062,16
-1212026.06643694,1980661.863156062,16
-1211562.7537204125,1980661.863156062,16
-1211099.4410038851,1980661.863156062,16
-1210636.1282873575,1980661.863156062,16
-1210172.8155708301,1980661.863156062,16
-1209709.5028543025,1980661.863156062,16
-1209246.1901377751,1980661.863156062,16
-1208782.8774212475,1980661.863156062,16
-1208319.5647047202,1980661.863156062,16
-1207856.2519881926,1980661.863156062,16
-1207392.9392716652,1980661.863156062,16
-1206929.6265551376,1980661.863156062,16
-1206466.3138386102,1980661.863156062,16
-1206003.0011220826,1980661.863156062,16
-1205539.6884055552,1980661.863156062,16
-1205076.3756890276,1980661.863156062,16
-1204613.0629725,1980661.863156062,16
-1204149.7502559726,1980661.863156062,16
-1203686.4375394452,1980661.863156062,16
-1203223.1248229176,1980661.863156062,16
-1202759.81210639,1980661.863156062,16
-1202296.4993898626,1980661.863156062,16
-1201833.186673335,1980661.863156062,16
-1201369.8739568077,1980661.863156062,16
-1200906.56124028,1980661.863156062,16
-1200443.2485237527,1980661.863156062,16
-1199979.935807225,1980661.863156062,16
-1199516.6230906977,1980661.863156062,16
-1199053.31037417,1980661.863156062,16
-1198589.9976576427,1980661.863156062,16
-1198126.684941115,1980661.863156062,16
-1197663.3722245875,1980661.863156062,16
-1197200.05950806,1980661.863156062,16
-1196736.7467915327,1980661.863156062,16
-1196273.4340750051,1980661.863156062,16
-1195810.1213584775,1980661.863156062,16
-1195346.8086419501,1980661.863156062,16
-1194883.4959254225,1980661.863156062,16
-1194420.1832088951,1980661.863156062,16
-1193956.8704923675,1980661.863156062,16
-1193493.5577758402,1980661.863156062,16
-1193030.2450593126,1980661.863156062,16
-1192566.9323427852,1980661.863156062,16
-1192103.6196262576,1980661.863156062,16
-1191640.3069097302,1980661.863156062,16
-1191176.9941932026,1980661.863156062,16
-1190713.6814766752,1980661.863156062,16
-1190250.3687601476,1980661.863156062,16
-1189787.0560436202,1980661.863156062,16
-1189323.7433270926,1980661.863156062,16
-1188860.430610565,1980661.863156062,16
-1188397.1178940376,1980661.863156062,16
-1187933.80517751,1980661.863156062,16
-1187470.4924609826,1980661.863156062,16
-1187007.179744455,1980661.863156062,16
-1186543.8670279277,1980661.863156062,16
-1186080.5543114,1980661.863156062,16
-1185617.2415948727,1980661.863156062,16
-1185153.928878345,1980661.863156062,16
-1184690.6161618177,1980661.863156062,16
-1184227.30344529,1980661.863156062,16
-1183763.9907287627,1980661.863156062,16
-1183300.678012235,1980661.863156062,16
-1182837.3652957077,1980661.863156062,16
-1182374.05257918,1980661.863156062,16
-1181910.7398626525,1980661.863156062,16
-1181447.4271461251,1980661.863156062,16
-1180984.1144295975,1980661.863156062,16
-1180520.8017130701,1980661.863156062,16
-1180057.4889965425,1980661.863156062,16
-1179594.1762800151,1980661.863156062,16
-1179130.8635634875,1980661.863156062,16
-1178667.5508469602,1980661.863156062,16
-1178204.2381304326,1980661.863156062,16
-1177740.9254139052,1980661.863156062,16
-1177277.6126973776,1980661.863156062,16
-1176814.2999808502,1980661.863156062,16
-1176350.9872643226,1980661.863156062,16
-1175887.6745477952,1980661.863156062,16
-1175424.3618312676,1980661.863156062,16
-1174961.04911474,1980661.863156062,16
-1174497.7363982126,1980661.863156062,16
-1174034.4236816852,1980661.863156062,16
-1173571.1109651576,1980661.863156062,16
-1173107.79824863,1980661.863156062,16
-1172644.4855321026,1980661.863156062,16
-1172181.172815575,1980661.863156062,16
-1171717.8600990477,1980661.863156062,16
-1219902.3826179076,1980198.5504395347,16
-1219439.0699013802,1980198.5504395347,16
-1218975.7571848526,1980198.5504395347,16
-1218512.444468325,1980198.5504395347,16
-1218049.1317517976,1980198.5504395347,16
-1217585.81903527,1980198.5504395347,16
-1217122.5063187426,1980198.5504395347,16
-1216659.193602215,1980198.5504395347,16
-1216195.8808856877,1980198.5504395347,16
-1215732.56816916,1980198.5504395347,16
-1215269.2554526327,1980198.5504395347,16
-1214805.942736105,1980198.5504395347,16
-1214342.6300195777,1980198.5504395347,16
-1213879.31730305,1980198.5504395347,16
-1213416.0045865227,1980198.5504395347,16
-1212952.691869995,1980198.5504395347,16
-1212489.3791534677,1980198.5504395347,16
-1212026.06643694,1980198.5504395347,16
-1211562.7537204125,1980198.5504395347,16
-1211099.4410038851,1980198.5504395347,16
-1210636.1282873575,1980198.5504395347,16
-1210172.8155708301,1980198.5504395347,16
-1209709.5028543025,1980198.5504395347,16
-1209246.1901377751,1980198.5504395347,16
-1208782.8774212475,1980198.5504395347,16
-1208319.5647047202,1980198.5504395347,16
-1207856.2519881926,1980198.5504395347,16
-1207392.9392716652,1980198.5504395347,16
-1206929.6265551376,1980198.5504395347,16
-1206466.3138386102,1980198.5504395347,16
-1206003.0011220826,1980198.5504395347,16
-1205539.6884055552,1980198.5504395347,16
-1205076.3756890276,1980198.5504395347,16
-1204613.0629725,1980198.5504395347,16
-1204149.7502559726,1980198.5504395347,16
-1203686.4375394452,1980198.5504395347,16
-1203223.1248229176,1980198.5504395347,16
-1202759.81210639,1980198.5504395347,16
-1202296.4993898626,1980198.5504395347,16
-1201833.186673335,1980198.5504395347,16
-1201369.8739568077,1980198.5504395347,16
-1200906.56124028,1980198.5504395347,16
-1200443.2485237527,1980198.5504395347,16
-1199979.935807225,1980198.5504395347,16
-1199516.6230906977,1980198.5504395347,16
-1199053.31037417,1980198.5504395347,16
-1198589.9976576427,1980198.5504395347,16
-1198126.684941115,1980198.5504395347,16
-1197663.3722245875,1980198.5504395347,16
-1197200.05950806,1980198.5504395347,16
-1196736.7467915327,1980198.5504395347,16
-1196273.4340750051,1980198.5504395347,16
-1195810.1213584775,1980198.5504395347,16
-1195346.8086419501,1980198.5504395347,16
-1194883.4959254225,1980198.5504395347,16
-1194420.1832088951,1980198.5504395347,16
-1193956.8704923675,1980198.5504395347,16
-1193493.5577758402,1980198.5504395347,16
-1193030.2450593126,1980198.5504395347,16
-1192566.9323427852,1980198.5504395347,16
-1192103.6196262576,1980198.5504395347,16
-1191640.3069097302,1980198.5504395347,16
-1191176.9941932026,1980198.5504395347,16
-1190713.6814766752,1980198.5504395347,16
-1190250.3687601476,1980198.5504395347,16
-1189787.0560436202,1980198.5504395347,16
-1189323.7433270926,1980198.5504395347,16
-1188860.430610565,1980198.5504395347,16
-1188397.1178940376,1980198.5504395347,16
-1187933.80517751,1980198.5504395347,16
-1187470.4924609826,1980198.5504395347,16
-1187007.179744455,1980198.5504395347,16
-1186543.8670279277,1980198.5504395347,16
-1186080.5543114,1980198.5504395347,16
-1185617.2415948727,1980198.5504395347,16
-1185153.928878345,1980198.5504395347,16
-1184690.6161618177,1980198.5504395347,16
-1184227.30344529,1980198.5504395347,16
-1183763.9907287627,1980198.5504395347,16
-1183300.678012235,1980198.5504395347,16
-1182837.3652957077,1980198.5504395347,16
-1182374.05257918,1980198.5504395347,16
-1181910.7398626525,1980198.5504395347,16
-1181447.4271461251,1980198.5504395347,16
-1180984.1144295975,1980198.5504395347,16
-1180520.8017130701,1980198.5504395347,16
-1180057.4889965425,1980198.5504395347,16
-1179594.1762800151,1980198.5504395347,16
-1179130.8635634875,1980198.5504395347,16
-1178667.5508469602,1980198.5504395347,16
-1178204.2381304326,1980198.5504395347,16
-1177740.9254139052,1980198.5504395347,16
-1177277.6126973776,1980198.5504395347,16
-1176814.2999808502,1980198.5504395347,16
-1176350.9872643226,1980198.5504395347,16
-1175887.6745477952,1980198.5504395347,16
-1175424.3618312676,1980198.5504395347,16
-1174961.04911474,1980198.5504395347,16
-1174497.7363982126,1980198.5504395347,16
-1174034.4236816852,1980198.5504395347,16
-1173571.1109651576,1980198.5504395347,16
-1173107.79824863,1980198.5504395347,16
-1172644.4855321026,1980198.5504395347,16
-1172181.172815575,1980198.5504395347,16
-1171717.8600990477,1980198.5504395347,16
-1219902.3826179076,1979735.237723007,16
-1219439.0699013802,1979735.237723007,16
-1218975.7571848526,1979735.237723007,16
-1218512.444468325,1979735.237723007,16
-1218049.1317517976,1979735.237723007,16
-1217585.81903527,1979735.237723007,16
-1217122.5063187426,1979735.237723007,16
-1216659.193602215,1979735.237723007,16
-1216195.8808856877,1979735.237723007,16
-1215732.56816916,1979735.237723007,16
-1215269.2554526327,1979735.237723007,16
-1214805.942736105,1979735.237723007,16
-1214342.6300195777,1979735.237723007,16
-1213879.31730305,1979735.237723007,16
-1213416.0045865227,1979735.237723007,16
-1212952.691869995,1979735.237723007,16
-1212489.3791534677,1979735.237723007,16
-1212026.06643694,1979735.237723007,16
-1211562.7537204125,1979735.237723007,16
-1211099.4410038851,1979735.237723007,16
-1210636.1282873575,1979735.237723007,16
-1210172.8155708301,1979735.237723007,16
-1209709.5028543025,1979735.237723007,16
-1209246.1901377751,1979735.237723007,16
-1208782.8774212475,1979735.237723007,16
-1208319.5647047202,1979735.237723007,16
-1207856.2519881926,1979735.237723007,16
-1207392.9392716652,1979735.237723007,16
-1206929.6265551376,1979735.237723007,16
-1206466.3138386102,1979735.237723007,16
-1206003.0011220826,1979735.237723007,16
-1205539.6884055552,1979735.237723007,16
-1205076.3756890276,1979735.237723007,16
-1204613.0629725,1979735.237723007,16
-1204149.7502559726,1979735.237723007,16
-1203686.4375394452,1979735.237723007,16
-1203223.1248229176,1979735.237723007,16
-1202759.81210639,1979735.237723007,16
-1202296.4993898626,1979735.237723007,16
-1201833.186673335,1979735.237723007,16
-1201369.8739568077,1979735.237723007,16
-1200906.56124028,1979735.237723007,16
-1200443.2485237527,1979735.237723007,16
-1199979.935807225,1979735.237723007,16
-1199516.6230906977,1979735.237723007,16
-1199053.31037417,1979735.237723007,16
-1198589.9976576427,1979735.237723007,16
-1198126.684941115,1979735.237723007,16
-1197663.3722245875,1979735.237723007,16
-1197200.05950806,1979735.237723007,16
-1196736.7467915327,1979735.237723007,16
-1196273.4340750051,1979735.237723007,16
-1195810.1213584775,1979735.237723007,16
-1195346.8086419501,1979735.237723007,16
-1194883.4959254225,1979735.237723007,16
-1194420.1832088951,1979735.237723007,16
-1193956.8704923675,1979735.237723007,16
-1193493.5577758402,1979735.237723007,16
-1193030.2450593126,1979735.237723007,16
-1192566.9323427852,1979735.237723007,16
-1192103.6196262576,1979735.237723007,16
-1191640.3069097302,1979735.237723007,16
-1191176.9941932026,1979735.237723007,16
-1190713.6814766752,1979735.237723007,16
-1190250.3687601476,1979735.237723007,16
-1189787.0560436202,1979735.237723007,16
-1189323.7433270926,1979735.237723007,16
-1188860.430610565,1979735.237723007,16
-1188397.1178940376,1979735.237723007,16
-1187933.80517751,1979735.237723007,16
-1187470.4924609826,1979735.237723007,16
-1187007.179744455,1979735.237723007,16
-1186543.8670279277,1979735.237723007,16
-1186080.5543114,1979735.237723007,16
-1185617.2415948727,1979735.237723007,16
-1185153.928878345,1979735.237723007,16
-1184690.6161618177,1979735.237723007,16
-1184227.30344529,1979735.237723007,16
-1183763.9907287627,1979735.237723007,16
-1183300.678012235,1979735.237723007,16
-1182837.3652957077,1979735.237723007,16
-1182374.05257918,1979735.237723007,16
-1181910.7398626525,1979735.237723007,16
-1181447.4271461251,1979735.237723007,16
-1180984.1144295975,1979735.237723007,16
-1180520.8017130701,1979735.237723007,16
-1180057.4889965425,1979735.237723007,16
-1179594.1762800151,1979735.237723007,16
-1179130.8635634875,1979735.237723007,16
-1178667.5508469602,1979735.237723007,16
-1178204.2381304326,1979735.237723007,16
-1177740.9254139052,1979735.237723007,16
-1177277.6126973776,1979735.237723007,16
-1176814.2999808502,1979735.237723007,16
-1176350.9872643226,1979735.237723007,16
-1175887.6745477952,1979735.237723007,16
-1175424.3618312676,1979735.237723007,16
-1174961.04911474,1979735.237723007,16
-1174497.7363982126,1979735.237723007,16
-1174034.4236816852,1979735.237723007,16
-1173571.1109651576,1979735.237723007,16
-1173107.79824863,1979735.237723007,16
-1172644.4855321026,1979735.237723007,16
-1172181.172815575,1979735.237723007,16
-1171717.8600990477,1979735.237723007,16
-1219439.0699013802,1979271.9250064797,16
-1218975.7571848526,1979271.9250064797,16
-1218512.444468325,1979271.9250064797,16
-1218049.1317517976,1979271.9250064797,16
-1217585.81903527,1979271.9250064797,16
-1217122.5063187426,1979271.9250064797,16
-1216659.193602215,1979271.9250064797,16
-1216195.8808856877,1979271.9250064797,16
-1215732.56816916,1979271.9250064797,16
-1215269.2554526327,1979271.9250064797,16
-1214805.942736105,1979271.9250064797,16
-1214342.6300195777,1979271.9250064797,16
-1213879.31730305,1979271.9250064797,16
-1213416.0045865227,1979271.9250064797,16
-1212952.691869995,1979271.9250064797,16
-1212489.3791534677,1979271.9250064797,16
-1212026.06643694,1979271.9250064797,16
-1211562.7537204125,1979271.9250064797,16
-1211099.4410038851,1979271.9250064797,16
-1210636.1282873575,1979271.9250064797,16
-1210172.8155708301,1979271.9250064797,16
-1209709.5028543025,1979271.9250064797,16
-1209246.1901377751,1979271.9250064797,16
-1208782.8774212475,1979271.9250064797,16
-1208319.5647047202,1979271.9250064797,16
-1207856.2519881926,1979271.9250064797,16
-1207392.9392716652,1979271.9250064797,16
-1206929.6265551376,1979271.9250064797,16
-1206466.3138386102,1979271.9250064797,16
-1206003.0011220826,1979271.9250064797,16
-1205539.6884055552,1979271.9250064797,16
-1205076.3756890276,1979271.9250064797,16
-1204613.0629725,1979271.9250064797,16
-1204149.7502559726,1979271.9250064797,16
-1203686.4375394452,1979271.9250064797,16
-1203223.1248229176,1979271.9250064797,16
-1202759.81210639,1979271.9250064797,16
-1202296.4993898626,1979271.9250064797,16
-1201833.186673335,1979271.9250064797,16
-1201369.8739568077,1979271.9250064797,16
-1200906.56124028,1979271.9250064797,16
-1200443.2485237527,1979271.9250064797,16
-1199979.935807225,1979271.9250064797,16
-1199516.6230906977,1979271.9250064797,16
-1199053.31037417,1979271.9250064797,16
-1198589.9976576427,1979271.9250064797,16
-1198126.684941115,1979271.9250064797,16
-1197663.3722245875,1979271.9250064797,16
-1197200.05950806,1979271.9250064797,16
-1196736.7467915327,1979271.9250064797,16
-1196273.4340750051,1979271.9250064797,16
-1195810.1213584775,1979271.9250064797,16
-1195346.8086419501,1979271.9250064797,16
-1194883.4959254225,1979271.9250064797,16
-1194420.1832088951,1979271.9250064797,16
-1193956.8704923675,1979271.9250064797,16
-1193493.5577758402,1979271.9250064797,16
-1193030.2450593126,1979271.9250064797,16
-1192566.9323427852,1979271.9250064797,16
-1192103.6196262576,1979271.9250064797,16
-1191640.3069097302,1979271.9250064797,16
-1191176.9941932026,1979271.9250064797,16
-1190713.6814766752,1979271.9250064797,16
-1190250.3687601476,1979271.9250064797,16
-1189787.0560436202,1979271.9250064797,16
-1189323.7433270926,1979271.9250064797,16
-1188860.430610565,1979271.9250064797,16
-1188397.1178940376,1979271.9250064797,16
-1187933.80517751,1979271.9250064797,16
-1187470.4924609826,1979271.9250064797,16
-1187007.179744455,1979271.9250064797,16
-1186543.8670279277,1979271.9250064797,16
-1186080.5543114,1979271.9250064797,16
-1185617.2415948727,1979271.9250064797,16
-1185153.928878345,1979271.9250064797,16
-1184690.6161618177,1979271.9250064797,16
-1184227.30344529,1979271.9250064797,16
-1183763.9907287627,1979271.9250064797,16
-1183300.678012235,1979271.9250064797,16
-1182837.3652957077,1979271.9250064797,16
-1182374.05257918,1979271.9250064797,16
-1181910.7398626525,1979271.9250064797,16
-1181447.4271461251,1979271.9250064797,16
-1180984.1144295975,1979271.9250064797,16
-1180520.8017130701,1979271.9250064797,16
-1180057.4889965425,1979271.9250064797,16
-1179594.1762800151,1979271.9250064797,16
-1179130.8635634875,1979271.9250064797,16
-1178667.5508469602,1979271.9250064797,16
-1178204.2381304326,1979271.9250064797,16
-1177740.9254139052,1979271.9250064797,16
-1177277.6126973776,1979271.9250064797,16
-1176814.2999808502,1979271.9250064797,16
-1176350.9872643226,1979271.9250064797,16
-1175887.6745477952,1979271.9250064797,16
-1175424.3618312676,1979271.9250064797,16
-1174961.04911474,1979271.9250064797,16
-1174497.7363982126,1979271.9250064797,16
-1174034.4236816852,1979271.9250064797,16
-1173571.1109651576,1979271.9250064797,16
-1173107.79824863,1979271.9250064797,16
-1172644.4855321026,1979271.9250064797,16
-1172181.172815575,1979271.9250064797,16
-1171717.8600990477,1979271.9250064797,16
-1219439.0699013802,1978808.612289952,16
-1218975.7571848526,1978808.612289952,16
-1218512.444468325,1978808.612289952,16
-1218049.1317517976,1978808.612289952,16
-1217585.81903527,1978808.612289952,16
-1217122.5063187426,1978808.612289952,16
-1216659.193602215,1978808.612289952,16
-1216195.8808856877,1978808.612289952,16
-1215732.56816916,1978808.612289952,16
-1215269.2554526327,1978808.612289952,16
-1214805.942736105,1978808.612289952,16
-1214342.6300195777,1978808.612289952,16
-1213879.31730305,1978808.612289952,16
-1213416.0045865227,1978808.612289952,16
-1212952.691869995,1978808.612289952,16
-1212489.3791534677,1978808.612289952,16
-1212026.06643694,1978808.612289952,16
-1211562.7537204125,1978808.612289952,16
-1211099.4410038851,1978808.612289952,16
-1210636.1282873575,1978808.612289952,16
-1210172.8155708301,1978808.612289952,16
-1209709.5028543025,1978808.612289952,16
-1209246.1901377751,1978808.612289952,16
-1208782.8774212475,1978808.612289952,16
-1208319.5647047202,1978808.612289952,16
-1207856.2519881926,1978808.612289952,16
-1207392.9392716652,1978808.612289952,16
-1206929.6265551376,1978808.612289952,16
-1206466.3138386102,1978808.612289952,16
-1206003.0011220826,1978808.612289952,16
-1205539.6884055552,1978808.612289952,16
-1205076.3756890276,1978808.612289952,16
-1204613.0629725,1978808.612289952,16
-1204149.7502559726,1978808.612289952,16
-1203686.4375394452,1978808.612289952,16
-1203223.1248229176,1978808.612289952,16
-1202759.81210639,1978808.612289952,16
-1202296.4993898626,1978808.612289952,16
-1201833.186673335,1978808.612289952,16
-1201369.8739568077,1978808.612289952,16
-1200906.56124028,1978808.612289952,16
-1200443.2485237527,1978808.612289952,16
-1199979.935807225,1978808.612289952,16
-1199516.6230906977,1978808.612289952,16
-1199053.31037417,1978808.612289952,16
-1198589.9976576427,1978808.612289952,16
-1198126.684941115,1978808.612289952,16
-1197663.3722245875,1978808.612289952,16
-1197200.05950806,1978808.612289952,16
-1196736.7467915327,1978808.612289952,16
-1196273.4340750051,1978808.612289952,16
-1195810.1213584775,1978808.612289952,16
-1195346.8086419501,1978808.612289952,16
-1194883.4959254225,1978808.612289952,16
-1194420.1832088951,1978808.612289952,16
-1193956.8704923675,1978808.612289952,16
-1193493.5577758402,1978808.612289952,16
-1193030.2450593126,1978808.612289952,16
-1192566.9323427852,1978808.612289952,16
-1192103.6196262576,1978808.612289952,16
-1191640.3069097302,1978808.612289952,16
-1191176.9941932026,1978808.612289952,16
-1190713.6814766752,1978808.612289952,16
-1190250.3687601476,1978808.612289952,16
-1189787.0560436202,1978808.612289952,16
-1189323.7433270926,1978808.612289952,16
-1188860.430610565,1978808.612289952,16
-1188397.1178940376,1978808.612289952,16
-1187933.80517751,1978808.612289952,16
-1187470.4924609826,1978808.612289952,16
-1187007.179744455,1978808.612289952,16
-1186543.8670279277,1978808.612289952,16
-1186080.5543114,1978808.612289952,16
-1185617.2415948727,1978808.612289952,16
-1185153.928878345,1978808.612289952,16
-1184690.6161618177,1978808.612289952,16
-1184227.30344529,1978808.612289952,16
-1183763.9907287627,1978808.612289952,16
-1183300.678012235,1978808.612289952,16
-1182837.3652957077,1978808.612289952,16
-1182374.05257918,1978808.612289952,16
-1181910.7398626525,1978808.612289952,16
-1181447.4271461251,1978808.612289952,16
-1180984.1144295975,1978808.612289952,16
-1180520.8017130701,1978808.612289952,16
-1180057.4889965425,1978808.612289952,16
-1179594.1762800151,1978808.612289952,16
-1179130.8635634875,1978808.612289952,16
-1178667.5508469602,1978808.612289952,16
-1178204.2381304326,1978808.612289952,16
-1177740.9254139052,1978808.612289952,16
-1177277.6126973776,1978808.612289952,16
-1176814.2999808502,1978808.612289952,16
-1176350.9872643226,1978808.612289952,16
-1175887.6745477952,1978808.612289952,16
-1175424.3618312676,1978808.612289952,16
-1174961.04911474,1978808.612289952,16
-1174497.7363982126,1978808.612289952,16
-1174034.4236816852,1978808.612289952,16
-1173571.1109651576,1978808.612289952,16
-1173107.79824863,1978808.612289952,16
-1172644.4855321026,1978808.612289952,16
-1172181.172815575,1978808.612289952,16
-1171717.8600990477,1978808.612289952,16
-1218975.7571848526,1978345.2995734247,16
-1218512.444468325,1978345.2995734247,16
-1218049.1317517976,1978345.2995734247,16
-1217585.81903527,1978345.2995734247,16
-1217122.5063187426,1978345.2995734247,16
-1216659.193602215,1978345.2995734247,16
-1216195.8808856877,1978345.2995734247,16
-1215732.56816916,1978345.2995734247,16
-1215269.2554526327,1978345.2995734247,16
-1214805.942736105,1978345.2995734247,16
-1214342.6300195777,1978345.2995734247,16
-1213879.31730305,1978345.2995734247,16
-1213416.0045865227,1978345.2995734247,16
-1212952.691869995,1978345.2995734247,16
-1212489.3791534677,1978345.2995734247,16
-1212026.06643694,1978345.2995734247,16
-1211562.7537204125,1978345.2995734247,16
-1211099.4410038851,1978345.2995734247,16
-1210636.1282873575,1978345.2995734247,16
-1210172.8155708301,1978345.2995734247,16
-1209709.5028543025,1978345.2995734247,16
-1209246.1901377751,1978345.2995734247,16
-1208782.8774212475,1978345.2995734247,16
-1208319.5647047202,1978345.2995734247,16
-1207856.2519881926,1978345.2995734247,16
-1207392.9392716652,1978345.2995734247,16
-1206929.6265551376,1978345.2995734247,16
-1206466.3138386102,1978345.2995734247,16
-1206003.0011220826,1978345.2995734247,16
-1205539.6884055552,1978345.2995734247,16
-1205076.3756890276,1978345.2995734247,16
-1204613.0629725,1978345.2995734247,16
-1204149.7502559726,1978345.2995734247,16
-1203686.4375394452,1978345.2995734247,16
-1203223.1248229176,1978345.2995734247,16
-1202759.81210639,1978345.2995734247,16
-1202296.4993898626,1978345.2995734247,16
-1201833.186673335,1978345.2995734247,16
-1201369.8739568077,1978345.2995734247,16
-1200906.56124028,1978345.2995734247,16
-1200443.2485237527,1978345.2995734247,16
-1199979.935807225,1978345.2995734247,16
-1199516.6230906977,1978345.2995734247,16
-1199053.31037417,1978345.2995734247,16
-1198589.9976576427,1978345.2995734247,16
-1198126.684941115,1978345.2995734247,16
-1197663.3722245875,1978345.2995734247,16
-1197200.05950806,1978345.2995734247,16
-1196736.7467915327,1978345.2995734247,16
-1196273.4340750051,1978345.2995734247,16
-1195810.1213584775,1978345.2995734247,16
-1195346.8086419501,1978345.2995734247,16
-1194883.4959254225,1978345.2995734247,16
-1194420.1832088951,1978345.2995734247,16
-1193956.8704923675,1978345.2995734247,16
-1193493.5577758402,1978345.2995734247,16
-1193030.2450593126,1978345.2995734247,16
-1192566.9323427852,1978345.2995734247,16
-1192103.6196262576,1978345.2995734247,16
-1191640.3069097302,1978345.2995734247,16
-1191176.9941932026,1978345.2995734247,16
-1190713.6814766752,1978345.2995734247,16
-1190250.3687601476,1978345.2995734247,16
-1189787.0560436202,1978345.2995734247,16
-1189323.7433270926,1978345.2995734247,16
-1188860.430610565,1978345.2995734247,16
-1188397.1178940376,1978345.2995734247,16
-1187933.80517751,1978345.2995734247,16
-1187470.4924609826,1978345.2995734247,16
-1187007.179744455,1978345.2995734247,16
-1186543.8670279277,1978345.2995734247,16
-1186080.5543114,1978345.2995734247,16
-1185617.2415948727,1978345.2995734247,16
-1185153.928878345,1978345.2995734247,16
-1184690.6161618177,1978345.2995734247,16
-1184227.30344529,1978345.2995734247,16
-1183763.9907287627,1978345.2995734247,16
-1183300.678012235,1978345.2995734247,16
-1182837.3652957077,1978345.2995734247,16
-1182374.05257918,1978345.2995734247,16
-1181910.7398626525,1978345.2995734247,16
-1181447.4271461251,1978345.2995734247,16
-1180984.1144295975,1978345.2995734247,16
-1180520.8017130701,1978345.2995734247,16
-1180057.4889965425,1978345.2995734247,16
-1179594.1762800151,1978345.2995734247,16
-1179130.8635634875,1978345.2995734247,16
-1178667.5508469602,1978345.2995734247,16
-1178204.2381304326,1978345.2995734247,16
-1177740.9254139052,1978345.2995734247,16
-1177277.6126973776,1978345.2995734247,16
-1176814.2999808502,1978345.2995734247,16
-1176350.9872643226,1978345.2995734247,16
-1175887.6745477952,1978345.2995734247,16
-1175424.3618312676,1978345.2995734247,16
-1174961.04911474,1978345.2995734247,16
-1174497.7363982126,1978345.2995734247,16
-1174034.4236816852,1978345.2995734247,16
-1173571.1109651576,1978345.2995734247,16
-1173107.79824863,1978345.2995734247,16
-1172644.4855321026,1978345.2995734247,16
-1172181.172815575,1978345.2995734247,16
-1218512.444468325,1977881.9868568971,16
-1218049.1317517976,1977881.9868568971,16
-1217585.81903527,1977881.9868568971,16
-1217122.5063187426,1977881.9868568971,16
-1216659.193602215,1977881.9868568971,16
-1216195.8808856877,1977881.9868568971,16
-1215732.56816916,1977881.9868568971,16
-1215269.2554526327,1977881.9868568971,16
-1214805.942736105,1977881.9868568971,16
-1214342.6300195777,1977881.9868568971,16
-1213879.31730305,1977881.9868568971,16
-1213416.0045865227,1977881.9868568971,16
-1212952.691869995,1977881.9868568971,16
-1212489.3791534677,1977881.9868568971,16
-1212026.06643694,1977881.9868568971,16
-1211562.7537204125,1977881.9868568971,16
-1211099.4410038851,1977881.9868568971,16
-1210636.1282873575,1977881.9868568971,16
-1210172.8155708301,1977881.9868568971,16
-1209709.5028543025,1977881.9868568971,16
-1209246.1901377751,1977881.9868568971,16
-1208782.8774212475,1977881.9868568971,16
-1208319.5647047202,1977881.9868568971,16
-1207856.2519881926,1977881.9868568971,16
-1207392.9392716652,1977881.9868568971,16
-1206929.6265551376,1977881.9868568971,16
-1206466.3138386102,1977881.9868568971,16
-1206003.0011220826,1977881.9868568971,16
-1205539.6884055552,1977881.9868568971,16
-1205076.3756890276,1977881.9868568971,16
-1204613.0629725,1977881.9868568971,16
-1204149.7502559726,1977881.9868568971,16
-1203686.4375394452,1977881.9868568971,16
-1203223.1248229176,1977881.9868568971,16
-1202759.81210639,1977881.9868568971,16
-1202296.4993898626,1977881.9868568971,16
-1201833.186673335,1977881.9868568971,16
-1201369.8739568077,1977881.9868568971,16
-1200906.56124028,1977881.9868568971,16
-1200443.2485237527,1977881.9868568971,16
-1199979.935807225,1977881.9868568971,16
-1199516.6230906977,1977881.9868568971,16
-1199053.31037417,1977881.9868568971,16
-1198589.9976576427,1977881.9868568971,16
-1198126.684941115,1977881.9868568971,16
-1197663.3722245875,1977881.9868568971,16
-1197200.05950806,1977881.9868568971,16
-1196736.7467915327,1977881.9868568971,16
-1196273.4340750051,1977881.9868568971,16
-1195810.1213584775,1977881.9868568971,16
-1195346.8086419501,1977881.9868568971,16
-1194883.4959254225,1977881.9868568971,16
-1194420.1832088951,1977881.9868568971,16
-1193956.8704923675,1977881.9868568971,16
-1193493.5577758402,1977881.9868568971,16
-1193030.2450593126,1977881.9868568971,16
-1192566.9323427852,1977881.9868568971,16
-1192103.6196262576,1977881.9868568971,16
-1191640.3069097302,1977881.9868568971,16
-1191176.9941932026,1977881.9868568971,16
-1190713.6814766752,1977881.9868568971,16
-1190250.3687601476,1977881.9868568971,16
-1189787.0560436202,1977881.9868568971,16
-1189323.7433270926,1977881.9868568971,16
-1188860.430610565,1977881.9868568971,16
-1188397.1178940376,1977881.9868568971,16
-1187933.80517751,1977881.9868568971,16
-1187470.4924609826,1977881.9868568971,16
-1187007.179744455,1977881.9868568971,16
-1186543.8670279277,1977881.9868568971,16
-1186080.5543114,1977881.9868568971,16
-1185617.2415948727,1977881.9868568971,16
-1185153.928878345,1977881.9868568971,16
-1184690.6161618177,1977881.9868568971,16
-1184227.30344529,1977881.9868568971,16
-1183763.9907287627,1977881.9868568971,16
-1183300.678012235,1977881.9868568971,16
-1182837.3652957077,1977881.9868568971,16
-1182374.05257918,1977881.9868568971,16
-1181910.7398626525,1977881.9868568971,16
-1181447.4271461251,1977881.9868568971,16
-1180984.1144295975,1977881.9868568971,16
-1180520.8017130701,1977881.9868568971,16
-1180057.4889965425,1977881.9868568971,16
-1179594.1762800151,1977881.9868568971,16
-1179130.8635634875,1977881.9868568971,16
-1178667.5508469602,1977881.9868568971,16
-1178204.2381304326,1977881.9868568971,16
-1177740.9254139052,1977881.9868568971,16
-1177277.6126973776,1977881.9868568971,16
-1176814.2999808502,1977881.9868568971,16
-1176350.9872643226,1977881.9868568971,16
-1175887.6745477952,1977881.9868568971,16
-1175424.3618312676,1977881.9868568971,16
-1174961.04911474,1977881.9868568971,16
-1174497.7363982126,1977881.9868568971,16
-1174034.4236816852,1977881.9868568971,16
-1173571.1109651576,1977881.9868568971,16
-1173107.79824863,1977881.9868568971,16
-1172644.4855321026,1977881.9868568971,16
-1172181.172815575,1977881.9868568971,16
-1218049.1317517976,1977418.6741403698,16
-1217585.81903527,1977418.6741403698,16
-1217122.5063187426,1977418.6741403698,16
-1216659.193602215,1977418.6741403698,16
-1216195.8808856877,1977418.6741403698,16
-1215732.56816916,1977418.6741403698,16
-1215269.2554526327,1977418.6741403698,16
-1214805.942736105,1977418.6741403698,16
-1214342.6300195777,1977418.6741403698,16
-1213879.31730305,1977418.6741403698,16
-1213416.0045865227,1977418.6741403698,16
-1212952.691869995,1977418.6741403698,16
-1212489.3791534677,1977418.6741403698,16
-1212026.06643694,1977418.6741403698,16
-1211562.7537204125,1977418.6741403698,16
-1211099.4410038851,1977418.6741403698,16
-1210636.1282873575,1977418.6741403698,16
-1210172.8155708301,1977418.6741403698,16
-1209709.5028543025,1977418.6741403698,16
-1209246.1901377751,1977418.6741403698,16
-1208782.8774212475,1977418.6741403698,16
-1208319.5647047202,1977418.6741403698,16
-1207856.2519881926,1977418.6741403698,16
-1207392.9392716652,1977418.6741403698,16
-1206929.6265551376,1977418.6741403698,16
-1206466.3138386102,1977418.6741403698,16
-1206003.0011220826,1977418.6741403698,16
-1205539.6884055552,1977418.6741403698,16
-1205076.3756890276,1977418.6741403698,16
-1204613.0629725,1977418.6741403698,16
-1204149.7502559726,1977418.6741403698,16
-1203686.4375394452,1977418.6741403698,16
-1203223.1248229176,1977418.6741403698,16
-1202759.81210639,1977418.6741403698,16
-1202296.4993898626,1977418.6741403698,16
-1201833.186673335,1977418.6741403698,16
-1201369.8739568077,1977418.6741403698,16
-1200906.56124028,1977418.6741403698,16
-1200443.2485237527,1977418.6741403698,16
-1199979.935807225,1977418.6741403698,16
-1199516.6230906977,1977418.6741403698,16
-1199053.31037417,1977418.6741403698,16
-1198589.9976576427,1977418.6741403698,16
-1198126.684941115,1977418.6741403698,16
-1197663.3722245875,1977418.6741403698,16
-1197200.05950806,1977418.6741403698,16
-1196736.7467915327,1977418.6741403698,16
-1196273.4340750051,1977418.6741403698,16
-1195810.1213584775,1977418.6741403698,16
-1195346.8086419501,1977418.6741403698,16
-1194883.4959254225,1977418.6741403698,16
-1194420.1832088951,1977418.6741403698,16
-1193956.8704923675,1977418.6741403698,16
-1193493.5577758402,1977418.6741403698,16
-1193030.2450593126,1977418.6741403698,16
-1192566.9323427852,1977418.6741403698,16
-1192103.6196262576,1977418.6741403698,16
-1191640.3069097302,1977418.6741403698,16
-1191176.9941932026,1977418.6741403698,16
-1190713.6814766752,1977418.6741403698,16
-1190250.3687601476,1977418.6741403698,16
-1189787.0560436202,1977418.6741403698,16
-1189323.7433270926,1977418.6741403698,16
-1188860.430610565,1977418.6741403698,16
-1188397.1178940376,1977418.6741403698,16
-1187933.80517751,1977418.6741403698,16
-1187470.4924609826,1977418.6741403698,16
-1187007.179744455,1977418.6741403698,16
-1186543.8670279277,1977418.6741403698,16
-1186080.5543114,1977418.6741403698,16
-1185617.2415948727,1977418.6741403698,16
-1185153.928878345,1977418.6741403698,16
-1184690.6161618177,1977418.6741403698,16
-1184227.30344529,1977418.6741403698,16
-1183763.9907287627,1977418.6741403698,16
-1183300.678012235,1977418.6741403698,16
-1182837.3652957077,1977418.6741403698,16
-1182374.05257918,1977418.6741403698,16
-1181910.7398626525,1977418.6741403698,16
-1181447.4271461251,1977418.6741403698,16
-1180984.1144295975,1977418.6741403698,16
-1180520.8017130701,1977418.6741403698,16
-1180057.4889965425,1977418.6741403698,16
-1179594.1762800151,1977418.6741403698,16
-1179130.8635634875,1977418.6741403698,16
-1178667.5508469602,1977418.6741403698,16
-1178204.2381304326,1977418.6741403698,16
-1177740.9254139052,1977418.6741403698,16
-1177277.6126973776,1977418.6741403698,16
-1176814.2999808502,1977418.6741403698,16
-1176350.9872643226,1977418.6741403698,16
-1175887.6745477952,1977418.6741403698,16
-1175424.3618312676,1977418.6741403698,16
-1174961.04911474,1977418.6741403698,16
-1174497.7363982126,1977418.6741403698,16
-1174034.4236816852,1977418.6741403698,16
-1173571.1109651576,1977418.6741403698,16
-1173107.79824863,1977418.6741403698,16
-1172644.4855321026,1977418.6741403698,16
-1172181.172815575,1977418.6741403698,16
-1217585.81903527,1976955.3614238421,16
-1217122.5063187426,1976955.3614238421,16
-1216659.193602215,1976955.3614238421,16
-1216195.8808856877,1976955.3614238421,16
-1215732.56816916,1976955.3614238421,16
-1215269.2554526327,1976955.3614238421,16
-1214805.942736105,1976955.3614238421,16
-1214342.6300195777,1976955.3614238421,16
-1213879.31730305,1976955.3614238421,16
-1213416.0045865227,1976955.3614238421,16
-1212952.691869995,1976955.3614238421,16
-1212489.3791534677,1976955.3614238421,16
-1212026.06643694,1976955.3614238421,16
-1211562.7537204125,1976955.3614238421,16
-1211099.4410038851,1976955.3614238421,16
-1210636.1282873575,1976955.3614238421,16
-1210172.8155708301,1976955.3614238421,16
-1209709.5028543025,1976955.3614238421,16
-1209246.1901377751,1976955.3614238421,16
-1208782.8774212475,1976955.3614238421,16
-1208319.5647047202,1976955.3614238421,16
-1207856.2519881926,1976955.3614238421,16
-1207392.9392716652,1976955.3614238421,16
-1206929.6265551376,1976955.3614238421,16
-1206466.3138386102,1976955.3614238421,16
-1206003.0011220826,1976955.3614238421,16
-1205539.6884055552,1976955.3614238421,16
-1205076.3756890276,1976955.3614238421,16
-1204613.0629725,1976955.3614238421,16
-1204149.7502559726,1976955.3614238421,16
-1203686.4375394452,1976955.3614238421,16
-1203223.1248229176,1976955.3614238421,16
-1202759.81210639,1976955.3614238421,16
-1202296.4993898626,1976955.3614238421,16
-1201833.186673335,1976955.3614238421,16
-1201369.8739568077,1976955.3614238421,16
-1200906.56124028,1976955.3614238421,16
-1200443.2485237527,1976955.3614238421,16
-1199979.935807225,1976955.3614238421,16
-1199516.6230906977,1976955.3614238421,16
-1199053.31037417,1976955.3614238421,16
-1198589.9976576427,1976955.3614238421,16
-1198126.684941115,1976955.3614238421,16
-1197663.3722245875,1976955.3614238421,16
-1197200.05950806,1976955.3614238421,16
-1196736.7467915327,1976955.3614238421,16
-1196273.4340750051,1976955.3614238421,16
-1195810.1213584775,1976955.3614238421,16
-1195346.8086419501,1976955.3614238421,16
-1194883.4959254225,1976955.3614238421,16
-1194420.1832088951,1976955.3614238421,16
-1193956.8704923675,1976955.3614238421,16
-1193493.5577758402,1976955.3614238421,16
-1193030.2450593126,1976955.3614238421,16
-1192566.9323427852,1976955.3614238421,16
-1192103.6196262576,1976955.3614238421,16
-1191640.3069097302,1976955.3614238421,16
-1191176.9941932026,1976955.3614238421,16
-1190713.6814766752,1976955.3614238421,16
-1190250.3687601476,1976955.3614238421,16
-1189787.0560436202,1976955.3614238421,16
-1189323.7433270926,1976955.3614238421,16
-1188860.430610565,1976955.3614238421,16
-1188397.1178940376,1976955.3614238421,16
-1187933.80517751,1976955.3614238421,16
-1187470.4924609826,1976955.3614238421,16
-1187007.179744455,1976955.3614238421,16
-1186543.8670279277,1976955.3614238421,16
-1186080.5543114,1976955.3614238421,16
-1185617.2415948727,1976955.3614238421,16
-1185153.928878345,1976955.3614238421,16
-1184690.6161618177,1976955.3614238421,16
-1184227.30344529,1976955.3614238421,16
-1183763.9907287627,1976955.3614238421,16
-1183300.678012235,1976955.3614238421,16
-1182837.3652957077,1976955.3614238421,16
-1182374.05257918,1976955.3614238421,16
-1181910.7398626525,1976955.3614238421,16
-1181447.4271461251,1976955.3614238421,16
-1180984.1144295975,1976955.3614238421,16
-1180520.8017130701,1976955.3614238421,16
-1180057.4889965425,1976955.3614238421,16
-1179594.1762800151,1976955.3614238421,16
-1179130.8635634875,1976955.3614238421,16
-1178667.5508469602,1976955.3614238421,16
-1178204.2381304326,1976955.3614238421,16
-1177740.9254139052,1976955.3614238421,16
-1177277.6126973776,1976955.3614238421,16
-1176814.2999808502,1976955.3614238421,16
-1176350.9872643226,1976955.3614238421,16
-1175887.6745477952,1976955.3614238421,16
-1175424.3618312676,1976955.3614238421,16
-1174961.04911474,1976955.3614238421,16
-1174497.7363982126,1976955.3614238421,16
-1174034.4236816852,1976955.3614238421,16
-1173571.1109651576,1976955.3614238421,16
-1173107.79824863,1976955.3614238421,16
-1172644.4855321026,1976955.3614238421,16
-1172181.172815575,1976955.3614238421,16
-1217122.5063187426,1976492.0487073148,16
-1216659.193602215,1976492.0487073148,16
-1216195.8808856877,1976492.0487073148,16
-1215732.56816916,1976492.0487073148,16
-1215269.2554526327,1976492.0487073148,16
-1214805.942736105,1976492.0487073148,16
-1214342.6300195777,1976492.0487073148,16
-1213879.31730305,1976492.0487073148,16
-1213416.0045865227,1976492.0487073148,16
-1212952.691869995,1976492.0487073148,16
-1212489.3791534677,1976492.0487073148,16
-1212026.06643694,1976492.0487073148,16
-1211562.7537204125,1976492.0487073148,16
-1211099.4410038851,1976492.0487073148,16
-1210636.1282873575,1976492.0487073148,16
-1210172.8155708301,1976492.0487073148,16
-1209709.5028543025,1976492.0487073148,16
-1209246.1901377751,1976492.0487073148,16
-1208782.8774212475,1976492.0487073148,16
-1208319.5647047202,1976492.0487073148,16
-1207856.2519881926,1976492.0487073148,16
-1207392.9392716652,1976492.0487073148,16
-1206929.6265551376,1976492.0487073148,16
-1206466.3138386102,1976492.0487073148,16
-1206003.0011220826,1976492.0487073148,16
-1205539.6884055552,1976492.0487073148,16
-1205076.3756890276,1976492.0487073148,16
-1204613.0629725,1976492.0487073148,16
-1204149.7502559726,1976492.0487073148,16
-1203686.4375394452,1976492.0487073148,16
-1203223.1248229176,1976492.0487073148,16
-1202759.81210639,1976492.0487073148,16
-1202296.4993898626,1976492.0487073148,16
-1201833.186673335,1976492.0487073148,16
-1201369.8739568077,1976492.0487073148,16
-1200906.56124028,1976492.0487073148,16
-1200443.2485237527,1976492.0487073148,16
-1199979.935807225,1976492.0487073148,16
-1199516.6230906977,1976492.0487073148,16
-1199053.31037417,1976492.0487073148,16
-1198589.9976576427,1976492.0487073148,16
-1198126.684941115,1976492.0487073148,16
-1197663.3722245875,1976492.0487073148,16
-1197200.05950806,1976492.0487073148,16
-1196736.7467915327,1976492.0487073148,16
-1196273.4340750051,1976492.0487073148,16
-1195810.1213584775,1976492.0487073148,16
-1195346.8086419501,1976492.0487073148,16
-1194883.4959254225,1976492.0487073148,16
-1194420.1832088951,1976492.0487073148,16
-1193956.8704923675,1976492.0487073148,16
-1193493.5577758402,1976492.0487073148,16
-1193030.2450593126,1976492.0487073148,16
-1192566.9323427852,1976492.0487073148,16
-1192103.6196262576,1976492.0487073148,16
-1191640.3069097302,1976492.0487073148,16
-1191176.9941932026,1976492.0487073148,16
-1190713.6814766752,1976492.0487073148,16
-1190250.3687601476,1976492.0487073148,16
-1189787.0560436202,1976492.0487073148,16
-1189323.7433270926,1976492.0487073148,16
-1188860.430610565,1976492.0487073148,16
-1188397.1178940376,1976492.0487073148,16
-1187933.80517751,1976492.0487073148,16
-1187470.4924609826,1976492.0487073148,16
-1187007.179744455,1976492.0487073148,16
-1186543.8670279277,1976492.0487073148,16
-1186080.5543114,1976492.0487073148,16
-1185617.2415948727,1976492.0487073148,16
-1185153.928878345,1976492.0487073148,16
-1184690.6161618177,1976492.0487073148,16
-1184227.30344529,1976492.0487073148,16
-1183763.9907287627,1976492.0487073148,16
-1183300.678012235,1976492.0487073148,16
-1182837.3652957077,1976492.0487073148,16
-1182374.05257918,1976492.0487073148,16
-1181910.7398626525,1976492.0487073148,16
-1181447.4271461251,1976492.0487073148,16
-1180984.1144295975,1976492.0487073148,16
-1180520.8017130701,1976492.0487073148,16
-1180057.4889965425,1976492.0487073148,16
-1179594.1762800151,1976492.0487073148,16
-1179130.8635634875,1976492.0487073148,16
-1178667.5508469602,1976492.0487073148,16
-1178204.2381304326,1976492.0487073148,16
-1177740.9254139052,1976492.0487073148,16
-1177277.6126973776,1976492.0487073148,16
-1176814.2999808502,1976492.0487073148,16
-1176350.9872643226,1976492.0487073148,16
-1175887.6745477952,1976492.0487073148,16
-1175424.3618312676,1976492.0487073148,16
-1174961.04911474,1976492.0487073148,16
-1174497.7363982126,1976492.0487073148,16
-1174034.4236816852,1976492.0487073148,16
-1173571.1109651576,1976492.0487073148,16
-1173107.79824863,1976492.0487073148,16
-1172644.4855321026,1976492.0487073148,16
-1216659.193602215,1976028.7359907872,16
-1216195.8808856877,1976028.7359907872,16
-1215732.56816916,1976028.7359907872,16
-1215269.2554526327,1976028.7359907872,16
-1214805.942736105,1976028.7359907872,16
-1214342.6300195777,1976028.7359907872,16
-1213879.31730305,1976028.7359907872,16
-1213416.0045865227,1976028.7359907872,16
-1212952.691869995,1976028.7359907872,16
-1212489.3791534677,1976028.7359907872,16
-1212026.06643694,1976028.7359907872,16
-1211562.7537204125,1976028.7359907872,16
-1211099.4410038851,1976028.7359907872,16
-1210636.1282873575,1976028.7359907872,16
-1210172.8155708301,1976028.7359907872,16
-1209709.5028543025,1976028.7359907872,16
-1209246.1901377751,1976028.7359907872,16
-1208782.8774212475,1976028.7359907872,16
-1208319.5647047202,1976028.7359907872,16
-1207856.2519881926,1976028.7359907872,16
-1207392.9392716652,1976028.7359907872,16
-1206929.6265551376,1976028.7359907872,16
-1206466.3138386102,1976028.7359907872,16
-1206003.0011220826,1976028.7359907872,16
-1205539.6884055552,1976028.7359907872,16
-1205076.3756890276,1976028.7359907872,16
-1204613.0629725,1976028.7359907872,16
-1204149.7502559726,1976028.7359907872,16
-1203686.4375394452,1976028.7359907872,16
-1203223.1248229176,1976028.7359907872,16
-1202759.81210639,1976028.7359907872,16
-1202296.4993898626,1976028.7359907872,16
-1201833.186673335,1976028.7359907872,16
-1201369.8739568077,1976028.7359907872,16
-1200906.56124028,1976028.7359907872,16
-1200443.2485237527,1976028.7359907872,16
-1199979.935807225,1976028.7359907872,16
-1199516.6230906977,1976028.7359907872,16
-1199053.31037417,1976028.7359907872,16
-1198589.9976576427,1976028.7359907872,16
-1198126.684941115,1976028.7359907872,16
-1197663.3722245875,1976028.7359907872,16
-1197200.05950806,1976028.7359907872,16
-1196736.7467915327,1976028.7359907872,16
-1196273.4340750051,1976028.7359907872,16
-1195810.1213584775,1976028.7359907872,16
-1195346.8086419501,1976028.7359907872,16
-1194883.4959254225,1976028.7359907872,16
-1194420.1832088951,1976028.7359907872,16
-1193956.8704923675,1976028.7359907872,16
-1193493.5577758402,1976028.7359907872,16
-1193030.2450593126,1976028.7359907872,16
-1192566.9323427852,1976028.7359907872,16
-1192103.6196262576,1976028.7359907872,16
-1191640.3069097302,1976028.7359907872,16
-1191176.9941932026,1976028.7359907872,16
-1190713.6814766752,1976028.7359907872,16
-1190250.3687601476,1976028.7359907872,16
-1189787.0560436202,1976028.7359907872,16
-1189323.7433270926,1976028.7359907872,16
-1188860.430610565,1976028.7359907872,16
-1188397.1178940376,1976028.7359907872,16
-1187933.80517751,1976028.7359907872,16
-1187470.4924609826,1976028.7359907872,16
-1187007.179744455,1976028.7359907872,16
-1186543.8670279277,1976028.7359907872,16
-1186080.5543114,1976028.7359907872,16
-1185617.2415948727,1976028.7359907872,16
-1185153.928878345,1976028.7359907872,16
-1184690.6161618177,1976028.7359907872,16
-1184227.30344529,1976028.7359907872,16
-1183763.9907287627,1976028.7359907872,16
-1183300.678012235,1976028.7359907872,16
-1182837.3652957077,1976028.7359907872,16
-1182374.05257918,1976028.7359907872,16
-1181910.7398626525,1976028.7359907872,16
-1181447.4271461251,1976028.7359907872,16
-1180984.1144295975,1976028.7359907872,16
-1180520.8017130701,1976028.7359907872,16
-1180057.4889965425,1976028.7359907872,16
-1179594.1762800151,1976028.7359907872,16
-1179130.8635634875,1976028.7359907872,16
-1178667.5508469602,1976028.7359907872,16
-1178204.2381304326,1976028.7359907872,16
-1177740.9254139052,1976028.7359907872,16
-1177277.6126973776,1976028.7359907872,16
-1176814.2999808502,1976028.7359907872,16
-1176350.9872643226,1976028.7359907872,16
-1175887.6745477952,1976028.7359907872,16
-1175424.3618312676,1976028.7359907872,16
-1174961.04911474,1976028.7359907872,16
-1174497.7363982126,1976028.7359907872,16
-1174034.4236816852,1976028.7359907872,16
-1173571.1109651576,1976028.7359907872,16
-1173107.79824863,1976028.7359907872,16
-1172644.4855321026,1976028.7359907872,16
-1216659.193602215,1975565.4232742598,16
-1216195.8808856877,1975565.4232742598,16
-1215732.56816916,1975565.4232742598,16
-1215269.2554526327,1975565.4232742598,16
-1214805.942736105,1975565.4232742598,16
-1214342.6300195777,1975565.4232742598,16
-1213879.31730305,1975565.4232742598,16
-1213416.0045865227,1975565.4232742598,16
-1212952.691869995,1975565.4232742598,16
-1212489.3791534677,1975565.4232742598,16
-1212026.06643694,1975565.4232742598,16
-1211562.7537204125,1975565.4232742598,16
-1211099.4410038851,1975565.4232742598,16
-1210636.1282873575,1975565.4232742598,16
-1210172.8155708301,1975565.4232742598,16
-1209709.5028543025,1975565.4232742598,16
-1209246.1901377751,1975565.4232742598,16
-1208782.8774212475,1975565.4232742598,16
-1208319.5647047202,1975565.4232742598,16
-1207856.2519881926,1975565.4232742598,16
-1207392.9392716652,1975565.4232742598,16
-1206929.6265551376,1975565.4232742598,16
-1206466.3138386102,1975565.4232742598,16
-1206003.0011220826,1975565.4232742598,16
-1205539.6884055552,1975565.4232742598,16
-1205076.3756890276,1975565.4232742598,16
-1204613.0629725,1975565.4232742598,16
-1204149.7502559726,1975565.4232742598,16
-1203686.4375394452,1975565.4232742598,16
-1203223.1248229176,1975565.4232742598,16
-1202759.81210639,1975565.4232742598,16
-1202296.4993898626,1975565.4232742598,16
-1201833.186673335,1975565.4232742598,16
-1201369.8739568077,1975565.4232742598,16
-1200906.56124028,1975565.4232742598,16
-1200443.2485237527,1975565.4232742598,16
-1199979.935807225,1975565.4232742598,16
-1199516.6230906977,1975565.4232742598,16
-1199053.31037417,1975565.4232742598,16
-1198589.9976576427,1975565.4232742598,16
-1198126.684941115,1975565.4232742598,16
-1197663.3722245875,1975565.4232742598,16
-1197200.05950806,1975565.4232742598,16
-1196736.7467915327,1975565.4232742598,16
-1196273.4340750051,1975565.4232742598,16
-1195810.1213584775,1975565.4232742598,16
-1195346.8086419501,1975565.4232742598,16
-1194883.4959254225,1975565.4232742598,16
-1194420.1832088951,1975565.4232742598,16
-1193956.8704923675,1975565.4232742598,16
-1193493.5577758402,1975565.4232742598,16
-1193030.2450593126,1975565.4232742598,16
-1192566.9323427852,1975565.4232742598,16
-1192103.6196262576,1975565.4232742598,16
-1191640.3069097302,1975565.4232742598,16
-1191176.9941932026,1975565.4232742598,16
-1190713.6814766752,1975565.4232742598,16
-1190250.3687601476,1975565.4232742598,16
-1189787.0560436202,1975565.4232742598,16
-1189323.7433270926,1975565.4232742598,16
-1188860.430610565,1975565.4232742598,16
-1188397.1178940376,1975565.4232742598,16
-1187933.80517751,1975565.4232742598,16
-1187470.4924609826,1975565.4232742598,16
-1187007.179744455,1975565.4232742598,16
-1186543.8670279277,1975565.4232742598,16
-1186080.5543114,1975565.4232742598,16
-1185617.2415948727,1975565.4232742598,16
-1185153.928878345,1975565.4232742598,16
-1184690.6161618177,1975565.4232742598,16
-1184227.30344529,1975565.4232742598,16
-1183763.9907287627,1975565.4232742598,16
-1183300.678012235,1975565.4232742598,16
-1182837.3652957077,1975565.4232742598,16
-1182374.05257918,1975565.4232742598,16
-1181910.7398626525,1975565.4232742598,16
-1181447.4271461251,1975565.4232742598,16
-1180984.1144295975,1975565.4232742598,16
-1180520.8017130701,1975565.4232742598,16
-1180057.4889965425,1975565.4232742598,16
-1179594.1762800151,1975565.4232742598,16
-1179130.8635634875,1975565.4232742598,16
-1178667.5508469602,1975565.4232742598,16
-1178204.2381304326,1975565.4232742598,16
-1177740.9254139052,1975565.4232742598,16
-1177277.6126973776,1975565.4232742598,16
-1176814.2999808502,1975565.4232742598,16
-1176350.9872643226,1975565.4232742598,16
-1175887.6745477952,1975565.4232742598,16
-1175424.3618312676,1975565.4232742598,16
-1174961.04911474,1975565.4232742598,16
-1174497.7363982126,1975565.4232742598,16
-1174034.4236816852,1975565.4232742598,16
-1173571.1109651576,1975565.4232742598,16
-1173107.79824863,1975565.4232742598,16
-1172644.4855321026,1975565.4232742598,16
-1216659.193602215,1975102.1105577322,16
-1216195.8808856877,1975102.1105577322,16
-1215732.56816916,1975102.1105577322,16
-1215269.2554526327,1975102.1105577322,16
-1214805.942736105,1975102.1105577322,16
-1214342.6300195777,1975102.1105577322,16
-1213879.31730305,1975102.1105577322,16
-1213416.0045865227,1975102.1105577322,16
-1212952.691869995,1975102.1105577322,16
-1212489.3791534677,1975102.1105577322,16
-1212026.06643694,1975102.1105577322,16
-1211562.7537204125,1975102.1105577322,16
-1211099.4410038851,1975102.1105577322,16
-1210636.1282873575,1975102.1105577322,16
-1210172.8155708301,1975102.1105577322,16
-1209709.5028543025,1975102.1105577322,16
-1209246.1901377751,1975102.1105577322,16
-1208782.8774212475,1975102.1105577322,16
-1208319.5647047202,1975102.1105577322,16
-1207856.2519881926,1975102.1105577322,16
-1207392.9392716652,1975102.1105577322,16
-1206929.6265551376,1975102.1105577322,16
-1206466.3138386102,1975102.1105577322,16
-1206003.0011220826,1975102.1105577322,16
-1205539.6884055552,1975102.1105577322,16
-1205076.3756890276,1975102.1105577322,16
-1204613.0629725,1975102.1105577322,16
-1204149.7502559726,1975102.1105577322,16
-1203686.4375394452,1975102.1105577322,16
-1203223.1248229176,1975102.1105577322,16
-1202759.81210639,1975102.1105577322,16
-1202296.4993898626,1975102.1105577322,16
-1201833.186673335,1975102.1105577322,16
-1201369.8739568077,1975102.1105577322,16
-1200906.56124028,1975102.1105577322,16
-1200443.2485237527,1975102.1105577322,16
-1199979.935807225,1975102.1105577322,16
-1199516.6230906977,1975102.1105577322,16
-1199053.31037417,1975102.1105577322,16
-1198589.9976576427,1975102.1105577322,16
-1198126.684941115,1975102.1105577322,16
-1197663.3722245875,1975102.1105577322,16
-1197200.05950806,1975102.1105577322,16
-1196736.7467915327,1975102.1105577322,16
-1196273.4340750051,1975102.1105577322,16
-1195810.1213584775,1975102.1105577322,16
-1195346.8086419501,1975102.1105577322,16
-1194883.4959254225,1975102.1105577322,16
-1194420.1832088951,1975102.1105577322,16
-1193956.8704923675,1975102.1105577322,16
-1193493.5577758402,1975102.1105577322,16
-1193030.2450593126,1975102.1105577322,16
-1192566.9323427852,1975102.1105577322,16
-1192103.6196262576,1975102.1105577322,16
-1191640.3069097302,1975102.1105577322,16
-1191176.9941932026,1975102.1105577322,16
-1190713.6814766752,1975102.1105577322,16
-1190250.3687601476,1975102.1105577322,16
-1189787.0560436202,1975102.1105577322,16
-1189323.7433270926,1975102.1105577322,16
-1188860.430610565,1975102.1105577322,16
-1188397.1178940376,1975102.1105577322,16
-1187933.80517751,1975102.1105577322,16
-1187470.4924609826,1975102.1105577322,16
-1187007.179744455,1975102.1105577322,16
-1186543.8670279277,1975102.1105577322,16
-1186080.5543114,1975102.1105577322,16
-1185617.2415948727,1975102.1105577322,16
-1185153.928878345,1975102.1105577322,16
-1184690.6161618177,1975102.1105577322,16
-1184227.30344529,1975102.1105577322,16
-1183763.9907287627,1975102.1105577322,16
-1183300.678012235,1975102.1105577322,16
-1182837.3652957077,1975102.1105577322,16
-1182374.05257918,1975102.1105577322,16
-1181910.7398626525,1975102.1105577322,16
-1181447.4271461251,1975102.1105577322,16
-1180984.1144295975,1975102.1105577322,16
-1180520.8017130701,1975102.1105577322,16
-1180057.4889965425,1975102.1105577322,16
-1179594.1762800151,1975102.1105577322,16
-1179130.8635634875,1975102.1105577322,16
-1178667.5508469602,1975102.1105577322,16
-1178204.2381304326,1975102.1105577322,16
-1177740.9254139052,1975102.1105577322,16
-1177277.6126973776,1975102.1105577322,16
-1176814.2999808502,1975102.1105577322,16
-1176350.9872643226,1975102.1105577322,16
-1175887.6745477952,1975102.1105577322,16
-1175424.3618312676,1975102.1105577322,16
-1174961.04911474,1975102.1105577322,16
-1174497.7363982126,1975102.1105577322,16
-1174034.4236816852,1975102.1105577322,16
-1173571.1109651576,1975102.1105577322,16
-1173107.79824863,1975102.1105577322,16
-1172644.4855321026,1975102.1105577322,16
-1216659.193602215,1974638.7978412048,16
-1216195.8808856877,1974638.7978412048,16
-1215732.56816916,1974638.7978412048,16
-1215269.2554526327,1974638.7978412048,16
-1214805.942736105,1974638.7978412048,16
-1214342.6300195777,1974638.7978412048,16
-1213879.31730305,1974638.7978412048,16
-1213416.0045865227,1974638.7978412048,16
-1212952.691869995,1974638.7978412048,16
-1212489.3791534677,1974638.7978412048,16
-1212026.06643694,1974638.7978412048,16
-1211562.7537204125,1974638.7978412048,16
-1211099.4410038851,1974638.7978412048,16
-1210636.1282873575,1974638.7978412048,16
-1210172.8155708301,1974638.7978412048,16
-1209709.5028543025,1974638.7978412048,16
-1209246.1901377751,1974638.7978412048,16
-1208782.8774212475,1974638.7978412048,16
-1208319.5647047202,1974638.7978412048,16
-1207856.2519881926,1974638.7978412048,16
-1207392.9392716652,1974638.7978412048,16
-1206929.6265551376,1974638.7978412048,16
-1206466.3138386102,1974638.7978412048,16
-1206003.0011220826,1974638.7978412048,16
-1205539.6884055552,1974638.7978412048,16
-1205076.3756890276,1974638.7978412048,16
-1204613.0629725,1974638.7978412048,16
-1204149.7502559726,1974638.7978412048,16
-1203686.4375394452,1974638.7978412048,16
-1203223.1248229176,1974638.7978412048,16
-1202759.81210639,1974638.7978412048,16
-1202296.4993898626,1974638.7978412048,16
-1201833.186673335,1974638.7978412048,16
-1201369.8739568077,1974638.7978412048,16
-1200906.56124028,1974638.7978412048,16
-1200443.2485237527,1974638.7978412048,16
-1199979.935807225,1974638.7978412048,16
-1199516.6230906977,1974638.7978412048,16
-1199053.31037417,1974638.7978412048,16
-1198589.9976576427,1974638.7978412048,16
-1198126.684941115,1974638.7978412048,16
-1197663.3722245875,1974638.7978412048,16
-1197200.05950806,1974638.7978412048,16
-1196736.7467915327,1974638.7978412048,16
-1196273.4340750051,1974638.7978412048,16
-1195810.1213584775,1974638.7978412048,16
-1195346.8086419501,1974638.7978412048,16
-1194883.4959254225,1974638.7978412048,16
-1194420.1832088951,1974638.7978412048,16
-1193956.8704923675,1974638.7978412048,16
-1193493.5577758402,1974638.7978412048,16
-1193030.2450593126,1974638.7978412048,16
-1192566.9323427852,1974638.7978412048,16
-1192103.6196262576,1974638.7978412048,16
-1191640.3069097302,1974638.7978412048,16
-1191176.9941932026,1974638.7978412048,16
-1190713.6814766752,1974638.7978412048,16
-1190250.3687601476,1974638.7978412048,16
-1189787.0560436202,1974638.7978412048,16
-1189323.7433270926,1974638.7978412048,16
-1188860.430610565,1974638.7978412048,16
-1188397.1178940376,1974638.7978412048,16
-1187933.80517751,1974638.7978412048,16
-1187470.4924609826,1974638.7978412048,16
-1187007.179744455,1974638.7978412048,16
-1186543.8670279277,1974638.7978412048,16
-1186080.5543114,1974638.7978412048,16
-1185617.2415948727,1974638.7978412048,16
-1185153.928878345,1974638.7978412048,16
-1184690.6161618177,1974638.7978412048,16
-1184227.30344529,1974638.7978412048,16
-1183763.9907287627,1974638.7978412048,16
-1183300.678012235,1974638.7978412048,16
-1182837.3652957077,1974638.7978412048,16
-1182374.05257918,1974638.7978412048,16
-1181910.7398626525,1974638.7978412048,16
-1181447.4271461251,1974638.7978412048,16
-1180984.1144295975,1974638.7978412048,16
-1180520.8017130701,1974638.7978412048,16
-1180057.4889965425,1974638.7978412048,16
-1179594.1762800151,1974638.7978412048,16
-1179130.8635634875,1974638.7978412048,16
-1178667.5508469602,1974638.7978412048,16
-1178204.2381304326,1974638.7978412048,16
-1177740.9254139052,1974638.7978412048,16
-1177277.6126973776,1974638.7978412048,16
-1176814.2999808502,1974638.7978412048,16
-1176350.9872643226,1974638.7978412048,16
-1175887.6745477952,1974638.7978412048,16
-1175424.3618312676,1974638.7978412048,16
-1174961.04911474,1974638.7978412048,16
-1174497.7363982126,1974638.7978412048,16
-1174034.4236816852,1974638.7978412048,16
-1173571.1109651576,1974638.7978412048,16
-1173107.79824863,1974638.7978412048,16
-1215732.56816916,1974175.4851246772,16
-1215269.2554526327,1974175.4851246772,16
-1214805.942736105,1974175.4851246772,16
-1214342.6300195777,1974175.4851246772,16
-1213879.31730305,1974175.4851246772,16
-1213416.0045865227,1974175.4851246772,10
-1212952.691869995,1974175.4851246772,16
-1212489.3791534677,1974175.4851246772,16
-1212026.06643694,1974175.4851246772,16
-1211562.7537204125,1974175.4851246772,16
-1211099.4410038851,1974175.4851246772,16
-1210636.1282873575,1974175.4851246772,16
-1210172.8155708301,1974175.4851246772,16
-1209709.5028543025,1974175.4851246772,16
-1209246.1901377751,1974175.4851246772,16
-1208782.8774212475,1974175.4851246772,16
-1208319.5647047202,1974175.4851246772,16
-1207856.2519881926,1974175.4851246772,16
-1207392.9392716652,1974175.4851246772,16
-1206929.6265551376,1974175.4851246772,16
-1206466.3138386102,1974175.4851246772,16
-1206003.0011220826,1974175.4851246772,16
-1205539.6884055552,1974175.4851246772,16
-1205076.3756890276,1974175.4851246772,16
-1204613.0629725,1974175.4851246772,16
-1204149.7502559726,1974175.4851246772,16
-1203686.4375394452,1974175.4851246772,16
-1203223.1248229176,1974175.4851246772,16
-1202759.81210639,1974175.4851246772,16
-1202296.4993898626,1974175.4851246772,16
-1201833.186673335,1974175.4851246772,16
-1201369.8739568077,1974175.4851246772,16
-1200906.56124028,1974175.4851246772,16
-1200443.2485237527,1974175.4851246772,16
-1199979.935807225,1974175.4851246772,16
-1199516.6230906977,1974175.4851246772,16
-1199053.31037417,1974175.4851246772,16
-1198589.9976576427,1974175.4851246772,16
-1198126.684941115,1974175.4851246772,16
-1197663.3722245875,1974175.4851246772,16
-1197200.05950806,1974175.4851246772,16
-1196736.7467915327,1974175.4851246772,16
-1196273.4340750051,1974175.4851246772,16
-1195810.1213584775,1974175.4851246772,16
-1195346.8086419501,1974175.4851246772,16
-1194883.4959254225,1974175.4851246772,16
-1194420.1832088951,1974175.4851246772,16
-1193956.8704923675,1974175.4851246772,16
-1193493.5577758402,1974175.4851246772,16
-1193030.2450593126,1974175.4851246772,16
-1192566.9323427852,1974175.4851246772,16
-1192103.6196262576,1974175.4851246772,16
-1191640.3069097302,1974175.4851246772,16
-1191176.9941932026,1974175.4851246772,16
-1190713.6814766752,1974175.4851246772,16
-1190250.3687601476,1974175.4851246772,16
-1189787.0560436202,1974175.4851246772,16
-1189323.7433270926,1974175.4851246772,16
-1188860.430610565,1974175.4851246772,16
-1188397.1178940376,1974175.4851246772,16
-1187933.80517751,1974175.4851246772,16
-1187470.4924609826,1974175.4851246772,16
-1187007.179744455,1974175.4851246772,16
-1186543.8670279277,1974175.4851246772,16
-1186080.5543114,1974175.4851246772,16
-1185617.2415948727,1974175.4851246772,16
-1185153.928878345,1974175.4851246772,16
-1184690.6161618177,1974175.4851246772,16
-1184227.30344529,1974175.4851246772,16
-1183763.9907287627,1974175.4851246772,16
-1183300.678012235,1974175.4851246772,16
-1182837.3652957077,1974175.4851246772,16
-1182374.05257918,1974175.4851246772,16
-1181910.7398626525,1974175.4851246772,16
-1181447.4271461251,1974175.4851246772,16
-1180984.1144295975,1974175.4851246772,16
-1180520.8017130701,1974175.4851246772,16
-1180057.4889965425,1974175.4851246772,16
-1179594.1762800151,1974175.4851246772,16
-1179130.8635634875,1974175.4851246772,16
-1178667.5508469602,1974175.4851246772,16
-1178204.2381304326,1974175.4851246772,16
-1177740.9254139052,1974175.4851246772,16
-1177277.6126973776,1974175.4851246772,16
-1176814.2999808502,1974175.4851246772,16
-1176350.9872643226,1974175.4851246772,16
-1175887.6745477952,1974175.4851246772,16
-1175424.3618312676,1974175.4851246772,16
-1174961.04911474,1974175.4851246772,16
-1174497.7363982126,1974175.4851246772,16
-1174034.4236816852,1974175.4851246772,16
-1173571.1109651576,1974175.4851246772,16
-1173107.79824863,1974175.4851246772,16
-1215269.2554526327,1973712.1724081498,16
-1214805.942736105,1973712.1724081498,16
-1214342.6300195777,1973712.1724081498,16
-1213879.31730305,1973712.1724081498,16
-1213416.0045865227,1973712.1724081498,10
-1212952.691869995,1973712.1724081498,16
-1212489.3791534677,1973712.1724081498,16
-1212026.06643694,1973712.1724081498,16
-1211562.7537204125,1973712.1724081498,16
-1211099.4410038851,1973712.1724081498,16
-1210636.1282873575,1973712.1724081498,16
-1210172.8155708301,1973712.1724081498,16
-1209709.5028543025,1973712.1724081498,16
-1209246.1901377751,1973712.1724081498,16
-1208782.8774212475,1973712.1724081498,16
-1208319.5647047202,1973712.1724081498,16
-1207856.2519881926,1973712.1724081498,16
-1207392.9392716652,1973712.1724081498,16
-1206929.6265551376,1973712.1724081498,16
-1206466.3138386102,1973712.1724081498,16
-1206003.0011220826,1973712.1724081498,16
-1205539.6884055552,1973712.1724081498,16
-1205076.3756890276,1973712.1724081498,16
-1204613.0629725,1973712.1724081498,16
-1204149.7502559726,1973712.1724081498,16
-1203686.4375394452,1973712.1724081498,16
-1203223.1248229176,1973712.1724081498,16
-1202759.81210639,1973712.1724081498,16
-1202296.4993898626,1973712.1724081498,16
-1201833.186673335,1973712.1724081498,16
-1201369.8739568077,1973712.1724081498,16
-1200906.56124028,1973712.1724081498,16
-1200443.2485237527,1973712.1724081498,16
-1199979.935807225,1973712.1724081498,16
-1199516.6230906977,1973712.1724081498,16
-1199053.31037417,1973712.1724081498,16
-1198589.9976576427,1973712.1724081498,16
-1198126.684941115,1973712.1724081498,16
-1197663.3722245875,1973712.1724081498,16
-1197200.05950806,1973712.1724081498,16
-1196736.7467915327,1973712.1724081498,16
-1196273.4340750051,1973712.1724081498,16
-1195810.1213584775,1973712.1724081498,16
-1195346.8086419501,1973712.1724081498,16
-1194883.4959254225,1973712.1724081498,16
-1194420.1832088951,1973712.1724081498,16
-1193956.8704923675,1973712.1724081498,16
-1193493.5577758402,1973712.1724081498,16
-1193030.2450593126,1973712.1724081498,16
-1192566.9323427852,1973712.1724081498,16
-1192103.6196262576,1973712.1724081498,16
-1191640.3069097302,1973712.1724081498,16
-1191176.9941932026,1973712.1724081498,16
-1190713.6814766752,1973712.1724081498,16
-1190250.3687601476,1973712.1724081498,16
-1189787.0560436202,1973712.1724081498,16
-1189323.7433270926,1973712.1724081498,16
-1188860.430610565,1973712.1724081498,16
-1188397.1178940376,1973712.1724081498,16
-1187933.80517751,1973712.1724081498,16
-1187470.4924609826,1973712.1724081498,16
-1187007.179744455,1973712.1724081498,16
-1186543.8670279277,1973712.1724081498,16
-1186080.5543114,1973712.1724081498,16
-1185617.2415948727,1973712.1724081498,16
-1185153.928878345,1973712.1724081498,16
-1184690.6161618177,1973712.1724081498,16
-1184227.30344529,1973712.1724081498,16
-1183763.9907287627,1973712.1724081498,16
-1183300.678012235,1973712.1724081498,16
-1182837.3652957077,1973712.1724081498,16
-1182374.05257918,1973712.1724081498,16
-1181910.7398626525,1973712.1724081498,16
-1181447.4271461251,1973712.1724081498,16
-1180984.1144295975,1973712.1724081498,16
-1180520.8017130701,1973712.1724081498,16
-1180057.4889965425,1973712.1724081498,16
-1179594.1762800151,1973712.1724081498,16
-1179130.8635634875,1973712.1724081498,16
-1178667.5508469602,1973712.1724081498,16
-1178204.2381304326,1973712.1724081498,16
-1177740.9254139052,1973712.1724081498,16
-1177277.6126973776,1973712.1724081498,16
-1176814.2999808502,1973712.1724081498,16
-1176350.9872643226,1973712.1724081498,16
-1175887.6745477952,1973712.1724081498,16
-1175424.3618312676,1973712.1724081498,16
-1174961.04911474,1973712.1724081498,16
-1174497.7363982126,1973712.1724081498,16
-1174034.4236816852,1973712.1724081498,16
-1173571.1109651576,1973712.1724081498,16
-1173107.79824863,1973712.1724081498,16
-1215732.56816916,1973248.8596916222,16
-1215269.2554526327,1973248.8596916222,16
-1214805.942736105,1973248.8596916222,16
-1214342.6300195777,1973248.8596916222,16
-1213879.31730305,1973248.8596916222,16
-1213416.0045865227,1973248.8596916222,16
-1212952.691869995,1973248.8596916222,16
-1212489.3791534677,1973248.8596916222,16
-1212026.06643694,1973248.8596916222,16
-1211562.7537204125,1973248.8596916222,16
-1211099.4410038851,1973248.8596916222,16
-1210636.1282873575,1973248.8596916222,16
-1210172.8155708301,1973248.8596916222,16
-1209709.5028543025,1973248.8596916222,7
-1209246.1901377751,1973248.8596916222,7
-1208782.8774212475,1973248.8596916222,10
-1208319.5647047202,1973248.8596916222,16
-1207856.2519881926,1973248.8596916222,16
-1207392.9392716652,1973248.8596916222,16
-1206929.6265551376,1973248.8596916222,16
-1206466.3138386102,1973248.8596916222,16
-1206003.0011220826,1973248.8596916222,16
-1205539.6884055552,1973248.8596916222,16
-1205076.3756890276,1973248.8596916222,16
-1204613.0629725,1973248.8596916222,16
-1204149.7502559726,1973248.8596916222,16
-1203686.4375394452,1973248.8596916222,16
-1203223.1248229176,1973248.8596916222,16
-1202759.81210639,1973248.8596916222,16
-1202296.4993898626,1973248.8596916222,16
-1201833.186673335,1973248.8596916222,16
-1201369.8739568077,1973248.8596916222,16
-1200906.56124028,1973248.8596916222,16
-1200443.2485237527,1973248.8596916222,16
-1199979.935807225,1973248.8596916222,16
-1199516.6230906977,1973248.8596916222,16
-1199053.31037417,1973248.8596916222,16
-1198589.9976576427,1973248.8596916222,16
-1198126.684941115,1973248.8596916222,16
-1197663.3722245875,1973248.8596916222,16
-1197200.05950806,1973248.8596916222,16
-1196736.7467915327,1973248.8596916222,16
-1196273.4340750051,1973248.8596916222,16
-1195810.1213584775,1973248.8596916222,16
-1195346.8086419501,1973248.8596916222,16
-1194883.4959254225,1973248.8596916222,16
-1194420.1832088951,1973248.8596916222,16
-1193956.8704923675,1973248.8596916222,16
-1193493.5577758402,1973248.8596916222,16
-1193030.2450593126,1973248.8596916222,16
-1192566.9323427852,1973248.8596916222,16
-1192103.6196262576,1973248.8596916222,16
-1191640.3069097302,1973248.8596916222,16
-1191176.9941932026,1973248.8596916222,16
-1190713.6814766752,1973248.8596916222,16
-1190250.3687601476,1973248.8596916222,16
-1189787.0560436202,1973248.8596916222,16
-1189323.7433270926,1973248.8596916222,16
-1188860.430610565,1973248.8596916222,16
-1188397.1178940376,1973248.8596916222,16
-1187933.80517751,1973248.8596916222,16
-1187470.4924609826,1973248.8596916222,16
-1187007.179744455,1973248.8596916222,16
-1186543.8670279277,1973248.8596916222,16
-1186080.5543114,1973248.8596916222,16
-1185617.2415948727,1973248.8596916222,16
-1185153.928878345,1973248.8596916222,16
-1184690.6161618177,1973248.8596916222,16
-1184227.30344529,1973248.8596916222,16
-1183763.9907287627,1973248.8596916222,16
-1183300.678012235,1973248.8596916222,16
-1182837.3652957077,1973248.8596916222,16
-1182374.05257918,1973248.8596916222,16
-1181910.7398626525,1973248.8596916222,16
-1181447.4271461251,1973248.8596916222,16
-1180984.1144295975,1973248.8596916222,16
-1180520.8017130701,1973248.8596916222,16
-1180057.4889965425,1973248.8596916222,16
-1179594.1762800151,1973248.8596916222,16
-1179130.8635634875,1973248.8596916222,16
-1178667.5508469602,1973248.8596916222,16
-1178204.2381304326,1973248.8596916222,16
-1177740.9254139052,1973248.8596916222,16
-1177277.6126973776,1973248.8596916222,16
-1176814.2999808502,1973248.8596916222,16
-1176350.9872643226,1973248.8596916222,16
-1175887.6745477952,1973248.8596916222,16
-1175424.3618312676,1973248.8596916222,16
-1174961.04911474,1973248.8596916222,16
-1174497.7363982126,1973248.8596916222,16
-1174034.4236816852,1973248.8596916222,16
-1173571.1109651576,1973248.8596916222,16
-1173107.79824863,1973248.8596916222,16
-1216195.8808856877,1972785.5469750948,16
-1215732.56816916,1972785.5469750948,16
-1215269.2554526327,1972785.5469750948,16
-1214805.942736105,1972785.5469750948,16
-1214342.6300195777,1972785.5469750948,16
-1213879.31730305,1972785.5469750948,16
-1213416.0045865227,1972785.5469750948,16
-1212952.691869995,1972785.5469750948,16
-1212489.3791534677,1972785.5469750948,16
-1212026.06643694,1972785.5469750948,16
-1211562.7537204125,1972785.5469750948,16
-1211099.4410038851,1972785.5469750948,16
-1210636.1282873575,1972785.5469750948,16
-1210172.8155708301,1972785.5469750948,16
-1209709.5028543025,1972785.5469750948,16
-1209246.1901377751,1972785.5469750948,16
-1208782.8774212475,1972785.5469750948,10
-1208319.5647047202,1972785.5469750948,10
-1207856.2519881926,1972785.5469750948,16
-1207392.9392716652,1972785.5469750948,10
-1206929.6265551376,1972785.5469750948,16
-1206466.3138386102,1972785.5469750948,16
-1206003.0011220826,1972785.5469750948,16
-1205539.6884055552,1972785.5469750948,16
-1205076.3756890276,1972785.5469750948,16
-1204613.0629725,1972785.5469750948,16
-1204149.7502559726,1972785.5469750948,16
-1203686.4375394452,1972785.5469750948,16
-1203223.1248229176,1972785.5469750948,16
-1202759.81210639,1972785.5469750948,16
-1202296.4993898626,1972785.5469750948,16
-1201833.186673335,1972785.5469750948,16
-1201369.8739568077,1972785.5469750948,16
-1200906.56124028,1972785.5469750948,16
-1200443.2485237527,1972785.5469750948,16
-1199979.935807225,1972785.5469750948,16
-1199516.6230906977,1972785.5469750948,16
-1199053.31037417,1972785.5469750948,16
-1198589.9976576427,1972785.5469750948,16
-1198126.684941115,1972785.5469750948,16
-1197663.3722245875,1972785.5469750948,16
-1197200.05950806,1972785.5469750948,16
-1196736.7467915327,1972785.5469750948,16
-1196273.4340750051,1972785.5469750948,16
-1195810.1213584775,1972785.5469750948,16
-1195346.8086419501,1972785.5469750948,16
-1194883.4959254225,1972785.5469750948,16
-1194420.1832088951,1972785.5469750948,16
-1193956.8704923675,1972785.5469750948,16
-1193493.5577758402,1972785.5469750948,16
-1193030.2450593126,1972785.5469750948,16
-1192566.9323427852,1972785.5469750948,16
-1192103.6196262576,1972785.5469750948,16
-1191640.3069097302,1972785.5469750948,16
-1191176.9941932026,1972785.5469750948,16
-1190713.6814766752,1972785.5469750948,16
-1190250.3687601476,1972785.5469750948,16
-1189787.0560436202,1972785.5469750948,16
-1189323.7433270926,1972785.5469750948,16
-1188860.430610565,1972785.5469750948,16
-1188397.1178940376,1972785.5469750948,16
-1187933.80517751,1972785.5469750948,16
-1187470.4924609826,1972785.5469750948,16
-1187007.179744455,1972785.5469750948,16
-1186543.8670279277,1972785.5469750948,16
-1186080.5543114,1972785.5469750948,16
-1185617.2415948727,1972785.5469750948,16
-1185153.928878345,1972785.5469750948,16
-1184690.6161618177,1972785.5469750948,16
-1184227.30344529,1972785.5469750948,16
-1183763.9907287627,1972785.5469750948,16
-1183300.678012235,1972785.5469750948,16
-1182837.3652957077,1972785.5469750948,16
-1182374.05257918,1972785.5469750948,16
-1181910.7398626525,1972785.5469750948,16
-1181447.4271461251,1972785.5469750948,16
-1180984.1144295975,1972785.5469750948,16
-1180520.8017130701,1972785.5469750948,16
-1180057.4889965425,1972785.5469750948,16
-1179594.1762800151,1972785.5469750948,16
-1179130.8635634875,1972785.5469750948,16
-1178667.5508469602,1972785.5469750948,16
-1178204.2381304326,1972785.5469750948,16
-1177740.9254139052,1972785.5469750948,16
-1177277.6126973776,1972785.5469750948,16
-1176814.2999808502,1972785.5469750948,16
-1176350.9872643226,1972785.5469750948,16
-1175887.6745477952,1972785.5469750948,16
-1175424.3618312676,1972785.5469750948,16
-1174961.04911474,1972785.5469750948,16
-1174497.7363982126,1972785.5469750948,16
-1174034.4236816852,1972785.5469750948,16
-1173571.1109651576,1972785.5469750948,16
-1214342.6300195777,1972322.2342585672,16
-1213879.31730305,1972322.2342585672,16
-1213416.0045865227,1972322.2342585672,10
-1212952.691869995,1972322.2342585672,16
-1212489.3791534677,1972322.2342585672,16
-1212026.06643694,1972322.2342585672,16
-1211562.7537204125,1972322.2342585672,16
-1211099.4410038851,1972322.2342585672,16
-1210636.1282873575,1972322.2342585672,16
-1210172.8155708301,1972322.2342585672,16
-1209709.5028543025,1972322.2342585672,16
-1209246.1901377751,1972322.2342585672,16
-1208782.8774212475,1972322.2342585672,16
-1208319.5647047202,1972322.2342585672,7
-1207856.2519881926,1972322.2342585672,10
-1207392.9392716652,1972322.2342585672,10
-1206929.6265551376,1972322.2342585672,10
-1206466.3138386102,1972322.2342585672,10
-1206003.0011220826,1972322.2342585672,16
-1205539.6884055552,1972322.2342585672,16
-1205076.3756890276,1972322.2342585672,16
-1204613.0629725,1972322.2342585672,16
-1204149.7502559726,1972322.2342585672,16
-1203686.4375394452,1972322.2342585672,16
-1203223.1248229176,1972322.2342585672,16
-1202759.81210639,1972322.2342585672,16
-1202296.4993898626,1972322.2342585672,16
-1201833.186673335,1972322.2342585672,16
-1201369.8739568077,1972322.2342585672,16
-1200906.56124028,1972322.2342585672,16
-1200443.2485237527,1972322.2342585672,16
-1199979.935807225,1972322.2342585672,16
-1199516.6230906977,1972322.2342585672,16
-1199053.31037417,1972322.2342585672,16
-1198589.9976576427,1972322.2342585672,16
-1198126.684941115,1972322.2342585672,16
-1197663.3722245875,1972322.2342585672,16
-1197200.05950806,1972322.2342585672,16
-1196736.7467915327,1972322.2342585672,16
-1196273.4340750051,1972322.2342585672,16
-1195810.1213584775,1972322.2342585672,16
-1195346.8086419501,1972322.2342585672,16
-1194883.4959254225,1972322.2342585672,16
-1194420.1832088951,1972322.2342585672,16
-1193956.8704923675,1972322.2342585672,16
-1193493.5577758402,1972322.2342585672,16
-1193030.2450593126,1972322.2342585672,16
-1192566.9323427852,1972322.2342585672,16
-1192103.6196262576,1972322.2342585672,16
-1191640.3069097302,1972322.2342585672,16
-1191176.9941932026,1972322.2342585672,16
-1190713.6814766752,1972322.2342585672,16
-1190250.3687601476,1972322.2342585672,16
-1189787.0560436202,1972322.2342585672,16
-1189323.7433270926,1972322.2342585672,16
-1188860.430610565,1972322.2342585672,16
-1188397.1178940376,1972322.2342585672,16
-1187933.80517751,1972322.2342585672,16
-1187470.4924609826,1972322.2342585672,16
-1187007.179744455,1972322.2342585672,16
-1186543.8670279277,1972322.2342585672,16
-1186080.5543114,1972322.2342585672,16
-1185617.2415948727,1972322.2342585672,16
-1185153.928878345,1972322.2342585672,16
-1184690.6161618177,1972322.2342585672,16
-1184227.30344529,1972322.2342585672,16
-1183763.9907287627,1972322.2342585672,16
-1183300.678012235,1972322.2342585672,16
-1182837.3652957077,1972322.2342585672,16
-1182374.05257918,1972322.2342585672,16
-1181910.7398626525,1972322.2342585672,16
-1181447.4271461251,1972322.2342585672,16
-1180984.1144295975,1972322.2342585672,16
-1180520.8017130701,1972322.2342585672,16
-1180057.4889965425,1972322.2342585672,16
-1179594.1762800151,1972322.2342585672,16
-1179130.8635634875,1972322.2342585672,16
-1178667.5508469602,1972322.2342585672,16
-1178204.2381304326,1972322.2342585672,16
-1177740.9254139052,1972322.2342585672,16
-1177277.6126973776,1972322.2342585672,16
-1176814.2999808502,1972322.2342585672,16
-1176350.9872643226,1972322.2342585672,16
-1175887.6745477952,1972322.2342585672,16
-1175424.3618312676,1972322.2342585672,16
-1174961.04911474,1972322.2342585672,16
-1174497.7363982126,1972322.2342585672,16
-1174034.4236816852,1972322.2342585672,16
-1173571.1109651576,1972322.2342585672,16
-1214342.6300195777,1971858.9215420396,16
-1213879.31730305,1971858.9215420396,16
-1213416.0045865227,1971858.9215420396,16
-1212952.691869995,1971858.9215420396,16
-1212489.3791534677,1971858.9215420396,16
-1212026.06643694,1971858.9215420396,16
-1211562.7537204125,1971858.9215420396,16
-1211099.4410038851,1971858.9215420396,16
-1210636.1282873575,1971858.9215420396,16
-1210172.8155708301,1971858.9215420396,16
-1209709.5028543025,1971858.9215420396,16
-1209246.1901377751,1971858.9215420396,16
-1208782.8774212475,1971858.9215420396,16
-1208319.5647047202,1971858.9215420396,16
-1207856.2519881926,1971858.9215420396,7
-1207392.9392716652,1971858.9215420396,7
-1206929.6265551376,1971858.9215420396,16
-1206466.3138386102,1971858.9215420396,16
-1206003.0011220826,1971858.9215420396,10
-1205539.6884055552,1971858.9215420396,16
-1205076.3756890276,1971858.9215420396,16
-1204613.0629725,1971858.9215420396,16
-1204149.7502559726,1971858.9215420396,16
-1203686.4375394452,1971858.9215420396,16
-1203223.1248229176,1971858.9215420396,16
-1202759.81210639,1971858.9215420396,16
-1202296.4993898626,1971858.9215420396,16
-1201833.186673335,1971858.9215420396,16
-1201369.8739568077,1971858.9215420396,16
-1200906.56124028,1971858.9215420396,16
-1200443.2485237527,1971858.9215420396,16
-1199979.935807225,1971858.9215420396,16
-1199516.6230906977,1971858.9215420396,16
-1199053.31037417,1971858.9215420396,16
-1198589.9976576427,1971858.9215420396,16
-1198126.684941115,1971858.9215420396,16
-1197663.3722245875,1971858.9215420396,16
-1197200.05950806,1971858.9215420396,16
-1196736.7467915327,1971858.9215420396,16
-1196273.4340750051,1971858.9215420396,16
-1195810.1213584775,1971858.9215420396,16
-1195346.8086419501,1971858.9215420396,16
-1194883.4959254225,1971858.9215420396,16
-1194420.1832088951,1971858.9215420396,16
-1193956.8704923675,1971858.9215420396,16
-1193493.5577758402,1971858.9215420396,16
-1193030.2450593126,1971858.9215420396,16
-1192566.9323427852,1971858.9215420396,16
-1192103.6196262576,1971858.9215420396,16
-1191640.3069097302,1971858.9215420396,16
-1191176.9941932026,1971858.9215420396,16
-1190713.6814766752,1971858.9215420396,16
-1190250.3687601476,1971858.9215420396,16
-1189787.0560436202,1971858.9215420396,16
-1189323.7433270926,1971858.9215420396,16
-1188860.430610565,1971858.9215420396,16
-1188397.1178940376,1971858.9215420396,16
-1187933.80517751,1971858.9215420396,16
-1187470.4924609826,1971858.9215420396,16
-1187007.179744455,1971858.9215420396,16
-1186543.8670279277,1971858.9215420396,16
-1186080.5543114,1971858.9215420396,16
-1185617.2415948727,1971858.9215420396,16
-1185153.928878345,1971858.9215420396,16
-1184690.6161618177,1971858.9215420396,16
-1184227.30344529,1971858.9215420396,16
-1183763.9907287627,1971858.9215420396,16
-1183300.678012235,1971858.9215420396,16
-1182837.3652957077,1971858.9215420396,16
-1182374.05257918,1971858.9215420396,16
-1181910.7398626525,1971858.9215420396,16
-1181447.4271461251,1971858.9215420396,16
-1180984.1144295975,1971858.9215420396,16
-1180520.8017130701,1971858.9215420396,16
-1180057.4889965425,1971858.9215420396,16
-1179594.1762800151,1971858.9215420396,16
-1179130.8635634875,1971858.9215420396,16
-1178667.5508469602,1971858.9215420396,16
-1178204.2381304326,1971858.9215420396,16
-1177740.9254139052,1971858.9215420396,16
-1177277.6126973776,1971858.9215420396,16
-1176814.2999808502,1971858.9215420396,16
-1176350.9872643226,1971858.9215420396,16
-1175887.6745477952,1971858.9215420396,16
-1175424.3618312676,1971858.9215420396,16
-1174961.04911474,1971858.9215420396,16
-1174497.7363982126,1971858.9215420396,16
-1174034.4236816852,1971858.9215420396,16
-1173571.1109651576,1971858.9215420396,16
-1213879.31730305,1971395.6088255122,16
-1213416.0045865227,1971395.6088255122,16
-1212952.691869995,1971395.6088255122,16
-1212489.3791534677,1971395.6088255122,16
-1212026.06643694,1971395.6088255122,16
-1211562.7537204125,1971395.6088255122,16
-1211099.4410038851,1971395.6088255122,16
-1210636.1282873575,1971395.6088255122,16
-1210172.8155708301,1971395.6088255122,16
-1209709.5028543025,1971395.6088255122,16
-1209246.1901377751,1971395.6088255122,16
-1208782.8774212475,1971395.6088255122,16
-1208319.5647047202,1971395.6088255122,16
-1207856.2519881926,1971395.6088255122,16
-1207392.9392716652,1971395.6088255122,16
-1206929.6265551376,1971395.6088255122,16
-1206466.3138386102,1971395.6088255122,16
-1206003.0011220826,1971395.6088255122,10
-1205539.6884055552,1971395.6088255122,16
-1205076.3756890276,1971395.6088255122,16
-1204613.0629725,1971395.6088255122,16
-1204149.7502559726,1971395.6088255122,16
-1203686.4375394452,1971395.6088255122,16
-1203223.1248229176,1971395.6088255122,16
-1202759.81210639,1971395.6088255122,16
-1202296.4993898626,1971395.6088255122,16
-1201833.186673335,1971395.6088255122,16
-1201369.8739568077,1971395.6088255122,16
-1200906.56124028,1971395.6088255122,16
-1200443.2485237527,1971395.6088255122,16
-1199979.935807225,1971395.6088255122,16
-1199516.6230906977,1971395.6088255122,16
-1199053.31037417,1971395.6088255122,16
-1198589.9976576427,1971395.6088255122,16
-1198126.684941115,1971395.6088255122,16
-1197663.3722245875,1971395.6088255122,16
-1197200.05950806,1971395.6088255122,16
-1196736.7467915327,1971395.6088255122,16
-1196273.4340750051,1971395.6088255122,16
-1195810.1213584775,1971395.6088255122,16
-1195346.8086419501,1971395.6088255122,16
-1194883.4959254225,1971395.6088255122,16
-1194420.1832088951,1971395.6088255122,16
-1193956.8704923675,1971395.6088255122,16
-1193493.5577758402,1971395.6088255122,16
-1193030.2450593126,1971395.6088255122,16
-1192566.9323427852,1971395.6088255122,16
-1192103.6196262576,1971395.6088255122,16
-1191640.3069097302,1971395.6088255122,16
-1191176.9941932026,1971395.6088255122,16
-1190713.6814766752,1971395.6088255122,16
-1190250.3687601476,1971395.6088255122,16
-1189787.0560436202,1971395.6088255122,16
-1189323.7433270926,1971395.6088255122,16
-1188860.430610565,1971395.6088255122,16
-1188397.1178940376,1971395.6088255122,16
-1187933.80517751,1971395.6088255122,16
-1187470.4924609826,1971395.6088255122,16
-1187007.179744455,1971395.6088255122,16
-1186543.8670279277,1971395.6088255122,16
-1186080.5543114,1971395.6088255122,16
-1185617.2415948727,1971395.6088255122,16
-1185153.928878345,1971395.6088255122,16
-1184690.6161618177,1971395.6088255122,16
-1184227.30344529,1971395.6088255122,16
-1183763.9907287627,1971395.6088255122,16
-1183300.678012235,1971395.6088255122,16
-1182837.3652957077,1971395.6088255122,16
-1182374.05257918,1971395.6088255122,16
-1181910.7398626525,1971395.6088255122,16
-1181447.4271461251,1971395.6088255122,16
-1180984.1144295975,1971395.6088255122,16
-1180520.8017130701,1971395.6088255122,16
-1180057.4889965425,1971395.6088255122,16
-1179594.1762800151,1971395.6088255122,16
-1179130.8635634875,1971395.6088255122,16
-1178667.5508469602,1971395.6088255122,16
-1178204.2381304326,1971395.6088255122,16
-1177740.9254139052,1971395.6088255122,16
-1177277.6126973776,1971395.6088255122,16
-1176814.2999808502,1971395.6088255122,16
-1176350.9872643226,1971395.6088255122,16
-1175887.6745477952,1971395.6088255122,16
-1175424.3618312676,1971395.6088255122,16
-1174961.04911474,1971395.6088255122,16
-1174497.7363982126,1971395.6088255122,16
-1174034.4236816852,1971395.6088255122,16
-1173571.1109651576,1971395.6088255122,16
-1213416.0045865227,1970932.2961089846,16
-1212952.691869995,1970932.2961089846,16
-1212489.3791534677,1970932.2961089846,16
-1212026.06643694,1970932.2961089846,16
-1211562.7537204125,1970932.2961089846,16
-1211099.4410038851,1970932.2961089846,16
-1210636.1282873575,1970932.2961089846,16
-1210172.8155708301,1970932.2961089846,16
-1209709.5028543025,1970932.2961089846,16
-1209246.1901377751,1970932.2961089846,16
-1208782.8774212475,1970932.2961089846,16
-1208319.5647047202,1970932.2961089846,16
-1207856.2519881926,1970932.2961089846,16
-1207392.9392716652,1970932.2961089846,16
-1206929.6265551376,1970932.2961089846,16
-1206466.3138386102,1970932.2961089846,16
-1206003.0011220826,1970932.2961089846,16
-1205539.6884055552,1970932.2961089846,16
-1205076.3756890276,1970932.2961089846,16
-1204613.0629725,1970932.2961089846,16
-1204149.7502559726,1970932.2961089846,16
-1203686.4375394452,1970932.2961089846,16
-1203223.1248229176,1970932.2961089846,16
-1202759.81210639,1970932.2961089846,16
-1202296.4993898626,1970932.2961089846,16
-1201833.186673335,1970932.2961089846,16
-1201369.8739568077,1970932.2961089846,16
-1200906.56124028,1970932.2961089846,16
-1200443.2485237527,1970932.2961089846,16
-1199979.935807225,1970932.2961089846,16
-1199516.6230906977,1970932.2961089846,16
-1199053.31037417,1970932.2961089846,16
-1198589.9976576427,1970932.2961089846,16
-1198126.684941115,1970932.2961089846,16
-1197663.3722245875,1970932.2961089846,16
-1197200.05950806,1970932.2961089846,16
-1196736.7467915327,1970932.2961089846,16
-1196273.4340750051,1970932.2961089846,16
-1195810.1213584775,1970932.2961089846,16
-1195346.8086419501,1970932.2961089846,16
-1194883.4959254225,1970932.2961089846,16
-1194420.1832088951,1970932.2961089846,16
-1193956.8704923675,1970932.2961089846,16
-1193493.5577758402,1970932.2961089846,16
-1193030.2450593126,1970932.2961089846,16
-1192566.9323427852,1970932.2961089846,16
-1192103.6196262576,1970932.2961089846,16
-1191640.3069097302,1970932.2961089846,16
-1191176.9941932026,1970932.2961089846,16
-1190713.6814766752,1970932.2961089846,16
-1190250.3687601476,1970932.2961089846,16
-1189787.0560436202,1970932.2961089846,16
-1189323.7433270926,1970932.2961089846,16
-1188860.430610565,1970932.2961089846,16
-1188397.1178940376,1970932.2961089846,16
-1187933.80517751,1970932.2961089846,16
-1187470.4924609826,1970932.2961089846,16
-1187007.179744455,1970932.2961089846,16
-1186543.8670279277,1970932.2961089846,16
-1186080.5543114,1970932.2961089846,16
-1185617.2415948727,1970932.2961089846,16
-1185153.928878345,1970932.2961089846,16
-1184690.6161618177,1970932.2961089846,16
-1184227.30344529,1970932.2961089846,16
-1183763.9907287627,1970932.2961089846,16
-1183300.678012235,1970932.2961089846,16
-1182837.3652957077,1970932.2961089846,16
-1182374.05257918,1970932.2961089846,16
-1181910.7398626525,1970932.2961089846,16
-1181447.4271461251,1970932.2961089846,16
-1180984.1144295975,1970932.2961089846,16
-1180520.8017130701,1970932.2961089846,16
-1180057.4889965425,1970932.2961089846,16
-1179594.1762800151,1970932.2961089846,16
-1179130.8635634875,1970932.2961089846,16
-1178667.5508469602,1970932.2961089846,16
-1178204.2381304326,1970932.2961089846,16
-1177740.9254139052,1970932.2961089846,16
-1177277.6126973776,1970932.2961089846,16
-1176814.2999808502,1970932.2961089846,16
-1176350.9872643226,1970932.2961089846,16
-1175887.6745477952,1970932.2961089846,16
-1175424.3618312676,1970932.2961089846,16
-1174961.04911474,1970932.2961089846,16
-1174497.7363982126,1970932.2961089846,16
-1174034.4236816852,1970932.2961089846,16
-1212952.691869995,1970468.9833924572,16
-1212489.3791534677,1970468.9833924572,16
-1212026.06643694,1970468.9833924572,16
-1211562.7537204125,1970468.9833924572,16
-1211099.4410038851,1970468.9833924572,16
-1210636.1282873575,1970468.9833924572,16
-1210172.8155708301,1970468.9833924572,16
-1209709.5028543025,1970468.9833924572,16
-1209246.1901377751,1970468.9833924572,16
-1208782.8774212475,1970468.9833924572,16
-1208319.5647047202,1970468.9833924572,16
-1207856.2519881926,1970468.9833924572,16
-1207392.9392716652,1970468.9833924572,16
-1206929.6265551376,1970468.9833924572,16
-1206466.3138386102,1970468.9833924572,16
-1206003.0011220826,1970468.9833924572,16
-1205539.6884055552,1970468.9833924572,16
-1205076.3756890276,1970468.9833924572,16
-1204613.0629725,1970468.9833924572,16
-1204149.7502559726,1970468.9833924572,16
-1203686.4375394452,1970468.9833924572,16
-1203223.1248229176,1970468.9833924572,16
-1202759.81210639,1970468.9833924572,16
-1202296.4993898626,1970468.9833924572,16
-1201833.186673335,1970468.9833924572,16
-1201369.8739568077,1970468.9833924572,16
-1200906.56124028,1970468.9833924572,16
-1200443.2485237527,1970468.9833924572,16
-1199979.935807225,1970468.9833924572,16
-1199516.6230906977,1970468.9833924572,16
-1199053.31037417,1970468.9833924572,16
-1198589.9976576427,1970468.9833924572,16
-1198126.684941115,1970468.9833924572,16
-1197663.3722245875,1970468.9833924572,16
-1197200.05950806,1970468.9833924572,16
-1196736.7467915327,1970468.9833924572,16
-1196273.4340750051,1970468.9833924572,16
-1195810.1213584775,1970468.9833924572,16
-1195346.8086419501,1970468.9833924572,16
-1194883.4959254225,1970468.9833924572,16
-1194420.1832088951,1970468.9833924572,16
-1193956.8704923675,1970468.9833924572,16
-1193493.5577758402,1970468.9833924572,16
-1193030.2450593126,1970468.9833924572,16
-1192566.9323427852,1970468.9833924572,16
-1192103.6196262576,1970468.9833924572,16
-1191640.3069097302,1970468.9833924572,16
-1191176.9941932026,1970468.9833924572,16
-1190713.6814766752,1970468.9833924572,16
-1190250.3687601476,1970468.9833924572,16
-1189787.0560436202,1970468.9833924572,16
-1189323.7433270926,1970468.9833924572,16
-1188860.430610565,1970468.9833924572,16
-1188397.1178940376,1970468.9833924572,16
-1187933.80517751,1970468.9833924572,16
-1187470.4924609826,1970468.9833924572,16
-1187007.179744455,1970468.9833924572,16
-1186543.8670279277,1970468.9833924572,16
-1186080.5543114,1970468.9833924572,16
-1185617.2415948727,1970468.9833924572,16
-1185153.928878345,1970468.9833924572,16
-1184690.6161618177,1970468.9833924572,16
-1184227.30344529,1970468.9833924572,16
-1183763.9907287627,1970468.9833924572,16
-1183300.678012235,1970468.9833924572,16
-1182837.3652957077,1970468.9833924572,16
-1182374.05257918,1970468.9833924572,16
-1181910.7398626525,1970468.9833924572,16
-1181447.4271461251,1970468.9833924572,16
-1180984.1144295975,1970468.9833924572,16
-1180520.8017130701,1970468.9833924572,16
-1180057.4889965425,1970468.9833924572,16
-1179594.1762800151,1970468.9833924572,16
-1179130.8635634875,1970468.9833924572,16
-1178667.5508469602,1970468.9833924572,16
-1178204.2381304326,1970468.9833924572,16
-1177740.9254139052,1970468.9833924572,16
-1177277.6126973776,1970468.9833924572,16
-1176814.2999808502,1970468.9833924572,16
-1176350.9872643226,1970468.9833924572,16
-1175887.6745477952,1970468.9833924572,16
-1175424.3618312676,1970468.9833924572,16
-1174961.04911474,1970468.9833924572,16
-1174497.7363982126,1970468.9833924572,16
-1174034.4236816852,1970468.9833924572,16
-1212952.691869995,1970005.6706759296,16
-1212489.3791534677,1970005.6706759296,16
-1212026.06643694,1970005.6706759296,16
-1211562.7537204125,1970005.6706759296,16
-1211099.4410038851,1970005.6706759296,16
-1210636.1282873575,1970005.6706759296,16
-1210172.8155708301,1970005.6706759296,16
-1209709.5028543025,1970005.6706759296,16
-1209246.1901377751,1970005.6706759296,16
-1208782.8774212475,1970005.6706759296,16
-1208319.5647047202,1970005.6706759296,16
-1207856.2519881926,1970005.6706759296,16
-1207392.9392716652,1970005.6706759296,16
-1206929.6265551376,1970005.6706759296,16
-1206466.3138386102,1970005.6706759296,16
-1206003.0011220826,1970005.6706759296,16
-1205539.6884055552,1970005.6706759296,16
-1205076.3756890276,1970005.6706759296,16
-1204613.0629725,1970005.6706759296,16
-1204149.7502559726,1970005.6706759296,16
-1203686.4375394452,1970005.6706759296,16
-1203223.1248229176,1970005.6706759296,16
-1202759.81210639,1970005.6706759296,16
-1202296.4993898626,1970005.6706759296,16
-1201833.186673335,1970005.6706759296,16
-1201369.8739568077,1970005.6706759296,16
-1200906.56124028,1970005.6706759296,16
-1200443.2485237527,1970005.6706759296,16
-1199979.935807225,1970005.6706759296,16
-1199516.6230906977,1970005.6706759296,16
-1199053.31037417,1970005.6706759296,16
-1198589.9976576427,1970005.6706759296,16
-1198126.684941115,1970005.6706759296,16
-1197663.3722245875,1970005.6706759296,16
-1197200.05950806,1970005.6706759296,16
-1196736.7467915327,1970005.6706759296,16
-1196273.4340750051,1970005.6706759296,16
-1195810.1213584775,1970005.6706759296,16
-1195346.8086419501,1970005.6706759296,16
-1194883.4959254225,1970005.6706759296,16
-1194420.1832088951,1970005.6706759296,16
-1193956.8704923675,1970005.6706759296,16
-1193493.5577758402,1970005.6706759296,16
-1193030.2450593126,1970005.6706759296,16
-1192566.9323427852,1970005.6706759296,16
-1192103.6196262576,1970005.6706759296,16
-1191640.3069097302,1970005.6706759296,16
-1191176.9941932026,1970005.6706759296,16
-1190713.6814766752,1970005.6706759296,16
-1190250.3687601476,1970005.6706759296,16
-1189787.0560436202,1970005.6706759296,16
-1189323.7433270926,1970005.6706759296,16
-1188860.430610565,1970005.6706759296,16
-1188397.1178940376,1970005.6706759296,16
-1187933.80517751,1970005.6706759296,16
-1187470.4924609826,1970005.6706759296,16
-1187007.179744455,1970005.6706759296,16
-1186543.8670279277,1970005.6706759296,16
-1186080.5543114,1970005.6706759296,16
-1185617.2415948727,1970005.6706759296,16
-1185153.928878345,1970005.6706759296,16
-1184690.6161618177,1970005.6706759296,16
-1184227.30344529,1970005.6706759296,16
-1183763.9907287627,1970005.6706759296,16
-1183300.678012235,1970005.6706759296,16
-1182837.3652957077,1970005.6706759296,16
-1182374.05257918,1970005.6706759296,16
-1181910.7398626525,1970005.6706759296,16
-1181447.4271461251,1970005.6706759296,16
-1180984.1144295975,1970005.6706759296,16
-1180520.8017130701,1970005.6706759296,16
-1180057.4889965425,1970005.6706759296,16
-1179594.1762800151,1970005.6706759296,16
-1179130.8635634875,1970005.6706759296,16
-1178667.5508469602,1970005.6706759296,16
-1178204.2381304326,1970005.6706759296,16
-1177740.9254139052,1970005.6706759296,16
-1177277.6126973776,1970005.6706759296,16
-1176814.2999808502,1970005.6706759296,16
-1176350.9872643226,1970005.6706759296,16
-1175887.6745477952,1970005.6706759296,16
-1175424.3618312676,1970005.6706759296,16
-1174961.04911474,1970005.6706759296,16
-1174497.7363982126,1970005.6706759296,16
-1174034.4236816852,1970005.6706759296,16
-1212489.3791534677,1969542.3579594023,16
-1212026.06643694,1969542.3579594023,16
-1211562.7537204125,1969542.3579594023,16
-1211099.4410038851,1969542.3579594023,16
-1210636.1282873575,1969542.3579594023,16
-1210172.8155708301,1969542.3579594023,16
-1209709.5028543025,1969542.3579594023,16
-1209246.1901377751,1969542.3579594023,16
-1208782.8774212475,1969542.3579594023,16
-1208319.5647047202,1969542.3579594023,16
-1207856.2519881926,1969542.3579594023,16
-1207392.9392716652,1969542.3579594023,16
-1206929.6265551376,1969542.3579594023,16
-1206466.3138386102,1969542.3579594023,16
-1206003.0011220826,1969542.3579594023,16
-1205539.6884055552,1969542.3579594023,16
-1205076.3756890276,1969542.3579594023,16
-1204613.0629725,1969542.3579594023,16
-1204149.7502559726,1969542.3579594023,16
-1203686.4375394452,1969542.3579594023,16
-1203223.1248229176,1969542.3579594023,16
-1202759.81210639,1969542.3579594023,16
-1202296.4993898626,1969542.3579594023,16
-1201833.186673335,1969542.3579594023,16
-1201369.8739568077,1969542.3579594023,16
-1200906.56124028,1969542.3579594023,16
-1200443.2485237527,1969542.3579594023,16
-1199979.935807225,1969542.3579594023,16
-1199516.6230906977,1969542.3579594023,16
-1199053.31037417,1969542.3579594023,16
-1198589.9976576427,1969542.3579594023,16
-1198126.684941115,1969542.3579594023,16
-1197663.3722245875,1969542.3579594023,16
-1197200.05950806,1969542.3579594023,16
-1196736.7467915327,1969542.3579594023,16
-1196273.4340750051,1969542.3579594023,16
-1195810.1213584775,1969542.3579594023,16
-1195346.8086419501,1969542.3579594023,16
-1194883.4959254225,1969542.3579594023,16
-1194420.1832088951,1969542.3579594023,16
-1193956.8704923675,1969542.3579594023,16
-1193493.5577758402,1969542.3579594023,16
-1193030.2450593126,1969542.3579594023,16
-1192566.9323427852,1969542.3579594023,16
-1192103.6196262576,1969542.3579594023,16
-1191640.3069097302,1969542.3579594023,16
-1191176.9941932026,1969542.3579594023,16
-1190713.6814766752,1969542.3579594023,16
-1190250.3687601476,1969542.3579594023,16
-1189787.0560436202,1969542.3579594023,16
-1189323.7433270926,1969542.3579594023,16
-1188860.430610565,1969542.3579594023,16
-1188397.1178940376,1969542.3579594023,16
-1187933.80517751,1969542.3579594023,16
-1187470.4924609826,1969542.3579594023,16
-1187007.179744455,1969542.3579594023,16
-1186543.8670279277,1969542.3579594023,16
-1186080.5543114,1969542.3579594023,16
-1185617.2415948727,1969542.3579594023,16
-1185153.928878345,1969542.3579594023,16
-1184690.6161618177,1969542.3579594023,16
-1184227.30344529,1969542.3579594023,16
-1183763.9907287627,1969542.3579594023,16
-1183300.678012235,1969542.3579594023,16
-1182837.3652957077,1969542.3579594023,16
-1182374.05257918,1969542.3579594023,16
-1181910.7398626525,1969542.3579594023,16
-1181447.4271461251,1969542.3579594023,16
-1180984.1144295975,1969542.3579594023,16
-1180520.8017130701,1969542.3579594023,16
-1180057.4889965425,1969542.3579594023,16
-1179594.1762800151,1969542.3579594023,16
-1179130.8635634875,1969542.3579594023,16
-1178667.5508469602,1969542.3579594023,16
-1178204.2381304326,1969542.3579594023,16
-1177740.9254139052,1969542.3579594023,16
-1177277.6126973776,1969542.3579594023,16
-1176814.2999808502,1969542.3579594023,16
-1176350.9872643226,1969542.3579594023,16
-1175887.6745477952,1969542.3579594023,16
-1175424.3618312676,1969542.3579594023,16
-1174961.04911474,1969542.3579594023,16
-1174497.7363982126,1969542.3579594023,16
-1174034.4236816852,1969542.3579594023,16
-1212489.3791534677,1969079.0452428747,16
-1212026.06643694,1969079.0452428747,16
-1211562.7537204125,1969079.0452428747,16
-1211099.4410038851,1969079.0452428747,10
-1210636.1282873575,1969079.0452428747,10
-1210172.8155708301,1969079.0452428747,16
-1209709.5028543025,1969079.0452428747,16
-1209246.1901377751,1969079.0452428747,16
-1208782.8774212475,1969079.0452428747,16
-1208319.5647047202,1969079.0452428747,16
-1207856.2519881926,1969079.0452428747,16
-1207392.9392716652,1969079.0452428747,16
-1206929.6265551376,1969079.0452428747,16
-1206466.3138386102,1969079.0452428747,16
-1206003.0011220826,1969079.0452428747,10
-1205539.6884055552,1969079.0452428747,10
-1205076.3756890276,1969079.0452428747,16
-1204613.0629725,1969079.0452428747,16
-1204149.7502559726,1969079.0452428747,16
-1203686.4375394452,1969079.0452428747,16
-1203223.1248229176,1969079.0452428747,16
-1202759.81210639,1969079.0452428747,16
-1202296.4993898626,1969079.0452428747,16
-1201833.186673335,1969079.0452428747,16
-1201369.8739568077,1969079.0452428747,16
-1200906.56124028,1969079.0452428747,16
-1200443.2485237527,1969079.0452428747,16
-1199979.935807225,1969079.0452428747,16
-1199516.6230906977,1969079.0452428747,16
-1199053.31037417,1969079.0452428747,16
-1198589.9976576427,1969079.0452428747,16
-1198126.684941115,1969079.0452428747,16
-1197663.3722245875,1969079.0452428747,16
-1197200.05950806,1969079.0452428747,16
-1196736.7467915327,1969079.0452428747,16
-1196273.4340750051,1969079.0452428747,16
-1195810.1213584775,1969079.0452428747,16
-1195346.8086419501,1969079.0452428747,16
-1194883.4959254225,1969079.0452428747,16
-1194420.1832088951,1969079.0452428747,16
-1193956.8704923675,1969079.0452428747,16
-1193493.5577758402,1969079.0452428747,16
-1193030.2450593126,1969079.0452428747,16
-1192566.9323427852,1969079.0452428747,16
-1192103.6196262576,1969079.0452428747,16
-1191640.3069097302,1969079.0452428747,16
-1191176.9941932026,1969079.0452428747,16
-1190713.6814766752,1969079.0452428747,16
-1190250.3687601476,1969079.0452428747,16
-1189787.0560436202,1969079.0452428747,16
-1189323.7433270926,1969079.0452428747,16
-1188860.430610565,1969079.0452428747,16
-1188397.1178940376,1969079.0452428747,16
-1187933.80517751,1969079.0452428747,16
-1187470.4924609826,1969079.0452428747,16
-1187007.179744455,1969079.0452428747,16
-1186543.8670279277,1969079.0452428747,16
-1186080.5543114,1969079.0452428747,16
-1185617.2415948727,1969079.0452428747,16
-1185153.928878345,1969079.0452428747,16
-1184690.6161618177,1969079.0452428747,16
-1184227.30344529,1969079.0452428747,16
-1183763.9907287627,1969079.0452428747,16
-1183300.678012235,1969079.0452428747,16
-1182837.3652957077,1969079.0452428747,16
-1182374.05257918,1969079.0452428747,16
-1181910.7398626525,1969079.0452428747,16
-1181447.4271461251,1969079.0452428747,16
-1180984.1144295975,1969079.0452428747,16
-1180520.8017130701,1969079.0452428747,16
-1180057.4889965425,1969079.0452428747,16
-1179594.1762800151,1969079.0452428747,16
-1179130.8635634875,1969079.0452428747,16
-1178667.5508469602,1969079.0452428747,16
-1178204.2381304326,1969079.0452428747,16
-1177740.9254139052,1969079.0452428747,16
-1177277.6126973776,1969079.0452428747,16
-1176814.2999808502,1969079.0452428747,16
-1176350.9872643226,1969079.0452428747,16
-1175887.6745477952,1969079.0452428747,16
-1175424.3618312676,1969079.0452428747,16
-1174961.04911474,1969079.0452428747,16
-1174497.7363982126,1969079.0452428747,16
-1174034.4236816852,1969079.0452428747,16
-1212026.06643694,1968615.7325263473,16
-1211562.7537204125,1968615.7325263473,7
-1211099.4410038851,1968615.7325263473,16
-1210636.1282873575,1968615.7325263473,16
-1210172.8155708301,1968615.7325263473,10
-1209709.5028543025,1968615.7325263473,10
-1209246.1901377751,1968615.7325263473,16
-1208782.8774212475,1968615.7325263473,16
-1208319.5647047202,1968615.7325263473,16
-1207856.2519881926,1968615.7325263473,16
-1207392.9392716652,1968615.7325263473,16
-1206929.6265551376,1968615.7325263473,16
-1206466.3138386102,1968615.7325263473,16
-1206003.0011220826,1968615.7325263473,16
-1205539.6884055552,1968615.7325263473,16
-1205076.3756890276,1968615.7325263473,16
-1204613.0629725,1968615.7325263473,16
-1204149.7502559726,1968615.7325263473,16
-1203686.4375394452,1968615.7325263473,16
-1203223.1248229176,1968615.7325263473,16
-1202759.81210639,1968615.7325263473,16
-1202296.4993898626,1968615.7325263473,16
-1201833.186673335,1968615.7325263473,16
-1201369.8739568077,1968615.7325263473,16
-1200906.56124028,1968615.7325263473,16
-1200443.2485237527,1968615.7325263473,16
-1199979.935807225,1968615.7325263473,16
-1199516.6230906977,1968615.7325263473,16
-1199053.31037417,1968615.7325263473,16
-1198589.9976576427,1968615.7325263473,16
-1198126.684941115,1968615.7325263473,16
-1197663.3722245875,1968615.7325263473,16
-1197200.05950806,1968615.7325263473,16
-1196736.7467915327,1968615.7325263473,16
-1196273.4340750051,1968615.7325263473,16
-1195810.1213584775,1968615.7325263473,16
-1195346.8086419501,1968615.7325263473,16
-1194883.4959254225,1968615.7325263473,16
-1194420.1832088951,1968615.7325263473,16
-1193956.8704923675,1968615.7325263473,16
-1193493.5577758402,1968615.7325263473,16
-1193030.2450593126,1968615.7325263473,16
-1192566.9323427852,1968615.7325263473,16
-1192103.6196262576,1968615.7325263473,16
-1191640.3069097302,1968615.7325263473,16
-1191176.9941932026,1968615.7325263473,16
-1190713.6814766752,1968615.7325263473,16
-1190250.3687601476,1968615.7325263473,16
-1189787.0560436202,1968615.7325263473,16
-1189323.7433270926,1968615.7325263473,16
-1188860.430610565,1968615.7325263473,16
-1188397.1178940376,1968615.7325263473,16
-1187933.80517751,1968615.7325263473,16
-1187470.4924609826,1968615.7325263473,16
-1187007.179744455,1968615.7325263473,16
-1186543.8670279277,1968615.7325263473,16
-1186080.5543114,1968615.7325263473,16
-1185617.2415948727,1968615.7325263473,16
-1185153.928878345,1968615.7325263473,16
-1184690.6161618177,1968615.7325263473,16
-1184227.30344529,1968615.7325263473,16
-1183763.9907287627,1968615.7325263473,16
-1183300.678012235,1968615.7325263473,16
-1182837.3652957077,1968615.7325263473,16
-1182374.05257918,1968615.7325263473,16
-1181910.7398626525,1968615.7325263473,16
-1181447.4271461251,1968615.7325263473,16
-1180984.1144295975,1968615.7325263473,16
-1180520.8017130701,1968615.7325263473,16
-1180057.4889965425,1968615.7325263473,16
-1179594.1762800151,1968615.7325263473,16
-1179130.8635634875,1968615.7325263473,16
-1178667.5508469602,1968615.7325263473,16
-1178204.2381304326,1968615.7325263473,16
-1177740.9254139052,1968615.7325263473,16
-1177277.6126973776,1968615.7325263473,16
-1176814.2999808502,1968615.7325263473,16
-1176350.9872643226,1968615.7325263473,16
-1175887.6745477952,1968615.7325263473,16
-1175424.3618312676,1968615.7325263473,16
-1174961.04911474,1968615.7325263473,16
-1174497.7363982126,1968615.7325263473,16
-1212489.3791534677,1968152.4198098197,16
-1212026.06643694,1968152.4198098197,16
-1211562.7537204125,1968152.4198098197,16
-1211099.4410038851,1968152.4198098197,16
-1210636.1282873575,1968152.4198098197,16
-1210172.8155708301,1968152.4198098197,16
-1209709.5028543025,1968152.4198098197,16
-1209246.1901377751,1968152.4198098197,10
-1208782.8774212475,1968152.4198098197,10
-1208319.5647047202,1968152.4198098197,16
-1207856.2519881926,1968152.4198098197,16
-1207392.9392716652,1968152.4198098197,16
-1206929.6265551376,1968152.4198098197,16
-1206466.3138386102,1968152.4198098197,16
-1206003.0011220826,1968152.4198098197,16
-1205539.6884055552,1968152.4198098197,16
-1205076.3756890276,1968152.4198098197,16
-1204613.0629725,1968152.4198098197,16
-1204149.7502559726,1968152.4198098197,16
-1203686.4375394452,1968152.4198098197,16
-1203223.1248229176,1968152.4198098197,16
-1202759.81210639,1968152.4198098197,16
-1202296.4993898626,1968152.4198098197,16
-1201833.186673335,1968152.4198098197,16
-1201369.8739568077,1968152.4198098197,16
-1200906.56124028,1968152.4198098197,16
-1200443.2485237527,1968152.4198098197,16
-1199979.935807225,1968152.4198098197,16
-1199516.6230906977,1968152.4198098197,16
-1199053.31037417,1968152.4198098197,16
-1198589.9976576427,1968152.4198098197,16
-1198126.684941115,1968152.4198098197,16
-1197663.3722245875,1968152.4198098197,16
-1197200.05950806,1968152.4198098197,16
-1196736.7467915327,1968152.4198098197,16
-1196273.4340750051,1968152.4198098197,16
-1195810.1213584775,1968152.4198098197,16
-1195346.8086419501,1968152.4198098197,16
-1194883.4959254225,1968152.4198098197,16
-1194420.1832088951,1968152.4198098197,16
-1193956.8704923675,1968152.4198098197,16
-1193493.5577758402,1968152.4198098197,16
-1193030.2450593126,1968152.4198098197,16
-1192566.9323427852,1968152.4198098197,16
-1192103.6196262576,1968152.4198098197,16
-1191640.3069097302,1968152.4198098197,16
-1191176.9941932026,1968152.4198098197,16
-1190713.6814766752,1968152.4198098197,16
-1190250.3687601476,1968152.4198098197,16
-1189787.0560436202,1968152.4198098197,16
-1189323.7433270926,1968152.4198098197,16
-1188860.430610565,1968152.4198098197,16
-1188397.1178940376,1968152.4198098197,16
-1187933.80517751,1968152.4198098197,16
-1187470.4924609826,1968152.4198098197,16
-1187007.179744455,1968152.4198098197,16
-1186543.8670279277,1968152.4198098197,16
-1186080.5543114,1968152.4198098197,16
-1185617.2415948727,1968152.4198098197,16
-1185153.928878345,1968152.4198098197,16
-1184690.6161618177,1968152.4198098197,16
-1184227.30344529,1968152.4198098197,16
-1183763.9907287627,1968152.4198098197,16
-1183300.678012235,1968152.4198098197,16
-1182837.3652957077,1968152.4198098197,16
-1182374.05257918,1968152.4198098197,16
-1181910.7398626525,1968152.4198098197,16
-1181447.4271461251,1968152.4198098197,16
-1180984.1144295975,1968152.4198098197,16
-1180520.8017130701,1968152.4198098197,16
-1180057.4889965425,1968152.4198098197,16
-1179594.1762800151,1968152.4198098197,16
-1179130.8635634875,1968152.4198098197,16
-1178667.5508469602,1968152.4198098197,16
-1178204.2381304326,1968152.4198098197,16
-1177740.9254139052,1968152.4198098197,16
-1177277.6126973776,1968152.4198098197,16
-1176814.2999808502,1968152.4198098197,16
-1176350.9872643226,1968152.4198098197,16
-1175887.6745477952,1968152.4198098197,16
-1175424.3618312676,1968152.4198098197,16
-1174961.04911474,1968152.4198098197,16
-1174497.7363982126,1968152.4198098197,16
-1211562.7537204125,1967689.1070932923,16
-1211099.4410038851,1967689.1070932923,16
-1210636.1282873575,1967689.1070932923,16
-1210172.8155708301,1967689.1070932923,16
-1209709.5028543025,1967689.1070932923,16
-1209246.1901377751,1967689.1070932923,16
-1208782.8774212475,1967689.1070932923,16
-1208319.5647047202,1967689.1070932923,16
-1207856.2519881926,1967689.1070932923,16
-1207392.9392716652,1967689.1070932923,16
-1206929.6265551376,1967689.1070932923,16
-1206466.3138386102,1967689.1070932923,16
-1206003.0011220826,1967689.1070932923,16
-1205539.6884055552,1967689.1070932923,16
-1205076.3756890276,1967689.1070932923,16
-1204613.0629725,1967689.1070932923,16
-1204149.7502559726,1967689.1070932923,16
-1203686.4375394452,1967689.1070932923,16
-1203223.1248229176,1967689.1070932923,16
-1202759.81210639,1967689.1070932923,16
-1202296.4993898626,1967689.1070932923,16
-1201833.186673335,1967689.1070932923,16
-1201369.8739568077,1967689.1070932923,16
-1200906.56124028,1967689.1070932923,16
-1200443.2485237527,1967689.1070932923,16
-1199979.935807225,1967689.1070932923,16
-1199516.6230906977,1967689.1070932923,16
-1199053.31037417,1967689.1070932923,16
-1198589.9976576427,1967689.1070932923,16
-1198126.684941115,1967689.1070932923,16
-1197663.3722245875,1967689.1070932923,16
-1197200.05950806,1967689.1070932923,16
-1196736.7467915327,1967689.1070932923,16
-1196273.4340750051,1967689.1070932923,16
-1195810.1213584775,1967689.1070932923,16
-1195346.8086419501,1967689.1070932923,16
-1194883.4959254225,1967689.1070932923,16
-1194420.1832088951,1967689.1070932923,16
-1193956.8704923675,1967689.1070932923,16
-1193493.5577758402,1967689.1070932923,16
-1193030.2450593126,1967689.1070932923,16
-1192566.9323427852,1967689.1070932923,16
-1192103.6196262576,1967689.1070932923,16
-1191640.3069097302,1967689.1070932923,16
-1191176.9941932026,1967689.1070932923,16
-1190713.6814766752,1967689.1070932923,16
-1190250.3687601476,1967689.1070932923,16
-1189787.0560436202,1967689.1070932923,16
-1189323.7433270926,1967689.1070932923,16
-1188860.430610565,1967689.1070932923,16
-1188397.1178940376,1967689.1070932923,16
-1187933.80517751,1967689.1070932923,16
-1187470.4924609826,1967689.1070932923,16
-1187007.179744455,1967689.1070932923,16
-1186543.8670279277,1967689.1070932923,16
-1186080.5543114,1967689.1070932923,16
-1185617.2415948727,1967689.1070932923,16
-1185153.928878345,1967689.1070932923,16
-1184690.6161618177,1967689.1070932923,16
-1184227.30344529,1967689.1070932923,16
-1183763.9907287627,1967689.1070932923,16
-1183300.678012235,1967689.1070932923,16
-1182837.3652957077,1967689.1070932923,16
-1182374.05257918,1967689.1070932923,16
-1181910.7398626525,1967689.1070932923,16
-1181447.4271461251,1967689.1070932923,16
-1180984.1144295975,1967689.1070932923,16
-1180520.8017130701,1967689.1070932923,16
-1180057.4889965425,1967689.1070932923,16
-1179594.1762800151,1967689.1070932923,16
-1179130.8635634875,1967689.1070932923,16
-1178667.5508469602,1967689.1070932923,16
-1178204.2381304326,1967689.1070932923,16
-1177740.9254139052,1967689.1070932923,16
-1177277.6126973776,1967689.1070932923,16
-1176814.2999808502,1967689.1070932923,16
-1176350.9872643226,1967689.1070932923,16
-1175887.6745477952,1967689.1070932923,16
-1175424.3618312676,1967689.1070932923,16
-1174961.04911474,1967689.1070932923,16
-1174497.7363982126,1967689.1070932923,16
-1211099.4410038851,1967225.7943767647,16
-1210636.1282873575,1967225.7943767647,16
-1210172.8155708301,1967225.7943767647,16
-1209709.5028543025,1967225.7943767647,16
-1209246.1901377751,1967225.7943767647,16
-1208782.8774212475,1967225.7943767647,16
-1208319.5647047202,1967225.7943767647,16
-1207856.2519881926,1967225.7943767647,16
-1207392.9392716652,1967225.7943767647,7
-1206929.6265551376,1967225.7943767647,7
-1206466.3138386102,1967225.7943767647,16
-1206003.0011220826,1967225.7943767647,16
-1205539.6884055552,1967225.7943767647,16
-1205076.3756890276,1967225.7943767647,16
-1204613.0629725,1967225.7943767647,16
-1204149.7502559726,1967225.7943767647,16
-1203686.4375394452,1967225.7943767647,16
-1203223.1248229176,1967225.7943767647,16
-1202759.81210639,1967225.7943767647,16
-1202296.4993898626,1967225.7943767647,16
-1201833.186673335,1967225.7943767647,16
-1201369.8739568077,1967225.7943767647,16
-1200906.56124028,1967225.7943767647,16
-1200443.2485237527,1967225.7943767647,16
-1199979.935807225,1967225.7943767647,16
-1199516.6230906977,1967225.7943767647,16
-1199053.31037417,1967225.7943767647,16
-1198589.9976576427,1967225.7943767647,16
-1198126.684941115,1967225.7943767647,16
-1197663.3722245875,1967225.7943767647,16
-1197200.05950806,1967225.7943767647,16
-1196736.7467915327,1967225.7943767647,16
-1196273.4340750051,1967225.7943767647,16
-1195810.1213584775,1967225.7943767647,16
-1195346.8086419501,1967225.7943767647,16
-1194883.4959254225,1967225.7943767647,16
-1194420.1832088951,1967225.7943767647,16
-1193956.8704923675,1967225.7943767647,16
-1193493.5577758402,1967225.7943767647,16
-1193030.2450593126,1967225.7943767647,16
-1192566.9323427852,1967225.7943767647,16
-1192103.6196262576,1967225.7943767647,16
-1191640.3069097302,1967225.7943767647,16
-1191176.9941932026,1967225.7943767647,16
-1190713.6814766752,1967225.7943767647,16
-1190250.3687601476,1967225.7943767647,16
-1189787.0560436202,1967225.7943767647,16
-1189323.7433270926,1967225.7943767647,16
-1188860.430610565,1967225.7943767647,16
-1188397.1178940376,1967225.7943767647,16
-1187933.80517751,1967225.7943767647,16
-1187470.4924609826,1967225.7943767647,16
-1187007.179744455,1967225.7943767647,16
-1186543.8670279277,1967225.7943767647,16
-1186080.5543114,1967225.7943767647,16
-1185617.2415948727,1967225.7943767647,16
-1185153.928878345,1967225.7943767647,16
-1184690.6161618177,1967225.7943767647,16
-1184227.30344529,1967225.7943767647,16
-1183763.9907287627,1967225.7943767647,16
-1183300.678012235,1967225.7943767647,16
-1182837.3652957077,1967225.7943767647,16
-1182374.05257918,1967225.7943767647,16
-1181910.7398626525,1967225.7943767647,16
-1181447.4271461251,1967225.7943767647,16
-1180984.1144295975,1967225.7943767647,16
-1180520.8017130701,1967225.7943767647,16
-1180057.4889965425,1967225.7943767647,16
-1179594.1762800151,1967225.7943767647,16
-1179130.8635634875,1967225.7943767647,16
-1178667.5508469602,1967225.7943767647,16
-1178204.2381304326,1967225.7943767647,16
-1177740.9254139052,1967225.7943767647,16
-1177277.6126973776,1967225.7943767647,16
-1176814.2999808502,1967225.7943767647,16
-1176350.9872643226,1967225.7943767647,16
-1175887.6745477952,1967225.7943767647,16
-1175424.3618312676,1967225.7943767647,16
-1174961.04911474,1967225.7943767647,16
-1174497.7363982126,1967225.7943767647,16
-1211099.4410038851,1966762.4816602373,16
-1210636.1282873575,1966762.4816602373,16
-1210172.8155708301,1966762.4816602373,16
-1209709.5028543025,1966762.4816602373,16
-1209246.1901377751,1966762.4816602373,16
-1208782.8774212475,1966762.4816602373,16
-1208319.5647047202,1966762.4816602373,16
-1207856.2519881926,1966762.4816602373,16
-1207392.9392716652,1966762.4816602373,16
-1206929.6265551376,1966762.4816602373,16
-1206466.3138386102,1966762.4816602373,16
-1206003.0011220826,1966762.4816602373,16
-1205539.6884055552,1966762.4816602373,16
-1205076.3756890276,1966762.4816602373,16
-1204613.0629725,1966762.4816602373,16
-1204149.7502559726,1966762.4816602373,16
-1203686.4375394452,1966762.4816602373,16
-1203223.1248229176,1966762.4816602373,16
-1202759.81210639,1966762.4816602373,16
-1202296.4993898626,1966762.4816602373,16
-1201833.186673335,1966762.4816602373,16
-1201369.8739568077,1966762.4816602373,16
-1200906.56124028,1966762.4816602373,16
-1200443.2485237527,1966762.4816602373,16
-1199979.935807225,1966762.4816602373,16
-1199516.6230906977,1966762.4816602373,16
-1199053.31037417,1966762.4816602373,16
-1198589.9976576427,1966762.4816602373,16
-1198126.684941115,1966762.4816602373,16
-1197663.3722245875,1966762.4816602373,16
-1197200.05950806,1966762.4816602373,16
-1196736.7467915327,1966762.4816602373,16
-1196273.4340750051,1966762.4816602373,16
-1195810.1213584775,1966762.4816602373,16
-1195346.8086419501,1966762.4816602373,16
-1194883.4959254225,1966762.4816602373,16
-1194420.1832088951,1966762.4816602373,16
-1193956.8704923675,1966762.4816602373,16
-1193493.5577758402,1966762.4816602373,16
-1193030.2450593126,1966762.4816602373,16
-1192566.9323427852,1966762.4816602373,16
-1192103.6196262576,1966762.4816602373,16
-1191640.3069097302,1966762.4816602373,16
-1191176.9941932026,1966762.4816602373,16
-1190713.6814766752,1966762.4816602373,16
-1190250.3687601476,1966762.4816602373,16
-1189787.0560436202,1966762.4816602373,16
-1189323.7433270926,1966762.4816602373,16
-1188860.430610565,1966762.4816602373,16
-1188397.1178940376,1966762.4816602373,16
-1187933.80517751,1966762.4816602373,16
-1187470.4924609826,1966762.4816602373,16
-1187007.179744455,1966762.4816602373,16
-1186543.8670279277,1966762.4816602373,16
-1186080.5543114,1966762.4816602373,16
-1185617.2415948727,1966762.4816602373,16
-1185153.928878345,1966762.4816602373,16
-1184690.6161618177,1966762.4816602373,16
-1184227.30344529,1966762.4816602373,16
-1183763.9907287627,1966762.4816602373,16
-1183300.678012235,1966762.4816602373,16
-1182837.3652957077,1966762.4816602373,16
-1182374.05257918,1966762.4816602373,16
-1181910.7398626525,1966762.4816602373,16
-1181447.4271461251,1966762.4816602373,16
-1180984.1144295975,1966762.4816602373,16
-1180520.8017130701,1966762.4816602373,16
-1180057.4889965425,1966762.4816602373,16
-1179594.1762800151,1966762.4816602373,16
-1179130.8635634875,1966762.4816602373,16
-1178667.5508469602,1966762.4816602373,16
-1178204.2381304326,1966762.4816602373,16
-1177740.9254139052,1966762.4816602373,16
-1177277.6126973776,1966762.4816602373,16
-1176814.2999808502,1966762.4816602373,16
-1176350.9872643226,1966762.4816602373,16
-1175887.6745477952,1966762.4816602373,16
-1175424.3618312676,1966762.4816602373,16
-1174961.04911474,1966762.4816602373,16
-1210636.1282873575,1966299.1689437097,16
-1210172.8155708301,1966299.1689437097,16
-1209709.5028543025,1966299.1689437097,16
-1209246.1901377751,1966299.1689437097,16
-1208782.8774212475,1966299.1689437097,16
-1208319.5647047202,1966299.1689437097,16
-1207856.2519881926,1966299.1689437097,16
-1207392.9392716652,1966299.1689437097,16
-1206929.6265551376,1966299.1689437097,16
-1206466.3138386102,1966299.1689437097,16
-1206003.0011220826,1966299.1689437097,16
-1205539.6884055552,1966299.1689437097,16
-1205076.3756890276,1966299.1689437097,16
-1204613.0629725,1966299.1689437097,16
-1204149.7502559726,1966299.1689437097,16
-1203686.4375394452,1966299.1689437097,16
-1203223.1248229176,1966299.1689437097,16
-1202759.81210639,1966299.1689437097,16
-1202296.4993898626,1966299.1689437097,16
-1201833.186673335,1966299.1689437097,16
-1201369.8739568077,1966299.1689437097,16
-1200906.56124028,1966299.1689437097,16
-1200443.2485237527,1966299.1689437097,16
-1199979.935807225,1966299.1689437097,16
-1199516.6230906977,1966299.1689437097,16
-1199053.31037417,1966299.1689437097,16
-1198589.9976576427,1966299.1689437097,16
-1198126.684941115,1966299.1689437097,16
-1197663.3722245875,1966299.1689437097,16
-1197200.05950806,1966299.1689437097,16
-1196736.7467915327,1966299.1689437097,16
-1196273.4340750051,1966299.1689437097,16
-1195810.1213584775,1966299.1689437097,16
-1195346.8086419501,1966299.1689437097,16
-1194883.4959254225,1966299.1689437097,16
-1194420.1832088951,1966299.1689437097,16
-1193956.8704923675,1966299.1689437097,16
-1193493.5577758402,1966299.1689437097,16
-1193030.2450593126,1966299.1689437097,16
-1192566.9323427852,1966299.1689437097,16
-1192103.6196262576,1966299.1689437097,16
-1191640.3069097302,1966299.1689437097,16
-1191176.9941932026,1966299.1689437097,16
-1190713.6814766752,1966299.1689437097,16
-1190250.3687601476,1966299.1689437097,16
-1189787.0560436202,1966299.1689437097,16
-1189323.7433270926,1966299.1689437097,16
-1188860.430610565,1966299.1689437097,16
-1188397.1178940376,1966299.1689437097,16
-1187933.80517751,1966299.1689437097,16
-1187470.4924609826,1966299.1689437097,16
-1187007.179744455,1966299.1689437097,16
-1186543.8670279277,1966299.1689437097,16
-1186080.5543114,1966299.1689437097,16
-1185617.2415948727,1966299.1689437097,16
-1185153.928878345,1966299.1689437097,16
-1184690.6161618177,1966299.1689437097,16
-1184227.30344529,1966299.1689437097,16
-1183763.9907287627,1966299.1689437097,16
-1183300.678012235,1966299.1689437097,16
-1182837.3652957077,1966299.1689437097,16
-1182374.05257918,1966299.1689437097,16
-1181910.7398626525,1966299.1689437097,16
-1181447.4271461251,1966299.1689437097,16
-1180984.1144295975,1966299.1689437097,16
-1180520.8017130701,1966299.1689437097,16
-1180057.4889965425,1966299.1689437097,16
-1179594.1762800151,1966299.1689437097,16
-1179130.8635634875,1966299.1689437097,16
-1178667.5508469602,1966299.1689437097,16
-1178204.2381304326,1966299.1689437097,16
-1177740.9254139052,1966299.1689437097,16
-1177277.6126973776,1966299.1689437097,16
-1176814.2999808502,1966299.1689437097,16
-1176350.9872643226,1966299.1689437097,16
-1175887.6745477952,1966299.1689437097,16
-1175424.3618312676,1966299.1689437097,16
-1174961.04911474,1966299.1689437097,16
-1210172.8155708301,1965835.8562271823,16
-1209709.5028543025,1965835.8562271823,16
-1209246.1901377751,1965835.8562271823,16
-1208782.8774212475,1965835.8562271823,16
-1208319.5647047202,1965835.8562271823,16
-1207856.2519881926,1965835.8562271823,16
-1207392.9392716652,1965835.8562271823,16
-1206929.6265551376,1965835.8562271823,16
-1206466.3138386102,1965835.8562271823,16
-1206003.0011220826,1965835.8562271823,16
-1205539.6884055552,1965835.8562271823,16
-1205076.3756890276,1965835.8562271823,16
-1204613.0629725,1965835.8562271823,16
-1204149.7502559726,1965835.8562271823,16
-1203686.4375394452,1965835.8562271823,16
-1203223.1248229176,1965835.8562271823,16
-1202759.81210639,1965835.8562271823,16
-1202296.4993898626,1965835.8562271823,16
-1201833.186673335,1965835.8562271823,16
-1201369.8739568077,1965835.8562271823,16
-1200906.56124028,1965835.8562271823,16
-1200443.2485237527,1965835.8562271823,16
-1199979.935807225,1965835.8562271823,16
-1199516.6230906977,1965835.8562271823,16
-1199053.31037417,1965835.8562271823,16
-1198589.9976576427,1965835.8562271823,16
-1198126.684941115,1965835.8562271823,16
-1197663.3722245875,1965835.8562271823,16
-1197200.05950806,1965835.8562271823,16
-1196736.7467915327,1965835.8562271823,16
-1196273.4340750051,1965835.8562271823,16
-1195810.1213584775,1965835.8562271823,16
-1195346.8086419501,1965835.8562271823,16
-1194883.4959254225,1965835.8562271823,16
-1194420.1832088951,1965835.8562271823,16
-1193956.8704923675,1965835.8562271823,16
-1193493.5577758402,1965835.8562271823,16
-1193030.2450593126,1965835.8562271823,16
-1192566.9323427852,1965835.8562271823,16
-1192103.6196262576,1965835.8562271823,16
-1191640.3069097302,1965835.8562271823,16
-1191176.9941932026,1965835.8562271823,16
-1190713.6814766752,1965835.8562271823,16
-1190250.3687601476,1965835.8562271823,16
-1189787.0560436202,1965835.8562271823,16
-1189323.7433270926,1965835.8562271823,16
-1188860.430610565,1965835.8562271823,16
-1188397.1178940376,1965835.8562271823,16
-1187933.80517751,1965835.8562271823,16
-1187470.4924609826,1965835.8562271823,16
-1187007.179744455,1965835.8562271823,16
-1186543.8670279277,1965835.8562271823,16
-1186080.5543114,1965835.8562271823,16
-1185617.2415948727,1965835.8562271823,16
-1185153.928878345,1965835.8562271823,16
-1184690.6161618177,1965835.8562271823,16
-1184227.30344529,1965835.8562271823,16
-1183763.9907287627,1965835.8562271823,16
-1183300.678012235,1965835.8562271823,16
-1182837.3652957077,1965835.8562271823,16
-1182374.05257918,1965835.8562271823,16
-1181910.7398626525,1965835.8562271823,16
-1181447.4271461251,1965835.8562271823,16
-1180984.1144295975,1965835.8562271823,16
-1180520.8017130701,1965835.8562271823,16
-1180057.4889965425,1965835.8562271823,16
-1179594.1762800151,1965835.8562271823,16
-1179130.8635634875,1965835.8562271823,16
-1178667.5508469602,1965835.8562271823,16
-1178204.2381304326,1965835.8562271823,16
-1177740.9254139052,1965835.8562271823,16
-1177277.6126973776,1965835.8562271823,16
-1176814.2999808502,1965835.8562271823,16
-1176350.9872643226,1965835.8562271823,16
-1175887.6745477952,1965835.8562271823,16
-1175424.3618312676,1965835.8562271823,16
-1174961.04911474,1965835.8562271823,16
-1210172.8155708301,1965372.5435106547,16
-1209709.5028543025,1965372.5435106547,16
-1209246.1901377751,1965372.5435106547,16
-1208782.8774212475,1965372.5435106547,16
-1208319.5647047202,1965372.5435106547,16
-1207856.2519881926,1965372.5435106547,16
-1207392.9392716652,1965372.5435106547,16
-1206929.6265551376,1965372.5435106547,16
-1206466.3138386102,1965372.5435106547,16
-1206003.0011220826,1965372.5435106547,16
-1205539.6884055552,1965372.5435106547,16
-1205076.3756890276,1965372.5435106547,16
-1204613.0629725,1965372.5435106547,16
-1204149.7502559726,1965372.5435106547,16
-1203686.4375394452,1965372.5435106547,16
-1203223.1248229176,1965372.5435106547,16
-1202759.81210639,1965372.5435106547,16
-1202296.4993898626,1965372.5435106547,16
-1201833.186673335,1965372.5435106547,16
-1201369.8739568077,1965372.5435106547,16
-1200906.56124028,1965372.5435106547,16
-1200443.2485237527,1965372.5435106547,16
-1199979.935807225,1965372.5435106547,16
-1199516.6230906977,1965372.5435106547,16
-1199053.31037417,1965372.5435106547,16
-1198589.9976576427,1965372.5435106547,16
-1198126.684941115,1965372.5435106547,16
-1197663.3722245875,1965372.5435106547,16
-1197200.05950806,1965372.5435106547,16
-1196736.7467915327,1965372.5435106547,16
-1196273.4340750051,1965372.5435106547,16
-1195810.1213584775,1965372.5435106547,16
-1195346.8086419501,1965372.5435106547,16
-1194883.4959254225,1965372.5435106547,16
-1194420.1832088951,1965372.5435106547,16
-1193956.8704923675,1965372.5435106547,16
-1193493.5577758402,1965372.5435106547,16
-1193030.2450593126,1965372.5435106547,16
-1192566.9323427852,1965372.5435106547,16
-1192103.6196262576,1965372.5435106547,16
-1191640.3069097302,1965372.5435106547,16
-1191176.9941932026,1965372.5435106547,16
-1190713.6814766752,1965372.5435106547,16
-1190250.3687601476,1965372.5435106547,16
-1189787.0560436202,1965372.5435106547,16
-1189323.7433270926,1965372.5435106547,16
-1188860.430610565,1965372.5435106547,16
-1188397.1178940376,1965372.5435106547,16
-1187933.80517751,1965372.5435106547,16
-1187470.4924609826,1965372.5435106547,16
-1187007.179744455,1965372.5435106547,16
-1186543.8670279277,1965372.5435106547,16
-1186080.5543114,1965372.5435106547,16
-1185617.2415948727,1965372.5435106547,16
-1185153.928878345,1965372.5435106547,16
-1184690.6161618177,1965372.5435106547,16
-1184227.30344529,1965372.5435106547,16
-1183763.9907287627,1965372.5435106547,16
-1183300.678012235,1965372.5435106547,16
-1182837.3652957077,1965372.5435106547,16
-1182374.05257918,1965372.5435106547,16
-1181910.7398626525,1965372.5435106547,16
-1181447.4271461251,1965372.5435106547,16
-1180984.1144295975,1965372.5435106547,16
-1180520.8017130701,1965372.5435106547,16
-1180057.4889965425,1965372.5435106547,16
-1179594.1762800151,1965372.5435106547,16
-1179130.8635634875,1965372.5435106547,16
-1178667.5508469602,1965372.5435106547,16
-1178204.2381304326,1965372.5435106547,16
-1177740.9254139052,1965372.5435106547,16
-1177277.6126973776,1965372.5435106547,16
-1176814.2999808502,1965372.5435106547,16
-1176350.9872643226,1965372.5435106547,16
-1175887.6745477952,1965372.5435106547,16
-1175424.3618312676,1965372.5435106547,16
-1209709.5028543025,1964909.230794127,16
-1209246.1901377751,1964909.230794127,16
-1208782.8774212475,1964909.230794127,16
-1208319.5647047202,1964909.230794127,16
-1207856.2519881926,1964909.230794127,16
-1207392.9392716652,1964909.230794127,16
-1206929.6265551376,1964909.230794127,16
-1206466.3138386102,1964909.230794127,16
-1206003.0011220826,1964909.230794127,16
-1205539.6884055552,1964909.230794127,16
-1205076.3756890276,1964909.230794127,16
-1204613.0629725,1964909.230794127,16
-1204149.7502559726,1964909.230794127,16
-1203686.4375394452,1964909.230794127,16
-1203223.1248229176,1964909.230794127,16
-1202759.81210639,1964909.230794127,16
-1202296.4993898626,1964909.230794127,16
-1201833.186673335,1964909.230794127,16
-1201369.8739568077,1964909.230794127,16
-1200906.56124028,1964909.230794127,16
-1200443.2485237527,1964909.230794127,16
-1199979.935807225,1964909.230794127,16
-1199516.6230906977,1964909.230794127,16
-1199053.31037417,1964909.230794127,16
-1198589.9976576427,1964909.230794127,16
-1198126.684941115,1964909.230794127,16
-1197663.3722245875,1964909.230794127,16
-1197200.05950806,1964909.230794127,16
-1196736.7467915327,1964909.230794127,16
-1196273.4340750051,1964909.230794127,16
-1195810.1213584775,1964909.230794127,16
-1195346.8086419501,1964909.230794127,16
-1194883.4959254225,1964909.230794127,16
-1194420.1832088951,1964909.230794127,16
-1193956.8704923675,1964909.230794127,16
-1193493.5577758402,1964909.230794127,16
-1193030.2450593126,1964909.230794127,16
-1192566.9323427852,1964909.230794127,16
-1192103.6196262576,1964909.230794127,16
-1191640.3069097302,1964909.230794127,16
-1191176.9941932026,1964909.230794127,16
-1190713.6814766752,1964909.230794127,16
-1190250.3687601476,1964909.230794127,16
-1189787.0560436202,1964909.230794127,16
-1189323.7433270926,1964909.230794127,16
-1188860.430610565,1964909.230794127,16
-1188397.1178940376,1964909.230794127,16
-1187933.80517751,1964909.230794127,16
-1187470.4924609826,1964909.230794127,16
-1187007.179744455,1964909.230794127,16
-1186543.8670279277,1964909.230794127,16
-1186080.5543114,1964909.230794127,16
-1185617.2415948727,1964909.230794127,16
-1185153.928878345,1964909.230794127,16
-1184690.6161618177,1964909.230794127,16
-1184227.30344529,1964909.230794127,16
-1183763.9907287627,1964909.230794127,16
-1183300.678012235,1964909.230794127,16
-1182837.3652957077,1964909.230794127,16
-1182374.05257918,1964909.230794127,16
-1181910.7398626525,1964909.230794127,16
-1181447.4271461251,1964909.230794127,16
-1180984.1144295975,1964909.230794127,16
-1180520.8017130701,1964909.230794127,16
-1180057.4889965425,1964909.230794127,16
-1179594.1762800151,1964909.230794127,16
-1179130.8635634875,1964909.230794127,16
-1178667.5508469602,1964909.230794127,16
-1178204.2381304326,1964909.230794127,16
-1177740.9254139052,1964909.230794127,16
-1177277.6126973776,1964909.230794127,16
-1176814.2999808502,1964909.230794127,16
-1176350.9872643226,1964909.230794127,16
-1175887.6745477952,1964909.230794127,16
-1175424.3618312676,1964909.230794127,16
-1209246.1901377751,1964445.9180775997,16
-1208782.8774212475,1964445.9180775997,16
-1208319.5647047202,1964445.9180775997,16
-1207856.2519881926,1964445.9180775997,16
-1207392.9392716652,1964445.9180775997,16
-1206929.6265551376,1964445.9180775997,16
-1206466.3138386102,1964445.9180775997,16
-1206003.0011220826,1964445.9180775997,16
-1205539.6884055552,1964445.9180775997,16
-1205076.3756890276,1964445.9180775997,16
-1204613.0629725,1964445.9180775997,16
-1204149.7502559726,1964445.9180775997,16
-1203686.4375394452,1964445.9180775997,16
-1203223.1248229176,1964445.9180775997,16
-1202759.81210639,1964445.9180775997,16
-1202296.4993898626,1964445.9180775997,16
-1201833.186673335,1964445.9180775997,16
-1201369.8739568077,1964445.9180775997,16
-1200906.56124028,1964445.9180775997,16
-1200443.2485237527,1964445.9180775997,16
-1199979.935807225,1964445.9180775997,16
-1199516.6230906977,1964445.9180775997,16
-1199053.31037417,1964445.9180775997,16
-1198589.9976576427,1964445.9180775997,16
-1198126.684941115,1964445.9180775997,16
-1197663.3722245875,1964445.9180775997,16
-1197200.05950806,1964445.9180775997,16
-1196736.7467915327,1964445.9180775997,16
-1196273.4340750051,1964445.9180775997,16
-1195810.1213584775,1964445.9180775997,16
-1195346.8086419501,1964445.9180775997,16
-1194883.4959254225,1964445.9180775997,16
-1194420.1832088951,1964445.9180775997,16
-1193956.8704923675,1964445.9180775997,16
-1193493.5577758402,1964445.9180775997,16
-1193030.2450593126,1964445.9180775997,16
-1192566.9323427852,1964445.9180775997,16
-1192103.6196262576,1964445.9180775997,16
-1191640.3069097302,1964445.9180775997,16
-1191176.9941932026,1964445.9180775997,16
-1190713.6814766752,1964445.9180775997,16
-1190250.3687601476,1964445.9180775997,16
-1189787.0560436202,1964445.9180775997,16
-1189323.7433270926,1964445.9180775997,16
-1188860.430610565,1964445.9180775997,16
-1188397.1178940376,1964445.9180775997,16
-1187933.80517751,1964445.9180775997,16
-1187470.4924609826,1964445.9180775997,16
-1187007.179744455,1964445.9180775997,16
-1186543.8670279277,1964445.9180775997,16
-1186080.5543114,1964445.9180775997,16
-1185617.2415948727,1964445.9180775997,16
-1185153.928878345,1964445.9180775997,16
-1184690.6161618177,1964445.9180775997,16
-1184227.30344529,1964445.9180775997,16
-1183763.9907287627,1964445.9180775997,16
-1183300.678012235,1964445.9180775997,16
-1182837.3652957077,1964445.9180775997,16
-1182374.05257918,1964445.9180775997,16
-1181910.7398626525,1964445.9180775997,16
-1181447.4271461251,1964445.9180775997,16
-1180984.1144295975,1964445.9180775997,16
-1180520.8017130701,1964445.9180775997,16
-1180057.4889965425,1964445.9180775997,16
-1179594.1762800151,1964445.9180775997,16
-1179130.8635634875,1964445.9180775997,16
-1178667.5508469602,1964445.9180775997,16
-1178204.2381304326,1964445.9180775997,16
-1177740.9254139052,1964445.9180775997,16
-1177277.6126973776,1964445.9180775997,16
-1176814.2999808502,1964445.9180775997,16
-1176350.9872643226,1964445.9180775997,16
-1175887.6745477952,1964445.9180775997,16
-1175424.3618312676,1964445.9180775997,16
-1210172.8155708301,1963982.605361072,16
-1209709.5028543025,1963982.605361072,16
-1209246.1901377751,1963982.605361072,16
-1208782.8774212475,1963982.605361072,16
-1208319.5647047202,1963982.605361072,16
-1207856.2519881926,1963982.605361072,16
-1207392.9392716652,1963982.605361072,16
-1206929.6265551376,1963982.605361072,16
-1206466.3138386102,1963982.605361072,16
-1206003.0011220826,1963982.605361072,16
-1205539.6884055552,1963982.605361072,16
-1205076.3756890276,1963982.605361072,16
-1204613.0629725,1963982.605361072,16
-1204149.7502559726,1963982.605361072,16
-1203686.4375394452,1963982.605361072,16
-1203223.1248229176,1963982.605361072,16
-1202759.81210639,1963982.605361072,16
-1202296.4993898626,1963982.605361072,16
-1201833.186673335,1963982.605361072,16
-1201369.8739568077,1963982.605361072,16
-1200906.56124028,1963982.605361072,16
-1200443.2485237527,1963982.605361072,16
-1199979.935807225,1963982.605361072,16
-1199516.6230906977,1963982.605361072,16
-1199053.31037417,1963982.605361072,16
-1198589.9976576427,1963982.605361072,16
-1198126.684941115,1963982.605361072,16
-1197663.3722245875,1963982.605361072,16
-1197200.05950806,1963982.605361072,16
-1196736.7467915327,1963982.605361072,16
-1196273.4340750051,1963982.605361072,16
-1195810.1213584775,1963982.605361072,16
-1195346.8086419501,1963982.605361072,16
-1194883.4959254225,1963982.605361072,16
-1194420.1832088951,1963982.605361072,16
-1193956.8704923675,1963982.605361072,16
-1193493.5577758402,1963982.605361072,16
-1193030.2450593126,1963982.605361072,16
-1192566.9323427852,1963982.605361072,16
-1192103.6196262576,1963982.605361072,16
-1191640.3069097302,1963982.605361072,16
-1191176.9941932026,1963982.605361072,16
-1190713.6814766752,1963982.605361072,16
-1190250.3687601476,1963982.605361072,16
-1189787.0560436202,1963982.605361072,16
-1189323.7433270926,1963982.605361072,16
-1188860.430610565,1963982.605361072,16
-1188397.1178940376,1963982.605361072,16
-1187933.80517751,1963982.605361072,16
-1187470.4924609826,1963982.605361072,16
-1187007.179744455,1963982.605361072,16
-1186543.8670279277,1963982.605361072,16
-1186080.5543114,1963982.605361072,16
-1185617.2415948727,1963982.605361072,16
-1185153.928878345,1963982.605361072,16
-1184690.6161618177,1963982.605361072,16
-1184227.30344529,1963982.605361072,16
-1183763.9907287627,1963982.605361072,16
-1183300.678012235,1963982.605361072,16
-1182837.3652957077,1963982.605361072,16
-1182374.05257918,1963982.605361072,16
-1181910.7398626525,1963982.605361072,16
-1181447.4271461251,1963982.605361072,16
-1180984.1144295975,1963982.605361072,16
-1180520.8017130701,1963982.605361072,16
-1180057.4889965425,1963982.605361072,16
-1179594.1762800151,1963982.605361072,16
-1179130.8635634875,1963982.605361072,16
-1178667.5508469602,1963982.605361072,16
-1178204.2381304326,1963982.605361072,16
-1177740.9254139052,1963982.605361072,16
-1177277.6126973776,1963982.605361072,16
-1176814.2999808502,1963982.605361072,16
-1176350.9872643226,1963982.605361072,16
-1175887.6745477952,1963982.605361072,16
-1175424.3618312676,1963982.605361072,16
-1174961.04911474,1963982.605361072,16
-1210172.8155708301,1963519.2926445447,16
-1209709.5028543025,1963519.2926445447,16
-1209246.1901377751,1963519.2926445447,16
-1208782.8774212475,1963519.2926445447,16
-1208319.5647047202,1963519.2926445447,16
-1207856.2519881926,1963519.2926445447,16
-1207392.9392716652,1963519.2926445447,16
-1206929.6265551376,1963519.2926445447,16
-1206466.3138386102,1963519.2926445447,16
-1206003.0011220826,1963519.2926445447,16
-1205539.6884055552,1963519.2926445447,16
-1205076.3756890276,1963519.2926445447,16
-1204613.0629725,1963519.2926445447,16
-1204149.7502559726,1963519.2926445447,16
-1203686.4375394452,1963519.2926445447,16
-1203223.1248229176,1963519.2926445447,16
-1202759.81210639,1963519.2926445447,16
-1202296.4993898626,1963519.2926445447,16
-1201833.186673335,1963519.2926445447,16
-1201369.8739568077,1963519.2926445447,16
-1200906.56124028,1963519.2926445447,16
-1200443.2485237527,1963519.2926445447,16
-1199979.935807225,1963519.2926445447,16
-1199516.6230906977,1963519.2926445447,16
-1199053.31037417,1963519.2926445447,16
-1198589.9976576427,1963519.2926445447,16
-1198126.684941115,1963519.2926445447,16
-1197663.3722245875,1963519.2926445447,16
-1197200.05950806,1963519.2926445447,16
-1196736.7467915327,1963519.2926445447,16
-1196273.4340750051,1963519.2926445447,16
-1195810.1213584775,1963519.2926445447,16
-1195346.8086419501,1963519.2926445447,16
-1194883.4959254225,1963519.2926445447,16
-1194420.1832088951,1963519.2926445447,16
-1193956.8704923675,1963519.2926445447,16
-1193493.5577758402,1963519.2926445447,16
-1193030.2450593126,1963519.2926445447,16
-1192566.9323427852,1963519.2926445447,16
-1192103.6196262576,1963519.2926445447,16
-1191640.3069097302,1963519.2926445447,16
-1191176.9941932026,1963519.2926445447,16
-1190713.6814766752,1963519.2926445447,16
-1190250.3687601476,1963519.2926445447,16
-1189787.0560436202,1963519.2926445447,16
-1189323.7433270926,1963519.2926445447,16
-1188860.430610565,1963519.2926445447,16
-1188397.1178940376,1963519.2926445447,16
-1187933.80517751,1963519.2926445447,16
-1187470.4924609826,1963519.2926445447,16
-1187007.179744455,1963519.2926445447,16
-1186543.8670279277,1963519.2926445447,16
-1186080.5543114,1963519.2926445447,16
-1185617.2415948727,1963519.2926445447,16
-1185153.928878345,1963519.2926445447,16
-1184690.6161618177,1963519.2926445447,16
-1184227.30344529,1963519.2926445447,16
-1183763.9907287627,1963519.2926445447,16
-1183300.678012235,1963519.2926445447,16
-1182837.3652957077,1963519.2926445447,16
-1182374.05257918,1963519.2926445447,16
-1181910.7398626525,1963519.2926445447,16
-1181447.4271461251,1963519.2926445447,16
-1180984.1144295975,1963519.2926445447,16
-1180520.8017130701,1963519.2926445447,16
-1180057.4889965425,1963519.2926445447,16
-1179594.1762800151,1963519.2926445447,16
-1179130.8635634875,1963519.2926445447,16
-1178667.5508469602,1963519.2926445447,16
-1178204.2381304326,1963519.2926445447,16
-1177740.9254139052,1963519.2926445447,16
-1177277.6126973776,1963519.2926445447,16
-1176814.2999808502,1963519.2926445447,16
-1176350.9872643226,1963519.2926445447,16
-1175887.6745477952,1963519.2926445447,16
-1175424.3618312676,1963519.2926445447,16
-1174961.04911474,1963519.2926445447,16
-1210172.8155708301,1963055.9799280171,16
-1209709.5028543025,1963055.9799280171,16
-1209246.1901377751,1963055.9799280171,16
-1208782.8774212475,1963055.9799280171,16
-1208319.5647047202,1963055.9799280171,16
-1207856.2519881926,1963055.9799280171,16
-1207392.9392716652,1963055.9799280171,16
-1206929.6265551376,1963055.9799280171,16
-1206466.3138386102,1963055.9799280171,16
-1206003.0011220826,1963055.9799280171,16
-1205539.6884055552,1963055.9799280171,16
-1205076.3756890276,1963055.9799280171,16
-1204613.0629725,1963055.9799280171,16
-1204149.7502559726,1963055.9799280171,16
-1203686.4375394452,1963055.9799280171,16
-1203223.1248229176,1963055.9799280171,16
-1202759.81210639,1963055.9799280171,16
-1202296.4993898626,1963055.9799280171,16
-1201833.186673335,1963055.9799280171,16
-1201369.8739568077,1963055.9799280171,16
-1200906.56124028,1963055.9799280171,16
-1200443.2485237527,1963055.9799280171,16
-1199979.935807225,1963055.9799280171,16
-1199516.6230906977,1963055.9799280171,16
-1199053.31037417,1963055.9799280171,16
-1198589.9976576427,1963055.9799280171,16
-1198126.684941115,1963055.9799280171,16
-1197663.3722245875,1963055.9799280171,16
-1197200.05950806,1963055.9799280171,16
-1196736.7467915327,1963055.9799280171,16
-1196273.4340750051,1963055.9799280171,16
-1195810.1213584775,1963055.9799280171,16
-1195346.8086419501,1963055.9799280171,16
-1194883.4959254225,1963055.9799280171,16
-1194420.1832088951,1963055.9799280171,16
-1193956.8704923675,1963055.9799280171,16
-1193493.5577758402,1963055.9799280171,16
-1193030.2450593126,1963055.9799280171,16
-1192566.9323427852,1963055.9799280171,16
-1192103.6196262576,1963055.9799280171,16
-1191640.3069097302,1963055.9799280171,16
-1191176.9941932026,1963055.9799280171,16
-1190713.6814766752,1963055.9799280171,16
-1190250.3687601476,1963055.9799280171,16
-1189787.0560436202,1963055.9799280171,16
-1189323.7433270926,1963055.9799280171,16
-1188860.430610565,1963055.9799280171,16
-1188397.1178940376,1963055.9799280171,16
-1187933.80517751,1963055.9799280171,16
-1187470.4924609826,1963055.9799280171,16
-1187007.179744455,1963055.9799280171,16
-1186543.8670279277,1963055.9799280171,16
-1186080.5543114,1963055.9799280171,16
-1185617.2415948727,1963055.9799280171,16
-1185153.928878345,1963055.9799280171,16
-1184690.6161618177,1963055.9799280171,16
-1184227.30344529,1963055.9799280171,16
-1183763.9907287627,1963055.9799280171,16
-1183300.678012235,1963055.9799280171,16
-1182837.3652957077,1963055.9799280171,16
-1182374.05257918,1963055.9799280171,16
-1181910.7398626525,1963055.9799280171,16
-1181447.4271461251,1963055.9799280171,16
-1180984.1144295975,1963055.9799280171,16
-1180520.8017130701,1963055.9799280171,16
-1180057.4889965425,1963055.9799280171,16
-1179594.1762800151,1963055.9799280171,16
-1179130.8635634875,1963055.9799280171,16
-1178667.5508469602,1963055.9799280171,16
-1178204.2381304326,1963055.9799280171,16
-1177740.9254139052,1963055.9799280171,16
-1177277.6126973776,1963055.9799280171,16
-1176814.2999808502,1963055.9799280171,16
-1176350.9872643226,1963055.9799280171,16
-1175887.6745477952,1963055.9799280171,16
-1175424.3618312676,1963055.9799280171,16
-1174961.04911474,1963055.9799280171,16
-1174497.7363982126,1963055.9799280171,16
-1210172.8155708301,1962592.6672114898,16
-1209709.5028543025,1962592.6672114898,16
-1209246.1901377751,1962592.6672114898,16
-1208782.8774212475,1962592.6672114898,16
-1208319.5647047202,1962592.6672114898,16
-1207856.2519881926,1962592.6672114898,16
-1207392.9392716652,1962592.6672114898,16
-1206929.6265551376,1962592.6672114898,16
-1206466.3138386102,1962592.6672114898,16
-1206003.0011220826,1962592.6672114898,16
-1205539.6884055552,1962592.6672114898,16
-1205076.3756890276,1962592.6672114898,16
-1204613.0629725,1962592.6672114898,16
-1204149.7502559726,1962592.6672114898,16
-1203686.4375394452,1962592.6672114898,16
-1203223.1248229176,1962592.6672114898,16
-1202759.81210639,1962592.6672114898,16
-1202296.4993898626,1962592.6672114898,16
-1201833.186673335,1962592.6672114898,16
-1201369.8739568077,1962592.6672114898,16
-1200906.56124028,1962592.6672114898,16
-1200443.2485237527,1962592.6672114898,16
-1199979.935807225,1962592.6672114898,16
-1199516.6230906977,1962592.6672114898,16
-1199053.31037417,1962592.6672114898,16
-1198589.9976576427,1962592.6672114898,16
-1198126.684941115,1962592.6672114898,16
-1197663.3722245875,1962592.6672114898,16
-1197200.05950806,1962592.6672114898,16
-1196736.7467915327,1962592.6672114898,16
-1196273.4340750051,1962592.6672114898,16
-1195810.1213584775,1962592.6672114898,16
-1195346.8086419501,1962592.6672114898,16
-1194883.4959254225,1962592.6672114898,16
-1194420.1832088951,1962592.6672114898,16
-1193956.8704923675,1962592.6672114898,16
-1193493.5577758402,1962592.6672114898,16
-1193030.2450593126,1962592.6672114898,16
-1192566.9323427852,1962592.6672114898,16
-1192103.6196262576,1962592.6672114898,16
-1191640.3069097302,1962592.6672114898,16
-1191176.9941932026,1962592.6672114898,16
-1190713.6814766752,1962592.6672114898,16
-1190250.3687601476,1962592.6672114898,16
-1189787.0560436202,1962592.6672114898,16
-1189323.7433270926,1962592.6672114898,16
-1188860.430610565,1962592.6672114898,16
-1188397.1178940376,1962592.6672114898,16
-1187933.80517751,1962592.6672114898,16
-1187470.4924609826,1962592.6672114898,16
-1187007.179744455,1962592.6672114898,16
-1186543.8670279277,1962592.6672114898,16
-1186080.5543114,1962592.6672114898,16
-1185617.2415948727,1962592.6672114898,16
-1185153.928878345,1962592.6672114898,16
-1184690.6161618177,1962592.6672114898,16
-1184227.30344529,1962592.6672114898,16
-1183763.9907287627,1962592.6672114898,16
-1183300.678012235,1962592.6672114898,16
-1182837.3652957077,1962592.6672114898,16
-1182374.05257918,1962592.6672114898,16
-1181910.7398626525,1962592.6672114898,16
-1181447.4271461251,1962592.6672114898,16
-1180984.1144295975,1962592.6672114898,16
-1180520.8017130701,1962592.6672114898,16
-1180057.4889965425,1962592.6672114898,16
-1179594.1762800151,1962592.6672114898,16
-1179130.8635634875,1962592.6672114898,16
-1178667.5508469602,1962592.6672114898,16
-1178204.2381304326,1962592.6672114898,16
-1177740.9254139052,1962592.6672114898,16
-1177277.6126973776,1962592.6672114898,16
-1176814.2999808502,1962592.6672114898,16
-1176350.9872643226,1962592.6672114898,16
-1175887.6745477952,1962592.6672114898,16
-1175424.3618312676,1962592.6672114898,16
-1174961.04911474,1962592.6672114898,16
-1174497.7363982126,1962592.6672114898,16
-1209709.5028543025,1962129.3544949621,16
-1209246.1901377751,1962129.3544949621,16
-1208782.8774212475,1962129.3544949621,16
-1208319.5647047202,1962129.3544949621,16
-1207856.2519881926,1962129.3544949621,16
-1207392.9392716652,1962129.3544949621,16
-1206929.6265551376,1962129.3544949621,16
-1206466.3138386102,1962129.3544949621,16
-1206003.0011220826,1962129.3544949621,16
-1205539.6884055552,1962129.3544949621,16
-1205076.3756890276,1962129.3544949621,16
-1204613.0629725,1962129.3544949621,16
-1204149.7502559726,1962129.3544949621,16
-1203686.4375394452,1962129.3544949621,16
-1203223.1248229176,1962129.3544949621,16
-1202759.81210639,1962129.3544949621,16
-1202296.4993898626,1962129.3544949621,16
-1201833.186673335,1962129.3544949621,16
-1201369.8739568077,1962129.3544949621,16
-1200906.56124028,1962129.3544949621,10
-1200443.2485237527,1962129.3544949621,16
-1199979.935807225,1962129.3544949621,16
-1199516.6230906977,1962129.3544949621,16
-1199053.31037417,1962129.3544949621,16
-1198589.9976576427,1962129.3544949621,16
-1198126.684941115,1962129.3544949621,16
-1197663.3722245875,1962129.3544949621,16
-1197200.05950806,1962129.3544949621,16
-1196736.7467915327,1962129.3544949621,16
-1196273.4340750051,1962129.3544949621,16
-1195810.1213584775,1962129.3544949621,16
-1195346.8086419501,1962129.3544949621,16
-1194883.4959254225,1962129.3544949621,16
-1194420.1832088951,1962129.3544949621,16
-1193956.8704923675,1962129.3544949621,16
-1193493.5577758402,1962129.3544949621,16
-1193030.2450593126,1962129.3544949621,16
-1192566.9323427852,1962129.3544949621,16
-1192103.6196262576,1962129.3544949621,16
-1191640.3069097302,1962129.3544949621,16
-1191176.9941932026,1962129.3544949621,16
-1190713.6814766752,1962129.3544949621,16
-1190250.3687601476,1962129.3544949621,16
-1189787.0560436202,1962129.3544949621,16
-1189323.7433270926,1962129.3544949621,16
-1188860.430610565,1962129.3544949621,16
-1188397.1178940376,1962129.3544949621,16
-1187933.80517751,1962129.3544949621,16
-1187470.4924609826,1962129.3544949621,16
-1187007.179744455,1962129.3544949621,16
-1186543.8670279277,1962129.3544949621,16
-1186080.5543114,1962129.3544949621,16
-1185617.2415948727,1962129.3544949621,16
-1185153.928878345,1962129.3544949621,16
-1184690.6161618177,1962129.3544949621,16
-1184227.30344529,1962129.3544949621,16
-1183763.9907287627,1962129.3544949621,16
-1183300.678012235,1962129.3544949621,16
-1182837.3652957077,1962129.3544949621,16
-1182374.05257918,1962129.3544949621,16
-1181910.7398626525,1962129.3544949621,16
-1181447.4271461251,1962129.3544949621,16
-1180984.1144295975,1962129.3544949621,16
-1180520.8017130701,1962129.3544949621,16
-1180057.4889965425,1962129.3544949621,16
-1179594.1762800151,1962129.3544949621,16
-1179130.8635634875,1962129.3544949621,16
-1178667.5508469602,1962129.3544949621,16
-1178204.2381304326,1962129.3544949621,16
-1177740.9254139052,1962129.3544949621,16
-1177277.6126973776,1962129.3544949621,16
-1176814.2999808502,1962129.3544949621,16
-1176350.9872643226,1962129.3544949621,16
-1175887.6745477952,1962129.3544949621,16
-1175424.3618312676,1962129.3544949621,16
-1174961.04911474,1962129.3544949621,16
-1174497.7363982126,1962129.3544949621,16
-1174034.4236816852,1962129.3544949621,16
-1209709.5028543025,1961666.0417784348,16
-1209246.1901377751,1961666.0417784348,16
-1208782.8774212475,1961666.0417784348,16
-1208319.5647047202,1961666.0417784348,16
-1207856.2519881926,1961666.0417784348,16
-1207392.9392716652,1961666.0417784348,16
-1206929.6265551376,1961666.0417784348,16
-1206466.3138386102,1961666.0417784348,16
-1206003.0011220826,1961666.0417784348,16
-1205539.6884055552,1961666.0417784348,16
-1205076.3756890276,1961666.0417784348,16
-1204613.0629725,1961666.0417784348,16
-1204149.7502559726,1961666.0417784348,16
-1203686.4375394452,1961666.0417784348,16
-1203223.1248229176,1961666.0417784348,16
-1202759.81210639,1961666.0417784348,16
-1202296.4993898626,1961666.0417784348,16
-1201833.186673335,1961666.0417784348,16
-1201369.8739568077,1961666.0417784348,16
-1200906.56124028,1961666.0417784348,10
-1200443.2485237527,1961666.0417784348,10
-1199979.935807225,1961666.0417784348,16
-1199516.6230906977,1961666.0417784348,16
-1199053.31037417,1961666.0417784348,16
-1198589.9976576427,1961666.0417784348,16
-1198126.684941115,1961666.0417784348,16
-1197663.3722245875,1961666.0417784348,16
-1197200.05950806,1961666.0417784348,16
-1196736.7467915327,1961666.0417784348,16
-1196273.4340750051,1961666.0417784348,16
-1195810.1213584775,1961666.0417784348,16
-1195346.8086419501,1961666.0417784348,16
-1194883.4959254225,1961666.0417784348,16
-1194420.1832088951,1961666.0417784348,16
-1193956.8704923675,1961666.0417784348,16
-1193493.5577758402,1961666.0417784348,16
-1193030.2450593126,1961666.0417784348,16
-1192566.9323427852,1961666.0417784348,16
-1192103.6196262576,1961666.0417784348,16
-1191640.3069097302,1961666.0417784348,16
-1191176.9941932026,1961666.0417784348,16
-1190713.6814766752,1961666.0417784348,16
-1190250.3687601476,1961666.0417784348,16
-1189787.0560436202,1961666.0417784348,16
-1189323.7433270926,1961666.0417784348,16
-1188860.430610565,1961666.0417784348,16
-1188397.1178940376,1961666.0417784348,16
-1187933.80517751,1961666.0417784348,16
-1187470.4924609826,1961666.0417784348,16
-1187007.179744455,1961666.0417784348,16
-1186543.8670279277,1961666.0417784348,16
-1186080.5543114,1961666.0417784348,16
-1185617.2415948727,1961666.0417784348,16
-1185153.928878345,1961666.0417784348,16
-1184690.6161618177,1961666.0417784348,16
-1184227.30344529,1961666.0417784348,16
-1183763.9907287627,1961666.0417784348,16
-1183300.678012235,1961666.0417784348,16
-1182837.3652957077,1961666.0417784348,16
-1182374.05257918,1961666.0417784348,16
-1181910.7398626525,1961666.0417784348,16
-1181447.4271461251,1961666.0417784348,16
-1180984.1144295975,1961666.0417784348,16
-1180520.8017130701,1961666.0417784348,16
-1180057.4889965425,1961666.0417784348,16
-1179594.1762800151,1961666.0417784348,16
-1179130.8635634875,1961666.0417784348,16
-1178667.5508469602,1961666.0417784348,16
-1178204.2381304326,1961666.0417784348,16
-1177740.9254139052,1961666.0417784348,16
-1177277.6126973776,1961666.0417784348,16
-1176814.2999808502,1961666.0417784348,16
-1176350.9872643226,1961666.0417784348,16
-1175887.6745477952,1961666.0417784348,16
-1175424.3618312676,1961666.0417784348,16
-1174961.04911474,1961666.0417784348,16
-1174497.7363982126,1961666.0417784348,16
-1174034.4236816852,1961666.0417784348,16
-1209709.5028543025,1961202.7290619072,16
-1209246.1901377751,1961202.7290619072,16
-1208782.8774212475,1961202.7290619072,16
-1208319.5647047202,1961202.7290619072,16
-1207856.2519881926,1961202.7290619072,16
-1207392.9392716652,1961202.7290619072,16
-1206929.6265551376,1961202.7290619072,16
-1206466.3138386102,1961202.7290619072,16
-1206003.0011220826,1961202.7290619072,16
-1205539.6884055552,1961202.7290619072,16
-1205076.3756890276,1961202.7290619072,16
-1204613.0629725,1961202.7290619072,16
-1204149.7502559726,1961202.7290619072,16
-1203686.4375394452,1961202.7290619072,16
-1203223.1248229176,1961202.7290619072,16
-1202759.81210639,1961202.7290619072,16
-1202296.4993898626,1961202.7290619072,16
-1201833.186673335,1961202.7290619072,16
-1201369.8739568077,1961202.7290619072,16
-1200906.56124028,1961202.7290619072,16
-1200443.2485237527,1961202.7290619072,10
-1199979.935807225,1961202.7290619072,16
-1199516.6230906977,1961202.7290619072,16
-1199053.31037417,1961202.7290619072,16
-1198589.9976576427,1961202.7290619072,16
-1198126.684941115,1961202.7290619072,16
-1197663.3722245875,1961202.7290619072,16
-1197200.05950806,1961202.7290619072,16
-1196736.7467915327,1961202.7290619072,16
-1196273.4340750051,1961202.7290619072,16
-1195810.1213584775,1961202.7290619072,16
-1195346.8086419501,1961202.7290619072,16
-1194883.4959254225,1961202.7290619072,16
-1194420.1832088951,1961202.7290619072,16
-1193956.8704923675,1961202.7290619072,16
-1193493.5577758402,1961202.7290619072,16
-1193030.2450593126,1961202.7290619072,16
-1192566.9323427852,1961202.7290619072,16
-1192103.6196262576,1961202.7290619072,16
-1191640.3069097302,1961202.7290619072,16
-1191176.9941932026,1961202.7290619072,16
-1190713.6814766752,1961202.7290619072,16
-1190250.3687601476,1961202.7290619072,16
-1189787.0560436202,1961202.7290619072,16
-1189323.7433270926,1961202.7290619072,16
-1188860.430610565,1961202.7290619072,16
-1188397.1178940376,1961202.7290619072,16
-1187933.80517751,1961202.7290619072,16
-1187470.4924609826,1961202.7290619072,16
-1187007.179744455,1961202.7290619072,16
-1186543.8670279277,1961202.7290619072,16
-1186080.5543114,1961202.7290619072,16
-1185617.2415948727,1961202.7290619072,16
-1185153.928878345,1961202.7290619072,16
-1184690.6161618177,1961202.7290619072,16
-1184227.30344529,1961202.7290619072,16
-1183763.9907287627,1961202.7290619072,16
-1183300.678012235,1961202.7290619072,16
-1182837.3652957077,1961202.7290619072,16
-1182374.05257918,1961202.7290619072,16
-1181910.7398626525,1961202.7290619072,16
-1181447.4271461251,1961202.7290619072,16
-1180984.1144295975,1961202.7290619072,16
-1180520.8017130701,1961202.7290619072,16
-1180057.4889965425,1961202.7290619072,16
-1179594.1762800151,1961202.7290619072,16
-1179130.8635634875,1961202.7290619072,16
-1178667.5508469602,1961202.7290619072,16
-1178204.2381304326,1961202.7290619072,16
-1177740.9254139052,1961202.7290619072,16
-1177277.6126973776,1961202.7290619072,16
-1176814.2999808502,1961202.7290619072,16
-1176350.9872643226,1961202.7290619072,16
-1175887.6745477952,1961202.7290619072,16
-1175424.3618312676,1961202.7290619072,16
-1174961.04911474,1961202.7290619072,16
-1174497.7363982126,1961202.7290619072,16
-1174034.4236816852,1961202.7290619072,16
-1173571.1109651576,1961202.7290619072,16
-1209246.1901377751,1960739.4163453798,16
-1208782.8774212475,1960739.4163453798,16
-1208319.5647047202,1960739.4163453798,16
-1207856.2519881926,1960739.4163453798,16
-1207392.9392716652,1960739.4163453798,16
-1206929.6265551376,1960739.4163453798,16
-1206466.3138386102,1960739.4163453798,16
-1206003.0011220826,1960739.4163453798,16
-1205539.6884055552,1960739.4163453798,16
-1205076.3756890276,1960739.4163453798,16
-1204613.0629725,1960739.4163453798,16
-1204149.7502559726,1960739.4163453798,16
-1203686.4375394452,1960739.4163453798,16
-1203223.1248229176,1960739.4163453798,16
-1202759.81210639,1960739.4163453798,16
-1202296.4993898626,1960739.4163453798,16
-1201833.186673335,1960739.4163453798,16
-1201369.8739568077,1960739.4163453798,16
-1200906.56124028,1960739.4163453798,16
-1200443.2485237527,1960739.4163453798,16
-1199979.935807225,1960739.4163453798,16
-1199516.6230906977,1960739.4163453798,16
-1199053.31037417,1960739.4163453798,16
-1198589.9976576427,1960739.4163453798,16
-1198126.684941115,1960739.4163453798,16
-1197663.3722245875,1960739.4163453798,16
-1197200.05950806,1960739.4163453798,16
-1196736.7467915327,1960739.4163453798,16
-1196273.4340750051,1960739.4163453798,16
-1195810.1213584775,1960739.4163453798,16
-1195346.8086419501,1960739.4163453798,16
-1194883.4959254225,1960739.4163453798,16
-1194420.1832088951,1960739.4163453798,16
-1193956.8704923675,1960739.4163453798,16
-1193493.5577758402,1960739.4163453798,16
-1193030.2450593126,1960739.4163453798,16
-1192566.9323427852,1960739.4163453798,16
-1192103.6196262576,1960739.4163453798,16
-1191640.3069097302,1960739.4163453798,16
-1191176.9941932026,1960739.4163453798,16
-1190713.6814766752,1960739.4163453798,16
-1190250.3687601476,1960739.4163453798,16
-1189787.0560436202,1960739.4163453798,16
-1189323.7433270926,1960739.4163453798,16
-1188860.430610565,1960739.4163453798,16
-1188397.1178940376,1960739.4163453798,16
-1187933.80517751,1960739.4163453798,16
-1187470.4924609826,1960739.4163453798,16
-1187007.179744455,1960739.4163453798,16
-1186543.8670279277,1960739.4163453798,16
-1186080.5543114,1960739.4163453798,16
-1185617.2415948727,1960739.4163453798,16
-1185153.928878345,1960739.4163453798,16
-1184690.6161618177,1960739.4163453798,16
-1184227.30344529,1960739.4163453798,16
-1183763.9907287627,1960739.4163453798,16
-1183300.678012235,1960739.4163453798,16
-1182837.3652957077,1960739.4163453798,16
-1182374.05257918,1960739.4163453798,16
-1181910.7398626525,1960739.4163453798,16
-1181447.4271461251,1960739.4163453798,16
-1180984.1144295975,1960739.4163453798,16
-1180520.8017130701,1960739.4163453798,16
-1180057.4889965425,1960739.4163453798,16
-1179594.1762800151,1960739.4163453798,16
-1179130.8635634875,1960739.4163453798,16
-1178667.5508469602,1960739.4163453798,16
-1178204.2381304326,1960739.4163453798,16
-1177740.9254139052,1960739.4163453798,16
-1177277.6126973776,1960739.4163453798,16
-1176814.2999808502,1960739.4163453798,16
-1176350.9872643226,1960739.4163453798,16
-1175887.6745477952,1960739.4163453798,16
-1175424.3618312676,1960739.4163453798,16
-1174961.04911474,1960739.4163453798,16
-1174497.7363982126,1960739.4163453798,16
-1174034.4236816852,1960739.4163453798,16
-1173571.1109651576,1960739.4163453798,16
-1209246.1901377751,1960276.1036288522,16
-1208782.8774212475,1960276.1036288522,16
-1208319.5647047202,1960276.1036288522,16
-1207856.2519881926,1960276.1036288522,16
-1207392.9392716652,1960276.1036288522,16
-1206929.6265551376,1960276.1036288522,16
-1206466.3138386102,1960276.1036288522,16
-1206003.0011220826,1960276.1036288522,16
-1205539.6884055552,1960276.1036288522,16
-1205076.3756890276,1960276.1036288522,16
-1204613.0629725,1960276.1036288522,16
-1204149.7502559726,1960276.1036288522,16
-1203686.4375394452,1960276.1036288522,16
-1203223.1248229176,1960276.1036288522,16
-1202759.81210639,1960276.1036288522,16
-1202296.4993898626,1960276.1036288522,16
-1201833.186673335,1960276.1036288522,16
-1201369.8739568077,1960276.1036288522,16
-1200906.56124028,1960276.1036288522,16
-1200443.2485237527,1960276.1036288522,16
-1199979.935807225,1960276.1036288522,16
-1199516.6230906977,1960276.1036288522,16
-1199053.31037417,1960276.1036288522,16
-1198589.9976576427,1960276.1036288522,16
-1198126.684941115,1960276.1036288522,16
-1197663.3722245875,1960276.1036288522,16
-1197200.05950806,1960276.1036288522,16
-1196736.7467915327,1960276.1036288522,16
-1196273.4340750051,1960276.1036288522,16
-1195810.1213584775,1960276.1036288522,16
-1195346.8086419501,1960276.1036288522,16
-1194883.4959254225,1960276.1036288522,16
-1194420.1832088951,1960276.1036288522,16
-1193956.8704923675,1960276.1036288522,16
-1193493.5577758402,1960276.1036288522,16
-1193030.2450593126,1960276.1036288522,16
-1192566.9323427852,1960276.1036288522,16
-1192103.6196262576,1960276.1036288522,16
-1191640.3069097302,1960276.1036288522,16
-1191176.9941932026,1960276.1036288522,16
-1190713.6814766752,1960276.1036288522,16
-1190250.3687601476,1960276.1036288522,16
-1189787.0560436202,1960276.1036288522,16
-1189323.7433270926,1960276.1036288522,16
-1188860.430610565,1960276.1036288522,16
-1188397.1178940376,1960276.1036288522,16
-1187933.80517751,1960276.1036288522,16
-1187470.4924609826,1960276.1036288522,16
-1187007.179744455,1960276.1036288522,16
-1186543.8670279277,1960276.1036288522,16
-1186080.5543114,1960276.1036288522,16
-1185617.2415948727,1960276.1036288522,16
-1185153.928878345,1960276.1036288522,16
-1184690.6161618177,1960276.1036288522,16
-1184227.30344529,1960276.1036288522,16
-1183763.9907287627,1960276.1036288522,16
-1183300.678012235,1960276.1036288522,16
-1182837.3652957077,1960276.1036288522,16
-1182374.05257918,1960276.1036288522,16
-1181910.7398626525,1960276.1036288522,16
-1181447.4271461251,1960276.1036288522,16
-1180984.1144295975,1960276.1036288522,16
-1180520.8017130701,1960276.1036288522,16
-1180057.4889965425,1960276.1036288522,16
-1179594.1762800151,1960276.1036288522,16
-1179130.8635634875,1960276.1036288522,16
-1178667.5508469602,1960276.1036288522,16
-1178204.2381304326,1960276.1036288522,16
-1177740.9254139052,1960276.1036288522,16
-1177277.6126973776,1960276.1036288522,16
-1176814.2999808502,1960276.1036288522,16
-1176350.9872643226,1960276.1036288522,16
-1175887.6745477952,1960276.1036288522,16
-1175424.3618312676,1960276.1036288522,16
-1174961.04911474,1960276.1036288522,16
-1174497.7363982126,1960276.1036288522,16
-1174034.4236816852,1960276.1036288522,16
-1173571.1109651576,1960276.1036288522,16
-1208782.8774212475,1959812.7909123248,16
-1208319.5647047202,1959812.7909123248,16
-1207856.2519881926,1959812.7909123248,16
-1207392.9392716652,1959812.7909123248,16
-1206929.6265551376,1959812.7909123248,16
-1206466.3138386102,1959812.7909123248,16
-1206003.0011220826,1959812.7909123248,16
-1205539.6884055552,1959812.7909123248,16
-1205076.3756890276,1959812.7909123248,16
-1204613.0629725,1959812.7909123248,16
-1204149.7502559726,1959812.7909123248,16
-1203686.4375394452,1959812.7909123248,16
-1203223.1248229176,1959812.7909123248,16
-1202759.81210639,1959812.7909123248,16
-1202296.4993898626,1959812.7909123248,16
-1201833.186673335,1959812.7909123248,16
-1201369.8739568077,1959812.7909123248,16
-1200906.56124028,1959812.7909123248,16
-1200443.2485237527,1959812.7909123248,16
-1199979.935807225,1959812.7909123248,16
-1199516.6230906977,1959812.7909123248,16
-1199053.31037417,1959812.7909123248,16
-1198589.9976576427,1959812.7909123248,16
-1198126.684941115,1959812.7909123248,16
-1197663.3722245875,1959812.7909123248,16
-1197200.05950806,1959812.7909123248,16
-1196736.7467915327,1959812.7909123248,16
-1196273.4340750051,1959812.7909123248,16
-1195810.1213584775,1959812.7909123248,16
-1195346.8086419501,1959812.7909123248,16
-1194883.4959254225,1959812.7909123248,16
-1194420.1832088951,1959812.7909123248,16
-1193956.8704923675,1959812.7909123248,16
-1193493.5577758402,1959812.7909123248,16
-1193030.2450593126,1959812.7909123248,16
-1192566.9323427852,1959812.7909123248,16
-1192103.6196262576,1959812.7909123248,16
-1191640.3069097302,1959812.7909123248,16
-1191176.9941932026,1959812.7909123248,16
-1190713.6814766752,1959812.7909123248,16
-1190250.3687601476,1959812.7909123248,16
-1189787.0560436202,1959812.7909123248,16
-1189323.7433270926,1959812.7909123248,16
-1188860.430610565,1959812.7909123248,16
-1188397.1178940376,1959812.7909123248,16
-1187933.80517751,1959812.7909123248,16
-1187470.4924609826,1959812.7909123248,16
-1187007.179744455,1959812.7909123248,16
-1186543.8670279277,1959812.7909123248,16
-1186080.5543114,1959812.7909123248,16
-1185617.2415948727,1959812.7909123248,16
-1185153.928878345,1959812.7909123248,16
-1184690.6161618177,1959812.7909123248,16
-1184227.30344529,1959812.7909123248,16
-1183763.9907287627,1959812.7909123248,16
-1183300.678012235,1959812.7909123248,16
-1182837.3652957077,1959812.7909123248,16
-1182374.05257918,1959812.7909123248,16
-1181910.7398626525,1959812.7909123248,16
-1181447.4271461251,1959812.7909123248,16
-1180984.1144295975,1959812.7909123248,16
-1180520.8017130701,1959812.7909123248,16
-1180057.4889965425,1959812.7909123248,16
-1179594.1762800151,1959812.7909123248,16
-1179130.8635634875,1959812.7909123248,16
-1178667.5508469602,1959812.7909123248,16
-1178204.2381304326,1959812.7909123248,16
-1177740.9254139052,1959812.7909123248,16
-1177277.6126973776,1959812.7909123248,16
-1176814.2999808502,1959812.7909123248,16
-1176350.9872643226,1959812.7909123248,16
-1175887.6745477952,1959812.7909123248,16
-1175424.3618312676,1959812.7909123248,16
-1174961.04911474,1959812.7909123248,16
-1174497.7363982126,1959812.7909123248,16
-1174034.4236816852,1959812.7909123248,16
-1173571.1109651576,1959812.7909123248,16
-1173107.79824863,1959812.7909123248,16
-1208319.5647047202,1959349.4781957972,16
-1207856.2519881926,1959349.4781957972,16
-1207392.9392716652,1959349.4781957972,16
-1206929.6265551376,1959349.4781957972,16
-1206466.3138386102,1959349.4781957972,16
-1206003.0011220826,1959349.4781957972,16
-1205539.6884055552,1959349.4781957972,16
-1205076.3756890276,1959349.4781957972,16
-1204613.0629725,1959349.4781957972,16
-1204149.7502559726,1959349.4781957972,16
-1203686.4375394452,1959349.4781957972,16
-1203223.1248229176,1959349.4781957972,16
-1202759.81210639,1959349.4781957972,16
-1202296.4993898626,1959349.4781957972,16
-1201833.186673335,1959349.4781957972,16
-1201369.8739568077,1959349.4781957972,16
-1200906.56124028,1959349.4781957972,16
-1200443.2485237527,1959349.4781957972,16
-1199979.935807225,1959349.4781957972,16
-1199516.6230906977,1959349.4781957972,16
-1199053.31037417,1959349.4781957972,16
-1198589.9976576427,1959349.4781957972,16
-1198126.684941115,1959349.4781957972,16
-1197663.3722245875,1959349.4781957972,16
-1197200.05950806,1959349.4781957972,16
-1196736.7467915327,1959349.4781957972,16
-1196273.4340750051,1959349.4781957972,16
-1195810.1213584775,1959349.4781957972,16
-1195346.8086419501,1959349.4781957972,16
-1194883.4959254225,1959349.4781957972,16
-1194420.1832088951,1959349.4781957972,16
-1193956.8704923675,1959349.4781957972,16
-1193493.5577758402,1959349.4781957972,16
-1193030.2450593126,1959349.4781957972,16
-1192566.9323427852,1959349.4781957972,16
-1192103.6196262576,1959349.4781957972,16
-1191640.3069097302,1959349.4781957972,16
-1191176.9941932026,1959349.4781957972,16
-1190713.6814766752,1959349.4781957972,16
-1190250.3687601476,1959349.4781957972,16
-1189787.0560436202,1959349.4781957972,16
-1189323.7433270926,1959349.4781957972,16
-1188860.430610565,1959349.4781957972,16
-1188397.1178940376,1959349.4781957972,16
-1187933.80517751,1959349.4781957972,16
-1187470.4924609826,1959349.4781957972,16
-1187007.179744455,1959349.4781957972,16
-1186543.8670279277,1959349.4781957972,16
-1186080.5543114,1959349.4781957972,16
-1185617.2415948727,1959349.4781957972,16
-1185153.928878345,1959349.4781957972,16
-1184690.6161618177,1959349.4781957972,16
-1184227.30344529,1959349.4781957972,16
-1183763.9907287627,1959349.4781957972,16
-1183300.678012235,1959349.4781957972,16
-1182837.3652957077,1959349.4781957972,16
-1182374.05257918,1959349.4781957972,16
-1181910.7398626525,1959349.4781957972,16
-1181447.4271461251,1959349.4781957972,16
-1180984.1144295975,1959349.4781957972,16
-1180520.8017130701,1959349.4781957972,16
-1180057.4889965425,1959349.4781957972,16
-1179594.1762800151,1959349.4781957972,16
-1179130.8635634875,1959349.4781957972,16
-1178667.5508469602,1959349.4781957972,16
-1178204.2381304326,1959349.4781957972,16
-1177740.9254139052,1959349.4781957972,16
-1177277.6126973776,1959349.4781957972,16
-1176814.2999808502,1959349.4781957972,16
-1176350.9872643226,1959349.4781957972,16
-1175887.6745477952,1959349.4781957972,16
-1175424.3618312676,1959349.4781957972,16
-1174961.04911474,1959349.4781957972,16
-1174497.7363982126,1959349.4781957972,16
-1174034.4236816852,1959349.4781957972,16
-1173571.1109651576,1959349.4781957972,16
-1173107.79824863,1959349.4781957972,16
-1208319.5647047202,1958886.1654792698,16
-1207856.2519881926,1958886.1654792698,16
-1207392.9392716652,1958886.1654792698,16
-1206929.6265551376,1958886.1654792698,16
-1206466.3138386102,1958886.1654792698,16
-1206003.0011220826,1958886.1654792698,16
-1205539.6884055552,1958886.1654792698,16
-1205076.3756890276,1958886.1654792698,16
-1204613.0629725,1958886.1654792698,16
-1204149.7502559726,1958886.1654792698,16
-1203686.4375394452,1958886.1654792698,16
-1203223.1248229176,1958886.1654792698,16
-1202759.81210639,1958886.1654792698,16
-1202296.4993898626,1958886.1654792698,16
-1201833.186673335,1958886.1654792698,16
-1201369.8739568077,1958886.1654792698,16
-1200906.56124028,1958886.1654792698,16
-1200443.2485237527,1958886.1654792698,16
-1199979.935807225,1958886.1654792698,16
-1199516.6230906977,1958886.1654792698,16
-1199053.31037417,1958886.1654792698,16
-1198589.9976576427,1958886.1654792698,16
-1198126.684941115,1958886.1654792698,16
-1197663.3722245875,1958886.1654792698,16
-1197200.05950806,1958886.1654792698,16
-1196736.7467915327,1958886.1654792698,16
-1196273.4340750051,1958886.1654792698,16
-1195810.1213584775,1958886.1654792698,16
-1195346.8086419501,1958886.1654792698,16
-1194883.4959254225,1958886.1654792698,16
-1194420.1832088951,1958886.1654792698,16
-1193956.8704923675,1958886.1654792698,16
-1193493.5577758402,1958886.1654792698,16
-1193030.2450593126,1958886.1654792698,16
-1192566.9323427852,1958886.1654792698,16
-1192103.6196262576,1958886.1654792698,16
-1191640.3069097302,1958886.1654792698,16
-1191176.9941932026,1958886.1654792698,16
-1190713.6814766752,1958886.1654792698,16
-1190250.3687601476,1958886.1654792698,16
-1189787.0560436202,1958886.1654792698,16
-1189323.7433270926,1958886.1654792698,16
-1188860.430610565,1958886.1654792698,16
-1188397.1178940376,1958886.1654792698,16
-1187933.80517751,1958886.1654792698,16
-1187470.4924609826,1958886.1654792698,16
-1187007.179744455,1958886.1654792698,16
-1186543.8670279277,1958886.1654792698,16
-1186080.5543114,1958886.1654792698,16
-1185617.2415948727,1958886.1654792698,16
-1185153.928878345,1958886.1654792698,16
-1184690.6161618177,1958886.1654792698,16
-1184227.30344529,1958886.1654792698,16
-1183763.9907287627,1958886.1654792698,16
-1183300.678012235,1958886.1654792698,16
-1182837.3652957077,1958886.1654792698,16
-1182374.05257918,1958886.1654792698,16
-1181910.7398626525,1958886.1654792698,16
-1181447.4271461251,1958886.1654792698,16
-1180984.1144295975,1958886.1654792698,16
-1180520.8017130701,1958886.1654792698,16
-1180057.4889965425,1958886.1654792698,16
-1179594.1762800151,1958886.1654792698,16
-1179130.8635634875,1958886.1654792698,16
-1178667.5508469602,1958886.1654792698,16
-1178204.2381304326,1958886.1654792698,16
-1177740.9254139052,1958886.1654792698,16
-1177277.6126973776,1958886.1654792698,16
-1176814.2999808502,1958886.1654792698,16
-1176350.9872643226,1958886.1654792698,16
-1175887.6745477952,1958886.1654792698,16
-1175424.3618312676,1958886.1654792698,16
-1174961.04911474,1958886.1654792698,16
-1174497.7363982126,1958886.1654792698,16
-1174034.4236816852,1958886.1654792698,16
-1173571.1109651576,1958886.1654792698,16
-1173107.79824863,1958886.1654792698,16
-1208319.5647047202,1958422.8527627422,16
-1207856.2519881926,1958422.8527627422,16
-1207392.9392716652,1958422.8527627422,16
-1206929.6265551376,1958422.8527627422,16
-1206466.3138386102,1958422.8527627422,16
-1206003.0011220826,1958422.8527627422,16
-1205539.6884055552,1958422.8527627422,16
-1205076.3756890276,1958422.8527627422,16
-1204613.0629725,1958422.8527627422,16
-1204149.7502559726,1958422.8527627422,16
-1203686.4375394452,1958422.8527627422,16
-1203223.1248229176,1958422.8527627422,16
-1202759.81210639,1958422.8527627422,16
-1202296.4993898626,1958422.8527627422,16
-1201833.186673335,1958422.8527627422,16
-1201369.8739568077,1958422.8527627422,16
-1200906.56124028,1958422.8527627422,16
-1200443.2485237527,1958422.8527627422,16
-1199979.935807225,1958422.8527627422,16
-1199516.6230906977,1958422.8527627422,16
-1199053.31037417,1958422.8527627422,16
-1198589.9976576427,1958422.8527627422,16
-1198126.684941115,1958422.8527627422,16
-1197663.3722245875,1958422.8527627422,16
-1197200.05950806,1958422.8527627422,16
-1196736.7467915327,1958422.8527627422,16
-1196273.4340750051,1958422.8527627422,16
-1195810.1213584775,1958422.8527627422,16
-1195346.8086419501,1958422.8527627422,16
-1194883.4959254225,1958422.8527627422,16
-1194420.1832088951,1958422.8527627422,16
-1193956.8704923675,1958422.8527627422,16
-1193493.5577758402,1958422.8527627422,16
-1193030.2450593126,1958422.8527627422,16
-1192566.9323427852,1958422.8527627422,16
-1192103.6196262576,1958422.8527627422,16
-1191640.3069097302,1958422.8527627422,16
-1191176.9941932026,1958422.8527627422,16
-1190713.6814766752,1958422.8527627422,16
-1190250.3687601476,1958422.8527627422,16
-1189787.0560436202,1958422.8527627422,16
-1189323.7433270926,1958422.8527627422,16
-1188860.430610565,1958422.8527627422,16
-1188397.1178940376,1958422.8527627422,16
-1187933.80517751,1958422.8527627422,16
-1187470.4924609826,1958422.8527627422,16
-1187007.179744455,1958422.8527627422,16
-1186543.8670279277,1958422.8527627422,16
-1186080.5543114,1958422.8527627422,16
-1185617.2415948727,1958422.8527627422,16
-1185153.928878345,1958422.8527627422,16
-1184690.6161618177,1958422.8527627422,16
-1184227.30344529,1958422.8527627422,16
-1183763.9907287627,1958422.8527627422,16
-1183300.678012235,1958422.8527627422,16
-1182837.3652957077,1958422.8527627422,16
-1182374.05257918,1958422.8527627422,16
-1181910.7398626525,1958422.8527627422,16
-1181447.4271461251,1958422.8527627422,16
-1180984.1144295975,1958422.8527627422,16
-1180520.8017130701,1958422.8527627422,16
-1180057.4889965425,1958422.8527627422,16
-1179594.1762800151,1958422.8527627422,16
-1179130.8635634875,1958422.8527627422,16
-1178667.5508469602,1958422.8527627422,16
-1178204.2381304326,1958422.8527627422,16
-1177740.9254139052,1958422.8527627422,16
-1177277.6126973776,1958422.8527627422,16
-1176814.2999808502,1958422.8527627422,16
-1176350.9872643226,1958422.8527627422,16
-1175887.6745477952,1958422.8527627422,16
-1175424.3618312676,1958422.8527627422,16
-1174961.04911474,1958422.8527627422,16
-1174497.7363982126,1958422.8527627422,16
-1174034.4236816852,1958422.8527627422,16
-1173571.1109651576,1958422.8527627422,16
-1173107.79824863,1958422.8527627422,16
-1208782.8774212475,1957959.5400462146,10
-1208319.5647047202,1957959.5400462146,10
-1207856.2519881926,1957959.5400462146,10
-1207392.9392716652,1957959.5400462146,16
-1206929.6265551376,1957959.5400462146,16
-1206466.3138386102,1957959.5400462146,16
-1206003.0011220826,1957959.5400462146,16
-1205539.6884055552,1957959.5400462146,16
-1205076.3756890276,1957959.5400462146,16
-1204613.0629725,1957959.5400462146,16
-1204149.7502559726,1957959.5400462146,16
-1203686.4375394452,1957959.5400462146,16
-1203223.1248229176,1957959.5400462146,16
-1202759.81210639,1957959.5400462146,16
-1202296.4993898626,1957959.5400462146,16
-1201833.186673335,1957959.5400462146,16
-1201369.8739568077,1957959.5400462146,16
-1200906.56124028,1957959.5400462146,16
-1200443.2485237527,1957959.5400462146,16
-1199979.935807225,1957959.5400462146,16
-1199516.6230906977,1957959.5400462146,16
-1199053.31037417,1957959.5400462146,16
-1198589.9976576427,1957959.5400462146,16
-1198126.684941115,1957959.5400462146,16
-1197663.3722245875,1957959.5400462146,16
-1197200.05950806,1957959.5400462146,16
-1196736.7467915327,1957959.5400462146,16
-1196273.4340750051,1957959.5400462146,16
-1195810.1213584775,1957959.5400462146,16
-1195346.8086419501,1957959.5400462146,16
-1194883.4959254225,1957959.5400462146,16
-1194420.1832088951,1957959.5400462146,16
-1193956.8704923675,1957959.5400462146,16
-1193493.5577758402,1957959.5400462146,16
-1193030.2450593126,1957959.5400462146,16
-1192566.9323427852,1957959.5400462146,16
-1192103.6196262576,1957959.5400462146,16
-1191640.3069097302,1957959.5400462146,16
-1191176.9941932026,1957959.5400462146,16
-1190713.6814766752,1957959.5400462146,16
-1190250.3687601476,1957959.5400462146,16
-1189787.0560436202,1957959.5400462146,16
-1189323.7433270926,1957959.5400462146,16
-1188860.430610565,1957959.5400462146,16
-1188397.1178940376,1957959.5400462146,16
-1187933.80517751,1957959.5400462146,16
-1187470.4924609826,1957959.5400462146,16
-1187007.179744455,1957959.5400462146,16
-1186543.8670279277,1957959.5400462146,16
-1186080.5543114,1957959.5400462146,16
-1185617.2415948727,1957959.5400462146,16
-1185153.928878345,1957959.5400462146,16
-1184690.6161618177,1957959.5400462146,16
-1184227.30344529,1957959.5400462146,16
-1183763.9907287627,1957959.5400462146,16
-1183300.678012235,1957959.5400462146,16
-1182837.3652957077,1957959.5400462146,16
-1182374.05257918,1957959.5400462146,16
-1181910.7398626525,1957959.5400462146,16
-1181447.4271461251,1957959.5400462146,16
-1180984.1144295975,1957959.5400462146,16
-1180520.8017130701,1957959.5400462146,16
-1180057.4889965425,1957959.5400462146,16
-1179594.1762800151,1957959.5400462146,16
-1179130.8635634875,1957959.5400462146,16
-1178667.5508469602,1957959.5400462146,16
-1178204.2381304326,1957959.5400462146,16
-1177740.9254139052,1957959.5400462146,16
-1177277.6126973776,1957959.5400462146,16
-1176814.2999808502,1957959.5400462146,16
-1176350.9872643226,1957959.5400462146,16
-1175887.6745477952,1957959.5400462146,16
-1175424.3618312676,1957959.5400462146,16
-1174961.04911474,1957959.5400462146,16
-1174497.7363982126,1957959.5400462146,16
-1174034.4236816852,1957959.5400462146,16
-1173571.1109651576,1957959.5400462146,16
-1173107.79824863,1957959.5400462146,16
-1210172.8155708301,1957496.2273296872,16
-1209709.5028543025,1957496.2273296872,16
-1209246.1901377751,1957496.2273296872,10
-1208782.8774212475,1957496.2273296872,10
-1208319.5647047202,1957496.2273296872,10
-1207856.2519881926,1957496.2273296872,16
-1207392.9392716652,1957496.2273296872,16
-1206929.6265551376,1957496.2273296872,16
-1206466.3138386102,1957496.2273296872,16
-1206003.0011220826,1957496.2273296872,16
-1205539.6884055552,1957496.2273296872,16
-1205076.3756890276,1957496.2273296872,16
-1204613.0629725,1957496.2273296872,16
-1204149.7502559726,1957496.2273296872,16
-1203686.4375394452,1957496.2273296872,16
-1203223.1248229176,1957496.2273296872,16
-1202759.81210639,1957496.2273296872,16
-1202296.4993898626,1957496.2273296872,16
-1201833.186673335,1957496.2273296872,16
-1201369.8739568077,1957496.2273296872,16
-1200906.56124028,1957496.2273296872,16
-1200443.2485237527,1957496.2273296872,16
-1199979.935807225,1957496.2273296872,16
-1199516.6230906977,1957496.2273296872,16
-1199053.31037417,1957496.2273296872,16
-1198589.9976576427,1957496.2273296872,16
-1198126.684941115,1957496.2273296872,16
-1197663.3722245875,1957496.2273296872,16
-1197200.05950806,1957496.2273296872,16
-1196736.7467915327,1957496.2273296872,16
-1196273.4340750051,1957496.2273296872,16
-1195810.1213584775,1957496.2273296872,16
-1195346.8086419501,1957496.2273296872,16
-1194883.4959254225,1957496.2273296872,16
-1194420.1832088951,1957496.2273296872,16
-1193956.8704923675,1957496.2273296872,16
-1193493.5577758402,1957496.2273296872,16
-1193030.2450593126,1957496.2273296872,16
-1192566.9323427852,1957496.2273296872,16
-1192103.6196262576,1957496.2273296872,16
-1191640.3069097302,1957496.2273296872,16
-1191176.9941932026,1957496.2273296872,16
-1190713.6814766752,1957496.2273296872,16
-1190250.3687601476,1957496.2273296872,16
-1189787.0560436202,1957496.2273296872,16
-1189323.7433270926,1957496.2273296872,16
-1188860.430610565,1957496.2273296872,16
-1188397.1178940376,1957496.2273296872,16
-1187933.80517751,1957496.2273296872,16
-1187470.4924609826,1957496.2273296872,16
-1187007.179744455,1957496.2273296872,16
-1186543.8670279277,1957496.2273296872,16
-1186080.5543114,1957496.2273296872,16
-1185617.2415948727,1957496.2273296872,16
-1185153.928878345,1957496.2273296872,16
-1184690.6161618177,1957496.2273296872,16
-1184227.30344529,1957496.2273296872,16
-1183763.9907287627,1957496.2273296872,16
-1183300.678012235,1957496.2273296872,16
-1182837.3652957077,1957496.2273296872,16
-1182374.05257918,1957496.2273296872,16
-1181910.7398626525,1957496.2273296872,16
-1181447.4271461251,1957496.2273296872,16
-1180984.1144295975,1957496.2273296872,16
-1180520.8017130701,1957496.2273296872,16
-1180057.4889965425,1957496.2273296872,16
-1179594.1762800151,1957496.2273296872,16
-1179130.8635634875,1957496.2273296872,16
-1178667.5508469602,1957496.2273296872,16
-1178204.2381304326,1957496.2273296872,16
-1177740.9254139052,1957496.2273296872,16
-1177277.6126973776,1957496.2273296872,16
-1176814.2999808502,1957496.2273296872,16
-1176350.9872643226,1957496.2273296872,16
-1175887.6745477952,1957496.2273296872,16
-1175424.3618312676,1957496.2273296872,16
-1174961.04911474,1957496.2273296872,16
-1174497.7363982126,1957496.2273296872,16
-1174034.4236816852,1957496.2273296872,16
-1173571.1109651576,1957496.2273296872,16
-1173107.79824863,1957496.2273296872,16
-1210636.1282873575,1957032.9146131596,16
-1210172.8155708301,1957032.9146131596,16
-1209709.5028543025,1957032.9146131596,10
-1209246.1901377751,1957032.9146131596,16
-1208782.8774212475,1957032.9146131596,16
-1208319.5647047202,1957032.9146131596,16
-1207856.2519881926,1957032.9146131596,16
-1207392.9392716652,1957032.9146131596,16
-1206929.6265551376,1957032.9146131596,16
-1206466.3138386102,1957032.9146131596,16
-1206003.0011220826,1957032.9146131596,16
-1205539.6884055552,1957032.9146131596,16
-1205076.3756890276,1957032.9146131596,16
-1204613.0629725,1957032.9146131596,16
-1204149.7502559726,1957032.9146131596,16
-1203686.4375394452,1957032.9146131596,16
-1203223.1248229176,1957032.9146131596,16
-1202759.81210639,1957032.9146131596,16
-1202296.4993898626,1957032.9146131596,16
-1201833.186673335,1957032.9146131596,16
-1201369.8739568077,1957032.9146131596,16
-1200906.56124028,1957032.9146131596,16
-1200443.2485237527,1957032.9146131596,16
-1199979.935807225,1957032.9146131596,16
-1199516.6230906977,1957032.9146131596,16
-1199053.31037417,1957032.9146131596,16
-1198589.9976576427,1957032.9146131596,16
-1198126.684941115,1957032.9146131596,16
-1197663.3722245875,1957032.9146131596,16
-1197200.05950806,1957032.9146131596,16
-1196736.7467915327,1957032.9146131596,16
-1196273.4340750051,1957032.9146131596,16
-1195810.1213584775,1957032.9146131596,16
-1195346.8086419501,1957032.9146131596,16
-1194883.4959254225,1957032.9146131596,16
-1194420.1832088951,1957032.9146131596,16
-1193956.8704923675,1957032.9146131596,16
-1193493.5577758402,1957032.9146131596,16
-1193030.2450593126,1957032.9146131596,16
-1192566.9323427852,1957032.9146131596,16
-1192103.6196262576,1957032.9146131596,16
-1191640.3069097302,1957032.9146131596,16
-1191176.9941932026,1957032.9146131596,16
-1190713.6814766752,1957032.9146131596,16
-1190250.3687601476,1957032.9146131596,16
-1189787.0560436202,1957032.9146131596,16
-1189323.7433270926,1957032.9146131596,16
-1188860.430610565,1957032.9146131596,16
-1188397.1178940376,1957032.9146131596,16
-1187933.80517751,1957032.9146131596,16
-1187470.4924609826,1957032.9146131596,16
-1187007.179744455,1957032.9146131596,16
-1186543.8670279277,1957032.9146131596,16
-1186080.5543114,1957032.9146131596,16
-1185617.2415948727,1957032.9146131596,16
-1185153.928878345,1957032.9146131596,16
-1184690.6161618177,1957032.9146131596,16
-1184227.30344529,1957032.9146131596,16
-1183763.9907287627,1957032.9146131596,16
-1183300.678012235,1957032.9146131596,16
-1182837.3652957077,1957032.9146131596,16
-1182374.05257918,1957032.9146131596,16
-1181910.7398626525,1957032.9146131596,16
-1181447.4271461251,1957032.9146131596,16
-1180984.1144295975,1957032.9146131596,16
-1180520.8017130701,1957032.9146131596,16
-1180057.4889965425,1957032.9146131596,16
-1179594.1762800151,1957032.9146131596,16
-1179130.8635634875,1957032.9146131596,16
-1178667.5508469602,1957032.9146131596,16
-1178204.2381304326,1957032.9146131596,16
-1177740.9254139052,1957032.9146131596,16
-1177277.6126973776,1957032.9146131596,16
-1176814.2999808502,1957032.9146131596,16
-1176350.9872643226,1957032.9146131596,16
-1175887.6745477952,1957032.9146131596,16
-1175424.3618312676,1957032.9146131596,16
-1174961.04911474,1957032.9146131596,16
-1174497.7363982126,1957032.9146131596,16
-1174034.4236816852,1957032.9146131596,16
-1173571.1109651576,1957032.9146131596,16
-1173107.79824863,1957032.9146131596,16
-1212026.06643694,1956569.6018966322,16
-1211562.7537204125,1956569.6018966322,16
-1211099.4410038851,1956569.6018966322,16
-1210636.1282873575,1956569.6018966322,16
-1210172.8155708301,1956569.6018966322,16
-1209709.5028543025,1956569.6018966322,16
-1209246.1901377751,1956569.6018966322,16
-1208782.8774212475,1956569.6018966322,16
-1208319.5647047202,1956569.6018966322,16
-1207856.2519881926,1956569.6018966322,16
-1207392.9392716652,1956569.6018966322,16
-1206929.6265551376,1956569.6018966322,16
-1206466.3138386102,1956569.6018966322,16
-1206003.0011220826,1956569.6018966322,16
-1205539.6884055552,1956569.6018966322,16
-1205076.3756890276,1956569.6018966322,16
-1204613.0629725,1956569.6018966322,16
-1204149.7502559726,1956569.6018966322,16
-1203686.4375394452,1956569.6018966322,16
-1203223.1248229176,1956569.6018966322,16
-1202759.81210639,1956569.6018966322,16
-1202296.4993898626,1956569.6018966322,16
-1201833.186673335,1956569.6018966322,16
-1201369.8739568077,1956569.6018966322,16
-1200906.56124028,1956569.6018966322,16
-1200443.2485237527,1956569.6018966322,16
-1199979.935807225,1956569.6018966322,16
-1199516.6230906977,1956569.6018966322,16
-1199053.31037417,1956569.6018966322,16
-1198589.9976576427,1956569.6018966322,16
-1198126.684941115,1956569.6018966322,16
-1197663.3722245875,1956569.6018966322,10
-1197200.05950806,1956569.6018966322,10
-1196736.7467915327,1956569.6018966322,10
-1196273.4340750051,1956569.6018966322,16
-1195810.1213584775,1956569.6018966322,16
-1195346.8086419501,1956569.6018966322,16
-1194883.4959254225,1956569.6018966322,16
-1194420.1832088951,1956569.6018966322,16
-1193956.8704923675,1956569.6018966322,16
-1193493.5577758402,1956569.6018966322,16
-1193030.2450593126,1956569.6018966322,16
-1192566.9323427852,1956569.6018966322,16
-1192103.6196262576,1956569.6018966322,16
-1191640.3069097302,1956569.6018966322,16
-1191176.9941932026,1956569.6018966322,16
-1190713.6814766752,1956569.6018966322,16
-1190250.3687601476,1956569.6018966322,16
-1189787.0560436202,1956569.6018966322,16
-1189323.7433270926,1956569.6018966322,16
-1188860.430610565,1956569.6018966322,16
-1188397.1178940376,1956569.6018966322,16
-1187933.80517751,1956569.6018966322,16
-1187470.4924609826,1956569.6018966322,16
-1187007.179744455,1956569.6018966322,16
-1186543.8670279277,1956569.6018966322,16
-1186080.5543114,1956569.6018966322,16
-1185617.2415948727,1956569.6018966322,16
-1185153.928878345,1956569.6018966322,16
-1184690.6161618177,1956569.6018966322,16
-1184227.30344529,1956569.6018966322,16
-1183763.9907287627,1956569.6018966322,16
-1183300.678012235,1956569.6018966322,16
-1182837.3652957077,1956569.6018966322,16
-1182374.05257918,1956569.6018966322,16
-1181910.7398626525,1956569.6018966322,16
-1181447.4271461251,1956569.6018966322,16
-1180984.1144295975,1956569.6018966322,16
-1180520.8017130701,1956569.6018966322,16
-1180057.4889965425,1956569.6018966322,16
-1179594.1762800151,1956569.6018966322,16
-1179130.8635634875,1956569.6018966322,16
-1178667.5508469602,1956569.6018966322,16
-1178204.2381304326,1956569.6018966322,16
-1177740.9254139052,1956569.6018966322,16
-1177277.6126973776,1956569.6018966322,16
-1176814.2999808502,1956569.6018966322,16
-1176350.9872643226,1956569.6018966322,16
-1175887.6745477952,1956569.6018966322,16
-1175424.3618312676,1956569.6018966322,16
-1174961.04911474,1956569.6018966322,16
-1174497.7363982126,1956569.6018966322,16
-1174034.4236816852,1956569.6018966322,16
-1173571.1109651576,1956569.6018966322,16
-1173107.79824863,1956569.6018966322,16
-1212489.3791534677,1956106.2891801046,16
-1212026.06643694,1956106.2891801046,16
-1211562.7537204125,1956106.2891801046,16
-1211099.4410038851,1956106.2891801046,16
-1210636.1282873575,1956106.2891801046,16
-1210172.8155708301,1956106.2891801046,16
-1209709.5028543025,1956106.2891801046,16
-1209246.1901377751,1956106.2891801046,16
-1208782.8774212475,1956106.2891801046,16
-1208319.5647047202,1956106.2891801046,16
-1207856.2519881926,1956106.2891801046,16
-1207392.9392716652,1956106.2891801046,16
-1206929.6265551376,1956106.2891801046,16
-1206466.3138386102,1956106.2891801046,16
-1206003.0011220826,1956106.2891801046,16
-1205539.6884055552,1956106.2891801046,16
-1205076.3756890276,1956106.2891801046,16
-1204613.0629725,1956106.2891801046,16
-1204149.7502559726,1956106.2891801046,16
-1203686.4375394452,1956106.2891801046,16
-1203223.1248229176,1956106.2891801046,16
-1202759.81210639,1956106.2891801046,16
-1202296.4993898626,1956106.2891801046,16
-1201833.186673335,1956106.2891801046,16
-1201369.8739568077,1956106.2891801046,16
-1200906.56124028,1956106.2891801046,16
-1200443.2485237527,1956106.2891801046,16
-1199979.935807225,1956106.2891801046,16
-1199516.6230906977,1956106.2891801046,16
-1199053.31037417,1956106.2891801046,16
-1198589.9976576427,1956106.2891801046,16
-1198126.684941115,1956106.2891801046,16
-1197663.3722245875,1956106.2891801046,16
-1197200.05950806,1956106.2891801046,16
-1196736.7467915327,1956106.2891801046,10
-1196273.4340750051,1956106.2891801046,10
-1195810.1213584775,1956106.2891801046,16
-1195346.8086419501,1956106.2891801046,16
-1194883.4959254225,1956106.2891801046,16
-1194420.1832088951,1956106.2891801046,16
-1193956.8704923675,1956106.2891801046,16
-1193493.5577758402,1956106.2891801046,16
-1193030.2450593126,1956106.2891801046,16
-1192566.9323427852,1956106.2891801046,16
-1192103.6196262576,1956106.2891801046,16
-1191640.3069097302,1956106.2891801046,16
-1191176.9941932026,1956106.2891801046,16
-1190713.6814766752,1956106.2891801046,16
-1190250.3687601476,1956106.2891801046,16
-1189787.0560436202,1956106.2891801046,16
-1189323.7433270926,1956106.2891801046,16
-1188860.430610565,1956106.2891801046,16
-1188397.1178940376,1956106.2891801046,16
-1187933.80517751,1956106.2891801046,16
-1187470.4924609826,1956106.2891801046,16
-1187007.179744455,1956106.2891801046,16
-1186543.8670279277,1956106.2891801046,16
-1186080.5543114,1956106.2891801046,16
-1185617.2415948727,1956106.2891801046,16
-1185153.928878345,1956106.2891801046,16
-1184690.6161618177,1956106.2891801046,16
-1184227.30344529,1956106.2891801046,16
-1183763.9907287627,1956106.2891801046,16
-1183300.678012235,1956106.2891801046,16
-1182837.3652957077,1956106.2891801046,16
-1182374.05257918,1956106.2891801046,16
-1181910.7398626525,1956106.2891801046,16
-1181447.4271461251,1956106.2891801046,16
-1180984.1144295975,1956106.2891801046,16
-1180520.8017130701,1956106.2891801046,16
-1180057.4889965425,1956106.2891801046,16
-1179594.1762800151,1956106.2891801046,16
-1179130.8635634875,1956106.2891801046,16
-1178667.5508469602,1956106.2891801046,16
-1178204.2381304326,1956106.2891801046,16
-1177740.9254139052,1956106.2891801046,16
-1177277.6126973776,1956106.2891801046,16
-1176814.2999808502,1956106.2891801046,16
-1176350.9872643226,1956106.2891801046,16
-1175887.6745477952,1956106.2891801046,16
-1175424.3618312676,1956106.2891801046,16
-1174961.04911474,1956106.2891801046,16
-1174497.7363982126,1956106.2891801046,16
-1174034.4236816852,1956106.2891801046,16
-1173571.1109651576,1956106.2891801046,16
-1173107.79824863,1956106.2891801046,16
-1212952.691869995,1955642.9764635772,7
-1212489.3791534677,1955642.9764635772,16
-1212026.06643694,1955642.9764635772,16
-1211562.7537204125,1955642.9764635772,16
-1211099.4410038851,1955642.9764635772,16
-1210636.1282873575,1955642.9764635772,16
-1210172.8155708301,1955642.9764635772,16
-1209709.5028543025,1955642.9764635772,16
-1209246.1901377751,1955642.9764635772,16
-1208782.8774212475,1955642.9764635772,16
-1208319.5647047202,1955642.9764635772,16
-1207856.2519881926,1955642.9764635772,16
-1207392.9392716652,1955642.9764635772,16
-1206929.6265551376,1955642.9764635772,16
-1206466.3138386102,1955642.9764635772,16
-1206003.0011220826,1955642.9764635772,16
-1205539.6884055552,1955642.9764635772,16
-1205076.3756890276,1955642.9764635772,16
-1204613.0629725,1955642.9764635772,16
-1204149.7502559726,1955642.9764635772,16
-1203686.4375394452,1955642.9764635772,16
-1203223.1248229176,1955642.9764635772,16
-1202759.81210639,1955642.9764635772,16
-1202296.4993898626,1955642.9764635772,16
-1201833.186673335,1955642.9764635772,16
-1201369.8739568077,1955642.9764635772,16
-1200906.56124028,1955642.9764635772,16
-1200443.2485237527,1955642.9764635772,16
-1199979.935807225,1955642.9764635772,16
-1199516.6230906977,1955642.9764635772,16
-1199053.31037417,1955642.9764635772,16
-1198589.9976576427,1955642.9764635772,16
-1198126.684941115,1955642.9764635772,16
-1197663.3722245875,1955642.9764635772,16
-1197200.05950806,1955642.9764635772,16
-1196736.7467915327,1955642.9764635772,16
-1196273.4340750051,1955642.9764635772,10
-1195810.1213584775,1955642.9764635772,10
-1195346.8086419501,1955642.9764635772,16
-1194883.4959254225,1955642.9764635772,16
-1194420.1832088951,1955642.9764635772,16
-1193956.8704923675,1955642.9764635772,16
-1193493.5577758402,1955642.9764635772,16
-1193030.2450593126,1955642.9764635772,16
-1192566.9323427852,1955642.9764635772,16
-1192103.6196262576,1955642.9764635772,16
-1191640.3069097302,1955642.9764635772,16
-1191176.9941932026,1955642.9764635772,16
-1190713.6814766752,1955642.9764635772,16
-1190250.3687601476,1955642.9764635772,16
-1189787.0560436202,1955642.9764635772,16
-1189323.7433270926,1955642.9764635772,16
-1188860.430610565,1955642.9764635772,16
-1188397.1178940376,1955642.9764635772,16
-1187933.80517751,1955642.9764635772,16
-1187470.4924609826,1955642.9764635772,16
-1187007.179744455,1955642.9764635772,16
-1186543.8670279277,1955642.9764635772,16
-1186080.5543114,1955642.9764635772,16
-1185617.2415948727,1955642.9764635772,16
-1185153.928878345,1955642.9764635772,16
-1184690.6161618177,1955642.9764635772,16
-1184227.30344529,1955642.9764635772,16
-1183763.9907287627,1955642.9764635772,16
-1183300.678012235,1955642.9764635772,16
-1182837.3652957077,1955642.9764635772,16
-1182374.05257918,1955642.9764635772,16
-1181910.7398626525,1955642.9764635772,16
-1181447.4271461251,1955642.9764635772,16
-1180984.1144295975,1955642.9764635772,16
-1180520.8017130701,1955642.9764635772,16
-1180057.4889965425,1955642.9764635772,16
-1179594.1762800151,1955642.9764635772,16
-1179130.8635634875,1955642.9764635772,16
-1178667.5508469602,1955642.9764635772,16
-1178204.2381304326,1955642.9764635772,16
-1177740.9254139052,1955642.9764635772,16
-1177277.6126973776,1955642.9764635772,16
-1176814.2999808502,1955642.9764635772,16
-1176350.9872643226,1955642.9764635772,16
-1175887.6745477952,1955642.9764635772,16
-1175424.3618312676,1955642.9764635772,16
-1174961.04911474,1955642.9764635772,16
-1174497.7363982126,1955642.9764635772,16
-1174034.4236816852,1955642.9764635772,16
-1173571.1109651576,1955642.9764635772,16
-1173107.79824863,1955642.9764635772,16
-1219439.0699013802,1955179.6637470496,16
-1218975.7571848526,1955179.6637470496,16
-1213416.0045865227,1955179.6637470496,16
-1212952.691869995,1955179.6637470496,7
-1212489.3791534677,1955179.6637470496,16
-1212026.06643694,1955179.6637470496,16
-1211562.7537204125,1955179.6637470496,16
-1211099.4410038851,1955179.6637470496,16
-1210636.1282873575,1955179.6637470496,16
-1210172.8155708301,1955179.6637470496,16
-1209709.5028543025,1955179.6637470496,16
-1209246.1901377751,1955179.6637470496,16
-1208782.8774212475,1955179.6637470496,16
-1208319.5647047202,1955179.6637470496,16
-1207856.2519881926,1955179.6637470496,16
-1207392.9392716652,1955179.6637470496,16
-1206929.6265551376,1955179.6637470496,16
-1206466.3138386102,1955179.6637470496,16
-1206003.0011220826,1955179.6637470496,16
-1205539.6884055552,1955179.6637470496,16
-1205076.3756890276,1955179.6637470496,16
-1204613.0629725,1955179.6637470496,16
-1204149.7502559726,1955179.6637470496,16
-1203686.4375394452,1955179.6637470496,16
-1203223.1248229176,1955179.6637470496,16
-1202759.81210639,1955179.6637470496,16
-1202296.4993898626,1955179.6637470496,16
-1201833.186673335,1955179.6637470496,16
-1201369.8739568077,1955179.6637470496,16
-1200906.56124028,1955179.6637470496,16
-1200443.2485237527,1955179.6637470496,16
-1199979.935807225,1955179.6637470496,16
-1199516.6230906977,1955179.6637470496,16
-1199053.31037417,1955179.6637470496,16
-1198589.9976576427,1955179.6637470496,16
-1198126.684941115,1955179.6637470496,16
-1197663.3722245875,1955179.6637470496,16
-1197200.05950806,1955179.6637470496,16
-1196736.7467915327,1955179.6637470496,16
-1196273.4340750051,1955179.6637470496,16
-1195810.1213584775,1955179.6637470496,16
-1195346.8086419501,1955179.6637470496,16
-1194883.4959254225,1955179.6637470496,16
-1194420.1832088951,1955179.6637470496,16
-1193956.8704923675,1955179.6637470496,16
-1193493.5577758402,1955179.6637470496,16
-1193030.2450593126,1955179.6637470496,16
-1192566.9323427852,1955179.6637470496,16
-1192103.6196262576,1955179.6637470496,16
-1191640.3069097302,1955179.6637470496,16
-1191176.9941932026,1955179.6637470496,16
-1190713.6814766752,1955179.6637470496,16
-1190250.3687601476,1955179.6637470496,16
-1189787.0560436202,1955179.6637470496,16
-1189323.7433270926,1955179.6637470496,16
-1188860.430610565,1955179.6637470496,16
-1188397.1178940376,1955179.6637470496,16
-1187933.80517751,1955179.6637470496,16
-1187470.4924609826,1955179.6637470496,16
-1187007.179744455,1955179.6637470496,16
-1186543.8670279277,1955179.6637470496,16
-1186080.5543114,1955179.6637470496,16
-1185617.2415948727,1955179.6637470496,16
-1185153.928878345,1955179.6637470496,16
-1184690.6161618177,1955179.6637470496,16
-1184227.30344529,1955179.6637470496,16
-1183763.9907287627,1955179.6637470496,16
-1183300.678012235,1955179.6637470496,16
-1182837.3652957077,1955179.6637470496,16
-1182374.05257918,1955179.6637470496,16
-1181910.7398626525,1955179.6637470496,16
-1181447.4271461251,1955179.6637470496,16
-1180984.1144295975,1955179.6637470496,16
-1180520.8017130701,1955179.6637470496,16
-1180057.4889965425,1955179.6637470496,16
-1179594.1762800151,1955179.6637470496,16
-1179130.8635634875,1955179.6637470496,16
-1178667.5508469602,1955179.6637470496,16
-1178204.2381304326,1955179.6637470496,16
-1177740.9254139052,1955179.6637470496,16
-1177277.6126973776,1955179.6637470496,16
-1176814.2999808502,1955179.6637470496,16
-1176350.9872643226,1955179.6637470496,16
-1175887.6745477952,1955179.6637470496,16
-1175424.3618312676,1955179.6637470496,16
-1174961.04911474,1955179.6637470496,16
-1174497.7363982126,1955179.6637470496,16
-1174034.4236816852,1955179.6637470496,16
-1173571.1109651576,1955179.6637470496,16
-1173107.79824863,1955179.6637470496,16
-1219902.3826179076,1954716.3510305223,7
-1219439.0699013802,1954716.3510305223,16
-1218975.7571848526,1954716.3510305223,16
-1218512.444468325,1954716.3510305223,16
-1215732.56816916,1954716.3510305223,16
-1215269.2554526327,1954716.3510305223,16
-1214805.942736105,1954716.3510305223,16
-1213879.31730305,1954716.3510305223,16
-1213416.0045865227,1954716.3510305223,16
-1212952.691869995,1954716.3510305223,7
-1212489.3791534677,1954716.3510305223,7
-1212026.06643694,1954716.3510305223,16
-1211562.7537204125,1954716.3510305223,16
-1211099.4410038851,1954716.3510305223,16
-1210636.1282873575,1954716.3510305223,16
-1210172.8155708301,1954716.3510305223,16
-1209709.5028543025,1954716.3510305223,16
-1209246.1901377751,1954716.3510305223,16
-1208782.8774212475,1954716.3510305223,16
-1208319.5647047202,1954716.3510305223,16
-1207856.2519881926,1954716.3510305223,16
-1207392.9392716652,1954716.3510305223,16
-1206929.6265551376,1954716.3510305223,16
-1206466.3138386102,1954716.3510305223,16
-1206003.0011220826,1954716.3510305223,16
-1205539.6884055552,1954716.3510305223,16
-1205076.3756890276,1954716.3510305223,16
-1204613.0629725,1954716.3510305223,16
-1204149.7502559726,1954716.3510305223,16
-1203686.4375394452,1954716.3510305223,16
-1203223.1248229176,1954716.3510305223,16
-1202759.81210639,1954716.3510305223,16
-1202296.4993898626,1954716.3510305223,16
-1201833.186673335,1954716.3510305223,16
-1201369.8739568077,1954716.3510305223,16
-1200906.56124028,1954716.3510305223,16
-1200443.2485237527,1954716.3510305223,16
-1199979.935807225,1954716.3510305223,16
-1199516.6230906977,1954716.3510305223,16
-1199053.31037417,1954716.3510305223,16
-1198589.9976576427,1954716.3510305223,16
-1198126.684941115,1954716.3510305223,16
-1197663.3722245875,1954716.3510305223,16
-1197200.05950806,1954716.3510305223,7
-1196736.7467915327,1954716.3510305223,10
-1196273.4340750051,1954716.3510305223,10
-1195810.1213584775,1954716.3510305223,7
-1195346.8086419501,1954716.3510305223,16
-1194883.4959254225,1954716.3510305223,16
-1194420.1832088951,1954716.3510305223,16
-1193956.8704923675,1954716.3510305223,16
-1193493.5577758402,1954716.3510305223,16
-1193030.2450593126,1954716.3510305223,16
-1192566.9323427852,1954716.3510305223,16
-1192103.6196262576,1954716.3510305223,16
-1191640.3069097302,1954716.3510305223,16
-1191176.9941932026,1954716.3510305223,16
-1190713.6814766752,1954716.3510305223,16
-1190250.3687601476,1954716.3510305223,16
-1189787.0560436202,1954716.3510305223,16
-1189323.7433270926,1954716.3510305223,16
-1188860.430610565,1954716.3510305223,16
-1188397.1178940376,1954716.3510305223,16
-1187933.80517751,1954716.3510305223,16
-1187470.4924609826,1954716.3510305223,16
-1187007.179744455,1954716.3510305223,16
-1186543.8670279277,1954716.3510305223,16
-1186080.5543114,1954716.3510305223,16
-1185617.2415948727,1954716.3510305223,16
-1185153.928878345,1954716.3510305223,16
-1184690.6161618177,1954716.3510305223,16
-1184227.30344529,1954716.3510305223,16
-1183763.9907287627,1954716.3510305223,16
-1183300.678012235,1954716.3510305223,16
-1182837.3652957077,1954716.3510305223,16
-1182374.05257918,1954716.3510305223,16
-1181910.7398626525,1954716.3510305223,16
-1181447.4271461251,1954716.3510305223,16
-1180984.1144295975,1954716.3510305223,16
-1180520.8017130701,1954716.3510305223,16
-1180057.4889965425,1954716.3510305223,16
-1179594.1762800151,1954716.3510305223,16
-1179130.8635634875,1954716.3510305223,16
-1178667.5508469602,1954716.3510305223,16
-1178204.2381304326,1954716.3510305223,16
-1177740.9254139052,1954716.3510305223,16
-1177277.6126973776,1954716.3510305223,16
-1176814.2999808502,1954716.3510305223,16
-1176350.9872643226,1954716.3510305223,16
-1175887.6745477952,1954716.3510305223,16
-1175424.3618312676,1954716.3510305223,16
-1174961.04911474,1954716.3510305223,16
-1174497.7363982126,1954716.3510305223,16
-1174034.4236816852,1954716.3510305223,16
-1173571.1109651576,1954716.3510305223,16
-1173107.79824863,1954716.3510305223,16
-1219439.0699013802,1954253.0383139946,7
-1218975.7571848526,1954253.0383139946,16
-1218512.444468325,1954253.0383139946,16
-1216659.193602215,1954253.0383139946,16
-1216195.8808856877,1954253.0383139946,16
-1215732.56816916,1954253.0383139946,16
-1215269.2554526327,1954253.0383139946,16
-1214805.942736105,1954253.0383139946,16
-1214342.6300195777,1954253.0383139946,16
-1213879.31730305,1954253.0383139946,16
-1213416.0045865227,1954253.0383139946,16
-1212952.691869995,1954253.0383139946,16
-1212489.3791534677,1954253.0383139946,7
-1212026.06643694,1954253.0383139946,16
-1211562.7537204125,1954253.0383139946,16
-1211099.4410038851,1954253.0383139946,16
-1210636.1282873575,1954253.0383139946,16
-1210172.8155708301,1954253.0383139946,16
-1209709.5028543025,1954253.0383139946,16
-1209246.1901377751,1954253.0383139946,16
-1208782.8774212475,1954253.0383139946,16
-1208319.5647047202,1954253.0383139946,16
-1207856.2519881926,1954253.0383139946,10
-1207392.9392716652,1954253.0383139946,16
-1206929.6265551376,1954253.0383139946,16
-1206466.3138386102,1954253.0383139946,16
-1206003.0011220826,1954253.0383139946,16
-1205539.6884055552,1954253.0383139946,16
-1205076.3756890276,1954253.0383139946,16
-1204613.0629725,1954253.0383139946,16
-1204149.7502559726,1954253.0383139946,16
-1203686.4375394452,1954253.0383139946,16
-1203223.1248229176,1954253.0383139946,16
-1202759.81210639,1954253.0383139946,16
-1202296.4993898626,1954253.0383139946,16
-1201833.186673335,1954253.0383139946,16
-1201369.8739568077,1954253.0383139946,16
-1200906.56124028,1954253.0383139946,16
-1200443.2485237527,1954253.0383139946,16
-1199979.935807225,1954253.0383139946,16
-1199516.6230906977,1954253.0383139946,16
-1199053.31037417,1954253.0383139946,16
-1198589.9976576427,1954253.0383139946,16
-1198126.684941115,1954253.0383139946,16
-1197663.3722245875,1954253.0383139946,7
-1197200.05950806,1954253.0383139946,10
-1196736.7467915327,1954253.0383139946,10
-1196273.4340750051,1954253.0383139946,10
-1195810.1213584775,1954253.0383139946,7
-1195346.8086419501,1954253.0383139946,16
-1194883.4959254225,1954253.0383139946,16
-1194420.1832088951,1954253.0383139946,16
-1193956.8704923675,1954253.0383139946,16
-1193493.5577758402,1954253.0383139946,16
-1193030.2450593126,1954253.0383139946,16
-1192566.9323427852,1954253.0383139946,16
-1192103.6196262576,1954253.0383139946,16
-1191640.3069097302,1954253.0383139946,16
-1191176.9941932026,1954253.0383139946,16
-1190713.6814766752,1954253.0383139946,16
-1190250.3687601476,1954253.0383139946,16
-1189787.0560436202,1954253.0383139946,16
-1189323.7433270926,1954253.0383139946,16
-1188860.430610565,1954253.0383139946,16
-1188397.1178940376,1954253.0383139946,16
-1187933.80517751,1954253.0383139946,16
-1187470.4924609826,1954253.0383139946,16
-1187007.179744455,1954253.0383139946,16
-1186543.8670279277,1954253.0383139946,16
-1186080.5543114,1954253.0383139946,16
-1185617.2415948727,1954253.0383139946,16
-1185153.928878345,1954253.0383139946,16
-1184690.6161618177,1954253.0383139946,16
-1184227.30344529,1954253.0383139946,16
-1183763.9907287627,1954253.0383139946,16
-1183300.678012235,1954253.0383139946,16
-1182837.3652957077,1954253.0383139946,16
-1182374.05257918,1954253.0383139946,16
-1181910.7398626525,1954253.0383139946,16
-1181447.4271461251,1954253.0383139946,16
-1180984.1144295975,1954253.0383139946,16
-1180520.8017130701,1954253.0383139946,16
-1180057.4889965425,1954253.0383139946,16
-1179594.1762800151,1954253.0383139946,16
-1179130.8635634875,1954253.0383139946,16
-1178667.5508469602,1954253.0383139946,16
-1178204.2381304326,1954253.0383139946,16
-1177740.9254139052,1954253.0383139946,16
-1177277.6126973776,1954253.0383139946,16
-1176814.2999808502,1954253.0383139946,16
-1176350.9872643226,1954253.0383139946,16
-1175887.6745477952,1954253.0383139946,16
-1175424.3618312676,1954253.0383139946,16
-1174961.04911474,1954253.0383139946,16
-1174497.7363982126,1954253.0383139946,16
-1174034.4236816852,1954253.0383139946,16
-1173571.1109651576,1954253.0383139946,16
-1219439.0699013802,1953789.7255974673,7
-1218975.7571848526,1953789.7255974673,16
-1218512.444468325,1953789.7255974673,16
-1217122.5063187426,1953789.7255974673,16
-1216659.193602215,1953789.7255974673,16
-1216195.8808856877,1953789.7255974673,10
-1215732.56816916,1953789.7255974673,16
-1215269.2554526327,1953789.7255974673,10
-1214805.942736105,1953789.7255974673,16
-1214342.6300195777,1953789.7255974673,16
-1213879.31730305,1953789.7255974673,16
-1213416.0045865227,1953789.7255974673,16
-1212952.691869995,1953789.7255974673,16
-1212489.3791534677,1953789.7255974673,16
-1212026.06643694,1953789.7255974673,16
-1211562.7537204125,1953789.7255974673,16
-1211099.4410038851,1953789.7255974673,16
-1210636.1282873575,1953789.7255974673,16
-1210172.8155708301,1953789.7255974673,16
-1209709.5028543025,1953789.7255974673,16
-1209246.1901377751,1953789.7255974673,16
-1208782.8774212475,1953789.7255974673,16
-1208319.5647047202,1953789.7255974673,10
-1207856.2519881926,1953789.7255974673,10
-1207392.9392716652,1953789.7255974673,16
-1206929.6265551376,1953789.7255974673,16
-1206466.3138386102,1953789.7255974673,16
-1206003.0011220826,1953789.7255974673,16
-1205539.6884055552,1953789.7255974673,16
-1205076.3756890276,1953789.7255974673,16
-1204613.0629725,1953789.7255974673,16
-1204149.7502559726,1953789.7255974673,16
-1203686.4375394452,1953789.7255974673,16
-1203223.1248229176,1953789.7255974673,16
-1202759.81210639,1953789.7255974673,16
-1202296.4993898626,1953789.7255974673,16
-1201833.186673335,1953789.7255974673,16
-1201369.8739568077,1953789.7255974673,16
-1200906.56124028,1953789.7255974673,16
-1200443.2485237527,1953789.7255974673,16
-1199979.935807225,1953789.7255974673,16
-1199516.6230906977,1953789.7255974673,16
-1199053.31037417,1953789.7255974673,16
-1198589.9976576427,1953789.7255974673,16
-1198126.684941115,1953789.7255974673,7
-1197663.3722245875,1953789.7255974673,10
-1197200.05950806,1953789.7255974673,7
-1196736.7467915327,1953789.7255974673,7
-1196273.4340750051,1953789.7255974673,7
-1195810.1213584775,1953789.7255974673,10
-1195346.8086419501,1953789.7255974673,7
-1194883.4959254225,1953789.7255974673,16
-1194420.1832088951,1953789.7255974673,16
-1193956.8704923675,1953789.7255974673,16
-1193493.5577758402,1953789.7255974673,16
-1193030.2450593126,1953789.7255974673,16
-1192566.9323427852,1953789.7255974673,16
-1192103.6196262576,1953789.7255974673,16
-1191640.3069097302,1953789.7255974673,16
-1191176.9941932026,1953789.7255974673,16
-1190713.6814766752,1953789.7255974673,16
-1190250.3687601476,1953789.7255974673,16
-1189787.0560436202,1953789.7255974673,16
-1189323.7433270926,1953789.7255974673,16
-1188860.430610565,1953789.7255974673,16
-1188397.1178940376,1953789.7255974673,16
-1187933.80517751,1953789.7255974673,16
-1187470.4924609826,1953789.7255974673,16
-1187007.179744455,1953789.7255974673,16
-1186543.8670279277,1953789.7255974673,16
-1186080.5543114,1953789.7255974673,16
-1185617.2415948727,1953789.7255974673,16
-1185153.928878345,1953789.7255974673,16
-1184690.6161618177,1953789.7255974673,16
-1184227.30344529,1953789.7255974673,16
-1183763.9907287627,1953789.7255974673,16
-1183300.678012235,1953789.7255974673,16
-1182837.3652957077,1953789.7255974673,16
-1182374.05257918,1953789.7255974673,16
-1181910.7398626525,1953789.7255974673,16
-1181447.4271461251,1953789.7255974673,16
-1180984.1144295975,1953789.7255974673,16
-1180520.8017130701,1953789.7255974673,16
-1180057.4889965425,1953789.7255974673,16
-1179594.1762800151,1953789.7255974673,16
-1179130.8635634875,1953789.7255974673,16
-1178667.5508469602,1953789.7255974673,16
-1178204.2381304326,1953789.7255974673,16
-1177740.9254139052,1953789.7255974673,16
-1177277.6126973776,1953789.7255974673,16
-1176814.2999808502,1953789.7255974673,16
-1176350.9872643226,1953789.7255974673,16
-1175887.6745477952,1953789.7255974673,16
-1175424.3618312676,1953789.7255974673,16
-1174961.04911474,1953789.7255974673,16
-1174497.7363982126,1953789.7255974673,16
-1174034.4236816852,1953789.7255974673,16
-1173571.1109651576,1953789.7255974673,16
-1219439.0699013802,1953326.4128809397,7
-1218975.7571848526,1953326.4128809397,10
-1218512.444468325,1953326.4128809397,16
-1218049.1317517976,1953326.4128809397,16
-1217585.81903527,1953326.4128809397,16
-1217122.5063187426,1953326.4128809397,16
-1216659.193602215,1953326.4128809397,10
-1216195.8808856877,1953326.4128809397,10
-1215732.56816916,1953326.4128809397,10
-1215269.2554526327,1953326.4128809397,10
-1214805.942736105,1953326.4128809397,16
-1214342.6300195777,1953326.4128809397,16
-1213879.31730305,1953326.4128809397,16
-1213416.0045865227,1953326.4128809397,16
-1212952.691869995,1953326.4128809397,16
-1212489.3791534677,1953326.4128809397,16
-1212026.06643694,1953326.4128809397,16
-1211562.7537204125,1953326.4128809397,16
-1211099.4410038851,1953326.4128809397,16
-1210636.1282873575,1953326.4128809397,16
-1210172.8155708301,1953326.4128809397,16
-1209709.5028543025,1953326.4128809397,16
-1209246.1901377751,1953326.4128809397,16
-1208782.8774212475,1953326.4128809397,16
-1208319.5647047202,1953326.4128809397,10
-1207856.2519881926,1953326.4128809397,10
-1207392.9392716652,1953326.4128809397,16
-1206929.6265551376,1953326.4128809397,16
-1206466.3138386102,1953326.4128809397,16
-1206003.0011220826,1953326.4128809397,16
-1205539.6884055552,1953326.4128809397,16
-1205076.3756890276,1953326.4128809397,16
-1204613.0629725,1953326.4128809397,16
-1204149.7502559726,1953326.4128809397,16
-1203686.4375394452,1953326.4128809397,16
-1203223.1248229176,1953326.4128809397,16
-1202759.81210639,1953326.4128809397,16
-1202296.4993898626,1953326.4128809397,16
-1201833.186673335,1953326.4128809397,16
-1201369.8739568077,1953326.4128809397,16
-1200906.56124028,1953326.4128809397,16
-1200443.2485237527,1953326.4128809397,16
-1199979.935807225,1953326.4128809397,16
-1199516.6230906977,1953326.4128809397,16
-1199053.31037417,1953326.4128809397,7
-1198589.9976576427,1953326.4128809397,7
-1198126.684941115,1953326.4128809397,10
-1197663.3722245875,1953326.4128809397,10
-1197200.05950806,1953326.4128809397,16
-1196736.7467915327,1953326.4128809397,16
-1196273.4340750051,1953326.4128809397,10
-1195810.1213584775,1953326.4128809397,10
-1195346.8086419501,1953326.4128809397,10
-1194883.4959254225,1953326.4128809397,16
-1194420.1832088951,1953326.4128809397,16
-1193956.8704923675,1953326.4128809397,16
-1193493.5577758402,1953326.4128809397,16
-1193030.2450593126,1953326.4128809397,16
-1192566.9323427852,1953326.4128809397,16
-1192103.6196262576,1953326.4128809397,16
-1191640.3069097302,1953326.4128809397,16
-1191176.9941932026,1953326.4128809397,16
-1190713.6814766752,1953326.4128809397,16
-1190250.3687601476,1953326.4128809397,16
-1189787.0560436202,1953326.4128809397,16
-1189323.7433270926,1953326.4128809397,16
-1188860.430610565,1953326.4128809397,16
-1188397.1178940376,1953326.4128809397,16
-1187933.80517751,1953326.4128809397,16
-1187470.4924609826,1953326.4128809397,16
-1187007.179744455,1953326.4128809397,16
-1186543.8670279277,1953326.4128809397,16
-1186080.5543114,1953326.4128809397,16
-1185617.2415948727,1953326.4128809397,16
-1185153.928878345,1953326.4128809397,16
-1184690.6161618177,1953326.4128809397,16
-1184227.30344529,1953326.4128809397,16
-1183763.9907287627,1953326.4128809397,16
-1183300.678012235,1953326.4128809397,16
-1182837.3652957077,1953326.4128809397,16
-1182374.05257918,1953326.4128809397,16
-1181910.7398626525,1953326.4128809397,16
-1181447.4271461251,1953326.4128809397,16
-1180984.1144295975,1953326.4128809397,16
-1180520.8017130701,1953326.4128809397,16
-1180057.4889965425,1953326.4128809397,16
-1179594.1762800151,1953326.4128809397,16
-1179130.8635634875,1953326.4128809397,16
-1178667.5508469602,1953326.4128809397,16
-1178204.2381304326,1953326.4128809397,16
-1177740.9254139052,1953326.4128809397,16
-1177277.6126973776,1953326.4128809397,16
-1176814.2999808502,1953326.4128809397,16
-1176350.9872643226,1953326.4128809397,16
-1175887.6745477952,1953326.4128809397,16
-1175424.3618312676,1953326.4128809397,16
-1174961.04911474,1953326.4128809397,16
-1174497.7363982126,1953326.4128809397,16
-1174034.4236816852,1953326.4128809397,16
-1173571.1109651576,1953326.4128809397,16
-1218975.7571848526,1952863.1001644123,10
-1218512.444468325,1952863.1001644123,10
-1218049.1317517976,1952863.1001644123,16
-1217585.81903527,1952863.1001644123,16
-1217122.5063187426,1952863.1001644123,16
-1216659.193602215,1952863.1001644123,10
-1216195.8808856877,1952863.1001644123,10
-1215732.56816916,1952863.1001644123,10
-1215269.2554526327,1952863.1001644123,10
-1214805.942736105,1952863.1001644123,10
-1214342.6300195777,1952863.1001644123,10
-1213879.31730305,1952863.1001644123,16
-1213416.0045865227,1952863.1001644123,16
-1212952.691869995,1952863.1001644123,16
-1212489.3791534677,1952863.1001644123,16
-1212026.06643694,1952863.1001644123,16
-1211562.7537204125,1952863.1001644123,16
-1211099.4410038851,1952863.1001644123,16
-1210636.1282873575,1952863.1001644123,16
-1210172.8155708301,1952863.1001644123,16
-1209709.5028543025,1952863.1001644123,16
-1209246.1901377751,1952863.1001644123,16
-1208782.8774212475,1952863.1001644123,16
-1208319.5647047202,1952863.1001644123,16
-1207856.2519881926,1952863.1001644123,16
-1207392.9392716652,1952863.1001644123,16
-1206929.6265551376,1952863.1001644123,16
-1206466.3138386102,1952863.1001644123,16
-1206003.0011220826,1952863.1001644123,16
-1205539.6884055552,1952863.1001644123,16
-1205076.3756890276,1952863.1001644123,16
-1204613.0629725,1952863.1001644123,16
-1204149.7502559726,1952863.1001644123,16
-1203686.4375394452,1952863.1001644123,16
-1203223.1248229176,1952863.1001644123,16
-1202759.81210639,1952863.1001644123,16
-1202296.4993898626,1952863.1001644123,16
-1201833.186673335,1952863.1001644123,16
-1201369.8739568077,1952863.1001644123,7
-1200906.56124028,1952863.1001644123,7
-1200443.2485237527,1952863.1001644123,7
-1199979.935807225,1952863.1001644123,7
-1199516.6230906977,1952863.1001644123,7
-1199053.31037417,1952863.1001644123,7
-1198589.9976576427,1952863.1001644123,10
-1198126.684941115,1952863.1001644123,10
-1197663.3722245875,1952863.1001644123,10
-1197200.05950806,1952863.1001644123,16
-1196736.7467915327,1952863.1001644123,16
-1196273.4340750051,1952863.1001644123,16
-1195810.1213584775,1952863.1001644123,10
-1195346.8086419501,1952863.1001644123,16
-1194883.4959254225,1952863.1001644123,10
-1194420.1832088951,1952863.1001644123,16
-1193956.8704923675,1952863.1001644123,16
-1193493.5577758402,1952863.1001644123,16
-1193030.2450593126,1952863.1001644123,16
-1192566.9323427852,1952863.1001644123,16
-1192103.6196262576,1952863.1001644123,16
-1191640.3069097302,1952863.1001644123,16
-1191176.9941932026,1952863.1001644123,16
-1190713.6814766752,1952863.1001644123,16
-1190250.3687601476,1952863.1001644123,16
-1189787.0560436202,1952863.1001644123,16
-1189323.7433270926,1952863.1001644123,16
-1188860.430610565,1952863.1001644123,16
-1188397.1178940376,1952863.1001644123,16
-1187933.80517751,1952863.1001644123,16
-1187470.4924609826,1952863.1001644123,16
-1187007.179744455,1952863.1001644123,16
-1186543.8670279277,1952863.1001644123,16
-1186080.5543114,1952863.1001644123,16
-1185617.2415948727,1952863.1001644123,16
-1185153.928878345,1952863.1001644123,16
-1184690.6161618177,1952863.1001644123,16
-1184227.30344529,1952863.1001644123,16
-1183763.9907287627,1952863.1001644123,16
-1183300.678012235,1952863.1001644123,16
-1182837.3652957077,1952863.1001644123,16
-1182374.05257918,1952863.1001644123,16
-1181910.7398626525,1952863.1001644123,16
-1181447.4271461251,1952863.1001644123,16
-1180984.1144295975,1952863.1001644123,16
-1180520.8017130701,1952863.1001644123,16
-1180057.4889965425,1952863.1001644123,16
-1179594.1762800151,1952863.1001644123,16
-1179130.8635634875,1952863.1001644123,16
-1178667.5508469602,1952863.1001644123,16
-1178204.2381304326,1952863.1001644123,16
-1177740.9254139052,1952863.1001644123,16
-1177277.6126973776,1952863.1001644123,16
-1176814.2999808502,1952863.1001644123,16
-1176350.9872643226,1952863.1001644123,16
-1175887.6745477952,1952863.1001644123,16
-1175424.3618312676,1952863.1001644123,16
-1174961.04911474,1952863.1001644123,16
-1174497.7363982126,1952863.1001644123,16
-1174034.4236816852,1952863.1001644123,16
-1173571.1109651576,1952863.1001644123,16
-1220829.0080509626,1952399.7874478847,16
-1219439.0699013802,1952399.7874478847,16
-1218975.7571848526,1952399.7874478847,10
-1218512.444468325,1952399.7874478847,10
-1218049.1317517976,1952399.7874478847,10
-1217585.81903527,1952399.7874478847,10
-1217122.5063187426,1952399.7874478847,10
-1216659.193602215,1952399.7874478847,10
-1216195.8808856877,1952399.7874478847,10
-1215732.56816916,1952399.7874478847,10
-1215269.2554526327,1952399.7874478847,7
-1214805.942736105,1952399.7874478847,7
-1214342.6300195777,1952399.7874478847,7
-1213879.31730305,1952399.7874478847,16
-1213416.0045865227,1952399.7874478847,16
-1212952.691869995,1952399.7874478847,16
-1212489.3791534677,1952399.7874478847,16
-1212026.06643694,1952399.7874478847,16
-1211562.7537204125,1952399.7874478847,16
-1211099.4410038851,1952399.7874478847,16
-1210636.1282873575,1952399.7874478847,16
-1210172.8155708301,1952399.7874478847,16
-1209709.5028543025,1952399.7874478847,16
-1209246.1901377751,1952399.7874478847,16
-1208782.8774212475,1952399.7874478847,16
-1208319.5647047202,1952399.7874478847,16
-1207856.2519881926,1952399.7874478847,16
-1207392.9392716652,1952399.7874478847,16
-1206929.6265551376,1952399.7874478847,16
-1206466.3138386102,1952399.7874478847,16
-1206003.0011220826,1952399.7874478847,16
-1205539.6884055552,1952399.7874478847,16
-1205076.3756890276,1952399.7874478847,16
-1204613.0629725,1952399.7874478847,16
-1204149.7502559726,1952399.7874478847,16
-1203686.4375394452,1952399.7874478847,16
-1203223.1248229176,1952399.7874478847,16
-1202759.81210639,1952399.7874478847,16
-1202296.4993898626,1952399.7874478847,16
-1201833.186673335,1952399.7874478847,16
-1201369.8739568077,1952399.7874478847,16
-1200906.56124028,1952399.7874478847,16
-1200443.2485237527,1952399.7874478847,16
-1199979.935807225,1952399.7874478847,16
-1199516.6230906977,1952399.7874478847,16
-1199053.31037417,1952399.7874478847,7
-1198589.9976576427,1952399.7874478847,7
-1198126.684941115,1952399.7874478847,10
-1197663.3722245875,1952399.7874478847,16
-1197200.05950806,1952399.7874478847,16
-1196736.7467915327,1952399.7874478847,16
-1196273.4340750051,1952399.7874478847,16
-1195810.1213584775,1952399.7874478847,16
-1195346.8086419501,1952399.7874478847,16
-1194883.4959254225,1952399.7874478847,10
-1194420.1832088951,1952399.7874478847,16
-1193956.8704923675,1952399.7874478847,16
-1193493.5577758402,1952399.7874478847,16
-1193030.2450593126,1952399.7874478847,16
-1192566.9323427852,1952399.7874478847,16
-1192103.6196262576,1952399.7874478847,16
-1191640.3069097302,1952399.7874478847,16
-1191176.9941932026,1952399.7874478847,16
-1190713.6814766752,1952399.7874478847,16
-1190250.3687601476,1952399.7874478847,16
-1189787.0560436202,1952399.7874478847,16
-1189323.7433270926,1952399.7874478847,16
-1188860.430610565,1952399.7874478847,16
-1188397.1178940376,1952399.7874478847,16
-1187933.80517751,1952399.7874478847,16
-1187470.4924609826,1952399.7874478847,16
-1187007.179744455,1952399.7874478847,16
-1186543.8670279277,1952399.7874478847,16
-1186080.5543114,1952399.7874478847,16
-1185617.2415948727,1952399.7874478847,16
-1185153.928878345,1952399.7874478847,16
-1184690.6161618177,1952399.7874478847,16
-1184227.30344529,1952399.7874478847,16
-1183763.9907287627,1952399.7874478847,16
-1183300.678012235,1952399.7874478847,16
-1182837.3652957077,1952399.7874478847,16
-1182374.05257918,1952399.7874478847,16
-1181910.7398626525,1952399.7874478847,16
-1181447.4271461251,1952399.7874478847,16
-1180984.1144295975,1952399.7874478847,16
-1180520.8017130701,1952399.7874478847,16
-1180057.4889965425,1952399.7874478847,16
-1179594.1762800151,1952399.7874478847,16
-1179130.8635634875,1952399.7874478847,16
-1178667.5508469602,1952399.7874478847,16
-1178204.2381304326,1952399.7874478847,16
-1177740.9254139052,1952399.7874478847,16
-1177277.6126973776,1952399.7874478847,16
-1176814.2999808502,1952399.7874478847,16
-1176350.9872643226,1952399.7874478847,16
-1175887.6745477952,1952399.7874478847,16
-1175424.3618312676,1952399.7874478847,16
-1174961.04911474,1952399.7874478847,16
-1174497.7363982126,1952399.7874478847,16
-1174034.4236816852,1952399.7874478847,16
-1173571.1109651576,1952399.7874478847,16
-1173107.79824863,1952399.7874478847,16
-1220829.0080509626,1951936.4747313573,7
-1220365.6953344352,1951936.4747313573,7
-1219902.3826179076,1951936.4747313573,16
-1219439.0699013802,1951936.4747313573,16
-1218975.7571848526,1951936.4747313573,10
-1218512.444468325,1951936.4747313573,10
-1218049.1317517976,1951936.4747313573,10
-1217585.81903527,1951936.4747313573,7
-1217122.5063187426,1951936.4747313573,7
-1216659.193602215,1951936.4747313573,7
-1216195.8808856877,1951936.4747313573,7
-1215732.56816916,1951936.4747313573,7
-1214342.6300195777,1951936.4747313573,7
-1213879.31730305,1951936.4747313573,16
-1213416.0045865227,1951936.4747313573,16
-1212952.691869995,1951936.4747313573,16
-1212489.3791534677,1951936.4747313573,16
-1212026.06643694,1951936.4747313573,16
-1211562.7537204125,1951936.4747313573,16
-1211099.4410038851,1951936.4747313573,16
-1210636.1282873575,1951936.4747313573,16
-1210172.8155708301,1951936.4747313573,16
-1209709.5028543025,1951936.4747313573,16
-1209246.1901377751,1951936.4747313573,16
-1208782.8774212475,1951936.4747313573,16
-1208319.5647047202,1951936.4747313573,16
-1207856.2519881926,1951936.4747313573,16
-1207392.9392716652,1951936.4747313573,16
-1206929.6265551376,1951936.4747313573,16
-1206466.3138386102,1951936.4747313573,16
-1206003.0011220826,1951936.4747313573,16
-1205539.6884055552,1951936.4747313573,16
-1205076.3756890276,1951936.4747313573,16
-1204613.0629725,1951936.4747313573,16
-1204149.7502559726,1951936.4747313573,16
-1203686.4375394452,1951936.4747313573,16
-1203223.1248229176,1951936.4747313573,16
-1202759.81210639,1951936.4747313573,16
-1202296.4993898626,1951936.4747313573,16
-1201833.186673335,1951936.4747313573,16
-1201369.8739568077,1951936.4747313573,16
-1200906.56124028,1951936.4747313573,16
-1200443.2485237527,1951936.4747313573,16
-1199979.935807225,1951936.4747313573,16
-1199516.6230906977,1951936.4747313573,16
-1199053.31037417,1951936.4747313573,16
-1198589.9976576427,1951936.4747313573,16
-1198126.684941115,1951936.4747313573,16
-1197663.3722245875,1951936.4747313573,16
-1197200.05950806,1951936.4747313573,16
-1196736.7467915327,1951936.4747313573,16
-1196273.4340750051,1951936.4747313573,16
-1195810.1213584775,1951936.4747313573,16
-1195346.8086419501,1951936.4747313573,16
-1194883.4959254225,1951936.4747313573,16
-1194420.1832088951,1951936.4747313573,16
-1193956.8704923675,1951936.4747313573,16
-1193493.5577758402,1951936.4747313573,16
-1193030.2450593126,1951936.4747313573,16
-1192566.9323427852,1951936.4747313573,16
-1192103.6196262576,1951936.4747313573,16
-1191640.3069097302,1951936.4747313573,16
-1191176.9941932026,1951936.4747313573,16
-1190713.6814766752,1951936.4747313573,16
-1190250.3687601476,1951936.4747313573,16
-1189787.0560436202,1951936.4747313573,16
-1189323.7433270926,1951936.4747313573,16
-1188860.430610565,1951936.4747313573,16
-1188397.1178940376,1951936.4747313573,16
-1187933.80517751,1951936.4747313573,16
-1187470.4924609826,1951936.4747313573,16
-1187007.179744455,1951936.4747313573,16
-1186543.8670279277,1951936.4747313573,16
-1186080.5543114,1951936.4747313573,16
-1185617.2415948727,1951936.4747313573,16
-1185153.928878345,1951936.4747313573,16
-1184690.6161618177,1951936.4747313573,16
-1184227.30344529,1951936.4747313573,16
-1183763.9907287627,1951936.4747313573,16
-1183300.678012235,1951936.4747313573,16
-1182837.3652957077,1951936.4747313573,16
-1182374.05257918,1951936.4747313573,16
-1181910.7398626525,1951936.4747313573,16
-1181447.4271461251,1951936.4747313573,16
-1180984.1144295975,1951936.4747313573,16
-1180520.8017130701,1951936.4747313573,16
-1180057.4889965425,1951936.4747313573,16
-1179594.1762800151,1951936.4747313573,16
-1179130.8635634875,1951936.4747313573,16
-1178667.5508469602,1951936.4747313573,16
-1178204.2381304326,1951936.4747313573,16
-1177740.9254139052,1951936.4747313573,16
-1177277.6126973776,1951936.4747313573,16
-1176814.2999808502,1951936.4747313573,16
-1176350.9872643226,1951936.4747313573,16
-1175887.6745477952,1951936.4747313573,16
-1175424.3618312676,1951936.4747313573,16
-1174961.04911474,1951936.4747313573,16
-1174497.7363982126,1951936.4747313573,16
-1174034.4236816852,1951936.4747313573,16
-1173571.1109651576,1951936.4747313573,16
-1173107.79824863,1951936.4747313573,16
-1220829.0080509626,1951473.1620148297,7
-1220365.6953344352,1951473.1620148297,7
-1219902.3826179076,1951473.1620148297,16
-1219439.0699013802,1951473.1620148297,16
-1218975.7571848526,1951473.1620148297,16
-1218512.444468325,1951473.1620148297,16
-1218049.1317517976,1951473.1620148297,16
-1217585.81903527,1951473.1620148297,7
-1217122.5063187426,1951473.1620148297,7
-1213879.31730305,1951473.1620148297,16
-1213416.0045865227,1951473.1620148297,16
-1212952.691869995,1951473.1620148297,16
-1212489.3791534677,1951473.1620148297,16
-1212026.06643694,1951473.1620148297,16
-1211562.7537204125,1951473.1620148297,16
-1211099.4410038851,1951473.1620148297,16
-1210636.1282873575,1951473.1620148297,16
-1210172.8155708301,1951473.1620148297,16
-1209709.5028543025,1951473.1620148297,16
-1209246.1901377751,1951473.1620148297,16
-1208782.8774212475,1951473.1620148297,16
-1208319.5647047202,1951473.1620148297,16
-1207856.2519881926,1951473.1620148297,16
-1207392.9392716652,1951473.1620148297,16
-1206929.6265551376,1951473.1620148297,16
-1206466.3138386102,1951473.1620148297,16
-1206003.0011220826,1951473.1620148297,16
-1205539.6884055552,1951473.1620148297,16
-1205076.3756890276,1951473.1620148297,16
-1204613.0629725,1951473.1620148297,16
-1204149.7502559726,1951473.1620148297,16
-1203686.4375394452,1951473.1620148297,16
-1203223.1248229176,1951473.1620148297,7
-1202759.81210639,1951473.1620148297,16
-1202296.4993898626,1951473.1620148297,16
-1201833.186673335,1951473.1620148297,16
-1201369.8739568077,1951473.1620148297,16
-1200906.56124028,1951473.1620148297,16
-1200443.2485237527,1951473.1620148297,16
-1199979.935807225,1951473.1620148297,16
-1199516.6230906977,1951473.1620148297,16
-1199053.31037417,1951473.1620148297,16
-1198589.9976576427,1951473.1620148297,16
-1198126.684941115,1951473.1620148297,16
-1197663.3722245875,1951473.1620148297,16
-1197200.05950806,1951473.1620148297,16
-1196736.7467915327,1951473.1620148297,16
-1196273.4340750051,1951473.1620148297,16
-1195810.1213584775,1951473.1620148297,16
-1195346.8086419501,1951473.1620148297,10
-1194883.4959254225,1951473.1620148297,16
-1194420.1832088951,1951473.1620148297,16
-1193956.8704923675,1951473.1620148297,16
-1193493.5577758402,1951473.1620148297,16
-1193030.2450593126,1951473.1620148297,16
-1192566.9323427852,1951473.1620148297,16
-1192103.6196262576,1951473.1620148297,16
-1191640.3069097302,1951473.1620148297,16
-1191176.9941932026,1951473.1620148297,16
-1190713.6814766752,1951473.1620148297,16
-1190250.3687601476,1951473.1620148297,16
-1189787.0560436202,1951473.1620148297,16
-1189323.7433270926,1951473.1620148297,16
-1188860.430610565,1951473.1620148297,16
-1188397.1178940376,1951473.1620148297,16
-1187933.80517751,1951473.1620148297,16
-1187470.4924609826,1951473.1620148297,16
-1187007.179744455,1951473.1620148297,16
-1186543.8670279277,1951473.1620148297,16
-1186080.5543114,1951473.1620148297,16
-1185617.2415948727,1951473.1620148297,16
-1185153.928878345,1951473.1620148297,16
-1184690.6161618177,1951473.1620148297,16
-1184227.30344529,1951473.1620148297,16
-1183763.9907287627,1951473.1620148297,16
-1183300.678012235,1951473.1620148297,16
-1182837.3652957077,1951473.1620148297,16
-1182374.05257918,1951473.1620148297,16
-1181910.7398626525,1951473.1620148297,16
-1181447.4271461251,1951473.1620148297,16
-1180984.1144295975,1951473.1620148297,16
-1180520.8017130701,1951473.1620148297,16
-1180057.4889965425,1951473.1620148297,16
-1179594.1762800151,1951473.1620148297,16
-1179130.8635634875,1951473.1620148297,16
-1178667.5508469602,1951473.1620148297,16
-1178204.2381304326,1951473.1620148297,16
-1177740.9254139052,1951473.1620148297,16
-1177277.6126973776,1951473.1620148297,16
-1176814.2999808502,1951473.1620148297,16
-1176350.9872643226,1951473.1620148297,16
-1175887.6745477952,1951473.1620148297,16
-1175424.3618312676,1951473.1620148297,16
-1174961.04911474,1951473.1620148297,16
-1174497.7363982126,1951473.1620148297,16
-1174034.4236816852,1951473.1620148297,16
-1173571.1109651576,1951473.1620148297,16
-1173107.79824863,1951473.1620148297,16
-1220365.6953344352,1951009.849298302,7
-1219902.3826179076,1951009.849298302,7
-1219439.0699013802,1951009.849298302,7
-1218975.7571848526,1951009.849298302,16
-1218512.444468325,1951009.849298302,16
-1218049.1317517976,1951009.849298302,16
-1213416.0045865227,1951009.849298302,16
-1212952.691869995,1951009.849298302,16
-1212489.3791534677,1951009.849298302,16
-1212026.06643694,1951009.849298302,16
-1211562.7537204125,1951009.849298302,16
-1211099.4410038851,1951009.849298302,16
-1210636.1282873575,1951009.849298302,16
-1210172.8155708301,1951009.849298302,16
-1209709.5028543025,1951009.849298302,16
-1209246.1901377751,1951009.849298302,16
-1208782.8774212475,1951009.849298302,16
-1208319.5647047202,1951009.849298302,16
-1207856.2519881926,1951009.849298302,16
-1207392.9392716652,1951009.849298302,16
-1206929.6265551376,1951009.849298302,16
-1206466.3138386102,1951009.849298302,16
-1206003.0011220826,1951009.849298302,16
-1205539.6884055552,1951009.849298302,16
-1205076.3756890276,1951009.849298302,16
-1204613.0629725,1951009.849298302,16
-1204149.7502559726,1951009.849298302,16
-1203686.4375394452,1951009.849298302,16
-1203223.1248229176,1951009.849298302,16
-1202759.81210639,1951009.849298302,16
-1202296.4993898626,1951009.849298302,16
-1201833.186673335,1951009.849298302,16
-1201369.8739568077,1951009.849298302,16
-1200906.56124028,1951009.849298302,16
-1200443.2485237527,1951009.849298302,16
-1199979.935807225,1951009.849298302,16
-1199516.6230906977,1951009.849298302,16
-1199053.31037417,1951009.849298302,16
-1198589.9976576427,1951009.849298302,16
-1198126.684941115,1951009.849298302,16
-1197663.3722245875,1951009.849298302,16
-1197200.05950806,1951009.849298302,16
-1196736.7467915327,1951009.849298302,16
-1196273.4340750051,1951009.849298302,16
-1195810.1213584775,1951009.849298302,16
-1195346.8086419501,1951009.849298302,10
-1194883.4959254225,1951009.849298302,16
-1194420.1832088951,1951009.849298302,16
-1193956.8704923675,1951009.849298302,16
-1193493.5577758402,1951009.849298302,16
-1193030.2450593126,1951009.849298302,16
-1192566.9323427852,1951009.849298302,16
-1192103.6196262576,1951009.849298302,16
-1191640.3069097302,1951009.849298302,16
-1191176.9941932026,1951009.849298302,16
-1190713.6814766752,1951009.849298302,16
-1190250.3687601476,1951009.849298302,16
-1189787.0560436202,1951009.849298302,16
-1189323.7433270926,1951009.849298302,16
-1188860.430610565,1951009.849298302,16
-1188397.1178940376,1951009.849298302,16
-1187933.80517751,1951009.849298302,16
-1187470.4924609826,1951009.849298302,16
-1187007.179744455,1951009.849298302,16
-1186543.8670279277,1951009.849298302,16
-1186080.5543114,1951009.849298302,16
-1185617.2415948727,1951009.849298302,16
-1185153.928878345,1951009.849298302,16
-1184690.6161618177,1951009.849298302,16
-1184227.30344529,1951009.849298302,16
-1183763.9907287627,1951009.849298302,16
-1183300.678012235,1951009.849298302,16
-1182837.3652957077,1951009.849298302,16
-1182374.05257918,1951009.849298302,16
-1181910.7398626525,1951009.849298302,16
-1181447.4271461251,1951009.849298302,16
-1180984.1144295975,1951009.849298302,16
-1180520.8017130701,1951009.849298302,16
-1180057.4889965425,1951009.849298302,16
-1179594.1762800151,1951009.849298302,16
-1179130.8635634875,1951009.849298302,16
-1178667.5508469602,1951009.849298302,16
-1178204.2381304326,1951009.849298302,16
-1177740.9254139052,1951009.849298302,16
-1177277.6126973776,1951009.849298302,16
-1176814.2999808502,1951009.849298302,16
-1176350.9872643226,1951009.849298302,16
-1175887.6745477952,1951009.849298302,16
-1175424.3618312676,1951009.849298302,16
-1174961.04911474,1951009.849298302,16
-1174497.7363982126,1951009.849298302,16
-1174034.4236816852,1951009.849298302,16
-1173571.1109651576,1951009.849298302,16
-1173107.79824863,1951009.849298302,16
-1172644.4855321026,1951009.849298302,16
-1220365.6953344352,1950546.5365817747,7
-1219902.3826179076,1950546.5365817747,7
-1218049.1317517976,1950546.5365817747,16
-1213416.0045865227,1950546.5365817747,16
-1212952.691869995,1950546.5365817747,16
-1212489.3791534677,1950546.5365817747,16
-1212026.06643694,1950546.5365817747,16
-1211562.7537204125,1950546.5365817747,16
-1211099.4410038851,1950546.5365817747,16
-1210636.1282873575,1950546.5365817747,16
-1210172.8155708301,1950546.5365817747,16
-1209709.5028543025,1950546.5365817747,16
-1209246.1901377751,1950546.5365817747,16
-1208782.8774212475,1950546.5365817747,16
-1208319.5647047202,1950546.5365817747,16
-1207856.2519881926,1950546.5365817747,16
-1207392.9392716652,1950546.5365817747,16
-1206929.6265551376,1950546.5365817747,16
-1206466.3138386102,1950546.5365817747,16
-1206003.0011220826,1950546.5365817747,16
-1205539.6884055552,1950546.5365817747,16
-1205076.3756890276,1950546.5365817747,16
-1204613.0629725,1950546.5365817747,10
-1204149.7502559726,1950546.5365817747,7
-1203686.4375394452,1950546.5365817747,16
-1203223.1248229176,1950546.5365817747,16
-1202759.81210639,1950546.5365817747,16
-1202296.4993898626,1950546.5365817747,16
-1201833.186673335,1950546.5365817747,16
-1201369.8739568077,1950546.5365817747,16
-1200906.56124028,1950546.5365817747,16
-1200443.2485237527,1950546.5365817747,16
-1199979.935807225,1950546.5365817747,16
-1199516.6230906977,1950546.5365817747,16
-1199053.31037417,1950546.5365817747,16
-1198589.9976576427,1950546.5365817747,16
-1198126.684941115,1950546.5365817747,16
-1197663.3722245875,1950546.5365817747,16
-1197200.05950806,1950546.5365817747,16
-1196736.7467915327,1950546.5365817747,16
-1196273.4340750051,1950546.5365817747,16
-1195810.1213584775,1950546.5365817747,16
-1195346.8086419501,1950546.5365817747,16
-1194883.4959254225,1950546.5365817747,16
-1194420.1832088951,1950546.5365817747,16
-1193956.8704923675,1950546.5365817747,16
-1193493.5577758402,1950546.5365817747,16
-1193030.2450593126,1950546.5365817747,16
-1192566.9323427852,1950546.5365817747,16
-1192103.6196262576,1950546.5365817747,16
-1191640.3069097302,1950546.5365817747,16
-1191176.9941932026,1950546.5365817747,16
-1190713.6814766752,1950546.5365817747,16
-1190250.3687601476,1950546.5365817747,16
-1189787.0560436202,1950546.5365817747,16
-1189323.7433270926,1950546.5365817747,16
-1188860.430610565,1950546.5365817747,16
-1188397.1178940376,1950546.5365817747,16
-1187933.80517751,1950546.5365817747,16
-1187470.4924609826,1950546.5365817747,16
-1187007.179744455,1950546.5365817747,16
-1186543.8670279277,1950546.5365817747,16
-1186080.5543114,1950546.5365817747,16
-1185617.2415948727,1950546.5365817747,16
-1185153.928878345,1950546.5365817747,16
-1184690.6161618177,1950546.5365817747,16
-1184227.30344529,1950546.5365817747,16
-1183763.9907287627,1950546.5365817747,16
-1183300.678012235,1950546.5365817747,16
-1182837.3652957077,1950546.5365817747,16
-1182374.05257918,1950546.5365817747,16
-1181910.7398626525,1950546.5365817747,16
-1181447.4271461251,1950546.5365817747,16
-1180984.1144295975,1950546.5365817747,16
-1180520.8017130701,1950546.5365817747,16
-1180057.4889965425,1950546.5365817747,16
-1179594.1762800151,1950546.5365817747,16
-1179130.8635634875,1950546.5365817747,16
-1178667.5508469602,1950546.5365817747,16
-1178204.2381304326,1950546.5365817747,16
-1177740.9254139052,1950546.5365817747,16
-1177277.6126973776,1950546.5365817747,16
-1176814.2999808502,1950546.5365817747,16
-1176350.9872643226,1950546.5365817747,16
-1175887.6745477952,1950546.5365817747,16
-1175424.3618312676,1950546.5365817747,16
-1174961.04911474,1950546.5365817747,16
-1174497.7363982126,1950546.5365817747,16
-1174034.4236816852,1950546.5365817747,16
-1173571.1109651576,1950546.5365817747,16
-1173107.79824863,1950546.5365817747,16
-1172644.4855321026,1950546.5365817747,16
-1218049.1317517976,1950083.223865247,7
-1217585.81903527,1950083.223865247,16
-1213416.0045865227,1950083.223865247,16
-1212952.691869995,1950083.223865247,16
-1212489.3791534677,1950083.223865247,16
-1212026.06643694,1950083.223865247,16
-1211562.7537204125,1950083.223865247,16
-1211099.4410038851,1950083.223865247,16
-1210636.1282873575,1950083.223865247,16
-1210172.8155708301,1950083.223865247,16
-1209709.5028543025,1950083.223865247,16
-1209246.1901377751,1950083.223865247,16
-1208782.8774212475,1950083.223865247,16
-1208319.5647047202,1950083.223865247,16
-1207856.2519881926,1950083.223865247,16
-1207392.9392716652,1950083.223865247,16
-1206929.6265551376,1950083.223865247,16
-1206466.3138386102,1950083.223865247,16
-1206003.0011220826,1950083.223865247,16
-1205539.6884055552,1950083.223865247,10
-1205076.3756890276,1950083.223865247,7
-1204613.0629725,1950083.223865247,16
-1204149.7502559726,1950083.223865247,16
-1203686.4375394452,1950083.223865247,16
-1203223.1248229176,1950083.223865247,16
-1202759.81210639,1950083.223865247,16
-1202296.4993898626,1950083.223865247,16
-1201833.186673335,1950083.223865247,16
-1201369.8739568077,1950083.223865247,16
-1200906.56124028,1950083.223865247,16
-1200443.2485237527,1950083.223865247,16
-1199979.935807225,1950083.223865247,16
-1199516.6230906977,1950083.223865247,16
-1199053.31037417,1950083.223865247,16
-1198589.9976576427,1950083.223865247,16
-1198126.684941115,1950083.223865247,16
-1197663.3722245875,1950083.223865247,16
-1197200.05950806,1950083.223865247,16
-1196736.7467915327,1950083.223865247,16
-1196273.4340750051,1950083.223865247,16
-1195810.1213584775,1950083.223865247,16
-1195346.8086419501,1950083.223865247,16
-1194883.4959254225,1950083.223865247,16
-1194420.1832088951,1950083.223865247,16
-1193956.8704923675,1950083.223865247,16
-1193493.5577758402,1950083.223865247,16
-1193030.2450593126,1950083.223865247,16
-1192566.9323427852,1950083.223865247,16
-1192103.6196262576,1950083.223865247,16
-1191640.3069097302,1950083.223865247,16
-1191176.9941932026,1950083.223865247,16
-1190713.6814766752,1950083.223865247,16
-1190250.3687601476,1950083.223865247,16
-1189787.0560436202,1950083.223865247,16
-1189323.7433270926,1950083.223865247,16
-1188860.430610565,1950083.223865247,16
-1188397.1178940376,1950083.223865247,16
-1187933.80517751,1950083.223865247,16
-1187470.4924609826,1950083.223865247,16
-1187007.179744455,1950083.223865247,16
-1186543.8670279277,1950083.223865247,16
-1186080.5543114,1950083.223865247,16
-1185617.2415948727,1950083.223865247,16
-1185153.928878345,1950083.223865247,16
-1184690.6161618177,1950083.223865247,16
-1184227.30344529,1950083.223865247,16
-1183763.9907287627,1950083.223865247,16
-1183300.678012235,1950083.223865247,16
-1182837.3652957077,1950083.223865247,16
-1182374.05257918,1950083.223865247,16
-1181910.7398626525,1950083.223865247,16
-1181447.4271461251,1950083.223865247,16
-1180984.1144295975,1950083.223865247,16
-1180520.8017130701,1950083.223865247,16
-1180057.4889965425,1950083.223865247,16
-1179594.1762800151,1950083.223865247,16
-1179130.8635634875,1950083.223865247,16
-1178667.5508469602,1950083.223865247,16
-1178204.2381304326,1950083.223865247,16
-1177740.9254139052,1950083.223865247,16
-1177277.6126973776,1950083.223865247,16
-1176814.2999808502,1950083.223865247,16
-1176350.9872643226,1950083.223865247,16
-1175887.6745477952,1950083.223865247,16
-1175424.3618312676,1950083.223865247,16
-1174961.04911474,1950083.223865247,16
-1174497.7363982126,1950083.223865247,16
-1174034.4236816852,1950083.223865247,16
-1173571.1109651576,1950083.223865247,16
-1173107.79824863,1950083.223865247,16
-1172644.4855321026,1950083.223865247,16
-1214342.6300195777,1949619.9111487197,16
-1213879.31730305,1949619.9111487197,16
-1213416.0045865227,1949619.9111487197,16
-1212952.691869995,1949619.9111487197,16
-1212489.3791534677,1949619.9111487197,16
-1212026.06643694,1949619.9111487197,16
-1211562.7537204125,1949619.9111487197,16
-1211099.4410038851,1949619.9111487197,16
-1210636.1282873575,1949619.9111487197,16
-1210172.8155708301,1949619.9111487197,16
-1209709.5028543025,1949619.9111487197,16
-1209246.1901377751,1949619.9111487197,16
-1208782.8774212475,1949619.9111487197,16
-1208319.5647047202,1949619.9111487197,16
-1207856.2519881926,1949619.9111487197,16
-1207392.9392716652,1949619.9111487197,16
-1206929.6265551376,1949619.9111487197,16
-1206466.3138386102,1949619.9111487197,16
-1206003.0011220826,1949619.9111487197,16
-1205539.6884055552,1949619.9111487197,16
-1205076.3756890276,1949619.9111487197,16
-1204613.0629725,1949619.9111487197,16
-1204149.7502559726,1949619.9111487197,16
-1203686.4375394452,1949619.9111487197,16
-1203223.1248229176,1949619.9111487197,16
-1202759.81210639,1949619.9111487197,16
-1202296.4993898626,1949619.9111487197,16
-1201833.186673335,1949619.9111487197,16
-1201369.8739568077,1949619.9111487197,16
-1200906.56124028,1949619.9111487197,16
-1200443.2485237527,1949619.9111487197,16
-1199979.935807225,1949619.9111487197,16
-1199516.6230906977,1949619.9111487197,16
-1199053.31037417,1949619.9111487197,16
-1198589.9976576427,1949619.9111487197,16
-1198126.684941115,1949619.9111487197,16
-1197663.3722245875,1949619.9111487197,16
-1197200.05950806,1949619.9111487197,16
-1196736.7467915327,1949619.9111487197,16
-1196273.4340750051,1949619.9111487197,16
-1195810.1213584775,1949619.9111487197,16
-1195346.8086419501,1949619.9111487197,16
-1194883.4959254225,1949619.9111487197,16
-1194420.1832088951,1949619.9111487197,16
-1193956.8704923675,1949619.9111487197,16
-1193493.5577758402,1949619.9111487197,16
-1193030.2450593126,1949619.9111487197,16
-1192566.9323427852,1949619.9111487197,16
-1192103.6196262576,1949619.9111487197,16
-1191640.3069097302,1949619.9111487197,16
-1191176.9941932026,1949619.9111487197,16
-1190713.6814766752,1949619.9111487197,16
-1190250.3687601476,1949619.9111487197,16
-1189787.0560436202,1949619.9111487197,16
-1189323.7433270926,1949619.9111487197,16
-1188860.430610565,1949619.9111487197,16
-1188397.1178940376,1949619.9111487197,16
-1187933.80517751,1949619.9111487197,16
-1187470.4924609826,1949619.9111487197,16
-1187007.179744455,1949619.9111487197,16
-1186543.8670279277,1949619.9111487197,16
-1186080.5543114,1949619.9111487197,16
-1185617.2415948727,1949619.9111487197,16
-1185153.928878345,1949619.9111487197,16
-1184690.6161618177,1949619.9111487197,16
-1184227.30344529,1949619.9111487197,16
-1183763.9907287627,1949619.9111487197,16
-1183300.678012235,1949619.9111487197,16
-1182837.3652957077,1949619.9111487197,16
-1182374.05257918,1949619.9111487197,16
-1181910.7398626525,1949619.9111487197,16
-1181447.4271461251,1949619.9111487197,16
-1180984.1144295975,1949619.9111487197,16
-1180520.8017130701,1949619.9111487197,16
-1180057.4889965425,1949619.9111487197,16
-1179594.1762800151,1949619.9111487197,16
-1179130.8635634875,1949619.9111487197,16
-1178667.5508469602,1949619.9111487197,16
-1178204.2381304326,1949619.9111487197,16
-1177740.9254139052,1949619.9111487197,16
-1177277.6126973776,1949619.9111487197,16
-1176814.2999808502,1949619.9111487197,16
-1176350.9872643226,1949619.9111487197,16
-1175887.6745477952,1949619.9111487197,16
-1175424.3618312676,1949619.9111487197,16
-1174961.04911474,1949619.9111487197,16
-1174497.7363982126,1949619.9111487197,16
-1174034.4236816852,1949619.9111487197,16
-1173571.1109651576,1949619.9111487197,16
-1173107.79824863,1949619.9111487197,16
-1172644.4855321026,1949619.9111487197,16
-1214805.942736105,1949156.598432192,7
-1214342.6300195777,1949156.598432192,16
-1213879.31730305,1949156.598432192,16
-1213416.0045865227,1949156.598432192,16
-1212952.691869995,1949156.598432192,16
-1212489.3791534677,1949156.598432192,16
-1212026.06643694,1949156.598432192,16
-1211562.7537204125,1949156.598432192,16
-1211099.4410038851,1949156.598432192,16
-1210636.1282873575,1949156.598432192,16
-1210172.8155708301,1949156.598432192,10
-1209709.5028543025,1949156.598432192,16
-1209246.1901377751,1949156.598432192,16
-1208782.8774212475,1949156.598432192,16
-1208319.5647047202,1949156.598432192,16
-1207856.2519881926,1949156.598432192,16
-1207392.9392716652,1949156.598432192,16
-1206929.6265551376,1949156.598432192,16
-1206466.3138386102,1949156.598432192,16
-1206003.0011220826,1949156.598432192,16
-1205539.6884055552,1949156.598432192,16
-1205076.3756890276,1949156.598432192,16
-1204613.0629725,1949156.598432192,16
-1204149.7502559726,1949156.598432192,16
-1203686.4375394452,1949156.598432192,16
-1203223.1248229176,1949156.598432192,16
-1202759.81210639,1949156.598432192,16
-1202296.4993898626,1949156.598432192,16
-1201833.186673335,1949156.598432192,16
-1201369.8739568077,1949156.598432192,10
-1200906.56124028,1949156.598432192,16
-1200443.2485237527,1949156.598432192,16
-1199979.935807225,1949156.598432192,16
-1199516.6230906977,1949156.598432192,16
-1199053.31037417,1949156.598432192,16
-1198589.9976576427,1949156.598432192,16
-1198126.684941115,1949156.598432192,16
-1197663.3722245875,1949156.598432192,16
-1197200.05950806,1949156.598432192,16
-1196736.7467915327,1949156.598432192,16
-1196273.4340750051,1949156.598432192,16
-1195810.1213584775,1949156.598432192,16
-1195346.8086419501,1949156.598432192,16
-1194883.4959254225,1949156.598432192,16
-1194420.1832088951,1949156.598432192,16
-1193956.8704923675,1949156.598432192,16
-1193493.5577758402,1949156.598432192,16
-1193030.2450593126,1949156.598432192,16
-1192566.9323427852,1949156.598432192,16
-1192103.6196262576,1949156.598432192,16
-1191640.3069097302,1949156.598432192,16
-1191176.9941932026,1949156.598432192,16
-1190713.6814766752,1949156.598432192,16
-1190250.3687601476,1949156.598432192,16
-1189787.0560436202,1949156.598432192,16
-1189323.7433270926,1949156.598432192,16
-1188860.430610565,1949156.598432192,16
-1188397.1178940376,1949156.598432192,16
-1187933.80517751,1949156.598432192,16
-1187470.4924609826,1949156.598432192,16
-1187007.179744455,1949156.598432192,16
-1186543.8670279277,1949156.598432192,16
-1186080.5543114,1949156.598432192,16
-1185617.2415948727,1949156.598432192,16
-1185153.928878345,1949156.598432192,16
-1184690.6161618177,1949156.598432192,16
-1184227.30344529,1949156.598432192,16
-1183763.9907287627,1949156.598432192,16
-1183300.678012235,1949156.598432192,16
-1182837.3652957077,1949156.598432192,16
-1182374.05257918,1949156.598432192,16
-1181910.7398626525,1949156.598432192,16
-1181447.4271461251,1949156.598432192,16
-1180984.1144295975,1949156.598432192,16
-1180520.8017130701,1949156.598432192,16
-1180057.4889965425,1949156.598432192,16
-1179594.1762800151,1949156.598432192,16
-1179130.8635634875,1949156.598432192,16
-1178667.5508469602,1949156.598432192,16
-1178204.2381304326,1949156.598432192,16
-1177740.9254139052,1949156.598432192,16
-1177277.6126973776,1949156.598432192,16
-1176814.2999808502,1949156.598432192,16
-1176350.9872643226,1949156.598432192,16
-1175887.6745477952,1949156.598432192,16
-1175424.3618312676,1949156.598432192,16
-1174961.04911474,1949156.598432192,16
-1174497.7363982126,1949156.598432192,16
-1174034.4236816852,1949156.598432192,16
-1173571.1109651576,1949156.598432192,16
-1173107.79824863,1949156.598432192,16
-1172644.4855321026,1949156.598432192,16
-1172181.172815575,1949156.598432192,16
-1218975.7571848526,1948693.2857156647,16
-1218512.444468325,1948693.2857156647,16
-1218049.1317517976,1948693.2857156647,16
-1214805.942736105,1948693.2857156647,7
-1214342.6300195777,1948693.2857156647,16
-1213879.31730305,1948693.2857156647,16
-1213416.0045865227,1948693.2857156647,16
-1212952.691869995,1948693.2857156647,16
-1212489.3791534677,1948693.2857156647,16
-1212026.06643694,1948693.2857156647,16
-1211562.7537204125,1948693.2857156647,16
-1211099.4410038851,1948693.2857156647,16
-1210636.1282873575,1948693.2857156647,16
-1210172.8155708301,1948693.2857156647,10
-1209709.5028543025,1948693.2857156647,10
-1209246.1901377751,1948693.2857156647,10
-1208782.8774212475,1948693.2857156647,10
-1208319.5647047202,1948693.2857156647,16
-1207856.2519881926,1948693.2857156647,16
-1207392.9392716652,1948693.2857156647,16
-1206929.6265551376,1948693.2857156647,16
-1206466.3138386102,1948693.2857156647,16
-1206003.0011220826,1948693.2857156647,16
-1205539.6884055552,1948693.2857156647,16
-1205076.3756890276,1948693.2857156647,16
-1204613.0629725,1948693.2857156647,16
-1204149.7502559726,1948693.2857156647,16
-1203686.4375394452,1948693.2857156647,16
-1203223.1248229176,1948693.2857156647,16
-1202759.81210639,1948693.2857156647,16
-1202296.4993898626,1948693.2857156647,16
-1201833.186673335,1948693.2857156647,16
-1201369.8739568077,1948693.2857156647,16
-1200906.56124028,1948693.2857156647,16
-1200443.2485237527,1948693.2857156647,16
-1199979.935807225,1948693.2857156647,16
-1199516.6230906977,1948693.2857156647,16
-1199053.31037417,1948693.2857156647,16
-1198589.9976576427,1948693.2857156647,16
-1198126.684941115,1948693.2857156647,16
-1197663.3722245875,1948693.2857156647,16
-1197200.05950806,1948693.2857156647,16
-1196736.7467915327,1948693.2857156647,16
-1196273.4340750051,1948693.2857156647,16
-1195810.1213584775,1948693.2857156647,16
-1195346.8086419501,1948693.2857156647,16
-1194883.4959254225,1948693.2857156647,16
-1194420.1832088951,1948693.2857156647,16
-1193956.8704923675,1948693.2857156647,16
-1193493.5577758402,1948693.2857156647,16
-1193030.2450593126,1948693.2857156647,16
-1192566.9323427852,1948693.2857156647,16
-1192103.6196262576,1948693.2857156647,16
-1191640.3069097302,1948693.2857156647,16
-1191176.9941932026,1948693.2857156647,16
-1190713.6814766752,1948693.2857156647,16
-1190250.3687601476,1948693.2857156647,16
-1189787.0560436202,1948693.2857156647,16
-1189323.7433270926,1948693.2857156647,16
-1188860.430610565,1948693.2857156647,16
-1188397.1178940376,1948693.2857156647,16
-1187933.80517751,1948693.2857156647,16
-1187470.4924609826,1948693.2857156647,16
-1187007.179744455,1948693.2857156647,16
-1186543.8670279277,1948693.2857156647,16
-1186080.5543114,1948693.2857156647,16
-1185617.2415948727,1948693.2857156647,16
-1185153.928878345,1948693.2857156647,16
-1184690.6161618177,1948693.2857156647,16
-1184227.30344529,1948693.2857156647,16
-1183763.9907287627,1948693.2857156647,16
-1183300.678012235,1948693.2857156647,16
-1182837.3652957077,1948693.2857156647,16
-1182374.05257918,1948693.2857156647,16
-1181910.7398626525,1948693.2857156647,16
-1181447.4271461251,1948693.2857156647,16
-1180984.1144295975,1948693.2857156647,16
-1180520.8017130701,1948693.2857156647,16
-1180057.4889965425,1948693.2857156647,16
-1179594.1762800151,1948693.2857156647,16
-1179130.8635634875,1948693.2857156647,16
-1178667.5508469602,1948693.2857156647,16
-1178204.2381304326,1948693.2857156647,16
-1177740.9254139052,1948693.2857156647,16
-1177277.6126973776,1948693.2857156647,16
-1176814.2999808502,1948693.2857156647,16
-1176350.9872643226,1948693.2857156647,16
-1175887.6745477952,1948693.2857156647,16
-1175424.3618312676,1948693.2857156647,16
-1174961.04911474,1948693.2857156647,16
-1174497.7363982126,1948693.2857156647,16
-1174034.4236816852,1948693.2857156647,16
-1173571.1109651576,1948693.2857156647,16
-1173107.79824863,1948693.2857156647,16
-1172644.4855321026,1948693.2857156647,16
-1172181.172815575,1948693.2857156647,16
-1218975.7571848526,1948229.9729991371,16
-1218512.444468325,1948229.9729991371,16
-1218049.1317517976,1948229.9729991371,16
-1214805.942736105,1948229.9729991371,7
-1214342.6300195777,1948229.9729991371,16
-1213879.31730305,1948229.9729991371,16
-1213416.0045865227,1948229.9729991371,16
-1212952.691869995,1948229.9729991371,16
-1212489.3791534677,1948229.9729991371,16
-1212026.06643694,1948229.9729991371,16
-1211562.7537204125,1948229.9729991371,16
-1211099.4410038851,1948229.9729991371,16
-1210636.1282873575,1948229.9729991371,16
-1210172.8155708301,1948229.9729991371,10
-1209709.5028543025,1948229.9729991371,10
-1209246.1901377751,1948229.9729991371,10
-1208782.8774212475,1948229.9729991371,16
-1208319.5647047202,1948229.9729991371,10
-1207856.2519881926,1948229.9729991371,10
-1207392.9392716652,1948229.9729991371,16
-1206929.6265551376,1948229.9729991371,16
-1206466.3138386102,1948229.9729991371,16
-1206003.0011220826,1948229.9729991371,16
-1205539.6884055552,1948229.9729991371,16
-1205076.3756890276,1948229.9729991371,16
-1204613.0629725,1948229.9729991371,16
-1204149.7502559726,1948229.9729991371,16
-1203686.4375394452,1948229.9729991371,16
-1203223.1248229176,1948229.9729991371,16
-1202759.81210639,1948229.9729991371,16
-1202296.4993898626,1948229.9729991371,16
-1201833.186673335,1948229.9729991371,16
-1201369.8739568077,1948229.9729991371,16
-1200906.56124028,1948229.9729991371,16
-1200443.2485237527,1948229.9729991371,16
-1199979.935807225,1948229.9729991371,16
-1199516.6230906977,1948229.9729991371,16
-1199053.31037417,1948229.9729991371,16
-1198589.9976576427,1948229.9729991371,16
-1198126.684941115,1948229.9729991371,16
-1197663.3722245875,1948229.9729991371,16
-1197200.05950806,1948229.9729991371,16
-1196736.7467915327,1948229.9729991371,16
-1196273.4340750051,1948229.9729991371,16
-1195810.1213584775,1948229.9729991371,16
-1195346.8086419501,1948229.9729991371,16
-1194883.4959254225,1948229.9729991371,16
-1194420.1832088951,1948229.9729991371,16
-1193956.8704923675,1948229.9729991371,16
-1193493.5577758402,1948229.9729991371,16
-1193030.2450593126,1948229.9729991371,16
-1192566.9323427852,1948229.9729991371,16
-1192103.6196262576,1948229.9729991371,16
-1191640.3069097302,1948229.9729991371,16
-1191176.9941932026,1948229.9729991371,16
-1190713.6814766752,1948229.9729991371,16
-1190250.3687601476,1948229.9729991371,16
-1189787.0560436202,1948229.9729991371,16
-1189323.7433270926,1948229.9729991371,16
-1188860.430610565,1948229.9729991371,16
-1188397.1178940376,1948229.9729991371,16
-1187933.80517751,1948229.9729991371,16
-1187470.4924609826,1948229.9729991371,16
-1187007.179744455,1948229.9729991371,16
-1186543.8670279277,1948229.9729991371,16
-1186080.5543114,1948229.9729991371,16
-1185617.2415948727,1948229.9729991371,16
-1185153.928878345,1948229.9729991371,16
-1184690.6161618177,1948229.9729991371,16
-1184227.30344529,1948229.9729991371,16
-1183763.9907287627,1948229.9729991371,16
-1183300.678012235,1948229.9729991371,16
-1182837.3652957077,1948229.9729991371,16
-1182374.05257918,1948229.9729991371,16
-1181910.7398626525,1948229.9729991371,16
-1181447.4271461251,1948229.9729991371,16
-1180984.1144295975,1948229.9729991371,16
-1180520.8017130701,1948229.9729991371,16
-1180057.4889965425,1948229.9729991371,16
-1179594.1762800151,1948229.9729991371,16
-1179130.8635634875,1948229.9729991371,16
-1178667.5508469602,1948229.9729991371,16
-1178204.2381304326,1948229.9729991371,16
-1177740.9254139052,1948229.9729991371,16
-1177277.6126973776,1948229.9729991371,16
-1176814.2999808502,1948229.9729991371,16
-1176350.9872643226,1948229.9729991371,16
-1175887.6745477952,1948229.9729991371,16
-1175424.3618312676,1948229.9729991371,16
-1174961.04911474,1948229.9729991371,16
-1174497.7363982126,1948229.9729991371,16
-1174034.4236816852,1948229.9729991371,16
-1173571.1109651576,1948229.9729991371,16
-1173107.79824863,1948229.9729991371,16
-1172644.4855321026,1948229.9729991371,16
-1172181.172815575,1948229.9729991371,16
-1171717.8600990477,1948229.9729991371,16
-1218975.7571848526,1947766.6602826098,16
-1218512.444468325,1947766.6602826098,16
-1218049.1317517976,1947766.6602826098,16
-1217585.81903527,1947766.6602826098,16
-1214805.942736105,1947766.6602826098,7
-1214342.6300195777,1947766.6602826098,10
-1213879.31730305,1947766.6602826098,16
-1213416.0045865227,1947766.6602826098,16
-1212952.691869995,1947766.6602826098,16
-1212489.3791534677,1947766.6602826098,16
-1212026.06643694,1947766.6602826098,16
-1211562.7537204125,1947766.6602826098,16
-1211099.4410038851,1947766.6602826098,16
-1210636.1282873575,1947766.6602826098,16
-1210172.8155708301,1947766.6602826098,16
-1209709.5028543025,1947766.6602826098,16
-1209246.1901377751,1947766.6602826098,10
-1208782.8774212475,1947766.6602826098,10
-1208319.5647047202,1947766.6602826098,10
-1207856.2519881926,1947766.6602826098,10
-1207392.9392716652,1947766.6602826098,10
-1206929.6265551376,1947766.6602826098,16
-1206466.3138386102,1947766.6602826098,16
-1206003.0011220826,1947766.6602826098,16
-1205539.6884055552,1947766.6602826098,16
-1205076.3756890276,1947766.6602826098,16
-1204613.0629725,1947766.6602826098,16
-1204149.7502559726,1947766.6602826098,16
-1203686.4375394452,1947766.6602826098,16
-1203223.1248229176,1947766.6602826098,16
-1202759.81210639,1947766.6602826098,16
-1202296.4993898626,1947766.6602826098,16
-1201833.186673335,1947766.6602826098,16
-1201369.8739568077,1947766.6602826098,16
-1200906.56124028,1947766.6602826098,16
-1200443.2485237527,1947766.6602826098,16
-1199979.935807225,1947766.6602826098,16
-1199516.6230906977,1947766.6602826098,16
-1199053.31037417,1947766.6602826098,16
-1198589.9976576427,1947766.6602826098,16
-1198126.684941115,1947766.6602826098,16
-1197663.3722245875,1947766.6602826098,16
-1197200.05950806,1947766.6602826098,16
-1196736.7467915327,1947766.6602826098,16
-1196273.4340750051,1947766.6602826098,16
-1195810.1213584775,1947766.6602826098,16
-1195346.8086419501,1947766.6602826098,16
-1194883.4959254225,1947766.6602826098,16
-1194420.1832088951,1947766.6602826098,16
-1193956.8704923675,1947766.6602826098,16
-1193493.5577758402,1947766.6602826098,16
-1193030.2450593126,1947766.6602826098,16
-1192566.9323427852,1947766.6602826098,16
-1192103.6196262576,1947766.6602826098,16
-1191640.3069097302,1947766.6602826098,16
-1191176.9941932026,1947766.6602826098,16
-1190713.6814766752,1947766.6602826098,16
-1190250.3687601476,1947766.6602826098,16
-1189787.0560436202,1947766.6602826098,16
-1189323.7433270926,1947766.6602826098,16
-1188860.430610565,1947766.6602826098,16
-1188397.1178940376,1947766.6602826098,16
-1187933.80517751,1947766.6602826098,16
-1187470.4924609826,1947766.6602826098,16
-1187007.179744455,1947766.6602826098,16
-1186543.8670279277,1947766.6602826098,16
-1186080.5543114,1947766.6602826098,16
-1185617.2415948727,1947766.6602826098,16
-1185153.928878345,1947766.6602826098,16
-1184690.6161618177,1947766.6602826098,16
-1184227.30344529,1947766.6602826098,16
-1183763.9907287627,1947766.6602826098,16
-1183300.678012235,1947766.6602826098,16
-1182837.3652957077,1947766.6602826098,16
-1182374.05257918,1947766.6602826098,16
-1181910.7398626525,1947766.6602826098,16
-1181447.4271461251,1947766.6602826098,16
-1180984.1144295975,1947766.6602826098,16
-1180520.8017130701,1947766.6602826098,16
-1180057.4889965425,1947766.6602826098,16
-1179594.1762800151,1947766.6602826098,16
-1179130.8635634875,1947766.6602826098,16
-1178667.5508469602,1947766.6602826098,16
-1178204.2381304326,1947766.6602826098,16
-1177740.9254139052,1947766.6602826098,16
-1177277.6126973776,1947766.6602826098,16
-1176814.2999808502,1947766.6602826098,16
-1176350.9872643226,1947766.6602826098,16
-1175887.6745477952,1947766.6602826098,16
-1175424.3618312676,1947766.6602826098,16
-1174961.04911474,1947766.6602826098,16
-1174497.7363982126,1947766.6602826098,16
-1174034.4236816852,1947766.6602826098,16
-1173571.1109651576,1947766.6602826098,16
-1173107.79824863,1947766.6602826098,16
-1172644.4855321026,1947766.6602826098,16
-1172181.172815575,1947766.6602826098,16
-1171717.8600990477,1947766.6602826098,16
-1218975.7571848526,1947303.3475660821,16
-1218512.444468325,1947303.3475660821,16
-1218049.1317517976,1947303.3475660821,16
-1217585.81903527,1947303.3475660821,16
-1214805.942736105,1947303.3475660821,7
-1214342.6300195777,1947303.3475660821,16
-1213879.31730305,1947303.3475660821,16
-1213416.0045865227,1947303.3475660821,16
-1212952.691869995,1947303.3475660821,16
-1212489.3791534677,1947303.3475660821,16
-1212026.06643694,1947303.3475660821,16
-1211562.7537204125,1947303.3475660821,16
-1211099.4410038851,1947303.3475660821,16
-1210636.1282873575,1947303.3475660821,16
-1210172.8155708301,1947303.3475660821,16
-1209709.5028543025,1947303.3475660821,16
-1209246.1901377751,1947303.3475660821,10
-1208782.8774212475,1947303.3475660821,10
-1208319.5647047202,1947303.3475660821,10
-1207856.2519881926,1947303.3475660821,10
-1207392.9392716652,1947303.3475660821,10
-1206929.6265551376,1947303.3475660821,10
-1206466.3138386102,1947303.3475660821,16
-1206003.0011220826,1947303.3475660821,16
-1205539.6884055552,1947303.3475660821,16
-1205076.3756890276,1947303.3475660821,16
-1204613.0629725,1947303.3475660821,16
-1204149.7502559726,1947303.3475660821,16
-1203686.4375394452,1947303.3475660821,16
-1203223.1248229176,1947303.3475660821,16
-1202759.81210639,1947303.3475660821,16
-1202296.4993898626,1947303.3475660821,16
-1201833.186673335,1947303.3475660821,16
-1201369.8739568077,1947303.3475660821,16
-1200906.56124028,1947303.3475660821,16
-1200443.2485237527,1947303.3475660821,16
-1199979.935807225,1947303.3475660821,16
-1199516.6230906977,1947303.3475660821,16
-1199053.31037417,1947303.3475660821,16
-1198589.9976576427,1947303.3475660821,16
-1198126.684941115,1947303.3475660821,16
-1197663.3722245875,1947303.3475660821,16
-1197200.05950806,1947303.3475660821,16
-1196736.7467915327,1947303.3475660821,16
-1196273.4340750051,1947303.3475660821,16
-1195810.1213584775,1947303.3475660821,16
-1195346.8086419501,1947303.3475660821,16
-1194883.4959254225,1947303.3475660821,16
-1194420.1832088951,1947303.3475660821,16
-1193956.8704923675,1947303.3475660821,16
-1193493.5577758402,1947303.3475660821,16
-1193030.2450593126,1947303.3475660821,16
-1192566.9323427852,1947303.3475660821,16
-1192103.6196262576,1947303.3475660821,16
-1191640.3069097302,1947303.3475660821,16
-1191176.9941932026,1947303.3475660821,16
-1190713.6814766752,1947303.3475660821,16
-1190250.3687601476,1947303.3475660821,16
-1189787.0560436202,1947303.3475660821,16
-1189323.7433270926,1947303.3475660821,16
-1188860.430610565,1947303.3475660821,16
-1188397.1178940376,1947303.3475660821,16
-1187933.80517751,1947303.3475660821,16
-1187470.4924609826,1947303.3475660821,16
-1187007.179744455,1947303.3475660821,16
-1186543.8670279277,1947303.3475660821,16
-1186080.5543114,1947303.3475660821,16
-1185617.2415948727,1947303.3475660821,16
-1185153.928878345,1947303.3475660821,16
-1184690.6161618177,1947303.3475660821,16
-1184227.30344529,1947303.3475660821,16
-1183763.9907287627,1947303.3475660821,16
-1183300.678012235,1947303.3475660821,16
-1182837.3652957077,1947303.3475660821,16
-1182374.05257918,1947303.3475660821,16
-1181910.7398626525,1947303.3475660821,16
-1181447.4271461251,1947303.3475660821,16
-1180984.1144295975,1947303.3475660821,16
-1180520.8017130701,1947303.3475660821,16
-1180057.4889965425,1947303.3475660821,16
-1179594.1762800151,1947303.3475660821,16
-1179130.8635634875,1947303.3475660821,16
-1178667.5508469602,1947303.3475660821,16
-1178204.2381304326,1947303.3475660821,16
-1177740.9254139052,1947303.3475660821,16
-1177277.6126973776,1947303.3475660821,16
-1176814.2999808502,1947303.3475660821,16
-1176350.9872643226,1947303.3475660821,16
-1175887.6745477952,1947303.3475660821,16
-1175424.3618312676,1947303.3475660821,16
-1174961.04911474,1947303.3475660821,16
-1174497.7363982126,1947303.3475660821,16
-1174034.4236816852,1947303.3475660821,16
-1173571.1109651576,1947303.3475660821,16
-1173107.79824863,1947303.3475660821,16
-1172644.4855321026,1947303.3475660821,16
-1172181.172815575,1947303.3475660821,16
-1171717.8600990477,1947303.3475660821,16
-1171254.54738252,1947303.3475660821,16
-1218975.7571848526,1946840.0348495548,7
-1218512.444468325,1946840.0348495548,16
-1218049.1317517976,1946840.0348495548,16
-1217585.81903527,1946840.0348495548,16
-1217122.5063187426,1946840.0348495548,16
-1216659.193602215,1946840.0348495548,16
-1216195.8808856877,1946840.0348495548,16
-1214805.942736105,1946840.0348495548,7
-1214342.6300195777,1946840.0348495548,16
-1213879.31730305,1946840.0348495548,16
-1213416.0045865227,1946840.0348495548,16
-1212952.691869995,1946840.0348495548,16
-1212489.3791534677,1946840.0348495548,16
-1212026.06643694,1946840.0348495548,16
-1211562.7537204125,1946840.0348495548,16
-1211099.4410038851,1946840.0348495548,16
-1210636.1282873575,1946840.0348495548,16
-1210172.8155708301,1946840.0348495548,16
-1209709.5028543025,1946840.0348495548,16
-1209246.1901377751,1946840.0348495548,10
-1208782.8774212475,1946840.0348495548,10
-1208319.5647047202,1946840.0348495548,10
-1207856.2519881926,1946840.0348495548,10
-1207392.9392716652,1946840.0348495548,10
-1206929.6265551376,1946840.0348495548,10
-1206466.3138386102,1946840.0348495548,10
-1206003.0011220826,1946840.0348495548,16
-1205539.6884055552,1946840.0348495548,16
-1205076.3756890276,1946840.0348495548,16
-1204613.0629725,1946840.0348495548,16
-1204149.7502559726,1946840.0348495548,16
-1203686.4375394452,1946840.0348495548,16
-1203223.1248229176,1946840.0348495548,16
-1202759.81210639,1946840.0348495548,16
-1202296.4993898626,1946840.0348495548,16
-1201833.186673335,1946840.0348495548,16
-1201369.8739568077,1946840.0348495548,16
-1200906.56124028,1946840.0348495548,16
-1200443.2485237527,1946840.0348495548,16
-1199979.935807225,1946840.0348495548,16
-1199516.6230906977,1946840.0348495548,16
-1199053.31037417,1946840.0348495548,16
-1198589.9976576427,1946840.0348495548,16
-1198126.684941115,1946840.0348495548,16
-1197663.3722245875,1946840.0348495548,16
-1197200.05950806,1946840.0348495548,16
-1196736.7467915327,1946840.0348495548,16
-1196273.4340750051,1946840.0348495548,16
-1195810.1213584775,1946840.0348495548,16
-1195346.8086419501,1946840.0348495548,16
-1194883.4959254225,1946840.0348495548,16
-1194420.1832088951,1946840.0348495548,16
-1193956.8704923675,1946840.0348495548,16
-1193493.5577758402,1946840.0348495548,16
-1193030.2450593126,1946840.0348495548,16
-1192566.9323427852,1946840.0348495548,16
-1192103.6196262576,1946840.0348495548,16
-1191640.3069097302,1946840.0348495548,16
-1191176.9941932026,1946840.0348495548,16
-1190713.6814766752,1946840.0348495548,16
-1190250.3687601476,1946840.0348495548,16
-1189787.0560436202,1946840.0348495548,16
-1189323.7433270926,1946840.0348495548,16
-1188860.430610565,1946840.0348495548,16
-1188397.1178940376,1946840.0348495548,16
-1187933.80517751,1946840.0348495548,16
-1187470.4924609826,1946840.0348495548,16
-1187007.179744455,1946840.0348495548,16
-1186543.8670279277,1946840.0348495548,16
-1186080.5543114,1946840.0348495548,16
-1185617.2415948727,1946840.0348495548,16
-1185153.928878345,1946840.0348495548,16
-1184690.6161618177,1946840.0348495548,16
-1184227.30344529,1946840.0348495548,16
-1183763.9907287627,1946840.0348495548,16
-1183300.678012235,1946840.0348495548,16
-1182837.3652957077,1946840.0348495548,16
-1182374.05257918,1946840.0348495548,16
-1181910.7398626525,1946840.0348495548,16
-1181447.4271461251,1946840.0348495548,16
-1180984.1144295975,1946840.0348495548,16
-1180520.8017130701,1946840.0348495548,16
-1180057.4889965425,1946840.0348495548,16
-1179594.1762800151,1946840.0348495548,16
-1179130.8635634875,1946840.0348495548,16
-1178667.5508469602,1946840.0348495548,16
-1178204.2381304326,1946840.0348495548,16
-1177740.9254139052,1946840.0348495548,16
-1177277.6126973776,1946840.0348495548,16
-1176814.2999808502,1946840.0348495548,16
-1176350.9872643226,1946840.0348495548,16
-1175887.6745477952,1946840.0348495548,16
-1175424.3618312676,1946840.0348495548,16
-1174961.04911474,1946840.0348495548,16
-1174497.7363982126,1946840.0348495548,16
-1174034.4236816852,1946840.0348495548,16
-1173571.1109651576,1946840.0348495548,16
-1173107.79824863,1946840.0348495548,16
-1172644.4855321026,1946840.0348495548,16
-1172181.172815575,1946840.0348495548,16
-1171717.8600990477,1946840.0348495548,16
-1171254.54738252,1946840.0348495548,16
-1218975.7571848526,1946376.7221330272,7
-1218512.444468325,1946376.7221330272,16
-1218049.1317517976,1946376.7221330272,16
-1217585.81903527,1946376.7221330272,16
-1217122.5063187426,1946376.7221330272,16
-1216659.193602215,1946376.7221330272,16
-1216195.8808856877,1946376.7221330272,16
-1215732.56816916,1946376.7221330272,16
-1215269.2554526327,1946376.7221330272,16
-1214805.942736105,1946376.7221330272,16
-1214342.6300195777,1946376.7221330272,16
-1213879.31730305,1946376.7221330272,16
-1213416.0045865227,1946376.7221330272,16
-1212952.691869995,1946376.7221330272,16
-1212489.3791534677,1946376.7221330272,16
-1212026.06643694,1946376.7221330272,16
-1211562.7537204125,1946376.7221330272,16
-1211099.4410038851,1946376.7221330272,16
-1210636.1282873575,1946376.7221330272,16
-1210172.8155708301,1946376.7221330272,16
-1209709.5028543025,1946376.7221330272,16
-1209246.1901377751,1946376.7221330272,10
-1208782.8774212475,1946376.7221330272,10
-1208319.5647047202,1946376.7221330272,10
-1207856.2519881926,1946376.7221330272,10
-1207392.9392716652,1946376.7221330272,10
-1206929.6265551376,1946376.7221330272,10
-1206466.3138386102,1946376.7221330272,16
-1206003.0011220826,1946376.7221330272,16
-1205539.6884055552,1946376.7221330272,16
-1205076.3756890276,1946376.7221330272,16
-1204613.0629725,1946376.7221330272,16
-1204149.7502559726,1946376.7221330272,16
-1203686.4375394452,1946376.7221330272,16
-1203223.1248229176,1946376.7221330272,16
-1202759.81210639,1946376.7221330272,16
-1202296.4993898626,1946376.7221330272,16
-1201833.186673335,1946376.7221330272,16
-1201369.8739568077,1946376.7221330272,16
-1200906.56124028,1946376.7221330272,16
-1200443.2485237527,1946376.7221330272,16
-1199979.935807225,1946376.7221330272,16
-1199516.6230906977,1946376.7221330272,16
-1199053.31037417,1946376.7221330272,16
-1198589.9976576427,1946376.7221330272,16
-1198126.684941115,1946376.7221330272,16
-1197663.3722245875,1946376.7221330272,16
-1197200.05950806,1946376.7221330272,16
-1196736.7467915327,1946376.7221330272,16
-1196273.4340750051,1946376.7221330272,16
-1195810.1213584775,1946376.7221330272,16
-1195346.8086419501,1946376.7221330272,16
-1194883.4959254225,1946376.7221330272,16
-1194420.1832088951,1946376.7221330272,16
-1193956.8704923675,1946376.7221330272,16
-1193493.5577758402,1946376.7221330272,16
-1193030.2450593126,1946376.7221330272,16
-1192566.9323427852,1946376.7221330272,16
-1192103.6196262576,1946376.7221330272,16
-1191640.3069097302,1946376.7221330272,16
-1191176.9941932026,1946376.7221330272,16
-1190713.6814766752,1946376.7221330272,16
-1190250.3687601476,1946376.7221330272,16
-1189787.0560436202,1946376.7221330272,16
-1189323.7433270926,1946376.7221330272,16
-1188860.430610565,1946376.7221330272,16
-1188397.1178940376,1946376.7221330272,16
-1187933.80517751,1946376.7221330272,16
-1187470.4924609826,1946376.7221330272,16
-1187007.179744455,1946376.7221330272,16
-1186543.8670279277,1946376.7221330272,16
-1186080.5543114,1946376.7221330272,16
-1185617.2415948727,1946376.7221330272,16
-1185153.928878345,1946376.7221330272,16
-1184690.6161618177,1946376.7221330272,16
-1184227.30344529,1946376.7221330272,16
-1183763.9907287627,1946376.7221330272,16
-1183300.678012235,1946376.7221330272,16
-1182837.3652957077,1946376.7221330272,16
-1182374.05257918,1946376.7221330272,16
-1181910.7398626525,1946376.7221330272,16
-1181447.4271461251,1946376.7221330272,16
-1180984.1144295975,1946376.7221330272,16
-1180520.8017130701,1946376.7221330272,16
-1180057.4889965425,1946376.7221330272,16
-1179594.1762800151,1946376.7221330272,16
-1179130.8635634875,1946376.7221330272,16
-1178667.5508469602,1946376.7221330272,16
-1178204.2381304326,1946376.7221330272,16
-1177740.9254139052,1946376.7221330272,16
-1177277.6126973776,1946376.7221330272,16
-1176814.2999808502,1946376.7221330272,16
-1176350.9872643226,1946376.7221330272,16
-1175887.6745477952,1946376.7221330272,16
-1175424.3618312676,1946376.7221330272,16
-1174961.04911474,1946376.7221330272,16
-1174497.7363982126,1946376.7221330272,16
-1174034.4236816852,1946376.7221330272,16
-1173571.1109651576,1946376.7221330272,16
-1173107.79824863,1946376.7221330272,16
-1172644.4855321026,1946376.7221330272,16
-1172181.172815575,1946376.7221330272,16
-1171717.8600990477,1946376.7221330272,16
-1171254.54738252,1946376.7221330272,16
-1218512.444468325,1945913.4094164998,16
-1218049.1317517976,1945913.4094164998,16
-1217585.81903527,1945913.4094164998,16
-1217122.5063187426,1945913.4094164998,16
-1216659.193602215,1945913.4094164998,16
-1216195.8808856877,1945913.4094164998,10
-1215732.56816916,1945913.4094164998,16
-1215269.2554526327,1945913.4094164998,16
-1214805.942736105,1945913.4094164998,10
-1214342.6300195777,1945913.4094164998,10
-1213879.31730305,1945913.4094164998,16
-1213416.0045865227,1945913.4094164998,16
-1212952.691869995,1945913.4094164998,16
-1212489.3791534677,1945913.4094164998,16
-1212026.06643694,1945913.4094164998,16
-1211562.7537204125,1945913.4094164998,16
-1211099.4410038851,1945913.4094164998,16
-1210636.1282873575,1945913.4094164998,16
-1210172.8155708301,1945913.4094164998,16
-1209709.5028543025,1945913.4094164998,16
-1209246.1901377751,1945913.4094164998,10
-1208782.8774212475,1945913.4094164998,10
-1208319.5647047202,1945913.4094164998,16
-1207856.2519881926,1945913.4094164998,16
-1207392.9392716652,1945913.4094164998,16
-1206929.6265551376,1945913.4094164998,16
-1206466.3138386102,1945913.4094164998,16
-1206003.0011220826,1945913.4094164998,16
-1205539.6884055552,1945913.4094164998,16
-1205076.3756890276,1945913.4094164998,16
-1204613.0629725,1945913.4094164998,16
-1204149.7502559726,1945913.4094164998,16
-1203686.4375394452,1945913.4094164998,16
-1203223.1248229176,1945913.4094164998,16
-1202759.81210639,1945913.4094164998,16
-1202296.4993898626,1945913.4094164998,16
-1201833.186673335,1945913.4094164998,16
-1201369.8739568077,1945913.4094164998,16
-1200906.56124028,1945913.4094164998,16
-1200443.2485237527,1945913.4094164998,16
-1199979.935807225,1945913.4094164998,16
-1199516.6230906977,1945913.4094164998,16
-1199053.31037417,1945913.4094164998,16
-1198589.9976576427,1945913.4094164998,16
-1198126.684941115,1945913.4094164998,16
-1197663.3722245875,1945913.4094164998,16
-1197200.05950806,1945913.4094164998,16
-1196736.7467915327,1945913.4094164998,16
-1196273.4340750051,1945913.4094164998,16
-1195810.1213584775,1945913.4094164998,16
-1195346.8086419501,1945913.4094164998,16
-1194883.4959254225,1945913.4094164998,16
-1194420.1832088951,1945913.4094164998,16
-1193956.8704923675,1945913.4094164998,16
-1193493.5577758402,1945913.4094164998,16
-1193030.2450593126,1945913.4094164998,16
-1192566.9323427852,1945913.4094164998,16
-1192103.6196262576,1945913.4094164998,16
-1191640.3069097302,1945913.4094164998,16
-1191176.9941932026,1945913.4094164998,16
-1190713.6814766752,1945913.4094164998,16
-1190250.3687601476,1945913.4094164998,16
-1189787.0560436202,1945913.4094164998,16
-1189323.7433270926,1945913.4094164998,16
-1188860.430610565,1945913.4094164998,16
-1188397.1178940376,1945913.4094164998,16
-1187933.80517751,1945913.4094164998,16
-1187470.4924609826,1945913.4094164998,16
-1187007.179744455,1945913.4094164998,16
-1186543.8670279277,1945913.4094164998,16
-1186080.5543114,1945913.4094164998,16
-1185617.2415948727,1945913.4094164998,16
-1185153.928878345,1945913.4094164998,16
-1184690.6161618177,1945913.4094164998,16
-1184227.30344529,1945913.4094164998,16
-1183763.9907287627,1945913.4094164998,16
-1183300.678012235,1945913.4094164998,16
-1182837.3652957077,1945913.4094164998,16
-1182374.05257918,1945913.4094164998,16
-1181910.7398626525,1945913.4094164998,16
-1181447.4271461251,1945913.4094164998,16
-1180984.1144295975,1945913.4094164998,16
-1180520.8017130701,1945913.4094164998,16
-1180057.4889965425,1945913.4094164998,16
-1179594.1762800151,1945913.4094164998,16
-1179130.8635634875,1945913.4094164998,16
-1178667.5508469602,1945913.4094164998,16
-1178204.2381304326,1945913.4094164998,16
-1177740.9254139052,1945913.4094164998,16
-1177277.6126973776,1945913.4094164998,16
-1176814.2999808502,1945913.4094164998,16
-1176350.9872643226,1945913.4094164998,16
-1175887.6745477952,1945913.4094164998,16
-1175424.3618312676,1945913.4094164998,16
-1174961.04911474,1945913.4094164998,16
-1174497.7363982126,1945913.4094164998,16
-1174034.4236816852,1945913.4094164998,16
-1173571.1109651576,1945913.4094164998,16
-1173107.79824863,1945913.4094164998,16
-1172644.4855321026,1945913.4094164998,16
-1172181.172815575,1945913.4094164998,16
-1171717.8600990477,1945913.4094164998,16
-1171254.54738252,1945913.4094164998,16
-1170791.2346659927,1945913.4094164998,16
-1220829.0080509626,1945450.0966999722,16
-1218512.444468325,1945450.0966999722,16
-1218049.1317517976,1945450.0966999722,16
-1217585.81903527,1945450.0966999722,16
-1217122.5063187426,1945450.0966999722,10
-1216659.193602215,1945450.0966999722,10
-1216195.8808856877,1945450.0966999722,10
-1215732.56816916,1945450.0966999722,10
-1215269.2554526327,1945450.0966999722,10
-1214805.942736105,1945450.0966999722,10
-1214342.6300195777,1945450.0966999722,10
-1213879.31730305,1945450.0966999722,10
-1213416.0045865227,1945450.0966999722,16
-1212952.691869995,1945450.0966999722,16
-1212489.3791534677,1945450.0966999722,16
-1212026.06643694,1945450.0966999722,10
-1211562.7537204125,1945450.0966999722,10
-1211099.4410038851,1945450.0966999722,10
-1210636.1282873575,1945450.0966999722,10
-1210172.8155708301,1945450.0966999722,10
-1209709.5028543025,1945450.0966999722,10
-1209246.1901377751,1945450.0966999722,10
-1208782.8774212475,1945450.0966999722,16
-1208319.5647047202,1945450.0966999722,16
-1207856.2519881926,1945450.0966999722,16
-1207392.9392716652,1945450.0966999722,16
-1206929.6265551376,1945450.0966999722,16
-1206466.3138386102,1945450.0966999722,16
-1206003.0011220826,1945450.0966999722,16
-1205539.6884055552,1945450.0966999722,16
-1205076.3756890276,1945450.0966999722,16
-1204613.0629725,1945450.0966999722,16
-1204149.7502559726,1945450.0966999722,16
-1203686.4375394452,1945450.0966999722,16
-1203223.1248229176,1945450.0966999722,16
-1202759.81210639,1945450.0966999722,16
-1202296.4993898626,1945450.0966999722,16
-1201833.186673335,1945450.0966999722,16
-1201369.8739568077,1945450.0966999722,16
-1200906.56124028,1945450.0966999722,16
-1200443.2485237527,1945450.0966999722,16
-1199979.935807225,1945450.0966999722,16
-1199516.6230906977,1945450.0966999722,16
-1199053.31037417,1945450.0966999722,16
-1198589.9976576427,1945450.0966999722,16
-1198126.684941115,1945450.0966999722,16
-1197663.3722245875,1945450.0966999722,16
-1197200.05950806,1945450.0966999722,16
-1196736.7467915327,1945450.0966999722,16
-1196273.4340750051,1945450.0966999722,16
-1195810.1213584775,1945450.0966999722,16
-1195346.8086419501,1945450.0966999722,16
-1194883.4959254225,1945450.0966999722,16
-1194420.1832088951,1945450.0966999722,16
-1193956.8704923675,1945450.0966999722,16
-1193493.5577758402,1945450.0966999722,16
-1193030.2450593126,1945450.0966999722,16
-1192566.9323427852,1945450.0966999722,16
-1192103.6196262576,1945450.0966999722,16
-1191640.3069097302,1945450.0966999722,16
-1191176.9941932026,1945450.0966999722,16
-1190713.6814766752,1945450.0966999722,16
-1190250.3687601476,1945450.0966999722,16
-1189787.0560436202,1945450.0966999722,16
-1189323.7433270926,1945450.0966999722,16
-1188860.430610565,1945450.0966999722,16
-1188397.1178940376,1945450.0966999722,16
-1187933.80517751,1945450.0966999722,16
-1187470.4924609826,1945450.0966999722,16
-1187007.179744455,1945450.0966999722,16
-1186543.8670279277,1945450.0966999722,16
-1186080.5543114,1945450.0966999722,16
-1185617.2415948727,1945450.0966999722,16
-1185153.928878345,1945450.0966999722,16
-1184690.6161618177,1945450.0966999722,16
-1184227.30344529,1945450.0966999722,16
-1183763.9907287627,1945450.0966999722,16
-1183300.678012235,1945450.0966999722,16
-1182837.3652957077,1945450.0966999722,16
-1182374.05257918,1945450.0966999722,16
-1181910.7398626525,1945450.0966999722,16
-1181447.4271461251,1945450.0966999722,16
-1180984.1144295975,1945450.0966999722,16
-1180520.8017130701,1945450.0966999722,16
-1180057.4889965425,1945450.0966999722,16
-1179594.1762800151,1945450.0966999722,16
-1179130.8635634875,1945450.0966999722,16
-1178667.5508469602,1945450.0966999722,16
-1178204.2381304326,1945450.0966999722,16
-1177740.9254139052,1945450.0966999722,16
-1177277.6126973776,1945450.0966999722,16
-1176814.2999808502,1945450.0966999722,16
-1176350.9872643226,1945450.0966999722,16
-1175887.6745477952,1945450.0966999722,16
-1175424.3618312676,1945450.0966999722,16
-1174961.04911474,1945450.0966999722,16
-1174497.7363982126,1945450.0966999722,16
-1174034.4236816852,1945450.0966999722,16
-1173571.1109651576,1945450.0966999722,16
-1173107.79824863,1945450.0966999722,16
-1172644.4855321026,1945450.0966999722,16
-1172181.172815575,1945450.0966999722,16
-1171717.8600990477,1945450.0966999722,16
-1171254.54738252,1945450.0966999722,16
-1170791.2346659927,1945450.0966999722,16
-1220829.0080509626,1944986.7839834448,7
-1220365.6953344352,1944986.7839834448,16
-1219902.3826179076,1944986.7839834448,16
-1218049.1317517976,1944986.7839834448,10
-1217585.81903527,1944986.7839834448,10
-1217122.5063187426,1944986.7839834448,10
-1216659.193602215,1944986.7839834448,10
-1216195.8808856877,1944986.7839834448,16
-1215732.56816916,1944986.7839834448,16
-1215269.2554526327,1944986.7839834448,10
-1214805.942736105,1944986.7839834448,10
-1214342.6300195777,1944986.7839834448,10
-1213879.31730305,1944986.7839834448,10
-1213416.0045865227,1944986.7839834448,10
-1212952.691869995,1944986.7839834448,10
-1212489.3791534677,1944986.7839834448,10
-1212026.06643694,1944986.7839834448,10
-1211562.7537204125,1944986.7839834448,10
-1211099.4410038851,1944986.7839834448,10
-1210636.1282873575,1944986.7839834448,10
-1210172.8155708301,1944986.7839834448,10
-1209709.5028543025,1944986.7839834448,10
-1209246.1901377751,1944986.7839834448,10
-1208782.8774212475,1944986.7839834448,10
-1208319.5647047202,1944986.7839834448,16
-1207856.2519881926,1944986.7839834448,16
-1207392.9392716652,1944986.7839834448,16
-1206929.6265551376,1944986.7839834448,16
-1206466.3138386102,1944986.7839834448,16
-1206003.0011220826,1944986.7839834448,16
-1205539.6884055552,1944986.7839834448,16
-1205076.3756890276,1944986.7839834448,16
-1204613.0629725,1944986.7839834448,16
-1204149.7502559726,1944986.7839834448,16
-1203686.4375394452,1944986.7839834448,16
-1203223.1248229176,1944986.7839834448,16
-1202759.81210639,1944986.7839834448,16
-1202296.4993898626,1944986.7839834448,16
-1201833.186673335,1944986.7839834448,16
-1201369.8739568077,1944986.7839834448,16
-1200906.56124028,1944986.7839834448,16
-1200443.2485237527,1944986.7839834448,16
-1199979.935807225,1944986.7839834448,16
-1199516.6230906977,1944986.7839834448,16
-1199053.31037417,1944986.7839834448,16
-1198589.9976576427,1944986.7839834448,16
-1198126.684941115,1944986.7839834448,16
-1197663.3722245875,1944986.7839834448,16
-1197200.05950806,1944986.7839834448,16
-1196736.7467915327,1944986.7839834448,16
-1196273.4340750051,1944986.7839834448,16
-1195810.1213584775,1944986.7839834448,16
-1195346.8086419501,1944986.7839834448,16
-1194883.4959254225,1944986.7839834448,16
-1194420.1832088951,1944986.7839834448,16
-1193956.8704923675,1944986.7839834448,16
-1193493.5577758402,1944986.7839834448,16
-1193030.2450593126,1944986.7839834448,16
-1192566.9323427852,1944986.7839834448,16
-1192103.6196262576,1944986.7839834448,16
-1191640.3069097302,1944986.7839834448,16
-1191176.9941932026,1944986.7839834448,16
-1190713.6814766752,1944986.7839834448,16
-1190250.3687601476,1944986.7839834448,16
-1189787.0560436202,1944986.7839834448,16
-1189323.7433270926,1944986.7839834448,16
-1188860.430610565,1944986.7839834448,16
-1188397.1178940376,1944986.7839834448,16
-1187933.80517751,1944986.7839834448,16
-1187470.4924609826,1944986.7839834448,16
-1187007.179744455,1944986.7839834448,16
-1186543.8670279277,1944986.7839834448,16
-1186080.5543114,1944986.7839834448,16
-1185617.2415948727,1944986.7839834448,16
-1185153.928878345,1944986.7839834448,16
-1184690.6161618177,1944986.7839834448,16
-1184227.30344529,1944986.7839834448,16
-1183763.9907287627,1944986.7839834448,16
-1183300.678012235,1944986.7839834448,16
-1182837.3652957077,1944986.7839834448,16
-1182374.05257918,1944986.7839834448,16
-1181910.7398626525,1944986.7839834448,16
-1181447.4271461251,1944986.7839834448,16
-1180984.1144295975,1944986.7839834448,16
-1180520.8017130701,1944986.7839834448,16
-1180057.4889965425,1944986.7839834448,16
-1179594.1762800151,1944986.7839834448,16
-1179130.8635634875,1944986.7839834448,16
-1178667.5508469602,1944986.7839834448,16
-1178204.2381304326,1944986.7839834448,16
-1177740.9254139052,1944986.7839834448,16
-1177277.6126973776,1944986.7839834448,16
-1176814.2999808502,1944986.7839834448,16
-1176350.9872643226,1944986.7839834448,16
-1175887.6745477952,1944986.7839834448,16
-1175424.3618312676,1944986.7839834448,16
-1174961.04911474,1944986.7839834448,16
-1174497.7363982126,1944986.7839834448,16
-1174034.4236816852,1944986.7839834448,16
-1173571.1109651576,1944986.7839834448,16
-1173107.79824863,1944986.7839834448,16
-1172644.4855321026,1944986.7839834448,16
-1172181.172815575,1944986.7839834448,16
-1171717.8600990477,1944986.7839834448,16
-1171254.54738252,1944986.7839834448,16
-1170791.2346659927,1944986.7839834448,16
-1170327.921949465,1944986.7839834448,16
-1220829.0080509626,1944523.4712669172,7
-1220365.6953344352,1944523.4712669172,7
-1219902.3826179076,1944523.4712669172,16
-1219439.0699013802,1944523.4712669172,16
-1218975.7571848526,1944523.4712669172,16
-1218512.444468325,1944523.4712669172,16
-1218049.1317517976,1944523.4712669172,10
-1217585.81903527,1944523.4712669172,10
-1217122.5063187426,1944523.4712669172,10
-1216659.193602215,1944523.4712669172,10
-1216195.8808856877,1944523.4712669172,16
-1215732.56816916,1944523.4712669172,16
-1215269.2554526327,1944523.4712669172,16
-1214805.942736105,1944523.4712669172,16
-1214342.6300195777,1944523.4712669172,16
-1213879.31730305,1944523.4712669172,10
-1213416.0045865227,1944523.4712669172,10
-1212952.691869995,1944523.4712669172,10
-1212489.3791534677,1944523.4712669172,10
-1212026.06643694,1944523.4712669172,10
-1211562.7537204125,1944523.4712669172,10
-1211099.4410038851,1944523.4712669172,10
-1210636.1282873575,1944523.4712669172,10
-1210172.8155708301,1944523.4712669172,10
-1209709.5028543025,1944523.4712669172,10
-1209246.1901377751,1944523.4712669172,10
-1208782.8774212475,1944523.4712669172,10
-1208319.5647047202,1944523.4712669172,16
-1207856.2519881926,1944523.4712669172,16
-1207392.9392716652,1944523.4712669172,16
-1206929.6265551376,1944523.4712669172,16
-1206466.3138386102,1944523.4712669172,16
-1206003.0011220826,1944523.4712669172,16
-1205539.6884055552,1944523.4712669172,16
-1205076.3756890276,1944523.4712669172,16
-1204613.0629725,1944523.4712669172,16
-1204149.7502559726,1944523.4712669172,16
-1203686.4375394452,1944523.4712669172,16
-1203223.1248229176,1944523.4712669172,16
-1202759.81210639,1944523.4712669172,16
-1202296.4993898626,1944523.4712669172,16
-1201833.186673335,1944523.4712669172,16
-1201369.8739568077,1944523.4712669172,16
-1200906.56124028,1944523.4712669172,16
-1200443.2485237527,1944523.4712669172,16
-1199979.935807225,1944523.4712669172,16
-1199516.6230906977,1944523.4712669172,16
-1199053.31037417,1944523.4712669172,16
-1198589.9976576427,1944523.4712669172,16
-1198126.684941115,1944523.4712669172,16
-1197663.3722245875,1944523.4712669172,16
-1197200.05950806,1944523.4712669172,16
-1196736.7467915327,1944523.4712669172,16
-1196273.4340750051,1944523.4712669172,16
-1195810.1213584775,1944523.4712669172,16
-1195346.8086419501,1944523.4712669172,16
-1194883.4959254225,1944523.4712669172,16
-1194420.1832088951,1944523.4712669172,16
-1193956.8704923675,1944523.4712669172,16
-1193493.5577758402,1944523.4712669172,16
-1193030.2450593126,1944523.4712669172,16
-1192566.9323427852,1944523.4712669172,16
-1192103.6196262576,1944523.4712669172,16
-1191640.3069097302,1944523.4712669172,16
-1191176.9941932026,1944523.4712669172,16
-1190713.6814766752,1944523.4712669172,16
-1190250.3687601476,1944523.4712669172,16
-1189787.0560436202,1944523.4712669172,16
-1189323.7433270926,1944523.4712669172,16
-1188860.430610565,1944523.4712669172,16
-1188397.1178940376,1944523.4712669172,16
-1187933.80517751,1944523.4712669172,16
-1187470.4924609826,1944523.4712669172,16
-1187007.179744455,1944523.4712669172,16
-1186543.8670279277,1944523.4712669172,16
-1186080.5543114,1944523.4712669172,16
-1185617.2415948727,1944523.4712669172,16
-1185153.928878345,1944523.4712669172,16
-1184690.6161618177,1944523.4712669172,16
-1184227.30344529,1944523.4712669172,16
-1183763.9907287627,1944523.4712669172,16
-1183300.678012235,1944523.4712669172,16
-1182837.3652957077,1944523.4712669172,16
-1182374.05257918,1944523.4712669172,16
-1181910.7398626525,1944523.4712669172,16
-1181447.4271461251,1944523.4712669172,16
-1180984.1144295975,1944523.4712669172,16
-1180520.8017130701,1944523.4712669172,16
-1180057.4889965425,1944523.4712669172,16
-1179594.1762800151,1944523.4712669172,16
-1179130.8635634875,1944523.4712669172,16
-1178667.5508469602,1944523.4712669172,16
-1178204.2381304326,1944523.4712669172,16
-1177740.9254139052,1944523.4712669172,16
-1177277.6126973776,1944523.4712669172,16
-1176814.2999808502,1944523.4712669172,16
-1176350.9872643226,1944523.4712669172,16
-1175887.6745477952,1944523.4712669172,16
-1175424.3618312676,1944523.4712669172,16
-1174961.04911474,1944523.4712669172,16
-1174497.7363982126,1944523.4712669172,16
-1174034.4236816852,1944523.4712669172,16
-1173571.1109651576,1944523.4712669172,16
-1173107.79824863,1944523.4712669172,16
-1172644.4855321026,1944523.4712669172,16
-1172181.172815575,1944523.4712669172,16
-1171717.8600990477,1944523.4712669172,16
-1171254.54738252,1944523.4712669172,16
-1170791.2346659927,1944523.4712669172,16
-1170327.921949465,1944523.4712669172,16
-1220365.6953344352,1944060.1585503898,7
-1219902.3826179076,1944060.1585503898,10
-1219439.0699013802,1944060.1585503898,10
-1218975.7571848526,1944060.1585503898,10
-1218512.444468325,1944060.1585503898,10
-1218049.1317517976,1944060.1585503898,10
-1217585.81903527,1944060.1585503898,10
-1217122.5063187426,1944060.1585503898,10
-1216659.193602215,1944060.1585503898,16
-1216195.8808856877,1944060.1585503898,16
-1215732.56816916,1944060.1585503898,16
-1215269.2554526327,1944060.1585503898,16
-1214805.942736105,1944060.1585503898,16
-1214342.6300195777,1944060.1585503898,16
-1213879.31730305,1944060.1585503898,10
-1213416.0045865227,1944060.1585503898,10
-1212952.691869995,1944060.1585503898,10
-1212489.3791534677,1944060.1585503898,10
-1212026.06643694,1944060.1585503898,10
-1211562.7537204125,1944060.1585503898,10
-1211099.4410038851,1944060.1585503898,10
-1210636.1282873575,1944060.1585503898,10
-1210172.8155708301,1944060.1585503898,10
-1209709.5028543025,1944060.1585503898,10
-1209246.1901377751,1944060.1585503898,10
-1208782.8774212475,1944060.1585503898,10
-1208319.5647047202,1944060.1585503898,16
-1207856.2519881926,1944060.1585503898,16
-1207392.9392716652,1944060.1585503898,16
-1206929.6265551376,1944060.1585503898,16
-1206466.3138386102,1944060.1585503898,16
-1206003.0011220826,1944060.1585503898,16
-1205539.6884055552,1944060.1585503898,16
-1205076.3756890276,1944060.1585503898,16
-1204613.0629725,1944060.1585503898,16
-1204149.7502559726,1944060.1585503898,16
-1203686.4375394452,1944060.1585503898,16
-1203223.1248229176,1944060.1585503898,16
-1202759.81210639,1944060.1585503898,16
-1202296.4993898626,1944060.1585503898,16
-1201833.186673335,1944060.1585503898,16
-1201369.8739568077,1944060.1585503898,16
-1200906.56124028,1944060.1585503898,16
-1200443.2485237527,1944060.1585503898,16
-1199979.935807225,1944060.1585503898,16
-1199516.6230906977,1944060.1585503898,16
-1199053.31037417,1944060.1585503898,16
-1198589.9976576427,1944060.1585503898,16
-1198126.684941115,1944060.1585503898,16
-1197663.3722245875,1944060.1585503898,16
-1197200.05950806,1944060.1585503898,16
-1196736.7467915327,1944060.1585503898,16
-1196273.4340750051,1944060.1585503898,16
-1195810.1213584775,1944060.1585503898,16
-1195346.8086419501,1944060.1585503898,16
-1194883.4959254225,1944060.1585503898,16
-1194420.1832088951,1944060.1585503898,16
-1193956.8704923675,1944060.1585503898,16
-1193493.5577758402,1944060.1585503898,16
-1193030.2450593126,1944060.1585503898,16
-1192566.9323427852,1944060.1585503898,16
-1192103.6196262576,1944060.1585503898,16
-1191640.3069097302,1944060.1585503898,16
-1191176.9941932026,1944060.1585503898,16
-1190713.6814766752,1944060.1585503898,16
-1190250.3687601476,1944060.1585503898,16
-1189787.0560436202,1944060.1585503898,16
-1189323.7433270926,1944060.1585503898,16
-1188860.430610565,1944060.1585503898,16
-1188397.1178940376,1944060.1585503898,16
-1187933.80517751,1944060.1585503898,16
-1187470.4924609826,1944060.1585503898,16
-1187007.179744455,1944060.1585503898,16
-1186543.8670279277,1944060.1585503898,16
-1186080.5543114,1944060.1585503898,16
-1185617.2415948727,1944060.1585503898,16
-1185153.928878345,1944060.1585503898,16
-1184690.6161618177,1944060.1585503898,16
-1184227.30344529,1944060.1585503898,16
-1183763.9907287627,1944060.1585503898,16
-1183300.678012235,1944060.1585503898,16
-1182837.3652957077,1944060.1585503898,16
-1182374.05257918,1944060.1585503898,16
-1181910.7398626525,1944060.1585503898,16
-1181447.4271461251,1944060.1585503898,16
-1180984.1144295975,1944060.1585503898,16
-1180520.8017130701,1944060.1585503898,16
-1180057.4889965425,1944060.1585503898,16
-1179594.1762800151,1944060.1585503898,16
-1179130.8635634875,1944060.1585503898,16
-1178667.5508469602,1944060.1585503898,16
-1178204.2381304326,1944060.1585503898,16
-1177740.9254139052,1944060.1585503898,16
-1177277.6126973776,1944060.1585503898,16
-1176814.2999808502,1944060.1585503898,16
-1176350.9872643226,1944060.1585503898,16
-1175887.6745477952,1944060.1585503898,16
-1175424.3618312676,1944060.1585503898,16
-1174961.04911474,1944060.1585503898,16
-1174497.7363982126,1944060.1585503898,16
-1174034.4236816852,1944060.1585503898,16
-1173571.1109651576,1944060.1585503898,16
-1173107.79824863,1944060.1585503898,16
-1172644.4855321026,1944060.1585503898,16
-1172181.172815575,1944060.1585503898,16
-1171717.8600990477,1944060.1585503898,16
-1171254.54738252,1944060.1585503898,16
-1170791.2346659927,1944060.1585503898,16
-1170327.921949465,1944060.1585503898,16
-1220365.6953344352,1943596.8458338622,7
-1219902.3826179076,1943596.8458338622,7
-1219439.0699013802,1943596.8458338622,10
-1218975.7571848526,1943596.8458338622,10
-1218512.444468325,1943596.8458338622,10
-1218049.1317517976,1943596.8458338622,10
-1217585.81903527,1943596.8458338622,16
-1217122.5063187426,1943596.8458338622,16
-1216659.193602215,1943596.8458338622,16
-1216195.8808856877,1943596.8458338622,16
-1215732.56816916,1943596.8458338622,16
-1215269.2554526327,1943596.8458338622,16
-1214805.942736105,1943596.8458338622,16
-1214342.6300195777,1943596.8458338622,16
-1213879.31730305,1943596.8458338622,10
-1213416.0045865227,1943596.8458338622,10
-1212952.691869995,1943596.8458338622,10
-1212489.3791534677,1943596.8458338622,10
-1212026.06643694,1943596.8458338622,10
-1211562.7537204125,1943596.8458338622,10
-1211099.4410038851,1943596.8458338622,10
-1210636.1282873575,1943596.8458338622,10
-1210172.8155708301,1943596.8458338622,10
-1209709.5028543025,1943596.8458338622,10
-1209246.1901377751,1943596.8458338622,10
-1208782.8774212475,1943596.8458338622,10
-1208319.5647047202,1943596.8458338622,10
-1207856.2519881926,1943596.8458338622,16
-1207392.9392716652,1943596.8458338622,16
-1206929.6265551376,1943596.8458338622,16
-1206466.3138386102,1943596.8458338622,16
-1206003.0011220826,1943596.8458338622,16
-1205539.6884055552,1943596.8458338622,16
-1205076.3756890276,1943596.8458338622,16
-1204613.0629725,1943596.8458338622,16
-1204149.7502559726,1943596.8458338622,16
-1203686.4375394452,1943596.8458338622,16
-1203223.1248229176,1943596.8458338622,16
-1202759.81210639,1943596.8458338622,16
-1202296.4993898626,1943596.8458338622,16
-1201833.186673335,1943596.8458338622,16
-1201369.8739568077,1943596.8458338622,16
-1200906.56124028,1943596.8458338622,16
-1200443.2485237527,1943596.8458338622,16
-1199979.935807225,1943596.8458338622,16
-1199516.6230906977,1943596.8458338622,16
-1199053.31037417,1943596.8458338622,16
-1198589.9976576427,1943596.8458338622,16
-1198126.684941115,1943596.8458338622,16
-1197663.3722245875,1943596.8458338622,16
-1197200.05950806,1943596.8458338622,16
-1196736.7467915327,1943596.8458338622,16
-1196273.4340750051,1943596.8458338622,16
-1195810.1213584775,1943596.8458338622,16
-1195346.8086419501,1943596.8458338622,16
-1194883.4959254225,1943596.8458338622,16
-1194420.1832088951,1943596.8458338622,16
-1193956.8704923675,1943596.8458338622,16
-1193493.5577758402,1943596.8458338622,16
-1193030.2450593126,1943596.8458338622,16
-1192566.9323427852,1943596.8458338622,16
-1192103.6196262576,1943596.8458338622,16
-1191640.3069097302,1943596.8458338622,16
-1191176.9941932026,1943596.8458338622,16
-1190713.6814766752,1943596.8458338622,16
-1190250.3687601476,1943596.8458338622,16
-1189787.0560436202,1943596.8458338622,16
-1189323.7433270926,1943596.8458338622,16
-1188860.430610565,1943596.8458338622,16
-1188397.1178940376,1943596.8458338622,16
-1187933.80517751,1943596.8458338622,16
-1187470.4924609826,1943596.8458338622,16
-1187007.179744455,1943596.8458338622,16
-1186543.8670279277,1943596.8458338622,16
-1186080.5543114,1943596.8458338622,16
-1185617.2415948727,1943596.8458338622,16
-1185153.928878345,1943596.8458338622,16
-1184690.6161618177,1943596.8458338622,16
-1184227.30344529,1943596.8458338622,16
-1183763.9907287627,1943596.8458338622,16
-1183300.678012235,1943596.8458338622,16
-1182837.3652957077,1943596.8458338622,16
-1182374.05257918,1943596.8458338622,16
-1181910.7398626525,1943596.8458338622,16
-1181447.4271461251,1943596.8458338622,16
-1180984.1144295975,1943596.8458338622,16
-1180520.8017130701,1943596.8458338622,16
-1180057.4889965425,1943596.8458338622,16
-1179594.1762800151,1943596.8458338622,16
-1179130.8635634875,1943596.8458338622,16
-1178667.5508469602,1943596.8458338622,16
-1178204.2381304326,1943596.8458338622,16
-1177740.9254139052,1943596.8458338622,16
-1177277.6126973776,1943596.8458338622,16
-1176814.2999808502,1943596.8458338622,16
-1176350.9872643226,1943596.8458338622,16
-1175887.6745477952,1943596.8458338622,16
-1175424.3618312676,1943596.8458338622,16
-1174961.04911474,1943596.8458338622,16
-1174497.7363982126,1943596.8458338622,16
-1174034.4236816852,1943596.8458338622,16
-1173571.1109651576,1943596.8458338622,16
-1173107.79824863,1943596.8458338622,16
-1172644.4855321026,1943596.8458338622,16
-1172181.172815575,1943596.8458338622,16
-1171717.8600990477,1943596.8458338622,16
-1171254.54738252,1943596.8458338622,16
-1170791.2346659927,1943596.8458338622,16
-1170327.921949465,1943596.8458338622,16
-1219902.3826179076,1943133.5331173348,7
-1219439.0699013802,1943133.5331173348,7
-1218975.7571848526,1943133.5331173348,10
-1218512.444468325,1943133.5331173348,10
-1218049.1317517976,1943133.5331173348,16
-1217585.81903527,1943133.5331173348,16
-1217122.5063187426,1943133.5331173348,16
-1216659.193602215,1943133.5331173348,16
-1216195.8808856877,1943133.5331173348,16
-1215732.56816916,1943133.5331173348,16
-1215269.2554526327,1943133.5331173348,16
-1214805.942736105,1943133.5331173348,16
-1214342.6300195777,1943133.5331173348,16
-1213879.31730305,1943133.5331173348,16
-1213416.0045865227,1943133.5331173348,10
-1212952.691869995,1943133.5331173348,10
-1212489.3791534677,1943133.5331173348,10
-1212026.06643694,1943133.5331173348,10
-1211562.7537204125,1943133.5331173348,10
-1211099.4410038851,1943133.5331173348,10
-1210636.1282873575,1943133.5331173348,10
-1210172.8155708301,1943133.5331173348,10
-1209709.5028543025,1943133.5331173348,10
-1209246.1901377751,1943133.5331173348,10
-1208782.8774212475,1943133.5331173348,10
-1208319.5647047202,1943133.5331173348,10
-1207856.2519881926,1943133.5331173348,10
-1207392.9392716652,1943133.5331173348,10
-1206929.6265551376,1943133.5331173348,16
-1206466.3138386102,1943133.5331173348,16
-1206003.0011220826,1943133.5331173348,16
-1205539.6884055552,1943133.5331173348,16
-1205076.3756890276,1943133.5331173348,16
-1204613.0629725,1943133.5331173348,16
-1204149.7502559726,1943133.5331173348,16
-1203686.4375394452,1943133.5331173348,16
-1203223.1248229176,1943133.5331173348,16
-1202759.81210639,1943133.5331173348,16
-1202296.4993898626,1943133.5331173348,16
-1201833.186673335,1943133.5331173348,16
-1201369.8739568077,1943133.5331173348,16
-1200906.56124028,1943133.5331173348,16
-1200443.2485237527,1943133.5331173348,16
-1199979.935807225,1943133.5331173348,16
-1199516.6230906977,1943133.5331173348,16
-1199053.31037417,1943133.5331173348,16
-1198589.9976576427,1943133.5331173348,16
-1198126.684941115,1943133.5331173348,7
-1197663.3722245875,1943133.5331173348,7
-1197200.05950806,1943133.5331173348,7
-1196736.7467915327,1943133.5331173348,16
-1196273.4340750051,1943133.5331173348,16
-1195810.1213584775,1943133.5331173348,16
-1195346.8086419501,1943133.5331173348,16
-1194883.4959254225,1943133.5331173348,16
-1194420.1832088951,1943133.5331173348,16
-1193956.8704923675,1943133.5331173348,16
-1193493.5577758402,1943133.5331173348,16
-1193030.2450593126,1943133.5331173348,16
-1192566.9323427852,1943133.5331173348,16
-1192103.6196262576,1943133.5331173348,16
-1191640.3069097302,1943133.5331173348,16
-1191176.9941932026,1943133.5331173348,16
-1190713.6814766752,1943133.5331173348,16
-1190250.3687601476,1943133.5331173348,16
-1189787.0560436202,1943133.5331173348,16
-1189323.7433270926,1943133.5331173348,16
-1188860.430610565,1943133.5331173348,16
-1188397.1178940376,1943133.5331173348,16
-1187933.80517751,1943133.5331173348,16
-1187470.4924609826,1943133.5331173348,16
-1187007.179744455,1943133.5331173348,16
-1186543.8670279277,1943133.5331173348,16
-1186080.5543114,1943133.5331173348,16
-1185617.2415948727,1943133.5331173348,16
-1185153.928878345,1943133.5331173348,16
-1184690.6161618177,1943133.5331173348,16
-1184227.30344529,1943133.5331173348,16
-1183763.9907287627,1943133.5331173348,16
-1183300.678012235,1943133.5331173348,16
-1182837.3652957077,1943133.5331173348,16
-1182374.05257918,1943133.5331173348,16
-1181910.7398626525,1943133.5331173348,16
-1181447.4271461251,1943133.5331173348,16
-1180984.1144295975,1943133.5331173348,16
-1180520.8017130701,1943133.5331173348,16
-1180057.4889965425,1943133.5331173348,16
-1179594.1762800151,1943133.5331173348,16
-1179130.8635634875,1943133.5331173348,16
-1178667.5508469602,1943133.5331173348,16
-1178204.2381304326,1943133.5331173348,16
-1177740.9254139052,1943133.5331173348,16
-1177277.6126973776,1943133.5331173348,16
-1176814.2999808502,1943133.5331173348,16
-1176350.9872643226,1943133.5331173348,16
-1175887.6745477952,1943133.5331173348,16
-1175424.3618312676,1943133.5331173348,16
-1174961.04911474,1943133.5331173348,16
-1174497.7363982126,1943133.5331173348,16
-1174034.4236816852,1943133.5331173348,16
-1173571.1109651576,1943133.5331173348,16
-1173107.79824863,1943133.5331173348,16
-1172644.4855321026,1943133.5331173348,16
-1172181.172815575,1943133.5331173348,16
-1171717.8600990477,1943133.5331173348,16
-1171254.54738252,1943133.5331173348,16
-1170791.2346659927,1943133.5331173348,16
-1170327.921949465,1943133.5331173348,16
-1219902.3826179076,1942670.2204008072,7
-1219439.0699013802,1942670.2204008072,7
-1218975.7571848526,1942670.2204008072,10
-1218512.444468325,1942670.2204008072,16
-1218049.1317517976,1942670.2204008072,16
-1217585.81903527,1942670.2204008072,16
-1217122.5063187426,1942670.2204008072,16
-1216659.193602215,1942670.2204008072,16
-1216195.8808856877,1942670.2204008072,16
-1215732.56816916,1942670.2204008072,16
-1215269.2554526327,1942670.2204008072,16
-1214805.942736105,1942670.2204008072,16
-1214342.6300195777,1942670.2204008072,16
-1213879.31730305,1942670.2204008072,16
-1213416.0045865227,1942670.2204008072,16
-1212952.691869995,1942670.2204008072,10
-1212489.3791534677,1942670.2204008072,10
-1212026.06643694,1942670.2204008072,10
-1211562.7537204125,1942670.2204008072,10
-1211099.4410038851,1942670.2204008072,10
-1210636.1282873575,1942670.2204008072,10
-1210172.8155708301,1942670.2204008072,10
-1209709.5028543025,1942670.2204008072,10
-1209246.1901377751,1942670.2204008072,10
-1208782.8774212475,1942670.2204008072,10
-1208319.5647047202,1942670.2204008072,10
-1207856.2519881926,1942670.2204008072,10
-1207392.9392716652,1942670.2204008072,10
-1206929.6265551376,1942670.2204008072,10
-1206466.3138386102,1942670.2204008072,10
-1206003.0011220826,1942670.2204008072,10
-1205539.6884055552,1942670.2204008072,10
-1205076.3756890276,1942670.2204008072,10
-1204613.0629725,1942670.2204008072,16
-1204149.7502559726,1942670.2204008072,16
-1203686.4375394452,1942670.2204008072,16
-1203223.1248229176,1942670.2204008072,16
-1202759.81210639,1942670.2204008072,16
-1202296.4993898626,1942670.2204008072,16
-1201833.186673335,1942670.2204008072,16
-1201369.8739568077,1942670.2204008072,16
-1200906.56124028,1942670.2204008072,16
-1200443.2485237527,1942670.2204008072,16
-1199979.935807225,1942670.2204008072,16
-1199516.6230906977,1942670.2204008072,16
-1199053.31037417,1942670.2204008072,16
-1198589.9976576427,1942670.2204008072,7
-1198126.684941115,1942670.2204008072,10
-1197663.3722245875,1942670.2204008072,7
-1197200.05950806,1942670.2204008072,7
-1196736.7467915327,1942670.2204008072,16
-1196273.4340750051,1942670.2204008072,16
-1195810.1213584775,1942670.2204008072,16
-1195346.8086419501,1942670.2204008072,16
-1194883.4959254225,1942670.2204008072,16
-1194420.1832088951,1942670.2204008072,16
-1193956.8704923675,1942670.2204008072,16
-1193493.5577758402,1942670.2204008072,16
-1193030.2450593126,1942670.2204008072,16
-1192566.9323427852,1942670.2204008072,16
-1192103.6196262576,1942670.2204008072,16
-1191640.3069097302,1942670.2204008072,16
-1191176.9941932026,1942670.2204008072,16
-1190713.6814766752,1942670.2204008072,16
-1190250.3687601476,1942670.2204008072,16
-1189787.0560436202,1942670.2204008072,16
-1189323.7433270926,1942670.2204008072,16
-1188860.430610565,1942670.2204008072,16
-1188397.1178940376,1942670.2204008072,16
-1187933.80517751,1942670.2204008072,16
-1187470.4924609826,1942670.2204008072,16
-1187007.179744455,1942670.2204008072,16
-1186543.8670279277,1942670.2204008072,16
-1186080.5543114,1942670.2204008072,16
-1185617.2415948727,1942670.2204008072,16
-1185153.928878345,1942670.2204008072,16
-1184690.6161618177,1942670.2204008072,16
-1184227.30344529,1942670.2204008072,16
-1183763.9907287627,1942670.2204008072,16
-1183300.678012235,1942670.2204008072,16
-1182837.3652957077,1942670.2204008072,16
-1182374.05257918,1942670.2204008072,16
-1181910.7398626525,1942670.2204008072,16
-1181447.4271461251,1942670.2204008072,16
-1180984.1144295975,1942670.2204008072,16
-1180520.8017130701,1942670.2204008072,16
-1180057.4889965425,1942670.2204008072,16
-1179594.1762800151,1942670.2204008072,16
-1179130.8635634875,1942670.2204008072,16
-1178667.5508469602,1942670.2204008072,16
-1178204.2381304326,1942670.2204008072,16
-1177740.9254139052,1942670.2204008072,16
-1177277.6126973776,1942670.2204008072,16
-1176814.2999808502,1942670.2204008072,16
-1176350.9872643226,1942670.2204008072,16
-1175887.6745477952,1942670.2204008072,16
-1175424.3618312676,1942670.2204008072,16
-1174961.04911474,1942670.2204008072,16
-1174497.7363982126,1942670.2204008072,16
-1174034.4236816852,1942670.2204008072,16
-1173571.1109651576,1942670.2204008072,16
-1173107.79824863,1942670.2204008072,16
-1172644.4855321026,1942670.2204008072,16
-1172181.172815575,1942670.2204008072,16
-1171717.8600990477,1942670.2204008072,16
-1171254.54738252,1942670.2204008072,16
-1170791.2346659927,1942670.2204008072,16
-1170327.921949465,1942670.2204008072,16
-1169864.6092329377,1942670.2204008072,16
-1219439.0699013802,1942206.9076842796,16
-1218975.7571848526,1942206.9076842796,10
-1218512.444468325,1942206.9076842796,16
-1218049.1317517976,1942206.9076842796,16
-1217585.81903527,1942206.9076842796,16
-1217122.5063187426,1942206.9076842796,16
-1216659.193602215,1942206.9076842796,16
-1216195.8808856877,1942206.9076842796,16
-1215732.56816916,1942206.9076842796,16
-1215269.2554526327,1942206.9076842796,16
-1214805.942736105,1942206.9076842796,16
-1214342.6300195777,1942206.9076842796,16
-1213879.31730305,1942206.9076842796,16
-1213416.0045865227,1942206.9076842796,16
-1212952.691869995,1942206.9076842796,16
-1212489.3791534677,1942206.9076842796,16
-1212026.06643694,1942206.9076842796,16
-1211562.7537204125,1942206.9076842796,16
-1211099.4410038851,1942206.9076842796,16
-1210636.1282873575,1942206.9076842796,16
-1210172.8155708301,1942206.9076842796,16
-1209709.5028543025,1942206.9076842796,16
-1209246.1901377751,1942206.9076842796,16
-1208782.8774212475,1942206.9076842796,16
-1208319.5647047202,1942206.9076842796,16
-1207856.2519881926,1942206.9076842796,10
-1207392.9392716652,1942206.9076842796,10
-1206929.6265551376,1942206.9076842796,10
-1206466.3138386102,1942206.9076842796,10
-1206003.0011220826,1942206.9076842796,10
-1205539.6884055552,1942206.9076842796,10
-1205076.3756890276,1942206.9076842796,10
-1204613.0629725,1942206.9076842796,10
-1204149.7502559726,1942206.9076842796,10
-1203686.4375394452,1942206.9076842796,16
-1203223.1248229176,1942206.9076842796,16
-1202759.81210639,1942206.9076842796,16
-1202296.4993898626,1942206.9076842796,16
-1201833.186673335,1942206.9076842796,16
-1201369.8739568077,1942206.9076842796,16
-1200906.56124028,1942206.9076842796,16
-1200443.2485237527,1942206.9076842796,16
-1199979.935807225,1942206.9076842796,16
-1199516.6230906977,1942206.9076842796,16
-1199053.31037417,1942206.9076842796,16
-1198589.9976576427,1942206.9076842796,7
-1198126.684941115,1942206.9076842796,10
-1197663.3722245875,1942206.9076842796,10
-1197200.05950806,1942206.9076842796,10
-1196736.7467915327,1942206.9076842796,16
-1196273.4340750051,1942206.9076842796,16
-1195810.1213584775,1942206.9076842796,16
-1195346.8086419501,1942206.9076842796,16
-1194883.4959254225,1942206.9076842796,16
-1194420.1832088951,1942206.9076842796,16
-1193956.8704923675,1942206.9076842796,16
-1193493.5577758402,1942206.9076842796,16
-1193030.2450593126,1942206.9076842796,16
-1192566.9323427852,1942206.9076842796,16
-1192103.6196262576,1942206.9076842796,16
-1191640.3069097302,1942206.9076842796,16
-1191176.9941932026,1942206.9076842796,16
-1190713.6814766752,1942206.9076842796,16
-1190250.3687601476,1942206.9076842796,16
-1189787.0560436202,1942206.9076842796,16
-1189323.7433270926,1942206.9076842796,16
-1188860.430610565,1942206.9076842796,16
-1188397.1178940376,1942206.9076842796,16
-1187933.80517751,1942206.9076842796,16
-1187470.4924609826,1942206.9076842796,16
-1187007.179744455,1942206.9076842796,16
-1186543.8670279277,1942206.9076842796,16
-1186080.5543114,1942206.9076842796,16
-1185617.2415948727,1942206.9076842796,16
-1185153.928878345,1942206.9076842796,16
-1184690.6161618177,1942206.9076842796,16
-1184227.30344529,1942206.9076842796,16
-1183763.9907287627,1942206.9076842796,16
-1183300.678012235,1942206.9076842796,16
-1182837.3652957077,1942206.9076842796,16
-1182374.05257918,1942206.9076842796,16
-1181910.7398626525,1942206.9076842796,16
-1181447.4271461251,1942206.9076842796,16
-1180984.1144295975,1942206.9076842796,16
-1180520.8017130701,1942206.9076842796,16
-1180057.4889965425,1942206.9076842796,16
-1179594.1762800151,1942206.9076842796,16
-1179130.8635634875,1942206.9076842796,16
-1178667.5508469602,1942206.9076842796,16
-1178204.2381304326,1942206.9076842796,16
-1177740.9254139052,1942206.9076842796,16
-1177277.6126973776,1942206.9076842796,16
-1176814.2999808502,1942206.9076842796,16
-1176350.9872643226,1942206.9076842796,16
-1175887.6745477952,1942206.9076842796,16
-1175424.3618312676,1942206.9076842796,16
-1174961.04911474,1942206.9076842796,16
-1174497.7363982126,1942206.9076842796,16
-1174034.4236816852,1942206.9076842796,16
-1173571.1109651576,1942206.9076842796,16
-1173107.79824863,1942206.9076842796,16
-1172644.4855321026,1942206.9076842796,16
-1172181.172815575,1942206.9076842796,16
-1171717.8600990477,1942206.9076842796,16
-1171254.54738252,1942206.9076842796,16
-1170791.2346659927,1942206.9076842796,16
-1170327.921949465,1942206.9076842796,16
-1169864.6092329377,1942206.9076842796,16
-1219902.3826179076,1941743.5949677522,16
-1219439.0699013802,1941743.5949677522,16
-1218975.7571848526,1941743.5949677522,10
-1218512.444468325,1941743.5949677522,16
-1218049.1317517976,1941743.5949677522,16
-1217585.81903527,1941743.5949677522,16
-1217122.5063187426,1941743.5949677522,16
-1216659.193602215,1941743.5949677522,16
-1216195.8808856877,1941743.5949677522,16
-1215732.56816916,1941743.5949677522,16
-1215269.2554526327,1941743.5949677522,16
-1214805.942736105,1941743.5949677522,16
-1214342.6300195777,1941743.5949677522,16
-1213879.31730305,1941743.5949677522,16
-1213416.0045865227,1941743.5949677522,16
-1212952.691869995,1941743.5949677522,16
-1212489.3791534677,1941743.5949677522,16
-1212026.06643694,1941743.5949677522,16
-1211562.7537204125,1941743.5949677522,16
-1211099.4410038851,1941743.5949677522,16
-1210636.1282873575,1941743.5949677522,16
-1210172.8155708301,1941743.5949677522,16
-1209709.5028543025,1941743.5949677522,16
-1209246.1901377751,1941743.5949677522,16
-1208782.8774212475,1941743.5949677522,16
-1208319.5647047202,1941743.5949677522,16
-1207856.2519881926,1941743.5949677522,10
-1207392.9392716652,1941743.5949677522,10
-1206929.6265551376,1941743.5949677522,10
-1206466.3138386102,1941743.5949677522,10
-1206003.0011220826,1941743.5949677522,10
-1205539.6884055552,1941743.5949677522,10
-1205076.3756890276,1941743.5949677522,10
-1204613.0629725,1941743.5949677522,10
-1204149.7502559726,1941743.5949677522,10
-1203686.4375394452,1941743.5949677522,10
-1203223.1248229176,1941743.5949677522,16
-1202759.81210639,1941743.5949677522,16
-1202296.4993898626,1941743.5949677522,16
-1201833.186673335,1941743.5949677522,16
-1201369.8739568077,1941743.5949677522,16
-1200906.56124028,1941743.5949677522,16
-1200443.2485237527,1941743.5949677522,16
-1199979.935807225,1941743.5949677522,16
-1199516.6230906977,1941743.5949677522,16
-1199053.31037417,1941743.5949677522,16
-1198589.9976576427,1941743.5949677522,16
-1198126.684941115,1941743.5949677522,10
-1197663.3722245875,1941743.5949677522,10
-1197200.05950806,1941743.5949677522,16
-1196736.7467915327,1941743.5949677522,16
-1196273.4340750051,1941743.5949677522,16
-1195810.1213584775,1941743.5949677522,16
-1195346.8086419501,1941743.5949677522,16
-1194883.4959254225,1941743.5949677522,16
-1194420.1832088951,1941743.5949677522,16
-1193956.8704923675,1941743.5949677522,16
-1193493.5577758402,1941743.5949677522,16
-1193030.2450593126,1941743.5949677522,16
-1192566.9323427852,1941743.5949677522,16
-1192103.6196262576,1941743.5949677522,16
-1191640.3069097302,1941743.5949677522,16
-1191176.9941932026,1941743.5949677522,16
-1190713.6814766752,1941743.5949677522,16
-1190250.3687601476,1941743.5949677522,16
-1189787.0560436202,1941743.5949677522,16
-1189323.7433270926,1941743.5949677522,16
-1188860.430610565,1941743.5949677522,16
-1188397.1178940376,1941743.5949677522,16
-1187933.80517751,1941743.5949677522,16
-1187470.4924609826,1941743.5949677522,16
-1187007.179744455,1941743.5949677522,16
-1186543.8670279277,1941743.5949677522,16
-1186080.5543114,1941743.5949677522,16
-1185617.2415948727,1941743.5949677522,16
-1185153.928878345,1941743.5949677522,16
-1184690.6161618177,1941743.5949677522,16
-1184227.30344529,1941743.5949677522,16
-1183763.9907287627,1941743.5949677522,16
-1183300.678012235,1941743.5949677522,16
-1182837.3652957077,1941743.5949677522,16
-1182374.05257918,1941743.5949677522,16
-1181910.7398626525,1941743.5949677522,16
-1181447.4271461251,1941743.5949677522,16
-1180984.1144295975,1941743.5949677522,16
-1180520.8017130701,1941743.5949677522,16
-1180057.4889965425,1941743.5949677522,16
-1179594.1762800151,1941743.5949677522,16
-1179130.8635634875,1941743.5949677522,16
-1178667.5508469602,1941743.5949677522,16
-1178204.2381304326,1941743.5949677522,16
-1177740.9254139052,1941743.5949677522,16
-1177277.6126973776,1941743.5949677522,16
-1176814.2999808502,1941743.5949677522,16
-1176350.9872643226,1941743.5949677522,16
-1175887.6745477952,1941743.5949677522,16
-1175424.3618312676,1941743.5949677522,16
-1174961.04911474,1941743.5949677522,16
-1174497.7363982126,1941743.5949677522,16
-1174034.4236816852,1941743.5949677522,16
-1173571.1109651576,1941743.5949677522,16
-1173107.79824863,1941743.5949677522,16
-1172644.4855321026,1941743.5949677522,16
-1172181.172815575,1941743.5949677522,16
-1171717.8600990477,1941743.5949677522,16
-1171254.54738252,1941743.5949677522,16
-1170791.2346659927,1941743.5949677522,16
-1170327.921949465,1941743.5949677522,16
-1169864.6092329377,1941743.5949677522,16
-1169401.29651641,1941743.5949677522,16
-1220829.0080509626,1941280.2822512246,10
-1220365.6953344352,1941280.2822512246,16
-1219902.3826179076,1941280.2822512246,16
-1219439.0699013802,1941280.2822512246,10
-1218975.7571848526,1941280.2822512246,16
-1218512.444468325,1941280.2822512246,16
-1218049.1317517976,1941280.2822512246,16
-1217585.81903527,1941280.2822512246,16
-1217122.5063187426,1941280.2822512246,16
-1216659.193602215,1941280.2822512246,16
-1216195.8808856877,1941280.2822512246,16
-1215732.56816916,1941280.2822512246,16
-1215269.2554526327,1941280.2822512246,16
-1214805.942736105,1941280.2822512246,16
-1214342.6300195777,1941280.2822512246,16
-1213879.31730305,1941280.2822512246,16
-1213416.0045865227,1941280.2822512246,16
-1212952.691869995,1941280.2822512246,16
-1212489.3791534677,1941280.2822512246,16
-1212026.06643694,1941280.2822512246,16
-1211562.7537204125,1941280.2822512246,16
-1211099.4410038851,1941280.2822512246,16
-1210636.1282873575,1941280.2822512246,16
-1210172.8155708301,1941280.2822512246,16
-1209709.5028543025,1941280.2822512246,16
-1209246.1901377751,1941280.2822512246,16
-1208782.8774212475,1941280.2822512246,16
-1208319.5647047202,1941280.2822512246,16
-1207856.2519881926,1941280.2822512246,16
-1207392.9392716652,1941280.2822512246,16
-1206929.6265551376,1941280.2822512246,16
-1206466.3138386102,1941280.2822512246,16
-1206003.0011220826,1941280.2822512246,16
-1205539.6884055552,1941280.2822512246,10
-1205076.3756890276,1941280.2822512246,10
-1204613.0629725,1941280.2822512246,10
-1204149.7502559726,1941280.2822512246,10
-1203686.4375394452,1941280.2822512246,10
-1203223.1248229176,1941280.2822512246,10
-1202759.81210639,1941280.2822512246,10
-1202296.4993898626,1941280.2822512246,16
-1201833.186673335,1941280.2822512246,16
-1201369.8739568077,1941280.2822512246,16
-1200906.56124028,1941280.2822512246,16
-1200443.2485237527,1941280.2822512246,16
-1199979.935807225,1941280.2822512246,16
-1199516.6230906977,1941280.2822512246,16
-1199053.31037417,1941280.2822512246,16
-1198589.9976576427,1941280.2822512246,16
-1198126.684941115,1941280.2822512246,16
-1197663.3722245875,1941280.2822512246,16
-1197200.05950806,1941280.2822512246,16
-1196736.7467915327,1941280.2822512246,16
-1196273.4340750051,1941280.2822512246,16
-1195810.1213584775,1941280.2822512246,16
-1195346.8086419501,1941280.2822512246,16
-1194883.4959254225,1941280.2822512246,16
-1194420.1832088951,1941280.2822512246,16
-1193956.8704923675,1941280.2822512246,16
-1193493.5577758402,1941280.2822512246,16
-1193030.2450593126,1941280.2822512246,16
-1192566.9323427852,1941280.2822512246,16
-1192103.6196262576,1941280.2822512246,16
-1191640.3069097302,1941280.2822512246,16
-1191176.9941932026,1941280.2822512246,16
-1190713.6814766752,1941280.2822512246,16
-1190250.3687601476,1941280.2822512246,16
-1189787.0560436202,1941280.2822512246,16
-1189323.7433270926,1941280.2822512246,16
-1188860.430610565,1941280.2822512246,16
-1188397.1178940376,1941280.2822512246,16
-1187933.80517751,1941280.2822512246,16
-1187470.4924609826,1941280.2822512246,16
-1187007.179744455,1941280.2822512246,16
-1186543.8670279277,1941280.2822512246,16
-1186080.5543114,1941280.2822512246,16
-1185617.2415948727,1941280.2822512246,16
-1185153.928878345,1941280.2822512246,16
-1184690.6161618177,1941280.2822512246,16
-1184227.30344529,1941280.2822512246,16
-1183763.9907287627,1941280.2822512246,16
-1183300.678012235,1941280.2822512246,16
-1182837.3652957077,1941280.2822512246,16
-1182374.05257918,1941280.2822512246,16
-1181910.7398626525,1941280.2822512246,16
-1181447.4271461251,1941280.2822512246,16
-1180984.1144295975,1941280.2822512246,16
-1180520.8017130701,1941280.2822512246,16
-1180057.4889965425,1941280.2822512246,16
-1179594.1762800151,1941280.2822512246,16
-1179130.8635634875,1941280.2822512246,16
-1178667.5508469602,1941280.2822512246,16
-1178204.2381304326,1941280.2822512246,16
-1177740.9254139052,1941280.2822512246,16
-1177277.6126973776,1941280.2822512246,16
-1176814.2999808502,1941280.2822512246,16
-1176350.9872643226,1941280.2822512246,16
-1175887.6745477952,1941280.2822512246,16
-1175424.3618312676,1941280.2822512246,16
-1174961.04911474,1941280.2822512246,16
-1174497.7363982126,1941280.2822512246,16
-1174034.4236816852,1941280.2822512246,16
-1173571.1109651576,1941280.2822512246,16
-1173107.79824863,1941280.2822512246,16
-1172644.4855321026,1941280.2822512246,16
-1172181.172815575,1941280.2822512246,16
-1171717.8600990477,1941280.2822512246,16
-1171254.54738252,1941280.2822512246,16
-1170791.2346659927,1941280.2822512246,16
-1170327.921949465,1941280.2822512246,16
-1169864.6092329377,1941280.2822512246,16
-1169401.29651641,1941280.2822512246,16
-1220365.6953344352,1940816.9695346972,7
-1219902.3826179076,1940816.9695346972,16
-1219439.0699013802,1940816.9695346972,16
-1218975.7571848526,1940816.9695346972,16
-1218512.444468325,1940816.9695346972,16
-1218049.1317517976,1940816.9695346972,16
-1217585.81903527,1940816.9695346972,16
-1217122.5063187426,1940816.9695346972,16
-1216659.193602215,1940816.9695346972,16
-1216195.8808856877,1940816.9695346972,16
-1215732.56816916,1940816.9695346972,16
-1215269.2554526327,1940816.9695346972,16
-1214805.942736105,1940816.9695346972,16
-1214342.6300195777,1940816.9695346972,16
-1213879.31730305,1940816.9695346972,16
-1213416.0045865227,1940816.9695346972,16
-1212952.691869995,1940816.9695346972,16
-1212489.3791534677,1940816.9695346972,16
-1212026.06643694,1940816.9695346972,16
-1211562.7537204125,1940816.9695346972,16
-1211099.4410038851,1940816.9695346972,16
-1210636.1282873575,1940816.9695346972,16
-1210172.8155708301,1940816.9695346972,16
-1209709.5028543025,1940816.9695346972,16
-1209246.1901377751,1940816.9695346972,16
-1208782.8774212475,1940816.9695346972,16
-1208319.5647047202,1940816.9695346972,16
-1207856.2519881926,1940816.9695346972,16
-1207392.9392716652,1940816.9695346972,16
-1206929.6265551376,1940816.9695346972,16
-1206466.3138386102,1940816.9695346972,16
-1206003.0011220826,1940816.9695346972,16
-1205539.6884055552,1940816.9695346972,16
-1205076.3756890276,1940816.9695346972,16
-1204613.0629725,1940816.9695346972,10
-1204149.7502559726,1940816.9695346972,10
-1203686.4375394452,1940816.9695346972,10
-1203223.1248229176,1940816.9695346972,16
-1202759.81210639,1940816.9695346972,10
-1202296.4993898626,1940816.9695346972,16
-1201833.186673335,1940816.9695346972,16
-1201369.8739568077,1940816.9695346972,16
-1200906.56124028,1940816.9695346972,16
-1200443.2485237527,1940816.9695346972,16
-1199979.935807225,1940816.9695346972,16
-1199516.6230906977,1940816.9695346972,16
-1199053.31037417,1940816.9695346972,16
-1198589.9976576427,1940816.9695346972,16
-1198126.684941115,1940816.9695346972,16
-1197663.3722245875,1940816.9695346972,16
-1197200.05950806,1940816.9695346972,16
-1196736.7467915327,1940816.9695346972,16
-1196273.4340750051,1940816.9695346972,16
-1195810.1213584775,1940816.9695346972,16
-1195346.8086419501,1940816.9695346972,16
-1194883.4959254225,1940816.9695346972,16
-1194420.1832088951,1940816.9695346972,16
-1193956.8704923675,1940816.9695346972,16
-1193493.5577758402,1940816.9695346972,16
-1193030.2450593126,1940816.9695346972,16
-1192566.9323427852,1940816.9695346972,16
-1192103.6196262576,1940816.9695346972,16
-1191640.3069097302,1940816.9695346972,16
-1191176.9941932026,1940816.9695346972,16
-1190713.6814766752,1940816.9695346972,16
-1190250.3687601476,1940816.9695346972,16
-1189787.0560436202,1940816.9695346972,16
-1189323.7433270926,1940816.9695346972,16
-1188860.430610565,1940816.9695346972,16
-1188397.1178940376,1940816.9695346972,16
-1187933.80517751,1940816.9695346972,16
-1187470.4924609826,1940816.9695346972,16
-1187007.179744455,1940816.9695346972,16
-1186543.8670279277,1940816.9695346972,16
-1186080.5543114,1940816.9695346972,16
-1185617.2415948727,1940816.9695346972,16
-1185153.928878345,1940816.9695346972,16
-1184690.6161618177,1940816.9695346972,16
-1184227.30344529,1940816.9695346972,16
-1183763.9907287627,1940816.9695346972,16
-1183300.678012235,1940816.9695346972,16
-1182837.3652957077,1940816.9695346972,16
-1182374.05257918,1940816.9695346972,16
-1181910.7398626525,1940816.9695346972,16
-1181447.4271461251,1940816.9695346972,16
-1180984.1144295975,1940816.9695346972,16
-1180520.8017130701,1940816.9695346972,16
-1180057.4889965425,1940816.9695346972,16
-1179594.1762800151,1940816.9695346972,16
-1179130.8635634875,1940816.9695346972,16
-1178667.5508469602,1940816.9695346972,16
-1178204.2381304326,1940816.9695346972,16
-1177740.9254139052,1940816.9695346972,16
-1177277.6126973776,1940816.9695346972,16
-1176814.2999808502,1940816.9695346972,16
-1176350.9872643226,1940816.9695346972,16
-1175887.6745477952,1940816.9695346972,16
-1175424.3618312676,1940816.9695346972,16
-1174961.04911474,1940816.9695346972,16
-1174497.7363982126,1940816.9695346972,16
-1174034.4236816852,1940816.9695346972,16
-1173571.1109651576,1940816.9695346972,16
-1173107.79824863,1940816.9695346972,16
-1172644.4855321026,1940816.9695346972,16
-1172181.172815575,1940816.9695346972,16
-1171717.8600990477,1940816.9695346972,16
-1171254.54738252,1940816.9695346972,16
-1170791.2346659927,1940816.9695346972,16
-1170327.921949465,1940816.9695346972,16
-1169864.6092329377,1940816.9695346972,16
-1169401.29651641,1940816.9695346972,16
-1168937.9837998827,1940816.9695346972,16
-1220365.6953344352,1940353.6568181696,16
-1219902.3826179076,1940353.6568181696,16
-1219439.0699013802,1940353.6568181696,16
-1218975.7571848526,1940353.6568181696,16
-1218512.444468325,1940353.6568181696,16
-1218049.1317517976,1940353.6568181696,16
-1217585.81903527,1940353.6568181696,16
-1217122.5063187426,1940353.6568181696,16
-1216659.193602215,1940353.6568181696,16
-1216195.8808856877,1940353.6568181696,16
-1215732.56816916,1940353.6568181696,16
-1215269.2554526327,1940353.6568181696,16
-1214805.942736105,1940353.6568181696,16
-1214342.6300195777,1940353.6568181696,16
-1213879.31730305,1940353.6568181696,16
-1213416.0045865227,1940353.6568181696,16
-1212952.691869995,1940353.6568181696,16
-1212489.3791534677,1940353.6568181696,16
-1212026.06643694,1940353.6568181696,16
-1211562.7537204125,1940353.6568181696,16
-1211099.4410038851,1940353.6568181696,16
-1210636.1282873575,1940353.6568181696,16
-1210172.8155708301,1940353.6568181696,16
-1209709.5028543025,1940353.6568181696,16
-1209246.1901377751,1940353.6568181696,16
-1208782.8774212475,1940353.6568181696,16
-1208319.5647047202,1940353.6568181696,16
-1207856.2519881926,1940353.6568181696,16
-1207392.9392716652,1940353.6568181696,16
-1206929.6265551376,1940353.6568181696,16
-1206466.3138386102,1940353.6568181696,16
-1206003.0011220826,1940353.6568181696,16
-1205539.6884055552,1940353.6568181696,16
-1205076.3756890276,1940353.6568181696,16
-1204613.0629725,1940353.6568181696,16
-1204149.7502559726,1940353.6568181696,10
-1203686.4375394452,1940353.6568181696,16
-1203223.1248229176,1940353.6568181696,16
-1202759.81210639,1940353.6568181696,10
-1202296.4993898626,1940353.6568181696,10
-1201833.186673335,1940353.6568181696,16
-1201369.8739568077,1940353.6568181696,16
-1200906.56124028,1940353.6568181696,16
-1200443.2485237527,1940353.6568181696,16
-1199979.935807225,1940353.6568181696,16
-1199516.6230906977,1940353.6568181696,16
-1199053.31037417,1940353.6568181696,16
-1198589.9976576427,1940353.6568181696,16
-1198126.684941115,1940353.6568181696,16
-1197663.3722245875,1940353.6568181696,16
-1197200.05950806,1940353.6568181696,16
-1196736.7467915327,1940353.6568181696,16
-1196273.4340750051,1940353.6568181696,16
-1195810.1213584775,1940353.6568181696,16
-1195346.8086419501,1940353.6568181696,16
-1194883.4959254225,1940353.6568181696,16
-1194420.1832088951,1940353.6568181696,16
-1193956.8704923675,1940353.6568181696,16
-1193493.5577758402,1940353.6568181696,16
-1193030.2450593126,1940353.6568181696,16
-1192566.9323427852,1940353.6568181696,16
-1192103.6196262576,1940353.6568181696,16
-1191640.3069097302,1940353.6568181696,16
-1191176.9941932026,1940353.6568181696,16
-1190713.6814766752,1940353.6568181696,16
-1190250.3687601476,1940353.6568181696,16
-1189787.0560436202,1940353.6568181696,16
-1189323.7433270926,1940353.6568181696,16
-1188860.430610565,1940353.6568181696,16
-1188397.1178940376,1940353.6568181696,16
-1187933.80517751,1940353.6568181696,16
-1187470.4924609826,1940353.6568181696,16
-1187007.179744455,1940353.6568181696,16
-1186543.8670279277,1940353.6568181696,16
-1186080.5543114,1940353.6568181696,16
-1185617.2415948727,1940353.6568181696,16
-1185153.928878345,1940353.6568181696,16
-1184690.6161618177,1940353.6568181696,16
-1184227.30344529,1940353.6568181696,16
-1183763.9907287627,1940353.6568181696,16
-1183300.678012235,1940353.6568181696,16
-1182837.3652957077,1940353.6568181696,16
-1182374.05257918,1940353.6568181696,16
-1181910.7398626525,1940353.6568181696,16
-1181447.4271461251,1940353.6568181696,16
-1180984.1144295975,1940353.6568181696,16
-1180520.8017130701,1940353.6568181696,16
-1180057.4889965425,1940353.6568181696,16
-1179594.1762800151,1940353.6568181696,16
-1179130.8635634875,1940353.6568181696,16
-1178667.5508469602,1940353.6568181696,16
-1178204.2381304326,1940353.6568181696,16
-1177740.9254139052,1940353.6568181696,16
-1177277.6126973776,1940353.6568181696,16
-1176814.2999808502,1940353.6568181696,16
-1176350.9872643226,1940353.6568181696,16
-1175887.6745477952,1940353.6568181696,16
-1175424.3618312676,1940353.6568181696,16
-1174961.04911474,1940353.6568181696,16
-1174497.7363982126,1940353.6568181696,16
-1174034.4236816852,1940353.6568181696,16
-1173571.1109651576,1940353.6568181696,16
-1173107.79824863,1940353.6568181696,16
-1172644.4855321026,1940353.6568181696,16
-1172181.172815575,1940353.6568181696,16
-1171717.8600990477,1940353.6568181696,16
-1171254.54738252,1940353.6568181696,16
-1170791.2346659927,1940353.6568181696,16
-1170327.921949465,1940353.6568181696,16
-1169864.6092329377,1940353.6568181696,16
-1169401.29651641,1940353.6568181696,16
-1168937.9837998827,1940353.6568181696,16
-1219902.3826179076,1939890.3441016423,16
-1219439.0699013802,1939890.3441016423,16
-1218975.7571848526,1939890.3441016423,16
-1218512.444468325,1939890.3441016423,16
-1218049.1317517976,1939890.3441016423,16
-1217585.81903527,1939890.3441016423,16
-1217122.5063187426,1939890.3441016423,16
-1216659.193602215,1939890.3441016423,16
-1216195.8808856877,1939890.3441016423,16
-1215732.56816916,1939890.3441016423,16
-1215269.2554526327,1939890.3441016423,16
-1214805.942736105,1939890.3441016423,16
-1214342.6300195777,1939890.3441016423,16
-1213879.31730305,1939890.3441016423,16
-1213416.0045865227,1939890.3441016423,16
-1212952.691869995,1939890.3441016423,16
-1212489.3791534677,1939890.3441016423,16
-1212026.06643694,1939890.3441016423,16
-1211562.7537204125,1939890.3441016423,16
-1211099.4410038851,1939890.3441016423,16
-1210636.1282873575,1939890.3441016423,16
-1210172.8155708301,1939890.3441016423,16
-1209709.5028543025,1939890.3441016423,16
-1209246.1901377751,1939890.3441016423,16
-1208782.8774212475,1939890.3441016423,16
-1208319.5647047202,1939890.3441016423,16
-1207856.2519881926,1939890.3441016423,16
-1207392.9392716652,1939890.3441016423,16
-1206929.6265551376,1939890.3441016423,16
-1206466.3138386102,1939890.3441016423,16
-1206003.0011220826,1939890.3441016423,16
-1205539.6884055552,1939890.3441016423,16
-1205076.3756890276,1939890.3441016423,16
-1204613.0629725,1939890.3441016423,16
-1204149.7502559726,1939890.3441016423,16
-1203686.4375394452,1939890.3441016423,16
-1203223.1248229176,1939890.3441016423,16
-1202759.81210639,1939890.3441016423,10
-1202296.4993898626,1939890.3441016423,10
-1201833.186673335,1939890.3441016423,10
-1201369.8739568077,1939890.3441016423,16
-1200906.56124028,1939890.3441016423,16
-1200443.2485237527,1939890.3441016423,16
-1199979.935807225,1939890.3441016423,16
-1199516.6230906977,1939890.3441016423,16
-1199053.31037417,1939890.3441016423,16
-1198589.9976576427,1939890.3441016423,16
-1198126.684941115,1939890.3441016423,16
-1197663.3722245875,1939890.3441016423,16
-1197200.05950806,1939890.3441016423,16
-1196736.7467915327,1939890.3441016423,16
-1196273.4340750051,1939890.3441016423,16
-1195810.1213584775,1939890.3441016423,16
-1195346.8086419501,1939890.3441016423,16
-1194883.4959254225,1939890.3441016423,16
-1194420.1832088951,1939890.3441016423,16
-1193956.8704923675,1939890.3441016423,16
-1193493.5577758402,1939890.3441016423,16
-1193030.2450593126,1939890.3441016423,16
-1192566.9323427852,1939890.3441016423,16
-1192103.6196262576,1939890.3441016423,16
-1191640.3069097302,1939890.3441016423,16
-1191176.9941932026,1939890.3441016423,16
-1190713.6814766752,1939890.3441016423,16
-1190250.3687601476,1939890.3441016423,16
-1189787.0560436202,1939890.3441016423,16
-1189323.7433270926,1939890.3441016423,16
-1188860.430610565,1939890.3441016423,16
-1188397.1178940376,1939890.3441016423,16
-1187933.80517751,1939890.3441016423,16
-1187470.4924609826,1939890.3441016423,16
-1187007.179744455,1939890.3441016423,16
-1186543.8670279277,1939890.3441016423,16
-1186080.5543114,1939890.3441016423,16
-1185617.2415948727,1939890.3441016423,16
-1185153.928878345,1939890.3441016423,16
-1184690.6161618177,1939890.3441016423,16
-1184227.30344529,1939890.3441016423,16
-1183763.9907287627,1939890.3441016423,16
-1183300.678012235,1939890.3441016423,16
-1182837.3652957077,1939890.3441016423,16
-1182374.05257918,1939890.3441016423,16
-1181910.7398626525,1939890.3441016423,16
-1181447.4271461251,1939890.3441016423,16
-1180984.1144295975,1939890.3441016423,16
-1180520.8017130701,1939890.3441016423,16
-1180057.4889965425,1939890.3441016423,16
-1179594.1762800151,1939890.3441016423,16
-1179130.8635634875,1939890.3441016423,16
-1178667.5508469602,1939890.3441016423,16
-1178204.2381304326,1939890.3441016423,16
-1177740.9254139052,1939890.3441016423,16
-1177277.6126973776,1939890.3441016423,16
-1176814.2999808502,1939890.3441016423,16
-1176350.9872643226,1939890.3441016423,16
-1175887.6745477952,1939890.3441016423,16
-1175424.3618312676,1939890.3441016423,16
-1174961.04911474,1939890.3441016423,16
-1174497.7363982126,1939890.3441016423,16
-1174034.4236816852,1939890.3441016423,16
-1173571.1109651576,1939890.3441016423,16
-1173107.79824863,1939890.3441016423,16
-1172644.4855321026,1939890.3441016423,16
-1172181.172815575,1939890.3441016423,16
-1171717.8600990477,1939890.3441016423,16
-1171254.54738252,1939890.3441016423,16
-1170791.2346659927,1939890.3441016423,16
-1170327.921949465,1939890.3441016423,16
-1169864.6092329377,1939890.3441016423,16
-1169401.29651641,1939890.3441016423,16
-1168937.9837998827,1939890.3441016423,16
-1168474.671083355,1939890.3441016423,16
-1219902.3826179076,1939427.0313851146,16
-1219439.0699013802,1939427.0313851146,16
-1218975.7571848526,1939427.0313851146,16
-1218512.444468325,1939427.0313851146,16
-1218049.1317517976,1939427.0313851146,16
-1217585.81903527,1939427.0313851146,16
-1217122.5063187426,1939427.0313851146,16
-1216659.193602215,1939427.0313851146,16
-1216195.8808856877,1939427.0313851146,16
-1215732.56816916,1939427.0313851146,16
-1215269.2554526327,1939427.0313851146,16
-1214805.942736105,1939427.0313851146,16
-1214342.6300195777,1939427.0313851146,16
-1213879.31730305,1939427.0313851146,16
-1213416.0045865227,1939427.0313851146,16
-1212952.691869995,1939427.0313851146,16
-1212489.3791534677,1939427.0313851146,16
-1212026.06643694,1939427.0313851146,16
-1211562.7537204125,1939427.0313851146,16
-1211099.4410038851,1939427.0313851146,16
-1210636.1282873575,1939427.0313851146,16
-1210172.8155708301,1939427.0313851146,16
-1209709.5028543025,1939427.0313851146,16
-1209246.1901377751,1939427.0313851146,16
-1208782.8774212475,1939427.0313851146,16
-1208319.5647047202,1939427.0313851146,16
-1207856.2519881926,1939427.0313851146,16
-1207392.9392716652,1939427.0313851146,16
-1206929.6265551376,1939427.0313851146,16
-1206466.3138386102,1939427.0313851146,16
-1206003.0011220826,1939427.0313851146,16
-1205539.6884055552,1939427.0313851146,16
-1205076.3756890276,1939427.0313851146,16
-1204613.0629725,1939427.0313851146,16
-1204149.7502559726,1939427.0313851146,16
-1203686.4375394452,1939427.0313851146,16
-1203223.1248229176,1939427.0313851146,16
-1202759.81210639,1939427.0313851146,16
-1202296.4993898626,1939427.0313851146,10
-1201833.186673335,1939427.0313851146,10
-1201369.8739568077,1939427.0313851146,10
-1200906.56124028,1939427.0313851146,10
-1200443.2485237527,1939427.0313851146,10
-1199979.935807225,1939427.0313851146,16
-1199516.6230906977,1939427.0313851146,16
-1199053.31037417,1939427.0313851146,16
-1198589.9976576427,1939427.0313851146,16
-1198126.684941115,1939427.0313851146,16
-1197663.3722245875,1939427.0313851146,16
-1197200.05950806,1939427.0313851146,16
-1196736.7467915327,1939427.0313851146,16
-1196273.4340750051,1939427.0313851146,16
-1195810.1213584775,1939427.0313851146,16
-1195346.8086419501,1939427.0313851146,16
-1194883.4959254225,1939427.0313851146,16
-1194420.1832088951,1939427.0313851146,16
-1193956.8704923675,1939427.0313851146,16
-1193493.5577758402,1939427.0313851146,16
-1193030.2450593126,1939427.0313851146,16
-1192566.9323427852,1939427.0313851146,16
-1192103.6196262576,1939427.0313851146,16
-1191640.3069097302,1939427.0313851146,16
-1191176.9941932026,1939427.0313851146,16
-1190713.6814766752,1939427.0313851146,16
-1190250.3687601476,1939427.0313851146,16
-1189787.0560436202,1939427.0313851146,16
-1189323.7433270926,1939427.0313851146,16
-1188860.430610565,1939427.0313851146,16
-1188397.1178940376,1939427.0313851146,16
-1187933.80517751,1939427.0313851146,16
-1187470.4924609826,1939427.0313851146,16
-1187007.179744455,1939427.0313851146,16
-1186543.8670279277,1939427.0313851146,16
-1186080.5543114,1939427.0313851146,16
-1185617.2415948727,1939427.0313851146,16
-1185153.928878345,1939427.0313851146,16
-1184690.6161618177,1939427.0313851146,16
-1184227.30344529,1939427.0313851146,16
-1183763.9907287627,1939427.0313851146,16
-1183300.678012235,1939427.0313851146,16
-1182837.3652957077,1939427.0313851146,16
-1182374.05257918,1939427.0313851146,16
-1181910.7398626525,1939427.0313851146,16
-1181447.4271461251,1939427.0313851146,16
-1180984.1144295975,1939427.0313851146,16
-1180520.8017130701,1939427.0313851146,16
-1180057.4889965425,1939427.0313851146,16
-1179594.1762800151,1939427.0313851146,16
-1179130.8635634875,1939427.0313851146,16
-1178667.5508469602,1939427.0313851146,16
-1178204.2381304326,1939427.0313851146,16
-1177740.9254139052,1939427.0313851146,16
-1177277.6126973776,1939427.0313851146,16
-1176814.2999808502,1939427.0313851146,16
-1176350.9872643226,1939427.0313851146,16
-1175887.6745477952,1939427.0313851146,16
-1175424.3618312676,1939427.0313851146,16
-1174961.04911474,1939427.0313851146,16
-1174497.7363982126,1939427.0313851146,16
-1174034.4236816852,1939427.0313851146,16
-1173571.1109651576,1939427.0313851146,16
-1173107.79824863,1939427.0313851146,16
-1172644.4855321026,1939427.0313851146,16
-1172181.172815575,1939427.0313851146,16
-1171717.8600990477,1939427.0313851146,16
-1171254.54738252,1939427.0313851146,16
-1170791.2346659927,1939427.0313851146,16
-1170327.921949465,1939427.0313851146,16
-1169864.6092329377,1939427.0313851146,16
-1169401.29651641,1939427.0313851146,16
-1168937.9837998827,1939427.0313851146,16
-1168474.671083355,1939427.0313851146,16
-1218512.444468325,1938963.7186685873,16
-1218049.1317517976,1938963.7186685873,16
-1217585.81903527,1938963.7186685873,16
-1217122.5063187426,1938963.7186685873,16
-1216659.193602215,1938963.7186685873,16
-1216195.8808856877,1938963.7186685873,16
-1215732.56816916,1938963.7186685873,16
-1215269.2554526327,1938963.7186685873,16
-1214805.942736105,1938963.7186685873,16
-1214342.6300195777,1938963.7186685873,16
-1213879.31730305,1938963.7186685873,16
-1213416.0045865227,1938963.7186685873,16
-1212952.691869995,1938963.7186685873,16
-1212489.3791534677,1938963.7186685873,16
-1212026.06643694,1938963.7186685873,16
-1211562.7537204125,1938963.7186685873,16
-1211099.4410038851,1938963.7186685873,16
-1210636.1282873575,1938963.7186685873,16
-1210172.8155708301,1938963.7186685873,16
-1209709.5028543025,1938963.7186685873,16
-1209246.1901377751,1938963.7186685873,16
-1208782.8774212475,1938963.7186685873,16
-1208319.5647047202,1938963.7186685873,16
-1207856.2519881926,1938963.7186685873,16
-1207392.9392716652,1938963.7186685873,16
-1206929.6265551376,1938963.7186685873,16
-1206466.3138386102,1938963.7186685873,16
-1206003.0011220826,1938963.7186685873,16
-1205539.6884055552,1938963.7186685873,16
-1205076.3756890276,1938963.7186685873,16
-1204613.0629725,1938963.7186685873,16
-1204149.7502559726,1938963.7186685873,16
-1203686.4375394452,1938963.7186685873,16
-1203223.1248229176,1938963.7186685873,16
-1202759.81210639,1938963.7186685873,10
-1202296.4993898626,1938963.7186685873,10
-1201833.186673335,1938963.7186685873,16
-1201369.8739568077,1938963.7186685873,10
-1200906.56124028,1938963.7186685873,10
-1200443.2485237527,1938963.7186685873,10
-1199979.935807225,1938963.7186685873,10
-1199516.6230906977,1938963.7186685873,16
-1199053.31037417,1938963.7186685873,16
-1198589.9976576427,1938963.7186685873,16
-1198126.684941115,1938963.7186685873,10
-1197663.3722245875,1938963.7186685873,10
-1197200.05950806,1938963.7186685873,16
-1196736.7467915327,1938963.7186685873,16
-1196273.4340750051,1938963.7186685873,16
-1195810.1213584775,1938963.7186685873,16
-1195346.8086419501,1938963.7186685873,16
-1194883.4959254225,1938963.7186685873,16
-1194420.1832088951,1938963.7186685873,16
-1193956.8704923675,1938963.7186685873,16
-1193493.5577758402,1938963.7186685873,16
-1193030.2450593126,1938963.7186685873,16
-1192566.9323427852,1938963.7186685873,16
-1192103.6196262576,1938963.7186685873,16
-1191640.3069097302,1938963.7186685873,16
-1191176.9941932026,1938963.7186685873,16
-1190713.6814766752,1938963.7186685873,16
-1190250.3687601476,1938963.7186685873,16
-1189787.0560436202,1938963.7186685873,16
-1189323.7433270926,1938963.7186685873,16
-1188860.430610565,1938963.7186685873,16
-1188397.1178940376,1938963.7186685873,16
-1187933.80517751,1938963.7186685873,16
-1187470.4924609826,1938963.7186685873,16
-1187007.179744455,1938963.7186685873,16
-1186543.8670279277,1938963.7186685873,16
-1186080.5543114,1938963.7186685873,16
-1185617.2415948727,1938963.7186685873,16
-1185153.928878345,1938963.7186685873,16
-1184690.6161618177,1938963.7186685873,16
-1184227.30344529,1938963.7186685873,16
-1183763.9907287627,1938963.7186685873,16
-1183300.678012235,1938963.7186685873,16
-1182837.3652957077,1938963.7186685873,16
-1182374.05257918,1938963.7186685873,16
-1181910.7398626525,1938963.7186685873,16
-1181447.4271461251,1938963.7186685873,16
-1180984.1144295975,1938963.7186685873,16
-1180520.8017130701,1938963.7186685873,16
-1180057.4889965425,1938963.7186685873,16
-1179594.1762800151,1938963.7186685873,16
-1179130.8635634875,1938963.7186685873,16
-1178667.5508469602,1938963.7186685873,16
-1178204.2381304326,1938963.7186685873,16
-1177740.9254139052,1938963.7186685873,16
-1177277.6126973776,1938963.7186685873,16
-1176814.2999808502,1938963.7186685873,16
-1176350.9872643226,1938963.7186685873,16
-1175887.6745477952,1938963.7186685873,16
-1175424.3618312676,1938963.7186685873,16
-1174961.04911474,1938963.7186685873,16
-1174497.7363982126,1938963.7186685873,16
-1174034.4236816852,1938963.7186685873,16
-1173571.1109651576,1938963.7186685873,16
-1173107.79824863,1938963.7186685873,16
-1172644.4855321026,1938963.7186685873,16
-1172181.172815575,1938963.7186685873,16
-1171717.8600990477,1938963.7186685873,16
-1171254.54738252,1938963.7186685873,16
-1170791.2346659927,1938963.7186685873,16
-1170327.921949465,1938963.7186685873,16
-1169864.6092329377,1938963.7186685873,16
-1169401.29651641,1938963.7186685873,16
-1168937.9837998827,1938963.7186685873,16
-1168474.671083355,1938963.7186685873,16
-1218512.444468325,1938500.4059520597,16
-1218049.1317517976,1938500.4059520597,16
-1217585.81903527,1938500.4059520597,16
-1217122.5063187426,1938500.4059520597,16
-1216659.193602215,1938500.4059520597,16
-1216195.8808856877,1938500.4059520597,16
-1215732.56816916,1938500.4059520597,16
-1215269.2554526327,1938500.4059520597,16
-1214805.942736105,1938500.4059520597,16
-1214342.6300195777,1938500.4059520597,16
-1213879.31730305,1938500.4059520597,16
-1213416.0045865227,1938500.4059520597,16
-1212952.691869995,1938500.4059520597,16
-1212489.3791534677,1938500.4059520597,16
-1212026.06643694,1938500.4059520597,16
-1211562.7537204125,1938500.4059520597,16
-1211099.4410038851,1938500.4059520597,16
-1210636.1282873575,1938500.4059520597,16
-1210172.8155708301,1938500.4059520597,16
-1209709.5028543025,1938500.4059520597,16
-1209246.1901377751,1938500.4059520597,16
-1208782.8774212475,1938500.4059520597,16
-1208319.5647047202,1938500.4059520597,16
-1207856.2519881926,1938500.4059520597,16
-1207392.9392716652,1938500.4059520597,16
-1206929.6265551376,1938500.4059520597,16
-1206466.3138386102,1938500.4059520597,16
-1206003.0011220826,1938500.4059520597,16
-1205539.6884055552,1938500.4059520597,16
-1205076.3756890276,1938500.4059520597,16
-1204613.0629725,1938500.4059520597,16
-1204149.7502559726,1938500.4059520597,16
-1203686.4375394452,1938500.4059520597,16
-1203223.1248229176,1938500.4059520597,16
-1202759.81210639,1938500.4059520597,10
-1202296.4993898626,1938500.4059520597,10
-1201833.186673335,1938500.4059520597,16
-1201369.8739568077,1938500.4059520597,16
-1200906.56124028,1938500.4059520597,10
-1200443.2485237527,1938500.4059520597,10
-1199979.935807225,1938500.4059520597,10
-1199516.6230906977,1938500.4059520597,10
-1199053.31037417,1938500.4059520597,10
-1198589.9976576427,1938500.4059520597,10
-1198126.684941115,1938500.4059520597,10
-1197663.3722245875,1938500.4059520597,10
-1197200.05950806,1938500.4059520597,10
-1196736.7467915327,1938500.4059520597,16
-1196273.4340750051,1938500.4059520597,16
-1195810.1213584775,1938500.4059520597,16
-1195346.8086419501,1938500.4059520597,16
-1194883.4959254225,1938500.4059520597,16
-1194420.1832088951,1938500.4059520597,16
-1193956.8704923675,1938500.4059520597,16
-1193493.5577758402,1938500.4059520597,16
-1193030.2450593126,1938500.4059520597,16
-1192566.9323427852,1938500.4059520597,16
-1192103.6196262576,1938500.4059520597,16
-1191640.3069097302,1938500.4059520597,16
-1191176.9941932026,1938500.4059520597,16
-1190713.6814766752,1938500.4059520597,16
-1190250.3687601476,1938500.4059520597,16
-1189787.0560436202,1938500.4059520597,16
-1189323.7433270926,1938500.4059520597,16
-1188860.430610565,1938500.4059520597,16
-1188397.1178940376,1938500.4059520597,16
-1187933.80517751,1938500.4059520597,16
-1187470.4924609826,1938500.4059520597,16
-1187007.179744455,1938500.4059520597,16
-1186543.8670279277,1938500.4059520597,16
-1186080.5543114,1938500.4059520597,16
-1185617.2415948727,1938500.4059520597,16
-1185153.928878345,1938500.4059520597,16
-1184690.6161618177,1938500.4059520597,16
-1184227.30344529,1938500.4059520597,16
-1183763.9907287627,1938500.4059520597,16
-1183300.678012235,1938500.4059520597,16
-1182837.3652957077,1938500.4059520597,16
-1182374.05257918,1938500.4059520597,16
-1181910.7398626525,1938500.4059520597,16
-1181447.4271461251,1938500.4059520597,16
-1180984.1144295975,1938500.4059520597,16
-1180520.8017130701,1938500.4059520597,16
-1180057.4889965425,1938500.4059520597,16
-1179594.1762800151,1938500.4059520597,16
-1179130.8635634875,1938500.4059520597,16
-1178667.5508469602,1938500.4059520597,16
-1178204.2381304326,1938500.4059520597,16
-1177740.9254139052,1938500.4059520597,16
-1177277.6126973776,1938500.4059520597,16
-1176814.2999808502,1938500.4059520597,16
-1176350.9872643226,1938500.4059520597,16
-1175887.6745477952,1938500.4059520597,16
-1175424.3618312676,1938500.4059520597,16
-1174961.04911474,1938500.4059520597,16
-1174497.7363982126,1938500.4059520597,16
-1174034.4236816852,1938500.4059520597,16
-1173571.1109651576,1938500.4059520597,16
-1173107.79824863,1938500.4059520597,16
-1172644.4855321026,1938500.4059520597,16
-1172181.172815575,1938500.4059520597,16
-1171717.8600990477,1938500.4059520597,16
-1171254.54738252,1938500.4059520597,16
-1170791.2346659927,1938500.4059520597,16
-1170327.921949465,1938500.4059520597,16
-1169864.6092329377,1938500.4059520597,16
-1169401.29651641,1938500.4059520597,16
-1168937.9837998827,1938500.4059520597,16
-1168474.671083355,1938500.4059520597,16
-1168011.3583668275,1938500.4059520597,16
-1218049.1317517976,1938037.0932355323,7
-1217585.81903527,1938037.0932355323,16
-1217122.5063187426,1938037.0932355323,16
-1216659.193602215,1938037.0932355323,16
-1216195.8808856877,1938037.0932355323,16
-1215732.56816916,1938037.0932355323,16
-1215269.2554526327,1938037.0932355323,16
-1214805.942736105,1938037.0932355323,16
-1214342.6300195777,1938037.0932355323,16
-1213879.31730305,1938037.0932355323,16
-1213416.0045865227,1938037.0932355323,16
-1212952.691869995,1938037.0932355323,16
-1212489.3791534677,1938037.0932355323,16
-1212026.06643694,1938037.0932355323,16
-1211562.7537204125,1938037.0932355323,16
-1211099.4410038851,1938037.0932355323,16
-1210636.1282873575,1938037.0932355323,16
-1210172.8155708301,1938037.0932355323,16
-1209709.5028543025,1938037.0932355323,16
-1209246.1901377751,1938037.0932355323,16
-1208782.8774212475,1938037.0932355323,16
-1208319.5647047202,1938037.0932355323,16
-1207856.2519881926,1938037.0932355323,16
-1207392.9392716652,1938037.0932355323,16
-1206929.6265551376,1938037.0932355323,16
-1206466.3138386102,1938037.0932355323,16
-1206003.0011220826,1938037.0932355323,16
-1205539.6884055552,1938037.0932355323,16
-1205076.3756890276,1938037.0932355323,16
-1204613.0629725,1938037.0932355323,16
-1204149.7502559726,1938037.0932355323,16
-1203686.4375394452,1938037.0932355323,16
-1203223.1248229176,1938037.0932355323,16
-1202759.81210639,1938037.0932355323,16
-1202296.4993898626,1938037.0932355323,16
-1201833.186673335,1938037.0932355323,16
-1201369.8739568077,1938037.0932355323,16
-1200906.56124028,1938037.0932355323,16
-1200443.2485237527,1938037.0932355323,10
-1199979.935807225,1938037.0932355323,10
-1199516.6230906977,1938037.0932355323,10
-1199053.31037417,1938037.0932355323,10
-1198589.9976576427,1938037.0932355323,10
-1198126.684941115,1938037.0932355323,10
-1197663.3722245875,1938037.0932355323,10
-1197200.05950806,1938037.0932355323,10
-1196736.7467915327,1938037.0932355323,10
-1196273.4340750051,1938037.0932355323,10
-1195810.1213584775,1938037.0932355323,16
-1195346.8086419501,1938037.0932355323,16
-1194883.4959254225,1938037.0932355323,16
-1194420.1832088951,1938037.0932355323,16
-1193956.8704923675,1938037.0932355323,16
-1193493.5577758402,1938037.0932355323,16
-1193030.2450593126,1938037.0932355323,16
-1192566.9323427852,1938037.0932355323,16
-1192103.6196262576,1938037.0932355323,16
-1191640.3069097302,1938037.0932355323,16
-1191176.9941932026,1938037.0932355323,16
-1190713.6814766752,1938037.0932355323,16
-1190250.3687601476,1938037.0932355323,16
-1189787.0560436202,1938037.0932355323,16
-1189323.7433270926,1938037.0932355323,16
-1188860.430610565,1938037.0932355323,16
-1188397.1178940376,1938037.0932355323,16
-1187933.80517751,1938037.0932355323,16
-1187470.4924609826,1938037.0932355323,16
-1187007.179744455,1938037.0932355323,16
-1186543.8670279277,1938037.0932355323,16
-1186080.5543114,1938037.0932355323,16
-1185617.2415948727,1938037.0932355323,16
-1185153.928878345,1938037.0932355323,16
-1184690.6161618177,1938037.0932355323,16
-1184227.30344529,1938037.0932355323,16
-1183763.9907287627,1938037.0932355323,16
-1183300.678012235,1938037.0932355323,16
-1182837.3652957077,1938037.0932355323,16
-1182374.05257918,1938037.0932355323,16
-1181910.7398626525,1938037.0932355323,16
-1181447.4271461251,1938037.0932355323,16
-1180984.1144295975,1938037.0932355323,16
-1180520.8017130701,1938037.0932355323,16
-1180057.4889965425,1938037.0932355323,16
-1179594.1762800151,1938037.0932355323,16
-1179130.8635634875,1938037.0932355323,16
-1178667.5508469602,1938037.0932355323,16
-1178204.2381304326,1938037.0932355323,16
-1177740.9254139052,1938037.0932355323,16
-1177277.6126973776,1938037.0932355323,16
-1176814.2999808502,1938037.0932355323,16
-1176350.9872643226,1938037.0932355323,16
-1175887.6745477952,1938037.0932355323,16
-1175424.3618312676,1938037.0932355323,16
-1174961.04911474,1938037.0932355323,16
-1174497.7363982126,1938037.0932355323,16
-1174034.4236816852,1938037.0932355323,16
-1173571.1109651576,1938037.0932355323,16
-1173107.79824863,1938037.0932355323,16
-1172644.4855321026,1938037.0932355323,16
-1172181.172815575,1938037.0932355323,16
-1171717.8600990477,1938037.0932355323,16
-1171254.54738252,1938037.0932355323,16
-1170791.2346659927,1938037.0932355323,16
-1170327.921949465,1938037.0932355323,16
-1169864.6092329377,1938037.0932355323,16
-1169401.29651641,1938037.0932355323,16
-1168937.9837998827,1938037.0932355323,16
-1168474.671083355,1938037.0932355323,16
-1168011.3583668275,1938037.0932355323,16
-1217585.81903527,1937573.7805190047,16
-1217122.5063187426,1937573.7805190047,16
-1216659.193602215,1937573.7805190047,16
-1216195.8808856877,1937573.7805190047,16
-1215732.56816916,1937573.7805190047,16
-1215269.2554526327,1937573.7805190047,16
-1214805.942736105,1937573.7805190047,16
-1214342.6300195777,1937573.7805190047,16
-1213879.31730305,1937573.7805190047,16
-1213416.0045865227,1937573.7805190047,16
-1212952.691869995,1937573.7805190047,16
-1212489.3791534677,1937573.7805190047,16
-1212026.06643694,1937573.7805190047,16
-1211562.7537204125,1937573.7805190047,16
-1211099.4410038851,1937573.7805190047,16
-1210636.1282873575,1937573.7805190047,16
-1210172.8155708301,1937573.7805190047,16
-1209709.5028543025,1937573.7805190047,16
-1209246.1901377751,1937573.7805190047,16
-1208782.8774212475,1937573.7805190047,16
-1208319.5647047202,1937573.7805190047,16
-1207856.2519881926,1937573.7805190047,16
-1207392.9392716652,1937573.7805190047,16
-1206929.6265551376,1937573.7805190047,16
-1206466.3138386102,1937573.7805190047,16
-1206003.0011220826,1937573.7805190047,16
-1205539.6884055552,1937573.7805190047,16
-1205076.3756890276,1937573.7805190047,16
-1204613.0629725,1937573.7805190047,16
-1204149.7502559726,1937573.7805190047,16
-1203686.4375394452,1937573.7805190047,16
-1203223.1248229176,1937573.7805190047,16
-1202759.81210639,1937573.7805190047,16
-1202296.4993898626,1937573.7805190047,16
-1201833.186673335,1937573.7805190047,16
-1201369.8739568077,1937573.7805190047,16
-1200906.56124028,1937573.7805190047,16
-1200443.2485237527,1937573.7805190047,16
-1199979.935807225,1937573.7805190047,16
-1199516.6230906977,1937573.7805190047,10
-1199053.31037417,1937573.7805190047,16
-1198589.9976576427,1937573.7805190047,10
-1198126.684941115,1937573.7805190047,10
-1197663.3722245875,1937573.7805190047,10
-1197200.05950806,1937573.7805190047,10
-1196736.7467915327,1937573.7805190047,10
-1196273.4340750051,1937573.7805190047,10
-1195810.1213584775,1937573.7805190047,16
-1195346.8086419501,1937573.7805190047,16
-1194883.4959254225,1937573.7805190047,16
-1194420.1832088951,1937573.7805190047,16
-1193956.8704923675,1937573.7805190047,16
-1193493.5577758402,1937573.7805190047,16
-1193030.2450593126,1937573.7805190047,16
-1192566.9323427852,1937573.7805190047,16
-1192103.6196262576,1937573.7805190047,16
-1191640.3069097302,1937573.7805190047,16
-1191176.9941932026,1937573.7805190047,16
-1190713.6814766752,1937573.7805190047,16
-1190250.3687601476,1937573.7805190047,16
-1189787.0560436202,1937573.7805190047,16
-1189323.7433270926,1937573.7805190047,16
-1188860.430610565,1937573.7805190047,16
-1188397.1178940376,1937573.7805190047,16
-1187933.80517751,1937573.7805190047,16
-1187470.4924609826,1937573.7805190047,16
-1187007.179744455,1937573.7805190047,16
-1186543.8670279277,1937573.7805190047,16
-1186080.5543114,1937573.7805190047,16
-1185617.2415948727,1937573.7805190047,16
-1185153.928878345,1937573.7805190047,16
-1184690.6161618177,1937573.7805190047,16
-1184227.30344529,1937573.7805190047,16
-1183763.9907287627,1937573.7805190047,16
-1183300.678012235,1937573.7805190047,16
-1182837.3652957077,1937573.7805190047,16
-1182374.05257918,1937573.7805190047,16
-1181910.7398626525,1937573.7805190047,16
-1181447.4271461251,1937573.7805190047,16
-1180984.1144295975,1937573.7805190047,16
-1180520.8017130701,1937573.7805190047,16
-1180057.4889965425,1937573.7805190047,16
-1179594.1762800151,1937573.7805190047,16
-1179130.8635634875,1937573.7805190047,16
-1178667.5508469602,1937573.7805190047,16
-1178204.2381304326,1937573.7805190047,16
-1177740.9254139052,1937573.7805190047,16
-1177277.6126973776,1937573.7805190047,16
-1176814.2999808502,1937573.7805190047,16
-1176350.9872643226,1937573.7805190047,16
-1175887.6745477952,1937573.7805190047,16
-1175424.3618312676,1937573.7805190047,16
-1174961.04911474,1937573.7805190047,16
-1174497.7363982126,1937573.7805190047,16
-1174034.4236816852,1937573.7805190047,16
-1173571.1109651576,1937573.7805190047,16
-1173107.79824863,1937573.7805190047,16
-1172644.4855321026,1937573.7805190047,16
-1172181.172815575,1937573.7805190047,16
-1171717.8600990477,1937573.7805190047,16
-1171254.54738252,1937573.7805190047,16
-1170791.2346659927,1937573.7805190047,16
-1170327.921949465,1937573.7805190047,16
-1169864.6092329377,1937573.7805190047,16
-1169401.29651641,1937573.7805190047,16
-1168937.9837998827,1937573.7805190047,16
-1168474.671083355,1937573.7805190047,16
-1168011.3583668275,1937573.7805190047,16
-1217585.81903527,1937110.4678024773,10
-1217122.5063187426,1937110.4678024773,16
-1216659.193602215,1937110.4678024773,16
-1216195.8808856877,1937110.4678024773,16
-1215732.56816916,1937110.4678024773,16
-1215269.2554526327,1937110.4678024773,16
-1214805.942736105,1937110.4678024773,16
-1214342.6300195777,1937110.4678024773,16
-1213879.31730305,1937110.4678024773,16
-1213416.0045865227,1937110.4678024773,16
-1212952.691869995,1937110.4678024773,16
-1212489.3791534677,1937110.4678024773,16
-1212026.06643694,1937110.4678024773,16
-1211562.7537204125,1937110.4678024773,16
-1211099.4410038851,1937110.4678024773,10
-1210636.1282873575,1937110.4678024773,16
-1210172.8155708301,1937110.4678024773,16
-1209709.5028543025,1937110.4678024773,16
-1209246.1901377751,1937110.4678024773,10
-1208782.8774212475,1937110.4678024773,10
-1208319.5647047202,1937110.4678024773,10
-1207856.2519881926,1937110.4678024773,16
-1207392.9392716652,1937110.4678024773,16
-1206929.6265551376,1937110.4678024773,16
-1206466.3138386102,1937110.4678024773,16
-1206003.0011220826,1937110.4678024773,16
-1205539.6884055552,1937110.4678024773,16
-1205076.3756890276,1937110.4678024773,16
-1204613.0629725,1937110.4678024773,16
-1204149.7502559726,1937110.4678024773,16
-1203686.4375394452,1937110.4678024773,16
-1203223.1248229176,1937110.4678024773,16
-1202759.81210639,1937110.4678024773,16
-1202296.4993898626,1937110.4678024773,16
-1201833.186673335,1937110.4678024773,16
-1201369.8739568077,1937110.4678024773,16
-1200906.56124028,1937110.4678024773,16
-1200443.2485237527,1937110.4678024773,16
-1199979.935807225,1937110.4678024773,16
-1199516.6230906977,1937110.4678024773,16
-1199053.31037417,1937110.4678024773,16
-1198589.9976576427,1937110.4678024773,16
-1198126.684941115,1937110.4678024773,16
-1197663.3722245875,1937110.4678024773,16
-1197200.05950806,1937110.4678024773,10
-1196736.7467915327,1937110.4678024773,10
-1196273.4340750051,1937110.4678024773,10
-1195810.1213584775,1937110.4678024773,10
-1195346.8086419501,1937110.4678024773,16
-1194883.4959254225,1937110.4678024773,16
-1194420.1832088951,1937110.4678024773,16
-1193956.8704923675,1937110.4678024773,16
-1193493.5577758402,1937110.4678024773,16
-1193030.2450593126,1937110.4678024773,16
-1192566.9323427852,1937110.4678024773,16
-1192103.6196262576,1937110.4678024773,16
-1191640.3069097302,1937110.4678024773,16
-1191176.9941932026,1937110.4678024773,16
-1190713.6814766752,1937110.4678024773,16
-1190250.3687601476,1937110.4678024773,16
-1189787.0560436202,1937110.4678024773,16
-1189323.7433270926,1937110.4678024773,16
-1188860.430610565,1937110.4678024773,16
-1188397.1178940376,1937110.4678024773,16
-1187933.80517751,1937110.4678024773,16
-1187470.4924609826,1937110.4678024773,16
-1187007.179744455,1937110.4678024773,16
-1186543.8670279277,1937110.4678024773,16
-1186080.5543114,1937110.4678024773,16
-1185617.2415948727,1937110.4678024773,16
-1185153.928878345,1937110.4678024773,16
-1184690.6161618177,1937110.4678024773,16
-1184227.30344529,1937110.4678024773,16
-1183763.9907287627,1937110.4678024773,16
-1183300.678012235,1937110.4678024773,16
-1182837.3652957077,1937110.4678024773,16
-1182374.05257918,1937110.4678024773,16
-1181910.7398626525,1937110.4678024773,16
-1181447.4271461251,1937110.4678024773,16
-1180984.1144295975,1937110.4678024773,16
-1180520.8017130701,1937110.4678024773,16
-1180057.4889965425,1937110.4678024773,16
-1179594.1762800151,1937110.4678024773,16
-1179130.8635634875,1937110.4678024773,16
-1178667.5508469602,1937110.4678024773,16
-1178204.2381304326,1937110.4678024773,16
-1177740.9254139052,1937110.4678024773,16
-1177277.6126973776,1937110.4678024773,16
-1176814.2999808502,1937110.4678024773,16
-1176350.9872643226,1937110.4678024773,16
-1175887.6745477952,1937110.4678024773,16
-1175424.3618312676,1937110.4678024773,16
-1174961.04911474,1937110.4678024773,16
-1174497.7363982126,1937110.4678024773,16
-1174034.4236816852,1937110.4678024773,16
-1173571.1109651576,1937110.4678024773,16
-1173107.79824863,1937110.4678024773,16
-1172644.4855321026,1937110.4678024773,16
-1172181.172815575,1937110.4678024773,16
-1171717.8600990477,1937110.4678024773,16
-1171254.54738252,1937110.4678024773,16
-1170791.2346659927,1937110.4678024773,16
-1170327.921949465,1937110.4678024773,16
-1169864.6092329377,1937110.4678024773,16
-1169401.29651641,1937110.4678024773,16
-1168937.9837998827,1937110.4678024773,16
-1168474.671083355,1937110.4678024773,16
-1168011.3583668275,1937110.4678024773,16
-1218512.444468325,1936647.1550859497,16
-1218049.1317517976,1936647.1550859497,16
-1217585.81903527,1936647.1550859497,16
-1217122.5063187426,1936647.1550859497,16
-1216659.193602215,1936647.1550859497,16
-1216195.8808856877,1936647.1550859497,16
-1215732.56816916,1936647.1550859497,16
-1215269.2554526327,1936647.1550859497,16
-1214805.942736105,1936647.1550859497,16
-1214342.6300195777,1936647.1550859497,16
-1213879.31730305,1936647.1550859497,16
-1213416.0045865227,1936647.1550859497,16
-1212952.691869995,1936647.1550859497,16
-1212489.3791534677,1936647.1550859497,16
-1212026.06643694,1936647.1550859497,16
-1211562.7537204125,1936647.1550859497,16
-1211099.4410038851,1936647.1550859497,10
-1210636.1282873575,1936647.1550859497,16
-1210172.8155708301,1936647.1550859497,16
-1209709.5028543025,1936647.1550859497,10
-1209246.1901377751,1936647.1550859497,10
-1208782.8774212475,1936647.1550859497,10
-1208319.5647047202,1936647.1550859497,10
-1207856.2519881926,1936647.1550859497,16
-1207392.9392716652,1936647.1550859497,16
-1206929.6265551376,1936647.1550859497,16
-1206466.3138386102,1936647.1550859497,16
-1206003.0011220826,1936647.1550859497,16
-1205539.6884055552,1936647.1550859497,16
-1205076.3756890276,1936647.1550859497,16
-1204613.0629725,1936647.1550859497,16
-1204149.7502559726,1936647.1550859497,16
-1203686.4375394452,1936647.1550859497,16
-1203223.1248229176,1936647.1550859497,16
-1202759.81210639,1936647.1550859497,16
-1202296.4993898626,1936647.1550859497,16
-1201833.186673335,1936647.1550859497,16
-1201369.8739568077,1936647.1550859497,16
-1200906.56124028,1936647.1550859497,16
-1200443.2485237527,1936647.1550859497,16
-1199979.935807225,1936647.1550859497,16
-1199516.6230906977,1936647.1550859497,16
-1199053.31037417,1936647.1550859497,16
-1198589.9976576427,1936647.1550859497,16
-1198126.684941115,1936647.1550859497,16
-1197663.3722245875,1936647.1550859497,16
-1197200.05950806,1936647.1550859497,10
-1196736.7467915327,1936647.1550859497,10
-1196273.4340750051,1936647.1550859497,10
-1195810.1213584775,1936647.1550859497,10
-1195346.8086419501,1936647.1550859497,16
-1194883.4959254225,1936647.1550859497,16
-1194420.1832088951,1936647.1550859497,16
-1193956.8704923675,1936647.1550859497,16
-1193493.5577758402,1936647.1550859497,16
-1193030.2450593126,1936647.1550859497,16
-1192566.9323427852,1936647.1550859497,16
-1192103.6196262576,1936647.1550859497,16
-1191640.3069097302,1936647.1550859497,16
-1191176.9941932026,1936647.1550859497,16
-1190713.6814766752,1936647.1550859497,16
-1190250.3687601476,1936647.1550859497,16
-1189787.0560436202,1936647.1550859497,16
-1189323.7433270926,1936647.1550859497,16
-1188860.430610565,1936647.1550859497,16
-1188397.1178940376,1936647.1550859497,16
-1187933.80517751,1936647.1550859497,16
-1187470.4924609826,1936647.1550859497,16
-1187007.179744455,1936647.1550859497,16
-1186543.8670279277,1936647.1550859497,16
-1186080.5543114,1936647.1550859497,16
-1185617.2415948727,1936647.1550859497,16
-1185153.928878345,1936647.1550859497,16
-1184690.6161618177,1936647.1550859497,16
-1184227.30344529,1936647.1550859497,16
-1183763.9907287627,1936647.1550859497,16
-1183300.678012235,1936647.1550859497,16
-1182837.3652957077,1936647.1550859497,16
-1182374.05257918,1936647.1550859497,16
-1181910.7398626525,1936647.1550859497,16
-1181447.4271461251,1936647.1550859497,16
-1180984.1144295975,1936647.1550859497,16
-1180520.8017130701,1936647.1550859497,16
-1180057.4889965425,1936647.1550859497,16
-1179594.1762800151,1936647.1550859497,16
-1179130.8635634875,1936647.1550859497,16
-1178667.5508469602,1936647.1550859497,16
-1178204.2381304326,1936647.1550859497,16
-1177740.9254139052,1936647.1550859497,16
-1177277.6126973776,1936647.1550859497,16
-1176814.2999808502,1936647.1550859497,16
-1176350.9872643226,1936647.1550859497,16
-1175887.6745477952,1936647.1550859497,16
-1175424.3618312676,1936647.1550859497,16
-1174961.04911474,1936647.1550859497,16
-1174497.7363982126,1936647.1550859497,16
-1174034.4236816852,1936647.1550859497,16
-1173571.1109651576,1936647.1550859497,16
-1173107.79824863,1936647.1550859497,16
-1172644.4855321026,1936647.1550859497,16
-1172181.172815575,1936647.1550859497,16
-1171717.8600990477,1936647.1550859497,16
-1171254.54738252,1936647.1550859497,16
-1170791.2346659927,1936647.1550859497,16
-1170327.921949465,1936647.1550859497,16
-1169864.6092329377,1936647.1550859497,16
-1169401.29651641,1936647.1550859497,16
-1168937.9837998827,1936647.1550859497,16
-1168474.671083355,1936647.1550859497,16
-1168011.3583668275,1936647.1550859497,16
-1167548.0456503,1936647.1550859497,16
-1218975.7571848526,1936183.8423694223,16
-1218512.444468325,1936183.8423694223,16
-1218049.1317517976,1936183.8423694223,16
-1217585.81903527,1936183.8423694223,16
-1217122.5063187426,1936183.8423694223,16
-1216659.193602215,1936183.8423694223,16
-1216195.8808856877,1936183.8423694223,16
-1215732.56816916,1936183.8423694223,16
-1215269.2554526327,1936183.8423694223,16
-1214805.942736105,1936183.8423694223,16
-1214342.6300195777,1936183.8423694223,16
-1213879.31730305,1936183.8423694223,16
-1213416.0045865227,1936183.8423694223,16
-1212952.691869995,1936183.8423694223,16
-1212489.3791534677,1936183.8423694223,16
-1212026.06643694,1936183.8423694223,16
-1211562.7537204125,1936183.8423694223,16
-1211099.4410038851,1936183.8423694223,16
-1210636.1282873575,1936183.8423694223,16
-1210172.8155708301,1936183.8423694223,16
-1209709.5028543025,1936183.8423694223,10
-1209246.1901377751,1936183.8423694223,16
-1208782.8774212475,1936183.8423694223,16
-1208319.5647047202,1936183.8423694223,16
-1207856.2519881926,1936183.8423694223,16
-1207392.9392716652,1936183.8423694223,16
-1206929.6265551376,1936183.8423694223,16
-1206466.3138386102,1936183.8423694223,16
-1206003.0011220826,1936183.8423694223,16
-1205539.6884055552,1936183.8423694223,16
-1205076.3756890276,1936183.8423694223,16
-1204613.0629725,1936183.8423694223,16
-1204149.7502559726,1936183.8423694223,16
-1203686.4375394452,1936183.8423694223,16
-1203223.1248229176,1936183.8423694223,16
-1202759.81210639,1936183.8423694223,16
-1202296.4993898626,1936183.8423694223,16
-1201833.186673335,1936183.8423694223,16
-1201369.8739568077,1936183.8423694223,16
-1200906.56124028,1936183.8423694223,16
-1200443.2485237527,1936183.8423694223,16
-1199979.935807225,1936183.8423694223,16
-1199516.6230906977,1936183.8423694223,16
-1199053.31037417,1936183.8423694223,16
-1198589.9976576427,1936183.8423694223,16
-1198126.684941115,1936183.8423694223,16
-1197663.3722245875,1936183.8423694223,16
-1197200.05950806,1936183.8423694223,16
-1196736.7467915327,1936183.8423694223,10
-1196273.4340750051,1936183.8423694223,10
-1195810.1213584775,1936183.8423694223,10
-1195346.8086419501,1936183.8423694223,10
-1194883.4959254225,1936183.8423694223,16
-1194420.1832088951,1936183.8423694223,16
-1193956.8704923675,1936183.8423694223,16
-1193493.5577758402,1936183.8423694223,16
-1193030.2450593126,1936183.8423694223,16
-1192566.9323427852,1936183.8423694223,16
-1192103.6196262576,1936183.8423694223,16
-1191640.3069097302,1936183.8423694223,16
-1191176.9941932026,1936183.8423694223,16
-1190713.6814766752,1936183.8423694223,16
-1190250.3687601476,1936183.8423694223,16
-1189787.0560436202,1936183.8423694223,16
-1189323.7433270926,1936183.8423694223,16
-1188860.430610565,1936183.8423694223,16
-1188397.1178940376,1936183.8423694223,16
-1187933.80517751,1936183.8423694223,16
-1187470.4924609826,1936183.8423694223,16
-1187007.179744455,1936183.8423694223,16
-1186543.8670279277,1936183.8423694223,16
-1186080.5543114,1936183.8423694223,16
-1185617.2415948727,1936183.8423694223,16
-1185153.928878345,1936183.8423694223,16
-1184690.6161618177,1936183.8423694223,16
-1184227.30344529,1936183.8423694223,16
-1183763.9907287627,1936183.8423694223,16
-1183300.678012235,1936183.8423694223,16
-1182837.3652957077,1936183.8423694223,16
-1182374.05257918,1936183.8423694223,16
-1181910.7398626525,1936183.8423694223,16
-1181447.4271461251,1936183.8423694223,16
-1180984.1144295975,1936183.8423694223,16
-1180520.8017130701,1936183.8423694223,16
-1180057.4889965425,1936183.8423694223,16
-1179594.1762800151,1936183.8423694223,16
-1179130.8635634875,1936183.8423694223,16
-1178667.5508469602,1936183.8423694223,16
-1178204.2381304326,1936183.8423694223,16
-1177740.9254139052,1936183.8423694223,16
-1177277.6126973776,1936183.8423694223,16
-1176814.2999808502,1936183.8423694223,16
-1176350.9872643226,1936183.8423694223,16
-1175887.6745477952,1936183.8423694223,16
-1175424.3618312676,1936183.8423694223,16
-1174961.04911474,1936183.8423694223,16
-1174497.7363982126,1936183.8423694223,16
-1174034.4236816852,1936183.8423694223,16
-1173571.1109651576,1936183.8423694223,16
-1173107.79824863,1936183.8423694223,16
-1172644.4855321026,1936183.8423694223,16
-1172181.172815575,1936183.8423694223,16
-1171717.8600990477,1936183.8423694223,16
-1171254.54738252,1936183.8423694223,16
-1170791.2346659927,1936183.8423694223,16
-1170327.921949465,1936183.8423694223,16
-1169864.6092329377,1936183.8423694223,16
-1169401.29651641,1936183.8423694223,16
-1168937.9837998827,1936183.8423694223,16
-1168474.671083355,1936183.8423694223,16
-1168011.3583668275,1936183.8423694223,16
-1167548.0456503,1936183.8423694223,16
-1167084.7329337727,1936183.8423694223,16
-1219439.0699013802,1935720.5296528947,16
-1218975.7571848526,1935720.5296528947,16
-1218512.444468325,1935720.5296528947,16
-1218049.1317517976,1935720.5296528947,16
-1217585.81903527,1935720.5296528947,16
-1217122.5063187426,1935720.5296528947,16
-1216659.193602215,1935720.5296528947,16
-1216195.8808856877,1935720.5296528947,16
-1215732.56816916,1935720.5296528947,16
-1215269.2554526327,1935720.5296528947,16
-1214805.942736105,1935720.5296528947,16
-1214342.6300195777,1935720.5296528947,16
-1213879.31730305,1935720.5296528947,16
-1213416.0045865227,1935720.5296528947,16
-1212952.691869995,1935720.5296528947,16
-1212489.3791534677,1935720.5296528947,10
-1212026.06643694,1935720.5296528947,10
-1211562.7537204125,1935720.5296528947,16
-1211099.4410038851,1935720.5296528947,16
-1210636.1282873575,1935720.5296528947,16
-1210172.8155708301,1935720.5296528947,16
-1209709.5028543025,1935720.5296528947,16
-1209246.1901377751,1935720.5296528947,16
-1208782.8774212475,1935720.5296528947,16
-1208319.5647047202,1935720.5296528947,16
-1207856.2519881926,1935720.5296528947,16
-1207392.9392716652,1935720.5296528947,16
-1206929.6265551376,1935720.5296528947,16
-1206466.3138386102,1935720.5296528947,16
-1206003.0011220826,1935720.5296528947,16
-1205539.6884055552,1935720.5296528947,16
-1205076.3756890276,1935720.5296528947,16
-1204613.0629725,1935720.5296528947,16
-1204149.7502559726,1935720.5296528947,16
-1203686.4375394452,1935720.5296528947,16
-1203223.1248229176,1935720.5296528947,16
-1202759.81210639,1935720.5296528947,16
-1202296.4993898626,1935720.5296528947,16
-1201833.186673335,1935720.5296528947,16
-1201369.8739568077,1935720.5296528947,16
-1200906.56124028,1935720.5296528947,16
-1200443.2485237527,1935720.5296528947,16
-1199979.935807225,1935720.5296528947,16
-1199516.6230906977,1935720.5296528947,16
-1199053.31037417,1935720.5296528947,16
-1198589.9976576427,1935720.5296528947,16
-1198126.684941115,1935720.5296528947,16
-1197663.3722245875,1935720.5296528947,16
-1197200.05950806,1935720.5296528947,16
-1196736.7467915327,1935720.5296528947,16
-1196273.4340750051,1935720.5296528947,10
-1195810.1213584775,1935720.5296528947,10
-1195346.8086419501,1935720.5296528947,10
-1194883.4959254225,1935720.5296528947,16
-1194420.1832088951,1935720.5296528947,16
-1193956.8704923675,1935720.5296528947,16
-1193493.5577758402,1935720.5296528947,16
-1193030.2450593126,1935720.5296528947,16
-1192566.9323427852,1935720.5296528947,16
-1192103.6196262576,1935720.5296528947,16
-1191640.3069097302,1935720.5296528947,16
-1191176.9941932026,1935720.5296528947,16
-1190713.6814766752,1935720.5296528947,16
-1190250.3687601476,1935720.5296528947,16
-1189787.0560436202,1935720.5296528947,16
-1189323.7433270926,1935720.5296528947,16
-1188860.430610565,1935720.5296528947,16
-1188397.1178940376,1935720.5296528947,16
-1187933.80517751,1935720.5296528947,16
-1187470.4924609826,1935720.5296528947,16
-1187007.179744455,1935720.5296528947,16
-1186543.8670279277,1935720.5296528947,16
-1186080.5543114,1935720.5296528947,16
-1185617.2415948727,1935720.5296528947,16
-1185153.928878345,1935720.5296528947,16
-1184690.6161618177,1935720.5296528947,16
-1184227.30344529,1935720.5296528947,16
-1183763.9907287627,1935720.5296528947,16
-1183300.678012235,1935720.5296528947,16
-1182837.3652957077,1935720.5296528947,16
-1182374.05257918,1935720.5296528947,16
-1181910.7398626525,1935720.5296528947,16
-1181447.4271461251,1935720.5296528947,16
-1180984.1144295975,1935720.5296528947,16
-1180520.8017130701,1935720.5296528947,16
-1180057.4889965425,1935720.5296528947,16
-1179594.1762800151,1935720.5296528947,16
-1179130.8635634875,1935720.5296528947,16
-1178667.5508469602,1935720.5296528947,16
-1178204.2381304326,1935720.5296528947,16
-1177740.9254139052,1935720.5296528947,16
-1177277.6126973776,1935720.5296528947,16
-1176814.2999808502,1935720.5296528947,16
-1176350.9872643226,1935720.5296528947,16
-1175887.6745477952,1935720.5296528947,16
-1175424.3618312676,1935720.5296528947,16
-1174961.04911474,1935720.5296528947,16
-1174497.7363982126,1935720.5296528947,16
-1174034.4236816852,1935720.5296528947,16
-1173571.1109651576,1935720.5296528947,16
-1173107.79824863,1935720.5296528947,16
-1172644.4855321026,1935720.5296528947,16
-1172181.172815575,1935720.5296528947,16
-1171717.8600990477,1935720.5296528947,16
-1171254.54738252,1935720.5296528947,16
-1170791.2346659927,1935720.5296528947,16
-1170327.921949465,1935720.5296528947,16
-1169864.6092329377,1935720.5296528947,16
-1169401.29651641,1935720.5296528947,16
-1168937.9837998827,1935720.5296528947,16
-1168474.671083355,1935720.5296528947,16
-1168011.3583668275,1935720.5296528947,16
-1167548.0456503,1935720.5296528947,16
-1167084.7329337727,1935720.5296528947,16
-1166621.4202172451,1935720.5296528947,16
-1219439.0699013802,1935257.216936367,16
-1218975.7571848526,1935257.216936367,16
-1218512.444468325,1935257.216936367,16
-1218049.1317517976,1935257.216936367,16
-1217585.81903527,1935257.216936367,16
-1217122.5063187426,1935257.216936367,16
-1216659.193602215,1935257.216936367,16
-1216195.8808856877,1935257.216936367,16
-1215732.56816916,1935257.216936367,16
-1215269.2554526327,1935257.216936367,16
-1214805.942736105,1935257.216936367,16
-1214342.6300195777,1935257.216936367,16
-1213879.31730305,1935257.216936367,16
-1213416.0045865227,1935257.216936367,16
-1212952.691869995,1935257.216936367,16
-1212489.3791534677,1935257.216936367,16
-1212026.06643694,1935257.216936367,16
-1211562.7537204125,1935257.216936367,16
-1211099.4410038851,1935257.216936367,16
-1210636.1282873575,1935257.216936367,16
-1210172.8155708301,1935257.216936367,16
-1209709.5028543025,1935257.216936367,16
-1209246.1901377751,1935257.216936367,16
-1208782.8774212475,1935257.216936367,16
-1208319.5647047202,1935257.216936367,16
-1207856.2519881926,1935257.216936367,16
-1207392.9392716652,1935257.216936367,16
-1206929.6265551376,1935257.216936367,16
-1206466.3138386102,1935257.216936367,16
-1206003.0011220826,1935257.216936367,16
-1205539.6884055552,1935257.216936367,16
-1205076.3756890276,1935257.216936367,16
-1204613.0629725,1935257.216936367,16
-1204149.7502559726,1935257.216936367,16
-1203686.4375394452,1935257.216936367,16
-1203223.1248229176,1935257.216936367,16
-1202759.81210639,1935257.216936367,16
-1202296.4993898626,1935257.216936367,16
-1201833.186673335,1935257.216936367,16
-1201369.8739568077,1935257.216936367,16
-1200906.56124028,1935257.216936367,16
-1200443.2485237527,1935257.216936367,7
-1199979.935807225,1935257.216936367,7
-1199516.6230906977,1935257.216936367,7
-1199053.31037417,1935257.216936367,16
-1198589.9976576427,1935257.216936367,16
-1198126.684941115,1935257.216936367,16
-1197663.3722245875,1935257.216936367,16
-1197200.05950806,1935257.216936367,16
-1196736.7467915327,1935257.216936367,16
-1196273.4340750051,1935257.216936367,16
-1195810.1213584775,1935257.216936367,10
-1195346.8086419501,1935257.216936367,10
-1194883.4959254225,1935257.216936367,16
-1194420.1832088951,1935257.216936367,16
-1193956.8704923675,1935257.216936367,16
-1193493.5577758402,1935257.216936367,16
-1193030.2450593126,1935257.216936367,16
-1192566.9323427852,1935257.216936367,16
-1192103.6196262576,1935257.216936367,16
-1191640.3069097302,1935257.216936367,16
-1191176.9941932026,1935257.216936367,16
-1190713.6814766752,1935257.216936367,16
-1190250.3687601476,1935257.216936367,16
-1189787.0560436202,1935257.216936367,16
-1189323.7433270926,1935257.216936367,16
-1188860.430610565,1935257.216936367,16
-1188397.1178940376,1935257.216936367,16
-1187933.80517751,1935257.216936367,16
-1187470.4924609826,1935257.216936367,16
-1187007.179744455,1935257.216936367,16
-1186543.8670279277,1935257.216936367,16
-1186080.5543114,1935257.216936367,16
-1185617.2415948727,1935257.216936367,16
-1185153.928878345,1935257.216936367,16
-1184690.6161618177,1935257.216936367,16
-1184227.30344529,1935257.216936367,16
-1183763.9907287627,1935257.216936367,16
-1183300.678012235,1935257.216936367,16
-1182837.3652957077,1935257.216936367,16
-1182374.05257918,1935257.216936367,16
-1181910.7398626525,1935257.216936367,16
-1181447.4271461251,1935257.216936367,16
-1180984.1144295975,1935257.216936367,16
-1180520.8017130701,1935257.216936367,16
-1180057.4889965425,1935257.216936367,16
-1179594.1762800151,1935257.216936367,16
-1179130.8635634875,1935257.216936367,16
-1178667.5508469602,1935257.216936367,16
-1178204.2381304326,1935257.216936367,16
-1177740.9254139052,1935257.216936367,16
-1177277.6126973776,1935257.216936367,16
-1176814.2999808502,1935257.216936367,16
-1176350.9872643226,1935257.216936367,16
-1175887.6745477952,1935257.216936367,16
-1175424.3618312676,1935257.216936367,16
-1174961.04911474,1935257.216936367,16
-1174497.7363982126,1935257.216936367,16
-1174034.4236816852,1935257.216936367,16
-1173571.1109651576,1935257.216936367,16
-1173107.79824863,1935257.216936367,16
-1172644.4855321026,1935257.216936367,16
-1172181.172815575,1935257.216936367,16
-1171717.8600990477,1935257.216936367,16
-1171254.54738252,1935257.216936367,16
-1170791.2346659927,1935257.216936367,16
-1170327.921949465,1935257.216936367,16
-1169864.6092329377,1935257.216936367,16
-1169401.29651641,1935257.216936367,16
-1168937.9837998827,1935257.216936367,16
-1168474.671083355,1935257.216936367,16
-1168011.3583668275,1935257.216936367,16
-1167548.0456503,1935257.216936367,16
-1167084.7329337727,1935257.216936367,16
-1166621.4202172451,1935257.216936367,16
-1219902.3826179076,1934793.9042198397,16
-1219439.0699013802,1934793.9042198397,16
-1218975.7571848526,1934793.9042198397,16
-1218512.444468325,1934793.9042198397,16
-1218049.1317517976,1934793.9042198397,16
-1217585.81903527,1934793.9042198397,16
-1217122.5063187426,1934793.9042198397,16
-1216659.193602215,1934793.9042198397,16
-1216195.8808856877,1934793.9042198397,16
-1215732.56816916,1934793.9042198397,16
-1215269.2554526327,1934793.9042198397,16
-1214805.942736105,1934793.9042198397,16
-1214342.6300195777,1934793.9042198397,16
-1213879.31730305,1934793.9042198397,16
-1213416.0045865227,1934793.9042198397,16
-1212952.691869995,1934793.9042198397,16
-1212489.3791534677,1934793.9042198397,16
-1212026.06643694,1934793.9042198397,16
-1211562.7537204125,1934793.9042198397,16
-1211099.4410038851,1934793.9042198397,16
-1210636.1282873575,1934793.9042198397,16
-1210172.8155708301,1934793.9042198397,16
-1209709.5028543025,1934793.9042198397,16
-1209246.1901377751,1934793.9042198397,16
-1208782.8774212475,1934793.9042198397,16
-1208319.5647047202,1934793.9042198397,7
-1207856.2519881926,1934793.9042198397,10
-1207392.9392716652,1934793.9042198397,7
-1206929.6265551376,1934793.9042198397,10
-1206466.3138386102,1934793.9042198397,16
-1206003.0011220826,1934793.9042198397,16
-1205539.6884055552,1934793.9042198397,16
-1205076.3756890276,1934793.9042198397,16
-1204613.0629725,1934793.9042198397,16
-1204149.7502559726,1934793.9042198397,16
-1203686.4375394452,1934793.9042198397,16
-1203223.1248229176,1934793.9042198397,16
-1202759.81210639,1934793.9042198397,16
-1202296.4993898626,1934793.9042198397,16
-1201833.186673335,1934793.9042198397,16
-1201369.8739568077,1934793.9042198397,16
-1200906.56124028,1934793.9042198397,7
-1200443.2485237527,1934793.9042198397,10
-1199979.935807225,1934793.9042198397,10
-1199516.6230906977,1934793.9042198397,7
-1199053.31037417,1934793.9042198397,10
-1198589.9976576427,1934793.9042198397,16
-1198126.684941115,1934793.9042198397,16
-1197663.3722245875,1934793.9042198397,16
-1197200.05950806,1934793.9042198397,16
-1196736.7467915327,1934793.9042198397,16
-1196273.4340750051,1934793.9042198397,16
-1195810.1213584775,1934793.9042198397,16
-1195346.8086419501,1934793.9042198397,10
-1194883.4959254225,1934793.9042198397,10
-1194420.1832088951,1934793.9042198397,16
-1193956.8704923675,1934793.9042198397,16
-1193493.5577758402,1934793.9042198397,16
-1193030.2450593126,1934793.9042198397,16
-1192566.9323427852,1934793.9042198397,16
-1192103.6196262576,1934793.9042198397,16
-1191640.3069097302,1934793.9042198397,16
-1191176.9941932026,1934793.9042198397,16
-1190713.6814766752,1934793.9042198397,16
-1190250.3687601476,1934793.9042198397,16
-1189787.0560436202,1934793.9042198397,16
-1189323.7433270926,1934793.9042198397,16
-1188860.430610565,1934793.9042198397,16
-1188397.1178940376,1934793.9042198397,16
-1187933.80517751,1934793.9042198397,16
-1187470.4924609826,1934793.9042198397,16
-1187007.179744455,1934793.9042198397,16
-1186543.8670279277,1934793.9042198397,16
-1186080.5543114,1934793.9042198397,16
-1185617.2415948727,1934793.9042198397,16
-1185153.928878345,1934793.9042198397,16
-1184690.6161618177,1934793.9042198397,16
-1184227.30344529,1934793.9042198397,16
-1183763.9907287627,1934793.9042198397,16
-1183300.678012235,1934793.9042198397,16
-1182837.3652957077,1934793.9042198397,16
-1182374.05257918,1934793.9042198397,16
-1181910.7398626525,1934793.9042198397,16
-1181447.4271461251,1934793.9042198397,16
-1180984.1144295975,1934793.9042198397,16
-1180520.8017130701,1934793.9042198397,16
-1180057.4889965425,1934793.9042198397,16
-1179594.1762800151,1934793.9042198397,16
-1179130.8635634875,1934793.9042198397,16
-1178667.5508469602,1934793.9042198397,16
-1178204.2381304326,1934793.9042198397,16
-1177740.9254139052,1934793.9042198397,16
-1177277.6126973776,1934793.9042198397,16
-1176814.2999808502,1934793.9042198397,16
-1176350.9872643226,1934793.9042198397,16
-1175887.6745477952,1934793.9042198397,16
-1175424.3618312676,1934793.9042198397,16
-1174961.04911474,1934793.9042198397,16
-1174497.7363982126,1934793.9042198397,16
-1174034.4236816852,1934793.9042198397,16
-1173571.1109651576,1934793.9042198397,16
-1173107.79824863,1934793.9042198397,16
-1172644.4855321026,1934793.9042198397,16
-1172181.172815575,1934793.9042198397,16
-1171717.8600990477,1934793.9042198397,16
-1171254.54738252,1934793.9042198397,16
-1170791.2346659927,1934793.9042198397,16
-1170327.921949465,1934793.9042198397,16
-1169864.6092329377,1934793.9042198397,16
-1169401.29651641,1934793.9042198397,16
-1168937.9837998827,1934793.9042198397,16
-1168474.671083355,1934793.9042198397,16
-1168011.3583668275,1934793.9042198397,16
-1167548.0456503,1934793.9042198397,16
-1167084.7329337727,1934793.9042198397,16
-1166621.4202172451,1934793.9042198397,16
-1166158.1075007175,1934793.9042198397,16
-1220365.6953344352,1934330.591503312,16
-1219902.3826179076,1934330.591503312,16
-1219439.0699013802,1934330.591503312,16
-1218975.7571848526,1934330.591503312,16
-1218512.444468325,1934330.591503312,16
-1218049.1317517976,1934330.591503312,16
-1217585.81903527,1934330.591503312,16
-1217122.5063187426,1934330.591503312,16
-1216659.193602215,1934330.591503312,16
-1216195.8808856877,1934330.591503312,16
-1215732.56816916,1934330.591503312,16
-1215269.2554526327,1934330.591503312,16
-1214805.942736105,1934330.591503312,16
-1214342.6300195777,1934330.591503312,16
-1213879.31730305,1934330.591503312,16
-1213416.0045865227,1934330.591503312,16
-1212952.691869995,1934330.591503312,16
-1212489.3791534677,1934330.591503312,16
-1212026.06643694,1934330.591503312,16
-1211562.7537204125,1934330.591503312,16
-1211099.4410038851,1934330.591503312,16
-1210636.1282873575,1934330.591503312,16
-1210172.8155708301,1934330.591503312,16
-1209709.5028543025,1934330.591503312,16
-1209246.1901377751,1934330.591503312,16
-1208782.8774212475,1934330.591503312,16
-1208319.5647047202,1934330.591503312,7
-1207856.2519881926,1934330.591503312,10
-1207392.9392716652,1934330.591503312,10
-1206929.6265551376,1934330.591503312,7
-1206466.3138386102,1934330.591503312,10
-1206003.0011220826,1934330.591503312,16
-1205539.6884055552,1934330.591503312,16
-1205076.3756890276,1934330.591503312,16
-1204613.0629725,1934330.591503312,16
-1204149.7502559726,1934330.591503312,16
-1203686.4375394452,1934330.591503312,16
-1203223.1248229176,1934330.591503312,16
-1202759.81210639,1934330.591503312,16
-1202296.4993898626,1934330.591503312,16
-1201833.186673335,1934330.591503312,16
-1201369.8739568077,1934330.591503312,16
-1200906.56124028,1934330.591503312,16
-1200443.2485237527,1934330.591503312,16
-1199979.935807225,1934330.591503312,7
-1199516.6230906977,1934330.591503312,7
-1199053.31037417,1934330.591503312,16
-1198589.9976576427,1934330.591503312,16
-1198126.684941115,1934330.591503312,16
-1197663.3722245875,1934330.591503312,16
-1197200.05950806,1934330.591503312,16
-1196736.7467915327,1934330.591503312,16
-1196273.4340750051,1934330.591503312,16
-1195810.1213584775,1934330.591503312,16
-1195346.8086419501,1934330.591503312,16
-1194883.4959254225,1934330.591503312,10
-1194420.1832088951,1934330.591503312,16
-1193956.8704923675,1934330.591503312,16
-1193493.5577758402,1934330.591503312,16
-1193030.2450593126,1934330.591503312,16
-1192566.9323427852,1934330.591503312,16
-1192103.6196262576,1934330.591503312,16
-1191640.3069097302,1934330.591503312,16
-1191176.9941932026,1934330.591503312,16
-1190713.6814766752,1934330.591503312,16
-1190250.3687601476,1934330.591503312,16
-1189787.0560436202,1934330.591503312,16
-1189323.7433270926,1934330.591503312,16
-1188860.430610565,1934330.591503312,16
-1188397.1178940376,1934330.591503312,16
-1187933.80517751,1934330.591503312,16
-1187470.4924609826,1934330.591503312,16
-1187007.179744455,1934330.591503312,16
-1186543.8670279277,1934330.591503312,16
-1186080.5543114,1934330.591503312,16
-1185617.2415948727,1934330.591503312,16
-1185153.928878345,1934330.591503312,16
-1184690.6161618177,1934330.591503312,16
-1184227.30344529,1934330.591503312,16
-1183763.9907287627,1934330.591503312,16
-1183300.678012235,1934330.591503312,16
-1182837.3652957077,1934330.591503312,16
-1182374.05257918,1934330.591503312,16
-1181910.7398626525,1934330.591503312,16
-1181447.4271461251,1934330.591503312,16
-1180984.1144295975,1934330.591503312,16
-1180520.8017130701,1934330.591503312,16
-1180057.4889965425,1934330.591503312,16
-1179594.1762800151,1934330.591503312,16
-1179130.8635634875,1934330.591503312,16
-1178667.5508469602,1934330.591503312,16
-1178204.2381304326,1934330.591503312,16
-1177740.9254139052,1934330.591503312,16
-1177277.6126973776,1934330.591503312,16
-1176814.2999808502,1934330.591503312,16
-1176350.9872643226,1934330.591503312,16
-1175887.6745477952,1934330.591503312,16
-1175424.3618312676,1934330.591503312,16
-1174961.04911474,1934330.591503312,16
-1174497.7363982126,1934330.591503312,16
-1174034.4236816852,1934330.591503312,16
-1173571.1109651576,1934330.591503312,16
-1173107.79824863,1934330.591503312,16
-1172644.4855321026,1934330.591503312,16
-1172181.172815575,1934330.591503312,16
-1171717.8600990477,1934330.591503312,16
-1171254.54738252,1934330.591503312,16
-1170791.2346659927,1934330.591503312,16
-1170327.921949465,1934330.591503312,16
-1169864.6092329377,1934330.591503312,16
-1169401.29651641,1934330.591503312,16
-1168937.9837998827,1934330.591503312,16
-1168474.671083355,1934330.591503312,16
-1168011.3583668275,1934330.591503312,16
-1167548.0456503,1934330.591503312,16
-1167084.7329337727,1934330.591503312,16
-1166621.4202172451,1934330.591503312,16
-1166158.1075007175,1934330.591503312,16
-1220829.0080509626,1933867.2787867847,16
-1220365.6953344352,1933867.2787867847,16
-1219902.3826179076,1933867.2787867847,16
-1219439.0699013802,1933867.2787867847,16
-1218975.7571848526,1933867.2787867847,16
-1218512.444468325,1933867.2787867847,16
-1218049.1317517976,1933867.2787867847,16
-1217585.81903527,1933867.2787867847,16
-1217122.5063187426,1933867.2787867847,16
-1216659.193602215,1933867.2787867847,16
-1216195.8808856877,1933867.2787867847,16
-1215732.56816916,1933867.2787867847,16
-1215269.2554526327,1933867.2787867847,16
-1214805.942736105,1933867.2787867847,16
-1214342.6300195777,1933867.2787867847,16
-1213879.31730305,1933867.2787867847,16
-1213416.0045865227,1933867.2787867847,16
-1212952.691869995,1933867.2787867847,16
-1212489.3791534677,1933867.2787867847,16
-1212026.06643694,1933867.2787867847,16
-1211562.7537204125,1933867.2787867847,16
-1211099.4410038851,1933867.2787867847,16
-1210636.1282873575,1933867.2787867847,16
-1210172.8155708301,1933867.2787867847,16
-1209709.5028543025,1933867.2787867847,16
-1209246.1901377751,1933867.2787867847,16
-1208782.8774212475,1933867.2787867847,16
-1208319.5647047202,1933867.2787867847,10
-1207856.2519881926,1933867.2787867847,16
-1207392.9392716652,1933867.2787867847,16
-1206929.6265551376,1933867.2787867847,16
-1206466.3138386102,1933867.2787867847,10
-1206003.0011220826,1933867.2787867847,10
-1205539.6884055552,1933867.2787867847,16
-1205076.3756890276,1933867.2787867847,16
-1204613.0629725,1933867.2787867847,16
-1204149.7502559726,1933867.2787867847,16
-1203686.4375394452,1933867.2787867847,16
-1203223.1248229176,1933867.2787867847,16
-1202759.81210639,1933867.2787867847,16
-1202296.4993898626,1933867.2787867847,16
-1201833.186673335,1933867.2787867847,16
-1201369.8739568077,1933867.2787867847,16
-1200906.56124028,1933867.2787867847,16
-1200443.2485237527,1933867.2787867847,16
-1199979.935807225,1933867.2787867847,16
-1199516.6230906977,1933867.2787867847,16
-1199053.31037417,1933867.2787867847,16
-1198589.9976576427,1933867.2787867847,16
-1198126.684941115,1933867.2787867847,16
-1197663.3722245875,1933867.2787867847,16
-1197200.05950806,1933867.2787867847,16
-1196736.7467915327,1933867.2787867847,16
-1196273.4340750051,1933867.2787867847,16
-1195810.1213584775,1933867.2787867847,16
-1195346.8086419501,1933867.2787867847,16
-1194883.4959254225,1933867.2787867847,10
-1194420.1832088951,1933867.2787867847,10
-1193956.8704923675,1933867.2787867847,16
-1193493.5577758402,1933867.2787867847,16
-1193030.2450593126,1933867.2787867847,16
-1192566.9323427852,1933867.2787867847,16
-1192103.6196262576,1933867.2787867847,16
-1191640.3069097302,1933867.2787867847,16
-1191176.9941932026,1933867.2787867847,16
-1190713.6814766752,1933867.2787867847,16
-1190250.3687601476,1933867.2787867847,16
-1189787.0560436202,1933867.2787867847,16
-1189323.7433270926,1933867.2787867847,16
-1188860.430610565,1933867.2787867847,16
-1188397.1178940376,1933867.2787867847,16
-1187933.80517751,1933867.2787867847,16
-1187470.4924609826,1933867.2787867847,16
-1187007.179744455,1933867.2787867847,16
-1186543.8670279277,1933867.2787867847,16
-1186080.5543114,1933867.2787867847,16
-1185617.2415948727,1933867.2787867847,16
-1185153.928878345,1933867.2787867847,16
-1184690.6161618177,1933867.2787867847,16
-1184227.30344529,1933867.2787867847,16
-1183763.9907287627,1933867.2787867847,16
-1183300.678012235,1933867.2787867847,16
-1182837.3652957077,1933867.2787867847,16
-1182374.05257918,1933867.2787867847,16
-1181910.7398626525,1933867.2787867847,16
-1181447.4271461251,1933867.2787867847,16
-1180984.1144295975,1933867.2787867847,16
-1180520.8017130701,1933867.2787867847,16
-1180057.4889965425,1933867.2787867847,16
-1179594.1762800151,1933867.2787867847,16
-1179130.8635634875,1933867.2787867847,16
-1178667.5508469602,1933867.2787867847,16
-1178204.2381304326,1933867.2787867847,16
-1177740.9254139052,1933867.2787867847,16
-1177277.6126973776,1933867.2787867847,16
-1176814.2999808502,1933867.2787867847,16
-1176350.9872643226,1933867.2787867847,16
-1175887.6745477952,1933867.2787867847,16
-1175424.3618312676,1933867.2787867847,16
-1174961.04911474,1933867.2787867847,16
-1174497.7363982126,1933867.2787867847,16
-1174034.4236816852,1933867.2787867847,16
-1173571.1109651576,1933867.2787867847,16
-1173107.79824863,1933867.2787867847,16
-1172644.4855321026,1933867.2787867847,16
-1172181.172815575,1933867.2787867847,16
-1171717.8600990477,1933867.2787867847,16
-1171254.54738252,1933867.2787867847,16
-1170791.2346659927,1933867.2787867847,16
-1170327.921949465,1933867.2787867847,16
-1169864.6092329377,1933867.2787867847,16
-1169401.29651641,1933867.2787867847,16
-1168937.9837998827,1933867.2787867847,16
-1168474.671083355,1933867.2787867847,16
-1168011.3583668275,1933867.2787867847,16
-1167548.0456503,1933867.2787867847,16
-1167084.7329337727,1933867.2787867847,16
-1166621.4202172451,1933867.2787867847,16
-1166158.1075007175,1933867.2787867847,16
-1165694.7947841901,1933867.2787867847,16
-1221755.6334840176,1933403.9660702571,7
-1221292.3207674902,1933403.9660702571,16
-1220829.0080509626,1933403.9660702571,16
-1220365.6953344352,1933403.9660702571,16
-1219902.3826179076,1933403.9660702571,16
-1219439.0699013802,1933403.9660702571,16
-1218975.7571848526,1933403.9660702571,16
-1218512.444468325,1933403.9660702571,16
-1218049.1317517976,1933403.9660702571,16
-1217585.81903527,1933403.9660702571,16
-1217122.5063187426,1933403.9660702571,16
-1216659.193602215,1933403.9660702571,16
-1216195.8808856877,1933403.9660702571,16
-1215732.56816916,1933403.9660702571,16
-1215269.2554526327,1933403.9660702571,16
-1214805.942736105,1933403.9660702571,16
-1214342.6300195777,1933403.9660702571,16
-1213879.31730305,1933403.9660702571,16
-1213416.0045865227,1933403.9660702571,16
-1212952.691869995,1933403.9660702571,16
-1212489.3791534677,1933403.9660702571,16
-1212026.06643694,1933403.9660702571,16
-1211562.7537204125,1933403.9660702571,16
-1211099.4410038851,1933403.9660702571,16
-1210636.1282873575,1933403.9660702571,10
-1210172.8155708301,1933403.9660702571,10
-1209709.5028543025,1933403.9660702571,16
-1209246.1901377751,1933403.9660702571,16
-1208782.8774212475,1933403.9660702571,16
-1208319.5647047202,1933403.9660702571,10
-1207856.2519881926,1933403.9660702571,16
-1207392.9392716652,1933403.9660702571,16
-1206929.6265551376,1933403.9660702571,16
-1206466.3138386102,1933403.9660702571,16
-1206003.0011220826,1933403.9660702571,16
-1205539.6884055552,1933403.9660702571,16
-1205076.3756890276,1933403.9660702571,16
-1204613.0629725,1933403.9660702571,16
-1204149.7502559726,1933403.9660702571,16
-1203686.4375394452,1933403.9660702571,16
-1203223.1248229176,1933403.9660702571,16
-1202759.81210639,1933403.9660702571,16
-1202296.4993898626,1933403.9660702571,16
-1201833.186673335,1933403.9660702571,16
-1201369.8739568077,1933403.9660702571,16
-1200906.56124028,1933403.9660702571,16
-1200443.2485237527,1933403.9660702571,16
-1199979.935807225,1933403.9660702571,16
-1199516.6230906977,1933403.9660702571,16
-1199053.31037417,1933403.9660702571,16
-1198589.9976576427,1933403.9660702571,16
-1198126.684941115,1933403.9660702571,16
-1197663.3722245875,1933403.9660702571,16
-1197200.05950806,1933403.9660702571,16
-1196736.7467915327,1933403.9660702571,16
-1196273.4340750051,1933403.9660702571,16
-1195810.1213584775,1933403.9660702571,16
-1195346.8086419501,1933403.9660702571,16
-1194883.4959254225,1933403.9660702571,16
-1194420.1832088951,1933403.9660702571,16
-1193956.8704923675,1933403.9660702571,16
-1193493.5577758402,1933403.9660702571,16
-1193030.2450593126,1933403.9660702571,16
-1192566.9323427852,1933403.9660702571,16
-1192103.6196262576,1933403.9660702571,16
-1191640.3069097302,1933403.9660702571,16
-1191176.9941932026,1933403.9660702571,16
-1190713.6814766752,1933403.9660702571,16
-1190250.3687601476,1933403.9660702571,16
-1189787.0560436202,1933403.9660702571,16
-1189323.7433270926,1933403.9660702571,16
-1188860.430610565,1933403.9660702571,16
-1188397.1178940376,1933403.9660702571,16
-1187933.80517751,1933403.9660702571,16
-1187470.4924609826,1933403.9660702571,16
-1187007.179744455,1933403.9660702571,16
-1186543.8670279277,1933403.9660702571,16
-1186080.5543114,1933403.9660702571,16
-1185617.2415948727,1933403.9660702571,16
-1185153.928878345,1933403.9660702571,16
-1184690.6161618177,1933403.9660702571,16
-1184227.30344529,1933403.9660702571,16
-1183763.9907287627,1933403.9660702571,16
-1183300.678012235,1933403.9660702571,16
-1182837.3652957077,1933403.9660702571,16
-1182374.05257918,1933403.9660702571,16
-1181910.7398626525,1933403.9660702571,16
-1181447.4271461251,1933403.9660702571,16
-1180984.1144295975,1933403.9660702571,16
-1180520.8017130701,1933403.9660702571,16
-1180057.4889965425,1933403.9660702571,16
-1179594.1762800151,1933403.9660702571,16
-1179130.8635634875,1933403.9660702571,16
-1178667.5508469602,1933403.9660702571,16
-1178204.2381304326,1933403.9660702571,16
-1177740.9254139052,1933403.9660702571,16
-1177277.6126973776,1933403.9660702571,16
-1176814.2999808502,1933403.9660702571,16
-1176350.9872643226,1933403.9660702571,16
-1175887.6745477952,1933403.9660702571,16
-1175424.3618312676,1933403.9660702571,16
-1174961.04911474,1933403.9660702571,16
-1174497.7363982126,1933403.9660702571,16
-1174034.4236816852,1933403.9660702571,16
-1173571.1109651576,1933403.9660702571,16
-1173107.79824863,1933403.9660702571,16
-1172644.4855321026,1933403.9660702571,16
-1172181.172815575,1933403.9660702571,16
-1171717.8600990477,1933403.9660702571,16
-1171254.54738252,1933403.9660702571,16
-1170791.2346659927,1933403.9660702571,16
-1170327.921949465,1933403.9660702571,16
-1169864.6092329377,1933403.9660702571,16
-1169401.29651641,1933403.9660702571,16
-1168937.9837998827,1933403.9660702571,16
-1168474.671083355,1933403.9660702571,16
-1168011.3583668275,1933403.9660702571,16
-1167548.0456503,1933403.9660702571,16
-1167084.7329337727,1933403.9660702571,16
-1166621.4202172451,1933403.9660702571,16
-1166158.1075007175,1933403.9660702571,16
-1165694.7947841901,1933403.9660702571,16
-1165231.4820676625,1933403.9660702571,16
-1221755.6334840176,1932940.6533537298,7
-1221292.3207674902,1932940.6533537298,7
-1220829.0080509626,1932940.6533537298,10
-1220365.6953344352,1932940.6533537298,16
-1219902.3826179076,1932940.6533537298,16
-1219439.0699013802,1932940.6533537298,16
-1218975.7571848526,1932940.6533537298,16
-1218512.444468325,1932940.6533537298,16
-1218049.1317517976,1932940.6533537298,16
-1217585.81903527,1932940.6533537298,16
-1217122.5063187426,1932940.6533537298,16
-1216659.193602215,1932940.6533537298,16
-1216195.8808856877,1932940.6533537298,16
-1215732.56816916,1932940.6533537298,16
-1215269.2554526327,1932940.6533537298,16
-1214805.942736105,1932940.6533537298,16
-1214342.6300195777,1932940.6533537298,16
-1213879.31730305,1932940.6533537298,16
-1213416.0045865227,1932940.6533537298,16
-1212952.691869995,1932940.6533537298,16
-1212489.3791534677,1932940.6533537298,16
-1212026.06643694,1932940.6533537298,16
-1211562.7537204125,1932940.6533537298,16
-1211099.4410038851,1932940.6533537298,10
-1210636.1282873575,1932940.6533537298,10
-1210172.8155708301,1932940.6533537298,16
-1209709.5028543025,1932940.6533537298,16
-1209246.1901377751,1932940.6533537298,16
-1208782.8774212475,1932940.6533537298,10
-1208319.5647047202,1932940.6533537298,10
-1207856.2519881926,1932940.6533537298,10
-1207392.9392716652,1932940.6533537298,10
-1206929.6265551376,1932940.6533537298,16
-1206466.3138386102,1932940.6533537298,16
-1206003.0011220826,1932940.6533537298,16
-1205539.6884055552,1932940.6533537298,16
-1205076.3756890276,1932940.6533537298,16
-1204613.0629725,1932940.6533537298,16
-1204149.7502559726,1932940.6533537298,16
-1203686.4375394452,1932940.6533537298,16
-1203223.1248229176,1932940.6533537298,16
-1202759.81210639,1932940.6533537298,16
-1202296.4993898626,1932940.6533537298,16
-1201833.186673335,1932940.6533537298,16
-1201369.8739568077,1932940.6533537298,16
-1200906.56124028,1932940.6533537298,16
-1200443.2485237527,1932940.6533537298,16
-1199979.935807225,1932940.6533537298,16
-1199516.6230906977,1932940.6533537298,16
-1199053.31037417,1932940.6533537298,16
-1198589.9976576427,1932940.6533537298,16
-1198126.684941115,1932940.6533537298,16
-1197663.3722245875,1932940.6533537298,16
-1197200.05950806,1932940.6533537298,16
-1196736.7467915327,1932940.6533537298,16
-1196273.4340750051,1932940.6533537298,16
-1195810.1213584775,1932940.6533537298,16
-1195346.8086419501,1932940.6533537298,16
-1194883.4959254225,1932940.6533537298,16
-1194420.1832088951,1932940.6533537298,16
-1193956.8704923675,1932940.6533537298,16
-1193493.5577758402,1932940.6533537298,16
-1193030.2450593126,1932940.6533537298,16
-1192566.9323427852,1932940.6533537298,16
-1192103.6196262576,1932940.6533537298,16
-1191640.3069097302,1932940.6533537298,16
-1191176.9941932026,1932940.6533537298,16
-1190713.6814766752,1932940.6533537298,16
-1190250.3687601476,1932940.6533537298,16
-1189787.0560436202,1932940.6533537298,16
-1189323.7433270926,1932940.6533537298,16
-1188860.430610565,1932940.6533537298,16
-1188397.1178940376,1932940.6533537298,16
-1187933.80517751,1932940.6533537298,16
-1187470.4924609826,1932940.6533537298,16
-1187007.179744455,1932940.6533537298,16
-1186543.8670279277,1932940.6533537298,16
-1186080.5543114,1932940.6533537298,16
-1185617.2415948727,1932940.6533537298,16
-1185153.928878345,1932940.6533537298,16
-1184690.6161618177,1932940.6533537298,16
-1184227.30344529,1932940.6533537298,16
-1183763.9907287627,1932940.6533537298,16
-1183300.678012235,1932940.6533537298,16
-1182837.3652957077,1932940.6533537298,16
-1182374.05257918,1932940.6533537298,16
-1181910.7398626525,1932940.6533537298,16
-1181447.4271461251,1932940.6533537298,16
-1180984.1144295975,1932940.6533537298,16
-1180520.8017130701,1932940.6533537298,16
-1180057.4889965425,1932940.6533537298,16
-1179594.1762800151,1932940.6533537298,16
-1179130.8635634875,1932940.6533537298,16
-1178667.5508469602,1932940.6533537298,16
-1178204.2381304326,1932940.6533537298,16
-1177740.9254139052,1932940.6533537298,16
-1177277.6126973776,1932940.6533537298,16
-1176814.2999808502,1932940.6533537298,16
-1176350.9872643226,1932940.6533537298,16
-1175887.6745477952,1932940.6533537298,16
-1175424.3618312676,1932940.6533537298,16
-1174961.04911474,1932940.6533537298,16
-1174497.7363982126,1932940.6533537298,16
-1174034.4236816852,1932940.6533537298,16
-1173571.1109651576,1932940.6533537298,16
-1173107.79824863,1932940.6533537298,16
-1172644.4855321026,1932940.6533537298,16
-1172181.172815575,1932940.6533537298,16
-1171717.8600990477,1932940.6533537298,16
-1171254.54738252,1932940.6533537298,16
-1170791.2346659927,1932940.6533537298,16
-1170327.921949465,1932940.6533537298,16
-1169864.6092329377,1932940.6533537298,16
-1169401.29651641,1932940.6533537298,16
-1168937.9837998827,1932940.6533537298,16
-1168474.671083355,1932940.6533537298,16
-1168011.3583668275,1932940.6533537298,16
-1167548.0456503,1932940.6533537298,16
-1167084.7329337727,1932940.6533537298,16
-1166621.4202172451,1932940.6533537298,16
-1166158.1075007175,1932940.6533537298,16
-1165694.7947841901,1932940.6533537298,16
-1165231.4820676625,1932940.6533537298,16
-1221755.6334840176,1932477.3406372021,7
-1221292.3207674902,1932477.3406372021,7
-1220829.0080509626,1932477.3406372021,16
-1220365.6953344352,1932477.3406372021,16
-1219902.3826179076,1932477.3406372021,16
-1219439.0699013802,1932477.3406372021,16
-1218975.7571848526,1932477.3406372021,16
-1218512.444468325,1932477.3406372021,16
-1218049.1317517976,1932477.3406372021,16
-1217585.81903527,1932477.3406372021,16
-1217122.5063187426,1932477.3406372021,16
-1216659.193602215,1932477.3406372021,16
-1216195.8808856877,1932477.3406372021,16
-1215732.56816916,1932477.3406372021,16
-1215269.2554526327,1932477.3406372021,16
-1214805.942736105,1932477.3406372021,16
-1214342.6300195777,1932477.3406372021,16
-1213879.31730305,1932477.3406372021,16
-1213416.0045865227,1932477.3406372021,16
-1212952.691869995,1932477.3406372021,16
-1212489.3791534677,1932477.3406372021,16
-1212026.06643694,1932477.3406372021,16
-1211562.7537204125,1932477.3406372021,16
-1211099.4410038851,1932477.3406372021,10
-1210636.1282873575,1932477.3406372021,16
-1210172.8155708301,1932477.3406372021,16
-1209709.5028543025,1932477.3406372021,16
-1209246.1901377751,1932477.3406372021,16
-1208782.8774212475,1932477.3406372021,7
-1208319.5647047202,1932477.3406372021,7
-1207856.2519881926,1932477.3406372021,7
-1207392.9392716652,1932477.3406372021,16
-1206929.6265551376,1932477.3406372021,16
-1206466.3138386102,1932477.3406372021,16
-1206003.0011220826,1932477.3406372021,16
-1205539.6884055552,1932477.3406372021,16
-1205076.3756890276,1932477.3406372021,16
-1204613.0629725,1932477.3406372021,16
-1204149.7502559726,1932477.3406372021,16
-1203686.4375394452,1932477.3406372021,16
-1203223.1248229176,1932477.3406372021,16
-1202759.81210639,1932477.3406372021,16
-1202296.4993898626,1932477.3406372021,16
-1201833.186673335,1932477.3406372021,16
-1201369.8739568077,1932477.3406372021,16
-1200906.56124028,1932477.3406372021,16
-1200443.2485237527,1932477.3406372021,16
-1199979.935807225,1932477.3406372021,16
-1199516.6230906977,1932477.3406372021,16
-1199053.31037417,1932477.3406372021,16
-1198589.9976576427,1932477.3406372021,16
-1198126.684941115,1932477.3406372021,16
-1197663.3722245875,1932477.3406372021,16
-1197200.05950806,1932477.3406372021,16
-1196736.7467915327,1932477.3406372021,16
-1196273.4340750051,1932477.3406372021,16
-1195810.1213584775,1932477.3406372021,16
-1195346.8086419501,1932477.3406372021,16
-1194883.4959254225,1932477.3406372021,16
-1194420.1832088951,1932477.3406372021,16
-1193956.8704923675,1932477.3406372021,16
-1193493.5577758402,1932477.3406372021,16
-1193030.2450593126,1932477.3406372021,16
-1192566.9323427852,1932477.3406372021,16
-1192103.6196262576,1932477.3406372021,16
-1191640.3069097302,1932477.3406372021,16
-1191176.9941932026,1932477.3406372021,16
-1190713.6814766752,1932477.3406372021,16
-1190250.3687601476,1932477.3406372021,16
-1189787.0560436202,1932477.3406372021,16
-1189323.7433270926,1932477.3406372021,16
-1188860.430610565,1932477.3406372021,16
-1188397.1178940376,1932477.3406372021,16
-1187933.80517751,1932477.3406372021,16
-1187470.4924609826,1932477.3406372021,16
-1187007.179744455,1932477.3406372021,16
-1186543.8670279277,1932477.3406372021,16
-1186080.5543114,1932477.3406372021,16
-1185617.2415948727,1932477.3406372021,16
-1185153.928878345,1932477.3406372021,16
-1184690.6161618177,1932477.3406372021,16
-1184227.30344529,1932477.3406372021,16
-1183763.9907287627,1932477.3406372021,16
-1183300.678012235,1932477.3406372021,16
-1182837.3652957077,1932477.3406372021,16
-1182374.05257918,1932477.3406372021,16
-1181910.7398626525,1932477.3406372021,16
-1181447.4271461251,1932477.3406372021,16
-1180984.1144295975,1932477.3406372021,16
-1180520.8017130701,1932477.3406372021,16
-1180057.4889965425,1932477.3406372021,16
-1179594.1762800151,1932477.3406372021,16
-1179130.8635634875,1932477.3406372021,16
-1178667.5508469602,1932477.3406372021,16
-1178204.2381304326,1932477.3406372021,16
-1177740.9254139052,1932477.3406372021,16
-1177277.6126973776,1932477.3406372021,16
-1176814.2999808502,1932477.3406372021,16
-1176350.9872643226,1932477.3406372021,16
-1175887.6745477952,1932477.3406372021,16
-1175424.3618312676,1932477.3406372021,16
-1174961.04911474,1932477.3406372021,16
-1174497.7363982126,1932477.3406372021,16
-1174034.4236816852,1932477.3406372021,16
-1173571.1109651576,1932477.3406372021,16
-1173107.79824863,1932477.3406372021,16
-1172644.4855321026,1932477.3406372021,16
-1172181.172815575,1932477.3406372021,16
-1171717.8600990477,1932477.3406372021,16
-1171254.54738252,1932477.3406372021,16
-1170791.2346659927,1932477.3406372021,16
-1170327.921949465,1932477.3406372021,16
-1169864.6092329377,1932477.3406372021,16
-1169401.29651641,1932477.3406372021,16
-1168937.9837998827,1932477.3406372021,16
-1168474.671083355,1932477.3406372021,16
-1168011.3583668275,1932477.3406372021,16
-1167548.0456503,1932477.3406372021,16
-1167084.7329337727,1932477.3406372021,16
-1166621.4202172451,1932477.3406372021,16
-1166158.1075007175,1932477.3406372021,16
-1165694.7947841901,1932477.3406372021,16
-1165231.4820676625,1932477.3406372021,16
-1221755.6334840176,1932014.0279206748,7
-1221292.3207674902,1932014.0279206748,16
-1220829.0080509626,1932014.0279206748,16
-1220365.6953344352,1932014.0279206748,16
-1219902.3826179076,1932014.0279206748,16
-1219439.0699013802,1932014.0279206748,16
-1218975.7571848526,1932014.0279206748,16
-1218512.444468325,1932014.0279206748,16
-1218049.1317517976,1932014.0279206748,16
-1217585.81903527,1932014.0279206748,16
-1217122.5063187426,1932014.0279206748,16
-1216659.193602215,1932014.0279206748,16
-1216195.8808856877,1932014.0279206748,16
-1215732.56816916,1932014.0279206748,16
-1215269.2554526327,1932014.0279206748,16
-1214805.942736105,1932014.0279206748,16
-1214342.6300195777,1932014.0279206748,16
-1213879.31730305,1932014.0279206748,16
-1213416.0045865227,1932014.0279206748,16
-1212952.691869995,1932014.0279206748,16
-1212489.3791534677,1932014.0279206748,16
-1212026.06643694,1932014.0279206748,16
-1211562.7537204125,1932014.0279206748,16
-1211099.4410038851,1932014.0279206748,16
-1210636.1282873575,1932014.0279206748,16
-1210172.8155708301,1932014.0279206748,16
-1209709.5028543025,1932014.0279206748,16
-1209246.1901377751,1932014.0279206748,10
-1208782.8774212475,1932014.0279206748,16
-1208319.5647047202,1932014.0279206748,16
-1207856.2519881926,1932014.0279206748,16
-1207392.9392716652,1932014.0279206748,16
-1206929.6265551376,1932014.0279206748,16
-1206466.3138386102,1932014.0279206748,16
-1206003.0011220826,1932014.0279206748,16
-1205539.6884055552,1932014.0279206748,16
-1205076.3756890276,1932014.0279206748,16
-1204613.0629725,1932014.0279206748,16
-1204149.7502559726,1932014.0279206748,16
-1203686.4375394452,1932014.0279206748,16
-1203223.1248229176,1932014.0279206748,16
-1202759.81210639,1932014.0279206748,16
-1202296.4993898626,1932014.0279206748,16
-1201833.186673335,1932014.0279206748,16
-1201369.8739568077,1932014.0279206748,16
-1200906.56124028,1932014.0279206748,16
-1200443.2485237527,1932014.0279206748,16
-1199979.935807225,1932014.0279206748,16
-1199516.6230906977,1932014.0279206748,16
-1199053.31037417,1932014.0279206748,16
-1198589.9976576427,1932014.0279206748,16
-1198126.684941115,1932014.0279206748,16
-1197663.3722245875,1932014.0279206748,16
-1197200.05950806,1932014.0279206748,16
-1196736.7467915327,1932014.0279206748,16
-1196273.4340750051,1932014.0279206748,16
-1195810.1213584775,1932014.0279206748,16
-1195346.8086419501,1932014.0279206748,16
-1194883.4959254225,1932014.0279206748,16
-1194420.1832088951,1932014.0279206748,16
-1193956.8704923675,1932014.0279206748,16
-1193493.5577758402,1932014.0279206748,16
-1193030.2450593126,1932014.0279206748,16
-1192566.9323427852,1932014.0279206748,16
-1192103.6196262576,1932014.0279206748,16
-1191640.3069097302,1932014.0279206748,16
-1191176.9941932026,1932014.0279206748,16
-1190713.6814766752,1932014.0279206748,16
-1190250.3687601476,1932014.0279206748,16
-1189787.0560436202,1932014.0279206748,16
-1189323.7433270926,1932014.0279206748,16
-1188860.430610565,1932014.0279206748,16
-1188397.1178940376,1932014.0279206748,16
-1187933.80517751,1932014.0279206748,16
-1187470.4924609826,1932014.0279206748,16
-1187007.179744455,1932014.0279206748,16
-1186543.8670279277,1932014.0279206748,16
-1186080.5543114,1932014.0279206748,16
-1185617.2415948727,1932014.0279206748,16
-1185153.928878345,1932014.0279206748,16
-1184690.6161618177,1932014.0279206748,16
-1184227.30344529,1932014.0279206748,16
-1183763.9907287627,1932014.0279206748,16
-1183300.678012235,1932014.0279206748,16
-1182837.3652957077,1932014.0279206748,16
-1182374.05257918,1932014.0279206748,16
-1181910.7398626525,1932014.0279206748,16
-1181447.4271461251,1932014.0279206748,16
-1180984.1144295975,1932014.0279206748,16
-1180520.8017130701,1932014.0279206748,16
-1180057.4889965425,1932014.0279206748,16
-1179594.1762800151,1932014.0279206748,16
-1179130.8635634875,1932014.0279206748,16
-1178667.5508469602,1932014.0279206748,16
-1178204.2381304326,1932014.0279206748,16
-1177740.9254139052,1932014.0279206748,16
-1177277.6126973776,1932014.0279206748,16
-1176814.2999808502,1932014.0279206748,16
-1176350.9872643226,1932014.0279206748,16
-1175887.6745477952,1932014.0279206748,16
-1175424.3618312676,1932014.0279206748,16
-1174961.04911474,1932014.0279206748,16
-1174497.7363982126,1932014.0279206748,16
-1174034.4236816852,1932014.0279206748,16
-1173571.1109651576,1932014.0279206748,16
-1173107.79824863,1932014.0279206748,16
-1172644.4855321026,1932014.0279206748,16
-1172181.172815575,1932014.0279206748,16
-1171717.8600990477,1932014.0279206748,16
-1171254.54738252,1932014.0279206748,16
-1170791.2346659927,1932014.0279206748,16
-1170327.921949465,1932014.0279206748,16
-1169864.6092329377,1932014.0279206748,16
-1169401.29651641,1932014.0279206748,16
-1168937.9837998827,1932014.0279206748,16
-1168474.671083355,1932014.0279206748,16
-1168011.3583668275,1932014.0279206748,16
-1167548.0456503,1932014.0279206748,16
-1167084.7329337727,1932014.0279206748,16
-1166621.4202172451,1932014.0279206748,16
-1166158.1075007175,1932014.0279206748,16
-1165694.7947841901,1932014.0279206748,16
-1165231.4820676625,1932014.0279206748,16
-1221755.6334840176,1931550.7152041472,16
-1221292.3207674902,1931550.7152041472,16
-1220829.0080509626,1931550.7152041472,16
-1220365.6953344352,1931550.7152041472,16
-1219902.3826179076,1931550.7152041472,16
-1219439.0699013802,1931550.7152041472,16
-1218975.7571848526,1931550.7152041472,16
-1218512.444468325,1931550.7152041472,16
-1218049.1317517976,1931550.7152041472,16
-1217585.81903527,1931550.7152041472,16
-1217122.5063187426,1931550.7152041472,16
-1216659.193602215,1931550.7152041472,16
-1216195.8808856877,1931550.7152041472,16
-1215732.56816916,1931550.7152041472,16
-1215269.2554526327,1931550.7152041472,16
-1214805.942736105,1931550.7152041472,16
-1214342.6300195777,1931550.7152041472,16
-1213879.31730305,1931550.7152041472,16
-1213416.0045865227,1931550.7152041472,16
-1212952.691869995,1931550.7152041472,16
-1212489.3791534677,1931550.7152041472,16
-1212026.06643694,1931550.7152041472,10
-1211562.7537204125,1931550.7152041472,16
-1211099.4410038851,1931550.7152041472,16
-1210636.1282873575,1931550.7152041472,16
-1210172.8155708301,1931550.7152041472,16
-1209709.5028543025,1931550.7152041472,16
-1209246.1901377751,1931550.7152041472,16
-1208782.8774212475,1931550.7152041472,16
-1208319.5647047202,1931550.7152041472,16
-1207856.2519881926,1931550.7152041472,16
-1207392.9392716652,1931550.7152041472,16
-1206929.6265551376,1931550.7152041472,16
-1206466.3138386102,1931550.7152041472,16
-1206003.0011220826,1931550.7152041472,16
-1205539.6884055552,1931550.7152041472,16
-1205076.3756890276,1931550.7152041472,16
-1204613.0629725,1931550.7152041472,16
-1204149.7502559726,1931550.7152041472,16
-1203686.4375394452,1931550.7152041472,16
-1203223.1248229176,1931550.7152041472,16
-1202759.81210639,1931550.7152041472,16
-1202296.4993898626,1931550.7152041472,16
-1201833.186673335,1931550.7152041472,16
-1201369.8739568077,1931550.7152041472,16
-1200906.56124028,1931550.7152041472,16
-1200443.2485237527,1931550.7152041472,16
-1199979.935807225,1931550.7152041472,16
-1199516.6230906977,1931550.7152041472,16
-1199053.31037417,1931550.7152041472,16
-1198589.9976576427,1931550.7152041472,16
-1198126.684941115,1931550.7152041472,16
-1197663.3722245875,1931550.7152041472,16
-1197200.05950806,1931550.7152041472,16
-1196736.7467915327,1931550.7152041472,16
-1196273.4340750051,1931550.7152041472,16
-1195810.1213584775,1931550.7152041472,16
-1195346.8086419501,1931550.7152041472,16
-1194883.4959254225,1931550.7152041472,16
-1194420.1832088951,1931550.7152041472,16
-1193956.8704923675,1931550.7152041472,16
-1193493.5577758402,1931550.7152041472,16
-1193030.2450593126,1931550.7152041472,16
-1192566.9323427852,1931550.7152041472,16
-1192103.6196262576,1931550.7152041472,16
-1191640.3069097302,1931550.7152041472,16
-1191176.9941932026,1931550.7152041472,16
-1190713.6814766752,1931550.7152041472,16
-1190250.3687601476,1931550.7152041472,16
-1189787.0560436202,1931550.7152041472,16
-1189323.7433270926,1931550.7152041472,16
-1188860.430610565,1931550.7152041472,16
-1188397.1178940376,1931550.7152041472,16
-1187933.80517751,1931550.7152041472,16
-1187470.4924609826,1931550.7152041472,16
-1187007.179744455,1931550.7152041472,16
-1186543.8670279277,1931550.7152041472,16
-1186080.5543114,1931550.7152041472,16
-1185617.2415948727,1931550.7152041472,16
-1185153.928878345,1931550.7152041472,16
-1184690.6161618177,1931550.7152041472,16
-1184227.30344529,1931550.7152041472,16
-1183763.9907287627,1931550.7152041472,16
-1183300.678012235,1931550.7152041472,16
-1182837.3652957077,1931550.7152041472,16
-1182374.05257918,1931550.7152041472,16
-1181910.7398626525,1931550.7152041472,16
-1181447.4271461251,1931550.7152041472,16
-1180984.1144295975,1931550.7152041472,16
-1180520.8017130701,1931550.7152041472,16
-1180057.4889965425,1931550.7152041472,16
-1179594.1762800151,1931550.7152041472,16
-1179130.8635634875,1931550.7152041472,16
-1178667.5508469602,1931550.7152041472,16
-1178204.2381304326,1931550.7152041472,16
-1177740.9254139052,1931550.7152041472,16
-1177277.6126973776,1931550.7152041472,16
-1176814.2999808502,1931550.7152041472,16
-1176350.9872643226,1931550.7152041472,16
-1175887.6745477952,1931550.7152041472,16
-1175424.3618312676,1931550.7152041472,16
-1174961.04911474,1931550.7152041472,16
-1174497.7363982126,1931550.7152041472,16
-1174034.4236816852,1931550.7152041472,16
-1173571.1109651576,1931550.7152041472,16
-1173107.79824863,1931550.7152041472,16
-1172644.4855321026,1931550.7152041472,16
-1172181.172815575,1931550.7152041472,16
-1171717.8600990477,1931550.7152041472,16
-1171254.54738252,1931550.7152041472,16
-1170791.2346659927,1931550.7152041472,16
-1170327.921949465,1931550.7152041472,16
-1169864.6092329377,1931550.7152041472,16
-1169401.29651641,1931550.7152041472,16
-1168937.9837998827,1931550.7152041472,16
-1168474.671083355,1931550.7152041472,16
-1168011.3583668275,1931550.7152041472,16
-1167548.0456503,1931550.7152041472,16
-1167084.7329337727,1931550.7152041472,16
-1166621.4202172451,1931550.7152041472,16
-1166158.1075007175,1931550.7152041472,16
-1165694.7947841901,1931550.7152041472,16
-1165231.4820676625,1931550.7152041472,16
-1222218.9462005452,1931087.4024876198,10
-1221755.6334840176,1931087.4024876198,16
-1221292.3207674902,1931087.4024876198,16
-1220829.0080509626,1931087.4024876198,16
-1220365.6953344352,1931087.4024876198,16
-1219902.3826179076,1931087.4024876198,16
-1219439.0699013802,1931087.4024876198,16
-1218975.7571848526,1931087.4024876198,16
-1218512.444468325,1931087.4024876198,16
-1218049.1317517976,1931087.4024876198,16
-1217585.81903527,1931087.4024876198,16
-1217122.5063187426,1931087.4024876198,16
-1216659.193602215,1931087.4024876198,16
-1216195.8808856877,1931087.4024876198,16
-1215732.56816916,1931087.4024876198,16
-1215269.2554526327,1931087.4024876198,16
-1214805.942736105,1931087.4024876198,16
-1214342.6300195777,1931087.4024876198,16
-1213879.31730305,1931087.4024876198,16
-1213416.0045865227,1931087.4024876198,16
-1212952.691869995,1931087.4024876198,16
-1212489.3791534677,1931087.4024876198,10
-1212026.06643694,1931087.4024876198,16
-1211562.7537204125,1931087.4024876198,16
-1211099.4410038851,1931087.4024876198,16
-1210636.1282873575,1931087.4024876198,16
-1210172.8155708301,1931087.4024876198,16
-1209709.5028543025,1931087.4024876198,16
-1209246.1901377751,1931087.4024876198,16
-1208782.8774212475,1931087.4024876198,16
-1208319.5647047202,1931087.4024876198,16
-1207856.2519881926,1931087.4024876198,16
-1207392.9392716652,1931087.4024876198,16
-1206929.6265551376,1931087.4024876198,16
-1206466.3138386102,1931087.4024876198,16
-1206003.0011220826,1931087.4024876198,16
-1205539.6884055552,1931087.4024876198,16
-1205076.3756890276,1931087.4024876198,16
-1204613.0629725,1931087.4024876198,16
-1204149.7502559726,1931087.4024876198,16
-1203686.4375394452,1931087.4024876198,16
-1203223.1248229176,1931087.4024876198,16
-1202759.81210639,1931087.4024876198,16
-1202296.4993898626,1931087.4024876198,16
-1201833.186673335,1931087.4024876198,16
-1201369.8739568077,1931087.4024876198,16
-1200906.56124028,1931087.4024876198,16
-1200443.2485237527,1931087.4024876198,16
-1199979.935807225,1931087.4024876198,16
-1199516.6230906977,1931087.4024876198,16
-1199053.31037417,1931087.4024876198,16
-1198589.9976576427,1931087.4024876198,16
-1198126.684941115,1931087.4024876198,16
-1197663.3722245875,1931087.4024876198,16
-1197200.05950806,1931087.4024876198,16
-1196736.7467915327,1931087.4024876198,16
-1196273.4340750051,1931087.4024876198,16
-1195810.1213584775,1931087.4024876198,16
-1195346.8086419501,1931087.4024876198,16
-1194883.4959254225,1931087.4024876198,16
-1194420.1832088951,1931087.4024876198,16
-1193956.8704923675,1931087.4024876198,16
-1193493.5577758402,1931087.4024876198,16
-1193030.2450593126,1931087.4024876198,16
-1192566.9323427852,1931087.4024876198,16
-1192103.6196262576,1931087.4024876198,16
-1191640.3069097302,1931087.4024876198,16
-1191176.9941932026,1931087.4024876198,16
-1190713.6814766752,1931087.4024876198,16
-1190250.3687601476,1931087.4024876198,16
-1189787.0560436202,1931087.4024876198,16
-1189323.7433270926,1931087.4024876198,16
-1188860.430610565,1931087.4024876198,16
-1188397.1178940376,1931087.4024876198,16
-1187933.80517751,1931087.4024876198,16
-1187470.4924609826,1931087.4024876198,16
-1187007.179744455,1931087.4024876198,16
-1186543.8670279277,1931087.4024876198,16
-1186080.5543114,1931087.4024876198,16
-1185617.2415948727,1931087.4024876198,16
-1185153.928878345,1931087.4024876198,16
-1184690.6161618177,1931087.4024876198,16
-1184227.30344529,1931087.4024876198,16
-1183763.9907287627,1931087.4024876198,16
-1183300.678012235,1931087.4024876198,16
-1182837.3652957077,1931087.4024876198,16
-1182374.05257918,1931087.4024876198,16
-1181910.7398626525,1931087.4024876198,16
-1181447.4271461251,1931087.4024876198,16
-1180984.1144295975,1931087.4024876198,16
-1180520.8017130701,1931087.4024876198,16
-1180057.4889965425,1931087.4024876198,16
-1179594.1762800151,1931087.4024876198,16
-1179130.8635634875,1931087.4024876198,16
-1178667.5508469602,1931087.4024876198,16
-1178204.2381304326,1931087.4024876198,16
-1177740.9254139052,1931087.4024876198,16
-1177277.6126973776,1931087.4024876198,16
-1176814.2999808502,1931087.4024876198,16
-1176350.9872643226,1931087.4024876198,16
-1175887.6745477952,1931087.4024876198,16
-1175424.3618312676,1931087.4024876198,16
-1174961.04911474,1931087.4024876198,16
-1174497.7363982126,1931087.4024876198,16
-1174034.4236816852,1931087.4024876198,16
-1173571.1109651576,1931087.4024876198,16
-1173107.79824863,1931087.4024876198,16
-1172644.4855321026,1931087.4024876198,16
-1172181.172815575,1931087.4024876198,16
-1171717.8600990477,1931087.4024876198,16
-1171254.54738252,1931087.4024876198,16
-1170791.2346659927,1931087.4024876198,16
-1170327.921949465,1931087.4024876198,16
-1169864.6092329377,1931087.4024876198,16
-1169401.29651641,1931087.4024876198,16
-1168937.9837998827,1931087.4024876198,16
-1168474.671083355,1931087.4024876198,16
-1168011.3583668275,1931087.4024876198,16
-1167548.0456503,1931087.4024876198,16
-1167084.7329337727,1931087.4024876198,16
-1166621.4202172451,1931087.4024876198,16
-1166158.1075007175,1931087.4024876198,16
-1165694.7947841901,1931087.4024876198,16
-1165231.4820676625,1931087.4024876198,16
-1222682.2589170726,1930624.0897710922,7
-1222218.9462005452,1930624.0897710922,7
-1221755.6334840176,1930624.0897710922,16
-1221292.3207674902,1930624.0897710922,16
-1220829.0080509626,1930624.0897710922,16
-1220365.6953344352,1930624.0897710922,16
-1219902.3826179076,1930624.0897710922,16
-1219439.0699013802,1930624.0897710922,16
-1218975.7571848526,1930624.0897710922,16
-1218512.444468325,1930624.0897710922,16
-1218049.1317517976,1930624.0897710922,16
-1217585.81903527,1930624.0897710922,16
-1217122.5063187426,1930624.0897710922,16
-1216659.193602215,1930624.0897710922,16
-1216195.8808856877,1930624.0897710922,16
-1215732.56816916,1930624.0897710922,16
-1215269.2554526327,1930624.0897710922,16
-1214805.942736105,1930624.0897710922,16
-1214342.6300195777,1930624.0897710922,16
-1213879.31730305,1930624.0897710922,16
-1213416.0045865227,1930624.0897710922,16
-1212952.691869995,1930624.0897710922,10
-1212489.3791534677,1930624.0897710922,10
-1212026.06643694,1930624.0897710922,16
-1211562.7537204125,1930624.0897710922,16
-1211099.4410038851,1930624.0897710922,16
-1210636.1282873575,1930624.0897710922,16
-1210172.8155708301,1930624.0897710922,16
-1209709.5028543025,1930624.0897710922,16
-1209246.1901377751,1930624.0897710922,16
-1208782.8774212475,1930624.0897710922,16
-1208319.5647047202,1930624.0897710922,16
-1207856.2519881926,1930624.0897710922,16
-1207392.9392716652,1930624.0897710922,16
-1206929.6265551376,1930624.0897710922,16
-1206466.3138386102,1930624.0897710922,16
-1206003.0011220826,1930624.0897710922,16
-1205539.6884055552,1930624.0897710922,16
-1205076.3756890276,1930624.0897710922,16
-1204613.0629725,1930624.0897710922,16
-1204149.7502559726,1930624.0897710922,16
-1203686.4375394452,1930624.0897710922,16
-1203223.1248229176,1930624.0897710922,16
-1202759.81210639,1930624.0897710922,16
-1202296.4993898626,1930624.0897710922,16
-1201833.186673335,1930624.0897710922,16
-1201369.8739568077,1930624.0897710922,16
-1200906.56124028,1930624.0897710922,16
-1200443.2485237527,1930624.0897710922,16
-1199979.935807225,1930624.0897710922,16
-1199516.6230906977,1930624.0897710922,16
-1199053.31037417,1930624.0897710922,16
-1198589.9976576427,1930624.0897710922,16
-1198126.684941115,1930624.0897710922,16
-1197663.3722245875,1930624.0897710922,16
-1197200.05950806,1930624.0897710922,16
-1196736.7467915327,1930624.0897710922,16
-1196273.4340750051,1930624.0897710922,16
-1195810.1213584775,1930624.0897710922,16
-1195346.8086419501,1930624.0897710922,16
-1194883.4959254225,1930624.0897710922,16
-1194420.1832088951,1930624.0897710922,16
-1193956.8704923675,1930624.0897710922,16
-1193493.5577758402,1930624.0897710922,16
-1193030.2450593126,1930624.0897710922,16
-1192566.9323427852,1930624.0897710922,16
-1192103.6196262576,1930624.0897710922,16
-1191640.3069097302,1930624.0897710922,16
-1191176.9941932026,1930624.0897710922,16
-1190713.6814766752,1930624.0897710922,16
-1190250.3687601476,1930624.0897710922,16
-1189787.0560436202,1930624.0897710922,16
-1189323.7433270926,1930624.0897710922,16
-1188860.430610565,1930624.0897710922,16
-1188397.1178940376,1930624.0897710922,16
-1187933.80517751,1930624.0897710922,16
-1187470.4924609826,1930624.0897710922,16
-1187007.179744455,1930624.0897710922,16
-1186543.8670279277,1930624.0897710922,16
-1186080.5543114,1930624.0897710922,16
-1185617.2415948727,1930624.0897710922,16
-1185153.928878345,1930624.0897710922,16
-1184690.6161618177,1930624.0897710922,16
-1184227.30344529,1930624.0897710922,16
-1183763.9907287627,1930624.0897710922,16
-1183300.678012235,1930624.0897710922,16
-1182837.3652957077,1930624.0897710922,16
-1182374.05257918,1930624.0897710922,16
-1181910.7398626525,1930624.0897710922,16
-1181447.4271461251,1930624.0897710922,16
-1180984.1144295975,1930624.0897710922,16
-1180520.8017130701,1930624.0897710922,16
-1180057.4889965425,1930624.0897710922,16
-1179594.1762800151,1930624.0897710922,16
-1179130.8635634875,1930624.0897710922,16
-1178667.5508469602,1930624.0897710922,16
-1178204.2381304326,1930624.0897710922,16
-1177740.9254139052,1930624.0897710922,16
-1177277.6126973776,1930624.0897710922,16
-1176814.2999808502,1930624.0897710922,16
-1176350.9872643226,1930624.0897710922,16
-1175887.6745477952,1930624.0897710922,16
-1175424.3618312676,1930624.0897710922,16
-1174961.04911474,1930624.0897710922,16
-1174497.7363982126,1930624.0897710922,16
-1174034.4236816852,1930624.0897710922,16
-1173571.1109651576,1930624.0897710922,16
-1173107.79824863,1930624.0897710922,16
-1172644.4855321026,1930624.0897710922,16
-1172181.172815575,1930624.0897710922,16
-1171717.8600990477,1930624.0897710922,16
-1171254.54738252,1930624.0897710922,16
-1170791.2346659927,1930624.0897710922,16
-1170327.921949465,1930624.0897710922,16
-1169864.6092329377,1930624.0897710922,16
-1169401.29651641,1930624.0897710922,16
-1168937.9837998827,1930624.0897710922,16
-1168474.671083355,1930624.0897710922,16
-1168011.3583668275,1930624.0897710922,16
-1167548.0456503,1930624.0897710922,16
-1167084.7329337727,1930624.0897710922,16
-1166621.4202172451,1930624.0897710922,16
-1166158.1075007175,1930624.0897710922,16
-1165694.7947841901,1930624.0897710922,16
-1165231.4820676625,1930624.0897710922,16
-1222682.2589170726,1930160.7770545648,7
-1222218.9462005452,1930160.7770545648,7
-1221755.6334840176,1930160.7770545648,16
-1221292.3207674902,1930160.7770545648,16
-1220829.0080509626,1930160.7770545648,16
-1220365.6953344352,1930160.7770545648,16
-1219902.3826179076,1930160.7770545648,16
-1219439.0699013802,1930160.7770545648,16
-1218975.7571848526,1930160.7770545648,16
-1218512.444468325,1930160.7770545648,16
-1218049.1317517976,1930160.7770545648,16
-1217585.81903527,1930160.7770545648,16
-1217122.5063187426,1930160.7770545648,16
-1216659.193602215,1930160.7770545648,16
-1216195.8808856877,1930160.7770545648,16
-1215732.56816916,1930160.7770545648,16
-1215269.2554526327,1930160.7770545648,16
-1214805.942736105,1930160.7770545648,16
-1214342.6300195777,1930160.7770545648,16
-1213879.31730305,1930160.7770545648,16
-1213416.0045865227,1930160.7770545648,10
-1212952.691869995,1930160.7770545648,10
-1212489.3791534677,1930160.7770545648,10
-1212026.06643694,1930160.7770545648,16
-1211562.7537204125,1930160.7770545648,16
-1211099.4410038851,1930160.7770545648,16
-1210636.1282873575,1930160.7770545648,16
-1210172.8155708301,1930160.7770545648,16
-1209709.5028543025,1930160.7770545648,16
-1209246.1901377751,1930160.7770545648,16
-1208782.8774212475,1930160.7770545648,16
-1208319.5647047202,1930160.7770545648,16
-1207856.2519881926,1930160.7770545648,16
-1207392.9392716652,1930160.7770545648,16
-1206929.6265551376,1930160.7770545648,16
-1206466.3138386102,1930160.7770545648,16
-1206003.0011220826,1930160.7770545648,16
-1205539.6884055552,1930160.7770545648,10
-1205076.3756890276,1930160.7770545648,16
-1204613.0629725,1930160.7770545648,16
-1204149.7502559726,1930160.7770545648,16
-1203686.4375394452,1930160.7770545648,16
-1203223.1248229176,1930160.7770545648,16
-1202759.81210639,1930160.7770545648,16
-1202296.4993898626,1930160.7770545648,16
-1201833.186673335,1930160.7770545648,16
-1201369.8739568077,1930160.7770545648,16
-1200906.56124028,1930160.7770545648,16
-1200443.2485237527,1930160.7770545648,16
-1199979.935807225,1930160.7770545648,16
-1199516.6230906977,1930160.7770545648,16
-1199053.31037417,1930160.7770545648,16
-1198589.9976576427,1930160.7770545648,16
-1198126.684941115,1930160.7770545648,16
-1197663.3722245875,1930160.7770545648,16
-1197200.05950806,1930160.7770545648,16
-1196736.7467915327,1930160.7770545648,16
-1196273.4340750051,1930160.7770545648,16
-1195810.1213584775,1930160.7770545648,16
-1195346.8086419501,1930160.7770545648,16
-1194883.4959254225,1930160.7770545648,16
-1194420.1832088951,1930160.7770545648,16
-1193956.8704923675,1930160.7770545648,16
-1193493.5577758402,1930160.7770545648,16
-1193030.2450593126,1930160.7770545648,16
-1192566.9323427852,1930160.7770545648,16
-1192103.6196262576,1930160.7770545648,16
-1191640.3069097302,1930160.7770545648,16
-1191176.9941932026,1930160.7770545648,16
-1190713.6814766752,1930160.7770545648,16
-1190250.3687601476,1930160.7770545648,16
-1189787.0560436202,1930160.7770545648,16
-1189323.7433270926,1930160.7770545648,16
-1188860.430610565,1930160.7770545648,16
-1188397.1178940376,1930160.7770545648,16
-1187933.80517751,1930160.7770545648,16
-1187470.4924609826,1930160.7770545648,16
-1187007.179744455,1930160.7770545648,16
-1186543.8670279277,1930160.7770545648,16
-1186080.5543114,1930160.7770545648,16
-1185617.2415948727,1930160.7770545648,16
-1185153.928878345,1930160.7770545648,16
-1184690.6161618177,1930160.7770545648,16
-1184227.30344529,1930160.7770545648,16
-1183763.9907287627,1930160.7770545648,16
-1183300.678012235,1930160.7770545648,16
-1182837.3652957077,1930160.7770545648,16
-1182374.05257918,1930160.7770545648,16
-1181910.7398626525,1930160.7770545648,16
-1181447.4271461251,1930160.7770545648,16
-1180984.1144295975,1930160.7770545648,16
-1180520.8017130701,1930160.7770545648,16
-1180057.4889965425,1930160.7770545648,16
-1179594.1762800151,1930160.7770545648,16
-1179130.8635634875,1930160.7770545648,16
-1178667.5508469602,1930160.7770545648,16
-1178204.2381304326,1930160.7770545648,16
-1177740.9254139052,1930160.7770545648,16
-1177277.6126973776,1930160.7770545648,16
-1176814.2999808502,1930160.7770545648,16
-1176350.9872643226,1930160.7770545648,16
-1175887.6745477952,1930160.7770545648,16
-1175424.3618312676,1930160.7770545648,16
-1174961.04911474,1930160.7770545648,16
-1174497.7363982126,1930160.7770545648,16
-1174034.4236816852,1930160.7770545648,16
-1173571.1109651576,1930160.7770545648,16
-1173107.79824863,1930160.7770545648,16
-1172644.4855321026,1930160.7770545648,16
-1172181.172815575,1930160.7770545648,16
-1171717.8600990477,1930160.7770545648,16
-1171254.54738252,1930160.7770545648,16
-1170791.2346659927,1930160.7770545648,16
-1170327.921949465,1930160.7770545648,16
-1169864.6092329377,1930160.7770545648,16
-1169401.29651641,1930160.7770545648,16
-1168937.9837998827,1930160.7770545648,16
-1168474.671083355,1930160.7770545648,16
-1168011.3583668275,1930160.7770545648,16
-1167548.0456503,1930160.7770545648,16
-1167084.7329337727,1930160.7770545648,16
-1166621.4202172451,1930160.7770545648,16
-1166158.1075007175,1930160.7770545648,16
-1165694.7947841901,1930160.7770545648,16
-1222682.2589170726,1929697.4643380372,7
-1222218.9462005452,1929697.4643380372,16
-1221755.6334840176,1929697.4643380372,16
-1221292.3207674902,1929697.4643380372,16
-1220829.0080509626,1929697.4643380372,16
-1220365.6953344352,1929697.4643380372,16
-1219902.3826179076,1929697.4643380372,16
-1219439.0699013802,1929697.4643380372,16
-1218975.7571848526,1929697.4643380372,16
-1218512.444468325,1929697.4643380372,16
-1218049.1317517976,1929697.4643380372,16
-1217585.81903527,1929697.4643380372,16
-1217122.5063187426,1929697.4643380372,16
-1216659.193602215,1929697.4643380372,16
-1216195.8808856877,1929697.4643380372,16
-1215732.56816916,1929697.4643380372,16
-1215269.2554526327,1929697.4643380372,16
-1214805.942736105,1929697.4643380372,16
-1214342.6300195777,1929697.4643380372,16
-1213879.31730305,1929697.4643380372,16
-1213416.0045865227,1929697.4643380372,10
-1212952.691869995,1929697.4643380372,10
-1212489.3791534677,1929697.4643380372,16
-1212026.06643694,1929697.4643380372,16
-1211562.7537204125,1929697.4643380372,16
-1211099.4410038851,1929697.4643380372,16
-1210636.1282873575,1929697.4643380372,16
-1210172.8155708301,1929697.4643380372,16
-1209709.5028543025,1929697.4643380372,16
-1209246.1901377751,1929697.4643380372,16
-1208782.8774212475,1929697.4643380372,16
-1208319.5647047202,1929697.4643380372,16
-1207856.2519881926,1929697.4643380372,16
-1207392.9392716652,1929697.4643380372,16
-1206929.6265551376,1929697.4643380372,16
-1206466.3138386102,1929697.4643380372,16
-1206003.0011220826,1929697.4643380372,16
-1205539.6884055552,1929697.4643380372,16
-1205076.3756890276,1929697.4643380372,16
-1204613.0629725,1929697.4643380372,16
-1204149.7502559726,1929697.4643380372,16
-1203686.4375394452,1929697.4643380372,16
-1203223.1248229176,1929697.4643380372,16
-1202759.81210639,1929697.4643380372,16
-1202296.4993898626,1929697.4643380372,16
-1201833.186673335,1929697.4643380372,16
-1201369.8739568077,1929697.4643380372,16
-1200906.56124028,1929697.4643380372,16
-1200443.2485237527,1929697.4643380372,16
-1199979.935807225,1929697.4643380372,16
-1199516.6230906977,1929697.4643380372,16
-1199053.31037417,1929697.4643380372,16
-1198589.9976576427,1929697.4643380372,16
-1198126.684941115,1929697.4643380372,16
-1197663.3722245875,1929697.4643380372,16
-1197200.05950806,1929697.4643380372,16
-1196736.7467915327,1929697.4643380372,16
-1196273.4340750051,1929697.4643380372,16
-1195810.1213584775,1929697.4643380372,16
-1195346.8086419501,1929697.4643380372,16
-1194883.4959254225,1929697.4643380372,16
-1194420.1832088951,1929697.4643380372,16
-1193956.8704923675,1929697.4643380372,16
-1193493.5577758402,1929697.4643380372,16
-1193030.2450593126,1929697.4643380372,16
-1192566.9323427852,1929697.4643380372,16
-1192103.6196262576,1929697.4643380372,16
-1191640.3069097302,1929697.4643380372,16
-1191176.9941932026,1929697.4643380372,16
-1190713.6814766752,1929697.4643380372,16
-1190250.3687601476,1929697.4643380372,16
-1189787.0560436202,1929697.4643380372,16
-1189323.7433270926,1929697.4643380372,16
-1188860.430610565,1929697.4643380372,16
-1188397.1178940376,1929697.4643380372,16
-1187933.80517751,1929697.4643380372,16
-1187470.4924609826,1929697.4643380372,16
-1187007.179744455,1929697.4643380372,16
-1186543.8670279277,1929697.4643380372,16
-1186080.5543114,1929697.4643380372,16
-1185617.2415948727,1929697.4643380372,16
-1185153.928878345,1929697.4643380372,16
-1184690.6161618177,1929697.4643380372,16
-1184227.30344529,1929697.4643380372,16
-1183763.9907287627,1929697.4643380372,16
-1183300.678012235,1929697.4643380372,16
-1182837.3652957077,1929697.4643380372,16
-1182374.05257918,1929697.4643380372,16
-1181910.7398626525,1929697.4643380372,16
-1181447.4271461251,1929697.4643380372,16
-1180984.1144295975,1929697.4643380372,16
-1180520.8017130701,1929697.4643380372,16
-1180057.4889965425,1929697.4643380372,16
-1179594.1762800151,1929697.4643380372,16
-1179130.8635634875,1929697.4643380372,16
-1178667.5508469602,1929697.4643380372,16
-1178204.2381304326,1929697.4643380372,16
-1177740.9254139052,1929697.4643380372,16
-1177277.6126973776,1929697.4643380372,16
-1176814.2999808502,1929697.4643380372,16
-1176350.9872643226,1929697.4643380372,16
-1175887.6745477952,1929697.4643380372,16
-1175424.3618312676,1929697.4643380372,16
-1174961.04911474,1929697.4643380372,16
-1174497.7363982126,1929697.4643380372,16
-1174034.4236816852,1929697.4643380372,16
-1173571.1109651576,1929697.4643380372,16
-1173107.79824863,1929697.4643380372,16
-1172644.4855321026,1929697.4643380372,16
-1172181.172815575,1929697.4643380372,16
-1171717.8600990477,1929697.4643380372,16
-1171254.54738252,1929697.4643380372,16
-1170791.2346659927,1929697.4643380372,16
-1170327.921949465,1929697.4643380372,16
-1169864.6092329377,1929697.4643380372,16
-1169401.29651641,1929697.4643380372,16
-1168937.9837998827,1929697.4643380372,16
-1168474.671083355,1929697.4643380372,16
-1168011.3583668275,1929697.4643380372,16
-1167548.0456503,1929697.4643380372,16
-1167084.7329337727,1929697.4643380372,16
-1166621.4202172451,1929697.4643380372,16
-1166158.1075007175,1929697.4643380372,16
-1165694.7947841901,1929697.4643380372,16
-1222682.2589170726,1929234.1516215098,7
-1222218.9462005452,1929234.1516215098,16
-1221755.6334840176,1929234.1516215098,16
-1221292.3207674902,1929234.1516215098,16
-1220829.0080509626,1929234.1516215098,16
-1220365.6953344352,1929234.1516215098,16
-1219902.3826179076,1929234.1516215098,16
-1219439.0699013802,1929234.1516215098,16
-1218975.7571848526,1929234.1516215098,16
-1218512.444468325,1929234.1516215098,16
-1218049.1317517976,1929234.1516215098,16
-1217585.81903527,1929234.1516215098,16
-1217122.5063187426,1929234.1516215098,16
-1216659.193602215,1929234.1516215098,16
-1216195.8808856877,1929234.1516215098,16
-1215732.56816916,1929234.1516215098,16
-1215269.2554526327,1929234.1516215098,16
-1214805.942736105,1929234.1516215098,16
-1214342.6300195777,1929234.1516215098,16
-1213879.31730305,1929234.1516215098,10
-1213416.0045865227,1929234.1516215098,10
-1212952.691869995,1929234.1516215098,16
-1212489.3791534677,1929234.1516215098,16
-1212026.06643694,1929234.1516215098,16
-1211562.7537204125,1929234.1516215098,16
-1211099.4410038851,1929234.1516215098,16
-1210636.1282873575,1929234.1516215098,16
-1210172.8155708301,1929234.1516215098,16
-1209709.5028543025,1929234.1516215098,16
-1209246.1901377751,1929234.1516215098,16
-1208782.8774212475,1929234.1516215098,16
-1208319.5647047202,1929234.1516215098,16
-1207856.2519881926,1929234.1516215098,16
-1207392.9392716652,1929234.1516215098,16
-1206929.6265551376,1929234.1516215098,16
-1206466.3138386102,1929234.1516215098,16
-1206003.0011220826,1929234.1516215098,16
-1205539.6884055552,1929234.1516215098,16
-1205076.3756890276,1929234.1516215098,16
-1204613.0629725,1929234.1516215098,10
-1204149.7502559726,1929234.1516215098,16
-1203686.4375394452,1929234.1516215098,16
-1203223.1248229176,1929234.1516215098,16
-1202759.81210639,1929234.1516215098,16
-1202296.4993898626,1929234.1516215098,16
-1201833.186673335,1929234.1516215098,16
-1201369.8739568077,1929234.1516215098,16
-1200906.56124028,1929234.1516215098,16
-1200443.2485237527,1929234.1516215098,16
-1199979.935807225,1929234.1516215098,16
-1199516.6230906977,1929234.1516215098,16
-1199053.31037417,1929234.1516215098,16
-1198589.9976576427,1929234.1516215098,16
-1198126.684941115,1929234.1516215098,16
-1197663.3722245875,1929234.1516215098,16
-1197200.05950806,1929234.1516215098,16
-1196736.7467915327,1929234.1516215098,16
-1196273.4340750051,1929234.1516215098,16
-1195810.1213584775,1929234.1516215098,16
-1195346.8086419501,1929234.1516215098,16
-1194883.4959254225,1929234.1516215098,16
-1194420.1832088951,1929234.1516215098,16
-1193956.8704923675,1929234.1516215098,16
-1193493.5577758402,1929234.1516215098,16
-1193030.2450593126,1929234.1516215098,16
-1192566.9323427852,1929234.1516215098,16
-1192103.6196262576,1929234.1516215098,16
-1191640.3069097302,1929234.1516215098,16
-1191176.9941932026,1929234.1516215098,16
-1190713.6814766752,1929234.1516215098,16
-1190250.3687601476,1929234.1516215098,16
-1189787.0560436202,1929234.1516215098,16
-1189323.7433270926,1929234.1516215098,16
-1188860.430610565,1929234.1516215098,16
-1188397.1178940376,1929234.1516215098,16
-1187933.80517751,1929234.1516215098,16
-1187470.4924609826,1929234.1516215098,16
-1187007.179744455,1929234.1516215098,16
-1186543.8670279277,1929234.1516215098,16
-1186080.5543114,1929234.1516215098,16
-1185617.2415948727,1929234.1516215098,16
-1185153.928878345,1929234.1516215098,16
-1184690.6161618177,1929234.1516215098,16
-1184227.30344529,1929234.1516215098,16
-1183763.9907287627,1929234.1516215098,16
-1183300.678012235,1929234.1516215098,16
-1182837.3652957077,1929234.1516215098,16
-1182374.05257918,1929234.1516215098,16
-1181910.7398626525,1929234.1516215098,16
-1181447.4271461251,1929234.1516215098,16
-1180984.1144295975,1929234.1516215098,16
-1180520.8017130701,1929234.1516215098,16
-1180057.4889965425,1929234.1516215098,16
-1179594.1762800151,1929234.1516215098,16
-1179130.8635634875,1929234.1516215098,16
-1178667.5508469602,1929234.1516215098,16
-1178204.2381304326,1929234.1516215098,16
-1177740.9254139052,1929234.1516215098,16
-1177277.6126973776,1929234.1516215098,16
-1176814.2999808502,1929234.1516215098,16
-1176350.9872643226,1929234.1516215098,16
-1175887.6745477952,1929234.1516215098,16
-1175424.3618312676,1929234.1516215098,16
-1174961.04911474,1929234.1516215098,16
-1174497.7363982126,1929234.1516215098,16
-1174034.4236816852,1929234.1516215098,16
-1173571.1109651576,1929234.1516215098,16
-1173107.79824863,1929234.1516215098,16
-1172644.4855321026,1929234.1516215098,16
-1172181.172815575,1929234.1516215098,16
-1171717.8600990477,1929234.1516215098,16
-1171254.54738252,1929234.1516215098,16
-1170791.2346659927,1929234.1516215098,16
-1170327.921949465,1929234.1516215098,16
-1169864.6092329377,1929234.1516215098,16
-1169401.29651641,1929234.1516215098,16
-1168937.9837998827,1929234.1516215098,16
-1168474.671083355,1929234.1516215098,16
-1168011.3583668275,1929234.1516215098,16
-1167548.0456503,1929234.1516215098,16
-1167084.7329337727,1929234.1516215098,16
-1166621.4202172451,1929234.1516215098,16
-1166158.1075007175,1929234.1516215098,16
-1165694.7947841901,1929234.1516215098,16
-1222682.2589170726,1928770.8389049822,16
-1222218.9462005452,1928770.8389049822,16
-1221755.6334840176,1928770.8389049822,16
-1221292.3207674902,1928770.8389049822,16
-1220829.0080509626,1928770.8389049822,16
-1220365.6953344352,1928770.8389049822,16
-1219902.3826179076,1928770.8389049822,16
-1219439.0699013802,1928770.8389049822,16
-1218975.7571848526,1928770.8389049822,16
-1218512.444468325,1928770.8389049822,16
-1218049.1317517976,1928770.8389049822,16
-1217585.81903527,1928770.8389049822,16
-1217122.5063187426,1928770.8389049822,16
-1216659.193602215,1928770.8389049822,16
-1216195.8808856877,1928770.8389049822,16
-1215732.56816916,1928770.8389049822,16
-1215269.2554526327,1928770.8389049822,16
-1214805.942736105,1928770.8389049822,16
-1214342.6300195777,1928770.8389049822,16
-1213879.31730305,1928770.8389049822,16
-1213416.0045865227,1928770.8389049822,16
-1212952.691869995,1928770.8389049822,16
-1212489.3791534677,1928770.8389049822,16
-1212026.06643694,1928770.8389049822,16
-1211562.7537204125,1928770.8389049822,16
-1211099.4410038851,1928770.8389049822,16
-1210636.1282873575,1928770.8389049822,16
-1210172.8155708301,1928770.8389049822,16
-1209709.5028543025,1928770.8389049822,16
-1209246.1901377751,1928770.8389049822,16
-1208782.8774212475,1928770.8389049822,16
-1208319.5647047202,1928770.8389049822,16
-1207856.2519881926,1928770.8389049822,16
-1207392.9392716652,1928770.8389049822,16
-1206929.6265551376,1928770.8389049822,16
-1206466.3138386102,1928770.8389049822,16
-1206003.0011220826,1928770.8389049822,16
-1205539.6884055552,1928770.8389049822,16
-1205076.3756890276,1928770.8389049822,16
-1204613.0629725,1928770.8389049822,16
-1204149.7502559726,1928770.8389049822,10
-1203686.4375394452,1928770.8389049822,10
-1203223.1248229176,1928770.8389049822,16
-1202759.81210639,1928770.8389049822,16
-1202296.4993898626,1928770.8389049822,16
-1201833.186673335,1928770.8389049822,16
-1201369.8739568077,1928770.8389049822,16
-1200906.56124028,1928770.8389049822,16
-1200443.2485237527,1928770.8389049822,16
-1199979.935807225,1928770.8389049822,16
-1199516.6230906977,1928770.8389049822,16
-1199053.31037417,1928770.8389049822,16
-1198589.9976576427,1928770.8389049822,16
-1198126.684941115,1928770.8389049822,16
-1197663.3722245875,1928770.8389049822,16
-1197200.05950806,1928770.8389049822,16
-1196736.7467915327,1928770.8389049822,16
-1196273.4340750051,1928770.8389049822,16
-1195810.1213584775,1928770.8389049822,16
-1195346.8086419501,1928770.8389049822,16
-1194883.4959254225,1928770.8389049822,16
-1194420.1832088951,1928770.8389049822,16
-1193956.8704923675,1928770.8389049822,16
-1193493.5577758402,1928770.8389049822,16
-1193030.2450593126,1928770.8389049822,16
-1192566.9323427852,1928770.8389049822,16
-1192103.6196262576,1928770.8389049822,16
-1191640.3069097302,1928770.8389049822,16
-1191176.9941932026,1928770.8389049822,16
-1190713.6814766752,1928770.8389049822,16
-1190250.3687601476,1928770.8389049822,16
-1189787.0560436202,1928770.8389049822,16
-1189323.7433270926,1928770.8389049822,16
-1188860.430610565,1928770.8389049822,16
-1188397.1178940376,1928770.8389049822,16
-1187933.80517751,1928770.8389049822,16
-1187470.4924609826,1928770.8389049822,16
-1187007.179744455,1928770.8389049822,16
-1186543.8670279277,1928770.8389049822,16
-1186080.5543114,1928770.8389049822,16
-1185617.2415948727,1928770.8389049822,16
-1185153.928878345,1928770.8389049822,16
-1184690.6161618177,1928770.8389049822,16
-1184227.30344529,1928770.8389049822,16
-1183763.9907287627,1928770.8389049822,16
-1183300.678012235,1928770.8389049822,16
-1182837.3652957077,1928770.8389049822,16
-1182374.05257918,1928770.8389049822,16
-1181910.7398626525,1928770.8389049822,16
-1181447.4271461251,1928770.8389049822,16
-1180984.1144295975,1928770.8389049822,16
-1180520.8017130701,1928770.8389049822,16
-1180057.4889965425,1928770.8389049822,16
-1179594.1762800151,1928770.8389049822,16
-1179130.8635634875,1928770.8389049822,16
-1178667.5508469602,1928770.8389049822,16
-1178204.2381304326,1928770.8389049822,16
-1177740.9254139052,1928770.8389049822,16
-1177277.6126973776,1928770.8389049822,16
-1176814.2999808502,1928770.8389049822,16
-1176350.9872643226,1928770.8389049822,16
-1175887.6745477952,1928770.8389049822,16
-1175424.3618312676,1928770.8389049822,16
-1174961.04911474,1928770.8389049822,16
-1174497.7363982126,1928770.8389049822,16
-1174034.4236816852,1928770.8389049822,16
-1173571.1109651576,1928770.8389049822,16
-1173107.79824863,1928770.8389049822,16
-1172644.4855321026,1928770.8389049822,16
-1172181.172815575,1928770.8389049822,16
-1171717.8600990477,1928770.8389049822,16
-1171254.54738252,1928770.8389049822,16
-1170791.2346659927,1928770.8389049822,16
-1170327.921949465,1928770.8389049822,16
-1169864.6092329377,1928770.8389049822,16
-1169401.29651641,1928770.8389049822,16
-1168937.9837998827,1928770.8389049822,16
-1168474.671083355,1928770.8389049822,16
-1168011.3583668275,1928770.8389049822,16
-1167548.0456503,1928770.8389049822,16
-1167084.7329337727,1928770.8389049822,16
-1166621.4202172451,1928770.8389049822,16
-1166158.1075007175,1928770.8389049822,16
-1165694.7947841901,1928770.8389049822,16
-1223608.8843501275,1928307.5261884546,16
-1223145.5716336002,1928307.5261884546,16
-1222682.2589170726,1928307.5261884546,16
-1222218.9462005452,1928307.5261884546,16
-1221755.6334840176,1928307.5261884546,16
-1221292.3207674902,1928307.5261884546,16
-1220829.0080509626,1928307.5261884546,16
-1220365.6953344352,1928307.5261884546,16
-1219902.3826179076,1928307.5261884546,16
-1219439.0699013802,1928307.5261884546,16
-1218975.7571848526,1928307.5261884546,16
-1218512.444468325,1928307.5261884546,16
-1218049.1317517976,1928307.5261884546,16
-1217585.81903527,1928307.5261884546,16
-1217122.5063187426,1928307.5261884546,16
-1216659.193602215,1928307.5261884546,16
-1216195.8808856877,1928307.5261884546,16
-1215732.56816916,1928307.5261884546,16
-1215269.2554526327,1928307.5261884546,16
-1214805.942736105,1928307.5261884546,16
-1214342.6300195777,1928307.5261884546,16
-1213879.31730305,1928307.5261884546,16
-1213416.0045865227,1928307.5261884546,16
-1212952.691869995,1928307.5261884546,16
-1212489.3791534677,1928307.5261884546,16
-1212026.06643694,1928307.5261884546,16
-1211562.7537204125,1928307.5261884546,16
-1211099.4410038851,1928307.5261884546,16
-1210636.1282873575,1928307.5261884546,16
-1210172.8155708301,1928307.5261884546,16
-1209709.5028543025,1928307.5261884546,16
-1209246.1901377751,1928307.5261884546,16
-1208782.8774212475,1928307.5261884546,16
-1208319.5647047202,1928307.5261884546,16
-1207856.2519881926,1928307.5261884546,16
-1207392.9392716652,1928307.5261884546,16
-1206929.6265551376,1928307.5261884546,16
-1206466.3138386102,1928307.5261884546,16
-1206003.0011220826,1928307.5261884546,16
-1205539.6884055552,1928307.5261884546,16
-1205076.3756890276,1928307.5261884546,16
-1204613.0629725,1928307.5261884546,16
-1204149.7502559726,1928307.5261884546,10
-1203686.4375394452,1928307.5261884546,10
-1203223.1248229176,1928307.5261884546,16
-1202759.81210639,1928307.5261884546,16
-1202296.4993898626,1928307.5261884546,16
-1201833.186673335,1928307.5261884546,16
-1201369.8739568077,1928307.5261884546,16
-1200906.56124028,1928307.5261884546,16
-1200443.2485237527,1928307.5261884546,16
-1199979.935807225,1928307.5261884546,16
-1199516.6230906977,1928307.5261884546,16
-1199053.31037417,1928307.5261884546,16
-1198589.9976576427,1928307.5261884546,16
-1198126.684941115,1928307.5261884546,16
-1197663.3722245875,1928307.5261884546,16
-1197200.05950806,1928307.5261884546,16
-1196736.7467915327,1928307.5261884546,16
-1196273.4340750051,1928307.5261884546,16
-1195810.1213584775,1928307.5261884546,16
-1195346.8086419501,1928307.5261884546,16
-1194883.4959254225,1928307.5261884546,16
-1194420.1832088951,1928307.5261884546,16
-1193956.8704923675,1928307.5261884546,16
-1193493.5577758402,1928307.5261884546,16
-1193030.2450593126,1928307.5261884546,16
-1192566.9323427852,1928307.5261884546,16
-1192103.6196262576,1928307.5261884546,16
-1191640.3069097302,1928307.5261884546,16
-1191176.9941932026,1928307.5261884546,16
-1190713.6814766752,1928307.5261884546,16
-1190250.3687601476,1928307.5261884546,16
-1189787.0560436202,1928307.5261884546,16
-1189323.7433270926,1928307.5261884546,16
-1188860.430610565,1928307.5261884546,16
-1188397.1178940376,1928307.5261884546,16
-1187933.80517751,1928307.5261884546,16
-1187470.4924609826,1928307.5261884546,16
-1187007.179744455,1928307.5261884546,16
-1186543.8670279277,1928307.5261884546,16
-1186080.5543114,1928307.5261884546,16
-1185617.2415948727,1928307.5261884546,16
-1185153.928878345,1928307.5261884546,16
-1184690.6161618177,1928307.5261884546,16
-1184227.30344529,1928307.5261884546,16
-1183763.9907287627,1928307.5261884546,16
-1183300.678012235,1928307.5261884546,16
-1182837.3652957077,1928307.5261884546,16
-1182374.05257918,1928307.5261884546,16
-1181910.7398626525,1928307.5261884546,16
-1181447.4271461251,1928307.5261884546,16
-1180984.1144295975,1928307.5261884546,16
-1180520.8017130701,1928307.5261884546,16
-1180057.4889965425,1928307.5261884546,16
-1179594.1762800151,1928307.5261884546,16
-1179130.8635634875,1928307.5261884546,16
-1178667.5508469602,1928307.5261884546,16
-1178204.2381304326,1928307.5261884546,16
-1177740.9254139052,1928307.5261884546,16
-1177277.6126973776,1928307.5261884546,16
-1176814.2999808502,1928307.5261884546,16
-1176350.9872643226,1928307.5261884546,16
-1175887.6745477952,1928307.5261884546,16
-1175424.3618312676,1928307.5261884546,16
-1174961.04911474,1928307.5261884546,16
-1174497.7363982126,1928307.5261884546,16
-1174034.4236816852,1928307.5261884546,16
-1173571.1109651576,1928307.5261884546,16
-1173107.79824863,1928307.5261884546,16
-1172644.4855321026,1928307.5261884546,16
-1172181.172815575,1928307.5261884546,16
-1171717.8600990477,1928307.5261884546,16
-1171254.54738252,1928307.5261884546,16
-1170791.2346659927,1928307.5261884546,16
-1170327.921949465,1928307.5261884546,16
-1169864.6092329377,1928307.5261884546,16
-1169401.29651641,1928307.5261884546,16
-1168937.9837998827,1928307.5261884546,16
-1168474.671083355,1928307.5261884546,16
-1168011.3583668275,1928307.5261884546,16
-1167548.0456503,1928307.5261884546,16
-1167084.7329337727,1928307.5261884546,16
-1166621.4202172451,1928307.5261884546,16
-1166158.1075007175,1928307.5261884546,16
-1165694.7947841901,1928307.5261884546,16
-1225925.4479327651,1927844.2134719272,16
-1225462.1352162375,1927844.2134719272,16
-1224998.8224997101,1927844.2134719272,16
-1224535.5097831825,1927844.2134719272,16
-1224072.1970666551,1927844.2134719272,16
-1223608.8843501275,1927844.2134719272,16
-1223145.5716336002,1927844.2134719272,16
-1222682.2589170726,1927844.2134719272,16
-1222218.9462005452,1927844.2134719272,16
-1221755.6334840176,1927844.2134719272,16
-1221292.3207674902,1927844.2134719272,16
-1220829.0080509626,1927844.2134719272,16
-1220365.6953344352,1927844.2134719272,16
-1219902.3826179076,1927844.2134719272,16
-1219439.0699013802,1927844.2134719272,16
-1218975.7571848526,1927844.2134719272,16
-1218512.444468325,1927844.2134719272,16
-1218049.1317517976,1927844.2134719272,16
-1217585.81903527,1927844.2134719272,16
-1217122.5063187426,1927844.2134719272,16
-1216659.193602215,1927844.2134719272,16
-1216195.8808856877,1927844.2134719272,16
-1215732.56816916,1927844.2134719272,16
-1215269.2554526327,1927844.2134719272,16
-1214805.942736105,1927844.2134719272,16
-1214342.6300195777,1927844.2134719272,16
-1213879.31730305,1927844.2134719272,16
-1213416.0045865227,1927844.2134719272,16
-1212952.691869995,1927844.2134719272,16
-1212489.3791534677,1927844.2134719272,16
-1212026.06643694,1927844.2134719272,16
-1211562.7537204125,1927844.2134719272,16
-1211099.4410038851,1927844.2134719272,16
-1210636.1282873575,1927844.2134719272,16
-1210172.8155708301,1927844.2134719272,16
-1209709.5028543025,1927844.2134719272,16
-1209246.1901377751,1927844.2134719272,16
-1208782.8774212475,1927844.2134719272,16
-1208319.5647047202,1927844.2134719272,16
-1207856.2519881926,1927844.2134719272,16
-1207392.9392716652,1927844.2134719272,16
-1206929.6265551376,1927844.2134719272,16
-1206466.3138386102,1927844.2134719272,16
-1206003.0011220826,1927844.2134719272,16
-1205539.6884055552,1927844.2134719272,16
-1205076.3756890276,1927844.2134719272,16
-1204613.0629725,1927844.2134719272,16
-1204149.7502559726,1927844.2134719272,16
-1203686.4375394452,1927844.2134719272,10
-1203223.1248229176,1927844.2134719272,16
-1202759.81210639,1927844.2134719272,16
-1202296.4993898626,1927844.2134719272,16
-1201833.186673335,1927844.2134719272,16
-1201369.8739568077,1927844.2134719272,16
-1200906.56124028,1927844.2134719272,16
-1200443.2485237527,1927844.2134719272,16
-1199979.935807225,1927844.2134719272,16
-1199516.6230906977,1927844.2134719272,16
-1199053.31037417,1927844.2134719272,16
-1198589.9976576427,1927844.2134719272,16
-1198126.684941115,1927844.2134719272,16
-1197663.3722245875,1927844.2134719272,16
-1197200.05950806,1927844.2134719272,16
-1196736.7467915327,1927844.2134719272,16
-1196273.4340750051,1927844.2134719272,16
-1195810.1213584775,1927844.2134719272,16
-1195346.8086419501,1927844.2134719272,16
-1194883.4959254225,1927844.2134719272,16
-1194420.1832088951,1927844.2134719272,16
-1193956.8704923675,1927844.2134719272,16
-1193493.5577758402,1927844.2134719272,16
-1193030.2450593126,1927844.2134719272,16
-1192566.9323427852,1927844.2134719272,16
-1192103.6196262576,1927844.2134719272,16
-1191640.3069097302,1927844.2134719272,16
-1191176.9941932026,1927844.2134719272,16
-1190713.6814766752,1927844.2134719272,16
-1190250.3687601476,1927844.2134719272,16
-1189787.0560436202,1927844.2134719272,16
-1189323.7433270926,1927844.2134719272,16
-1188860.430610565,1927844.2134719272,16
-1188397.1178940376,1927844.2134719272,16
-1187933.80517751,1927844.2134719272,16
-1187470.4924609826,1927844.2134719272,16
-1187007.179744455,1927844.2134719272,16
-1186543.8670279277,1927844.2134719272,16
-1186080.5543114,1927844.2134719272,16
-1185617.2415948727,1927844.2134719272,16
-1185153.928878345,1927844.2134719272,16
-1184690.6161618177,1927844.2134719272,16
-1184227.30344529,1927844.2134719272,16
-1183763.9907287627,1927844.2134719272,16
-1183300.678012235,1927844.2134719272,16
-1182837.3652957077,1927844.2134719272,16
-1182374.05257918,1927844.2134719272,16
-1181910.7398626525,1927844.2134719272,16
-1181447.4271461251,1927844.2134719272,16
-1180984.1144295975,1927844.2134719272,16
-1180520.8017130701,1927844.2134719272,16
-1180057.4889965425,1927844.2134719272,16
-1179594.1762800151,1927844.2134719272,16
-1179130.8635634875,1927844.2134719272,16
-1178667.5508469602,1927844.2134719272,16
-1178204.2381304326,1927844.2134719272,16
-1177740.9254139052,1927844.2134719272,16
-1177277.6126973776,1927844.2134719272,16
-1176814.2999808502,1927844.2134719272,16
-1176350.9872643226,1927844.2134719272,16
-1175887.6745477952,1927844.2134719272,16
-1175424.3618312676,1927844.2134719272,16
-1174961.04911474,1927844.2134719272,16
-1174497.7363982126,1927844.2134719272,16
-1174034.4236816852,1927844.2134719272,16
-1173571.1109651576,1927844.2134719272,16
-1173107.79824863,1927844.2134719272,16
-1172644.4855321026,1927844.2134719272,16
-1172181.172815575,1927844.2134719272,16
-1171717.8600990477,1927844.2134719272,16
-1171254.54738252,1927844.2134719272,16
-1170791.2346659927,1927844.2134719272,16
-1170327.921949465,1927844.2134719272,16
-1169864.6092329377,1927844.2134719272,16
-1169401.29651641,1927844.2134719272,16
-1168937.9837998827,1927844.2134719272,16
-1168474.671083355,1927844.2134719272,16
-1168011.3583668275,1927844.2134719272,16
-1167548.0456503,1927844.2134719272,16
-1167084.7329337727,1927844.2134719272,16
-1166621.4202172451,1927844.2134719272,16
-1166158.1075007175,1927844.2134719272,16
-1227315.3860823475,1927380.9007553996,16
-1226852.07336582,1927380.9007553996,16
-1226388.7606492927,1927380.9007553996,16
-1225925.4479327651,1927380.9007553996,16
-1225462.1352162375,1927380.9007553996,16
-1224998.8224997101,1927380.9007553996,16
-1224535.5097831825,1927380.9007553996,16
-1224072.1970666551,1927380.9007553996,16
-1223608.8843501275,1927380.9007553996,16
-1223145.5716336002,1927380.9007553996,16
-1222682.2589170726,1927380.9007553996,16
-1222218.9462005452,1927380.9007553996,16
-1221755.6334840176,1927380.9007553996,16
-1221292.3207674902,1927380.9007553996,16
-1220829.0080509626,1927380.9007553996,16
-1220365.6953344352,1927380.9007553996,16
-1219902.3826179076,1927380.9007553996,16
-1219439.0699013802,1927380.9007553996,16
-1218975.7571848526,1927380.9007553996,16
-1218512.444468325,1927380.9007553996,16
-1218049.1317517976,1927380.9007553996,16
-1217585.81903527,1927380.9007553996,16
-1217122.5063187426,1927380.9007553996,16
-1216659.193602215,1927380.9007553996,16
-1216195.8808856877,1927380.9007553996,16
-1215732.56816916,1927380.9007553996,16
-1215269.2554526327,1927380.9007553996,16
-1214805.942736105,1927380.9007553996,16
-1214342.6300195777,1927380.9007553996,16
-1213879.31730305,1927380.9007553996,16
-1213416.0045865227,1927380.9007553996,16
-1212952.691869995,1927380.9007553996,16
-1212489.3791534677,1927380.9007553996,16
-1212026.06643694,1927380.9007553996,16
-1211562.7537204125,1927380.9007553996,16
-1211099.4410038851,1927380.9007553996,16
-1210636.1282873575,1927380.9007553996,16
-1210172.8155708301,1927380.9007553996,16
-1209709.5028543025,1927380.9007553996,16
-1209246.1901377751,1927380.9007553996,16
-1208782.8774212475,1927380.9007553996,16
-1208319.5647047202,1927380.9007553996,16
-1207856.2519881926,1927380.9007553996,16
-1207392.9392716652,1927380.9007553996,16
-1206929.6265551376,1927380.9007553996,16
-1206466.3138386102,1927380.9007553996,16
-1206003.0011220826,1927380.9007553996,16
-1205539.6884055552,1927380.9007553996,16
-1205076.3756890276,1927380.9007553996,16
-1204613.0629725,1927380.9007553996,16
-1204149.7502559726,1927380.9007553996,16
-1203686.4375394452,1927380.9007553996,10
-1203223.1248229176,1927380.9007553996,16
-1202759.81210639,1927380.9007553996,16
-1202296.4993898626,1927380.9007553996,16
-1201833.186673335,1927380.9007553996,16
-1201369.8739568077,1927380.9007553996,16
-1200906.56124028,1927380.9007553996,16
-1200443.2485237527,1927380.9007553996,16
-1199979.935807225,1927380.9007553996,16
-1199516.6230906977,1927380.9007553996,16
-1199053.31037417,1927380.9007553996,16
-1198589.9976576427,1927380.9007553996,16
-1198126.684941115,1927380.9007553996,16
-1197663.3722245875,1927380.9007553996,16
-1197200.05950806,1927380.9007553996,16
-1196736.7467915327,1927380.9007553996,16
-1196273.4340750051,1927380.9007553996,16
-1195810.1213584775,1927380.9007553996,16
-1195346.8086419501,1927380.9007553996,16
-1194883.4959254225,1927380.9007553996,16
-1194420.1832088951,1927380.9007553996,16
-1193956.8704923675,1927380.9007553996,16
-1193493.5577758402,1927380.9007553996,16
-1193030.2450593126,1927380.9007553996,16
-1192566.9323427852,1927380.9007553996,16
-1192103.6196262576,1927380.9007553996,16
-1191640.3069097302,1927380.9007553996,16
-1191176.9941932026,1927380.9007553996,16
-1190713.6814766752,1927380.9007553996,16
-1190250.3687601476,1927380.9007553996,16
-1189787.0560436202,1927380.9007553996,16
-1189323.7433270926,1927380.9007553996,16
-1188860.430610565,1927380.9007553996,16
-1188397.1178940376,1927380.9007553996,16
-1187933.80517751,1927380.9007553996,16
-1187470.4924609826,1927380.9007553996,16
-1187007.179744455,1927380.9007553996,16
-1186543.8670279277,1927380.9007553996,16
-1186080.5543114,1927380.9007553996,16
-1185617.2415948727,1927380.9007553996,16
-1185153.928878345,1927380.9007553996,16
-1184690.6161618177,1927380.9007553996,16
-1184227.30344529,1927380.9007553996,16
-1183763.9907287627,1927380.9007553996,16
-1183300.678012235,1927380.9007553996,16
-1182837.3652957077,1927380.9007553996,16
-1182374.05257918,1927380.9007553996,16
-1181910.7398626525,1927380.9007553996,16
-1181447.4271461251,1927380.9007553996,16
-1180984.1144295975,1927380.9007553996,16
-1180520.8017130701,1927380.9007553996,16
-1180057.4889965425,1927380.9007553996,16
-1179594.1762800151,1927380.9007553996,16
-1179130.8635634875,1927380.9007553996,16
-1178667.5508469602,1927380.9007553996,16
-1178204.2381304326,1927380.9007553996,16
-1177740.9254139052,1927380.9007553996,16
-1177277.6126973776,1927380.9007553996,16
-1176814.2999808502,1927380.9007553996,16
-1176350.9872643226,1927380.9007553996,16
-1175887.6745477952,1927380.9007553996,16
-1175424.3618312676,1927380.9007553996,16
-1174961.04911474,1927380.9007553996,16
-1174497.7363982126,1927380.9007553996,16
-1174034.4236816852,1927380.9007553996,16
-1173571.1109651576,1927380.9007553996,16
-1173107.79824863,1927380.9007553996,16
-1172644.4855321026,1927380.9007553996,16
-1172181.172815575,1927380.9007553996,16
-1171717.8600990477,1927380.9007553996,16
-1171254.54738252,1927380.9007553996,16
-1170791.2346659927,1927380.9007553996,16
-1170327.921949465,1927380.9007553996,16
-1169864.6092329377,1927380.9007553996,16
-1169401.29651641,1927380.9007553996,16
-1168937.9837998827,1927380.9007553996,16
-1168474.671083355,1927380.9007553996,16
-1168011.3583668275,1927380.9007553996,16
-1167548.0456503,1927380.9007553996,16
-1167084.7329337727,1927380.9007553996,16
-1166621.4202172451,1927380.9007553996,16
-1166158.1075007175,1927380.9007553996,16
-1227778.698798875,1926917.5880388722,16
-1227315.3860823475,1926917.5880388722,16
-1226852.07336582,1926917.5880388722,16
-1226388.7606492927,1926917.5880388722,16
-1225925.4479327651,1926917.5880388722,16
-1225462.1352162375,1926917.5880388722,16
-1224998.8224997101,1926917.5880388722,16
-1224535.5097831825,1926917.5880388722,16
-1224072.1970666551,1926917.5880388722,16
-1223608.8843501275,1926917.5880388722,16
-1223145.5716336002,1926917.5880388722,16
-1222682.2589170726,1926917.5880388722,16
-1222218.9462005452,1926917.5880388722,16
-1221755.6334840176,1926917.5880388722,16
-1221292.3207674902,1926917.5880388722,16
-1220829.0080509626,1926917.5880388722,16
-1220365.6953344352,1926917.5880388722,16
-1219902.3826179076,1926917.5880388722,16
-1219439.0699013802,1926917.5880388722,16
-1218975.7571848526,1926917.5880388722,16
-1218512.444468325,1926917.5880388722,16
-1218049.1317517976,1926917.5880388722,16
-1217585.81903527,1926917.5880388722,16
-1217122.5063187426,1926917.5880388722,16
-1216659.193602215,1926917.5880388722,16
-1216195.8808856877,1926917.5880388722,16
-1215732.56816916,1926917.5880388722,16
-1215269.2554526327,1926917.5880388722,16
-1214805.942736105,1926917.5880388722,16
-1214342.6300195777,1926917.5880388722,16
-1213879.31730305,1926917.5880388722,16
-1213416.0045865227,1926917.5880388722,16
-1212952.691869995,1926917.5880388722,16
-1212489.3791534677,1926917.5880388722,16
-1212026.06643694,1926917.5880388722,16
-1211562.7537204125,1926917.5880388722,16
-1211099.4410038851,1926917.5880388722,16
-1210636.1282873575,1926917.5880388722,16
-1210172.8155708301,1926917.5880388722,16
-1209709.5028543025,1926917.5880388722,16
-1209246.1901377751,1926917.5880388722,16
-1208782.8774212475,1926917.5880388722,16
-1208319.5647047202,1926917.5880388722,16
-1207856.2519881926,1926917.5880388722,16
-1207392.9392716652,1926917.5880388722,16
-1206929.6265551376,1926917.5880388722,16
-1206466.3138386102,1926917.5880388722,16
-1206003.0011220826,1926917.5880388722,16
-1205539.6884055552,1926917.5880388722,16
-1205076.3756890276,1926917.5880388722,16
-1204613.0629725,1926917.5880388722,16
-1204149.7502559726,1926917.5880388722,16
-1203686.4375394452,1926917.5880388722,10
-1203223.1248229176,1926917.5880388722,10
-1202759.81210639,1926917.5880388722,16
-1202296.4993898626,1926917.5880388722,16
-1201833.186673335,1926917.5880388722,16
-1201369.8739568077,1926917.5880388722,16
-1200906.56124028,1926917.5880388722,16
-1200443.2485237527,1926917.5880388722,16
-1199979.935807225,1926917.5880388722,16
-1199516.6230906977,1926917.5880388722,16
-1199053.31037417,1926917.5880388722,16
-1198589.9976576427,1926917.5880388722,16
-1198126.684941115,1926917.5880388722,16
-1197663.3722245875,1926917.5880388722,16
-1197200.05950806,1926917.5880388722,16
-1196736.7467915327,1926917.5880388722,16
-1196273.4340750051,1926917.5880388722,16
-1195810.1213584775,1926917.5880388722,16
-1195346.8086419501,1926917.5880388722,16
-1194883.4959254225,1926917.5880388722,16
-1194420.1832088951,1926917.5880388722,16
-1193956.8704923675,1926917.5880388722,16
-1193493.5577758402,1926917.5880388722,16
-1193030.2450593126,1926917.5880388722,16
-1192566.9323427852,1926917.5880388722,16
-1192103.6196262576,1926917.5880388722,16
-1191640.3069097302,1926917.5880388722,16
-1191176.9941932026,1926917.5880388722,16
-1190713.6814766752,1926917.5880388722,16
-1190250.3687601476,1926917.5880388722,16
-1189787.0560436202,1926917.5880388722,16
-1189323.7433270926,1926917.5880388722,16
-1188860.430610565,1926917.5880388722,16
-1188397.1178940376,1926917.5880388722,16
-1187933.80517751,1926917.5880388722,16
-1187470.4924609826,1926917.5880388722,16
-1187007.179744455,1926917.5880388722,16
-1186543.8670279277,1926917.5880388722,16
-1186080.5543114,1926917.5880388722,16
-1185617.2415948727,1926917.5880388722,16
-1185153.928878345,1926917.5880388722,16
-1184690.6161618177,1926917.5880388722,16
-1184227.30344529,1926917.5880388722,16
-1183763.9907287627,1926917.5880388722,16
-1183300.678012235,1926917.5880388722,16
-1182837.3652957077,1926917.5880388722,16
-1182374.05257918,1926917.5880388722,16
-1181910.7398626525,1926917.5880388722,16
-1181447.4271461251,1926917.5880388722,16
-1180984.1144295975,1926917.5880388722,16
-1180520.8017130701,1926917.5880388722,16
-1180057.4889965425,1926917.5880388722,16
-1179594.1762800151,1926917.5880388722,16
-1179130.8635634875,1926917.5880388722,16
-1178667.5508469602,1926917.5880388722,16
-1178204.2381304326,1926917.5880388722,16
-1177740.9254139052,1926917.5880388722,16
-1177277.6126973776,1926917.5880388722,16
-1176814.2999808502,1926917.5880388722,16
-1176350.9872643226,1926917.5880388722,16
-1175887.6745477952,1926917.5880388722,16
-1175424.3618312676,1926917.5880388722,16
-1174961.04911474,1926917.5880388722,16
-1174497.7363982126,1926917.5880388722,16
-1174034.4236816852,1926917.5880388722,16
-1173571.1109651576,1926917.5880388722,16
-1173107.79824863,1926917.5880388722,16
-1172644.4855321026,1926917.5880388722,16
-1172181.172815575,1926917.5880388722,16
-1171717.8600990477,1926917.5880388722,16
-1171254.54738252,1926917.5880388722,16
-1170791.2346659927,1926917.5880388722,16
-1170327.921949465,1926917.5880388722,16
-1169864.6092329377,1926917.5880388722,16
-1169401.29651641,1926917.5880388722,16
-1168937.9837998827,1926917.5880388722,16
-1168474.671083355,1926917.5880388722,16
-1168011.3583668275,1926917.5880388722,16
-1167548.0456503,1926917.5880388722,16
-1167084.7329337727,1926917.5880388722,16
-1166621.4202172451,1926917.5880388722,16
-1228242.0115154027,1926454.2753223446,16
-1227778.698798875,1926454.2753223446,16
-1227315.3860823475,1926454.2753223446,16
-1226852.07336582,1926454.2753223446,16
-1226388.7606492927,1926454.2753223446,16
-1225925.4479327651,1926454.2753223446,16
-1225462.1352162375,1926454.2753223446,16
-1224998.8224997101,1926454.2753223446,16
-1224535.5097831825,1926454.2753223446,16
-1224072.1970666551,1926454.2753223446,16
-1223608.8843501275,1926454.2753223446,16
-1223145.5716336002,1926454.2753223446,16
-1222682.2589170726,1926454.2753223446,16
-1222218.9462005452,1926454.2753223446,16
-1221755.6334840176,1926454.2753223446,16
-1221292.3207674902,1926454.2753223446,16
-1220829.0080509626,1926454.2753223446,16
-1220365.6953344352,1926454.2753223446,16
-1219902.3826179076,1926454.2753223446,16
-1219439.0699013802,1926454.2753223446,16
-1218975.7571848526,1926454.2753223446,16
-1218512.444468325,1926454.2753223446,16
-1218049.1317517976,1926454.2753223446,16
-1217585.81903527,1926454.2753223446,16
-1217122.5063187426,1926454.2753223446,16
-1216659.193602215,1926454.2753223446,16
-1216195.8808856877,1926454.2753223446,16
-1215732.56816916,1926454.2753223446,16
-1215269.2554526327,1926454.2753223446,16
-1214805.942736105,1926454.2753223446,16
-1214342.6300195777,1926454.2753223446,16
-1213879.31730305,1926454.2753223446,16
-1213416.0045865227,1926454.2753223446,16
-1212952.691869995,1926454.2753223446,16
-1212489.3791534677,1926454.2753223446,16
-1212026.06643694,1926454.2753223446,16
-1211562.7537204125,1926454.2753223446,16
-1211099.4410038851,1926454.2753223446,16
-1210636.1282873575,1926454.2753223446,16
-1210172.8155708301,1926454.2753223446,16
-1209709.5028543025,1926454.2753223446,16
-1209246.1901377751,1926454.2753223446,16
-1208782.8774212475,1926454.2753223446,16
-1208319.5647047202,1926454.2753223446,16
-1207856.2519881926,1926454.2753223446,16
-1207392.9392716652,1926454.2753223446,16
-1206929.6265551376,1926454.2753223446,16
-1206466.3138386102,1926454.2753223446,16
-1206003.0011220826,1926454.2753223446,16
-1205539.6884055552,1926454.2753223446,16
-1205076.3756890276,1926454.2753223446,16
-1204613.0629725,1926454.2753223446,10
-1204149.7502559726,1926454.2753223446,10
-1203686.4375394452,1926454.2753223446,10
-1203223.1248229176,1926454.2753223446,10
-1202759.81210639,1926454.2753223446,10
-1202296.4993898626,1926454.2753223446,16
-1201833.186673335,1926454.2753223446,16
-1201369.8739568077,1926454.2753223446,16
-1200906.56124028,1926454.2753223446,16
-1200443.2485237527,1926454.2753223446,16
-1199979.935807225,1926454.2753223446,16
-1199516.6230906977,1926454.2753223446,16
-1199053.31037417,1926454.2753223446,16
-1198589.9976576427,1926454.2753223446,16
-1198126.684941115,1926454.2753223446,16
-1197663.3722245875,1926454.2753223446,16
-1197200.05950806,1926454.2753223446,16
-1196736.7467915327,1926454.2753223446,16
-1196273.4340750051,1926454.2753223446,16
-1195810.1213584775,1926454.2753223446,16
-1195346.8086419501,1926454.2753223446,16
-1194883.4959254225,1926454.2753223446,16
-1194420.1832088951,1926454.2753223446,16
-1193956.8704923675,1926454.2753223446,16
-1193493.5577758402,1926454.2753223446,16
-1193030.2450593126,1926454.2753223446,16
-1192566.9323427852,1926454.2753223446,16
-1192103.6196262576,1926454.2753223446,16
-1191640.3069097302,1926454.2753223446,16
-1191176.9941932026,1926454.2753223446,16
-1190713.6814766752,1926454.2753223446,16
-1190250.3687601476,1926454.2753223446,16
-1189787.0560436202,1926454.2753223446,16
-1189323.7433270926,1926454.2753223446,16
-1188860.430610565,1926454.2753223446,16
-1188397.1178940376,1926454.2753223446,16
-1187933.80517751,1926454.2753223446,16
-1187470.4924609826,1926454.2753223446,16
-1187007.179744455,1926454.2753223446,16
-1186543.8670279277,1926454.2753223446,16
-1186080.5543114,1926454.2753223446,16
-1185617.2415948727,1926454.2753223446,16
-1185153.928878345,1926454.2753223446,16
-1184690.6161618177,1926454.2753223446,16
-1184227.30344529,1926454.2753223446,16
-1183763.9907287627,1926454.2753223446,16
-1183300.678012235,1926454.2753223446,16
-1182837.3652957077,1926454.2753223446,16
-1182374.05257918,1926454.2753223446,16
-1181910.7398626525,1926454.2753223446,16
-1181447.4271461251,1926454.2753223446,16
-1180984.1144295975,1926454.2753223446,16
-1180520.8017130701,1926454.2753223446,16
-1180057.4889965425,1926454.2753223446,16
-1179594.1762800151,1926454.2753223446,16
-1179130.8635634875,1926454.2753223446,16
-1178667.5508469602,1926454.2753223446,16
-1178204.2381304326,1926454.2753223446,16
-1177740.9254139052,1926454.2753223446,16
-1177277.6126973776,1926454.2753223446,16
-1176814.2999808502,1926454.2753223446,16
-1176350.9872643226,1926454.2753223446,16
-1175887.6745477952,1926454.2753223446,16
-1175424.3618312676,1926454.2753223446,16
-1174961.04911474,1926454.2753223446,16
-1174497.7363982126,1926454.2753223446,16
-1174034.4236816852,1926454.2753223446,16
-1173571.1109651576,1926454.2753223446,16
-1173107.79824863,1926454.2753223446,16
-1172644.4855321026,1926454.2753223446,16
-1172181.172815575,1926454.2753223446,16
-1171717.8600990477,1926454.2753223446,16
-1171254.54738252,1926454.2753223446,16
-1170791.2346659927,1926454.2753223446,16
-1170327.921949465,1926454.2753223446,16
-1169864.6092329377,1926454.2753223446,16
-1169401.29651641,1926454.2753223446,16
-1168937.9837998827,1926454.2753223446,16
-1168474.671083355,1926454.2753223446,16
-1168011.3583668275,1926454.2753223446,16
-1167548.0456503,1926454.2753223446,16
-1167084.7329337727,1926454.2753223446,16
-1166621.4202172451,1926454.2753223446,16
-1228705.32423193,1925990.9626058172,16
-1228242.0115154027,1925990.9626058172,16
-1227778.698798875,1925990.9626058172,16
-1227315.3860823475,1925990.9626058172,16
-1226852.07336582,1925990.9626058172,10
-1226388.7606492927,1925990.9626058172,10
-1225925.4479327651,1925990.9626058172,16
-1225462.1352162375,1925990.9626058172,16
-1224998.8224997101,1925990.9626058172,16
-1224535.5097831825,1925990.9626058172,16
-1224072.1970666551,1925990.9626058172,16
-1223608.8843501275,1925990.9626058172,16
-1223145.5716336002,1925990.9626058172,16
-1222682.2589170726,1925990.9626058172,16
-1222218.9462005452,1925990.9626058172,16
-1221755.6334840176,1925990.9626058172,16
-1221292.3207674902,1925990.9626058172,16
-1220829.0080509626,1925990.9626058172,16
-1220365.6953344352,1925990.9626058172,16
-1219902.3826179076,1925990.9626058172,16
-1219439.0699013802,1925990.9626058172,16
-1218975.7571848526,1925990.9626058172,16
-1218512.444468325,1925990.9626058172,16
-1218049.1317517976,1925990.9626058172,16
-1217585.81903527,1925990.9626058172,16
-1217122.5063187426,1925990.9626058172,16
-1216659.193602215,1925990.9626058172,16
-1216195.8808856877,1925990.9626058172,16
-1215732.56816916,1925990.9626058172,16
-1215269.2554526327,1925990.9626058172,16
-1214805.942736105,1925990.9626058172,16
-1214342.6300195777,1925990.9626058172,16
-1213879.31730305,1925990.9626058172,16
-1213416.0045865227,1925990.9626058172,16
-1212952.691869995,1925990.9626058172,16
-1212489.3791534677,1925990.9626058172,16
-1212026.06643694,1925990.9626058172,16
-1211562.7537204125,1925990.9626058172,16
-1211099.4410038851,1925990.9626058172,16
-1210636.1282873575,1925990.9626058172,16
-1210172.8155708301,1925990.9626058172,16
-1209709.5028543025,1925990.9626058172,16
-1209246.1901377751,1925990.9626058172,16
-1208782.8774212475,1925990.9626058172,16
-1208319.5647047202,1925990.9626058172,16
-1207856.2519881926,1925990.9626058172,16
-1207392.9392716652,1925990.9626058172,16
-1206929.6265551376,1925990.9626058172,16
-1206466.3138386102,1925990.9626058172,16
-1206003.0011220826,1925990.9626058172,16
-1205539.6884055552,1925990.9626058172,16
-1205076.3756890276,1925990.9626058172,16
-1204613.0629725,1925990.9626058172,16
-1204149.7502559726,1925990.9626058172,10
-1203686.4375394452,1925990.9626058172,10
-1203223.1248229176,1925990.9626058172,10
-1202759.81210639,1925990.9626058172,10
-1202296.4993898626,1925990.9626058172,16
-1201833.186673335,1925990.9626058172,16
-1201369.8739568077,1925990.9626058172,16
-1200906.56124028,1925990.9626058172,16
-1200443.2485237527,1925990.9626058172,16
-1199979.935807225,1925990.9626058172,16
-1199516.6230906977,1925990.9626058172,16
-1199053.31037417,1925990.9626058172,16
-1198589.9976576427,1925990.9626058172,16
-1198126.684941115,1925990.9626058172,16
-1197663.3722245875,1925990.9626058172,16
-1197200.05950806,1925990.9626058172,16
-1196736.7467915327,1925990.9626058172,16
-1196273.4340750051,1925990.9626058172,16
-1195810.1213584775,1925990.9626058172,16
-1195346.8086419501,1925990.9626058172,16
-1194883.4959254225,1925990.9626058172,16
-1194420.1832088951,1925990.9626058172,16
-1193956.8704923675,1925990.9626058172,16
-1193493.5577758402,1925990.9626058172,16
-1193030.2450593126,1925990.9626058172,16
-1192566.9323427852,1925990.9626058172,16
-1192103.6196262576,1925990.9626058172,16
-1191640.3069097302,1925990.9626058172,16
-1191176.9941932026,1925990.9626058172,16
-1190713.6814766752,1925990.9626058172,16
-1190250.3687601476,1925990.9626058172,16
-1189787.0560436202,1925990.9626058172,16
-1189323.7433270926,1925990.9626058172,16
-1188860.430610565,1925990.9626058172,16
-1188397.1178940376,1925990.9626058172,16
-1187933.80517751,1925990.9626058172,16
-1187470.4924609826,1925990.9626058172,16
-1187007.179744455,1925990.9626058172,16
-1186543.8670279277,1925990.9626058172,16
-1186080.5543114,1925990.9626058172,16
-1185617.2415948727,1925990.9626058172,16
-1185153.928878345,1925990.9626058172,16
-1184690.6161618177,1925990.9626058172,16
-1184227.30344529,1925990.9626058172,16
-1183763.9907287627,1925990.9626058172,16
-1183300.678012235,1925990.9626058172,16
-1182837.3652957077,1925990.9626058172,16
-1182374.05257918,1925990.9626058172,16
-1181910.7398626525,1925990.9626058172,16
-1181447.4271461251,1925990.9626058172,16
-1180984.1144295975,1925990.9626058172,16
-1180520.8017130701,1925990.9626058172,16
-1180057.4889965425,1925990.9626058172,16
-1179594.1762800151,1925990.9626058172,16
-1179130.8635634875,1925990.9626058172,16
-1178667.5508469602,1925990.9626058172,16
-1178204.2381304326,1925990.9626058172,16
-1177740.9254139052,1925990.9626058172,16
-1177277.6126973776,1925990.9626058172,16
-1176814.2999808502,1925990.9626058172,16
-1176350.9872643226,1925990.9626058172,16
-1175887.6745477952,1925990.9626058172,16
-1175424.3618312676,1925990.9626058172,16
-1174961.04911474,1925990.9626058172,16
-1174497.7363982126,1925990.9626058172,16
-1174034.4236816852,1925990.9626058172,16
-1173571.1109651576,1925990.9626058172,16
-1173107.79824863,1925990.9626058172,16
-1172644.4855321026,1925990.9626058172,16
-1172181.172815575,1925990.9626058172,16
-1171717.8600990477,1925990.9626058172,16
-1171254.54738252,1925990.9626058172,16
-1170791.2346659927,1925990.9626058172,16
-1170327.921949465,1925990.9626058172,16
-1169864.6092329377,1925990.9626058172,16
-1169401.29651641,1925990.9626058172,16
-1168937.9837998827,1925990.9626058172,16
-1168474.671083355,1925990.9626058172,16
-1168011.3583668275,1925990.9626058172,16
-1167548.0456503,1925990.9626058172,16
-1167084.7329337727,1925990.9626058172,16
-1166621.4202172451,1925990.9626058172,16
-1229631.949664985,1925527.6498892896,16
-1229168.6369484577,1925527.6498892896,16
-1228705.32423193,1925527.6498892896,16
-1228242.0115154027,1925527.6498892896,16
-1227778.698798875,1925527.6498892896,16
-1227315.3860823475,1925527.6498892896,10
-1226852.07336582,1925527.6498892896,10
-1226388.7606492927,1925527.6498892896,10
-1225925.4479327651,1925527.6498892896,16
-1225462.1352162375,1925527.6498892896,16
-1224998.8224997101,1925527.6498892896,16
-1224535.5097831825,1925527.6498892896,16
-1224072.1970666551,1925527.6498892896,16
-1223608.8843501275,1925527.6498892896,16
-1223145.5716336002,1925527.6498892896,16
-1222682.2589170726,1925527.6498892896,16
-1222218.9462005452,1925527.6498892896,16
-1221755.6334840176,1925527.6498892896,16
-1221292.3207674902,1925527.6498892896,16
-1220829.0080509626,1925527.6498892896,16
-1220365.6953344352,1925527.6498892896,16
-1219902.3826179076,1925527.6498892896,16
-1219439.0699013802,1925527.6498892896,16
-1218975.7571848526,1925527.6498892896,16
-1218512.444468325,1925527.6498892896,16
-1218049.1317517976,1925527.6498892896,16
-1217585.81903527,1925527.6498892896,16
-1217122.5063187426,1925527.6498892896,16
-1216659.193602215,1925527.6498892896,16
-1216195.8808856877,1925527.6498892896,16
-1215732.56816916,1925527.6498892896,16
-1215269.2554526327,1925527.6498892896,16
-1214805.942736105,1925527.6498892896,16
-1214342.6300195777,1925527.6498892896,16
-1213879.31730305,1925527.6498892896,16
-1213416.0045865227,1925527.6498892896,16
-1212952.691869995,1925527.6498892896,16
-1212489.3791534677,1925527.6498892896,16
-1212026.06643694,1925527.6498892896,16
-1211562.7537204125,1925527.6498892896,16
-1211099.4410038851,1925527.6498892896,16
-1210636.1282873575,1925527.6498892896,16
-1210172.8155708301,1925527.6498892896,16
-1209709.5028543025,1925527.6498892896,16
-1209246.1901377751,1925527.6498892896,16
-1208782.8774212475,1925527.6498892896,16
-1208319.5647047202,1925527.6498892896,16
-1207856.2519881926,1925527.6498892896,16
-1207392.9392716652,1925527.6498892896,16
-1206929.6265551376,1925527.6498892896,16
-1206466.3138386102,1925527.6498892896,16
-1206003.0011220826,1925527.6498892896,16
-1205539.6884055552,1925527.6498892896,16
-1205076.3756890276,1925527.6498892896,16
-1204613.0629725,1925527.6498892896,16
-1204149.7502559726,1925527.6498892896,10
-1203686.4375394452,1925527.6498892896,10
-1203223.1248229176,1925527.6498892896,10
-1202759.81210639,1925527.6498892896,10
-1202296.4993898626,1925527.6498892896,16
-1201833.186673335,1925527.6498892896,16
-1201369.8739568077,1925527.6498892896,16
-1200906.56124028,1925527.6498892896,16
-1200443.2485237527,1925527.6498892896,16
-1199979.935807225,1925527.6498892896,16
-1199516.6230906977,1925527.6498892896,16
-1199053.31037417,1925527.6498892896,16
-1198589.9976576427,1925527.6498892896,16
-1198126.684941115,1925527.6498892896,16
-1197663.3722245875,1925527.6498892896,16
-1197200.05950806,1925527.6498892896,16
-1196736.7467915327,1925527.6498892896,16
-1196273.4340750051,1925527.6498892896,16
-1195810.1213584775,1925527.6498892896,16
-1195346.8086419501,1925527.6498892896,16
-1194883.4959254225,1925527.6498892896,16
-1194420.1832088951,1925527.6498892896,16
-1193956.8704923675,1925527.6498892896,16
-1193493.5577758402,1925527.6498892896,16
-1193030.2450593126,1925527.6498892896,16
-1192566.9323427852,1925527.6498892896,16
-1192103.6196262576,1925527.6498892896,16
-1191640.3069097302,1925527.6498892896,16
-1191176.9941932026,1925527.6498892896,16
-1190713.6814766752,1925527.6498892896,16
-1190250.3687601476,1925527.6498892896,16
-1189787.0560436202,1925527.6498892896,16
-1189323.7433270926,1925527.6498892896,16
-1188860.430610565,1925527.6498892896,16
-1188397.1178940376,1925527.6498892896,16
-1187933.80517751,1925527.6498892896,16
-1187470.4924609826,1925527.6498892896,16
-1187007.179744455,1925527.6498892896,16
-1186543.8670279277,1925527.6498892896,16
-1186080.5543114,1925527.6498892896,16
-1185617.2415948727,1925527.6498892896,16
-1185153.928878345,1925527.6498892896,16
-1184690.6161618177,1925527.6498892896,16
-1184227.30344529,1925527.6498892896,16
-1183763.9907287627,1925527.6498892896,16
-1183300.678012235,1925527.6498892896,16
-1182837.3652957077,1925527.6498892896,16
-1182374.05257918,1925527.6498892896,16
-1181910.7398626525,1925527.6498892896,16
-1181447.4271461251,1925527.6498892896,16
-1180984.1144295975,1925527.6498892896,16
-1180520.8017130701,1925527.6498892896,16
-1180057.4889965425,1925527.6498892896,16
-1179594.1762800151,1925527.6498892896,16
-1179130.8635634875,1925527.6498892896,16
-1178667.5508469602,1925527.6498892896,16
-1178204.2381304326,1925527.6498892896,16
-1177740.9254139052,1925527.6498892896,16
-1177277.6126973776,1925527.6498892896,16
-1176814.2999808502,1925527.6498892896,16
-1176350.9872643226,1925527.6498892896,16
-1175887.6745477952,1925527.6498892896,16
-1175424.3618312676,1925527.6498892896,16
-1174961.04911474,1925527.6498892896,16
-1174497.7363982126,1925527.6498892896,16
-1174034.4236816852,1925527.6498892896,16
-1173571.1109651576,1925527.6498892896,16
-1173107.79824863,1925527.6498892896,16
-1172644.4855321026,1925527.6498892896,16
-1172181.172815575,1925527.6498892896,16
-1171717.8600990477,1925527.6498892896,16
-1171254.54738252,1925527.6498892896,16
-1170791.2346659927,1925527.6498892896,16
-1170327.921949465,1925527.6498892896,16
-1169864.6092329377,1925527.6498892896,16
-1169401.29651641,1925527.6498892896,16
-1168937.9837998827,1925527.6498892896,16
-1168474.671083355,1925527.6498892896,16
-1168011.3583668275,1925527.6498892896,16
-1167548.0456503,1925527.6498892896,16
-1167084.7329337727,1925527.6498892896,16
-1166621.4202172451,1925527.6498892896,16
-1230558.57509804,1925064.3371727623,16
-1230095.2623815127,1925064.3371727623,16
-1229631.949664985,1925064.3371727623,16
-1229168.6369484577,1925064.3371727623,16
-1228705.32423193,1925064.3371727623,16
-1228242.0115154027,1925064.3371727623,16
-1227778.698798875,1925064.3371727623,16
-1227315.3860823475,1925064.3371727623,10
-1226852.07336582,1925064.3371727623,10
-1226388.7606492927,1925064.3371727623,10
-1225925.4479327651,1925064.3371727623,16
-1225462.1352162375,1925064.3371727623,16
-1224998.8224997101,1925064.3371727623,16
-1224535.5097831825,1925064.3371727623,16
-1224072.1970666551,1925064.3371727623,16
-1223608.8843501275,1925064.3371727623,16
-1223145.5716336002,1925064.3371727623,16
-1222682.2589170726,1925064.3371727623,16
-1222218.9462005452,1925064.3371727623,16
-1221755.6334840176,1925064.3371727623,16
-1221292.3207674902,1925064.3371727623,16
-1220829.0080509626,1925064.3371727623,16
-1220365.6953344352,1925064.3371727623,16
-1219902.3826179076,1925064.3371727623,16
-1219439.0699013802,1925064.3371727623,16
-1218975.7571848526,1925064.3371727623,16
-1218512.444468325,1925064.3371727623,16
-1218049.1317517976,1925064.3371727623,16
-1217585.81903527,1925064.3371727623,16
-1217122.5063187426,1925064.3371727623,16
-1216659.193602215,1925064.3371727623,16
-1216195.8808856877,1925064.3371727623,16
-1215732.56816916,1925064.3371727623,16
-1215269.2554526327,1925064.3371727623,16
-1214805.942736105,1925064.3371727623,16
-1214342.6300195777,1925064.3371727623,16
-1213879.31730305,1925064.3371727623,16
-1213416.0045865227,1925064.3371727623,16
-1212952.691869995,1925064.3371727623,16
-1212489.3791534677,1925064.3371727623,16
-1212026.06643694,1925064.3371727623,16
-1211562.7537204125,1925064.3371727623,16
-1211099.4410038851,1925064.3371727623,16
-1210636.1282873575,1925064.3371727623,16
-1210172.8155708301,1925064.3371727623,16
-1209709.5028543025,1925064.3371727623,16
-1209246.1901377751,1925064.3371727623,16
-1208782.8774212475,1925064.3371727623,16
-1208319.5647047202,1925064.3371727623,16
-1207856.2519881926,1925064.3371727623,16
-1207392.9392716652,1925064.3371727623,16
-1206929.6265551376,1925064.3371727623,16
-1206466.3138386102,1925064.3371727623,16
-1206003.0011220826,1925064.3371727623,16
-1205539.6884055552,1925064.3371727623,16
-1205076.3756890276,1925064.3371727623,16
-1204613.0629725,1925064.3371727623,16
-1204149.7502559726,1925064.3371727623,16
-1203686.4375394452,1925064.3371727623,10
-1203223.1248229176,1925064.3371727623,10
-1202759.81210639,1925064.3371727623,10
-1202296.4993898626,1925064.3371727623,16
-1201833.186673335,1925064.3371727623,16
-1201369.8739568077,1925064.3371727623,16
-1200906.56124028,1925064.3371727623,16
-1200443.2485237527,1925064.3371727623,16
-1199979.935807225,1925064.3371727623,16
-1199516.6230906977,1925064.3371727623,16
-1199053.31037417,1925064.3371727623,16
-1198589.9976576427,1925064.3371727623,16
-1198126.684941115,1925064.3371727623,16
-1197663.3722245875,1925064.3371727623,16
-1197200.05950806,1925064.3371727623,16
-1196736.7467915327,1925064.3371727623,16
-1196273.4340750051,1925064.3371727623,16
-1195810.1213584775,1925064.3371727623,16
-1195346.8086419501,1925064.3371727623,16
-1194883.4959254225,1925064.3371727623,16
-1194420.1832088951,1925064.3371727623,16
-1193956.8704923675,1925064.3371727623,16
-1193493.5577758402,1925064.3371727623,16
-1193030.2450593126,1925064.3371727623,16
-1192566.9323427852,1925064.3371727623,16
-1192103.6196262576,1925064.3371727623,16
-1191640.3069097302,1925064.3371727623,16
-1191176.9941932026,1925064.3371727623,16
-1190713.6814766752,1925064.3371727623,16
-1190250.3687601476,1925064.3371727623,16
-1189787.0560436202,1925064.3371727623,16
-1189323.7433270926,1925064.3371727623,16
-1188860.430610565,1925064.3371727623,16
-1188397.1178940376,1925064.3371727623,16
-1187933.80517751,1925064.3371727623,16
-1187470.4924609826,1925064.3371727623,16
-1187007.179744455,1925064.3371727623,16
-1186543.8670279277,1925064.3371727623,16
-1186080.5543114,1925064.3371727623,16
-1185617.2415948727,1925064.3371727623,16
-1185153.928878345,1925064.3371727623,16
-1184690.6161618177,1925064.3371727623,16
-1184227.30344529,1925064.3371727623,16
-1183763.9907287627,1925064.3371727623,16
-1183300.678012235,1925064.3371727623,16
-1182837.3652957077,1925064.3371727623,16
-1182374.05257918,1925064.3371727623,16
-1181910.7398626525,1925064.3371727623,16
-1181447.4271461251,1925064.3371727623,16
-1180984.1144295975,1925064.3371727623,16
-1180520.8017130701,1925064.3371727623,16
-1180057.4889965425,1925064.3371727623,16
-1179594.1762800151,1925064.3371727623,16
-1179130.8635634875,1925064.3371727623,16
-1178667.5508469602,1925064.3371727623,16
-1178204.2381304326,1925064.3371727623,16
-1177740.9254139052,1925064.3371727623,16
-1177277.6126973776,1925064.3371727623,16
-1176814.2999808502,1925064.3371727623,16
-1176350.9872643226,1925064.3371727623,16
-1175887.6745477952,1925064.3371727623,16
-1175424.3618312676,1925064.3371727623,16
-1174961.04911474,1925064.3371727623,16
-1174497.7363982126,1925064.3371727623,16
-1174034.4236816852,1925064.3371727623,16
-1173571.1109651576,1925064.3371727623,16
-1173107.79824863,1925064.3371727623,16
-1172644.4855321026,1925064.3371727623,16
-1172181.172815575,1925064.3371727623,16
-1171717.8600990477,1925064.3371727623,16
-1171254.54738252,1925064.3371727623,16
-1170791.2346659927,1925064.3371727623,16
-1170327.921949465,1925064.3371727623,16
-1169864.6092329377,1925064.3371727623,16
-1169401.29651641,1925064.3371727623,16
-1168937.9837998827,1925064.3371727623,16
-1168474.671083355,1925064.3371727623,16
-1168011.3583668275,1925064.3371727623,16
-1167548.0456503,1925064.3371727623,16
-1167084.7329337727,1925064.3371727623,16
-1166621.4202172451,1925064.3371727623,16
-1231021.8878145677,1924601.0244562346,16
-1230558.57509804,1924601.0244562346,16
-1230095.2623815127,1924601.0244562346,16
-1229631.949664985,1924601.0244562346,16
-1229168.6369484577,1924601.0244562346,16
-1228705.32423193,1924601.0244562346,16
-1228242.0115154027,1924601.0244562346,16
-1227778.698798875,1924601.0244562346,16
-1227315.3860823475,1924601.0244562346,16
-1226852.07336582,1924601.0244562346,16
-1226388.7606492927,1924601.0244562346,16
-1225925.4479327651,1924601.0244562346,16
-1225462.1352162375,1924601.0244562346,16
-1224998.8224997101,1924601.0244562346,16
-1224535.5097831825,1924601.0244562346,16
-1224072.1970666551,1924601.0244562346,16
-1223608.8843501275,1924601.0244562346,16
-1223145.5716336002,1924601.0244562346,16
-1222682.2589170726,1924601.0244562346,16
-1222218.9462005452,1924601.0244562346,16
-1221755.6334840176,1924601.0244562346,16
-1221292.3207674902,1924601.0244562346,16
-1220829.0080509626,1924601.0244562346,16
-1220365.6953344352,1924601.0244562346,16
-1219902.3826179076,1924601.0244562346,16
-1219439.0699013802,1924601.0244562346,16
-1218975.7571848526,1924601.0244562346,16
-1218512.444468325,1924601.0244562346,16
-1218049.1317517976,1924601.0244562346,16
-1217585.81903527,1924601.0244562346,16
-1217122.5063187426,1924601.0244562346,16
-1216659.193602215,1924601.0244562346,16
-1216195.8808856877,1924601.0244562346,16
-1215732.56816916,1924601.0244562346,16
-1215269.2554526327,1924601.0244562346,16
-1214805.942736105,1924601.0244562346,16
-1214342.6300195777,1924601.0244562346,16
-1213879.31730305,1924601.0244562346,16
-1213416.0045865227,1924601.0244562346,16
-1212952.691869995,1924601.0244562346,16
-1212489.3791534677,1924601.0244562346,16
-1212026.06643694,1924601.0244562346,16
-1211562.7537204125,1924601.0244562346,16
-1211099.4410038851,1924601.0244562346,16
-1210636.1282873575,1924601.0244562346,16
-1210172.8155708301,1924601.0244562346,16
-1209709.5028543025,1924601.0244562346,16
-1209246.1901377751,1924601.0244562346,16
-1208782.8774212475,1924601.0244562346,16
-1208319.5647047202,1924601.0244562346,16
-1207856.2519881926,1924601.0244562346,16
-1207392.9392716652,1924601.0244562346,16
-1206929.6265551376,1924601.0244562346,16
-1206466.3138386102,1924601.0244562346,16
-1206003.0011220826,1924601.0244562346,16
-1205539.6884055552,1924601.0244562346,16
-1205076.3756890276,1924601.0244562346,16
-1204613.0629725,1924601.0244562346,16
-1204149.7502559726,1924601.0244562346,16
-1203686.4375394452,1924601.0244562346,10
-1203223.1248229176,1924601.0244562346,10
-1202759.81210639,1924601.0244562346,16
-1202296.4993898626,1924601.0244562346,16
-1201833.186673335,1924601.0244562346,16
-1201369.8739568077,1924601.0244562346,16
-1200906.56124028,1924601.0244562346,16
-1200443.2485237527,1924601.0244562346,16
-1199979.935807225,1924601.0244562346,16
-1199516.6230906977,1924601.0244562346,16
-1199053.31037417,1924601.0244562346,16
-1198589.9976576427,1924601.0244562346,16
-1198126.684941115,1924601.0244562346,16
-1197663.3722245875,1924601.0244562346,16
-1197200.05950806,1924601.0244562346,16
-1196736.7467915327,1924601.0244562346,16
-1196273.4340750051,1924601.0244562346,16
-1195810.1213584775,1924601.0244562346,16
-1195346.8086419501,1924601.0244562346,16
-1194883.4959254225,1924601.0244562346,16
-1194420.1832088951,1924601.0244562346,16
-1193956.8704923675,1924601.0244562346,16
-1193493.5577758402,1924601.0244562346,16
-1193030.2450593126,1924601.0244562346,16
-1192566.9323427852,1924601.0244562346,16
-1192103.6196262576,1924601.0244562346,16
-1191640.3069097302,1924601.0244562346,16
-1191176.9941932026,1924601.0244562346,16
-1190713.6814766752,1924601.0244562346,16
-1190250.3687601476,1924601.0244562346,16
-1189787.0560436202,1924601.0244562346,16
-1189323.7433270926,1924601.0244562346,16
-1188860.430610565,1924601.0244562346,16
-1188397.1178940376,1924601.0244562346,16
-1187933.80517751,1924601.0244562346,16
-1187470.4924609826,1924601.0244562346,16
-1187007.179744455,1924601.0244562346,16
-1186543.8670279277,1924601.0244562346,16
-1186080.5543114,1924601.0244562346,16
-1185617.2415948727,1924601.0244562346,16
-1185153.928878345,1924601.0244562346,16
-1184690.6161618177,1924601.0244562346,16
-1184227.30344529,1924601.0244562346,16
-1183763.9907287627,1924601.0244562346,16
-1183300.678012235,1924601.0244562346,16
-1182837.3652957077,1924601.0244562346,16
-1182374.05257918,1924601.0244562346,16
-1181910.7398626525,1924601.0244562346,16
-1181447.4271461251,1924601.0244562346,16
-1180984.1144295975,1924601.0244562346,16
-1180520.8017130701,1924601.0244562346,16
-1180057.4889965425,1924601.0244562346,16
-1179594.1762800151,1924601.0244562346,16
-1179130.8635634875,1924601.0244562346,16
-1178667.5508469602,1924601.0244562346,16
-1178204.2381304326,1924601.0244562346,16
-1177740.9254139052,1924601.0244562346,16
-1177277.6126973776,1924601.0244562346,16
-1176814.2999808502,1924601.0244562346,16
-1176350.9872643226,1924601.0244562346,16
-1175887.6745477952,1924601.0244562346,16
-1175424.3618312676,1924601.0244562346,16
-1174961.04911474,1924601.0244562346,16
-1174497.7363982126,1924601.0244562346,16
-1174034.4236816852,1924601.0244562346,16
-1173571.1109651576,1924601.0244562346,16
-1173107.79824863,1924601.0244562346,16
-1172644.4855321026,1924601.0244562346,16
-1172181.172815575,1924601.0244562346,16
-1171717.8600990477,1924601.0244562346,16
-1171254.54738252,1924601.0244562346,16
-1170791.2346659927,1924601.0244562346,16
-1170327.921949465,1924601.0244562346,16
-1169864.6092329377,1924601.0244562346,16
-1169401.29651641,1924601.0244562346,16
-1168937.9837998827,1924601.0244562346,16
-1168474.671083355,1924601.0244562346,16
-1168011.3583668275,1924601.0244562346,16
-1167548.0456503,1924601.0244562346,16
-1167084.7329337727,1924601.0244562346,16
-1166621.4202172451,1924601.0244562346,16
-1166158.1075007175,1924601.0244562346,16
-1230558.57509804,1924137.7117397073,16
-1230095.2623815127,1924137.7117397073,16
-1229631.949664985,1924137.7117397073,16
-1229168.6369484577,1924137.7117397073,16
-1228705.32423193,1924137.7117397073,16
-1228242.0115154027,1924137.7117397073,16
-1227778.698798875,1924137.7117397073,16
-1227315.3860823475,1924137.7117397073,16
-1226852.07336582,1924137.7117397073,16
-1226388.7606492927,1924137.7117397073,16
-1225925.4479327651,1924137.7117397073,16
-1225462.1352162375,1924137.7117397073,16
-1224998.8224997101,1924137.7117397073,16
-1224535.5097831825,1924137.7117397073,16
-1224072.1970666551,1924137.7117397073,16
-1223608.8843501275,1924137.7117397073,16
-1223145.5716336002,1924137.7117397073,16
-1222682.2589170726,1924137.7117397073,16
-1222218.9462005452,1924137.7117397073,16
-1221755.6334840176,1924137.7117397073,16
-1221292.3207674902,1924137.7117397073,16
-1220829.0080509626,1924137.7117397073,16
-1220365.6953344352,1924137.7117397073,16
-1219902.3826179076,1924137.7117397073,16
-1219439.0699013802,1924137.7117397073,16
-1218975.7571848526,1924137.7117397073,16
-1218512.444468325,1924137.7117397073,16
-1218049.1317517976,1924137.7117397073,16
-1217585.81903527,1924137.7117397073,16
-1217122.5063187426,1924137.7117397073,16
-1216659.193602215,1924137.7117397073,16
-1216195.8808856877,1924137.7117397073,16
-1215732.56816916,1924137.7117397073,16
-1215269.2554526327,1924137.7117397073,16
-1214805.942736105,1924137.7117397073,16
-1214342.6300195777,1924137.7117397073,16
-1213879.31730305,1924137.7117397073,16
-1213416.0045865227,1924137.7117397073,16
-1212952.691869995,1924137.7117397073,16
-1212489.3791534677,1924137.7117397073,16
-1212026.06643694,1924137.7117397073,16
-1211562.7537204125,1924137.7117397073,16
-1211099.4410038851,1924137.7117397073,16
-1210636.1282873575,1924137.7117397073,16
-1210172.8155708301,1924137.7117397073,16
-1209709.5028543025,1924137.7117397073,16
-1209246.1901377751,1924137.7117397073,16
-1208782.8774212475,1924137.7117397073,16
-1208319.5647047202,1924137.7117397073,16
-1207856.2519881926,1924137.7117397073,16
-1207392.9392716652,1924137.7117397073,16
-1206929.6265551376,1924137.7117397073,16
-1206466.3138386102,1924137.7117397073,16
-1206003.0011220826,1924137.7117397073,16
-1205539.6884055552,1924137.7117397073,16
-1205076.3756890276,1924137.7117397073,16
-1204613.0629725,1924137.7117397073,16
-1204149.7502559726,1924137.7117397073,16
-1203686.4375394452,1924137.7117397073,16
-1203223.1248229176,1924137.7117397073,16
-1202759.81210639,1924137.7117397073,16
-1202296.4993898626,1924137.7117397073,16
-1201833.186673335,1924137.7117397073,16
-1201369.8739568077,1924137.7117397073,16
-1200906.56124028,1924137.7117397073,16
-1200443.2485237527,1924137.7117397073,16
-1199979.935807225,1924137.7117397073,16
-1199516.6230906977,1924137.7117397073,16
-1199053.31037417,1924137.7117397073,16
-1198589.9976576427,1924137.7117397073,16
-1198126.684941115,1924137.7117397073,16
-1197663.3722245875,1924137.7117397073,16
-1197200.05950806,1924137.7117397073,16
-1196736.7467915327,1924137.7117397073,16
-1196273.4340750051,1924137.7117397073,16
-1195810.1213584775,1924137.7117397073,16
-1195346.8086419501,1924137.7117397073,16
-1194883.4959254225,1924137.7117397073,16
-1194420.1832088951,1924137.7117397073,16
-1193956.8704923675,1924137.7117397073,16
-1193493.5577758402,1924137.7117397073,16
-1193030.2450593126,1924137.7117397073,16
-1192566.9323427852,1924137.7117397073,16
-1192103.6196262576,1924137.7117397073,16
-1191640.3069097302,1924137.7117397073,16
-1191176.9941932026,1924137.7117397073,16
-1190713.6814766752,1924137.7117397073,16
-1190250.3687601476,1924137.7117397073,16
-1189787.0560436202,1924137.7117397073,16
-1189323.7433270926,1924137.7117397073,16
-1188860.430610565,1924137.7117397073,16
-1188397.1178940376,1924137.7117397073,16
-1187933.80517751,1924137.7117397073,16
-1187470.4924609826,1924137.7117397073,16
-1187007.179744455,1924137.7117397073,16
-1186543.8670279277,1924137.7117397073,16
-1186080.5543114,1924137.7117397073,16
-1185617.2415948727,1924137.7117397073,16
-1185153.928878345,1924137.7117397073,16
-1184690.6161618177,1924137.7117397073,16
-1184227.30344529,1924137.7117397073,16
-1183763.9907287627,1924137.7117397073,16
-1183300.678012235,1924137.7117397073,16
-1182837.3652957077,1924137.7117397073,16
-1182374.05257918,1924137.7117397073,16
-1181910.7398626525,1924137.7117397073,16
-1181447.4271461251,1924137.7117397073,16
-1180984.1144295975,1924137.7117397073,16
-1180520.8017130701,1924137.7117397073,16
-1180057.4889965425,1924137.7117397073,16
-1179594.1762800151,1924137.7117397073,16
-1179130.8635634875,1924137.7117397073,16
-1178667.5508469602,1924137.7117397073,16
-1178204.2381304326,1924137.7117397073,16
-1177740.9254139052,1924137.7117397073,16
-1177277.6126973776,1924137.7117397073,16
-1176814.2999808502,1924137.7117397073,16
-1176350.9872643226,1924137.7117397073,16
-1175887.6745477952,1924137.7117397073,16
-1175424.3618312676,1924137.7117397073,16
-1174961.04911474,1924137.7117397073,16
-1174497.7363982126,1924137.7117397073,16
-1174034.4236816852,1924137.7117397073,16
-1173571.1109651576,1924137.7117397073,16
-1173107.79824863,1924137.7117397073,16
-1172644.4855321026,1924137.7117397073,16
-1172181.172815575,1924137.7117397073,16
-1171717.8600990477,1924137.7117397073,16
-1171254.54738252,1924137.7117397073,16
-1170791.2346659927,1924137.7117397073,16
-1170327.921949465,1924137.7117397073,16
-1169864.6092329377,1924137.7117397073,16
-1169401.29651641,1924137.7117397073,16
-1168937.9837998827,1924137.7117397073,16
-1168474.671083355,1924137.7117397073,16
-1168011.3583668275,1924137.7117397073,16
-1167548.0456503,1924137.7117397073,16
-1167084.7329337727,1924137.7117397073,16
-1166621.4202172451,1924137.7117397073,16
-1166158.1075007175,1924137.7117397073,16
-1230558.57509804,1923674.3990231797,10
-1230095.2623815127,1923674.3990231797,10
-1229631.949664985,1923674.3990231797,16
-1229168.6369484577,1923674.3990231797,16
-1228705.32423193,1923674.3990231797,16
-1228242.0115154027,1923674.3990231797,16
-1227778.698798875,1923674.3990231797,16
-1227315.3860823475,1923674.3990231797,16
-1226852.07336582,1923674.3990231797,16
-1226388.7606492927,1923674.3990231797,16
-1225925.4479327651,1923674.3990231797,16
-1225462.1352162375,1923674.3990231797,16
-1224998.8224997101,1923674.3990231797,16
-1224535.5097831825,1923674.3990231797,16
-1224072.1970666551,1923674.3990231797,16
-1223608.8843501275,1923674.3990231797,16
-1223145.5716336002,1923674.3990231797,16
-1222682.2589170726,1923674.3990231797,16
-1222218.9462005452,1923674.3990231797,16
-1221755.6334840176,1923674.3990231797,16
-1221292.3207674902,1923674.3990231797,16
-1220829.0080509626,1923674.3990231797,16
-1220365.6953344352,1923674.3990231797,16
-1219902.3826179076,1923674.3990231797,16
-1219439.0699013802,1923674.3990231797,16
-1218975.7571848526,1923674.3990231797,16
-1218512.444468325,1923674.3990231797,16
-1218049.1317517976,1923674.3990231797,16
-1217585.81903527,1923674.3990231797,16
-1217122.5063187426,1923674.3990231797,16
-1216659.193602215,1923674.3990231797,16
-1216195.8808856877,1923674.3990231797,16
-1215732.56816916,1923674.3990231797,16
-1215269.2554526327,1923674.3990231797,16
-1214805.942736105,1923674.3990231797,16
-1214342.6300195777,1923674.3990231797,16
-1213879.31730305,1923674.3990231797,16
-1213416.0045865227,1923674.3990231797,16
-1212952.691869995,1923674.3990231797,16
-1212489.3791534677,1923674.3990231797,16
-1212026.06643694,1923674.3990231797,16
-1211562.7537204125,1923674.3990231797,16
-1211099.4410038851,1923674.3990231797,16
-1210636.1282873575,1923674.3990231797,16
-1210172.8155708301,1923674.3990231797,16
-1209709.5028543025,1923674.3990231797,16
-1209246.1901377751,1923674.3990231797,16
-1208782.8774212475,1923674.3990231797,16
-1208319.5647047202,1923674.3990231797,16
-1207856.2519881926,1923674.3990231797,16
-1207392.9392716652,1923674.3990231797,16
-1206929.6265551376,1923674.3990231797,16
-1206466.3138386102,1923674.3990231797,16
-1206003.0011220826,1923674.3990231797,16
-1205539.6884055552,1923674.3990231797,16
-1205076.3756890276,1923674.3990231797,16
-1204613.0629725,1923674.3990231797,16
-1204149.7502559726,1923674.3990231797,16
-1203686.4375394452,1923674.3990231797,16
-1203223.1248229176,1923674.3990231797,10
-1202759.81210639,1923674.3990231797,16
-1202296.4993898626,1923674.3990231797,16
-1201833.186673335,1923674.3990231797,16
-1201369.8739568077,1923674.3990231797,16
-1200906.56124028,1923674.3990231797,16
-1200443.2485237527,1923674.3990231797,10
-1199979.935807225,1923674.3990231797,16
-1199516.6230906977,1923674.3990231797,16
-1199053.31037417,1923674.3990231797,16
-1198589.9976576427,1923674.3990231797,16
-1198126.684941115,1923674.3990231797,16
-1197663.3722245875,1923674.3990231797,16
-1197200.05950806,1923674.3990231797,16
-1196736.7467915327,1923674.3990231797,16
-1196273.4340750051,1923674.3990231797,16
-1195810.1213584775,1923674.3990231797,16
-1195346.8086419501,1923674.3990231797,16
-1194883.4959254225,1923674.3990231797,16
-1194420.1832088951,1923674.3990231797,16
-1193956.8704923675,1923674.3990231797,16
-1193493.5577758402,1923674.3990231797,16
-1193030.2450593126,1923674.3990231797,16
-1192566.9323427852,1923674.3990231797,16
-1192103.6196262576,1923674.3990231797,16
-1191640.3069097302,1923674.3990231797,16
-1191176.9941932026,1923674.3990231797,16
-1190713.6814766752,1923674.3990231797,16
-1190250.3687601476,1923674.3990231797,16
-1189787.0560436202,1923674.3990231797,16
-1189323.7433270926,1923674.3990231797,16
-1188860.430610565,1923674.3990231797,10
-1188397.1178940376,1923674.3990231797,16
-1187933.80517751,1923674.3990231797,16
-1187470.4924609826,1923674.3990231797,16
-1187007.179744455,1923674.3990231797,16
-1186543.8670279277,1923674.3990231797,16
-1186080.5543114,1923674.3990231797,16
-1185617.2415948727,1923674.3990231797,16
-1185153.928878345,1923674.3990231797,16
-1184690.6161618177,1923674.3990231797,16
-1184227.30344529,1923674.3990231797,16
-1183763.9907287627,1923674.3990231797,16
-1183300.678012235,1923674.3990231797,16
-1182837.3652957077,1923674.3990231797,16
-1182374.05257918,1923674.3990231797,16
-1181910.7398626525,1923674.3990231797,16
-1181447.4271461251,1923674.3990231797,16
-1180984.1144295975,1923674.3990231797,16
-1180520.8017130701,1923674.3990231797,16
-1180057.4889965425,1923674.3990231797,16
-1179594.1762800151,1923674.3990231797,16
-1179130.8635634875,1923674.3990231797,16
-1178667.5508469602,1923674.3990231797,16
-1178204.2381304326,1923674.3990231797,16
-1177740.9254139052,1923674.3990231797,16
-1177277.6126973776,1923674.3990231797,16
-1176814.2999808502,1923674.3990231797,16
-1176350.9872643226,1923674.3990231797,16
-1175887.6745477952,1923674.3990231797,16
-1175424.3618312676,1923674.3990231797,16
-1174961.04911474,1923674.3990231797,16
-1174497.7363982126,1923674.3990231797,16
-1174034.4236816852,1923674.3990231797,16
-1173571.1109651576,1923674.3990231797,16
-1173107.79824863,1923674.3990231797,16
-1172644.4855321026,1923674.3990231797,16
-1172181.172815575,1923674.3990231797,16
-1171717.8600990477,1923674.3990231797,16
-1171254.54738252,1923674.3990231797,16
-1170791.2346659927,1923674.3990231797,16
-1170327.921949465,1923674.3990231797,16
-1169864.6092329377,1923674.3990231797,16
-1169401.29651641,1923674.3990231797,16
-1168937.9837998827,1923674.3990231797,16
-1168474.671083355,1923674.3990231797,16
-1168011.3583668275,1923674.3990231797,16
-1167548.0456503,1923674.3990231797,16
-1167084.7329337727,1923674.3990231797,16
-1166621.4202172451,1923674.3990231797,16
-1166158.1075007175,1923674.3990231797,16
-1165694.7947841901,1923674.3990231797,16
-1230095.2623815127,1923211.0863066523,16
-1229631.949664985,1923211.0863066523,16
-1229168.6369484577,1923211.0863066523,16
-1228705.32423193,1923211.0863066523,16
-1228242.0115154027,1923211.0863066523,16
-1227778.698798875,1923211.0863066523,16
-1227315.3860823475,1923211.0863066523,16
-1226852.07336582,1923211.0863066523,16
-1226388.7606492927,1923211.0863066523,16
-1225925.4479327651,1923211.0863066523,16
-1225462.1352162375,1923211.0863066523,16
-1224998.8224997101,1923211.0863066523,16
-1224535.5097831825,1923211.0863066523,16
-1224072.1970666551,1923211.0863066523,16
-1223608.8843501275,1923211.0863066523,16
-1223145.5716336002,1923211.0863066523,16
-1222682.2589170726,1923211.0863066523,16
-1222218.9462005452,1923211.0863066523,16
-1221755.6334840176,1923211.0863066523,16
-1221292.3207674902,1923211.0863066523,16
-1220829.0080509626,1923211.0863066523,16
-1220365.6953344352,1923211.0863066523,16
-1219902.3826179076,1923211.0863066523,16
-1219439.0699013802,1923211.0863066523,16
-1218975.7571848526,1923211.0863066523,16
-1218512.444468325,1923211.0863066523,16
-1218049.1317517976,1923211.0863066523,16
-1217585.81903527,1923211.0863066523,16
-1217122.5063187426,1923211.0863066523,16
-1216659.193602215,1923211.0863066523,16
-1216195.8808856877,1923211.0863066523,16
-1215732.56816916,1923211.0863066523,16
-1215269.2554526327,1923211.0863066523,16
-1214805.942736105,1923211.0863066523,16
-1214342.6300195777,1923211.0863066523,16
-1213879.31730305,1923211.0863066523,16
-1213416.0045865227,1923211.0863066523,16
-1212952.691869995,1923211.0863066523,16
-1212489.3791534677,1923211.0863066523,16
-1212026.06643694,1923211.0863066523,16
-1211562.7537204125,1923211.0863066523,16
-1211099.4410038851,1923211.0863066523,16
-1210636.1282873575,1923211.0863066523,16
-1210172.8155708301,1923211.0863066523,16
-1209709.5028543025,1923211.0863066523,16
-1209246.1901377751,1923211.0863066523,16
-1208782.8774212475,1923211.0863066523,16
-1208319.5647047202,1923211.0863066523,16
-1207856.2519881926,1923211.0863066523,16
-1207392.9392716652,1923211.0863066523,16
-1206929.6265551376,1923211.0863066523,16
-1206466.3138386102,1923211.0863066523,16
-1206003.0011220826,1923211.0863066523,16
-1205539.6884055552,1923211.0863066523,16
-1205076.3756890276,1923211.0863066523,16
-1204613.0629725,1923211.0863066523,16
-1204149.7502559726,1923211.0863066523,16
-1203686.4375394452,1923211.0863066523,16
-1203223.1248229176,1923211.0863066523,16
-1202759.81210639,1923211.0863066523,16
-1202296.4993898626,1923211.0863066523,16
-1201833.186673335,1923211.0863066523,16
-1201369.8739568077,1923211.0863066523,16
-1200906.56124028,1923211.0863066523,16
-1200443.2485237527,1923211.0863066523,16
-1199979.935807225,1923211.0863066523,16
-1199516.6230906977,1923211.0863066523,16
-1199053.31037417,1923211.0863066523,16
-1198589.9976576427,1923211.0863066523,16
-1198126.684941115,1923211.0863066523,16
-1197663.3722245875,1923211.0863066523,16
-1197200.05950806,1923211.0863066523,16
-1196736.7467915327,1923211.0863066523,16
-1196273.4340750051,1923211.0863066523,16
-1195810.1213584775,1923211.0863066523,16
-1195346.8086419501,1923211.0863066523,16
-1194883.4959254225,1923211.0863066523,16
-1194420.1832088951,1923211.0863066523,16
-1193956.8704923675,1923211.0863066523,16
-1193493.5577758402,1923211.0863066523,16
-1193030.2450593126,1923211.0863066523,16
-1192566.9323427852,1923211.0863066523,16
-1192103.6196262576,1923211.0863066523,16
-1191640.3069097302,1923211.0863066523,16
-1191176.9941932026,1923211.0863066523,16
-1190713.6814766752,1923211.0863066523,16
-1190250.3687601476,1923211.0863066523,16
-1189787.0560436202,1923211.0863066523,16
-1189323.7433270926,1923211.0863066523,10
-1188860.430610565,1923211.0863066523,10
-1188397.1178940376,1923211.0863066523,10
-1187933.80517751,1923211.0863066523,16
-1187470.4924609826,1923211.0863066523,16
-1187007.179744455,1923211.0863066523,16
-1186543.8670279277,1923211.0863066523,16
-1186080.5543114,1923211.0863066523,16
-1185617.2415948727,1923211.0863066523,16
-1185153.928878345,1923211.0863066523,16
-1184690.6161618177,1923211.0863066523,16
-1184227.30344529,1923211.0863066523,16
-1183763.9907287627,1923211.0863066523,16
-1183300.678012235,1923211.0863066523,16
-1182837.3652957077,1923211.0863066523,16
-1182374.05257918,1923211.0863066523,16
-1181910.7398626525,1923211.0863066523,16
-1181447.4271461251,1923211.0863066523,16
-1180984.1144295975,1923211.0863066523,16
-1180520.8017130701,1923211.0863066523,16
-1180057.4889965425,1923211.0863066523,16
-1179594.1762800151,1923211.0863066523,16
-1179130.8635634875,1923211.0863066523,16
-1178667.5508469602,1923211.0863066523,16
-1178204.2381304326,1923211.0863066523,16
-1177740.9254139052,1923211.0863066523,16
-1177277.6126973776,1923211.0863066523,16
-1176814.2999808502,1923211.0863066523,16
-1176350.9872643226,1923211.0863066523,16
-1175887.6745477952,1923211.0863066523,16
-1175424.3618312676,1923211.0863066523,16
-1174961.04911474,1923211.0863066523,16
-1174497.7363982126,1923211.0863066523,16
-1174034.4236816852,1923211.0863066523,16
-1173571.1109651576,1923211.0863066523,16
-1173107.79824863,1923211.0863066523,16
-1172644.4855321026,1923211.0863066523,16
-1172181.172815575,1923211.0863066523,16
-1171717.8600990477,1923211.0863066523,16
-1171254.54738252,1923211.0863066523,16
-1170791.2346659927,1923211.0863066523,16
-1170327.921949465,1923211.0863066523,16
-1169864.6092329377,1923211.0863066523,16
-1169401.29651641,1923211.0863066523,16
-1168937.9837998827,1923211.0863066523,16
-1168474.671083355,1923211.0863066523,16
-1168011.3583668275,1923211.0863066523,16
-1167548.0456503,1923211.0863066523,16
-1167084.7329337727,1923211.0863066523,16
-1166621.4202172451,1923211.0863066523,16
-1166158.1075007175,1923211.0863066523,16
-1165694.7947841901,1923211.0863066523,16
-1230095.2623815127,1922747.7735901247,16
-1229631.949664985,1922747.7735901247,16
-1229168.6369484577,1922747.7735901247,16
-1228705.32423193,1922747.7735901247,16
-1228242.0115154027,1922747.7735901247,16
-1227778.698798875,1922747.7735901247,16
-1227315.3860823475,1922747.7735901247,16
-1226852.07336582,1922747.7735901247,16
-1226388.7606492927,1922747.7735901247,16
-1225925.4479327651,1922747.7735901247,16
-1225462.1352162375,1922747.7735901247,16
-1224998.8224997101,1922747.7735901247,16
-1224535.5097831825,1922747.7735901247,16
-1224072.1970666551,1922747.7735901247,16
-1223608.8843501275,1922747.7735901247,16
-1223145.5716336002,1922747.7735901247,16
-1222682.2589170726,1922747.7735901247,16
-1222218.9462005452,1922747.7735901247,16
-1221755.6334840176,1922747.7735901247,16
-1221292.3207674902,1922747.7735901247,16
-1220829.0080509626,1922747.7735901247,16
-1220365.6953344352,1922747.7735901247,16
-1219902.3826179076,1922747.7735901247,16
-1219439.0699013802,1922747.7735901247,16
-1218975.7571848526,1922747.7735901247,16
-1218512.444468325,1922747.7735901247,16
-1218049.1317517976,1922747.7735901247,16
-1217585.81903527,1922747.7735901247,16
-1217122.5063187426,1922747.7735901247,16
-1216659.193602215,1922747.7735901247,16
-1216195.8808856877,1922747.7735901247,16
-1215732.56816916,1922747.7735901247,16
-1215269.2554526327,1922747.7735901247,16
-1214805.942736105,1922747.7735901247,16
-1214342.6300195777,1922747.7735901247,16
-1213879.31730305,1922747.7735901247,16
-1213416.0045865227,1922747.7735901247,16
-1212952.691869995,1922747.7735901247,16
-1212489.3791534677,1922747.7735901247,16
-1212026.06643694,1922747.7735901247,16
-1211562.7537204125,1922747.7735901247,16
-1211099.4410038851,1922747.7735901247,16
-1210636.1282873575,1922747.7735901247,16
-1210172.8155708301,1922747.7735901247,16
-1209709.5028543025,1922747.7735901247,16
-1209246.1901377751,1922747.7735901247,16
-1208782.8774212475,1922747.7735901247,16
-1208319.5647047202,1922747.7735901247,16
-1207856.2519881926,1922747.7735901247,16
-1207392.9392716652,1922747.7735901247,16
-1206929.6265551376,1922747.7735901247,16
-1206466.3138386102,1922747.7735901247,16
-1206003.0011220826,1922747.7735901247,16
-1205539.6884055552,1922747.7735901247,16
-1205076.3756890276,1922747.7735901247,16
-1204613.0629725,1922747.7735901247,16
-1204149.7502559726,1922747.7735901247,16
-1203686.4375394452,1922747.7735901247,16
-1203223.1248229176,1922747.7735901247,16
-1202759.81210639,1922747.7735901247,16
-1202296.4993898626,1922747.7735901247,16
-1201833.186673335,1922747.7735901247,16
-1201369.8739568077,1922747.7735901247,16
-1200906.56124028,1922747.7735901247,16
-1200443.2485237527,1922747.7735901247,16
-1199979.935807225,1922747.7735901247,16
-1199516.6230906977,1922747.7735901247,16
-1199053.31037417,1922747.7735901247,16
-1198589.9976576427,1922747.7735901247,16
-1198126.684941115,1922747.7735901247,16
-1197663.3722245875,1922747.7735901247,16
-1197200.05950806,1922747.7735901247,16
-1196736.7467915327,1922747.7735901247,16
-1196273.4340750051,1922747.7735901247,16
-1195810.1213584775,1922747.7735901247,16
-1195346.8086419501,1922747.7735901247,16
-1194883.4959254225,1922747.7735901247,16
-1194420.1832088951,1922747.7735901247,16
-1193956.8704923675,1922747.7735901247,16
-1193493.5577758402,1922747.7735901247,16
-1193030.2450593126,1922747.7735901247,16
-1192566.9323427852,1922747.7735901247,16
-1192103.6196262576,1922747.7735901247,16
-1191640.3069097302,1922747.7735901247,16
-1191176.9941932026,1922747.7735901247,16
-1190713.6814766752,1922747.7735901247,16
-1190250.3687601476,1922747.7735901247,16
-1189787.0560436202,1922747.7735901247,16
-1189323.7433270926,1922747.7735901247,16
-1188860.430610565,1922747.7735901247,16
-1188397.1178940376,1922747.7735901247,10
-1187933.80517751,1922747.7735901247,10
-1187470.4924609826,1922747.7735901247,16
-1187007.179744455,1922747.7735901247,16
-1186543.8670279277,1922747.7735901247,16
-1186080.5543114,1922747.7735901247,16
-1185617.2415948727,1922747.7735901247,16
-1185153.928878345,1922747.7735901247,16
-1184690.6161618177,1922747.7735901247,16
-1184227.30344529,1922747.7735901247,16
-1183763.9907287627,1922747.7735901247,16
-1183300.678012235,1922747.7735901247,16
-1182837.3652957077,1922747.7735901247,16
-1182374.05257918,1922747.7735901247,16
-1181910.7398626525,1922747.7735901247,16
-1181447.4271461251,1922747.7735901247,16
-1180984.1144295975,1922747.7735901247,16
-1180520.8017130701,1922747.7735901247,16
-1180057.4889965425,1922747.7735901247,16
-1179594.1762800151,1922747.7735901247,16
-1179130.8635634875,1922747.7735901247,16
-1178667.5508469602,1922747.7735901247,16
-1178204.2381304326,1922747.7735901247,16
-1177740.9254139052,1922747.7735901247,16
-1177277.6126973776,1922747.7735901247,16
-1176814.2999808502,1922747.7735901247,16
-1176350.9872643226,1922747.7735901247,16
-1175887.6745477952,1922747.7735901247,16
-1175424.3618312676,1922747.7735901247,16
-1174961.04911474,1922747.7735901247,16
-1174497.7363982126,1922747.7735901247,16
-1174034.4236816852,1922747.7735901247,16
-1173571.1109651576,1922747.7735901247,16
-1173107.79824863,1922747.7735901247,16
-1172644.4855321026,1922747.7735901247,16
-1172181.172815575,1922747.7735901247,16
-1171717.8600990477,1922747.7735901247,16
-1171254.54738252,1922747.7735901247,16
-1170791.2346659927,1922747.7735901247,16
-1170327.921949465,1922747.7735901247,16
-1169864.6092329377,1922747.7735901247,16
-1169401.29651641,1922747.7735901247,16
-1168937.9837998827,1922747.7735901247,16
-1168474.671083355,1922747.7735901247,16
-1168011.3583668275,1922747.7735901247,16
-1167548.0456503,1922747.7735901247,16
-1167084.7329337727,1922747.7735901247,16
-1166621.4202172451,1922747.7735901247,16
-1166158.1075007175,1922747.7735901247,16
-1165694.7947841901,1922747.7735901247,16
-1229631.949664985,1922284.4608735973,16
-1229168.6369484577,1922284.4608735973,16
-1228705.32423193,1922284.4608735973,16
-1228242.0115154027,1922284.4608735973,16
-1227778.698798875,1922284.4608735973,16
-1227315.3860823475,1922284.4608735973,16
-1226852.07336582,1922284.4608735973,16
-1226388.7606492927,1922284.4608735973,16
-1225925.4479327651,1922284.4608735973,16
-1225462.1352162375,1922284.4608735973,16
-1224998.8224997101,1922284.4608735973,16
-1224535.5097831825,1922284.4608735973,16
-1224072.1970666551,1922284.4608735973,16
-1223608.8843501275,1922284.4608735973,16
-1223145.5716336002,1922284.4608735973,16
-1222682.2589170726,1922284.4608735973,16
-1222218.9462005452,1922284.4608735973,16
-1221755.6334840176,1922284.4608735973,16
-1221292.3207674902,1922284.4608735973,16
-1220829.0080509626,1922284.4608735973,16
-1220365.6953344352,1922284.4608735973,16
-1219902.3826179076,1922284.4608735973,16
-1219439.0699013802,1922284.4608735973,16
-1218975.7571848526,1922284.4608735973,16
-1218512.444468325,1922284.4608735973,16
-1218049.1317517976,1922284.4608735973,16
-1217585.81903527,1922284.4608735973,16
-1217122.5063187426,1922284.4608735973,16
-1216659.193602215,1922284.4608735973,16
-1216195.8808856877,1922284.4608735973,16
-1215732.56816916,1922284.4608735973,16
-1215269.2554526327,1922284.4608735973,16
-1214805.942736105,1922284.4608735973,16
-1214342.6300195777,1922284.4608735973,16
-1213879.31730305,1922284.4608735973,16
-1213416.0045865227,1922284.4608735973,16
-1212952.691869995,1922284.4608735973,16
-1212489.3791534677,1922284.4608735973,16
-1212026.06643694,1922284.4608735973,16
-1211562.7537204125,1922284.4608735973,16
-1211099.4410038851,1922284.4608735973,16
-1210636.1282873575,1922284.4608735973,16
-1210172.8155708301,1922284.4608735973,16
-1209709.5028543025,1922284.4608735973,16
-1209246.1901377751,1922284.4608735973,16
-1208782.8774212475,1922284.4608735973,16
-1208319.5647047202,1922284.4608735973,16
-1207856.2519881926,1922284.4608735973,16
-1207392.9392716652,1922284.4608735973,16
-1206929.6265551376,1922284.4608735973,16
-1206466.3138386102,1922284.4608735973,16
-1206003.0011220826,1922284.4608735973,16
-1205539.6884055552,1922284.4608735973,16
-1205076.3756890276,1922284.4608735973,16
-1204613.0629725,1922284.4608735973,16
-1204149.7502559726,1922284.4608735973,16
-1203686.4375394452,1922284.4608735973,16
-1203223.1248229176,1922284.4608735973,16
-1202759.81210639,1922284.4608735973,16
-1202296.4993898626,1922284.4608735973,16
-1201833.186673335,1922284.4608735973,16
-1201369.8739568077,1922284.4608735973,16
-1200906.56124028,1922284.4608735973,16
-1200443.2485237527,1922284.4608735973,16
-1199979.935807225,1922284.4608735973,16
-1199516.6230906977,1922284.4608735973,16
-1199053.31037417,1922284.4608735973,16
-1198589.9976576427,1922284.4608735973,16
-1198126.684941115,1922284.4608735973,16
-1197663.3722245875,1922284.4608735973,16
-1197200.05950806,1922284.4608735973,16
-1196736.7467915327,1922284.4608735973,16
-1196273.4340750051,1922284.4608735973,16
-1195810.1213584775,1922284.4608735973,16
-1195346.8086419501,1922284.4608735973,16
-1194883.4959254225,1922284.4608735973,16
-1194420.1832088951,1922284.4608735973,16
-1193956.8704923675,1922284.4608735973,16
-1193493.5577758402,1922284.4608735973,16
-1193030.2450593126,1922284.4608735973,16
-1192566.9323427852,1922284.4608735973,10
-1192103.6196262576,1922284.4608735973,16
-1191640.3069097302,1922284.4608735973,16
-1191176.9941932026,1922284.4608735973,16
-1190713.6814766752,1922284.4608735973,16
-1190250.3687601476,1922284.4608735973,16
-1189787.0560436202,1922284.4608735973,16
-1189323.7433270926,1922284.4608735973,16
-1188860.430610565,1922284.4608735973,16
-1188397.1178940376,1922284.4608735973,10
-1187933.80517751,1922284.4608735973,16
-1187470.4924609826,1922284.4608735973,16
-1187007.179744455,1922284.4608735973,16
-1186543.8670279277,1922284.4608735973,16
-1186080.5543114,1922284.4608735973,16
-1185617.2415948727,1922284.4608735973,16
-1185153.928878345,1922284.4608735973,16
-1184690.6161618177,1922284.4608735973,16
-1184227.30344529,1922284.4608735973,16
-1183763.9907287627,1922284.4608735973,16
-1183300.678012235,1922284.4608735973,16
-1182837.3652957077,1922284.4608735973,16
-1182374.05257918,1922284.4608735973,16
-1181910.7398626525,1922284.4608735973,16
-1181447.4271461251,1922284.4608735973,16
-1180984.1144295975,1922284.4608735973,16
-1180520.8017130701,1922284.4608735973,16
-1180057.4889965425,1922284.4608735973,16
-1179594.1762800151,1922284.4608735973,16
-1179130.8635634875,1922284.4608735973,16
-1178667.5508469602,1922284.4608735973,16
-1178204.2381304326,1922284.4608735973,16
-1177740.9254139052,1922284.4608735973,16
-1177277.6126973776,1922284.4608735973,16
-1176814.2999808502,1922284.4608735973,16
-1176350.9872643226,1922284.4608735973,16
-1175887.6745477952,1922284.4608735973,16
-1175424.3618312676,1922284.4608735973,16
-1174961.04911474,1922284.4608735973,16
-1174497.7363982126,1922284.4608735973,16
-1174034.4236816852,1922284.4608735973,16
-1173571.1109651576,1922284.4608735973,16
-1173107.79824863,1922284.4608735973,16
-1172644.4855321026,1922284.4608735973,10
-1172181.172815575,1922284.4608735973,16
-1171717.8600990477,1922284.4608735973,16
-1171254.54738252,1922284.4608735973,16
-1170791.2346659927,1922284.4608735973,16
-1170327.921949465,1922284.4608735973,16
-1169864.6092329377,1922284.4608735973,16
-1169401.29651641,1922284.4608735973,16
-1168937.9837998827,1922284.4608735973,16
-1168474.671083355,1922284.4608735973,16
-1168011.3583668275,1922284.4608735973,16
-1167548.0456503,1922284.4608735973,16
-1167084.7329337727,1922284.4608735973,16
-1166621.4202172451,1922284.4608735973,16
-1166158.1075007175,1922284.4608735973,16
-1165694.7947841901,1922284.4608735973,16
-1165231.4820676625,1922284.4608735973,16
-1229631.949664985,1921821.1481570697,16
-1229168.6369484577,1921821.1481570697,16
-1228705.32423193,1921821.1481570697,16
-1228242.0115154027,1921821.1481570697,16
-1227778.698798875,1921821.1481570697,16
-1227315.3860823475,1921821.1481570697,16
-1226852.07336582,1921821.1481570697,16
-1226388.7606492927,1921821.1481570697,16
-1225925.4479327651,1921821.1481570697,16
-1225462.1352162375,1921821.1481570697,16
-1224998.8224997101,1921821.1481570697,16
-1224535.5097831825,1921821.1481570697,16
-1224072.1970666551,1921821.1481570697,16
-1223608.8843501275,1921821.1481570697,16
-1223145.5716336002,1921821.1481570697,16
-1222682.2589170726,1921821.1481570697,16
-1222218.9462005452,1921821.1481570697,16
-1221755.6334840176,1921821.1481570697,16
-1221292.3207674902,1921821.1481570697,16
-1220829.0080509626,1921821.1481570697,16
-1220365.6953344352,1921821.1481570697,16
-1219902.3826179076,1921821.1481570697,16
-1219439.0699013802,1921821.1481570697,16
-1218975.7571848526,1921821.1481570697,16
-1218512.444468325,1921821.1481570697,16
-1218049.1317517976,1921821.1481570697,16
-1217585.81903527,1921821.1481570697,16
-1217122.5063187426,1921821.1481570697,16
-1216659.193602215,1921821.1481570697,16
-1216195.8808856877,1921821.1481570697,16
-1215732.56816916,1921821.1481570697,16
-1215269.2554526327,1921821.1481570697,16
-1214805.942736105,1921821.1481570697,16
-1214342.6300195777,1921821.1481570697,16
-1213879.31730305,1921821.1481570697,16
-1213416.0045865227,1921821.1481570697,16
-1212952.691869995,1921821.1481570697,16
-1212489.3791534677,1921821.1481570697,16
-1212026.06643694,1921821.1481570697,16
-1211562.7537204125,1921821.1481570697,16
-1211099.4410038851,1921821.1481570697,16
-1210636.1282873575,1921821.1481570697,16
-1210172.8155708301,1921821.1481570697,16
-1209709.5028543025,1921821.1481570697,16
-1209246.1901377751,1921821.1481570697,16
-1208782.8774212475,1921821.1481570697,16
-1208319.5647047202,1921821.1481570697,16
-1207856.2519881926,1921821.1481570697,16
-1207392.9392716652,1921821.1481570697,16
-1206929.6265551376,1921821.1481570697,16
-1206466.3138386102,1921821.1481570697,16
-1206003.0011220826,1921821.1481570697,16
-1205539.6884055552,1921821.1481570697,16
-1205076.3756890276,1921821.1481570697,16
-1204613.0629725,1921821.1481570697,16
-1204149.7502559726,1921821.1481570697,16
-1203686.4375394452,1921821.1481570697,16
-1203223.1248229176,1921821.1481570697,16
-1202759.81210639,1921821.1481570697,16
-1202296.4993898626,1921821.1481570697,16
-1201833.186673335,1921821.1481570697,16
-1201369.8739568077,1921821.1481570697,16
-1200906.56124028,1921821.1481570697,16
-1200443.2485237527,1921821.1481570697,16
-1199979.935807225,1921821.1481570697,16
-1199516.6230906977,1921821.1481570697,16
-1199053.31037417,1921821.1481570697,16
-1198589.9976576427,1921821.1481570697,16
-1198126.684941115,1921821.1481570697,16
-1197663.3722245875,1921821.1481570697,16
-1197200.05950806,1921821.1481570697,16
-1196736.7467915327,1921821.1481570697,16
-1196273.4340750051,1921821.1481570697,16
-1195810.1213584775,1921821.1481570697,16
-1195346.8086419501,1921821.1481570697,16
-1194883.4959254225,1921821.1481570697,16
-1194420.1832088951,1921821.1481570697,16
-1193956.8704923675,1921821.1481570697,16
-1193493.5577758402,1921821.1481570697,16
-1193030.2450593126,1921821.1481570697,16
-1192566.9323427852,1921821.1481570697,10
-1192103.6196262576,1921821.1481570697,10
-1191640.3069097302,1921821.1481570697,10
-1191176.9941932026,1921821.1481570697,10
-1190713.6814766752,1921821.1481570697,16
-1190250.3687601476,1921821.1481570697,16
-1189787.0560436202,1921821.1481570697,16
-1189323.7433270926,1921821.1481570697,16
-1188860.430610565,1921821.1481570697,16
-1188397.1178940376,1921821.1481570697,16
-1187933.80517751,1921821.1481570697,16
-1187470.4924609826,1921821.1481570697,16
-1187007.179744455,1921821.1481570697,16
-1186543.8670279277,1921821.1481570697,16
-1186080.5543114,1921821.1481570697,16
-1185617.2415948727,1921821.1481570697,16
-1185153.928878345,1921821.1481570697,16
-1184690.6161618177,1921821.1481570697,16
-1184227.30344529,1921821.1481570697,16
-1183763.9907287627,1921821.1481570697,16
-1183300.678012235,1921821.1481570697,16
-1182837.3652957077,1921821.1481570697,16
-1182374.05257918,1921821.1481570697,16
-1181910.7398626525,1921821.1481570697,16
-1181447.4271461251,1921821.1481570697,16
-1180984.1144295975,1921821.1481570697,16
-1180520.8017130701,1921821.1481570697,16
-1180057.4889965425,1921821.1481570697,16
-1179594.1762800151,1921821.1481570697,16
-1179130.8635634875,1921821.1481570697,16
-1178667.5508469602,1921821.1481570697,16
-1178204.2381304326,1921821.1481570697,16
-1177740.9254139052,1921821.1481570697,16
-1177277.6126973776,1921821.1481570697,16
-1176814.2999808502,1921821.1481570697,16
-1176350.9872643226,1921821.1481570697,16
-1175887.6745477952,1921821.1481570697,16
-1175424.3618312676,1921821.1481570697,16
-1174961.04911474,1921821.1481570697,16
-1174497.7363982126,1921821.1481570697,16
-1174034.4236816852,1921821.1481570697,16
-1173571.1109651576,1921821.1481570697,16
-1173107.79824863,1921821.1481570697,10
-1172644.4855321026,1921821.1481570697,10
-1172181.172815575,1921821.1481570697,16
-1171717.8600990477,1921821.1481570697,16
-1171254.54738252,1921821.1481570697,16
-1170791.2346659927,1921821.1481570697,16
-1170327.921949465,1921821.1481570697,16
-1169864.6092329377,1921821.1481570697,16
-1169401.29651641,1921821.1481570697,16
-1168937.9837998827,1921821.1481570697,16
-1168474.671083355,1921821.1481570697,16
-1168011.3583668275,1921821.1481570697,16
-1167548.0456503,1921821.1481570697,16
-1167084.7329337727,1921821.1481570697,16
-1166621.4202172451,1921821.1481570697,16
-1166158.1075007175,1921821.1481570697,16
-1165694.7947841901,1921821.1481570697,16
-1229631.949664985,1921357.835440542,16
-1229168.6369484577,1921357.835440542,16
-1228705.32423193,1921357.835440542,16
-1228242.0115154027,1921357.835440542,16
-1227778.698798875,1921357.835440542,16
-1227315.3860823475,1921357.835440542,16
-1226852.07336582,1921357.835440542,16
-1226388.7606492927,1921357.835440542,16
-1225925.4479327651,1921357.835440542,16
-1225462.1352162375,1921357.835440542,16
-1224998.8224997101,1921357.835440542,16
-1224535.5097831825,1921357.835440542,16
-1224072.1970666551,1921357.835440542,16
-1223608.8843501275,1921357.835440542,16
-1223145.5716336002,1921357.835440542,16
-1222682.2589170726,1921357.835440542,16
-1222218.9462005452,1921357.835440542,16
-1221755.6334840176,1921357.835440542,16
-1221292.3207674902,1921357.835440542,16
-1220829.0080509626,1921357.835440542,16
-1220365.6953344352,1921357.835440542,16
-1219902.3826179076,1921357.835440542,16
-1219439.0699013802,1921357.835440542,16
-1218975.7571848526,1921357.835440542,16
-1218512.444468325,1921357.835440542,16
-1218049.1317517976,1921357.835440542,16
-1217585.81903527,1921357.835440542,16
-1217122.5063187426,1921357.835440542,16
-1216659.193602215,1921357.835440542,16
-1216195.8808856877,1921357.835440542,16
-1215732.56816916,1921357.835440542,16
-1215269.2554526327,1921357.835440542,16
-1214805.942736105,1921357.835440542,16
-1214342.6300195777,1921357.835440542,16
-1213879.31730305,1921357.835440542,16
-1213416.0045865227,1921357.835440542,16
-1212952.691869995,1921357.835440542,16
-1212489.3791534677,1921357.835440542,16
-1212026.06643694,1921357.835440542,16
-1211562.7537204125,1921357.835440542,16
-1211099.4410038851,1921357.835440542,16
-1210636.1282873575,1921357.835440542,16
-1210172.8155708301,1921357.835440542,16
-1209709.5028543025,1921357.835440542,16
-1209246.1901377751,1921357.835440542,16
-1208782.8774212475,1921357.835440542,16
-1208319.5647047202,1921357.835440542,16
-1207856.2519881926,1921357.835440542,16
-1207392.9392716652,1921357.835440542,16
-1206929.6265551376,1921357.835440542,16
-1206466.3138386102,1921357.835440542,16
-1206003.0011220826,1921357.835440542,16
-1205539.6884055552,1921357.835440542,16
-1205076.3756890276,1921357.835440542,16
-1204613.0629725,1921357.835440542,16
-1204149.7502559726,1921357.835440542,16
-1203686.4375394452,1921357.835440542,16
-1203223.1248229176,1921357.835440542,16
-1202759.81210639,1921357.835440542,16
-1202296.4993898626,1921357.835440542,16
-1201833.186673335,1921357.835440542,16
-1201369.8739568077,1921357.835440542,16
-1200906.56124028,1921357.835440542,16
-1200443.2485237527,1921357.835440542,16
-1199979.935807225,1921357.835440542,16
-1199516.6230906977,1921357.835440542,16
-1199053.31037417,1921357.835440542,16
-1198589.9976576427,1921357.835440542,16
-1198126.684941115,1921357.835440542,16
-1197663.3722245875,1921357.835440542,16
-1197200.05950806,1921357.835440542,16
-1196736.7467915327,1921357.835440542,16
-1196273.4340750051,1921357.835440542,16
-1195810.1213584775,1921357.835440542,16
-1195346.8086419501,1921357.835440542,16
-1194883.4959254225,1921357.835440542,16
-1194420.1832088951,1921357.835440542,16
-1193956.8704923675,1921357.835440542,16
-1193493.5577758402,1921357.835440542,16
-1193030.2450593126,1921357.835440542,16
-1192566.9323427852,1921357.835440542,10
-1192103.6196262576,1921357.835440542,10
-1191640.3069097302,1921357.835440542,10
-1191176.9941932026,1921357.835440542,10
-1190713.6814766752,1921357.835440542,10
-1190250.3687601476,1921357.835440542,16
-1189787.0560436202,1921357.835440542,16
-1189323.7433270926,1921357.835440542,16
-1188860.430610565,1921357.835440542,16
-1188397.1178940376,1921357.835440542,16
-1187933.80517751,1921357.835440542,16
-1187470.4924609826,1921357.835440542,16
-1187007.179744455,1921357.835440542,16
-1186543.8670279277,1921357.835440542,16
-1186080.5543114,1921357.835440542,16
-1185617.2415948727,1921357.835440542,16
-1185153.928878345,1921357.835440542,16
-1184690.6161618177,1921357.835440542,16
-1184227.30344529,1921357.835440542,16
-1183763.9907287627,1921357.835440542,16
-1183300.678012235,1921357.835440542,16
-1182837.3652957077,1921357.835440542,16
-1182374.05257918,1921357.835440542,16
-1181910.7398626525,1921357.835440542,16
-1181447.4271461251,1921357.835440542,16
-1180984.1144295975,1921357.835440542,16
-1180520.8017130701,1921357.835440542,16
-1180057.4889965425,1921357.835440542,16
-1179594.1762800151,1921357.835440542,16
-1179130.8635634875,1921357.835440542,16
-1178667.5508469602,1921357.835440542,16
-1178204.2381304326,1921357.835440542,16
-1177740.9254139052,1921357.835440542,16
-1177277.6126973776,1921357.835440542,16
-1176814.2999808502,1921357.835440542,16
-1176350.9872643226,1921357.835440542,16
-1175887.6745477952,1921357.835440542,16
-1175424.3618312676,1921357.835440542,16
-1174961.04911474,1921357.835440542,16
-1174497.7363982126,1921357.835440542,16
-1174034.4236816852,1921357.835440542,16
-1173571.1109651576,1921357.835440542,10
-1173107.79824863,1921357.835440542,10
-1172644.4855321026,1921357.835440542,16
-1172181.172815575,1921357.835440542,16
-1171717.8600990477,1921357.835440542,16
-1171254.54738252,1921357.835440542,16
-1170791.2346659927,1921357.835440542,16
-1170327.921949465,1921357.835440542,16
-1169864.6092329377,1921357.835440542,16
-1169401.29651641,1921357.835440542,16
-1168937.9837998827,1921357.835440542,16
-1168474.671083355,1921357.835440542,16
-1168011.3583668275,1921357.835440542,16
-1167548.0456503,1921357.835440542,16
-1167084.7329337727,1921357.835440542,16
-1166621.4202172451,1921357.835440542,16
-1166158.1075007175,1921357.835440542,16
-1165694.7947841901,1921357.835440542,16
-1229168.6369484577,1920894.5227240147,16
-1228705.32423193,1920894.5227240147,16
-1228242.0115154027,1920894.5227240147,16
-1227778.698798875,1920894.5227240147,16
-1227315.3860823475,1920894.5227240147,16
-1226852.07336582,1920894.5227240147,16
-1226388.7606492927,1920894.5227240147,16
-1225925.4479327651,1920894.5227240147,16
-1225462.1352162375,1920894.5227240147,16
-1224998.8224997101,1920894.5227240147,16
-1224535.5097831825,1920894.5227240147,16
-1224072.1970666551,1920894.5227240147,16
-1223608.8843501275,1920894.5227240147,16
-1223145.5716336002,1920894.5227240147,16
-1222682.2589170726,1920894.5227240147,16
-1222218.9462005452,1920894.5227240147,16
-1221755.6334840176,1920894.5227240147,16
-1221292.3207674902,1920894.5227240147,16
-1220829.0080509626,1920894.5227240147,16
-1220365.6953344352,1920894.5227240147,16
-1219902.3826179076,1920894.5227240147,16
-1219439.0699013802,1920894.5227240147,16
-1218975.7571848526,1920894.5227240147,16
-1218512.444468325,1920894.5227240147,16
-1218049.1317517976,1920894.5227240147,16
-1217585.81903527,1920894.5227240147,16
-1217122.5063187426,1920894.5227240147,16
-1216659.193602215,1920894.5227240147,16
-1216195.8808856877,1920894.5227240147,16
-1215732.56816916,1920894.5227240147,16
-1215269.2554526327,1920894.5227240147,16
-1214805.942736105,1920894.5227240147,16
-1214342.6300195777,1920894.5227240147,16
-1213879.31730305,1920894.5227240147,16
-1213416.0045865227,1920894.5227240147,16
-1212952.691869995,1920894.5227240147,16
-1212489.3791534677,1920894.5227240147,16
-1212026.06643694,1920894.5227240147,16
-1211562.7537204125,1920894.5227240147,16
-1211099.4410038851,1920894.5227240147,16
-1210636.1282873575,1920894.5227240147,16
-1210172.8155708301,1920894.5227240147,16
-1209709.5028543025,1920894.5227240147,16
-1209246.1901377751,1920894.5227240147,16
-1208782.8774212475,1920894.5227240147,16
-1208319.5647047202,1920894.5227240147,16
-1207856.2519881926,1920894.5227240147,16
-1207392.9392716652,1920894.5227240147,16
-1206929.6265551376,1920894.5227240147,16
-1206466.3138386102,1920894.5227240147,16
-1206003.0011220826,1920894.5227240147,16
-1205539.6884055552,1920894.5227240147,16
-1205076.3756890276,1920894.5227240147,16
-1204613.0629725,1920894.5227240147,16
-1204149.7502559726,1920894.5227240147,16
-1203686.4375394452,1920894.5227240147,16
-1203223.1248229176,1920894.5227240147,16
-1202759.81210639,1920894.5227240147,16
-1202296.4993898626,1920894.5227240147,16
-1201833.186673335,1920894.5227240147,16
-1201369.8739568077,1920894.5227240147,16
-1200906.56124028,1920894.5227240147,16
-1200443.2485237527,1920894.5227240147,16
-1199979.935807225,1920894.5227240147,16
-1199516.6230906977,1920894.5227240147,16
-1199053.31037417,1920894.5227240147,16
-1198589.9976576427,1920894.5227240147,16
-1198126.684941115,1920894.5227240147,16
-1197663.3722245875,1920894.5227240147,16
-1197200.05950806,1920894.5227240147,16
-1196736.7467915327,1920894.5227240147,16
-1196273.4340750051,1920894.5227240147,16
-1195810.1213584775,1920894.5227240147,16
-1195346.8086419501,1920894.5227240147,16
-1194883.4959254225,1920894.5227240147,16
-1194420.1832088951,1920894.5227240147,16
-1193956.8704923675,1920894.5227240147,16
-1193493.5577758402,1920894.5227240147,16
-1193030.2450593126,1920894.5227240147,16
-1192566.9323427852,1920894.5227240147,10
-1192103.6196262576,1920894.5227240147,10
-1191640.3069097302,1920894.5227240147,10
-1191176.9941932026,1920894.5227240147,10
-1190713.6814766752,1920894.5227240147,10
-1190250.3687601476,1920894.5227240147,16
-1189787.0560436202,1920894.5227240147,16
-1189323.7433270926,1920894.5227240147,16
-1188860.430610565,1920894.5227240147,16
-1188397.1178940376,1920894.5227240147,16
-1187933.80517751,1920894.5227240147,16
-1187470.4924609826,1920894.5227240147,16
-1187007.179744455,1920894.5227240147,16
-1186543.8670279277,1920894.5227240147,16
-1186080.5543114,1920894.5227240147,16
-1185617.2415948727,1920894.5227240147,16
-1185153.928878345,1920894.5227240147,16
-1184690.6161618177,1920894.5227240147,16
-1184227.30344529,1920894.5227240147,16
-1183763.9907287627,1920894.5227240147,16
-1183300.678012235,1920894.5227240147,16
-1182837.3652957077,1920894.5227240147,16
-1182374.05257918,1920894.5227240147,16
-1181910.7398626525,1920894.5227240147,16
-1181447.4271461251,1920894.5227240147,16
-1180984.1144295975,1920894.5227240147,16
-1180520.8017130701,1920894.5227240147,16
-1180057.4889965425,1920894.5227240147,16
-1179594.1762800151,1920894.5227240147,16
-1179130.8635634875,1920894.5227240147,16
-1178667.5508469602,1920894.5227240147,16
-1178204.2381304326,1920894.5227240147,16
-1177740.9254139052,1920894.5227240147,16
-1177277.6126973776,1920894.5227240147,16
-1176814.2999808502,1920894.5227240147,16
-1176350.9872643226,1920894.5227240147,16
-1175887.6745477952,1920894.5227240147,16
-1175424.3618312676,1920894.5227240147,16
-1174961.04911474,1920894.5227240147,16
-1174497.7363982126,1920894.5227240147,16
-1174034.4236816852,1920894.5227240147,16
-1173571.1109651576,1920894.5227240147,16
-1173107.79824863,1920894.5227240147,16
-1172644.4855321026,1920894.5227240147,16
-1172181.172815575,1920894.5227240147,16
-1171717.8600990477,1920894.5227240147,16
-1171254.54738252,1920894.5227240147,16
-1170791.2346659927,1920894.5227240147,16
-1170327.921949465,1920894.5227240147,16
-1169864.6092329377,1920894.5227240147,16
-1169401.29651641,1920894.5227240147,16
-1168937.9837998827,1920894.5227240147,16
-1168474.671083355,1920894.5227240147,16
-1168011.3583668275,1920894.5227240147,16
-1167548.0456503,1920894.5227240147,16
-1167084.7329337727,1920894.5227240147,16
-1166621.4202172451,1920894.5227240147,16
-1166158.1075007175,1920894.5227240147,16
-1165694.7947841901,1920894.5227240147,16
-1229168.6369484577,1920431.210007487,16
-1228705.32423193,1920431.210007487,16
-1228242.0115154027,1920431.210007487,16
-1227778.698798875,1920431.210007487,16
-1227315.3860823475,1920431.210007487,16
-1226852.07336582,1920431.210007487,16
-1226388.7606492927,1920431.210007487,16
-1225925.4479327651,1920431.210007487,16
-1225462.1352162375,1920431.210007487,16
-1224998.8224997101,1920431.210007487,16
-1224535.5097831825,1920431.210007487,16
-1224072.1970666551,1920431.210007487,16
-1223608.8843501275,1920431.210007487,16
-1223145.5716336002,1920431.210007487,16
-1222682.2589170726,1920431.210007487,16
-1222218.9462005452,1920431.210007487,16
-1221755.6334840176,1920431.210007487,16
-1221292.3207674902,1920431.210007487,16
-1220829.0080509626,1920431.210007487,16
-1220365.6953344352,1920431.210007487,16
-1219902.3826179076,1920431.210007487,16
-1219439.0699013802,1920431.210007487,16
-1218975.7571848526,1920431.210007487,16
-1218512.444468325,1920431.210007487,16
-1218049.1317517976,1920431.210007487,16
-1217585.81903527,1920431.210007487,16
-1217122.5063187426,1920431.210007487,16
-1216659.193602215,1920431.210007487,16
-1216195.8808856877,1920431.210007487,16
-1215732.56816916,1920431.210007487,16
-1215269.2554526327,1920431.210007487,16
-1214805.942736105,1920431.210007487,16
-1214342.6300195777,1920431.210007487,16
-1213879.31730305,1920431.210007487,16
-1213416.0045865227,1920431.210007487,16
-1212952.691869995,1920431.210007487,16
-1212489.3791534677,1920431.210007487,16
-1212026.06643694,1920431.210007487,16
-1211562.7537204125,1920431.210007487,16
-1211099.4410038851,1920431.210007487,16
-1210636.1282873575,1920431.210007487,16
-1210172.8155708301,1920431.210007487,16
-1209709.5028543025,1920431.210007487,16
-1209246.1901377751,1920431.210007487,16
-1208782.8774212475,1920431.210007487,16
-1208319.5647047202,1920431.210007487,16
-1207856.2519881926,1920431.210007487,16
-1207392.9392716652,1920431.210007487,16
-1206929.6265551376,1920431.210007487,16
-1206466.3138386102,1920431.210007487,16
-1206003.0011220826,1920431.210007487,16
-1205539.6884055552,1920431.210007487,16
-1205076.3756890276,1920431.210007487,16
-1204613.0629725,1920431.210007487,16
-1204149.7502559726,1920431.210007487,16
-1203686.4375394452,1920431.210007487,16
-1203223.1248229176,1920431.210007487,16
-1202759.81210639,1920431.210007487,16
-1202296.4993898626,1920431.210007487,16
-1201833.186673335,1920431.210007487,16
-1201369.8739568077,1920431.210007487,16
-1200906.56124028,1920431.210007487,16
-1200443.2485237527,1920431.210007487,16
-1199979.935807225,1920431.210007487,16
-1199516.6230906977,1920431.210007487,16
-1199053.31037417,1920431.210007487,16
-1198589.9976576427,1920431.210007487,16
-1198126.684941115,1920431.210007487,16
-1197663.3722245875,1920431.210007487,16
-1197200.05950806,1920431.210007487,16
-1196736.7467915327,1920431.210007487,16
-1196273.4340750051,1920431.210007487,16
-1195810.1213584775,1920431.210007487,16
-1195346.8086419501,1920431.210007487,16
-1194883.4959254225,1920431.210007487,16
-1194420.1832088951,1920431.210007487,16
-1193956.8704923675,1920431.210007487,16
-1193493.5577758402,1920431.210007487,16
-1193030.2450593126,1920431.210007487,16
-1192566.9323427852,1920431.210007487,16
-1192103.6196262576,1920431.210007487,10
-1191640.3069097302,1920431.210007487,10
-1191176.9941932026,1920431.210007487,10
-1190713.6814766752,1920431.210007487,10
-1190250.3687601476,1920431.210007487,16
-1189787.0560436202,1920431.210007487,16
-1189323.7433270926,1920431.210007487,16
-1188860.430610565,1920431.210007487,16
-1188397.1178940376,1920431.210007487,16
-1187933.80517751,1920431.210007487,16
-1187470.4924609826,1920431.210007487,16
-1187007.179744455,1920431.210007487,16
-1186543.8670279277,1920431.210007487,16
-1186080.5543114,1920431.210007487,16
-1185617.2415948727,1920431.210007487,16
-1185153.928878345,1920431.210007487,16
-1184690.6161618177,1920431.210007487,16
-1184227.30344529,1920431.210007487,16
-1183763.9907287627,1920431.210007487,16
-1183300.678012235,1920431.210007487,16
-1182837.3652957077,1920431.210007487,16
-1182374.05257918,1920431.210007487,16
-1181910.7398626525,1920431.210007487,16
-1181447.4271461251,1920431.210007487,16
-1180984.1144295975,1920431.210007487,16
-1180520.8017130701,1920431.210007487,16
-1180057.4889965425,1920431.210007487,16
-1179594.1762800151,1920431.210007487,16
-1179130.8635634875,1920431.210007487,16
-1178667.5508469602,1920431.210007487,16
-1178204.2381304326,1920431.210007487,16
-1177740.9254139052,1920431.210007487,16
-1177277.6126973776,1920431.210007487,16
-1176814.2999808502,1920431.210007487,16
-1176350.9872643226,1920431.210007487,16
-1175887.6745477952,1920431.210007487,16
-1175424.3618312676,1920431.210007487,16
-1174961.04911474,1920431.210007487,16
-1174497.7363982126,1920431.210007487,16
-1174034.4236816852,1920431.210007487,16
-1173571.1109651576,1920431.210007487,16
-1173107.79824863,1920431.210007487,16
-1172644.4855321026,1920431.210007487,16
-1172181.172815575,1920431.210007487,16
-1171717.8600990477,1920431.210007487,16
-1171254.54738252,1920431.210007487,16
-1170791.2346659927,1920431.210007487,16
-1170327.921949465,1920431.210007487,16
-1169864.6092329377,1920431.210007487,16
-1169401.29651641,1920431.210007487,16
-1168937.9837998827,1920431.210007487,16
-1168474.671083355,1920431.210007487,16
-1168011.3583668275,1920431.210007487,16
-1167548.0456503,1920431.210007487,16
-1167084.7329337727,1920431.210007487,16
-1166621.4202172451,1920431.210007487,16
-1166158.1075007175,1920431.210007487,16
-1228705.32423193,1919967.8972909597,16
-1228242.0115154027,1919967.8972909597,16
-1227778.698798875,1919967.8972909597,16
-1227315.3860823475,1919967.8972909597,16
-1226852.07336582,1919967.8972909597,16
-1226388.7606492927,1919967.8972909597,16
-1225925.4479327651,1919967.8972909597,16
-1225462.1352162375,1919967.8972909597,16
-1224998.8224997101,1919967.8972909597,16
-1224535.5097831825,1919967.8972909597,16
-1224072.1970666551,1919967.8972909597,16
-1223608.8843501275,1919967.8972909597,16
-1223145.5716336002,1919967.8972909597,16
-1222682.2589170726,1919967.8972909597,16
-1222218.9462005452,1919967.8972909597,16
-1221755.6334840176,1919967.8972909597,16
-1221292.3207674902,1919967.8972909597,16
-1220829.0080509626,1919967.8972909597,16
-1220365.6953344352,1919967.8972909597,16
-1219902.3826179076,1919967.8972909597,16
-1219439.0699013802,1919967.8972909597,16
-1218975.7571848526,1919967.8972909597,16
-1218512.444468325,1919967.8972909597,16
-1218049.1317517976,1919967.8972909597,16
-1217585.81903527,1919967.8972909597,16
-1217122.5063187426,1919967.8972909597,16
-1216659.193602215,1919967.8972909597,16
-1216195.8808856877,1919967.8972909597,16
-1215732.56816916,1919967.8972909597,16
-1215269.2554526327,1919967.8972909597,16
-1214805.942736105,1919967.8972909597,16
-1214342.6300195777,1919967.8972909597,16
-1213879.31730305,1919967.8972909597,16
-1213416.0045865227,1919967.8972909597,16
-1212952.691869995,1919967.8972909597,16
-1212489.3791534677,1919967.8972909597,16
-1212026.06643694,1919967.8972909597,16
-1211562.7537204125,1919967.8972909597,16
-1211099.4410038851,1919967.8972909597,16
-1210636.1282873575,1919967.8972909597,16
-1210172.8155708301,1919967.8972909597,16
-1209709.5028543025,1919967.8972909597,16
-1209246.1901377751,1919967.8972909597,16
-1208782.8774212475,1919967.8972909597,16
-1208319.5647047202,1919967.8972909597,16
-1207856.2519881926,1919967.8972909597,16
-1207392.9392716652,1919967.8972909597,16
-1206929.6265551376,1919967.8972909597,16
-1206466.3138386102,1919967.8972909597,16
-1206003.0011220826,1919967.8972909597,16
-1205539.6884055552,1919967.8972909597,16
-1205076.3756890276,1919967.8972909597,16
-1204613.0629725,1919967.8972909597,16
-1204149.7502559726,1919967.8972909597,16
-1203686.4375394452,1919967.8972909597,16
-1203223.1248229176,1919967.8972909597,16
-1202759.81210639,1919967.8972909597,16
-1202296.4993898626,1919967.8972909597,16
-1201833.186673335,1919967.8972909597,16
-1201369.8739568077,1919967.8972909597,16
-1200906.56124028,1919967.8972909597,16
-1200443.2485237527,1919967.8972909597,16
-1199979.935807225,1919967.8972909597,16
-1199516.6230906977,1919967.8972909597,16
-1199053.31037417,1919967.8972909597,16
-1198589.9976576427,1919967.8972909597,16
-1198126.684941115,1919967.8972909597,16
-1197663.3722245875,1919967.8972909597,16
-1197200.05950806,1919967.8972909597,16
-1196736.7467915327,1919967.8972909597,16
-1196273.4340750051,1919967.8972909597,16
-1195810.1213584775,1919967.8972909597,16
-1195346.8086419501,1919967.8972909597,16
-1194883.4959254225,1919967.8972909597,16
-1194420.1832088951,1919967.8972909597,16
-1193956.8704923675,1919967.8972909597,16
-1193493.5577758402,1919967.8972909597,16
-1193030.2450593126,1919967.8972909597,16
-1192566.9323427852,1919967.8972909597,16
-1192103.6196262576,1919967.8972909597,10
-1191640.3069097302,1919967.8972909597,10
-1191176.9941932026,1919967.8972909597,10
-1190713.6814766752,1919967.8972909597,10
-1190250.3687601476,1919967.8972909597,10
-1189787.0560436202,1919967.8972909597,16
-1189323.7433270926,1919967.8972909597,16
-1188860.430610565,1919967.8972909597,16
-1188397.1178940376,1919967.8972909597,16
-1187933.80517751,1919967.8972909597,16
-1187470.4924609826,1919967.8972909597,16
-1187007.179744455,1919967.8972909597,16
-1186543.8670279277,1919967.8972909597,16
-1186080.5543114,1919967.8972909597,16
-1185617.2415948727,1919967.8972909597,16
-1185153.928878345,1919967.8972909597,16
-1184690.6161618177,1919967.8972909597,16
-1184227.30344529,1919967.8972909597,16
-1183763.9907287627,1919967.8972909597,16
-1183300.678012235,1919967.8972909597,16
-1182837.3652957077,1919967.8972909597,16
-1182374.05257918,1919967.8972909597,16
-1181910.7398626525,1919967.8972909597,16
-1181447.4271461251,1919967.8972909597,16
-1180984.1144295975,1919967.8972909597,16
-1180520.8017130701,1919967.8972909597,16
-1180057.4889965425,1919967.8972909597,16
-1179594.1762800151,1919967.8972909597,16
-1179130.8635634875,1919967.8972909597,16
-1178667.5508469602,1919967.8972909597,16
-1178204.2381304326,1919967.8972909597,16
-1177740.9254139052,1919967.8972909597,16
-1177277.6126973776,1919967.8972909597,16
-1176814.2999808502,1919967.8972909597,16
-1176350.9872643226,1919967.8972909597,16
-1175887.6745477952,1919967.8972909597,16
-1175424.3618312676,1919967.8972909597,16
-1174961.04911474,1919967.8972909597,16
-1174497.7363982126,1919967.8972909597,16
-1174034.4236816852,1919967.8972909597,16
-1173571.1109651576,1919967.8972909597,16
-1173107.79824863,1919967.8972909597,16
-1172644.4855321026,1919967.8972909597,16
-1172181.172815575,1919967.8972909597,16
-1171717.8600990477,1919967.8972909597,16
-1171254.54738252,1919967.8972909597,16
-1170791.2346659927,1919967.8972909597,16
-1170327.921949465,1919967.8972909597,16
-1169864.6092329377,1919967.8972909597,16
-1169401.29651641,1919967.8972909597,16
-1168937.9837998827,1919967.8972909597,16
-1168474.671083355,1919967.8972909597,16
-1168011.3583668275,1919967.8972909597,16
-1167548.0456503,1919967.8972909597,16
-1167084.7329337727,1919967.8972909597,16
-1166621.4202172451,1919967.8972909597,16
-1166158.1075007175,1919967.8972909597,16
-1228705.32423193,1919504.584574432,16
-1228242.0115154027,1919504.584574432,16
-1227778.698798875,1919504.584574432,16
-1227315.3860823475,1919504.584574432,16
-1226852.07336582,1919504.584574432,16
-1226388.7606492927,1919504.584574432,16
-1225925.4479327651,1919504.584574432,16
-1225462.1352162375,1919504.584574432,16
-1224998.8224997101,1919504.584574432,16
-1224535.5097831825,1919504.584574432,16
-1224072.1970666551,1919504.584574432,16
-1223608.8843501275,1919504.584574432,16
-1223145.5716336002,1919504.584574432,16
-1222682.2589170726,1919504.584574432,16
-1222218.9462005452,1919504.584574432,16
-1221755.6334840176,1919504.584574432,16
-1221292.3207674902,1919504.584574432,16
-1220829.0080509626,1919504.584574432,16
-1220365.6953344352,1919504.584574432,16
-1219902.3826179076,1919504.584574432,16
-1219439.0699013802,1919504.584574432,16
-1218975.7571848526,1919504.584574432,16
-1218512.444468325,1919504.584574432,16
-1218049.1317517976,1919504.584574432,16
-1217585.81903527,1919504.584574432,16
-1217122.5063187426,1919504.584574432,16
-1216659.193602215,1919504.584574432,16
-1216195.8808856877,1919504.584574432,16
-1215732.56816916,1919504.584574432,16
-1215269.2554526327,1919504.584574432,16
-1214805.942736105,1919504.584574432,16
-1214342.6300195777,1919504.584574432,16
-1213879.31730305,1919504.584574432,16
-1213416.0045865227,1919504.584574432,16
-1212952.691869995,1919504.584574432,16
-1212489.3791534677,1919504.584574432,16
-1212026.06643694,1919504.584574432,16
-1211562.7537204125,1919504.584574432,16
-1211099.4410038851,1919504.584574432,16
-1210636.1282873575,1919504.584574432,16
-1210172.8155708301,1919504.584574432,16
-1209709.5028543025,1919504.584574432,16
-1209246.1901377751,1919504.584574432,16
-1208782.8774212475,1919504.584574432,16
-1208319.5647047202,1919504.584574432,16
-1207856.2519881926,1919504.584574432,16
-1207392.9392716652,1919504.584574432,16
-1206929.6265551376,1919504.584574432,16
-1206466.3138386102,1919504.584574432,16
-1206003.0011220826,1919504.584574432,16
-1205539.6884055552,1919504.584574432,16
-1205076.3756890276,1919504.584574432,16
-1204613.0629725,1919504.584574432,16
-1204149.7502559726,1919504.584574432,16
-1203686.4375394452,1919504.584574432,16
-1203223.1248229176,1919504.584574432,10
-1202759.81210639,1919504.584574432,10
-1202296.4993898626,1919504.584574432,16
-1201833.186673335,1919504.584574432,10
-1201369.8739568077,1919504.584574432,16
-1200906.56124028,1919504.584574432,16
-1200443.2485237527,1919504.584574432,16
-1199979.935807225,1919504.584574432,16
-1199516.6230906977,1919504.584574432,16
-1199053.31037417,1919504.584574432,16
-1198589.9976576427,1919504.584574432,16
-1198126.684941115,1919504.584574432,16
-1197663.3722245875,1919504.584574432,10
-1197200.05950806,1919504.584574432,16
-1196736.7467915327,1919504.584574432,16
-1196273.4340750051,1919504.584574432,16
-1195810.1213584775,1919504.584574432,16
-1195346.8086419501,1919504.584574432,16
-1194883.4959254225,1919504.584574432,16
-1194420.1832088951,1919504.584574432,16
-1193956.8704923675,1919504.584574432,16
-1193493.5577758402,1919504.584574432,16
-1193030.2450593126,1919504.584574432,16
-1192566.9323427852,1919504.584574432,16
-1192103.6196262576,1919504.584574432,16
-1191640.3069097302,1919504.584574432,10
-1191176.9941932026,1919504.584574432,10
-1190713.6814766752,1919504.584574432,10
-1190250.3687601476,1919504.584574432,10
-1189787.0560436202,1919504.584574432,16
-1189323.7433270926,1919504.584574432,16
-1188860.430610565,1919504.584574432,16
-1188397.1178940376,1919504.584574432,16
-1187933.80517751,1919504.584574432,16
-1187470.4924609826,1919504.584574432,16
-1187007.179744455,1919504.584574432,16
-1186543.8670279277,1919504.584574432,16
-1186080.5543114,1919504.584574432,16
-1185617.2415948727,1919504.584574432,16
-1185153.928878345,1919504.584574432,16
-1184690.6161618177,1919504.584574432,16
-1184227.30344529,1919504.584574432,16
-1183763.9907287627,1919504.584574432,16
-1183300.678012235,1919504.584574432,16
-1182837.3652957077,1919504.584574432,16
-1182374.05257918,1919504.584574432,16
-1181910.7398626525,1919504.584574432,16
-1181447.4271461251,1919504.584574432,16
-1180984.1144295975,1919504.584574432,16
-1180520.8017130701,1919504.584574432,16
-1180057.4889965425,1919504.584574432,16
-1179594.1762800151,1919504.584574432,16
-1179130.8635634875,1919504.584574432,16
-1178667.5508469602,1919504.584574432,16
-1178204.2381304326,1919504.584574432,16
-1177740.9254139052,1919504.584574432,16
-1177277.6126973776,1919504.584574432,16
-1176814.2999808502,1919504.584574432,16
-1176350.9872643226,1919504.584574432,16
-1175887.6745477952,1919504.584574432,16
-1175424.3618312676,1919504.584574432,16
-1174961.04911474,1919504.584574432,16
-1174497.7363982126,1919504.584574432,16
-1174034.4236816852,1919504.584574432,16
-1173571.1109651576,1919504.584574432,16
-1173107.79824863,1919504.584574432,16
-1172644.4855321026,1919504.584574432,16
-1172181.172815575,1919504.584574432,16
-1171717.8600990477,1919504.584574432,16
-1171254.54738252,1919504.584574432,16
-1170791.2346659927,1919504.584574432,16
-1170327.921949465,1919504.584574432,16
-1169864.6092329377,1919504.584574432,16
-1169401.29651641,1919504.584574432,16
-1168937.9837998827,1919504.584574432,16
-1168474.671083355,1919504.584574432,16
-1168011.3583668275,1919504.584574432,16
-1167548.0456503,1919504.584574432,16
-1167084.7329337727,1919504.584574432,16
-1166621.4202172451,1919504.584574432,16
-1228242.0115154027,1919041.2718579047,16
-1227778.698798875,1919041.2718579047,16
-1227315.3860823475,1919041.2718579047,16
-1226852.07336582,1919041.2718579047,16
-1226388.7606492927,1919041.2718579047,16
-1225925.4479327651,1919041.2718579047,16
-1225462.1352162375,1919041.2718579047,16
-1224998.8224997101,1919041.2718579047,16
-1224535.5097831825,1919041.2718579047,16
-1224072.1970666551,1919041.2718579047,16
-1223608.8843501275,1919041.2718579047,16
-1223145.5716336002,1919041.2718579047,16
-1222682.2589170726,1919041.2718579047,16
-1222218.9462005452,1919041.2718579047,16
-1221755.6334840176,1919041.2718579047,16
-1221292.3207674902,1919041.2718579047,16
-1220829.0080509626,1919041.2718579047,16
-1220365.6953344352,1919041.2718579047,16
-1219902.3826179076,1919041.2718579047,16
-1219439.0699013802,1919041.2718579047,16
-1218975.7571848526,1919041.2718579047,16
-1218512.444468325,1919041.2718579047,16
-1218049.1317517976,1919041.2718579047,16
-1217585.81903527,1919041.2718579047,16
-1217122.5063187426,1919041.2718579047,16
-1216659.193602215,1919041.2718579047,16
-1216195.8808856877,1919041.2718579047,16
-1215732.56816916,1919041.2718579047,16
-1215269.2554526327,1919041.2718579047,16
-1214805.942736105,1919041.2718579047,16
-1214342.6300195777,1919041.2718579047,16
-1213879.31730305,1919041.2718579047,16
-1213416.0045865227,1919041.2718579047,16
-1212952.691869995,1919041.2718579047,16
-1212489.3791534677,1919041.2718579047,16
-1212026.06643694,1919041.2718579047,16
-1211562.7537204125,1919041.2718579047,16
-1211099.4410038851,1919041.2718579047,16
-1210636.1282873575,1919041.2718579047,16
-1210172.8155708301,1919041.2718579047,16
-1209709.5028543025,1919041.2718579047,16
-1209246.1901377751,1919041.2718579047,16
-1208782.8774212475,1919041.2718579047,16
-1208319.5647047202,1919041.2718579047,16
-1207856.2519881926,1919041.2718579047,16
-1207392.9392716652,1919041.2718579047,16
-1206929.6265551376,1919041.2718579047,16
-1206466.3138386102,1919041.2718579047,16
-1206003.0011220826,1919041.2718579047,16
-1205539.6884055552,1919041.2718579047,16
-1205076.3756890276,1919041.2718579047,16
-1204613.0629725,1919041.2718579047,16
-1204149.7502559726,1919041.2718579047,16
-1203686.4375394452,1919041.2718579047,10
-1203223.1248229176,1919041.2718579047,10
-1202759.81210639,1919041.2718579047,10
-1202296.4993898626,1919041.2718579047,10
-1201833.186673335,1919041.2718579047,10
-1201369.8739568077,1919041.2718579047,10
-1200906.56124028,1919041.2718579047,10
-1200443.2485237527,1919041.2718579047,16
-1199979.935807225,1919041.2718579047,16
-1199516.6230906977,1919041.2718579047,16
-1199053.31037417,1919041.2718579047,16
-1198589.9976576427,1919041.2718579047,16
-1198126.684941115,1919041.2718579047,16
-1197663.3722245875,1919041.2718579047,16
-1197200.05950806,1919041.2718579047,16
-1196736.7467915327,1919041.2718579047,16
-1196273.4340750051,1919041.2718579047,16
-1195810.1213584775,1919041.2718579047,16
-1195346.8086419501,1919041.2718579047,16
-1194883.4959254225,1919041.2718579047,16
-1194420.1832088951,1919041.2718579047,16
-1193956.8704923675,1919041.2718579047,16
-1193493.5577758402,1919041.2718579047,16
-1193030.2450593126,1919041.2718579047,16
-1192566.9323427852,1919041.2718579047,16
-1192103.6196262576,1919041.2718579047,16
-1191640.3069097302,1919041.2718579047,16
-1191176.9941932026,1919041.2718579047,16
-1190713.6814766752,1919041.2718579047,10
-1190250.3687601476,1919041.2718579047,16
-1189787.0560436202,1919041.2718579047,10
-1189323.7433270926,1919041.2718579047,16
-1188860.430610565,1919041.2718579047,16
-1188397.1178940376,1919041.2718579047,16
-1187933.80517751,1919041.2718579047,16
-1187470.4924609826,1919041.2718579047,16
-1187007.179744455,1919041.2718579047,16
-1186543.8670279277,1919041.2718579047,16
-1186080.5543114,1919041.2718579047,16
-1185617.2415948727,1919041.2718579047,16
-1185153.928878345,1919041.2718579047,16
-1184690.6161618177,1919041.2718579047,16
-1184227.30344529,1919041.2718579047,16
-1183763.9907287627,1919041.2718579047,16
-1183300.678012235,1919041.2718579047,16
-1182837.3652957077,1919041.2718579047,16
-1182374.05257918,1919041.2718579047,16
-1181910.7398626525,1919041.2718579047,16
-1181447.4271461251,1919041.2718579047,16
-1180984.1144295975,1919041.2718579047,16
-1180520.8017130701,1919041.2718579047,16
-1180057.4889965425,1919041.2718579047,16
-1179594.1762800151,1919041.2718579047,16
-1179130.8635634875,1919041.2718579047,16
-1178667.5508469602,1919041.2718579047,16
-1178204.2381304326,1919041.2718579047,16
-1177740.9254139052,1919041.2718579047,16
-1177277.6126973776,1919041.2718579047,16
-1176814.2999808502,1919041.2718579047,16
-1176350.9872643226,1919041.2718579047,16
-1175887.6745477952,1919041.2718579047,10
-1175424.3618312676,1919041.2718579047,16
-1174961.04911474,1919041.2718579047,16
-1174497.7363982126,1919041.2718579047,16
-1174034.4236816852,1919041.2718579047,16
-1173571.1109651576,1919041.2718579047,16
-1173107.79824863,1919041.2718579047,16
-1172644.4855321026,1919041.2718579047,16
-1172181.172815575,1919041.2718579047,16
-1171717.8600990477,1919041.2718579047,16
-1171254.54738252,1919041.2718579047,16
-1170791.2346659927,1919041.2718579047,16
-1170327.921949465,1919041.2718579047,16
-1169864.6092329377,1919041.2718579047,16
-1169401.29651641,1919041.2718579047,16
-1168937.9837998827,1919041.2718579047,16
-1168474.671083355,1919041.2718579047,16
-1168011.3583668275,1919041.2718579047,16
-1167548.0456503,1919041.2718579047,16
-1167084.7329337727,1919041.2718579047,16
-1166621.4202172451,1919041.2718579047,16
-1228242.0115154027,1918577.9591413771,16
-1227778.698798875,1918577.9591413771,16
-1227315.3860823475,1918577.9591413771,16
-1226852.07336582,1918577.9591413771,16
-1226388.7606492927,1918577.9591413771,16
-1225925.4479327651,1918577.9591413771,16
-1225462.1352162375,1918577.9591413771,16
-1224998.8224997101,1918577.9591413771,16
-1224535.5097831825,1918577.9591413771,16
-1224072.1970666551,1918577.9591413771,16
-1223608.8843501275,1918577.9591413771,16
-1223145.5716336002,1918577.9591413771,16
-1222682.2589170726,1918577.9591413771,16
-1222218.9462005452,1918577.9591413771,16
-1221755.6334840176,1918577.9591413771,16
-1221292.3207674902,1918577.9591413771,16
-1220829.0080509626,1918577.9591413771,16
-1220365.6953344352,1918577.9591413771,16
-1219902.3826179076,1918577.9591413771,16
-1219439.0699013802,1918577.9591413771,16
-1218975.7571848526,1918577.9591413771,16
-1218512.444468325,1918577.9591413771,16
-1218049.1317517976,1918577.9591413771,16
-1217585.81903527,1918577.9591413771,16
-1217122.5063187426,1918577.9591413771,16
-1216659.193602215,1918577.9591413771,16
-1216195.8808856877,1918577.9591413771,16
-1215732.56816916,1918577.9591413771,16
-1215269.2554526327,1918577.9591413771,16
-1214805.942736105,1918577.9591413771,16
-1214342.6300195777,1918577.9591413771,16
-1213879.31730305,1918577.9591413771,16
-1213416.0045865227,1918577.9591413771,16
-1212952.691869995,1918577.9591413771,16
-1212489.3791534677,1918577.9591413771,16
-1212026.06643694,1918577.9591413771,16
-1211562.7537204125,1918577.9591413771,16
-1211099.4410038851,1918577.9591413771,16
-1210636.1282873575,1918577.9591413771,16
-1210172.8155708301,1918577.9591413771,16
-1209709.5028543025,1918577.9591413771,16
-1209246.1901377751,1918577.9591413771,16
-1208782.8774212475,1918577.9591413771,16
-1208319.5647047202,1918577.9591413771,16
-1207856.2519881926,1918577.9591413771,16
-1207392.9392716652,1918577.9591413771,16
-1206929.6265551376,1918577.9591413771,16
-1206466.3138386102,1918577.9591413771,16
-1206003.0011220826,1918577.9591413771,16
-1205539.6884055552,1918577.9591413771,16
-1205076.3756890276,1918577.9591413771,16
-1204613.0629725,1918577.9591413771,16
-1204149.7502559726,1918577.9591413771,10
-1203686.4375394452,1918577.9591413771,10
-1203223.1248229176,1918577.9591413771,10
-1202759.81210639,1918577.9591413771,16
-1202296.4993898626,1918577.9591413771,10
-1201833.186673335,1918577.9591413771,10
-1201369.8739568077,1918577.9591413771,10
-1200906.56124028,1918577.9591413771,10
-1200443.2485237527,1918577.9591413771,10
-1199979.935807225,1918577.9591413771,16
-1199516.6230906977,1918577.9591413771,16
-1199053.31037417,1918577.9591413771,16
-1198589.9976576427,1918577.9591413771,16
-1198126.684941115,1918577.9591413771,16
-1197663.3722245875,1918577.9591413771,16
-1197200.05950806,1918577.9591413771,16
-1196736.7467915327,1918577.9591413771,16
-1196273.4340750051,1918577.9591413771,16
-1195810.1213584775,1918577.9591413771,16
-1195346.8086419501,1918577.9591413771,16
-1194883.4959254225,1918577.9591413771,10
-1194420.1832088951,1918577.9591413771,10
-1193956.8704923675,1918577.9591413771,16
-1193493.5577758402,1918577.9591413771,16
-1193030.2450593126,1918577.9591413771,10
-1192566.9323427852,1918577.9591413771,16
-1192103.6196262576,1918577.9591413771,16
-1191640.3069097302,1918577.9591413771,16
-1191176.9941932026,1918577.9591413771,16
-1190713.6814766752,1918577.9591413771,16
-1190250.3687601476,1918577.9591413771,16
-1189787.0560436202,1918577.9591413771,16
-1189323.7433270926,1918577.9591413771,16
-1188860.430610565,1918577.9591413771,16
-1188397.1178940376,1918577.9591413771,16
-1187933.80517751,1918577.9591413771,16
-1187470.4924609826,1918577.9591413771,16
-1187007.179744455,1918577.9591413771,16
-1186543.8670279277,1918577.9591413771,16
-1186080.5543114,1918577.9591413771,16
-1185617.2415948727,1918577.9591413771,16
-1185153.928878345,1918577.9591413771,16
-1184690.6161618177,1918577.9591413771,16
-1184227.30344529,1918577.9591413771,16
-1183763.9907287627,1918577.9591413771,16
-1183300.678012235,1918577.9591413771,16
-1182837.3652957077,1918577.9591413771,16
-1182374.05257918,1918577.9591413771,16
-1181910.7398626525,1918577.9591413771,16
-1181447.4271461251,1918577.9591413771,16
-1180984.1144295975,1918577.9591413771,16
-1180520.8017130701,1918577.9591413771,16
-1180057.4889965425,1918577.9591413771,16
-1179594.1762800151,1918577.9591413771,16
-1179130.8635634875,1918577.9591413771,16
-1178667.5508469602,1918577.9591413771,16
-1178204.2381304326,1918577.9591413771,16
-1177740.9254139052,1918577.9591413771,16
-1177277.6126973776,1918577.9591413771,16
-1176814.2999808502,1918577.9591413771,16
-1176350.9872643226,1918577.9591413771,16
-1175887.6745477952,1918577.9591413771,16
-1175424.3618312676,1918577.9591413771,16
-1174961.04911474,1918577.9591413771,16
-1174497.7363982126,1918577.9591413771,16
-1174034.4236816852,1918577.9591413771,16
-1173571.1109651576,1918577.9591413771,16
-1173107.79824863,1918577.9591413771,16
-1172644.4855321026,1918577.9591413771,16
-1172181.172815575,1918577.9591413771,16
-1171717.8600990477,1918577.9591413771,16
-1171254.54738252,1918577.9591413771,16
-1170791.2346659927,1918577.9591413771,16
-1170327.921949465,1918577.9591413771,16
-1169864.6092329377,1918577.9591413771,16
-1169401.29651641,1918577.9591413771,16
-1168937.9837998827,1918577.9591413771,16
-1168474.671083355,1918577.9591413771,16
-1168011.3583668275,1918577.9591413771,16
-1167548.0456503,1918577.9591413771,16
-1167084.7329337727,1918577.9591413771,16
-1228242.0115154027,1918114.6464248498,16
-1227778.698798875,1918114.6464248498,16
-1227315.3860823475,1918114.6464248498,16
-1226852.07336582,1918114.6464248498,16
-1226388.7606492927,1918114.6464248498,16
-1225925.4479327651,1918114.6464248498,16
-1225462.1352162375,1918114.6464248498,16
-1224998.8224997101,1918114.6464248498,16
-1224535.5097831825,1918114.6464248498,16
-1224072.1970666551,1918114.6464248498,16
-1223608.8843501275,1918114.6464248498,16
-1223145.5716336002,1918114.6464248498,16
-1222682.2589170726,1918114.6464248498,16
-1222218.9462005452,1918114.6464248498,16
-1221755.6334840176,1918114.6464248498,16
-1221292.3207674902,1918114.6464248498,16
-1220829.0080509626,1918114.6464248498,16
-1220365.6953344352,1918114.6464248498,16
-1219902.3826179076,1918114.6464248498,16
-1219439.0699013802,1918114.6464248498,16
-1218975.7571848526,1918114.6464248498,16
-1218512.444468325,1918114.6464248498,16
-1218049.1317517976,1918114.6464248498,16
-1217585.81903527,1918114.6464248498,16
-1217122.5063187426,1918114.6464248498,16
-1216659.193602215,1918114.6464248498,16
-1216195.8808856877,1918114.6464248498,16
-1215732.56816916,1918114.6464248498,16
-1215269.2554526327,1918114.6464248498,16
-1214805.942736105,1918114.6464248498,16
-1214342.6300195777,1918114.6464248498,16
-1213879.31730305,1918114.6464248498,16
-1213416.0045865227,1918114.6464248498,16
-1212952.691869995,1918114.6464248498,16
-1212489.3791534677,1918114.6464248498,16
-1212026.06643694,1918114.6464248498,16
-1211562.7537204125,1918114.6464248498,16
-1211099.4410038851,1918114.6464248498,10
-1210636.1282873575,1918114.6464248498,16
-1210172.8155708301,1918114.6464248498,16
-1209709.5028543025,1918114.6464248498,16
-1209246.1901377751,1918114.6464248498,16
-1208782.8774212475,1918114.6464248498,16
-1208319.5647047202,1918114.6464248498,16
-1207856.2519881926,1918114.6464248498,16
-1207392.9392716652,1918114.6464248498,16
-1206929.6265551376,1918114.6464248498,16
-1206466.3138386102,1918114.6464248498,16
-1206003.0011220826,1918114.6464248498,16
-1205539.6884055552,1918114.6464248498,16
-1205076.3756890276,1918114.6464248498,16
-1204613.0629725,1918114.6464248498,16
-1204149.7502559726,1918114.6464248498,10
-1203686.4375394452,1918114.6464248498,10
-1203223.1248229176,1918114.6464248498,10
-1202759.81210639,1918114.6464248498,16
-1202296.4993898626,1918114.6464248498,10
-1201833.186673335,1918114.6464248498,16
-1201369.8739568077,1918114.6464248498,10
-1200906.56124028,1918114.6464248498,10
-1200443.2485237527,1918114.6464248498,10
-1199979.935807225,1918114.6464248498,16
-1199516.6230906977,1918114.6464248498,16
-1199053.31037417,1918114.6464248498,16
-1198589.9976576427,1918114.6464248498,16
-1198126.684941115,1918114.6464248498,16
-1197663.3722245875,1918114.6464248498,16
-1197200.05950806,1918114.6464248498,16
-1196736.7467915327,1918114.6464248498,16
-1196273.4340750051,1918114.6464248498,16
-1195810.1213584775,1918114.6464248498,16
-1195346.8086419501,1918114.6464248498,16
-1194883.4959254225,1918114.6464248498,16
-1194420.1832088951,1918114.6464248498,16
-1193956.8704923675,1918114.6464248498,10
-1193493.5577758402,1918114.6464248498,10
-1193030.2450593126,1918114.6464248498,10
-1192566.9323427852,1918114.6464248498,10
-1192103.6196262576,1918114.6464248498,16
-1191640.3069097302,1918114.6464248498,16
-1191176.9941932026,1918114.6464248498,16
-1190713.6814766752,1918114.6464248498,16
-1190250.3687601476,1918114.6464248498,16
-1189787.0560436202,1918114.6464248498,16
-1189323.7433270926,1918114.6464248498,16
-1188860.430610565,1918114.6464248498,16
-1188397.1178940376,1918114.6464248498,16
-1187933.80517751,1918114.6464248498,16
-1187470.4924609826,1918114.6464248498,16
-1187007.179744455,1918114.6464248498,16
-1186543.8670279277,1918114.6464248498,16
-1186080.5543114,1918114.6464248498,16
-1185617.2415948727,1918114.6464248498,16
-1185153.928878345,1918114.6464248498,16
-1184690.6161618177,1918114.6464248498,16
-1184227.30344529,1918114.6464248498,16
-1183763.9907287627,1918114.6464248498,16
-1183300.678012235,1918114.6464248498,16
-1182837.3652957077,1918114.6464248498,16
-1182374.05257918,1918114.6464248498,16
-1181910.7398626525,1918114.6464248498,16
-1181447.4271461251,1918114.6464248498,16
-1180984.1144295975,1918114.6464248498,16
-1180520.8017130701,1918114.6464248498,16
-1180057.4889965425,1918114.6464248498,16
-1179594.1762800151,1918114.6464248498,16
-1179130.8635634875,1918114.6464248498,16
-1178667.5508469602,1918114.6464248498,16
-1178204.2381304326,1918114.6464248498,16
-1177740.9254139052,1918114.6464248498,16
-1177277.6126973776,1918114.6464248498,16
-1176814.2999808502,1918114.6464248498,16
-1176350.9872643226,1918114.6464248498,16
-1175887.6745477952,1918114.6464248498,16
-1175424.3618312676,1918114.6464248498,16
-1174961.04911474,1918114.6464248498,16
-1174497.7363982126,1918114.6464248498,16
-1174034.4236816852,1918114.6464248498,16
-1173571.1109651576,1918114.6464248498,16
-1173107.79824863,1918114.6464248498,16
-1172644.4855321026,1918114.6464248498,16
-1172181.172815575,1918114.6464248498,16
-1171717.8600990477,1918114.6464248498,16
-1171254.54738252,1918114.6464248498,16
-1170791.2346659927,1918114.6464248498,16
-1170327.921949465,1918114.6464248498,16
-1169864.6092329377,1918114.6464248498,16
-1169401.29651641,1918114.6464248498,16
-1168937.9837998827,1918114.6464248498,16
-1168474.671083355,1918114.6464248498,16
-1168011.3583668275,1918114.6464248498,16
-1167548.0456503,1918114.6464248498,16
-1167084.7329337727,1918114.6464248498,16
-1227778.698798875,1917651.3337083221,16
-1227315.3860823475,1917651.3337083221,16
-1226852.07336582,1917651.3337083221,16
-1226388.7606492927,1917651.3337083221,16
-1225925.4479327651,1917651.3337083221,16
-1225462.1352162375,1917651.3337083221,16
-1224998.8224997101,1917651.3337083221,16
-1224535.5097831825,1917651.3337083221,16
-1224072.1970666551,1917651.3337083221,16
-1223608.8843501275,1917651.3337083221,16
-1223145.5716336002,1917651.3337083221,16
-1222682.2589170726,1917651.3337083221,16
-1222218.9462005452,1917651.3337083221,16
-1221755.6334840176,1917651.3337083221,16
-1221292.3207674902,1917651.3337083221,16
-1220829.0080509626,1917651.3337083221,16
-1220365.6953344352,1917651.3337083221,16
-1219902.3826179076,1917651.3337083221,16
-1219439.0699013802,1917651.3337083221,16
-1218975.7571848526,1917651.3337083221,16
-1218512.444468325,1917651.3337083221,16
-1218049.1317517976,1917651.3337083221,16
-1217585.81903527,1917651.3337083221,16
-1217122.5063187426,1917651.3337083221,16
-1216659.193602215,1917651.3337083221,16
-1216195.8808856877,1917651.3337083221,16
-1215732.56816916,1917651.3337083221,16
-1215269.2554526327,1917651.3337083221,16
-1214805.942736105,1917651.3337083221,16
-1214342.6300195777,1917651.3337083221,16
-1213879.31730305,1917651.3337083221,16
-1213416.0045865227,1917651.3337083221,16
-1212952.691869995,1917651.3337083221,16
-1212489.3791534677,1917651.3337083221,16
-1212026.06643694,1917651.3337083221,16
-1211562.7537204125,1917651.3337083221,16
-1211099.4410038851,1917651.3337083221,10
-1210636.1282873575,1917651.3337083221,10
-1210172.8155708301,1917651.3337083221,16
-1209709.5028543025,1917651.3337083221,16
-1209246.1901377751,1917651.3337083221,16
-1208782.8774212475,1917651.3337083221,16
-1208319.5647047202,1917651.3337083221,16
-1207856.2519881926,1917651.3337083221,16
-1207392.9392716652,1917651.3337083221,16
-1206929.6265551376,1917651.3337083221,16
-1206466.3138386102,1917651.3337083221,16
-1206003.0011220826,1917651.3337083221,16
-1205539.6884055552,1917651.3337083221,16
-1205076.3756890276,1917651.3337083221,16
-1204613.0629725,1917651.3337083221,16
-1204149.7502559726,1917651.3337083221,10
-1203686.4375394452,1917651.3337083221,10
-1203223.1248229176,1917651.3337083221,16
-1202759.81210639,1917651.3337083221,16
-1202296.4993898626,1917651.3337083221,16
-1201833.186673335,1917651.3337083221,16
-1201369.8739568077,1917651.3337083221,16
-1200906.56124028,1917651.3337083221,10
-1200443.2485237527,1917651.3337083221,10
-1199979.935807225,1917651.3337083221,16
-1199516.6230906977,1917651.3337083221,16
-1199053.31037417,1917651.3337083221,16
-1198589.9976576427,1917651.3337083221,16
-1198126.684941115,1917651.3337083221,16
-1197663.3722245875,1917651.3337083221,16
-1197200.05950806,1917651.3337083221,16
-1196736.7467915327,1917651.3337083221,16
-1196273.4340750051,1917651.3337083221,16
-1195810.1213584775,1917651.3337083221,16
-1195346.8086419501,1917651.3337083221,16
-1194883.4959254225,1917651.3337083221,16
-1194420.1832088951,1917651.3337083221,16
-1193956.8704923675,1917651.3337083221,10
-1193493.5577758402,1917651.3337083221,10
-1193030.2450593126,1917651.3337083221,10
-1192566.9323427852,1917651.3337083221,10
-1192103.6196262576,1917651.3337083221,10
-1191640.3069097302,1917651.3337083221,10
-1191176.9941932026,1917651.3337083221,16
-1190713.6814766752,1917651.3337083221,16
-1190250.3687601476,1917651.3337083221,16
-1189787.0560436202,1917651.3337083221,16
-1189323.7433270926,1917651.3337083221,16
-1188860.430610565,1917651.3337083221,16
-1188397.1178940376,1917651.3337083221,16
-1187933.80517751,1917651.3337083221,16
-1187470.4924609826,1917651.3337083221,16
-1187007.179744455,1917651.3337083221,16
-1186543.8670279277,1917651.3337083221,16
-1186080.5543114,1917651.3337083221,16
-1185617.2415948727,1917651.3337083221,16
-1185153.928878345,1917651.3337083221,16
-1184690.6161618177,1917651.3337083221,16
-1184227.30344529,1917651.3337083221,16
-1183763.9907287627,1917651.3337083221,16
-1183300.678012235,1917651.3337083221,16
-1182837.3652957077,1917651.3337083221,16
-1182374.05257918,1917651.3337083221,16
-1181910.7398626525,1917651.3337083221,16
-1181447.4271461251,1917651.3337083221,16
-1180984.1144295975,1917651.3337083221,16
-1180520.8017130701,1917651.3337083221,16
-1180057.4889965425,1917651.3337083221,16
-1179594.1762800151,1917651.3337083221,16
-1179130.8635634875,1917651.3337083221,16
-1178667.5508469602,1917651.3337083221,16
-1178204.2381304326,1917651.3337083221,16
-1177740.9254139052,1917651.3337083221,16
-1177277.6126973776,1917651.3337083221,16
-1176814.2999808502,1917651.3337083221,16
-1176350.9872643226,1917651.3337083221,16
-1175887.6745477952,1917651.3337083221,16
-1175424.3618312676,1917651.3337083221,16
-1174961.04911474,1917651.3337083221,16
-1174497.7363982126,1917651.3337083221,16
-1174034.4236816852,1917651.3337083221,16
-1173571.1109651576,1917651.3337083221,16
-1173107.79824863,1917651.3337083221,16
-1172644.4855321026,1917651.3337083221,16
-1172181.172815575,1917651.3337083221,16
-1171717.8600990477,1917651.3337083221,16
-1171254.54738252,1917651.3337083221,16
-1170791.2346659927,1917651.3337083221,16
-1170327.921949465,1917651.3337083221,16
-1169864.6092329377,1917651.3337083221,16
-1169401.29651641,1917651.3337083221,16
-1168937.9837998827,1917651.3337083221,16
-1168474.671083355,1917651.3337083221,16
-1168011.3583668275,1917651.3337083221,16
-1167548.0456503,1917651.3337083221,16
-1167084.7329337727,1917651.3337083221,16
-1227778.698798875,1917188.0209917948,16
-1227315.3860823475,1917188.0209917948,16
-1226852.07336582,1917188.0209917948,16
-1226388.7606492927,1917188.0209917948,16
-1225925.4479327651,1917188.0209917948,16
-1225462.1352162375,1917188.0209917948,16
-1224998.8224997101,1917188.0209917948,16
-1224535.5097831825,1917188.0209917948,16
-1224072.1970666551,1917188.0209917948,16
-1223608.8843501275,1917188.0209917948,16
-1223145.5716336002,1917188.0209917948,16
-1222682.2589170726,1917188.0209917948,16
-1222218.9462005452,1917188.0209917948,16
-1221755.6334840176,1917188.0209917948,16
-1221292.3207674902,1917188.0209917948,16
-1220829.0080509626,1917188.0209917948,16
-1220365.6953344352,1917188.0209917948,16
-1219902.3826179076,1917188.0209917948,16
-1219439.0699013802,1917188.0209917948,16
-1218975.7571848526,1917188.0209917948,16
-1218512.444468325,1917188.0209917948,16
-1218049.1317517976,1917188.0209917948,16
-1217585.81903527,1917188.0209917948,16
-1217122.5063187426,1917188.0209917948,16
-1216659.193602215,1917188.0209917948,16
-1216195.8808856877,1917188.0209917948,16
-1215732.56816916,1917188.0209917948,16
-1215269.2554526327,1917188.0209917948,16
-1214805.942736105,1917188.0209917948,16
-1214342.6300195777,1917188.0209917948,16
-1213879.31730305,1917188.0209917948,16
-1213416.0045865227,1917188.0209917948,16
-1212952.691869995,1917188.0209917948,16
-1212489.3791534677,1917188.0209917948,16
-1212026.06643694,1917188.0209917948,16
-1211562.7537204125,1917188.0209917948,16
-1211099.4410038851,1917188.0209917948,16
-1210636.1282873575,1917188.0209917948,10
-1210172.8155708301,1917188.0209917948,16
-1209709.5028543025,1917188.0209917948,16
-1209246.1901377751,1917188.0209917948,16
-1208782.8774212475,1917188.0209917948,16
-1208319.5647047202,1917188.0209917948,16
-1207856.2519881926,1917188.0209917948,16
-1207392.9392716652,1917188.0209917948,16
-1206929.6265551376,1917188.0209917948,16
-1206466.3138386102,1917188.0209917948,16
-1206003.0011220826,1917188.0209917948,16
-1205539.6884055552,1917188.0209917948,16
-1205076.3756890276,1917188.0209917948,16
-1204613.0629725,1917188.0209917948,16
-1204149.7502559726,1917188.0209917948,16
-1203686.4375394452,1917188.0209917948,16
-1203223.1248229176,1917188.0209917948,16
-1202759.81210639,1917188.0209917948,16
-1202296.4993898626,1917188.0209917948,16
-1201833.186673335,1917188.0209917948,16
-1201369.8739568077,1917188.0209917948,16
-1200906.56124028,1917188.0209917948,16
-1200443.2485237527,1917188.0209917948,16
-1199979.935807225,1917188.0209917948,16
-1199516.6230906977,1917188.0209917948,16
-1199053.31037417,1917188.0209917948,16
-1198589.9976576427,1917188.0209917948,16
-1198126.684941115,1917188.0209917948,16
-1197663.3722245875,1917188.0209917948,16
-1197200.05950806,1917188.0209917948,16
-1196736.7467915327,1917188.0209917948,16
-1196273.4340750051,1917188.0209917948,16
-1195810.1213584775,1917188.0209917948,16
-1195346.8086419501,1917188.0209917948,16
-1194883.4959254225,1917188.0209917948,16
-1194420.1832088951,1917188.0209917948,16
-1193956.8704923675,1917188.0209917948,10
-1193493.5577758402,1917188.0209917948,10
-1193030.2450593126,1917188.0209917948,10
-1192566.9323427852,1917188.0209917948,10
-1192103.6196262576,1917188.0209917948,10
-1191640.3069097302,1917188.0209917948,10
-1191176.9941932026,1917188.0209917948,10
-1190713.6814766752,1917188.0209917948,16
-1190250.3687601476,1917188.0209917948,16
-1189787.0560436202,1917188.0209917948,16
-1189323.7433270926,1917188.0209917948,16
-1188860.430610565,1917188.0209917948,16
-1188397.1178940376,1917188.0209917948,10
-1187933.80517751,1917188.0209917948,16
-1187470.4924609826,1917188.0209917948,16
-1187007.179744455,1917188.0209917948,16
-1186543.8670279277,1917188.0209917948,16
-1186080.5543114,1917188.0209917948,16
-1185617.2415948727,1917188.0209917948,16
-1185153.928878345,1917188.0209917948,16
-1184690.6161618177,1917188.0209917948,16
-1184227.30344529,1917188.0209917948,16
-1183763.9907287627,1917188.0209917948,16
-1183300.678012235,1917188.0209917948,16
-1182837.3652957077,1917188.0209917948,16
-1182374.05257918,1917188.0209917948,16
-1181910.7398626525,1917188.0209917948,16
-1181447.4271461251,1917188.0209917948,16
-1180984.1144295975,1917188.0209917948,16
-1180520.8017130701,1917188.0209917948,16
-1180057.4889965425,1917188.0209917948,16
-1179594.1762800151,1917188.0209917948,16
-1179130.8635634875,1917188.0209917948,16
-1178667.5508469602,1917188.0209917948,16
-1178204.2381304326,1917188.0209917948,16
-1177740.9254139052,1917188.0209917948,16
-1177277.6126973776,1917188.0209917948,16
-1176814.2999808502,1917188.0209917948,16
-1176350.9872643226,1917188.0209917948,16
-1175887.6745477952,1917188.0209917948,16
-1175424.3618312676,1917188.0209917948,16
-1174961.04911474,1917188.0209917948,16
-1174497.7363982126,1917188.0209917948,16
-1174034.4236816852,1917188.0209917948,16
-1173571.1109651576,1917188.0209917948,16
-1173107.79824863,1917188.0209917948,16
-1172644.4855321026,1917188.0209917948,16
-1172181.172815575,1917188.0209917948,16
-1171717.8600990477,1917188.0209917948,16
-1171254.54738252,1917188.0209917948,16
-1170791.2346659927,1917188.0209917948,16
-1170327.921949465,1917188.0209917948,16
-1169864.6092329377,1917188.0209917948,16
-1169401.29651641,1917188.0209917948,16
-1168937.9837998827,1917188.0209917948,16
-1168474.671083355,1917188.0209917948,16
-1168011.3583668275,1917188.0209917948,16
-1167548.0456503,1917188.0209917948,16
-1227315.3860823475,1916724.7082752672,16
-1226852.07336582,1916724.7082752672,16
-1226388.7606492927,1916724.7082752672,16
-1225925.4479327651,1916724.7082752672,16
-1225462.1352162375,1916724.7082752672,16
-1224998.8224997101,1916724.7082752672,16
-1224535.5097831825,1916724.7082752672,16
-1224072.1970666551,1916724.7082752672,16
-1223608.8843501275,1916724.7082752672,16
-1223145.5716336002,1916724.7082752672,16
-1222682.2589170726,1916724.7082752672,16
-1222218.9462005452,1916724.7082752672,16
-1221755.6334840176,1916724.7082752672,16
-1221292.3207674902,1916724.7082752672,16
-1220829.0080509626,1916724.7082752672,16
-1220365.6953344352,1916724.7082752672,16
-1219902.3826179076,1916724.7082752672,16
-1219439.0699013802,1916724.7082752672,16
-1218975.7571848526,1916724.7082752672,16
-1218512.444468325,1916724.7082752672,16
-1218049.1317517976,1916724.7082752672,16
-1217585.81903527,1916724.7082752672,16
-1217122.5063187426,1916724.7082752672,16
-1216659.193602215,1916724.7082752672,16
-1216195.8808856877,1916724.7082752672,16
-1215732.56816916,1916724.7082752672,16
-1215269.2554526327,1916724.7082752672,16
-1214805.942736105,1916724.7082752672,16
-1214342.6300195777,1916724.7082752672,16
-1213879.31730305,1916724.7082752672,16
-1213416.0045865227,1916724.7082752672,10
-1212952.691869995,1916724.7082752672,16
-1212489.3791534677,1916724.7082752672,16
-1212026.06643694,1916724.7082752672,16
-1211562.7537204125,1916724.7082752672,16
-1211099.4410038851,1916724.7082752672,16
-1210636.1282873575,1916724.7082752672,10
-1210172.8155708301,1916724.7082752672,16
-1209709.5028543025,1916724.7082752672,16
-1209246.1901377751,1916724.7082752672,16
-1208782.8774212475,1916724.7082752672,16
-1208319.5647047202,1916724.7082752672,16
-1207856.2519881926,1916724.7082752672,16
-1207392.9392716652,1916724.7082752672,16
-1206929.6265551376,1916724.7082752672,16
-1206466.3138386102,1916724.7082752672,16
-1206003.0011220826,1916724.7082752672,16
-1205539.6884055552,1916724.7082752672,16
-1205076.3756890276,1916724.7082752672,16
-1204613.0629725,1916724.7082752672,16
-1204149.7502559726,1916724.7082752672,16
-1203686.4375394452,1916724.7082752672,16
-1203223.1248229176,1916724.7082752672,16
-1202759.81210639,1916724.7082752672,16
-1202296.4993898626,1916724.7082752672,16
-1201833.186673335,1916724.7082752672,16
-1201369.8739568077,1916724.7082752672,16
-1200906.56124028,1916724.7082752672,10
-1200443.2485237527,1916724.7082752672,10
-1199979.935807225,1916724.7082752672,16
-1199516.6230906977,1916724.7082752672,16
-1199053.31037417,1916724.7082752672,16
-1198589.9976576427,1916724.7082752672,16
-1198126.684941115,1916724.7082752672,16
-1197663.3722245875,1916724.7082752672,16
-1197200.05950806,1916724.7082752672,16
-1196736.7467915327,1916724.7082752672,16
-1196273.4340750051,1916724.7082752672,16
-1195810.1213584775,1916724.7082752672,16
-1195346.8086419501,1916724.7082752672,16
-1194883.4959254225,1916724.7082752672,16
-1194420.1832088951,1916724.7082752672,10
-1193956.8704923675,1916724.7082752672,10
-1193493.5577758402,1916724.7082752672,10
-1193030.2450593126,1916724.7082752672,10
-1192566.9323427852,1916724.7082752672,10
-1192103.6196262576,1916724.7082752672,10
-1191640.3069097302,1916724.7082752672,10
-1191176.9941932026,1916724.7082752672,10
-1190713.6814766752,1916724.7082752672,10
-1190250.3687601476,1916724.7082752672,16
-1189787.0560436202,1916724.7082752672,16
-1189323.7433270926,1916724.7082752672,16
-1188860.430610565,1916724.7082752672,16
-1188397.1178940376,1916724.7082752672,10
-1187933.80517751,1916724.7082752672,16
-1187470.4924609826,1916724.7082752672,16
-1187007.179744455,1916724.7082752672,16
-1186543.8670279277,1916724.7082752672,16
-1186080.5543114,1916724.7082752672,16
-1185617.2415948727,1916724.7082752672,16
-1185153.928878345,1916724.7082752672,16
-1184690.6161618177,1916724.7082752672,16
-1184227.30344529,1916724.7082752672,16
-1183763.9907287627,1916724.7082752672,16
-1183300.678012235,1916724.7082752672,16
-1182837.3652957077,1916724.7082752672,16
-1182374.05257918,1916724.7082752672,16
-1181910.7398626525,1916724.7082752672,10
-1181447.4271461251,1916724.7082752672,16
-1180984.1144295975,1916724.7082752672,16
-1180520.8017130701,1916724.7082752672,16
-1180057.4889965425,1916724.7082752672,10
-1179594.1762800151,1916724.7082752672,16
-1179130.8635634875,1916724.7082752672,16
-1178667.5508469602,1916724.7082752672,16
-1178204.2381304326,1916724.7082752672,16
-1177740.9254139052,1916724.7082752672,16
-1177277.6126973776,1916724.7082752672,16
-1176814.2999808502,1916724.7082752672,16
-1176350.9872643226,1916724.7082752672,16
-1175887.6745477952,1916724.7082752672,16
-1175424.3618312676,1916724.7082752672,16
-1174961.04911474,1916724.7082752672,16
-1174497.7363982126,1916724.7082752672,16
-1174034.4236816852,1916724.7082752672,16
-1173571.1109651576,1916724.7082752672,16
-1173107.79824863,1916724.7082752672,16
-1172644.4855321026,1916724.7082752672,16
-1172181.172815575,1916724.7082752672,16
-1171717.8600990477,1916724.7082752672,16
-1171254.54738252,1916724.7082752672,16
-1170791.2346659927,1916724.7082752672,16
-1170327.921949465,1916724.7082752672,16
-1169864.6092329377,1916724.7082752672,16
-1169401.29651641,1916724.7082752672,16
-1168937.9837998827,1916724.7082752672,16
-1168474.671083355,1916724.7082752672,16
-1168011.3583668275,1916724.7082752672,16
-1167548.0456503,1916724.7082752672,16
-1227315.3860823475,1916261.3955587398,16
-1226852.07336582,1916261.3955587398,16
-1226388.7606492927,1916261.3955587398,16
-1225925.4479327651,1916261.3955587398,16
-1225462.1352162375,1916261.3955587398,16
-1224998.8224997101,1916261.3955587398,10
-1224535.5097831825,1916261.3955587398,16
-1224072.1970666551,1916261.3955587398,16
-1223608.8843501275,1916261.3955587398,16
-1223145.5716336002,1916261.3955587398,16
-1222682.2589170726,1916261.3955587398,16
-1222218.9462005452,1916261.3955587398,16
-1221755.6334840176,1916261.3955587398,16
-1221292.3207674902,1916261.3955587398,16
-1220829.0080509626,1916261.3955587398,16
-1220365.6953344352,1916261.3955587398,16
-1219902.3826179076,1916261.3955587398,16
-1219439.0699013802,1916261.3955587398,16
-1218975.7571848526,1916261.3955587398,16
-1218512.444468325,1916261.3955587398,16
-1218049.1317517976,1916261.3955587398,16
-1217585.81903527,1916261.3955587398,16
-1217122.5063187426,1916261.3955587398,16
-1216659.193602215,1916261.3955587398,16
-1216195.8808856877,1916261.3955587398,16
-1215732.56816916,1916261.3955587398,16
-1215269.2554526327,1916261.3955587398,16
-1214805.942736105,1916261.3955587398,16
-1214342.6300195777,1916261.3955587398,16
-1213879.31730305,1916261.3955587398,16
-1213416.0045865227,1916261.3955587398,10
-1212952.691869995,1916261.3955587398,16
-1212489.3791534677,1916261.3955587398,16
-1212026.06643694,1916261.3955587398,16
-1211562.7537204125,1916261.3955587398,16
-1211099.4410038851,1916261.3955587398,10
-1210636.1282873575,1916261.3955587398,10
-1210172.8155708301,1916261.3955587398,16
-1209709.5028543025,1916261.3955587398,16
-1209246.1901377751,1916261.3955587398,16
-1208782.8774212475,1916261.3955587398,16
-1208319.5647047202,1916261.3955587398,16
-1207856.2519881926,1916261.3955587398,16
-1207392.9392716652,1916261.3955587398,16
-1206929.6265551376,1916261.3955587398,16
-1206466.3138386102,1916261.3955587398,16
-1206003.0011220826,1916261.3955587398,16
-1205539.6884055552,1916261.3955587398,16
-1205076.3756890276,1916261.3955587398,16
-1204613.0629725,1916261.3955587398,16
-1204149.7502559726,1916261.3955587398,16
-1203686.4375394452,1916261.3955587398,16
-1203223.1248229176,1916261.3955587398,16
-1202759.81210639,1916261.3955587398,16
-1202296.4993898626,1916261.3955587398,16
-1201833.186673335,1916261.3955587398,16
-1201369.8739568077,1916261.3955587398,16
-1200906.56124028,1916261.3955587398,16
-1200443.2485237527,1916261.3955587398,10
-1199979.935807225,1916261.3955587398,16
-1199516.6230906977,1916261.3955587398,16
-1199053.31037417,1916261.3955587398,16
-1198589.9976576427,1916261.3955587398,16
-1198126.684941115,1916261.3955587398,16
-1197663.3722245875,1916261.3955587398,16
-1197200.05950806,1916261.3955587398,16
-1196736.7467915327,1916261.3955587398,16
-1196273.4340750051,1916261.3955587398,16
-1195810.1213584775,1916261.3955587398,16
-1195346.8086419501,1916261.3955587398,16
-1194883.4959254225,1916261.3955587398,16
-1194420.1832088951,1916261.3955587398,16
-1193956.8704923675,1916261.3955587398,10
-1193493.5577758402,1916261.3955587398,10
-1193030.2450593126,1916261.3955587398,10
-1192566.9323427852,1916261.3955587398,10
-1192103.6196262576,1916261.3955587398,10
-1191640.3069097302,1916261.3955587398,10
-1191176.9941932026,1916261.3955587398,10
-1190713.6814766752,1916261.3955587398,10
-1190250.3687601476,1916261.3955587398,10
-1189787.0560436202,1916261.3955587398,16
-1189323.7433270926,1916261.3955587398,16
-1188860.430610565,1916261.3955587398,16
-1188397.1178940376,1916261.3955587398,16
-1187933.80517751,1916261.3955587398,16
-1187470.4924609826,1916261.3955587398,16
-1187007.179744455,1916261.3955587398,16
-1186543.8670279277,1916261.3955587398,16
-1186080.5543114,1916261.3955587398,16
-1185617.2415948727,1916261.3955587398,16
-1185153.928878345,1916261.3955587398,16
-1184690.6161618177,1916261.3955587398,16
-1184227.30344529,1916261.3955587398,16
-1183763.9907287627,1916261.3955587398,16
-1183300.678012235,1916261.3955587398,16
-1182837.3652957077,1916261.3955587398,16
-1182374.05257918,1916261.3955587398,10
-1181910.7398626525,1916261.3955587398,10
-1181447.4271461251,1916261.3955587398,10
-1180984.1144295975,1916261.3955587398,10
-1180520.8017130701,1916261.3955587398,10
-1180057.4889965425,1916261.3955587398,10
-1179594.1762800151,1916261.3955587398,16
-1179130.8635634875,1916261.3955587398,16
-1178667.5508469602,1916261.3955587398,16
-1178204.2381304326,1916261.3955587398,16
-1177740.9254139052,1916261.3955587398,16
-1177277.6126973776,1916261.3955587398,16
-1176814.2999808502,1916261.3955587398,16
-1176350.9872643226,1916261.3955587398,16
-1175887.6745477952,1916261.3955587398,16
-1175424.3618312676,1916261.3955587398,16
-1174961.04911474,1916261.3955587398,16
-1174497.7363982126,1916261.3955587398,16
-1174034.4236816852,1916261.3955587398,16
-1173571.1109651576,1916261.3955587398,16
-1173107.79824863,1916261.3955587398,16
-1172644.4855321026,1916261.3955587398,16
-1172181.172815575,1916261.3955587398,16
-1171717.8600990477,1916261.3955587398,16
-1171254.54738252,1916261.3955587398,16
-1170791.2346659927,1916261.3955587398,16
-1170327.921949465,1916261.3955587398,16
-1169864.6092329377,1916261.3955587398,16
-1169401.29651641,1916261.3955587398,16
-1168937.9837998827,1916261.3955587398,16
-1168474.671083355,1916261.3955587398,16
-1168011.3583668275,1916261.3955587398,16
-1167548.0456503,1916261.3955587398,16
-1226852.07336582,1915798.0828422122,16
-1226388.7606492927,1915798.0828422122,16
-1225925.4479327651,1915798.0828422122,16
-1225462.1352162375,1915798.0828422122,10
-1224998.8224997101,1915798.0828422122,10
-1224535.5097831825,1915798.0828422122,16
-1224072.1970666551,1915798.0828422122,16
-1223608.8843501275,1915798.0828422122,16
-1223145.5716336002,1915798.0828422122,16
-1222682.2589170726,1915798.0828422122,16
-1222218.9462005452,1915798.0828422122,16
-1221755.6334840176,1915798.0828422122,16
-1221292.3207674902,1915798.0828422122,16
-1220829.0080509626,1915798.0828422122,16
-1220365.6953344352,1915798.0828422122,16
-1219902.3826179076,1915798.0828422122,16
-1219439.0699013802,1915798.0828422122,16
-1218975.7571848526,1915798.0828422122,16
-1218512.444468325,1915798.0828422122,16
-1218049.1317517976,1915798.0828422122,16
-1217585.81903527,1915798.0828422122,16
-1217122.5063187426,1915798.0828422122,10
-1216659.193602215,1915798.0828422122,16
-1216195.8808856877,1915798.0828422122,16
-1215732.56816916,1915798.0828422122,16
-1215269.2554526327,1915798.0828422122,10
-1214805.942736105,1915798.0828422122,10
-1214342.6300195777,1915798.0828422122,10
-1213879.31730305,1915798.0828422122,10
-1213416.0045865227,1915798.0828422122,10
-1212952.691869995,1915798.0828422122,16
-1212489.3791534677,1915798.0828422122,16
-1212026.06643694,1915798.0828422122,16
-1211562.7537204125,1915798.0828422122,10
-1211099.4410038851,1915798.0828422122,10
-1210636.1282873575,1915798.0828422122,10
-1210172.8155708301,1915798.0828422122,16
-1209709.5028543025,1915798.0828422122,16
-1209246.1901377751,1915798.0828422122,16
-1208782.8774212475,1915798.0828422122,16
-1208319.5647047202,1915798.0828422122,16
-1207856.2519881926,1915798.0828422122,16
-1207392.9392716652,1915798.0828422122,16
-1206929.6265551376,1915798.0828422122,16
-1206466.3138386102,1915798.0828422122,16
-1206003.0011220826,1915798.0828422122,16
-1205539.6884055552,1915798.0828422122,16
-1205076.3756890276,1915798.0828422122,16
-1204613.0629725,1915798.0828422122,16
-1204149.7502559726,1915798.0828422122,16
-1203686.4375394452,1915798.0828422122,16
-1203223.1248229176,1915798.0828422122,16
-1202759.81210639,1915798.0828422122,16
-1202296.4993898626,1915798.0828422122,16
-1201833.186673335,1915798.0828422122,16
-1201369.8739568077,1915798.0828422122,16
-1200906.56124028,1915798.0828422122,16
-1200443.2485237527,1915798.0828422122,16
-1199979.935807225,1915798.0828422122,16
-1199516.6230906977,1915798.0828422122,16
-1199053.31037417,1915798.0828422122,16
-1198589.9976576427,1915798.0828422122,16
-1198126.684941115,1915798.0828422122,16
-1197663.3722245875,1915798.0828422122,16
-1197200.05950806,1915798.0828422122,16
-1196736.7467915327,1915798.0828422122,16
-1196273.4340750051,1915798.0828422122,16
-1195810.1213584775,1915798.0828422122,16
-1195346.8086419501,1915798.0828422122,16
-1194883.4959254225,1915798.0828422122,16
-1194420.1832088951,1915798.0828422122,16
-1193956.8704923675,1915798.0828422122,16
-1193493.5577758402,1915798.0828422122,10
-1193030.2450593126,1915798.0828422122,10
-1192566.9323427852,1915798.0828422122,10
-1192103.6196262576,1915798.0828422122,10
-1191640.3069097302,1915798.0828422122,10
-1191176.9941932026,1915798.0828422122,10
-1190713.6814766752,1915798.0828422122,10
-1190250.3687601476,1915798.0828422122,10
-1189787.0560436202,1915798.0828422122,10
-1189323.7433270926,1915798.0828422122,16
-1188860.430610565,1915798.0828422122,16
-1188397.1178940376,1915798.0828422122,16
-1187933.80517751,1915798.0828422122,16
-1187470.4924609826,1915798.0828422122,16
-1187007.179744455,1915798.0828422122,16
-1186543.8670279277,1915798.0828422122,16
-1186080.5543114,1915798.0828422122,16
-1185617.2415948727,1915798.0828422122,16
-1185153.928878345,1915798.0828422122,16
-1184690.6161618177,1915798.0828422122,16
-1184227.30344529,1915798.0828422122,16
-1183763.9907287627,1915798.0828422122,16
-1183300.678012235,1915798.0828422122,16
-1182837.3652957077,1915798.0828422122,16
-1182374.05257918,1915798.0828422122,10
-1181910.7398626525,1915798.0828422122,10
-1181447.4271461251,1915798.0828422122,10
-1180984.1144295975,1915798.0828422122,10
-1180520.8017130701,1915798.0828422122,10
-1180057.4889965425,1915798.0828422122,16
-1179594.1762800151,1915798.0828422122,16
-1179130.8635634875,1915798.0828422122,16
-1178667.5508469602,1915798.0828422122,16
-1178204.2381304326,1915798.0828422122,16
-1177740.9254139052,1915798.0828422122,16
-1177277.6126973776,1915798.0828422122,16
-1176814.2999808502,1915798.0828422122,16
-1176350.9872643226,1915798.0828422122,16
-1175887.6745477952,1915798.0828422122,16
-1175424.3618312676,1915798.0828422122,16
-1174961.04911474,1915798.0828422122,16
-1174497.7363982126,1915798.0828422122,16
-1174034.4236816852,1915798.0828422122,16
-1173571.1109651576,1915798.0828422122,16
-1173107.79824863,1915798.0828422122,16
-1172644.4855321026,1915798.0828422122,16
-1172181.172815575,1915798.0828422122,16
-1171717.8600990477,1915798.0828422122,16
-1171254.54738252,1915798.0828422122,16
-1170791.2346659927,1915798.0828422122,16
-1170327.921949465,1915798.0828422122,16
-1169864.6092329377,1915798.0828422122,16
-1169401.29651641,1915798.0828422122,16
-1168937.9837998827,1915798.0828422122,16
-1168474.671083355,1915798.0828422122,16
-1168011.3583668275,1915798.0828422122,16
-1314418.1767895175,1915334.7701256848,10
-1313954.8640729901,1915334.7701256848,10
-1313491.5513564625,1915334.7701256848,10
-1313028.2386399352,1915334.7701256848,10
-1312564.9259234075,1915334.7701256848,10
-1312101.6132068802,1915334.7701256848,10
-1311638.3004903526,1915334.7701256848,10
-1311174.9877738252,1915334.7701256848,10
-1310711.6750572976,1915334.7701256848,10
-1310248.3623407702,1915334.7701256848,16
-1309785.0496242426,1915334.7701256848,10
-1309321.7369077152,1915334.7701256848,10
-1308858.4241911876,1915334.7701256848,10
-1308395.1114746602,1915334.7701256848,10
-1307931.7987581326,1915334.7701256848,10
-1307468.486041605,1915334.7701256848,10
-1307005.1733250776,1915334.7701256848,16
-1306541.86060855,1915334.7701256848,16
-1226852.07336582,1915334.7701256848,16
-1226388.7606492927,1915334.7701256848,16
-1225925.4479327651,1915334.7701256848,16
-1225462.1352162375,1915334.7701256848,16
-1224998.8224997101,1915334.7701256848,16
-1224535.5097831825,1915334.7701256848,16
-1224072.1970666551,1915334.7701256848,16
-1223608.8843501275,1915334.7701256848,16
-1223145.5716336002,1915334.7701256848,16
-1222682.2589170726,1915334.7701256848,16
-1222218.9462005452,1915334.7701256848,16
-1221755.6334840176,1915334.7701256848,16
-1221292.3207674902,1915334.7701256848,16
-1220829.0080509626,1915334.7701256848,16
-1220365.6953344352,1915334.7701256848,16
-1219902.3826179076,1915334.7701256848,16
-1219439.0699013802,1915334.7701256848,16
-1218975.7571848526,1915334.7701256848,16
-1218512.444468325,1915334.7701256848,16
-1218049.1317517976,1915334.7701256848,16
-1217585.81903527,1915334.7701256848,10
-1217122.5063187426,1915334.7701256848,10
-1216659.193602215,1915334.7701256848,10
-1216195.8808856877,1915334.7701256848,10
-1215732.56816916,1915334.7701256848,10
-1215269.2554526327,1915334.7701256848,10
-1214805.942736105,1915334.7701256848,10
-1214342.6300195777,1915334.7701256848,10
-1213879.31730305,1915334.7701256848,10
-1213416.0045865227,1915334.7701256848,10
-1212952.691869995,1915334.7701256848,16
-1212489.3791534677,1915334.7701256848,16
-1212026.06643694,1915334.7701256848,16
-1211562.7537204125,1915334.7701256848,10
-1211099.4410038851,1915334.7701256848,10
-1210636.1282873575,1915334.7701256848,10
-1210172.8155708301,1915334.7701256848,10
-1209709.5028543025,1915334.7701256848,10
-1209246.1901377751,1915334.7701256848,10
-1208782.8774212475,1915334.7701256848,16
-1208319.5647047202,1915334.7701256848,16
-1207856.2519881926,1915334.7701256848,16
-1207392.9392716652,1915334.7701256848,16
-1206929.6265551376,1915334.7701256848,16
-1206466.3138386102,1915334.7701256848,16
-1206003.0011220826,1915334.7701256848,16
-1205539.6884055552,1915334.7701256848,16
-1205076.3756890276,1915334.7701256848,16
-1204613.0629725,1915334.7701256848,16
-1204149.7502559726,1915334.7701256848,16
-1203686.4375394452,1915334.7701256848,16
-1203223.1248229176,1915334.7701256848,16
-1202759.81210639,1915334.7701256848,16
-1202296.4993898626,1915334.7701256848,10
-1201833.186673335,1915334.7701256848,10
-1201369.8739568077,1915334.7701256848,16
-1200906.56124028,1915334.7701256848,16
-1200443.2485237527,1915334.7701256848,16
-1199979.935807225,1915334.7701256848,16
-1199516.6230906977,1915334.7701256848,10
-1199053.31037417,1915334.7701256848,16
-1198589.9976576427,1915334.7701256848,16
-1198126.684941115,1915334.7701256848,16
-1197663.3722245875,1915334.7701256848,16
-1197200.05950806,1915334.7701256848,16
-1196736.7467915327,1915334.7701256848,16
-1196273.4340750051,1915334.7701256848,16
-1195810.1213584775,1915334.7701256848,16
-1195346.8086419501,1915334.7701256848,16
-1194883.4959254225,1915334.7701256848,16
-1194420.1832088951,1915334.7701256848,16
-1193956.8704923675,1915334.7701256848,16
-1193493.5577758402,1915334.7701256848,16
-1193030.2450593126,1915334.7701256848,10
-1192566.9323427852,1915334.7701256848,10
-1192103.6196262576,1915334.7701256848,10
-1191640.3069097302,1915334.7701256848,10
-1191176.9941932026,1915334.7701256848,10
-1190713.6814766752,1915334.7701256848,10
-1190250.3687601476,1915334.7701256848,10
-1189787.0560436202,1915334.7701256848,16
-1189323.7433270926,1915334.7701256848,16
-1188860.430610565,1915334.7701256848,16
-1188397.1178940376,1915334.7701256848,16
-1187933.80517751,1915334.7701256848,16
-1187470.4924609826,1915334.7701256848,16
-1187007.179744455,1915334.7701256848,16
-1186543.8670279277,1915334.7701256848,16
-1186080.5543114,1915334.7701256848,16
-1185617.2415948727,1915334.7701256848,16
-1185153.928878345,1915334.7701256848,16
-1184690.6161618177,1915334.7701256848,16
-1184227.30344529,1915334.7701256848,16
-1183763.9907287627,1915334.7701256848,16
-1183300.678012235,1915334.7701256848,16
-1182837.3652957077,1915334.7701256848,16
-1182374.05257918,1915334.7701256848,10
-1181910.7398626525,1915334.7701256848,10
-1181447.4271461251,1915334.7701256848,10
-1180984.1144295975,1915334.7701256848,16
-1180520.8017130701,1915334.7701256848,16
-1180057.4889965425,1915334.7701256848,16
-1179594.1762800151,1915334.7701256848,16
-1179130.8635634875,1915334.7701256848,16
-1178667.5508469602,1915334.7701256848,16
-1178204.2381304326,1915334.7701256848,16
-1177740.9254139052,1915334.7701256848,10
-1177277.6126973776,1915334.7701256848,10
-1176814.2999808502,1915334.7701256848,16
-1176350.9872643226,1915334.7701256848,16
-1175887.6745477952,1915334.7701256848,16
-1175424.3618312676,1915334.7701256848,16
-1174961.04911474,1915334.7701256848,16
-1174497.7363982126,1915334.7701256848,16
-1174034.4236816852,1915334.7701256848,16
-1173571.1109651576,1915334.7701256848,16
-1173107.79824863,1915334.7701256848,16
-1172644.4855321026,1915334.7701256848,16
-1172181.172815575,1915334.7701256848,16
-1171717.8600990477,1915334.7701256848,16
-1171254.54738252,1915334.7701256848,16
-1170791.2346659927,1915334.7701256848,16
-1170327.921949465,1915334.7701256848,16
-1169864.6092329377,1915334.7701256848,16
-1169401.29651641,1915334.7701256848,16
-1168937.9837998827,1915334.7701256848,16
-1168474.671083355,1915334.7701256848,16
-1168011.3583668275,1915334.7701256848,16
-1314881.4895060451,1914871.4574091572,16
-1314418.1767895175,1914871.4574091572,16
-1313954.8640729901,1914871.4574091572,16
-1313491.5513564625,1914871.4574091572,16
-1313028.2386399352,1914871.4574091572,16
-1312564.9259234075,1914871.4574091572,16
-1312101.6132068802,1914871.4574091572,16
-1311638.3004903526,1914871.4574091572,16
-1311174.9877738252,1914871.4574091572,16
-1310711.6750572976,1914871.4574091572,16
-1310248.3623407702,1914871.4574091572,16
-1309785.0496242426,1914871.4574091572,16
-1309321.7369077152,1914871.4574091572,16
-1308858.4241911876,1914871.4574091572,16
-1308395.1114746602,1914871.4574091572,10
-1307931.7987581326,1914871.4574091572,10
-1307468.486041605,1914871.4574091572,10
-1307005.1733250776,1914871.4574091572,10
-1306541.86060855,1914871.4574091572,16
-1306078.5478920226,1914871.4574091572,16
-1305615.235175495,1914871.4574091572,16
-1305151.9224589677,1914871.4574091572,16
-1304688.60974244,1914871.4574091572,16
-1304225.2970259127,1914871.4574091572,16
-1226852.07336582,1914871.4574091572,16
-1226388.7606492927,1914871.4574091572,16
-1225925.4479327651,1914871.4574091572,16
-1225462.1352162375,1914871.4574091572,16
-1224998.8224997101,1914871.4574091572,16
-1224535.5097831825,1914871.4574091572,16
-1224072.1970666551,1914871.4574091572,16
-1223608.8843501275,1914871.4574091572,16
-1223145.5716336002,1914871.4574091572,16
-1222682.2589170726,1914871.4574091572,16
-1222218.9462005452,1914871.4574091572,16
-1221755.6334840176,1914871.4574091572,16
-1221292.3207674902,1914871.4574091572,16
-1220829.0080509626,1914871.4574091572,16
-1220365.6953344352,1914871.4574091572,16
-1219902.3826179076,1914871.4574091572,16
-1219439.0699013802,1914871.4574091572,16
-1218975.7571848526,1914871.4574091572,16
-1218512.444468325,1914871.4574091572,16
-1218049.1317517976,1914871.4574091572,10
-1217585.81903527,1914871.4574091572,10
-1217122.5063187426,1914871.4574091572,10
-1216659.193602215,1914871.4574091572,10
-1216195.8808856877,1914871.4574091572,10
-1215732.56816916,1914871.4574091572,10
-1215269.2554526327,1914871.4574091572,10
-1214805.942736105,1914871.4574091572,10
-1214342.6300195777,1914871.4574091572,10
-1213879.31730305,1914871.4574091572,10
-1213416.0045865227,1914871.4574091572,16
-1212952.691869995,1914871.4574091572,16
-1212489.3791534677,1914871.4574091572,16
-1212026.06643694,1914871.4574091572,16
-1211562.7537204125,1914871.4574091572,10
-1211099.4410038851,1914871.4574091572,10
-1210636.1282873575,1914871.4574091572,10
-1210172.8155708301,1914871.4574091572,10
-1209709.5028543025,1914871.4574091572,10
-1209246.1901377751,1914871.4574091572,10
-1208782.8774212475,1914871.4574091572,16
-1208319.5647047202,1914871.4574091572,16
-1207856.2519881926,1914871.4574091572,16
-1207392.9392716652,1914871.4574091572,16
-1206929.6265551376,1914871.4574091572,16
-1206466.3138386102,1914871.4574091572,16
-1206003.0011220826,1914871.4574091572,16
-1205539.6884055552,1914871.4574091572,16
-1205076.3756890276,1914871.4574091572,16
-1204613.0629725,1914871.4574091572,16
-1204149.7502559726,1914871.4574091572,16
-1203686.4375394452,1914871.4574091572,16
-1203223.1248229176,1914871.4574091572,16
-1202759.81210639,1914871.4574091572,16
-1202296.4993898626,1914871.4574091572,16
-1201833.186673335,1914871.4574091572,10
-1201369.8739568077,1914871.4574091572,10
-1200906.56124028,1914871.4574091572,10
-1200443.2485237527,1914871.4574091572,10
-1199979.935807225,1914871.4574091572,16
-1199516.6230906977,1914871.4574091572,16
-1199053.31037417,1914871.4574091572,16
-1198589.9976576427,1914871.4574091572,16
-1198126.684941115,1914871.4574091572,16
-1197663.3722245875,1914871.4574091572,16
-1197200.05950806,1914871.4574091572,10
-1196736.7467915327,1914871.4574091572,10
-1196273.4340750051,1914871.4574091572,16
-1195810.1213584775,1914871.4574091572,16
-1195346.8086419501,1914871.4574091572,16
-1194883.4959254225,1914871.4574091572,10
-1194420.1832088951,1914871.4574091572,10
-1193956.8704923675,1914871.4574091572,16
-1193493.5577758402,1914871.4574091572,16
-1193030.2450593126,1914871.4574091572,16
-1192566.9323427852,1914871.4574091572,10
-1192103.6196262576,1914871.4574091572,10
-1191640.3069097302,1914871.4574091572,10
-1191176.9941932026,1914871.4574091572,10
-1190713.6814766752,1914871.4574091572,10
-1190250.3687601476,1914871.4574091572,10
-1189787.0560436202,1914871.4574091572,10
-1189323.7433270926,1914871.4574091572,16
-1188860.430610565,1914871.4574091572,16
-1188397.1178940376,1914871.4574091572,16
-1187933.80517751,1914871.4574091572,16
-1187470.4924609826,1914871.4574091572,16
-1187007.179744455,1914871.4574091572,16
-1186543.8670279277,1914871.4574091572,10
-1186080.5543114,1914871.4574091572,10
-1185617.2415948727,1914871.4574091572,10
-1185153.928878345,1914871.4574091572,16
-1184690.6161618177,1914871.4574091572,16
-1184227.30344529,1914871.4574091572,16
-1183763.9907287627,1914871.4574091572,16
-1183300.678012235,1914871.4574091572,16
-1182837.3652957077,1914871.4574091572,16
-1182374.05257918,1914871.4574091572,10
-1181910.7398626525,1914871.4574091572,10
-1181447.4271461251,1914871.4574091572,10
-1180984.1144295975,1914871.4574091572,10
-1180520.8017130701,1914871.4574091572,10
-1180057.4889965425,1914871.4574091572,16
-1179594.1762800151,1914871.4574091572,16
-1179130.8635634875,1914871.4574091572,16
-1178667.5508469602,1914871.4574091572,16
-1178204.2381304326,1914871.4574091572,16
-1177740.9254139052,1914871.4574091572,10
-1177277.6126973776,1914871.4574091572,10
-1176814.2999808502,1914871.4574091572,16
-1176350.9872643226,1914871.4574091572,16
-1175887.6745477952,1914871.4574091572,16
-1175424.3618312676,1914871.4574091572,16
-1174961.04911474,1914871.4574091572,16
-1174497.7363982126,1914871.4574091572,16
-1174034.4236816852,1914871.4574091572,16
-1173571.1109651576,1914871.4574091572,16
-1173107.79824863,1914871.4574091572,16
-1172644.4855321026,1914871.4574091572,16
-1172181.172815575,1914871.4574091572,16
-1171717.8600990477,1914871.4574091572,16
-1171254.54738252,1914871.4574091572,16
-1170791.2346659927,1914871.4574091572,16
-1170327.921949465,1914871.4574091572,16
-1169864.6092329377,1914871.4574091572,16
-1169401.29651641,1914871.4574091572,16
-1168937.9837998827,1914871.4574091572,16
-1168474.671083355,1914871.4574091572,16
-1168011.3583668275,1914871.4574091572,16
-1316271.4276556277,1914408.1446926298,16
-1315808.1149391,1914408.1446926298,16
-1315344.8022225727,1914408.1446926298,16
-1314881.4895060451,1914408.1446926298,16
-1314418.1767895175,1914408.1446926298,16
-1313954.8640729901,1914408.1446926298,16
-1313491.5513564625,1914408.1446926298,16
-1313028.2386399352,1914408.1446926298,16
-1312564.9259234075,1914408.1446926298,16
-1312101.6132068802,1914408.1446926298,16
-1311638.3004903526,1914408.1446926298,16
-1311174.9877738252,1914408.1446926298,16
-1310711.6750572976,1914408.1446926298,16
-1310248.3623407702,1914408.1446926298,16
-1309785.0496242426,1914408.1446926298,16
-1309321.7369077152,1914408.1446926298,16
-1308858.4241911876,1914408.1446926298,16
-1308395.1114746602,1914408.1446926298,16
-1307931.7987581326,1914408.1446926298,10
-1307468.486041605,1914408.1446926298,10
-1307005.1733250776,1914408.1446926298,10
-1306541.86060855,1914408.1446926298,16
-1306078.5478920226,1914408.1446926298,16
-1305615.235175495,1914408.1446926298,16
-1305151.9224589677,1914408.1446926298,16
-1304688.60974244,1914408.1446926298,16
-1304225.2970259127,1914408.1446926298,16
-1303761.984309385,1914408.1446926298,16
-1303298.6715928577,1914408.1446926298,16
-1226388.7606492927,1914408.1446926298,16
-1225925.4479327651,1914408.1446926298,16
-1225462.1352162375,1914408.1446926298,16
-1224998.8224997101,1914408.1446926298,16
-1224535.5097831825,1914408.1446926298,16
-1224072.1970666551,1914408.1446926298,16
-1223608.8843501275,1914408.1446926298,16
-1223145.5716336002,1914408.1446926298,16
-1222682.2589170726,1914408.1446926298,10
-1222218.9462005452,1914408.1446926298,10
-1221755.6334840176,1914408.1446926298,10
-1221292.3207674902,1914408.1446926298,16
-1220829.0080509626,1914408.1446926298,16
-1220365.6953344352,1914408.1446926298,16
-1219902.3826179076,1914408.1446926298,16
-1219439.0699013802,1914408.1446926298,16
-1218975.7571848526,1914408.1446926298,16
-1218512.444468325,1914408.1446926298,16
-1218049.1317517976,1914408.1446926298,10
-1217585.81903527,1914408.1446926298,10
-1217122.5063187426,1914408.1446926298,10
-1216659.193602215,1914408.1446926298,10
-1216195.8808856877,1914408.1446926298,10
-1215732.56816916,1914408.1446926298,10
-1215269.2554526327,1914408.1446926298,10
-1214805.942736105,1914408.1446926298,10
-1214342.6300195777,1914408.1446926298,10
-1213879.31730305,1914408.1446926298,16
-1213416.0045865227,1914408.1446926298,16
-1212952.691869995,1914408.1446926298,16
-1212489.3791534677,1914408.1446926298,16
-1212026.06643694,1914408.1446926298,16
-1211562.7537204125,1914408.1446926298,16
-1211099.4410038851,1914408.1446926298,16
-1210636.1282873575,1914408.1446926298,10
-1210172.8155708301,1914408.1446926298,10
-1209709.5028543025,1914408.1446926298,10
-1209246.1901377751,1914408.1446926298,10
-1208782.8774212475,1914408.1446926298,16
-1208319.5647047202,1914408.1446926298,16
-1207856.2519881926,1914408.1446926298,16
-1207392.9392716652,1914408.1446926298,16
-1206929.6265551376,1914408.1446926298,16
-1206466.3138386102,1914408.1446926298,16
-1206003.0011220826,1914408.1446926298,16
-1205539.6884055552,1914408.1446926298,16
-1205076.3756890276,1914408.1446926298,16
-1204613.0629725,1914408.1446926298,16
-1204149.7502559726,1914408.1446926298,16
-1203686.4375394452,1914408.1446926298,16
-1203223.1248229176,1914408.1446926298,16
-1202759.81210639,1914408.1446926298,16
-1202296.4993898626,1914408.1446926298,16
-1201833.186673335,1914408.1446926298,16
-1201369.8739568077,1914408.1446926298,10
-1200906.56124028,1914408.1446926298,10
-1200443.2485237527,1914408.1446926298,10
-1199979.935807225,1914408.1446926298,10
-1199516.6230906977,1914408.1446926298,16
-1199053.31037417,1914408.1446926298,16
-1198589.9976576427,1914408.1446926298,16
-1198126.684941115,1914408.1446926298,16
-1197663.3722245875,1914408.1446926298,16
-1197200.05950806,1914408.1446926298,10
-1196736.7467915327,1914408.1446926298,10
-1196273.4340750051,1914408.1446926298,16
-1195810.1213584775,1914408.1446926298,16
-1195346.8086419501,1914408.1446926298,16
-1194883.4959254225,1914408.1446926298,10
-1194420.1832088951,1914408.1446926298,10
-1193956.8704923675,1914408.1446926298,10
-1193493.5577758402,1914408.1446926298,16
-1193030.2450593126,1914408.1446926298,16
-1192566.9323427852,1914408.1446926298,16
-1192103.6196262576,1914408.1446926298,16
-1191640.3069097302,1914408.1446926298,16
-1191176.9941932026,1914408.1446926298,10
-1190713.6814766752,1914408.1446926298,10
-1190250.3687601476,1914408.1446926298,10
-1189787.0560436202,1914408.1446926298,10
-1189323.7433270926,1914408.1446926298,10
-1188860.430610565,1914408.1446926298,16
-1188397.1178940376,1914408.1446926298,16
-1187933.80517751,1914408.1446926298,16
-1187470.4924609826,1914408.1446926298,16
-1187007.179744455,1914408.1446926298,10
-1186543.8670279277,1914408.1446926298,10
-1186080.5543114,1914408.1446926298,10
-1185617.2415948727,1914408.1446926298,10
-1185153.928878345,1914408.1446926298,10
-1184690.6161618177,1914408.1446926298,10
-1184227.30344529,1914408.1446926298,16
-1183763.9907287627,1914408.1446926298,16
-1183300.678012235,1914408.1446926298,16
-1182837.3652957077,1914408.1446926298,16
-1182374.05257918,1914408.1446926298,10
-1181910.7398626525,1914408.1446926298,10
-1181447.4271461251,1914408.1446926298,10
-1180984.1144295975,1914408.1446926298,10
-1180520.8017130701,1914408.1446926298,10
-1180057.4889965425,1914408.1446926298,10
-1179594.1762800151,1914408.1446926298,16
-1179130.8635634875,1914408.1446926298,16
-1178667.5508469602,1914408.1446926298,16
-1178204.2381304326,1914408.1446926298,16
-1177740.9254139052,1914408.1446926298,10
-1177277.6126973776,1914408.1446926298,10
-1176814.2999808502,1914408.1446926298,16
-1176350.9872643226,1914408.1446926298,16
-1175887.6745477952,1914408.1446926298,16
-1175424.3618312676,1914408.1446926298,16
-1174961.04911474,1914408.1446926298,16
-1174497.7363982126,1914408.1446926298,16
-1174034.4236816852,1914408.1446926298,16
-1173571.1109651576,1914408.1446926298,16
-1173107.79824863,1914408.1446926298,16
-1172644.4855321026,1914408.1446926298,16
-1172181.172815575,1914408.1446926298,16
-1171717.8600990477,1914408.1446926298,16
-1171254.54738252,1914408.1446926298,16
-1170791.2346659927,1914408.1446926298,16
-1170327.921949465,1914408.1446926298,16
-1169864.6092329377,1914408.1446926298,16
-1169401.29651641,1914408.1446926298,16
-1168937.9837998827,1914408.1446926298,16
-1168474.671083355,1914408.1446926298,16
-1317661.36580521,1913944.8319761022,16
-1317198.0530886827,1913944.8319761022,16
-1316734.740372155,1913944.8319761022,16
-1316271.4276556277,1913944.8319761022,16
-1315808.1149391,1913944.8319761022,16
-1315344.8022225727,1913944.8319761022,16
-1314881.4895060451,1913944.8319761022,16
-1314418.1767895175,1913944.8319761022,16
-1313954.8640729901,1913944.8319761022,16
-1313491.5513564625,1913944.8319761022,16
-1313028.2386399352,1913944.8319761022,16
-1312564.9259234075,1913944.8319761022,16
-1312101.6132068802,1913944.8319761022,16
-1311638.3004903526,1913944.8319761022,16
-1311174.9877738252,1913944.8319761022,16
-1310711.6750572976,1913944.8319761022,16
-1310248.3623407702,1913944.8319761022,16
-1309785.0496242426,1913944.8319761022,16
-1309321.7369077152,1913944.8319761022,16
-1308858.4241911876,1913944.8319761022,16
-1308395.1114746602,1913944.8319761022,16
-1307931.7987581326,1913944.8319761022,16
-1307468.486041605,1913944.8319761022,16
-1307005.1733250776,1913944.8319761022,10
-1306541.86060855,1913944.8319761022,10
-1306078.5478920226,1913944.8319761022,16
-1305615.235175495,1913944.8319761022,16
-1305151.9224589677,1913944.8319761022,16
-1304688.60974244,1913944.8319761022,16
-1304225.2970259127,1913944.8319761022,16
-1303761.984309385,1913944.8319761022,16
-1303298.6715928577,1913944.8319761022,16
-1302835.35887633,1913944.8319761022,10
-1226388.7606492927,1913944.8319761022,16
-1225925.4479327651,1913944.8319761022,16
-1225462.1352162375,1913944.8319761022,16
-1224998.8224997101,1913944.8319761022,16
-1224535.5097831825,1913944.8319761022,16
-1224072.1970666551,1913944.8319761022,16
-1223608.8843501275,1913944.8319761022,16
-1223145.5716336002,1913944.8319761022,16
-1222682.2589170726,1913944.8319761022,16
-1222218.9462005452,1913944.8319761022,10
-1221755.6334840176,1913944.8319761022,16
-1221292.3207674902,1913944.8319761022,16
-1220829.0080509626,1913944.8319761022,16
-1220365.6953344352,1913944.8319761022,16
-1219902.3826179076,1913944.8319761022,10
-1219439.0699013802,1913944.8319761022,10
-1218975.7571848526,1913944.8319761022,16
-1218512.444468325,1913944.8319761022,16
-1218049.1317517976,1913944.8319761022,16
-1217585.81903527,1913944.8319761022,10
-1217122.5063187426,1913944.8319761022,10
-1216659.193602215,1913944.8319761022,10
-1216195.8808856877,1913944.8319761022,10
-1215732.56816916,1913944.8319761022,10
-1215269.2554526327,1913944.8319761022,10
-1214805.942736105,1913944.8319761022,10
-1214342.6300195777,1913944.8319761022,10
-1213879.31730305,1913944.8319761022,16
-1213416.0045865227,1913944.8319761022,16
-1212952.691869995,1913944.8319761022,16
-1212489.3791534677,1913944.8319761022,16
-1212026.06643694,1913944.8319761022,16
-1211562.7537204125,1913944.8319761022,16
-1211099.4410038851,1913944.8319761022,16
-1210636.1282873575,1913944.8319761022,16
-1210172.8155708301,1913944.8319761022,16
-1209709.5028543025,1913944.8319761022,16
-1209246.1901377751,1913944.8319761022,16
-1208782.8774212475,1913944.8319761022,16
-1208319.5647047202,1913944.8319761022,16
-1207856.2519881926,1913944.8319761022,16
-1207392.9392716652,1913944.8319761022,16
-1206929.6265551376,1913944.8319761022,16
-1206466.3138386102,1913944.8319761022,16
-1206003.0011220826,1913944.8319761022,16
-1205539.6884055552,1913944.8319761022,16
-1205076.3756890276,1913944.8319761022,16
-1204613.0629725,1913944.8319761022,16
-1204149.7502559726,1913944.8319761022,16
-1203686.4375394452,1913944.8319761022,16
-1203223.1248229176,1913944.8319761022,16
-1202759.81210639,1913944.8319761022,16
-1202296.4993898626,1913944.8319761022,16
-1201833.186673335,1913944.8319761022,16
-1201369.8739568077,1913944.8319761022,10
-1200906.56124028,1913944.8319761022,10
-1200443.2485237527,1913944.8319761022,10
-1199979.935807225,1913944.8319761022,10
-1199516.6230906977,1913944.8319761022,10
-1199053.31037417,1913944.8319761022,10
-1198589.9976576427,1913944.8319761022,16
-1198126.684941115,1913944.8319761022,16
-1197663.3722245875,1913944.8319761022,10
-1197200.05950806,1913944.8319761022,10
-1196736.7467915327,1913944.8319761022,10
-1196273.4340750051,1913944.8319761022,16
-1195810.1213584775,1913944.8319761022,16
-1195346.8086419501,1913944.8319761022,16
-1194883.4959254225,1913944.8319761022,10
-1194420.1832088951,1913944.8319761022,10
-1193956.8704923675,1913944.8319761022,10
-1193493.5577758402,1913944.8319761022,10
-1193030.2450593126,1913944.8319761022,10
-1192566.9323427852,1913944.8319761022,16
-1192103.6196262576,1913944.8319761022,16
-1191640.3069097302,1913944.8319761022,16
-1191176.9941932026,1913944.8319761022,16
-1190713.6814766752,1913944.8319761022,10
-1190250.3687601476,1913944.8319761022,10
-1189787.0560436202,1913944.8319761022,10
-1189323.7433270926,1913944.8319761022,10
-1188860.430610565,1913944.8319761022,10
-1188397.1178940376,1913944.8319761022,16
-1187933.80517751,1913944.8319761022,16
-1187470.4924609826,1913944.8319761022,16
-1187007.179744455,1913944.8319761022,16
-1186543.8670279277,1913944.8319761022,10
-1186080.5543114,1913944.8319761022,10
-1185617.2415948727,1913944.8319761022,10
-1185153.928878345,1913944.8319761022,10
-1184690.6161618177,1913944.8319761022,10
-1184227.30344529,1913944.8319761022,16
-1183763.9907287627,1913944.8319761022,16
-1183300.678012235,1913944.8319761022,16
-1182837.3652957077,1913944.8319761022,16
-1182374.05257918,1913944.8319761022,10
-1181910.7398626525,1913944.8319761022,10
-1181447.4271461251,1913944.8319761022,16
-1180984.1144295975,1913944.8319761022,16
-1180520.8017130701,1913944.8319761022,16
-1180057.4889965425,1913944.8319761022,16
-1179594.1762800151,1913944.8319761022,10
-1179130.8635634875,1913944.8319761022,10
-1178667.5508469602,1913944.8319761022,10
-1178204.2381304326,1913944.8319761022,10
-1177740.9254139052,1913944.8319761022,10
-1177277.6126973776,1913944.8319761022,10
-1176814.2999808502,1913944.8319761022,16
-1176350.9872643226,1913944.8319761022,16
-1175887.6745477952,1913944.8319761022,16
-1175424.3618312676,1913944.8319761022,16
-1174961.04911474,1913944.8319761022,16
-1174497.7363982126,1913944.8319761022,16
-1174034.4236816852,1913944.8319761022,16
-1173571.1109651576,1913944.8319761022,16
-1173107.79824863,1913944.8319761022,16
-1172644.4855321026,1913944.8319761022,16
-1172181.172815575,1913944.8319761022,16
-1171717.8600990477,1913944.8319761022,16
-1171254.54738252,1913944.8319761022,16
-1170791.2346659927,1913944.8319761022,16
-1170327.921949465,1913944.8319761022,16
-1169864.6092329377,1913944.8319761022,16
-1169401.29651641,1913944.8319761022,16
-1168937.9837998827,1913944.8319761022,16
-1168474.671083355,1913944.8319761022,16
-1318124.6785217377,1913481.5192595748,16
-1317661.36580521,1913481.5192595748,16
-1317198.0530886827,1913481.5192595748,16
-1316734.740372155,1913481.5192595748,16
-1316271.4276556277,1913481.5192595748,10
-1315808.1149391,1913481.5192595748,16
-1315344.8022225727,1913481.5192595748,16
-1314881.4895060451,1913481.5192595748,16
-1314418.1767895175,1913481.5192595748,16
-1313954.8640729901,1913481.5192595748,16
-1313491.5513564625,1913481.5192595748,16
-1313028.2386399352,1913481.5192595748,16
-1312564.9259234075,1913481.5192595748,16
-1312101.6132068802,1913481.5192595748,16
-1311638.3004903526,1913481.5192595748,16
-1311174.9877738252,1913481.5192595748,16
-1310711.6750572976,1913481.5192595748,16
-1310248.3623407702,1913481.5192595748,16
-1309785.0496242426,1913481.5192595748,16
-1309321.7369077152,1913481.5192595748,16
-1308858.4241911876,1913481.5192595748,16
-1308395.1114746602,1913481.5192595748,16
-1307931.7987581326,1913481.5192595748,16
-1307468.486041605,1913481.5192595748,16
-1307005.1733250776,1913481.5192595748,16
-1306541.86060855,1913481.5192595748,16
-1306078.5478920226,1913481.5192595748,16
-1305615.235175495,1913481.5192595748,10
-1305151.9224589677,1913481.5192595748,10
-1304688.60974244,1913481.5192595748,16
-1304225.2970259127,1913481.5192595748,16
-1303761.984309385,1913481.5192595748,16
-1303298.6715928577,1913481.5192595748,16
-1302835.35887633,1913481.5192595748,16
-1302372.0461598027,1913481.5192595748,16
-1225925.4479327651,1913481.5192595748,16
-1225462.1352162375,1913481.5192595748,16
-1224998.8224997101,1913481.5192595748,16
-1224535.5097831825,1913481.5192595748,16
-1224072.1970666551,1913481.5192595748,16
-1223608.8843501275,1913481.5192595748,16
-1223145.5716336002,1913481.5192595748,16
-1222682.2589170726,1913481.5192595748,16
-1222218.9462005452,1913481.5192595748,16
-1221755.6334840176,1913481.5192595748,16
-1221292.3207674902,1913481.5192595748,16
-1220829.0080509626,1913481.5192595748,16
-1220365.6953344352,1913481.5192595748,16
-1219902.3826179076,1913481.5192595748,10
-1219439.0699013802,1913481.5192595748,10
-1218975.7571848526,1913481.5192595748,16
-1218512.444468325,1913481.5192595748,16
-1218049.1317517976,1913481.5192595748,10
-1217585.81903527,1913481.5192595748,10
-1217122.5063187426,1913481.5192595748,10
-1216659.193602215,1913481.5192595748,10
-1216195.8808856877,1913481.5192595748,10
-1215732.56816916,1913481.5192595748,10
-1215269.2554526327,1913481.5192595748,10
-1214805.942736105,1913481.5192595748,10
-1214342.6300195777,1913481.5192595748,16
-1213879.31730305,1913481.5192595748,16
-1213416.0045865227,1913481.5192595748,16
-1212952.691869995,1913481.5192595748,16
-1212489.3791534677,1913481.5192595748,16
-1212026.06643694,1913481.5192595748,16
-1211562.7537204125,1913481.5192595748,16
-1211099.4410038851,1913481.5192595748,16
-1210636.1282873575,1913481.5192595748,16
-1210172.8155708301,1913481.5192595748,16
-1209709.5028543025,1913481.5192595748,16
-1209246.1901377751,1913481.5192595748,16
-1208782.8774212475,1913481.5192595748,16
-1208319.5647047202,1913481.5192595748,16
-1207856.2519881926,1913481.5192595748,16
-1207392.9392716652,1913481.5192595748,16
-1206929.6265551376,1913481.5192595748,16
-1206466.3138386102,1913481.5192595748,16
-1206003.0011220826,1913481.5192595748,16
-1205539.6884055552,1913481.5192595748,16
-1205076.3756890276,1913481.5192595748,16
-1204613.0629725,1913481.5192595748,16
-1204149.7502559726,1913481.5192595748,16
-1203686.4375394452,1913481.5192595748,16
-1203223.1248229176,1913481.5192595748,16
-1202759.81210639,1913481.5192595748,16
-1202296.4993898626,1913481.5192595748,16
-1201833.186673335,1913481.5192595748,16
-1201369.8739568077,1913481.5192595748,10
-1200906.56124028,1913481.5192595748,10
-1200443.2485237527,1913481.5192595748,10
-1199979.935807225,1913481.5192595748,10
-1199516.6230906977,1913481.5192595748,10
-1199053.31037417,1913481.5192595748,10
-1198589.9976576427,1913481.5192595748,10
-1198126.684941115,1913481.5192595748,10
-1197663.3722245875,1913481.5192595748,10
-1197200.05950806,1913481.5192595748,10
-1196736.7467915327,1913481.5192595748,16
-1196273.4340750051,1913481.5192595748,16
-1195810.1213584775,1913481.5192595748,16
-1195346.8086419501,1913481.5192595748,16
-1194883.4959254225,1913481.5192595748,10
-1194420.1832088951,1913481.5192595748,10
-1193956.8704923675,1913481.5192595748,16
-1193493.5577758402,1913481.5192595748,10
-1193030.2450593126,1913481.5192595748,10
-1192566.9323427852,1913481.5192595748,10
-1192103.6196262576,1913481.5192595748,16
-1191640.3069097302,1913481.5192595748,16
-1191176.9941932026,1913481.5192595748,10
-1190713.6814766752,1913481.5192595748,10
-1190250.3687601476,1913481.5192595748,10
-1189787.0560436202,1913481.5192595748,10
-1189323.7433270926,1913481.5192595748,10
-1188860.430610565,1913481.5192595748,10
-1188397.1178940376,1913481.5192595748,10
-1187933.80517751,1913481.5192595748,16
-1187470.4924609826,1913481.5192595748,16
-1187007.179744455,1913481.5192595748,16
-1186543.8670279277,1913481.5192595748,10
-1186080.5543114,1913481.5192595748,10
-1185617.2415948727,1913481.5192595748,10
-1185153.928878345,1913481.5192595748,10
-1184690.6161618177,1913481.5192595748,16
-1184227.30344529,1913481.5192595748,16
-1183763.9907287627,1913481.5192595748,16
-1183300.678012235,1913481.5192595748,16
-1182837.3652957077,1913481.5192595748,10
-1182374.05257918,1913481.5192595748,10
-1181910.7398626525,1913481.5192595748,10
-1181447.4271461251,1913481.5192595748,16
-1180984.1144295975,1913481.5192595748,16
-1180520.8017130701,1913481.5192595748,16
-1180057.4889965425,1913481.5192595748,16
-1179594.1762800151,1913481.5192595748,10
-1179130.8635634875,1913481.5192595748,10
-1178667.5508469602,1913481.5192595748,10
-1178204.2381304326,1913481.5192595748,10
-1177740.9254139052,1913481.5192595748,10
-1177277.6126973776,1913481.5192595748,10
-1176814.2999808502,1913481.5192595748,10
-1176350.9872643226,1913481.5192595748,16
-1175887.6745477952,1913481.5192595748,16
-1175424.3618312676,1913481.5192595748,16
-1174961.04911474,1913481.5192595748,16
-1174497.7363982126,1913481.5192595748,16
-1174034.4236816852,1913481.5192595748,16
-1173571.1109651576,1913481.5192595748,16
-1173107.79824863,1913481.5192595748,16
-1172644.4855321026,1913481.5192595748,16
-1172181.172815575,1913481.5192595748,16
-1171717.8600990477,1913481.5192595748,16
-1171254.54738252,1913481.5192595748,16
-1170791.2346659927,1913481.5192595748,16
-1170327.921949465,1913481.5192595748,16
-1169864.6092329377,1913481.5192595748,16
-1169401.29651641,1913481.5192595748,16
-1168937.9837998827,1913481.5192595748,16
-1168474.671083355,1913481.5192595748,16
-1319051.3039547927,1913018.2065430472,10
-1318587.991238265,1913018.2065430472,16
-1318124.6785217377,1913018.2065430472,16
-1317661.36580521,1913018.2065430472,16
-1317198.0530886827,1913018.2065430472,16
-1316734.740372155,1913018.2065430472,16
-1316271.4276556277,1913018.2065430472,10
-1315808.1149391,1913018.2065430472,16
-1315344.8022225727,1913018.2065430472,16
-1314881.4895060451,1913018.2065430472,16
-1314418.1767895175,1913018.2065430472,16
-1313954.8640729901,1913018.2065430472,16
-1313491.5513564625,1913018.2065430472,16
-1313028.2386399352,1913018.2065430472,16
-1312564.9259234075,1913018.2065430472,16
-1312101.6132068802,1913018.2065430472,16
-1311638.3004903526,1913018.2065430472,16
-1311174.9877738252,1913018.2065430472,16
-1310711.6750572976,1913018.2065430472,16
-1310248.3623407702,1913018.2065430472,16
-1309785.0496242426,1913018.2065430472,16
-1309321.7369077152,1913018.2065430472,16
-1308858.4241911876,1913018.2065430472,16
-1308395.1114746602,1913018.2065430472,16
-1307931.7987581326,1913018.2065430472,16
-1307468.486041605,1913018.2065430472,16
-1307005.1733250776,1913018.2065430472,16
-1306541.86060855,1913018.2065430472,16
-1306078.5478920226,1913018.2065430472,16
-1305615.235175495,1913018.2065430472,10
-1305151.9224589677,1913018.2065430472,10
-1304688.60974244,1913018.2065430472,16
-1304225.2970259127,1913018.2065430472,16
-1303761.984309385,1913018.2065430472,16
-1303298.6715928577,1913018.2065430472,16
-1302835.35887633,1913018.2065430472,16
-1302372.0461598027,1913018.2065430472,16
-1301908.733443275,1913018.2065430472,16
-1225925.4479327651,1913018.2065430472,16
-1225462.1352162375,1913018.2065430472,16
-1224998.8224997101,1913018.2065430472,16
-1224535.5097831825,1913018.2065430472,16
-1224072.1970666551,1913018.2065430472,16
-1223608.8843501275,1913018.2065430472,16
-1223145.5716336002,1913018.2065430472,16
-1222682.2589170726,1913018.2065430472,16
-1222218.9462005452,1913018.2065430472,16
-1221755.6334840176,1913018.2065430472,16
-1221292.3207674902,1913018.2065430472,16
-1220829.0080509626,1913018.2065430472,16
-1220365.6953344352,1913018.2065430472,16
-1219902.3826179076,1913018.2065430472,10
-1219439.0699013802,1913018.2065430472,10
-1218975.7571848526,1913018.2065430472,10
-1218512.444468325,1913018.2065430472,10
-1218049.1317517976,1913018.2065430472,10
-1217585.81903527,1913018.2065430472,10
-1217122.5063187426,1913018.2065430472,10
-1216659.193602215,1913018.2065430472,10
-1216195.8808856877,1913018.2065430472,10
-1215732.56816916,1913018.2065430472,10
-1215269.2554526327,1913018.2065430472,10
-1214805.942736105,1913018.2065430472,10
-1214342.6300195777,1913018.2065430472,16
-1213879.31730305,1913018.2065430472,16
-1213416.0045865227,1913018.2065430472,16
-1212952.691869995,1913018.2065430472,16
-1212489.3791534677,1913018.2065430472,16
-1212026.06643694,1913018.2065430472,16
-1211562.7537204125,1913018.2065430472,16
-1211099.4410038851,1913018.2065430472,16
-1210636.1282873575,1913018.2065430472,16
-1210172.8155708301,1913018.2065430472,16
-1209709.5028543025,1913018.2065430472,16
-1209246.1901377751,1913018.2065430472,16
-1208782.8774212475,1913018.2065430472,16
-1208319.5647047202,1913018.2065430472,16
-1207856.2519881926,1913018.2065430472,16
-1207392.9392716652,1913018.2065430472,16
-1206929.6265551376,1913018.2065430472,16
-1206466.3138386102,1913018.2065430472,16
-1206003.0011220826,1913018.2065430472,16
-1205539.6884055552,1913018.2065430472,16
-1205076.3756890276,1913018.2065430472,16
-1204613.0629725,1913018.2065430472,16
-1204149.7502559726,1913018.2065430472,16
-1203686.4375394452,1913018.2065430472,16
-1203223.1248229176,1913018.2065430472,16
-1202759.81210639,1913018.2065430472,16
-1202296.4993898626,1913018.2065430472,16
-1201833.186673335,1913018.2065430472,16
-1201369.8739568077,1913018.2065430472,10
-1200906.56124028,1913018.2065430472,10
-1200443.2485237527,1913018.2065430472,10
-1199979.935807225,1913018.2065430472,10
-1199516.6230906977,1913018.2065430472,10
-1199053.31037417,1913018.2065430472,10
-1198589.9976576427,1913018.2065430472,10
-1198126.684941115,1913018.2065430472,10
-1197663.3722245875,1913018.2065430472,10
-1197200.05950806,1913018.2065430472,10
-1196736.7467915327,1913018.2065430472,16
-1196273.4340750051,1913018.2065430472,16
-1195810.1213584775,1913018.2065430472,10
-1195346.8086419501,1913018.2065430472,10
-1194883.4959254225,1913018.2065430472,10
-1194420.1832088951,1913018.2065430472,10
-1193956.8704923675,1913018.2065430472,16
-1193493.5577758402,1913018.2065430472,16
-1193030.2450593126,1913018.2065430472,16
-1192566.9323427852,1913018.2065430472,10
-1192103.6196262576,1913018.2065430472,10
-1191640.3069097302,1913018.2065430472,16
-1191176.9941932026,1913018.2065430472,10
-1190713.6814766752,1913018.2065430472,10
-1190250.3687601476,1913018.2065430472,10
-1189787.0560436202,1913018.2065430472,10
-1189323.7433270926,1913018.2065430472,10
-1188860.430610565,1913018.2065430472,16
-1188397.1178940376,1913018.2065430472,16
-1187933.80517751,1913018.2065430472,16
-1187470.4924609826,1913018.2065430472,16
-1187007.179744455,1913018.2065430472,16
-1186543.8670279277,1913018.2065430472,10
-1186080.5543114,1913018.2065430472,10
-1185617.2415948727,1913018.2065430472,10
-1185153.928878345,1913018.2065430472,16
-1184690.6161618177,1913018.2065430472,16
-1184227.30344529,1913018.2065430472,16
-1183763.9907287627,1913018.2065430472,16
-1183300.678012235,1913018.2065430472,10
-1182837.3652957077,1913018.2065430472,10
-1182374.05257918,1913018.2065430472,10
-1181910.7398626525,1913018.2065430472,16
-1181447.4271461251,1913018.2065430472,16
-1180984.1144295975,1913018.2065430472,10
-1180520.8017130701,1913018.2065430472,10
-1180057.4889965425,1913018.2065430472,10
-1179594.1762800151,1913018.2065430472,10
-1179130.8635634875,1913018.2065430472,10
-1178667.5508469602,1913018.2065430472,10
-1178204.2381304326,1913018.2065430472,10
-1177740.9254139052,1913018.2065430472,10
-1177277.6126973776,1913018.2065430472,10
-1176814.2999808502,1913018.2065430472,10
-1176350.9872643226,1913018.2065430472,10
-1175887.6745477952,1913018.2065430472,16
-1175424.3618312676,1913018.2065430472,16
-1174961.04911474,1913018.2065430472,16
-1174497.7363982126,1913018.2065430472,16
-1174034.4236816852,1913018.2065430472,16
-1173571.1109651576,1913018.2065430472,16
-1173107.79824863,1913018.2065430472,16
-1172644.4855321026,1913018.2065430472,16
-1172181.172815575,1913018.2065430472,16
-1171717.8600990477,1913018.2065430472,10
-1171254.54738252,1913018.2065430472,16
-1170791.2346659927,1913018.2065430472,16
-1170327.921949465,1913018.2065430472,16
-1169864.6092329377,1913018.2065430472,16
-1169401.29651641,1913018.2065430472,16
-1168937.9837998827,1913018.2065430472,16
-1319514.61667132,1912554.8938265196,16
-1319051.3039547927,1912554.8938265196,16
-1318587.991238265,1912554.8938265196,16
-1318124.6785217377,1912554.8938265196,16
-1317661.36580521,1912554.8938265196,10
-1317198.0530886827,1912554.8938265196,10
-1316734.740372155,1912554.8938265196,16
-1316271.4276556277,1912554.8938265196,16
-1315808.1149391,1912554.8938265196,16
-1315344.8022225727,1912554.8938265196,16
-1314881.4895060451,1912554.8938265196,16
-1314418.1767895175,1912554.8938265196,16
-1313954.8640729901,1912554.8938265196,16
-1313491.5513564625,1912554.8938265196,16
-1313028.2386399352,1912554.8938265196,16
-1312564.9259234075,1912554.8938265196,16
-1312101.6132068802,1912554.8938265196,16
-1311638.3004903526,1912554.8938265196,16
-1311174.9877738252,1912554.8938265196,16
-1310711.6750572976,1912554.8938265196,16
-1310248.3623407702,1912554.8938265196,16
-1309785.0496242426,1912554.8938265196,16
-1309321.7369077152,1912554.8938265196,16
-1308858.4241911876,1912554.8938265196,16
-1308395.1114746602,1912554.8938265196,16
-1307931.7987581326,1912554.8938265196,16
-1307468.486041605,1912554.8938265196,16
-1307005.1733250776,1912554.8938265196,16
-1306541.86060855,1912554.8938265196,16
-1306078.5478920226,1912554.8938265196,16
-1305615.235175495,1912554.8938265196,16
-1305151.9224589677,1912554.8938265196,10
-1304688.60974244,1912554.8938265196,16
-1304225.2970259127,1912554.8938265196,16
-1303761.984309385,1912554.8938265196,16
-1303298.6715928577,1912554.8938265196,16
-1302835.35887633,1912554.8938265196,16
-1302372.0461598027,1912554.8938265196,16
-1301908.733443275,1912554.8938265196,16
-1301445.4207267477,1912554.8938265196,16
-1300982.10801022,1912554.8938265196,16
-1225462.1352162375,1912554.8938265196,16
-1224998.8224997101,1912554.8938265196,16
-1224535.5097831825,1912554.8938265196,16
-1224072.1970666551,1912554.8938265196,16
-1223608.8843501275,1912554.8938265196,16
-1223145.5716336002,1912554.8938265196,16
-1222682.2589170726,1912554.8938265196,16
-1222218.9462005452,1912554.8938265196,16
-1221755.6334840176,1912554.8938265196,16
-1221292.3207674902,1912554.8938265196,16
-1220829.0080509626,1912554.8938265196,16
-1220365.6953344352,1912554.8938265196,10
-1219902.3826179076,1912554.8938265196,10
-1219439.0699013802,1912554.8938265196,10
-1218975.7571848526,1912554.8938265196,10
-1218512.444468325,1912554.8938265196,10
-1218049.1317517976,1912554.8938265196,10
-1217585.81903527,1912554.8938265196,10
-1217122.5063187426,1912554.8938265196,10
-1216659.193602215,1912554.8938265196,10
-1216195.8808856877,1912554.8938265196,10
-1215732.56816916,1912554.8938265196,10
-1215269.2554526327,1912554.8938265196,10
-1214805.942736105,1912554.8938265196,10
-1214342.6300195777,1912554.8938265196,16
-1213879.31730305,1912554.8938265196,16
-1213416.0045865227,1912554.8938265196,16
-1212952.691869995,1912554.8938265196,16
-1212489.3791534677,1912554.8938265196,16
-1212026.06643694,1912554.8938265196,16
-1211562.7537204125,1912554.8938265196,16
-1211099.4410038851,1912554.8938265196,10
-1210636.1282873575,1912554.8938265196,10
-1210172.8155708301,1912554.8938265196,16
-1209709.5028543025,1912554.8938265196,16
-1209246.1901377751,1912554.8938265196,16
-1208782.8774212475,1912554.8938265196,16
-1208319.5647047202,1912554.8938265196,16
-1207856.2519881926,1912554.8938265196,16
-1207392.9392716652,1912554.8938265196,16
-1206929.6265551376,1912554.8938265196,16
-1206466.3138386102,1912554.8938265196,16
-1206003.0011220826,1912554.8938265196,16
-1205539.6884055552,1912554.8938265196,16
-1205076.3756890276,1912554.8938265196,16
-1204613.0629725,1912554.8938265196,16
-1204149.7502559726,1912554.8938265196,16
-1203686.4375394452,1912554.8938265196,16
-1203223.1248229176,1912554.8938265196,10
-1202759.81210639,1912554.8938265196,16
-1202296.4993898626,1912554.8938265196,16
-1201833.186673335,1912554.8938265196,10
-1201369.8739568077,1912554.8938265196,16
-1200906.56124028,1912554.8938265196,16
-1200443.2485237527,1912554.8938265196,10
-1199979.935807225,1912554.8938265196,10
-1199516.6230906977,1912554.8938265196,10
-1199053.31037417,1912554.8938265196,10
-1198589.9976576427,1912554.8938265196,10
-1198126.684941115,1912554.8938265196,10
-1197663.3722245875,1912554.8938265196,10
-1197200.05950806,1912554.8938265196,10
-1196736.7467915327,1912554.8938265196,10
-1196273.4340750051,1912554.8938265196,10
-1195810.1213584775,1912554.8938265196,10
-1195346.8086419501,1912554.8938265196,10
-1194883.4959254225,1912554.8938265196,10
-1194420.1832088951,1912554.8938265196,10
-1193956.8704923675,1912554.8938265196,10
-1193493.5577758402,1912554.8938265196,16
-1193030.2450593126,1912554.8938265196,10
-1192566.9323427852,1912554.8938265196,10
-1192103.6196262576,1912554.8938265196,10
-1191640.3069097302,1912554.8938265196,10
-1191176.9941932026,1912554.8938265196,10
-1190713.6814766752,1912554.8938265196,10
-1190250.3687601476,1912554.8938265196,10
-1189787.0560436202,1912554.8938265196,10
-1189323.7433270926,1912554.8938265196,10
-1188860.430610565,1912554.8938265196,10
-1188397.1178940376,1912554.8938265196,16
-1187933.80517751,1912554.8938265196,16
-1187470.4924609826,1912554.8938265196,16
-1187007.179744455,1912554.8938265196,16
-1186543.8670279277,1912554.8938265196,10
-1186080.5543114,1912554.8938265196,10
-1185617.2415948727,1912554.8938265196,10
-1185153.928878345,1912554.8938265196,16
-1184690.6161618177,1912554.8938265196,16
-1184227.30344529,1912554.8938265196,16
-1183763.9907287627,1912554.8938265196,16
-1183300.678012235,1912554.8938265196,16
-1182837.3652957077,1912554.8938265196,16
-1182374.05257918,1912554.8938265196,10
-1181910.7398626525,1912554.8938265196,10
-1181447.4271461251,1912554.8938265196,10
-1180984.1144295975,1912554.8938265196,10
-1180520.8017130701,1912554.8938265196,16
-1180057.4889965425,1912554.8938265196,16
-1179594.1762800151,1912554.8938265196,16
-1179130.8635634875,1912554.8938265196,16
-1178667.5508469602,1912554.8938265196,10
-1178204.2381304326,1912554.8938265196,16
-1177740.9254139052,1912554.8938265196,16
-1177277.6126973776,1912554.8938265196,16
-1176814.2999808502,1912554.8938265196,10
-1176350.9872643226,1912554.8938265196,10
-1175887.6745477952,1912554.8938265196,10
-1175424.3618312676,1912554.8938265196,16
-1174961.04911474,1912554.8938265196,16
-1174497.7363982126,1912554.8938265196,16
-1174034.4236816852,1912554.8938265196,16
-1173571.1109651576,1912554.8938265196,16
-1173107.79824863,1912554.8938265196,16
-1172644.4855321026,1912554.8938265196,16
-1172181.172815575,1912554.8938265196,16
-1171717.8600990477,1912554.8938265196,16
-1171254.54738252,1912554.8938265196,16
-1170791.2346659927,1912554.8938265196,16
-1170327.921949465,1912554.8938265196,16
-1169864.6092329377,1912554.8938265196,16
-1169401.29651641,1912554.8938265196,16
-1168937.9837998827,1912554.8938265196,16
-1319977.9293878477,1912091.5811099922,10
-1319514.61667132,1912091.5811099922,10
-1319051.3039547927,1912091.5811099922,10
-1318587.991238265,1912091.5811099922,10
-1318124.6785217377,1912091.5811099922,10
-1317661.36580521,1912091.5811099922,10
-1317198.0530886827,1912091.5811099922,10
-1316734.740372155,1912091.5811099922,16
-1316271.4276556277,1912091.5811099922,16
-1315808.1149391,1912091.5811099922,16
-1315344.8022225727,1912091.5811099922,16
-1314881.4895060451,1912091.5811099922,16
-1314418.1767895175,1912091.5811099922,16
-1313954.8640729901,1912091.5811099922,16
-1313491.5513564625,1912091.5811099922,16
-1313028.2386399352,1912091.5811099922,16
-1312564.9259234075,1912091.5811099922,16
-1312101.6132068802,1912091.5811099922,16
-1311638.3004903526,1912091.5811099922,16
-1311174.9877738252,1912091.5811099922,16
-1310711.6750572976,1912091.5811099922,16
-1310248.3623407702,1912091.5811099922,16
-1309785.0496242426,1912091.5811099922,16
-1309321.7369077152,1912091.5811099922,16
-1308858.4241911876,1912091.5811099922,16
-1308395.1114746602,1912091.5811099922,16
-1307931.7987581326,1912091.5811099922,16
-1307468.486041605,1912091.5811099922,16
-1307005.1733250776,1912091.5811099922,16
-1306541.86060855,1912091.5811099922,16
-1306078.5478920226,1912091.5811099922,16
-1305615.235175495,1912091.5811099922,16
-1305151.9224589677,1912091.5811099922,16
-1304688.60974244,1912091.5811099922,16
-1304225.2970259127,1912091.5811099922,16
-1303761.984309385,1912091.5811099922,16
-1303298.6715928577,1912091.5811099922,16
-1302835.35887633,1912091.5811099922,16
-1302372.0461598027,1912091.5811099922,10
-1301908.733443275,1912091.5811099922,7
-1301445.4207267477,1912091.5811099922,16
-1300982.10801022,1912091.5811099922,16
-1300518.7952936925,1912091.5811099922,16
-1300055.4825771651,1912091.5811099922,16
-1299592.1698606375,1912091.5811099922,16
-1225462.1352162375,1912091.5811099922,16
-1224998.8224997101,1912091.5811099922,16
-1224535.5097831825,1912091.5811099922,16
-1224072.1970666551,1912091.5811099922,16
-1223608.8843501275,1912091.5811099922,16
-1223145.5716336002,1912091.5811099922,16
-1222682.2589170726,1912091.5811099922,16
-1222218.9462005452,1912091.5811099922,16
-1221755.6334840176,1912091.5811099922,16
-1221292.3207674902,1912091.5811099922,16
-1220829.0080509626,1912091.5811099922,10
-1220365.6953344352,1912091.5811099922,10
-1219902.3826179076,1912091.5811099922,10
-1219439.0699013802,1912091.5811099922,10
-1218975.7571848526,1912091.5811099922,10
-1218512.444468325,1912091.5811099922,10
-1218049.1317517976,1912091.5811099922,10
-1217585.81903527,1912091.5811099922,10
-1217122.5063187426,1912091.5811099922,10
-1216659.193602215,1912091.5811099922,10
-1216195.8808856877,1912091.5811099922,10
-1215732.56816916,1912091.5811099922,10
-1215269.2554526327,1912091.5811099922,10
-1214805.942736105,1912091.5811099922,10
-1214342.6300195777,1912091.5811099922,10
-1213879.31730305,1912091.5811099922,10
-1213416.0045865227,1912091.5811099922,16
-1212952.691869995,1912091.5811099922,16
-1212489.3791534677,1912091.5811099922,16
-1212026.06643694,1912091.5811099922,16
-1211562.7537204125,1912091.5811099922,16
-1211099.4410038851,1912091.5811099922,10
-1210636.1282873575,1912091.5811099922,16
-1210172.8155708301,1912091.5811099922,16
-1209709.5028543025,1912091.5811099922,16
-1209246.1901377751,1912091.5811099922,16
-1208782.8774212475,1912091.5811099922,16
-1208319.5647047202,1912091.5811099922,16
-1207856.2519881926,1912091.5811099922,16
-1207392.9392716652,1912091.5811099922,16
-1206929.6265551376,1912091.5811099922,16
-1206466.3138386102,1912091.5811099922,16
-1206003.0011220826,1912091.5811099922,16
-1205539.6884055552,1912091.5811099922,16
-1205076.3756890276,1912091.5811099922,16
-1204613.0629725,1912091.5811099922,16
-1204149.7502559726,1912091.5811099922,16
-1203686.4375394452,1912091.5811099922,16
-1203223.1248229176,1912091.5811099922,10
-1202759.81210639,1912091.5811099922,16
-1202296.4993898626,1912091.5811099922,16
-1201833.186673335,1912091.5811099922,16
-1201369.8739568077,1912091.5811099922,16
-1200906.56124028,1912091.5811099922,16
-1200443.2485237527,1912091.5811099922,16
-1199979.935807225,1912091.5811099922,10
-1199516.6230906977,1912091.5811099922,10
-1199053.31037417,1912091.5811099922,10
-1198589.9976576427,1912091.5811099922,10
-1198126.684941115,1912091.5811099922,10
-1197663.3722245875,1912091.5811099922,10
-1197200.05950806,1912091.5811099922,16
-1196736.7467915327,1912091.5811099922,10
-1196273.4340750051,1912091.5811099922,10
-1195810.1213584775,1912091.5811099922,10
-1195346.8086419501,1912091.5811099922,10
-1194883.4959254225,1912091.5811099922,10
-1194420.1832088951,1912091.5811099922,10
-1193956.8704923675,1912091.5811099922,10
-1193493.5577758402,1912091.5811099922,10
-1193030.2450593126,1912091.5811099922,10
-1192566.9323427852,1912091.5811099922,16
-1192103.6196262576,1912091.5811099922,10
-1191640.3069097302,1912091.5811099922,16
-1191176.9941932026,1912091.5811099922,10
-1190713.6814766752,1912091.5811099922,16
-1190250.3687601476,1912091.5811099922,10
-1189787.0560436202,1912091.5811099922,10
-1189323.7433270926,1912091.5811099922,10
-1188860.430610565,1912091.5811099922,10
-1188397.1178940376,1912091.5811099922,16
-1187933.80517751,1912091.5811099922,10
-1187470.4924609826,1912091.5811099922,10
-1187007.179744455,1912091.5811099922,10
-1186543.8670279277,1912091.5811099922,16
-1186080.5543114,1912091.5811099922,16
-1185617.2415948727,1912091.5811099922,16
-1185153.928878345,1912091.5811099922,16
-1184690.6161618177,1912091.5811099922,16
-1184227.30344529,1912091.5811099922,16
-1183763.9907287627,1912091.5811099922,16
-1183300.678012235,1912091.5811099922,16
-1182837.3652957077,1912091.5811099922,16
-1182374.05257918,1912091.5811099922,10
-1181910.7398626525,1912091.5811099922,10
-1181447.4271461251,1912091.5811099922,10
-1180984.1144295975,1912091.5811099922,10
-1180520.8017130701,1912091.5811099922,16
-1180057.4889965425,1912091.5811099922,16
-1179594.1762800151,1912091.5811099922,16
-1179130.8635634875,1912091.5811099922,16
-1178667.5508469602,1912091.5811099922,10
-1178204.2381304326,1912091.5811099922,10
-1177740.9254139052,1912091.5811099922,16
-1177277.6126973776,1912091.5811099922,16
-1176814.2999808502,1912091.5811099922,16
-1176350.9872643226,1912091.5811099922,16
-1175887.6745477952,1912091.5811099922,10
-1175424.3618312676,1912091.5811099922,16
-1174961.04911474,1912091.5811099922,16
-1174497.7363982126,1912091.5811099922,16
-1174034.4236816852,1912091.5811099922,16
-1173571.1109651576,1912091.5811099922,16
-1173107.79824863,1912091.5811099922,16
-1172644.4855321026,1912091.5811099922,16
-1172181.172815575,1912091.5811099922,16
-1171717.8600990477,1912091.5811099922,16
-1171254.54738252,1912091.5811099922,16
-1170791.2346659927,1912091.5811099922,16
-1170327.921949465,1912091.5811099922,16
-1169864.6092329377,1912091.5811099922,16
-1169401.29651641,1912091.5811099922,16
-1168937.9837998827,1912091.5811099922,16
-1320441.242104375,1911628.2683934646,10
-1319977.9293878477,1911628.2683934646,10
-1319514.61667132,1911628.2683934646,10
-1319051.3039547927,1911628.2683934646,10
-1318587.991238265,1911628.2683934646,10
-1318124.6785217377,1911628.2683934646,10
-1317661.36580521,1911628.2683934646,10
-1317198.0530886827,1911628.2683934646,10
-1316734.740372155,1911628.2683934646,16
-1316271.4276556277,1911628.2683934646,16
-1315808.1149391,1911628.2683934646,16
-1315344.8022225727,1911628.2683934646,16
-1314881.4895060451,1911628.2683934646,16
-1314418.1767895175,1911628.2683934646,16
-1313954.8640729901,1911628.2683934646,16
-1313491.5513564625,1911628.2683934646,16
-1313028.2386399352,1911628.2683934646,16
-1312564.9259234075,1911628.2683934646,16
-1312101.6132068802,1911628.2683934646,16
-1311638.3004903526,1911628.2683934646,16
-1311174.9877738252,1911628.2683934646,16
-1310711.6750572976,1911628.2683934646,16
-1310248.3623407702,1911628.2683934646,16
-1309785.0496242426,1911628.2683934646,16
-1309321.7369077152,1911628.2683934646,16
-1308858.4241911876,1911628.2683934646,16
-1308395.1114746602,1911628.2683934646,16
-1307931.7987581326,1911628.2683934646,16
-1307468.486041605,1911628.2683934646,16
-1307005.1733250776,1911628.2683934646,16
-1306541.86060855,1911628.2683934646,16
-1306078.5478920226,1911628.2683934646,16
-1305615.235175495,1911628.2683934646,16
-1305151.9224589677,1911628.2683934646,16
-1304688.60974244,1911628.2683934646,16
-1304225.2970259127,1911628.2683934646,16
-1303761.984309385,1911628.2683934646,16
-1303298.6715928577,1911628.2683934646,16
-1302835.35887633,1911628.2683934646,16
-1302372.0461598027,1911628.2683934646,16
-1301908.733443275,1911628.2683934646,7
-1301445.4207267477,1911628.2683934646,7
-1300982.10801022,1911628.2683934646,16
-1300518.7952936925,1911628.2683934646,16
-1300055.4825771651,1911628.2683934646,16
-1299592.1698606375,1911628.2683934646,16
-1299128.8571441101,1911628.2683934646,16
-1298665.5444275825,1911628.2683934646,16
-1298202.2317110552,1911628.2683934646,16
-1297738.9189945275,1911628.2683934646,16
-1224998.8224997101,1911628.2683934646,16
-1224535.5097831825,1911628.2683934646,16
-1224072.1970666551,1911628.2683934646,16
-1223608.8843501275,1911628.2683934646,16
-1223145.5716336002,1911628.2683934646,16
-1222682.2589170726,1911628.2683934646,16
-1222218.9462005452,1911628.2683934646,10
-1221755.6334840176,1911628.2683934646,16
-1221292.3207674902,1911628.2683934646,10
-1220829.0080509626,1911628.2683934646,10
-1220365.6953344352,1911628.2683934646,10
-1219902.3826179076,1911628.2683934646,10
-1219439.0699013802,1911628.2683934646,10
-1218975.7571848526,1911628.2683934646,10
-1218512.444468325,1911628.2683934646,10
-1218049.1317517976,1911628.2683934646,10
-1217585.81903527,1911628.2683934646,10
-1217122.5063187426,1911628.2683934646,10
-1216659.193602215,1911628.2683934646,16
-1216195.8808856877,1911628.2683934646,10
-1215732.56816916,1911628.2683934646,10
-1215269.2554526327,1911628.2683934646,10
-1214805.942736105,1911628.2683934646,10
-1214342.6300195777,1911628.2683934646,16
-1213879.31730305,1911628.2683934646,16
-1213416.0045865227,1911628.2683934646,16
-1212952.691869995,1911628.2683934646,16
-1212489.3791534677,1911628.2683934646,16
-1212026.06643694,1911628.2683934646,16
-1211562.7537204125,1911628.2683934646,16
-1211099.4410038851,1911628.2683934646,16
-1210636.1282873575,1911628.2683934646,16
-1210172.8155708301,1911628.2683934646,16
-1209709.5028543025,1911628.2683934646,16
-1209246.1901377751,1911628.2683934646,16
-1208782.8774212475,1911628.2683934646,16
-1208319.5647047202,1911628.2683934646,10
-1207856.2519881926,1911628.2683934646,16
-1207392.9392716652,1911628.2683934646,16
-1206929.6265551376,1911628.2683934646,10
-1206466.3138386102,1911628.2683934646,16
-1206003.0011220826,1911628.2683934646,16
-1205539.6884055552,1911628.2683934646,10
-1205076.3756890276,1911628.2683934646,10
-1204613.0629725,1911628.2683934646,16
-1204149.7502559726,1911628.2683934646,16
-1203686.4375394452,1911628.2683934646,10
-1203223.1248229176,1911628.2683934646,10
-1202759.81210639,1911628.2683934646,10
-1202296.4993898626,1911628.2683934646,10
-1201833.186673335,1911628.2683934646,10
-1201369.8739568077,1911628.2683934646,16
-1200906.56124028,1911628.2683934646,16
-1200443.2485237527,1911628.2683934646,16
-1199979.935807225,1911628.2683934646,10
-1199516.6230906977,1911628.2683934646,10
-1199053.31037417,1911628.2683934646,16
-1198589.9976576427,1911628.2683934646,10
-1198126.684941115,1911628.2683934646,10
-1197663.3722245875,1911628.2683934646,10
-1197200.05950806,1911628.2683934646,16
-1196736.7467915327,1911628.2683934646,16
-1196273.4340750051,1911628.2683934646,16
-1195810.1213584775,1911628.2683934646,16
-1195346.8086419501,1911628.2683934646,10
-1194883.4959254225,1911628.2683934646,10
-1194420.1832088951,1911628.2683934646,10
-1193956.8704923675,1911628.2683934646,10
-1193493.5577758402,1911628.2683934646,10
-1193030.2450593126,1911628.2683934646,10
-1192566.9323427852,1911628.2683934646,10
-1192103.6196262576,1911628.2683934646,10
-1191640.3069097302,1911628.2683934646,16
-1191176.9941932026,1911628.2683934646,16
-1190713.6814766752,1911628.2683934646,16
-1190250.3687601476,1911628.2683934646,10
-1189787.0560436202,1911628.2683934646,10
-1189323.7433270926,1911628.2683934646,10
-1188860.430610565,1911628.2683934646,16
-1188397.1178940376,1911628.2683934646,10
-1187933.80517751,1911628.2683934646,10
-1187470.4924609826,1911628.2683934646,10
-1187007.179744455,1911628.2683934646,10
-1186543.8670279277,1911628.2683934646,16
-1186080.5543114,1911628.2683934646,16
-1185617.2415948727,1911628.2683934646,16
-1185153.928878345,1911628.2683934646,10
-1184690.6161618177,1911628.2683934646,10
-1184227.30344529,1911628.2683934646,16
-1183763.9907287627,1911628.2683934646,16
-1183300.678012235,1911628.2683934646,16
-1182837.3652957077,1911628.2683934646,10
-1182374.05257918,1911628.2683934646,10
-1181910.7398626525,1911628.2683934646,10
-1181447.4271461251,1911628.2683934646,10
-1180984.1144295975,1911628.2683934646,10
-1180520.8017130701,1911628.2683934646,10
-1180057.4889965425,1911628.2683934646,10
-1179594.1762800151,1911628.2683934646,10
-1179130.8635634875,1911628.2683934646,10
-1178667.5508469602,1911628.2683934646,10
-1178204.2381304326,1911628.2683934646,10
-1177740.9254139052,1911628.2683934646,10
-1177277.6126973776,1911628.2683934646,16
-1176814.2999808502,1911628.2683934646,16
-1176350.9872643226,1911628.2683934646,16
-1175887.6745477952,1911628.2683934646,10
-1175424.3618312676,1911628.2683934646,10
-1174961.04911474,1911628.2683934646,10
-1174497.7363982126,1911628.2683934646,16
-1174034.4236816852,1911628.2683934646,16
-1173571.1109651576,1911628.2683934646,16
-1173107.79824863,1911628.2683934646,16
-1172644.4855321026,1911628.2683934646,16
-1172181.172815575,1911628.2683934646,16
-1171717.8600990477,1911628.2683934646,16
-1171254.54738252,1911628.2683934646,16
-1170791.2346659927,1911628.2683934646,16
-1170327.921949465,1911628.2683934646,16
-1169864.6092329377,1911628.2683934646,16
-1169401.29651641,1911628.2683934646,16
-1168937.9837998827,1911628.2683934646,16
-1323221.11840354,1911164.9556769372,10
-1322757.8056870126,1911164.9556769372,10
-1322294.492970485,1911164.9556769372,10
-1321831.1802539576,1911164.9556769372,10
-1321367.86753743,1911164.9556769372,10
-1320904.5548209026,1911164.9556769372,10
-1320441.242104375,1911164.9556769372,10
-1319977.9293878477,1911164.9556769372,10
-1319514.61667132,1911164.9556769372,10
-1319051.3039547927,1911164.9556769372,10
-1318587.991238265,1911164.9556769372,10
-1318124.6785217377,1911164.9556769372,16
-1317661.36580521,1911164.9556769372,16
-1317198.0530886827,1911164.9556769372,10
-1316734.740372155,1911164.9556769372,10
-1316271.4276556277,1911164.9556769372,16
-1315808.1149391,1911164.9556769372,16
-1315344.8022225727,1911164.9556769372,16
-1314881.4895060451,1911164.9556769372,16
-1314418.1767895175,1911164.9556769372,16
-1313954.8640729901,1911164.9556769372,16
-1313491.5513564625,1911164.9556769372,16
-1313028.2386399352,1911164.9556769372,16
-1312564.9259234075,1911164.9556769372,16
-1312101.6132068802,1911164.9556769372,16
-1311638.3004903526,1911164.9556769372,16
-1311174.9877738252,1911164.9556769372,16
-1310711.6750572976,1911164.9556769372,16
-1310248.3623407702,1911164.9556769372,16
-1309785.0496242426,1911164.9556769372,16
-1309321.7369077152,1911164.9556769372,16
-1308858.4241911876,1911164.9556769372,16
-1308395.1114746602,1911164.9556769372,16
-1307931.7987581326,1911164.9556769372,16
-1307468.486041605,1911164.9556769372,16
-1307005.1733250776,1911164.9556769372,16
-1306541.86060855,1911164.9556769372,16
-1306078.5478920226,1911164.9556769372,16
-1305615.235175495,1911164.9556769372,16
-1305151.9224589677,1911164.9556769372,10
-1304688.60974244,1911164.9556769372,10
-1304225.2970259127,1911164.9556769372,16
-1303761.984309385,1911164.9556769372,16
-1303298.6715928577,1911164.9556769372,16
-1302835.35887633,1911164.9556769372,16
-1302372.0461598027,1911164.9556769372,16
-1301908.733443275,1911164.9556769372,16
-1301445.4207267477,1911164.9556769372,10
-1300982.10801022,1911164.9556769372,7
-1300518.7952936925,1911164.9556769372,7
-1300055.4825771651,1911164.9556769372,10
-1299592.1698606375,1911164.9556769372,16
-1299128.8571441101,1911164.9556769372,16
-1298665.5444275825,1911164.9556769372,16
-1298202.2317110552,1911164.9556769372,16
-1297738.9189945275,1911164.9556769372,16
-1297275.6062780002,1911164.9556769372,16
-1296812.2935614726,1911164.9556769372,10
-1224998.8224997101,1911164.9556769372,16
-1224535.5097831825,1911164.9556769372,16
-1224072.1970666551,1911164.9556769372,16
-1223608.8843501275,1911164.9556769372,16
-1223145.5716336002,1911164.9556769372,16
-1222682.2589170726,1911164.9556769372,16
-1222218.9462005452,1911164.9556769372,10
-1221755.6334840176,1911164.9556769372,10
-1221292.3207674902,1911164.9556769372,10
-1220829.0080509626,1911164.9556769372,10
-1220365.6953344352,1911164.9556769372,10
-1219902.3826179076,1911164.9556769372,10
-1219439.0699013802,1911164.9556769372,10
-1218975.7571848526,1911164.9556769372,10
-1218512.444468325,1911164.9556769372,10
-1218049.1317517976,1911164.9556769372,10
-1217585.81903527,1911164.9556769372,10
-1217122.5063187426,1911164.9556769372,10
-1216659.193602215,1911164.9556769372,16
-1216195.8808856877,1911164.9556769372,10
-1215732.56816916,1911164.9556769372,10
-1215269.2554526327,1911164.9556769372,10
-1214805.942736105,1911164.9556769372,10
-1214342.6300195777,1911164.9556769372,10
-1213879.31730305,1911164.9556769372,16
-1213416.0045865227,1911164.9556769372,16
-1212952.691869995,1911164.9556769372,16
-1212489.3791534677,1911164.9556769372,16
-1212026.06643694,1911164.9556769372,16
-1211562.7537204125,1911164.9556769372,10
-1211099.4410038851,1911164.9556769372,10
-1210636.1282873575,1911164.9556769372,16
-1210172.8155708301,1911164.9556769372,16
-1209709.5028543025,1911164.9556769372,16
-1209246.1901377751,1911164.9556769372,16
-1208782.8774212475,1911164.9556769372,16
-1208319.5647047202,1911164.9556769372,10
-1207856.2519881926,1911164.9556769372,16
-1207392.9392716652,1911164.9556769372,10
-1206929.6265551376,1911164.9556769372,10
-1206466.3138386102,1911164.9556769372,10
-1206003.0011220826,1911164.9556769372,10
-1205539.6884055552,1911164.9556769372,10
-1205076.3756890276,1911164.9556769372,10
-1204613.0629725,1911164.9556769372,10
-1204149.7502559726,1911164.9556769372,10
-1203686.4375394452,1911164.9556769372,10
-1203223.1248229176,1911164.9556769372,10
-1202759.81210639,1911164.9556769372,10
-1202296.4993898626,1911164.9556769372,10
-1201833.186673335,1911164.9556769372,10
-1201369.8739568077,1911164.9556769372,10
-1200906.56124028,1911164.9556769372,16
-1200443.2485237527,1911164.9556769372,10
-1199979.935807225,1911164.9556769372,10
-1199516.6230906977,1911164.9556769372,10
-1199053.31037417,1911164.9556769372,10
-1198589.9976576427,1911164.9556769372,10
-1198126.684941115,1911164.9556769372,10
-1197663.3722245875,1911164.9556769372,10
-1197200.05950806,1911164.9556769372,16
-1196736.7467915327,1911164.9556769372,16
-1196273.4340750051,1911164.9556769372,16
-1195810.1213584775,1911164.9556769372,16
-1195346.8086419501,1911164.9556769372,10
-1194883.4959254225,1911164.9556769372,10
-1194420.1832088951,1911164.9556769372,10
-1193956.8704923675,1911164.9556769372,10
-1193493.5577758402,1911164.9556769372,10
-1193030.2450593126,1911164.9556769372,10
-1192566.9323427852,1911164.9556769372,10
-1192103.6196262576,1911164.9556769372,10
-1191640.3069097302,1911164.9556769372,16
-1191176.9941932026,1911164.9556769372,16
-1190713.6814766752,1911164.9556769372,16
-1190250.3687601476,1911164.9556769372,16
-1189787.0560436202,1911164.9556769372,16
-1189323.7433270926,1911164.9556769372,16
-1188860.430610565,1911164.9556769372,16
-1188397.1178940376,1911164.9556769372,10
-1187933.80517751,1911164.9556769372,10
-1187470.4924609826,1911164.9556769372,10
-1187007.179744455,1911164.9556769372,10
-1186543.8670279277,1911164.9556769372,10
-1186080.5543114,1911164.9556769372,16
-1185617.2415948727,1911164.9556769372,16
-1185153.928878345,1911164.9556769372,10
-1184690.6161618177,1911164.9556769372,16
-1184227.30344529,1911164.9556769372,16
-1183763.9907287627,1911164.9556769372,16
-1183300.678012235,1911164.9556769372,10
-1182837.3652957077,1911164.9556769372,10
-1182374.05257918,1911164.9556769372,16
-1181910.7398626525,1911164.9556769372,16
-1181447.4271461251,1911164.9556769372,16
-1180984.1144295975,1911164.9556769372,10
-1180520.8017130701,1911164.9556769372,10
-1180057.4889965425,1911164.9556769372,10
-1179594.1762800151,1911164.9556769372,10
-1179130.8635634875,1911164.9556769372,10
-1178667.5508469602,1911164.9556769372,10
-1178204.2381304326,1911164.9556769372,10
-1177740.9254139052,1911164.9556769372,10
-1177277.6126973776,1911164.9556769372,10
-1176814.2999808502,1911164.9556769372,16
-1176350.9872643226,1911164.9556769372,16
-1175887.6745477952,1911164.9556769372,16
-1175424.3618312676,1911164.9556769372,10
-1174961.04911474,1911164.9556769372,16
-1174497.7363982126,1911164.9556769372,16
-1174034.4236816852,1911164.9556769372,16
-1173571.1109651576,1911164.9556769372,16
-1173107.79824863,1911164.9556769372,16
-1172644.4855321026,1911164.9556769372,16
-1172181.172815575,1911164.9556769372,16
-1171717.8600990477,1911164.9556769372,16
-1171254.54738252,1911164.9556769372,16
-1170791.2346659927,1911164.9556769372,16
-1170327.921949465,1911164.9556769372,16
-1169864.6092329377,1911164.9556769372,16
-1169401.29651641,1911164.9556769372,16
-1324147.7438365952,1910701.6429604096,10
-1323684.4311200676,1910701.6429604096,10
-1323221.11840354,1910701.6429604096,10
-1322757.8056870126,1910701.6429604096,16
-1322294.492970485,1910701.6429604096,16
-1321831.1802539576,1910701.6429604096,10
-1321367.86753743,1910701.6429604096,10
-1320904.5548209026,1910701.6429604096,10
-1320441.242104375,1910701.6429604096,10
-1319977.9293878477,1910701.6429604096,10
-1319514.61667132,1910701.6429604096,10
-1319051.3039547927,1910701.6429604096,10
-1318587.991238265,1910701.6429604096,10
-1318124.6785217377,1910701.6429604096,10
-1317661.36580521,1910701.6429604096,16
-1317198.0530886827,1910701.6429604096,16
-1316734.740372155,1910701.6429604096,10
-1316271.4276556277,1910701.6429604096,16
-1315808.1149391,1910701.6429604096,16
-1315344.8022225727,1910701.6429604096,16
-1314881.4895060451,1910701.6429604096,16
-1314418.1767895175,1910701.6429604096,16
-1313954.8640729901,1910701.6429604096,16
-1313491.5513564625,1910701.6429604096,16
-1313028.2386399352,1910701.6429604096,16
-1312564.9259234075,1910701.6429604096,16
-1312101.6132068802,1910701.6429604096,16
-1311638.3004903526,1910701.6429604096,16
-1311174.9877738252,1910701.6429604096,16
-1310711.6750572976,1910701.6429604096,16
-1310248.3623407702,1910701.6429604096,16
-1309785.0496242426,1910701.6429604096,16
-1309321.7369077152,1910701.6429604096,16
-1308858.4241911876,1910701.6429604096,16
-1308395.1114746602,1910701.6429604096,16
-1307931.7987581326,1910701.6429604096,16
-1307468.486041605,1910701.6429604096,16
-1307005.1733250776,1910701.6429604096,16
-1306541.86060855,1910701.6429604096,16
-1306078.5478920226,1910701.6429604096,16
-1305615.235175495,1910701.6429604096,16
-1305151.9224589677,1910701.6429604096,16
-1304688.60974244,1910701.6429604096,10
-1304225.2970259127,1910701.6429604096,16
-1303761.984309385,1910701.6429604096,16
-1303298.6715928577,1910701.6429604096,16
-1302835.35887633,1910701.6429604096,7
-1302372.0461598027,1910701.6429604096,7
-1301908.733443275,1910701.6429604096,10
-1301445.4207267477,1910701.6429604096,10
-1300982.10801022,1910701.6429604096,10
-1300518.7952936925,1910701.6429604096,7
-1300055.4825771651,1910701.6429604096,7
-1299592.1698606375,1910701.6429604096,10
-1299128.8571441101,1910701.6429604096,16
-1298665.5444275825,1910701.6429604096,16
-1298202.2317110552,1910701.6429604096,16
-1297738.9189945275,1910701.6429604096,16
-1297275.6062780002,1910701.6429604096,16
-1296812.2935614726,1910701.6429604096,16
-1296348.9808449452,1910701.6429604096,10
-1295885.6681284176,1910701.6429604096,10
-1224998.8224997101,1910701.6429604096,16
-1224535.5097831825,1910701.6429604096,16
-1224072.1970666551,1910701.6429604096,16
-1223608.8843501275,1910701.6429604096,16
-1223145.5716336002,1910701.6429604096,16
-1222682.2589170726,1910701.6429604096,16
-1222218.9462005452,1910701.6429604096,16
-1221755.6334840176,1910701.6429604096,10
-1221292.3207674902,1910701.6429604096,10
-1220829.0080509626,1910701.6429604096,10
-1220365.6953344352,1910701.6429604096,10
-1219902.3826179076,1910701.6429604096,10
-1219439.0699013802,1910701.6429604096,10
-1218975.7571848526,1910701.6429604096,10
-1218512.444468325,1910701.6429604096,10
-1218049.1317517976,1910701.6429604096,10
-1217585.81903527,1910701.6429604096,10
-1217122.5063187426,1910701.6429604096,16
-1216659.193602215,1910701.6429604096,16
-1216195.8808856877,1910701.6429604096,16
-1215732.56816916,1910701.6429604096,10
-1215269.2554526327,1910701.6429604096,10
-1214805.942736105,1910701.6429604096,10
-1214342.6300195777,1910701.6429604096,10
-1213879.31730305,1910701.6429604096,10
-1213416.0045865227,1910701.6429604096,16
-1212952.691869995,1910701.6429604096,16
-1212489.3791534677,1910701.6429604096,16
-1212026.06643694,1910701.6429604096,16
-1211562.7537204125,1910701.6429604096,10
-1211099.4410038851,1910701.6429604096,10
-1210636.1282873575,1910701.6429604096,16
-1210172.8155708301,1910701.6429604096,16
-1209709.5028543025,1910701.6429604096,10
-1209246.1901377751,1910701.6429604096,10
-1208782.8774212475,1910701.6429604096,10
-1208319.5647047202,1910701.6429604096,10
-1207856.2519881926,1910701.6429604096,10
-1207392.9392716652,1910701.6429604096,10
-1206929.6265551376,1910701.6429604096,10
-1206466.3138386102,1910701.6429604096,10
-1206003.0011220826,1910701.6429604096,10
-1205539.6884055552,1910701.6429604096,10
-1205076.3756890276,1910701.6429604096,10
-1204613.0629725,1910701.6429604096,10
-1204149.7502559726,1910701.6429604096,10
-1203686.4375394452,1910701.6429604096,10
-1203223.1248229176,1910701.6429604096,10
-1202759.81210639,1910701.6429604096,10
-1202296.4993898626,1910701.6429604096,10
-1201833.186673335,1910701.6429604096,10
-1201369.8739568077,1910701.6429604096,10
-1200906.56124028,1910701.6429604096,10
-1200443.2485237527,1910701.6429604096,10
-1199979.935807225,1910701.6429604096,10
-1199516.6230906977,1910701.6429604096,10
-1199053.31037417,1910701.6429604096,16
-1198589.9976576427,1910701.6429604096,16
-1198126.684941115,1910701.6429604096,16
-1197663.3722245875,1910701.6429604096,10
-1197200.05950806,1910701.6429604096,10
-1196736.7467915327,1910701.6429604096,16
-1196273.4340750051,1910701.6429604096,16
-1195810.1213584775,1910701.6429604096,16
-1195346.8086419501,1910701.6429604096,10
-1194883.4959254225,1910701.6429604096,10
-1194420.1832088951,1910701.6429604096,10
-1193956.8704923675,1910701.6429604096,10
-1193493.5577758402,1910701.6429604096,10
-1193030.2450593126,1910701.6429604096,10
-1192566.9323427852,1910701.6429604096,10
-1192103.6196262576,1910701.6429604096,10
-1191640.3069097302,1910701.6429604096,16
-1191176.9941932026,1910701.6429604096,16
-1190713.6814766752,1910701.6429604096,16
-1190250.3687601476,1910701.6429604096,16
-1189787.0560436202,1910701.6429604096,16
-1189323.7433270926,1910701.6429604096,16
-1188860.430610565,1910701.6429604096,16
-1188397.1178940376,1910701.6429604096,16
-1187933.80517751,1910701.6429604096,10
-1187470.4924609826,1910701.6429604096,10
-1187007.179744455,1910701.6429604096,10
-1186543.8670279277,1910701.6429604096,10
-1186080.5543114,1910701.6429604096,10
-1185617.2415948727,1910701.6429604096,16
-1185153.928878345,1910701.6429604096,10
-1184690.6161618177,1910701.6429604096,10
-1184227.30344529,1910701.6429604096,16
-1183763.9907287627,1910701.6429604096,16
-1183300.678012235,1910701.6429604096,10
-1182837.3652957077,1910701.6429604096,10
-1182374.05257918,1910701.6429604096,10
-1181910.7398626525,1910701.6429604096,10
-1181447.4271461251,1910701.6429604096,10
-1180984.1144295975,1910701.6429604096,10
-1180520.8017130701,1910701.6429604096,10
-1180057.4889965425,1910701.6429604096,10
-1179594.1762800151,1910701.6429604096,10
-1179130.8635634875,1910701.6429604096,10
-1178667.5508469602,1910701.6429604096,10
-1178204.2381304326,1910701.6429604096,10
-1177740.9254139052,1910701.6429604096,10
-1177277.6126973776,1910701.6429604096,10
-1176814.2999808502,1910701.6429604096,16
-1176350.9872643226,1910701.6429604096,16
-1175887.6745477952,1910701.6429604096,10
-1175424.3618312676,1910701.6429604096,10
-1174961.04911474,1910701.6429604096,10
-1174497.7363982126,1910701.6429604096,16
-1174034.4236816852,1910701.6429604096,16
-1173571.1109651576,1910701.6429604096,16
-1173107.79824863,1910701.6429604096,10
-1172644.4855321026,1910701.6429604096,10
-1172181.172815575,1910701.6429604096,16
-1171717.8600990477,1910701.6429604096,16
-1171254.54738252,1910701.6429604096,16
-1170791.2346659927,1910701.6429604096,16
-1170327.921949465,1910701.6429604096,16
-1169864.6092329377,1910701.6429604096,16
-1169401.29651641,1910701.6429604096,10
-1324611.0565531226,1910238.3302438823,16
-1324147.7438365952,1910238.3302438823,16
-1323684.4311200676,1910238.3302438823,16
-1323221.11840354,1910238.3302438823,16
-1322757.8056870126,1910238.3302438823,16
-1322294.492970485,1910238.3302438823,16
-1321831.1802539576,1910238.3302438823,16
-1321367.86753743,1910238.3302438823,16
-1320904.5548209026,1910238.3302438823,16
-1320441.242104375,1910238.3302438823,10
-1319977.9293878477,1910238.3302438823,10
-1319514.61667132,1910238.3302438823,10
-1319051.3039547927,1910238.3302438823,10
-1318587.991238265,1910238.3302438823,16
-1318124.6785217377,1910238.3302438823,16
-1317661.36580521,1910238.3302438823,16
-1317198.0530886827,1910238.3302438823,16
-1316734.740372155,1910238.3302438823,16
-1316271.4276556277,1910238.3302438823,16
-1315808.1149391,1910238.3302438823,16
-1315344.8022225727,1910238.3302438823,16
-1314881.4895060451,1910238.3302438823,16
-1314418.1767895175,1910238.3302438823,16
-1313954.8640729901,1910238.3302438823,16
-1313491.5513564625,1910238.3302438823,16
-1313028.2386399352,1910238.3302438823,16
-1312564.9259234075,1910238.3302438823,16
-1312101.6132068802,1910238.3302438823,16
-1311638.3004903526,1910238.3302438823,16
-1311174.9877738252,1910238.3302438823,16
-1310711.6750572976,1910238.3302438823,16
-1310248.3623407702,1910238.3302438823,16
-1309785.0496242426,1910238.3302438823,16
-1309321.7369077152,1910238.3302438823,16
-1308858.4241911876,1910238.3302438823,16
-1308395.1114746602,1910238.3302438823,16
-1307931.7987581326,1910238.3302438823,16
-1307468.486041605,1910238.3302438823,16
-1307005.1733250776,1910238.3302438823,16
-1306541.86060855,1910238.3302438823,16
-1306078.5478920226,1910238.3302438823,16
-1305615.235175495,1910238.3302438823,16
-1305151.9224589677,1910238.3302438823,16
-1304688.60974244,1910238.3302438823,16
-1304225.2970259127,1910238.3302438823,16
-1303761.984309385,1910238.3302438823,16
-1303298.6715928577,1910238.3302438823,10
-1302835.35887633,1910238.3302438823,16
-1302372.0461598027,1910238.3302438823,10
-1301908.733443275,1910238.3302438823,10
-1301445.4207267477,1910238.3302438823,10
-1300982.10801022,1910238.3302438823,10
-1300518.7952936925,1910238.3302438823,10
-1300055.4825771651,1910238.3302438823,7
-1299592.1698606375,1910238.3302438823,7
-1299128.8571441101,1910238.3302438823,7
-1298665.5444275825,1910238.3302438823,16
-1298202.2317110552,1910238.3302438823,16
-1297738.9189945275,1910238.3302438823,16
-1297275.6062780002,1910238.3302438823,16
-1296812.2935614726,1910238.3302438823,16
-1296348.9808449452,1910238.3302438823,16
-1295885.6681284176,1910238.3302438823,16
-1295422.3554118902,1910238.3302438823,10
-1294959.0426953626,1910238.3302438823,10
-1294495.7299788352,1910238.3302438823,10
-1224535.5097831825,1910238.3302438823,16
-1224072.1970666551,1910238.3302438823,16
-1223608.8843501275,1910238.3302438823,16
-1223145.5716336002,1910238.3302438823,16
-1222682.2589170726,1910238.3302438823,16
-1222218.9462005452,1910238.3302438823,10
-1221755.6334840176,1910238.3302438823,10
-1221292.3207674902,1910238.3302438823,10
-1220829.0080509626,1910238.3302438823,10
-1220365.6953344352,1910238.3302438823,10
-1219902.3826179076,1910238.3302438823,10
-1219439.0699013802,1910238.3302438823,10
-1218975.7571848526,1910238.3302438823,10
-1218512.444468325,1910238.3302438823,10
-1218049.1317517976,1910238.3302438823,10
-1217585.81903527,1910238.3302438823,10
-1217122.5063187426,1910238.3302438823,10
-1216659.193602215,1910238.3302438823,16
-1216195.8808856877,1910238.3302438823,16
-1215732.56816916,1910238.3302438823,16
-1215269.2554526327,1910238.3302438823,16
-1214805.942736105,1910238.3302438823,10
-1214342.6300195777,1910238.3302438823,10
-1213879.31730305,1910238.3302438823,10
-1213416.0045865227,1910238.3302438823,16
-1212952.691869995,1910238.3302438823,16
-1212489.3791534677,1910238.3302438823,16
-1212026.06643694,1910238.3302438823,16
-1211562.7537204125,1910238.3302438823,10
-1211099.4410038851,1910238.3302438823,10
-1210636.1282873575,1910238.3302438823,16
-1210172.8155708301,1910238.3302438823,10
-1209709.5028543025,1910238.3302438823,10
-1209246.1901377751,1910238.3302438823,10
-1208782.8774212475,1910238.3302438823,10
-1208319.5647047202,1910238.3302438823,10
-1207856.2519881926,1910238.3302438823,10
-1207392.9392716652,1910238.3302438823,10
-1206929.6265551376,1910238.3302438823,10
-1206466.3138386102,1910238.3302438823,10
-1206003.0011220826,1910238.3302438823,10
-1205539.6884055552,1910238.3302438823,10
-1205076.3756890276,1910238.3302438823,10
-1204613.0629725,1910238.3302438823,10
-1204149.7502559726,1910238.3302438823,10
-1203686.4375394452,1910238.3302438823,10
-1203223.1248229176,1910238.3302438823,10
-1202759.81210639,1910238.3302438823,10
-1202296.4993898626,1910238.3302438823,10
-1201833.186673335,1910238.3302438823,10
-1201369.8739568077,1910238.3302438823,10
-1200906.56124028,1910238.3302438823,10
-1200443.2485237527,1910238.3302438823,10
-1199979.935807225,1910238.3302438823,10
-1199516.6230906977,1910238.3302438823,10
-1199053.31037417,1910238.3302438823,16
-1198589.9976576427,1910238.3302438823,16
-1198126.684941115,1910238.3302438823,16
-1197663.3722245875,1910238.3302438823,16
-1197200.05950806,1910238.3302438823,10
-1196736.7467915327,1910238.3302438823,10
-1196273.4340750051,1910238.3302438823,16
-1195810.1213584775,1910238.3302438823,10
-1195346.8086419501,1910238.3302438823,10
-1194883.4959254225,1910238.3302438823,10
-1194420.1832088951,1910238.3302438823,10
-1193956.8704923675,1910238.3302438823,10
-1193493.5577758402,1910238.3302438823,10
-1193030.2450593126,1910238.3302438823,10
-1192566.9323427852,1910238.3302438823,10
-1192103.6196262576,1910238.3302438823,10
-1191640.3069097302,1910238.3302438823,10
-1191176.9941932026,1910238.3302438823,16
-1190713.6814766752,1910238.3302438823,16
-1190250.3687601476,1910238.3302438823,16
-1189787.0560436202,1910238.3302438823,16
-1189323.7433270926,1910238.3302438823,16
-1188860.430610565,1910238.3302438823,16
-1188397.1178940376,1910238.3302438823,16
-1187933.80517751,1910238.3302438823,16
-1187470.4924609826,1910238.3302438823,10
-1187007.179744455,1910238.3302438823,10
-1186543.8670279277,1910238.3302438823,10
-1186080.5543114,1910238.3302438823,10
-1185617.2415948727,1910238.3302438823,10
-1185153.928878345,1910238.3302438823,10
-1184690.6161618177,1910238.3302438823,16
-1184227.30344529,1910238.3302438823,16
-1183763.9907287627,1910238.3302438823,16
-1183300.678012235,1910238.3302438823,10
-1182837.3652957077,1910238.3302438823,10
-1182374.05257918,1910238.3302438823,10
-1181910.7398626525,1910238.3302438823,10
-1181447.4271461251,1910238.3302438823,10
-1180984.1144295975,1910238.3302438823,16
-1180520.8017130701,1910238.3302438823,10
-1180057.4889965425,1910238.3302438823,10
-1179594.1762800151,1910238.3302438823,10
-1179130.8635634875,1910238.3302438823,10
-1178667.5508469602,1910238.3302438823,10
-1178204.2381304326,1910238.3302438823,10
-1177740.9254139052,1910238.3302438823,10
-1177277.6126973776,1910238.3302438823,10
-1176814.2999808502,1910238.3302438823,16
-1176350.9872643226,1910238.3302438823,16
-1175887.6745477952,1910238.3302438823,16
-1175424.3618312676,1910238.3302438823,16
-1174961.04911474,1910238.3302438823,10
-1174497.7363982126,1910238.3302438823,10
-1174034.4236816852,1910238.3302438823,16
-1173571.1109651576,1910238.3302438823,16
-1173107.79824863,1910238.3302438823,10
-1172644.4855321026,1910238.3302438823,10
-1172181.172815575,1910238.3302438823,16
-1171717.8600990477,1910238.3302438823,16
-1171254.54738252,1910238.3302438823,16
-1170791.2346659927,1910238.3302438823,16
-1170327.921949465,1910238.3302438823,10
-1169864.6092329377,1910238.3302438823,10
-1169401.29651641,1910238.3302438823,10
-1325537.6819861776,1909775.0175273546,16
-1325074.3692696502,1909775.0175273546,16
-1324611.0565531226,1909775.0175273546,16
-1324147.7438365952,1909775.0175273546,16
-1323684.4311200676,1909775.0175273546,16
-1323221.11840354,1909775.0175273546,16
-1322757.8056870126,1909775.0175273546,16
-1322294.492970485,1909775.0175273546,16
-1321831.1802539576,1909775.0175273546,16
-1321367.86753743,1909775.0175273546,16
-1320904.5548209026,1909775.0175273546,16
-1320441.242104375,1909775.0175273546,16
-1319977.9293878477,1909775.0175273546,10
-1319514.61667132,1909775.0175273546,10
-1319051.3039547927,1909775.0175273546,10
-1318587.991238265,1909775.0175273546,16
-1318124.6785217377,1909775.0175273546,16
-1317661.36580521,1909775.0175273546,16
-1317198.0530886827,1909775.0175273546,16
-1316734.740372155,1909775.0175273546,16
-1316271.4276556277,1909775.0175273546,16
-1315808.1149391,1909775.0175273546,16
-1315344.8022225727,1909775.0175273546,16
-1314881.4895060451,1909775.0175273546,16
-1314418.1767895175,1909775.0175273546,16
-1313954.8640729901,1909775.0175273546,16
-1313491.5513564625,1909775.0175273546,16
-1313028.2386399352,1909775.0175273546,16
-1312564.9259234075,1909775.0175273546,16
-1312101.6132068802,1909775.0175273546,16
-1311638.3004903526,1909775.0175273546,16
-1311174.9877738252,1909775.0175273546,16
-1310711.6750572976,1909775.0175273546,16
-1310248.3623407702,1909775.0175273546,16
-1309785.0496242426,1909775.0175273546,16
-1309321.7369077152,1909775.0175273546,16
-1308858.4241911876,1909775.0175273546,16
-1308395.1114746602,1909775.0175273546,16
-1307931.7987581326,1909775.0175273546,16
-1307468.486041605,1909775.0175273546,16
-1307005.1733250776,1909775.0175273546,16
-1306541.86060855,1909775.0175273546,16
-1306078.5478920226,1909775.0175273546,16
-1305615.235175495,1909775.0175273546,16
-1305151.9224589677,1909775.0175273546,16
-1304688.60974244,1909775.0175273546,16
-1304225.2970259127,1909775.0175273546,16
-1303761.984309385,1909775.0175273546,16
-1303298.6715928577,1909775.0175273546,10
-1302835.35887633,1909775.0175273546,10
-1302372.0461598027,1909775.0175273546,10
-1301908.733443275,1909775.0175273546,16
-1301445.4207267477,1909775.0175273546,16
-1300982.10801022,1909775.0175273546,10
-1300518.7952936925,1909775.0175273546,10
-1300055.4825771651,1909775.0175273546,16
-1299592.1698606375,1909775.0175273546,7
-1299128.8571441101,1909775.0175273546,7
-1298665.5444275825,1909775.0175273546,7
-1298202.2317110552,1909775.0175273546,16
-1297738.9189945275,1909775.0175273546,16
-1297275.6062780002,1909775.0175273546,16
-1296812.2935614726,1909775.0175273546,16
-1296348.9808449452,1909775.0175273546,16
-1295885.6681284176,1909775.0175273546,16
-1295422.3554118902,1909775.0175273546,10
-1294959.0426953626,1909775.0175273546,10
-1294495.7299788352,1909775.0175273546,10
-1294032.4172623076,1909775.0175273546,10
-1293569.10454578,1909775.0175273546,10
-1224535.5097831825,1909775.0175273546,10
-1224072.1970666551,1909775.0175273546,16
-1223608.8843501275,1909775.0175273546,16
-1223145.5716336002,1909775.0175273546,16
-1222682.2589170726,1909775.0175273546,16
-1222218.9462005452,1909775.0175273546,16
-1221755.6334840176,1909775.0175273546,10
-1221292.3207674902,1909775.0175273546,10
-1220829.0080509626,1909775.0175273546,10
-1220365.6953344352,1909775.0175273546,10
-1219902.3826179076,1909775.0175273546,10
-1219439.0699013802,1909775.0175273546,10
-1218975.7571848526,1909775.0175273546,10
-1218512.444468325,1909775.0175273546,10
-1218049.1317517976,1909775.0175273546,10
-1217585.81903527,1909775.0175273546,10
-1217122.5063187426,1909775.0175273546,10
-1216659.193602215,1909775.0175273546,16
-1216195.8808856877,1909775.0175273546,16
-1215732.56816916,1909775.0175273546,16
-1215269.2554526327,1909775.0175273546,16
-1214805.942736105,1909775.0175273546,16
-1214342.6300195777,1909775.0175273546,10
-1213879.31730305,1909775.0175273546,10
-1213416.0045865227,1909775.0175273546,16
-1212952.691869995,1909775.0175273546,16
-1212489.3791534677,1909775.0175273546,16
-1212026.06643694,1909775.0175273546,16
-1211562.7537204125,1909775.0175273546,10
-1211099.4410038851,1909775.0175273546,10
-1210636.1282873575,1909775.0175273546,10
-1210172.8155708301,1909775.0175273546,10
-1209709.5028543025,1909775.0175273546,10
-1209246.1901377751,1909775.0175273546,10
-1208782.8774212475,1909775.0175273546,10
-1208319.5647047202,1909775.0175273546,10
-1207856.2519881926,1909775.0175273546,10
-1207392.9392716652,1909775.0175273546,10
-1206929.6265551376,1909775.0175273546,10
-1206466.3138386102,1909775.0175273546,10
-1206003.0011220826,1909775.0175273546,10
-1205539.6884055552,1909775.0175273546,10
-1205076.3756890276,1909775.0175273546,10
-1204613.0629725,1909775.0175273546,10
-1204149.7502559726,1909775.0175273546,10
-1203686.4375394452,1909775.0175273546,10
-1203223.1248229176,1909775.0175273546,10
-1202759.81210639,1909775.0175273546,10
-1202296.4993898626,1909775.0175273546,10
-1201833.186673335,1909775.0175273546,10
-1201369.8739568077,1909775.0175273546,10
-1200906.56124028,1909775.0175273546,10
-1200443.2485237527,1909775.0175273546,10
-1199979.935807225,1909775.0175273546,10
-1199516.6230906977,1909775.0175273546,10
-1199053.31037417,1909775.0175273546,10
-1198589.9976576427,1909775.0175273546,16
-1198126.684941115,1909775.0175273546,16
-1197663.3722245875,1909775.0175273546,16
-1197200.05950806,1909775.0175273546,16
-1196736.7467915327,1909775.0175273546,10
-1196273.4340750051,1909775.0175273546,10
-1195810.1213584775,1909775.0175273546,10
-1195346.8086419501,1909775.0175273546,10
-1194883.4959254225,1909775.0175273546,10
-1194420.1832088951,1909775.0175273546,10
-1193956.8704923675,1909775.0175273546,10
-1193493.5577758402,1909775.0175273546,10
-1193030.2450593126,1909775.0175273546,10
-1192566.9323427852,1909775.0175273546,10
-1192103.6196262576,1909775.0175273546,10
-1191640.3069097302,1909775.0175273546,10
-1191176.9941932026,1909775.0175273546,10
-1190713.6814766752,1909775.0175273546,16
-1190250.3687601476,1909775.0175273546,16
-1189787.0560436202,1909775.0175273546,16
-1189323.7433270926,1909775.0175273546,16
-1188860.430610565,1909775.0175273546,10
-1188397.1178940376,1909775.0175273546,16
-1187933.80517751,1909775.0175273546,16
-1187470.4924609826,1909775.0175273546,16
-1187007.179744455,1909775.0175273546,10
-1186543.8670279277,1909775.0175273546,10
-1186080.5543114,1909775.0175273546,10
-1185617.2415948727,1909775.0175273546,10
-1185153.928878345,1909775.0175273546,10
-1184690.6161618177,1909775.0175273546,10
-1184227.30344529,1909775.0175273546,10
-1183763.9907287627,1909775.0175273546,16
-1183300.678012235,1909775.0175273546,16
-1182837.3652957077,1909775.0175273546,10
-1182374.05257918,1909775.0175273546,10
-1181910.7398626525,1909775.0175273546,10
-1181447.4271461251,1909775.0175273546,10
-1180984.1144295975,1909775.0175273546,10
-1180520.8017130701,1909775.0175273546,16
-1180057.4889965425,1909775.0175273546,16
-1179594.1762800151,1909775.0175273546,16
-1179130.8635634875,1909775.0175273546,10
-1178667.5508469602,1909775.0175273546,10
-1178204.2381304326,1909775.0175273546,10
-1177740.9254139052,1909775.0175273546,10
-1177277.6126973776,1909775.0175273546,10
-1176814.2999808502,1909775.0175273546,16
-1176350.9872643226,1909775.0175273546,16
-1175887.6745477952,1909775.0175273546,16
-1175424.3618312676,1909775.0175273546,16
-1174961.04911474,1909775.0175273546,16
-1174497.7363982126,1909775.0175273546,16
-1174034.4236816852,1909775.0175273546,16
-1173571.1109651576,1909775.0175273546,16
-1173107.79824863,1909775.0175273546,16
-1172644.4855321026,1909775.0175273546,16
-1172181.172815575,1909775.0175273546,10
-1171717.8600990477,1909775.0175273546,16
-1171254.54738252,1909775.0175273546,16
-1170791.2346659927,1909775.0175273546,16
-1170327.921949465,1909775.0175273546,10
-1169864.6092329377,1909775.0175273546,10
-1326000.9947027052,1909311.7048108273,16
-1325537.6819861776,1909311.7048108273,16
-1325074.3692696502,1909311.7048108273,16
-1324611.0565531226,1909311.7048108273,16
-1324147.7438365952,1909311.7048108273,16
-1323684.4311200676,1909311.7048108273,16
-1323221.11840354,1909311.7048108273,16
-1322757.8056870126,1909311.7048108273,16
-1322294.492970485,1909311.7048108273,16
-1321831.1802539576,1909311.7048108273,16
-1321367.86753743,1909311.7048108273,16
-1320904.5548209026,1909311.7048108273,16
-1320441.242104375,1909311.7048108273,16
-1319977.9293878477,1909311.7048108273,16
-1319514.61667132,1909311.7048108273,10
-1319051.3039547927,1909311.7048108273,10
-1318587.991238265,1909311.7048108273,16
-1318124.6785217377,1909311.7048108273,16
-1317661.36580521,1909311.7048108273,16
-1317198.0530886827,1909311.7048108273,16
-1316734.740372155,1909311.7048108273,16
-1316271.4276556277,1909311.7048108273,16
-1315808.1149391,1909311.7048108273,16
-1315344.8022225727,1909311.7048108273,16
-1314881.4895060451,1909311.7048108273,16
-1314418.1767895175,1909311.7048108273,16
-1313954.8640729901,1909311.7048108273,16
-1313491.5513564625,1909311.7048108273,16
-1313028.2386399352,1909311.7048108273,16
-1312564.9259234075,1909311.7048108273,16
-1312101.6132068802,1909311.7048108273,16
-1311638.3004903526,1909311.7048108273,16
-1311174.9877738252,1909311.7048108273,16
-1310711.6750572976,1909311.7048108273,16
-1310248.3623407702,1909311.7048108273,16
-1309785.0496242426,1909311.7048108273,16
-1309321.7369077152,1909311.7048108273,16
-1308858.4241911876,1909311.7048108273,16
-1308395.1114746602,1909311.7048108273,16
-1307931.7987581326,1909311.7048108273,16
-1307468.486041605,1909311.7048108273,16
-1307005.1733250776,1909311.7048108273,16
-1306541.86060855,1909311.7048108273,16
-1306078.5478920226,1909311.7048108273,16
-1305615.235175495,1909311.7048108273,16
-1305151.9224589677,1909311.7048108273,16
-1304688.60974244,1909311.7048108273,16
-1304225.2970259127,1909311.7048108273,16
-1303761.984309385,1909311.7048108273,10
-1303298.6715928577,1909311.7048108273,10
-1302835.35887633,1909311.7048108273,16
-1302372.0461598027,1909311.7048108273,7
-1301908.733443275,1909311.7048108273,16
-1301445.4207267477,1909311.7048108273,16
-1300982.10801022,1909311.7048108273,10
-1300518.7952936925,1909311.7048108273,10
-1300055.4825771651,1909311.7048108273,16
-1299592.1698606375,1909311.7048108273,16
-1299128.8571441101,1909311.7048108273,10
-1298665.5444275825,1909311.7048108273,7
-1298202.2317110552,1909311.7048108273,7
-1297738.9189945275,1909311.7048108273,7
-1297275.6062780002,1909311.7048108273,16
-1296812.2935614726,1909311.7048108273,16
-1296348.9808449452,1909311.7048108273,16
-1295885.6681284176,1909311.7048108273,16
-1295422.3554118902,1909311.7048108273,16
-1294959.0426953626,1909311.7048108273,10
-1294495.7299788352,1909311.7048108273,10
-1294032.4172623076,1909311.7048108273,10
-1293569.10454578,1909311.7048108273,10
-1293105.7918292526,1909311.7048108273,10
-1292642.479112725,1909311.7048108273,10
-1292179.1663961976,1909311.7048108273,10
-1224535.5097831825,1909311.7048108273,7
-1224072.1970666551,1909311.7048108273,16
-1223608.8843501275,1909311.7048108273,16
-1223145.5716336002,1909311.7048108273,16
-1222682.2589170726,1909311.7048108273,16
-1222218.9462005452,1909311.7048108273,16
-1221755.6334840176,1909311.7048108273,16
-1221292.3207674902,1909311.7048108273,10
-1220829.0080509626,1909311.7048108273,10
-1220365.6953344352,1909311.7048108273,10
-1219902.3826179076,1909311.7048108273,10
-1219439.0699013802,1909311.7048108273,10
-1218975.7571848526,1909311.7048108273,10
-1218512.444468325,1909311.7048108273,10
-1218049.1317517976,1909311.7048108273,10
-1217585.81903527,1909311.7048108273,10
-1217122.5063187426,1909311.7048108273,10
-1216659.193602215,1909311.7048108273,10
-1216195.8808856877,1909311.7048108273,10
-1215732.56816916,1909311.7048108273,16
-1215269.2554526327,1909311.7048108273,16
-1214805.942736105,1909311.7048108273,10
-1214342.6300195777,1909311.7048108273,10
-1213879.31730305,1909311.7048108273,10
-1213416.0045865227,1909311.7048108273,10
-1212952.691869995,1909311.7048108273,16
-1212489.3791534677,1909311.7048108273,16
-1212026.06643694,1909311.7048108273,16
-1211562.7537204125,1909311.7048108273,10
-1211099.4410038851,1909311.7048108273,10
-1210636.1282873575,1909311.7048108273,10
-1210172.8155708301,1909311.7048108273,10
-1209709.5028543025,1909311.7048108273,10
-1209246.1901377751,1909311.7048108273,10
-1208782.8774212475,1909311.7048108273,10
-1208319.5647047202,1909311.7048108273,10
-1207856.2519881926,1909311.7048108273,10
-1207392.9392716652,1909311.7048108273,10
-1206929.6265551376,1909311.7048108273,10
-1206466.3138386102,1909311.7048108273,10
-1206003.0011220826,1909311.7048108273,10
-1205539.6884055552,1909311.7048108273,10
-1205076.3756890276,1909311.7048108273,10
-1204613.0629725,1909311.7048108273,10
-1204149.7502559726,1909311.7048108273,10
-1203686.4375394452,1909311.7048108273,10
-1203223.1248229176,1909311.7048108273,10
-1202759.81210639,1909311.7048108273,10
-1202296.4993898626,1909311.7048108273,10
-1201833.186673335,1909311.7048108273,10
-1201369.8739568077,1909311.7048108273,10
-1200906.56124028,1909311.7048108273,10
-1200443.2485237527,1909311.7048108273,10
-1199979.935807225,1909311.7048108273,10
-1199516.6230906977,1909311.7048108273,10
-1199053.31037417,1909311.7048108273,10
-1198589.9976576427,1909311.7048108273,10
-1198126.684941115,1909311.7048108273,16
-1197663.3722245875,1909311.7048108273,16
-1197200.05950806,1909311.7048108273,16
-1196736.7467915327,1909311.7048108273,10
-1196273.4340750051,1909311.7048108273,10
-1195810.1213584775,1909311.7048108273,10
-1195346.8086419501,1909311.7048108273,10
-1194883.4959254225,1909311.7048108273,10
-1194420.1832088951,1909311.7048108273,10
-1193956.8704923675,1909311.7048108273,10
-1193493.5577758402,1909311.7048108273,10
-1193030.2450593126,1909311.7048108273,10
-1192566.9323427852,1909311.7048108273,10
-1192103.6196262576,1909311.7048108273,10
-1191640.3069097302,1909311.7048108273,10
-1191176.9941932026,1909311.7048108273,16
-1190713.6814766752,1909311.7048108273,16
-1190250.3687601476,1909311.7048108273,16
-1189787.0560436202,1909311.7048108273,16
-1189323.7433270926,1909311.7048108273,16
-1188860.430610565,1909311.7048108273,16
-1188397.1178940376,1909311.7048108273,10
-1187933.80517751,1909311.7048108273,16
-1187470.4924609826,1909311.7048108273,10
-1187007.179744455,1909311.7048108273,10
-1186543.8670279277,1909311.7048108273,16
-1186080.5543114,1909311.7048108273,16
-1185617.2415948727,1909311.7048108273,10
-1185153.928878345,1909311.7048108273,10
-1184690.6161618177,1909311.7048108273,10
-1184227.30344529,1909311.7048108273,10
-1183763.9907287627,1909311.7048108273,16
-1183300.678012235,1909311.7048108273,16
-1182837.3652957077,1909311.7048108273,16
-1182374.05257918,1909311.7048108273,16
-1181910.7398626525,1909311.7048108273,10
-1181447.4271461251,1909311.7048108273,10
-1180984.1144295975,1909311.7048108273,10
-1180520.8017130701,1909311.7048108273,10
-1180057.4889965425,1909311.7048108273,16
-1179594.1762800151,1909311.7048108273,16
-1179130.8635634875,1909311.7048108273,16
-1178667.5508469602,1909311.7048108273,16
-1178204.2381304326,1909311.7048108273,16
-1177740.9254139052,1909311.7048108273,10
-1177277.6126973776,1909311.7048108273,10
-1176814.2999808502,1909311.7048108273,16
-1176350.9872643226,1909311.7048108273,16
-1175887.6745477952,1909311.7048108273,16
-1175424.3618312676,1909311.7048108273,10
-1174961.04911474,1909311.7048108273,16
-1174497.7363982126,1909311.7048108273,16
-1174034.4236816852,1909311.7048108273,16
-1173571.1109651576,1909311.7048108273,16
-1173107.79824863,1909311.7048108273,16
-1172644.4855321026,1909311.7048108273,16
-1172181.172815575,1909311.7048108273,16
-1171717.8600990477,1909311.7048108273,16
-1171254.54738252,1909311.7048108273,16
-1170791.2346659927,1909311.7048108273,10
-1170327.921949465,1909311.7048108273,10
-1169864.6092329377,1909311.7048108273,10
-1326464.3074192326,1908848.3920942997,16
-1326000.9947027052,1908848.3920942997,16
-1325537.6819861776,1908848.3920942997,16
-1325074.3692696502,1908848.3920942997,16
-1324611.0565531226,1908848.3920942997,16
-1324147.7438365952,1908848.3920942997,16
-1323684.4311200676,1908848.3920942997,16
-1323221.11840354,1908848.3920942997,16
-1322757.8056870126,1908848.3920942997,16
-1322294.492970485,1908848.3920942997,16
-1321831.1802539576,1908848.3920942997,16
-1321367.86753743,1908848.3920942997,16
-1320904.5548209026,1908848.3920942997,16
-1320441.242104375,1908848.3920942997,16
-1319977.9293878477,1908848.3920942997,16
-1319514.61667132,1908848.3920942997,10
-1319051.3039547927,1908848.3920942997,10
-1318587.991238265,1908848.3920942997,10
-1318124.6785217377,1908848.3920942997,16
-1317661.36580521,1908848.3920942997,16
-1317198.0530886827,1908848.3920942997,16
-1316734.740372155,1908848.3920942997,16
-1316271.4276556277,1908848.3920942997,16
-1315808.1149391,1908848.3920942997,16
-1315344.8022225727,1908848.3920942997,16
-1314881.4895060451,1908848.3920942997,16
-1314418.1767895175,1908848.3920942997,16
-1313954.8640729901,1908848.3920942997,16
-1313491.5513564625,1908848.3920942997,16
-1313028.2386399352,1908848.3920942997,16
-1312564.9259234075,1908848.3920942997,16
-1312101.6132068802,1908848.3920942997,16
-1311638.3004903526,1908848.3920942997,16
-1311174.9877738252,1908848.3920942997,16
-1310711.6750572976,1908848.3920942997,16
-1310248.3623407702,1908848.3920942997,16
-1309785.0496242426,1908848.3920942997,16
-1309321.7369077152,1908848.3920942997,16
-1308858.4241911876,1908848.3920942997,16
-1308395.1114746602,1908848.3920942997,16
-1307931.7987581326,1908848.3920942997,16
-1307468.486041605,1908848.3920942997,16
-1307005.1733250776,1908848.3920942997,16
-1306541.86060855,1908848.3920942997,16
-1306078.5478920226,1908848.3920942997,16
-1305615.235175495,1908848.3920942997,16
-1305151.9224589677,1908848.3920942997,16
-1304688.60974244,1908848.3920942997,16
-1304225.2970259127,1908848.3920942997,16
-1303761.984309385,1908848.3920942997,10
-1303298.6715928577,1908848.3920942997,10
-1302835.35887633,1908848.3920942997,16
-1302372.0461598027,1908848.3920942997,16
-1301908.733443275,1908848.3920942997,16
-1301445.4207267477,1908848.3920942997,16
-1300982.10801022,1908848.3920942997,16
-1300518.7952936925,1908848.3920942997,10
-1300055.4825771651,1908848.3920942997,10
-1299592.1698606375,1908848.3920942997,16
-1299128.8571441101,1908848.3920942997,16
-1298665.5444275825,1908848.3920942997,7
-1298202.2317110552,1908848.3920942997,10
-1297738.9189945275,1908848.3920942997,7
-1297275.6062780002,1908848.3920942997,16
-1296812.2935614726,1908848.3920942997,16
-1296348.9808449452,1908848.3920942997,16
-1295885.6681284176,1908848.3920942997,16
-1295422.3554118902,1908848.3920942997,16
-1294959.0426953626,1908848.3920942997,10
-1294495.7299788352,1908848.3920942997,10
-1294032.4172623076,1908848.3920942997,10
-1293569.10454578,1908848.3920942997,10
-1293105.7918292526,1908848.3920942997,16
-1292642.479112725,1908848.3920942997,16
-1292179.1663961976,1908848.3920942997,10
-1291715.85367967,1908848.3920942997,10
-1291252.5409631426,1908848.3920942997,10
-1290789.228246615,1908848.3920942997,10
-1224998.8224997101,1908848.3920942997,10
-1224535.5097831825,1908848.3920942997,10
-1224072.1970666551,1908848.3920942997,10
-1223608.8843501275,1908848.3920942997,16
-1223145.5716336002,1908848.3920942997,16
-1222682.2589170726,1908848.3920942997,16
-1222218.9462005452,1908848.3920942997,16
-1221755.6334840176,1908848.3920942997,16
-1221292.3207674902,1908848.3920942997,10
-1220829.0080509626,1908848.3920942997,10
-1220365.6953344352,1908848.3920942997,10
-1219902.3826179076,1908848.3920942997,10
-1219439.0699013802,1908848.3920942997,10
-1218975.7571848526,1908848.3920942997,10
-1218512.444468325,1908848.3920942997,10
-1218049.1317517976,1908848.3920942997,10
-1217585.81903527,1908848.3920942997,10
-1217122.5063187426,1908848.3920942997,10
-1216659.193602215,1908848.3920942997,10
-1216195.8808856877,1908848.3920942997,10
-1215732.56816916,1908848.3920942997,10
-1215269.2554526327,1908848.3920942997,16
-1214805.942736105,1908848.3920942997,10
-1214342.6300195777,1908848.3920942997,10
-1213879.31730305,1908848.3920942997,10
-1213416.0045865227,1908848.3920942997,10
-1212952.691869995,1908848.3920942997,10
-1212489.3791534677,1908848.3920942997,10
-1212026.06643694,1908848.3920942997,10
-1211562.7537204125,1908848.3920942997,10
-1211099.4410038851,1908848.3920942997,10
-1210636.1282873575,1908848.3920942997,10
-1210172.8155708301,1908848.3920942997,10
-1209709.5028543025,1908848.3920942997,10
-1209246.1901377751,1908848.3920942997,10
-1208782.8774212475,1908848.3920942997,10
-1208319.5647047202,1908848.3920942997,10
-1207856.2519881926,1908848.3920942997,10
-1207392.9392716652,1908848.3920942997,10
-1206929.6265551376,1908848.3920942997,10
-1206466.3138386102,1908848.3920942997,10
-1206003.0011220826,1908848.3920942997,10
-1205539.6884055552,1908848.3920942997,10
-1205076.3756890276,1908848.3920942997,10
-1204613.0629725,1908848.3920942997,10
-1204149.7502559726,1908848.3920942997,10
-1203686.4375394452,1908848.3920942997,10
-1203223.1248229176,1908848.3920942997,10
-1202759.81210639,1908848.3920942997,10
-1202296.4993898626,1908848.3920942997,10
-1201833.186673335,1908848.3920942997,10
-1201369.8739568077,1908848.3920942997,10
-1200906.56124028,1908848.3920942997,10
-1200443.2485237527,1908848.3920942997,10
-1199979.935807225,1908848.3920942997,10
-1199516.6230906977,1908848.3920942997,10
-1199053.31037417,1908848.3920942997,10
-1198589.9976576427,1908848.3920942997,10
-1198126.684941115,1908848.3920942997,10
-1197663.3722245875,1908848.3920942997,16
-1197200.05950806,1908848.3920942997,16
-1196736.7467915327,1908848.3920942997,10
-1196273.4340750051,1908848.3920942997,10
-1195810.1213584775,1908848.3920942997,10
-1195346.8086419501,1908848.3920942997,10
-1194883.4959254225,1908848.3920942997,10
-1194420.1832088951,1908848.3920942997,10
-1193956.8704923675,1908848.3920942997,10
-1193493.5577758402,1908848.3920942997,16
-1193030.2450593126,1908848.3920942997,16
-1192566.9323427852,1908848.3920942997,16
-1192103.6196262576,1908848.3920942997,10
-1191640.3069097302,1908848.3920942997,10
-1191176.9941932026,1908848.3920942997,16
-1190713.6814766752,1908848.3920942997,16
-1190250.3687601476,1908848.3920942997,16
-1189787.0560436202,1908848.3920942997,10
-1189323.7433270926,1908848.3920942997,10
-1188860.430610565,1908848.3920942997,10
-1188397.1178940376,1908848.3920942997,16
-1187933.80517751,1908848.3920942997,16
-1187470.4924609826,1908848.3920942997,10
-1187007.179744455,1908848.3920942997,10
-1186543.8670279277,1908848.3920942997,16
-1186080.5543114,1908848.3920942997,16
-1185617.2415948727,1908848.3920942997,10
-1185153.928878345,1908848.3920942997,10
-1184690.6161618177,1908848.3920942997,10
-1184227.30344529,1908848.3920942997,10
-1183763.9907287627,1908848.3920942997,10
-1183300.678012235,1908848.3920942997,16
-1182837.3652957077,1908848.3920942997,16
-1182374.05257918,1908848.3920942997,16
-1181910.7398626525,1908848.3920942997,16
-1181447.4271461251,1908848.3920942997,10
-1180984.1144295975,1908848.3920942997,10
-1180520.8017130701,1908848.3920942997,10
-1180057.4889965425,1908848.3920942997,10
-1179594.1762800151,1908848.3920942997,16
-1179130.8635634875,1908848.3920942997,16
-1178667.5508469602,1908848.3920942997,16
-1178204.2381304326,1908848.3920942997,16
-1177740.9254139052,1908848.3920942997,10
-1177277.6126973776,1908848.3920942997,10
-1176814.2999808502,1908848.3920942997,10
-1176350.9872643226,1908848.3920942997,10
-1175887.6745477952,1908848.3920942997,10
-1175424.3618312676,1908848.3920942997,10
-1174961.04911474,1908848.3920942997,10
-1174497.7363982126,1908848.3920942997,10
-1174034.4236816852,1908848.3920942997,10
-1173571.1109651576,1908848.3920942997,10
-1173107.79824863,1908848.3920942997,16
-1172644.4855321026,1908848.3920942997,16
-1172181.172815575,1908848.3920942997,16
-1171717.8600990477,1908848.3920942997,16
-1171254.54738252,1908848.3920942997,16
-1170791.2346659927,1908848.3920942997,10
-1170327.921949465,1908848.3920942997,10
-1169864.6092329377,1908848.3920942997,10
-1326464.3074192326,1908385.0793777723,16
-1326000.9947027052,1908385.0793777723,16
-1325537.6819861776,1908385.0793777723,16
-1325074.3692696502,1908385.0793777723,16
-1324611.0565531226,1908385.0793777723,16
-1324147.7438365952,1908385.0793777723,16
-1323684.4311200676,1908385.0793777723,16
-1323221.11840354,1908385.0793777723,16
-1322757.8056870126,1908385.0793777723,16
-1322294.492970485,1908385.0793777723,16
-1321831.1802539576,1908385.0793777723,16
-1321367.86753743,1908385.0793777723,16
-1320904.5548209026,1908385.0793777723,16
-1320441.242104375,1908385.0793777723,16
-1319977.9293878477,1908385.0793777723,16
-1319514.61667132,1908385.0793777723,10
-1319051.3039547927,1908385.0793777723,10
-1318587.991238265,1908385.0793777723,10
-1318124.6785217377,1908385.0793777723,16
-1317661.36580521,1908385.0793777723,16
-1317198.0530886827,1908385.0793777723,16
-1316734.740372155,1908385.0793777723,16
-1316271.4276556277,1908385.0793777723,16
-1315808.1149391,1908385.0793777723,16
-1315344.8022225727,1908385.0793777723,16
-1314881.4895060451,1908385.0793777723,16
-1314418.1767895175,1908385.0793777723,16
-1313954.8640729901,1908385.0793777723,16
-1313491.5513564625,1908385.0793777723,16
-1313028.2386399352,1908385.0793777723,16
-1312564.9259234075,1908385.0793777723,16
-1312101.6132068802,1908385.0793777723,16
-1311638.3004903526,1908385.0793777723,16
-1311174.9877738252,1908385.0793777723,16
-1310711.6750572976,1908385.0793777723,16
-1310248.3623407702,1908385.0793777723,16
-1309785.0496242426,1908385.0793777723,16
-1309321.7369077152,1908385.0793777723,16
-1308858.4241911876,1908385.0793777723,16
-1308395.1114746602,1908385.0793777723,16
-1307931.7987581326,1908385.0793777723,16
-1307468.486041605,1908385.0793777723,16
-1307005.1733250776,1908385.0793777723,16
-1306541.86060855,1908385.0793777723,16
-1306078.5478920226,1908385.0793777723,16
-1305615.235175495,1908385.0793777723,16
-1305151.9224589677,1908385.0793777723,16
-1304688.60974244,1908385.0793777723,16
-1304225.2970259127,1908385.0793777723,16
-1303761.984309385,1908385.0793777723,16
-1303298.6715928577,1908385.0793777723,16
-1302835.35887633,1908385.0793777723,16
-1302372.0461598027,1908385.0793777723,16
-1301908.733443275,1908385.0793777723,16
-1301445.4207267477,1908385.0793777723,10
-1300982.10801022,1908385.0793777723,10
-1300518.7952936925,1908385.0793777723,16
-1300055.4825771651,1908385.0793777723,10
-1299592.1698606375,1908385.0793777723,16
-1299128.8571441101,1908385.0793777723,16
-1298665.5444275825,1908385.0793777723,16
-1298202.2317110552,1908385.0793777723,10
-1297738.9189945275,1908385.0793777723,7
-1297275.6062780002,1908385.0793777723,7
-1296812.2935614726,1908385.0793777723,16
-1296348.9808449452,1908385.0793777723,16
-1295885.6681284176,1908385.0793777723,16
-1295422.3554118902,1908385.0793777723,16
-1294959.0426953626,1908385.0793777723,10
-1294495.7299788352,1908385.0793777723,10
-1294032.4172623076,1908385.0793777723,10
-1293569.10454578,1908385.0793777723,10
-1293105.7918292526,1908385.0793777723,10
-1292642.479112725,1908385.0793777723,10
-1292179.1663961976,1908385.0793777723,10
-1291715.85367967,1908385.0793777723,10
-1291252.5409631426,1908385.0793777723,16
-1290789.228246615,1908385.0793777723,16
-1290325.9155300877,1908385.0793777723,16
-1289862.60281356,1908385.0793777723,10
-1289399.2900970327,1908385.0793777723,10
-1225462.1352162375,1908385.0793777723,10
-1224998.8224997101,1908385.0793777723,10
-1224535.5097831825,1908385.0793777723,10
-1224072.1970666551,1908385.0793777723,10
-1223608.8843501275,1908385.0793777723,16
-1223145.5716336002,1908385.0793777723,16
-1222682.2589170726,1908385.0793777723,16
-1222218.9462005452,1908385.0793777723,16
-1221755.6334840176,1908385.0793777723,16
-1221292.3207674902,1908385.0793777723,16
-1220829.0080509626,1908385.0793777723,10
-1220365.6953344352,1908385.0793777723,10
-1219902.3826179076,1908385.0793777723,10
-1219439.0699013802,1908385.0793777723,10
-1218975.7571848526,1908385.0793777723,10
-1218512.444468325,1908385.0793777723,10
-1218049.1317517976,1908385.0793777723,10
-1217585.81903527,1908385.0793777723,10
-1217122.5063187426,1908385.0793777723,10
-1216659.193602215,1908385.0793777723,10
-1216195.8808856877,1908385.0793777723,10
-1215732.56816916,1908385.0793777723,16
-1215269.2554526327,1908385.0793777723,16
-1214805.942736105,1908385.0793777723,16
-1214342.6300195777,1908385.0793777723,10
-1213879.31730305,1908385.0793777723,10
-1213416.0045865227,1908385.0793777723,10
-1212952.691869995,1908385.0793777723,10
-1212489.3791534677,1908385.0793777723,10
-1212026.06643694,1908385.0793777723,10
-1211562.7537204125,1908385.0793777723,10
-1211099.4410038851,1908385.0793777723,10
-1210636.1282873575,1908385.0793777723,10
-1210172.8155708301,1908385.0793777723,10
-1209709.5028543025,1908385.0793777723,10
-1209246.1901377751,1908385.0793777723,10
-1208782.8774212475,1908385.0793777723,10
-1208319.5647047202,1908385.0793777723,10
-1207856.2519881926,1908385.0793777723,10
-1207392.9392716652,1908385.0793777723,10
-1206929.6265551376,1908385.0793777723,10
-1206466.3138386102,1908385.0793777723,10
-1206003.0011220826,1908385.0793777723,10
-1205539.6884055552,1908385.0793777723,10
-1205076.3756890276,1908385.0793777723,10
-1204613.0629725,1908385.0793777723,10
-1204149.7502559726,1908385.0793777723,10
-1203686.4375394452,1908385.0793777723,10
-1203223.1248229176,1908385.0793777723,10
-1202759.81210639,1908385.0793777723,10
-1202296.4993898626,1908385.0793777723,10
-1201833.186673335,1908385.0793777723,10
-1201369.8739568077,1908385.0793777723,10
-1200906.56124028,1908385.0793777723,10
-1200443.2485237527,1908385.0793777723,10
-1199979.935807225,1908385.0793777723,10
-1199516.6230906977,1908385.0793777723,10
-1199053.31037417,1908385.0793777723,10
-1198589.9976576427,1908385.0793777723,10
-1198126.684941115,1908385.0793777723,16
-1197663.3722245875,1908385.0793777723,16
-1197200.05950806,1908385.0793777723,10
-1196736.7467915327,1908385.0793777723,10
-1196273.4340750051,1908385.0793777723,10
-1195810.1213584775,1908385.0793777723,10
-1195346.8086419501,1908385.0793777723,10
-1194883.4959254225,1908385.0793777723,10
-1194420.1832088951,1908385.0793777723,10
-1193956.8704923675,1908385.0793777723,16
-1193493.5577758402,1908385.0793777723,16
-1193030.2450593126,1908385.0793777723,16
-1192566.9323427852,1908385.0793777723,16
-1192103.6196262576,1908385.0793777723,16
-1191640.3069097302,1908385.0793777723,16
-1191176.9941932026,1908385.0793777723,16
-1190713.6814766752,1908385.0793777723,16
-1190250.3687601476,1908385.0793777723,10
-1189787.0560436202,1908385.0793777723,10
-1189323.7433270926,1908385.0793777723,10
-1188860.430610565,1908385.0793777723,10
-1188397.1178940376,1908385.0793777723,16
-1187933.80517751,1908385.0793777723,16
-1187470.4924609826,1908385.0793777723,16
-1187007.179744455,1908385.0793777723,16
-1186543.8670279277,1908385.0793777723,16
-1186080.5543114,1908385.0793777723,16
-1185617.2415948727,1908385.0793777723,10
-1185153.928878345,1908385.0793777723,10
-1184690.6161618177,1908385.0793777723,10
-1184227.30344529,1908385.0793777723,10
-1183763.9907287627,1908385.0793777723,10
-1183300.678012235,1908385.0793777723,16
-1182837.3652957077,1908385.0793777723,16
-1182374.05257918,1908385.0793777723,16
-1181910.7398626525,1908385.0793777723,16
-1181447.4271461251,1908385.0793777723,10
-1180984.1144295975,1908385.0793777723,10
-1180520.8017130701,1908385.0793777723,10
-1180057.4889965425,1908385.0793777723,10
-1179594.1762800151,1908385.0793777723,16
-1179130.8635634875,1908385.0793777723,16
-1178667.5508469602,1908385.0793777723,16
-1178204.2381304326,1908385.0793777723,10
-1177740.9254139052,1908385.0793777723,16
-1177277.6126973776,1908385.0793777723,16
-1176814.2999808502,1908385.0793777723,10
-1176350.9872643226,1908385.0793777723,10
-1175887.6745477952,1908385.0793777723,10
-1175424.3618312676,1908385.0793777723,10
-1174961.04911474,1908385.0793777723,10
-1174497.7363982126,1908385.0793777723,10
-1174034.4236816852,1908385.0793777723,10
-1173571.1109651576,1908385.0793777723,10
-1173107.79824863,1908385.0793777723,10
-1172644.4855321026,1908385.0793777723,10
-1172181.172815575,1908385.0793777723,10
-1171717.8600990477,1908385.0793777723,16
-1171254.54738252,1908385.0793777723,16
-1170791.2346659927,1908385.0793777723,10
-1170327.921949465,1908385.0793777723,10
-1326927.6201357602,1907921.7666612447,16
-1326464.3074192326,1907921.7666612447,16
-1326000.9947027052,1907921.7666612447,16
-1325537.6819861776,1907921.7666612447,16
-1325074.3692696502,1907921.7666612447,16
-1324611.0565531226,1907921.7666612447,16
-1324147.7438365952,1907921.7666612447,16
-1323684.4311200676,1907921.7666612447,16
-1323221.11840354,1907921.7666612447,16
-1322757.8056870126,1907921.7666612447,16
-1322294.492970485,1907921.7666612447,16
-1321831.1802539576,1907921.7666612447,16
-1321367.86753743,1907921.7666612447,16
-1320904.5548209026,1907921.7666612447,16
-1320441.242104375,1907921.7666612447,16
-1319977.9293878477,1907921.7666612447,16
-1319514.61667132,1907921.7666612447,10
-1319051.3039547927,1907921.7666612447,10
-1318587.991238265,1907921.7666612447,10
-1318124.6785217377,1907921.7666612447,10
-1317661.36580521,1907921.7666612447,16
-1317198.0530886827,1907921.7666612447,16
-1316734.740372155,1907921.7666612447,16
-1316271.4276556277,1907921.7666612447,16
-1315808.1149391,1907921.7666612447,16
-1315344.8022225727,1907921.7666612447,16
-1314881.4895060451,1907921.7666612447,16
-1314418.1767895175,1907921.7666612447,16
-1313954.8640729901,1907921.7666612447,16
-1313491.5513564625,1907921.7666612447,16
-1313028.2386399352,1907921.7666612447,16
-1312564.9259234075,1907921.7666612447,16
-1312101.6132068802,1907921.7666612447,16
-1311638.3004903526,1907921.7666612447,16
-1311174.9877738252,1907921.7666612447,16
-1310711.6750572976,1907921.7666612447,16
-1310248.3623407702,1907921.7666612447,16
-1309785.0496242426,1907921.7666612447,16
-1309321.7369077152,1907921.7666612447,16
-1308858.4241911876,1907921.7666612447,16
-1308395.1114746602,1907921.7666612447,16
-1307931.7987581326,1907921.7666612447,16
-1307468.486041605,1907921.7666612447,16
-1307005.1733250776,1907921.7666612447,16
-1306541.86060855,1907921.7666612447,16
-1306078.5478920226,1907921.7666612447,16
-1305615.235175495,1907921.7666612447,16
-1305151.9224589677,1907921.7666612447,16
-1304688.60974244,1907921.7666612447,16
-1304225.2970259127,1907921.7666612447,16
-1303761.984309385,1907921.7666612447,10
-1303298.6715928577,1907921.7666612447,10
-1302835.35887633,1907921.7666612447,10
-1302372.0461598027,1907921.7666612447,16
-1301908.733443275,1907921.7666612447,16
-1301445.4207267477,1907921.7666612447,10
-1300982.10801022,1907921.7666612447,10
-1300518.7952936925,1907921.7666612447,16
-1300055.4825771651,1907921.7666612447,10
-1299592.1698606375,1907921.7666612447,10
-1299128.8571441101,1907921.7666612447,16
-1298665.5444275825,1907921.7666612447,16
-1298202.2317110552,1907921.7666612447,10
-1297738.9189945275,1907921.7666612447,10
-1297275.6062780002,1907921.7666612447,7
-1296812.2935614726,1907921.7666612447,10
-1296348.9808449452,1907921.7666612447,16
-1295885.6681284176,1907921.7666612447,16
-1295422.3554118902,1907921.7666612447,16
-1294959.0426953626,1907921.7666612447,10
-1294495.7299788352,1907921.7666612447,7
-1294032.4172623076,1907921.7666612447,7
-1293569.10454578,1907921.7666612447,7
-1293105.7918292526,1907921.7666612447,10
-1292642.479112725,1907921.7666612447,10
-1292179.1663961976,1907921.7666612447,16
-1291715.85367967,1907921.7666612447,16
-1291252.5409631426,1907921.7666612447,16
-1290789.228246615,1907921.7666612447,16
-1290325.9155300877,1907921.7666612447,16
-1289862.60281356,1907921.7666612447,10
-1289399.2900970327,1907921.7666612447,10
-1288935.977380505,1907921.7666612447,10
-1288472.6646639777,1907921.7666612447,10
-1225925.4479327651,1907921.7666612447,10
-1225462.1352162375,1907921.7666612447,10
-1224998.8224997101,1907921.7666612447,10
-1224535.5097831825,1907921.7666612447,10
-1224072.1970666551,1907921.7666612447,7
-1223608.8843501275,1907921.7666612447,16
-1223145.5716336002,1907921.7666612447,16
-1222682.2589170726,1907921.7666612447,16
-1222218.9462005452,1907921.7666612447,16
-1221755.6334840176,1907921.7666612447,16
-1221292.3207674902,1907921.7666612447,16
-1220829.0080509626,1907921.7666612447,10
-1220365.6953344352,1907921.7666612447,10
-1219902.3826179076,1907921.7666612447,10
-1219439.0699013802,1907921.7666612447,10
-1218975.7571848526,1907921.7666612447,10
-1218512.444468325,1907921.7666612447,10
-1218049.1317517976,1907921.7666612447,10
-1217585.81903527,1907921.7666612447,10
-1217122.5063187426,1907921.7666612447,10
-1216659.193602215,1907921.7666612447,10
-1216195.8808856877,1907921.7666612447,10
-1215732.56816916,1907921.7666612447,16
-1215269.2554526327,1907921.7666612447,16
-1214805.942736105,1907921.7666612447,16
-1214342.6300195777,1907921.7666612447,10
-1213879.31730305,1907921.7666612447,10
-1213416.0045865227,1907921.7666612447,10
-1212952.691869995,1907921.7666612447,10
-1212489.3791534677,1907921.7666612447,10
-1212026.06643694,1907921.7666612447,10
-1211562.7537204125,1907921.7666612447,10
-1211099.4410038851,1907921.7666612447,10
-1210636.1282873575,1907921.7666612447,10
-1210172.8155708301,1907921.7666612447,10
-1209709.5028543025,1907921.7666612447,10
-1209246.1901377751,1907921.7666612447,10
-1208782.8774212475,1907921.7666612447,10
-1208319.5647047202,1907921.7666612447,10
-1207856.2519881926,1907921.7666612447,10
-1207392.9392716652,1907921.7666612447,10
-1206929.6265551376,1907921.7666612447,10
-1206466.3138386102,1907921.7666612447,10
-1206003.0011220826,1907921.7666612447,10
-1205539.6884055552,1907921.7666612447,10
-1205076.3756890276,1907921.7666612447,10
-1204613.0629725,1907921.7666612447,10
-1204149.7502559726,1907921.7666612447,10
-1203686.4375394452,1907921.7666612447,10
-1203223.1248229176,1907921.7666612447,10
-1202759.81210639,1907921.7666612447,10
-1202296.4993898626,1907921.7666612447,10
-1201833.186673335,1907921.7666612447,10
-1201369.8739568077,1907921.7666612447,10
-1200906.56124028,1907921.7666612447,10
-1200443.2485237527,1907921.7666612447,10
-1199979.935807225,1907921.7666612447,10
-1199516.6230906977,1907921.7666612447,10
-1199053.31037417,1907921.7666612447,10
-1198589.9976576427,1907921.7666612447,10
-1198126.684941115,1907921.7666612447,10
-1197663.3722245875,1907921.7666612447,10
-1197200.05950806,1907921.7666612447,10
-1196736.7467915327,1907921.7666612447,10
-1196273.4340750051,1907921.7666612447,10
-1195810.1213584775,1907921.7666612447,10
-1195346.8086419501,1907921.7666612447,10
-1194883.4959254225,1907921.7666612447,10
-1194420.1832088951,1907921.7666612447,16
-1193956.8704923675,1907921.7666612447,16
-1193493.5577758402,1907921.7666612447,16
-1193030.2450593126,1907921.7666612447,16
-1192566.9323427852,1907921.7666612447,16
-1192103.6196262576,1907921.7666612447,16
-1191640.3069097302,1907921.7666612447,16
-1191176.9941932026,1907921.7666612447,16
-1190713.6814766752,1907921.7666612447,16
-1190250.3687601476,1907921.7666612447,10
-1189787.0560436202,1907921.7666612447,10
-1189323.7433270926,1907921.7666612447,10
-1188860.430610565,1907921.7666612447,10
-1188397.1178940376,1907921.7666612447,10
-1187933.80517751,1907921.7666612447,10
-1187470.4924609826,1907921.7666612447,10
-1187007.179744455,1907921.7666612447,16
-1186543.8670279277,1907921.7666612447,10
-1186080.5543114,1907921.7666612447,10
-1185617.2415948727,1907921.7666612447,10
-1185153.928878345,1907921.7666612447,10
-1184690.6161618177,1907921.7666612447,10
-1184227.30344529,1907921.7666612447,10
-1183763.9907287627,1907921.7666612447,16
-1183300.678012235,1907921.7666612447,16
-1182837.3652957077,1907921.7666612447,16
-1182374.05257918,1907921.7666612447,16
-1181910.7398626525,1907921.7666612447,16
-1181447.4271461251,1907921.7666612447,10
-1180984.1144295975,1907921.7666612447,10
-1180520.8017130701,1907921.7666612447,10
-1180057.4889965425,1907921.7666612447,10
-1179594.1762800151,1907921.7666612447,16
-1179130.8635634875,1907921.7666612447,16
-1178667.5508469602,1907921.7666612447,16
-1178204.2381304326,1907921.7666612447,10
-1177740.9254139052,1907921.7666612447,10
-1177277.6126973776,1907921.7666612447,16
-1176814.2999808502,1907921.7666612447,16
-1176350.9872643226,1907921.7666612447,10
-1175887.6745477952,1907921.7666612447,10
-1175424.3618312676,1907921.7666612447,10
-1174961.04911474,1907921.7666612447,10
-1174497.7363982126,1907921.7666612447,10
-1174034.4236816852,1907921.7666612447,10
-1173571.1109651576,1907921.7666612447,10
-1173107.79824863,1907921.7666612447,10
-1172644.4855321026,1907921.7666612447,10
-1172181.172815575,1907921.7666612447,10
-1171717.8600990477,1907921.7666612447,10
-1171254.54738252,1907921.7666612447,16
-1170791.2346659927,1907921.7666612447,10
-1170327.921949465,1907921.7666612447,10
-1169864.6092329377,1907921.7666612447,10
-1327390.9328522875,1907458.4539447173,16
-1326927.6201357602,1907458.4539447173,16
-1326464.3074192326,1907458.4539447173,16
-1326000.9947027052,1907458.4539447173,16
-1325537.6819861776,1907458.4539447173,16
-1325074.3692696502,1907458.4539447173,16
-1324611.0565531226,1907458.4539447173,16
-1324147.7438365952,1907458.4539447173,16
-1323684.4311200676,1907458.4539447173,16
-1323221.11840354,1907458.4539447173,16
-1322757.8056870126,1907458.4539447173,16
-1322294.492970485,1907458.4539447173,16
-1321831.1802539576,1907458.4539447173,16
-1321367.86753743,1907458.4539447173,16
-1320904.5548209026,1907458.4539447173,16
-1320441.242104375,1907458.4539447173,16
-1319977.9293878477,1907458.4539447173,10
-1319514.61667132,1907458.4539447173,10
-1319051.3039547927,1907458.4539447173,10
-1318587.991238265,1907458.4539447173,10
-1318124.6785217377,1907458.4539447173,10
-1317661.36580521,1907458.4539447173,16
-1317198.0530886827,1907458.4539447173,16
-1316734.740372155,1907458.4539447173,16
-1316271.4276556277,1907458.4539447173,16
-1315808.1149391,1907458.4539447173,16
-1315344.8022225727,1907458.4539447173,16
-1314881.4895060451,1907458.4539447173,16
-1314418.1767895175,1907458.4539447173,10
-1313954.8640729901,1907458.4539447173,16
-1313491.5513564625,1907458.4539447173,16
-1313028.2386399352,1907458.4539447173,16
-1312564.9259234075,1907458.4539447173,16
-1312101.6132068802,1907458.4539447173,16
-1311638.3004903526,1907458.4539447173,16
-1311174.9877738252,1907458.4539447173,16
-1310711.6750572976,1907458.4539447173,16
-1310248.3623407702,1907458.4539447173,10
-1309785.0496242426,1907458.4539447173,16
-1309321.7369077152,1907458.4539447173,16
-1308858.4241911876,1907458.4539447173,16
-1308395.1114746602,1907458.4539447173,16
-1307931.7987581326,1907458.4539447173,16
-1307468.486041605,1907458.4539447173,16
-1307005.1733250776,1907458.4539447173,16
-1306541.86060855,1907458.4539447173,16
-1306078.5478920226,1907458.4539447173,16
-1305615.235175495,1907458.4539447173,16
-1305151.9224589677,1907458.4539447173,16
-1304688.60974244,1907458.4539447173,16
-1304225.2970259127,1907458.4539447173,16
-1303761.984309385,1907458.4539447173,7
-1303298.6715928577,1907458.4539447173,7
-1302835.35887633,1907458.4539447173,10
-1302372.0461598027,1907458.4539447173,10
-1301908.733443275,1907458.4539447173,16
-1301445.4207267477,1907458.4539447173,16
-1300982.10801022,1907458.4539447173,16
-1300518.7952936925,1907458.4539447173,10
-1300055.4825771651,1907458.4539447173,10
-1299592.1698606375,1907458.4539447173,10
-1299128.8571441101,1907458.4539447173,16
-1298665.5444275825,1907458.4539447173,16
-1298202.2317110552,1907458.4539447173,16
-1297738.9189945275,1907458.4539447173,10
-1297275.6062780002,1907458.4539447173,7
-1296812.2935614726,1907458.4539447173,10
-1296348.9808449452,1907458.4539447173,10
-1295885.6681284176,1907458.4539447173,10
-1295422.3554118902,1907458.4539447173,10
-1294959.0426953626,1907458.4539447173,7
-1294495.7299788352,1907458.4539447173,7
-1294032.4172623076,1907458.4539447173,7
-1293569.10454578,1907458.4539447173,7
-1293105.7918292526,1907458.4539447173,7
-1292642.479112725,1907458.4539447173,7
-1292179.1663961976,1907458.4539447173,7
-1291715.85367967,1907458.4539447173,7
-1291252.5409631426,1907458.4539447173,7
-1290789.228246615,1907458.4539447173,10
-1290325.9155300877,1907458.4539447173,16
-1289862.60281356,1907458.4539447173,10
-1289399.2900970327,1907458.4539447173,10
-1288935.977380505,1907458.4539447173,10
-1288472.6646639777,1907458.4539447173,10
-1288009.35194745,1907458.4539447173,10
-1287546.0392309227,1907458.4539447173,10
-1287082.726514395,1907458.4539447173,7
-1225925.4479327651,1907458.4539447173,10
-1225462.1352162375,1907458.4539447173,10
-1224998.8224997101,1907458.4539447173,10
-1224535.5097831825,1907458.4539447173,10
-1224072.1970666551,1907458.4539447173,10
-1223608.8843501275,1907458.4539447173,10
-1223145.5716336002,1907458.4539447173,16
-1222682.2589170726,1907458.4539447173,16
-1222218.9462005452,1907458.4539447173,16
-1221755.6334840176,1907458.4539447173,16
-1221292.3207674902,1907458.4539447173,16
-1220829.0080509626,1907458.4539447173,10
-1220365.6953344352,1907458.4539447173,10
-1219902.3826179076,1907458.4539447173,10
-1219439.0699013802,1907458.4539447173,10
-1218975.7571848526,1907458.4539447173,10
-1218512.444468325,1907458.4539447173,10
-1218049.1317517976,1907458.4539447173,10
-1217585.81903527,1907458.4539447173,10
-1217122.5063187426,1907458.4539447173,10
-1216659.193602215,1907458.4539447173,10
-1216195.8808856877,1907458.4539447173,10
-1215732.56816916,1907458.4539447173,10
-1215269.2554526327,1907458.4539447173,10
-1214805.942736105,1907458.4539447173,10
-1214342.6300195777,1907458.4539447173,10
-1213879.31730305,1907458.4539447173,10
-1213416.0045865227,1907458.4539447173,10
-1212952.691869995,1907458.4539447173,10
-1212489.3791534677,1907458.4539447173,10
-1212026.06643694,1907458.4539447173,10
-1211562.7537204125,1907458.4539447173,10
-1211099.4410038851,1907458.4539447173,10
-1210636.1282873575,1907458.4539447173,10
-1210172.8155708301,1907458.4539447173,10
-1209709.5028543025,1907458.4539447173,10
-1209246.1901377751,1907458.4539447173,10
-1208782.8774212475,1907458.4539447173,10
-1208319.5647047202,1907458.4539447173,10
-1207856.2519881926,1907458.4539447173,10
-1207392.9392716652,1907458.4539447173,10
-1206929.6265551376,1907458.4539447173,10
-1206466.3138386102,1907458.4539447173,10
-1206003.0011220826,1907458.4539447173,10
-1205539.6884055552,1907458.4539447173,10
-1205076.3756890276,1907458.4539447173,10
-1204613.0629725,1907458.4539447173,10
-1204149.7502559726,1907458.4539447173,10
-1203686.4375394452,1907458.4539447173,10
-1203223.1248229176,1907458.4539447173,10
-1202759.81210639,1907458.4539447173,10
-1202296.4993898626,1907458.4539447173,10
-1201833.186673335,1907458.4539447173,10
-1201369.8739568077,1907458.4539447173,10
-1200906.56124028,1907458.4539447173,10
-1200443.2485237527,1907458.4539447173,10
-1199979.935807225,1907458.4539447173,10
-1199516.6230906977,1907458.4539447173,10
-1199053.31037417,1907458.4539447173,10
-1198589.9976576427,1907458.4539447173,10
-1198126.684941115,1907458.4539447173,10
-1197663.3722245875,1907458.4539447173,10
-1197200.05950806,1907458.4539447173,10
-1196736.7467915327,1907458.4539447173,10
-1196273.4340750051,1907458.4539447173,10
-1195810.1213584775,1907458.4539447173,10
-1195346.8086419501,1907458.4539447173,10
-1194883.4959254225,1907458.4539447173,10
-1194420.1832088951,1907458.4539447173,16
-1193956.8704923675,1907458.4539447173,16
-1193493.5577758402,1907458.4539447173,16
-1193030.2450593126,1907458.4539447173,16
-1192566.9323427852,1907458.4539447173,16
-1192103.6196262576,1907458.4539447173,16
-1191640.3069097302,1907458.4539447173,16
-1191176.9941932026,1907458.4539447173,16
-1190713.6814766752,1907458.4539447173,16
-1190250.3687601476,1907458.4539447173,10
-1189787.0560436202,1907458.4539447173,10
-1189323.7433270926,1907458.4539447173,10
-1188860.430610565,1907458.4539447173,10
-1188397.1178940376,1907458.4539447173,10
-1187933.80517751,1907458.4539447173,10
-1187470.4924609826,1907458.4539447173,10
-1187007.179744455,1907458.4539447173,16
-1186543.8670279277,1907458.4539447173,16
-1186080.5543114,1907458.4539447173,10
-1185617.2415948727,1907458.4539447173,10
-1185153.928878345,1907458.4539447173,10
-1184690.6161618177,1907458.4539447173,10
-1184227.30344529,1907458.4539447173,16
-1183763.9907287627,1907458.4539447173,16
-1183300.678012235,1907458.4539447173,16
-1182837.3652957077,1907458.4539447173,16
-1182374.05257918,1907458.4539447173,16
-1181910.7398626525,1907458.4539447173,16
-1181447.4271461251,1907458.4539447173,16
-1180984.1144295975,1907458.4539447173,10
-1180520.8017130701,1907458.4539447173,10
-1180057.4889965425,1907458.4539447173,10
-1179594.1762800151,1907458.4539447173,16
-1179130.8635634875,1907458.4539447173,16
-1178667.5508469602,1907458.4539447173,16
-1178204.2381304326,1907458.4539447173,16
-1177740.9254139052,1907458.4539447173,10
-1177277.6126973776,1907458.4539447173,10
-1176814.2999808502,1907458.4539447173,10
-1176350.9872643226,1907458.4539447173,10
-1175887.6745477952,1907458.4539447173,10
-1175424.3618312676,1907458.4539447173,10
-1174961.04911474,1907458.4539447173,10
-1174497.7363982126,1907458.4539447173,10
-1174034.4236816852,1907458.4539447173,10
-1173571.1109651576,1907458.4539447173,10
-1173107.79824863,1907458.4539447173,10
-1172644.4855321026,1907458.4539447173,10
-1172181.172815575,1907458.4539447173,10
-1171717.8600990477,1907458.4539447173,10
-1171254.54738252,1907458.4539447173,10
-1170791.2346659927,1907458.4539447173,10
-1170327.921949465,1907458.4539447173,10
-1169864.6092329377,1907458.4539447173,10
-1327854.2455688152,1906995.1412281897,10
-1327390.9328522875,1906995.1412281897,16
-1326927.6201357602,1906995.1412281897,16
-1326464.3074192326,1906995.1412281897,16
-1326000.9947027052,1906995.1412281897,16
-1325537.6819861776,1906995.1412281897,16
-1325074.3692696502,1906995.1412281897,16
-1324611.0565531226,1906995.1412281897,16
-1324147.7438365952,1906995.1412281897,16
-1323684.4311200676,1906995.1412281897,16
-1323221.11840354,1906995.1412281897,16
-1322757.8056870126,1906995.1412281897,16
-1322294.492970485,1906995.1412281897,16
-1321831.1802539576,1906995.1412281897,16
-1321367.86753743,1906995.1412281897,16
-1320904.5548209026,1906995.1412281897,16
-1320441.242104375,1906995.1412281897,16
-1319977.9293878477,1906995.1412281897,16
-1319514.61667132,1906995.1412281897,16
-1319051.3039547927,1906995.1412281897,16
-1318587.991238265,1906995.1412281897,10
-1318124.6785217377,1906995.1412281897,16
-1317661.36580521,1906995.1412281897,16
-1317198.0530886827,1906995.1412281897,16
-1316734.740372155,1906995.1412281897,16
-1316271.4276556277,1906995.1412281897,10
-1315808.1149391,1906995.1412281897,10
-1315344.8022225727,1906995.1412281897,16
-1314881.4895060451,1906995.1412281897,16
-1314418.1767895175,1906995.1412281897,10
-1313954.8640729901,1906995.1412281897,16
-1313491.5513564625,1906995.1412281897,16
-1313028.2386399352,1906995.1412281897,16
-1312564.9259234075,1906995.1412281897,16
-1312101.6132068802,1906995.1412281897,16
-1311638.3004903526,1906995.1412281897,16
-1311174.9877738252,1906995.1412281897,16
-1310711.6750572976,1906995.1412281897,16
-1310248.3623407702,1906995.1412281897,16
-1309785.0496242426,1906995.1412281897,16
-1309321.7369077152,1906995.1412281897,16
-1308858.4241911876,1906995.1412281897,16
-1308395.1114746602,1906995.1412281897,16
-1307931.7987581326,1906995.1412281897,16
-1307468.486041605,1906995.1412281897,16
-1307005.1733250776,1906995.1412281897,16
-1306541.86060855,1906995.1412281897,16
-1306078.5478920226,1906995.1412281897,16
-1305615.235175495,1906995.1412281897,10
-1305151.9224589677,1906995.1412281897,16
-1304688.60974244,1906995.1412281897,16
-1304225.2970259127,1906995.1412281897,16
-1303761.984309385,1906995.1412281897,10
-1303298.6715928577,1906995.1412281897,7
-1302835.35887633,1906995.1412281897,7
-1302372.0461598027,1906995.1412281897,16
-1301908.733443275,1906995.1412281897,16
-1301445.4207267477,1906995.1412281897,16
-1300982.10801022,1906995.1412281897,16
-1300518.7952936925,1906995.1412281897,10
-1300055.4825771651,1906995.1412281897,10
-1299592.1698606375,1906995.1412281897,10
-1299128.8571441101,1906995.1412281897,10
-1298665.5444275825,1906995.1412281897,16
-1298202.2317110552,1906995.1412281897,16
-1297738.9189945275,1906995.1412281897,10
-1297275.6062780002,1906995.1412281897,7
-1296812.2935614726,1906995.1412281897,7
-1296348.9808449452,1906995.1412281897,7
-1295885.6681284176,1906995.1412281897,7
-1295422.3554118902,1906995.1412281897,7
-1294959.0426953626,1906995.1412281897,7
-1294495.7299788352,1906995.1412281897,7
-1294032.4172623076,1906995.1412281897,16
-1293569.10454578,1906995.1412281897,16
-1293105.7918292526,1906995.1412281897,16
-1292642.479112725,1906995.1412281897,7
-1292179.1663961976,1906995.1412281897,7
-1291715.85367967,1906995.1412281897,7
-1291252.5409631426,1906995.1412281897,10
-1290789.228246615,1906995.1412281897,7
-1290325.9155300877,1906995.1412281897,7
-1289862.60281356,1906995.1412281897,7
-1289399.2900970327,1906995.1412281897,7
-1288935.977380505,1906995.1412281897,7
-1288472.6646639777,1906995.1412281897,10
-1288009.35194745,1906995.1412281897,10
-1287546.0392309227,1906995.1412281897,10
-1287082.726514395,1906995.1412281897,7
-1286619.4137978677,1906995.1412281897,7
-1286156.10108134,1906995.1412281897,7
-1285692.7883648127,1906995.1412281897,7
-1226388.7606492927,1906995.1412281897,10
-1225925.4479327651,1906995.1412281897,10
-1225462.1352162375,1906995.1412281897,10
-1224998.8224997101,1906995.1412281897,10
-1224535.5097831825,1906995.1412281897,10
-1224072.1970666551,1906995.1412281897,10
-1223608.8843501275,1906995.1412281897,10
-1223145.5716336002,1906995.1412281897,16
-1222682.2589170726,1906995.1412281897,16
-1222218.9462005452,1906995.1412281897,16
-1221755.6334840176,1906995.1412281897,16
-1221292.3207674902,1906995.1412281897,16
-1220829.0080509626,1906995.1412281897,10
-1220365.6953344352,1906995.1412281897,10
-1219902.3826179076,1906995.1412281897,10
-1219439.0699013802,1906995.1412281897,10
-1218975.7571848526,1906995.1412281897,10
-1218512.444468325,1906995.1412281897,10
-1218049.1317517976,1906995.1412281897,10
-1217585.81903527,1906995.1412281897,10
-1217122.5063187426,1906995.1412281897,10
-1216659.193602215,1906995.1412281897,10
-1216195.8808856877,1906995.1412281897,10
-1215732.56816916,1906995.1412281897,10
-1215269.2554526327,1906995.1412281897,10
-1214805.942736105,1906995.1412281897,16
-1214342.6300195777,1906995.1412281897,10
-1213879.31730305,1906995.1412281897,10
-1213416.0045865227,1906995.1412281897,10
-1212952.691869995,1906995.1412281897,10
-1212489.3791534677,1906995.1412281897,10
-1212026.06643694,1906995.1412281897,10
-1211562.7537204125,1906995.1412281897,10
-1211099.4410038851,1906995.1412281897,10
-1210636.1282873575,1906995.1412281897,10
-1210172.8155708301,1906995.1412281897,10
-1209709.5028543025,1906995.1412281897,10
-1209246.1901377751,1906995.1412281897,10
-1208782.8774212475,1906995.1412281897,10
-1208319.5647047202,1906995.1412281897,10
-1207856.2519881926,1906995.1412281897,10
-1207392.9392716652,1906995.1412281897,10
-1206929.6265551376,1906995.1412281897,10
-1206466.3138386102,1906995.1412281897,10
-1206003.0011220826,1906995.1412281897,10
-1205539.6884055552,1906995.1412281897,10
-1205076.3756890276,1906995.1412281897,10
-1204613.0629725,1906995.1412281897,10
-1204149.7502559726,1906995.1412281897,10
-1203686.4375394452,1906995.1412281897,10
-1203223.1248229176,1906995.1412281897,10
-1202759.81210639,1906995.1412281897,10
-1202296.4993898626,1906995.1412281897,10
-1201833.186673335,1906995.1412281897,10
-1201369.8739568077,1906995.1412281897,10
-1200906.56124028,1906995.1412281897,10
-1200443.2485237527,1906995.1412281897,10
-1199979.935807225,1906995.1412281897,10
-1199516.6230906977,1906995.1412281897,10
-1199053.31037417,1906995.1412281897,10
-1198589.9976576427,1906995.1412281897,10
-1198126.684941115,1906995.1412281897,10
-1197663.3722245875,1906995.1412281897,10
-1197200.05950806,1906995.1412281897,10
-1196736.7467915327,1906995.1412281897,10
-1196273.4340750051,1906995.1412281897,10
-1195810.1213584775,1906995.1412281897,10
-1195346.8086419501,1906995.1412281897,10
-1194883.4959254225,1906995.1412281897,10
-1194420.1832088951,1906995.1412281897,10
-1193956.8704923675,1906995.1412281897,10
-1193493.5577758402,1906995.1412281897,10
-1193030.2450593126,1906995.1412281897,16
-1192566.9323427852,1906995.1412281897,16
-1192103.6196262576,1906995.1412281897,16
-1191640.3069097302,1906995.1412281897,16
-1191176.9941932026,1906995.1412281897,16
-1190713.6814766752,1906995.1412281897,10
-1190250.3687601476,1906995.1412281897,10
-1189787.0560436202,1906995.1412281897,10
-1189323.7433270926,1906995.1412281897,10
-1188860.430610565,1906995.1412281897,10
-1188397.1178940376,1906995.1412281897,10
-1187933.80517751,1906995.1412281897,10
-1187470.4924609826,1906995.1412281897,10
-1187007.179744455,1906995.1412281897,10
-1186543.8670279277,1906995.1412281897,16
-1186080.5543114,1906995.1412281897,10
-1185617.2415948727,1906995.1412281897,10
-1185153.928878345,1906995.1412281897,10
-1184690.6161618177,1906995.1412281897,10
-1184227.30344529,1906995.1412281897,16
-1183763.9907287627,1906995.1412281897,16
-1183300.678012235,1906995.1412281897,16
-1182837.3652957077,1906995.1412281897,10
-1182374.05257918,1906995.1412281897,16
-1181910.7398626525,1906995.1412281897,16
-1181447.4271461251,1906995.1412281897,16
-1180984.1144295975,1906995.1412281897,10
-1180520.8017130701,1906995.1412281897,10
-1180057.4889965425,1906995.1412281897,10
-1179594.1762800151,1906995.1412281897,10
-1179130.8635634875,1906995.1412281897,16
-1178667.5508469602,1906995.1412281897,16
-1178204.2381304326,1906995.1412281897,16
-1177740.9254139052,1906995.1412281897,10
-1177277.6126973776,1906995.1412281897,10
-1176814.2999808502,1906995.1412281897,10
-1176350.9872643226,1906995.1412281897,10
-1175887.6745477952,1906995.1412281897,10
-1175424.3618312676,1906995.1412281897,10
-1174961.04911474,1906995.1412281897,10
-1174497.7363982126,1906995.1412281897,10
-1174034.4236816852,1906995.1412281897,10
-1173571.1109651576,1906995.1412281897,10
-1173107.79824863,1906995.1412281897,10
-1172644.4855321026,1906995.1412281897,10
-1172181.172815575,1906995.1412281897,10
-1171717.8600990477,1906995.1412281897,10
-1171254.54738252,1906995.1412281897,10
-1170791.2346659927,1906995.1412281897,10
-1170327.921949465,1906995.1412281897,10
-1169864.6092329377,1906995.1412281897,16
-1327854.2455688152,1906531.8285116623,16
-1327390.9328522875,1906531.8285116623,16
-1326927.6201357602,1906531.8285116623,16
-1326464.3074192326,1906531.8285116623,16
-1326000.9947027052,1906531.8285116623,16
-1325537.6819861776,1906531.8285116623,16
-1325074.3692696502,1906531.8285116623,16
-1324611.0565531226,1906531.8285116623,16
-1324147.7438365952,1906531.8285116623,16
-1323684.4311200676,1906531.8285116623,16
-1323221.11840354,1906531.8285116623,16
-1322757.8056870126,1906531.8285116623,16
-1322294.492970485,1906531.8285116623,16
-1321831.1802539576,1906531.8285116623,16
-1321367.86753743,1906531.8285116623,16
-1320904.5548209026,1906531.8285116623,16
-1320441.242104375,1906531.8285116623,16
-1319977.9293878477,1906531.8285116623,16
-1319514.61667132,1906531.8285116623,16
-1319051.3039547927,1906531.8285116623,16
-1318587.991238265,1906531.8285116623,16
-1318124.6785217377,1906531.8285116623,16
-1317661.36580521,1906531.8285116623,16
-1317198.0530886827,1906531.8285116623,16
-1316734.740372155,1906531.8285116623,16
-1316271.4276556277,1906531.8285116623,16
-1315808.1149391,1906531.8285116623,10
-1315344.8022225727,1906531.8285116623,10
-1314881.4895060451,1906531.8285116623,10
-1314418.1767895175,1906531.8285116623,10
-1313954.8640729901,1906531.8285116623,10
-1313491.5513564625,1906531.8285116623,16
-1313028.2386399352,1906531.8285116623,16
-1312564.9259234075,1906531.8285116623,16
-1312101.6132068802,1906531.8285116623,16
-1311638.3004903526,1906531.8285116623,16
-1311174.9877738252,1906531.8285116623,16
-1310711.6750572976,1906531.8285116623,16
-1310248.3623407702,1906531.8285116623,16
-1309785.0496242426,1906531.8285116623,16
-1309321.7369077152,1906531.8285116623,16
-1308858.4241911876,1906531.8285116623,16
-1308395.1114746602,1906531.8285116623,16
-1307931.7987581326,1906531.8285116623,16
-1307468.486041605,1906531.8285116623,16
-1307005.1733250776,1906531.8285116623,16
-1306541.86060855,1906531.8285116623,16
-1306078.5478920226,1906531.8285116623,16
-1305615.235175495,1906531.8285116623,10
-1305151.9224589677,1906531.8285116623,16
-1304688.60974244,1906531.8285116623,16
-1304225.2970259127,1906531.8285116623,16
-1303761.984309385,1906531.8285116623,16
-1303298.6715928577,1906531.8285116623,16
-1302835.35887633,1906531.8285116623,16
-1302372.0461598027,1906531.8285116623,16
-1301908.733443275,1906531.8285116623,16
-1301445.4207267477,1906531.8285116623,16
-1300982.10801022,1906531.8285116623,10
-1300518.7952936925,1906531.8285116623,10
-1300055.4825771651,1906531.8285116623,10
-1299592.1698606375,1906531.8285116623,10
-1299128.8571441101,1906531.8285116623,10
-1298665.5444275825,1906531.8285116623,10
-1298202.2317110552,1906531.8285116623,16
-1297738.9189945275,1906531.8285116623,10
-1297275.6062780002,1906531.8285116623,10
-1296812.2935614726,1906531.8285116623,7
-1296348.9808449452,1906531.8285116623,7
-1295885.6681284176,1906531.8285116623,7
-1295422.3554118902,1906531.8285116623,10
-1294959.0426953626,1906531.8285116623,16
-1294495.7299788352,1906531.8285116623,16
-1294032.4172623076,1906531.8285116623,16
-1293569.10454578,1906531.8285116623,16
-1293105.7918292526,1906531.8285116623,16
-1292642.479112725,1906531.8285116623,16
-1292179.1663961976,1906531.8285116623,10
-1291715.85367967,1906531.8285116623,7
-1291252.5409631426,1906531.8285116623,7
-1290789.228246615,1906531.8285116623,7
-1290325.9155300877,1906531.8285116623,7
-1289862.60281356,1906531.8285116623,7
-1289399.2900970327,1906531.8285116623,7
-1288935.977380505,1906531.8285116623,7
-1288472.6646639777,1906531.8285116623,7
-1288009.35194745,1906531.8285116623,10
-1287546.0392309227,1906531.8285116623,7
-1287082.726514395,1906531.8285116623,7
-1286619.4137978677,1906531.8285116623,7
-1286156.10108134,1906531.8285116623,7
-1285692.7883648127,1906531.8285116623,7
-1285229.4756482851,1906531.8285116623,7
-1284766.1629317575,1906531.8285116623,7
-1284302.8502152301,1906531.8285116623,7
-1226852.07336582,1906531.8285116623,10
-1226388.7606492927,1906531.8285116623,10
-1225925.4479327651,1906531.8285116623,10
-1225462.1352162375,1906531.8285116623,10
-1224998.8224997101,1906531.8285116623,10
-1224535.5097831825,1906531.8285116623,10
-1224072.1970666551,1906531.8285116623,10
-1223608.8843501275,1906531.8285116623,10
-1223145.5716336002,1906531.8285116623,16
-1222682.2589170726,1906531.8285116623,16
-1222218.9462005452,1906531.8285116623,16
-1221755.6334840176,1906531.8285116623,16
-1221292.3207674902,1906531.8285116623,16
-1220829.0080509626,1906531.8285116623,10
-1220365.6953344352,1906531.8285116623,10
-1219902.3826179076,1906531.8285116623,10
-1219439.0699013802,1906531.8285116623,10
-1218975.7571848526,1906531.8285116623,10
-1218512.444468325,1906531.8285116623,10
-1218049.1317517976,1906531.8285116623,16
-1217585.81903527,1906531.8285116623,16
-1217122.5063187426,1906531.8285116623,10
-1216659.193602215,1906531.8285116623,10
-1216195.8808856877,1906531.8285116623,10
-1215732.56816916,1906531.8285116623,10
-1215269.2554526327,1906531.8285116623,10
-1214805.942736105,1906531.8285116623,10
-1214342.6300195777,1906531.8285116623,10
-1213879.31730305,1906531.8285116623,10
-1213416.0045865227,1906531.8285116623,10
-1212952.691869995,1906531.8285116623,10
-1212489.3791534677,1906531.8285116623,10
-1212026.06643694,1906531.8285116623,10
-1211562.7537204125,1906531.8285116623,10
-1211099.4410038851,1906531.8285116623,10
-1210636.1282873575,1906531.8285116623,10
-1210172.8155708301,1906531.8285116623,10
-1209709.5028543025,1906531.8285116623,10
-1209246.1901377751,1906531.8285116623,10
-1208782.8774212475,1906531.8285116623,10
-1208319.5647047202,1906531.8285116623,10
-1207856.2519881926,1906531.8285116623,10
-1207392.9392716652,1906531.8285116623,10
-1206929.6265551376,1906531.8285116623,10
-1206466.3138386102,1906531.8285116623,10
-1206003.0011220826,1906531.8285116623,10
-1205539.6884055552,1906531.8285116623,10
-1205076.3756890276,1906531.8285116623,10
-1204613.0629725,1906531.8285116623,10
-1204149.7502559726,1906531.8285116623,10
-1203686.4375394452,1906531.8285116623,10
-1203223.1248229176,1906531.8285116623,10
-1202759.81210639,1906531.8285116623,10
-1202296.4993898626,1906531.8285116623,10
-1201833.186673335,1906531.8285116623,10
-1201369.8739568077,1906531.8285116623,10
-1200906.56124028,1906531.8285116623,10
-1200443.2485237527,1906531.8285116623,10
-1199979.935807225,1906531.8285116623,10
-1199516.6230906977,1906531.8285116623,10
-1199053.31037417,1906531.8285116623,10
-1198589.9976576427,1906531.8285116623,10
-1198126.684941115,1906531.8285116623,10
-1197663.3722245875,1906531.8285116623,10
-1197200.05950806,1906531.8285116623,10
-1196736.7467915327,1906531.8285116623,10
-1196273.4340750051,1906531.8285116623,10
-1195810.1213584775,1906531.8285116623,10
-1195346.8086419501,1906531.8285116623,10
-1194883.4959254225,1906531.8285116623,16
-1194420.1832088951,1906531.8285116623,10
-1193956.8704923675,1906531.8285116623,10
-1193493.5577758402,1906531.8285116623,10
-1193030.2450593126,1906531.8285116623,16
-1192566.9323427852,1906531.8285116623,16
-1192103.6196262576,1906531.8285116623,16
-1191640.3069097302,1906531.8285116623,10
-1191176.9941932026,1906531.8285116623,10
-1190713.6814766752,1906531.8285116623,10
-1190250.3687601476,1906531.8285116623,10
-1189787.0560436202,1906531.8285116623,10
-1189323.7433270926,1906531.8285116623,10
-1188860.430610565,1906531.8285116623,10
-1188397.1178940376,1906531.8285116623,10
-1187933.80517751,1906531.8285116623,10
-1187470.4924609826,1906531.8285116623,10
-1187007.179744455,1906531.8285116623,10
-1186543.8670279277,1906531.8285116623,16
-1186080.5543114,1906531.8285116623,10
-1185617.2415948727,1906531.8285116623,10
-1185153.928878345,1906531.8285116623,10
-1184690.6161618177,1906531.8285116623,10
-1184227.30344529,1906531.8285116623,16
-1183763.9907287627,1906531.8285116623,16
-1183300.678012235,1906531.8285116623,16
-1182837.3652957077,1906531.8285116623,16
-1182374.05257918,1906531.8285116623,16
-1181910.7398626525,1906531.8285116623,16
-1181447.4271461251,1906531.8285116623,16
-1180984.1144295975,1906531.8285116623,10
-1180520.8017130701,1906531.8285116623,10
-1180057.4889965425,1906531.8285116623,10
-1179594.1762800151,1906531.8285116623,10
-1179130.8635634875,1906531.8285116623,16
-1178667.5508469602,1906531.8285116623,16
-1178204.2381304326,1906531.8285116623,16
-1177740.9254139052,1906531.8285116623,10
-1177277.6126973776,1906531.8285116623,10
-1176814.2999808502,1906531.8285116623,10
-1176350.9872643226,1906531.8285116623,10
-1175887.6745477952,1906531.8285116623,10
-1175424.3618312676,1906531.8285116623,10
-1174961.04911474,1906531.8285116623,10
-1174497.7363982126,1906531.8285116623,10
-1174034.4236816852,1906531.8285116623,10
-1173571.1109651576,1906531.8285116623,10
-1173107.79824863,1906531.8285116623,10
-1172644.4855321026,1906531.8285116623,10
-1172181.172815575,1906531.8285116623,10
-1171717.8600990477,1906531.8285116623,10
-1171254.54738252,1906531.8285116623,10
-1170791.2346659927,1906531.8285116623,10
-1170327.921949465,1906531.8285116623,10
-1169864.6092329377,1906531.8285116623,10
-1328317.5582853425,1906068.5157951347,10
-1327854.2455688152,1906068.5157951347,16
-1327390.9328522875,1906068.5157951347,16
-1326927.6201357602,1906068.5157951347,16
-1326464.3074192326,1906068.5157951347,16
-1326000.9947027052,1906068.5157951347,16
-1325537.6819861776,1906068.5157951347,16
-1325074.3692696502,1906068.5157951347,16
-1324611.0565531226,1906068.5157951347,16
-1324147.7438365952,1906068.5157951347,16
-1323684.4311200676,1906068.5157951347,16
-1323221.11840354,1906068.5157951347,16
-1322757.8056870126,1906068.5157951347,16
-1322294.492970485,1906068.5157951347,16
-1321831.1802539576,1906068.5157951347,16
-1321367.86753743,1906068.5157951347,16
-1320904.5548209026,1906068.5157951347,10
-1320441.242104375,1906068.5157951347,16
-1319977.9293878477,1906068.5157951347,16
-1319514.61667132,1906068.5157951347,16
-1319051.3039547927,1906068.5157951347,16
-1318587.991238265,1906068.5157951347,16
-1318124.6785217377,1906068.5157951347,16
-1317661.36580521,1906068.5157951347,10
-1317198.0530886827,1906068.5157951347,16
-1316734.740372155,1906068.5157951347,16
-1316271.4276556277,1906068.5157951347,16
-1315808.1149391,1906068.5157951347,16
-1315344.8022225727,1906068.5157951347,16
-1314881.4895060451,1906068.5157951347,10
-1314418.1767895175,1906068.5157951347,16
-1313954.8640729901,1906068.5157951347,16
-1313491.5513564625,1906068.5157951347,16
-1313028.2386399352,1906068.5157951347,16
-1312564.9259234075,1906068.5157951347,16
-1312101.6132068802,1906068.5157951347,16
-1311638.3004903526,1906068.5157951347,16
-1311174.9877738252,1906068.5157951347,16
-1310711.6750572976,1906068.5157951347,16
-1310248.3623407702,1906068.5157951347,16
-1309785.0496242426,1906068.5157951347,16
-1309321.7369077152,1906068.5157951347,16
-1308858.4241911876,1906068.5157951347,16
-1308395.1114746602,1906068.5157951347,16
-1307931.7987581326,1906068.5157951347,16
-1307468.486041605,1906068.5157951347,16
-1307005.1733250776,1906068.5157951347,16
-1306541.86060855,1906068.5157951347,16
-1306078.5478920226,1906068.5157951347,16
-1305615.235175495,1906068.5157951347,10
-1305151.9224589677,1906068.5157951347,16
-1304688.60974244,1906068.5157951347,16
-1304225.2970259127,1906068.5157951347,16
-1303761.984309385,1906068.5157951347,16
-1303298.6715928577,1906068.5157951347,16
-1302835.35887633,1906068.5157951347,16
-1302372.0461598027,1906068.5157951347,16
-1301908.733443275,1906068.5157951347,16
-1301445.4207267477,1906068.5157951347,16
-1300982.10801022,1906068.5157951347,16
-1300518.7952936925,1906068.5157951347,10
-1300055.4825771651,1906068.5157951347,10
-1299592.1698606375,1906068.5157951347,10
-1299128.8571441101,1906068.5157951347,16
-1298665.5444275825,1906068.5157951347,16
-1298202.2317110552,1906068.5157951347,16
-1297738.9189945275,1906068.5157951347,10
-1297275.6062780002,1906068.5157951347,10
-1296812.2935614726,1906068.5157951347,10
-1296348.9808449452,1906068.5157951347,10
-1295885.6681284176,1906068.5157951347,10
-1295422.3554118902,1906068.5157951347,16
-1294959.0426953626,1906068.5157951347,16
-1294495.7299788352,1906068.5157951347,16
-1294032.4172623076,1906068.5157951347,16
-1293569.10454578,1906068.5157951347,16
-1293105.7918292526,1906068.5157951347,16
-1292642.479112725,1906068.5157951347,16
-1292179.1663961976,1906068.5157951347,16
-1291715.85367967,1906068.5157951347,16
-1291252.5409631426,1906068.5157951347,16
-1290789.228246615,1906068.5157951347,10
-1290325.9155300877,1906068.5157951347,7
-1289862.60281356,1906068.5157951347,7
-1289399.2900970327,1906068.5157951347,7
-1288935.977380505,1906068.5157951347,7
-1288472.6646639777,1906068.5157951347,7
-1288009.35194745,1906068.5157951347,7
-1287546.0392309227,1906068.5157951347,7
-1287082.726514395,1906068.5157951347,10
-1286619.4137978677,1906068.5157951347,7
-1286156.10108134,1906068.5157951347,7
-1285692.7883648127,1906068.5157951347,7
-1285229.4756482851,1906068.5157951347,7
-1284766.1629317575,1906068.5157951347,7
-1284302.8502152301,1906068.5157951347,7
-1283839.5374987025,1906068.5157951347,10
-1283376.2247821752,1906068.5157951347,10
-1227315.3860823475,1906068.5157951347,10
-1226852.07336582,1906068.5157951347,10
-1226388.7606492927,1906068.5157951347,10
-1225925.4479327651,1906068.5157951347,10
-1225462.1352162375,1906068.5157951347,10
-1224998.8224997101,1906068.5157951347,10
-1224535.5097831825,1906068.5157951347,10
-1224072.1970666551,1906068.5157951347,10
-1223608.8843501275,1906068.5157951347,10
-1223145.5716336002,1906068.5157951347,16
-1222682.2589170726,1906068.5157951347,16
-1222218.9462005452,1906068.5157951347,16
-1221755.6334840176,1906068.5157951347,16
-1221292.3207674902,1906068.5157951347,16
-1220829.0080509626,1906068.5157951347,10
-1220365.6953344352,1906068.5157951347,10
-1219902.3826179076,1906068.5157951347,10
-1219439.0699013802,1906068.5157951347,10
-1218975.7571848526,1906068.5157951347,10
-1218512.444468325,1906068.5157951347,10
-1218049.1317517976,1906068.5157951347,10
-1217585.81903527,1906068.5157951347,10
-1217122.5063187426,1906068.5157951347,10
-1216659.193602215,1906068.5157951347,16
-1216195.8808856877,1906068.5157951347,16
-1215732.56816916,1906068.5157951347,10
-1215269.2554526327,1906068.5157951347,10
-1214805.942736105,1906068.5157951347,10
-1214342.6300195777,1906068.5157951347,10
-1213879.31730305,1906068.5157951347,10
-1213416.0045865227,1906068.5157951347,10
-1212952.691869995,1906068.5157951347,10
-1212489.3791534677,1906068.5157951347,10
-1212026.06643694,1906068.5157951347,10
-1211562.7537204125,1906068.5157951347,10
-1211099.4410038851,1906068.5157951347,10
-1210636.1282873575,1906068.5157951347,10
-1210172.8155708301,1906068.5157951347,10
-1209709.5028543025,1906068.5157951347,10
-1209246.1901377751,1906068.5157951347,10
-1208782.8774212475,1906068.5157951347,10
-1208319.5647047202,1906068.5157951347,10
-1207856.2519881926,1906068.5157951347,10
-1207392.9392716652,1906068.5157951347,10
-1206929.6265551376,1906068.5157951347,10
-1206466.3138386102,1906068.5157951347,10
-1206003.0011220826,1906068.5157951347,10
-1205539.6884055552,1906068.5157951347,10
-1205076.3756890276,1906068.5157951347,10
-1204613.0629725,1906068.5157951347,10
-1204149.7502559726,1906068.5157951347,10
-1203686.4375394452,1906068.5157951347,10
-1203223.1248229176,1906068.5157951347,10
-1202759.81210639,1906068.5157951347,10
-1202296.4993898626,1906068.5157951347,10
-1201833.186673335,1906068.5157951347,10
-1201369.8739568077,1906068.5157951347,10
-1200906.56124028,1906068.5157951347,10
-1200443.2485237527,1906068.5157951347,10
-1199979.935807225,1906068.5157951347,10
-1199516.6230906977,1906068.5157951347,10
-1199053.31037417,1906068.5157951347,10
-1198589.9976576427,1906068.5157951347,10
-1198126.684941115,1906068.5157951347,10
-1197663.3722245875,1906068.5157951347,10
-1197200.05950806,1906068.5157951347,10
-1196736.7467915327,1906068.5157951347,10
-1196273.4340750051,1906068.5157951347,10
-1195810.1213584775,1906068.5157951347,10
-1195346.8086419501,1906068.5157951347,10
-1194883.4959254225,1906068.5157951347,10
-1194420.1832088951,1906068.5157951347,10
-1193956.8704923675,1906068.5157951347,10
-1193493.5577758402,1906068.5157951347,10
-1193030.2450593126,1906068.5157951347,10
-1192566.9323427852,1906068.5157951347,10
-1192103.6196262576,1906068.5157951347,10
-1191640.3069097302,1906068.5157951347,10
-1191176.9941932026,1906068.5157951347,10
-1190713.6814766752,1906068.5157951347,10
-1190250.3687601476,1906068.5157951347,10
-1189787.0560436202,1906068.5157951347,10
-1189323.7433270926,1906068.5157951347,10
-1188860.430610565,1906068.5157951347,10
-1188397.1178940376,1906068.5157951347,10
-1187933.80517751,1906068.5157951347,10
-1187470.4924609826,1906068.5157951347,10
-1187007.179744455,1906068.5157951347,10
-1186543.8670279277,1906068.5157951347,10
-1186080.5543114,1906068.5157951347,10
-1185617.2415948727,1906068.5157951347,10
-1185153.928878345,1906068.5157951347,10
-1184690.6161618177,1906068.5157951347,10
-1184227.30344529,1906068.5157951347,10
-1183763.9907287627,1906068.5157951347,16
-1183300.678012235,1906068.5157951347,16
-1182837.3652957077,1906068.5157951347,16
-1182374.05257918,1906068.5157951347,16
-1181910.7398626525,1906068.5157951347,16
-1181447.4271461251,1906068.5157951347,16
-1180984.1144295975,1906068.5157951347,10
-1180520.8017130701,1906068.5157951347,10
-1180057.4889965425,1906068.5157951347,10
-1179594.1762800151,1906068.5157951347,10
-1179130.8635634875,1906068.5157951347,10
-1178667.5508469602,1906068.5157951347,16
-1178204.2381304326,1906068.5157951347,10
-1177740.9254139052,1906068.5157951347,10
-1177277.6126973776,1906068.5157951347,10
-1176814.2999808502,1906068.5157951347,10
-1176350.9872643226,1906068.5157951347,10
-1175887.6745477952,1906068.5157951347,10
-1175424.3618312676,1906068.5157951347,10
-1174961.04911474,1906068.5157951347,10
-1174497.7363982126,1906068.5157951347,10
-1174034.4236816852,1906068.5157951347,10
-1173571.1109651576,1906068.5157951347,10
-1173107.79824863,1906068.5157951347,10
-1172644.4855321026,1906068.5157951347,10
-1172181.172815575,1906068.5157951347,10
-1171717.8600990477,1906068.5157951347,10
-1171254.54738252,1906068.5157951347,10
-1170791.2346659927,1906068.5157951347,10
-1170327.921949465,1906068.5157951347,10
-1169864.6092329377,1906068.5157951347,10
-1169401.29651641,1906068.5157951347,16
-1328317.5582853425,1905605.203078607,16
-1327854.2455688152,1905605.203078607,16
-1327390.9328522875,1905605.203078607,16
-1326927.6201357602,1905605.203078607,16
-1326464.3074192326,1905605.203078607,16
-1326000.9947027052,1905605.203078607,16
-1325537.6819861776,1905605.203078607,16
-1325074.3692696502,1905605.203078607,16
-1324611.0565531226,1905605.203078607,16
-1324147.7438365952,1905605.203078607,16
-1323684.4311200676,1905605.203078607,16
-1323221.11840354,1905605.203078607,16
-1322757.8056870126,1905605.203078607,16
-1322294.492970485,1905605.203078607,16
-1321831.1802539576,1905605.203078607,16
-1321367.86753743,1905605.203078607,16
-1320904.5548209026,1905605.203078607,16
-1320441.242104375,1905605.203078607,16
-1319977.9293878477,1905605.203078607,16
-1319514.61667132,1905605.203078607,16
-1319051.3039547927,1905605.203078607,16
-1318587.991238265,1905605.203078607,16
-1318124.6785217377,1905605.203078607,16
-1317661.36580521,1905605.203078607,16
-1317198.0530886827,1905605.203078607,16
-1316734.740372155,1905605.203078607,16
-1316271.4276556277,1905605.203078607,16
-1315808.1149391,1905605.203078607,16
-1315344.8022225727,1905605.203078607,16
-1314881.4895060451,1905605.203078607,10
-1314418.1767895175,1905605.203078607,16
-1313954.8640729901,1905605.203078607,16
-1313491.5513564625,1905605.203078607,16
-1313028.2386399352,1905605.203078607,16
-1312564.9259234075,1905605.203078607,16
-1312101.6132068802,1905605.203078607,16
-1311638.3004903526,1905605.203078607,16
-1311174.9877738252,1905605.203078607,16
-1310711.6750572976,1905605.203078607,16
-1310248.3623407702,1905605.203078607,16
-1309785.0496242426,1905605.203078607,16
-1309321.7369077152,1905605.203078607,16
-1308858.4241911876,1905605.203078607,16
-1308395.1114746602,1905605.203078607,16
-1307931.7987581326,1905605.203078607,16
-1307468.486041605,1905605.203078607,16
-1307005.1733250776,1905605.203078607,16
-1306541.86060855,1905605.203078607,16
-1306078.5478920226,1905605.203078607,10
-1305615.235175495,1905605.203078607,10
-1305151.9224589677,1905605.203078607,16
-1304688.60974244,1905605.203078607,16
-1304225.2970259127,1905605.203078607,16
-1303761.984309385,1905605.203078607,16
-1303298.6715928577,1905605.203078607,16
-1302835.35887633,1905605.203078607,16
-1302372.0461598027,1905605.203078607,16
-1301908.733443275,1905605.203078607,16
-1301445.4207267477,1905605.203078607,16
-1300982.10801022,1905605.203078607,16
-1300518.7952936925,1905605.203078607,16
-1300055.4825771651,1905605.203078607,16
-1299592.1698606375,1905605.203078607,16
-1299128.8571441101,1905605.203078607,16
-1298665.5444275825,1905605.203078607,16
-1298202.2317110552,1905605.203078607,16
-1297738.9189945275,1905605.203078607,16
-1297275.6062780002,1905605.203078607,10
-1296812.2935614726,1905605.203078607,10
-1296348.9808449452,1905605.203078607,10
-1295885.6681284176,1905605.203078607,16
-1295422.3554118902,1905605.203078607,16
-1294959.0426953626,1905605.203078607,16
-1294495.7299788352,1905605.203078607,10
-1294032.4172623076,1905605.203078607,10
-1293569.10454578,1905605.203078607,10
-1293105.7918292526,1905605.203078607,10
-1292642.479112725,1905605.203078607,10
-1292179.1663961976,1905605.203078607,16
-1291715.85367967,1905605.203078607,16
-1291252.5409631426,1905605.203078607,10
-1290789.228246615,1905605.203078607,10
-1290325.9155300877,1905605.203078607,16
-1289862.60281356,1905605.203078607,16
-1289399.2900970327,1905605.203078607,10
-1288935.977380505,1905605.203078607,7
-1288472.6646639777,1905605.203078607,7
-1288009.35194745,1905605.203078607,7
-1287546.0392309227,1905605.203078607,7
-1287082.726514395,1905605.203078607,10
-1286619.4137978677,1905605.203078607,10
-1286156.10108134,1905605.203078607,16
-1285692.7883648127,1905605.203078607,16
-1285229.4756482851,1905605.203078607,10
-1284766.1629317575,1905605.203078607,10
-1284302.8502152301,1905605.203078607,7
-1283839.5374987025,1905605.203078607,7
-1283376.2247821752,1905605.203078607,10
-1282912.9120656475,1905605.203078607,16
-1282449.5993491202,1905605.203078607,16
-1281986.2866325926,1905605.203078607,16
-1249091.0837591402,1905605.203078607,16
-1248627.7710426126,1905605.203078607,10
-1248164.458326085,1905605.203078607,10
-1247701.1456095576,1905605.203078607,10
-1247237.83289303,1905605.203078607,16
-1246774.5201765026,1905605.203078607,16
-1246311.207459975,1905605.203078607,10
-1245847.8947434477,1905605.203078607,10
-1245384.58202692,1905605.203078607,10
-1244921.2693103927,1905605.203078607,10
-1227778.698798875,1905605.203078607,10
-1227315.3860823475,1905605.203078607,10
-1226852.07336582,1905605.203078607,10
-1226388.7606492927,1905605.203078607,10
-1225925.4479327651,1905605.203078607,10
-1225462.1352162375,1905605.203078607,10
-1224998.8224997101,1905605.203078607,10
-1224535.5097831825,1905605.203078607,10
-1224072.1970666551,1905605.203078607,10
-1223608.8843501275,1905605.203078607,10
-1223145.5716336002,1905605.203078607,16
-1222682.2589170726,1905605.203078607,16
-1222218.9462005452,1905605.203078607,16
-1221755.6334840176,1905605.203078607,16
-1221292.3207674902,1905605.203078607,16
-1220829.0080509626,1905605.203078607,10
-1220365.6953344352,1905605.203078607,10
-1219902.3826179076,1905605.203078607,10
-1219439.0699013802,1905605.203078607,10
-1218975.7571848526,1905605.203078607,10
-1218512.444468325,1905605.203078607,10
-1218049.1317517976,1905605.203078607,10
-1217585.81903527,1905605.203078607,10
-1217122.5063187426,1905605.203078607,10
-1216659.193602215,1905605.203078607,16
-1216195.8808856877,1905605.203078607,10
-1215732.56816916,1905605.203078607,10
-1215269.2554526327,1905605.203078607,10
-1214805.942736105,1905605.203078607,10
-1214342.6300195777,1905605.203078607,10
-1213879.31730305,1905605.203078607,10
-1213416.0045865227,1905605.203078607,10
-1212952.691869995,1905605.203078607,10
-1212489.3791534677,1905605.203078607,10
-1212026.06643694,1905605.203078607,10
-1211562.7537204125,1905605.203078607,10
-1211099.4410038851,1905605.203078607,10
-1210636.1282873575,1905605.203078607,10
-1210172.8155708301,1905605.203078607,10
-1209709.5028543025,1905605.203078607,10
-1209246.1901377751,1905605.203078607,10
-1208782.8774212475,1905605.203078607,10
-1208319.5647047202,1905605.203078607,10
-1207856.2519881926,1905605.203078607,10
-1207392.9392716652,1905605.203078607,10
-1206929.6265551376,1905605.203078607,10
-1206466.3138386102,1905605.203078607,10
-1206003.0011220826,1905605.203078607,10
-1205539.6884055552,1905605.203078607,10
-1205076.3756890276,1905605.203078607,10
-1204613.0629725,1905605.203078607,10
-1204149.7502559726,1905605.203078607,10
-1203686.4375394452,1905605.203078607,10
-1203223.1248229176,1905605.203078607,10
-1202759.81210639,1905605.203078607,10
-1202296.4993898626,1905605.203078607,10
-1201833.186673335,1905605.203078607,10
-1201369.8739568077,1905605.203078607,10
-1200906.56124028,1905605.203078607,10
-1200443.2485237527,1905605.203078607,10
-1199979.935807225,1905605.203078607,10
-1199516.6230906977,1905605.203078607,10
-1199053.31037417,1905605.203078607,10
-1198589.9976576427,1905605.203078607,10
-1198126.684941115,1905605.203078607,10
-1197663.3722245875,1905605.203078607,10
-1197200.05950806,1905605.203078607,10
-1196736.7467915327,1905605.203078607,10
-1196273.4340750051,1905605.203078607,10
-1195810.1213584775,1905605.203078607,10
-1195346.8086419501,1905605.203078607,16
-1194883.4959254225,1905605.203078607,10
-1194420.1832088951,1905605.203078607,10
-1193956.8704923675,1905605.203078607,10
-1193493.5577758402,1905605.203078607,10
-1193030.2450593126,1905605.203078607,10
-1192566.9323427852,1905605.203078607,10
-1192103.6196262576,1905605.203078607,10
-1191640.3069097302,1905605.203078607,10
-1191176.9941932026,1905605.203078607,10
-1190713.6814766752,1905605.203078607,10
-1190250.3687601476,1905605.203078607,10
-1189787.0560436202,1905605.203078607,10
-1189323.7433270926,1905605.203078607,10
-1188860.430610565,1905605.203078607,10
-1188397.1178940376,1905605.203078607,10
-1187933.80517751,1905605.203078607,10
-1187470.4924609826,1905605.203078607,10
-1187007.179744455,1905605.203078607,10
-1186543.8670279277,1905605.203078607,10
-1186080.5543114,1905605.203078607,10
-1185617.2415948727,1905605.203078607,10
-1185153.928878345,1905605.203078607,10
-1184690.6161618177,1905605.203078607,10
-1184227.30344529,1905605.203078607,10
-1183763.9907287627,1905605.203078607,10
-1183300.678012235,1905605.203078607,16
-1182837.3652957077,1905605.203078607,16
-1182374.05257918,1905605.203078607,16
-1181910.7398626525,1905605.203078607,16
-1181447.4271461251,1905605.203078607,10
-1180984.1144295975,1905605.203078607,10
-1180520.8017130701,1905605.203078607,10
-1180057.4889965425,1905605.203078607,10
-1179594.1762800151,1905605.203078607,10
-1179130.8635634875,1905605.203078607,10
-1178667.5508469602,1905605.203078607,16
-1178204.2381304326,1905605.203078607,10
-1177740.9254139052,1905605.203078607,10
-1177277.6126973776,1905605.203078607,10
-1176814.2999808502,1905605.203078607,10
-1176350.9872643226,1905605.203078607,10
-1175887.6745477952,1905605.203078607,10
-1175424.3618312676,1905605.203078607,10
-1174961.04911474,1905605.203078607,10
-1174497.7363982126,1905605.203078607,10
-1174034.4236816852,1905605.203078607,10
-1173571.1109651576,1905605.203078607,10
-1173107.79824863,1905605.203078607,10
-1172644.4855321026,1905605.203078607,10
-1172181.172815575,1905605.203078607,10
-1171717.8600990477,1905605.203078607,10
-1171254.54738252,1905605.203078607,10
-1170791.2346659927,1905605.203078607,10
-1170327.921949465,1905605.203078607,10
-1169864.6092329377,1905605.203078607,10
-1169401.29651641,1905605.203078607,10
-1168937.9837998827,1905605.203078607,16
-1328317.5582853425,1905141.8903620797,10
-1327854.2455688152,1905141.8903620797,16
-1327390.9328522875,1905141.8903620797,16
-1326927.6201357602,1905141.8903620797,16
-1326464.3074192326,1905141.8903620797,16
-1326000.9947027052,1905141.8903620797,16
-1325537.6819861776,1905141.8903620797,16
-1325074.3692696502,1905141.8903620797,16
-1324611.0565531226,1905141.8903620797,16
-1324147.7438365952,1905141.8903620797,16
-1323684.4311200676,1905141.8903620797,16
-1323221.11840354,1905141.8903620797,16
-1322757.8056870126,1905141.8903620797,16
-1322294.492970485,1905141.8903620797,16
-1321831.1802539576,1905141.8903620797,16
-1321367.86753743,1905141.8903620797,16
-1320904.5548209026,1905141.8903620797,16
-1320441.242104375,1905141.8903620797,16
-1319977.9293878477,1905141.8903620797,16
-1319514.61667132,1905141.8903620797,16
-1319051.3039547927,1905141.8903620797,16
-1318587.991238265,1905141.8903620797,16
-1318124.6785217377,1905141.8903620797,16
-1317661.36580521,1905141.8903620797,16
-1317198.0530886827,1905141.8903620797,16
-1316734.740372155,1905141.8903620797,16
-1316271.4276556277,1905141.8903620797,16
-1315808.1149391,1905141.8903620797,16
-1315344.8022225727,1905141.8903620797,16
-1314881.4895060451,1905141.8903620797,10
-1314418.1767895175,1905141.8903620797,10
-1313954.8640729901,1905141.8903620797,10
-1313491.5513564625,1905141.8903620797,16
-1313028.2386399352,1905141.8903620797,16
-1312564.9259234075,1905141.8903620797,16
-1312101.6132068802,1905141.8903620797,16
-1311638.3004903526,1905141.8903620797,16
-1311174.9877738252,1905141.8903620797,16
-1310711.6750572976,1905141.8903620797,16
-1310248.3623407702,1905141.8903620797,16
-1309785.0496242426,1905141.8903620797,16
-1309321.7369077152,1905141.8903620797,16
-1308858.4241911876,1905141.8903620797,16
-1308395.1114746602,1905141.8903620797,16
-1307931.7987581326,1905141.8903620797,16
-1307468.486041605,1905141.8903620797,16
-1307005.1733250776,1905141.8903620797,16
-1306541.86060855,1905141.8903620797,16
-1306078.5478920226,1905141.8903620797,10
-1305615.235175495,1905141.8903620797,10
-1305151.9224589677,1905141.8903620797,16
-1304688.60974244,1905141.8903620797,16
-1304225.2970259127,1905141.8903620797,16
-1303761.984309385,1905141.8903620797,16
-1303298.6715928577,1905141.8903620797,16
-1302835.35887633,1905141.8903620797,16
-1302372.0461598027,1905141.8903620797,10
-1301908.733443275,1905141.8903620797,10
-1301445.4207267477,1905141.8903620797,10
-1300982.10801022,1905141.8903620797,10
-1300518.7952936925,1905141.8903620797,10
-1300055.4825771651,1905141.8903620797,10
-1299592.1698606375,1905141.8903620797,16
-1299128.8571441101,1905141.8903620797,16
-1298665.5444275825,1905141.8903620797,16
-1298202.2317110552,1905141.8903620797,16
-1297738.9189945275,1905141.8903620797,16
-1297275.6062780002,1905141.8903620797,10
-1296812.2935614726,1905141.8903620797,10
-1296348.9808449452,1905141.8903620797,10
-1295885.6681284176,1905141.8903620797,16
-1295422.3554118902,1905141.8903620797,16
-1294959.0426953626,1905141.8903620797,16
-1294495.7299788352,1905141.8903620797,16
-1294032.4172623076,1905141.8903620797,16
-1293569.10454578,1905141.8903620797,16
-1293105.7918292526,1905141.8903620797,16
-1292642.479112725,1905141.8903620797,7
-1292179.1663961976,1905141.8903620797,16
-1291715.85367967,1905141.8903620797,16
-1291252.5409631426,1905141.8903620797,16
-1290789.228246615,1905141.8903620797,16
-1290325.9155300877,1905141.8903620797,16
-1289862.60281356,1905141.8903620797,16
-1289399.2900970327,1905141.8903620797,16
-1288935.977380505,1905141.8903620797,10
-1288472.6646639777,1905141.8903620797,7
-1288009.35194745,1905141.8903620797,16
-1287546.0392309227,1905141.8903620797,16
-1287082.726514395,1905141.8903620797,16
-1286619.4137978677,1905141.8903620797,16
-1286156.10108134,1905141.8903620797,16
-1285692.7883648127,1905141.8903620797,16
-1285229.4756482851,1905141.8903620797,16
-1284766.1629317575,1905141.8903620797,16
-1284302.8502152301,1905141.8903620797,16
-1283839.5374987025,1905141.8903620797,16
-1283376.2247821752,1905141.8903620797,16
-1282912.9120656475,1905141.8903620797,16
-1282449.5993491202,1905141.8903620797,16
-1281986.2866325926,1905141.8903620797,16
-1281522.9739160652,1905141.8903620797,16
-1281059.6611995376,1905141.8903620797,16
-1280596.3484830102,1905141.8903620797,16
-1250481.0219087226,1905141.8903620797,10
-1250017.7091921952,1905141.8903620797,16
-1249554.3964756676,1905141.8903620797,16
-1249091.0837591402,1905141.8903620797,16
-1248627.7710426126,1905141.8903620797,10
-1248164.458326085,1905141.8903620797,10
-1247701.1456095576,1905141.8903620797,10
-1247237.83289303,1905141.8903620797,16
-1246774.5201765026,1905141.8903620797,16
-1246311.207459975,1905141.8903620797,16
-1245847.8947434477,1905141.8903620797,10
-1245384.58202692,1905141.8903620797,10
-1244921.2693103927,1905141.8903620797,10
-1244457.956593865,1905141.8903620797,10
-1243994.6438773377,1905141.8903620797,10
-1243531.33116081,1905141.8903620797,10
-1243068.0184442827,1905141.8903620797,10
-1242604.705727755,1905141.8903620797,10
-1242141.3930112277,1905141.8903620797,10
-1241678.0802947,1905141.8903620797,10
-1241214.7675781725,1905141.8903620797,10
-1240751.4548616451,1905141.8903620797,10
-1240288.1421451175,1905141.8903620797,10
-1239824.8294285901,1905141.8903620797,10
-1227778.698798875,1905141.8903620797,10
-1227315.3860823475,1905141.8903620797,10
-1226852.07336582,1905141.8903620797,10
-1226388.7606492927,1905141.8903620797,10
-1225925.4479327651,1905141.8903620797,10
-1225462.1352162375,1905141.8903620797,10
-1224998.8224997101,1905141.8903620797,10
-1224535.5097831825,1905141.8903620797,10
-1224072.1970666551,1905141.8903620797,10
-1223608.8843501275,1905141.8903620797,10
-1223145.5716336002,1905141.8903620797,16
-1222682.2589170726,1905141.8903620797,16
-1222218.9462005452,1905141.8903620797,16
-1221755.6334840176,1905141.8903620797,16
-1221292.3207674902,1905141.8903620797,16
-1220829.0080509626,1905141.8903620797,10
-1220365.6953344352,1905141.8903620797,10
-1219902.3826179076,1905141.8903620797,10
-1219439.0699013802,1905141.8903620797,10
-1218975.7571848526,1905141.8903620797,10
-1218512.444468325,1905141.8903620797,10
-1218049.1317517976,1905141.8903620797,10
-1217585.81903527,1905141.8903620797,10
-1217122.5063187426,1905141.8903620797,16
-1216659.193602215,1905141.8903620797,16
-1216195.8808856877,1905141.8903620797,10
-1215732.56816916,1905141.8903620797,10
-1215269.2554526327,1905141.8903620797,10
-1214805.942736105,1905141.8903620797,10
-1214342.6300195777,1905141.8903620797,10
-1213879.31730305,1905141.8903620797,10
-1213416.0045865227,1905141.8903620797,10
-1212952.691869995,1905141.8903620797,10
-1212489.3791534677,1905141.8903620797,10
-1212026.06643694,1905141.8903620797,10
-1211562.7537204125,1905141.8903620797,10
-1211099.4410038851,1905141.8903620797,10
-1210636.1282873575,1905141.8903620797,10
-1210172.8155708301,1905141.8903620797,10
-1209709.5028543025,1905141.8903620797,10
-1209246.1901377751,1905141.8903620797,10
-1208782.8774212475,1905141.8903620797,10
-1208319.5647047202,1905141.8903620797,10
-1207856.2519881926,1905141.8903620797,10
-1207392.9392716652,1905141.8903620797,10
-1206929.6265551376,1905141.8903620797,10
-1206466.3138386102,1905141.8903620797,10
-1206003.0011220826,1905141.8903620797,10
-1205539.6884055552,1905141.8903620797,10
-1205076.3756890276,1905141.8903620797,10
-1204613.0629725,1905141.8903620797,10
-1204149.7502559726,1905141.8903620797,10
-1203686.4375394452,1905141.8903620797,10
-1203223.1248229176,1905141.8903620797,10
-1202759.81210639,1905141.8903620797,10
-1202296.4993898626,1905141.8903620797,10
-1201833.186673335,1905141.8903620797,10
-1201369.8739568077,1905141.8903620797,10
-1200906.56124028,1905141.8903620797,10
-1200443.2485237527,1905141.8903620797,10
-1199979.935807225,1905141.8903620797,10
-1199516.6230906977,1905141.8903620797,10
-1199053.31037417,1905141.8903620797,10
-1198589.9976576427,1905141.8903620797,10
-1198126.684941115,1905141.8903620797,10
-1197663.3722245875,1905141.8903620797,10
-1197200.05950806,1905141.8903620797,10
-1196736.7467915327,1905141.8903620797,10
-1196273.4340750051,1905141.8903620797,10
-1195810.1213584775,1905141.8903620797,16
-1195346.8086419501,1905141.8903620797,10
-1194883.4959254225,1905141.8903620797,10
-1194420.1832088951,1905141.8903620797,10
-1193956.8704923675,1905141.8903620797,10
-1193493.5577758402,1905141.8903620797,10
-1193030.2450593126,1905141.8903620797,10
-1192566.9323427852,1905141.8903620797,10
-1192103.6196262576,1905141.8903620797,10
-1191640.3069097302,1905141.8903620797,10
-1191176.9941932026,1905141.8903620797,10
-1190713.6814766752,1905141.8903620797,10
-1190250.3687601476,1905141.8903620797,10
-1189787.0560436202,1905141.8903620797,10
-1189323.7433270926,1905141.8903620797,10
-1188860.430610565,1905141.8903620797,10
-1188397.1178940376,1905141.8903620797,10
-1187933.80517751,1905141.8903620797,10
-1187470.4924609826,1905141.8903620797,10
-1187007.179744455,1905141.8903620797,10
-1186543.8670279277,1905141.8903620797,10
-1186080.5543114,1905141.8903620797,10
-1185617.2415948727,1905141.8903620797,10
-1185153.928878345,1905141.8903620797,10
-1184690.6161618177,1905141.8903620797,10
-1184227.30344529,1905141.8903620797,10
-1183763.9907287627,1905141.8903620797,10
-1183300.678012235,1905141.8903620797,10
-1182837.3652957077,1905141.8903620797,10
-1182374.05257918,1905141.8903620797,16
-1181910.7398626525,1905141.8903620797,16
-1181447.4271461251,1905141.8903620797,16
-1180984.1144295975,1905141.8903620797,10
-1180520.8017130701,1905141.8903620797,10
-1180057.4889965425,1905141.8903620797,10
-1179594.1762800151,1905141.8903620797,10
-1179130.8635634875,1905141.8903620797,10
-1178667.5508469602,1905141.8903620797,10
-1178204.2381304326,1905141.8903620797,10
-1177740.9254139052,1905141.8903620797,10
-1177277.6126973776,1905141.8903620797,10
-1176814.2999808502,1905141.8903620797,10
-1176350.9872643226,1905141.8903620797,10
-1175887.6745477952,1905141.8903620797,10
-1175424.3618312676,1905141.8903620797,10
-1174961.04911474,1905141.8903620797,10
-1174497.7363982126,1905141.8903620797,10
-1174034.4236816852,1905141.8903620797,10
-1173571.1109651576,1905141.8903620797,10
-1173107.79824863,1905141.8903620797,10
-1172644.4855321026,1905141.8903620797,10
-1172181.172815575,1905141.8903620797,10
-1171717.8600990477,1905141.8903620797,10
-1171254.54738252,1905141.8903620797,10
-1170791.2346659927,1905141.8903620797,10
-1170327.921949465,1905141.8903620797,10
-1169864.6092329377,1905141.8903620797,10
-1169401.29651641,1905141.8903620797,10
-1168937.9837998827,1905141.8903620797,16
-1168474.671083355,1905141.8903620797,16
-1328780.8710018701,1904678.577645552,10
-1328317.5582853425,1904678.577645552,16
-1327854.2455688152,1904678.577645552,16
-1327390.9328522875,1904678.577645552,16
-1326927.6201357602,1904678.577645552,16
-1326464.3074192326,1904678.577645552,16
-1326000.9947027052,1904678.577645552,16
-1325537.6819861776,1904678.577645552,16
-1325074.3692696502,1904678.577645552,16
-1324611.0565531226,1904678.577645552,16
-1324147.7438365952,1904678.577645552,16
-1323684.4311200676,1904678.577645552,16
-1323221.11840354,1904678.577645552,16
-1322757.8056870126,1904678.577645552,16
-1322294.492970485,1904678.577645552,16
-1321831.1802539576,1904678.577645552,16
-1321367.86753743,1904678.577645552,10
-1320904.5548209026,1904678.577645552,10
-1320441.242104375,1904678.577645552,16
-1319977.9293878477,1904678.577645552,16
-1319514.61667132,1904678.577645552,16
-1319051.3039547927,1904678.577645552,16
-1318587.991238265,1904678.577645552,16
-1318124.6785217377,1904678.577645552,16
-1317661.36580521,1904678.577645552,16
-1317198.0530886827,1904678.577645552,16
-1316734.740372155,1904678.577645552,16
-1316271.4276556277,1904678.577645552,16
-1315808.1149391,1904678.577645552,16
-1315344.8022225727,1904678.577645552,10
-1314881.4895060451,1904678.577645552,16
-1314418.1767895175,1904678.577645552,16
-1313954.8640729901,1904678.577645552,10
-1313491.5513564625,1904678.577645552,16
-1313028.2386399352,1904678.577645552,16
-1312564.9259234075,1904678.577645552,16
-1312101.6132068802,1904678.577645552,16
-1311638.3004903526,1904678.577645552,16
-1311174.9877738252,1904678.577645552,16
-1310711.6750572976,1904678.577645552,16
-1310248.3623407702,1904678.577645552,16
-1309785.0496242426,1904678.577645552,16
-1309321.7369077152,1904678.577645552,16
-1308858.4241911876,1904678.577645552,16
-1308395.1114746602,1904678.577645552,16
-1307931.7987581326,1904678.577645552,16
-1307468.486041605,1904678.577645552,16
-1307005.1733250776,1904678.577645552,16
-1306541.86060855,1904678.577645552,10
-1306078.5478920226,1904678.577645552,10
-1305615.235175495,1904678.577645552,10
-1305151.9224589677,1904678.577645552,16
-1304688.60974244,1904678.577645552,16
-1304225.2970259127,1904678.577645552,16
-1303761.984309385,1904678.577645552,10
-1303298.6715928577,1904678.577645552,10
-1302835.35887633,1904678.577645552,16
-1302372.0461598027,1904678.577645552,10
-1301908.733443275,1904678.577645552,10
-1301445.4207267477,1904678.577645552,10
-1300982.10801022,1904678.577645552,10
-1300518.7952936925,1904678.577645552,10
-1300055.4825771651,1904678.577645552,16
-1299592.1698606375,1904678.577645552,16
-1299128.8571441101,1904678.577645552,16
-1298665.5444275825,1904678.577645552,16
-1298202.2317110552,1904678.577645552,16
-1297738.9189945275,1904678.577645552,16
-1297275.6062780002,1904678.577645552,10
-1296812.2935614726,1904678.577645552,10
-1296348.9808449452,1904678.577645552,10
-1295885.6681284176,1904678.577645552,16
-1295422.3554118902,1904678.577645552,16
-1294959.0426953626,1904678.577645552,16
-1294495.7299788352,1904678.577645552,16
-1294032.4172623076,1904678.577645552,10
-1293569.10454578,1904678.577645552,16
-1293105.7918292526,1904678.577645552,16
-1292642.479112725,1904678.577645552,16
-1292179.1663961976,1904678.577645552,16
-1291715.85367967,1904678.577645552,10
-1291252.5409631426,1904678.577645552,10
-1290789.228246615,1904678.577645552,10
-1290325.9155300877,1904678.577645552,10
-1289862.60281356,1904678.577645552,10
-1289399.2900970327,1904678.577645552,16
-1288935.977380505,1904678.577645552,10
-1288472.6646639777,1904678.577645552,10
-1288009.35194745,1904678.577645552,16
-1287546.0392309227,1904678.577645552,16
-1287082.726514395,1904678.577645552,10
-1286619.4137978677,1904678.577645552,16
-1286156.10108134,1904678.577645552,16
-1285692.7883648127,1904678.577645552,16
-1285229.4756482851,1904678.577645552,16
-1284766.1629317575,1904678.577645552,16
-1284302.8502152301,1904678.577645552,16
-1283839.5374987025,1904678.577645552,16
-1283376.2247821752,1904678.577645552,16
-1282912.9120656475,1904678.577645552,16
-1282449.5993491202,1904678.577645552,16
-1281986.2866325926,1904678.577645552,16
-1281522.9739160652,1904678.577645552,16
-1281059.6611995376,1904678.577645552,16
-1280596.3484830102,1904678.577645552,10
-1280133.0357664826,1904678.577645552,16
-1279669.7230499552,1904678.577645552,16
-1279206.4103334276,1904678.577645552,16
-1251870.9600583052,1904678.577645552,10
-1251407.6473417776,1904678.577645552,10
-1250944.3346252502,1904678.577645552,10
-1250481.0219087226,1904678.577645552,10
-1250017.7091921952,1904678.577645552,10
-1249554.3964756676,1904678.577645552,16
-1249091.0837591402,1904678.577645552,16
-1248627.7710426126,1904678.577645552,16
-1248164.458326085,1904678.577645552,10
-1247701.1456095576,1904678.577645552,10
-1247237.83289303,1904678.577645552,10
-1246774.5201765026,1904678.577645552,16
-1246311.207459975,1904678.577645552,16
-1245847.8947434477,1904678.577645552,10
-1245384.58202692,1904678.577645552,10
-1244921.2693103927,1904678.577645552,10
-1244457.956593865,1904678.577645552,10
-1243994.6438773377,1904678.577645552,10
-1243531.33116081,1904678.577645552,10
-1243068.0184442827,1904678.577645552,10
-1242604.705727755,1904678.577645552,10
-1242141.3930112277,1904678.577645552,10
-1241678.0802947,1904678.577645552,10
-1241214.7675781725,1904678.577645552,10
-1240751.4548616451,1904678.577645552,10
-1240288.1421451175,1904678.577645552,10
-1239824.8294285901,1904678.577645552,10
-1239361.5167120625,1904678.577645552,10
-1238898.2039955352,1904678.577645552,10
-1238434.8912790075,1904678.577645552,10
-1237971.5785624802,1904678.577645552,10
-1237508.2658459526,1904678.577645552,10
-1237044.9531294252,1904678.577645552,16
-1236581.6404128976,1904678.577645552,16
-1236118.3276963702,1904678.577645552,16
-1235655.0149798426,1904678.577645552,16
-1235191.7022633152,1904678.577645552,16
-1228242.0115154027,1904678.577645552,10
-1227778.698798875,1904678.577645552,10
-1227315.3860823475,1904678.577645552,16
-1226852.07336582,1904678.577645552,16
-1226388.7606492927,1904678.577645552,10
-1225925.4479327651,1904678.577645552,10
-1225462.1352162375,1904678.577645552,10
-1224998.8224997101,1904678.577645552,10
-1224535.5097831825,1904678.577645552,16
-1224072.1970666551,1904678.577645552,16
-1223608.8843501275,1904678.577645552,16
-1223145.5716336002,1904678.577645552,16
-1222682.2589170726,1904678.577645552,16
-1222218.9462005452,1904678.577645552,16
-1221755.6334840176,1904678.577645552,16
-1221292.3207674902,1904678.577645552,16
-1220829.0080509626,1904678.577645552,16
-1220365.6953344352,1904678.577645552,16
-1219902.3826179076,1904678.577645552,16
-1219439.0699013802,1904678.577645552,10
-1218975.7571848526,1904678.577645552,10
-1218512.444468325,1904678.577645552,10
-1218049.1317517976,1904678.577645552,16
-1217585.81903527,1904678.577645552,16
-1217122.5063187426,1904678.577645552,16
-1216659.193602215,1904678.577645552,10
-1216195.8808856877,1904678.577645552,10
-1215732.56816916,1904678.577645552,10
-1215269.2554526327,1904678.577645552,10
-1214805.942736105,1904678.577645552,10
-1214342.6300195777,1904678.577645552,10
-1213879.31730305,1904678.577645552,10
-1213416.0045865227,1904678.577645552,10
-1212952.691869995,1904678.577645552,10
-1212489.3791534677,1904678.577645552,10
-1212026.06643694,1904678.577645552,10
-1211562.7537204125,1904678.577645552,10
-1211099.4410038851,1904678.577645552,10
-1210636.1282873575,1904678.577645552,10
-1210172.8155708301,1904678.577645552,10
-1209709.5028543025,1904678.577645552,10
-1209246.1901377751,1904678.577645552,10
-1208782.8774212475,1904678.577645552,10
-1208319.5647047202,1904678.577645552,10
-1207856.2519881926,1904678.577645552,10
-1207392.9392716652,1904678.577645552,10
-1206929.6265551376,1904678.577645552,10
-1206466.3138386102,1904678.577645552,10
-1206003.0011220826,1904678.577645552,10
-1205539.6884055552,1904678.577645552,10
-1205076.3756890276,1904678.577645552,10
-1204613.0629725,1904678.577645552,10
-1204149.7502559726,1904678.577645552,10
-1203686.4375394452,1904678.577645552,10
-1203223.1248229176,1904678.577645552,10
-1202759.81210639,1904678.577645552,10
-1202296.4993898626,1904678.577645552,10
-1201833.186673335,1904678.577645552,10
-1201369.8739568077,1904678.577645552,10
-1200906.56124028,1904678.577645552,10
-1200443.2485237527,1904678.577645552,10
-1199979.935807225,1904678.577645552,10
-1199516.6230906977,1904678.577645552,10
-1199053.31037417,1904678.577645552,10
-1198589.9976576427,1904678.577645552,10
-1198126.684941115,1904678.577645552,10
-1197663.3722245875,1904678.577645552,10
-1197200.05950806,1904678.577645552,10
-1196736.7467915327,1904678.577645552,10
-1196273.4340750051,1904678.577645552,10
-1195810.1213584775,1904678.577645552,10
-1195346.8086419501,1904678.577645552,10
-1194883.4959254225,1904678.577645552,10
-1194420.1832088951,1904678.577645552,10
-1193956.8704923675,1904678.577645552,10
-1193493.5577758402,1904678.577645552,10
-1193030.2450593126,1904678.577645552,10
-1192566.9323427852,1904678.577645552,10
-1192103.6196262576,1904678.577645552,10
-1191640.3069097302,1904678.577645552,16
-1191176.9941932026,1904678.577645552,16
-1190713.6814766752,1904678.577645552,16
-1190250.3687601476,1904678.577645552,10
-1189787.0560436202,1904678.577645552,10
-1189323.7433270926,1904678.577645552,10
-1188860.430610565,1904678.577645552,10
-1188397.1178940376,1904678.577645552,10
-1187933.80517751,1904678.577645552,10
-1187470.4924609826,1904678.577645552,10
-1187007.179744455,1904678.577645552,10
-1186543.8670279277,1904678.577645552,10
-1186080.5543114,1904678.577645552,10
-1185617.2415948727,1904678.577645552,10
-1185153.928878345,1904678.577645552,10
-1184690.6161618177,1904678.577645552,10
-1184227.30344529,1904678.577645552,10
-1183763.9907287627,1904678.577645552,10
-1183300.678012235,1904678.577645552,10
-1182837.3652957077,1904678.577645552,10
-1182374.05257918,1904678.577645552,10
-1181910.7398626525,1904678.577645552,16
-1181447.4271461251,1904678.577645552,10
-1180984.1144295975,1904678.577645552,10
-1180520.8017130701,1904678.577645552,10
-1180057.4889965425,1904678.577645552,10
-1179594.1762800151,1904678.577645552,10
-1179130.8635634875,1904678.577645552,10
-1178667.5508469602,1904678.577645552,10
-1178204.2381304326,1904678.577645552,10
-1177740.9254139052,1904678.577645552,10
-1177277.6126973776,1904678.577645552,10
-1176814.2999808502,1904678.577645552,10
-1176350.9872643226,1904678.577645552,10
-1175887.6745477952,1904678.577645552,10
-1175424.3618312676,1904678.577645552,10
-1174961.04911474,1904678.577645552,10
-1174497.7363982126,1904678.577645552,10
-1174034.4236816852,1904678.577645552,10
-1173571.1109651576,1904678.577645552,10
-1173107.79824863,1904678.577645552,10
-1172644.4855321026,1904678.577645552,10
-1172181.172815575,1904678.577645552,10
-1171717.8600990477,1904678.577645552,10
-1171254.54738252,1904678.577645552,10
-1170791.2346659927,1904678.577645552,10
-1170327.921949465,1904678.577645552,10
-1169864.6092329377,1904678.577645552,10
-1169401.29651641,1904678.577645552,10
-1168937.9837998827,1904678.577645552,10
-1168474.671083355,1904678.577645552,10
-1168011.3583668275,1904678.577645552,16
-1167548.0456503,1904678.577645552,16
-1328780.8710018701,1904215.2649290247,10
-1328317.5582853425,1904215.2649290247,10
-1327854.2455688152,1904215.2649290247,16
-1327390.9328522875,1904215.2649290247,16
-1326927.6201357602,1904215.2649290247,16
-1326464.3074192326,1904215.2649290247,16
-1326000.9947027052,1904215.2649290247,16
-1325537.6819861776,1904215.2649290247,16
-1325074.3692696502,1904215.2649290247,16
-1324611.0565531226,1904215.2649290247,16
-1324147.7438365952,1904215.2649290247,16
-1323684.4311200676,1904215.2649290247,16
-1323221.11840354,1904215.2649290247,16
-1322757.8056870126,1904215.2649290247,16
-1322294.492970485,1904215.2649290247,16
-1321831.1802539576,1904215.2649290247,16
-1321367.86753743,1904215.2649290247,10
-1320904.5548209026,1904215.2649290247,10
-1320441.242104375,1904215.2649290247,16
-1319977.9293878477,1904215.2649290247,16
-1319514.61667132,1904215.2649290247,16
-1319051.3039547927,1904215.2649290247,16
-1318587.991238265,1904215.2649290247,16
-1318124.6785217377,1904215.2649290247,16
-1317661.36580521,1904215.2649290247,16
-1317198.0530886827,1904215.2649290247,16
-1316734.740372155,1904215.2649290247,16
-1316271.4276556277,1904215.2649290247,16
-1315808.1149391,1904215.2649290247,16
-1315344.8022225727,1904215.2649290247,16
-1314881.4895060451,1904215.2649290247,16
-1314418.1767895175,1904215.2649290247,16
-1313954.8640729901,1904215.2649290247,16
-1313491.5513564625,1904215.2649290247,16
-1313028.2386399352,1904215.2649290247,16
-1312564.9259234075,1904215.2649290247,16
-1312101.6132068802,1904215.2649290247,16
-1311638.3004903526,1904215.2649290247,16
-1311174.9877738252,1904215.2649290247,16
-1310711.6750572976,1904215.2649290247,16
-1310248.3623407702,1904215.2649290247,16
-1309785.0496242426,1904215.2649290247,16
-1309321.7369077152,1904215.2649290247,16
-1308858.4241911876,1904215.2649290247,16
-1308395.1114746602,1904215.2649290247,16
-1307931.7987581326,1904215.2649290247,16
-1307468.486041605,1904215.2649290247,16
-1307005.1733250776,1904215.2649290247,16
-1306541.86060855,1904215.2649290247,16
-1306078.5478920226,1904215.2649290247,10
-1305615.235175495,1904215.2649290247,10
-1305151.9224589677,1904215.2649290247,16
-1304688.60974244,1904215.2649290247,16
-1304225.2970259127,1904215.2649290247,16
-1303761.984309385,1904215.2649290247,10
-1303298.6715928577,1904215.2649290247,16
-1302835.35887633,1904215.2649290247,16
-1302372.0461598027,1904215.2649290247,10
-1301908.733443275,1904215.2649290247,10
-1301445.4207267477,1904215.2649290247,10
-1300982.10801022,1904215.2649290247,10
-1300518.7952936925,1904215.2649290247,10
-1300055.4825771651,1904215.2649290247,10
-1299592.1698606375,1904215.2649290247,10
-1299128.8571441101,1904215.2649290247,16
-1298665.5444275825,1904215.2649290247,16
-1298202.2317110552,1904215.2649290247,16
-1297738.9189945275,1904215.2649290247,10
-1297275.6062780002,1904215.2649290247,10
-1296812.2935614726,1904215.2649290247,10
-1296348.9808449452,1904215.2649290247,10
-1295885.6681284176,1904215.2649290247,10
-1295422.3554118902,1904215.2649290247,10
-1294959.0426953626,1904215.2649290247,10
-1294495.7299788352,1904215.2649290247,10
-1294032.4172623076,1904215.2649290247,10
-1293569.10454578,1904215.2649290247,10
-1293105.7918292526,1904215.2649290247,10
-1292642.479112725,1904215.2649290247,16
-1292179.1663961976,1904215.2649290247,10
-1291715.85367967,1904215.2649290247,10
-1291252.5409631426,1904215.2649290247,10
-1290789.228246615,1904215.2649290247,10
-1290325.9155300877,1904215.2649290247,10
-1289862.60281356,1904215.2649290247,10
-1289399.2900970327,1904215.2649290247,16
-1288935.977380505,1904215.2649290247,16
-1288472.6646639777,1904215.2649290247,10
-1288009.35194745,1904215.2649290247,10
-1287546.0392309227,1904215.2649290247,10
-1287082.726514395,1904215.2649290247,10
-1286619.4137978677,1904215.2649290247,16
-1286156.10108134,1904215.2649290247,16
-1285692.7883648127,1904215.2649290247,16
-1285229.4756482851,1904215.2649290247,16
-1284766.1629317575,1904215.2649290247,16
-1284302.8502152301,1904215.2649290247,16
-1283839.5374987025,1904215.2649290247,16
-1283376.2247821752,1904215.2649290247,16
-1282912.9120656475,1904215.2649290247,16
-1282449.5993491202,1904215.2649290247,16
-1281986.2866325926,1904215.2649290247,16
-1281522.9739160652,1904215.2649290247,16
-1281059.6611995376,1904215.2649290247,16
-1280596.3484830102,1904215.2649290247,16
-1280133.0357664826,1904215.2649290247,16
-1279669.7230499552,1904215.2649290247,16
-1279206.4103334276,1904215.2649290247,16
-1278743.0976169002,1904215.2649290247,16
-1278279.7849003726,1904215.2649290247,16
-1252797.5854913602,1904215.2649290247,10
-1252334.2727748326,1904215.2649290247,10
-1251870.9600583052,1904215.2649290247,10
-1251407.6473417776,1904215.2649290247,10
-1250944.3346252502,1904215.2649290247,10
-1250481.0219087226,1904215.2649290247,10
-1250017.7091921952,1904215.2649290247,10
-1249554.3964756676,1904215.2649290247,16
-1249091.0837591402,1904215.2649290247,16
-1248627.7710426126,1904215.2649290247,16
-1248164.458326085,1904215.2649290247,10
-1247701.1456095576,1904215.2649290247,10
-1247237.83289303,1904215.2649290247,10
-1246774.5201765026,1904215.2649290247,16
-1246311.207459975,1904215.2649290247,16
-1245847.8947434477,1904215.2649290247,10
-1245384.58202692,1904215.2649290247,10
-1244921.2693103927,1904215.2649290247,10
-1244457.956593865,1904215.2649290247,10
-1243994.6438773377,1904215.2649290247,10
-1243531.33116081,1904215.2649290247,10
-1243068.0184442827,1904215.2649290247,10
-1242604.705727755,1904215.2649290247,10
-1242141.3930112277,1904215.2649290247,10
-1241678.0802947,1904215.2649290247,10
-1241214.7675781725,1904215.2649290247,10
-1240751.4548616451,1904215.2649290247,10
-1240288.1421451175,1904215.2649290247,10
-1239824.8294285901,1904215.2649290247,10
-1239361.5167120625,1904215.2649290247,10
-1238898.2039955352,1904215.2649290247,10
-1238434.8912790075,1904215.2649290247,10
-1237971.5785624802,1904215.2649290247,10
-1237508.2658459526,1904215.2649290247,10
-1237044.9531294252,1904215.2649290247,10
-1236581.6404128976,1904215.2649290247,16
-1236118.3276963702,1904215.2649290247,16
-1235655.0149798426,1904215.2649290247,16
-1235191.7022633152,1904215.2649290247,16
-1234728.3895467876,1904215.2649290247,16
-1234265.07683026,1904215.2649290247,16
-1233801.7641137326,1904215.2649290247,16
-1233338.4513972052,1904215.2649290247,16
-1232875.1386806776,1904215.2649290247,16
-1232411.82596415,1904215.2649290247,10
-1231948.5132476226,1904215.2649290247,7
-1231485.200531095,1904215.2649290247,16
-1231021.8878145677,1904215.2649290247,16
-1230558.57509804,1904215.2649290247,16
-1228705.32423193,1904215.2649290247,16
-1228242.0115154027,1904215.2649290247,16
-1227778.698798875,1904215.2649290247,10
-1227315.3860823475,1904215.2649290247,16
-1226852.07336582,1904215.2649290247,16
-1226388.7606492927,1904215.2649290247,16
-1225925.4479327651,1904215.2649290247,16
-1225462.1352162375,1904215.2649290247,16
-1224998.8224997101,1904215.2649290247,16
-1224535.5097831825,1904215.2649290247,16
-1224072.1970666551,1904215.2649290247,16
-1223608.8843501275,1904215.2649290247,16
-1223145.5716336002,1904215.2649290247,16
-1222682.2589170726,1904215.2649290247,16
-1222218.9462005452,1904215.2649290247,16
-1221755.6334840176,1904215.2649290247,16
-1221292.3207674902,1904215.2649290247,16
-1220829.0080509626,1904215.2649290247,16
-1220365.6953344352,1904215.2649290247,16
-1219902.3826179076,1904215.2649290247,16
-1219439.0699013802,1904215.2649290247,10
-1218975.7571848526,1904215.2649290247,10
-1218512.444468325,1904215.2649290247,16
-1218049.1317517976,1904215.2649290247,16
-1217585.81903527,1904215.2649290247,10
-1217122.5063187426,1904215.2649290247,10
-1216659.193602215,1904215.2649290247,10
-1216195.8808856877,1904215.2649290247,10
-1215732.56816916,1904215.2649290247,10
-1215269.2554526327,1904215.2649290247,10
-1214805.942736105,1904215.2649290247,10
-1214342.6300195777,1904215.2649290247,10
-1213879.31730305,1904215.2649290247,10
-1213416.0045865227,1904215.2649290247,10
-1212952.691869995,1904215.2649290247,10
-1212489.3791534677,1904215.2649290247,10
-1212026.06643694,1904215.2649290247,10
-1211562.7537204125,1904215.2649290247,10
-1211099.4410038851,1904215.2649290247,10
-1210636.1282873575,1904215.2649290247,10
-1210172.8155708301,1904215.2649290247,10
-1209709.5028543025,1904215.2649290247,10
-1209246.1901377751,1904215.2649290247,10
-1208782.8774212475,1904215.2649290247,10
-1208319.5647047202,1904215.2649290247,10
-1207856.2519881926,1904215.2649290247,10
-1207392.9392716652,1904215.2649290247,10
-1206929.6265551376,1904215.2649290247,10
-1206466.3138386102,1904215.2649290247,10
-1206003.0011220826,1904215.2649290247,10
-1205539.6884055552,1904215.2649290247,10
-1205076.3756890276,1904215.2649290247,10
-1204613.0629725,1904215.2649290247,10
-1204149.7502559726,1904215.2649290247,10
-1203686.4375394452,1904215.2649290247,10
-1203223.1248229176,1904215.2649290247,10
-1202759.81210639,1904215.2649290247,10
-1202296.4993898626,1904215.2649290247,10
-1201833.186673335,1904215.2649290247,10
-1201369.8739568077,1904215.2649290247,10
-1200906.56124028,1904215.2649290247,10
-1200443.2485237527,1904215.2649290247,10
-1199979.935807225,1904215.2649290247,10
-1199516.6230906977,1904215.2649290247,10
-1199053.31037417,1904215.2649290247,10
-1198589.9976576427,1904215.2649290247,10
-1198126.684941115,1904215.2649290247,10
-1197663.3722245875,1904215.2649290247,10
-1197200.05950806,1904215.2649290247,10
-1196736.7467915327,1904215.2649290247,10
-1196273.4340750051,1904215.2649290247,10
-1195810.1213584775,1904215.2649290247,10
-1195346.8086419501,1904215.2649290247,10
-1194883.4959254225,1904215.2649290247,10
-1194420.1832088951,1904215.2649290247,10
-1193956.8704923675,1904215.2649290247,10
-1193493.5577758402,1904215.2649290247,10
-1193030.2450593126,1904215.2649290247,10
-1192566.9323427852,1904215.2649290247,10
-1192103.6196262576,1904215.2649290247,10
-1191640.3069097302,1904215.2649290247,16
-1191176.9941932026,1904215.2649290247,16
-1190713.6814766752,1904215.2649290247,16
-1190250.3687601476,1904215.2649290247,16
-1189787.0560436202,1904215.2649290247,16
-1189323.7433270926,1904215.2649290247,10
-1188860.430610565,1904215.2649290247,10
-1188397.1178940376,1904215.2649290247,10
-1187933.80517751,1904215.2649290247,10
-1187470.4924609826,1904215.2649290247,10
-1187007.179744455,1904215.2649290247,10
-1186543.8670279277,1904215.2649290247,10
-1186080.5543114,1904215.2649290247,10
-1185617.2415948727,1904215.2649290247,10
-1185153.928878345,1904215.2649290247,10
-1184690.6161618177,1904215.2649290247,10
-1184227.30344529,1904215.2649290247,10
-1183763.9907287627,1904215.2649290247,10
-1183300.678012235,1904215.2649290247,10
-1182837.3652957077,1904215.2649290247,10
-1182374.05257918,1904215.2649290247,10
-1181910.7398626525,1904215.2649290247,10
-1181447.4271461251,1904215.2649290247,10
-1180984.1144295975,1904215.2649290247,10
-1180520.8017130701,1904215.2649290247,10
-1180057.4889965425,1904215.2649290247,10
-1179594.1762800151,1904215.2649290247,10
-1179130.8635634875,1904215.2649290247,10
-1178667.5508469602,1904215.2649290247,10
-1178204.2381304326,1904215.2649290247,10
-1177740.9254139052,1904215.2649290247,10
-1177277.6126973776,1904215.2649290247,10
-1176814.2999808502,1904215.2649290247,10
-1176350.9872643226,1904215.2649290247,10
-1175887.6745477952,1904215.2649290247,10
-1175424.3618312676,1904215.2649290247,10
-1174961.04911474,1904215.2649290247,10
-1174497.7363982126,1904215.2649290247,10
-1174034.4236816852,1904215.2649290247,10
-1173571.1109651576,1904215.2649290247,10
-1173107.79824863,1904215.2649290247,10
-1172644.4855321026,1904215.2649290247,10
-1172181.172815575,1904215.2649290247,10
-1171717.8600990477,1904215.2649290247,10
-1171254.54738252,1904215.2649290247,10
-1170791.2346659927,1904215.2649290247,10
-1170327.921949465,1904215.2649290247,10
-1169864.6092329377,1904215.2649290247,10
-1169401.29651641,1904215.2649290247,10
-1168937.9837998827,1904215.2649290247,10
-1168474.671083355,1904215.2649290247,10
-1168011.3583668275,1904215.2649290247,10
-1167548.0456503,1904215.2649290247,10
-1167084.7329337727,1904215.2649290247,10
-1329244.1837183975,1903751.9522124971,10
-1328780.8710018701,1903751.9522124971,10
-1328317.5582853425,1903751.9522124971,10
-1327854.2455688152,1903751.9522124971,10
-1327390.9328522875,1903751.9522124971,16
-1326927.6201357602,1903751.9522124971,16
-1326464.3074192326,1903751.9522124971,16
-1326000.9947027052,1903751.9522124971,16
-1325537.6819861776,1903751.9522124971,16
-1325074.3692696502,1903751.9522124971,16
-1324611.0565531226,1903751.9522124971,16
-1324147.7438365952,1903751.9522124971,16
-1323684.4311200676,1903751.9522124971,16
-1323221.11840354,1903751.9522124971,16
-1322757.8056870126,1903751.9522124971,16
-1322294.492970485,1903751.9522124971,16
-1321831.1802539576,1903751.9522124971,16
-1321367.86753743,1903751.9522124971,10
-1320904.5548209026,1903751.9522124971,10
-1320441.242104375,1903751.9522124971,16
-1319977.9293878477,1903751.9522124971,16
-1319514.61667132,1903751.9522124971,16
-1319051.3039547927,1903751.9522124971,16
-1318587.991238265,1903751.9522124971,16
-1318124.6785217377,1903751.9522124971,16
-1317661.36580521,1903751.9522124971,16
-1317198.0530886827,1903751.9522124971,16
-1316734.740372155,1903751.9522124971,16
-1316271.4276556277,1903751.9522124971,16
-1315808.1149391,1903751.9522124971,16
-1315344.8022225727,1903751.9522124971,16
-1314881.4895060451,1903751.9522124971,16
-1314418.1767895175,1903751.9522124971,16
-1313954.8640729901,1903751.9522124971,16
-1313491.5513564625,1903751.9522124971,16
-1313028.2386399352,1903751.9522124971,16
-1312564.9259234075,1903751.9522124971,16
-1312101.6132068802,1903751.9522124971,16
-1311638.3004903526,1903751.9522124971,16
-1311174.9877738252,1903751.9522124971,16
-1310711.6750572976,1903751.9522124971,16
-1310248.3623407702,1903751.9522124971,16
-1309785.0496242426,1903751.9522124971,16
-1309321.7369077152,1903751.9522124971,16
-1308858.4241911876,1903751.9522124971,16
-1308395.1114746602,1903751.9522124971,16
-1307931.7987581326,1903751.9522124971,16
-1307468.486041605,1903751.9522124971,16
-1307005.1733250776,1903751.9522124971,16
-1306541.86060855,1903751.9522124971,16
-1306078.5478920226,1903751.9522124971,10
-1305615.235175495,1903751.9522124971,10
-1305151.9224589677,1903751.9522124971,10
-1304688.60974244,1903751.9522124971,16
-1304225.2970259127,1903751.9522124971,16
-1303761.984309385,1903751.9522124971,16
-1303298.6715928577,1903751.9522124971,16
-1302835.35887633,1903751.9522124971,16
-1302372.0461598027,1903751.9522124971,16
-1301908.733443275,1903751.9522124971,16
-1301445.4207267477,1903751.9522124971,16
-1300982.10801022,1903751.9522124971,16
-1300518.7952936925,1903751.9522124971,10
-1300055.4825771651,1903751.9522124971,10
-1299592.1698606375,1903751.9522124971,10
-1299128.8571441101,1903751.9522124971,10
-1298665.5444275825,1903751.9522124971,10
-1298202.2317110552,1903751.9522124971,10
-1297738.9189945275,1903751.9522124971,10
-1297275.6062780002,1903751.9522124971,10
-1296812.2935614726,1903751.9522124971,10
-1296348.9808449452,1903751.9522124971,10
-1295885.6681284176,1903751.9522124971,10
-1295422.3554118902,1903751.9522124971,10
-1294959.0426953626,1903751.9522124971,10
-1294495.7299788352,1903751.9522124971,10
-1294032.4172623076,1903751.9522124971,10
-1293569.10454578,1903751.9522124971,10
-1293105.7918292526,1903751.9522124971,10
-1292642.479112725,1903751.9522124971,10
-1292179.1663961976,1903751.9522124971,10
-1291715.85367967,1903751.9522124971,10
-1291252.5409631426,1903751.9522124971,10
-1290789.228246615,1903751.9522124971,10
-1290325.9155300877,1903751.9522124971,10
-1289862.60281356,1903751.9522124971,10
-1289399.2900970327,1903751.9522124971,10
-1288935.977380505,1903751.9522124971,10
-1288472.6646639777,1903751.9522124971,16
-1288009.35194745,1903751.9522124971,10
-1287546.0392309227,1903751.9522124971,10
-1287082.726514395,1903751.9522124971,16
-1286619.4137978677,1903751.9522124971,16
-1286156.10108134,1903751.9522124971,16
-1285692.7883648127,1903751.9522124971,16
-1285229.4756482851,1903751.9522124971,16
-1284766.1629317575,1903751.9522124971,16
-1284302.8502152301,1903751.9522124971,16
-1283839.5374987025,1903751.9522124971,16
-1283376.2247821752,1903751.9522124971,16
-1282912.9120656475,1903751.9522124971,16
-1282449.5993491202,1903751.9522124971,16
-1281986.2866325926,1903751.9522124971,16
-1281522.9739160652,1903751.9522124971,16
-1281059.6611995376,1903751.9522124971,16
-1280596.3484830102,1903751.9522124971,16
-1280133.0357664826,1903751.9522124971,16
-1279669.7230499552,1903751.9522124971,16
-1279206.4103334276,1903751.9522124971,16
-1278743.0976169002,1903751.9522124971,16
-1278279.7849003726,1903751.9522124971,16
-1277816.472183845,1903751.9522124971,16
-1277353.1594673176,1903751.9522124971,10
-1254187.5236409425,1903751.9522124971,10
-1253724.2109244152,1903751.9522124971,10
-1253260.8982078875,1903751.9522124971,10
-1252797.5854913602,1903751.9522124971,10
-1252334.2727748326,1903751.9522124971,10
-1251870.9600583052,1903751.9522124971,10
-1251407.6473417776,1903751.9522124971,10
-1250944.3346252502,1903751.9522124971,10
-1250481.0219087226,1903751.9522124971,10
-1250017.7091921952,1903751.9522124971,10
-1249554.3964756676,1903751.9522124971,10
-1249091.0837591402,1903751.9522124971,16
-1248627.7710426126,1903751.9522124971,16
-1248164.458326085,1903751.9522124971,16
-1247701.1456095576,1903751.9522124971,10
-1247237.83289303,1903751.9522124971,10
-1246774.5201765026,1903751.9522124971,16
-1246311.207459975,1903751.9522124971,16
-1245847.8947434477,1903751.9522124971,10
-1245384.58202692,1903751.9522124971,10
-1244921.2693103927,1903751.9522124971,10
-1244457.956593865,1903751.9522124971,10
-1243994.6438773377,1903751.9522124971,10
-1243531.33116081,1903751.9522124971,10
-1243068.0184442827,1903751.9522124971,10
-1242604.705727755,1903751.9522124971,10
-1242141.3930112277,1903751.9522124971,10
-1241678.0802947,1903751.9522124971,10
-1241214.7675781725,1903751.9522124971,10
-1240751.4548616451,1903751.9522124971,10
-1240288.1421451175,1903751.9522124971,10
-1239824.8294285901,1903751.9522124971,10
-1239361.5167120625,1903751.9522124971,10
-1238898.2039955352,1903751.9522124971,10
-1238434.8912790075,1903751.9522124971,10
-1237971.5785624802,1903751.9522124971,10
-1237508.2658459526,1903751.9522124971,10
-1237044.9531294252,1903751.9522124971,10
-1236581.6404128976,1903751.9522124971,16
-1236118.3276963702,1903751.9522124971,16
-1235655.0149798426,1903751.9522124971,16
-1235191.7022633152,1903751.9522124971,16
-1234728.3895467876,1903751.9522124971,16
-1234265.07683026,1903751.9522124971,16
-1233801.7641137326,1903751.9522124971,16
-1233338.4513972052,1903751.9522124971,16
-1232875.1386806776,1903751.9522124971,16
-1232411.82596415,1903751.9522124971,10
-1231948.5132476226,1903751.9522124971,10
-1231485.200531095,1903751.9522124971,10
-1231021.8878145677,1903751.9522124971,16
-1230558.57509804,1903751.9522124971,16
-1230095.2623815127,1903751.9522124971,16
-1229631.949664985,1903751.9522124971,16
-1229168.6369484577,1903751.9522124971,16
-1228705.32423193,1903751.9522124971,16
-1228242.0115154027,1903751.9522124971,16
-1227778.698798875,1903751.9522124971,16
-1227315.3860823475,1903751.9522124971,16
-1226852.07336582,1903751.9522124971,16
-1226388.7606492927,1903751.9522124971,16
-1225925.4479327651,1903751.9522124971,16
-1225462.1352162375,1903751.9522124971,10
-1224998.8224997101,1903751.9522124971,10
-1224535.5097831825,1903751.9522124971,10
-1224072.1970666551,1903751.9522124971,16
-1223608.8843501275,1903751.9522124971,16
-1223145.5716336002,1903751.9522124971,10
-1222682.2589170726,1903751.9522124971,16
-1222218.9462005452,1903751.9522124971,16
-1221755.6334840176,1903751.9522124971,16
-1221292.3207674902,1903751.9522124971,16
-1220829.0080509626,1903751.9522124971,16
-1220365.6953344352,1903751.9522124971,16
-1219902.3826179076,1903751.9522124971,16
-1219439.0699013802,1903751.9522124971,16
-1218975.7571848526,1903751.9522124971,16
-1218512.444468325,1903751.9522124971,16
-1218049.1317517976,1903751.9522124971,16
-1217585.81903527,1903751.9522124971,10
-1217122.5063187426,1903751.9522124971,10
-1216659.193602215,1903751.9522124971,10
-1216195.8808856877,1903751.9522124971,10
-1215732.56816916,1903751.9522124971,10
-1215269.2554526327,1903751.9522124971,10
-1214805.942736105,1903751.9522124971,10
-1214342.6300195777,1903751.9522124971,10
-1213879.31730305,1903751.9522124971,10
-1213416.0045865227,1903751.9522124971,10
-1212952.691869995,1903751.9522124971,10
-1212489.3791534677,1903751.9522124971,10
-1212026.06643694,1903751.9522124971,10
-1211562.7537204125,1903751.9522124971,10
-1211099.4410038851,1903751.9522124971,10
-1210636.1282873575,1903751.9522124971,10
-1210172.8155708301,1903751.9522124971,10
-1209709.5028543025,1903751.9522124971,10
-1209246.1901377751,1903751.9522124971,10
-1208782.8774212475,1903751.9522124971,10
-1208319.5647047202,1903751.9522124971,10
-1207856.2519881926,1903751.9522124971,10
-1207392.9392716652,1903751.9522124971,10
-1206929.6265551376,1903751.9522124971,10
-1206466.3138386102,1903751.9522124971,10
-1206003.0011220826,1903751.9522124971,10
-1205539.6884055552,1903751.9522124971,10
-1205076.3756890276,1903751.9522124971,10
-1204613.0629725,1903751.9522124971,10
-1204149.7502559726,1903751.9522124971,10
-1203686.4375394452,1903751.9522124971,10
-1203223.1248229176,1903751.9522124971,10
-1202759.81210639,1903751.9522124971,10
-1202296.4993898626,1903751.9522124971,10
-1201833.186673335,1903751.9522124971,10
-1201369.8739568077,1903751.9522124971,10
-1200906.56124028,1903751.9522124971,10
-1200443.2485237527,1903751.9522124971,10
-1199979.935807225,1903751.9522124971,10
-1199516.6230906977,1903751.9522124971,10
-1199053.31037417,1903751.9522124971,10
-1198589.9976576427,1903751.9522124971,10
-1198126.684941115,1903751.9522124971,10
-1197663.3722245875,1903751.9522124971,10
-1197200.05950806,1903751.9522124971,10
-1196736.7467915327,1903751.9522124971,10
-1196273.4340750051,1903751.9522124971,10
-1195810.1213584775,1903751.9522124971,10
-1195346.8086419501,1903751.9522124971,10
-1194883.4959254225,1903751.9522124971,10
-1194420.1832088951,1903751.9522124971,10
-1193956.8704923675,1903751.9522124971,10
-1193493.5577758402,1903751.9522124971,10
-1193030.2450593126,1903751.9522124971,10
-1192566.9323427852,1903751.9522124971,10
-1192103.6196262576,1903751.9522124971,10
-1191640.3069097302,1903751.9522124971,10
-1191176.9941932026,1903751.9522124971,10
-1190713.6814766752,1903751.9522124971,16
-1190250.3687601476,1903751.9522124971,16
-1189787.0560436202,1903751.9522124971,16
-1189323.7433270926,1903751.9522124971,10
-1188860.430610565,1903751.9522124971,10
-1188397.1178940376,1903751.9522124971,10
-1187933.80517751,1903751.9522124971,10
-1187470.4924609826,1903751.9522124971,10
-1187007.179744455,1903751.9522124971,10
-1186543.8670279277,1903751.9522124971,10
-1186080.5543114,1903751.9522124971,10
-1185617.2415948727,1903751.9522124971,10
-1185153.928878345,1903751.9522124971,10
-1184690.6161618177,1903751.9522124971,10
-1184227.30344529,1903751.9522124971,10
-1183763.9907287627,1903751.9522124971,10
-1183300.678012235,1903751.9522124971,10
-1182837.3652957077,1903751.9522124971,10
-1182374.05257918,1903751.9522124971,10
-1181910.7398626525,1903751.9522124971,10
-1181447.4271461251,1903751.9522124971,10
-1180984.1144295975,1903751.9522124971,10
-1180520.8017130701,1903751.9522124971,10
-1180057.4889965425,1903751.9522124971,10
-1179594.1762800151,1903751.9522124971,10
-1179130.8635634875,1903751.9522124971,10
-1178667.5508469602,1903751.9522124971,10
-1178204.2381304326,1903751.9522124971,10
-1177740.9254139052,1903751.9522124971,10
-1177277.6126973776,1903751.9522124971,10
-1176814.2999808502,1903751.9522124971,10
-1176350.9872643226,1903751.9522124971,10
-1175887.6745477952,1903751.9522124971,10
-1175424.3618312676,1903751.9522124971,10
-1174961.04911474,1903751.9522124971,10
-1174497.7363982126,1903751.9522124971,10
-1174034.4236816852,1903751.9522124971,10
-1173571.1109651576,1903751.9522124971,10
-1173107.79824863,1903751.9522124971,10
-1172644.4855321026,1903751.9522124971,10
-1172181.172815575,1903751.9522124971,10
-1171717.8600990477,1903751.9522124971,10
-1171254.54738252,1903751.9522124971,10
-1170791.2346659927,1903751.9522124971,10
-1170327.921949465,1903751.9522124971,10
-1169864.6092329377,1903751.9522124971,10
-1169401.29651641,1903751.9522124971,10
-1168937.9837998827,1903751.9522124971,10
-1168474.671083355,1903751.9522124971,10
-1168011.3583668275,1903751.9522124971,10
-1167548.0456503,1903751.9522124971,10
-1167084.7329337727,1903751.9522124971,10
-1330170.8091514525,1903288.6394959697,16
-1329707.4964349251,1903288.6394959697,16
-1329244.1837183975,1903288.6394959697,16
-1328780.8710018701,1903288.6394959697,16
-1328317.5582853425,1903288.6394959697,10
-1327854.2455688152,1903288.6394959697,10
-1327390.9328522875,1903288.6394959697,10
-1326927.6201357602,1903288.6394959697,16
-1326464.3074192326,1903288.6394959697,16
-1326000.9947027052,1903288.6394959697,16
-1325537.6819861776,1903288.6394959697,16
-1325074.3692696502,1903288.6394959697,16
-1324611.0565531226,1903288.6394959697,16
-1324147.7438365952,1903288.6394959697,16
-1323684.4311200676,1903288.6394959697,16
-1323221.11840354,1903288.6394959697,16
-1322757.8056870126,1903288.6394959697,16
-1322294.492970485,1903288.6394959697,16
-1321831.1802539576,1903288.6394959697,16
-1321367.86753743,1903288.6394959697,10
-1320904.5548209026,1903288.6394959697,10
-1320441.242104375,1903288.6394959697,16
-1319977.9293878477,1903288.6394959697,16
-1319514.61667132,1903288.6394959697,16
-1319051.3039547927,1903288.6394959697,16
-1318587.991238265,1903288.6394959697,16
-1318124.6785217377,1903288.6394959697,16
-1317661.36580521,1903288.6394959697,16
-1317198.0530886827,1903288.6394959697,16
-1316734.740372155,1903288.6394959697,16
-1316271.4276556277,1903288.6394959697,16
-1315808.1149391,1903288.6394959697,16
-1315344.8022225727,1903288.6394959697,16
-1314881.4895060451,1903288.6394959697,16
-1314418.1767895175,1903288.6394959697,16
-1313954.8640729901,1903288.6394959697,16
-1313491.5513564625,1903288.6394959697,10
-1313028.2386399352,1903288.6394959697,10
-1312564.9259234075,1903288.6394959697,16
-1312101.6132068802,1903288.6394959697,16
-1311638.3004903526,1903288.6394959697,16
-1311174.9877738252,1903288.6394959697,16
-1310711.6750572976,1903288.6394959697,16
-1310248.3623407702,1903288.6394959697,16
-1309785.0496242426,1903288.6394959697,16
-1309321.7369077152,1903288.6394959697,16
-1308858.4241911876,1903288.6394959697,16
-1308395.1114746602,1903288.6394959697,16
-1307931.7987581326,1903288.6394959697,16
-1307468.486041605,1903288.6394959697,16
-1307005.1733250776,1903288.6394959697,16
-1306541.86060855,1903288.6394959697,16
-1306078.5478920226,1903288.6394959697,10
-1305615.235175495,1903288.6394959697,10
-1305151.9224589677,1903288.6394959697,10
-1304688.60974244,1903288.6394959697,16
-1304225.2970259127,1903288.6394959697,16
-1303761.984309385,1903288.6394959697,16
-1303298.6715928577,1903288.6394959697,16
-1302835.35887633,1903288.6394959697,16
-1302372.0461598027,1903288.6394959697,10
-1301908.733443275,1903288.6394959697,10
-1301445.4207267477,1903288.6394959697,16
-1300982.10801022,1903288.6394959697,16
-1300518.7952936925,1903288.6394959697,10
-1300055.4825771651,1903288.6394959697,10
-1299592.1698606375,1903288.6394959697,16
-1299128.8571441101,1903288.6394959697,10
-1298665.5444275825,1903288.6394959697,10
-1298202.2317110552,1903288.6394959697,10
-1297738.9189945275,1903288.6394959697,10
-1297275.6062780002,1903288.6394959697,10
-1296812.2935614726,1903288.6394959697,10
-1296348.9808449452,1903288.6394959697,10
-1295885.6681284176,1903288.6394959697,10
-1295422.3554118902,1903288.6394959697,10
-1294959.0426953626,1903288.6394959697,10
-1294495.7299788352,1903288.6394959697,10
-1294032.4172623076,1903288.6394959697,10
-1293569.10454578,1903288.6394959697,10
-1293105.7918292526,1903288.6394959697,10
-1292642.479112725,1903288.6394959697,10
-1292179.1663961976,1903288.6394959697,10
-1291715.85367967,1903288.6394959697,10
-1291252.5409631426,1903288.6394959697,10
-1290789.228246615,1903288.6394959697,10
-1290325.9155300877,1903288.6394959697,10
-1289862.60281356,1903288.6394959697,10
-1289399.2900970327,1903288.6394959697,10
-1288935.977380505,1903288.6394959697,10
-1288472.6646639777,1903288.6394959697,10
-1288009.35194745,1903288.6394959697,10
-1287546.0392309227,1903288.6394959697,10
-1287082.726514395,1903288.6394959697,10
-1286619.4137978677,1903288.6394959697,16
-1286156.10108134,1903288.6394959697,16
-1285692.7883648127,1903288.6394959697,16
-1285229.4756482851,1903288.6394959697,16
-1284766.1629317575,1903288.6394959697,16
-1284302.8502152301,1903288.6394959697,16
-1283839.5374987025,1903288.6394959697,16
-1283376.2247821752,1903288.6394959697,16
-1282912.9120656475,1903288.6394959697,10
-1282449.5993491202,1903288.6394959697,16
-1281986.2866325926,1903288.6394959697,16
-1281522.9739160652,1903288.6394959697,16
-1281059.6611995376,1903288.6394959697,16
-1280596.3484830102,1903288.6394959697,16
-1280133.0357664826,1903288.6394959697,16
-1279669.7230499552,1903288.6394959697,16
-1279206.4103334276,1903288.6394959697,16
-1278743.0976169002,1903288.6394959697,16
-1278279.7849003726,1903288.6394959697,16
-1277816.472183845,1903288.6394959697,16
-1277353.1594673176,1903288.6394959697,10
-1276889.84675079,1903288.6394959697,10
-1276426.5340342626,1903288.6394959697,10
-1255577.4617905251,1903288.6394959697,10
-1255114.1490739975,1903288.6394959697,10
-1254650.8363574701,1903288.6394959697,16
-1254187.5236409425,1903288.6394959697,10
-1253724.2109244152,1903288.6394959697,10
-1253260.8982078875,1903288.6394959697,10
-1252797.5854913602,1903288.6394959697,10
-1252334.2727748326,1903288.6394959697,10
-1251870.9600583052,1903288.6394959697,10
-1251407.6473417776,1903288.6394959697,10
-1250944.3346252502,1903288.6394959697,10
-1250481.0219087226,1903288.6394959697,10
-1250017.7091921952,1903288.6394959697,10
-1249554.3964756676,1903288.6394959697,10
-1249091.0837591402,1903288.6394959697,16
-1248627.7710426126,1903288.6394959697,16
-1248164.458326085,1903288.6394959697,16
-1247701.1456095576,1903288.6394959697,10
-1247237.83289303,1903288.6394959697,10
-1246774.5201765026,1903288.6394959697,10
-1246311.207459975,1903288.6394959697,10
-1245847.8947434477,1903288.6394959697,10
-1245384.58202692,1903288.6394959697,10
-1244921.2693103927,1903288.6394959697,10
-1244457.956593865,1903288.6394959697,10
-1243994.6438773377,1903288.6394959697,10
-1243531.33116081,1903288.6394959697,10
-1243068.0184442827,1903288.6394959697,10
-1242604.705727755,1903288.6394959697,10
-1242141.3930112277,1903288.6394959697,10
-1241678.0802947,1903288.6394959697,10
-1241214.7675781725,1903288.6394959697,10
-1240751.4548616451,1903288.6394959697,10
-1240288.1421451175,1903288.6394959697,10
-1239824.8294285901,1903288.6394959697,10
-1239361.5167120625,1903288.6394959697,10
-1238898.2039955352,1903288.6394959697,10
-1238434.8912790075,1903288.6394959697,10
-1237971.5785624802,1903288.6394959697,10
-1237508.2658459526,1903288.6394959697,10
-1237044.9531294252,1903288.6394959697,10
-1236581.6404128976,1903288.6394959697,10
-1236118.3276963702,1903288.6394959697,16
-1235655.0149798426,1903288.6394959697,16
-1235191.7022633152,1903288.6394959697,16
-1234728.3895467876,1903288.6394959697,16
-1234265.07683026,1903288.6394959697,16
-1233801.7641137326,1903288.6394959697,16
-1233338.4513972052,1903288.6394959697,16
-1232875.1386806776,1903288.6394959697,16
-1232411.82596415,1903288.6394959697,10
-1231948.5132476226,1903288.6394959697,10
-1231485.200531095,1903288.6394959697,10
-1231021.8878145677,1903288.6394959697,10
-1230558.57509804,1903288.6394959697,10
-1230095.2623815127,1903288.6394959697,10
-1229631.949664985,1903288.6394959697,16
-1229168.6369484577,1903288.6394959697,16
-1228705.32423193,1903288.6394959697,16
-1228242.0115154027,1903288.6394959697,16
-1227778.698798875,1903288.6394959697,16
-1227315.3860823475,1903288.6394959697,16
-1226852.07336582,1903288.6394959697,16
-1226388.7606492927,1903288.6394959697,10
-1225925.4479327651,1903288.6394959697,10
-1225462.1352162375,1903288.6394959697,10
-1224998.8224997101,1903288.6394959697,10
-1224535.5097831825,1903288.6394959697,10
-1224072.1970666551,1903288.6394959697,10
-1223608.8843501275,1903288.6394959697,10
-1223145.5716336002,1903288.6394959697,16
-1222682.2589170726,1903288.6394959697,16
-1222218.9462005452,1903288.6394959697,16
-1221755.6334840176,1903288.6394959697,16
-1221292.3207674902,1903288.6394959697,16
-1220829.0080509626,1903288.6394959697,16
-1220365.6953344352,1903288.6394959697,16
-1219902.3826179076,1903288.6394959697,16
-1219439.0699013802,1903288.6394959697,16
-1218975.7571848526,1903288.6394959697,16
-1218512.444468325,1903288.6394959697,10
-1218049.1317517976,1903288.6394959697,10
-1217585.81903527,1903288.6394959697,10
-1217122.5063187426,1903288.6394959697,10
-1216659.193602215,1903288.6394959697,10
-1216195.8808856877,1903288.6394959697,10
-1215732.56816916,1903288.6394959697,10
-1215269.2554526327,1903288.6394959697,10
-1214805.942736105,1903288.6394959697,10
-1214342.6300195777,1903288.6394959697,10
-1213879.31730305,1903288.6394959697,10
-1213416.0045865227,1903288.6394959697,10
-1212952.691869995,1903288.6394959697,10
-1212489.3791534677,1903288.6394959697,10
-1212026.06643694,1903288.6394959697,10
-1211562.7537204125,1903288.6394959697,10
-1211099.4410038851,1903288.6394959697,10
-1210636.1282873575,1903288.6394959697,10
-1210172.8155708301,1903288.6394959697,10
-1209709.5028543025,1903288.6394959697,10
-1209246.1901377751,1903288.6394959697,10
-1208782.8774212475,1903288.6394959697,10
-1208319.5647047202,1903288.6394959697,10
-1207856.2519881926,1903288.6394959697,10
-1207392.9392716652,1903288.6394959697,10
-1206929.6265551376,1903288.6394959697,10
-1206466.3138386102,1903288.6394959697,10
-1206003.0011220826,1903288.6394959697,10
-1205539.6884055552,1903288.6394959697,10
-1205076.3756890276,1903288.6394959697,10
-1204613.0629725,1903288.6394959697,10
-1204149.7502559726,1903288.6394959697,10
-1203686.4375394452,1903288.6394959697,10
-1203223.1248229176,1903288.6394959697,10
-1202759.81210639,1903288.6394959697,10
-1202296.4993898626,1903288.6394959697,10
-1201833.186673335,1903288.6394959697,10
-1201369.8739568077,1903288.6394959697,10
-1200906.56124028,1903288.6394959697,10
-1200443.2485237527,1903288.6394959697,10
-1199979.935807225,1903288.6394959697,10
-1199516.6230906977,1903288.6394959697,10
-1199053.31037417,1903288.6394959697,10
-1198589.9976576427,1903288.6394959697,10
-1198126.684941115,1903288.6394959697,10
-1197663.3722245875,1903288.6394959697,10
-1197200.05950806,1903288.6394959697,16
-1196736.7467915327,1903288.6394959697,16
-1196273.4340750051,1903288.6394959697,16
-1195810.1213584775,1903288.6394959697,10
-1195346.8086419501,1903288.6394959697,10
-1194883.4959254225,1903288.6394959697,10
-1194420.1832088951,1903288.6394959697,10
-1193956.8704923675,1903288.6394959697,10
-1193493.5577758402,1903288.6394959697,10
-1193030.2450593126,1903288.6394959697,10
-1192566.9323427852,1903288.6394959697,10
-1192103.6196262576,1903288.6394959697,10
-1191640.3069097302,1903288.6394959697,10
-1191176.9941932026,1903288.6394959697,10
-1190713.6814766752,1903288.6394959697,10
-1190250.3687601476,1903288.6394959697,16
-1189787.0560436202,1903288.6394959697,16
-1189323.7433270926,1903288.6394959697,10
-1188860.430610565,1903288.6394959697,10
-1188397.1178940376,1903288.6394959697,10
-1187933.80517751,1903288.6394959697,10
-1187470.4924609826,1903288.6394959697,10
-1187007.179744455,1903288.6394959697,10
-1186543.8670279277,1903288.6394959697,10
-1186080.5543114,1903288.6394959697,10
-1185617.2415948727,1903288.6394959697,10
-1185153.928878345,1903288.6394959697,10
-1184690.6161618177,1903288.6394959697,10
-1184227.30344529,1903288.6394959697,10
-1183763.9907287627,1903288.6394959697,10
-1183300.678012235,1903288.6394959697,10
-1182837.3652957077,1903288.6394959697,10
-1182374.05257918,1903288.6394959697,10
-1181910.7398626525,1903288.6394959697,10
-1181447.4271461251,1903288.6394959697,10
-1180984.1144295975,1903288.6394959697,10
-1180520.8017130701,1903288.6394959697,10
-1180057.4889965425,1903288.6394959697,10
-1179594.1762800151,1903288.6394959697,10
-1179130.8635634875,1903288.6394959697,10
-1178667.5508469602,1903288.6394959697,10
-1178204.2381304326,1903288.6394959697,10
-1177740.9254139052,1903288.6394959697,10
-1177277.6126973776,1903288.6394959697,10
-1176814.2999808502,1903288.6394959697,10
-1176350.9872643226,1903288.6394959697,10
-1175887.6745477952,1903288.6394959697,10
-1175424.3618312676,1903288.6394959697,10
-1174961.04911474,1903288.6394959697,10
-1174497.7363982126,1903288.6394959697,10
-1174034.4236816852,1903288.6394959697,10
-1173571.1109651576,1903288.6394959697,10
-1173107.79824863,1903288.6394959697,10
-1172644.4855321026,1903288.6394959697,10
-1172181.172815575,1903288.6394959697,10
-1171717.8600990477,1903288.6394959697,10
-1171254.54738252,1903288.6394959697,10
-1170791.2346659927,1903288.6394959697,10
-1170327.921949465,1903288.6394959697,10
-1169864.6092329377,1903288.6394959697,10
-1169401.29651641,1903288.6394959697,10
-1168937.9837998827,1903288.6394959697,10
-1168474.671083355,1903288.6394959697,10
-1168011.3583668275,1903288.6394959697,10
-1167548.0456503,1903288.6394959697,10
-1167084.7329337727,1903288.6394959697,10
-1331097.4345845077,1902825.3267794421,10
-1330634.12186798,1902825.3267794421,16
-1330170.8091514525,1902825.3267794421,16
-1329707.4964349251,1902825.3267794421,16
-1329244.1837183975,1902825.3267794421,16
-1328780.8710018701,1902825.3267794421,16
-1328317.5582853425,1902825.3267794421,16
-1327854.2455688152,1902825.3267794421,16
-1327390.9328522875,1902825.3267794421,10
-1326927.6201357602,1902825.3267794421,10
-1326464.3074192326,1902825.3267794421,10
-1326000.9947027052,1902825.3267794421,16
-1325537.6819861776,1902825.3267794421,16
-1325074.3692696502,1902825.3267794421,16
-1324611.0565531226,1902825.3267794421,16
-1324147.7438365952,1902825.3267794421,16
-1323684.4311200676,1902825.3267794421,16
-1323221.11840354,1902825.3267794421,16
-1322757.8056870126,1902825.3267794421,16
-1322294.492970485,1902825.3267794421,16
-1321831.1802539576,1902825.3267794421,16
-1321367.86753743,1902825.3267794421,10
-1320904.5548209026,1902825.3267794421,10
-1320441.242104375,1902825.3267794421,16
-1319977.9293878477,1902825.3267794421,16
-1319514.61667132,1902825.3267794421,16
-1319051.3039547927,1902825.3267794421,16
-1318587.991238265,1902825.3267794421,16
-1318124.6785217377,1902825.3267794421,16
-1317661.36580521,1902825.3267794421,16
-1317198.0530886827,1902825.3267794421,16
-1316734.740372155,1902825.3267794421,16
-1316271.4276556277,1902825.3267794421,16
-1315808.1149391,1902825.3267794421,16
-1315344.8022225727,1902825.3267794421,16
-1314881.4895060451,1902825.3267794421,16
-1314418.1767895175,1902825.3267794421,16
-1313954.8640729901,1902825.3267794421,16
-1313491.5513564625,1902825.3267794421,16
-1313028.2386399352,1902825.3267794421,16
-1312564.9259234075,1902825.3267794421,16
-1312101.6132068802,1902825.3267794421,16
-1311638.3004903526,1902825.3267794421,16
-1311174.9877738252,1902825.3267794421,16
-1310711.6750572976,1902825.3267794421,16
-1310248.3623407702,1902825.3267794421,16
-1309785.0496242426,1902825.3267794421,16
-1309321.7369077152,1902825.3267794421,16
-1308858.4241911876,1902825.3267794421,16
-1308395.1114746602,1902825.3267794421,16
-1307931.7987581326,1902825.3267794421,16
-1307468.486041605,1902825.3267794421,16
-1307005.1733250776,1902825.3267794421,16
-1306541.86060855,1902825.3267794421,16
-1306078.5478920226,1902825.3267794421,10
-1305615.235175495,1902825.3267794421,10
-1305151.9224589677,1902825.3267794421,10
-1304688.60974244,1902825.3267794421,10
-1304225.2970259127,1902825.3267794421,16
-1303761.984309385,1902825.3267794421,16
-1303298.6715928577,1902825.3267794421,10
-1302835.35887633,1902825.3267794421,10
-1302372.0461598027,1902825.3267794421,10
-1301908.733443275,1902825.3267794421,16
-1301445.4207267477,1902825.3267794421,16
-1300982.10801022,1902825.3267794421,16
-1300518.7952936925,1902825.3267794421,16
-1300055.4825771651,1902825.3267794421,16
-1299592.1698606375,1902825.3267794421,16
-1299128.8571441101,1902825.3267794421,10
-1298665.5444275825,1902825.3267794421,10
-1298202.2317110552,1902825.3267794421,10
-1297738.9189945275,1902825.3267794421,10
-1297275.6062780002,1902825.3267794421,10
-1296812.2935614726,1902825.3267794421,10
-1296348.9808449452,1902825.3267794421,10
-1295885.6681284176,1902825.3267794421,10
-1295422.3554118902,1902825.3267794421,10
-1294959.0426953626,1902825.3267794421,10
-1294495.7299788352,1902825.3267794421,10
-1294032.4172623076,1902825.3267794421,10
-1293569.10454578,1902825.3267794421,10
-1293105.7918292526,1902825.3267794421,10
-1292642.479112725,1902825.3267794421,10
-1292179.1663961976,1902825.3267794421,10
-1291715.85367967,1902825.3267794421,10
-1291252.5409631426,1902825.3267794421,10
-1290789.228246615,1902825.3267794421,10
-1290325.9155300877,1902825.3267794421,10
-1289862.60281356,1902825.3267794421,10
-1289399.2900970327,1902825.3267794421,10
-1288935.977380505,1902825.3267794421,10
-1288472.6646639777,1902825.3267794421,10
-1288009.35194745,1902825.3267794421,10
-1287546.0392309227,1902825.3267794421,10
-1287082.726514395,1902825.3267794421,10
-1286619.4137978677,1902825.3267794421,16
-1286156.10108134,1902825.3267794421,16
-1285692.7883648127,1902825.3267794421,16
-1285229.4756482851,1902825.3267794421,16
-1284766.1629317575,1902825.3267794421,16
-1284302.8502152301,1902825.3267794421,16
-1283839.5374987025,1902825.3267794421,16
-1283376.2247821752,1902825.3267794421,16
-1282912.9120656475,1902825.3267794421,16
-1282449.5993491202,1902825.3267794421,16
-1281986.2866325926,1902825.3267794421,16
-1281522.9739160652,1902825.3267794421,16
-1281059.6611995376,1902825.3267794421,16
-1280596.3484830102,1902825.3267794421,16
-1280133.0357664826,1902825.3267794421,16
-1279669.7230499552,1902825.3267794421,16
-1279206.4103334276,1902825.3267794421,16
-1278743.0976169002,1902825.3267794421,16
-1278279.7849003726,1902825.3267794421,10
-1277816.472183845,1902825.3267794421,10
-1277353.1594673176,1902825.3267794421,10
-1276889.84675079,1902825.3267794421,10
-1276426.5340342626,1902825.3267794421,10
-1275963.221317735,1902825.3267794421,10
-1275499.9086012077,1902825.3267794421,10
-1275036.59588468,1902825.3267794421,16
-1256504.08722358,1902825.3267794421,10
-1256040.7745070527,1902825.3267794421,10
-1255577.4617905251,1902825.3267794421,10
-1255114.1490739975,1902825.3267794421,16
-1254650.8363574701,1902825.3267794421,16
-1254187.5236409425,1902825.3267794421,10
-1253724.2109244152,1902825.3267794421,10
-1253260.8982078875,1902825.3267794421,10
-1252797.5854913602,1902825.3267794421,10
-1252334.2727748326,1902825.3267794421,10
-1251870.9600583052,1902825.3267794421,10
-1251407.6473417776,1902825.3267794421,10
-1250944.3346252502,1902825.3267794421,10
-1250481.0219087226,1902825.3267794421,10
-1250017.7091921952,1902825.3267794421,10
-1249554.3964756676,1902825.3267794421,10
-1249091.0837591402,1902825.3267794421,10
-1248627.7710426126,1902825.3267794421,10
-1248164.458326085,1902825.3267794421,16
-1247701.1456095576,1902825.3267794421,16
-1247237.83289303,1902825.3267794421,10
-1246774.5201765026,1902825.3267794421,10
-1246311.207459975,1902825.3267794421,10
-1245847.8947434477,1902825.3267794421,10
-1245384.58202692,1902825.3267794421,10
-1244921.2693103927,1902825.3267794421,10
-1244457.956593865,1902825.3267794421,10
-1243994.6438773377,1902825.3267794421,10
-1243531.33116081,1902825.3267794421,10
-1243068.0184442827,1902825.3267794421,10
-1242604.705727755,1902825.3267794421,10
-1242141.3930112277,1902825.3267794421,10
-1241678.0802947,1902825.3267794421,10
-1241214.7675781725,1902825.3267794421,10
-1240751.4548616451,1902825.3267794421,10
-1240288.1421451175,1902825.3267794421,10
-1239824.8294285901,1902825.3267794421,10
-1239361.5167120625,1902825.3267794421,10
-1238898.2039955352,1902825.3267794421,10
-1238434.8912790075,1902825.3267794421,10
-1237971.5785624802,1902825.3267794421,10
-1237508.2658459526,1902825.3267794421,10
-1237044.9531294252,1902825.3267794421,10
-1236581.6404128976,1902825.3267794421,10
-1236118.3276963702,1902825.3267794421,16
-1235655.0149798426,1902825.3267794421,16
-1235191.7022633152,1902825.3267794421,16
-1234728.3895467876,1902825.3267794421,16
-1234265.07683026,1902825.3267794421,16
-1233801.7641137326,1902825.3267794421,16
-1233338.4513972052,1902825.3267794421,16
-1232875.1386806776,1902825.3267794421,16
-1232411.82596415,1902825.3267794421,16
-1231948.5132476226,1902825.3267794421,10
-1231485.200531095,1902825.3267794421,10
-1231021.8878145677,1902825.3267794421,10
-1230558.57509804,1902825.3267794421,10
-1230095.2623815127,1902825.3267794421,10
-1229631.949664985,1902825.3267794421,16
-1229168.6369484577,1902825.3267794421,16
-1228705.32423193,1902825.3267794421,16
-1228242.0115154027,1902825.3267794421,16
-1227778.698798875,1902825.3267794421,16
-1227315.3860823475,1902825.3267794421,10
-1226852.07336582,1902825.3267794421,10
-1226388.7606492927,1902825.3267794421,10
-1225925.4479327651,1902825.3267794421,10
-1225462.1352162375,1902825.3267794421,10
-1224998.8224997101,1902825.3267794421,10
-1224535.5097831825,1902825.3267794421,16
-1224072.1970666551,1902825.3267794421,10
-1223608.8843501275,1902825.3267794421,10
-1223145.5716336002,1902825.3267794421,16
-1222682.2589170726,1902825.3267794421,16
-1222218.9462005452,1902825.3267794421,16
-1221755.6334840176,1902825.3267794421,16
-1221292.3207674902,1902825.3267794421,16
-1220829.0080509626,1902825.3267794421,16
-1220365.6953344352,1902825.3267794421,16
-1219902.3826179076,1902825.3267794421,16
-1219439.0699013802,1902825.3267794421,10
-1218975.7571848526,1902825.3267794421,16
-1218512.444468325,1902825.3267794421,10
-1218049.1317517976,1902825.3267794421,10
-1217585.81903527,1902825.3267794421,10
-1217122.5063187426,1902825.3267794421,10
-1216659.193602215,1902825.3267794421,10
-1216195.8808856877,1902825.3267794421,10
-1215732.56816916,1902825.3267794421,10
-1215269.2554526327,1902825.3267794421,10
-1214805.942736105,1902825.3267794421,10
-1214342.6300195777,1902825.3267794421,10
-1213879.31730305,1902825.3267794421,10
-1213416.0045865227,1902825.3267794421,10
-1212952.691869995,1902825.3267794421,10
-1212489.3791534677,1902825.3267794421,10
-1212026.06643694,1902825.3267794421,10
-1211562.7537204125,1902825.3267794421,10
-1211099.4410038851,1902825.3267794421,10
-1210636.1282873575,1902825.3267794421,10
-1210172.8155708301,1902825.3267794421,10
-1209709.5028543025,1902825.3267794421,10
-1209246.1901377751,1902825.3267794421,10
-1208782.8774212475,1902825.3267794421,10
-1208319.5647047202,1902825.3267794421,10
-1207856.2519881926,1902825.3267794421,10
-1207392.9392716652,1902825.3267794421,10
-1206929.6265551376,1902825.3267794421,10
-1206466.3138386102,1902825.3267794421,10
-1206003.0011220826,1902825.3267794421,10
-1205539.6884055552,1902825.3267794421,10
-1205076.3756890276,1902825.3267794421,10
-1204613.0629725,1902825.3267794421,10
-1204149.7502559726,1902825.3267794421,10
-1203686.4375394452,1902825.3267794421,10
-1203223.1248229176,1902825.3267794421,10
-1202759.81210639,1902825.3267794421,10
-1202296.4993898626,1902825.3267794421,10
-1201833.186673335,1902825.3267794421,10
-1201369.8739568077,1902825.3267794421,10
-1200906.56124028,1902825.3267794421,10
-1200443.2485237527,1902825.3267794421,10
-1199979.935807225,1902825.3267794421,10
-1199516.6230906977,1902825.3267794421,10
-1199053.31037417,1902825.3267794421,10
-1198589.9976576427,1902825.3267794421,16
-1198126.684941115,1902825.3267794421,16
-1197663.3722245875,1902825.3267794421,16
-1197200.05950806,1902825.3267794421,16
-1196736.7467915327,1902825.3267794421,16
-1196273.4340750051,1902825.3267794421,16
-1195810.1213584775,1902825.3267794421,16
-1195346.8086419501,1902825.3267794421,10
-1194883.4959254225,1902825.3267794421,10
-1194420.1832088951,1902825.3267794421,10
-1193956.8704923675,1902825.3267794421,10
-1193493.5577758402,1902825.3267794421,10
-1193030.2450593126,1902825.3267794421,10
-1192566.9323427852,1902825.3267794421,10
-1192103.6196262576,1902825.3267794421,10
-1191640.3069097302,1902825.3267794421,10
-1191176.9941932026,1902825.3267794421,10
-1190713.6814766752,1902825.3267794421,10
-1190250.3687601476,1902825.3267794421,10
-1189787.0560436202,1902825.3267794421,10
-1189323.7433270926,1902825.3267794421,10
-1188860.430610565,1902825.3267794421,10
-1188397.1178940376,1902825.3267794421,10
-1187933.80517751,1902825.3267794421,10
-1187470.4924609826,1902825.3267794421,10
-1187007.179744455,1902825.3267794421,10
-1186543.8670279277,1902825.3267794421,10
-1186080.5543114,1902825.3267794421,10
-1185617.2415948727,1902825.3267794421,10
-1185153.928878345,1902825.3267794421,10
-1184690.6161618177,1902825.3267794421,10
-1184227.30344529,1902825.3267794421,10
-1183763.9907287627,1902825.3267794421,10
-1183300.678012235,1902825.3267794421,10
-1182837.3652957077,1902825.3267794421,10
-1182374.05257918,1902825.3267794421,10
-1181910.7398626525,1902825.3267794421,10
-1181447.4271461251,1902825.3267794421,10
-1180984.1144295975,1902825.3267794421,10
-1180520.8017130701,1902825.3267794421,10
-1180057.4889965425,1902825.3267794421,10
-1179594.1762800151,1902825.3267794421,10
-1179130.8635634875,1902825.3267794421,10
-1178667.5508469602,1902825.3267794421,10
-1178204.2381304326,1902825.3267794421,10
-1177740.9254139052,1902825.3267794421,10
-1177277.6126973776,1902825.3267794421,10
-1176814.2999808502,1902825.3267794421,10
-1176350.9872643226,1902825.3267794421,10
-1175887.6745477952,1902825.3267794421,10
-1175424.3618312676,1902825.3267794421,10
-1174961.04911474,1902825.3267794421,10
-1174497.7363982126,1902825.3267794421,10
-1174034.4236816852,1902825.3267794421,10
-1173571.1109651576,1902825.3267794421,10
-1173107.79824863,1902825.3267794421,10
-1172644.4855321026,1902825.3267794421,10
-1172181.172815575,1902825.3267794421,10
-1171717.8600990477,1902825.3267794421,10
-1171254.54738252,1902825.3267794421,10
-1170791.2346659927,1902825.3267794421,10
-1170327.921949465,1902825.3267794421,10
-1169864.6092329377,1902825.3267794421,10
-1169401.29651641,1902825.3267794421,10
-1168937.9837998827,1902825.3267794421,10
-1168474.671083355,1902825.3267794421,10
-1168011.3583668275,1902825.3267794421,10
-1167548.0456503,1902825.3267794421,10
-1167084.7329337727,1902825.3267794421,10
-1334340.6236002,1902362.0140629148,10
-1333877.3108836727,1902362.0140629148,10
-1333413.998167145,1902362.0140629148,10
-1332950.6854506177,1902362.0140629148,10
-1332487.37273409,1902362.0140629148,10
-1332024.0600175627,1902362.0140629148,10
-1331560.747301035,1902362.0140629148,16
-1331097.4345845077,1902362.0140629148,16
-1330634.12186798,1902362.0140629148,16
-1330170.8091514525,1902362.0140629148,16
-1329707.4964349251,1902362.0140629148,16
-1329244.1837183975,1902362.0140629148,16
-1328780.8710018701,1902362.0140629148,16
-1328317.5582853425,1902362.0140629148,16
-1327854.2455688152,1902362.0140629148,16
-1327390.9328522875,1902362.0140629148,16
-1326927.6201357602,1902362.0140629148,10
-1326464.3074192326,1902362.0140629148,16
-1326000.9947027052,1902362.0140629148,16
-1325537.6819861776,1902362.0140629148,16
-1325074.3692696502,1902362.0140629148,16
-1324611.0565531226,1902362.0140629148,16
-1324147.7438365952,1902362.0140629148,16
-1323684.4311200676,1902362.0140629148,16
-1323221.11840354,1902362.0140629148,16
-1322757.8056870126,1902362.0140629148,16
-1322294.492970485,1902362.0140629148,16
-1321831.1802539576,1902362.0140629148,16
-1321367.86753743,1902362.0140629148,16
-1320904.5548209026,1902362.0140629148,16
-1320441.242104375,1902362.0140629148,16
-1319977.9293878477,1902362.0140629148,16
-1319514.61667132,1902362.0140629148,16
-1319051.3039547927,1902362.0140629148,16
-1318587.991238265,1902362.0140629148,16
-1318124.6785217377,1902362.0140629148,16
-1317661.36580521,1902362.0140629148,16
-1317198.0530886827,1902362.0140629148,16
-1316734.740372155,1902362.0140629148,16
-1316271.4276556277,1902362.0140629148,16
-1315808.1149391,1902362.0140629148,16
-1315344.8022225727,1902362.0140629148,16
-1314881.4895060451,1902362.0140629148,16
-1314418.1767895175,1902362.0140629148,16
-1313954.8640729901,1902362.0140629148,16
-1313491.5513564625,1902362.0140629148,16
-1313028.2386399352,1902362.0140629148,16
-1312564.9259234075,1902362.0140629148,16
-1312101.6132068802,1902362.0140629148,16
-1311638.3004903526,1902362.0140629148,16
-1311174.9877738252,1902362.0140629148,16
-1310711.6750572976,1902362.0140629148,16
-1310248.3623407702,1902362.0140629148,16
-1309785.0496242426,1902362.0140629148,16
-1309321.7369077152,1902362.0140629148,16
-1308858.4241911876,1902362.0140629148,16
-1308395.1114746602,1902362.0140629148,16
-1307931.7987581326,1902362.0140629148,16
-1307468.486041605,1902362.0140629148,16
-1307005.1733250776,1902362.0140629148,16
-1306541.86060855,1902362.0140629148,16
-1306078.5478920226,1902362.0140629148,16
-1305615.235175495,1902362.0140629148,16
-1305151.9224589677,1902362.0140629148,16
-1304688.60974244,1902362.0140629148,10
-1304225.2970259127,1902362.0140629148,10
-1303761.984309385,1902362.0140629148,10
-1303298.6715928577,1902362.0140629148,16
-1302835.35887633,1902362.0140629148,10
-1302372.0461598027,1902362.0140629148,16
-1301908.733443275,1902362.0140629148,16
-1301445.4207267477,1902362.0140629148,16
-1300982.10801022,1902362.0140629148,16
-1300518.7952936925,1902362.0140629148,10
-1300055.4825771651,1902362.0140629148,16
-1299592.1698606375,1902362.0140629148,16
-1299128.8571441101,1902362.0140629148,16
-1298665.5444275825,1902362.0140629148,10
-1298202.2317110552,1902362.0140629148,10
-1297738.9189945275,1902362.0140629148,10
-1297275.6062780002,1902362.0140629148,10
-1296812.2935614726,1902362.0140629148,10
-1296348.9808449452,1902362.0140629148,10
-1295885.6681284176,1902362.0140629148,10
-1295422.3554118902,1902362.0140629148,10
-1294959.0426953626,1902362.0140629148,10
-1294495.7299788352,1902362.0140629148,10
-1294032.4172623076,1902362.0140629148,10
-1293569.10454578,1902362.0140629148,10
-1293105.7918292526,1902362.0140629148,10
-1292642.479112725,1902362.0140629148,10
-1292179.1663961976,1902362.0140629148,10
-1291715.85367967,1902362.0140629148,10
-1291252.5409631426,1902362.0140629148,10
-1290789.228246615,1902362.0140629148,10
-1290325.9155300877,1902362.0140629148,10
-1289862.60281356,1902362.0140629148,10
-1289399.2900970327,1902362.0140629148,10
-1288935.977380505,1902362.0140629148,16
-1288472.6646639777,1902362.0140629148,16
-1288009.35194745,1902362.0140629148,10
-1287546.0392309227,1902362.0140629148,10
-1287082.726514395,1902362.0140629148,10
-1286619.4137978677,1902362.0140629148,16
-1286156.10108134,1902362.0140629148,16
-1285692.7883648127,1902362.0140629148,16
-1285229.4756482851,1902362.0140629148,16
-1284766.1629317575,1902362.0140629148,16
-1284302.8502152301,1902362.0140629148,16
-1283839.5374987025,1902362.0140629148,10
-1283376.2247821752,1902362.0140629148,16
-1282912.9120656475,1902362.0140629148,16
-1282449.5993491202,1902362.0140629148,16
-1281986.2866325926,1902362.0140629148,16
-1281522.9739160652,1902362.0140629148,16
-1281059.6611995376,1902362.0140629148,16
-1280596.3484830102,1902362.0140629148,16
-1280133.0357664826,1902362.0140629148,16
-1279669.7230499552,1902362.0140629148,16
-1279206.4103334276,1902362.0140629148,16
-1278743.0976169002,1902362.0140629148,16
-1278279.7849003726,1902362.0140629148,10
-1277816.472183845,1902362.0140629148,10
-1277353.1594673176,1902362.0140629148,10
-1276889.84675079,1902362.0140629148,16
-1276426.5340342626,1902362.0140629148,16
-1275963.221317735,1902362.0140629148,10
-1275499.9086012077,1902362.0140629148,10
-1275036.59588468,1902362.0140629148,10
-1274573.2831681527,1902362.0140629148,16
-1274109.970451625,1902362.0140629148,16
-1257894.0253731627,1902362.0140629148,10
-1257430.712656635,1902362.0140629148,10
-1256967.3999401077,1902362.0140629148,16
-1256504.08722358,1902362.0140629148,16
-1256040.7745070527,1902362.0140629148,10
-1255577.4617905251,1902362.0140629148,10
-1255114.1490739975,1902362.0140629148,10
-1254650.8363574701,1902362.0140629148,16
-1254187.5236409425,1902362.0140629148,10
-1253724.2109244152,1902362.0140629148,10
-1253260.8982078875,1902362.0140629148,10
-1252797.5854913602,1902362.0140629148,16
-1252334.2727748326,1902362.0140629148,10
-1251870.9600583052,1902362.0140629148,10
-1251407.6473417776,1902362.0140629148,10
-1250944.3346252502,1902362.0140629148,10
-1250481.0219087226,1902362.0140629148,10
-1250017.7091921952,1902362.0140629148,10
-1249554.3964756676,1902362.0140629148,10
-1249091.0837591402,1902362.0140629148,10
-1248627.7710426126,1902362.0140629148,10
-1248164.458326085,1902362.0140629148,16
-1247701.1456095576,1902362.0140629148,16
-1247237.83289303,1902362.0140629148,16
-1246774.5201765026,1902362.0140629148,16
-1246311.207459975,1902362.0140629148,10
-1245847.8947434477,1902362.0140629148,10
-1245384.58202692,1902362.0140629148,10
-1244921.2693103927,1902362.0140629148,10
-1244457.956593865,1902362.0140629148,10
-1243994.6438773377,1902362.0140629148,10
-1243531.33116081,1902362.0140629148,10
-1243068.0184442827,1902362.0140629148,10
-1242604.705727755,1902362.0140629148,10
-1242141.3930112277,1902362.0140629148,10
-1241678.0802947,1902362.0140629148,10
-1241214.7675781725,1902362.0140629148,10
-1240751.4548616451,1902362.0140629148,10
-1240288.1421451175,1902362.0140629148,10
-1239824.8294285901,1902362.0140629148,10
-1239361.5167120625,1902362.0140629148,10
-1238898.2039955352,1902362.0140629148,10
-1238434.8912790075,1902362.0140629148,10
-1237971.5785624802,1902362.0140629148,10
-1237508.2658459526,1902362.0140629148,10
-1237044.9531294252,1902362.0140629148,10
-1236581.6404128976,1902362.0140629148,10
-1236118.3276963702,1902362.0140629148,16
-1235655.0149798426,1902362.0140629148,16
-1235191.7022633152,1902362.0140629148,16
-1234728.3895467876,1902362.0140629148,16
-1234265.07683026,1902362.0140629148,16
-1233801.7641137326,1902362.0140629148,16
-1233338.4513972052,1902362.0140629148,16
-1232875.1386806776,1902362.0140629148,16
-1232411.82596415,1902362.0140629148,16
-1231948.5132476226,1902362.0140629148,10
-1231485.200531095,1902362.0140629148,10
-1231021.8878145677,1902362.0140629148,10
-1230558.57509804,1902362.0140629148,10
-1230095.2623815127,1902362.0140629148,10
-1229631.949664985,1902362.0140629148,10
-1229168.6369484577,1902362.0140629148,16
-1228705.32423193,1902362.0140629148,16
-1228242.0115154027,1902362.0140629148,10
-1227778.698798875,1902362.0140629148,10
-1227315.3860823475,1902362.0140629148,10
-1226852.07336582,1902362.0140629148,10
-1226388.7606492927,1902362.0140629148,10
-1225925.4479327651,1902362.0140629148,10
-1225462.1352162375,1902362.0140629148,10
-1224998.8224997101,1902362.0140629148,10
-1224535.5097831825,1902362.0140629148,10
-1224072.1970666551,1902362.0140629148,10
-1223608.8843501275,1902362.0140629148,16
-1223145.5716336002,1902362.0140629148,16
-1222682.2589170726,1902362.0140629148,16
-1222218.9462005452,1902362.0140629148,16
-1221755.6334840176,1902362.0140629148,16
-1221292.3207674902,1902362.0140629148,16
-1220829.0080509626,1902362.0140629148,16
-1220365.6953344352,1902362.0140629148,16
-1219902.3826179076,1902362.0140629148,10
-1219439.0699013802,1902362.0140629148,10
-1218975.7571848526,1902362.0140629148,10
-1218512.444468325,1902362.0140629148,10
-1218049.1317517976,1902362.0140629148,10
-1217585.81903527,1902362.0140629148,10
-1217122.5063187426,1902362.0140629148,10
-1216659.193602215,1902362.0140629148,10
-1216195.8808856877,1902362.0140629148,10
-1215732.56816916,1902362.0140629148,10
-1215269.2554526327,1902362.0140629148,10
-1214805.942736105,1902362.0140629148,10
-1214342.6300195777,1902362.0140629148,10
-1213879.31730305,1902362.0140629148,10
-1213416.0045865227,1902362.0140629148,10
-1212952.691869995,1902362.0140629148,10
-1212489.3791534677,1902362.0140629148,10
-1212026.06643694,1902362.0140629148,10
-1211562.7537204125,1902362.0140629148,10
-1211099.4410038851,1902362.0140629148,10
-1210636.1282873575,1902362.0140629148,10
-1210172.8155708301,1902362.0140629148,10
-1209709.5028543025,1902362.0140629148,10
-1209246.1901377751,1902362.0140629148,10
-1208782.8774212475,1902362.0140629148,10
-1208319.5647047202,1902362.0140629148,10
-1207856.2519881926,1902362.0140629148,10
-1207392.9392716652,1902362.0140629148,10
-1206929.6265551376,1902362.0140629148,10
-1206466.3138386102,1902362.0140629148,10
-1206003.0011220826,1902362.0140629148,10
-1205539.6884055552,1902362.0140629148,16
-1205076.3756890276,1902362.0140629148,10
-1204613.0629725,1902362.0140629148,10
-1204149.7502559726,1902362.0140629148,10
-1203686.4375394452,1902362.0140629148,10
-1203223.1248229176,1902362.0140629148,10
-1202759.81210639,1902362.0140629148,10
-1202296.4993898626,1902362.0140629148,10
-1201833.186673335,1902362.0140629148,10
-1201369.8739568077,1902362.0140629148,10
-1200906.56124028,1902362.0140629148,10
-1200443.2485237527,1902362.0140629148,10
-1199979.935807225,1902362.0140629148,10
-1199516.6230906977,1902362.0140629148,10
-1199053.31037417,1902362.0140629148,16
-1198589.9976576427,1902362.0140629148,10
-1198126.684941115,1902362.0140629148,10
-1197663.3722245875,1902362.0140629148,10
-1197200.05950806,1902362.0140629148,10
-1196736.7467915327,1902362.0140629148,10
-1196273.4340750051,1902362.0140629148,10
-1195810.1213584775,1902362.0140629148,10
-1195346.8086419501,1902362.0140629148,10
-1194883.4959254225,1902362.0140629148,10
-1194420.1832088951,1902362.0140629148,10
-1193956.8704923675,1902362.0140629148,10
-1193493.5577758402,1902362.0140629148,10
-1193030.2450593126,1902362.0140629148,10
-1192566.9323427852,1902362.0140629148,10
-1192103.6196262576,1902362.0140629148,10
-1191640.3069097302,1902362.0140629148,10
-1191176.9941932026,1902362.0140629148,10
-1190713.6814766752,1902362.0140629148,10
-1190250.3687601476,1902362.0140629148,10
-1189787.0560436202,1902362.0140629148,10
-1189323.7433270926,1902362.0140629148,10
-1188860.430610565,1902362.0140629148,10
-1188397.1178940376,1902362.0140629148,10
-1187933.80517751,1902362.0140629148,10
-1187470.4924609826,1902362.0140629148,10
-1187007.179744455,1902362.0140629148,10
-1186543.8670279277,1902362.0140629148,10
-1186080.5543114,1902362.0140629148,10
-1185617.2415948727,1902362.0140629148,10
-1185153.928878345,1902362.0140629148,10
-1184690.6161618177,1902362.0140629148,10
-1184227.30344529,1902362.0140629148,10
-1183763.9907287627,1902362.0140629148,10
-1183300.678012235,1902362.0140629148,10
-1182837.3652957077,1902362.0140629148,10
-1182374.05257918,1902362.0140629148,10
-1181910.7398626525,1902362.0140629148,10
-1181447.4271461251,1902362.0140629148,10
-1180984.1144295975,1902362.0140629148,10
-1180520.8017130701,1902362.0140629148,10
-1180057.4889965425,1902362.0140629148,10
-1179594.1762800151,1902362.0140629148,10
-1179130.8635634875,1902362.0140629148,10
-1178667.5508469602,1902362.0140629148,10
-1178204.2381304326,1902362.0140629148,10
-1177740.9254139052,1902362.0140629148,10
-1177277.6126973776,1902362.0140629148,10
-1176814.2999808502,1902362.0140629148,10
-1176350.9872643226,1902362.0140629148,10
-1175887.6745477952,1902362.0140629148,10
-1175424.3618312676,1902362.0140629148,10
-1174961.04911474,1902362.0140629148,10
-1174497.7363982126,1902362.0140629148,10
-1174034.4236816852,1902362.0140629148,10
-1173571.1109651576,1902362.0140629148,10
-1173107.79824863,1902362.0140629148,10
-1172644.4855321026,1902362.0140629148,10
-1172181.172815575,1902362.0140629148,10
-1171717.8600990477,1902362.0140629148,10
-1171254.54738252,1902362.0140629148,10
-1170791.2346659927,1902362.0140629148,10
-1170327.921949465,1902362.0140629148,10
-1169864.6092329377,1902362.0140629148,10
-1169401.29651641,1902362.0140629148,10
-1168937.9837998827,1902362.0140629148,10
-1168474.671083355,1902362.0140629148,10
-1168011.3583668275,1902362.0140629148,10
-1167548.0456503,1902362.0140629148,10
-1167084.7329337727,1902362.0140629148,10
-1335730.5617497826,1901898.7013463872,10
-1335267.249033255,1901898.7013463872,10
-1334803.9363167277,1901898.7013463872,10
-1334340.6236002,1901898.7013463872,10
-1333877.3108836727,1901898.7013463872,10
-1333413.998167145,1901898.7013463872,10
-1332950.6854506177,1901898.7013463872,10
-1332487.37273409,1901898.7013463872,16
-1332024.0600175627,1901898.7013463872,16
-1331560.747301035,1901898.7013463872,16
-1331097.4345845077,1901898.7013463872,16
-1330634.12186798,1901898.7013463872,16
-1330170.8091514525,1901898.7013463872,16
-1329707.4964349251,1901898.7013463872,16
-1329244.1837183975,1901898.7013463872,16
-1328780.8710018701,1901898.7013463872,16
-1328317.5582853425,1901898.7013463872,16
-1327854.2455688152,1901898.7013463872,16
-1327390.9328522875,1901898.7013463872,16
-1326927.6201357602,1901898.7013463872,16
-1326464.3074192326,1901898.7013463872,16
-1326000.9947027052,1901898.7013463872,16
-1325537.6819861776,1901898.7013463872,16
-1325074.3692696502,1901898.7013463872,16
-1324611.0565531226,1901898.7013463872,16
-1324147.7438365952,1901898.7013463872,16
-1323684.4311200676,1901898.7013463872,16
-1323221.11840354,1901898.7013463872,16
-1322757.8056870126,1901898.7013463872,16
-1322294.492970485,1901898.7013463872,16
-1321831.1802539576,1901898.7013463872,16
-1321367.86753743,1901898.7013463872,10
-1320904.5548209026,1901898.7013463872,16
-1320441.242104375,1901898.7013463872,16
-1319977.9293878477,1901898.7013463872,16
-1319514.61667132,1901898.7013463872,16
-1319051.3039547927,1901898.7013463872,16
-1318587.991238265,1901898.7013463872,16
-1318124.6785217377,1901898.7013463872,16
-1317661.36580521,1901898.7013463872,16
-1317198.0530886827,1901898.7013463872,16
-1316734.740372155,1901898.7013463872,16
-1316271.4276556277,1901898.7013463872,16
-1315808.1149391,1901898.7013463872,16
-1315344.8022225727,1901898.7013463872,16
-1314881.4895060451,1901898.7013463872,16
-1314418.1767895175,1901898.7013463872,16
-1313954.8640729901,1901898.7013463872,16
-1313491.5513564625,1901898.7013463872,16
-1313028.2386399352,1901898.7013463872,10
-1312564.9259234075,1901898.7013463872,16
-1312101.6132068802,1901898.7013463872,16
-1311638.3004903526,1901898.7013463872,16
-1311174.9877738252,1901898.7013463872,16
-1310711.6750572976,1901898.7013463872,16
-1310248.3623407702,1901898.7013463872,16
-1309785.0496242426,1901898.7013463872,16
-1309321.7369077152,1901898.7013463872,16
-1308858.4241911876,1901898.7013463872,16
-1308395.1114746602,1901898.7013463872,16
-1307931.7987581326,1901898.7013463872,16
-1307468.486041605,1901898.7013463872,16
-1307005.1733250776,1901898.7013463872,16
-1306541.86060855,1901898.7013463872,16
-1306078.5478920226,1901898.7013463872,16
-1305615.235175495,1901898.7013463872,16
-1305151.9224589677,1901898.7013463872,16
-1304688.60974244,1901898.7013463872,16
-1304225.2970259127,1901898.7013463872,16
-1303761.984309385,1901898.7013463872,10
-1303298.6715928577,1901898.7013463872,16
-1302835.35887633,1901898.7013463872,16
-1302372.0461598027,1901898.7013463872,10
-1301908.733443275,1901898.7013463872,10
-1301445.4207267477,1901898.7013463872,10
-1300982.10801022,1901898.7013463872,16
-1300518.7952936925,1901898.7013463872,10
-1300055.4825771651,1901898.7013463872,10
-1299592.1698606375,1901898.7013463872,10
-1299128.8571441101,1901898.7013463872,10
-1298665.5444275825,1901898.7013463872,10
-1298202.2317110552,1901898.7013463872,10
-1297738.9189945275,1901898.7013463872,10
-1297275.6062780002,1901898.7013463872,10
-1296812.2935614726,1901898.7013463872,10
-1296348.9808449452,1901898.7013463872,10
-1295885.6681284176,1901898.7013463872,10
-1295422.3554118902,1901898.7013463872,10
-1294959.0426953626,1901898.7013463872,10
-1294495.7299788352,1901898.7013463872,10
-1294032.4172623076,1901898.7013463872,10
-1293569.10454578,1901898.7013463872,10
-1293105.7918292526,1901898.7013463872,10
-1292642.479112725,1901898.7013463872,10
-1292179.1663961976,1901898.7013463872,10
-1291715.85367967,1901898.7013463872,10
-1291252.5409631426,1901898.7013463872,10
-1290789.228246615,1901898.7013463872,10
-1290325.9155300877,1901898.7013463872,10
-1289862.60281356,1901898.7013463872,10
-1289399.2900970327,1901898.7013463872,10
-1288935.977380505,1901898.7013463872,16
-1288472.6646639777,1901898.7013463872,16
-1288009.35194745,1901898.7013463872,16
-1287546.0392309227,1901898.7013463872,10
-1287082.726514395,1901898.7013463872,10
-1286619.4137978677,1901898.7013463872,10
-1286156.10108134,1901898.7013463872,10
-1285692.7883648127,1901898.7013463872,10
-1285229.4756482851,1901898.7013463872,10
-1284766.1629317575,1901898.7013463872,10
-1284302.8502152301,1901898.7013463872,10
-1283839.5374987025,1901898.7013463872,16
-1283376.2247821752,1901898.7013463872,16
-1282912.9120656475,1901898.7013463872,16
-1282449.5993491202,1901898.7013463872,16
-1281986.2866325926,1901898.7013463872,16
-1281522.9739160652,1901898.7013463872,16
-1281059.6611995376,1901898.7013463872,16
-1280596.3484830102,1901898.7013463872,16
-1280133.0357664826,1901898.7013463872,16
-1279669.7230499552,1901898.7013463872,16
-1279206.4103334276,1901898.7013463872,16
-1278743.0976169002,1901898.7013463872,16
-1278279.7849003726,1901898.7013463872,10
-1277816.472183845,1901898.7013463872,10
-1277353.1594673176,1901898.7013463872,10
-1276889.84675079,1901898.7013463872,16
-1276426.5340342626,1901898.7013463872,16
-1275963.221317735,1901898.7013463872,10
-1275499.9086012077,1901898.7013463872,10
-1275036.59588468,1901898.7013463872,10
-1274573.2831681527,1901898.7013463872,10
-1274109.970451625,1901898.7013463872,16
-1273646.6577350977,1901898.7013463872,16
-1273183.34501857,1901898.7013463872,16
-1259283.963522745,1901898.7013463872,16
-1258820.6508062177,1901898.7013463872,16
-1258357.33808969,1901898.7013463872,16
-1257894.0253731627,1901898.7013463872,10
-1257430.712656635,1901898.7013463872,10
-1256967.3999401077,1901898.7013463872,10
-1256504.08722358,1901898.7013463872,16
-1256040.7745070527,1901898.7013463872,16
-1255577.4617905251,1901898.7013463872,10
-1255114.1490739975,1901898.7013463872,10
-1254650.8363574701,1901898.7013463872,16
-1254187.5236409425,1901898.7013463872,10
-1253724.2109244152,1901898.7013463872,10
-1253260.8982078875,1901898.7013463872,10
-1252797.5854913602,1901898.7013463872,10
-1252334.2727748326,1901898.7013463872,10
-1251870.9600583052,1901898.7013463872,10
-1251407.6473417776,1901898.7013463872,10
-1250944.3346252502,1901898.7013463872,10
-1250481.0219087226,1901898.7013463872,10
-1250017.7091921952,1901898.7013463872,10
-1249554.3964756676,1901898.7013463872,10
-1249091.0837591402,1901898.7013463872,10
-1248627.7710426126,1901898.7013463872,10
-1248164.458326085,1901898.7013463872,10
-1247701.1456095576,1901898.7013463872,10
-1247237.83289303,1901898.7013463872,10
-1246774.5201765026,1901898.7013463872,10
-1246311.207459975,1901898.7013463872,16
-1245847.8947434477,1901898.7013463872,10
-1245384.58202692,1901898.7013463872,10
-1244921.2693103927,1901898.7013463872,10
-1244457.956593865,1901898.7013463872,10
-1243994.6438773377,1901898.7013463872,10
-1243531.33116081,1901898.7013463872,10
-1243068.0184442827,1901898.7013463872,10
-1242604.705727755,1901898.7013463872,10
-1242141.3930112277,1901898.7013463872,10
-1241678.0802947,1901898.7013463872,10
-1241214.7675781725,1901898.7013463872,10
-1240751.4548616451,1901898.7013463872,10
-1240288.1421451175,1901898.7013463872,10
-1239824.8294285901,1901898.7013463872,10
-1239361.5167120625,1901898.7013463872,10
-1238898.2039955352,1901898.7013463872,10
-1238434.8912790075,1901898.7013463872,10
-1237971.5785624802,1901898.7013463872,10
-1237508.2658459526,1901898.7013463872,10
-1237044.9531294252,1901898.7013463872,10
-1236581.6404128976,1901898.7013463872,10
-1236118.3276963702,1901898.7013463872,10
-1235655.0149798426,1901898.7013463872,10
-1235191.7022633152,1901898.7013463872,16
-1234728.3895467876,1901898.7013463872,16
-1234265.07683026,1901898.7013463872,16
-1233801.7641137326,1901898.7013463872,16
-1233338.4513972052,1901898.7013463872,16
-1232875.1386806776,1901898.7013463872,16
-1232411.82596415,1901898.7013463872,16
-1231948.5132476226,1901898.7013463872,10
-1231485.200531095,1901898.7013463872,10
-1231021.8878145677,1901898.7013463872,10
-1230558.57509804,1901898.7013463872,10
-1230095.2623815127,1901898.7013463872,10
-1229631.949664985,1901898.7013463872,10
-1229168.6369484577,1901898.7013463872,10
-1228705.32423193,1901898.7013463872,10
-1228242.0115154027,1901898.7013463872,16
-1227778.698798875,1901898.7013463872,10
-1227315.3860823475,1901898.7013463872,10
-1226852.07336582,1901898.7013463872,10
-1226388.7606492927,1901898.7013463872,10
-1225925.4479327651,1901898.7013463872,10
-1225462.1352162375,1901898.7013463872,10
-1224998.8224997101,1901898.7013463872,10
-1224535.5097831825,1901898.7013463872,10
-1224072.1970666551,1901898.7013463872,16
-1223608.8843501275,1901898.7013463872,16
-1223145.5716336002,1901898.7013463872,16
-1222682.2589170726,1901898.7013463872,16
-1222218.9462005452,1901898.7013463872,16
-1221755.6334840176,1901898.7013463872,16
-1221292.3207674902,1901898.7013463872,16
-1220829.0080509626,1901898.7013463872,16
-1220365.6953344352,1901898.7013463872,10
-1219902.3826179076,1901898.7013463872,10
-1219439.0699013802,1901898.7013463872,10
-1218975.7571848526,1901898.7013463872,10
-1218512.444468325,1901898.7013463872,10
-1218049.1317517976,1901898.7013463872,10
-1217585.81903527,1901898.7013463872,10
-1217122.5063187426,1901898.7013463872,10
-1216659.193602215,1901898.7013463872,10
-1216195.8808856877,1901898.7013463872,10
-1215732.56816916,1901898.7013463872,10
-1215269.2554526327,1901898.7013463872,10
-1214805.942736105,1901898.7013463872,10
-1214342.6300195777,1901898.7013463872,10
-1213879.31730305,1901898.7013463872,10
-1213416.0045865227,1901898.7013463872,10
-1212952.691869995,1901898.7013463872,10
-1212489.3791534677,1901898.7013463872,10
-1212026.06643694,1901898.7013463872,10
-1211562.7537204125,1901898.7013463872,10
-1211099.4410038851,1901898.7013463872,10
-1210636.1282873575,1901898.7013463872,10
-1210172.8155708301,1901898.7013463872,10
-1209709.5028543025,1901898.7013463872,10
-1209246.1901377751,1901898.7013463872,10
-1208782.8774212475,1901898.7013463872,10
-1208319.5647047202,1901898.7013463872,10
-1207856.2519881926,1901898.7013463872,10
-1207392.9392716652,1901898.7013463872,10
-1206929.6265551376,1901898.7013463872,10
-1206466.3138386102,1901898.7013463872,10
-1206003.0011220826,1901898.7013463872,10
-1205539.6884055552,1901898.7013463872,10
-1205076.3756890276,1901898.7013463872,10
-1204613.0629725,1901898.7013463872,10
-1204149.7502559726,1901898.7013463872,10
-1203686.4375394452,1901898.7013463872,10
-1203223.1248229176,1901898.7013463872,10
-1202759.81210639,1901898.7013463872,10
-1202296.4993898626,1901898.7013463872,10
-1201833.186673335,1901898.7013463872,10
-1201369.8739568077,1901898.7013463872,10
-1200906.56124028,1901898.7013463872,10
-1200443.2485237527,1901898.7013463872,10
-1199979.935807225,1901898.7013463872,10
-1199516.6230906977,1901898.7013463872,10
-1199053.31037417,1901898.7013463872,10
-1198589.9976576427,1901898.7013463872,10
-1198126.684941115,1901898.7013463872,10
-1197663.3722245875,1901898.7013463872,10
-1197200.05950806,1901898.7013463872,10
-1196736.7467915327,1901898.7013463872,10
-1196273.4340750051,1901898.7013463872,10
-1195810.1213584775,1901898.7013463872,10
-1195346.8086419501,1901898.7013463872,10
-1194883.4959254225,1901898.7013463872,10
-1194420.1832088951,1901898.7013463872,10
-1193956.8704923675,1901898.7013463872,10
-1193493.5577758402,1901898.7013463872,10
-1193030.2450593126,1901898.7013463872,10
-1192566.9323427852,1901898.7013463872,10
-1192103.6196262576,1901898.7013463872,10
-1191640.3069097302,1901898.7013463872,10
-1191176.9941932026,1901898.7013463872,10
-1190713.6814766752,1901898.7013463872,10
-1190250.3687601476,1901898.7013463872,10
-1189787.0560436202,1901898.7013463872,10
-1189323.7433270926,1901898.7013463872,10
-1188860.430610565,1901898.7013463872,10
-1188397.1178940376,1901898.7013463872,10
-1187933.80517751,1901898.7013463872,10
-1187470.4924609826,1901898.7013463872,10
-1187007.179744455,1901898.7013463872,10
-1186543.8670279277,1901898.7013463872,10
-1186080.5543114,1901898.7013463872,10
-1185617.2415948727,1901898.7013463872,10
-1185153.928878345,1901898.7013463872,10
-1184690.6161618177,1901898.7013463872,10
-1184227.30344529,1901898.7013463872,10
-1183763.9907287627,1901898.7013463872,10
-1183300.678012235,1901898.7013463872,10
-1182837.3652957077,1901898.7013463872,10
-1182374.05257918,1901898.7013463872,10
-1181910.7398626525,1901898.7013463872,10
-1181447.4271461251,1901898.7013463872,10
-1180984.1144295975,1901898.7013463872,10
-1180520.8017130701,1901898.7013463872,10
-1180057.4889965425,1901898.7013463872,10
-1179594.1762800151,1901898.7013463872,10
-1179130.8635634875,1901898.7013463872,10
-1178667.5508469602,1901898.7013463872,10
-1178204.2381304326,1901898.7013463872,10
-1177740.9254139052,1901898.7013463872,10
-1177277.6126973776,1901898.7013463872,10
-1176814.2999808502,1901898.7013463872,10
-1176350.9872643226,1901898.7013463872,10
-1175887.6745477952,1901898.7013463872,10
-1175424.3618312676,1901898.7013463872,10
-1174961.04911474,1901898.7013463872,10
-1174497.7363982126,1901898.7013463872,10
-1174034.4236816852,1901898.7013463872,10
-1173571.1109651576,1901898.7013463872,10
-1173107.79824863,1901898.7013463872,10
-1172644.4855321026,1901898.7013463872,10
-1172181.172815575,1901898.7013463872,10
-1171717.8600990477,1901898.7013463872,10
-1171254.54738252,1901898.7013463872,10
-1170791.2346659927,1901898.7013463872,10
-1170327.921949465,1901898.7013463872,10
-1169864.6092329377,1901898.7013463872,10
-1169401.29651641,1901898.7013463872,10
-1168937.9837998827,1901898.7013463872,10
-1168474.671083355,1901898.7013463872,10
-1168011.3583668275,1901898.7013463872,10
-1167548.0456503,1901898.7013463872,10
-1167084.7329337727,1901898.7013463872,10
-1336193.87446631,1901435.3886298598,10
-1335730.5617497826,1901435.3886298598,10
-1335267.249033255,1901435.3886298598,10
-1334803.9363167277,1901435.3886298598,10
-1334340.6236002,1901435.3886298598,10
-1333877.3108836727,1901435.3886298598,16
-1333413.998167145,1901435.3886298598,16
-1332950.6854506177,1901435.3886298598,16
-1332487.37273409,1901435.3886298598,16
-1332024.0600175627,1901435.3886298598,16
-1331560.747301035,1901435.3886298598,16
-1331097.4345845077,1901435.3886298598,16
-1330634.12186798,1901435.3886298598,16
-1330170.8091514525,1901435.3886298598,16
-1329707.4964349251,1901435.3886298598,16
-1329244.1837183975,1901435.3886298598,16
-1328780.8710018701,1901435.3886298598,16
-1328317.5582853425,1901435.3886298598,16
-1327854.2455688152,1901435.3886298598,16
-1327390.9328522875,1901435.3886298598,16
-1326927.6201357602,1901435.3886298598,16
-1326464.3074192326,1901435.3886298598,16
-1326000.9947027052,1901435.3886298598,16
-1325537.6819861776,1901435.3886298598,16
-1325074.3692696502,1901435.3886298598,16
-1324611.0565531226,1901435.3886298598,16
-1324147.7438365952,1901435.3886298598,16
-1323684.4311200676,1901435.3886298598,16
-1323221.11840354,1901435.3886298598,16
-1322757.8056870126,1901435.3886298598,16
-1322294.492970485,1901435.3886298598,16
-1321831.1802539576,1901435.3886298598,16
-1321367.86753743,1901435.3886298598,16
-1320904.5548209026,1901435.3886298598,16
-1320441.242104375,1901435.3886298598,16
-1319977.9293878477,1901435.3886298598,16
-1319514.61667132,1901435.3886298598,16
-1319051.3039547927,1901435.3886298598,16
-1318587.991238265,1901435.3886298598,16
-1318124.6785217377,1901435.3886298598,16
-1317661.36580521,1901435.3886298598,16
-1317198.0530886827,1901435.3886298598,16
-1316734.740372155,1901435.3886298598,16
-1316271.4276556277,1901435.3886298598,16
-1315808.1149391,1901435.3886298598,16
-1315344.8022225727,1901435.3886298598,16
-1314881.4895060451,1901435.3886298598,16
-1314418.1767895175,1901435.3886298598,16
-1313954.8640729901,1901435.3886298598,10
-1313491.5513564625,1901435.3886298598,10
-1313028.2386399352,1901435.3886298598,10
-1312564.9259234075,1901435.3886298598,16
-1312101.6132068802,1901435.3886298598,16
-1311638.3004903526,1901435.3886298598,16
-1311174.9877738252,1901435.3886298598,16
-1310711.6750572976,1901435.3886298598,16
-1310248.3623407702,1901435.3886298598,16
-1309785.0496242426,1901435.3886298598,16
-1309321.7369077152,1901435.3886298598,16
-1308858.4241911876,1901435.3886298598,16
-1308395.1114746602,1901435.3886298598,16
-1307931.7987581326,1901435.3886298598,16
-1307468.486041605,1901435.3886298598,16
-1307005.1733250776,1901435.3886298598,16
-1306541.86060855,1901435.3886298598,16
-1306078.5478920226,1901435.3886298598,16
-1305615.235175495,1901435.3886298598,16
-1305151.9224589677,1901435.3886298598,16
-1304688.60974244,1901435.3886298598,16
-1304225.2970259127,1901435.3886298598,16
-1303761.984309385,1901435.3886298598,16
-1303298.6715928577,1901435.3886298598,16
-1302835.35887633,1901435.3886298598,10
-1302372.0461598027,1901435.3886298598,10
-1301908.733443275,1901435.3886298598,7
-1301445.4207267477,1901435.3886298598,10
-1300982.10801022,1901435.3886298598,7
-1300518.7952936925,1901435.3886298598,10
-1300055.4825771651,1901435.3886298598,10
-1299592.1698606375,1901435.3886298598,10
-1299128.8571441101,1901435.3886298598,10
-1298665.5444275825,1901435.3886298598,10
-1298202.2317110552,1901435.3886298598,10
-1297738.9189945275,1901435.3886298598,10
-1297275.6062780002,1901435.3886298598,10
-1296812.2935614726,1901435.3886298598,10
-1296348.9808449452,1901435.3886298598,16
-1295885.6681284176,1901435.3886298598,16
-1295422.3554118902,1901435.3886298598,10
-1294959.0426953626,1901435.3886298598,10
-1294495.7299788352,1901435.3886298598,10
-1294032.4172623076,1901435.3886298598,10
-1293569.10454578,1901435.3886298598,10
-1293105.7918292526,1901435.3886298598,10
-1292642.479112725,1901435.3886298598,10
-1292179.1663961976,1901435.3886298598,10
-1291715.85367967,1901435.3886298598,10
-1291252.5409631426,1901435.3886298598,10
-1290789.228246615,1901435.3886298598,10
-1290325.9155300877,1901435.3886298598,16
-1289862.60281356,1901435.3886298598,16
-1289399.2900970327,1901435.3886298598,16
-1288935.977380505,1901435.3886298598,16
-1288472.6646639777,1901435.3886298598,16
-1288009.35194745,1901435.3886298598,16
-1287546.0392309227,1901435.3886298598,10
-1287082.726514395,1901435.3886298598,10
-1286619.4137978677,1901435.3886298598,10
-1286156.10108134,1901435.3886298598,10
-1285692.7883648127,1901435.3886298598,10
-1285229.4756482851,1901435.3886298598,10
-1284766.1629317575,1901435.3886298598,10
-1284302.8502152301,1901435.3886298598,10
-1283839.5374987025,1901435.3886298598,10
-1283376.2247821752,1901435.3886298598,10
-1282912.9120656475,1901435.3886298598,16
-1282449.5993491202,1901435.3886298598,16
-1281986.2866325926,1901435.3886298598,16
-1281522.9739160652,1901435.3886298598,16
-1281059.6611995376,1901435.3886298598,10
-1280596.3484830102,1901435.3886298598,16
-1280133.0357664826,1901435.3886298598,16
-1279669.7230499552,1901435.3886298598,16
-1279206.4103334276,1901435.3886298598,16
-1278743.0976169002,1901435.3886298598,10
-1278279.7849003726,1901435.3886298598,10
-1277816.472183845,1901435.3886298598,10
-1277353.1594673176,1901435.3886298598,10
-1276889.84675079,1901435.3886298598,16
-1276426.5340342626,1901435.3886298598,16
-1275963.221317735,1901435.3886298598,16
-1275499.9086012077,1901435.3886298598,10
-1275036.59588468,1901435.3886298598,10
-1274573.2831681527,1901435.3886298598,10
-1274109.970451625,1901435.3886298598,10
-1273646.6577350977,1901435.3886298598,10
-1273183.34501857,1901435.3886298598,16
-1272720.0323020427,1901435.3886298598,16
-1272256.719585515,1901435.3886298598,16
-1260210.5889558,1901435.3886298598,16
-1259747.2762392727,1901435.3886298598,16
-1259283.963522745,1901435.3886298598,16
-1258820.6508062177,1901435.3886298598,16
-1258357.33808969,1901435.3886298598,16
-1257894.0253731627,1901435.3886298598,10
-1257430.712656635,1901435.3886298598,10
-1256967.3999401077,1901435.3886298598,10
-1256504.08722358,1901435.3886298598,16
-1256040.7745070527,1901435.3886298598,16
-1255577.4617905251,1901435.3886298598,16
-1255114.1490739975,1901435.3886298598,10
-1254650.8363574701,1901435.3886298598,10
-1254187.5236409425,1901435.3886298598,10
-1253724.2109244152,1901435.3886298598,10
-1253260.8982078875,1901435.3886298598,10
-1252797.5854913602,1901435.3886298598,10
-1252334.2727748326,1901435.3886298598,10
-1251870.9600583052,1901435.3886298598,10
-1251407.6473417776,1901435.3886298598,10
-1250944.3346252502,1901435.3886298598,10
-1250481.0219087226,1901435.3886298598,10
-1250017.7091921952,1901435.3886298598,10
-1249554.3964756676,1901435.3886298598,10
-1249091.0837591402,1901435.3886298598,10
-1248627.7710426126,1901435.3886298598,10
-1248164.458326085,1901435.3886298598,10
-1247701.1456095576,1901435.3886298598,10
-1247237.83289303,1901435.3886298598,10
-1246774.5201765026,1901435.3886298598,10
-1246311.207459975,1901435.3886298598,10
-1245847.8947434477,1901435.3886298598,16
-1245384.58202692,1901435.3886298598,16
-1244921.2693103927,1901435.3886298598,10
-1244457.956593865,1901435.3886298598,10
-1243994.6438773377,1901435.3886298598,10
-1243531.33116081,1901435.3886298598,10
-1243068.0184442827,1901435.3886298598,10
-1242604.705727755,1901435.3886298598,10
-1242141.3930112277,1901435.3886298598,10
-1241678.0802947,1901435.3886298598,10
-1241214.7675781725,1901435.3886298598,10
-1240751.4548616451,1901435.3886298598,10
-1240288.1421451175,1901435.3886298598,16
-1239824.8294285901,1901435.3886298598,16
-1239361.5167120625,1901435.3886298598,16
-1238898.2039955352,1901435.3886298598,10
-1238434.8912790075,1901435.3886298598,10
-1237971.5785624802,1901435.3886298598,10
-1237508.2658459526,1901435.3886298598,10
-1237044.9531294252,1901435.3886298598,10
-1236581.6404128976,1901435.3886298598,10
-1236118.3276963702,1901435.3886298598,16
-1235655.0149798426,1901435.3886298598,16
-1235191.7022633152,1901435.3886298598,16
-1234728.3895467876,1901435.3886298598,16
-1234265.07683026,1901435.3886298598,16
-1233801.7641137326,1901435.3886298598,16
-1233338.4513972052,1901435.3886298598,16
-1232875.1386806776,1901435.3886298598,16
-1232411.82596415,1901435.3886298598,16
-1231948.5132476226,1901435.3886298598,10
-1231485.200531095,1901435.3886298598,10
-1231021.8878145677,1901435.3886298598,10
-1230558.57509804,1901435.3886298598,10
-1230095.2623815127,1901435.3886298598,10
-1229631.949664985,1901435.3886298598,10
-1229168.6369484577,1901435.3886298598,10
-1228705.32423193,1901435.3886298598,10
-1228242.0115154027,1901435.3886298598,10
-1227778.698798875,1901435.3886298598,10
-1227315.3860823475,1901435.3886298598,10
-1226852.07336582,1901435.3886298598,10
-1226388.7606492927,1901435.3886298598,10
-1225925.4479327651,1901435.3886298598,10
-1225462.1352162375,1901435.3886298598,10
-1224998.8224997101,1901435.3886298598,10
-1224535.5097831825,1901435.3886298598,16
-1224072.1970666551,1901435.3886298598,16
-1223608.8843501275,1901435.3886298598,16
-1223145.5716336002,1901435.3886298598,16
-1222682.2589170726,1901435.3886298598,16
-1222218.9462005452,1901435.3886298598,16
-1221755.6334840176,1901435.3886298598,16
-1221292.3207674902,1901435.3886298598,16
-1220829.0080509626,1901435.3886298598,10
-1220365.6953344352,1901435.3886298598,10
-1219902.3826179076,1901435.3886298598,10
-1219439.0699013802,1901435.3886298598,10
-1218975.7571848526,1901435.3886298598,10
-1218512.444468325,1901435.3886298598,10
-1218049.1317517976,1901435.3886298598,10
-1217585.81903527,1901435.3886298598,10
-1217122.5063187426,1901435.3886298598,10
-1216659.193602215,1901435.3886298598,10
-1216195.8808856877,1901435.3886298598,10
-1215732.56816916,1901435.3886298598,10
-1215269.2554526327,1901435.3886298598,10
-1214805.942736105,1901435.3886298598,10
-1214342.6300195777,1901435.3886298598,10
-1213879.31730305,1901435.3886298598,10
-1213416.0045865227,1901435.3886298598,10
-1212952.691869995,1901435.3886298598,10
-1212489.3791534677,1901435.3886298598,10
-1212026.06643694,1901435.3886298598,10
-1211562.7537204125,1901435.3886298598,10
-1211099.4410038851,1901435.3886298598,10
-1210636.1282873575,1901435.3886298598,10
-1210172.8155708301,1901435.3886298598,10
-1209709.5028543025,1901435.3886298598,10
-1209246.1901377751,1901435.3886298598,10
-1208782.8774212475,1901435.3886298598,10
-1208319.5647047202,1901435.3886298598,10
-1207856.2519881926,1901435.3886298598,10
-1207392.9392716652,1901435.3886298598,10
-1206929.6265551376,1901435.3886298598,16
-1206466.3138386102,1901435.3886298598,10
-1206003.0011220826,1901435.3886298598,10
-1205539.6884055552,1901435.3886298598,10
-1205076.3756890276,1901435.3886298598,10
-1204613.0629725,1901435.3886298598,10
-1204149.7502559726,1901435.3886298598,10
-1203686.4375394452,1901435.3886298598,10
-1203223.1248229176,1901435.3886298598,10
-1202759.81210639,1901435.3886298598,10
-1202296.4993898626,1901435.3886298598,10
-1201833.186673335,1901435.3886298598,10
-1201369.8739568077,1901435.3886298598,10
-1200906.56124028,1901435.3886298598,16
-1200443.2485237527,1901435.3886298598,16
-1199979.935807225,1901435.3886298598,10
-1199516.6230906977,1901435.3886298598,10
-1199053.31037417,1901435.3886298598,10
-1198589.9976576427,1901435.3886298598,10
-1198126.684941115,1901435.3886298598,10
-1197663.3722245875,1901435.3886298598,10
-1197200.05950806,1901435.3886298598,10
-1196736.7467915327,1901435.3886298598,10
-1196273.4340750051,1901435.3886298598,10
-1195810.1213584775,1901435.3886298598,10
-1195346.8086419501,1901435.3886298598,10
-1194883.4959254225,1901435.3886298598,10
-1194420.1832088951,1901435.3886298598,10
-1193956.8704923675,1901435.3886298598,10
-1193493.5577758402,1901435.3886298598,10
-1193030.2450593126,1901435.3886298598,10
-1192566.9323427852,1901435.3886298598,10
-1192103.6196262576,1901435.3886298598,10
-1191640.3069097302,1901435.3886298598,10
-1191176.9941932026,1901435.3886298598,10
-1190713.6814766752,1901435.3886298598,10
-1190250.3687601476,1901435.3886298598,10
-1189787.0560436202,1901435.3886298598,10
-1189323.7433270926,1901435.3886298598,10
-1188860.430610565,1901435.3886298598,10
-1188397.1178940376,1901435.3886298598,10
-1187933.80517751,1901435.3886298598,10
-1187470.4924609826,1901435.3886298598,10
-1187007.179744455,1901435.3886298598,10
-1186543.8670279277,1901435.3886298598,10
-1186080.5543114,1901435.3886298598,10
-1185617.2415948727,1901435.3886298598,10
-1185153.928878345,1901435.3886298598,10
-1184690.6161618177,1901435.3886298598,10
-1184227.30344529,1901435.3886298598,10
-1183763.9907287627,1901435.3886298598,10
-1183300.678012235,1901435.3886298598,10
-1182837.3652957077,1901435.3886298598,10
-1182374.05257918,1901435.3886298598,10
-1181910.7398626525,1901435.3886298598,10
-1181447.4271461251,1901435.3886298598,10
-1180984.1144295975,1901435.3886298598,10
-1180520.8017130701,1901435.3886298598,10
-1180057.4889965425,1901435.3886298598,10
-1179594.1762800151,1901435.3886298598,10
-1179130.8635634875,1901435.3886298598,10
-1178667.5508469602,1901435.3886298598,10
-1178204.2381304326,1901435.3886298598,10
-1177740.9254139052,1901435.3886298598,10
-1177277.6126973776,1901435.3886298598,10
-1176814.2999808502,1901435.3886298598,10
-1176350.9872643226,1901435.3886298598,10
-1175887.6745477952,1901435.3886298598,10
-1175424.3618312676,1901435.3886298598,10
-1174961.04911474,1901435.3886298598,10
-1174497.7363982126,1901435.3886298598,10
-1174034.4236816852,1901435.3886298598,10
-1173571.1109651576,1901435.3886298598,10
-1173107.79824863,1901435.3886298598,10
-1172644.4855321026,1901435.3886298598,10
-1172181.172815575,1901435.3886298598,10
-1171717.8600990477,1901435.3886298598,10
-1171254.54738252,1901435.3886298598,10
-1170791.2346659927,1901435.3886298598,10
-1170327.921949465,1901435.3886298598,10
-1169864.6092329377,1901435.3886298598,10
-1169401.29651641,1901435.3886298598,10
-1168937.9837998827,1901435.3886298598,10
-1168474.671083355,1901435.3886298598,10
-1168011.3583668275,1901435.3886298598,10
-1167548.0456503,1901435.3886298598,10
-1167084.7329337727,1901435.3886298598,10
-1336657.1871828376,1900972.0759133322,10
-1336193.87446631,1900972.0759133322,10
-1335730.5617497826,1900972.0759133322,10
-1335267.249033255,1900972.0759133322,10
-1334803.9363167277,1900972.0759133322,10
-1334340.6236002,1900972.0759133322,10
-1333877.3108836727,1900972.0759133322,16
-1333413.998167145,1900972.0759133322,16
-1332950.6854506177,1900972.0759133322,16
-1332487.37273409,1900972.0759133322,16
-1332024.0600175627,1900972.0759133322,16
-1331560.747301035,1900972.0759133322,16
-1331097.4345845077,1900972.0759133322,16
-1330634.12186798,1900972.0759133322,16
-1330170.8091514525,1900972.0759133322,16
-1329707.4964349251,1900972.0759133322,16
-1329244.1837183975,1900972.0759133322,16
-1328780.8710018701,1900972.0759133322,16
-1328317.5582853425,1900972.0759133322,16
-1327854.2455688152,1900972.0759133322,16
-1327390.9328522875,1900972.0759133322,16
-1326927.6201357602,1900972.0759133322,16
-1326464.3074192326,1900972.0759133322,16
-1326000.9947027052,1900972.0759133322,16
-1325537.6819861776,1900972.0759133322,16
-1325074.3692696502,1900972.0759133322,16
-1324611.0565531226,1900972.0759133322,16
-1324147.7438365952,1900972.0759133322,16
-1323684.4311200676,1900972.0759133322,16
-1323221.11840354,1900972.0759133322,16
-1322757.8056870126,1900972.0759133322,16
-1322294.492970485,1900972.0759133322,16
-1321831.1802539576,1900972.0759133322,16
-1321367.86753743,1900972.0759133322,16
-1320904.5548209026,1900972.0759133322,16
-1320441.242104375,1900972.0759133322,16
-1319977.9293878477,1900972.0759133322,16
-1319514.61667132,1900972.0759133322,16
-1319051.3039547927,1900972.0759133322,16
-1318587.991238265,1900972.0759133322,16
-1318124.6785217377,1900972.0759133322,16
-1317661.36580521,1900972.0759133322,16
-1317198.0530886827,1900972.0759133322,16
-1316734.740372155,1900972.0759133322,16
-1316271.4276556277,1900972.0759133322,10
-1315808.1149391,1900972.0759133322,16
-1315344.8022225727,1900972.0759133322,16
-1314881.4895060451,1900972.0759133322,10
-1314418.1767895175,1900972.0759133322,10
-1313954.8640729901,1900972.0759133322,10
-1313491.5513564625,1900972.0759133322,10
-1313028.2386399352,1900972.0759133322,16
-1312564.9259234075,1900972.0759133322,16
-1312101.6132068802,1900972.0759133322,16
-1311638.3004903526,1900972.0759133322,16
-1311174.9877738252,1900972.0759133322,16
-1310711.6750572976,1900972.0759133322,16
-1310248.3623407702,1900972.0759133322,16
-1309785.0496242426,1900972.0759133322,16
-1309321.7369077152,1900972.0759133322,16
-1308858.4241911876,1900972.0759133322,16
-1308395.1114746602,1900972.0759133322,16
-1307931.7987581326,1900972.0759133322,16
-1307468.486041605,1900972.0759133322,16
-1307005.1733250776,1900972.0759133322,16
-1306541.86060855,1900972.0759133322,16
-1306078.5478920226,1900972.0759133322,16
-1305615.235175495,1900972.0759133322,16
-1305151.9224589677,1900972.0759133322,16
-1304688.60974244,1900972.0759133322,16
-1304225.2970259127,1900972.0759133322,16
-1303761.984309385,1900972.0759133322,16
-1303298.6715928577,1900972.0759133322,10
-1302835.35887633,1900972.0759133322,10
-1302372.0461598027,1900972.0759133322,10
-1301908.733443275,1900972.0759133322,7
-1301445.4207267477,1900972.0759133322,10
-1300982.10801022,1900972.0759133322,7
-1300518.7952936925,1900972.0759133322,10
-1300055.4825771651,1900972.0759133322,16
-1299592.1698606375,1900972.0759133322,10
-1299128.8571441101,1900972.0759133322,10
-1298665.5444275825,1900972.0759133322,10
-1298202.2317110552,1900972.0759133322,10
-1297738.9189945275,1900972.0759133322,10
-1297275.6062780002,1900972.0759133322,10
-1296812.2935614726,1900972.0759133322,10
-1296348.9808449452,1900972.0759133322,16
-1295885.6681284176,1900972.0759133322,16
-1295422.3554118902,1900972.0759133322,16
-1294959.0426953626,1900972.0759133322,16
-1294495.7299788352,1900972.0759133322,7
-1294032.4172623076,1900972.0759133322,7
-1293569.10454578,1900972.0759133322,10
-1293105.7918292526,1900972.0759133322,10
-1292642.479112725,1900972.0759133322,16
-1292179.1663961976,1900972.0759133322,16
-1291715.85367967,1900972.0759133322,16
-1291252.5409631426,1900972.0759133322,16
-1290789.228246615,1900972.0759133322,16
-1290325.9155300877,1900972.0759133322,16
-1289862.60281356,1900972.0759133322,16
-1289399.2900970327,1900972.0759133322,16
-1288935.977380505,1900972.0759133322,16
-1288472.6646639777,1900972.0759133322,16
-1288009.35194745,1900972.0759133322,16
-1287546.0392309227,1900972.0759133322,10
-1287082.726514395,1900972.0759133322,7
-1286619.4137978677,1900972.0759133322,7
-1286156.10108134,1900972.0759133322,10
-1285692.7883648127,1900972.0759133322,10
-1285229.4756482851,1900972.0759133322,10
-1284766.1629317575,1900972.0759133322,10
-1284302.8502152301,1900972.0759133322,10
-1283839.5374987025,1900972.0759133322,10
-1283376.2247821752,1900972.0759133322,10
-1282912.9120656475,1900972.0759133322,10
-1282449.5993491202,1900972.0759133322,10
-1281986.2866325926,1900972.0759133322,10
-1281522.9739160652,1900972.0759133322,16
-1281059.6611995376,1900972.0759133322,16
-1280596.3484830102,1900972.0759133322,16
-1280133.0357664826,1900972.0759133322,10
-1279669.7230499552,1900972.0759133322,16
-1279206.4103334276,1900972.0759133322,16
-1278743.0976169002,1900972.0759133322,10
-1278279.7849003726,1900972.0759133322,10
-1277816.472183845,1900972.0759133322,10
-1277353.1594673176,1900972.0759133322,10
-1276889.84675079,1900972.0759133322,16
-1276426.5340342626,1900972.0759133322,16
-1275963.221317735,1900972.0759133322,10
-1275499.9086012077,1900972.0759133322,10
-1275036.59588468,1900972.0759133322,10
-1274573.2831681527,1900972.0759133322,10
-1274109.970451625,1900972.0759133322,10
-1273646.6577350977,1900972.0759133322,16
-1273183.34501857,1900972.0759133322,16
-1272720.0323020427,1900972.0759133322,16
-1272256.719585515,1900972.0759133322,16
-1271793.4068689877,1900972.0759133322,16
-1271330.09415246,1900972.0759133322,16
-1270866.7814359325,1900972.0759133322,10
-1261600.5271053826,1900972.0759133322,10
-1261137.214388855,1900972.0759133322,10
-1260673.9016723277,1900972.0759133322,10
-1260210.5889558,1900972.0759133322,10
-1259747.2762392727,1900972.0759133322,16
-1259283.963522745,1900972.0759133322,16
-1258820.6508062177,1900972.0759133322,16
-1258357.33808969,1900972.0759133322,16
-1257894.0253731627,1900972.0759133322,16
-1257430.712656635,1900972.0759133322,10
-1256967.3999401077,1900972.0759133322,10
-1256504.08722358,1900972.0759133322,16
-1256040.7745070527,1900972.0759133322,16
-1255577.4617905251,1900972.0759133322,16
-1255114.1490739975,1900972.0759133322,10
-1254650.8363574701,1900972.0759133322,10
-1254187.5236409425,1900972.0759133322,10
-1253724.2109244152,1900972.0759133322,10
-1253260.8982078875,1900972.0759133322,10
-1252797.5854913602,1900972.0759133322,10
-1252334.2727748326,1900972.0759133322,10
-1251870.9600583052,1900972.0759133322,10
-1251407.6473417776,1900972.0759133322,10
-1250944.3346252502,1900972.0759133322,10
-1250481.0219087226,1900972.0759133322,10
-1250017.7091921952,1900972.0759133322,10
-1249554.3964756676,1900972.0759133322,10
-1249091.0837591402,1900972.0759133322,10
-1248627.7710426126,1900972.0759133322,10
-1248164.458326085,1900972.0759133322,10
-1247701.1456095576,1900972.0759133322,10
-1247237.83289303,1900972.0759133322,10
-1246774.5201765026,1900972.0759133322,10
-1246311.207459975,1900972.0759133322,10
-1245847.8947434477,1900972.0759133322,10
-1245384.58202692,1900972.0759133322,10
-1244921.2693103927,1900972.0759133322,10
-1244457.956593865,1900972.0759133322,10
-1243994.6438773377,1900972.0759133322,10
-1243531.33116081,1900972.0759133322,10
-1243068.0184442827,1900972.0759133322,10
-1242604.705727755,1900972.0759133322,10
-1242141.3930112277,1900972.0759133322,10
-1241678.0802947,1900972.0759133322,10
-1241214.7675781725,1900972.0759133322,10
-1240751.4548616451,1900972.0759133322,10
-1240288.1421451175,1900972.0759133322,10
-1239824.8294285901,1900972.0759133322,16
-1239361.5167120625,1900972.0759133322,16
-1238898.2039955352,1900972.0759133322,10
-1238434.8912790075,1900972.0759133322,10
-1237971.5785624802,1900972.0759133322,10
-1237508.2658459526,1900972.0759133322,10
-1237044.9531294252,1900972.0759133322,10
-1236581.6404128976,1900972.0759133322,10
-1236118.3276963702,1900972.0759133322,16
-1235655.0149798426,1900972.0759133322,16
-1235191.7022633152,1900972.0759133322,16
-1234728.3895467876,1900972.0759133322,16
-1234265.07683026,1900972.0759133322,16
-1233801.7641137326,1900972.0759133322,16
-1233338.4513972052,1900972.0759133322,16
-1232875.1386806776,1900972.0759133322,16
-1232411.82596415,1900972.0759133322,16
-1231948.5132476226,1900972.0759133322,10
-1231485.200531095,1900972.0759133322,10
-1231021.8878145677,1900972.0759133322,10
-1230558.57509804,1900972.0759133322,10
-1230095.2623815127,1900972.0759133322,10
-1229631.949664985,1900972.0759133322,10
-1229168.6369484577,1900972.0759133322,10
-1228705.32423193,1900972.0759133322,10
-1228242.0115154027,1900972.0759133322,10
-1227778.698798875,1900972.0759133322,10
-1227315.3860823475,1900972.0759133322,10
-1226852.07336582,1900972.0759133322,10
-1226388.7606492927,1900972.0759133322,10
-1225925.4479327651,1900972.0759133322,10
-1225462.1352162375,1900972.0759133322,10
-1224998.8224997101,1900972.0759133322,10
-1224535.5097831825,1900972.0759133322,16
-1224072.1970666551,1900972.0759133322,16
-1223608.8843501275,1900972.0759133322,16
-1223145.5716336002,1900972.0759133322,16
-1222682.2589170726,1900972.0759133322,16
-1222218.9462005452,1900972.0759133322,16
-1221755.6334840176,1900972.0759133322,16
-1221292.3207674902,1900972.0759133322,10
-1220829.0080509626,1900972.0759133322,10
-1220365.6953344352,1900972.0759133322,10
-1219902.3826179076,1900972.0759133322,10
-1219439.0699013802,1900972.0759133322,10
-1218975.7571848526,1900972.0759133322,10
-1218512.444468325,1900972.0759133322,10
-1218049.1317517976,1900972.0759133322,10
-1217585.81903527,1900972.0759133322,10
-1217122.5063187426,1900972.0759133322,10
-1216659.193602215,1900972.0759133322,10
-1216195.8808856877,1900972.0759133322,10
-1215732.56816916,1900972.0759133322,10
-1215269.2554526327,1900972.0759133322,10
-1214805.942736105,1900972.0759133322,10
-1214342.6300195777,1900972.0759133322,10
-1213879.31730305,1900972.0759133322,10
-1213416.0045865227,1900972.0759133322,10
-1212952.691869995,1900972.0759133322,10
-1212489.3791534677,1900972.0759133322,10
-1212026.06643694,1900972.0759133322,10
-1211562.7537204125,1900972.0759133322,10
-1211099.4410038851,1900972.0759133322,10
-1210636.1282873575,1900972.0759133322,10
-1210172.8155708301,1900972.0759133322,10
-1209709.5028543025,1900972.0759133322,10
-1209246.1901377751,1900972.0759133322,10
-1208782.8774212475,1900972.0759133322,10
-1208319.5647047202,1900972.0759133322,10
-1207856.2519881926,1900972.0759133322,10
-1207392.9392716652,1900972.0759133322,10
-1206929.6265551376,1900972.0759133322,10
-1206466.3138386102,1900972.0759133322,10
-1206003.0011220826,1900972.0759133322,10
-1205539.6884055552,1900972.0759133322,10
-1205076.3756890276,1900972.0759133322,10
-1204613.0629725,1900972.0759133322,10
-1204149.7502559726,1900972.0759133322,10
-1203686.4375394452,1900972.0759133322,10
-1203223.1248229176,1900972.0759133322,10
-1202759.81210639,1900972.0759133322,10
-1202296.4993898626,1900972.0759133322,10
-1201833.186673335,1900972.0759133322,10
-1201369.8739568077,1900972.0759133322,10
-1200906.56124028,1900972.0759133322,16
-1200443.2485237527,1900972.0759133322,10
-1199979.935807225,1900972.0759133322,10
-1199516.6230906977,1900972.0759133322,10
-1199053.31037417,1900972.0759133322,10
-1198589.9976576427,1900972.0759133322,10
-1198126.684941115,1900972.0759133322,10
-1197663.3722245875,1900972.0759133322,10
-1197200.05950806,1900972.0759133322,10
-1196736.7467915327,1900972.0759133322,10
-1196273.4340750051,1900972.0759133322,10
-1195810.1213584775,1900972.0759133322,10
-1195346.8086419501,1900972.0759133322,10
-1194883.4959254225,1900972.0759133322,10
-1194420.1832088951,1900972.0759133322,10
-1193956.8704923675,1900972.0759133322,10
-1193493.5577758402,1900972.0759133322,10
-1193030.2450593126,1900972.0759133322,10
-1192566.9323427852,1900972.0759133322,10
-1192103.6196262576,1900972.0759133322,10
-1191640.3069097302,1900972.0759133322,10
-1191176.9941932026,1900972.0759133322,10
-1190713.6814766752,1900972.0759133322,10
-1190250.3687601476,1900972.0759133322,10
-1189787.0560436202,1900972.0759133322,10
-1189323.7433270926,1900972.0759133322,10
-1188860.430610565,1900972.0759133322,10
-1188397.1178940376,1900972.0759133322,10
-1187933.80517751,1900972.0759133322,10
-1187470.4924609826,1900972.0759133322,10
-1187007.179744455,1900972.0759133322,10
-1186543.8670279277,1900972.0759133322,10
-1186080.5543114,1900972.0759133322,10
-1185617.2415948727,1900972.0759133322,10
-1185153.928878345,1900972.0759133322,10
-1184690.6161618177,1900972.0759133322,10
-1184227.30344529,1900972.0759133322,10
-1183763.9907287627,1900972.0759133322,10
-1183300.678012235,1900972.0759133322,10
-1182837.3652957077,1900972.0759133322,10
-1182374.05257918,1900972.0759133322,10
-1181910.7398626525,1900972.0759133322,10
-1181447.4271461251,1900972.0759133322,10
-1180984.1144295975,1900972.0759133322,10
-1180520.8017130701,1900972.0759133322,10
-1180057.4889965425,1900972.0759133322,10
-1179594.1762800151,1900972.0759133322,10
-1179130.8635634875,1900972.0759133322,10
-1178667.5508469602,1900972.0759133322,10
-1178204.2381304326,1900972.0759133322,10
-1177740.9254139052,1900972.0759133322,10
-1177277.6126973776,1900972.0759133322,10
-1176814.2999808502,1900972.0759133322,10
-1176350.9872643226,1900972.0759133322,10
-1175887.6745477952,1900972.0759133322,10
-1175424.3618312676,1900972.0759133322,10
-1174961.04911474,1900972.0759133322,10
-1174497.7363982126,1900972.0759133322,10
-1174034.4236816852,1900972.0759133322,10
-1173571.1109651576,1900972.0759133322,10
-1173107.79824863,1900972.0759133322,10
-1172644.4855321026,1900972.0759133322,10
-1172181.172815575,1900972.0759133322,10
-1171717.8600990477,1900972.0759133322,10
-1171254.54738252,1900972.0759133322,10
-1170791.2346659927,1900972.0759133322,10
-1170327.921949465,1900972.0759133322,10
-1169864.6092329377,1900972.0759133322,10
-1169401.29651641,1900972.0759133322,10
-1168937.9837998827,1900972.0759133322,10
-1168474.671083355,1900972.0759133322,10
-1168011.3583668275,1900972.0759133322,10
-1167548.0456503,1900972.0759133322,10
-1167084.7329337727,1900972.0759133322,10
-1337120.499899365,1900508.7631968048,10
-1336657.1871828376,1900508.7631968048,10
-1336193.87446631,1900508.7631968048,16
-1335730.5617497826,1900508.7631968048,10
-1335267.249033255,1900508.7631968048,16
-1334803.9363167277,1900508.7631968048,10
-1334340.6236002,1900508.7631968048,10
-1333877.3108836727,1900508.7631968048,10
-1333413.998167145,1900508.7631968048,10
-1332950.6854506177,1900508.7631968048,16
-1332487.37273409,1900508.7631968048,16
-1332024.0600175627,1900508.7631968048,16
-1331560.747301035,1900508.7631968048,16
-1331097.4345845077,1900508.7631968048,16
-1330634.12186798,1900508.7631968048,16
-1330170.8091514525,1900508.7631968048,16
-1329707.4964349251,1900508.7631968048,16
-1329244.1837183975,1900508.7631968048,16
-1328780.8710018701,1900508.7631968048,16
-1328317.5582853425,1900508.7631968048,16
-1327854.2455688152,1900508.7631968048,16
-1327390.9328522875,1900508.7631968048,16
-1326927.6201357602,1900508.7631968048,16
-1326464.3074192326,1900508.7631968048,10
-1326000.9947027052,1900508.7631968048,16
-1325537.6819861776,1900508.7631968048,16
-1325074.3692696502,1900508.7631968048,16
-1324611.0565531226,1900508.7631968048,16
-1324147.7438365952,1900508.7631968048,16
-1323684.4311200676,1900508.7631968048,16
-1323221.11840354,1900508.7631968048,16
-1322757.8056870126,1900508.7631968048,16
-1322294.492970485,1900508.7631968048,16
-1321831.1802539576,1900508.7631968048,16
-1321367.86753743,1900508.7631968048,16
-1320904.5548209026,1900508.7631968048,16
-1320441.242104375,1900508.7631968048,16
-1319977.9293878477,1900508.7631968048,16
-1319514.61667132,1900508.7631968048,16
-1319051.3039547927,1900508.7631968048,16
-1318587.991238265,1900508.7631968048,16
-1318124.6785217377,1900508.7631968048,16
-1317661.36580521,1900508.7631968048,16
-1317198.0530886827,1900508.7631968048,16
-1316734.740372155,1900508.7631968048,16
-1316271.4276556277,1900508.7631968048,10
-1315808.1149391,1900508.7631968048,10
-1315344.8022225727,1900508.7631968048,10
-1314881.4895060451,1900508.7631968048,10
-1314418.1767895175,1900508.7631968048,10
-1313954.8640729901,1900508.7631968048,10
-1313491.5513564625,1900508.7631968048,10
-1313028.2386399352,1900508.7631968048,10
-1312564.9259234075,1900508.7631968048,16
-1312101.6132068802,1900508.7631968048,16
-1311638.3004903526,1900508.7631968048,16
-1311174.9877738252,1900508.7631968048,16
-1310711.6750572976,1900508.7631968048,16
-1310248.3623407702,1900508.7631968048,16
-1309785.0496242426,1900508.7631968048,16
-1309321.7369077152,1900508.7631968048,16
-1308858.4241911876,1900508.7631968048,16
-1308395.1114746602,1900508.7631968048,16
-1307931.7987581326,1900508.7631968048,16
-1307468.486041605,1900508.7631968048,16
-1307005.1733250776,1900508.7631968048,16
-1306541.86060855,1900508.7631968048,16
-1306078.5478920226,1900508.7631968048,16
-1305615.235175495,1900508.7631968048,16
-1305151.9224589677,1900508.7631968048,16
-1304688.60974244,1900508.7631968048,16
-1304225.2970259127,1900508.7631968048,16
-1303761.984309385,1900508.7631968048,10
-1303298.6715928577,1900508.7631968048,10
-1302835.35887633,1900508.7631968048,10
-1302372.0461598027,1900508.7631968048,16
-1301908.733443275,1900508.7631968048,7
-1301445.4207267477,1900508.7631968048,10
-1300982.10801022,1900508.7631968048,10
-1300518.7952936925,1900508.7631968048,10
-1300055.4825771651,1900508.7631968048,16
-1299592.1698606375,1900508.7631968048,16
-1299128.8571441101,1900508.7631968048,16
-1298665.5444275825,1900508.7631968048,10
-1298202.2317110552,1900508.7631968048,10
-1297738.9189945275,1900508.7631968048,16
-1297275.6062780002,1900508.7631968048,10
-1296812.2935614726,1900508.7631968048,10
-1296348.9808449452,1900508.7631968048,16
-1295885.6681284176,1900508.7631968048,16
-1295422.3554118902,1900508.7631968048,16
-1294959.0426953626,1900508.7631968048,16
-1294495.7299788352,1900508.7631968048,16
-1294032.4172623076,1900508.7631968048,16
-1293569.10454578,1900508.7631968048,16
-1293105.7918292526,1900508.7631968048,16
-1292642.479112725,1900508.7631968048,16
-1292179.1663961976,1900508.7631968048,16
-1291715.85367967,1900508.7631968048,16
-1291252.5409631426,1900508.7631968048,16
-1290789.228246615,1900508.7631968048,10
-1290325.9155300877,1900508.7631968048,10
-1289862.60281356,1900508.7631968048,10
-1289399.2900970327,1900508.7631968048,7
-1288935.977380505,1900508.7631968048,7
-1288472.6646639777,1900508.7631968048,7
-1288009.35194745,1900508.7631968048,7
-1287546.0392309227,1900508.7631968048,10
-1287082.726514395,1900508.7631968048,10
-1286619.4137978677,1900508.7631968048,10
-1286156.10108134,1900508.7631968048,10
-1285692.7883648127,1900508.7631968048,10
-1285229.4756482851,1900508.7631968048,10
-1284766.1629317575,1900508.7631968048,10
-1284302.8502152301,1900508.7631968048,16
-1283839.5374987025,1900508.7631968048,10
-1283376.2247821752,1900508.7631968048,10
-1282912.9120656475,1900508.7631968048,10
-1282449.5993491202,1900508.7631968048,10
-1281986.2866325926,1900508.7631968048,10
-1281522.9739160652,1900508.7631968048,16
-1281059.6611995376,1900508.7631968048,16
-1280596.3484830102,1900508.7631968048,16
-1280133.0357664826,1900508.7631968048,16
-1279669.7230499552,1900508.7631968048,10
-1279206.4103334276,1900508.7631968048,10
-1278743.0976169002,1900508.7631968048,10
-1278279.7849003726,1900508.7631968048,10
-1277816.472183845,1900508.7631968048,10
-1277353.1594673176,1900508.7631968048,10
-1276889.84675079,1900508.7631968048,16
-1276426.5340342626,1900508.7631968048,16
-1275963.221317735,1900508.7631968048,10
-1275499.9086012077,1900508.7631968048,10
-1275036.59588468,1900508.7631968048,10
-1274573.2831681527,1900508.7631968048,16
-1274109.970451625,1900508.7631968048,16
-1273646.6577350977,1900508.7631968048,16
-1273183.34501857,1900508.7631968048,16
-1272720.0323020427,1900508.7631968048,10
-1272256.719585515,1900508.7631968048,10
-1271793.4068689877,1900508.7631968048,10
-1271330.09415246,1900508.7631968048,10
-1270866.7814359325,1900508.7631968048,10
-1270403.4687194051,1900508.7631968048,10
-1269940.1560028775,1900508.7631968048,10
-1264380.4034045476,1900508.7631968048,7
-1263917.09068802,1900508.7631968048,7
-1263453.7779714926,1900508.7631968048,10
-1262990.465254965,1900508.7631968048,7
-1262527.1525384376,1900508.7631968048,10
-1262063.83982191,1900508.7631968048,7
-1261600.5271053826,1900508.7631968048,7
-1261137.214388855,1900508.7631968048,7
-1260673.9016723277,1900508.7631968048,10
-1260210.5889558,1900508.7631968048,10
-1259747.2762392727,1900508.7631968048,16
-1259283.963522745,1900508.7631968048,16
-1258820.6508062177,1900508.7631968048,16
-1258357.33808969,1900508.7631968048,16
-1257894.0253731627,1900508.7631968048,16
-1257430.712656635,1900508.7631968048,16
-1256967.3999401077,1900508.7631968048,10
-1256504.08722358,1900508.7631968048,16
-1256040.7745070527,1900508.7631968048,10
-1255577.4617905251,1900508.7631968048,10
-1255114.1490739975,1900508.7631968048,10
-1254650.8363574701,1900508.7631968048,10
-1254187.5236409425,1900508.7631968048,10
-1253724.2109244152,1900508.7631968048,10
-1253260.8982078875,1900508.7631968048,10
-1252797.5854913602,1900508.7631968048,10
-1252334.2727748326,1900508.7631968048,10
-1251870.9600583052,1900508.7631968048,10
-1251407.6473417776,1900508.7631968048,10
-1250944.3346252502,1900508.7631968048,10
-1250481.0219087226,1900508.7631968048,10
-1250017.7091921952,1900508.7631968048,10
-1249554.3964756676,1900508.7631968048,10
-1249091.0837591402,1900508.7631968048,10
-1248627.7710426126,1900508.7631968048,10
-1248164.458326085,1900508.7631968048,10
-1247701.1456095576,1900508.7631968048,10
-1247237.83289303,1900508.7631968048,10
-1246774.5201765026,1900508.7631968048,10
-1246311.207459975,1900508.7631968048,10
-1245847.8947434477,1900508.7631968048,10
-1245384.58202692,1900508.7631968048,10
-1244921.2693103927,1900508.7631968048,16
-1244457.956593865,1900508.7631968048,10
-1243994.6438773377,1900508.7631968048,10
-1243531.33116081,1900508.7631968048,10
-1243068.0184442827,1900508.7631968048,10
-1242604.705727755,1900508.7631968048,10
-1242141.3930112277,1900508.7631968048,10
-1241678.0802947,1900508.7631968048,10
-1241214.7675781725,1900508.7631968048,10
-1240751.4548616451,1900508.7631968048,10
-1240288.1421451175,1900508.7631968048,10
-1239824.8294285901,1900508.7631968048,10
-1239361.5167120625,1900508.7631968048,10
-1238898.2039955352,1900508.7631968048,10
-1238434.8912790075,1900508.7631968048,10
-1237971.5785624802,1900508.7631968048,10
-1237508.2658459526,1900508.7631968048,10
-1237044.9531294252,1900508.7631968048,10
-1236581.6404128976,1900508.7631968048,10
-1236118.3276963702,1900508.7631968048,10
-1235655.0149798426,1900508.7631968048,10
-1235191.7022633152,1900508.7631968048,16
-1234728.3895467876,1900508.7631968048,16
-1234265.07683026,1900508.7631968048,16
-1233801.7641137326,1900508.7631968048,16
-1233338.4513972052,1900508.7631968048,16
-1232875.1386806776,1900508.7631968048,16
-1232411.82596415,1900508.7631968048,10
-1231948.5132476226,1900508.7631968048,10
-1231485.200531095,1900508.7631968048,10
-1231021.8878145677,1900508.7631968048,10
-1230558.57509804,1900508.7631968048,10
-1230095.2623815127,1900508.7631968048,16
-1229631.949664985,1900508.7631968048,10
-1229168.6369484577,1900508.7631968048,10
-1228705.32423193,1900508.7631968048,10
-1228242.0115154027,1900508.7631968048,10
-1227778.698798875,1900508.7631968048,10
-1227315.3860823475,1900508.7631968048,10
-1226852.07336582,1900508.7631968048,10
-1226388.7606492927,1900508.7631968048,10
-1225925.4479327651,1900508.7631968048,10
-1225462.1352162375,1900508.7631968048,10
-1224998.8224997101,1900508.7631968048,10
-1224535.5097831825,1900508.7631968048,10
-1224072.1970666551,1900508.7631968048,10
-1223608.8843501275,1900508.7631968048,10
-1223145.5716336002,1900508.7631968048,16
-1222682.2589170726,1900508.7631968048,16
-1222218.9462005452,1900508.7631968048,10
-1221755.6334840176,1900508.7631968048,10
-1221292.3207674902,1900508.7631968048,10
-1220829.0080509626,1900508.7631968048,10
-1220365.6953344352,1900508.7631968048,10
-1219902.3826179076,1900508.7631968048,10
-1219439.0699013802,1900508.7631968048,10
-1218975.7571848526,1900508.7631968048,10
-1218512.444468325,1900508.7631968048,10
-1218049.1317517976,1900508.7631968048,10
-1217585.81903527,1900508.7631968048,10
-1217122.5063187426,1900508.7631968048,10
-1216659.193602215,1900508.7631968048,10
-1216195.8808856877,1900508.7631968048,10
-1215732.56816916,1900508.7631968048,10
-1215269.2554526327,1900508.7631968048,10
-1214805.942736105,1900508.7631968048,10
-1214342.6300195777,1900508.7631968048,10
-1213879.31730305,1900508.7631968048,10
-1213416.0045865227,1900508.7631968048,10
-1212952.691869995,1900508.7631968048,10
-1212489.3791534677,1900508.7631968048,10
-1212026.06643694,1900508.7631968048,10
-1211562.7537204125,1900508.7631968048,10
-1211099.4410038851,1900508.7631968048,10
-1210636.1282873575,1900508.7631968048,10
-1210172.8155708301,1900508.7631968048,10
-1209709.5028543025,1900508.7631968048,10
-1209246.1901377751,1900508.7631968048,10
-1208782.8774212475,1900508.7631968048,10
-1208319.5647047202,1900508.7631968048,10
-1207856.2519881926,1900508.7631968048,10
-1207392.9392716652,1900508.7631968048,10
-1206929.6265551376,1900508.7631968048,10
-1206466.3138386102,1900508.7631968048,10
-1206003.0011220826,1900508.7631968048,10
-1205539.6884055552,1900508.7631968048,10
-1205076.3756890276,1900508.7631968048,10
-1204613.0629725,1900508.7631968048,10
-1204149.7502559726,1900508.7631968048,10
-1203686.4375394452,1900508.7631968048,10
-1203223.1248229176,1900508.7631968048,10
-1202759.81210639,1900508.7631968048,10
-1202296.4993898626,1900508.7631968048,10
-1201833.186673335,1900508.7631968048,10
-1201369.8739568077,1900508.7631968048,10
-1200906.56124028,1900508.7631968048,10
-1200443.2485237527,1900508.7631968048,10
-1199979.935807225,1900508.7631968048,10
-1199516.6230906977,1900508.7631968048,10
-1199053.31037417,1900508.7631968048,10
-1198589.9976576427,1900508.7631968048,10
-1198126.684941115,1900508.7631968048,10
-1197663.3722245875,1900508.7631968048,10
-1197200.05950806,1900508.7631968048,10
-1196736.7467915327,1900508.7631968048,10
-1196273.4340750051,1900508.7631968048,10
-1195810.1213584775,1900508.7631968048,10
-1195346.8086419501,1900508.7631968048,10
-1194883.4959254225,1900508.7631968048,10
-1194420.1832088951,1900508.7631968048,10
-1193956.8704923675,1900508.7631968048,10
-1193493.5577758402,1900508.7631968048,10
-1193030.2450593126,1900508.7631968048,10
-1192566.9323427852,1900508.7631968048,10
-1192103.6196262576,1900508.7631968048,10
-1191640.3069097302,1900508.7631968048,10
-1191176.9941932026,1900508.7631968048,10
-1190713.6814766752,1900508.7631968048,10
-1190250.3687601476,1900508.7631968048,10
-1189787.0560436202,1900508.7631968048,10
-1189323.7433270926,1900508.7631968048,10
-1188860.430610565,1900508.7631968048,10
-1188397.1178940376,1900508.7631968048,10
-1187933.80517751,1900508.7631968048,10
-1187470.4924609826,1900508.7631968048,10
-1187007.179744455,1900508.7631968048,10
-1186543.8670279277,1900508.7631968048,10
-1186080.5543114,1900508.7631968048,10
-1185617.2415948727,1900508.7631968048,10
-1185153.928878345,1900508.7631968048,10
-1184690.6161618177,1900508.7631968048,10
-1184227.30344529,1900508.7631968048,10
-1183763.9907287627,1900508.7631968048,10
-1183300.678012235,1900508.7631968048,10
-1182837.3652957077,1900508.7631968048,10
-1182374.05257918,1900508.7631968048,10
-1181910.7398626525,1900508.7631968048,10
-1181447.4271461251,1900508.7631968048,10
-1180984.1144295975,1900508.7631968048,10
-1180520.8017130701,1900508.7631968048,10
-1180057.4889965425,1900508.7631968048,10
-1179594.1762800151,1900508.7631968048,10
-1179130.8635634875,1900508.7631968048,10
-1178667.5508469602,1900508.7631968048,10
-1178204.2381304326,1900508.7631968048,10
-1177740.9254139052,1900508.7631968048,10
-1177277.6126973776,1900508.7631968048,10
-1176814.2999808502,1900508.7631968048,10
-1176350.9872643226,1900508.7631968048,10
-1175887.6745477952,1900508.7631968048,10
-1175424.3618312676,1900508.7631968048,10
-1174961.04911474,1900508.7631968048,10
-1174497.7363982126,1900508.7631968048,10
-1174034.4236816852,1900508.7631968048,10
-1173571.1109651576,1900508.7631968048,10
-1173107.79824863,1900508.7631968048,10
-1172644.4855321026,1900508.7631968048,10
-1172181.172815575,1900508.7631968048,10
-1171717.8600990477,1900508.7631968048,10
-1171254.54738252,1900508.7631968048,10
-1170791.2346659927,1900508.7631968048,10
-1170327.921949465,1900508.7631968048,10
-1169864.6092329377,1900508.7631968048,10
-1169401.29651641,1900508.7631968048,10
-1168937.9837998827,1900508.7631968048,10
-1168474.671083355,1900508.7631968048,10
-1168011.3583668275,1900508.7631968048,10
-1167548.0456503,1900508.7631968048,10
-1167084.7329337727,1900508.7631968048,10
-1337583.8126158926,1900045.4504802772,10
-1337120.499899365,1900045.4504802772,16
-1336657.1871828376,1900045.4504802772,16
-1336193.87446631,1900045.4504802772,16
-1335730.5617497826,1900045.4504802772,16
-1335267.249033255,1900045.4504802772,16
-1334803.9363167277,1900045.4504802772,16
-1334340.6236002,1900045.4504802772,10
-1333877.3108836727,1900045.4504802772,10
-1333413.998167145,1900045.4504802772,10
-1332950.6854506177,1900045.4504802772,10
-1332487.37273409,1900045.4504802772,16
-1332024.0600175627,1900045.4504802772,16
-1331560.747301035,1900045.4504802772,16
-1331097.4345845077,1900045.4504802772,16
-1330634.12186798,1900045.4504802772,16
-1330170.8091514525,1900045.4504802772,16
-1329707.4964349251,1900045.4504802772,16
-1329244.1837183975,1900045.4504802772,16
-1328780.8710018701,1900045.4504802772,16
-1328317.5582853425,1900045.4504802772,16
-1327854.2455688152,1900045.4504802772,16
-1327390.9328522875,1900045.4504802772,16
-1326927.6201357602,1900045.4504802772,16
-1326464.3074192326,1900045.4504802772,16
-1326000.9947027052,1900045.4504802772,16
-1325537.6819861776,1900045.4504802772,16
-1325074.3692696502,1900045.4504802772,16
-1324611.0565531226,1900045.4504802772,16
-1324147.7438365952,1900045.4504802772,16
-1323684.4311200676,1900045.4504802772,16
-1323221.11840354,1900045.4504802772,16
-1322757.8056870126,1900045.4504802772,16
-1322294.492970485,1900045.4504802772,16
-1321831.1802539576,1900045.4504802772,16
-1321367.86753743,1900045.4504802772,16
-1320904.5548209026,1900045.4504802772,16
-1320441.242104375,1900045.4504802772,16
-1319977.9293878477,1900045.4504802772,16
-1319514.61667132,1900045.4504802772,16
-1319051.3039547927,1900045.4504802772,16
-1318587.991238265,1900045.4504802772,16
-1318124.6785217377,1900045.4504802772,16
-1317661.36580521,1900045.4504802772,16
-1317198.0530886827,1900045.4504802772,16
-1316734.740372155,1900045.4504802772,10
-1316271.4276556277,1900045.4504802772,10
-1315808.1149391,1900045.4504802772,10
-1315344.8022225727,1900045.4504802772,10
-1314881.4895060451,1900045.4504802772,10
-1314418.1767895175,1900045.4504802772,16
-1313954.8640729901,1900045.4504802772,16
-1313491.5513564625,1900045.4504802772,10
-1313028.2386399352,1900045.4504802772,10
-1312564.9259234075,1900045.4504802772,16
-1312101.6132068802,1900045.4504802772,16
-1311638.3004903526,1900045.4504802772,16
-1311174.9877738252,1900045.4504802772,16
-1310711.6750572976,1900045.4504802772,16
-1310248.3623407702,1900045.4504802772,16
-1309785.0496242426,1900045.4504802772,16
-1309321.7369077152,1900045.4504802772,16
-1308858.4241911876,1900045.4504802772,16
-1308395.1114746602,1900045.4504802772,16
-1307931.7987581326,1900045.4504802772,16
-1307468.486041605,1900045.4504802772,16
-1307005.1733250776,1900045.4504802772,16
-1306541.86060855,1900045.4504802772,16
-1306078.5478920226,1900045.4504802772,16
-1305615.235175495,1900045.4504802772,16
-1305151.9224589677,1900045.4504802772,16
-1304688.60974244,1900045.4504802772,16
-1304225.2970259127,1900045.4504802772,16
-1303761.984309385,1900045.4504802772,10
-1303298.6715928577,1900045.4504802772,10
-1302835.35887633,1900045.4504802772,10
-1302372.0461598027,1900045.4504802772,10
-1301908.733443275,1900045.4504802772,10
-1301445.4207267477,1900045.4504802772,10
-1300982.10801022,1900045.4504802772,10
-1300518.7952936925,1900045.4504802772,10
-1300055.4825771651,1900045.4504802772,16
-1299592.1698606375,1900045.4504802772,16
-1299128.8571441101,1900045.4504802772,16
-1298665.5444275825,1900045.4504802772,16
-1298202.2317110552,1900045.4504802772,16
-1297738.9189945275,1900045.4504802772,16
-1297275.6062780002,1900045.4504802772,16
-1296812.2935614726,1900045.4504802772,16
-1296348.9808449452,1900045.4504802772,16
-1295885.6681284176,1900045.4504802772,16
-1295422.3554118902,1900045.4504802772,16
-1294959.0426953626,1900045.4504802772,16
-1294495.7299788352,1900045.4504802772,16
-1294032.4172623076,1900045.4504802772,16
-1293569.10454578,1900045.4504802772,16
-1293105.7918292526,1900045.4504802772,16
-1292642.479112725,1900045.4504802772,16
-1292179.1663961976,1900045.4504802772,16
-1291715.85367967,1900045.4504802772,16
-1291252.5409631426,1900045.4504802772,16
-1290789.228246615,1900045.4504802772,16
-1290325.9155300877,1900045.4504802772,16
-1289862.60281356,1900045.4504802772,16
-1289399.2900970327,1900045.4504802772,16
-1288935.977380505,1900045.4504802772,16
-1288472.6646639777,1900045.4504802772,16
-1288009.35194745,1900045.4504802772,10
-1287546.0392309227,1900045.4504802772,16
-1287082.726514395,1900045.4504802772,16
-1286619.4137978677,1900045.4504802772,16
-1286156.10108134,1900045.4504802772,16
-1285692.7883648127,1900045.4504802772,16
-1285229.4756482851,1900045.4504802772,10
-1284766.1629317575,1900045.4504802772,10
-1284302.8502152301,1900045.4504802772,10
-1283839.5374987025,1900045.4504802772,10
-1283376.2247821752,1900045.4504802772,16
-1282912.9120656475,1900045.4504802772,7
-1282449.5993491202,1900045.4504802772,7
-1281986.2866325926,1900045.4504802772,10
-1281522.9739160652,1900045.4504802772,10
-1281059.6611995376,1900045.4504802772,10
-1280596.3484830102,1900045.4504802772,16
-1280133.0357664826,1900045.4504802772,16
-1279669.7230499552,1900045.4504802772,16
-1279206.4103334276,1900045.4504802772,16
-1278743.0976169002,1900045.4504802772,10
-1278279.7849003726,1900045.4504802772,10
-1277816.472183845,1900045.4504802772,10
-1277353.1594673176,1900045.4504802772,10
-1276889.84675079,1900045.4504802772,16
-1276426.5340342626,1900045.4504802772,16
-1275963.221317735,1900045.4504802772,10
-1275499.9086012077,1900045.4504802772,10
-1275036.59588468,1900045.4504802772,10
-1274573.2831681527,1900045.4504802772,16
-1274109.970451625,1900045.4504802772,16
-1273646.6577350977,1900045.4504802772,16
-1273183.34501857,1900045.4504802772,10
-1272720.0323020427,1900045.4504802772,10
-1272256.719585515,1900045.4504802772,10
-1271793.4068689877,1900045.4504802772,10
-1271330.09415246,1900045.4504802772,10
-1270866.7814359325,1900045.4504802772,10
-1270403.4687194051,1900045.4504802772,10
-1269940.1560028775,1900045.4504802772,10
-1269476.8432863501,1900045.4504802772,10
-1269013.5305698225,1900045.4504802772,10
-1264843.7161210752,1900045.4504802772,7
-1264380.4034045476,1900045.4504802772,10
-1263917.09068802,1900045.4504802772,10
-1263453.7779714926,1900045.4504802772,10
-1262990.465254965,1900045.4504802772,10
-1262527.1525384376,1900045.4504802772,10
-1262063.83982191,1900045.4504802772,10
-1261600.5271053826,1900045.4504802772,7
-1261137.214388855,1900045.4504802772,7
-1260673.9016723277,1900045.4504802772,7
-1260210.5889558,1900045.4504802772,10
-1259747.2762392727,1900045.4504802772,16
-1259283.963522745,1900045.4504802772,16
-1258820.6508062177,1900045.4504802772,16
-1258357.33808969,1900045.4504802772,16
-1257894.0253731627,1900045.4504802772,16
-1257430.712656635,1900045.4504802772,16
-1256967.3999401077,1900045.4504802772,10
-1256504.08722358,1900045.4504802772,10
-1256040.7745070527,1900045.4504802772,10
-1255577.4617905251,1900045.4504802772,10
-1255114.1490739975,1900045.4504802772,10
-1254650.8363574701,1900045.4504802772,10
-1254187.5236409425,1900045.4504802772,10
-1253724.2109244152,1900045.4504802772,10
-1253260.8982078875,1900045.4504802772,10
-1252797.5854913602,1900045.4504802772,10
-1252334.2727748326,1900045.4504802772,10
-1251870.9600583052,1900045.4504802772,10
-1251407.6473417776,1900045.4504802772,10
-1250944.3346252502,1900045.4504802772,10
-1250481.0219087226,1900045.4504802772,10
-1250017.7091921952,1900045.4504802772,10
-1249554.3964756676,1900045.4504802772,10
-1249091.0837591402,1900045.4504802772,10
-1248627.7710426126,1900045.4504802772,10
-1248164.458326085,1900045.4504802772,10
-1247701.1456095576,1900045.4504802772,10
-1247237.83289303,1900045.4504802772,10
-1246774.5201765026,1900045.4504802772,10
-1246311.207459975,1900045.4504802772,10
-1245847.8947434477,1900045.4504802772,16
-1245384.58202692,1900045.4504802772,16
-1244921.2693103927,1900045.4504802772,16
-1244457.956593865,1900045.4504802772,10
-1243994.6438773377,1900045.4504802772,10
-1243531.33116081,1900045.4504802772,10
-1243068.0184442827,1900045.4504802772,10
-1242604.705727755,1900045.4504802772,10
-1242141.3930112277,1900045.4504802772,10
-1241678.0802947,1900045.4504802772,10
-1241214.7675781725,1900045.4504802772,10
-1240751.4548616451,1900045.4504802772,10
-1240288.1421451175,1900045.4504802772,10
-1239824.8294285901,1900045.4504802772,10
-1239361.5167120625,1900045.4504802772,10
-1238898.2039955352,1900045.4504802772,10
-1238434.8912790075,1900045.4504802772,10
-1237971.5785624802,1900045.4504802772,10
-1237508.2658459526,1900045.4504802772,10
-1237044.9531294252,1900045.4504802772,10
-1236581.6404128976,1900045.4504802772,10
-1236118.3276963702,1900045.4504802772,10
-1235655.0149798426,1900045.4504802772,10
-1235191.7022633152,1900045.4504802772,10
-1234728.3895467876,1900045.4504802772,10
-1234265.07683026,1900045.4504802772,16
-1233801.7641137326,1900045.4504802772,16
-1233338.4513972052,1900045.4504802772,16
-1232875.1386806776,1900045.4504802772,16
-1232411.82596415,1900045.4504802772,10
-1231948.5132476226,1900045.4504802772,10
-1231485.200531095,1900045.4504802772,10
-1231021.8878145677,1900045.4504802772,16
-1230558.57509804,1900045.4504802772,16
-1230095.2623815127,1900045.4504802772,16
-1229631.949664985,1900045.4504802772,10
-1229168.6369484577,1900045.4504802772,10
-1228705.32423193,1900045.4504802772,10
-1228242.0115154027,1900045.4504802772,10
-1227778.698798875,1900045.4504802772,10
-1227315.3860823475,1900045.4504802772,10
-1226852.07336582,1900045.4504802772,10
-1226388.7606492927,1900045.4504802772,10
-1225925.4479327651,1900045.4504802772,10
-1225462.1352162375,1900045.4504802772,10
-1224998.8224997101,1900045.4504802772,10
-1224535.5097831825,1900045.4504802772,10
-1224072.1970666551,1900045.4504802772,10
-1223608.8843501275,1900045.4504802772,10
-1223145.5716336002,1900045.4504802772,16
-1222682.2589170726,1900045.4504802772,10
-1222218.9462005452,1900045.4504802772,10
-1221755.6334840176,1900045.4504802772,10
-1221292.3207674902,1900045.4504802772,10
-1220829.0080509626,1900045.4504802772,10
-1220365.6953344352,1900045.4504802772,10
-1219902.3826179076,1900045.4504802772,10
-1219439.0699013802,1900045.4504802772,10
-1218975.7571848526,1900045.4504802772,10
-1218512.444468325,1900045.4504802772,10
-1218049.1317517976,1900045.4504802772,10
-1217585.81903527,1900045.4504802772,10
-1217122.5063187426,1900045.4504802772,10
-1216659.193602215,1900045.4504802772,10
-1216195.8808856877,1900045.4504802772,10
-1215732.56816916,1900045.4504802772,10
-1215269.2554526327,1900045.4504802772,10
-1214805.942736105,1900045.4504802772,10
-1214342.6300195777,1900045.4504802772,10
-1213879.31730305,1900045.4504802772,10
-1213416.0045865227,1900045.4504802772,10
-1212952.691869995,1900045.4504802772,10
-1212489.3791534677,1900045.4504802772,10
-1212026.06643694,1900045.4504802772,10
-1211562.7537204125,1900045.4504802772,10
-1211099.4410038851,1900045.4504802772,10
-1210636.1282873575,1900045.4504802772,10
-1210172.8155708301,1900045.4504802772,10
-1209709.5028543025,1900045.4504802772,10
-1209246.1901377751,1900045.4504802772,10
-1208782.8774212475,1900045.4504802772,10
-1208319.5647047202,1900045.4504802772,10
-1207856.2519881926,1900045.4504802772,10
-1207392.9392716652,1900045.4504802772,10
-1206929.6265551376,1900045.4504802772,10
-1206466.3138386102,1900045.4504802772,10
-1206003.0011220826,1900045.4504802772,10
-1205539.6884055552,1900045.4504802772,10
-1205076.3756890276,1900045.4504802772,10
-1204613.0629725,1900045.4504802772,10
-1204149.7502559726,1900045.4504802772,16
-1203686.4375394452,1900045.4504802772,10
-1203223.1248229176,1900045.4504802772,10
-1202759.81210639,1900045.4504802772,10
-1202296.4993898626,1900045.4504802772,16
-1201833.186673335,1900045.4504802772,10
-1201369.8739568077,1900045.4504802772,10
-1200906.56124028,1900045.4504802772,16
-1200443.2485237527,1900045.4504802772,16
-1199979.935807225,1900045.4504802772,16
-1199516.6230906977,1900045.4504802772,10
-1199053.31037417,1900045.4504802772,10
-1198589.9976576427,1900045.4504802772,10
-1198126.684941115,1900045.4504802772,10
-1197663.3722245875,1900045.4504802772,10
-1197200.05950806,1900045.4504802772,10
-1196736.7467915327,1900045.4504802772,10
-1196273.4340750051,1900045.4504802772,10
-1195810.1213584775,1900045.4504802772,10
-1195346.8086419501,1900045.4504802772,10
-1194883.4959254225,1900045.4504802772,10
-1194420.1832088951,1900045.4504802772,10
-1193956.8704923675,1900045.4504802772,10
-1193493.5577758402,1900045.4504802772,10
-1193030.2450593126,1900045.4504802772,10
-1192566.9323427852,1900045.4504802772,10
-1192103.6196262576,1900045.4504802772,10
-1191640.3069097302,1900045.4504802772,10
-1191176.9941932026,1900045.4504802772,10
-1190713.6814766752,1900045.4504802772,10
-1190250.3687601476,1900045.4504802772,10
-1189787.0560436202,1900045.4504802772,10
-1189323.7433270926,1900045.4504802772,10
-1188860.430610565,1900045.4504802772,10
-1188397.1178940376,1900045.4504802772,10
-1187933.80517751,1900045.4504802772,10
-1187470.4924609826,1900045.4504802772,10
-1187007.179744455,1900045.4504802772,10
-1186543.8670279277,1900045.4504802772,10
-1186080.5543114,1900045.4504802772,10
-1185617.2415948727,1900045.4504802772,10
-1185153.928878345,1900045.4504802772,10
-1184690.6161618177,1900045.4504802772,10
-1184227.30344529,1900045.4504802772,10
-1183763.9907287627,1900045.4504802772,10
-1183300.678012235,1900045.4504802772,10
-1182837.3652957077,1900045.4504802772,10
-1182374.05257918,1900045.4504802772,10
-1181910.7398626525,1900045.4504802772,10
-1181447.4271461251,1900045.4504802772,10
-1180984.1144295975,1900045.4504802772,10
-1180520.8017130701,1900045.4504802772,10
-1180057.4889965425,1900045.4504802772,10
-1179594.1762800151,1900045.4504802772,10
-1179130.8635634875,1900045.4504802772,10
-1178667.5508469602,1900045.4504802772,10
-1178204.2381304326,1900045.4504802772,10
-1177740.9254139052,1900045.4504802772,10
-1177277.6126973776,1900045.4504802772,10
-1176814.2999808502,1900045.4504802772,10
-1176350.9872643226,1900045.4504802772,10
-1175887.6745477952,1900045.4504802772,10
-1175424.3618312676,1900045.4504802772,10
-1174961.04911474,1900045.4504802772,10
-1174497.7363982126,1900045.4504802772,10
-1174034.4236816852,1900045.4504802772,10
-1173571.1109651576,1900045.4504802772,10
-1173107.79824863,1900045.4504802772,10
-1172644.4855321026,1900045.4504802772,10
-1172181.172815575,1900045.4504802772,10
-1171717.8600990477,1900045.4504802772,10
-1171254.54738252,1900045.4504802772,10
-1170791.2346659927,1900045.4504802772,10
-1170327.921949465,1900045.4504802772,10
-1169864.6092329377,1900045.4504802772,10
-1169401.29651641,1900045.4504802772,10
-1168937.9837998827,1900045.4504802772,10
-1168474.671083355,1900045.4504802772,10
-1168011.3583668275,1900045.4504802772,10
-1167548.0456503,1900045.4504802772,10
-1167084.7329337727,1900045.4504802772,10
-1338047.1253324202,1899582.1377637498,10
-1337583.8126158926,1899582.1377637498,16
-1337120.499899365,1899582.1377637498,16
-1336657.1871828376,1899582.1377637498,16
-1336193.87446631,1899582.1377637498,16
-1335730.5617497826,1899582.1377637498,16
-1335267.249033255,1899582.1377637498,16
-1334803.9363167277,1899582.1377637498,16
-1334340.6236002,1899582.1377637498,16
-1333877.3108836727,1899582.1377637498,16
-1333413.998167145,1899582.1377637498,10
-1332950.6854506177,1899582.1377637498,10
-1332487.37273409,1899582.1377637498,10
-1332024.0600175627,1899582.1377637498,16
-1331560.747301035,1899582.1377637498,16
-1331097.4345845077,1899582.1377637498,16
-1330634.12186798,1899582.1377637498,16
-1330170.8091514525,1899582.1377637498,16
-1329707.4964349251,1899582.1377637498,16
-1329244.1837183975,1899582.1377637498,16
-1328780.8710018701,1899582.1377637498,16
-1328317.5582853425,1899582.1377637498,16
-1327854.2455688152,1899582.1377637498,16
-1327390.9328522875,1899582.1377637498,16
-1326927.6201357602,1899582.1377637498,16
-1326464.3074192326,1899582.1377637498,16
-1326000.9947027052,1899582.1377637498,16
-1325537.6819861776,1899582.1377637498,16
-1325074.3692696502,1899582.1377637498,16
-1324611.0565531226,1899582.1377637498,16
-1324147.7438365952,1899582.1377637498,16
-1323684.4311200676,1899582.1377637498,16
-1323221.11840354,1899582.1377637498,16
-1322757.8056870126,1899582.1377637498,16
-1322294.492970485,1899582.1377637498,16
-1321831.1802539576,1899582.1377637498,16
-1321367.86753743,1899582.1377637498,10
-1320904.5548209026,1899582.1377637498,16
-1320441.242104375,1899582.1377637498,16
-1319977.9293878477,1899582.1377637498,16
-1319514.61667132,1899582.1377637498,16
-1319051.3039547927,1899582.1377637498,16
-1318587.991238265,1899582.1377637498,16
-1318124.6785217377,1899582.1377637498,16
-1317661.36580521,1899582.1377637498,10
-1317198.0530886827,1899582.1377637498,10
-1316734.740372155,1899582.1377637498,10
-1316271.4276556277,1899582.1377637498,10
-1315808.1149391,1899582.1377637498,10
-1315344.8022225727,1899582.1377637498,10
-1314881.4895060451,1899582.1377637498,10
-1314418.1767895175,1899582.1377637498,10
-1313954.8640729901,1899582.1377637498,16
-1313491.5513564625,1899582.1377637498,16
-1313028.2386399352,1899582.1377637498,10
-1312564.9259234075,1899582.1377637498,10
-1312101.6132068802,1899582.1377637498,10
-1311638.3004903526,1899582.1377637498,16
-1311174.9877738252,1899582.1377637498,16
-1310711.6750572976,1899582.1377637498,16
-1310248.3623407702,1899582.1377637498,16
-1309785.0496242426,1899582.1377637498,16
-1309321.7369077152,1899582.1377637498,16
-1308858.4241911876,1899582.1377637498,16
-1308395.1114746602,1899582.1377637498,16
-1307931.7987581326,1899582.1377637498,16
-1307468.486041605,1899582.1377637498,16
-1307005.1733250776,1899582.1377637498,16
-1306541.86060855,1899582.1377637498,16
-1306078.5478920226,1899582.1377637498,16
-1305615.235175495,1899582.1377637498,16
-1305151.9224589677,1899582.1377637498,16
-1304688.60974244,1899582.1377637498,16
-1304225.2970259127,1899582.1377637498,16
-1303761.984309385,1899582.1377637498,10
-1303298.6715928577,1899582.1377637498,10
-1302835.35887633,1899582.1377637498,10
-1302372.0461598027,1899582.1377637498,10
-1301908.733443275,1899582.1377637498,10
-1301445.4207267477,1899582.1377637498,10
-1300982.10801022,1899582.1377637498,10
-1300518.7952936925,1899582.1377637498,10
-1300055.4825771651,1899582.1377637498,10
-1299592.1698606375,1899582.1377637498,10
-1299128.8571441101,1899582.1377637498,16
-1298665.5444275825,1899582.1377637498,16
-1298202.2317110552,1899582.1377637498,16
-1297738.9189945275,1899582.1377637498,16
-1297275.6062780002,1899582.1377637498,16
-1296812.2935614726,1899582.1377637498,16
-1296348.9808449452,1899582.1377637498,16
-1295885.6681284176,1899582.1377637498,16
-1295422.3554118902,1899582.1377637498,16
-1294959.0426953626,1899582.1377637498,16
-1294495.7299788352,1899582.1377637498,16
-1294032.4172623076,1899582.1377637498,16
-1293569.10454578,1899582.1377637498,16
-1293105.7918292526,1899582.1377637498,16
-1292642.479112725,1899582.1377637498,16
-1292179.1663961976,1899582.1377637498,16
-1291715.85367967,1899582.1377637498,16
-1291252.5409631426,1899582.1377637498,16
-1290789.228246615,1899582.1377637498,16
-1290325.9155300877,1899582.1377637498,16
-1289862.60281356,1899582.1377637498,16
-1289399.2900970327,1899582.1377637498,16
-1288935.977380505,1899582.1377637498,16
-1288472.6646639777,1899582.1377637498,16
-1288009.35194745,1899582.1377637498,16
-1287546.0392309227,1899582.1377637498,10
-1287082.726514395,1899582.1377637498,16
-1286619.4137978677,1899582.1377637498,10
-1286156.10108134,1899582.1377637498,10
-1285692.7883648127,1899582.1377637498,10
-1285229.4756482851,1899582.1377637498,10
-1284766.1629317575,1899582.1377637498,10
-1284302.8502152301,1899582.1377637498,10
-1283839.5374987025,1899582.1377637498,10
-1283376.2247821752,1899582.1377637498,16
-1282912.9120656475,1899582.1377637498,16
-1282449.5993491202,1899582.1377637498,10
-1281986.2866325926,1899582.1377637498,10
-1281522.9739160652,1899582.1377637498,10
-1281059.6611995376,1899582.1377637498,10
-1280596.3484830102,1899582.1377637498,16
-1280133.0357664826,1899582.1377637498,16
-1279669.7230499552,1899582.1377637498,16
-1279206.4103334276,1899582.1377637498,16
-1278743.0976169002,1899582.1377637498,16
-1278279.7849003726,1899582.1377637498,16
-1277816.472183845,1899582.1377637498,10
-1277353.1594673176,1899582.1377637498,10
-1276889.84675079,1899582.1377637498,10
-1276426.5340342626,1899582.1377637498,16
-1275963.221317735,1899582.1377637498,10
-1275499.9086012077,1899582.1377637498,10
-1275036.59588468,1899582.1377637498,10
-1274573.2831681527,1899582.1377637498,10
-1274109.970451625,1899582.1377637498,10
-1273646.6577350977,1899582.1377637498,10
-1273183.34501857,1899582.1377637498,10
-1272720.0323020427,1899582.1377637498,10
-1272256.719585515,1899582.1377637498,10
-1271793.4068689877,1899582.1377637498,10
-1271330.09415246,1899582.1377637498,10
-1270866.7814359325,1899582.1377637498,10
-1270403.4687194051,1899582.1377637498,10
-1269940.1560028775,1899582.1377637498,10
-1269476.8432863501,1899582.1377637498,10
-1269013.5305698225,1899582.1377637498,10
-1268550.2178532952,1899582.1377637498,10
-1268086.9051367675,1899582.1377637498,10
-1266233.6542706576,1899582.1377637498,10
-1265770.3415541302,1899582.1377637498,10
-1265307.0288376026,1899582.1377637498,7
-1264843.7161210752,1899582.1377637498,10
-1264380.4034045476,1899582.1377637498,10
-1263917.09068802,1899582.1377637498,7
-1263453.7779714926,1899582.1377637498,7
-1262990.465254965,1899582.1377637498,7
-1262527.1525384376,1899582.1377637498,7
-1262063.83982191,1899582.1377637498,10
-1261600.5271053826,1899582.1377637498,10
-1261137.214388855,1899582.1377637498,10
-1260673.9016723277,1899582.1377637498,7
-1260210.5889558,1899582.1377637498,10
-1259747.2762392727,1899582.1377637498,16
-1259283.963522745,1899582.1377637498,16
-1258820.6508062177,1899582.1377637498,16
-1258357.33808969,1899582.1377637498,16
-1257894.0253731627,1899582.1377637498,16
-1257430.712656635,1899582.1377637498,16
-1256967.3999401077,1899582.1377637498,10
-1256504.08722358,1899582.1377637498,10
-1256040.7745070527,1899582.1377637498,10
-1255577.4617905251,1899582.1377637498,10
-1255114.1490739975,1899582.1377637498,10
-1254650.8363574701,1899582.1377637498,10
-1254187.5236409425,1899582.1377637498,10
-1253724.2109244152,1899582.1377637498,10
-1253260.8982078875,1899582.1377637498,10
-1252797.5854913602,1899582.1377637498,10
-1252334.2727748326,1899582.1377637498,10
-1251870.9600583052,1899582.1377637498,10
-1251407.6473417776,1899582.1377637498,10
-1250944.3346252502,1899582.1377637498,10
-1250481.0219087226,1899582.1377637498,10
-1250017.7091921952,1899582.1377637498,10
-1249554.3964756676,1899582.1377637498,10
-1249091.0837591402,1899582.1377637498,10
-1248627.7710426126,1899582.1377637498,10
-1248164.458326085,1899582.1377637498,10
-1247701.1456095576,1899582.1377637498,10
-1247237.83289303,1899582.1377637498,10
-1246774.5201765026,1899582.1377637498,10
-1246311.207459975,1899582.1377637498,10
-1245847.8947434477,1899582.1377637498,16
-1245384.58202692,1899582.1377637498,16
-1244921.2693103927,1899582.1377637498,16
-1244457.956593865,1899582.1377637498,10
-1243994.6438773377,1899582.1377637498,10
-1243531.33116081,1899582.1377637498,10
-1243068.0184442827,1899582.1377637498,10
-1242604.705727755,1899582.1377637498,10
-1242141.3930112277,1899582.1377637498,10
-1241678.0802947,1899582.1377637498,10
-1241214.7675781725,1899582.1377637498,10
-1240751.4548616451,1899582.1377637498,10
-1240288.1421451175,1899582.1377637498,10
-1239824.8294285901,1899582.1377637498,10
-1239361.5167120625,1899582.1377637498,10
-1238898.2039955352,1899582.1377637498,10
-1238434.8912790075,1899582.1377637498,10
-1237971.5785624802,1899582.1377637498,10
-1237508.2658459526,1899582.1377637498,10
-1237044.9531294252,1899582.1377637498,10
-1236581.6404128976,1899582.1377637498,10
-1236118.3276963702,1899582.1377637498,10
-1235655.0149798426,1899582.1377637498,10
-1235191.7022633152,1899582.1377637498,10
-1234728.3895467876,1899582.1377637498,10
-1234265.07683026,1899582.1377637498,10
-1233801.7641137326,1899582.1377637498,10
-1233338.4513972052,1899582.1377637498,16
-1232875.1386806776,1899582.1377637498,10
-1232411.82596415,1899582.1377637498,10
-1231948.5132476226,1899582.1377637498,10
-1231485.200531095,1899582.1377637498,10
-1231021.8878145677,1899582.1377637498,16
-1230558.57509804,1899582.1377637498,16
-1230095.2623815127,1899582.1377637498,10
-1229631.949664985,1899582.1377637498,10
-1229168.6369484577,1899582.1377637498,10
-1228705.32423193,1899582.1377637498,10
-1228242.0115154027,1899582.1377637498,10
-1227778.698798875,1899582.1377637498,10
-1227315.3860823475,1899582.1377637498,10
-1226852.07336582,1899582.1377637498,10
-1226388.7606492927,1899582.1377637498,10
-1225925.4479327651,1899582.1377637498,10
-1225462.1352162375,1899582.1377637498,10
-1224998.8224997101,1899582.1377637498,10
-1224535.5097831825,1899582.1377637498,10
-1224072.1970666551,1899582.1377637498,10
-1223608.8843501275,1899582.1377637498,10
-1223145.5716336002,1899582.1377637498,10
-1222682.2589170726,1899582.1377637498,10
-1222218.9462005452,1899582.1377637498,10
-1221755.6334840176,1899582.1377637498,10
-1221292.3207674902,1899582.1377637498,10
-1220829.0080509626,1899582.1377637498,10
-1220365.6953344352,1899582.1377637498,10
-1219902.3826179076,1899582.1377637498,10
-1219439.0699013802,1899582.1377637498,10
-1218975.7571848526,1899582.1377637498,10
-1218512.444468325,1899582.1377637498,10
-1218049.1317517976,1899582.1377637498,10
-1217585.81903527,1899582.1377637498,10
-1217122.5063187426,1899582.1377637498,10
-1216659.193602215,1899582.1377637498,10
-1216195.8808856877,1899582.1377637498,10
-1215732.56816916,1899582.1377637498,10
-1215269.2554526327,1899582.1377637498,10
-1214805.942736105,1899582.1377637498,10
-1214342.6300195777,1899582.1377637498,10
-1213879.31730305,1899582.1377637498,10
-1213416.0045865227,1899582.1377637498,10
-1212952.691869995,1899582.1377637498,10
-1212489.3791534677,1899582.1377637498,10
-1212026.06643694,1899582.1377637498,10
-1211562.7537204125,1899582.1377637498,10
-1211099.4410038851,1899582.1377637498,10
-1210636.1282873575,1899582.1377637498,10
-1210172.8155708301,1899582.1377637498,10
-1209709.5028543025,1899582.1377637498,10
-1209246.1901377751,1899582.1377637498,10
-1208782.8774212475,1899582.1377637498,10
-1208319.5647047202,1899582.1377637498,10
-1207856.2519881926,1899582.1377637498,10
-1207392.9392716652,1899582.1377637498,10
-1206929.6265551376,1899582.1377637498,10
-1206466.3138386102,1899582.1377637498,10
-1206003.0011220826,1899582.1377637498,10
-1205539.6884055552,1899582.1377637498,10
-1205076.3756890276,1899582.1377637498,16
-1204613.0629725,1899582.1377637498,10
-1204149.7502559726,1899582.1377637498,10
-1203686.4375394452,1899582.1377637498,10
-1203223.1248229176,1899582.1377637498,10
-1202759.81210639,1899582.1377637498,16
-1202296.4993898626,1899582.1377637498,16
-1201833.186673335,1899582.1377637498,16
-1201369.8739568077,1899582.1377637498,10
-1200906.56124028,1899582.1377637498,10
-1200443.2485237527,1899582.1377637498,16
-1199979.935807225,1899582.1377637498,10
-1199516.6230906977,1899582.1377637498,10
-1199053.31037417,1899582.1377637498,10
-1198589.9976576427,1899582.1377637498,10
-1198126.684941115,1899582.1377637498,10
-1197663.3722245875,1899582.1377637498,10
-1197200.05950806,1899582.1377637498,10
-1196736.7467915327,1899582.1377637498,10
-1196273.4340750051,1899582.1377637498,10
-1195810.1213584775,1899582.1377637498,10
-1195346.8086419501,1899582.1377637498,10
-1194883.4959254225,1899582.1377637498,10
-1194420.1832088951,1899582.1377637498,10
-1193956.8704923675,1899582.1377637498,10
-1193493.5577758402,1899582.1377637498,10
-1193030.2450593126,1899582.1377637498,10
-1192566.9323427852,1899582.1377637498,10
-1192103.6196262576,1899582.1377637498,10
-1191640.3069097302,1899582.1377637498,10
-1191176.9941932026,1899582.1377637498,10
-1190713.6814766752,1899582.1377637498,10
-1190250.3687601476,1899582.1377637498,10
-1189787.0560436202,1899582.1377637498,10
-1189323.7433270926,1899582.1377637498,10
-1188860.430610565,1899582.1377637498,10
-1188397.1178940376,1899582.1377637498,10
-1187933.80517751,1899582.1377637498,10
-1187470.4924609826,1899582.1377637498,10
-1187007.179744455,1899582.1377637498,10
-1186543.8670279277,1899582.1377637498,10
-1186080.5543114,1899582.1377637498,10
-1185617.2415948727,1899582.1377637498,10
-1185153.928878345,1899582.1377637498,10
-1184690.6161618177,1899582.1377637498,10
-1184227.30344529,1899582.1377637498,10
-1183763.9907287627,1899582.1377637498,10
-1183300.678012235,1899582.1377637498,10
-1182837.3652957077,1899582.1377637498,10
-1182374.05257918,1899582.1377637498,10
-1181910.7398626525,1899582.1377637498,10
-1181447.4271461251,1899582.1377637498,10
-1180984.1144295975,1899582.1377637498,10
-1180520.8017130701,1899582.1377637498,10
-1180057.4889965425,1899582.1377637498,10
-1179594.1762800151,1899582.1377637498,10
-1179130.8635634875,1899582.1377637498,10
-1178667.5508469602,1899582.1377637498,10
-1178204.2381304326,1899582.1377637498,10
-1177740.9254139052,1899582.1377637498,10
-1177277.6126973776,1899582.1377637498,10
-1176814.2999808502,1899582.1377637498,10
-1176350.9872643226,1899582.1377637498,10
-1175887.6745477952,1899582.1377637498,10
-1175424.3618312676,1899582.1377637498,10
-1174961.04911474,1899582.1377637498,10
-1174497.7363982126,1899582.1377637498,10
-1174034.4236816852,1899582.1377637498,10
-1173571.1109651576,1899582.1377637498,10
-1173107.79824863,1899582.1377637498,10
-1172644.4855321026,1899582.1377637498,10
-1172181.172815575,1899582.1377637498,10
-1171717.8600990477,1899582.1377637498,10
-1171254.54738252,1899582.1377637498,10
-1170791.2346659927,1899582.1377637498,10
-1170327.921949465,1899582.1377637498,10
-1169864.6092329377,1899582.1377637498,10
-1169401.29651641,1899582.1377637498,10
-1168937.9837998827,1899582.1377637498,10
-1168474.671083355,1899582.1377637498,10
-1168011.3583668275,1899582.1377637498,10
-1167548.0456503,1899582.1377637498,10
-1167084.7329337727,1899582.1377637498,10
-1338510.4380489476,1899118.8250472222,10
-1338047.1253324202,1899118.8250472222,10
-1337583.8126158926,1899118.8250472222,10
-1337120.499899365,1899118.8250472222,16
-1336657.1871828376,1899118.8250472222,16
-1336193.87446631,1899118.8250472222,16
-1335730.5617497826,1899118.8250472222,16
-1335267.249033255,1899118.8250472222,16
-1334803.9363167277,1899118.8250472222,16
-1334340.6236002,1899118.8250472222,16
-1333877.3108836727,1899118.8250472222,16
-1333413.998167145,1899118.8250472222,10
-1332950.6854506177,1899118.8250472222,10
-1332487.37273409,1899118.8250472222,10
-1332024.0600175627,1899118.8250472222,16
-1331560.747301035,1899118.8250472222,16
-1331097.4345845077,1899118.8250472222,16
-1330634.12186798,1899118.8250472222,16
-1330170.8091514525,1899118.8250472222,16
-1329707.4964349251,1899118.8250472222,16
-1329244.1837183975,1899118.8250472222,16
-1328780.8710018701,1899118.8250472222,16
-1328317.5582853425,1899118.8250472222,16
-1327854.2455688152,1899118.8250472222,16
-1327390.9328522875,1899118.8250472222,16
-1326927.6201357602,1899118.8250472222,16
-1326464.3074192326,1899118.8250472222,16
-1326000.9947027052,1899118.8250472222,16
-1325537.6819861776,1899118.8250472222,16
-1325074.3692696502,1899118.8250472222,16
-1324611.0565531226,1899118.8250472222,16
-1324147.7438365952,1899118.8250472222,16
-1323684.4311200676,1899118.8250472222,16
-1323221.11840354,1899118.8250472222,16
-1322757.8056870126,1899118.8250472222,16
-1322294.492970485,1899118.8250472222,16
-1321831.1802539576,1899118.8250472222,16
-1321367.86753743,1899118.8250472222,10
-1320904.5548209026,1899118.8250472222,16
-1320441.242104375,1899118.8250472222,16
-1319977.9293878477,1899118.8250472222,16
-1319514.61667132,1899118.8250472222,16
-1319051.3039547927,1899118.8250472222,16
-1318587.991238265,1899118.8250472222,16
-1318124.6785217377,1899118.8250472222,16
-1317661.36580521,1899118.8250472222,16
-1317198.0530886827,1899118.8250472222,16
-1316734.740372155,1899118.8250472222,10
-1316271.4276556277,1899118.8250472222,10
-1315808.1149391,1899118.8250472222,16
-1315344.8022225727,1899118.8250472222,16
-1314881.4895060451,1899118.8250472222,10
-1314418.1767895175,1899118.8250472222,10
-1313954.8640729901,1899118.8250472222,16
-1313491.5513564625,1899118.8250472222,16
-1313028.2386399352,1899118.8250472222,16
-1312564.9259234075,1899118.8250472222,10
-1312101.6132068802,1899118.8250472222,10
-1311638.3004903526,1899118.8250472222,16
-1311174.9877738252,1899118.8250472222,16
-1310711.6750572976,1899118.8250472222,16
-1310248.3623407702,1899118.8250472222,16
-1309785.0496242426,1899118.8250472222,16
-1309321.7369077152,1899118.8250472222,16
-1308858.4241911876,1899118.8250472222,16
-1308395.1114746602,1899118.8250472222,16
-1307931.7987581326,1899118.8250472222,16
-1307468.486041605,1899118.8250472222,16
-1307005.1733250776,1899118.8250472222,16
-1306541.86060855,1899118.8250472222,16
-1306078.5478920226,1899118.8250472222,16
-1305615.235175495,1899118.8250472222,16
-1305151.9224589677,1899118.8250472222,16
-1304688.60974244,1899118.8250472222,16
-1304225.2970259127,1899118.8250472222,16
-1303761.984309385,1899118.8250472222,16
-1303298.6715928577,1899118.8250472222,10
-1302835.35887633,1899118.8250472222,10
-1302372.0461598027,1899118.8250472222,16
-1301908.733443275,1899118.8250472222,16
-1301445.4207267477,1899118.8250472222,10
-1300982.10801022,1899118.8250472222,10
-1300518.7952936925,1899118.8250472222,10
-1300055.4825771651,1899118.8250472222,10
-1299592.1698606375,1899118.8250472222,10
-1299128.8571441101,1899118.8250472222,10
-1298665.5444275825,1899118.8250472222,16
-1298202.2317110552,1899118.8250472222,16
-1297738.9189945275,1899118.8250472222,16
-1297275.6062780002,1899118.8250472222,16
-1296812.2935614726,1899118.8250472222,16
-1296348.9808449452,1899118.8250472222,16
-1295885.6681284176,1899118.8250472222,16
-1295422.3554118902,1899118.8250472222,16
-1294959.0426953626,1899118.8250472222,16
-1294495.7299788352,1899118.8250472222,16
-1294032.4172623076,1899118.8250472222,16
-1293569.10454578,1899118.8250472222,10
-1293105.7918292526,1899118.8250472222,10
-1292642.479112725,1899118.8250472222,16
-1292179.1663961976,1899118.8250472222,16
-1291715.85367967,1899118.8250472222,16
-1291252.5409631426,1899118.8250472222,16
-1290789.228246615,1899118.8250472222,16
-1290325.9155300877,1899118.8250472222,16
-1289862.60281356,1899118.8250472222,16
-1289399.2900970327,1899118.8250472222,16
-1288935.977380505,1899118.8250472222,16
-1288472.6646639777,1899118.8250472222,10
-1288009.35194745,1899118.8250472222,10
-1287546.0392309227,1899118.8250472222,10
-1287082.726514395,1899118.8250472222,10
-1286619.4137978677,1899118.8250472222,10
-1286156.10108134,1899118.8250472222,10
-1285692.7883648127,1899118.8250472222,10
-1285229.4756482851,1899118.8250472222,16
-1284766.1629317575,1899118.8250472222,10
-1284302.8502152301,1899118.8250472222,10
-1283839.5374987025,1899118.8250472222,16
-1283376.2247821752,1899118.8250472222,16
-1282912.9120656475,1899118.8250472222,10
-1282449.5993491202,1899118.8250472222,16
-1281986.2866325926,1899118.8250472222,16
-1281522.9739160652,1899118.8250472222,10
-1281059.6611995376,1899118.8250472222,10
-1280596.3484830102,1899118.8250472222,10
-1280133.0357664826,1899118.8250472222,10
-1279669.7230499552,1899118.8250472222,10
-1279206.4103334276,1899118.8250472222,10
-1278743.0976169002,1899118.8250472222,16
-1278279.7849003726,1899118.8250472222,16
-1277816.472183845,1899118.8250472222,16
-1277353.1594673176,1899118.8250472222,16
-1276889.84675079,1899118.8250472222,16
-1276426.5340342626,1899118.8250472222,16
-1275963.221317735,1899118.8250472222,10
-1275499.9086012077,1899118.8250472222,10
-1275036.59588468,1899118.8250472222,10
-1274573.2831681527,1899118.8250472222,10
-1274109.970451625,1899118.8250472222,10
-1273646.6577350977,1899118.8250472222,10
-1273183.34501857,1899118.8250472222,10
-1272720.0323020427,1899118.8250472222,10
-1272256.719585515,1899118.8250472222,10
-1271793.4068689877,1899118.8250472222,10
-1271330.09415246,1899118.8250472222,10
-1270866.7814359325,1899118.8250472222,10
-1270403.4687194051,1899118.8250472222,10
-1269940.1560028775,1899118.8250472222,10
-1269476.8432863501,1899118.8250472222,10
-1269013.5305698225,1899118.8250472222,10
-1268550.2178532952,1899118.8250472222,10
-1268086.9051367675,1899118.8250472222,10
-1267623.5924202402,1899118.8250472222,10
-1267160.2797037126,1899118.8250472222,10
-1266696.9669871852,1899118.8250472222,10
-1266233.6542706576,1899118.8250472222,10
-1265770.3415541302,1899118.8250472222,10
-1265307.0288376026,1899118.8250472222,10
-1264843.7161210752,1899118.8250472222,10
-1264380.4034045476,1899118.8250472222,10
-1263917.09068802,1899118.8250472222,16
-1263453.7779714926,1899118.8250472222,16
-1262990.465254965,1899118.8250472222,16
-1262527.1525384376,1899118.8250472222,16
-1262063.83982191,1899118.8250472222,16
-1261600.5271053826,1899118.8250472222,7
-1261137.214388855,1899118.8250472222,10
-1260673.9016723277,1899118.8250472222,10
-1260210.5889558,1899118.8250472222,7
-1259747.2762392727,1899118.8250472222,10
-1259283.963522745,1899118.8250472222,10
-1258820.6508062177,1899118.8250472222,16
-1258357.33808969,1899118.8250472222,16
-1257894.0253731627,1899118.8250472222,16
-1257430.712656635,1899118.8250472222,16
-1256967.3999401077,1899118.8250472222,10
-1256504.08722358,1899118.8250472222,10
-1256040.7745070527,1899118.8250472222,10
-1255577.4617905251,1899118.8250472222,10
-1255114.1490739975,1899118.8250472222,10
-1254650.8363574701,1899118.8250472222,10
-1254187.5236409425,1899118.8250472222,10
-1253724.2109244152,1899118.8250472222,10
-1253260.8982078875,1899118.8250472222,10
-1252797.5854913602,1899118.8250472222,10
-1252334.2727748326,1899118.8250472222,10
-1251870.9600583052,1899118.8250472222,10
-1251407.6473417776,1899118.8250472222,10
-1250944.3346252502,1899118.8250472222,10
-1250481.0219087226,1899118.8250472222,10
-1250017.7091921952,1899118.8250472222,10
-1249554.3964756676,1899118.8250472222,10
-1249091.0837591402,1899118.8250472222,10
-1248627.7710426126,1899118.8250472222,16
-1248164.458326085,1899118.8250472222,10
-1247701.1456095576,1899118.8250472222,10
-1247237.83289303,1899118.8250472222,10
-1246774.5201765026,1899118.8250472222,10
-1246311.207459975,1899118.8250472222,16
-1245847.8947434477,1899118.8250472222,16
-1245384.58202692,1899118.8250472222,16
-1244921.2693103927,1899118.8250472222,16
-1244457.956593865,1899118.8250472222,10
-1243994.6438773377,1899118.8250472222,10
-1243531.33116081,1899118.8250472222,10
-1243068.0184442827,1899118.8250472222,10
-1242604.705727755,1899118.8250472222,10
-1242141.3930112277,1899118.8250472222,10
-1241678.0802947,1899118.8250472222,10
-1241214.7675781725,1899118.8250472222,10
-1240751.4548616451,1899118.8250472222,10
-1240288.1421451175,1899118.8250472222,10
-1239824.8294285901,1899118.8250472222,10
-1239361.5167120625,1899118.8250472222,10
-1238898.2039955352,1899118.8250472222,10
-1238434.8912790075,1899118.8250472222,10
-1237971.5785624802,1899118.8250472222,10
-1237508.2658459526,1899118.8250472222,10
-1237044.9531294252,1899118.8250472222,10
-1236581.6404128976,1899118.8250472222,10
-1236118.3276963702,1899118.8250472222,10
-1235655.0149798426,1899118.8250472222,10
-1235191.7022633152,1899118.8250472222,16
-1234728.3895467876,1899118.8250472222,16
-1234265.07683026,1899118.8250472222,16
-1233801.7641137326,1899118.8250472222,10
-1233338.4513972052,1899118.8250472222,10
-1232875.1386806776,1899118.8250472222,10
-1232411.82596415,1899118.8250472222,10
-1231948.5132476226,1899118.8250472222,10
-1231485.200531095,1899118.8250472222,10
-1231021.8878145677,1899118.8250472222,10
-1230558.57509804,1899118.8250472222,10
-1230095.2623815127,1899118.8250472222,10
-1229631.949664985,1899118.8250472222,10
-1229168.6369484577,1899118.8250472222,10
-1228705.32423193,1899118.8250472222,10
-1228242.0115154027,1899118.8250472222,10
-1227778.698798875,1899118.8250472222,10
-1227315.3860823475,1899118.8250472222,10
-1226852.07336582,1899118.8250472222,10
-1226388.7606492927,1899118.8250472222,10
-1225925.4479327651,1899118.8250472222,10
-1225462.1352162375,1899118.8250472222,10
-1224998.8224997101,1899118.8250472222,10
-1224535.5097831825,1899118.8250472222,10
-1224072.1970666551,1899118.8250472222,10
-1223608.8843501275,1899118.8250472222,10
-1223145.5716336002,1899118.8250472222,10
-1222682.2589170726,1899118.8250472222,10
-1222218.9462005452,1899118.8250472222,10
-1221755.6334840176,1899118.8250472222,10
-1221292.3207674902,1899118.8250472222,10
-1220829.0080509626,1899118.8250472222,10
-1220365.6953344352,1899118.8250472222,10
-1219902.3826179076,1899118.8250472222,10
-1219439.0699013802,1899118.8250472222,10
-1218975.7571848526,1899118.8250472222,10
-1218512.444468325,1899118.8250472222,10
-1218049.1317517976,1899118.8250472222,10
-1217585.81903527,1899118.8250472222,10
-1217122.5063187426,1899118.8250472222,10
-1216659.193602215,1899118.8250472222,10
-1216195.8808856877,1899118.8250472222,10
-1215732.56816916,1899118.8250472222,10
-1215269.2554526327,1899118.8250472222,10
-1214805.942736105,1899118.8250472222,10
-1214342.6300195777,1899118.8250472222,10
-1213879.31730305,1899118.8250472222,10
-1213416.0045865227,1899118.8250472222,10
-1212952.691869995,1899118.8250472222,10
-1212489.3791534677,1899118.8250472222,10
-1212026.06643694,1899118.8250472222,10
-1211562.7537204125,1899118.8250472222,10
-1211099.4410038851,1899118.8250472222,10
-1210636.1282873575,1899118.8250472222,10
-1210172.8155708301,1899118.8250472222,10
-1209709.5028543025,1899118.8250472222,10
-1209246.1901377751,1899118.8250472222,10
-1208782.8774212475,1899118.8250472222,10
-1208319.5647047202,1899118.8250472222,10
-1207856.2519881926,1899118.8250472222,10
-1207392.9392716652,1899118.8250472222,10
-1206929.6265551376,1899118.8250472222,10
-1206466.3138386102,1899118.8250472222,10
-1206003.0011220826,1899118.8250472222,10
-1205539.6884055552,1899118.8250472222,10
-1205076.3756890276,1899118.8250472222,10
-1204613.0629725,1899118.8250472222,10
-1204149.7502559726,1899118.8250472222,10
-1203686.4375394452,1899118.8250472222,10
-1203223.1248229176,1899118.8250472222,10
-1202759.81210639,1899118.8250472222,16
-1202296.4993898626,1899118.8250472222,16
-1201833.186673335,1899118.8250472222,16
-1201369.8739568077,1899118.8250472222,10
-1200906.56124028,1899118.8250472222,16
-1200443.2485237527,1899118.8250472222,16
-1199979.935807225,1899118.8250472222,10
-1199516.6230906977,1899118.8250472222,10
-1199053.31037417,1899118.8250472222,16
-1198589.9976576427,1899118.8250472222,10
-1198126.684941115,1899118.8250472222,10
-1197663.3722245875,1899118.8250472222,10
-1197200.05950806,1899118.8250472222,10
-1196736.7467915327,1899118.8250472222,10
-1196273.4340750051,1899118.8250472222,10
-1195810.1213584775,1899118.8250472222,10
-1195346.8086419501,1899118.8250472222,10
-1194883.4959254225,1899118.8250472222,10
-1194420.1832088951,1899118.8250472222,10
-1193956.8704923675,1899118.8250472222,10
-1193493.5577758402,1899118.8250472222,10
-1193030.2450593126,1899118.8250472222,10
-1192566.9323427852,1899118.8250472222,10
-1192103.6196262576,1899118.8250472222,10
-1191640.3069097302,1899118.8250472222,10
-1191176.9941932026,1899118.8250472222,10
-1190713.6814766752,1899118.8250472222,10
-1190250.3687601476,1899118.8250472222,10
-1189787.0560436202,1899118.8250472222,10
-1189323.7433270926,1899118.8250472222,10
-1188860.430610565,1899118.8250472222,10
-1188397.1178940376,1899118.8250472222,10
-1187933.80517751,1899118.8250472222,10
-1187470.4924609826,1899118.8250472222,10
-1187007.179744455,1899118.8250472222,10
-1186543.8670279277,1899118.8250472222,10
-1186080.5543114,1899118.8250472222,10
-1185617.2415948727,1899118.8250472222,10
-1185153.928878345,1899118.8250472222,10
-1184690.6161618177,1899118.8250472222,10
-1184227.30344529,1899118.8250472222,10
-1183763.9907287627,1899118.8250472222,10
-1183300.678012235,1899118.8250472222,10
-1182837.3652957077,1899118.8250472222,10
-1182374.05257918,1899118.8250472222,10
-1181910.7398626525,1899118.8250472222,10
-1181447.4271461251,1899118.8250472222,10
-1180984.1144295975,1899118.8250472222,10
-1180520.8017130701,1899118.8250472222,10
-1180057.4889965425,1899118.8250472222,10
-1179594.1762800151,1899118.8250472222,10
-1179130.8635634875,1899118.8250472222,10
-1178667.5508469602,1899118.8250472222,10
-1178204.2381304326,1899118.8250472222,10
-1177740.9254139052,1899118.8250472222,10
-1177277.6126973776,1899118.8250472222,10
-1176814.2999808502,1899118.8250472222,10
-1176350.9872643226,1899118.8250472222,10
-1175887.6745477952,1899118.8250472222,10
-1175424.3618312676,1899118.8250472222,10
-1174961.04911474,1899118.8250472222,10
-1174497.7363982126,1899118.8250472222,10
-1174034.4236816852,1899118.8250472222,10
-1173571.1109651576,1899118.8250472222,10
-1173107.79824863,1899118.8250472222,10
-1172644.4855321026,1899118.8250472222,10
-1172181.172815575,1899118.8250472222,10
-1171717.8600990477,1899118.8250472222,10
-1171254.54738252,1899118.8250472222,10
-1170791.2346659927,1899118.8250472222,10
-1170327.921949465,1899118.8250472222,10
-1169864.6092329377,1899118.8250472222,10
-1169401.29651641,1899118.8250472222,10
-1168937.9837998827,1899118.8250472222,10
-1168474.671083355,1899118.8250472222,10
-1168011.3583668275,1899118.8250472222,10
-1167548.0456503,1899118.8250472222,10
-1167084.7329337727,1899118.8250472222,10
-1339900.3761985302,1898655.5123306946,10
-1339437.0634820026,1898655.5123306946,10
-1338973.7507654752,1898655.5123306946,16
-1338510.4380489476,1898655.5123306946,16
-1338047.1253324202,1898655.5123306946,10
-1337583.8126158926,1898655.5123306946,10
-1337120.499899365,1898655.5123306946,10
-1336657.1871828376,1898655.5123306946,10
-1336193.87446631,1898655.5123306946,16
-1335730.5617497826,1898655.5123306946,16
-1335267.249033255,1898655.5123306946,16
-1334803.9363167277,1898655.5123306946,16
-1334340.6236002,1898655.5123306946,16
-1333877.3108836727,1898655.5123306946,16
-1333413.998167145,1898655.5123306946,16
-1332950.6854506177,1898655.5123306946,10
-1332487.37273409,1898655.5123306946,10
-1332024.0600175627,1898655.5123306946,16
-1331560.747301035,1898655.5123306946,16
-1331097.4345845077,1898655.5123306946,16
-1330634.12186798,1898655.5123306946,16
-1330170.8091514525,1898655.5123306946,16
-1329707.4964349251,1898655.5123306946,16
-1329244.1837183975,1898655.5123306946,16
-1328780.8710018701,1898655.5123306946,16
-1328317.5582853425,1898655.5123306946,16
-1327854.2455688152,1898655.5123306946,16
-1327390.9328522875,1898655.5123306946,16
-1326927.6201357602,1898655.5123306946,16
-1326464.3074192326,1898655.5123306946,16
-1326000.9947027052,1898655.5123306946,16
-1325537.6819861776,1898655.5123306946,16
-1325074.3692696502,1898655.5123306946,16
-1324611.0565531226,1898655.5123306946,16
-1324147.7438365952,1898655.5123306946,16
-1323684.4311200676,1898655.5123306946,16
-1323221.11840354,1898655.5123306946,16
-1322757.8056870126,1898655.5123306946,16
-1322294.492970485,1898655.5123306946,16
-1321831.1802539576,1898655.5123306946,16
-1321367.86753743,1898655.5123306946,10
-1320904.5548209026,1898655.5123306946,16
-1320441.242104375,1898655.5123306946,16
-1319977.9293878477,1898655.5123306946,16
-1319514.61667132,1898655.5123306946,16
-1319051.3039547927,1898655.5123306946,16
-1318587.991238265,1898655.5123306946,16
-1318124.6785217377,1898655.5123306946,16
-1317661.36580521,1898655.5123306946,16
-1317198.0530886827,1898655.5123306946,16
-1316734.740372155,1898655.5123306946,16
-1316271.4276556277,1898655.5123306946,10
-1315808.1149391,1898655.5123306946,10
-1315344.8022225727,1898655.5123306946,16
-1314881.4895060451,1898655.5123306946,10
-1314418.1767895175,1898655.5123306946,10
-1313954.8640729901,1898655.5123306946,10
-1313491.5513564625,1898655.5123306946,16
-1313028.2386399352,1898655.5123306946,16
-1312564.9259234075,1898655.5123306946,16
-1312101.6132068802,1898655.5123306946,10
-1311638.3004903526,1898655.5123306946,16
-1311174.9877738252,1898655.5123306946,16
-1310711.6750572976,1898655.5123306946,16
-1310248.3623407702,1898655.5123306946,16
-1309785.0496242426,1898655.5123306946,16
-1309321.7369077152,1898655.5123306946,16
-1308858.4241911876,1898655.5123306946,16
-1308395.1114746602,1898655.5123306946,16
-1307931.7987581326,1898655.5123306946,16
-1307468.486041605,1898655.5123306946,16
-1307005.1733250776,1898655.5123306946,16
-1306541.86060855,1898655.5123306946,16
-1306078.5478920226,1898655.5123306946,16
-1305615.235175495,1898655.5123306946,16
-1305151.9224589677,1898655.5123306946,16
-1304688.60974244,1898655.5123306946,16
-1304225.2970259127,1898655.5123306946,16
-1303761.984309385,1898655.5123306946,16
-1303298.6715928577,1898655.5123306946,16
-1302835.35887633,1898655.5123306946,16
-1302372.0461598027,1898655.5123306946,10
-1301908.733443275,1898655.5123306946,10
-1301445.4207267477,1898655.5123306946,16
-1300982.10801022,1898655.5123306946,7
-1300518.7952936925,1898655.5123306946,7
-1300055.4825771651,1898655.5123306946,10
-1299592.1698606375,1898655.5123306946,10
-1299128.8571441101,1898655.5123306946,10
-1298665.5444275825,1898655.5123306946,10
-1298202.2317110552,1898655.5123306946,10
-1297738.9189945275,1898655.5123306946,16
-1297275.6062780002,1898655.5123306946,16
-1296812.2935614726,1898655.5123306946,16
-1296348.9808449452,1898655.5123306946,16
-1295885.6681284176,1898655.5123306946,16
-1295422.3554118902,1898655.5123306946,16
-1294959.0426953626,1898655.5123306946,16
-1294495.7299788352,1898655.5123306946,16
-1294032.4172623076,1898655.5123306946,16
-1293569.10454578,1898655.5123306946,10
-1293105.7918292526,1898655.5123306946,10
-1292642.479112725,1898655.5123306946,10
-1292179.1663961976,1898655.5123306946,16
-1291715.85367967,1898655.5123306946,16
-1291252.5409631426,1898655.5123306946,16
-1290789.228246615,1898655.5123306946,16
-1290325.9155300877,1898655.5123306946,10
-1289862.60281356,1898655.5123306946,10
-1289399.2900970327,1898655.5123306946,10
-1288935.977380505,1898655.5123306946,10
-1288472.6646639777,1898655.5123306946,10
-1288009.35194745,1898655.5123306946,10
-1287546.0392309227,1898655.5123306946,10
-1287082.726514395,1898655.5123306946,10
-1286619.4137978677,1898655.5123306946,10
-1286156.10108134,1898655.5123306946,10
-1285692.7883648127,1898655.5123306946,16
-1285229.4756482851,1898655.5123306946,10
-1284766.1629317575,1898655.5123306946,10
-1284302.8502152301,1898655.5123306946,10
-1283839.5374987025,1898655.5123306946,10
-1283376.2247821752,1898655.5123306946,10
-1282912.9120656475,1898655.5123306946,10
-1282449.5993491202,1898655.5123306946,10
-1281986.2866325926,1898655.5123306946,10
-1281522.9739160652,1898655.5123306946,16
-1281059.6611995376,1898655.5123306946,16
-1280596.3484830102,1898655.5123306946,10
-1280133.0357664826,1898655.5123306946,10
-1279669.7230499552,1898655.5123306946,10
-1279206.4103334276,1898655.5123306946,10
-1278743.0976169002,1898655.5123306946,16
-1278279.7849003726,1898655.5123306946,16
-1277816.472183845,1898655.5123306946,16
-1277353.1594673176,1898655.5123306946,16
-1276889.84675079,1898655.5123306946,16
-1276426.5340342626,1898655.5123306946,16
-1275963.221317735,1898655.5123306946,10
-1275499.9086012077,1898655.5123306946,10
-1275036.59588468,1898655.5123306946,10
-1274573.2831681527,1898655.5123306946,10
-1274109.970451625,1898655.5123306946,10
-1273646.6577350977,1898655.5123306946,10
-1273183.34501857,1898655.5123306946,10
-1272720.0323020427,1898655.5123306946,10
-1272256.719585515,1898655.5123306946,10
-1271793.4068689877,1898655.5123306946,10
-1271330.09415246,1898655.5123306946,10
-1270866.7814359325,1898655.5123306946,10
-1270403.4687194051,1898655.5123306946,10
-1269940.1560028775,1898655.5123306946,10
-1269476.8432863501,1898655.5123306946,10
-1269013.5305698225,1898655.5123306946,10
-1268550.2178532952,1898655.5123306946,10
-1268086.9051367675,1898655.5123306946,10
-1267623.5924202402,1898655.5123306946,10
-1267160.2797037126,1898655.5123306946,10
-1266696.9669871852,1898655.5123306946,10
-1266233.6542706576,1898655.5123306946,10
-1265770.3415541302,1898655.5123306946,16
-1265307.0288376026,1898655.5123306946,10
-1264843.7161210752,1898655.5123306946,10
-1264380.4034045476,1898655.5123306946,10
-1263917.09068802,1898655.5123306946,16
-1263453.7779714926,1898655.5123306946,16
-1262990.465254965,1898655.5123306946,16
-1262527.1525384376,1898655.5123306946,16
-1262063.83982191,1898655.5123306946,16
-1261600.5271053826,1898655.5123306946,16
-1261137.214388855,1898655.5123306946,10
-1260673.9016723277,1898655.5123306946,10
-1260210.5889558,1898655.5123306946,10
-1259747.2762392727,1898655.5123306946,10
-1259283.963522745,1898655.5123306946,10
-1258820.6508062177,1898655.5123306946,10
-1258357.33808969,1898655.5123306946,10
-1257894.0253731627,1898655.5123306946,10
-1257430.712656635,1898655.5123306946,10
-1256967.3999401077,1898655.5123306946,10
-1256504.08722358,1898655.5123306946,10
-1256040.7745070527,1898655.5123306946,10
-1255577.4617905251,1898655.5123306946,10
-1255114.1490739975,1898655.5123306946,10
-1254650.8363574701,1898655.5123306946,10
-1254187.5236409425,1898655.5123306946,10
-1253724.2109244152,1898655.5123306946,10
-1253260.8982078875,1898655.5123306946,10
-1252797.5854913602,1898655.5123306946,10
-1252334.2727748326,1898655.5123306946,10
-1251870.9600583052,1898655.5123306946,10
-1251407.6473417776,1898655.5123306946,10
-1250944.3346252502,1898655.5123306946,10
-1250481.0219087226,1898655.5123306946,10
-1250017.7091921952,1898655.5123306946,10
-1249554.3964756676,1898655.5123306946,10
-1249091.0837591402,1898655.5123306946,10
-1248627.7710426126,1898655.5123306946,16
-1248164.458326085,1898655.5123306946,16
-1247701.1456095576,1898655.5123306946,10
-1247237.83289303,1898655.5123306946,10
-1246774.5201765026,1898655.5123306946,10
-1246311.207459975,1898655.5123306946,16
-1245847.8947434477,1898655.5123306946,16
-1245384.58202692,1898655.5123306946,16
-1244921.2693103927,1898655.5123306946,16
-1244457.956593865,1898655.5123306946,10
-1243994.6438773377,1898655.5123306946,10
-1243531.33116081,1898655.5123306946,10
-1243068.0184442827,1898655.5123306946,10
-1242604.705727755,1898655.5123306946,10
-1242141.3930112277,1898655.5123306946,10
-1241678.0802947,1898655.5123306946,10
-1241214.7675781725,1898655.5123306946,10
-1240751.4548616451,1898655.5123306946,10
-1240288.1421451175,1898655.5123306946,10
-1239824.8294285901,1898655.5123306946,10
-1239361.5167120625,1898655.5123306946,10
-1238898.2039955352,1898655.5123306946,10
-1238434.8912790075,1898655.5123306946,10
-1237971.5785624802,1898655.5123306946,10
-1237508.2658459526,1898655.5123306946,10
-1237044.9531294252,1898655.5123306946,10
-1236581.6404128976,1898655.5123306946,10
-1236118.3276963702,1898655.5123306946,10
-1235655.0149798426,1898655.5123306946,10
-1235191.7022633152,1898655.5123306946,10
-1234728.3895467876,1898655.5123306946,16
-1234265.07683026,1898655.5123306946,10
-1233801.7641137326,1898655.5123306946,10
-1233338.4513972052,1898655.5123306946,10
-1232875.1386806776,1898655.5123306946,10
-1232411.82596415,1898655.5123306946,10
-1231948.5132476226,1898655.5123306946,10
-1231485.200531095,1898655.5123306946,10
-1231021.8878145677,1898655.5123306946,10
-1230558.57509804,1898655.5123306946,10
-1230095.2623815127,1898655.5123306946,10
-1229631.949664985,1898655.5123306946,10
-1229168.6369484577,1898655.5123306946,10
-1228705.32423193,1898655.5123306946,10
-1228242.0115154027,1898655.5123306946,10
-1227778.698798875,1898655.5123306946,10
-1227315.3860823475,1898655.5123306946,10
-1226852.07336582,1898655.5123306946,10
-1226388.7606492927,1898655.5123306946,10
-1225925.4479327651,1898655.5123306946,10
-1225462.1352162375,1898655.5123306946,10
-1224998.8224997101,1898655.5123306946,10
-1224535.5097831825,1898655.5123306946,10
-1224072.1970666551,1898655.5123306946,10
-1223608.8843501275,1898655.5123306946,10
-1223145.5716336002,1898655.5123306946,10
-1222682.2589170726,1898655.5123306946,10
-1222218.9462005452,1898655.5123306946,10
-1221755.6334840176,1898655.5123306946,10
-1221292.3207674902,1898655.5123306946,10
-1220829.0080509626,1898655.5123306946,10
-1220365.6953344352,1898655.5123306946,10
-1219902.3826179076,1898655.5123306946,10
-1219439.0699013802,1898655.5123306946,10
-1218975.7571848526,1898655.5123306946,10
-1218512.444468325,1898655.5123306946,10
-1218049.1317517976,1898655.5123306946,10
-1217585.81903527,1898655.5123306946,10
-1217122.5063187426,1898655.5123306946,10
-1216659.193602215,1898655.5123306946,10
-1216195.8808856877,1898655.5123306946,16
-1215732.56816916,1898655.5123306946,10
-1215269.2554526327,1898655.5123306946,10
-1214805.942736105,1898655.5123306946,10
-1214342.6300195777,1898655.5123306946,10
-1213879.31730305,1898655.5123306946,10
-1213416.0045865227,1898655.5123306946,10
-1212952.691869995,1898655.5123306946,10
-1212489.3791534677,1898655.5123306946,10
-1212026.06643694,1898655.5123306946,10
-1211562.7537204125,1898655.5123306946,10
-1211099.4410038851,1898655.5123306946,10
-1210636.1282873575,1898655.5123306946,10
-1210172.8155708301,1898655.5123306946,10
-1209709.5028543025,1898655.5123306946,10
-1209246.1901377751,1898655.5123306946,10
-1208782.8774212475,1898655.5123306946,10
-1208319.5647047202,1898655.5123306946,10
-1207856.2519881926,1898655.5123306946,10
-1207392.9392716652,1898655.5123306946,10
-1206929.6265551376,1898655.5123306946,10
-1206466.3138386102,1898655.5123306946,10
-1206003.0011220826,1898655.5123306946,10
-1205539.6884055552,1898655.5123306946,10
-1205076.3756890276,1898655.5123306946,10
-1204613.0629725,1898655.5123306946,10
-1204149.7502559726,1898655.5123306946,10
-1203686.4375394452,1898655.5123306946,10
-1203223.1248229176,1898655.5123306946,10
-1202759.81210639,1898655.5123306946,10
-1202296.4993898626,1898655.5123306946,10
-1201833.186673335,1898655.5123306946,10
-1201369.8739568077,1898655.5123306946,16
-1200906.56124028,1898655.5123306946,16
-1200443.2485237527,1898655.5123306946,16
-1199979.935807225,1898655.5123306946,10
-1199516.6230906977,1898655.5123306946,10
-1199053.31037417,1898655.5123306946,10
-1198589.9976576427,1898655.5123306946,10
-1198126.684941115,1898655.5123306946,10
-1197663.3722245875,1898655.5123306946,10
-1197200.05950806,1898655.5123306946,10
-1196736.7467915327,1898655.5123306946,10
-1196273.4340750051,1898655.5123306946,10
-1195810.1213584775,1898655.5123306946,10
-1195346.8086419501,1898655.5123306946,10
-1194883.4959254225,1898655.5123306946,10
-1194420.1832088951,1898655.5123306946,10
-1193956.8704923675,1898655.5123306946,10
-1193493.5577758402,1898655.5123306946,10
-1193030.2450593126,1898655.5123306946,10
-1192566.9323427852,1898655.5123306946,10
-1192103.6196262576,1898655.5123306946,10
-1191640.3069097302,1898655.5123306946,10
-1191176.9941932026,1898655.5123306946,10
-1190713.6814766752,1898655.5123306946,10
-1190250.3687601476,1898655.5123306946,10
-1189787.0560436202,1898655.5123306946,10
-1189323.7433270926,1898655.5123306946,10
-1188860.430610565,1898655.5123306946,10
-1188397.1178940376,1898655.5123306946,10
-1187933.80517751,1898655.5123306946,10
-1187470.4924609826,1898655.5123306946,10
-1187007.179744455,1898655.5123306946,10
-1186543.8670279277,1898655.5123306946,10
-1186080.5543114,1898655.5123306946,10
-1185617.2415948727,1898655.5123306946,10
-1185153.928878345,1898655.5123306946,10
-1184690.6161618177,1898655.5123306946,10
-1184227.30344529,1898655.5123306946,10
-1183763.9907287627,1898655.5123306946,10
-1183300.678012235,1898655.5123306946,10
-1182837.3652957077,1898655.5123306946,10
-1182374.05257918,1898655.5123306946,10
-1181910.7398626525,1898655.5123306946,10
-1181447.4271461251,1898655.5123306946,10
-1180984.1144295975,1898655.5123306946,10
-1180520.8017130701,1898655.5123306946,10
-1180057.4889965425,1898655.5123306946,10
-1179594.1762800151,1898655.5123306946,10
-1179130.8635634875,1898655.5123306946,10
-1178667.5508469602,1898655.5123306946,10
-1178204.2381304326,1898655.5123306946,10
-1177740.9254139052,1898655.5123306946,10
-1177277.6126973776,1898655.5123306946,10
-1176814.2999808502,1898655.5123306946,10
-1176350.9872643226,1898655.5123306946,10
-1175887.6745477952,1898655.5123306946,10
-1175424.3618312676,1898655.5123306946,10
-1174961.04911474,1898655.5123306946,10
-1174497.7363982126,1898655.5123306946,10
-1174034.4236816852,1898655.5123306946,10
-1173571.1109651576,1898655.5123306946,10
-1173107.79824863,1898655.5123306946,10
-1172644.4855321026,1898655.5123306946,10
-1172181.172815575,1898655.5123306946,10
-1171717.8600990477,1898655.5123306946,10
-1171254.54738252,1898655.5123306946,10
-1170791.2346659927,1898655.5123306946,10
-1170327.921949465,1898655.5123306946,10
-1169864.6092329377,1898655.5123306946,10
-1169401.29651641,1898655.5123306946,10
-1168937.9837998827,1898655.5123306946,10
-1168474.671083355,1898655.5123306946,10
-1168011.3583668275,1898655.5123306946,10
-1167548.0456503,1898655.5123306946,10
-1167084.7329337727,1898655.5123306946,10
-1340827.0016315852,1898192.1996141672,10
-1340363.6889150576,1898192.1996141672,10
-1339900.3761985302,1898192.1996141672,10
-1339437.0634820026,1898192.1996141672,10
-1338973.7507654752,1898192.1996141672,16
-1338510.4380489476,1898192.1996141672,16
-1338047.1253324202,1898192.1996141672,10
-1337583.8126158926,1898192.1996141672,10
-1337120.499899365,1898192.1996141672,10
-1336657.1871828376,1898192.1996141672,10
-1336193.87446631,1898192.1996141672,10
-1335730.5617497826,1898192.1996141672,16
-1335267.249033255,1898192.1996141672,16
-1334803.9363167277,1898192.1996141672,16
-1334340.6236002,1898192.1996141672,16
-1333877.3108836727,1898192.1996141672,16
-1333413.998167145,1898192.1996141672,16
-1332950.6854506177,1898192.1996141672,16
-1332487.37273409,1898192.1996141672,10
-1332024.0600175627,1898192.1996141672,10
-1331560.747301035,1898192.1996141672,16
-1331097.4345845077,1898192.1996141672,16
-1330634.12186798,1898192.1996141672,16
-1330170.8091514525,1898192.1996141672,16
-1329707.4964349251,1898192.1996141672,16
-1329244.1837183975,1898192.1996141672,16
-1328780.8710018701,1898192.1996141672,16
-1328317.5582853425,1898192.1996141672,16
-1327854.2455688152,1898192.1996141672,16
-1327390.9328522875,1898192.1996141672,16
-1326927.6201357602,1898192.1996141672,16
-1326464.3074192326,1898192.1996141672,16
-1326000.9947027052,1898192.1996141672,16
-1325537.6819861776,1898192.1996141672,16
-1325074.3692696502,1898192.1996141672,16
-1324611.0565531226,1898192.1996141672,16
-1324147.7438365952,1898192.1996141672,16
-1323684.4311200676,1898192.1996141672,16
-1323221.11840354,1898192.1996141672,16
-1322757.8056870126,1898192.1996141672,16
-1322294.492970485,1898192.1996141672,16
-1321831.1802539576,1898192.1996141672,16
-1321367.86753743,1898192.1996141672,10
-1320904.5548209026,1898192.1996141672,16
-1320441.242104375,1898192.1996141672,16
-1319977.9293878477,1898192.1996141672,16
-1319514.61667132,1898192.1996141672,16
-1319051.3039547927,1898192.1996141672,16
-1318587.991238265,1898192.1996141672,16
-1318124.6785217377,1898192.1996141672,16
-1317661.36580521,1898192.1996141672,10
-1317198.0530886827,1898192.1996141672,16
-1316734.740372155,1898192.1996141672,16
-1316271.4276556277,1898192.1996141672,10
-1315808.1149391,1898192.1996141672,10
-1315344.8022225727,1898192.1996141672,10
-1314881.4895060451,1898192.1996141672,10
-1314418.1767895175,1898192.1996141672,10
-1313954.8640729901,1898192.1996141672,10
-1313491.5513564625,1898192.1996141672,16
-1313028.2386399352,1898192.1996141672,16
-1312564.9259234075,1898192.1996141672,16
-1312101.6132068802,1898192.1996141672,10
-1311638.3004903526,1898192.1996141672,16
-1311174.9877738252,1898192.1996141672,16
-1310711.6750572976,1898192.1996141672,16
-1310248.3623407702,1898192.1996141672,16
-1309785.0496242426,1898192.1996141672,16
-1309321.7369077152,1898192.1996141672,16
-1308858.4241911876,1898192.1996141672,16
-1308395.1114746602,1898192.1996141672,16
-1307931.7987581326,1898192.1996141672,16
-1307468.486041605,1898192.1996141672,16
-1307005.1733250776,1898192.1996141672,16
-1306541.86060855,1898192.1996141672,16
-1306078.5478920226,1898192.1996141672,16
-1305615.235175495,1898192.1996141672,16
-1305151.9224589677,1898192.1996141672,16
-1304688.60974244,1898192.1996141672,16
-1304225.2970259127,1898192.1996141672,16
-1303761.984309385,1898192.1996141672,16
-1303298.6715928577,1898192.1996141672,16
-1302835.35887633,1898192.1996141672,16
-1302372.0461598027,1898192.1996141672,16
-1301908.733443275,1898192.1996141672,16
-1301445.4207267477,1898192.1996141672,10
-1300982.10801022,1898192.1996141672,16
-1300518.7952936925,1898192.1996141672,16
-1300055.4825771651,1898192.1996141672,16
-1299592.1698606375,1898192.1996141672,10
-1299128.8571441101,1898192.1996141672,10
-1298665.5444275825,1898192.1996141672,10
-1298202.2317110552,1898192.1996141672,10
-1297738.9189945275,1898192.1996141672,16
-1297275.6062780002,1898192.1996141672,10
-1296812.2935614726,1898192.1996141672,16
-1296348.9808449452,1898192.1996141672,16
-1295885.6681284176,1898192.1996141672,16
-1295422.3554118902,1898192.1996141672,16
-1294959.0426953626,1898192.1996141672,16
-1294495.7299788352,1898192.1996141672,16
-1294032.4172623076,1898192.1996141672,16
-1293569.10454578,1898192.1996141672,10
-1293105.7918292526,1898192.1996141672,10
-1292642.479112725,1898192.1996141672,10
-1292179.1663961976,1898192.1996141672,10
-1291715.85367967,1898192.1996141672,16
-1291252.5409631426,1898192.1996141672,10
-1290789.228246615,1898192.1996141672,10
-1290325.9155300877,1898192.1996141672,10
-1289862.60281356,1898192.1996141672,10
-1289399.2900970327,1898192.1996141672,10
-1288935.977380505,1898192.1996141672,10
-1288472.6646639777,1898192.1996141672,10
-1288009.35194745,1898192.1996141672,10
-1287546.0392309227,1898192.1996141672,10
-1287082.726514395,1898192.1996141672,10
-1286619.4137978677,1898192.1996141672,10
-1286156.10108134,1898192.1996141672,10
-1285692.7883648127,1898192.1996141672,10
-1285229.4756482851,1898192.1996141672,10
-1284766.1629317575,1898192.1996141672,10
-1284302.8502152301,1898192.1996141672,10
-1283839.5374987025,1898192.1996141672,10
-1283376.2247821752,1898192.1996141672,10
-1282912.9120656475,1898192.1996141672,10
-1282449.5993491202,1898192.1996141672,10
-1281986.2866325926,1898192.1996141672,10
-1281522.9739160652,1898192.1996141672,16
-1281059.6611995376,1898192.1996141672,16
-1280596.3484830102,1898192.1996141672,10
-1280133.0357664826,1898192.1996141672,10
-1279669.7230499552,1898192.1996141672,7
-1279206.4103334276,1898192.1996141672,10
-1278743.0976169002,1898192.1996141672,10
-1278279.7849003726,1898192.1996141672,16
-1277816.472183845,1898192.1996141672,16
-1277353.1594673176,1898192.1996141672,16
-1276889.84675079,1898192.1996141672,16
-1276426.5340342626,1898192.1996141672,10
-1275963.221317735,1898192.1996141672,10
-1275499.9086012077,1898192.1996141672,10
-1275036.59588468,1898192.1996141672,10
-1274573.2831681527,1898192.1996141672,10
-1274109.970451625,1898192.1996141672,10
-1273646.6577350977,1898192.1996141672,10
-1273183.34501857,1898192.1996141672,10
-1272720.0323020427,1898192.1996141672,10
-1272256.719585515,1898192.1996141672,10
-1271793.4068689877,1898192.1996141672,10
-1271330.09415246,1898192.1996141672,10
-1270866.7814359325,1898192.1996141672,10
-1270403.4687194051,1898192.1996141672,10
-1269940.1560028775,1898192.1996141672,10
-1269476.8432863501,1898192.1996141672,10
-1269013.5305698225,1898192.1996141672,10
-1268550.2178532952,1898192.1996141672,10
-1268086.9051367675,1898192.1996141672,10
-1267623.5924202402,1898192.1996141672,10
-1267160.2797037126,1898192.1996141672,10
-1266696.9669871852,1898192.1996141672,10
-1266233.6542706576,1898192.1996141672,10
-1265770.3415541302,1898192.1996141672,10
-1265307.0288376026,1898192.1996141672,10
-1264843.7161210752,1898192.1996141672,10
-1264380.4034045476,1898192.1996141672,10
-1263917.09068802,1898192.1996141672,16
-1263453.7779714926,1898192.1996141672,16
-1262990.465254965,1898192.1996141672,16
-1262527.1525384376,1898192.1996141672,16
-1262063.83982191,1898192.1996141672,16
-1261600.5271053826,1898192.1996141672,16
-1261137.214388855,1898192.1996141672,16
-1260673.9016723277,1898192.1996141672,10
-1260210.5889558,1898192.1996141672,10
-1259747.2762392727,1898192.1996141672,10
-1259283.963522745,1898192.1996141672,10
-1258820.6508062177,1898192.1996141672,10
-1258357.33808969,1898192.1996141672,10
-1257894.0253731627,1898192.1996141672,10
-1257430.712656635,1898192.1996141672,10
-1256967.3999401077,1898192.1996141672,10
-1256504.08722358,1898192.1996141672,10
-1256040.7745070527,1898192.1996141672,10
-1255577.4617905251,1898192.1996141672,16
-1255114.1490739975,1898192.1996141672,10
-1254650.8363574701,1898192.1996141672,10
-1254187.5236409425,1898192.1996141672,10
-1253724.2109244152,1898192.1996141672,10
-1253260.8982078875,1898192.1996141672,10
-1252797.5854913602,1898192.1996141672,10
-1252334.2727748326,1898192.1996141672,10
-1251870.9600583052,1898192.1996141672,16
-1251407.6473417776,1898192.1996141672,10
-1250944.3346252502,1898192.1996141672,10
-1250481.0219087226,1898192.1996141672,10
-1250017.7091921952,1898192.1996141672,10
-1249554.3964756676,1898192.1996141672,10
-1249091.0837591402,1898192.1996141672,10
-1248627.7710426126,1898192.1996141672,16
-1248164.458326085,1898192.1996141672,16
-1247701.1456095576,1898192.1996141672,10
-1247237.83289303,1898192.1996141672,10
-1246774.5201765026,1898192.1996141672,10
-1246311.207459975,1898192.1996141672,16
-1245847.8947434477,1898192.1996141672,16
-1245384.58202692,1898192.1996141672,16
-1244921.2693103927,1898192.1996141672,16
-1244457.956593865,1898192.1996141672,10
-1243994.6438773377,1898192.1996141672,10
-1243531.33116081,1898192.1996141672,10
-1243068.0184442827,1898192.1996141672,10
-1242604.705727755,1898192.1996141672,10
-1242141.3930112277,1898192.1996141672,10
-1241678.0802947,1898192.1996141672,10
-1241214.7675781725,1898192.1996141672,10
-1240751.4548616451,1898192.1996141672,10
-1240288.1421451175,1898192.1996141672,10
-1239824.8294285901,1898192.1996141672,10
-1239361.5167120625,1898192.1996141672,10
-1238898.2039955352,1898192.1996141672,10
-1238434.8912790075,1898192.1996141672,10
-1237971.5785624802,1898192.1996141672,10
-1237508.2658459526,1898192.1996141672,10
-1237044.9531294252,1898192.1996141672,10
-1236581.6404128976,1898192.1996141672,10
-1236118.3276963702,1898192.1996141672,10
-1235655.0149798426,1898192.1996141672,10
-1235191.7022633152,1898192.1996141672,10
-1234728.3895467876,1898192.1996141672,10
-1234265.07683026,1898192.1996141672,10
-1233801.7641137326,1898192.1996141672,10
-1233338.4513972052,1898192.1996141672,10
-1232875.1386806776,1898192.1996141672,10
-1232411.82596415,1898192.1996141672,10
-1231948.5132476226,1898192.1996141672,10
-1231485.200531095,1898192.1996141672,10
-1231021.8878145677,1898192.1996141672,10
-1230558.57509804,1898192.1996141672,10
-1230095.2623815127,1898192.1996141672,10
-1229631.949664985,1898192.1996141672,10
-1229168.6369484577,1898192.1996141672,10
-1228705.32423193,1898192.1996141672,10
-1228242.0115154027,1898192.1996141672,10
-1227778.698798875,1898192.1996141672,10
-1227315.3860823475,1898192.1996141672,10
-1226852.07336582,1898192.1996141672,10
-1226388.7606492927,1898192.1996141672,10
-1225925.4479327651,1898192.1996141672,10
-1225462.1352162375,1898192.1996141672,10
-1224998.8224997101,1898192.1996141672,10
-1224535.5097831825,1898192.1996141672,10
-1224072.1970666551,1898192.1996141672,10
-1223608.8843501275,1898192.1996141672,10
-1223145.5716336002,1898192.1996141672,10
-1222682.2589170726,1898192.1996141672,10
-1222218.9462005452,1898192.1996141672,10
-1221755.6334840176,1898192.1996141672,10
-1221292.3207674902,1898192.1996141672,10
-1220829.0080509626,1898192.1996141672,10
-1220365.6953344352,1898192.1996141672,10
-1219902.3826179076,1898192.1996141672,10
-1219439.0699013802,1898192.1996141672,10
-1218975.7571848526,1898192.1996141672,10
-1218512.444468325,1898192.1996141672,10
-1218049.1317517976,1898192.1996141672,10
-1217585.81903527,1898192.1996141672,10
-1217122.5063187426,1898192.1996141672,10
-1216659.193602215,1898192.1996141672,10
-1216195.8808856877,1898192.1996141672,10
-1215732.56816916,1898192.1996141672,10
-1215269.2554526327,1898192.1996141672,10
-1214805.942736105,1898192.1996141672,10
-1214342.6300195777,1898192.1996141672,10
-1213879.31730305,1898192.1996141672,10
-1213416.0045865227,1898192.1996141672,10
-1212952.691869995,1898192.1996141672,10
-1212489.3791534677,1898192.1996141672,10
-1212026.06643694,1898192.1996141672,10
-1211562.7537204125,1898192.1996141672,10
-1211099.4410038851,1898192.1996141672,10
-1210636.1282873575,1898192.1996141672,10
-1210172.8155708301,1898192.1996141672,10
-1209709.5028543025,1898192.1996141672,10
-1209246.1901377751,1898192.1996141672,10
-1208782.8774212475,1898192.1996141672,10
-1208319.5647047202,1898192.1996141672,10
-1207856.2519881926,1898192.1996141672,10
-1207392.9392716652,1898192.1996141672,10
-1206929.6265551376,1898192.1996141672,10
-1206466.3138386102,1898192.1996141672,10
-1206003.0011220826,1898192.1996141672,10
-1205539.6884055552,1898192.1996141672,10
-1205076.3756890276,1898192.1996141672,10
-1204613.0629725,1898192.1996141672,10
-1204149.7502559726,1898192.1996141672,10
-1203686.4375394452,1898192.1996141672,10
-1203223.1248229176,1898192.1996141672,10
-1202759.81210639,1898192.1996141672,10
-1202296.4993898626,1898192.1996141672,10
-1201833.186673335,1898192.1996141672,16
-1201369.8739568077,1898192.1996141672,16
-1200906.56124028,1898192.1996141672,16
-1200443.2485237527,1898192.1996141672,16
-1199979.935807225,1898192.1996141672,10
-1199516.6230906977,1898192.1996141672,10
-1199053.31037417,1898192.1996141672,10
-1198589.9976576427,1898192.1996141672,10
-1198126.684941115,1898192.1996141672,10
-1197663.3722245875,1898192.1996141672,10
-1197200.05950806,1898192.1996141672,10
-1196736.7467915327,1898192.1996141672,10
-1196273.4340750051,1898192.1996141672,10
-1195810.1213584775,1898192.1996141672,10
-1195346.8086419501,1898192.1996141672,10
-1194883.4959254225,1898192.1996141672,10
-1194420.1832088951,1898192.1996141672,10
-1193956.8704923675,1898192.1996141672,10
-1193493.5577758402,1898192.1996141672,10
-1193030.2450593126,1898192.1996141672,10
-1192566.9323427852,1898192.1996141672,10
-1192103.6196262576,1898192.1996141672,10
-1191640.3069097302,1898192.1996141672,10
-1191176.9941932026,1898192.1996141672,10
-1190713.6814766752,1898192.1996141672,10
-1190250.3687601476,1898192.1996141672,10
-1189787.0560436202,1898192.1996141672,10
-1189323.7433270926,1898192.1996141672,10
-1188860.430610565,1898192.1996141672,10
-1188397.1178940376,1898192.1996141672,10
-1187933.80517751,1898192.1996141672,10
-1187470.4924609826,1898192.1996141672,10
-1187007.179744455,1898192.1996141672,10
-1186543.8670279277,1898192.1996141672,10
-1186080.5543114,1898192.1996141672,10
-1185617.2415948727,1898192.1996141672,10
-1185153.928878345,1898192.1996141672,10
-1184690.6161618177,1898192.1996141672,10
-1184227.30344529,1898192.1996141672,10
-1183763.9907287627,1898192.1996141672,10
-1183300.678012235,1898192.1996141672,10
-1182837.3652957077,1898192.1996141672,10
-1182374.05257918,1898192.1996141672,10
-1181910.7398626525,1898192.1996141672,10
-1181447.4271461251,1898192.1996141672,10
-1180984.1144295975,1898192.1996141672,10
-1180520.8017130701,1898192.1996141672,10
-1180057.4889965425,1898192.1996141672,10
-1179594.1762800151,1898192.1996141672,10
-1179130.8635634875,1898192.1996141672,10
-1178667.5508469602,1898192.1996141672,10
-1178204.2381304326,1898192.1996141672,10
-1177740.9254139052,1898192.1996141672,10
-1177277.6126973776,1898192.1996141672,10
-1176814.2999808502,1898192.1996141672,10
-1176350.9872643226,1898192.1996141672,10
-1175887.6745477952,1898192.1996141672,10
-1175424.3618312676,1898192.1996141672,10
-1174961.04911474,1898192.1996141672,10
-1174497.7363982126,1898192.1996141672,10
-1174034.4236816852,1898192.1996141672,10
-1173571.1109651576,1898192.1996141672,10
-1173107.79824863,1898192.1996141672,10
-1172644.4855321026,1898192.1996141672,10
-1172181.172815575,1898192.1996141672,10
-1171717.8600990477,1898192.1996141672,10
-1171254.54738252,1898192.1996141672,10
-1170791.2346659927,1898192.1996141672,10
-1170327.921949465,1898192.1996141672,10
-1169864.6092329377,1898192.1996141672,10
-1169401.29651641,1898192.1996141672,10
-1168937.9837998827,1898192.1996141672,10
-1168474.671083355,1898192.1996141672,10
-1168011.3583668275,1898192.1996141672,10
-1167548.0456503,1898192.1996141672,10
-1167084.7329337727,1898192.1996141672,10
-1341753.6270646402,1897728.8868976396,10
-1341290.3143481126,1897728.8868976396,10
-1340827.0016315852,1897728.8868976396,16
-1340363.6889150576,1897728.8868976396,10
-1339900.3761985302,1897728.8868976396,10
-1339437.0634820026,1897728.8868976396,16
-1338973.7507654752,1897728.8868976396,10
-1338510.4380489476,1897728.8868976396,10
-1338047.1253324202,1897728.8868976396,10
-1337583.8126158926,1897728.8868976396,10
-1337120.499899365,1897728.8868976396,10
-1336657.1871828376,1897728.8868976396,10
-1336193.87446631,1897728.8868976396,10
-1335730.5617497826,1897728.8868976396,16
-1335267.249033255,1897728.8868976396,16
-1334803.9363167277,1897728.8868976396,16
-1334340.6236002,1897728.8868976396,16
-1333877.3108836727,1897728.8868976396,16
-1333413.998167145,1897728.8868976396,16
-1332950.6854506177,1897728.8868976396,16
-1332487.37273409,1897728.8868976396,16
-1332024.0600175627,1897728.8868976396,10
-1331560.747301035,1897728.8868976396,16
-1331097.4345845077,1897728.8868976396,16
-1330634.12186798,1897728.8868976396,16
-1330170.8091514525,1897728.8868976396,16
-1329707.4964349251,1897728.8868976396,16
-1329244.1837183975,1897728.8868976396,16
-1328780.8710018701,1897728.8868976396,16
-1328317.5582853425,1897728.8868976396,16
-1327854.2455688152,1897728.8868976396,16
-1327390.9328522875,1897728.8868976396,16
-1326927.6201357602,1897728.8868976396,16
-1326464.3074192326,1897728.8868976396,16
-1326000.9947027052,1897728.8868976396,16
-1325537.6819861776,1897728.8868976396,16
-1325074.3692696502,1897728.8868976396,16
-1324611.0565531226,1897728.8868976396,16
-1324147.7438365952,1897728.8868976396,16
-1323684.4311200676,1897728.8868976396,16
-1323221.11840354,1897728.8868976396,16
-1322757.8056870126,1897728.8868976396,16
-1322294.492970485,1897728.8868976396,16
-1321831.1802539576,1897728.8868976396,16
-1321367.86753743,1897728.8868976396,16
-1320904.5548209026,1897728.8868976396,10
-1320441.242104375,1897728.8868976396,16
-1319977.9293878477,1897728.8868976396,16
-1319514.61667132,1897728.8868976396,16
-1319051.3039547927,1897728.8868976396,16
-1318587.991238265,1897728.8868976396,16
-1318124.6785217377,1897728.8868976396,10
-1317661.36580521,1897728.8868976396,10
-1317198.0530886827,1897728.8868976396,10
-1316734.740372155,1897728.8868976396,16
-1316271.4276556277,1897728.8868976396,16
-1315808.1149391,1897728.8868976396,16
-1315344.8022225727,1897728.8868976396,10
-1314881.4895060451,1897728.8868976396,10
-1314418.1767895175,1897728.8868976396,16
-1313954.8640729901,1897728.8868976396,16
-1313491.5513564625,1897728.8868976396,16
-1313028.2386399352,1897728.8868976396,16
-1312564.9259234075,1897728.8868976396,16
-1312101.6132068802,1897728.8868976396,10
-1311638.3004903526,1897728.8868976396,10
-1311174.9877738252,1897728.8868976396,16
-1310711.6750572976,1897728.8868976396,16
-1310248.3623407702,1897728.8868976396,16
-1309785.0496242426,1897728.8868976396,16
-1309321.7369077152,1897728.8868976396,16
-1308858.4241911876,1897728.8868976396,16
-1308395.1114746602,1897728.8868976396,16
-1307931.7987581326,1897728.8868976396,16
-1307468.486041605,1897728.8868976396,16
-1307005.1733250776,1897728.8868976396,16
-1306541.86060855,1897728.8868976396,16
-1306078.5478920226,1897728.8868976396,16
-1305615.235175495,1897728.8868976396,16
-1305151.9224589677,1897728.8868976396,16
-1304688.60974244,1897728.8868976396,16
-1304225.2970259127,1897728.8868976396,16
-1303761.984309385,1897728.8868976396,16
-1303298.6715928577,1897728.8868976396,16
-1302835.35887633,1897728.8868976396,16
-1302372.0461598027,1897728.8868976396,10
-1301908.733443275,1897728.8868976396,10
-1301445.4207267477,1897728.8868976396,10
-1300982.10801022,1897728.8868976396,16
-1300518.7952936925,1897728.8868976396,16
-1300055.4825771651,1897728.8868976396,16
-1299592.1698606375,1897728.8868976396,16
-1299128.8571441101,1897728.8868976396,10
-1298665.5444275825,1897728.8868976396,10
-1298202.2317110552,1897728.8868976396,10
-1297738.9189945275,1897728.8868976396,10
-1297275.6062780002,1897728.8868976396,10
-1296812.2935614726,1897728.8868976396,10
-1296348.9808449452,1897728.8868976396,10
-1295885.6681284176,1897728.8868976396,10
-1295422.3554118902,1897728.8868976396,16
-1294959.0426953626,1897728.8868976396,16
-1294495.7299788352,1897728.8868976396,16
-1294032.4172623076,1897728.8868976396,16
-1293569.10454578,1897728.8868976396,10
-1293105.7918292526,1897728.8868976396,10
-1292642.479112725,1897728.8868976396,10
-1292179.1663961976,1897728.8868976396,16
-1291715.85367967,1897728.8868976396,16
-1291252.5409631426,1897728.8868976396,10
-1290789.228246615,1897728.8868976396,10
-1290325.9155300877,1897728.8868976396,10
-1289862.60281356,1897728.8868976396,10
-1289399.2900970327,1897728.8868976396,10
-1288935.977380505,1897728.8868976396,10
-1288472.6646639777,1897728.8868976396,10
-1288009.35194745,1897728.8868976396,10
-1287546.0392309227,1897728.8868976396,10
-1287082.726514395,1897728.8868976396,10
-1286619.4137978677,1897728.8868976396,10
-1286156.10108134,1897728.8868976396,10
-1285692.7883648127,1897728.8868976396,10
-1285229.4756482851,1897728.8868976396,10
-1284766.1629317575,1897728.8868976396,10
-1284302.8502152301,1897728.8868976396,10
-1283839.5374987025,1897728.8868976396,10
-1283376.2247821752,1897728.8868976396,10
-1282912.9120656475,1897728.8868976396,10
-1282449.5993491202,1897728.8868976396,16
-1281986.2866325926,1897728.8868976396,16
-1281522.9739160652,1897728.8868976396,16
-1281059.6611995376,1897728.8868976396,16
-1280596.3484830102,1897728.8868976396,16
-1280133.0357664826,1897728.8868976396,10
-1279669.7230499552,1897728.8868976396,16
-1279206.4103334276,1897728.8868976396,16
-1278743.0976169002,1897728.8868976396,16
-1278279.7849003726,1897728.8868976396,10
-1277816.472183845,1897728.8868976396,10
-1277353.1594673176,1897728.8868976396,16
-1276889.84675079,1897728.8868976396,16
-1276426.5340342626,1897728.8868976396,16
-1275963.221317735,1897728.8868976396,10
-1275499.9086012077,1897728.8868976396,10
-1275036.59588468,1897728.8868976396,10
-1274573.2831681527,1897728.8868976396,10
-1274109.970451625,1897728.8868976396,10
-1273646.6577350977,1897728.8868976396,10
-1273183.34501857,1897728.8868976396,10
-1272720.0323020427,1897728.8868976396,10
-1272256.719585515,1897728.8868976396,10
-1271793.4068689877,1897728.8868976396,10
-1271330.09415246,1897728.8868976396,10
-1270866.7814359325,1897728.8868976396,10
-1270403.4687194051,1897728.8868976396,10
-1269940.1560028775,1897728.8868976396,10
-1269476.8432863501,1897728.8868976396,10
-1269013.5305698225,1897728.8868976396,10
-1268550.2178532952,1897728.8868976396,10
-1268086.9051367675,1897728.8868976396,10
-1267623.5924202402,1897728.8868976396,10
-1267160.2797037126,1897728.8868976396,10
-1266696.9669871852,1897728.8868976396,10
-1266233.6542706576,1897728.8868976396,10
-1265770.3415541302,1897728.8868976396,10
-1265307.0288376026,1897728.8868976396,10
-1264843.7161210752,1897728.8868976396,10
-1264380.4034045476,1897728.8868976396,10
-1263917.09068802,1897728.8868976396,16
-1263453.7779714926,1897728.8868976396,16
-1262990.465254965,1897728.8868976396,16
-1262527.1525384376,1897728.8868976396,16
-1262063.83982191,1897728.8868976396,16
-1261600.5271053826,1897728.8868976396,16
-1261137.214388855,1897728.8868976396,16
-1260673.9016723277,1897728.8868976396,16
-1260210.5889558,1897728.8868976396,10
-1259747.2762392727,1897728.8868976396,16
-1259283.963522745,1897728.8868976396,10
-1258820.6508062177,1897728.8868976396,10
-1258357.33808969,1897728.8868976396,10
-1257894.0253731627,1897728.8868976396,10
-1257430.712656635,1897728.8868976396,10
-1256967.3999401077,1897728.8868976396,10
-1256504.08722358,1897728.8868976396,10
-1256040.7745070527,1897728.8868976396,10
-1255577.4617905251,1897728.8868976396,10
-1255114.1490739975,1897728.8868976396,10
-1254650.8363574701,1897728.8868976396,10
-1254187.5236409425,1897728.8868976396,10
-1253724.2109244152,1897728.8868976396,10
-1253260.8982078875,1897728.8868976396,10
-1252797.5854913602,1897728.8868976396,10
-1252334.2727748326,1897728.8868976396,10
-1251870.9600583052,1897728.8868976396,16
-1251407.6473417776,1897728.8868976396,16
-1250944.3346252502,1897728.8868976396,10
-1250481.0219087226,1897728.8868976396,10
-1250017.7091921952,1897728.8868976396,10
-1249554.3964756676,1897728.8868976396,10
-1249091.0837591402,1897728.8868976396,10
-1248627.7710426126,1897728.8868976396,10
-1248164.458326085,1897728.8868976396,10
-1247701.1456095576,1897728.8868976396,10
-1247237.83289303,1897728.8868976396,10
-1246774.5201765026,1897728.8868976396,10
-1246311.207459975,1897728.8868976396,10
-1245847.8947434477,1897728.8868976396,10
-1245384.58202692,1897728.8868976396,10
-1244921.2693103927,1897728.8868976396,10
-1244457.956593865,1897728.8868976396,10
-1243994.6438773377,1897728.8868976396,10
-1243531.33116081,1897728.8868976396,10
-1243068.0184442827,1897728.8868976396,10
-1242604.705727755,1897728.8868976396,10
-1242141.3930112277,1897728.8868976396,10
-1241678.0802947,1897728.8868976396,10
-1241214.7675781725,1897728.8868976396,10
-1240751.4548616451,1897728.8868976396,10
-1240288.1421451175,1897728.8868976396,10
-1239824.8294285901,1897728.8868976396,10
-1239361.5167120625,1897728.8868976396,10
-1238898.2039955352,1897728.8868976396,10
-1238434.8912790075,1897728.8868976396,10
-1237971.5785624802,1897728.8868976396,10
-1237508.2658459526,1897728.8868976396,10
-1237044.9531294252,1897728.8868976396,10
-1236581.6404128976,1897728.8868976396,10
-1236118.3276963702,1897728.8868976396,10
-1235655.0149798426,1897728.8868976396,10
-1235191.7022633152,1897728.8868976396,10
-1234728.3895467876,1897728.8868976396,10
-1234265.07683026,1897728.8868976396,10
-1233801.7641137326,1897728.8868976396,10
-1233338.4513972052,1897728.8868976396,10
-1232875.1386806776,1897728.8868976396,10
-1232411.82596415,1897728.8868976396,10
-1231948.5132476226,1897728.8868976396,10
-1231485.200531095,1897728.8868976396,10
-1231021.8878145677,1897728.8868976396,10
-1230558.57509804,1897728.8868976396,10
-1230095.2623815127,1897728.8868976396,10
-1229631.949664985,1897728.8868976396,10
-1229168.6369484577,1897728.8868976396,10
-1228705.32423193,1897728.8868976396,10
-1228242.0115154027,1897728.8868976396,10
-1227778.698798875,1897728.8868976396,10
-1227315.3860823475,1897728.8868976396,10
-1226852.07336582,1897728.8868976396,10
-1226388.7606492927,1897728.8868976396,10
-1225925.4479327651,1897728.8868976396,16
-1225462.1352162375,1897728.8868976396,10
-1224998.8224997101,1897728.8868976396,10
-1224535.5097831825,1897728.8868976396,10
-1224072.1970666551,1897728.8868976396,10
-1223608.8843501275,1897728.8868976396,10
-1223145.5716336002,1897728.8868976396,16
-1222682.2589170726,1897728.8868976396,10
-1222218.9462005452,1897728.8868976396,10
-1221755.6334840176,1897728.8868976396,10
-1221292.3207674902,1897728.8868976396,10
-1220829.0080509626,1897728.8868976396,10
-1220365.6953344352,1897728.8868976396,10
-1219902.3826179076,1897728.8868976396,10
-1219439.0699013802,1897728.8868976396,10
-1218975.7571848526,1897728.8868976396,10
-1218512.444468325,1897728.8868976396,10
-1218049.1317517976,1897728.8868976396,10
-1217585.81903527,1897728.8868976396,10
-1217122.5063187426,1897728.8868976396,10
-1216659.193602215,1897728.8868976396,10
-1216195.8808856877,1897728.8868976396,10
-1215732.56816916,1897728.8868976396,10
-1215269.2554526327,1897728.8868976396,10
-1214805.942736105,1897728.8868976396,10
-1214342.6300195777,1897728.8868976396,10
-1213879.31730305,1897728.8868976396,10
-1213416.0045865227,1897728.8868976396,10
-1212952.691869995,1897728.8868976396,10
-1212489.3791534677,1897728.8868976396,10
-1212026.06643694,1897728.8868976396,10
-1211562.7537204125,1897728.8868976396,10
-1211099.4410038851,1897728.8868976396,10
-1210636.1282873575,1897728.8868976396,10
-1210172.8155708301,1897728.8868976396,10
-1209709.5028543025,1897728.8868976396,10
-1209246.1901377751,1897728.8868976396,10
-1208782.8774212475,1897728.8868976396,10
-1208319.5647047202,1897728.8868976396,10
-1207856.2519881926,1897728.8868976396,10
-1207392.9392716652,1897728.8868976396,10
-1206929.6265551376,1897728.8868976396,10
-1206466.3138386102,1897728.8868976396,10
-1206003.0011220826,1897728.8868976396,10
-1205539.6884055552,1897728.8868976396,10
-1205076.3756890276,1897728.8868976396,10
-1204613.0629725,1897728.8868976396,10
-1204149.7502559726,1897728.8868976396,10
-1203686.4375394452,1897728.8868976396,10
-1203223.1248229176,1897728.8868976396,10
-1202759.81210639,1897728.8868976396,10
-1202296.4993898626,1897728.8868976396,10
-1201833.186673335,1897728.8868976396,16
-1201369.8739568077,1897728.8868976396,16
-1200906.56124028,1897728.8868976396,16
-1200443.2485237527,1897728.8868976396,10
-1199979.935807225,1897728.8868976396,10
-1199516.6230906977,1897728.8868976396,10
-1199053.31037417,1897728.8868976396,10
-1198589.9976576427,1897728.8868976396,10
-1198126.684941115,1897728.8868976396,10
-1197663.3722245875,1897728.8868976396,10
-1197200.05950806,1897728.8868976396,10
-1196736.7467915327,1897728.8868976396,10
-1196273.4340750051,1897728.8868976396,10
-1195810.1213584775,1897728.8868976396,10
-1195346.8086419501,1897728.8868976396,10
-1194883.4959254225,1897728.8868976396,10
-1194420.1832088951,1897728.8868976396,10
-1193956.8704923675,1897728.8868976396,10
-1193493.5577758402,1897728.8868976396,10
-1193030.2450593126,1897728.8868976396,10
-1192566.9323427852,1897728.8868976396,10
-1192103.6196262576,1897728.8868976396,10
-1191640.3069097302,1897728.8868976396,10
-1191176.9941932026,1897728.8868976396,10
-1190713.6814766752,1897728.8868976396,10
-1190250.3687601476,1897728.8868976396,10
-1189787.0560436202,1897728.8868976396,10
-1189323.7433270926,1897728.8868976396,10
-1188860.430610565,1897728.8868976396,10
-1188397.1178940376,1897728.8868976396,10
-1187933.80517751,1897728.8868976396,10
-1187470.4924609826,1897728.8868976396,10
-1187007.179744455,1897728.8868976396,10
-1186543.8670279277,1897728.8868976396,10
-1186080.5543114,1897728.8868976396,10
-1185617.2415948727,1897728.8868976396,10
-1185153.928878345,1897728.8868976396,10
-1184690.6161618177,1897728.8868976396,10
-1184227.30344529,1897728.8868976396,10
-1183763.9907287627,1897728.8868976396,10
-1183300.678012235,1897728.8868976396,10
-1182837.3652957077,1897728.8868976396,10
-1182374.05257918,1897728.8868976396,10
-1181910.7398626525,1897728.8868976396,10
-1181447.4271461251,1897728.8868976396,10
-1180984.1144295975,1897728.8868976396,10
-1180520.8017130701,1897728.8868976396,10
-1180057.4889965425,1897728.8868976396,10
-1179594.1762800151,1897728.8868976396,10
-1179130.8635634875,1897728.8868976396,10
-1178667.5508469602,1897728.8868976396,10
-1178204.2381304326,1897728.8868976396,10
-1177740.9254139052,1897728.8868976396,10
-1177277.6126973776,1897728.8868976396,10
-1176814.2999808502,1897728.8868976396,10
-1176350.9872643226,1897728.8868976396,10
-1175887.6745477952,1897728.8868976396,10
-1175424.3618312676,1897728.8868976396,10
-1174961.04911474,1897728.8868976396,10
-1174497.7363982126,1897728.8868976396,10
-1174034.4236816852,1897728.8868976396,10
-1173571.1109651576,1897728.8868976396,10
-1173107.79824863,1897728.8868976396,10
-1172644.4855321026,1897728.8868976396,10
-1172181.172815575,1897728.8868976396,10
-1171717.8600990477,1897728.8868976396,10
-1171254.54738252,1897728.8868976396,10
-1170791.2346659927,1897728.8868976396,10
-1170327.921949465,1897728.8868976396,10
-1169864.6092329377,1897728.8868976396,10
-1169401.29651641,1897728.8868976396,10
-1168937.9837998827,1897728.8868976396,10
-1168474.671083355,1897728.8868976396,10
-1168011.3583668275,1897728.8868976396,10
-1167548.0456503,1897728.8868976396,10
-1342680.2524976952,1897265.5741811122,10
-1342216.9397811675,1897265.5741811122,10
-1341753.6270646402,1897265.5741811122,10
-1341290.3143481126,1897265.5741811122,10
-1340827.0016315852,1897265.5741811122,10
-1340363.6889150576,1897265.5741811122,10
-1339900.3761985302,1897265.5741811122,10
-1339437.0634820026,1897265.5741811122,10
-1338973.7507654752,1897265.5741811122,10
-1338510.4380489476,1897265.5741811122,10
-1338047.1253324202,1897265.5741811122,10
-1337583.8126158926,1897265.5741811122,10
-1337120.499899365,1897265.5741811122,10
-1336657.1871828376,1897265.5741811122,10
-1336193.87446631,1897265.5741811122,10
-1335730.5617497826,1897265.5741811122,16
-1335267.249033255,1897265.5741811122,16
-1334803.9363167277,1897265.5741811122,16
-1334340.6236002,1897265.5741811122,16
-1333877.3108836727,1897265.5741811122,16
-1333413.998167145,1897265.5741811122,16
-1332950.6854506177,1897265.5741811122,16
-1332487.37273409,1897265.5741811122,16
-1332024.0600175627,1897265.5741811122,16
-1331560.747301035,1897265.5741811122,10
-1331097.4345845077,1897265.5741811122,16
-1330634.12186798,1897265.5741811122,16
-1330170.8091514525,1897265.5741811122,16
-1329707.4964349251,1897265.5741811122,16
-1329244.1837183975,1897265.5741811122,16
-1328780.8710018701,1897265.5741811122,16
-1328317.5582853425,1897265.5741811122,16
-1327854.2455688152,1897265.5741811122,16
-1327390.9328522875,1897265.5741811122,16
-1326927.6201357602,1897265.5741811122,16
-1326464.3074192326,1897265.5741811122,16
-1326000.9947027052,1897265.5741811122,16
-1325537.6819861776,1897265.5741811122,16
-1325074.3692696502,1897265.5741811122,16
-1324611.0565531226,1897265.5741811122,16
-1324147.7438365952,1897265.5741811122,16
-1323684.4311200676,1897265.5741811122,16
-1323221.11840354,1897265.5741811122,16
-1322757.8056870126,1897265.5741811122,16
-1322294.492970485,1897265.5741811122,16
-1321831.1802539576,1897265.5741811122,16
-1321367.86753743,1897265.5741811122,16
-1320904.5548209026,1897265.5741811122,10
-1320441.242104375,1897265.5741811122,10
-1319977.9293878477,1897265.5741811122,16
-1319514.61667132,1897265.5741811122,16
-1319051.3039547927,1897265.5741811122,16
-1318587.991238265,1897265.5741811122,16
-1318124.6785217377,1897265.5741811122,16
-1317661.36580521,1897265.5741811122,16
-1317198.0530886827,1897265.5741811122,10
-1316734.740372155,1897265.5741811122,10
-1316271.4276556277,1897265.5741811122,16
-1315808.1149391,1897265.5741811122,16
-1315344.8022225727,1897265.5741811122,10
-1314881.4895060451,1897265.5741811122,10
-1314418.1767895175,1897265.5741811122,16
-1313954.8640729901,1897265.5741811122,16
-1313491.5513564625,1897265.5741811122,10
-1313028.2386399352,1897265.5741811122,16
-1312564.9259234075,1897265.5741811122,16
-1312101.6132068802,1897265.5741811122,16
-1311638.3004903526,1897265.5741811122,10
-1311174.9877738252,1897265.5741811122,16
-1310711.6750572976,1897265.5741811122,16
-1310248.3623407702,1897265.5741811122,16
-1309785.0496242426,1897265.5741811122,16
-1309321.7369077152,1897265.5741811122,16
-1308858.4241911876,1897265.5741811122,16
-1308395.1114746602,1897265.5741811122,16
-1307931.7987581326,1897265.5741811122,16
-1307468.486041605,1897265.5741811122,16
-1307005.1733250776,1897265.5741811122,16
-1306541.86060855,1897265.5741811122,16
-1306078.5478920226,1897265.5741811122,16
-1305615.235175495,1897265.5741811122,16
-1305151.9224589677,1897265.5741811122,16
-1304688.60974244,1897265.5741811122,16
-1304225.2970259127,1897265.5741811122,16
-1303761.984309385,1897265.5741811122,16
-1303298.6715928577,1897265.5741811122,7
-1302835.35887633,1897265.5741811122,7
-1302372.0461598027,1897265.5741811122,10
-1301908.733443275,1897265.5741811122,10
-1301445.4207267477,1897265.5741811122,10
-1300982.10801022,1897265.5741811122,16
-1300518.7952936925,1897265.5741811122,16
-1300055.4825771651,1897265.5741811122,16
-1299592.1698606375,1897265.5741811122,10
-1299128.8571441101,1897265.5741811122,16
-1298665.5444275825,1897265.5741811122,10
-1298202.2317110552,1897265.5741811122,10
-1297738.9189945275,1897265.5741811122,10
-1297275.6062780002,1897265.5741811122,10
-1296812.2935614726,1897265.5741811122,16
-1296348.9808449452,1897265.5741811122,16
-1295885.6681284176,1897265.5741811122,16
-1295422.3554118902,1897265.5741811122,16
-1294959.0426953626,1897265.5741811122,16
-1294495.7299788352,1897265.5741811122,10
-1294032.4172623076,1897265.5741811122,10
-1293569.10454578,1897265.5741811122,10
-1293105.7918292526,1897265.5741811122,10
-1292642.479112725,1897265.5741811122,10
-1292179.1663961976,1897265.5741811122,10
-1291715.85367967,1897265.5741811122,10
-1291252.5409631426,1897265.5741811122,10
-1290789.228246615,1897265.5741811122,10
-1290325.9155300877,1897265.5741811122,10
-1289862.60281356,1897265.5741811122,10
-1289399.2900970327,1897265.5741811122,10
-1288935.977380505,1897265.5741811122,10
-1288472.6646639777,1897265.5741811122,10
-1288009.35194745,1897265.5741811122,10
-1287546.0392309227,1897265.5741811122,10
-1287082.726514395,1897265.5741811122,10
-1286619.4137978677,1897265.5741811122,10
-1286156.10108134,1897265.5741811122,10
-1285692.7883648127,1897265.5741811122,10
-1285229.4756482851,1897265.5741811122,10
-1284766.1629317575,1897265.5741811122,10
-1284302.8502152301,1897265.5741811122,10
-1283839.5374987025,1897265.5741811122,16
-1283376.2247821752,1897265.5741811122,16
-1282912.9120656475,1897265.5741811122,10
-1282449.5993491202,1897265.5741811122,16
-1281986.2866325926,1897265.5741811122,16
-1281522.9739160652,1897265.5741811122,16
-1281059.6611995376,1897265.5741811122,16
-1280596.3484830102,1897265.5741811122,16
-1280133.0357664826,1897265.5741811122,16
-1279669.7230499552,1897265.5741811122,16
-1279206.4103334276,1897265.5741811122,16
-1278743.0976169002,1897265.5741811122,16
-1278279.7849003726,1897265.5741811122,10
-1277816.472183845,1897265.5741811122,10
-1277353.1594673176,1897265.5741811122,10
-1276889.84675079,1897265.5741811122,10
-1276426.5340342626,1897265.5741811122,16
-1275963.221317735,1897265.5741811122,10
-1275499.9086012077,1897265.5741811122,10
-1275036.59588468,1897265.5741811122,10
-1274573.2831681527,1897265.5741811122,10
-1274109.970451625,1897265.5741811122,10
-1273646.6577350977,1897265.5741811122,10
-1273183.34501857,1897265.5741811122,10
-1272720.0323020427,1897265.5741811122,10
-1272256.719585515,1897265.5741811122,10
-1271793.4068689877,1897265.5741811122,10
-1271330.09415246,1897265.5741811122,10
-1270866.7814359325,1897265.5741811122,10
-1270403.4687194051,1897265.5741811122,10
-1269940.1560028775,1897265.5741811122,10
-1269476.8432863501,1897265.5741811122,10
-1269013.5305698225,1897265.5741811122,10
-1268550.2178532952,1897265.5741811122,10
-1268086.9051367675,1897265.5741811122,10
-1267623.5924202402,1897265.5741811122,10
-1267160.2797037126,1897265.5741811122,10
-1266696.9669871852,1897265.5741811122,10
-1266233.6542706576,1897265.5741811122,10
-1265770.3415541302,1897265.5741811122,10
-1265307.0288376026,1897265.5741811122,10
-1264843.7161210752,1897265.5741811122,10
-1264380.4034045476,1897265.5741811122,10
-1263917.09068802,1897265.5741811122,16
-1263453.7779714926,1897265.5741811122,16
-1262990.465254965,1897265.5741811122,10
-1262527.1525384376,1897265.5741811122,10
-1262063.83982191,1897265.5741811122,10
-1261600.5271053826,1897265.5741811122,16
-1261137.214388855,1897265.5741811122,16
-1260673.9016723277,1897265.5741811122,16
-1260210.5889558,1897265.5741811122,16
-1259747.2762392727,1897265.5741811122,16
-1259283.963522745,1897265.5741811122,16
-1258820.6508062177,1897265.5741811122,16
-1258357.33808969,1897265.5741811122,10
-1257894.0253731627,1897265.5741811122,10
-1257430.712656635,1897265.5741811122,10
-1256967.3999401077,1897265.5741811122,10
-1256504.08722358,1897265.5741811122,10
-1256040.7745070527,1897265.5741811122,10
-1255577.4617905251,1897265.5741811122,10
-1255114.1490739975,1897265.5741811122,10
-1254650.8363574701,1897265.5741811122,10
-1254187.5236409425,1897265.5741811122,10
-1253724.2109244152,1897265.5741811122,10
-1253260.8982078875,1897265.5741811122,10
-1252797.5854913602,1897265.5741811122,10
-1252334.2727748326,1897265.5741811122,10
-1251870.9600583052,1897265.5741811122,16
-1251407.6473417776,1897265.5741811122,16
-1250944.3346252502,1897265.5741811122,10
-1250481.0219087226,1897265.5741811122,10
-1250017.7091921952,1897265.5741811122,10
-1249554.3964756676,1897265.5741811122,10
-1249091.0837591402,1897265.5741811122,10
-1248627.7710426126,1897265.5741811122,10
-1248164.458326085,1897265.5741811122,10
-1247701.1456095576,1897265.5741811122,10
-1247237.83289303,1897265.5741811122,10
-1246774.5201765026,1897265.5741811122,10
-1246311.207459975,1897265.5741811122,10
-1245847.8947434477,1897265.5741811122,10
-1245384.58202692,1897265.5741811122,10
-1244921.2693103927,1897265.5741811122,10
-1244457.956593865,1897265.5741811122,10
-1243994.6438773377,1897265.5741811122,10
-1243531.33116081,1897265.5741811122,10
-1243068.0184442827,1897265.5741811122,10
-1242604.705727755,1897265.5741811122,10
-1242141.3930112277,1897265.5741811122,10
-1241678.0802947,1897265.5741811122,10
-1241214.7675781725,1897265.5741811122,10
-1240751.4548616451,1897265.5741811122,10
-1240288.1421451175,1897265.5741811122,10
-1239824.8294285901,1897265.5741811122,10
-1239361.5167120625,1897265.5741811122,10
-1238898.2039955352,1897265.5741811122,10
-1238434.8912790075,1897265.5741811122,10
-1237971.5785624802,1897265.5741811122,10
-1237508.2658459526,1897265.5741811122,10
-1237044.9531294252,1897265.5741811122,10
-1236581.6404128976,1897265.5741811122,10
-1236118.3276963702,1897265.5741811122,10
-1235655.0149798426,1897265.5741811122,10
-1235191.7022633152,1897265.5741811122,10
-1234728.3895467876,1897265.5741811122,10
-1234265.07683026,1897265.5741811122,10
-1233801.7641137326,1897265.5741811122,10
-1233338.4513972052,1897265.5741811122,10
-1232875.1386806776,1897265.5741811122,10
-1232411.82596415,1897265.5741811122,10
-1231948.5132476226,1897265.5741811122,10
-1231485.200531095,1897265.5741811122,10
-1231021.8878145677,1897265.5741811122,10
-1230558.57509804,1897265.5741811122,10
-1230095.2623815127,1897265.5741811122,10
-1229631.949664985,1897265.5741811122,10
-1229168.6369484577,1897265.5741811122,16
-1228705.32423193,1897265.5741811122,10
-1228242.0115154027,1897265.5741811122,10
-1227778.698798875,1897265.5741811122,10
-1227315.3860823475,1897265.5741811122,10
-1226852.07336582,1897265.5741811122,10
-1226388.7606492927,1897265.5741811122,10
-1225925.4479327651,1897265.5741811122,10
-1225462.1352162375,1897265.5741811122,10
-1224998.8224997101,1897265.5741811122,10
-1224535.5097831825,1897265.5741811122,10
-1224072.1970666551,1897265.5741811122,10
-1223608.8843501275,1897265.5741811122,10
-1223145.5716336002,1897265.5741811122,10
-1222682.2589170726,1897265.5741811122,10
-1222218.9462005452,1897265.5741811122,10
-1221755.6334840176,1897265.5741811122,10
-1221292.3207674902,1897265.5741811122,10
-1220829.0080509626,1897265.5741811122,10
-1220365.6953344352,1897265.5741811122,10
-1219902.3826179076,1897265.5741811122,10
-1219439.0699013802,1897265.5741811122,10
-1218975.7571848526,1897265.5741811122,10
-1218512.444468325,1897265.5741811122,10
-1218049.1317517976,1897265.5741811122,10
-1217585.81903527,1897265.5741811122,10
-1217122.5063187426,1897265.5741811122,10
-1216659.193602215,1897265.5741811122,10
-1216195.8808856877,1897265.5741811122,10
-1215732.56816916,1897265.5741811122,10
-1215269.2554526327,1897265.5741811122,16
-1214805.942736105,1897265.5741811122,10
-1214342.6300195777,1897265.5741811122,10
-1213879.31730305,1897265.5741811122,10
-1213416.0045865227,1897265.5741811122,10
-1212952.691869995,1897265.5741811122,10
-1212489.3791534677,1897265.5741811122,10
-1212026.06643694,1897265.5741811122,10
-1211562.7537204125,1897265.5741811122,10
-1211099.4410038851,1897265.5741811122,10
-1210636.1282873575,1897265.5741811122,10
-1210172.8155708301,1897265.5741811122,10
-1209709.5028543025,1897265.5741811122,10
-1209246.1901377751,1897265.5741811122,10
-1208782.8774212475,1897265.5741811122,10
-1208319.5647047202,1897265.5741811122,10
-1207856.2519881926,1897265.5741811122,10
-1207392.9392716652,1897265.5741811122,16
-1206929.6265551376,1897265.5741811122,16
-1206466.3138386102,1897265.5741811122,10
-1206003.0011220826,1897265.5741811122,10
-1205539.6884055552,1897265.5741811122,10
-1205076.3756890276,1897265.5741811122,10
-1204613.0629725,1897265.5741811122,10
-1204149.7502559726,1897265.5741811122,10
-1203686.4375394452,1897265.5741811122,10
-1203223.1248229176,1897265.5741811122,10
-1202759.81210639,1897265.5741811122,10
-1202296.4993898626,1897265.5741811122,10
-1201833.186673335,1897265.5741811122,10
-1201369.8739568077,1897265.5741811122,16
-1200906.56124028,1897265.5741811122,16
-1200443.2485237527,1897265.5741811122,10
-1199979.935807225,1897265.5741811122,10
-1199516.6230906977,1897265.5741811122,10
-1199053.31037417,1897265.5741811122,10
-1198589.9976576427,1897265.5741811122,10
-1198126.684941115,1897265.5741811122,10
-1197663.3722245875,1897265.5741811122,10
-1197200.05950806,1897265.5741811122,10
-1196736.7467915327,1897265.5741811122,10
-1196273.4340750051,1897265.5741811122,10
-1195810.1213584775,1897265.5741811122,10
-1195346.8086419501,1897265.5741811122,10
-1194883.4959254225,1897265.5741811122,10
-1194420.1832088951,1897265.5741811122,10
-1193956.8704923675,1897265.5741811122,10
-1193493.5577758402,1897265.5741811122,10
-1193030.2450593126,1897265.5741811122,10
-1192566.9323427852,1897265.5741811122,10
-1192103.6196262576,1897265.5741811122,10
-1191640.3069097302,1897265.5741811122,10
-1191176.9941932026,1897265.5741811122,10
-1190713.6814766752,1897265.5741811122,10
-1190250.3687601476,1897265.5741811122,10
-1189787.0560436202,1897265.5741811122,10
-1189323.7433270926,1897265.5741811122,10
-1188860.430610565,1897265.5741811122,10
-1188397.1178940376,1897265.5741811122,10
-1187933.80517751,1897265.5741811122,10
-1187470.4924609826,1897265.5741811122,10
-1187007.179744455,1897265.5741811122,10
-1186543.8670279277,1897265.5741811122,10
-1186080.5543114,1897265.5741811122,10
-1185617.2415948727,1897265.5741811122,10
-1185153.928878345,1897265.5741811122,10
-1184690.6161618177,1897265.5741811122,10
-1184227.30344529,1897265.5741811122,10
-1183763.9907287627,1897265.5741811122,10
-1183300.678012235,1897265.5741811122,10
-1182837.3652957077,1897265.5741811122,10
-1182374.05257918,1897265.5741811122,10
-1181910.7398626525,1897265.5741811122,10
-1181447.4271461251,1897265.5741811122,10
-1180984.1144295975,1897265.5741811122,10
-1180520.8017130701,1897265.5741811122,10
-1180057.4889965425,1897265.5741811122,10
-1179594.1762800151,1897265.5741811122,10
-1179130.8635634875,1897265.5741811122,10
-1178667.5508469602,1897265.5741811122,10
-1178204.2381304326,1897265.5741811122,10
-1177740.9254139052,1897265.5741811122,10
-1177277.6126973776,1897265.5741811122,10
-1176814.2999808502,1897265.5741811122,10
-1176350.9872643226,1897265.5741811122,10
-1175887.6745477952,1897265.5741811122,10
-1175424.3618312676,1897265.5741811122,10
-1174961.04911474,1897265.5741811122,10
-1174497.7363982126,1897265.5741811122,10
-1174034.4236816852,1897265.5741811122,10
-1173571.1109651576,1897265.5741811122,10
-1173107.79824863,1897265.5741811122,10
-1172644.4855321026,1897265.5741811122,10
-1172181.172815575,1897265.5741811122,10
-1171717.8600990477,1897265.5741811122,10
-1171254.54738252,1897265.5741811122,10
-1170791.2346659927,1897265.5741811122,10
-1170327.921949465,1897265.5741811122,10
-1169864.6092329377,1897265.5741811122,10
-1169401.29651641,1897265.5741811122,10
-1168937.9837998827,1897265.5741811122,10
-1168474.671083355,1897265.5741811122,10
-1168011.3583668275,1897265.5741811122,10
-1167548.0456503,1897265.5741811122,10
-1343143.5652142225,1896802.2614645846,10
-1342680.2524976952,1896802.2614645846,10
-1342216.9397811675,1896802.2614645846,10
-1341753.6270646402,1896802.2614645846,10
-1341290.3143481126,1896802.2614645846,10
-1340827.0016315852,1896802.2614645846,10
-1340363.6889150576,1896802.2614645846,10
-1339900.3761985302,1896802.2614645846,10
-1339437.0634820026,1896802.2614645846,10
-1338973.7507654752,1896802.2614645846,10
-1338510.4380489476,1896802.2614645846,10
-1338047.1253324202,1896802.2614645846,10
-1337583.8126158926,1896802.2614645846,10
-1337120.499899365,1896802.2614645846,10
-1336657.1871828376,1896802.2614645846,10
-1336193.87446631,1896802.2614645846,16
-1335730.5617497826,1896802.2614645846,16
-1335267.249033255,1896802.2614645846,16
-1334803.9363167277,1896802.2614645846,16
-1334340.6236002,1896802.2614645846,16
-1333877.3108836727,1896802.2614645846,16
-1333413.998167145,1896802.2614645846,16
-1332950.6854506177,1896802.2614645846,16
-1332487.37273409,1896802.2614645846,16
-1332024.0600175627,1896802.2614645846,16
-1331560.747301035,1896802.2614645846,16
-1331097.4345845077,1896802.2614645846,16
-1330634.12186798,1896802.2614645846,10
-1330170.8091514525,1896802.2614645846,16
-1329707.4964349251,1896802.2614645846,16
-1329244.1837183975,1896802.2614645846,16
-1328780.8710018701,1896802.2614645846,16
-1328317.5582853425,1896802.2614645846,16
-1327854.2455688152,1896802.2614645846,16
-1327390.9328522875,1896802.2614645846,16
-1326927.6201357602,1896802.2614645846,16
-1326464.3074192326,1896802.2614645846,16
-1326000.9947027052,1896802.2614645846,16
-1325537.6819861776,1896802.2614645846,16
-1325074.3692696502,1896802.2614645846,16
-1324611.0565531226,1896802.2614645846,16
-1324147.7438365952,1896802.2614645846,16
-1323684.4311200676,1896802.2614645846,16
-1323221.11840354,1896802.2614645846,16
-1322757.8056870126,1896802.2614645846,16
-1322294.492970485,1896802.2614645846,16
-1321831.1802539576,1896802.2614645846,16
-1321367.86753743,1896802.2614645846,16
-1320904.5548209026,1896802.2614645846,16
-1320441.242104375,1896802.2614645846,10
-1319977.9293878477,1896802.2614645846,16
-1319514.61667132,1896802.2614645846,16
-1319051.3039547927,1896802.2614645846,16
-1318587.991238265,1896802.2614645846,16
-1318124.6785217377,1896802.2614645846,16
-1317661.36580521,1896802.2614645846,16
-1317198.0530886827,1896802.2614645846,16
-1316734.740372155,1896802.2614645846,16
-1316271.4276556277,1896802.2614645846,16
-1315808.1149391,1896802.2614645846,16
-1315344.8022225727,1896802.2614645846,16
-1314881.4895060451,1896802.2614645846,10
-1314418.1767895175,1896802.2614645846,10
-1313954.8640729901,1896802.2614645846,10
-1313491.5513564625,1896802.2614645846,10
-1313028.2386399352,1896802.2614645846,10
-1312564.9259234075,1896802.2614645846,16
-1312101.6132068802,1896802.2614645846,16
-1311638.3004903526,1896802.2614645846,10
-1311174.9877738252,1896802.2614645846,16
-1310711.6750572976,1896802.2614645846,16
-1310248.3623407702,1896802.2614645846,16
-1309785.0496242426,1896802.2614645846,16
-1309321.7369077152,1896802.2614645846,16
-1308858.4241911876,1896802.2614645846,16
-1308395.1114746602,1896802.2614645846,16
-1307931.7987581326,1896802.2614645846,16
-1307468.486041605,1896802.2614645846,16
-1307005.1733250776,1896802.2614645846,16
-1306541.86060855,1896802.2614645846,16
-1306078.5478920226,1896802.2614645846,16
-1305615.235175495,1896802.2614645846,16
-1305151.9224589677,1896802.2614645846,16
-1304688.60974244,1896802.2614645846,16
-1304225.2970259127,1896802.2614645846,16
-1303761.984309385,1896802.2614645846,16
-1303298.6715928577,1896802.2614645846,10
-1302835.35887633,1896802.2614645846,10
-1302372.0461598027,1896802.2614645846,10
-1301908.733443275,1896802.2614645846,10
-1301445.4207267477,1896802.2614645846,16
-1300982.10801022,1896802.2614645846,16
-1300518.7952936925,1896802.2614645846,16
-1300055.4825771651,1896802.2614645846,16
-1299592.1698606375,1896802.2614645846,16
-1299128.8571441101,1896802.2614645846,16
-1298665.5444275825,1896802.2614645846,16
-1298202.2317110552,1896802.2614645846,10
-1297738.9189945275,1896802.2614645846,10
-1297275.6062780002,1896802.2614645846,10
-1296812.2935614726,1896802.2614645846,16
-1296348.9808449452,1896802.2614645846,16
-1295885.6681284176,1896802.2614645846,16
-1295422.3554118902,1896802.2614645846,10
-1294959.0426953626,1896802.2614645846,16
-1294495.7299788352,1896802.2614645846,10
-1294032.4172623076,1896802.2614645846,10
-1293569.10454578,1896802.2614645846,16
-1293105.7918292526,1896802.2614645846,16
-1292642.479112725,1896802.2614645846,10
-1292179.1663961976,1896802.2614645846,10
-1291715.85367967,1896802.2614645846,10
-1291252.5409631426,1896802.2614645846,10
-1290789.228246615,1896802.2614645846,10
-1290325.9155300877,1896802.2614645846,10
-1289862.60281356,1896802.2614645846,10
-1289399.2900970327,1896802.2614645846,10
-1288935.977380505,1896802.2614645846,10
-1288472.6646639777,1896802.2614645846,10
-1288009.35194745,1896802.2614645846,10
-1287546.0392309227,1896802.2614645846,10
-1287082.726514395,1896802.2614645846,10
-1286619.4137978677,1896802.2614645846,10
-1286156.10108134,1896802.2614645846,10
-1285692.7883648127,1896802.2614645846,10
-1285229.4756482851,1896802.2614645846,10
-1284766.1629317575,1896802.2614645846,10
-1284302.8502152301,1896802.2614645846,16
-1283839.5374987025,1896802.2614645846,16
-1283376.2247821752,1896802.2614645846,16
-1282912.9120656475,1896802.2614645846,16
-1282449.5993491202,1896802.2614645846,16
-1281986.2866325926,1896802.2614645846,16
-1281522.9739160652,1896802.2614645846,16
-1281059.6611995376,1896802.2614645846,16
-1280596.3484830102,1896802.2614645846,16
-1280133.0357664826,1896802.2614645846,16
-1279669.7230499552,1896802.2614645846,16
-1279206.4103334276,1896802.2614645846,16
-1278743.0976169002,1896802.2614645846,16
-1278279.7849003726,1896802.2614645846,16
-1277816.472183845,1896802.2614645846,10
-1277353.1594673176,1896802.2614645846,16
-1276889.84675079,1896802.2614645846,10
-1276426.5340342626,1896802.2614645846,10
-1275963.221317735,1896802.2614645846,16
-1275499.9086012077,1896802.2614645846,10
-1275036.59588468,1896802.2614645846,10
-1274573.2831681527,1896802.2614645846,10
-1274109.970451625,1896802.2614645846,10
-1273646.6577350977,1896802.2614645846,10
-1273183.34501857,1896802.2614645846,10
-1272720.0323020427,1896802.2614645846,10
-1272256.719585515,1896802.2614645846,10
-1271793.4068689877,1896802.2614645846,10
-1271330.09415246,1896802.2614645846,10
-1270866.7814359325,1896802.2614645846,10
-1270403.4687194051,1896802.2614645846,10
-1269940.1560028775,1896802.2614645846,10
-1269476.8432863501,1896802.2614645846,10
-1269013.5305698225,1896802.2614645846,10
-1268550.2178532952,1896802.2614645846,10
-1268086.9051367675,1896802.2614645846,10
-1267623.5924202402,1896802.2614645846,10
-1267160.2797037126,1896802.2614645846,10
-1266696.9669871852,1896802.2614645846,10
-1266233.6542706576,1896802.2614645846,10
-1265770.3415541302,1896802.2614645846,16
-1265307.0288376026,1896802.2614645846,10
-1264843.7161210752,1896802.2614645846,10
-1264380.4034045476,1896802.2614645846,10
-1263917.09068802,1896802.2614645846,10
-1263453.7779714926,1896802.2614645846,10
-1262990.465254965,1896802.2614645846,10
-1262527.1525384376,1896802.2614645846,7
-1262063.83982191,1896802.2614645846,16
-1261600.5271053826,1896802.2614645846,16
-1261137.214388855,1896802.2614645846,16
-1260673.9016723277,1896802.2614645846,16
-1260210.5889558,1896802.2614645846,16
-1259747.2762392727,1896802.2614645846,10
-1259283.963522745,1896802.2614645846,10
-1258820.6508062177,1896802.2614645846,16
-1258357.33808969,1896802.2614645846,16
-1257894.0253731627,1896802.2614645846,16
-1257430.712656635,1896802.2614645846,16
-1256967.3999401077,1896802.2614645846,16
-1256504.08722358,1896802.2614645846,10
-1256040.7745070527,1896802.2614645846,10
-1255577.4617905251,1896802.2614645846,10
-1255114.1490739975,1896802.2614645846,10
-1254650.8363574701,1896802.2614645846,16
-1254187.5236409425,1896802.2614645846,10
-1253724.2109244152,1896802.2614645846,10
-1253260.8982078875,1896802.2614645846,10
-1252797.5854913602,1896802.2614645846,10
-1252334.2727748326,1896802.2614645846,10
-1251870.9600583052,1896802.2614645846,16
-1251407.6473417776,1896802.2614645846,16
-1250944.3346252502,1896802.2614645846,16
-1250481.0219087226,1896802.2614645846,10
-1250017.7091921952,1896802.2614645846,10
-1249554.3964756676,1896802.2614645846,10
-1249091.0837591402,1896802.2614645846,10
-1248627.7710426126,1896802.2614645846,10
-1248164.458326085,1896802.2614645846,10
-1247701.1456095576,1896802.2614645846,10
-1247237.83289303,1896802.2614645846,10
-1246774.5201765026,1896802.2614645846,10
-1246311.207459975,1896802.2614645846,10
-1245847.8947434477,1896802.2614645846,10
-1245384.58202692,1896802.2614645846,10
-1244921.2693103927,1896802.2614645846,10
-1244457.956593865,1896802.2614645846,10
-1243994.6438773377,1896802.2614645846,10
-1243531.33116081,1896802.2614645846,10
-1243068.0184442827,1896802.2614645846,10
-1242604.705727755,1896802.2614645846,10
-1242141.3930112277,1896802.2614645846,10
-1241678.0802947,1896802.2614645846,10
-1241214.7675781725,1896802.2614645846,10
-1240751.4548616451,1896802.2614645846,10
-1240288.1421451175,1896802.2614645846,10
-1239824.8294285901,1896802.2614645846,10
-1239361.5167120625,1896802.2614645846,10
-1238898.2039955352,1896802.2614645846,10
-1238434.8912790075,1896802.2614645846,10
-1237971.5785624802,1896802.2614645846,10
-1237508.2658459526,1896802.2614645846,10
-1237044.9531294252,1896802.2614645846,10
-1236581.6404128976,1896802.2614645846,10
-1236118.3276963702,1896802.2614645846,10
-1235655.0149798426,1896802.2614645846,10
-1235191.7022633152,1896802.2614645846,10
-1234728.3895467876,1896802.2614645846,10
-1234265.07683026,1896802.2614645846,16
-1233801.7641137326,1896802.2614645846,16
-1233338.4513972052,1896802.2614645846,10
-1232875.1386806776,1896802.2614645846,10
-1232411.82596415,1896802.2614645846,10
-1231948.5132476226,1896802.2614645846,10
-1231485.200531095,1896802.2614645846,10
-1231021.8878145677,1896802.2614645846,10
-1230558.57509804,1896802.2614645846,10
-1230095.2623815127,1896802.2614645846,10
-1229631.949664985,1896802.2614645846,10
-1229168.6369484577,1896802.2614645846,10
-1228705.32423193,1896802.2614645846,10
-1228242.0115154027,1896802.2614645846,10
-1227778.698798875,1896802.2614645846,10
-1227315.3860823475,1896802.2614645846,10
-1226852.07336582,1896802.2614645846,10
-1226388.7606492927,1896802.2614645846,10
-1225925.4479327651,1896802.2614645846,10
-1225462.1352162375,1896802.2614645846,10
-1224998.8224997101,1896802.2614645846,10
-1224535.5097831825,1896802.2614645846,10
-1224072.1970666551,1896802.2614645846,10
-1223608.8843501275,1896802.2614645846,10
-1223145.5716336002,1896802.2614645846,10
-1222682.2589170726,1896802.2614645846,10
-1222218.9462005452,1896802.2614645846,10
-1221755.6334840176,1896802.2614645846,10
-1221292.3207674902,1896802.2614645846,10
-1220829.0080509626,1896802.2614645846,10
-1220365.6953344352,1896802.2614645846,10
-1219902.3826179076,1896802.2614645846,10
-1219439.0699013802,1896802.2614645846,10
-1218975.7571848526,1896802.2614645846,10
-1218512.444468325,1896802.2614645846,10
-1218049.1317517976,1896802.2614645846,10
-1217585.81903527,1896802.2614645846,10
-1217122.5063187426,1896802.2614645846,10
-1216659.193602215,1896802.2614645846,10
-1216195.8808856877,1896802.2614645846,10
-1215732.56816916,1896802.2614645846,10
-1215269.2554526327,1896802.2614645846,10
-1214805.942736105,1896802.2614645846,10
-1214342.6300195777,1896802.2614645846,10
-1213879.31730305,1896802.2614645846,10
-1213416.0045865227,1896802.2614645846,10
-1212952.691869995,1896802.2614645846,10
-1212489.3791534677,1896802.2614645846,10
-1212026.06643694,1896802.2614645846,10
-1211562.7537204125,1896802.2614645846,10
-1211099.4410038851,1896802.2614645846,10
-1210636.1282873575,1896802.2614645846,10
-1210172.8155708301,1896802.2614645846,10
-1209709.5028543025,1896802.2614645846,10
-1209246.1901377751,1896802.2614645846,10
-1208782.8774212475,1896802.2614645846,16
-1208319.5647047202,1896802.2614645846,16
-1207856.2519881926,1896802.2614645846,16
-1207392.9392716652,1896802.2614645846,10
-1206929.6265551376,1896802.2614645846,10
-1206466.3138386102,1896802.2614645846,10
-1206003.0011220826,1896802.2614645846,10
-1205539.6884055552,1896802.2614645846,10
-1205076.3756890276,1896802.2614645846,10
-1204613.0629725,1896802.2614645846,10
-1204149.7502559726,1896802.2614645846,10
-1203686.4375394452,1896802.2614645846,10
-1203223.1248229176,1896802.2614645846,10
-1202759.81210639,1896802.2614645846,10
-1202296.4993898626,1896802.2614645846,10
-1201833.186673335,1896802.2614645846,10
-1201369.8739568077,1896802.2614645846,10
-1200906.56124028,1896802.2614645846,10
-1200443.2485237527,1896802.2614645846,10
-1199979.935807225,1896802.2614645846,10
-1199516.6230906977,1896802.2614645846,10
-1199053.31037417,1896802.2614645846,10
-1198589.9976576427,1896802.2614645846,10
-1198126.684941115,1896802.2614645846,10
-1197663.3722245875,1896802.2614645846,10
-1197200.05950806,1896802.2614645846,10
-1196736.7467915327,1896802.2614645846,10
-1196273.4340750051,1896802.2614645846,10
-1195810.1213584775,1896802.2614645846,10
-1195346.8086419501,1896802.2614645846,10
-1194883.4959254225,1896802.2614645846,10
-1194420.1832088951,1896802.2614645846,10
-1193956.8704923675,1896802.2614645846,10
-1193493.5577758402,1896802.2614645846,10
-1193030.2450593126,1896802.2614645846,10
-1192566.9323427852,1896802.2614645846,10
-1192103.6196262576,1896802.2614645846,10
-1191640.3069097302,1896802.2614645846,10
-1191176.9941932026,1896802.2614645846,10
-1190713.6814766752,1896802.2614645846,10
-1190250.3687601476,1896802.2614645846,10
-1189787.0560436202,1896802.2614645846,10
-1189323.7433270926,1896802.2614645846,10
-1188860.430610565,1896802.2614645846,10
-1188397.1178940376,1896802.2614645846,10
-1187933.80517751,1896802.2614645846,10
-1187470.4924609826,1896802.2614645846,10
-1187007.179744455,1896802.2614645846,10
-1186543.8670279277,1896802.2614645846,10
-1186080.5543114,1896802.2614645846,10
-1185617.2415948727,1896802.2614645846,10
-1185153.928878345,1896802.2614645846,10
-1184690.6161618177,1896802.2614645846,10
-1184227.30344529,1896802.2614645846,10
-1183763.9907287627,1896802.2614645846,10
-1183300.678012235,1896802.2614645846,10
-1182837.3652957077,1896802.2614645846,10
-1182374.05257918,1896802.2614645846,10
-1181910.7398626525,1896802.2614645846,10
-1181447.4271461251,1896802.2614645846,10
-1180984.1144295975,1896802.2614645846,10
-1180520.8017130701,1896802.2614645846,10
-1180057.4889965425,1896802.2614645846,10
-1179594.1762800151,1896802.2614645846,10
-1179130.8635634875,1896802.2614645846,10
-1178667.5508469602,1896802.2614645846,10
-1178204.2381304326,1896802.2614645846,10
-1177740.9254139052,1896802.2614645846,10
-1177277.6126973776,1896802.2614645846,10
-1176814.2999808502,1896802.2614645846,10
-1176350.9872643226,1896802.2614645846,10
-1175887.6745477952,1896802.2614645846,10
-1175424.3618312676,1896802.2614645846,10
-1174961.04911474,1896802.2614645846,10
-1174497.7363982126,1896802.2614645846,10
-1174034.4236816852,1896802.2614645846,10
-1173571.1109651576,1896802.2614645846,10
-1173107.79824863,1896802.2614645846,10
-1172644.4855321026,1896802.2614645846,10
-1172181.172815575,1896802.2614645846,10
-1171717.8600990477,1896802.2614645846,10
-1171254.54738252,1896802.2614645846,10
-1170791.2346659927,1896802.2614645846,10
-1170327.921949465,1896802.2614645846,10
-1169864.6092329377,1896802.2614645846,10
-1169401.29651641,1896802.2614645846,10
-1168937.9837998827,1896802.2614645846,10
-1168474.671083355,1896802.2614645846,10
-1168011.3583668275,1896802.2614645846,10
-1167548.0456503,1896802.2614645846,10
-1344070.1906472775,1896338.9487480572,10
-1343606.8779307501,1896338.9487480572,10
-1343143.5652142225,1896338.9487480572,10
-1342680.2524976952,1896338.9487480572,10
-1342216.9397811675,1896338.9487480572,10
-1341753.6270646402,1896338.9487480572,10
-1341290.3143481126,1896338.9487480572,10
-1340827.0016315852,1896338.9487480572,10
-1340363.6889150576,1896338.9487480572,10
-1339900.3761985302,1896338.9487480572,10
-1339437.0634820026,1896338.9487480572,10
-1338973.7507654752,1896338.9487480572,10
-1338510.4380489476,1896338.9487480572,10
-1338047.1253324202,1896338.9487480572,10
-1337583.8126158926,1896338.9487480572,10
-1337120.499899365,1896338.9487480572,10
-1336657.1871828376,1896338.9487480572,16
-1336193.87446631,1896338.9487480572,16
-1335730.5617497826,1896338.9487480572,16
-1335267.249033255,1896338.9487480572,16
-1334803.9363167277,1896338.9487480572,16
-1334340.6236002,1896338.9487480572,16
-1333877.3108836727,1896338.9487480572,16
-1333413.998167145,1896338.9487480572,16
-1332950.6854506177,1896338.9487480572,16
-1332487.37273409,1896338.9487480572,16
-1332024.0600175627,1896338.9487480572,16
-1331560.747301035,1896338.9487480572,16
-1331097.4345845077,1896338.9487480572,16
-1330634.12186798,1896338.9487480572,10
-1330170.8091514525,1896338.9487480572,10
-1329707.4964349251,1896338.9487480572,16
-1329244.1837183975,1896338.9487480572,16
-1328780.8710018701,1896338.9487480572,16
-1328317.5582853425,1896338.9487480572,16
-1327854.2455688152,1896338.9487480572,16
-1327390.9328522875,1896338.9487480572,16
-1326927.6201357602,1896338.9487480572,16
-1326464.3074192326,1896338.9487480572,16
-1326000.9947027052,1896338.9487480572,16
-1325537.6819861776,1896338.9487480572,16
-1325074.3692696502,1896338.9487480572,16
-1324611.0565531226,1896338.9487480572,16
-1324147.7438365952,1896338.9487480572,16
-1323684.4311200676,1896338.9487480572,16
-1323221.11840354,1896338.9487480572,16
-1322757.8056870126,1896338.9487480572,16
-1322294.492970485,1896338.9487480572,16
-1321831.1802539576,1896338.9487480572,16
-1321367.86753743,1896338.9487480572,16
-1320904.5548209026,1896338.9487480572,16
-1320441.242104375,1896338.9487480572,16
-1319977.9293878477,1896338.9487480572,10
-1319514.61667132,1896338.9487480572,16
-1319051.3039547927,1896338.9487480572,16
-1318587.991238265,1896338.9487480572,16
-1318124.6785217377,1896338.9487480572,16
-1317661.36580521,1896338.9487480572,16
-1317198.0530886827,1896338.9487480572,16
-1316734.740372155,1896338.9487480572,16
-1316271.4276556277,1896338.9487480572,16
-1315808.1149391,1896338.9487480572,16
-1315344.8022225727,1896338.9487480572,16
-1314881.4895060451,1896338.9487480572,16
-1314418.1767895175,1896338.9487480572,16
-1313954.8640729901,1896338.9487480572,16
-1313491.5513564625,1896338.9487480572,10
-1313028.2386399352,1896338.9487480572,10
-1312564.9259234075,1896338.9487480572,10
-1312101.6132068802,1896338.9487480572,16
-1311638.3004903526,1896338.9487480572,16
-1311174.9877738252,1896338.9487480572,16
-1310711.6750572976,1896338.9487480572,16
-1310248.3623407702,1896338.9487480572,16
-1309785.0496242426,1896338.9487480572,16
-1309321.7369077152,1896338.9487480572,16
-1308858.4241911876,1896338.9487480572,16
-1308395.1114746602,1896338.9487480572,16
-1307931.7987581326,1896338.9487480572,16
-1307468.486041605,1896338.9487480572,16
-1307005.1733250776,1896338.9487480572,16
-1306541.86060855,1896338.9487480572,16
-1306078.5478920226,1896338.9487480572,16
-1305615.235175495,1896338.9487480572,16
-1305151.9224589677,1896338.9487480572,16
-1304688.60974244,1896338.9487480572,16
-1304225.2970259127,1896338.9487480572,16
-1303761.984309385,1896338.9487480572,16
-1303298.6715928577,1896338.9487480572,16
-1302835.35887633,1896338.9487480572,10
-1302372.0461598027,1896338.9487480572,10
-1301908.733443275,1896338.9487480572,16
-1301445.4207267477,1896338.9487480572,10
-1300982.10801022,1896338.9487480572,10
-1300518.7952936925,1896338.9487480572,16
-1300055.4825771651,1896338.9487480572,16
-1299592.1698606375,1896338.9487480572,16
-1299128.8571441101,1896338.9487480572,16
-1298665.5444275825,1896338.9487480572,10
-1298202.2317110552,1896338.9487480572,10
-1297738.9189945275,1896338.9487480572,10
-1297275.6062780002,1896338.9487480572,10
-1296812.2935614726,1896338.9487480572,10
-1296348.9808449452,1896338.9487480572,10
-1295885.6681284176,1896338.9487480572,10
-1295422.3554118902,1896338.9487480572,10
-1294959.0426953626,1896338.9487480572,10
-1294495.7299788352,1896338.9487480572,10
-1294032.4172623076,1896338.9487480572,16
-1293569.10454578,1896338.9487480572,16
-1293105.7918292526,1896338.9487480572,16
-1292642.479112725,1896338.9487480572,10
-1292179.1663961976,1896338.9487480572,16
-1291715.85367967,1896338.9487480572,16
-1291252.5409631426,1896338.9487480572,16
-1290789.228246615,1896338.9487480572,16
-1290325.9155300877,1896338.9487480572,10
-1289862.60281356,1896338.9487480572,10
-1289399.2900970327,1896338.9487480572,10
-1288935.977380505,1896338.9487480572,10
-1288472.6646639777,1896338.9487480572,10
-1288009.35194745,1896338.9487480572,10
-1287546.0392309227,1896338.9487480572,10
-1287082.726514395,1896338.9487480572,10
-1286619.4137978677,1896338.9487480572,10
-1286156.10108134,1896338.9487480572,10
-1285692.7883648127,1896338.9487480572,10
-1285229.4756482851,1896338.9487480572,10
-1284766.1629317575,1896338.9487480572,16
-1284302.8502152301,1896338.9487480572,16
-1283839.5374987025,1896338.9487480572,16
-1283376.2247821752,1896338.9487480572,16
-1282912.9120656475,1896338.9487480572,16
-1282449.5993491202,1896338.9487480572,16
-1281986.2866325926,1896338.9487480572,16
-1281522.9739160652,1896338.9487480572,16
-1281059.6611995376,1896338.9487480572,16
-1280596.3484830102,1896338.9487480572,16
-1280133.0357664826,1896338.9487480572,16
-1279669.7230499552,1896338.9487480572,16
-1279206.4103334276,1896338.9487480572,16
-1278743.0976169002,1896338.9487480572,16
-1278279.7849003726,1896338.9487480572,10
-1277816.472183845,1896338.9487480572,10
-1277353.1594673176,1896338.9487480572,10
-1276889.84675079,1896338.9487480572,16
-1276426.5340342626,1896338.9487480572,16
-1275963.221317735,1896338.9487480572,16
-1275499.9086012077,1896338.9487480572,10
-1275036.59588468,1896338.9487480572,10
-1274573.2831681527,1896338.9487480572,10
-1274109.970451625,1896338.9487480572,10
-1273646.6577350977,1896338.9487480572,10
-1273183.34501857,1896338.9487480572,10
-1272720.0323020427,1896338.9487480572,10
-1272256.719585515,1896338.9487480572,10
-1271793.4068689877,1896338.9487480572,10
-1271330.09415246,1896338.9487480572,10
-1270866.7814359325,1896338.9487480572,10
-1270403.4687194051,1896338.9487480572,10
-1269940.1560028775,1896338.9487480572,10
-1269476.8432863501,1896338.9487480572,10
-1269013.5305698225,1896338.9487480572,10
-1268550.2178532952,1896338.9487480572,10
-1268086.9051367675,1896338.9487480572,10
-1267623.5924202402,1896338.9487480572,10
-1267160.2797037126,1896338.9487480572,10
-1266696.9669871852,1896338.9487480572,10
-1266233.6542706576,1896338.9487480572,10
-1265770.3415541302,1896338.9487480572,10
-1265307.0288376026,1896338.9487480572,10
-1264843.7161210752,1896338.9487480572,10
-1264380.4034045476,1896338.9487480572,10
-1263917.09068802,1896338.9487480572,10
-1263453.7779714926,1896338.9487480572,10
-1262990.465254965,1896338.9487480572,10
-1262527.1525384376,1896338.9487480572,16
-1262063.83982191,1896338.9487480572,16
-1261600.5271053826,1896338.9487480572,16
-1261137.214388855,1896338.9487480572,16
-1260673.9016723277,1896338.9487480572,16
-1260210.5889558,1896338.9487480572,16
-1259747.2762392727,1896338.9487480572,10
-1259283.963522745,1896338.9487480572,10
-1258820.6508062177,1896338.9487480572,10
-1258357.33808969,1896338.9487480572,10
-1257894.0253731627,1896338.9487480572,10
-1257430.712656635,1896338.9487480572,10
-1256967.3999401077,1896338.9487480572,10
-1256504.08722358,1896338.9487480572,10
-1256040.7745070527,1896338.9487480572,10
-1255577.4617905251,1896338.9487480572,10
-1255114.1490739975,1896338.9487480572,10
-1254650.8363574701,1896338.9487480572,10
-1254187.5236409425,1896338.9487480572,10
-1253724.2109244152,1896338.9487480572,10
-1253260.8982078875,1896338.9487480572,10
-1252797.5854913602,1896338.9487480572,10
-1252334.2727748326,1896338.9487480572,10
-1251870.9600583052,1896338.9487480572,10
-1251407.6473417776,1896338.9487480572,16
-1250944.3346252502,1896338.9487480572,10
-1250481.0219087226,1896338.9487480572,10
-1250017.7091921952,1896338.9487480572,10
-1249554.3964756676,1896338.9487480572,10
-1249091.0837591402,1896338.9487480572,10
-1248627.7710426126,1896338.9487480572,10
-1248164.458326085,1896338.9487480572,10
-1247701.1456095576,1896338.9487480572,10
-1247237.83289303,1896338.9487480572,10
-1246774.5201765026,1896338.9487480572,10
-1246311.207459975,1896338.9487480572,10
-1245847.8947434477,1896338.9487480572,10
-1245384.58202692,1896338.9487480572,10
-1244921.2693103927,1896338.9487480572,10
-1244457.956593865,1896338.9487480572,10
-1243994.6438773377,1896338.9487480572,10
-1243531.33116081,1896338.9487480572,10
-1243068.0184442827,1896338.9487480572,10
-1242604.705727755,1896338.9487480572,10
-1242141.3930112277,1896338.9487480572,10
-1241678.0802947,1896338.9487480572,10
-1241214.7675781725,1896338.9487480572,10
-1240751.4548616451,1896338.9487480572,10
-1240288.1421451175,1896338.9487480572,10
-1239824.8294285901,1896338.9487480572,10
-1239361.5167120625,1896338.9487480572,10
-1238898.2039955352,1896338.9487480572,10
-1238434.8912790075,1896338.9487480572,10
-1237971.5785624802,1896338.9487480572,10
-1237508.2658459526,1896338.9487480572,10
-1237044.9531294252,1896338.9487480572,10
-1236581.6404128976,1896338.9487480572,10
-1236118.3276963702,1896338.9487480572,10
-1235655.0149798426,1896338.9487480572,10
-1235191.7022633152,1896338.9487480572,10
-1234728.3895467876,1896338.9487480572,10
-1234265.07683026,1896338.9487480572,10
-1233801.7641137326,1896338.9487480572,10
-1233338.4513972052,1896338.9487480572,10
-1232875.1386806776,1896338.9487480572,10
-1232411.82596415,1896338.9487480572,10
-1231948.5132476226,1896338.9487480572,10
-1231485.200531095,1896338.9487480572,10
-1231021.8878145677,1896338.9487480572,10
-1230558.57509804,1896338.9487480572,10
-1230095.2623815127,1896338.9487480572,10
-1229631.949664985,1896338.9487480572,10
-1229168.6369484577,1896338.9487480572,10
-1228705.32423193,1896338.9487480572,10
-1228242.0115154027,1896338.9487480572,10
-1227778.698798875,1896338.9487480572,10
-1227315.3860823475,1896338.9487480572,10
-1226852.07336582,1896338.9487480572,10
-1226388.7606492927,1896338.9487480572,10
-1225925.4479327651,1896338.9487480572,10
-1225462.1352162375,1896338.9487480572,10
-1224998.8224997101,1896338.9487480572,10
-1224535.5097831825,1896338.9487480572,10
-1224072.1970666551,1896338.9487480572,10
-1223608.8843501275,1896338.9487480572,10
-1223145.5716336002,1896338.9487480572,10
-1222682.2589170726,1896338.9487480572,10
-1222218.9462005452,1896338.9487480572,10
-1221755.6334840176,1896338.9487480572,10
-1221292.3207674902,1896338.9487480572,10
-1220829.0080509626,1896338.9487480572,10
-1220365.6953344352,1896338.9487480572,10
-1219902.3826179076,1896338.9487480572,10
-1219439.0699013802,1896338.9487480572,10
-1218975.7571848526,1896338.9487480572,10
-1218512.444468325,1896338.9487480572,10
-1218049.1317517976,1896338.9487480572,10
-1217585.81903527,1896338.9487480572,10
-1217122.5063187426,1896338.9487480572,10
-1216659.193602215,1896338.9487480572,10
-1216195.8808856877,1896338.9487480572,10
-1215732.56816916,1896338.9487480572,10
-1215269.2554526327,1896338.9487480572,10
-1214805.942736105,1896338.9487480572,10
-1214342.6300195777,1896338.9487480572,10
-1213879.31730305,1896338.9487480572,10
-1213416.0045865227,1896338.9487480572,10
-1212952.691869995,1896338.9487480572,10
-1212489.3791534677,1896338.9487480572,10
-1212026.06643694,1896338.9487480572,10
-1211562.7537204125,1896338.9487480572,10
-1211099.4410038851,1896338.9487480572,10
-1210636.1282873575,1896338.9487480572,10
-1210172.8155708301,1896338.9487480572,10
-1209709.5028543025,1896338.9487480572,16
-1209246.1901377751,1896338.9487480572,16
-1208782.8774212475,1896338.9487480572,10
-1208319.5647047202,1896338.9487480572,16
-1207856.2519881926,1896338.9487480572,16
-1207392.9392716652,1896338.9487480572,16
-1206929.6265551376,1896338.9487480572,16
-1206466.3138386102,1896338.9487480572,10
-1206003.0011220826,1896338.9487480572,10
-1205539.6884055552,1896338.9487480572,10
-1205076.3756890276,1896338.9487480572,10
-1204613.0629725,1896338.9487480572,10
-1204149.7502559726,1896338.9487480572,10
-1203686.4375394452,1896338.9487480572,10
-1203223.1248229176,1896338.9487480572,10
-1202759.81210639,1896338.9487480572,10
-1202296.4993898626,1896338.9487480572,10
-1201833.186673335,1896338.9487480572,10
-1201369.8739568077,1896338.9487480572,10
-1200906.56124028,1896338.9487480572,10
-1200443.2485237527,1896338.9487480572,10
-1199979.935807225,1896338.9487480572,10
-1199516.6230906977,1896338.9487480572,10
-1199053.31037417,1896338.9487480572,10
-1198589.9976576427,1896338.9487480572,10
-1198126.684941115,1896338.9487480572,10
-1197663.3722245875,1896338.9487480572,10
-1197200.05950806,1896338.9487480572,10
-1196736.7467915327,1896338.9487480572,10
-1196273.4340750051,1896338.9487480572,10
-1195810.1213584775,1896338.9487480572,10
-1195346.8086419501,1896338.9487480572,10
-1194883.4959254225,1896338.9487480572,10
-1194420.1832088951,1896338.9487480572,10
-1193956.8704923675,1896338.9487480572,10
-1193493.5577758402,1896338.9487480572,10
-1193030.2450593126,1896338.9487480572,10
-1192566.9323427852,1896338.9487480572,10
-1192103.6196262576,1896338.9487480572,10
-1191640.3069097302,1896338.9487480572,10
-1191176.9941932026,1896338.9487480572,10
-1190713.6814766752,1896338.9487480572,10
-1190250.3687601476,1896338.9487480572,10
-1189787.0560436202,1896338.9487480572,10
-1189323.7433270926,1896338.9487480572,10
-1188860.430610565,1896338.9487480572,10
-1188397.1178940376,1896338.9487480572,10
-1187933.80517751,1896338.9487480572,10
-1187470.4924609826,1896338.9487480572,10
-1187007.179744455,1896338.9487480572,10
-1186543.8670279277,1896338.9487480572,10
-1186080.5543114,1896338.9487480572,10
-1185617.2415948727,1896338.9487480572,10
-1185153.928878345,1896338.9487480572,10
-1184690.6161618177,1896338.9487480572,10
-1184227.30344529,1896338.9487480572,10
-1183763.9907287627,1896338.9487480572,10
-1183300.678012235,1896338.9487480572,10
-1182837.3652957077,1896338.9487480572,10
-1182374.05257918,1896338.9487480572,10
-1181910.7398626525,1896338.9487480572,10
-1181447.4271461251,1896338.9487480572,10
-1180984.1144295975,1896338.9487480572,10
-1180520.8017130701,1896338.9487480572,10
-1180057.4889965425,1896338.9487480572,10
-1179594.1762800151,1896338.9487480572,10
-1179130.8635634875,1896338.9487480572,10
-1178667.5508469602,1896338.9487480572,10
-1178204.2381304326,1896338.9487480572,10
-1177740.9254139052,1896338.9487480572,10
-1177277.6126973776,1896338.9487480572,10
-1176814.2999808502,1896338.9487480572,10
-1176350.9872643226,1896338.9487480572,10
-1175887.6745477952,1896338.9487480572,10
-1175424.3618312676,1896338.9487480572,10
-1174961.04911474,1896338.9487480572,10
-1174497.7363982126,1896338.9487480572,10
-1174034.4236816852,1896338.9487480572,10
-1173571.1109651576,1896338.9487480572,10
-1173107.79824863,1896338.9487480572,10
-1172644.4855321026,1896338.9487480572,10
-1172181.172815575,1896338.9487480572,10
-1171717.8600990477,1896338.9487480572,10
-1171254.54738252,1896338.9487480572,10
-1170791.2346659927,1896338.9487480572,10
-1170327.921949465,1896338.9487480572,10
-1169864.6092329377,1896338.9487480572,10
-1169401.29651641,1896338.9487480572,10
-1168937.9837998827,1896338.9487480572,10
-1168474.671083355,1896338.9487480572,10
-1168011.3583668275,1896338.9487480572,10
-1167548.0456503,1896338.9487480572,10
-1344533.5033638051,1895875.6360315296,10
-1344070.1906472775,1895875.6360315296,10
-1343606.8779307501,1895875.6360315296,10
-1343143.5652142225,1895875.6360315296,10
-1342680.2524976952,1895875.6360315296,10
-1342216.9397811675,1895875.6360315296,10
-1341753.6270646402,1895875.6360315296,10
-1341290.3143481126,1895875.6360315296,10
-1340827.0016315852,1895875.6360315296,10
-1340363.6889150576,1895875.6360315296,10
-1339900.3761985302,1895875.6360315296,10
-1339437.0634820026,1895875.6360315296,10
-1338973.7507654752,1895875.6360315296,10
-1338510.4380489476,1895875.6360315296,10
-1338047.1253324202,1895875.6360315296,10
-1337583.8126158926,1895875.6360315296,10
-1337120.499899365,1895875.6360315296,10
-1336657.1871828376,1895875.6360315296,10
-1336193.87446631,1895875.6360315296,16
-1335730.5617497826,1895875.6360315296,16
-1335267.249033255,1895875.6360315296,16
-1334803.9363167277,1895875.6360315296,16
-1334340.6236002,1895875.6360315296,16
-1333877.3108836727,1895875.6360315296,16
-1333413.998167145,1895875.6360315296,16
-1332950.6854506177,1895875.6360315296,16
-1332487.37273409,1895875.6360315296,16
-1332024.0600175627,1895875.6360315296,16
-1331560.747301035,1895875.6360315296,16
-1331097.4345845077,1895875.6360315296,16
-1330634.12186798,1895875.6360315296,16
-1330170.8091514525,1895875.6360315296,10
-1329707.4964349251,1895875.6360315296,10
-1329244.1837183975,1895875.6360315296,10
-1328780.8710018701,1895875.6360315296,16
-1328317.5582853425,1895875.6360315296,16
-1327854.2455688152,1895875.6360315296,16
-1327390.9328522875,1895875.6360315296,16
-1326927.6201357602,1895875.6360315296,16
-1326464.3074192326,1895875.6360315296,16
-1326000.9947027052,1895875.6360315296,16
-1325537.6819861776,1895875.6360315296,16
-1325074.3692696502,1895875.6360315296,16
-1324611.0565531226,1895875.6360315296,16
-1324147.7438365952,1895875.6360315296,16
-1323684.4311200676,1895875.6360315296,16
-1323221.11840354,1895875.6360315296,16
-1322757.8056870126,1895875.6360315296,16
-1322294.492970485,1895875.6360315296,16
-1321831.1802539576,1895875.6360315296,16
-1321367.86753743,1895875.6360315296,16
-1320904.5548209026,1895875.6360315296,16
-1320441.242104375,1895875.6360315296,16
-1319977.9293878477,1895875.6360315296,16
-1319514.61667132,1895875.6360315296,16
-1319051.3039547927,1895875.6360315296,16
-1318587.991238265,1895875.6360315296,16
-1318124.6785217377,1895875.6360315296,16
-1317661.36580521,1895875.6360315296,16
-1317198.0530886827,1895875.6360315296,16
-1316734.740372155,1895875.6360315296,16
-1316271.4276556277,1895875.6360315296,16
-1315808.1149391,1895875.6360315296,16
-1315344.8022225727,1895875.6360315296,16
-1314881.4895060451,1895875.6360315296,16
-1314418.1767895175,1895875.6360315296,16
-1313954.8640729901,1895875.6360315296,16
-1313491.5513564625,1895875.6360315296,16
-1313028.2386399352,1895875.6360315296,16
-1312564.9259234075,1895875.6360315296,16
-1312101.6132068802,1895875.6360315296,16
-1311638.3004903526,1895875.6360315296,16
-1311174.9877738252,1895875.6360315296,16
-1310711.6750572976,1895875.6360315296,16
-1310248.3623407702,1895875.6360315296,16
-1309785.0496242426,1895875.6360315296,16
-1309321.7369077152,1895875.6360315296,16
-1308858.4241911876,1895875.6360315296,16
-1308395.1114746602,1895875.6360315296,16
-1307931.7987581326,1895875.6360315296,16
-1307468.486041605,1895875.6360315296,16
-1307005.1733250776,1895875.6360315296,16
-1306541.86060855,1895875.6360315296,16
-1306078.5478920226,1895875.6360315296,16
-1305615.235175495,1895875.6360315296,16
-1305151.9224589677,1895875.6360315296,16
-1304688.60974244,1895875.6360315296,16
-1304225.2970259127,1895875.6360315296,16
-1303761.984309385,1895875.6360315296,16
-1303298.6715928577,1895875.6360315296,16
-1302835.35887633,1895875.6360315296,10
-1302372.0461598027,1895875.6360315296,10
-1301908.733443275,1895875.6360315296,16
-1301445.4207267477,1895875.6360315296,10
-1300982.10801022,1895875.6360315296,10
-1300518.7952936925,1895875.6360315296,10
-1300055.4825771651,1895875.6360315296,16
-1299592.1698606375,1895875.6360315296,10
-1299128.8571441101,1895875.6360315296,10
-1298665.5444275825,1895875.6360315296,10
-1298202.2317110552,1895875.6360315296,10
-1297738.9189945275,1895875.6360315296,10
-1297275.6062780002,1895875.6360315296,10
-1296812.2935614726,1895875.6360315296,10
-1296348.9808449452,1895875.6360315296,10
-1295885.6681284176,1895875.6360315296,10
-1295422.3554118902,1895875.6360315296,10
-1294959.0426953626,1895875.6360315296,10
-1294495.7299788352,1895875.6360315296,10
-1294032.4172623076,1895875.6360315296,16
-1293569.10454578,1895875.6360315296,16
-1293105.7918292526,1895875.6360315296,16
-1292642.479112725,1895875.6360315296,16
-1292179.1663961976,1895875.6360315296,16
-1291715.85367967,1895875.6360315296,16
-1291252.5409631426,1895875.6360315296,16
-1290789.228246615,1895875.6360315296,16
-1290325.9155300877,1895875.6360315296,16
-1289862.60281356,1895875.6360315296,16
-1289399.2900970327,1895875.6360315296,16
-1288935.977380505,1895875.6360315296,10
-1288472.6646639777,1895875.6360315296,7
-1288009.35194745,1895875.6360315296,10
-1287546.0392309227,1895875.6360315296,10
-1287082.726514395,1895875.6360315296,10
-1286619.4137978677,1895875.6360315296,10
-1286156.10108134,1895875.6360315296,10
-1285692.7883648127,1895875.6360315296,10
-1285229.4756482851,1895875.6360315296,16
-1284766.1629317575,1895875.6360315296,16
-1284302.8502152301,1895875.6360315296,16
-1283839.5374987025,1895875.6360315296,16
-1283376.2247821752,1895875.6360315296,16
-1282912.9120656475,1895875.6360315296,16
-1282449.5993491202,1895875.6360315296,16
-1281986.2866325926,1895875.6360315296,16
-1281522.9739160652,1895875.6360315296,16
-1281059.6611995376,1895875.6360315296,16
-1280596.3484830102,1895875.6360315296,16
-1280133.0357664826,1895875.6360315296,16
-1279669.7230499552,1895875.6360315296,16
-1279206.4103334276,1895875.6360315296,16
-1278743.0976169002,1895875.6360315296,16
-1278279.7849003726,1895875.6360315296,16
-1277816.472183845,1895875.6360315296,10
-1277353.1594673176,1895875.6360315296,10
-1276889.84675079,1895875.6360315296,10
-1276426.5340342626,1895875.6360315296,10
-1275963.221317735,1895875.6360315296,10
-1275499.9086012077,1895875.6360315296,10
-1275036.59588468,1895875.6360315296,10
-1274573.2831681527,1895875.6360315296,10
-1274109.970451625,1895875.6360315296,10
-1273646.6577350977,1895875.6360315296,10
-1273183.34501857,1895875.6360315296,10
-1272720.0323020427,1895875.6360315296,10
-1272256.719585515,1895875.6360315296,10
-1271793.4068689877,1895875.6360315296,10
-1271330.09415246,1895875.6360315296,10
-1270866.7814359325,1895875.6360315296,10
-1270403.4687194051,1895875.6360315296,10
-1269940.1560028775,1895875.6360315296,10
-1269476.8432863501,1895875.6360315296,10
-1269013.5305698225,1895875.6360315296,10
-1268550.2178532952,1895875.6360315296,10
-1268086.9051367675,1895875.6360315296,10
-1267623.5924202402,1895875.6360315296,10
-1267160.2797037126,1895875.6360315296,10
-1266696.9669871852,1895875.6360315296,10
-1266233.6542706576,1895875.6360315296,10
-1265770.3415541302,1895875.6360315296,10
-1265307.0288376026,1895875.6360315296,16
-1264843.7161210752,1895875.6360315296,16
-1264380.4034045476,1895875.6360315296,10
-1263917.09068802,1895875.6360315296,10
-1263453.7779714926,1895875.6360315296,10
-1262990.465254965,1895875.6360315296,10
-1262527.1525384376,1895875.6360315296,16
-1262063.83982191,1895875.6360315296,16
-1261600.5271053826,1895875.6360315296,16
-1261137.214388855,1895875.6360315296,16
-1260673.9016723277,1895875.6360315296,16
-1260210.5889558,1895875.6360315296,16
-1259747.2762392727,1895875.6360315296,10
-1259283.963522745,1895875.6360315296,7
-1258820.6508062177,1895875.6360315296,10
-1258357.33808969,1895875.6360315296,10
-1257894.0253731627,1895875.6360315296,10
-1257430.712656635,1895875.6360315296,10
-1256967.3999401077,1895875.6360315296,10
-1256504.08722358,1895875.6360315296,10
-1256040.7745070527,1895875.6360315296,10
-1255577.4617905251,1895875.6360315296,10
-1255114.1490739975,1895875.6360315296,10
-1254650.8363574701,1895875.6360315296,10
-1254187.5236409425,1895875.6360315296,10
-1253724.2109244152,1895875.6360315296,10
-1253260.8982078875,1895875.6360315296,10
-1252797.5854913602,1895875.6360315296,10
-1252334.2727748326,1895875.6360315296,10
-1251870.9600583052,1895875.6360315296,10
-1251407.6473417776,1895875.6360315296,10
-1250944.3346252502,1895875.6360315296,10
-1250481.0219087226,1895875.6360315296,10
-1250017.7091921952,1895875.6360315296,10
-1249554.3964756676,1895875.6360315296,10
-1249091.0837591402,1895875.6360315296,10
-1248627.7710426126,1895875.6360315296,10
-1248164.458326085,1895875.6360315296,10
-1247701.1456095576,1895875.6360315296,10
-1247237.83289303,1895875.6360315296,10
-1246774.5201765026,1895875.6360315296,10
-1246311.207459975,1895875.6360315296,10
-1245847.8947434477,1895875.6360315296,10
-1245384.58202692,1895875.6360315296,10
-1244921.2693103927,1895875.6360315296,10
-1244457.956593865,1895875.6360315296,10
-1243994.6438773377,1895875.6360315296,10
-1243531.33116081,1895875.6360315296,10
-1243068.0184442827,1895875.6360315296,10
-1242604.705727755,1895875.6360315296,10
-1242141.3930112277,1895875.6360315296,10
-1241678.0802947,1895875.6360315296,10
-1241214.7675781725,1895875.6360315296,10
-1240751.4548616451,1895875.6360315296,10
-1240288.1421451175,1895875.6360315296,10
-1239824.8294285901,1895875.6360315296,10
-1239361.5167120625,1895875.6360315296,10
-1238898.2039955352,1895875.6360315296,10
-1238434.8912790075,1895875.6360315296,10
-1237971.5785624802,1895875.6360315296,10
-1237508.2658459526,1895875.6360315296,10
-1237044.9531294252,1895875.6360315296,10
-1236581.6404128976,1895875.6360315296,10
-1236118.3276963702,1895875.6360315296,10
-1235655.0149798426,1895875.6360315296,10
-1235191.7022633152,1895875.6360315296,10
-1234728.3895467876,1895875.6360315296,10
-1234265.07683026,1895875.6360315296,10
-1233801.7641137326,1895875.6360315296,10
-1233338.4513972052,1895875.6360315296,10
-1232875.1386806776,1895875.6360315296,10
-1232411.82596415,1895875.6360315296,10
-1231948.5132476226,1895875.6360315296,10
-1231485.200531095,1895875.6360315296,10
-1231021.8878145677,1895875.6360315296,10
-1230558.57509804,1895875.6360315296,10
-1230095.2623815127,1895875.6360315296,10
-1229631.949664985,1895875.6360315296,10
-1229168.6369484577,1895875.6360315296,10
-1228705.32423193,1895875.6360315296,10
-1228242.0115154027,1895875.6360315296,10
-1227778.698798875,1895875.6360315296,10
-1227315.3860823475,1895875.6360315296,10
-1226852.07336582,1895875.6360315296,10
-1226388.7606492927,1895875.6360315296,10
-1225925.4479327651,1895875.6360315296,10
-1225462.1352162375,1895875.6360315296,10
-1224998.8224997101,1895875.6360315296,10
-1224535.5097831825,1895875.6360315296,10
-1224072.1970666551,1895875.6360315296,10
-1223608.8843501275,1895875.6360315296,10
-1223145.5716336002,1895875.6360315296,10
-1222682.2589170726,1895875.6360315296,10
-1222218.9462005452,1895875.6360315296,10
-1221755.6334840176,1895875.6360315296,10
-1221292.3207674902,1895875.6360315296,10
-1220829.0080509626,1895875.6360315296,10
-1220365.6953344352,1895875.6360315296,10
-1219902.3826179076,1895875.6360315296,10
-1219439.0699013802,1895875.6360315296,10
-1218975.7571848526,1895875.6360315296,10
-1218512.444468325,1895875.6360315296,10
-1218049.1317517976,1895875.6360315296,10
-1217585.81903527,1895875.6360315296,10
-1217122.5063187426,1895875.6360315296,10
-1216659.193602215,1895875.6360315296,10
-1216195.8808856877,1895875.6360315296,10
-1215732.56816916,1895875.6360315296,10
-1215269.2554526327,1895875.6360315296,10
-1214805.942736105,1895875.6360315296,10
-1214342.6300195777,1895875.6360315296,10
-1213879.31730305,1895875.6360315296,10
-1213416.0045865227,1895875.6360315296,10
-1212952.691869995,1895875.6360315296,10
-1212489.3791534677,1895875.6360315296,10
-1212026.06643694,1895875.6360315296,10
-1211562.7537204125,1895875.6360315296,10
-1211099.4410038851,1895875.6360315296,10
-1210636.1282873575,1895875.6360315296,10
-1210172.8155708301,1895875.6360315296,10
-1209709.5028543025,1895875.6360315296,10
-1209246.1901377751,1895875.6360315296,10
-1208782.8774212475,1895875.6360315296,10
-1208319.5647047202,1895875.6360315296,10
-1207856.2519881926,1895875.6360315296,16
-1207392.9392716652,1895875.6360315296,16
-1206929.6265551376,1895875.6360315296,16
-1206466.3138386102,1895875.6360315296,10
-1206003.0011220826,1895875.6360315296,10
-1205539.6884055552,1895875.6360315296,10
-1205076.3756890276,1895875.6360315296,10
-1204613.0629725,1895875.6360315296,10
-1204149.7502559726,1895875.6360315296,10
-1203686.4375394452,1895875.6360315296,10
-1203223.1248229176,1895875.6360315296,10
-1202759.81210639,1895875.6360315296,10
-1202296.4993898626,1895875.6360315296,10
-1201833.186673335,1895875.6360315296,10
-1201369.8739568077,1895875.6360315296,10
-1200906.56124028,1895875.6360315296,10
-1200443.2485237527,1895875.6360315296,10
-1199979.935807225,1895875.6360315296,10
-1199516.6230906977,1895875.6360315296,10
-1199053.31037417,1895875.6360315296,10
-1198589.9976576427,1895875.6360315296,10
-1198126.684941115,1895875.6360315296,10
-1197663.3722245875,1895875.6360315296,10
-1197200.05950806,1895875.6360315296,10
-1196736.7467915327,1895875.6360315296,10
-1196273.4340750051,1895875.6360315296,10
-1195810.1213584775,1895875.6360315296,10
-1195346.8086419501,1895875.6360315296,10
-1194883.4959254225,1895875.6360315296,10
-1194420.1832088951,1895875.6360315296,10
-1193956.8704923675,1895875.6360315296,10
-1193493.5577758402,1895875.6360315296,10
-1193030.2450593126,1895875.6360315296,10
-1192566.9323427852,1895875.6360315296,10
-1192103.6196262576,1895875.6360315296,10
-1191640.3069097302,1895875.6360315296,10
-1191176.9941932026,1895875.6360315296,10
-1190713.6814766752,1895875.6360315296,10
-1190250.3687601476,1895875.6360315296,10
-1189787.0560436202,1895875.6360315296,10
-1189323.7433270926,1895875.6360315296,10
-1188860.430610565,1895875.6360315296,10
-1188397.1178940376,1895875.6360315296,10
-1187933.80517751,1895875.6360315296,10
-1187470.4924609826,1895875.6360315296,10
-1187007.179744455,1895875.6360315296,10
-1186543.8670279277,1895875.6360315296,10
-1186080.5543114,1895875.6360315296,10
-1185617.2415948727,1895875.6360315296,10
-1185153.928878345,1895875.6360315296,10
-1184690.6161618177,1895875.6360315296,10
-1184227.30344529,1895875.6360315296,10
-1183763.9907287627,1895875.6360315296,10
-1183300.678012235,1895875.6360315296,10
-1182837.3652957077,1895875.6360315296,10
-1182374.05257918,1895875.6360315296,10
-1181910.7398626525,1895875.6360315296,10
-1181447.4271461251,1895875.6360315296,10
-1180984.1144295975,1895875.6360315296,10
-1180520.8017130701,1895875.6360315296,10
-1180057.4889965425,1895875.6360315296,10
-1179594.1762800151,1895875.6360315296,10
-1179130.8635634875,1895875.6360315296,10
-1178667.5508469602,1895875.6360315296,10
-1178204.2381304326,1895875.6360315296,10
-1177740.9254139052,1895875.6360315296,10
-1177277.6126973776,1895875.6360315296,10
-1176814.2999808502,1895875.6360315296,10
-1176350.9872643226,1895875.6360315296,10
-1175887.6745477952,1895875.6360315296,10
-1175424.3618312676,1895875.6360315296,10
-1174961.04911474,1895875.6360315296,10
-1174497.7363982126,1895875.6360315296,10
-1174034.4236816852,1895875.6360315296,10
-1173571.1109651576,1895875.6360315296,10
-1173107.79824863,1895875.6360315296,10
-1172644.4855321026,1895875.6360315296,10
-1172181.172815575,1895875.6360315296,10
-1171717.8600990477,1895875.6360315296,10
-1171254.54738252,1895875.6360315296,10
-1170791.2346659927,1895875.6360315296,10
-1170327.921949465,1895875.6360315296,10
-1169864.6092329377,1895875.6360315296,10
-1169401.29651641,1895875.6360315296,10
-1168937.9837998827,1895875.6360315296,10
-1168474.671083355,1895875.6360315296,10
-1168011.3583668275,1895875.6360315296,10
-1345923.4415133877,1895412.3233150023,10
-1345460.12879686,1895412.3233150023,10
-1344996.8160803327,1895412.3233150023,10
-1344533.5033638051,1895412.3233150023,10
-1344070.1906472775,1895412.3233150023,10
-1343606.8779307501,1895412.3233150023,10
-1343143.5652142225,1895412.3233150023,10
-1342680.2524976952,1895412.3233150023,10
-1342216.9397811675,1895412.3233150023,10
-1341753.6270646402,1895412.3233150023,10
-1341290.3143481126,1895412.3233150023,10
-1340827.0016315852,1895412.3233150023,10
-1340363.6889150576,1895412.3233150023,10
-1339900.3761985302,1895412.3233150023,10
-1339437.0634820026,1895412.3233150023,10
-1338973.7507654752,1895412.3233150023,10
-1338510.4380489476,1895412.3233150023,10
-1338047.1253324202,1895412.3233150023,10
-1337583.8126158926,1895412.3233150023,10
-1337120.499899365,1895412.3233150023,10
-1336657.1871828376,1895412.3233150023,10
-1336193.87446631,1895412.3233150023,10
-1335730.5617497826,1895412.3233150023,10
-1335267.249033255,1895412.3233150023,16
-1334803.9363167277,1895412.3233150023,16
-1334340.6236002,1895412.3233150023,16
-1333877.3108836727,1895412.3233150023,16
-1333413.998167145,1895412.3233150023,16
-1332950.6854506177,1895412.3233150023,16
-1332487.37273409,1895412.3233150023,16
-1332024.0600175627,1895412.3233150023,16
-1331560.747301035,1895412.3233150023,16
-1331097.4345845077,1895412.3233150023,16
-1330634.12186798,1895412.3233150023,16
-1330170.8091514525,1895412.3233150023,16
-1329707.4964349251,1895412.3233150023,10
-1329244.1837183975,1895412.3233150023,10
-1328780.8710018701,1895412.3233150023,16
-1328317.5582853425,1895412.3233150023,16
-1327854.2455688152,1895412.3233150023,16
-1327390.9328522875,1895412.3233150023,16
-1326927.6201357602,1895412.3233150023,16
-1326464.3074192326,1895412.3233150023,16
-1326000.9947027052,1895412.3233150023,16
-1325537.6819861776,1895412.3233150023,16
-1325074.3692696502,1895412.3233150023,16
-1324611.0565531226,1895412.3233150023,16
-1324147.7438365952,1895412.3233150023,16
-1323684.4311200676,1895412.3233150023,16
-1323221.11840354,1895412.3233150023,16
-1322757.8056870126,1895412.3233150023,16
-1322294.492970485,1895412.3233150023,16
-1321831.1802539576,1895412.3233150023,16
-1321367.86753743,1895412.3233150023,16
-1320904.5548209026,1895412.3233150023,16
-1320441.242104375,1895412.3233150023,16
-1319977.9293878477,1895412.3233150023,16
-1319514.61667132,1895412.3233150023,10
-1319051.3039547927,1895412.3233150023,16
-1318587.991238265,1895412.3233150023,16
-1318124.6785217377,1895412.3233150023,16
-1317661.36580521,1895412.3233150023,10
-1317198.0530886827,1895412.3233150023,10
-1316734.740372155,1895412.3233150023,16
-1316271.4276556277,1895412.3233150023,16
-1315808.1149391,1895412.3233150023,16
-1315344.8022225727,1895412.3233150023,16
-1314881.4895060451,1895412.3233150023,16
-1314418.1767895175,1895412.3233150023,16
-1313954.8640729901,1895412.3233150023,16
-1313491.5513564625,1895412.3233150023,16
-1313028.2386399352,1895412.3233150023,16
-1312564.9259234075,1895412.3233150023,16
-1312101.6132068802,1895412.3233150023,16
-1311638.3004903526,1895412.3233150023,16
-1311174.9877738252,1895412.3233150023,16
-1310711.6750572976,1895412.3233150023,16
-1310248.3623407702,1895412.3233150023,16
-1309785.0496242426,1895412.3233150023,16
-1309321.7369077152,1895412.3233150023,16
-1308858.4241911876,1895412.3233150023,16
-1308395.1114746602,1895412.3233150023,16
-1307931.7987581326,1895412.3233150023,16
-1307468.486041605,1895412.3233150023,16
-1307005.1733250776,1895412.3233150023,16
-1306541.86060855,1895412.3233150023,16
-1306078.5478920226,1895412.3233150023,16
-1305615.235175495,1895412.3233150023,16
-1305151.9224589677,1895412.3233150023,16
-1304688.60974244,1895412.3233150023,16
-1304225.2970259127,1895412.3233150023,16
-1303761.984309385,1895412.3233150023,16
-1303298.6715928577,1895412.3233150023,16
-1302835.35887633,1895412.3233150023,10
-1302372.0461598027,1895412.3233150023,10
-1301908.733443275,1895412.3233150023,16
-1301445.4207267477,1895412.3233150023,10
-1300982.10801022,1895412.3233150023,10
-1300518.7952936925,1895412.3233150023,10
-1300055.4825771651,1895412.3233150023,10
-1299592.1698606375,1895412.3233150023,10
-1299128.8571441101,1895412.3233150023,10
-1298665.5444275825,1895412.3233150023,16
-1298202.2317110552,1895412.3233150023,10
-1297738.9189945275,1895412.3233150023,7
-1297275.6062780002,1895412.3233150023,7
-1296812.2935614726,1895412.3233150023,10
-1296348.9808449452,1895412.3233150023,10
-1295885.6681284176,1895412.3233150023,10
-1295422.3554118902,1895412.3233150023,10
-1294959.0426953626,1895412.3233150023,10
-1294495.7299788352,1895412.3233150023,10
-1294032.4172623076,1895412.3233150023,10
-1293569.10454578,1895412.3233150023,16
-1293105.7918292526,1895412.3233150023,10
-1292642.479112725,1895412.3233150023,10
-1292179.1663961976,1895412.3233150023,16
-1291715.85367967,1895412.3233150023,16
-1291252.5409631426,1895412.3233150023,16
-1290789.228246615,1895412.3233150023,16
-1290325.9155300877,1895412.3233150023,16
-1289862.60281356,1895412.3233150023,16
-1289399.2900970327,1895412.3233150023,16
-1288935.977380505,1895412.3233150023,16
-1288472.6646639777,1895412.3233150023,10
-1288009.35194745,1895412.3233150023,10
-1287546.0392309227,1895412.3233150023,10
-1287082.726514395,1895412.3233150023,10
-1286619.4137978677,1895412.3233150023,10
-1286156.10108134,1895412.3233150023,10
-1285692.7883648127,1895412.3233150023,10
-1285229.4756482851,1895412.3233150023,10
-1284766.1629317575,1895412.3233150023,10
-1284302.8502152301,1895412.3233150023,10
-1283839.5374987025,1895412.3233150023,16
-1283376.2247821752,1895412.3233150023,16
-1282912.9120656475,1895412.3233150023,16
-1282449.5993491202,1895412.3233150023,16
-1281986.2866325926,1895412.3233150023,16
-1281522.9739160652,1895412.3233150023,10
-1281059.6611995376,1895412.3233150023,16
-1280596.3484830102,1895412.3233150023,16
-1280133.0357664826,1895412.3233150023,16
-1279669.7230499552,1895412.3233150023,16
-1279206.4103334276,1895412.3233150023,16
-1278743.0976169002,1895412.3233150023,16
-1278279.7849003726,1895412.3233150023,16
-1277816.472183845,1895412.3233150023,10
-1277353.1594673176,1895412.3233150023,10
-1276889.84675079,1895412.3233150023,10
-1276426.5340342626,1895412.3233150023,10
-1275963.221317735,1895412.3233150023,10
-1275499.9086012077,1895412.3233150023,10
-1275036.59588468,1895412.3233150023,10
-1274573.2831681527,1895412.3233150023,10
-1274109.970451625,1895412.3233150023,10
-1273646.6577350977,1895412.3233150023,10
-1273183.34501857,1895412.3233150023,10
-1272720.0323020427,1895412.3233150023,10
-1272256.719585515,1895412.3233150023,10
-1271793.4068689877,1895412.3233150023,10
-1271330.09415246,1895412.3233150023,10
-1270866.7814359325,1895412.3233150023,10
-1270403.4687194051,1895412.3233150023,10
-1269940.1560028775,1895412.3233150023,10
-1269476.8432863501,1895412.3233150023,10
-1269013.5305698225,1895412.3233150023,10
-1268550.2178532952,1895412.3233150023,10
-1268086.9051367675,1895412.3233150023,10
-1267623.5924202402,1895412.3233150023,10
-1267160.2797037126,1895412.3233150023,10
-1266696.9669871852,1895412.3233150023,10
-1266233.6542706576,1895412.3233150023,10
-1265770.3415541302,1895412.3233150023,10
-1265307.0288376026,1895412.3233150023,10
-1264843.7161210752,1895412.3233150023,10
-1264380.4034045476,1895412.3233150023,10
-1263917.09068802,1895412.3233150023,10
-1263453.7779714926,1895412.3233150023,10
-1262990.465254965,1895412.3233150023,16
-1262527.1525384376,1895412.3233150023,16
-1262063.83982191,1895412.3233150023,16
-1261600.5271053826,1895412.3233150023,16
-1261137.214388855,1895412.3233150023,16
-1260673.9016723277,1895412.3233150023,16
-1260210.5889558,1895412.3233150023,16
-1259747.2762392727,1895412.3233150023,7
-1259283.963522745,1895412.3233150023,10
-1258820.6508062177,1895412.3233150023,10
-1258357.33808969,1895412.3233150023,16
-1257894.0253731627,1895412.3233150023,16
-1257430.712656635,1895412.3233150023,16
-1256967.3999401077,1895412.3233150023,16
-1256504.08722358,1895412.3233150023,10
-1256040.7745070527,1895412.3233150023,10
-1255577.4617905251,1895412.3233150023,10
-1255114.1490739975,1895412.3233150023,10
-1254650.8363574701,1895412.3233150023,10
-1254187.5236409425,1895412.3233150023,10
-1253724.2109244152,1895412.3233150023,10
-1253260.8982078875,1895412.3233150023,10
-1252797.5854913602,1895412.3233150023,10
-1252334.2727748326,1895412.3233150023,10
-1251870.9600583052,1895412.3233150023,10
-1251407.6473417776,1895412.3233150023,10
-1250944.3346252502,1895412.3233150023,10
-1250481.0219087226,1895412.3233150023,10
-1250017.7091921952,1895412.3233150023,10
-1249554.3964756676,1895412.3233150023,10
-1249091.0837591402,1895412.3233150023,10
-1248627.7710426126,1895412.3233150023,10
-1248164.458326085,1895412.3233150023,10
-1247701.1456095576,1895412.3233150023,10
-1247237.83289303,1895412.3233150023,10
-1246774.5201765026,1895412.3233150023,10
-1246311.207459975,1895412.3233150023,10
-1245847.8947434477,1895412.3233150023,10
-1245384.58202692,1895412.3233150023,10
-1244921.2693103927,1895412.3233150023,10
-1244457.956593865,1895412.3233150023,10
-1243994.6438773377,1895412.3233150023,10
-1243531.33116081,1895412.3233150023,10
-1243068.0184442827,1895412.3233150023,10
-1242604.705727755,1895412.3233150023,10
-1242141.3930112277,1895412.3233150023,10
-1241678.0802947,1895412.3233150023,10
-1241214.7675781725,1895412.3233150023,10
-1240751.4548616451,1895412.3233150023,10
-1240288.1421451175,1895412.3233150023,10
-1239824.8294285901,1895412.3233150023,10
-1239361.5167120625,1895412.3233150023,10
-1238898.2039955352,1895412.3233150023,10
-1238434.8912790075,1895412.3233150023,10
-1237971.5785624802,1895412.3233150023,10
-1237508.2658459526,1895412.3233150023,10
-1237044.9531294252,1895412.3233150023,10
-1236581.6404128976,1895412.3233150023,10
-1236118.3276963702,1895412.3233150023,10
-1235655.0149798426,1895412.3233150023,10
-1235191.7022633152,1895412.3233150023,10
-1234728.3895467876,1895412.3233150023,10
-1234265.07683026,1895412.3233150023,10
-1233801.7641137326,1895412.3233150023,10
-1233338.4513972052,1895412.3233150023,10
-1232875.1386806776,1895412.3233150023,10
-1232411.82596415,1895412.3233150023,10
-1231948.5132476226,1895412.3233150023,10
-1231485.200531095,1895412.3233150023,10
-1231021.8878145677,1895412.3233150023,10
-1230558.57509804,1895412.3233150023,10
-1230095.2623815127,1895412.3233150023,10
-1229631.949664985,1895412.3233150023,10
-1229168.6369484577,1895412.3233150023,10
-1228705.32423193,1895412.3233150023,10
-1228242.0115154027,1895412.3233150023,10
-1227778.698798875,1895412.3233150023,10
-1227315.3860823475,1895412.3233150023,10
-1226852.07336582,1895412.3233150023,10
-1226388.7606492927,1895412.3233150023,10
-1225925.4479327651,1895412.3233150023,10
-1225462.1352162375,1895412.3233150023,10
-1224998.8224997101,1895412.3233150023,10
-1224535.5097831825,1895412.3233150023,10
-1224072.1970666551,1895412.3233150023,10
-1223608.8843501275,1895412.3233150023,10
-1223145.5716336002,1895412.3233150023,10
-1222682.2589170726,1895412.3233150023,10
-1222218.9462005452,1895412.3233150023,10
-1221755.6334840176,1895412.3233150023,10
-1221292.3207674902,1895412.3233150023,10
-1220829.0080509626,1895412.3233150023,10
-1220365.6953344352,1895412.3233150023,10
-1219902.3826179076,1895412.3233150023,10
-1219439.0699013802,1895412.3233150023,10
-1218975.7571848526,1895412.3233150023,10
-1218512.444468325,1895412.3233150023,10
-1218049.1317517976,1895412.3233150023,10
-1217585.81903527,1895412.3233150023,10
-1217122.5063187426,1895412.3233150023,10
-1216659.193602215,1895412.3233150023,10
-1216195.8808856877,1895412.3233150023,10
-1215732.56816916,1895412.3233150023,10
-1215269.2554526327,1895412.3233150023,10
-1214805.942736105,1895412.3233150023,10
-1214342.6300195777,1895412.3233150023,10
-1213879.31730305,1895412.3233150023,10
-1213416.0045865227,1895412.3233150023,10
-1212952.691869995,1895412.3233150023,10
-1212489.3791534677,1895412.3233150023,10
-1212026.06643694,1895412.3233150023,10
-1211562.7537204125,1895412.3233150023,10
-1211099.4410038851,1895412.3233150023,10
-1210636.1282873575,1895412.3233150023,10
-1210172.8155708301,1895412.3233150023,10
-1209709.5028543025,1895412.3233150023,7
-1209246.1901377751,1895412.3233150023,7
-1208782.8774212475,1895412.3233150023,7
-1208319.5647047202,1895412.3233150023,10
-1207856.2519881926,1895412.3233150023,10
-1207392.9392716652,1895412.3233150023,16
-1206929.6265551376,1895412.3233150023,16
-1206466.3138386102,1895412.3233150023,10
-1206003.0011220826,1895412.3233150023,10
-1205539.6884055552,1895412.3233150023,10
-1205076.3756890276,1895412.3233150023,10
-1204613.0629725,1895412.3233150023,10
-1204149.7502559726,1895412.3233150023,10
-1203686.4375394452,1895412.3233150023,10
-1203223.1248229176,1895412.3233150023,10
-1202759.81210639,1895412.3233150023,10
-1202296.4993898626,1895412.3233150023,10
-1201833.186673335,1895412.3233150023,10
-1201369.8739568077,1895412.3233150023,10
-1200906.56124028,1895412.3233150023,10
-1200443.2485237527,1895412.3233150023,10
-1199979.935807225,1895412.3233150023,10
-1199516.6230906977,1895412.3233150023,10
-1199053.31037417,1895412.3233150023,10
-1198589.9976576427,1895412.3233150023,10
-1198126.684941115,1895412.3233150023,10
-1197663.3722245875,1895412.3233150023,10
-1197200.05950806,1895412.3233150023,10
-1196736.7467915327,1895412.3233150023,10
-1196273.4340750051,1895412.3233150023,10
-1195810.1213584775,1895412.3233150023,10
-1195346.8086419501,1895412.3233150023,10
-1194883.4959254225,1895412.3233150023,10
-1194420.1832088951,1895412.3233150023,10
-1193956.8704923675,1895412.3233150023,10
-1193493.5577758402,1895412.3233150023,10
-1193030.2450593126,1895412.3233150023,10
-1192566.9323427852,1895412.3233150023,10
-1192103.6196262576,1895412.3233150023,10
-1191640.3069097302,1895412.3233150023,10
-1191176.9941932026,1895412.3233150023,10
-1190713.6814766752,1895412.3233150023,10
-1190250.3687601476,1895412.3233150023,10
-1189787.0560436202,1895412.3233150023,10
-1189323.7433270926,1895412.3233150023,10
-1188860.430610565,1895412.3233150023,10
-1188397.1178940376,1895412.3233150023,10
-1187933.80517751,1895412.3233150023,10
-1187470.4924609826,1895412.3233150023,10
-1187007.179744455,1895412.3233150023,10
-1186543.8670279277,1895412.3233150023,10
-1186080.5543114,1895412.3233150023,10
-1185617.2415948727,1895412.3233150023,10
-1185153.928878345,1895412.3233150023,10
-1184690.6161618177,1895412.3233150023,10
-1184227.30344529,1895412.3233150023,10
-1183763.9907287627,1895412.3233150023,10
-1183300.678012235,1895412.3233150023,10
-1182837.3652957077,1895412.3233150023,10
-1182374.05257918,1895412.3233150023,10
-1181910.7398626525,1895412.3233150023,10
-1181447.4271461251,1895412.3233150023,10
-1180984.1144295975,1895412.3233150023,10
-1180520.8017130701,1895412.3233150023,10
-1180057.4889965425,1895412.3233150023,10
-1179594.1762800151,1895412.3233150023,10
-1179130.8635634875,1895412.3233150023,10
-1178667.5508469602,1895412.3233150023,10
-1178204.2381304326,1895412.3233150023,10
-1177740.9254139052,1895412.3233150023,10
-1177277.6126973776,1895412.3233150023,10
-1176814.2999808502,1895412.3233150023,10
-1176350.9872643226,1895412.3233150023,10
-1175887.6745477952,1895412.3233150023,10
-1175424.3618312676,1895412.3233150023,10
-1174961.04911474,1895412.3233150023,10
-1174497.7363982126,1895412.3233150023,10
-1174034.4236816852,1895412.3233150023,10
-1173571.1109651576,1895412.3233150023,10
-1173107.79824863,1895412.3233150023,10
-1172644.4855321026,1895412.3233150023,10
-1172181.172815575,1895412.3233150023,10
-1171717.8600990477,1895412.3233150023,10
-1171254.54738252,1895412.3233150023,10
-1170791.2346659927,1895412.3233150023,10
-1170327.921949465,1895412.3233150023,10
-1169864.6092329377,1895412.3233150023,10
-1169401.29651641,1895412.3233150023,10
-1168937.9837998827,1895412.3233150023,10
-1168474.671083355,1895412.3233150023,10
-1168011.3583668275,1895412.3233150023,10
-1352409.8195447726,1894949.0105984746,10
-1351946.506828245,1894949.0105984746,10
-1351483.1941117176,1894949.0105984746,10
-1351019.88139519,1894949.0105984746,10
-1350556.5686786626,1894949.0105984746,10
-1350093.255962135,1894949.0105984746,10
-1349629.9432456077,1894949.0105984746,10
-1349166.63052908,1894949.0105984746,10
-1348703.3178125527,1894949.0105984746,10
-1348240.005096025,1894949.0105984746,10
-1347776.6923794977,1894949.0105984746,10
-1347313.37966297,1894949.0105984746,10
-1346850.0669464427,1894949.0105984746,10
-1346386.754229915,1894949.0105984746,10
-1345923.4415133877,1894949.0105984746,10
-1345460.12879686,1894949.0105984746,10
-1344996.8160803327,1894949.0105984746,10
-1344533.5033638051,1894949.0105984746,10
-1344070.1906472775,1894949.0105984746,10
-1343606.8779307501,1894949.0105984746,10
-1343143.5652142225,1894949.0105984746,10
-1342680.2524976952,1894949.0105984746,10
-1342216.9397811675,1894949.0105984746,10
-1341753.6270646402,1894949.0105984746,10
-1341290.3143481126,1894949.0105984746,10
-1340827.0016315852,1894949.0105984746,10
-1340363.6889150576,1894949.0105984746,10
-1339900.3761985302,1894949.0105984746,10
-1339437.0634820026,1894949.0105984746,10
-1338973.7507654752,1894949.0105984746,10
-1338510.4380489476,1894949.0105984746,10
-1338047.1253324202,1894949.0105984746,10
-1337583.8126158926,1894949.0105984746,10
-1337120.499899365,1894949.0105984746,10
-1336657.1871828376,1894949.0105984746,10
-1336193.87446631,1894949.0105984746,10
-1335730.5617497826,1894949.0105984746,10
-1335267.249033255,1894949.0105984746,10
-1334803.9363167277,1894949.0105984746,10
-1334340.6236002,1894949.0105984746,10
-1333877.3108836727,1894949.0105984746,16
-1333413.998167145,1894949.0105984746,16
-1332950.6854506177,1894949.0105984746,16
-1332487.37273409,1894949.0105984746,16
-1332024.0600175627,1894949.0105984746,16
-1331560.747301035,1894949.0105984746,16
-1331097.4345845077,1894949.0105984746,10
-1330634.12186798,1894949.0105984746,16
-1330170.8091514525,1894949.0105984746,16
-1329707.4964349251,1894949.0105984746,16
-1329244.1837183975,1894949.0105984746,16
-1328780.8710018701,1894949.0105984746,16
-1328317.5582853425,1894949.0105984746,16
-1327854.2455688152,1894949.0105984746,16
-1327390.9328522875,1894949.0105984746,16
-1326927.6201357602,1894949.0105984746,16
-1326464.3074192326,1894949.0105984746,16
-1326000.9947027052,1894949.0105984746,16
-1325537.6819861776,1894949.0105984746,16
-1325074.3692696502,1894949.0105984746,16
-1324611.0565531226,1894949.0105984746,16
-1324147.7438365952,1894949.0105984746,16
-1323684.4311200676,1894949.0105984746,16
-1323221.11840354,1894949.0105984746,16
-1322757.8056870126,1894949.0105984746,16
-1322294.492970485,1894949.0105984746,16
-1321831.1802539576,1894949.0105984746,16
-1321367.86753743,1894949.0105984746,16
-1320904.5548209026,1894949.0105984746,16
-1320441.242104375,1894949.0105984746,16
-1319977.9293878477,1894949.0105984746,16
-1319514.61667132,1894949.0105984746,16
-1319051.3039547927,1894949.0105984746,10
-1318587.991238265,1894949.0105984746,16
-1318124.6785217377,1894949.0105984746,16
-1317661.36580521,1894949.0105984746,16
-1317198.0530886827,1894949.0105984746,10
-1316734.740372155,1894949.0105984746,10
-1316271.4276556277,1894949.0105984746,16
-1315808.1149391,1894949.0105984746,16
-1315344.8022225727,1894949.0105984746,16
-1314881.4895060451,1894949.0105984746,16
-1314418.1767895175,1894949.0105984746,16
-1313954.8640729901,1894949.0105984746,16
-1313491.5513564625,1894949.0105984746,16
-1313028.2386399352,1894949.0105984746,16
-1312564.9259234075,1894949.0105984746,16
-1312101.6132068802,1894949.0105984746,16
-1311638.3004903526,1894949.0105984746,16
-1311174.9877738252,1894949.0105984746,10
-1310711.6750572976,1894949.0105984746,16
-1310248.3623407702,1894949.0105984746,16
-1309785.0496242426,1894949.0105984746,16
-1309321.7369077152,1894949.0105984746,16
-1308858.4241911876,1894949.0105984746,16
-1308395.1114746602,1894949.0105984746,16
-1307931.7987581326,1894949.0105984746,16
-1307468.486041605,1894949.0105984746,16
-1307005.1733250776,1894949.0105984746,16
-1306541.86060855,1894949.0105984746,16
-1306078.5478920226,1894949.0105984746,16
-1305615.235175495,1894949.0105984746,16
-1305151.9224589677,1894949.0105984746,16
-1304688.60974244,1894949.0105984746,16
-1304225.2970259127,1894949.0105984746,16
-1303761.984309385,1894949.0105984746,16
-1303298.6715928577,1894949.0105984746,16
-1302835.35887633,1894949.0105984746,10
-1302372.0461598027,1894949.0105984746,10
-1301908.733443275,1894949.0105984746,10
-1301445.4207267477,1894949.0105984746,16
-1300982.10801022,1894949.0105984746,16
-1300518.7952936925,1894949.0105984746,16
-1300055.4825771651,1894949.0105984746,10
-1299592.1698606375,1894949.0105984746,10
-1299128.8571441101,1894949.0105984746,10
-1298665.5444275825,1894949.0105984746,10
-1298202.2317110552,1894949.0105984746,16
-1297738.9189945275,1894949.0105984746,10
-1297275.6062780002,1894949.0105984746,7
-1296812.2935614726,1894949.0105984746,10
-1296348.9808449452,1894949.0105984746,10
-1295885.6681284176,1894949.0105984746,10
-1295422.3554118902,1894949.0105984746,10
-1294959.0426953626,1894949.0105984746,10
-1294495.7299788352,1894949.0105984746,10
-1294032.4172623076,1894949.0105984746,10
-1293569.10454578,1894949.0105984746,10
-1293105.7918292526,1894949.0105984746,16
-1292642.479112725,1894949.0105984746,10
-1292179.1663961976,1894949.0105984746,10
-1291715.85367967,1894949.0105984746,16
-1291252.5409631426,1894949.0105984746,16
-1290789.228246615,1894949.0105984746,16
-1290325.9155300877,1894949.0105984746,16
-1289862.60281356,1894949.0105984746,16
-1289399.2900970327,1894949.0105984746,10
-1288935.977380505,1894949.0105984746,10
-1288472.6646639777,1894949.0105984746,10
-1288009.35194745,1894949.0105984746,10
-1287546.0392309227,1894949.0105984746,10
-1287082.726514395,1894949.0105984746,10
-1286619.4137978677,1894949.0105984746,10
-1286156.10108134,1894949.0105984746,10
-1285692.7883648127,1894949.0105984746,10
-1285229.4756482851,1894949.0105984746,10
-1284766.1629317575,1894949.0105984746,10
-1284302.8502152301,1894949.0105984746,10
-1283839.5374987025,1894949.0105984746,10
-1283376.2247821752,1894949.0105984746,16
-1282912.9120656475,1894949.0105984746,16
-1282449.5993491202,1894949.0105984746,16
-1281986.2866325926,1894949.0105984746,16
-1281522.9739160652,1894949.0105984746,16
-1281059.6611995376,1894949.0105984746,16
-1280596.3484830102,1894949.0105984746,16
-1280133.0357664826,1894949.0105984746,10
-1279669.7230499552,1894949.0105984746,16
-1279206.4103334276,1894949.0105984746,16
-1278743.0976169002,1894949.0105984746,10
-1278279.7849003726,1894949.0105984746,10
-1277816.472183845,1894949.0105984746,10
-1277353.1594673176,1894949.0105984746,10
-1276889.84675079,1894949.0105984746,10
-1276426.5340342626,1894949.0105984746,10
-1275963.221317735,1894949.0105984746,10
-1275499.9086012077,1894949.0105984746,10
-1275036.59588468,1894949.0105984746,10
-1274573.2831681527,1894949.0105984746,10
-1274109.970451625,1894949.0105984746,10
-1273646.6577350977,1894949.0105984746,10
-1273183.34501857,1894949.0105984746,10
-1272720.0323020427,1894949.0105984746,10
-1272256.719585515,1894949.0105984746,10
-1271793.4068689877,1894949.0105984746,10
-1271330.09415246,1894949.0105984746,10
-1270866.7814359325,1894949.0105984746,10
-1270403.4687194051,1894949.0105984746,10
-1269940.1560028775,1894949.0105984746,10
-1269476.8432863501,1894949.0105984746,10
-1269013.5305698225,1894949.0105984746,10
-1268550.2178532952,1894949.0105984746,10
-1268086.9051367675,1894949.0105984746,10
-1267623.5924202402,1894949.0105984746,10
-1267160.2797037126,1894949.0105984746,10
-1266696.9669871852,1894949.0105984746,10
-1266233.6542706576,1894949.0105984746,10
-1265770.3415541302,1894949.0105984746,10
-1265307.0288376026,1894949.0105984746,10
-1264843.7161210752,1894949.0105984746,10
-1264380.4034045476,1894949.0105984746,10
-1263917.09068802,1894949.0105984746,10
-1263453.7779714926,1894949.0105984746,10
-1262990.465254965,1894949.0105984746,16
-1262527.1525384376,1894949.0105984746,16
-1262063.83982191,1894949.0105984746,16
-1261600.5271053826,1894949.0105984746,16
-1261137.214388855,1894949.0105984746,16
-1260673.9016723277,1894949.0105984746,16
-1260210.5889558,1894949.0105984746,16
-1259747.2762392727,1894949.0105984746,10
-1259283.963522745,1894949.0105984746,10
-1258820.6508062177,1894949.0105984746,10
-1258357.33808969,1894949.0105984746,10
-1257894.0253731627,1894949.0105984746,10
-1257430.712656635,1894949.0105984746,10
-1256967.3999401077,1894949.0105984746,16
-1256504.08722358,1894949.0105984746,10
-1256040.7745070527,1894949.0105984746,10
-1255577.4617905251,1894949.0105984746,10
-1255114.1490739975,1894949.0105984746,10
-1254650.8363574701,1894949.0105984746,16
-1254187.5236409425,1894949.0105984746,16
-1253724.2109244152,1894949.0105984746,16
-1253260.8982078875,1894949.0105984746,16
-1252797.5854913602,1894949.0105984746,10
-1252334.2727748326,1894949.0105984746,10
-1251870.9600583052,1894949.0105984746,10
-1251407.6473417776,1894949.0105984746,10
-1250944.3346252502,1894949.0105984746,10
-1250481.0219087226,1894949.0105984746,10
-1250017.7091921952,1894949.0105984746,10
-1249554.3964756676,1894949.0105984746,10
-1249091.0837591402,1894949.0105984746,10
-1248627.7710426126,1894949.0105984746,10
-1248164.458326085,1894949.0105984746,10
-1247701.1456095576,1894949.0105984746,10
-1247237.83289303,1894949.0105984746,10
-1246774.5201765026,1894949.0105984746,10
-1246311.207459975,1894949.0105984746,10
-1245847.8947434477,1894949.0105984746,10
-1245384.58202692,1894949.0105984746,10
-1244921.2693103927,1894949.0105984746,10
-1244457.956593865,1894949.0105984746,10
-1243994.6438773377,1894949.0105984746,10
-1243531.33116081,1894949.0105984746,10
-1243068.0184442827,1894949.0105984746,10
-1242604.705727755,1894949.0105984746,10
-1242141.3930112277,1894949.0105984746,10
-1241678.0802947,1894949.0105984746,10
-1241214.7675781725,1894949.0105984746,10
-1240751.4548616451,1894949.0105984746,10
-1240288.1421451175,1894949.0105984746,10
-1239824.8294285901,1894949.0105984746,10
-1239361.5167120625,1894949.0105984746,10
-1238898.2039955352,1894949.0105984746,10
-1238434.8912790075,1894949.0105984746,10
-1237971.5785624802,1894949.0105984746,10
-1237508.2658459526,1894949.0105984746,10
-1237044.9531294252,1894949.0105984746,10
-1236581.6404128976,1894949.0105984746,10
-1236118.3276963702,1894949.0105984746,16
-1235655.0149798426,1894949.0105984746,10
-1235191.7022633152,1894949.0105984746,10
-1234728.3895467876,1894949.0105984746,10
-1234265.07683026,1894949.0105984746,10
-1233801.7641137326,1894949.0105984746,10
-1233338.4513972052,1894949.0105984746,10
-1232875.1386806776,1894949.0105984746,10
-1232411.82596415,1894949.0105984746,10
-1231948.5132476226,1894949.0105984746,10
-1231485.200531095,1894949.0105984746,10
-1231021.8878145677,1894949.0105984746,10
-1230558.57509804,1894949.0105984746,10
-1230095.2623815127,1894949.0105984746,10
-1229631.949664985,1894949.0105984746,10
-1229168.6369484577,1894949.0105984746,10
-1228705.32423193,1894949.0105984746,10
-1228242.0115154027,1894949.0105984746,10
-1227778.698798875,1894949.0105984746,10
-1227315.3860823475,1894949.0105984746,10
-1226852.07336582,1894949.0105984746,10
-1226388.7606492927,1894949.0105984746,10
-1225925.4479327651,1894949.0105984746,10
-1225462.1352162375,1894949.0105984746,10
-1224998.8224997101,1894949.0105984746,10
-1224535.5097831825,1894949.0105984746,10
-1224072.1970666551,1894949.0105984746,10
-1223608.8843501275,1894949.0105984746,10
-1223145.5716336002,1894949.0105984746,10
-1222682.2589170726,1894949.0105984746,10
-1222218.9462005452,1894949.0105984746,10
-1221755.6334840176,1894949.0105984746,10
-1221292.3207674902,1894949.0105984746,10
-1220829.0080509626,1894949.0105984746,10
-1220365.6953344352,1894949.0105984746,10
-1219902.3826179076,1894949.0105984746,10
-1219439.0699013802,1894949.0105984746,10
-1218975.7571848526,1894949.0105984746,10
-1218512.444468325,1894949.0105984746,10
-1218049.1317517976,1894949.0105984746,10
-1217585.81903527,1894949.0105984746,10
-1217122.5063187426,1894949.0105984746,10
-1216659.193602215,1894949.0105984746,10
-1216195.8808856877,1894949.0105984746,10
-1215732.56816916,1894949.0105984746,10
-1215269.2554526327,1894949.0105984746,10
-1214805.942736105,1894949.0105984746,16
-1214342.6300195777,1894949.0105984746,16
-1213879.31730305,1894949.0105984746,10
-1213416.0045865227,1894949.0105984746,10
-1212952.691869995,1894949.0105984746,10
-1212489.3791534677,1894949.0105984746,10
-1212026.06643694,1894949.0105984746,10
-1211562.7537204125,1894949.0105984746,10
-1211099.4410038851,1894949.0105984746,10
-1210636.1282873575,1894949.0105984746,10
-1210172.8155708301,1894949.0105984746,10
-1209709.5028543025,1894949.0105984746,10
-1209246.1901377751,1894949.0105984746,10
-1208782.8774212475,1894949.0105984746,10
-1208319.5647047202,1894949.0105984746,10
-1207856.2519881926,1894949.0105984746,16
-1207392.9392716652,1894949.0105984746,16
-1206929.6265551376,1894949.0105984746,16
-1206466.3138386102,1894949.0105984746,16
-1206003.0011220826,1894949.0105984746,10
-1205539.6884055552,1894949.0105984746,10
-1205076.3756890276,1894949.0105984746,10
-1204613.0629725,1894949.0105984746,10
-1204149.7502559726,1894949.0105984746,10
-1203686.4375394452,1894949.0105984746,10
-1203223.1248229176,1894949.0105984746,10
-1202759.81210639,1894949.0105984746,10
-1202296.4993898626,1894949.0105984746,10
-1201833.186673335,1894949.0105984746,10
-1201369.8739568077,1894949.0105984746,10
-1200906.56124028,1894949.0105984746,10
-1200443.2485237527,1894949.0105984746,10
-1199979.935807225,1894949.0105984746,10
-1199516.6230906977,1894949.0105984746,10
-1199053.31037417,1894949.0105984746,10
-1198589.9976576427,1894949.0105984746,10
-1198126.684941115,1894949.0105984746,10
-1197663.3722245875,1894949.0105984746,10
-1197200.05950806,1894949.0105984746,10
-1196736.7467915327,1894949.0105984746,10
-1196273.4340750051,1894949.0105984746,10
-1195810.1213584775,1894949.0105984746,10
-1195346.8086419501,1894949.0105984746,10
-1194883.4959254225,1894949.0105984746,10
-1194420.1832088951,1894949.0105984746,10
-1193956.8704923675,1894949.0105984746,10
-1193493.5577758402,1894949.0105984746,10
-1193030.2450593126,1894949.0105984746,10
-1192566.9323427852,1894949.0105984746,10
-1192103.6196262576,1894949.0105984746,10
-1191640.3069097302,1894949.0105984746,10
-1191176.9941932026,1894949.0105984746,10
-1190713.6814766752,1894949.0105984746,10
-1190250.3687601476,1894949.0105984746,10
-1189787.0560436202,1894949.0105984746,10
-1189323.7433270926,1894949.0105984746,10
-1188860.430610565,1894949.0105984746,10
-1188397.1178940376,1894949.0105984746,10
-1187933.80517751,1894949.0105984746,10
-1187470.4924609826,1894949.0105984746,10
-1187007.179744455,1894949.0105984746,10
-1186543.8670279277,1894949.0105984746,10
-1186080.5543114,1894949.0105984746,10
-1185617.2415948727,1894949.0105984746,10
-1185153.928878345,1894949.0105984746,10
-1184690.6161618177,1894949.0105984746,10
-1184227.30344529,1894949.0105984746,10
-1183763.9907287627,1894949.0105984746,10
-1183300.678012235,1894949.0105984746,10
-1182837.3652957077,1894949.0105984746,10
-1182374.05257918,1894949.0105984746,10
-1181910.7398626525,1894949.0105984746,10
-1181447.4271461251,1894949.0105984746,10
-1180984.1144295975,1894949.0105984746,10
-1180520.8017130701,1894949.0105984746,10
-1180057.4889965425,1894949.0105984746,10
-1179594.1762800151,1894949.0105984746,10
-1179130.8635634875,1894949.0105984746,10
-1178667.5508469602,1894949.0105984746,10
-1178204.2381304326,1894949.0105984746,10
-1177740.9254139052,1894949.0105984746,10
-1177277.6126973776,1894949.0105984746,10
-1176814.2999808502,1894949.0105984746,10
-1176350.9872643226,1894949.0105984746,10
-1175887.6745477952,1894949.0105984746,10
-1175424.3618312676,1894949.0105984746,10
-1174961.04911474,1894949.0105984746,10
-1174497.7363982126,1894949.0105984746,10
-1174034.4236816852,1894949.0105984746,10
-1173571.1109651576,1894949.0105984746,10
-1173107.79824863,1894949.0105984746,10
-1172644.4855321026,1894949.0105984746,10
-1172181.172815575,1894949.0105984746,10
-1171717.8600990477,1894949.0105984746,10
-1171254.54738252,1894949.0105984746,10
-1170791.2346659927,1894949.0105984746,10
-1170327.921949465,1894949.0105984746,10
-1169864.6092329377,1894949.0105984746,10
-1169401.29651641,1894949.0105984746,10
-1168937.9837998827,1894949.0105984746,10
-1168474.671083355,1894949.0105984746,10
-1168011.3583668275,1894949.0105984746,10
-1353336.4449778276,1894485.6978819473,10
-1352873.1322613002,1894485.6978819473,10
-1352409.8195447726,1894485.6978819473,10
-1351946.506828245,1894485.6978819473,10
-1351483.1941117176,1894485.6978819473,10
-1351019.88139519,1894485.6978819473,10
-1350556.5686786626,1894485.6978819473,10
-1350093.255962135,1894485.6978819473,10
-1349629.9432456077,1894485.6978819473,10
-1349166.63052908,1894485.6978819473,10
-1348703.3178125527,1894485.6978819473,10
-1348240.005096025,1894485.6978819473,10
-1347776.6923794977,1894485.6978819473,10
-1347313.37966297,1894485.6978819473,10
-1346850.0669464427,1894485.6978819473,10
-1346386.754229915,1894485.6978819473,10
-1345923.4415133877,1894485.6978819473,10
-1345460.12879686,1894485.6978819473,10
-1344996.8160803327,1894485.6978819473,10
-1344533.5033638051,1894485.6978819473,10
-1344070.1906472775,1894485.6978819473,10
-1343606.8779307501,1894485.6978819473,10
-1343143.5652142225,1894485.6978819473,10
-1342680.2524976952,1894485.6978819473,10
-1342216.9397811675,1894485.6978819473,10
-1341753.6270646402,1894485.6978819473,10
-1341290.3143481126,1894485.6978819473,10
-1340827.0016315852,1894485.6978819473,10
-1340363.6889150576,1894485.6978819473,10
-1339900.3761985302,1894485.6978819473,10
-1339437.0634820026,1894485.6978819473,10
-1338973.7507654752,1894485.6978819473,10
-1338510.4380489476,1894485.6978819473,10
-1338047.1253324202,1894485.6978819473,10
-1337583.8126158926,1894485.6978819473,10
-1337120.499899365,1894485.6978819473,10
-1336657.1871828376,1894485.6978819473,10
-1336193.87446631,1894485.6978819473,16
-1335730.5617497826,1894485.6978819473,10
-1335267.249033255,1894485.6978819473,10
-1334803.9363167277,1894485.6978819473,10
-1334340.6236002,1894485.6978819473,10
-1333877.3108836727,1894485.6978819473,10
-1333413.998167145,1894485.6978819473,16
-1332950.6854506177,1894485.6978819473,16
-1332487.37273409,1894485.6978819473,16
-1332024.0600175627,1894485.6978819473,16
-1331560.747301035,1894485.6978819473,16
-1331097.4345845077,1894485.6978819473,10
-1330634.12186798,1894485.6978819473,16
-1330170.8091514525,1894485.6978819473,16
-1329707.4964349251,1894485.6978819473,16
-1329244.1837183975,1894485.6978819473,16
-1328780.8710018701,1894485.6978819473,16
-1328317.5582853425,1894485.6978819473,16
-1327854.2455688152,1894485.6978819473,16
-1327390.9328522875,1894485.6978819473,16
-1326927.6201357602,1894485.6978819473,10
-1326464.3074192326,1894485.6978819473,10
-1326000.9947027052,1894485.6978819473,16
-1325537.6819861776,1894485.6978819473,16
-1325074.3692696502,1894485.6978819473,16
-1324611.0565531226,1894485.6978819473,16
-1324147.7438365952,1894485.6978819473,16
-1323684.4311200676,1894485.6978819473,16
-1323221.11840354,1894485.6978819473,16
-1322757.8056870126,1894485.6978819473,16
-1322294.492970485,1894485.6978819473,16
-1321831.1802539576,1894485.6978819473,16
-1321367.86753743,1894485.6978819473,16
-1320904.5548209026,1894485.6978819473,16
-1320441.242104375,1894485.6978819473,16
-1319977.9293878477,1894485.6978819473,16
-1319514.61667132,1894485.6978819473,16
-1319051.3039547927,1894485.6978819473,16
-1318587.991238265,1894485.6978819473,16
-1318124.6785217377,1894485.6978819473,16
-1317661.36580521,1894485.6978819473,16
-1317198.0530886827,1894485.6978819473,16
-1316734.740372155,1894485.6978819473,16
-1316271.4276556277,1894485.6978819473,16
-1315808.1149391,1894485.6978819473,16
-1315344.8022225727,1894485.6978819473,16
-1314881.4895060451,1894485.6978819473,16
-1314418.1767895175,1894485.6978819473,16
-1313954.8640729901,1894485.6978819473,16
-1313491.5513564625,1894485.6978819473,16
-1313028.2386399352,1894485.6978819473,16
-1312564.9259234075,1894485.6978819473,16
-1312101.6132068802,1894485.6978819473,16
-1311638.3004903526,1894485.6978819473,10
-1311174.9877738252,1894485.6978819473,10
-1310711.6750572976,1894485.6978819473,16
-1310248.3623407702,1894485.6978819473,16
-1309785.0496242426,1894485.6978819473,16
-1309321.7369077152,1894485.6978819473,16
-1308858.4241911876,1894485.6978819473,16
-1308395.1114746602,1894485.6978819473,16
-1307931.7987581326,1894485.6978819473,16
-1307468.486041605,1894485.6978819473,16
-1307005.1733250776,1894485.6978819473,16
-1306541.86060855,1894485.6978819473,16
-1306078.5478920226,1894485.6978819473,16
-1305615.235175495,1894485.6978819473,16
-1305151.9224589677,1894485.6978819473,16
-1304688.60974244,1894485.6978819473,16
-1304225.2970259127,1894485.6978819473,16
-1303761.984309385,1894485.6978819473,16
-1303298.6715928577,1894485.6978819473,10
-1302835.35887633,1894485.6978819473,10
-1302372.0461598027,1894485.6978819473,10
-1301908.733443275,1894485.6978819473,10
-1301445.4207267477,1894485.6978819473,10
-1300982.10801022,1894485.6978819473,10
-1300518.7952936925,1894485.6978819473,10
-1300055.4825771651,1894485.6978819473,16
-1299592.1698606375,1894485.6978819473,10
-1299128.8571441101,1894485.6978819473,10
-1298665.5444275825,1894485.6978819473,10
-1298202.2317110552,1894485.6978819473,16
-1297738.9189945275,1894485.6978819473,16
-1297275.6062780002,1894485.6978819473,10
-1296812.2935614726,1894485.6978819473,10
-1296348.9808449452,1894485.6978819473,10
-1295885.6681284176,1894485.6978819473,10
-1295422.3554118902,1894485.6978819473,10
-1294959.0426953626,1894485.6978819473,10
-1294495.7299788352,1894485.6978819473,10
-1294032.4172623076,1894485.6978819473,10
-1293569.10454578,1894485.6978819473,10
-1293105.7918292526,1894485.6978819473,10
-1292642.479112725,1894485.6978819473,10
-1292179.1663961976,1894485.6978819473,10
-1291715.85367967,1894485.6978819473,16
-1291252.5409631426,1894485.6978819473,16
-1290789.228246615,1894485.6978819473,16
-1290325.9155300877,1894485.6978819473,16
-1289862.60281356,1894485.6978819473,10
-1289399.2900970327,1894485.6978819473,10
-1288935.977380505,1894485.6978819473,10
-1288472.6646639777,1894485.6978819473,7
-1288009.35194745,1894485.6978819473,7
-1287546.0392309227,1894485.6978819473,7
-1287082.726514395,1894485.6978819473,7
-1286619.4137978677,1894485.6978819473,7
-1286156.10108134,1894485.6978819473,10
-1285692.7883648127,1894485.6978819473,10
-1285229.4756482851,1894485.6978819473,10
-1284766.1629317575,1894485.6978819473,10
-1284302.8502152301,1894485.6978819473,10
-1283839.5374987025,1894485.6978819473,16
-1283376.2247821752,1894485.6978819473,16
-1282912.9120656475,1894485.6978819473,16
-1282449.5993491202,1894485.6978819473,16
-1281986.2866325926,1894485.6978819473,16
-1281522.9739160652,1894485.6978819473,16
-1281059.6611995376,1894485.6978819473,10
-1280596.3484830102,1894485.6978819473,16
-1280133.0357664826,1894485.6978819473,16
-1279669.7230499552,1894485.6978819473,16
-1279206.4103334276,1894485.6978819473,10
-1278743.0976169002,1894485.6978819473,10
-1278279.7849003726,1894485.6978819473,10
-1277816.472183845,1894485.6978819473,10
-1277353.1594673176,1894485.6978819473,10
-1276889.84675079,1894485.6978819473,10
-1276426.5340342626,1894485.6978819473,10
-1275963.221317735,1894485.6978819473,10
-1275499.9086012077,1894485.6978819473,10
-1275036.59588468,1894485.6978819473,10
-1274573.2831681527,1894485.6978819473,10
-1274109.970451625,1894485.6978819473,10
-1273646.6577350977,1894485.6978819473,10
-1273183.34501857,1894485.6978819473,10
-1272720.0323020427,1894485.6978819473,10
-1272256.719585515,1894485.6978819473,10
-1271793.4068689877,1894485.6978819473,10
-1271330.09415246,1894485.6978819473,10
-1270866.7814359325,1894485.6978819473,10
-1270403.4687194051,1894485.6978819473,10
-1269940.1560028775,1894485.6978819473,10
-1269476.8432863501,1894485.6978819473,10
-1269013.5305698225,1894485.6978819473,10
-1268550.2178532952,1894485.6978819473,10
-1268086.9051367675,1894485.6978819473,10
-1267623.5924202402,1894485.6978819473,16
-1267160.2797037126,1894485.6978819473,10
-1266696.9669871852,1894485.6978819473,10
-1266233.6542706576,1894485.6978819473,10
-1265770.3415541302,1894485.6978819473,10
-1265307.0288376026,1894485.6978819473,10
-1264843.7161210752,1894485.6978819473,10
-1264380.4034045476,1894485.6978819473,10
-1263917.09068802,1894485.6978819473,10
-1263453.7779714926,1894485.6978819473,10
-1262990.465254965,1894485.6978819473,16
-1262527.1525384376,1894485.6978819473,16
-1262063.83982191,1894485.6978819473,16
-1261600.5271053826,1894485.6978819473,16
-1261137.214388855,1894485.6978819473,16
-1260673.9016723277,1894485.6978819473,16
-1260210.5889558,1894485.6978819473,10
-1259747.2762392727,1894485.6978819473,10
-1259283.963522745,1894485.6978819473,10
-1258820.6508062177,1894485.6978819473,10
-1258357.33808969,1894485.6978819473,10
-1257894.0253731627,1894485.6978819473,10
-1257430.712656635,1894485.6978819473,10
-1256967.3999401077,1894485.6978819473,16
-1256504.08722358,1894485.6978819473,16
-1256040.7745070527,1894485.6978819473,10
-1255577.4617905251,1894485.6978819473,10
-1255114.1490739975,1894485.6978819473,10
-1254650.8363574701,1894485.6978819473,16
-1254187.5236409425,1894485.6978819473,16
-1253724.2109244152,1894485.6978819473,16
-1253260.8982078875,1894485.6978819473,16
-1252797.5854913602,1894485.6978819473,16
-1252334.2727748326,1894485.6978819473,10
-1251870.9600583052,1894485.6978819473,16
-1251407.6473417776,1894485.6978819473,16
-1250944.3346252502,1894485.6978819473,10
-1250481.0219087226,1894485.6978819473,10
-1250017.7091921952,1894485.6978819473,10
-1249554.3964756676,1894485.6978819473,10
-1249091.0837591402,1894485.6978819473,10
-1248627.7710426126,1894485.6978819473,10
-1248164.458326085,1894485.6978819473,10
-1247701.1456095576,1894485.6978819473,10
-1247237.83289303,1894485.6978819473,10
-1246774.5201765026,1894485.6978819473,10
-1246311.207459975,1894485.6978819473,10
-1245847.8947434477,1894485.6978819473,10
-1245384.58202692,1894485.6978819473,10
-1244921.2693103927,1894485.6978819473,10
-1244457.956593865,1894485.6978819473,10
-1243994.6438773377,1894485.6978819473,10
-1243531.33116081,1894485.6978819473,10
-1243068.0184442827,1894485.6978819473,16
-1242604.705727755,1894485.6978819473,10
-1242141.3930112277,1894485.6978819473,10
-1241678.0802947,1894485.6978819473,10
-1241214.7675781725,1894485.6978819473,10
-1240751.4548616451,1894485.6978819473,10
-1240288.1421451175,1894485.6978819473,10
-1239824.8294285901,1894485.6978819473,10
-1239361.5167120625,1894485.6978819473,10
-1238898.2039955352,1894485.6978819473,10
-1238434.8912790075,1894485.6978819473,16
-1237971.5785624802,1894485.6978819473,10
-1237508.2658459526,1894485.6978819473,10
-1237044.9531294252,1894485.6978819473,10
-1236581.6404128976,1894485.6978819473,10
-1236118.3276963702,1894485.6978819473,10
-1235655.0149798426,1894485.6978819473,10
-1235191.7022633152,1894485.6978819473,10
-1234728.3895467876,1894485.6978819473,10
-1234265.07683026,1894485.6978819473,10
-1233801.7641137326,1894485.6978819473,10
-1233338.4513972052,1894485.6978819473,10
-1232875.1386806776,1894485.6978819473,10
-1232411.82596415,1894485.6978819473,10
-1231948.5132476226,1894485.6978819473,10
-1231485.200531095,1894485.6978819473,10
-1231021.8878145677,1894485.6978819473,16
-1230558.57509804,1894485.6978819473,16
-1230095.2623815127,1894485.6978819473,10
-1229631.949664985,1894485.6978819473,10
-1229168.6369484577,1894485.6978819473,10
-1228705.32423193,1894485.6978819473,10
-1228242.0115154027,1894485.6978819473,10
-1227778.698798875,1894485.6978819473,10
-1227315.3860823475,1894485.6978819473,10
-1226852.07336582,1894485.6978819473,10
-1226388.7606492927,1894485.6978819473,10
-1225925.4479327651,1894485.6978819473,10
-1225462.1352162375,1894485.6978819473,10
-1224998.8224997101,1894485.6978819473,10
-1224535.5097831825,1894485.6978819473,10
-1224072.1970666551,1894485.6978819473,10
-1223608.8843501275,1894485.6978819473,10
-1223145.5716336002,1894485.6978819473,10
-1222682.2589170726,1894485.6978819473,10
-1222218.9462005452,1894485.6978819473,10
-1221755.6334840176,1894485.6978819473,10
-1221292.3207674902,1894485.6978819473,10
-1220829.0080509626,1894485.6978819473,10
-1220365.6953344352,1894485.6978819473,10
-1219902.3826179076,1894485.6978819473,10
-1219439.0699013802,1894485.6978819473,10
-1218975.7571848526,1894485.6978819473,10
-1218512.444468325,1894485.6978819473,10
-1218049.1317517976,1894485.6978819473,10
-1217585.81903527,1894485.6978819473,10
-1217122.5063187426,1894485.6978819473,10
-1216659.193602215,1894485.6978819473,10
-1216195.8808856877,1894485.6978819473,10
-1215732.56816916,1894485.6978819473,10
-1215269.2554526327,1894485.6978819473,16
-1214805.942736105,1894485.6978819473,16
-1214342.6300195777,1894485.6978819473,10
-1213879.31730305,1894485.6978819473,10
-1213416.0045865227,1894485.6978819473,10
-1212952.691869995,1894485.6978819473,10
-1212489.3791534677,1894485.6978819473,10
-1212026.06643694,1894485.6978819473,7
-1211562.7537204125,1894485.6978819473,10
-1211099.4410038851,1894485.6978819473,10
-1210636.1282873575,1894485.6978819473,10
-1210172.8155708301,1894485.6978819473,10
-1209709.5028543025,1894485.6978819473,10
-1209246.1901377751,1894485.6978819473,10
-1208782.8774212475,1894485.6978819473,10
-1208319.5647047202,1894485.6978819473,10
-1207856.2519881926,1894485.6978819473,16
-1207392.9392716652,1894485.6978819473,16
-1206929.6265551376,1894485.6978819473,16
-1206466.3138386102,1894485.6978819473,16
-1206003.0011220826,1894485.6978819473,10
-1205539.6884055552,1894485.6978819473,10
-1205076.3756890276,1894485.6978819473,10
-1204613.0629725,1894485.6978819473,10
-1204149.7502559726,1894485.6978819473,10
-1203686.4375394452,1894485.6978819473,10
-1203223.1248229176,1894485.6978819473,10
-1202759.81210639,1894485.6978819473,10
-1202296.4993898626,1894485.6978819473,10
-1201833.186673335,1894485.6978819473,10
-1201369.8739568077,1894485.6978819473,10
-1200906.56124028,1894485.6978819473,10
-1200443.2485237527,1894485.6978819473,10
-1199979.935807225,1894485.6978819473,10
-1199516.6230906977,1894485.6978819473,10
-1199053.31037417,1894485.6978819473,10
-1198589.9976576427,1894485.6978819473,10
-1198126.684941115,1894485.6978819473,10
-1197663.3722245875,1894485.6978819473,10
-1197200.05950806,1894485.6978819473,10
-1196736.7467915327,1894485.6978819473,10
-1196273.4340750051,1894485.6978819473,10
-1195810.1213584775,1894485.6978819473,10
-1195346.8086419501,1894485.6978819473,10
-1194883.4959254225,1894485.6978819473,10
-1194420.1832088951,1894485.6978819473,10
-1193956.8704923675,1894485.6978819473,10
-1193493.5577758402,1894485.6978819473,10
-1193030.2450593126,1894485.6978819473,10
-1192566.9323427852,1894485.6978819473,10
-1192103.6196262576,1894485.6978819473,10
-1191640.3069097302,1894485.6978819473,10
-1191176.9941932026,1894485.6978819473,10
-1190713.6814766752,1894485.6978819473,10
-1190250.3687601476,1894485.6978819473,10
-1189787.0560436202,1894485.6978819473,10
-1189323.7433270926,1894485.6978819473,10
-1188860.430610565,1894485.6978819473,10
-1188397.1178940376,1894485.6978819473,10
-1187933.80517751,1894485.6978819473,10
-1187470.4924609826,1894485.6978819473,10
-1187007.179744455,1894485.6978819473,10
-1186543.8670279277,1894485.6978819473,10
-1186080.5543114,1894485.6978819473,10
-1185617.2415948727,1894485.6978819473,10
-1185153.928878345,1894485.6978819473,10
-1184690.6161618177,1894485.6978819473,10
-1184227.30344529,1894485.6978819473,10
-1183763.9907287627,1894485.6978819473,10
-1183300.678012235,1894485.6978819473,10
-1182837.3652957077,1894485.6978819473,10
-1182374.05257918,1894485.6978819473,10
-1181910.7398626525,1894485.6978819473,10
-1181447.4271461251,1894485.6978819473,10
-1180984.1144295975,1894485.6978819473,10
-1180520.8017130701,1894485.6978819473,10
-1180057.4889965425,1894485.6978819473,10
-1179594.1762800151,1894485.6978819473,10
-1179130.8635634875,1894485.6978819473,10
-1178667.5508469602,1894485.6978819473,10
-1178204.2381304326,1894485.6978819473,10
-1177740.9254139052,1894485.6978819473,10
-1177277.6126973776,1894485.6978819473,10
-1176814.2999808502,1894485.6978819473,10
-1176350.9872643226,1894485.6978819473,10
-1175887.6745477952,1894485.6978819473,10
-1175424.3618312676,1894485.6978819473,10
-1174961.04911474,1894485.6978819473,10
-1174497.7363982126,1894485.6978819473,10
-1174034.4236816852,1894485.6978819473,10
-1173571.1109651576,1894485.6978819473,10
-1173107.79824863,1894485.6978819473,10
-1172644.4855321026,1894485.6978819473,10
-1172181.172815575,1894485.6978819473,10
-1171717.8600990477,1894485.6978819473,10
-1171254.54738252,1894485.6978819473,10
-1170791.2346659927,1894485.6978819473,10
-1170327.921949465,1894485.6978819473,10
-1169864.6092329377,1894485.6978819473,10
-1169401.29651641,1894485.6978819473,10
-1168937.9837998827,1894485.6978819473,10
-1168474.671083355,1894485.6978819473,10
-1168011.3583668275,1894485.6978819473,10
-1353799.7576943552,1894022.3851654197,10
-1353336.4449778276,1894022.3851654197,10
-1352873.1322613002,1894022.3851654197,10
-1352409.8195447726,1894022.3851654197,10
-1351946.506828245,1894022.3851654197,10
-1351483.1941117176,1894022.3851654197,10
-1351019.88139519,1894022.3851654197,10
-1350556.5686786626,1894022.3851654197,10
-1350093.255962135,1894022.3851654197,10
-1349629.9432456077,1894022.3851654197,10
-1349166.63052908,1894022.3851654197,10
-1348703.3178125527,1894022.3851654197,10
-1348240.005096025,1894022.3851654197,10
-1347776.6923794977,1894022.3851654197,10
-1347313.37966297,1894022.3851654197,10
-1346850.0669464427,1894022.3851654197,10
-1346386.754229915,1894022.3851654197,10
-1345923.4415133877,1894022.3851654197,10
-1345460.12879686,1894022.3851654197,10
-1344996.8160803327,1894022.3851654197,10
-1344533.5033638051,1894022.3851654197,10
-1344070.1906472775,1894022.3851654197,10
-1343606.8779307501,1894022.3851654197,10
-1343143.5652142225,1894022.3851654197,10
-1342680.2524976952,1894022.3851654197,10
-1342216.9397811675,1894022.3851654197,10
-1341753.6270646402,1894022.3851654197,10
-1341290.3143481126,1894022.3851654197,10
-1340827.0016315852,1894022.3851654197,10
-1340363.6889150576,1894022.3851654197,10
-1339900.3761985302,1894022.3851654197,10
-1339437.0634820026,1894022.3851654197,10
-1338973.7507654752,1894022.3851654197,10
-1338510.4380489476,1894022.3851654197,10
-1338047.1253324202,1894022.3851654197,10
-1337583.8126158926,1894022.3851654197,10
-1337120.499899365,1894022.3851654197,10
-1336657.1871828376,1894022.3851654197,10
-1336193.87446631,1894022.3851654197,10
-1335730.5617497826,1894022.3851654197,10
-1335267.249033255,1894022.3851654197,10
-1334803.9363167277,1894022.3851654197,10
-1334340.6236002,1894022.3851654197,10
-1333877.3108836727,1894022.3851654197,10
-1333413.998167145,1894022.3851654197,16
-1332950.6854506177,1894022.3851654197,16
-1332487.37273409,1894022.3851654197,16
-1332024.0600175627,1894022.3851654197,16
-1331560.747301035,1894022.3851654197,16
-1331097.4345845077,1894022.3851654197,10
-1330634.12186798,1894022.3851654197,16
-1330170.8091514525,1894022.3851654197,16
-1329707.4964349251,1894022.3851654197,16
-1329244.1837183975,1894022.3851654197,16
-1328780.8710018701,1894022.3851654197,16
-1328317.5582853425,1894022.3851654197,16
-1327854.2455688152,1894022.3851654197,16
-1327390.9328522875,1894022.3851654197,16
-1326927.6201357602,1894022.3851654197,16
-1326464.3074192326,1894022.3851654197,10
-1326000.9947027052,1894022.3851654197,10
-1325537.6819861776,1894022.3851654197,10
-1325074.3692696502,1894022.3851654197,16
-1324611.0565531226,1894022.3851654197,16
-1324147.7438365952,1894022.3851654197,16
-1323684.4311200676,1894022.3851654197,16
-1323221.11840354,1894022.3851654197,16
-1322757.8056870126,1894022.3851654197,16
-1322294.492970485,1894022.3851654197,16
-1321831.1802539576,1894022.3851654197,16
-1321367.86753743,1894022.3851654197,16
-1320904.5548209026,1894022.3851654197,16
-1320441.242104375,1894022.3851654197,16
-1319977.9293878477,1894022.3851654197,16
-1319514.61667132,1894022.3851654197,16
-1319051.3039547927,1894022.3851654197,16
-1318587.991238265,1894022.3851654197,16
-1318124.6785217377,1894022.3851654197,16
-1317661.36580521,1894022.3851654197,16
-1317198.0530886827,1894022.3851654197,16
-1316734.740372155,1894022.3851654197,16
-1316271.4276556277,1894022.3851654197,16
-1315808.1149391,1894022.3851654197,16
-1315344.8022225727,1894022.3851654197,16
-1314881.4895060451,1894022.3851654197,16
-1314418.1767895175,1894022.3851654197,16
-1313954.8640729901,1894022.3851654197,16
-1313491.5513564625,1894022.3851654197,16
-1313028.2386399352,1894022.3851654197,16
-1312564.9259234075,1894022.3851654197,16
-1312101.6132068802,1894022.3851654197,16
-1311638.3004903526,1894022.3851654197,16
-1311174.9877738252,1894022.3851654197,10
-1310711.6750572976,1894022.3851654197,10
-1310248.3623407702,1894022.3851654197,16
-1309785.0496242426,1894022.3851654197,16
-1309321.7369077152,1894022.3851654197,16
-1308858.4241911876,1894022.3851654197,16
-1308395.1114746602,1894022.3851654197,16
-1307931.7987581326,1894022.3851654197,16
-1307468.486041605,1894022.3851654197,16
-1307005.1733250776,1894022.3851654197,16
-1306541.86060855,1894022.3851654197,16
-1306078.5478920226,1894022.3851654197,16
-1305615.235175495,1894022.3851654197,16
-1305151.9224589677,1894022.3851654197,10
-1304688.60974244,1894022.3851654197,10
-1304225.2970259127,1894022.3851654197,10
-1303761.984309385,1894022.3851654197,16
-1303298.6715928577,1894022.3851654197,10
-1302835.35887633,1894022.3851654197,10
-1302372.0461598027,1894022.3851654197,10
-1301908.733443275,1894022.3851654197,10
-1301445.4207267477,1894022.3851654197,10
-1300982.10801022,1894022.3851654197,16
-1300518.7952936925,1894022.3851654197,10
-1300055.4825771651,1894022.3851654197,16
-1299592.1698606375,1894022.3851654197,10
-1299128.8571441101,1894022.3851654197,10
-1298665.5444275825,1894022.3851654197,10
-1298202.2317110552,1894022.3851654197,10
-1297738.9189945275,1894022.3851654197,10
-1297275.6062780002,1894022.3851654197,7
-1296812.2935614726,1894022.3851654197,7
-1296348.9808449452,1894022.3851654197,10
-1295885.6681284176,1894022.3851654197,10
-1295422.3554118902,1894022.3851654197,10
-1294959.0426953626,1894022.3851654197,10
-1294495.7299788352,1894022.3851654197,10
-1294032.4172623076,1894022.3851654197,10
-1293569.10454578,1894022.3851654197,10
-1293105.7918292526,1894022.3851654197,10
-1292642.479112725,1894022.3851654197,10
-1292179.1663961976,1894022.3851654197,10
-1291715.85367967,1894022.3851654197,10
-1291252.5409631426,1894022.3851654197,10
-1290789.228246615,1894022.3851654197,10
-1290325.9155300877,1894022.3851654197,10
-1289862.60281356,1894022.3851654197,10
-1289399.2900970327,1894022.3851654197,10
-1288935.977380505,1894022.3851654197,10
-1288472.6646639777,1894022.3851654197,10
-1288009.35194745,1894022.3851654197,10
-1287546.0392309227,1894022.3851654197,10
-1287082.726514395,1894022.3851654197,16
-1286619.4137978677,1894022.3851654197,16
-1286156.10108134,1894022.3851654197,10
-1285692.7883648127,1894022.3851654197,10
-1285229.4756482851,1894022.3851654197,10
-1284766.1629317575,1894022.3851654197,10
-1284302.8502152301,1894022.3851654197,16
-1283839.5374987025,1894022.3851654197,16
-1283376.2247821752,1894022.3851654197,16
-1282912.9120656475,1894022.3851654197,16
-1282449.5993491202,1894022.3851654197,10
-1281986.2866325926,1894022.3851654197,16
-1281522.9739160652,1894022.3851654197,10
-1281059.6611995376,1894022.3851654197,10
-1280596.3484830102,1894022.3851654197,16
-1280133.0357664826,1894022.3851654197,16
-1279669.7230499552,1894022.3851654197,16
-1279206.4103334276,1894022.3851654197,10
-1278743.0976169002,1894022.3851654197,10
-1278279.7849003726,1894022.3851654197,10
-1277816.472183845,1894022.3851654197,10
-1277353.1594673176,1894022.3851654197,10
-1276889.84675079,1894022.3851654197,10
-1276426.5340342626,1894022.3851654197,10
-1275963.221317735,1894022.3851654197,10
-1275499.9086012077,1894022.3851654197,7
-1275036.59588468,1894022.3851654197,7
-1274573.2831681527,1894022.3851654197,10
-1274109.970451625,1894022.3851654197,10
-1273646.6577350977,1894022.3851654197,10
-1273183.34501857,1894022.3851654197,10
-1272720.0323020427,1894022.3851654197,10
-1272256.719585515,1894022.3851654197,10
-1271793.4068689877,1894022.3851654197,10
-1271330.09415246,1894022.3851654197,10
-1270866.7814359325,1894022.3851654197,10
-1270403.4687194051,1894022.3851654197,10
-1269940.1560028775,1894022.3851654197,10
-1269476.8432863501,1894022.3851654197,10
-1269013.5305698225,1894022.3851654197,10
-1268550.2178532952,1894022.3851654197,10
-1268086.9051367675,1894022.3851654197,16
-1267623.5924202402,1894022.3851654197,16
-1267160.2797037126,1894022.3851654197,10
-1266696.9669871852,1894022.3851654197,10
-1266233.6542706576,1894022.3851654197,10
-1265770.3415541302,1894022.3851654197,10
-1265307.0288376026,1894022.3851654197,10
-1264843.7161210752,1894022.3851654197,10
-1264380.4034045476,1894022.3851654197,10
-1263917.09068802,1894022.3851654197,10
-1263453.7779714926,1894022.3851654197,10
-1262990.465254965,1894022.3851654197,10
-1262527.1525384376,1894022.3851654197,16
-1262063.83982191,1894022.3851654197,16
-1261600.5271053826,1894022.3851654197,16
-1261137.214388855,1894022.3851654197,16
-1260673.9016723277,1894022.3851654197,16
-1260210.5889558,1894022.3851654197,16
-1259747.2762392727,1894022.3851654197,10
-1259283.963522745,1894022.3851654197,10
-1258820.6508062177,1894022.3851654197,10
-1258357.33808969,1894022.3851654197,10
-1257894.0253731627,1894022.3851654197,10
-1257430.712656635,1894022.3851654197,16
-1256967.3999401077,1894022.3851654197,16
-1256504.08722358,1894022.3851654197,16
-1256040.7745070527,1894022.3851654197,10
-1255577.4617905251,1894022.3851654197,10
-1255114.1490739975,1894022.3851654197,10
-1254650.8363574701,1894022.3851654197,16
-1254187.5236409425,1894022.3851654197,16
-1253724.2109244152,1894022.3851654197,16
-1253260.8982078875,1894022.3851654197,16
-1252797.5854913602,1894022.3851654197,16
-1252334.2727748326,1894022.3851654197,10
-1251870.9600583052,1894022.3851654197,10
-1251407.6473417776,1894022.3851654197,16
-1250944.3346252502,1894022.3851654197,16
-1250481.0219087226,1894022.3851654197,10
-1250017.7091921952,1894022.3851654197,10
-1249554.3964756676,1894022.3851654197,10
-1249091.0837591402,1894022.3851654197,10
-1248627.7710426126,1894022.3851654197,10
-1248164.458326085,1894022.3851654197,10
-1247701.1456095576,1894022.3851654197,10
-1247237.83289303,1894022.3851654197,10
-1246774.5201765026,1894022.3851654197,10
-1246311.207459975,1894022.3851654197,16
-1245847.8947434477,1894022.3851654197,10
-1245384.58202692,1894022.3851654197,10
-1244921.2693103927,1894022.3851654197,10
-1244457.956593865,1894022.3851654197,10
-1243994.6438773377,1894022.3851654197,10
-1243531.33116081,1894022.3851654197,10
-1243068.0184442827,1894022.3851654197,10
-1242604.705727755,1894022.3851654197,10
-1242141.3930112277,1894022.3851654197,10
-1241678.0802947,1894022.3851654197,10
-1241214.7675781725,1894022.3851654197,10
-1240751.4548616451,1894022.3851654197,10
-1240288.1421451175,1894022.3851654197,10
-1239824.8294285901,1894022.3851654197,10
-1239361.5167120625,1894022.3851654197,10
-1238898.2039955352,1894022.3851654197,10
-1238434.8912790075,1894022.3851654197,16
-1237971.5785624802,1894022.3851654197,10
-1237508.2658459526,1894022.3851654197,10
-1237044.9531294252,1894022.3851654197,10
-1236581.6404128976,1894022.3851654197,10
-1236118.3276963702,1894022.3851654197,10
-1235655.0149798426,1894022.3851654197,10
-1235191.7022633152,1894022.3851654197,10
-1234728.3895467876,1894022.3851654197,10
-1234265.07683026,1894022.3851654197,10
-1233801.7641137326,1894022.3851654197,10
-1233338.4513972052,1894022.3851654197,10
-1232875.1386806776,1894022.3851654197,10
-1232411.82596415,1894022.3851654197,10
-1231948.5132476226,1894022.3851654197,10
-1231485.200531095,1894022.3851654197,10
-1231021.8878145677,1894022.3851654197,10
-1230558.57509804,1894022.3851654197,10
-1230095.2623815127,1894022.3851654197,10
-1229631.949664985,1894022.3851654197,10
-1229168.6369484577,1894022.3851654197,10
-1228705.32423193,1894022.3851654197,10
-1228242.0115154027,1894022.3851654197,10
-1227778.698798875,1894022.3851654197,10
-1227315.3860823475,1894022.3851654197,10
-1226852.07336582,1894022.3851654197,10
-1226388.7606492927,1894022.3851654197,10
-1225925.4479327651,1894022.3851654197,10
-1225462.1352162375,1894022.3851654197,10
-1224998.8224997101,1894022.3851654197,10
-1224535.5097831825,1894022.3851654197,10
-1224072.1970666551,1894022.3851654197,10
-1223608.8843501275,1894022.3851654197,10
-1223145.5716336002,1894022.3851654197,10
-1222682.2589170726,1894022.3851654197,10
-1222218.9462005452,1894022.3851654197,10
-1221755.6334840176,1894022.3851654197,10
-1221292.3207674902,1894022.3851654197,10
-1220829.0080509626,1894022.3851654197,10
-1220365.6953344352,1894022.3851654197,10
-1219902.3826179076,1894022.3851654197,10
-1219439.0699013802,1894022.3851654197,10
-1218975.7571848526,1894022.3851654197,10
-1218512.444468325,1894022.3851654197,10
-1218049.1317517976,1894022.3851654197,10
-1217585.81903527,1894022.3851654197,10
-1217122.5063187426,1894022.3851654197,10
-1216659.193602215,1894022.3851654197,10
-1216195.8808856877,1894022.3851654197,10
-1215732.56816916,1894022.3851654197,10
-1215269.2554526327,1894022.3851654197,10
-1214805.942736105,1894022.3851654197,10
-1214342.6300195777,1894022.3851654197,10
-1213879.31730305,1894022.3851654197,10
-1213416.0045865227,1894022.3851654197,10
-1212952.691869995,1894022.3851654197,10
-1212489.3791534677,1894022.3851654197,10
-1212026.06643694,1894022.3851654197,10
-1211562.7537204125,1894022.3851654197,10
-1211099.4410038851,1894022.3851654197,10
-1210636.1282873575,1894022.3851654197,10
-1210172.8155708301,1894022.3851654197,10
-1209709.5028543025,1894022.3851654197,10
-1209246.1901377751,1894022.3851654197,10
-1208782.8774212475,1894022.3851654197,10
-1208319.5647047202,1894022.3851654197,10
-1207856.2519881926,1894022.3851654197,16
-1207392.9392716652,1894022.3851654197,16
-1206929.6265551376,1894022.3851654197,10
-1206466.3138386102,1894022.3851654197,10
-1206003.0011220826,1894022.3851654197,10
-1205539.6884055552,1894022.3851654197,10
-1205076.3756890276,1894022.3851654197,10
-1204613.0629725,1894022.3851654197,10
-1204149.7502559726,1894022.3851654197,10
-1203686.4375394452,1894022.3851654197,10
-1203223.1248229176,1894022.3851654197,10
-1202759.81210639,1894022.3851654197,10
-1202296.4993898626,1894022.3851654197,10
-1201833.186673335,1894022.3851654197,10
-1201369.8739568077,1894022.3851654197,10
-1200906.56124028,1894022.3851654197,10
-1200443.2485237527,1894022.3851654197,10
-1199979.935807225,1894022.3851654197,10
-1199516.6230906977,1894022.3851654197,10
-1199053.31037417,1894022.3851654197,10
-1198589.9976576427,1894022.3851654197,10
-1198126.684941115,1894022.3851654197,10
-1197663.3722245875,1894022.3851654197,10
-1197200.05950806,1894022.3851654197,10
-1196736.7467915327,1894022.3851654197,10
-1196273.4340750051,1894022.3851654197,10
-1195810.1213584775,1894022.3851654197,10
-1195346.8086419501,1894022.3851654197,10
-1194883.4959254225,1894022.3851654197,10
-1194420.1832088951,1894022.3851654197,10
-1193956.8704923675,1894022.3851654197,10
-1193493.5577758402,1894022.3851654197,10
-1193030.2450593126,1894022.3851654197,10
-1192566.9323427852,1894022.3851654197,10
-1192103.6196262576,1894022.3851654197,10
-1191640.3069097302,1894022.3851654197,10
-1191176.9941932026,1894022.3851654197,10
-1190713.6814766752,1894022.3851654197,10
-1190250.3687601476,1894022.3851654197,10
-1189787.0560436202,1894022.3851654197,10
-1189323.7433270926,1894022.3851654197,10
-1188860.430610565,1894022.3851654197,10
-1188397.1178940376,1894022.3851654197,10
-1187933.80517751,1894022.3851654197,10
-1187470.4924609826,1894022.3851654197,10
-1187007.179744455,1894022.3851654197,10
-1186543.8670279277,1894022.3851654197,10
-1186080.5543114,1894022.3851654197,10
-1185617.2415948727,1894022.3851654197,10
-1185153.928878345,1894022.3851654197,10
-1184690.6161618177,1894022.3851654197,10
-1184227.30344529,1894022.3851654197,10
-1183763.9907287627,1894022.3851654197,10
-1183300.678012235,1894022.3851654197,10
-1182837.3652957077,1894022.3851654197,10
-1182374.05257918,1894022.3851654197,10
-1181910.7398626525,1894022.3851654197,10
-1181447.4271461251,1894022.3851654197,10
-1180984.1144295975,1894022.3851654197,10
-1180520.8017130701,1894022.3851654197,10
-1180057.4889965425,1894022.3851654197,10
-1179594.1762800151,1894022.3851654197,10
-1179130.8635634875,1894022.3851654197,10
-1178667.5508469602,1894022.3851654197,10
-1178204.2381304326,1894022.3851654197,10
-1177740.9254139052,1894022.3851654197,10
-1177277.6126973776,1894022.3851654197,10
-1176814.2999808502,1894022.3851654197,10
-1176350.9872643226,1894022.3851654197,10
-1175887.6745477952,1894022.3851654197,10
-1175424.3618312676,1894022.3851654197,10
-1174961.04911474,1894022.3851654197,10
-1174497.7363982126,1894022.3851654197,10
-1174034.4236816852,1894022.3851654197,10
-1173571.1109651576,1894022.3851654197,10
-1173107.79824863,1894022.3851654197,10
-1172644.4855321026,1894022.3851654197,10
-1172181.172815575,1894022.3851654197,10
-1171717.8600990477,1894022.3851654197,10
-1171254.54738252,1894022.3851654197,10
-1170791.2346659927,1894022.3851654197,10
-1170327.921949465,1894022.3851654197,10
-1169864.6092329377,1894022.3851654197,10
-1169401.29651641,1894022.3851654197,10
-1168937.9837998827,1894022.3851654197,10
-1168474.671083355,1894022.3851654197,10
-1353799.7576943552,1893559.0724488923,10
-1353336.4449778276,1893559.0724488923,10
-1352873.1322613002,1893559.0724488923,10
-1352409.8195447726,1893559.0724488923,10
-1351946.506828245,1893559.0724488923,10
-1351483.1941117176,1893559.0724488923,10
-1351019.88139519,1893559.0724488923,10
-1350556.5686786626,1893559.0724488923,10
-1350093.255962135,1893559.0724488923,10
-1349629.9432456077,1893559.0724488923,10
-1349166.63052908,1893559.0724488923,10
-1348703.3178125527,1893559.0724488923,10
-1348240.005096025,1893559.0724488923,10
-1347776.6923794977,1893559.0724488923,10
-1347313.37966297,1893559.0724488923,10
-1346850.0669464427,1893559.0724488923,10
-1346386.754229915,1893559.0724488923,10
-1345923.4415133877,1893559.0724488923,10
-1345460.12879686,1893559.0724488923,10
-1344996.8160803327,1893559.0724488923,10
-1344533.5033638051,1893559.0724488923,10
-1344070.1906472775,1893559.0724488923,10
-1343606.8779307501,1893559.0724488923,10
-1343143.5652142225,1893559.0724488923,10
-1342680.2524976952,1893559.0724488923,10
-1342216.9397811675,1893559.0724488923,10
-1341753.6270646402,1893559.0724488923,10
-1341290.3143481126,1893559.0724488923,10
-1340827.0016315852,1893559.0724488923,10
-1340363.6889150576,1893559.0724488923,10
-1339900.3761985302,1893559.0724488923,10
-1339437.0634820026,1893559.0724488923,10
-1338973.7507654752,1893559.0724488923,10
-1338510.4380489476,1893559.0724488923,10
-1338047.1253324202,1893559.0724488923,10
-1337583.8126158926,1893559.0724488923,10
-1337120.499899365,1893559.0724488923,10
-1336657.1871828376,1893559.0724488923,10
-1336193.87446631,1893559.0724488923,10
-1335730.5617497826,1893559.0724488923,10
-1335267.249033255,1893559.0724488923,16
-1334803.9363167277,1893559.0724488923,16
-1334340.6236002,1893559.0724488923,10
-1333877.3108836727,1893559.0724488923,16
-1333413.998167145,1893559.0724488923,16
-1332950.6854506177,1893559.0724488923,16
-1332487.37273409,1893559.0724488923,16
-1332024.0600175627,1893559.0724488923,16
-1331560.747301035,1893559.0724488923,16
-1331097.4345845077,1893559.0724488923,10
-1330634.12186798,1893559.0724488923,16
-1330170.8091514525,1893559.0724488923,16
-1329707.4964349251,1893559.0724488923,16
-1329244.1837183975,1893559.0724488923,16
-1328780.8710018701,1893559.0724488923,16
-1328317.5582853425,1893559.0724488923,16
-1327854.2455688152,1893559.0724488923,16
-1327390.9328522875,1893559.0724488923,16
-1326927.6201357602,1893559.0724488923,16
-1326464.3074192326,1893559.0724488923,16
-1326000.9947027052,1893559.0724488923,16
-1325537.6819861776,1893559.0724488923,16
-1325074.3692696502,1893559.0724488923,16
-1324611.0565531226,1893559.0724488923,16
-1324147.7438365952,1893559.0724488923,16
-1323684.4311200676,1893559.0724488923,16
-1323221.11840354,1893559.0724488923,16
-1322757.8056870126,1893559.0724488923,16
-1322294.492970485,1893559.0724488923,16
-1321831.1802539576,1893559.0724488923,16
-1321367.86753743,1893559.0724488923,16
-1320904.5548209026,1893559.0724488923,16
-1320441.242104375,1893559.0724488923,16
-1319977.9293878477,1893559.0724488923,16
-1319514.61667132,1893559.0724488923,16
-1319051.3039547927,1893559.0724488923,16
-1318587.991238265,1893559.0724488923,16
-1318124.6785217377,1893559.0724488923,16
-1317661.36580521,1893559.0724488923,16
-1317198.0530886827,1893559.0724488923,16
-1316734.740372155,1893559.0724488923,16
-1316271.4276556277,1893559.0724488923,16
-1315808.1149391,1893559.0724488923,16
-1315344.8022225727,1893559.0724488923,16
-1314881.4895060451,1893559.0724488923,16
-1314418.1767895175,1893559.0724488923,16
-1313954.8640729901,1893559.0724488923,16
-1313491.5513564625,1893559.0724488923,16
-1313028.2386399352,1893559.0724488923,16
-1312564.9259234075,1893559.0724488923,16
-1312101.6132068802,1893559.0724488923,16
-1311638.3004903526,1893559.0724488923,16
-1311174.9877738252,1893559.0724488923,10
-1310711.6750572976,1893559.0724488923,10
-1310248.3623407702,1893559.0724488923,10
-1309785.0496242426,1893559.0724488923,16
-1309321.7369077152,1893559.0724488923,16
-1308858.4241911876,1893559.0724488923,16
-1308395.1114746602,1893559.0724488923,16
-1307931.7987581326,1893559.0724488923,16
-1307468.486041605,1893559.0724488923,16
-1307005.1733250776,1893559.0724488923,16
-1306541.86060855,1893559.0724488923,16
-1306078.5478920226,1893559.0724488923,16
-1305615.235175495,1893559.0724488923,10
-1305151.9224589677,1893559.0724488923,10
-1304688.60974244,1893559.0724488923,10
-1304225.2970259127,1893559.0724488923,10
-1303761.984309385,1893559.0724488923,16
-1303298.6715928577,1893559.0724488923,10
-1302835.35887633,1893559.0724488923,10
-1302372.0461598027,1893559.0724488923,10
-1301908.733443275,1893559.0724488923,10
-1301445.4207267477,1893559.0724488923,16
-1300982.10801022,1893559.0724488923,16
-1300518.7952936925,1893559.0724488923,16
-1300055.4825771651,1893559.0724488923,16
-1299592.1698606375,1893559.0724488923,10
-1299128.8571441101,1893559.0724488923,16
-1298665.5444275825,1893559.0724488923,10
-1298202.2317110552,1893559.0724488923,10
-1297738.9189945275,1893559.0724488923,10
-1297275.6062780002,1893559.0724488923,7
-1296812.2935614726,1893559.0724488923,7
-1296348.9808449452,1893559.0724488923,7
-1295885.6681284176,1893559.0724488923,10
-1295422.3554118902,1893559.0724488923,10
-1294959.0426953626,1893559.0724488923,10
-1294495.7299788352,1893559.0724488923,10
-1294032.4172623076,1893559.0724488923,10
-1293569.10454578,1893559.0724488923,10
-1293105.7918292526,1893559.0724488923,10
-1292642.479112725,1893559.0724488923,10
-1292179.1663961976,1893559.0724488923,10
-1291715.85367967,1893559.0724488923,10
-1291252.5409631426,1893559.0724488923,10
-1290789.228246615,1893559.0724488923,10
-1290325.9155300877,1893559.0724488923,10
-1289862.60281356,1893559.0724488923,10
-1289399.2900970327,1893559.0724488923,10
-1288935.977380505,1893559.0724488923,10
-1288472.6646639777,1893559.0724488923,10
-1288009.35194745,1893559.0724488923,10
-1287546.0392309227,1893559.0724488923,10
-1287082.726514395,1893559.0724488923,10
-1286619.4137978677,1893559.0724488923,10
-1286156.10108134,1893559.0724488923,10
-1285692.7883648127,1893559.0724488923,10
-1285229.4756482851,1893559.0724488923,10
-1284766.1629317575,1893559.0724488923,7
-1284302.8502152301,1893559.0724488923,10
-1283839.5374987025,1893559.0724488923,16
-1283376.2247821752,1893559.0724488923,16
-1282912.9120656475,1893559.0724488923,16
-1282449.5993491202,1893559.0724488923,16
-1281986.2866325926,1893559.0724488923,16
-1281522.9739160652,1893559.0724488923,16
-1281059.6611995376,1893559.0724488923,16
-1280596.3484830102,1893559.0724488923,16
-1280133.0357664826,1893559.0724488923,10
-1279669.7230499552,1893559.0724488923,16
-1279206.4103334276,1893559.0724488923,10
-1278743.0976169002,1893559.0724488923,10
-1278279.7849003726,1893559.0724488923,10
-1277816.472183845,1893559.0724488923,10
-1277353.1594673176,1893559.0724488923,10
-1276889.84675079,1893559.0724488923,10
-1276426.5340342626,1893559.0724488923,10
-1275963.221317735,1893559.0724488923,10
-1275499.9086012077,1893559.0724488923,7
-1275036.59588468,1893559.0724488923,7
-1274573.2831681527,1893559.0724488923,10
-1274109.970451625,1893559.0724488923,10
-1273646.6577350977,1893559.0724488923,10
-1273183.34501857,1893559.0724488923,10
-1272720.0323020427,1893559.0724488923,16
-1272256.719585515,1893559.0724488923,10
-1271793.4068689877,1893559.0724488923,10
-1271330.09415246,1893559.0724488923,10
-1270866.7814359325,1893559.0724488923,10
-1270403.4687194051,1893559.0724488923,10
-1269940.1560028775,1893559.0724488923,10
-1269476.8432863501,1893559.0724488923,10
-1269013.5305698225,1893559.0724488923,10
-1268550.2178532952,1893559.0724488923,16
-1268086.9051367675,1893559.0724488923,16
-1267623.5924202402,1893559.0724488923,16
-1267160.2797037126,1893559.0724488923,16
-1266696.9669871852,1893559.0724488923,10
-1266233.6542706576,1893559.0724488923,10
-1265770.3415541302,1893559.0724488923,10
-1265307.0288376026,1893559.0724488923,10
-1264843.7161210752,1893559.0724488923,10
-1264380.4034045476,1893559.0724488923,10
-1263917.09068802,1893559.0724488923,10
-1263453.7779714926,1893559.0724488923,10
-1262990.465254965,1893559.0724488923,10
-1262527.1525384376,1893559.0724488923,16
-1262063.83982191,1893559.0724488923,16
-1261600.5271053826,1893559.0724488923,16
-1261137.214388855,1893559.0724488923,16
-1260673.9016723277,1893559.0724488923,16
-1260210.5889558,1893559.0724488923,10
-1259747.2762392727,1893559.0724488923,10
-1259283.963522745,1893559.0724488923,10
-1258820.6508062177,1893559.0724488923,10
-1258357.33808969,1893559.0724488923,10
-1257894.0253731627,1893559.0724488923,16
-1257430.712656635,1893559.0724488923,16
-1256967.3999401077,1893559.0724488923,10
-1256504.08722358,1893559.0724488923,10
-1256040.7745070527,1893559.0724488923,10
-1255577.4617905251,1893559.0724488923,10
-1255114.1490739975,1893559.0724488923,10
-1254650.8363574701,1893559.0724488923,16
-1254187.5236409425,1893559.0724488923,16
-1253724.2109244152,1893559.0724488923,16
-1253260.8982078875,1893559.0724488923,16
-1252797.5854913602,1893559.0724488923,16
-1252334.2727748326,1893559.0724488923,16
-1251870.9600583052,1893559.0724488923,16
-1251407.6473417776,1893559.0724488923,16
-1250944.3346252502,1893559.0724488923,16
-1250481.0219087226,1893559.0724488923,10
-1250017.7091921952,1893559.0724488923,10
-1249554.3964756676,1893559.0724488923,10
-1249091.0837591402,1893559.0724488923,16
-1248627.7710426126,1893559.0724488923,10
-1248164.458326085,1893559.0724488923,10
-1247701.1456095576,1893559.0724488923,10
-1247237.83289303,1893559.0724488923,10
-1246774.5201765026,1893559.0724488923,10
-1246311.207459975,1893559.0724488923,16
-1245847.8947434477,1893559.0724488923,16
-1245384.58202692,1893559.0724488923,10
-1244921.2693103927,1893559.0724488923,10
-1244457.956593865,1893559.0724488923,10
-1243994.6438773377,1893559.0724488923,10
-1243531.33116081,1893559.0724488923,10
-1243068.0184442827,1893559.0724488923,10
-1242604.705727755,1893559.0724488923,10
-1242141.3930112277,1893559.0724488923,10
-1241678.0802947,1893559.0724488923,10
-1241214.7675781725,1893559.0724488923,10
-1240751.4548616451,1893559.0724488923,10
-1240288.1421451175,1893559.0724488923,10
-1239824.8294285901,1893559.0724488923,10
-1239361.5167120625,1893559.0724488923,10
-1238898.2039955352,1893559.0724488923,10
-1238434.8912790075,1893559.0724488923,10
-1237971.5785624802,1893559.0724488923,16
-1237508.2658459526,1893559.0724488923,10
-1237044.9531294252,1893559.0724488923,10
-1236581.6404128976,1893559.0724488923,10
-1236118.3276963702,1893559.0724488923,10
-1235655.0149798426,1893559.0724488923,10
-1235191.7022633152,1893559.0724488923,10
-1234728.3895467876,1893559.0724488923,10
-1234265.07683026,1893559.0724488923,10
-1233801.7641137326,1893559.0724488923,10
-1233338.4513972052,1893559.0724488923,10
-1232875.1386806776,1893559.0724488923,10
-1232411.82596415,1893559.0724488923,10
-1231948.5132476226,1893559.0724488923,16
-1231485.200531095,1893559.0724488923,16
-1231021.8878145677,1893559.0724488923,10
-1230558.57509804,1893559.0724488923,10
-1230095.2623815127,1893559.0724488923,10
-1229631.949664985,1893559.0724488923,10
-1229168.6369484577,1893559.0724488923,10
-1228705.32423193,1893559.0724488923,10
-1228242.0115154027,1893559.0724488923,10
-1227778.698798875,1893559.0724488923,10
-1227315.3860823475,1893559.0724488923,10
-1226852.07336582,1893559.0724488923,10
-1226388.7606492927,1893559.0724488923,10
-1225925.4479327651,1893559.0724488923,10
-1225462.1352162375,1893559.0724488923,10
-1224998.8224997101,1893559.0724488923,10
-1224535.5097831825,1893559.0724488923,10
-1224072.1970666551,1893559.0724488923,10
-1223608.8843501275,1893559.0724488923,10
-1223145.5716336002,1893559.0724488923,10
-1222682.2589170726,1893559.0724488923,10
-1222218.9462005452,1893559.0724488923,10
-1221755.6334840176,1893559.0724488923,10
-1221292.3207674902,1893559.0724488923,10
-1220829.0080509626,1893559.0724488923,10
-1220365.6953344352,1893559.0724488923,10
-1219902.3826179076,1893559.0724488923,10
-1219439.0699013802,1893559.0724488923,10
-1218975.7571848526,1893559.0724488923,10
-1218512.444468325,1893559.0724488923,10
-1218049.1317517976,1893559.0724488923,10
-1217585.81903527,1893559.0724488923,10
-1217122.5063187426,1893559.0724488923,10
-1216659.193602215,1893559.0724488923,10
-1216195.8808856877,1893559.0724488923,10
-1215732.56816916,1893559.0724488923,10
-1215269.2554526327,1893559.0724488923,10
-1214805.942736105,1893559.0724488923,10
-1214342.6300195777,1893559.0724488923,10
-1213879.31730305,1893559.0724488923,10
-1213416.0045865227,1893559.0724488923,10
-1212952.691869995,1893559.0724488923,10
-1212489.3791534677,1893559.0724488923,10
-1212026.06643694,1893559.0724488923,10
-1211562.7537204125,1893559.0724488923,10
-1211099.4410038851,1893559.0724488923,10
-1210636.1282873575,1893559.0724488923,10
-1210172.8155708301,1893559.0724488923,10
-1209709.5028543025,1893559.0724488923,10
-1209246.1901377751,1893559.0724488923,10
-1208782.8774212475,1893559.0724488923,10
-1208319.5647047202,1893559.0724488923,16
-1207856.2519881926,1893559.0724488923,16
-1207392.9392716652,1893559.0724488923,10
-1206929.6265551376,1893559.0724488923,10
-1206466.3138386102,1893559.0724488923,10
-1206003.0011220826,1893559.0724488923,10
-1205539.6884055552,1893559.0724488923,10
-1205076.3756890276,1893559.0724488923,10
-1204613.0629725,1893559.0724488923,10
-1204149.7502559726,1893559.0724488923,10
-1203686.4375394452,1893559.0724488923,10
-1203223.1248229176,1893559.0724488923,10
-1202759.81210639,1893559.0724488923,10
-1202296.4993898626,1893559.0724488923,10
-1201833.186673335,1893559.0724488923,10
-1201369.8739568077,1893559.0724488923,10
-1200906.56124028,1893559.0724488923,10
-1200443.2485237527,1893559.0724488923,10
-1199979.935807225,1893559.0724488923,10
-1199516.6230906977,1893559.0724488923,10
-1199053.31037417,1893559.0724488923,10
-1198589.9976576427,1893559.0724488923,10
-1198126.684941115,1893559.0724488923,10
-1197663.3722245875,1893559.0724488923,10
-1197200.05950806,1893559.0724488923,10
-1196736.7467915327,1893559.0724488923,10
-1196273.4340750051,1893559.0724488923,10
-1195810.1213584775,1893559.0724488923,10
-1195346.8086419501,1893559.0724488923,10
-1194883.4959254225,1893559.0724488923,10
-1194420.1832088951,1893559.0724488923,10
-1193956.8704923675,1893559.0724488923,10
-1193493.5577758402,1893559.0724488923,10
-1193030.2450593126,1893559.0724488923,10
-1192566.9323427852,1893559.0724488923,10
-1192103.6196262576,1893559.0724488923,10
-1191640.3069097302,1893559.0724488923,10
-1191176.9941932026,1893559.0724488923,10
-1190713.6814766752,1893559.0724488923,10
-1190250.3687601476,1893559.0724488923,10
-1189787.0560436202,1893559.0724488923,10
-1189323.7433270926,1893559.0724488923,10
-1188860.430610565,1893559.0724488923,10
-1188397.1178940376,1893559.0724488923,10
-1187933.80517751,1893559.0724488923,10
-1187470.4924609826,1893559.0724488923,10
-1187007.179744455,1893559.0724488923,10
-1186543.8670279277,1893559.0724488923,10
-1186080.5543114,1893559.0724488923,10
-1185617.2415948727,1893559.0724488923,10
-1185153.928878345,1893559.0724488923,10
-1184690.6161618177,1893559.0724488923,10
-1184227.30344529,1893559.0724488923,10
-1183763.9907287627,1893559.0724488923,10
-1183300.678012235,1893559.0724488923,10
-1182837.3652957077,1893559.0724488923,10
-1182374.05257918,1893559.0724488923,10
-1181910.7398626525,1893559.0724488923,10
-1181447.4271461251,1893559.0724488923,10
-1180984.1144295975,1893559.0724488923,10
-1180520.8017130701,1893559.0724488923,10
-1180057.4889965425,1893559.0724488923,10
-1179594.1762800151,1893559.0724488923,10
-1179130.8635634875,1893559.0724488923,10
-1178667.5508469602,1893559.0724488923,10
-1178204.2381304326,1893559.0724488923,10
-1177740.9254139052,1893559.0724488923,10
-1177277.6126973776,1893559.0724488923,10
-1176814.2999808502,1893559.0724488923,10
-1176350.9872643226,1893559.0724488923,10
-1175887.6745477952,1893559.0724488923,10
-1175424.3618312676,1893559.0724488923,10
-1174961.04911474,1893559.0724488923,10
-1174497.7363982126,1893559.0724488923,10
-1174034.4236816852,1893559.0724488923,10
-1173571.1109651576,1893559.0724488923,10
-1173107.79824863,1893559.0724488923,10
-1172644.4855321026,1893559.0724488923,10
-1172181.172815575,1893559.0724488923,10
-1171717.8600990477,1893559.0724488923,10
-1171254.54738252,1893559.0724488923,10
-1170791.2346659927,1893559.0724488923,10
-1170327.921949465,1893559.0724488923,10
-1169864.6092329377,1893559.0724488923,10
-1169401.29651641,1893559.0724488923,10
-1168937.9837998827,1893559.0724488923,10
-1168474.671083355,1893559.0724488923,10
-1354263.0704108826,1893095.7597323647,10
-1353799.7576943552,1893095.7597323647,10
-1353336.4449778276,1893095.7597323647,10
-1352873.1322613002,1893095.7597323647,10
-1352409.8195447726,1893095.7597323647,10
-1351946.506828245,1893095.7597323647,10
-1351483.1941117176,1893095.7597323647,10
-1351019.88139519,1893095.7597323647,10
-1350556.5686786626,1893095.7597323647,10
-1350093.255962135,1893095.7597323647,10
-1349629.9432456077,1893095.7597323647,10
-1349166.63052908,1893095.7597323647,10
-1348703.3178125527,1893095.7597323647,10
-1348240.005096025,1893095.7597323647,10
-1347776.6923794977,1893095.7597323647,10
-1347313.37966297,1893095.7597323647,10
-1346850.0669464427,1893095.7597323647,10
-1346386.754229915,1893095.7597323647,10
-1345923.4415133877,1893095.7597323647,10
-1345460.12879686,1893095.7597323647,10
-1344996.8160803327,1893095.7597323647,10
-1344533.5033638051,1893095.7597323647,10
-1344070.1906472775,1893095.7597323647,10
-1343606.8779307501,1893095.7597323647,10
-1343143.5652142225,1893095.7597323647,10
-1342680.2524976952,1893095.7597323647,10
-1342216.9397811675,1893095.7597323647,10
-1341753.6270646402,1893095.7597323647,10
-1341290.3143481126,1893095.7597323647,10
-1340827.0016315852,1893095.7597323647,10
-1340363.6889150576,1893095.7597323647,10
-1339900.3761985302,1893095.7597323647,10
-1339437.0634820026,1893095.7597323647,10
-1338973.7507654752,1893095.7597323647,10
-1338510.4380489476,1893095.7597323647,10
-1338047.1253324202,1893095.7597323647,10
-1337583.8126158926,1893095.7597323647,10
-1337120.499899365,1893095.7597323647,10
-1336657.1871828376,1893095.7597323647,10
-1336193.87446631,1893095.7597323647,10
-1335730.5617497826,1893095.7597323647,16
-1335267.249033255,1893095.7597323647,16
-1334803.9363167277,1893095.7597323647,16
-1334340.6236002,1893095.7597323647,16
-1333877.3108836727,1893095.7597323647,16
-1333413.998167145,1893095.7597323647,16
-1332950.6854506177,1893095.7597323647,16
-1332487.37273409,1893095.7597323647,16
-1332024.0600175627,1893095.7597323647,16
-1331560.747301035,1893095.7597323647,16
-1331097.4345845077,1893095.7597323647,16
-1330634.12186798,1893095.7597323647,16
-1330170.8091514525,1893095.7597323647,16
-1329707.4964349251,1893095.7597323647,16
-1329244.1837183975,1893095.7597323647,16
-1328780.8710018701,1893095.7597323647,16
-1328317.5582853425,1893095.7597323647,16
-1327854.2455688152,1893095.7597323647,16
-1327390.9328522875,1893095.7597323647,16
-1326927.6201357602,1893095.7597323647,16
-1326464.3074192326,1893095.7597323647,16
-1326000.9947027052,1893095.7597323647,16
-1325537.6819861776,1893095.7597323647,16
-1325074.3692696502,1893095.7597323647,16
-1324611.0565531226,1893095.7597323647,16
-1324147.7438365952,1893095.7597323647,16
-1323684.4311200676,1893095.7597323647,16
-1323221.11840354,1893095.7597323647,16
-1322757.8056870126,1893095.7597323647,16
-1322294.492970485,1893095.7597323647,16
-1321831.1802539576,1893095.7597323647,16
-1321367.86753743,1893095.7597323647,16
-1320904.5548209026,1893095.7597323647,16
-1320441.242104375,1893095.7597323647,16
-1319977.9293878477,1893095.7597323647,16
-1319514.61667132,1893095.7597323647,16
-1319051.3039547927,1893095.7597323647,16
-1318587.991238265,1893095.7597323647,16
-1318124.6785217377,1893095.7597323647,16
-1317661.36580521,1893095.7597323647,16
-1317198.0530886827,1893095.7597323647,16
-1316734.740372155,1893095.7597323647,16
-1316271.4276556277,1893095.7597323647,16
-1315808.1149391,1893095.7597323647,16
-1315344.8022225727,1893095.7597323647,16
-1314881.4895060451,1893095.7597323647,10
-1314418.1767895175,1893095.7597323647,16
-1313954.8640729901,1893095.7597323647,16
-1313491.5513564625,1893095.7597323647,16
-1313028.2386399352,1893095.7597323647,16
-1312564.9259234075,1893095.7597323647,16
-1312101.6132068802,1893095.7597323647,16
-1311638.3004903526,1893095.7597323647,10
-1311174.9877738252,1893095.7597323647,10
-1310711.6750572976,1893095.7597323647,10
-1310248.3623407702,1893095.7597323647,10
-1309785.0496242426,1893095.7597323647,16
-1309321.7369077152,1893095.7597323647,16
-1308858.4241911876,1893095.7597323647,16
-1308395.1114746602,1893095.7597323647,16
-1307931.7987581326,1893095.7597323647,16
-1307468.486041605,1893095.7597323647,16
-1307005.1733250776,1893095.7597323647,16
-1306541.86060855,1893095.7597323647,16
-1306078.5478920226,1893095.7597323647,10
-1305615.235175495,1893095.7597323647,10
-1305151.9224589677,1893095.7597323647,10
-1304688.60974244,1893095.7597323647,10
-1304225.2970259127,1893095.7597323647,10
-1303761.984309385,1893095.7597323647,10
-1303298.6715928577,1893095.7597323647,7
-1302835.35887633,1893095.7597323647,7
-1302372.0461598027,1893095.7597323647,10
-1301908.733443275,1893095.7597323647,10
-1301445.4207267477,1893095.7597323647,10
-1300982.10801022,1893095.7597323647,16
-1300518.7952936925,1893095.7597323647,16
-1300055.4825771651,1893095.7597323647,16
-1299592.1698606375,1893095.7597323647,10
-1299128.8571441101,1893095.7597323647,16
-1298665.5444275825,1893095.7597323647,16
-1298202.2317110552,1893095.7597323647,16
-1297738.9189945275,1893095.7597323647,10
-1297275.6062780002,1893095.7597323647,10
-1296812.2935614726,1893095.7597323647,10
-1296348.9808449452,1893095.7597323647,10
-1295885.6681284176,1893095.7597323647,10
-1295422.3554118902,1893095.7597323647,10
-1294959.0426953626,1893095.7597323647,10
-1294495.7299788352,1893095.7597323647,10
-1294032.4172623076,1893095.7597323647,10
-1293569.10454578,1893095.7597323647,10
-1293105.7918292526,1893095.7597323647,10
-1292642.479112725,1893095.7597323647,10
-1292179.1663961976,1893095.7597323647,10
-1291715.85367967,1893095.7597323647,10
-1291252.5409631426,1893095.7597323647,10
-1290789.228246615,1893095.7597323647,10
-1290325.9155300877,1893095.7597323647,10
-1289862.60281356,1893095.7597323647,10
-1289399.2900970327,1893095.7597323647,10
-1288935.977380505,1893095.7597323647,10
-1288472.6646639777,1893095.7597323647,10
-1288009.35194745,1893095.7597323647,10
-1287546.0392309227,1893095.7597323647,10
-1287082.726514395,1893095.7597323647,16
-1286619.4137978677,1893095.7597323647,10
-1286156.10108134,1893095.7597323647,10
-1285692.7883648127,1893095.7597323647,10
-1285229.4756482851,1893095.7597323647,10
-1284766.1629317575,1893095.7597323647,10
-1284302.8502152301,1893095.7597323647,10
-1283839.5374987025,1893095.7597323647,16
-1283376.2247821752,1893095.7597323647,16
-1282912.9120656475,1893095.7597323647,10
-1282449.5993491202,1893095.7597323647,16
-1281986.2866325926,1893095.7597323647,16
-1281522.9739160652,1893095.7597323647,16
-1281059.6611995376,1893095.7597323647,16
-1280596.3484830102,1893095.7597323647,16
-1280133.0357664826,1893095.7597323647,16
-1279669.7230499552,1893095.7597323647,16
-1279206.4103334276,1893095.7597323647,10
-1278743.0976169002,1893095.7597323647,10
-1278279.7849003726,1893095.7597323647,10
-1277816.472183845,1893095.7597323647,10
-1277353.1594673176,1893095.7597323647,10
-1276889.84675079,1893095.7597323647,10
-1276426.5340342626,1893095.7597323647,10
-1275963.221317735,1893095.7597323647,10
-1275499.9086012077,1893095.7597323647,10
-1275036.59588468,1893095.7597323647,10
-1274573.2831681527,1893095.7597323647,10
-1274109.970451625,1893095.7597323647,10
-1273646.6577350977,1893095.7597323647,10
-1273183.34501857,1893095.7597323647,16
-1272720.0323020427,1893095.7597323647,10
-1272256.719585515,1893095.7597323647,10
-1271793.4068689877,1893095.7597323647,10
-1271330.09415246,1893095.7597323647,10
-1270866.7814359325,1893095.7597323647,10
-1270403.4687194051,1893095.7597323647,16
-1269940.1560028775,1893095.7597323647,16
-1269476.8432863501,1893095.7597323647,16
-1269013.5305698225,1893095.7597323647,16
-1268550.2178532952,1893095.7597323647,16
-1268086.9051367675,1893095.7597323647,16
-1267623.5924202402,1893095.7597323647,16
-1267160.2797037126,1893095.7597323647,16
-1266696.9669871852,1893095.7597323647,16
-1266233.6542706576,1893095.7597323647,16
-1265770.3415541302,1893095.7597323647,16
-1265307.0288376026,1893095.7597323647,10
-1264843.7161210752,1893095.7597323647,10
-1264380.4034045476,1893095.7597323647,10
-1263917.09068802,1893095.7597323647,10
-1263453.7779714926,1893095.7597323647,10
-1262990.465254965,1893095.7597323647,10
-1262527.1525384376,1893095.7597323647,10
-1262063.83982191,1893095.7597323647,16
-1261600.5271053826,1893095.7597323647,16
-1261137.214388855,1893095.7597323647,16
-1260673.9016723277,1893095.7597323647,16
-1260210.5889558,1893095.7597323647,16
-1259747.2762392727,1893095.7597323647,10
-1259283.963522745,1893095.7597323647,10
-1258820.6508062177,1893095.7597323647,10
-1258357.33808969,1893095.7597323647,10
-1257894.0253731627,1893095.7597323647,16
-1257430.712656635,1893095.7597323647,16
-1256967.3999401077,1893095.7597323647,10
-1256504.08722358,1893095.7597323647,10
-1256040.7745070527,1893095.7597323647,10
-1255577.4617905251,1893095.7597323647,10
-1255114.1490739975,1893095.7597323647,10
-1254650.8363574701,1893095.7597323647,10
-1254187.5236409425,1893095.7597323647,16
-1253724.2109244152,1893095.7597323647,16
-1253260.8982078875,1893095.7597323647,16
-1252797.5854913602,1893095.7597323647,16
-1252334.2727748326,1893095.7597323647,16
-1251870.9600583052,1893095.7597323647,16
-1251407.6473417776,1893095.7597323647,16
-1250944.3346252502,1893095.7597323647,16
-1250481.0219087226,1893095.7597323647,10
-1250017.7091921952,1893095.7597323647,10
-1249554.3964756676,1893095.7597323647,10
-1249091.0837591402,1893095.7597323647,16
-1248627.7710426126,1893095.7597323647,10
-1248164.458326085,1893095.7597323647,10
-1247701.1456095576,1893095.7597323647,10
-1247237.83289303,1893095.7597323647,10
-1246774.5201765026,1893095.7597323647,10
-1246311.207459975,1893095.7597323647,10
-1245847.8947434477,1893095.7597323647,16
-1245384.58202692,1893095.7597323647,10
-1244921.2693103927,1893095.7597323647,10
-1244457.956593865,1893095.7597323647,10
-1243994.6438773377,1893095.7597323647,10
-1243531.33116081,1893095.7597323647,10
-1243068.0184442827,1893095.7597323647,10
-1242604.705727755,1893095.7597323647,10
-1242141.3930112277,1893095.7597323647,10
-1241678.0802947,1893095.7597323647,16
-1241214.7675781725,1893095.7597323647,16
-1240751.4548616451,1893095.7597323647,10
-1240288.1421451175,1893095.7597323647,10
-1239824.8294285901,1893095.7597323647,10
-1239361.5167120625,1893095.7597323647,10
-1238898.2039955352,1893095.7597323647,10
-1238434.8912790075,1893095.7597323647,10
-1237971.5785624802,1893095.7597323647,10
-1237508.2658459526,1893095.7597323647,10
-1237044.9531294252,1893095.7597323647,10
-1236581.6404128976,1893095.7597323647,10
-1236118.3276963702,1893095.7597323647,10
-1235655.0149798426,1893095.7597323647,10
-1235191.7022633152,1893095.7597323647,10
-1234728.3895467876,1893095.7597323647,10
-1234265.07683026,1893095.7597323647,10
-1233801.7641137326,1893095.7597323647,10
-1233338.4513972052,1893095.7597323647,10
-1232875.1386806776,1893095.7597323647,10
-1232411.82596415,1893095.7597323647,16
-1231948.5132476226,1893095.7597323647,16
-1231485.200531095,1893095.7597323647,16
-1231021.8878145677,1893095.7597323647,10
-1230558.57509804,1893095.7597323647,10
-1230095.2623815127,1893095.7597323647,10
-1229631.949664985,1893095.7597323647,10
-1229168.6369484577,1893095.7597323647,10
-1228705.32423193,1893095.7597323647,10
-1228242.0115154027,1893095.7597323647,10
-1227778.698798875,1893095.7597323647,10
-1227315.3860823475,1893095.7597323647,10
-1226852.07336582,1893095.7597323647,10
-1226388.7606492927,1893095.7597323647,10
-1225925.4479327651,1893095.7597323647,10
-1225462.1352162375,1893095.7597323647,10
-1224998.8224997101,1893095.7597323647,10
-1224535.5097831825,1893095.7597323647,10
-1224072.1970666551,1893095.7597323647,10
-1223608.8843501275,1893095.7597323647,10
-1223145.5716336002,1893095.7597323647,10
-1222682.2589170726,1893095.7597323647,10
-1222218.9462005452,1893095.7597323647,10
-1221755.6334840176,1893095.7597323647,10
-1221292.3207674902,1893095.7597323647,10
-1220829.0080509626,1893095.7597323647,10
-1220365.6953344352,1893095.7597323647,10
-1219902.3826179076,1893095.7597323647,10
-1219439.0699013802,1893095.7597323647,10
-1218975.7571848526,1893095.7597323647,10
-1218512.444468325,1893095.7597323647,10
-1218049.1317517976,1893095.7597323647,10
-1217585.81903527,1893095.7597323647,10
-1217122.5063187426,1893095.7597323647,10
-1216659.193602215,1893095.7597323647,10
-1216195.8808856877,1893095.7597323647,10
-1215732.56816916,1893095.7597323647,10
-1215269.2554526327,1893095.7597323647,10
-1214805.942736105,1893095.7597323647,10
-1214342.6300195777,1893095.7597323647,10
-1213879.31730305,1893095.7597323647,10
-1213416.0045865227,1893095.7597323647,10
-1212952.691869995,1893095.7597323647,10
-1212489.3791534677,1893095.7597323647,10
-1212026.06643694,1893095.7597323647,10
-1211562.7537204125,1893095.7597323647,10
-1211099.4410038851,1893095.7597323647,10
-1210636.1282873575,1893095.7597323647,10
-1210172.8155708301,1893095.7597323647,10
-1209709.5028543025,1893095.7597323647,10
-1209246.1901377751,1893095.7597323647,10
-1208782.8774212475,1893095.7597323647,10
-1208319.5647047202,1893095.7597323647,16
-1207856.2519881926,1893095.7597323647,10
-1207392.9392716652,1893095.7597323647,10
-1206929.6265551376,1893095.7597323647,10
-1206466.3138386102,1893095.7597323647,10
-1206003.0011220826,1893095.7597323647,10
-1205539.6884055552,1893095.7597323647,10
-1205076.3756890276,1893095.7597323647,10
-1204613.0629725,1893095.7597323647,10
-1204149.7502559726,1893095.7597323647,10
-1203686.4375394452,1893095.7597323647,10
-1203223.1248229176,1893095.7597323647,10
-1202759.81210639,1893095.7597323647,10
-1202296.4993898626,1893095.7597323647,10
-1201833.186673335,1893095.7597323647,10
-1201369.8739568077,1893095.7597323647,10
-1200906.56124028,1893095.7597323647,10
-1200443.2485237527,1893095.7597323647,10
-1199979.935807225,1893095.7597323647,10
-1199516.6230906977,1893095.7597323647,10
-1199053.31037417,1893095.7597323647,10
-1198589.9976576427,1893095.7597323647,10
-1198126.684941115,1893095.7597323647,10
-1197663.3722245875,1893095.7597323647,10
-1197200.05950806,1893095.7597323647,10
-1196736.7467915327,1893095.7597323647,10
-1196273.4340750051,1893095.7597323647,10
-1195810.1213584775,1893095.7597323647,10
-1195346.8086419501,1893095.7597323647,10
-1194883.4959254225,1893095.7597323647,10
-1194420.1832088951,1893095.7597323647,10
-1193956.8704923675,1893095.7597323647,10
-1193493.5577758402,1893095.7597323647,10
-1193030.2450593126,1893095.7597323647,10
-1192566.9323427852,1893095.7597323647,10
-1192103.6196262576,1893095.7597323647,10
-1191640.3069097302,1893095.7597323647,10
-1191176.9941932026,1893095.7597323647,10
-1190713.6814766752,1893095.7597323647,10
-1190250.3687601476,1893095.7597323647,10
-1189787.0560436202,1893095.7597323647,10
-1189323.7433270926,1893095.7597323647,10
-1188860.430610565,1893095.7597323647,10
-1188397.1178940376,1893095.7597323647,10
-1187933.80517751,1893095.7597323647,10
-1187470.4924609826,1893095.7597323647,10
-1187007.179744455,1893095.7597323647,10
-1186543.8670279277,1893095.7597323647,10
-1186080.5543114,1893095.7597323647,10
-1185617.2415948727,1893095.7597323647,10
-1185153.928878345,1893095.7597323647,10
-1184690.6161618177,1893095.7597323647,10
-1184227.30344529,1893095.7597323647,10
-1183763.9907287627,1893095.7597323647,10
-1183300.678012235,1893095.7597323647,10
-1182837.3652957077,1893095.7597323647,10
-1182374.05257918,1893095.7597323647,10
-1181910.7398626525,1893095.7597323647,10
-1181447.4271461251,1893095.7597323647,10
-1180984.1144295975,1893095.7597323647,10
-1180520.8017130701,1893095.7597323647,10
-1180057.4889965425,1893095.7597323647,10
-1179594.1762800151,1893095.7597323647,10
-1179130.8635634875,1893095.7597323647,10
-1178667.5508469602,1893095.7597323647,10
-1178204.2381304326,1893095.7597323647,10
-1177740.9254139052,1893095.7597323647,10
-1177277.6126973776,1893095.7597323647,10
-1176814.2999808502,1893095.7597323647,10
-1176350.9872643226,1893095.7597323647,10
-1175887.6745477952,1893095.7597323647,10
-1175424.3618312676,1893095.7597323647,10
-1174961.04911474,1893095.7597323647,10
-1174497.7363982126,1893095.7597323647,10
-1174034.4236816852,1893095.7597323647,10
-1173571.1109651576,1893095.7597323647,10
-1173107.79824863,1893095.7597323647,10
-1172644.4855321026,1893095.7597323647,10
-1172181.172815575,1893095.7597323647,10
-1171717.8600990477,1893095.7597323647,10
-1171254.54738252,1893095.7597323647,10
-1170791.2346659927,1893095.7597323647,10
-1170327.921949465,1893095.7597323647,10
-1169864.6092329377,1893095.7597323647,10
-1169401.29651641,1893095.7597323647,10
-1168937.9837998827,1893095.7597323647,10
-1168474.671083355,1893095.7597323647,10
-1354726.3831274102,1892632.4470158373,10
-1354263.0704108826,1892632.4470158373,10
-1353799.7576943552,1892632.4470158373,10
-1353336.4449778276,1892632.4470158373,10
-1352873.1322613002,1892632.4470158373,10
-1352409.8195447726,1892632.4470158373,10
-1351946.506828245,1892632.4470158373,10
-1351483.1941117176,1892632.4470158373,10
-1351019.88139519,1892632.4470158373,10
-1350556.5686786626,1892632.4470158373,10
-1350093.255962135,1892632.4470158373,10
-1349629.9432456077,1892632.4470158373,10
-1349166.63052908,1892632.4470158373,10
-1348703.3178125527,1892632.4470158373,10
-1348240.005096025,1892632.4470158373,10
-1347776.6923794977,1892632.4470158373,10
-1347313.37966297,1892632.4470158373,10
-1346850.0669464427,1892632.4470158373,10
-1346386.754229915,1892632.4470158373,10
-1345923.4415133877,1892632.4470158373,10
-1345460.12879686,1892632.4470158373,10
-1344996.8160803327,1892632.4470158373,10
-1344533.5033638051,1892632.4470158373,10
-1344070.1906472775,1892632.4470158373,10
-1343606.8779307501,1892632.4470158373,10
-1343143.5652142225,1892632.4470158373,10
-1342680.2524976952,1892632.4470158373,10
-1342216.9397811675,1892632.4470158373,10
-1341753.6270646402,1892632.4470158373,10
-1341290.3143481126,1892632.4470158373,10
-1340827.0016315852,1892632.4470158373,10
-1340363.6889150576,1892632.4470158373,10
-1339900.3761985302,1892632.4470158373,10
-1339437.0634820026,1892632.4470158373,10
-1338973.7507654752,1892632.4470158373,10
-1338510.4380489476,1892632.4470158373,10
-1338047.1253324202,1892632.4470158373,10
-1337583.8126158926,1892632.4470158373,16
-1337120.499899365,1892632.4470158373,16
-1336657.1871828376,1892632.4470158373,16
-1336193.87446631,1892632.4470158373,16
-1335730.5617497826,1892632.4470158373,16
-1335267.249033255,1892632.4470158373,16
-1334803.9363167277,1892632.4470158373,16
-1334340.6236002,1892632.4470158373,16
-1333877.3108836727,1892632.4470158373,16
-1333413.998167145,1892632.4470158373,16
-1332950.6854506177,1892632.4470158373,16
-1332487.37273409,1892632.4470158373,16
-1332024.0600175627,1892632.4470158373,16
-1331560.747301035,1892632.4470158373,16
-1331097.4345845077,1892632.4470158373,16
-1330634.12186798,1892632.4470158373,16
-1330170.8091514525,1892632.4470158373,16
-1329707.4964349251,1892632.4470158373,16
-1329244.1837183975,1892632.4470158373,16
-1328780.8710018701,1892632.4470158373,16
-1328317.5582853425,1892632.4470158373,16
-1327854.2455688152,1892632.4470158373,16
-1327390.9328522875,1892632.4470158373,16
-1326927.6201357602,1892632.4470158373,16
-1326464.3074192326,1892632.4470158373,16
-1326000.9947027052,1892632.4470158373,16
-1325537.6819861776,1892632.4470158373,10
-1325074.3692696502,1892632.4470158373,16
-1324611.0565531226,1892632.4470158373,16
-1324147.7438365952,1892632.4470158373,16
-1323684.4311200676,1892632.4470158373,16
-1323221.11840354,1892632.4470158373,16
-1322757.8056870126,1892632.4470158373,16
-1322294.492970485,1892632.4470158373,16
-1321831.1802539576,1892632.4470158373,16
-1321367.86753743,1892632.4470158373,16
-1320904.5548209026,1892632.4470158373,16
-1320441.242104375,1892632.4470158373,16
-1319977.9293878477,1892632.4470158373,16
-1319514.61667132,1892632.4470158373,16
-1319051.3039547927,1892632.4470158373,16
-1318587.991238265,1892632.4470158373,16
-1318124.6785217377,1892632.4470158373,16
-1317661.36580521,1892632.4470158373,16
-1317198.0530886827,1892632.4470158373,16
-1316734.740372155,1892632.4470158373,16
-1316271.4276556277,1892632.4470158373,16
-1315808.1149391,1892632.4470158373,16
-1315344.8022225727,1892632.4470158373,16
-1314881.4895060451,1892632.4470158373,16
-1314418.1767895175,1892632.4470158373,16
-1313954.8640729901,1892632.4470158373,16
-1313491.5513564625,1892632.4470158373,16
-1313028.2386399352,1892632.4470158373,16
-1312564.9259234075,1892632.4470158373,16
-1312101.6132068802,1892632.4470158373,16
-1311638.3004903526,1892632.4470158373,16
-1311174.9877738252,1892632.4470158373,16
-1310711.6750572976,1892632.4470158373,16
-1310248.3623407702,1892632.4470158373,16
-1309785.0496242426,1892632.4470158373,16
-1309321.7369077152,1892632.4470158373,16
-1308858.4241911876,1892632.4470158373,16
-1308395.1114746602,1892632.4470158373,16
-1307931.7987581326,1892632.4470158373,16
-1307468.486041605,1892632.4470158373,16
-1307005.1733250776,1892632.4470158373,16
-1306541.86060855,1892632.4470158373,16
-1306078.5478920226,1892632.4470158373,10
-1305615.235175495,1892632.4470158373,10
-1305151.9224589677,1892632.4470158373,10
-1304688.60974244,1892632.4470158373,10
-1304225.2970259127,1892632.4470158373,10
-1303761.984309385,1892632.4470158373,10
-1303298.6715928577,1892632.4470158373,10
-1302835.35887633,1892632.4470158373,10
-1302372.0461598027,1892632.4470158373,10
-1301908.733443275,1892632.4470158373,10
-1301445.4207267477,1892632.4470158373,10
-1300982.10801022,1892632.4470158373,10
-1300518.7952936925,1892632.4470158373,16
-1300055.4825771651,1892632.4470158373,16
-1299592.1698606375,1892632.4470158373,16
-1299128.8571441101,1892632.4470158373,16
-1298665.5444275825,1892632.4470158373,16
-1298202.2317110552,1892632.4470158373,16
-1297738.9189945275,1892632.4470158373,10
-1297275.6062780002,1892632.4470158373,10
-1296812.2935614726,1892632.4470158373,10
-1296348.9808449452,1892632.4470158373,10
-1295885.6681284176,1892632.4470158373,10
-1295422.3554118902,1892632.4470158373,10
-1294959.0426953626,1892632.4470158373,10
-1294495.7299788352,1892632.4470158373,10
-1294032.4172623076,1892632.4470158373,10
-1293569.10454578,1892632.4470158373,10
-1293105.7918292526,1892632.4470158373,10
-1292642.479112725,1892632.4470158373,10
-1292179.1663961976,1892632.4470158373,10
-1291715.85367967,1892632.4470158373,10
-1291252.5409631426,1892632.4470158373,10
-1290789.228246615,1892632.4470158373,10
-1290325.9155300877,1892632.4470158373,10
-1289862.60281356,1892632.4470158373,10
-1289399.2900970327,1892632.4470158373,10
-1288935.977380505,1892632.4470158373,10
-1288472.6646639777,1892632.4470158373,10
-1288009.35194745,1892632.4470158373,10
-1287546.0392309227,1892632.4470158373,10
-1287082.726514395,1892632.4470158373,10
-1286619.4137978677,1892632.4470158373,10
-1286156.10108134,1892632.4470158373,16
-1285692.7883648127,1892632.4470158373,10
-1285229.4756482851,1892632.4470158373,16
-1284766.1629317575,1892632.4470158373,10
-1284302.8502152301,1892632.4470158373,10
-1283839.5374987025,1892632.4470158373,16
-1283376.2247821752,1892632.4470158373,16
-1282912.9120656475,1892632.4470158373,16
-1282449.5993491202,1892632.4470158373,16
-1281986.2866325926,1892632.4470158373,16
-1281522.9739160652,1892632.4470158373,16
-1281059.6611995376,1892632.4470158373,16
-1280596.3484830102,1892632.4470158373,16
-1280133.0357664826,1892632.4470158373,16
-1279669.7230499552,1892632.4470158373,10
-1279206.4103334276,1892632.4470158373,10
-1278743.0976169002,1892632.4470158373,10
-1278279.7849003726,1892632.4470158373,10
-1277816.472183845,1892632.4470158373,10
-1277353.1594673176,1892632.4470158373,10
-1276889.84675079,1892632.4470158373,10
-1276426.5340342626,1892632.4470158373,10
-1275963.221317735,1892632.4470158373,10
-1275499.9086012077,1892632.4470158373,16
-1275036.59588468,1892632.4470158373,16
-1274573.2831681527,1892632.4470158373,7
-1274109.970451625,1892632.4470158373,7
-1273646.6577350977,1892632.4470158373,10
-1273183.34501857,1892632.4470158373,16
-1272720.0323020427,1892632.4470158373,10
-1272256.719585515,1892632.4470158373,10
-1271793.4068689877,1892632.4470158373,10
-1271330.09415246,1892632.4470158373,10
-1270866.7814359325,1892632.4470158373,10
-1270403.4687194051,1892632.4470158373,16
-1269940.1560028775,1892632.4470158373,16
-1269476.8432863501,1892632.4470158373,16
-1269013.5305698225,1892632.4470158373,16
-1268550.2178532952,1892632.4470158373,16
-1268086.9051367675,1892632.4470158373,16
-1267623.5924202402,1892632.4470158373,16
-1267160.2797037126,1892632.4470158373,16
-1266696.9669871852,1892632.4470158373,16
-1266233.6542706576,1892632.4470158373,10
-1265770.3415541302,1892632.4470158373,10
-1265307.0288376026,1892632.4470158373,10
-1264843.7161210752,1892632.4470158373,10
-1264380.4034045476,1892632.4470158373,10
-1263917.09068802,1892632.4470158373,10
-1263453.7779714926,1892632.4470158373,10
-1262990.465254965,1892632.4470158373,10
-1262527.1525384376,1892632.4470158373,10
-1262063.83982191,1892632.4470158373,10
-1261600.5271053826,1892632.4470158373,16
-1261137.214388855,1892632.4470158373,16
-1260673.9016723277,1892632.4470158373,16
-1260210.5889558,1892632.4470158373,10
-1259747.2762392727,1892632.4470158373,10
-1259283.963522745,1892632.4470158373,10
-1258820.6508062177,1892632.4470158373,10
-1258357.33808969,1892632.4470158373,10
-1257894.0253731627,1892632.4470158373,10
-1257430.712656635,1892632.4470158373,10
-1256967.3999401077,1892632.4470158373,10
-1256504.08722358,1892632.4470158373,10
-1256040.7745070527,1892632.4470158373,7
-1255577.4617905251,1892632.4470158373,10
-1255114.1490739975,1892632.4470158373,7
-1254650.8363574701,1892632.4470158373,10
-1254187.5236409425,1892632.4470158373,16
-1253724.2109244152,1892632.4470158373,16
-1253260.8982078875,1892632.4470158373,16
-1252797.5854913602,1892632.4470158373,16
-1252334.2727748326,1892632.4470158373,16
-1251870.9600583052,1892632.4470158373,16
-1251407.6473417776,1892632.4470158373,16
-1250944.3346252502,1892632.4470158373,16
-1250481.0219087226,1892632.4470158373,10
-1250017.7091921952,1892632.4470158373,10
-1249554.3964756676,1892632.4470158373,10
-1249091.0837591402,1892632.4470158373,10
-1248627.7710426126,1892632.4470158373,10
-1248164.458326085,1892632.4470158373,10
-1247701.1456095576,1892632.4470158373,10
-1247237.83289303,1892632.4470158373,10
-1246774.5201765026,1892632.4470158373,10
-1246311.207459975,1892632.4470158373,10
-1245847.8947434477,1892632.4470158373,10
-1245384.58202692,1892632.4470158373,10
-1244921.2693103927,1892632.4470158373,10
-1244457.956593865,1892632.4470158373,10
-1243994.6438773377,1892632.4470158373,10
-1243531.33116081,1892632.4470158373,10
-1243068.0184442827,1892632.4470158373,16
-1242604.705727755,1892632.4470158373,16
-1242141.3930112277,1892632.4470158373,10
-1241678.0802947,1892632.4470158373,10
-1241214.7675781725,1892632.4470158373,16
-1240751.4548616451,1892632.4470158373,16
-1240288.1421451175,1892632.4470158373,10
-1239824.8294285901,1892632.4470158373,10
-1239361.5167120625,1892632.4470158373,10
-1238898.2039955352,1892632.4470158373,10
-1238434.8912790075,1892632.4470158373,10
-1237971.5785624802,1892632.4470158373,10
-1237508.2658459526,1892632.4470158373,10
-1237044.9531294252,1892632.4470158373,10
-1236581.6404128976,1892632.4470158373,10
-1236118.3276963702,1892632.4470158373,10
-1235655.0149798426,1892632.4470158373,10
-1235191.7022633152,1892632.4470158373,10
-1234728.3895467876,1892632.4470158373,10
-1234265.07683026,1892632.4470158373,10
-1233801.7641137326,1892632.4470158373,10
-1233338.4513972052,1892632.4470158373,10
-1232875.1386806776,1892632.4470158373,10
-1232411.82596415,1892632.4470158373,10
-1231948.5132476226,1892632.4470158373,16
-1231485.200531095,1892632.4470158373,10
-1231021.8878145677,1892632.4470158373,10
-1230558.57509804,1892632.4470158373,10
-1230095.2623815127,1892632.4470158373,10
-1229631.949664985,1892632.4470158373,10
-1229168.6369484577,1892632.4470158373,10
-1228705.32423193,1892632.4470158373,16
-1228242.0115154027,1892632.4470158373,16
-1227778.698798875,1892632.4470158373,10
-1227315.3860823475,1892632.4470158373,10
-1226852.07336582,1892632.4470158373,10
-1226388.7606492927,1892632.4470158373,10
-1225925.4479327651,1892632.4470158373,10
-1225462.1352162375,1892632.4470158373,10
-1224998.8224997101,1892632.4470158373,10
-1224535.5097831825,1892632.4470158373,10
-1224072.1970666551,1892632.4470158373,10
-1223608.8843501275,1892632.4470158373,10
-1223145.5716336002,1892632.4470158373,10
-1222682.2589170726,1892632.4470158373,10
-1222218.9462005452,1892632.4470158373,10
-1221755.6334840176,1892632.4470158373,10
-1221292.3207674902,1892632.4470158373,10
-1220829.0080509626,1892632.4470158373,10
-1220365.6953344352,1892632.4470158373,10
-1219902.3826179076,1892632.4470158373,10
-1219439.0699013802,1892632.4470158373,10
-1218975.7571848526,1892632.4470158373,10
-1218512.444468325,1892632.4470158373,10
-1218049.1317517976,1892632.4470158373,10
-1217585.81903527,1892632.4470158373,10
-1217122.5063187426,1892632.4470158373,10
-1216659.193602215,1892632.4470158373,10
-1216195.8808856877,1892632.4470158373,10
-1215732.56816916,1892632.4470158373,10
-1215269.2554526327,1892632.4470158373,10
-1214805.942736105,1892632.4470158373,10
-1214342.6300195777,1892632.4470158373,10
-1213879.31730305,1892632.4470158373,7
-1213416.0045865227,1892632.4470158373,7
-1212952.691869995,1892632.4470158373,10
-1212489.3791534677,1892632.4470158373,10
-1212026.06643694,1892632.4470158373,10
-1211562.7537204125,1892632.4470158373,10
-1211099.4410038851,1892632.4470158373,10
-1210636.1282873575,1892632.4470158373,10
-1210172.8155708301,1892632.4470158373,10
-1209709.5028543025,1892632.4470158373,10
-1209246.1901377751,1892632.4470158373,10
-1208782.8774212475,1892632.4470158373,10
-1208319.5647047202,1892632.4470158373,10
-1207856.2519881926,1892632.4470158373,10
-1207392.9392716652,1892632.4470158373,10
-1206929.6265551376,1892632.4470158373,10
-1206466.3138386102,1892632.4470158373,10
-1206003.0011220826,1892632.4470158373,10
-1205539.6884055552,1892632.4470158373,10
-1205076.3756890276,1892632.4470158373,10
-1204613.0629725,1892632.4470158373,10
-1204149.7502559726,1892632.4470158373,10
-1203686.4375394452,1892632.4470158373,10
-1203223.1248229176,1892632.4470158373,10
-1202759.81210639,1892632.4470158373,10
-1202296.4993898626,1892632.4470158373,10
-1201833.186673335,1892632.4470158373,10
-1201369.8739568077,1892632.4470158373,10
-1200906.56124028,1892632.4470158373,10
-1200443.2485237527,1892632.4470158373,10
-1199979.935807225,1892632.4470158373,10
-1199516.6230906977,1892632.4470158373,10
-1199053.31037417,1892632.4470158373,10
-1198589.9976576427,1892632.4470158373,10
-1198126.684941115,1892632.4470158373,10
-1197663.3722245875,1892632.4470158373,10
-1197200.05950806,1892632.4470158373,10
-1196736.7467915327,1892632.4470158373,10
-1196273.4340750051,1892632.4470158373,10
-1195810.1213584775,1892632.4470158373,10
-1195346.8086419501,1892632.4470158373,10
-1194883.4959254225,1892632.4470158373,10
-1194420.1832088951,1892632.4470158373,10
-1193956.8704923675,1892632.4470158373,10
-1193493.5577758402,1892632.4470158373,10
-1193030.2450593126,1892632.4470158373,10
-1192566.9323427852,1892632.4470158373,10
-1192103.6196262576,1892632.4470158373,10
-1191640.3069097302,1892632.4470158373,10
-1191176.9941932026,1892632.4470158373,10
-1190713.6814766752,1892632.4470158373,10
-1190250.3687601476,1892632.4470158373,10
-1189787.0560436202,1892632.4470158373,10
-1189323.7433270926,1892632.4470158373,10
-1188860.430610565,1892632.4470158373,10
-1188397.1178940376,1892632.4470158373,10
-1187933.80517751,1892632.4470158373,10
-1187470.4924609826,1892632.4470158373,10
-1187007.179744455,1892632.4470158373,10
-1186543.8670279277,1892632.4470158373,10
-1186080.5543114,1892632.4470158373,10
-1185617.2415948727,1892632.4470158373,10
-1185153.928878345,1892632.4470158373,10
-1184690.6161618177,1892632.4470158373,10
-1184227.30344529,1892632.4470158373,10
-1183763.9907287627,1892632.4470158373,10
-1183300.678012235,1892632.4470158373,10
-1182837.3652957077,1892632.4470158373,10
-1182374.05257918,1892632.4470158373,10
-1181910.7398626525,1892632.4470158373,10
-1181447.4271461251,1892632.4470158373,10
-1180984.1144295975,1892632.4470158373,10
-1180520.8017130701,1892632.4470158373,10
-1180057.4889965425,1892632.4470158373,10
-1179594.1762800151,1892632.4470158373,10
-1179130.8635634875,1892632.4470158373,10
-1178667.5508469602,1892632.4470158373,10
-1178204.2381304326,1892632.4470158373,10
-1177740.9254139052,1892632.4470158373,10
-1177277.6126973776,1892632.4470158373,10
-1176814.2999808502,1892632.4470158373,10
-1176350.9872643226,1892632.4470158373,10
-1175887.6745477952,1892632.4470158373,10
-1175424.3618312676,1892632.4470158373,10
-1174961.04911474,1892632.4470158373,10
-1174497.7363982126,1892632.4470158373,10
-1174034.4236816852,1892632.4470158373,10
-1173571.1109651576,1892632.4470158373,10
-1173107.79824863,1892632.4470158373,10
-1172644.4855321026,1892632.4470158373,10
-1172181.172815575,1892632.4470158373,10
-1171717.8600990477,1892632.4470158373,10
-1171254.54738252,1892632.4470158373,10
-1170791.2346659927,1892632.4470158373,10
-1170327.921949465,1892632.4470158373,10
-1169864.6092329377,1892632.4470158373,10
-1169401.29651641,1892632.4470158373,10
-1168937.9837998827,1892632.4470158373,10
-1168474.671083355,1892632.4470158373,10
-1355189.6958439376,1892169.1342993097,10
-1354726.3831274102,1892169.1342993097,10
-1354263.0704108826,1892169.1342993097,10
-1353799.7576943552,1892169.1342993097,10
-1353336.4449778276,1892169.1342993097,10
-1352873.1322613002,1892169.1342993097,10
-1352409.8195447726,1892169.1342993097,10
-1351946.506828245,1892169.1342993097,10
-1351483.1941117176,1892169.1342993097,10
-1351019.88139519,1892169.1342993097,10
-1350556.5686786626,1892169.1342993097,10
-1350093.255962135,1892169.1342993097,10
-1349629.9432456077,1892169.1342993097,10
-1349166.63052908,1892169.1342993097,10
-1348703.3178125527,1892169.1342993097,10
-1348240.005096025,1892169.1342993097,10
-1347776.6923794977,1892169.1342993097,10
-1347313.37966297,1892169.1342993097,10
-1346850.0669464427,1892169.1342993097,10
-1346386.754229915,1892169.1342993097,10
-1345923.4415133877,1892169.1342993097,10
-1345460.12879686,1892169.1342993097,10
-1344996.8160803327,1892169.1342993097,10
-1344533.5033638051,1892169.1342993097,10
-1344070.1906472775,1892169.1342993097,10
-1343606.8779307501,1892169.1342993097,10
-1343143.5652142225,1892169.1342993097,10
-1342680.2524976952,1892169.1342993097,10
-1342216.9397811675,1892169.1342993097,10
-1341753.6270646402,1892169.1342993097,10
-1341290.3143481126,1892169.1342993097,10
-1340827.0016315852,1892169.1342993097,10
-1340363.6889150576,1892169.1342993097,10
-1339900.3761985302,1892169.1342993097,10
-1339437.0634820026,1892169.1342993097,10
-1338973.7507654752,1892169.1342993097,10
-1338510.4380489476,1892169.1342993097,10
-1338047.1253324202,1892169.1342993097,10
-1337583.8126158926,1892169.1342993097,16
-1337120.499899365,1892169.1342993097,16
-1336657.1871828376,1892169.1342993097,16
-1336193.87446631,1892169.1342993097,16
-1335730.5617497826,1892169.1342993097,16
-1335267.249033255,1892169.1342993097,16
-1334803.9363167277,1892169.1342993097,16
-1334340.6236002,1892169.1342993097,16
-1333877.3108836727,1892169.1342993097,16
-1333413.998167145,1892169.1342993097,16
-1332950.6854506177,1892169.1342993097,16
-1332487.37273409,1892169.1342993097,16
-1332024.0600175627,1892169.1342993097,16
-1331560.747301035,1892169.1342993097,16
-1331097.4345845077,1892169.1342993097,16
-1330634.12186798,1892169.1342993097,16
-1330170.8091514525,1892169.1342993097,16
-1329707.4964349251,1892169.1342993097,16
-1329244.1837183975,1892169.1342993097,16
-1328780.8710018701,1892169.1342993097,16
-1328317.5582853425,1892169.1342993097,16
-1327854.2455688152,1892169.1342993097,16
-1327390.9328522875,1892169.1342993097,16
-1326927.6201357602,1892169.1342993097,16
-1326464.3074192326,1892169.1342993097,16
-1326000.9947027052,1892169.1342993097,16
-1325537.6819861776,1892169.1342993097,16
-1325074.3692696502,1892169.1342993097,16
-1324611.0565531226,1892169.1342993097,16
-1324147.7438365952,1892169.1342993097,16
-1323684.4311200676,1892169.1342993097,16
-1323221.11840354,1892169.1342993097,16
-1322757.8056870126,1892169.1342993097,16
-1322294.492970485,1892169.1342993097,16
-1321831.1802539576,1892169.1342993097,16
-1321367.86753743,1892169.1342993097,16
-1320904.5548209026,1892169.1342993097,16
-1320441.242104375,1892169.1342993097,16
-1319977.9293878477,1892169.1342993097,16
-1319514.61667132,1892169.1342993097,16
-1319051.3039547927,1892169.1342993097,16
-1318587.991238265,1892169.1342993097,16
-1318124.6785217377,1892169.1342993097,16
-1317661.36580521,1892169.1342993097,16
-1317198.0530886827,1892169.1342993097,16
-1316734.740372155,1892169.1342993097,16
-1316271.4276556277,1892169.1342993097,16
-1315808.1149391,1892169.1342993097,16
-1315344.8022225727,1892169.1342993097,16
-1314881.4895060451,1892169.1342993097,16
-1314418.1767895175,1892169.1342993097,16
-1313954.8640729901,1892169.1342993097,16
-1313491.5513564625,1892169.1342993097,16
-1313028.2386399352,1892169.1342993097,16
-1312564.9259234075,1892169.1342993097,16
-1312101.6132068802,1892169.1342993097,16
-1311638.3004903526,1892169.1342993097,16
-1311174.9877738252,1892169.1342993097,16
-1310711.6750572976,1892169.1342993097,16
-1310248.3623407702,1892169.1342993097,16
-1309785.0496242426,1892169.1342993097,16
-1309321.7369077152,1892169.1342993097,16
-1308858.4241911876,1892169.1342993097,16
-1308395.1114746602,1892169.1342993097,16
-1307931.7987581326,1892169.1342993097,16
-1307468.486041605,1892169.1342993097,16
-1307005.1733250776,1892169.1342993097,16
-1306541.86060855,1892169.1342993097,16
-1306078.5478920226,1892169.1342993097,16
-1305615.235175495,1892169.1342993097,10
-1305151.9224589677,1892169.1342993097,10
-1304688.60974244,1892169.1342993097,10
-1304225.2970259127,1892169.1342993097,10
-1303761.984309385,1892169.1342993097,10
-1303298.6715928577,1892169.1342993097,10
-1302835.35887633,1892169.1342993097,10
-1302372.0461598027,1892169.1342993097,10
-1301908.733443275,1892169.1342993097,10
-1301445.4207267477,1892169.1342993097,10
-1300982.10801022,1892169.1342993097,10
-1300518.7952936925,1892169.1342993097,10
-1300055.4825771651,1892169.1342993097,16
-1299592.1698606375,1892169.1342993097,16
-1299128.8571441101,1892169.1342993097,16
-1298665.5444275825,1892169.1342993097,10
-1298202.2317110552,1892169.1342993097,10
-1297738.9189945275,1892169.1342993097,10
-1297275.6062780002,1892169.1342993097,10
-1296812.2935614726,1892169.1342993097,10
-1296348.9808449452,1892169.1342993097,10
-1295885.6681284176,1892169.1342993097,10
-1295422.3554118902,1892169.1342993097,7
-1294959.0426953626,1892169.1342993097,7
-1294495.7299788352,1892169.1342993097,7
-1294032.4172623076,1892169.1342993097,7
-1293569.10454578,1892169.1342993097,10
-1293105.7918292526,1892169.1342993097,10
-1292642.479112725,1892169.1342993097,10
-1292179.1663961976,1892169.1342993097,10
-1291715.85367967,1892169.1342993097,10
-1291252.5409631426,1892169.1342993097,10
-1290789.228246615,1892169.1342993097,10
-1290325.9155300877,1892169.1342993097,10
-1289862.60281356,1892169.1342993097,10
-1289399.2900970327,1892169.1342993097,10
-1288935.977380505,1892169.1342993097,10
-1288472.6646639777,1892169.1342993097,10
-1288009.35194745,1892169.1342993097,10
-1287546.0392309227,1892169.1342993097,10
-1287082.726514395,1892169.1342993097,10
-1286619.4137978677,1892169.1342993097,10
-1286156.10108134,1892169.1342993097,10
-1285692.7883648127,1892169.1342993097,10
-1285229.4756482851,1892169.1342993097,10
-1284766.1629317575,1892169.1342993097,10
-1284302.8502152301,1892169.1342993097,16
-1283839.5374987025,1892169.1342993097,10
-1283376.2247821752,1892169.1342993097,10
-1282912.9120656475,1892169.1342993097,10
-1282449.5993491202,1892169.1342993097,10
-1281986.2866325926,1892169.1342993097,10
-1281522.9739160652,1892169.1342993097,16
-1281059.6611995376,1892169.1342993097,16
-1280596.3484830102,1892169.1342993097,10
-1280133.0357664826,1892169.1342993097,10
-1279669.7230499552,1892169.1342993097,10
-1279206.4103334276,1892169.1342993097,10
-1278743.0976169002,1892169.1342993097,10
-1278279.7849003726,1892169.1342993097,10
-1277816.472183845,1892169.1342993097,10
-1277353.1594673176,1892169.1342993097,10
-1276889.84675079,1892169.1342993097,16
-1276426.5340342626,1892169.1342993097,16
-1275963.221317735,1892169.1342993097,10
-1275499.9086012077,1892169.1342993097,16
-1275036.59588468,1892169.1342993097,10
-1274573.2831681527,1892169.1342993097,10
-1274109.970451625,1892169.1342993097,10
-1273646.6577350977,1892169.1342993097,16
-1273183.34501857,1892169.1342993097,16
-1272720.0323020427,1892169.1342993097,10
-1272256.719585515,1892169.1342993097,10
-1271793.4068689877,1892169.1342993097,10
-1271330.09415246,1892169.1342993097,10
-1270866.7814359325,1892169.1342993097,16
-1270403.4687194051,1892169.1342993097,16
-1269940.1560028775,1892169.1342993097,16
-1269476.8432863501,1892169.1342993097,16
-1269013.5305698225,1892169.1342993097,16
-1268550.2178532952,1892169.1342993097,16
-1268086.9051367675,1892169.1342993097,16
-1267623.5924202402,1892169.1342993097,16
-1267160.2797037126,1892169.1342993097,16
-1266696.9669871852,1892169.1342993097,16
-1266233.6542706576,1892169.1342993097,16
-1265770.3415541302,1892169.1342993097,10
-1265307.0288376026,1892169.1342993097,10
-1264843.7161210752,1892169.1342993097,10
-1264380.4034045476,1892169.1342993097,10
-1263917.09068802,1892169.1342993097,10
-1263453.7779714926,1892169.1342993097,10
-1262990.465254965,1892169.1342993097,10
-1262527.1525384376,1892169.1342993097,10
-1262063.83982191,1892169.1342993097,10
-1261600.5271053826,1892169.1342993097,10
-1261137.214388855,1892169.1342993097,10
-1260673.9016723277,1892169.1342993097,10
-1260210.5889558,1892169.1342993097,10
-1259747.2762392727,1892169.1342993097,10
-1259283.963522745,1892169.1342993097,10
-1258820.6508062177,1892169.1342993097,10
-1258357.33808969,1892169.1342993097,10
-1257894.0253731627,1892169.1342993097,10
-1257430.712656635,1892169.1342993097,10
-1256967.3999401077,1892169.1342993097,10
-1256504.08722358,1892169.1342993097,7
-1256040.7745070527,1892169.1342993097,10
-1255577.4617905251,1892169.1342993097,10
-1255114.1490739975,1892169.1342993097,10
-1254650.8363574701,1892169.1342993097,10
-1254187.5236409425,1892169.1342993097,16
-1253724.2109244152,1892169.1342993097,16
-1253260.8982078875,1892169.1342993097,16
-1252797.5854913602,1892169.1342993097,16
-1252334.2727748326,1892169.1342993097,16
-1251870.9600583052,1892169.1342993097,16
-1251407.6473417776,1892169.1342993097,16
-1250944.3346252502,1892169.1342993097,16
-1250481.0219087226,1892169.1342993097,10
-1250017.7091921952,1892169.1342993097,10
-1249554.3964756676,1892169.1342993097,10
-1249091.0837591402,1892169.1342993097,10
-1248627.7710426126,1892169.1342993097,10
-1248164.458326085,1892169.1342993097,10
-1247701.1456095576,1892169.1342993097,10
-1247237.83289303,1892169.1342993097,10
-1246774.5201765026,1892169.1342993097,10
-1246311.207459975,1892169.1342993097,10
-1245847.8947434477,1892169.1342993097,10
-1245384.58202692,1892169.1342993097,10
-1244921.2693103927,1892169.1342993097,16
-1244457.956593865,1892169.1342993097,10
-1243994.6438773377,1892169.1342993097,10
-1243531.33116081,1892169.1342993097,10
-1243068.0184442827,1892169.1342993097,10
-1242604.705727755,1892169.1342993097,16
-1242141.3930112277,1892169.1342993097,10
-1241678.0802947,1892169.1342993097,10
-1241214.7675781725,1892169.1342993097,16
-1240751.4548616451,1892169.1342993097,16
-1240288.1421451175,1892169.1342993097,10
-1239824.8294285901,1892169.1342993097,10
-1239361.5167120625,1892169.1342993097,10
-1238898.2039955352,1892169.1342993097,10
-1238434.8912790075,1892169.1342993097,10
-1237971.5785624802,1892169.1342993097,10
-1237508.2658459526,1892169.1342993097,10
-1237044.9531294252,1892169.1342993097,10
-1236581.6404128976,1892169.1342993097,10
-1236118.3276963702,1892169.1342993097,10
-1235655.0149798426,1892169.1342993097,10
-1235191.7022633152,1892169.1342993097,10
-1234728.3895467876,1892169.1342993097,10
-1234265.07683026,1892169.1342993097,10
-1233801.7641137326,1892169.1342993097,10
-1233338.4513972052,1892169.1342993097,10
-1232875.1386806776,1892169.1342993097,10
-1232411.82596415,1892169.1342993097,10
-1231948.5132476226,1892169.1342993097,16
-1231485.200531095,1892169.1342993097,10
-1231021.8878145677,1892169.1342993097,10
-1230558.57509804,1892169.1342993097,10
-1230095.2623815127,1892169.1342993097,10
-1229631.949664985,1892169.1342993097,10
-1229168.6369484577,1892169.1342993097,10
-1228705.32423193,1892169.1342993097,10
-1228242.0115154027,1892169.1342993097,16
-1227778.698798875,1892169.1342993097,10
-1227315.3860823475,1892169.1342993097,10
-1226852.07336582,1892169.1342993097,10
-1226388.7606492927,1892169.1342993097,10
-1225925.4479327651,1892169.1342993097,10
-1225462.1352162375,1892169.1342993097,10
-1224998.8224997101,1892169.1342993097,10
-1224535.5097831825,1892169.1342993097,10
-1224072.1970666551,1892169.1342993097,10
-1223608.8843501275,1892169.1342993097,10
-1223145.5716336002,1892169.1342993097,10
-1222682.2589170726,1892169.1342993097,10
-1222218.9462005452,1892169.1342993097,10
-1221755.6334840176,1892169.1342993097,10
-1221292.3207674902,1892169.1342993097,10
-1220829.0080509626,1892169.1342993097,10
-1220365.6953344352,1892169.1342993097,10
-1219902.3826179076,1892169.1342993097,10
-1219439.0699013802,1892169.1342993097,10
-1218975.7571848526,1892169.1342993097,10
-1218512.444468325,1892169.1342993097,10
-1218049.1317517976,1892169.1342993097,10
-1217585.81903527,1892169.1342993097,10
-1217122.5063187426,1892169.1342993097,10
-1216659.193602215,1892169.1342993097,10
-1216195.8808856877,1892169.1342993097,10
-1215732.56816916,1892169.1342993097,7
-1215269.2554526327,1892169.1342993097,7
-1214805.942736105,1892169.1342993097,7
-1214342.6300195777,1892169.1342993097,10
-1213879.31730305,1892169.1342993097,7
-1213416.0045865227,1892169.1342993097,7
-1212952.691869995,1892169.1342993097,10
-1212489.3791534677,1892169.1342993097,10
-1212026.06643694,1892169.1342993097,10
-1211562.7537204125,1892169.1342993097,10
-1211099.4410038851,1892169.1342993097,10
-1210636.1282873575,1892169.1342993097,10
-1210172.8155708301,1892169.1342993097,10
-1209709.5028543025,1892169.1342993097,10
-1209246.1901377751,1892169.1342993097,10
-1208782.8774212475,1892169.1342993097,10
-1208319.5647047202,1892169.1342993097,10
-1207856.2519881926,1892169.1342993097,10
-1207392.9392716652,1892169.1342993097,10
-1206929.6265551376,1892169.1342993097,10
-1206466.3138386102,1892169.1342993097,10
-1206003.0011220826,1892169.1342993097,10
-1205539.6884055552,1892169.1342993097,10
-1205076.3756890276,1892169.1342993097,10
-1204613.0629725,1892169.1342993097,10
-1204149.7502559726,1892169.1342993097,10
-1203686.4375394452,1892169.1342993097,10
-1203223.1248229176,1892169.1342993097,10
-1202759.81210639,1892169.1342993097,10
-1202296.4993898626,1892169.1342993097,10
-1201833.186673335,1892169.1342993097,10
-1201369.8739568077,1892169.1342993097,10
-1200906.56124028,1892169.1342993097,10
-1200443.2485237527,1892169.1342993097,10
-1199979.935807225,1892169.1342993097,10
-1199516.6230906977,1892169.1342993097,10
-1199053.31037417,1892169.1342993097,10
-1198589.9976576427,1892169.1342993097,10
-1198126.684941115,1892169.1342993097,10
-1197663.3722245875,1892169.1342993097,10
-1197200.05950806,1892169.1342993097,10
-1196736.7467915327,1892169.1342993097,10
-1196273.4340750051,1892169.1342993097,10
-1195810.1213584775,1892169.1342993097,10
-1195346.8086419501,1892169.1342993097,10
-1194883.4959254225,1892169.1342993097,10
-1194420.1832088951,1892169.1342993097,10
-1193956.8704923675,1892169.1342993097,10
-1193493.5577758402,1892169.1342993097,10
-1193030.2450593126,1892169.1342993097,10
-1192566.9323427852,1892169.1342993097,10
-1192103.6196262576,1892169.1342993097,10
-1191640.3069097302,1892169.1342993097,10
-1191176.9941932026,1892169.1342993097,10
-1190713.6814766752,1892169.1342993097,10
-1190250.3687601476,1892169.1342993097,10
-1189787.0560436202,1892169.1342993097,10
-1189323.7433270926,1892169.1342993097,10
-1188860.430610565,1892169.1342993097,10
-1188397.1178940376,1892169.1342993097,10
-1187933.80517751,1892169.1342993097,10
-1187470.4924609826,1892169.1342993097,10
-1187007.179744455,1892169.1342993097,10
-1186543.8670279277,1892169.1342993097,10
-1186080.5543114,1892169.1342993097,10
-1185617.2415948727,1892169.1342993097,10
-1185153.928878345,1892169.1342993097,10
-1184690.6161618177,1892169.1342993097,10
-1184227.30344529,1892169.1342993097,10
-1183763.9907287627,1892169.1342993097,10
-1183300.678012235,1892169.1342993097,10
-1182837.3652957077,1892169.1342993097,10
-1182374.05257918,1892169.1342993097,10
-1181910.7398626525,1892169.1342993097,10
-1181447.4271461251,1892169.1342993097,10
-1180984.1144295975,1892169.1342993097,10
-1180520.8017130701,1892169.1342993097,10
-1180057.4889965425,1892169.1342993097,10
-1179594.1762800151,1892169.1342993097,10
-1179130.8635634875,1892169.1342993097,10
-1178667.5508469602,1892169.1342993097,10
-1178204.2381304326,1892169.1342993097,10
-1177740.9254139052,1892169.1342993097,10
-1177277.6126973776,1892169.1342993097,10
-1176814.2999808502,1892169.1342993097,10
-1176350.9872643226,1892169.1342993097,10
-1175887.6745477952,1892169.1342993097,10
-1175424.3618312676,1892169.1342993097,10
-1174961.04911474,1892169.1342993097,10
-1174497.7363982126,1892169.1342993097,10
-1174034.4236816852,1892169.1342993097,10
-1173571.1109651576,1892169.1342993097,10
-1173107.79824863,1892169.1342993097,10
-1172644.4855321026,1892169.1342993097,10
-1172181.172815575,1892169.1342993097,10
-1171717.8600990477,1892169.1342993097,10
-1171254.54738252,1892169.1342993097,10
-1170791.2346659927,1892169.1342993097,10
-1170327.921949465,1892169.1342993097,10
-1169864.6092329377,1892169.1342993097,10
-1169401.29651641,1892169.1342993097,10
-1168937.9837998827,1892169.1342993097,10
-1168474.671083355,1892169.1342993097,10
-1355653.0085604652,1891705.821582782,10
-1355189.6958439376,1891705.821582782,10
-1354726.3831274102,1891705.821582782,10
-1354263.0704108826,1891705.821582782,10
-1353799.7576943552,1891705.821582782,10
-1353336.4449778276,1891705.821582782,10
-1352873.1322613002,1891705.821582782,10
-1352409.8195447726,1891705.821582782,10
-1351946.506828245,1891705.821582782,10
-1351483.1941117176,1891705.821582782,10
-1351019.88139519,1891705.821582782,10
-1350556.5686786626,1891705.821582782,10
-1350093.255962135,1891705.821582782,10
-1349629.9432456077,1891705.821582782,10
-1349166.63052908,1891705.821582782,10
-1348703.3178125527,1891705.821582782,10
-1348240.005096025,1891705.821582782,10
-1347776.6923794977,1891705.821582782,10
-1347313.37966297,1891705.821582782,10
-1346850.0669464427,1891705.821582782,10
-1346386.754229915,1891705.821582782,10
-1345923.4415133877,1891705.821582782,10
-1345460.12879686,1891705.821582782,10
-1344996.8160803327,1891705.821582782,10
-1344533.5033638051,1891705.821582782,10
-1344070.1906472775,1891705.821582782,10
-1343606.8779307501,1891705.821582782,10
-1343143.5652142225,1891705.821582782,10
-1342680.2524976952,1891705.821582782,10
-1342216.9397811675,1891705.821582782,10
-1341753.6270646402,1891705.821582782,10
-1341290.3143481126,1891705.821582782,10
-1340827.0016315852,1891705.821582782,10
-1340363.6889150576,1891705.821582782,10
-1339900.3761985302,1891705.821582782,16
-1339437.0634820026,1891705.821582782,16
-1338973.7507654752,1891705.821582782,16
-1338510.4380489476,1891705.821582782,10
-1338047.1253324202,1891705.821582782,16
-1337583.8126158926,1891705.821582782,16
-1337120.499899365,1891705.821582782,16
-1336657.1871828376,1891705.821582782,16
-1336193.87446631,1891705.821582782,16
-1335730.5617497826,1891705.821582782,16
-1335267.249033255,1891705.821582782,16
-1334803.9363167277,1891705.821582782,16
-1334340.6236002,1891705.821582782,16
-1333877.3108836727,1891705.821582782,16
-1333413.998167145,1891705.821582782,16
-1332950.6854506177,1891705.821582782,16
-1332487.37273409,1891705.821582782,16
-1332024.0600175627,1891705.821582782,16
-1331560.747301035,1891705.821582782,16
-1331097.4345845077,1891705.821582782,16
-1330634.12186798,1891705.821582782,16
-1330170.8091514525,1891705.821582782,16
-1329707.4964349251,1891705.821582782,16
-1329244.1837183975,1891705.821582782,16
-1328780.8710018701,1891705.821582782,16
-1328317.5582853425,1891705.821582782,16
-1327854.2455688152,1891705.821582782,16
-1327390.9328522875,1891705.821582782,16
-1326927.6201357602,1891705.821582782,16
-1326464.3074192326,1891705.821582782,16
-1326000.9947027052,1891705.821582782,16
-1325537.6819861776,1891705.821582782,16
-1325074.3692696502,1891705.821582782,16
-1324611.0565531226,1891705.821582782,16
-1324147.7438365952,1891705.821582782,16
-1323684.4311200676,1891705.821582782,16
-1323221.11840354,1891705.821582782,16
-1322757.8056870126,1891705.821582782,16
-1322294.492970485,1891705.821582782,16
-1321831.1802539576,1891705.821582782,16
-1321367.86753743,1891705.821582782,16
-1320904.5548209026,1891705.821582782,16
-1320441.242104375,1891705.821582782,16
-1319977.9293878477,1891705.821582782,16
-1319514.61667132,1891705.821582782,16
-1319051.3039547927,1891705.821582782,16
-1318587.991238265,1891705.821582782,16
-1318124.6785217377,1891705.821582782,16
-1317661.36580521,1891705.821582782,16
-1317198.0530886827,1891705.821582782,16
-1316734.740372155,1891705.821582782,16
-1316271.4276556277,1891705.821582782,16
-1315808.1149391,1891705.821582782,16
-1315344.8022225727,1891705.821582782,16
-1314881.4895060451,1891705.821582782,16
-1314418.1767895175,1891705.821582782,16
-1313954.8640729901,1891705.821582782,16
-1313491.5513564625,1891705.821582782,16
-1313028.2386399352,1891705.821582782,16
-1312564.9259234075,1891705.821582782,16
-1312101.6132068802,1891705.821582782,16
-1311638.3004903526,1891705.821582782,16
-1311174.9877738252,1891705.821582782,16
-1310711.6750572976,1891705.821582782,16
-1310248.3623407702,1891705.821582782,16
-1309785.0496242426,1891705.821582782,16
-1309321.7369077152,1891705.821582782,16
-1308858.4241911876,1891705.821582782,16
-1308395.1114746602,1891705.821582782,16
-1307931.7987581326,1891705.821582782,16
-1307468.486041605,1891705.821582782,16
-1307005.1733250776,1891705.821582782,16
-1306541.86060855,1891705.821582782,16
-1306078.5478920226,1891705.821582782,16
-1305615.235175495,1891705.821582782,10
-1305151.9224589677,1891705.821582782,10
-1304688.60974244,1891705.821582782,10
-1304225.2970259127,1891705.821582782,10
-1303761.984309385,1891705.821582782,16
-1303298.6715928577,1891705.821582782,10
-1302835.35887633,1891705.821582782,10
-1302372.0461598027,1891705.821582782,10
-1301908.733443275,1891705.821582782,10
-1301445.4207267477,1891705.821582782,10
-1300982.10801022,1891705.821582782,10
-1300518.7952936925,1891705.821582782,10
-1300055.4825771651,1891705.821582782,10
-1299592.1698606375,1891705.821582782,10
-1299128.8571441101,1891705.821582782,10
-1298665.5444275825,1891705.821582782,10
-1298202.2317110552,1891705.821582782,10
-1297738.9189945275,1891705.821582782,10
-1297275.6062780002,1891705.821582782,10
-1296812.2935614726,1891705.821582782,10
-1296348.9808449452,1891705.821582782,10
-1295885.6681284176,1891705.821582782,10
-1295422.3554118902,1891705.821582782,10
-1294959.0426953626,1891705.821582782,10
-1294495.7299788352,1891705.821582782,10
-1294032.4172623076,1891705.821582782,10
-1293569.10454578,1891705.821582782,7
-1293105.7918292526,1891705.821582782,10
-1292642.479112725,1891705.821582782,10
-1292179.1663961976,1891705.821582782,10
-1291715.85367967,1891705.821582782,10
-1291252.5409631426,1891705.821582782,10
-1290789.228246615,1891705.821582782,10
-1290325.9155300877,1891705.821582782,10
-1289862.60281356,1891705.821582782,10
-1289399.2900970327,1891705.821582782,10
-1288935.977380505,1891705.821582782,10
-1288472.6646639777,1891705.821582782,10
-1288009.35194745,1891705.821582782,10
-1287546.0392309227,1891705.821582782,10
-1287082.726514395,1891705.821582782,10
-1286619.4137978677,1891705.821582782,10
-1286156.10108134,1891705.821582782,10
-1285692.7883648127,1891705.821582782,10
-1285229.4756482851,1891705.821582782,10
-1284766.1629317575,1891705.821582782,10
-1284302.8502152301,1891705.821582782,10
-1283839.5374987025,1891705.821582782,10
-1283376.2247821752,1891705.821582782,10
-1282912.9120656475,1891705.821582782,10
-1282449.5993491202,1891705.821582782,10
-1281986.2866325926,1891705.821582782,10
-1281522.9739160652,1891705.821582782,10
-1281059.6611995376,1891705.821582782,10
-1280596.3484830102,1891705.821582782,10
-1280133.0357664826,1891705.821582782,10
-1279669.7230499552,1891705.821582782,10
-1279206.4103334276,1891705.821582782,10
-1278743.0976169002,1891705.821582782,10
-1278279.7849003726,1891705.821582782,10
-1277816.472183845,1891705.821582782,10
-1277353.1594673176,1891705.821582782,10
-1276889.84675079,1891705.821582782,16
-1276426.5340342626,1891705.821582782,16
-1275963.221317735,1891705.821582782,16
-1275499.9086012077,1891705.821582782,16
-1275036.59588468,1891705.821582782,16
-1274573.2831681527,1891705.821582782,16
-1274109.970451625,1891705.821582782,16
-1273646.6577350977,1891705.821582782,16
-1273183.34501857,1891705.821582782,10
-1272720.0323020427,1891705.821582782,10
-1272256.719585515,1891705.821582782,10
-1271793.4068689877,1891705.821582782,10
-1271330.09415246,1891705.821582782,10
-1270866.7814359325,1891705.821582782,16
-1270403.4687194051,1891705.821582782,16
-1269940.1560028775,1891705.821582782,10
-1269476.8432863501,1891705.821582782,10
-1269013.5305698225,1891705.821582782,10
-1268550.2178532952,1891705.821582782,16
-1268086.9051367675,1891705.821582782,16
-1267623.5924202402,1891705.821582782,16
-1267160.2797037126,1891705.821582782,16
-1266696.9669871852,1891705.821582782,16
-1266233.6542706576,1891705.821582782,16
-1265770.3415541302,1891705.821582782,16
-1265307.0288376026,1891705.821582782,10
-1264843.7161210752,1891705.821582782,10
-1264380.4034045476,1891705.821582782,10
-1263917.09068802,1891705.821582782,10
-1263453.7779714926,1891705.821582782,10
-1262990.465254965,1891705.821582782,10
-1262527.1525384376,1891705.821582782,10
-1262063.83982191,1891705.821582782,10
-1261600.5271053826,1891705.821582782,10
-1261137.214388855,1891705.821582782,10
-1260673.9016723277,1891705.821582782,10
-1260210.5889558,1891705.821582782,10
-1259747.2762392727,1891705.821582782,10
-1259283.963522745,1891705.821582782,16
-1258820.6508062177,1891705.821582782,10
-1258357.33808969,1891705.821582782,10
-1257894.0253731627,1891705.821582782,10
-1257430.712656635,1891705.821582782,10
-1256967.3999401077,1891705.821582782,10
-1256504.08722358,1891705.821582782,10
-1256040.7745070527,1891705.821582782,10
-1255577.4617905251,1891705.821582782,10
-1255114.1490739975,1891705.821582782,10
-1254650.8363574701,1891705.821582782,10
-1254187.5236409425,1891705.821582782,16
-1253724.2109244152,1891705.821582782,16
-1253260.8982078875,1891705.821582782,16
-1252797.5854913602,1891705.821582782,16
-1252334.2727748326,1891705.821582782,16
-1251870.9600583052,1891705.821582782,16
-1251407.6473417776,1891705.821582782,16
-1250944.3346252502,1891705.821582782,10
-1250481.0219087226,1891705.821582782,10
-1250017.7091921952,1891705.821582782,10
-1249554.3964756676,1891705.821582782,10
-1249091.0837591402,1891705.821582782,16
-1248627.7710426126,1891705.821582782,16
-1248164.458326085,1891705.821582782,10
-1247701.1456095576,1891705.821582782,10
-1247237.83289303,1891705.821582782,10
-1246774.5201765026,1891705.821582782,10
-1246311.207459975,1891705.821582782,10
-1245847.8947434477,1891705.821582782,10
-1245384.58202692,1891705.821582782,10
-1244921.2693103927,1891705.821582782,10
-1244457.956593865,1891705.821582782,16
-1243994.6438773377,1891705.821582782,10
-1243531.33116081,1891705.821582782,10
-1243068.0184442827,1891705.821582782,10
-1242604.705727755,1891705.821582782,10
-1242141.3930112277,1891705.821582782,10
-1241678.0802947,1891705.821582782,10
-1241214.7675781725,1891705.821582782,16
-1240751.4548616451,1891705.821582782,16
-1240288.1421451175,1891705.821582782,10
-1239824.8294285901,1891705.821582782,10
-1239361.5167120625,1891705.821582782,10
-1238898.2039955352,1891705.821582782,10
-1238434.8912790075,1891705.821582782,10
-1237971.5785624802,1891705.821582782,10
-1237508.2658459526,1891705.821582782,10
-1237044.9531294252,1891705.821582782,10
-1236581.6404128976,1891705.821582782,10
-1236118.3276963702,1891705.821582782,10
-1235655.0149798426,1891705.821582782,10
-1235191.7022633152,1891705.821582782,10
-1234728.3895467876,1891705.821582782,10
-1234265.07683026,1891705.821582782,10
-1233801.7641137326,1891705.821582782,10
-1233338.4513972052,1891705.821582782,10
-1232875.1386806776,1891705.821582782,10
-1232411.82596415,1891705.821582782,10
-1231948.5132476226,1891705.821582782,10
-1231485.200531095,1891705.821582782,10
-1231021.8878145677,1891705.821582782,10
-1230558.57509804,1891705.821582782,10
-1230095.2623815127,1891705.821582782,10
-1229631.949664985,1891705.821582782,10
-1229168.6369484577,1891705.821582782,10
-1228705.32423193,1891705.821582782,10
-1228242.0115154027,1891705.821582782,10
-1227778.698798875,1891705.821582782,10
-1227315.3860823475,1891705.821582782,10
-1226852.07336582,1891705.821582782,10
-1226388.7606492927,1891705.821582782,10
-1225925.4479327651,1891705.821582782,10
-1225462.1352162375,1891705.821582782,10
-1224998.8224997101,1891705.821582782,10
-1224535.5097831825,1891705.821582782,10
-1224072.1970666551,1891705.821582782,10
-1223608.8843501275,1891705.821582782,10
-1223145.5716336002,1891705.821582782,10
-1222682.2589170726,1891705.821582782,10
-1222218.9462005452,1891705.821582782,10
-1221755.6334840176,1891705.821582782,10
-1221292.3207674902,1891705.821582782,10
-1220829.0080509626,1891705.821582782,10
-1220365.6953344352,1891705.821582782,10
-1219902.3826179076,1891705.821582782,10
-1219439.0699013802,1891705.821582782,10
-1218975.7571848526,1891705.821582782,10
-1218512.444468325,1891705.821582782,10
-1218049.1317517976,1891705.821582782,10
-1217585.81903527,1891705.821582782,10
-1217122.5063187426,1891705.821582782,10
-1216659.193602215,1891705.821582782,10
-1216195.8808856877,1891705.821582782,7
-1215732.56816916,1891705.821582782,7
-1215269.2554526327,1891705.821582782,7
-1214805.942736105,1891705.821582782,7
-1214342.6300195777,1891705.821582782,10
-1213879.31730305,1891705.821582782,10
-1213416.0045865227,1891705.821582782,10
-1212952.691869995,1891705.821582782,10
-1212489.3791534677,1891705.821582782,10
-1212026.06643694,1891705.821582782,10
-1211562.7537204125,1891705.821582782,10
-1211099.4410038851,1891705.821582782,10
-1210636.1282873575,1891705.821582782,10
-1210172.8155708301,1891705.821582782,10
-1209709.5028543025,1891705.821582782,10
-1209246.1901377751,1891705.821582782,10
-1208782.8774212475,1891705.821582782,10
-1208319.5647047202,1891705.821582782,10
-1207856.2519881926,1891705.821582782,10
-1207392.9392716652,1891705.821582782,10
-1206929.6265551376,1891705.821582782,10
-1206466.3138386102,1891705.821582782,10
-1206003.0011220826,1891705.821582782,10
-1205539.6884055552,1891705.821582782,10
-1205076.3756890276,1891705.821582782,10
-1204613.0629725,1891705.821582782,10
-1204149.7502559726,1891705.821582782,10
-1203686.4375394452,1891705.821582782,10
-1203223.1248229176,1891705.821582782,10
-1202759.81210639,1891705.821582782,10
-1202296.4993898626,1891705.821582782,10
-1201833.186673335,1891705.821582782,10
-1201369.8739568077,1891705.821582782,10
-1200906.56124028,1891705.821582782,10
-1200443.2485237527,1891705.821582782,10
-1199979.935807225,1891705.821582782,10
-1199516.6230906977,1891705.821582782,10
-1199053.31037417,1891705.821582782,10
-1198589.9976576427,1891705.821582782,10
-1198126.684941115,1891705.821582782,10
-1197663.3722245875,1891705.821582782,10
-1197200.05950806,1891705.821582782,10
-1196736.7467915327,1891705.821582782,10
-1196273.4340750051,1891705.821582782,10
-1195810.1213584775,1891705.821582782,10
-1195346.8086419501,1891705.821582782,10
-1194883.4959254225,1891705.821582782,10
-1194420.1832088951,1891705.821582782,10
-1193956.8704923675,1891705.821582782,10
-1193493.5577758402,1891705.821582782,10
-1193030.2450593126,1891705.821582782,10
-1192566.9323427852,1891705.821582782,10
-1192103.6196262576,1891705.821582782,10
-1191640.3069097302,1891705.821582782,10
-1191176.9941932026,1891705.821582782,10
-1190713.6814766752,1891705.821582782,10
-1190250.3687601476,1891705.821582782,10
-1189787.0560436202,1891705.821582782,10
-1189323.7433270926,1891705.821582782,10
-1188860.430610565,1891705.821582782,10
-1188397.1178940376,1891705.821582782,10
-1187933.80517751,1891705.821582782,10
-1187470.4924609826,1891705.821582782,10
-1187007.179744455,1891705.821582782,10
-1186543.8670279277,1891705.821582782,10
-1186080.5543114,1891705.821582782,10
-1185617.2415948727,1891705.821582782,10
-1185153.928878345,1891705.821582782,10
-1184690.6161618177,1891705.821582782,10
-1184227.30344529,1891705.821582782,10
-1183763.9907287627,1891705.821582782,10
-1183300.678012235,1891705.821582782,10
-1182837.3652957077,1891705.821582782,10
-1182374.05257918,1891705.821582782,10
-1181910.7398626525,1891705.821582782,10
-1181447.4271461251,1891705.821582782,10
-1180984.1144295975,1891705.821582782,10
-1180520.8017130701,1891705.821582782,10
-1180057.4889965425,1891705.821582782,10
-1179594.1762800151,1891705.821582782,10
-1179130.8635634875,1891705.821582782,10
-1178667.5508469602,1891705.821582782,10
-1178204.2381304326,1891705.821582782,10
-1177740.9254139052,1891705.821582782,10
-1177277.6126973776,1891705.821582782,10
-1176814.2999808502,1891705.821582782,10
-1176350.9872643226,1891705.821582782,10
-1175887.6745477952,1891705.821582782,10
-1175424.3618312676,1891705.821582782,10
-1174961.04911474,1891705.821582782,10
-1174497.7363982126,1891705.821582782,10
-1174034.4236816852,1891705.821582782,10
-1173571.1109651576,1891705.821582782,10
-1173107.79824863,1891705.821582782,10
-1172644.4855321026,1891705.821582782,10
-1172181.172815575,1891705.821582782,10
-1171717.8600990477,1891705.821582782,10
-1171254.54738252,1891705.821582782,10
-1170791.2346659927,1891705.821582782,10
-1170327.921949465,1891705.821582782,10
-1169864.6092329377,1891705.821582782,10
-1169401.29651641,1891705.821582782,10
-1168937.9837998827,1891705.821582782,10
-1356116.3212769926,1891242.5088662547,10
-1355653.0085604652,1891242.5088662547,10
-1355189.6958439376,1891242.5088662547,10
-1354726.3831274102,1891242.5088662547,10
-1354263.0704108826,1891242.5088662547,10
-1353799.7576943552,1891242.5088662547,10
-1353336.4449778276,1891242.5088662547,10
-1352873.1322613002,1891242.5088662547,10
-1352409.8195447726,1891242.5088662547,10
-1351946.506828245,1891242.5088662547,10
-1351483.1941117176,1891242.5088662547,10
-1351019.88139519,1891242.5088662547,10
-1350556.5686786626,1891242.5088662547,10
-1350093.255962135,1891242.5088662547,10
-1349629.9432456077,1891242.5088662547,10
-1349166.63052908,1891242.5088662547,10
-1348703.3178125527,1891242.5088662547,10
-1348240.005096025,1891242.5088662547,10
-1347776.6923794977,1891242.5088662547,10
-1347313.37966297,1891242.5088662547,10
-1346850.0669464427,1891242.5088662547,10
-1346386.754229915,1891242.5088662547,10
-1345923.4415133877,1891242.5088662547,10
-1345460.12879686,1891242.5088662547,10
-1344996.8160803327,1891242.5088662547,10
-1344533.5033638051,1891242.5088662547,10
-1344070.1906472775,1891242.5088662547,10
-1343606.8779307501,1891242.5088662547,10
-1343143.5652142225,1891242.5088662547,10
-1342680.2524976952,1891242.5088662547,10
-1342216.9397811675,1891242.5088662547,10
-1341753.6270646402,1891242.5088662547,10
-1341290.3143481126,1891242.5088662547,10
-1340827.0016315852,1891242.5088662547,10
-1340363.6889150576,1891242.5088662547,16
-1339900.3761985302,1891242.5088662547,16
-1339437.0634820026,1891242.5088662547,16
-1338973.7507654752,1891242.5088662547,16
-1338510.4380489476,1891242.5088662547,16
-1338047.1253324202,1891242.5088662547,16
-1337583.8126158926,1891242.5088662547,16
-1337120.499899365,1891242.5088662547,16
-1336657.1871828376,1891242.5088662547,16
-1336193.87446631,1891242.5088662547,16
-1335730.5617497826,1891242.5088662547,16
-1335267.249033255,1891242.5088662547,16
-1334803.9363167277,1891242.5088662547,16
-1334340.6236002,1891242.5088662547,16
-1333877.3108836727,1891242.5088662547,16
-1333413.998167145,1891242.5088662547,16
-1332950.6854506177,1891242.5088662547,16
-1332487.37273409,1891242.5088662547,16
-1332024.0600175627,1891242.5088662547,16
-1331560.747301035,1891242.5088662547,16
-1331097.4345845077,1891242.5088662547,10
-1330634.12186798,1891242.5088662547,16
-1330170.8091514525,1891242.5088662547,16
-1329707.4964349251,1891242.5088662547,16
-1329244.1837183975,1891242.5088662547,16
-1328780.8710018701,1891242.5088662547,16
-1328317.5582853425,1891242.5088662547,16
-1327854.2455688152,1891242.5088662547,16
-1327390.9328522875,1891242.5088662547,16
-1326927.6201357602,1891242.5088662547,16
-1326464.3074192326,1891242.5088662547,16
-1326000.9947027052,1891242.5088662547,16
-1325537.6819861776,1891242.5088662547,16
-1325074.3692696502,1891242.5088662547,16
-1324611.0565531226,1891242.5088662547,16
-1324147.7438365952,1891242.5088662547,16
-1323684.4311200676,1891242.5088662547,16
-1323221.11840354,1891242.5088662547,16
-1322757.8056870126,1891242.5088662547,16
-1322294.492970485,1891242.5088662547,16
-1321831.1802539576,1891242.5088662547,16
-1321367.86753743,1891242.5088662547,16
-1320904.5548209026,1891242.5088662547,16
-1320441.242104375,1891242.5088662547,16
-1319977.9293878477,1891242.5088662547,16
-1319514.61667132,1891242.5088662547,16
-1319051.3039547927,1891242.5088662547,16
-1318587.991238265,1891242.5088662547,16
-1318124.6785217377,1891242.5088662547,16
-1317661.36580521,1891242.5088662547,16
-1317198.0530886827,1891242.5088662547,16
-1316734.740372155,1891242.5088662547,16
-1316271.4276556277,1891242.5088662547,16
-1315808.1149391,1891242.5088662547,16
-1315344.8022225727,1891242.5088662547,10
-1314881.4895060451,1891242.5088662547,16
-1314418.1767895175,1891242.5088662547,16
-1313954.8640729901,1891242.5088662547,16
-1313491.5513564625,1891242.5088662547,16
-1313028.2386399352,1891242.5088662547,16
-1312564.9259234075,1891242.5088662547,16
-1312101.6132068802,1891242.5088662547,16
-1311638.3004903526,1891242.5088662547,16
-1311174.9877738252,1891242.5088662547,16
-1310711.6750572976,1891242.5088662547,16
-1310248.3623407702,1891242.5088662547,16
-1309785.0496242426,1891242.5088662547,16
-1309321.7369077152,1891242.5088662547,16
-1308858.4241911876,1891242.5088662547,16
-1308395.1114746602,1891242.5088662547,16
-1307931.7987581326,1891242.5088662547,16
-1307468.486041605,1891242.5088662547,16
-1307005.1733250776,1891242.5088662547,16
-1306541.86060855,1891242.5088662547,16
-1306078.5478920226,1891242.5088662547,16
-1305615.235175495,1891242.5088662547,10
-1305151.9224589677,1891242.5088662547,10
-1304688.60974244,1891242.5088662547,16
-1304225.2970259127,1891242.5088662547,16
-1303761.984309385,1891242.5088662547,10
-1303298.6715928577,1891242.5088662547,10
-1302835.35887633,1891242.5088662547,10
-1302372.0461598027,1891242.5088662547,10
-1301908.733443275,1891242.5088662547,10
-1301445.4207267477,1891242.5088662547,10
-1300982.10801022,1891242.5088662547,10
-1300518.7952936925,1891242.5088662547,10
-1300055.4825771651,1891242.5088662547,10
-1299592.1698606375,1891242.5088662547,10
-1299128.8571441101,1891242.5088662547,10
-1298665.5444275825,1891242.5088662547,7
-1298202.2317110552,1891242.5088662547,10
-1297738.9189945275,1891242.5088662547,10
-1297275.6062780002,1891242.5088662547,10
-1296812.2935614726,1891242.5088662547,10
-1296348.9808449452,1891242.5088662547,10
-1295885.6681284176,1891242.5088662547,10
-1295422.3554118902,1891242.5088662547,10
-1294959.0426953626,1891242.5088662547,10
-1294495.7299788352,1891242.5088662547,10
-1294032.4172623076,1891242.5088662547,10
-1293569.10454578,1891242.5088662547,7
-1293105.7918292526,1891242.5088662547,7
-1292642.479112725,1891242.5088662547,10
-1292179.1663961976,1891242.5088662547,10
-1291715.85367967,1891242.5088662547,10
-1291252.5409631426,1891242.5088662547,10
-1290789.228246615,1891242.5088662547,10
-1290325.9155300877,1891242.5088662547,10
-1289862.60281356,1891242.5088662547,10
-1289399.2900970327,1891242.5088662547,10
-1288935.977380505,1891242.5088662547,10
-1288472.6646639777,1891242.5088662547,10
-1288009.35194745,1891242.5088662547,10
-1287546.0392309227,1891242.5088662547,10
-1287082.726514395,1891242.5088662547,10
-1286619.4137978677,1891242.5088662547,10
-1286156.10108134,1891242.5088662547,10
-1285692.7883648127,1891242.5088662547,10
-1285229.4756482851,1891242.5088662547,10
-1284766.1629317575,1891242.5088662547,10
-1284302.8502152301,1891242.5088662547,10
-1283839.5374987025,1891242.5088662547,10
-1283376.2247821752,1891242.5088662547,7
-1282912.9120656475,1891242.5088662547,10
-1282449.5993491202,1891242.5088662547,10
-1281986.2866325926,1891242.5088662547,10
-1281522.9739160652,1891242.5088662547,10
-1281059.6611995376,1891242.5088662547,10
-1280596.3484830102,1891242.5088662547,10
-1280133.0357664826,1891242.5088662547,10
-1279669.7230499552,1891242.5088662547,10
-1279206.4103334276,1891242.5088662547,10
-1278743.0976169002,1891242.5088662547,10
-1278279.7849003726,1891242.5088662547,10
-1277816.472183845,1891242.5088662547,7
-1277353.1594673176,1891242.5088662547,7
-1276889.84675079,1891242.5088662547,10
-1276426.5340342626,1891242.5088662547,16
-1275963.221317735,1891242.5088662547,16
-1275499.9086012077,1891242.5088662547,16
-1275036.59588468,1891242.5088662547,16
-1274573.2831681527,1891242.5088662547,16
-1274109.970451625,1891242.5088662547,10
-1273646.6577350977,1891242.5088662547,10
-1273183.34501857,1891242.5088662547,10
-1272720.0323020427,1891242.5088662547,10
-1272256.719585515,1891242.5088662547,10
-1271793.4068689877,1891242.5088662547,10
-1271330.09415246,1891242.5088662547,10
-1270866.7814359325,1891242.5088662547,10
-1270403.4687194051,1891242.5088662547,10
-1269940.1560028775,1891242.5088662547,10
-1269476.8432863501,1891242.5088662547,10
-1269013.5305698225,1891242.5088662547,10
-1268550.2178532952,1891242.5088662547,10
-1268086.9051367675,1891242.5088662547,16
-1267623.5924202402,1891242.5088662547,16
-1267160.2797037126,1891242.5088662547,16
-1266696.9669871852,1891242.5088662547,16
-1266233.6542706576,1891242.5088662547,16
-1265770.3415541302,1891242.5088662547,16
-1265307.0288376026,1891242.5088662547,16
-1264843.7161210752,1891242.5088662547,10
-1264380.4034045476,1891242.5088662547,10
-1263917.09068802,1891242.5088662547,10
-1263453.7779714926,1891242.5088662547,10
-1262990.465254965,1891242.5088662547,10
-1262527.1525384376,1891242.5088662547,10
-1262063.83982191,1891242.5088662547,10
-1261600.5271053826,1891242.5088662547,10
-1261137.214388855,1891242.5088662547,10
-1260673.9016723277,1891242.5088662547,10
-1260210.5889558,1891242.5088662547,16
-1259747.2762392727,1891242.5088662547,16
-1259283.963522745,1891242.5088662547,16
-1258820.6508062177,1891242.5088662547,10
-1258357.33808969,1891242.5088662547,10
-1257894.0253731627,1891242.5088662547,7
-1257430.712656635,1891242.5088662547,10
-1256967.3999401077,1891242.5088662547,10
-1256504.08722358,1891242.5088662547,10
-1256040.7745070527,1891242.5088662547,10
-1255577.4617905251,1891242.5088662547,10
-1255114.1490739975,1891242.5088662547,10
-1254650.8363574701,1891242.5088662547,10
-1254187.5236409425,1891242.5088662547,10
-1253724.2109244152,1891242.5088662547,16
-1253260.8982078875,1891242.5088662547,16
-1252797.5854913602,1891242.5088662547,16
-1252334.2727748326,1891242.5088662547,16
-1251870.9600583052,1891242.5088662547,16
-1251407.6473417776,1891242.5088662547,16
-1250944.3346252502,1891242.5088662547,10
-1250481.0219087226,1891242.5088662547,10
-1250017.7091921952,1891242.5088662547,10
-1249554.3964756676,1891242.5088662547,10
-1249091.0837591402,1891242.5088662547,10
-1248627.7710426126,1891242.5088662547,16
-1248164.458326085,1891242.5088662547,16
-1247701.1456095576,1891242.5088662547,10
-1247237.83289303,1891242.5088662547,10
-1246774.5201765026,1891242.5088662547,16
-1246311.207459975,1891242.5088662547,10
-1245847.8947434477,1891242.5088662547,10
-1245384.58202692,1891242.5088662547,16
-1244921.2693103927,1891242.5088662547,16
-1244457.956593865,1891242.5088662547,10
-1243994.6438773377,1891242.5088662547,10
-1243531.33116081,1891242.5088662547,10
-1243068.0184442827,1891242.5088662547,16
-1242604.705727755,1891242.5088662547,10
-1242141.3930112277,1891242.5088662547,10
-1241678.0802947,1891242.5088662547,10
-1241214.7675781725,1891242.5088662547,16
-1240751.4548616451,1891242.5088662547,16
-1240288.1421451175,1891242.5088662547,10
-1239824.8294285901,1891242.5088662547,10
-1239361.5167120625,1891242.5088662547,10
-1238898.2039955352,1891242.5088662547,10
-1238434.8912790075,1891242.5088662547,10
-1237971.5785624802,1891242.5088662547,10
-1237508.2658459526,1891242.5088662547,10
-1237044.9531294252,1891242.5088662547,10
-1236581.6404128976,1891242.5088662547,10
-1236118.3276963702,1891242.5088662547,10
-1235655.0149798426,1891242.5088662547,10
-1235191.7022633152,1891242.5088662547,10
-1234728.3895467876,1891242.5088662547,10
-1234265.07683026,1891242.5088662547,10
-1233801.7641137326,1891242.5088662547,10
-1233338.4513972052,1891242.5088662547,10
-1232875.1386806776,1891242.5088662547,10
-1232411.82596415,1891242.5088662547,10
-1231948.5132476226,1891242.5088662547,10
-1231485.200531095,1891242.5088662547,10
-1231021.8878145677,1891242.5088662547,10
-1230558.57509804,1891242.5088662547,10
-1230095.2623815127,1891242.5088662547,10
-1229631.949664985,1891242.5088662547,10
-1229168.6369484577,1891242.5088662547,10
-1228705.32423193,1891242.5088662547,10
-1228242.0115154027,1891242.5088662547,10
-1227778.698798875,1891242.5088662547,10
-1227315.3860823475,1891242.5088662547,10
-1226852.07336582,1891242.5088662547,10
-1226388.7606492927,1891242.5088662547,10
-1225925.4479327651,1891242.5088662547,10
-1225462.1352162375,1891242.5088662547,10
-1224998.8224997101,1891242.5088662547,10
-1224535.5097831825,1891242.5088662547,10
-1224072.1970666551,1891242.5088662547,10
-1223608.8843501275,1891242.5088662547,10
-1223145.5716336002,1891242.5088662547,10
-1222682.2589170726,1891242.5088662547,10
-1222218.9462005452,1891242.5088662547,10
-1221755.6334840176,1891242.5088662547,10
-1221292.3207674902,1891242.5088662547,10
-1220829.0080509626,1891242.5088662547,10
-1220365.6953344352,1891242.5088662547,10
-1219902.3826179076,1891242.5088662547,10
-1219439.0699013802,1891242.5088662547,10
-1218975.7571848526,1891242.5088662547,10
-1218512.444468325,1891242.5088662547,10
-1218049.1317517976,1891242.5088662547,10
-1217585.81903527,1891242.5088662547,10
-1217122.5063187426,1891242.5088662547,10
-1216659.193602215,1891242.5088662547,10
-1216195.8808856877,1891242.5088662547,7
-1215732.56816916,1891242.5088662547,7
-1215269.2554526327,1891242.5088662547,10
-1214805.942736105,1891242.5088662547,10
-1214342.6300195777,1891242.5088662547,10
-1213879.31730305,1891242.5088662547,10
-1213416.0045865227,1891242.5088662547,10
-1212952.691869995,1891242.5088662547,10
-1212489.3791534677,1891242.5088662547,10
-1212026.06643694,1891242.5088662547,10
-1211562.7537204125,1891242.5088662547,10
-1211099.4410038851,1891242.5088662547,10
-1210636.1282873575,1891242.5088662547,10
-1210172.8155708301,1891242.5088662547,10
-1209709.5028543025,1891242.5088662547,10
-1209246.1901377751,1891242.5088662547,10
-1208782.8774212475,1891242.5088662547,10
-1208319.5647047202,1891242.5088662547,10
-1207856.2519881926,1891242.5088662547,10
-1207392.9392716652,1891242.5088662547,10
-1206929.6265551376,1891242.5088662547,10
-1206466.3138386102,1891242.5088662547,10
-1206003.0011220826,1891242.5088662547,10
-1205539.6884055552,1891242.5088662547,10
-1205076.3756890276,1891242.5088662547,10
-1204613.0629725,1891242.5088662547,10
-1204149.7502559726,1891242.5088662547,10
-1203686.4375394452,1891242.5088662547,10
-1203223.1248229176,1891242.5088662547,10
-1202759.81210639,1891242.5088662547,10
-1202296.4993898626,1891242.5088662547,10
-1201833.186673335,1891242.5088662547,10
-1201369.8739568077,1891242.5088662547,10
-1200906.56124028,1891242.5088662547,10
-1200443.2485237527,1891242.5088662547,10
-1199979.935807225,1891242.5088662547,10
-1199516.6230906977,1891242.5088662547,10
-1199053.31037417,1891242.5088662547,10
-1198589.9976576427,1891242.5088662547,10
-1198126.684941115,1891242.5088662547,10
-1197663.3722245875,1891242.5088662547,10
-1197200.05950806,1891242.5088662547,10
-1196736.7467915327,1891242.5088662547,10
-1196273.4340750051,1891242.5088662547,10
-1195810.1213584775,1891242.5088662547,10
-1195346.8086419501,1891242.5088662547,10
-1194883.4959254225,1891242.5088662547,10
-1194420.1832088951,1891242.5088662547,10
-1193956.8704923675,1891242.5088662547,10
-1193493.5577758402,1891242.5088662547,10
-1193030.2450593126,1891242.5088662547,10
-1192566.9323427852,1891242.5088662547,10
-1192103.6196262576,1891242.5088662547,10
-1191640.3069097302,1891242.5088662547,10
-1191176.9941932026,1891242.5088662547,10
-1190713.6814766752,1891242.5088662547,10
-1190250.3687601476,1891242.5088662547,10
-1189787.0560436202,1891242.5088662547,10
-1189323.7433270926,1891242.5088662547,10
-1188860.430610565,1891242.5088662547,10
-1188397.1178940376,1891242.5088662547,10
-1187933.80517751,1891242.5088662547,10
-1187470.4924609826,1891242.5088662547,10
-1187007.179744455,1891242.5088662547,10
-1186543.8670279277,1891242.5088662547,10
-1186080.5543114,1891242.5088662547,10
-1185617.2415948727,1891242.5088662547,10
-1185153.928878345,1891242.5088662547,10
-1184690.6161618177,1891242.5088662547,10
-1184227.30344529,1891242.5088662547,10
-1183763.9907287627,1891242.5088662547,10
-1183300.678012235,1891242.5088662547,10
-1182837.3652957077,1891242.5088662547,10
-1182374.05257918,1891242.5088662547,10
-1181910.7398626525,1891242.5088662547,10
-1181447.4271461251,1891242.5088662547,10
-1180984.1144295975,1891242.5088662547,10
-1180520.8017130701,1891242.5088662547,10
-1180057.4889965425,1891242.5088662547,10
-1179594.1762800151,1891242.5088662547,10
-1179130.8635634875,1891242.5088662547,10
-1178667.5508469602,1891242.5088662547,10
-1178204.2381304326,1891242.5088662547,10
-1177740.9254139052,1891242.5088662547,10
-1177277.6126973776,1891242.5088662547,10
-1176814.2999808502,1891242.5088662547,10
-1176350.9872643226,1891242.5088662547,10
-1175887.6745477952,1891242.5088662547,10
-1175424.3618312676,1891242.5088662547,10
-1174961.04911474,1891242.5088662547,10
-1174497.7363982126,1891242.5088662547,10
-1174034.4236816852,1891242.5088662547,10
-1173571.1109651576,1891242.5088662547,10
-1173107.79824863,1891242.5088662547,10
-1172644.4855321026,1891242.5088662547,10
-1172181.172815575,1891242.5088662547,10
-1171717.8600990477,1891242.5088662547,10
-1171254.54738252,1891242.5088662547,10
-1170791.2346659927,1891242.5088662547,10
-1170327.921949465,1891242.5088662547,10
-1169864.6092329377,1891242.5088662547,10
-1169401.29651641,1891242.5088662547,10
-1168937.9837998827,1891242.5088662547,10
-1357042.9467100475,1890779.1961497273,10
-1356579.6339935202,1890779.1961497273,10
-1356116.3212769926,1890779.1961497273,10
-1355653.0085604652,1890779.1961497273,10
-1355189.6958439376,1890779.1961497273,10
-1354726.3831274102,1890779.1961497273,10
-1354263.0704108826,1890779.1961497273,10
-1353799.7576943552,1890779.1961497273,10
-1353336.4449778276,1890779.1961497273,10
-1352873.1322613002,1890779.1961497273,10
-1352409.8195447726,1890779.1961497273,10
-1351946.506828245,1890779.1961497273,10
-1351483.1941117176,1890779.1961497273,10
-1351019.88139519,1890779.1961497273,10
-1350556.5686786626,1890779.1961497273,10
-1350093.255962135,1890779.1961497273,10
-1349629.9432456077,1890779.1961497273,10
-1349166.63052908,1890779.1961497273,10
-1348703.3178125527,1890779.1961497273,10
-1348240.005096025,1890779.1961497273,10
-1347776.6923794977,1890779.1961497273,10
-1347313.37966297,1890779.1961497273,10
-1346850.0669464427,1890779.1961497273,10
-1346386.754229915,1890779.1961497273,10
-1345923.4415133877,1890779.1961497273,10
-1345460.12879686,1890779.1961497273,10
-1344996.8160803327,1890779.1961497273,10
-1344533.5033638051,1890779.1961497273,10
-1344070.1906472775,1890779.1961497273,10
-1343606.8779307501,1890779.1961497273,10
-1343143.5652142225,1890779.1961497273,10
-1342680.2524976952,1890779.1961497273,10
-1342216.9397811675,1890779.1961497273,10
-1341753.6270646402,1890779.1961497273,10
-1341290.3143481126,1890779.1961497273,10
-1340827.0016315852,1890779.1961497273,10
-1340363.6889150576,1890779.1961497273,16
-1339900.3761985302,1890779.1961497273,16
-1339437.0634820026,1890779.1961497273,16
-1338973.7507654752,1890779.1961497273,16
-1338510.4380489476,1890779.1961497273,16
-1338047.1253324202,1890779.1961497273,16
-1337583.8126158926,1890779.1961497273,16
-1337120.499899365,1890779.1961497273,16
-1336657.1871828376,1890779.1961497273,16
-1336193.87446631,1890779.1961497273,16
-1335730.5617497826,1890779.1961497273,16
-1335267.249033255,1890779.1961497273,16
-1334803.9363167277,1890779.1961497273,16
-1334340.6236002,1890779.1961497273,16
-1333877.3108836727,1890779.1961497273,16
-1333413.998167145,1890779.1961497273,16
-1332950.6854506177,1890779.1961497273,16
-1332487.37273409,1890779.1961497273,16
-1332024.0600175627,1890779.1961497273,16
-1331560.747301035,1890779.1961497273,16
-1331097.4345845077,1890779.1961497273,10
-1330634.12186798,1890779.1961497273,16
-1330170.8091514525,1890779.1961497273,16
-1329707.4964349251,1890779.1961497273,16
-1329244.1837183975,1890779.1961497273,16
-1328780.8710018701,1890779.1961497273,16
-1328317.5582853425,1890779.1961497273,16
-1327854.2455688152,1890779.1961497273,16
-1327390.9328522875,1890779.1961497273,16
-1326927.6201357602,1890779.1961497273,16
-1326464.3074192326,1890779.1961497273,16
-1326000.9947027052,1890779.1961497273,16
-1325537.6819861776,1890779.1961497273,16
-1325074.3692696502,1890779.1961497273,16
-1324611.0565531226,1890779.1961497273,16
-1324147.7438365952,1890779.1961497273,16
-1323684.4311200676,1890779.1961497273,16
-1323221.11840354,1890779.1961497273,16
-1322757.8056870126,1890779.1961497273,16
-1322294.492970485,1890779.1961497273,16
-1321831.1802539576,1890779.1961497273,16
-1321367.86753743,1890779.1961497273,16
-1320904.5548209026,1890779.1961497273,16
-1320441.242104375,1890779.1961497273,16
-1319977.9293878477,1890779.1961497273,16
-1319514.61667132,1890779.1961497273,16
-1319051.3039547927,1890779.1961497273,16
-1318587.991238265,1890779.1961497273,16
-1318124.6785217377,1890779.1961497273,16
-1317661.36580521,1890779.1961497273,16
-1317198.0530886827,1890779.1961497273,16
-1316734.740372155,1890779.1961497273,16
-1316271.4276556277,1890779.1961497273,16
-1315808.1149391,1890779.1961497273,16
-1315344.8022225727,1890779.1961497273,16
-1314881.4895060451,1890779.1961497273,16
-1314418.1767895175,1890779.1961497273,16
-1313954.8640729901,1890779.1961497273,10
-1313491.5513564625,1890779.1961497273,10
-1313028.2386399352,1890779.1961497273,16
-1312564.9259234075,1890779.1961497273,16
-1312101.6132068802,1890779.1961497273,16
-1311638.3004903526,1890779.1961497273,16
-1311174.9877738252,1890779.1961497273,16
-1310711.6750572976,1890779.1961497273,16
-1310248.3623407702,1890779.1961497273,16
-1309785.0496242426,1890779.1961497273,16
-1309321.7369077152,1890779.1961497273,16
-1308858.4241911876,1890779.1961497273,16
-1308395.1114746602,1890779.1961497273,16
-1307931.7987581326,1890779.1961497273,16
-1307468.486041605,1890779.1961497273,16
-1307005.1733250776,1890779.1961497273,16
-1306541.86060855,1890779.1961497273,16
-1306078.5478920226,1890779.1961497273,16
-1305615.235175495,1890779.1961497273,16
-1305151.9224589677,1890779.1961497273,16
-1304688.60974244,1890779.1961497273,16
-1304225.2970259127,1890779.1961497273,16
-1303761.984309385,1890779.1961497273,10
-1303298.6715928577,1890779.1961497273,7
-1302835.35887633,1890779.1961497273,10
-1302372.0461598027,1890779.1961497273,10
-1301908.733443275,1890779.1961497273,10
-1301445.4207267477,1890779.1961497273,10
-1300982.10801022,1890779.1961497273,10
-1300518.7952936925,1890779.1961497273,10
-1300055.4825771651,1890779.1961497273,10
-1299592.1698606375,1890779.1961497273,10
-1299128.8571441101,1890779.1961497273,10
-1298665.5444275825,1890779.1961497273,7
-1298202.2317110552,1890779.1961497273,10
-1297738.9189945275,1890779.1961497273,10
-1297275.6062780002,1890779.1961497273,10
-1296812.2935614726,1890779.1961497273,10
-1296348.9808449452,1890779.1961497273,10
-1295885.6681284176,1890779.1961497273,10
-1295422.3554118902,1890779.1961497273,10
-1294959.0426953626,1890779.1961497273,10
-1294495.7299788352,1890779.1961497273,10
-1294032.4172623076,1890779.1961497273,10
-1293569.10454578,1890779.1961497273,10
-1293105.7918292526,1890779.1961497273,10
-1292642.479112725,1890779.1961497273,10
-1292179.1663961976,1890779.1961497273,10
-1291715.85367967,1890779.1961497273,10
-1291252.5409631426,1890779.1961497273,10
-1290789.228246615,1890779.1961497273,10
-1290325.9155300877,1890779.1961497273,10
-1289862.60281356,1890779.1961497273,10
-1289399.2900970327,1890779.1961497273,10
-1288935.977380505,1890779.1961497273,10
-1288472.6646639777,1890779.1961497273,10
-1288009.35194745,1890779.1961497273,10
-1287546.0392309227,1890779.1961497273,10
-1287082.726514395,1890779.1961497273,10
-1286619.4137978677,1890779.1961497273,10
-1286156.10108134,1890779.1961497273,10
-1285692.7883648127,1890779.1961497273,10
-1285229.4756482851,1890779.1961497273,10
-1284766.1629317575,1890779.1961497273,10
-1284302.8502152301,1890779.1961497273,16
-1283839.5374987025,1890779.1961497273,10
-1283376.2247821752,1890779.1961497273,10
-1282912.9120656475,1890779.1961497273,10
-1282449.5993491202,1890779.1961497273,7
-1281986.2866325926,1890779.1961497273,7
-1281522.9739160652,1890779.1961497273,10
-1281059.6611995376,1890779.1961497273,10
-1280596.3484830102,1890779.1961497273,10
-1280133.0357664826,1890779.1961497273,10
-1279669.7230499552,1890779.1961497273,10
-1279206.4103334276,1890779.1961497273,10
-1278743.0976169002,1890779.1961497273,10
-1278279.7849003726,1890779.1961497273,7
-1277816.472183845,1890779.1961497273,7
-1277353.1594673176,1890779.1961497273,10
-1276889.84675079,1890779.1961497273,7
-1276426.5340342626,1890779.1961497273,10
-1275963.221317735,1890779.1961497273,16
-1275499.9086012077,1890779.1961497273,16
-1275036.59588468,1890779.1961497273,16
-1274573.2831681527,1890779.1961497273,10
-1274109.970451625,1890779.1961497273,10
-1273646.6577350977,1890779.1961497273,10
-1273183.34501857,1890779.1961497273,10
-1272720.0323020427,1890779.1961497273,10
-1272256.719585515,1890779.1961497273,10
-1271793.4068689877,1890779.1961497273,10
-1271330.09415246,1890779.1961497273,10
-1270866.7814359325,1890779.1961497273,10
-1270403.4687194051,1890779.1961497273,10
-1269940.1560028775,1890779.1961497273,10
-1269476.8432863501,1890779.1961497273,10
-1269013.5305698225,1890779.1961497273,10
-1268550.2178532952,1890779.1961497273,10
-1268086.9051367675,1890779.1961497273,10
-1267623.5924202402,1890779.1961497273,16
-1267160.2797037126,1890779.1961497273,16
-1266696.9669871852,1890779.1961497273,16
-1266233.6542706576,1890779.1961497273,16
-1265770.3415541302,1890779.1961497273,16
-1265307.0288376026,1890779.1961497273,16
-1264843.7161210752,1890779.1961497273,16
-1264380.4034045476,1890779.1961497273,16
-1263917.09068802,1890779.1961497273,16
-1263453.7779714926,1890779.1961497273,16
-1262990.465254965,1890779.1961497273,16
-1262527.1525384376,1890779.1961497273,16
-1262063.83982191,1890779.1961497273,16
-1261600.5271053826,1890779.1961497273,16
-1261137.214388855,1890779.1961497273,16
-1260673.9016723277,1890779.1961497273,16
-1260210.5889558,1890779.1961497273,16
-1259747.2762392727,1890779.1961497273,16
-1259283.963522745,1890779.1961497273,16
-1258820.6508062177,1890779.1961497273,16
-1258357.33808969,1890779.1961497273,10
-1257894.0253731627,1890779.1961497273,10
-1257430.712656635,1890779.1961497273,10
-1256967.3999401077,1890779.1961497273,10
-1256504.08722358,1890779.1961497273,10
-1256040.7745070527,1890779.1961497273,10
-1255577.4617905251,1890779.1961497273,10
-1255114.1490739975,1890779.1961497273,10
-1254650.8363574701,1890779.1961497273,10
-1254187.5236409425,1890779.1961497273,10
-1253724.2109244152,1890779.1961497273,16
-1253260.8982078875,1890779.1961497273,16
-1252797.5854913602,1890779.1961497273,16
-1252334.2727748326,1890779.1961497273,16
-1251870.9600583052,1890779.1961497273,10
-1251407.6473417776,1890779.1961497273,16
-1250944.3346252502,1890779.1961497273,10
-1250481.0219087226,1890779.1961497273,10
-1250017.7091921952,1890779.1961497273,10
-1249554.3964756676,1890779.1961497273,10
-1249091.0837591402,1890779.1961497273,10
-1248627.7710426126,1890779.1961497273,16
-1248164.458326085,1890779.1961497273,16
-1247701.1456095576,1890779.1961497273,16
-1247237.83289303,1890779.1961497273,16
-1246774.5201765026,1890779.1961497273,16
-1246311.207459975,1890779.1961497273,16
-1245847.8947434477,1890779.1961497273,16
-1245384.58202692,1890779.1961497273,16
-1244921.2693103927,1890779.1961497273,16
-1244457.956593865,1890779.1961497273,10
-1243994.6438773377,1890779.1961497273,10
-1243531.33116081,1890779.1961497273,10
-1243068.0184442827,1890779.1961497273,16
-1242604.705727755,1890779.1961497273,10
-1242141.3930112277,1890779.1961497273,10
-1241678.0802947,1890779.1961497273,10
-1241214.7675781725,1890779.1961497273,10
-1240751.4548616451,1890779.1961497273,16
-1240288.1421451175,1890779.1961497273,10
-1239824.8294285901,1890779.1961497273,10
-1239361.5167120625,1890779.1961497273,10
-1238898.2039955352,1890779.1961497273,10
-1238434.8912790075,1890779.1961497273,10
-1237971.5785624802,1890779.1961497273,10
-1237508.2658459526,1890779.1961497273,10
-1237044.9531294252,1890779.1961497273,10
-1236581.6404128976,1890779.1961497273,10
-1236118.3276963702,1890779.1961497273,10
-1235655.0149798426,1890779.1961497273,10
-1235191.7022633152,1890779.1961497273,10
-1234728.3895467876,1890779.1961497273,10
-1234265.07683026,1890779.1961497273,10
-1233801.7641137326,1890779.1961497273,10
-1233338.4513972052,1890779.1961497273,10
-1232875.1386806776,1890779.1961497273,10
-1232411.82596415,1890779.1961497273,10
-1231948.5132476226,1890779.1961497273,10
-1231485.200531095,1890779.1961497273,10
-1231021.8878145677,1890779.1961497273,10
-1230558.57509804,1890779.1961497273,10
-1230095.2623815127,1890779.1961497273,10
-1229631.949664985,1890779.1961497273,10
-1229168.6369484577,1890779.1961497273,10
-1228705.32423193,1890779.1961497273,10
-1228242.0115154027,1890779.1961497273,10
-1227778.698798875,1890779.1961497273,10
-1227315.3860823475,1890779.1961497273,10
-1226852.07336582,1890779.1961497273,10
-1226388.7606492927,1890779.1961497273,10
-1225925.4479327651,1890779.1961497273,10
-1225462.1352162375,1890779.1961497273,10
-1224998.8224997101,1890779.1961497273,10
-1224535.5097831825,1890779.1961497273,10
-1224072.1970666551,1890779.1961497273,10
-1223608.8843501275,1890779.1961497273,10
-1223145.5716336002,1890779.1961497273,10
-1222682.2589170726,1890779.1961497273,10
-1222218.9462005452,1890779.1961497273,10
-1221755.6334840176,1890779.1961497273,10
-1221292.3207674902,1890779.1961497273,10
-1220829.0080509626,1890779.1961497273,10
-1220365.6953344352,1890779.1961497273,10
-1219902.3826179076,1890779.1961497273,10
-1219439.0699013802,1890779.1961497273,10
-1218975.7571848526,1890779.1961497273,10
-1218512.444468325,1890779.1961497273,10
-1218049.1317517976,1890779.1961497273,10
-1217585.81903527,1890779.1961497273,10
-1217122.5063187426,1890779.1961497273,10
-1216659.193602215,1890779.1961497273,7
-1216195.8808856877,1890779.1961497273,7
-1215732.56816916,1890779.1961497273,7
-1215269.2554526327,1890779.1961497273,10
-1214805.942736105,1890779.1961497273,10
-1214342.6300195777,1890779.1961497273,10
-1213879.31730305,1890779.1961497273,10
-1213416.0045865227,1890779.1961497273,10
-1212952.691869995,1890779.1961497273,10
-1212489.3791534677,1890779.1961497273,10
-1212026.06643694,1890779.1961497273,10
-1211562.7537204125,1890779.1961497273,10
-1211099.4410038851,1890779.1961497273,10
-1210636.1282873575,1890779.1961497273,10
-1210172.8155708301,1890779.1961497273,10
-1209709.5028543025,1890779.1961497273,10
-1209246.1901377751,1890779.1961497273,10
-1208782.8774212475,1890779.1961497273,10
-1208319.5647047202,1890779.1961497273,10
-1207856.2519881926,1890779.1961497273,10
-1207392.9392716652,1890779.1961497273,10
-1206929.6265551376,1890779.1961497273,10
-1206466.3138386102,1890779.1961497273,10
-1206003.0011220826,1890779.1961497273,10
-1205539.6884055552,1890779.1961497273,10
-1205076.3756890276,1890779.1961497273,10
-1204613.0629725,1890779.1961497273,10
-1204149.7502559726,1890779.1961497273,10
-1203686.4375394452,1890779.1961497273,10
-1203223.1248229176,1890779.1961497273,10
-1202759.81210639,1890779.1961497273,10
-1202296.4993898626,1890779.1961497273,10
-1201833.186673335,1890779.1961497273,10
-1201369.8739568077,1890779.1961497273,10
-1200906.56124028,1890779.1961497273,10
-1200443.2485237527,1890779.1961497273,10
-1199979.935807225,1890779.1961497273,10
-1199516.6230906977,1890779.1961497273,10
-1199053.31037417,1890779.1961497273,10
-1198589.9976576427,1890779.1961497273,10
-1198126.684941115,1890779.1961497273,10
-1197663.3722245875,1890779.1961497273,10
-1197200.05950806,1890779.1961497273,10
-1196736.7467915327,1890779.1961497273,10
-1196273.4340750051,1890779.1961497273,10
-1195810.1213584775,1890779.1961497273,10
-1195346.8086419501,1890779.1961497273,10
-1194883.4959254225,1890779.1961497273,10
-1194420.1832088951,1890779.1961497273,10
-1193956.8704923675,1890779.1961497273,10
-1193493.5577758402,1890779.1961497273,10
-1193030.2450593126,1890779.1961497273,10
-1192566.9323427852,1890779.1961497273,10
-1192103.6196262576,1890779.1961497273,10
-1191640.3069097302,1890779.1961497273,10
-1191176.9941932026,1890779.1961497273,10
-1190713.6814766752,1890779.1961497273,10
-1190250.3687601476,1890779.1961497273,10
-1189787.0560436202,1890779.1961497273,10
-1189323.7433270926,1890779.1961497273,10
-1188860.430610565,1890779.1961497273,10
-1188397.1178940376,1890779.1961497273,10
-1187933.80517751,1890779.1961497273,10
-1187470.4924609826,1890779.1961497273,10
-1187007.179744455,1890779.1961497273,10
-1186543.8670279277,1890779.1961497273,10
-1186080.5543114,1890779.1961497273,10
-1185617.2415948727,1890779.1961497273,10
-1185153.928878345,1890779.1961497273,10
-1184690.6161618177,1890779.1961497273,10
-1184227.30344529,1890779.1961497273,10
-1183763.9907287627,1890779.1961497273,10
-1183300.678012235,1890779.1961497273,10
-1182837.3652957077,1890779.1961497273,10
-1182374.05257918,1890779.1961497273,10
-1181910.7398626525,1890779.1961497273,10
-1181447.4271461251,1890779.1961497273,10
-1180984.1144295975,1890779.1961497273,10
-1180520.8017130701,1890779.1961497273,10
-1180057.4889965425,1890779.1961497273,10
-1179594.1762800151,1890779.1961497273,10
-1179130.8635634875,1890779.1961497273,10
-1178667.5508469602,1890779.1961497273,10
-1178204.2381304326,1890779.1961497273,10
-1177740.9254139052,1890779.1961497273,10
-1177277.6126973776,1890779.1961497273,10
-1176814.2999808502,1890779.1961497273,10
-1176350.9872643226,1890779.1961497273,10
-1175887.6745477952,1890779.1961497273,10
-1175424.3618312676,1890779.1961497273,10
-1174961.04911474,1890779.1961497273,10
-1174497.7363982126,1890779.1961497273,10
-1174034.4236816852,1890779.1961497273,10
-1173571.1109651576,1890779.1961497273,10
-1173107.79824863,1890779.1961497273,10
-1172644.4855321026,1890779.1961497273,10
-1172181.172815575,1890779.1961497273,10
-1171717.8600990477,1890779.1961497273,10
-1171254.54738252,1890779.1961497273,10
-1170791.2346659927,1890779.1961497273,10
-1170327.921949465,1890779.1961497273,10
-1169864.6092329377,1890779.1961497273,10
-1169401.29651641,1890779.1961497273,10
-1168937.9837998827,1890779.1961497273,7
-1357506.2594265752,1890315.8834331997,10
-1357042.9467100475,1890315.8834331997,10
-1356579.6339935202,1890315.8834331997,10
-1356116.3212769926,1890315.8834331997,10
-1355653.0085604652,1890315.8834331997,10
-1355189.6958439376,1890315.8834331997,10
-1354726.3831274102,1890315.8834331997,10
-1354263.0704108826,1890315.8834331997,10
-1353799.7576943552,1890315.8834331997,10
-1353336.4449778276,1890315.8834331997,10
-1352873.1322613002,1890315.8834331997,10
-1352409.8195447726,1890315.8834331997,10
-1351946.506828245,1890315.8834331997,10
-1351483.1941117176,1890315.8834331997,10
-1351019.88139519,1890315.8834331997,10
-1350556.5686786626,1890315.8834331997,10
-1350093.255962135,1890315.8834331997,10
-1349629.9432456077,1890315.8834331997,10
-1349166.63052908,1890315.8834331997,10
-1348703.3178125527,1890315.8834331997,10
-1348240.005096025,1890315.8834331997,10
-1347776.6923794977,1890315.8834331997,10
-1347313.37966297,1890315.8834331997,10
-1346850.0669464427,1890315.8834331997,10
-1346386.754229915,1890315.8834331997,10
-1345923.4415133877,1890315.8834331997,10
-1345460.12879686,1890315.8834331997,10
-1344996.8160803327,1890315.8834331997,10
-1344533.5033638051,1890315.8834331997,10
-1344070.1906472775,1890315.8834331997,10
-1343606.8779307501,1890315.8834331997,10
-1343143.5652142225,1890315.8834331997,10
-1342680.2524976952,1890315.8834331997,10
-1342216.9397811675,1890315.8834331997,10
-1341753.6270646402,1890315.8834331997,10
-1341290.3143481126,1890315.8834331997,10
-1340827.0016315852,1890315.8834331997,10
-1340363.6889150576,1890315.8834331997,16
-1339900.3761985302,1890315.8834331997,16
-1339437.0634820026,1890315.8834331997,16
-1338973.7507654752,1890315.8834331997,16
-1338510.4380489476,1890315.8834331997,16
-1338047.1253324202,1890315.8834331997,16
-1337583.8126158926,1890315.8834331997,16
-1337120.499899365,1890315.8834331997,16
-1336657.1871828376,1890315.8834331997,16
-1336193.87446631,1890315.8834331997,16
-1335730.5617497826,1890315.8834331997,16
-1335267.249033255,1890315.8834331997,16
-1334803.9363167277,1890315.8834331997,16
-1334340.6236002,1890315.8834331997,16
-1333877.3108836727,1890315.8834331997,16
-1333413.998167145,1890315.8834331997,16
-1332950.6854506177,1890315.8834331997,16
-1332487.37273409,1890315.8834331997,16
-1332024.0600175627,1890315.8834331997,16
-1331560.747301035,1890315.8834331997,16
-1331097.4345845077,1890315.8834331997,10
-1330634.12186798,1890315.8834331997,16
-1330170.8091514525,1890315.8834331997,16
-1329707.4964349251,1890315.8834331997,16
-1329244.1837183975,1890315.8834331997,16
-1328780.8710018701,1890315.8834331997,16
-1328317.5582853425,1890315.8834331997,16
-1327854.2455688152,1890315.8834331997,16
-1327390.9328522875,1890315.8834331997,16
-1326927.6201357602,1890315.8834331997,16
-1326464.3074192326,1890315.8834331997,16
-1326000.9947027052,1890315.8834331997,16
-1325537.6819861776,1890315.8834331997,16
-1325074.3692696502,1890315.8834331997,16
-1324611.0565531226,1890315.8834331997,16
-1324147.7438365952,1890315.8834331997,16
-1323684.4311200676,1890315.8834331997,16
-1323221.11840354,1890315.8834331997,16
-1322757.8056870126,1890315.8834331997,16
-1322294.492970485,1890315.8834331997,16
-1321831.1802539576,1890315.8834331997,16
-1321367.86753743,1890315.8834331997,16
-1320904.5548209026,1890315.8834331997,16
-1320441.242104375,1890315.8834331997,16
-1319977.9293878477,1890315.8834331997,16
-1319514.61667132,1890315.8834331997,16
-1319051.3039547927,1890315.8834331997,16
-1318587.991238265,1890315.8834331997,16
-1318124.6785217377,1890315.8834331997,16
-1317661.36580521,1890315.8834331997,16
-1317198.0530886827,1890315.8834331997,16
-1316734.740372155,1890315.8834331997,16
-1316271.4276556277,1890315.8834331997,16
-1315808.1149391,1890315.8834331997,16
-1315344.8022225727,1890315.8834331997,16
-1314881.4895060451,1890315.8834331997,16
-1314418.1767895175,1890315.8834331997,16
-1313954.8640729901,1890315.8834331997,10
-1313491.5513564625,1890315.8834331997,16
-1313028.2386399352,1890315.8834331997,16
-1312564.9259234075,1890315.8834331997,16
-1312101.6132068802,1890315.8834331997,16
-1311638.3004903526,1890315.8834331997,16
-1311174.9877738252,1890315.8834331997,16
-1310711.6750572976,1890315.8834331997,16
-1310248.3623407702,1890315.8834331997,16
-1309785.0496242426,1890315.8834331997,16
-1309321.7369077152,1890315.8834331997,16
-1308858.4241911876,1890315.8834331997,16
-1308395.1114746602,1890315.8834331997,16
-1307931.7987581326,1890315.8834331997,16
-1307468.486041605,1890315.8834331997,16
-1307005.1733250776,1890315.8834331997,16
-1306541.86060855,1890315.8834331997,16
-1306078.5478920226,1890315.8834331997,16
-1305615.235175495,1890315.8834331997,16
-1305151.9224589677,1890315.8834331997,16
-1304688.60974244,1890315.8834331997,16
-1304225.2970259127,1890315.8834331997,16
-1303761.984309385,1890315.8834331997,16
-1303298.6715928577,1890315.8834331997,16
-1302835.35887633,1890315.8834331997,10
-1302372.0461598027,1890315.8834331997,10
-1301908.733443275,1890315.8834331997,10
-1301445.4207267477,1890315.8834331997,10
-1300982.10801022,1890315.8834331997,10
-1300518.7952936925,1890315.8834331997,10
-1300055.4825771651,1890315.8834331997,10
-1299592.1698606375,1890315.8834331997,10
-1299128.8571441101,1890315.8834331997,10
-1298665.5444275825,1890315.8834331997,16
-1298202.2317110552,1890315.8834331997,10
-1297738.9189945275,1890315.8834331997,10
-1297275.6062780002,1890315.8834331997,10
-1296812.2935614726,1890315.8834331997,10
-1296348.9808449452,1890315.8834331997,10
-1295885.6681284176,1890315.8834331997,10
-1295422.3554118902,1890315.8834331997,10
-1294959.0426953626,1890315.8834331997,10
-1294495.7299788352,1890315.8834331997,10
-1294032.4172623076,1890315.8834331997,10
-1293569.10454578,1890315.8834331997,10
-1293105.7918292526,1890315.8834331997,10
-1292642.479112725,1890315.8834331997,7
-1292179.1663961976,1890315.8834331997,7
-1291715.85367967,1890315.8834331997,7
-1291252.5409631426,1890315.8834331997,10
-1290789.228246615,1890315.8834331997,10
-1290325.9155300877,1890315.8834331997,10
-1289862.60281356,1890315.8834331997,10
-1289399.2900970327,1890315.8834331997,10
-1288935.977380505,1890315.8834331997,10
-1288472.6646639777,1890315.8834331997,10
-1288009.35194745,1890315.8834331997,10
-1287546.0392309227,1890315.8834331997,10
-1287082.726514395,1890315.8834331997,10
-1286619.4137978677,1890315.8834331997,10
-1286156.10108134,1890315.8834331997,10
-1285692.7883648127,1890315.8834331997,10
-1285229.4756482851,1890315.8834331997,10
-1284766.1629317575,1890315.8834331997,10
-1284302.8502152301,1890315.8834331997,16
-1283839.5374987025,1890315.8834331997,10
-1283376.2247821752,1890315.8834331997,10
-1282912.9120656475,1890315.8834331997,10
-1282449.5993491202,1890315.8834331997,10
-1281986.2866325926,1890315.8834331997,10
-1281522.9739160652,1890315.8834331997,10
-1281059.6611995376,1890315.8834331997,10
-1280596.3484830102,1890315.8834331997,10
-1280133.0357664826,1890315.8834331997,10
-1279669.7230499552,1890315.8834331997,10
-1279206.4103334276,1890315.8834331997,10
-1278743.0976169002,1890315.8834331997,10
-1278279.7849003726,1890315.8834331997,10
-1277816.472183845,1890315.8834331997,10
-1277353.1594673176,1890315.8834331997,10
-1276889.84675079,1890315.8834331997,10
-1276426.5340342626,1890315.8834331997,10
-1275963.221317735,1890315.8834331997,16
-1275499.9086012077,1890315.8834331997,16
-1275036.59588468,1890315.8834331997,16
-1274573.2831681527,1890315.8834331997,10
-1274109.970451625,1890315.8834331997,10
-1273646.6577350977,1890315.8834331997,10
-1273183.34501857,1890315.8834331997,10
-1272720.0323020427,1890315.8834331997,10
-1272256.719585515,1890315.8834331997,10
-1271793.4068689877,1890315.8834331997,10
-1271330.09415246,1890315.8834331997,10
-1270866.7814359325,1890315.8834331997,10
-1270403.4687194051,1890315.8834331997,10
-1269940.1560028775,1890315.8834331997,10
-1269476.8432863501,1890315.8834331997,10
-1269013.5305698225,1890315.8834331997,10
-1268550.2178532952,1890315.8834331997,10
-1268086.9051367675,1890315.8834331997,10
-1267623.5924202402,1890315.8834331997,16
-1267160.2797037126,1890315.8834331997,16
-1266696.9669871852,1890315.8834331997,16
-1266233.6542706576,1890315.8834331997,16
-1265770.3415541302,1890315.8834331997,16
-1265307.0288376026,1890315.8834331997,16
-1264843.7161210752,1890315.8834331997,16
-1264380.4034045476,1890315.8834331997,16
-1263917.09068802,1890315.8834331997,16
-1263453.7779714926,1890315.8834331997,16
-1262990.465254965,1890315.8834331997,16
-1262527.1525384376,1890315.8834331997,16
-1262063.83982191,1890315.8834331997,16
-1261600.5271053826,1890315.8834331997,16
-1261137.214388855,1890315.8834331997,16
-1260673.9016723277,1890315.8834331997,16
-1260210.5889558,1890315.8834331997,16
-1259747.2762392727,1890315.8834331997,16
-1259283.963522745,1890315.8834331997,10
-1258820.6508062177,1890315.8834331997,10
-1258357.33808969,1890315.8834331997,10
-1257894.0253731627,1890315.8834331997,10
-1257430.712656635,1890315.8834331997,10
-1256967.3999401077,1890315.8834331997,10
-1256504.08722358,1890315.8834331997,10
-1256040.7745070527,1890315.8834331997,10
-1255577.4617905251,1890315.8834331997,10
-1255114.1490739975,1890315.8834331997,10
-1254650.8363574701,1890315.8834331997,10
-1254187.5236409425,1890315.8834331997,10
-1253724.2109244152,1890315.8834331997,16
-1253260.8982078875,1890315.8834331997,16
-1252797.5854913602,1890315.8834331997,16
-1252334.2727748326,1890315.8834331997,16
-1251870.9600583052,1890315.8834331997,10
-1251407.6473417776,1890315.8834331997,10
-1250944.3346252502,1890315.8834331997,10
-1250481.0219087226,1890315.8834331997,10
-1250017.7091921952,1890315.8834331997,10
-1249554.3964756676,1890315.8834331997,10
-1249091.0837591402,1890315.8834331997,10
-1248627.7710426126,1890315.8834331997,10
-1248164.458326085,1890315.8834331997,10
-1247701.1456095576,1890315.8834331997,16
-1247237.83289303,1890315.8834331997,16
-1246774.5201765026,1890315.8834331997,16
-1246311.207459975,1890315.8834331997,16
-1245847.8947434477,1890315.8834331997,16
-1245384.58202692,1890315.8834331997,16
-1244921.2693103927,1890315.8834331997,16
-1244457.956593865,1890315.8834331997,16
-1243994.6438773377,1890315.8834331997,10
-1243531.33116081,1890315.8834331997,10
-1243068.0184442827,1890315.8834331997,16
-1242604.705727755,1890315.8834331997,10
-1242141.3930112277,1890315.8834331997,10
-1241678.0802947,1890315.8834331997,10
-1241214.7675781725,1890315.8834331997,10
-1240751.4548616451,1890315.8834331997,10
-1240288.1421451175,1890315.8834331997,10
-1239824.8294285901,1890315.8834331997,10
-1239361.5167120625,1890315.8834331997,10
-1238898.2039955352,1890315.8834331997,10
-1238434.8912790075,1890315.8834331997,10
-1237971.5785624802,1890315.8834331997,10
-1237508.2658459526,1890315.8834331997,10
-1237044.9531294252,1890315.8834331997,10
-1236581.6404128976,1890315.8834331997,10
-1236118.3276963702,1890315.8834331997,10
-1235655.0149798426,1890315.8834331997,10
-1235191.7022633152,1890315.8834331997,10
-1234728.3895467876,1890315.8834331997,10
-1234265.07683026,1890315.8834331997,10
-1233801.7641137326,1890315.8834331997,10
-1233338.4513972052,1890315.8834331997,10
-1232875.1386806776,1890315.8834331997,10
-1232411.82596415,1890315.8834331997,10
-1231948.5132476226,1890315.8834331997,10
-1231485.200531095,1890315.8834331997,10
-1231021.8878145677,1890315.8834331997,10
-1230558.57509804,1890315.8834331997,10
-1230095.2623815127,1890315.8834331997,10
-1229631.949664985,1890315.8834331997,10
-1229168.6369484577,1890315.8834331997,10
-1228705.32423193,1890315.8834331997,10
-1228242.0115154027,1890315.8834331997,10
-1227778.698798875,1890315.8834331997,10
-1227315.3860823475,1890315.8834331997,10
-1226852.07336582,1890315.8834331997,10
-1226388.7606492927,1890315.8834331997,10
-1225925.4479327651,1890315.8834331997,10
-1225462.1352162375,1890315.8834331997,10
-1224998.8224997101,1890315.8834331997,10
-1224535.5097831825,1890315.8834331997,10
-1224072.1970666551,1890315.8834331997,10
-1223608.8843501275,1890315.8834331997,10
-1223145.5716336002,1890315.8834331997,10
-1222682.2589170726,1890315.8834331997,10
-1222218.9462005452,1890315.8834331997,10
-1221755.6334840176,1890315.8834331997,10
-1221292.3207674902,1890315.8834331997,10
-1220829.0080509626,1890315.8834331997,10
-1220365.6953344352,1890315.8834331997,10
-1219902.3826179076,1890315.8834331997,10
-1219439.0699013802,1890315.8834331997,10
-1218975.7571848526,1890315.8834331997,10
-1218512.444468325,1890315.8834331997,10
-1218049.1317517976,1890315.8834331997,10
-1217585.81903527,1890315.8834331997,10
-1217122.5063187426,1890315.8834331997,10
-1216659.193602215,1890315.8834331997,7
-1216195.8808856877,1890315.8834331997,7
-1215732.56816916,1890315.8834331997,10
-1215269.2554526327,1890315.8834331997,10
-1214805.942736105,1890315.8834331997,10
-1214342.6300195777,1890315.8834331997,10
-1213879.31730305,1890315.8834331997,10
-1213416.0045865227,1890315.8834331997,10
-1212952.691869995,1890315.8834331997,10
-1212489.3791534677,1890315.8834331997,10
-1212026.06643694,1890315.8834331997,10
-1211562.7537204125,1890315.8834331997,10
-1211099.4410038851,1890315.8834331997,10
-1210636.1282873575,1890315.8834331997,10
-1210172.8155708301,1890315.8834331997,10
-1209709.5028543025,1890315.8834331997,10
-1209246.1901377751,1890315.8834331997,10
-1208782.8774212475,1890315.8834331997,10
-1208319.5647047202,1890315.8834331997,10
-1207856.2519881926,1890315.8834331997,10
-1207392.9392716652,1890315.8834331997,10
-1206929.6265551376,1890315.8834331997,10
-1206466.3138386102,1890315.8834331997,10
-1206003.0011220826,1890315.8834331997,10
-1205539.6884055552,1890315.8834331997,10
-1205076.3756890276,1890315.8834331997,10
-1204613.0629725,1890315.8834331997,10
-1204149.7502559726,1890315.8834331997,10
-1203686.4375394452,1890315.8834331997,10
-1203223.1248229176,1890315.8834331997,10
-1202759.81210639,1890315.8834331997,10
-1202296.4993898626,1890315.8834331997,10
-1201833.186673335,1890315.8834331997,10
-1201369.8739568077,1890315.8834331997,10
-1200906.56124028,1890315.8834331997,10
-1200443.2485237527,1890315.8834331997,10
-1199979.935807225,1890315.8834331997,10
-1199516.6230906977,1890315.8834331997,10
-1199053.31037417,1890315.8834331997,10
-1198589.9976576427,1890315.8834331997,10
-1198126.684941115,1890315.8834331997,10
-1197663.3722245875,1890315.8834331997,10
-1197200.05950806,1890315.8834331997,10
-1196736.7467915327,1890315.8834331997,10
-1196273.4340750051,1890315.8834331997,10
-1195810.1213584775,1890315.8834331997,10
-1195346.8086419501,1890315.8834331997,10
-1194883.4959254225,1890315.8834331997,10
-1194420.1832088951,1890315.8834331997,10
-1193956.8704923675,1890315.8834331997,10
-1193493.5577758402,1890315.8834331997,10
-1193030.2450593126,1890315.8834331997,10
-1192566.9323427852,1890315.8834331997,10
-1192103.6196262576,1890315.8834331997,10
-1191640.3069097302,1890315.8834331997,10
-1191176.9941932026,1890315.8834331997,10
-1190713.6814766752,1890315.8834331997,10
-1190250.3687601476,1890315.8834331997,10
-1189787.0560436202,1890315.8834331997,10
-1189323.7433270926,1890315.8834331997,10
-1188860.430610565,1890315.8834331997,10
-1188397.1178940376,1890315.8834331997,10
-1187933.80517751,1890315.8834331997,10
-1187470.4924609826,1890315.8834331997,10
-1187007.179744455,1890315.8834331997,10
-1186543.8670279277,1890315.8834331997,10
-1186080.5543114,1890315.8834331997,10
-1185617.2415948727,1890315.8834331997,10
-1185153.928878345,1890315.8834331997,10
-1184690.6161618177,1890315.8834331997,10
-1184227.30344529,1890315.8834331997,10
-1183763.9907287627,1890315.8834331997,10
-1183300.678012235,1890315.8834331997,10
-1182837.3652957077,1890315.8834331997,10
-1182374.05257918,1890315.8834331997,10
-1181910.7398626525,1890315.8834331997,10
-1181447.4271461251,1890315.8834331997,10
-1180984.1144295975,1890315.8834331997,10
-1180520.8017130701,1890315.8834331997,10
-1180057.4889965425,1890315.8834331997,10
-1179594.1762800151,1890315.8834331997,10
-1179130.8635634875,1890315.8834331997,10
-1178667.5508469602,1890315.8834331997,10
-1178204.2381304326,1890315.8834331997,10
-1177740.9254139052,1890315.8834331997,10
-1177277.6126973776,1890315.8834331997,10
-1176814.2999808502,1890315.8834331997,10
-1176350.9872643226,1890315.8834331997,10
-1175887.6745477952,1890315.8834331997,10
-1175424.3618312676,1890315.8834331997,10
-1174961.04911474,1890315.8834331997,10
-1174497.7363982126,1890315.8834331997,10
-1174034.4236816852,1890315.8834331997,10
-1173571.1109651576,1890315.8834331997,10
-1173107.79824863,1890315.8834331997,10
-1172644.4855321026,1890315.8834331997,10
-1172181.172815575,1890315.8834331997,10
-1171717.8600990477,1890315.8834331997,10
-1171254.54738252,1890315.8834331997,10
-1170791.2346659927,1890315.8834331997,10
-1170327.921949465,1890315.8834331997,10
-1169864.6092329377,1890315.8834331997,10
-1169401.29651641,1890315.8834331997,10
-1357969.5721431025,1889852.570716672,10
-1357506.2594265752,1889852.570716672,10
-1357042.9467100475,1889852.570716672,10
-1356579.6339935202,1889852.570716672,10
-1356116.3212769926,1889852.570716672,10
-1355653.0085604652,1889852.570716672,10
-1355189.6958439376,1889852.570716672,10
-1354726.3831274102,1889852.570716672,10
-1354263.0704108826,1889852.570716672,10
-1353799.7576943552,1889852.570716672,10
-1353336.4449778276,1889852.570716672,10
-1352873.1322613002,1889852.570716672,10
-1352409.8195447726,1889852.570716672,10
-1351946.506828245,1889852.570716672,10
-1351483.1941117176,1889852.570716672,10
-1351019.88139519,1889852.570716672,10
-1350556.5686786626,1889852.570716672,10
-1350093.255962135,1889852.570716672,10
-1349629.9432456077,1889852.570716672,10
-1349166.63052908,1889852.570716672,10
-1348703.3178125527,1889852.570716672,10
-1348240.005096025,1889852.570716672,10
-1347776.6923794977,1889852.570716672,10
-1347313.37966297,1889852.570716672,10
-1346850.0669464427,1889852.570716672,10
-1346386.754229915,1889852.570716672,10
-1345923.4415133877,1889852.570716672,10
-1345460.12879686,1889852.570716672,10
-1344996.8160803327,1889852.570716672,10
-1344533.5033638051,1889852.570716672,10
-1344070.1906472775,1889852.570716672,10
-1343606.8779307501,1889852.570716672,10
-1343143.5652142225,1889852.570716672,10
-1342680.2524976952,1889852.570716672,16
-1342216.9397811675,1889852.570716672,10
-1341753.6270646402,1889852.570716672,10
-1341290.3143481126,1889852.570716672,10
-1340827.0016315852,1889852.570716672,10
-1340363.6889150576,1889852.570716672,16
-1339900.3761985302,1889852.570716672,16
-1339437.0634820026,1889852.570716672,16
-1338973.7507654752,1889852.570716672,16
-1338510.4380489476,1889852.570716672,16
-1338047.1253324202,1889852.570716672,16
-1337583.8126158926,1889852.570716672,16
-1337120.499899365,1889852.570716672,16
-1336657.1871828376,1889852.570716672,16
-1336193.87446631,1889852.570716672,16
-1335730.5617497826,1889852.570716672,16
-1335267.249033255,1889852.570716672,16
-1334803.9363167277,1889852.570716672,16
-1334340.6236002,1889852.570716672,16
-1333877.3108836727,1889852.570716672,16
-1333413.998167145,1889852.570716672,16
-1332950.6854506177,1889852.570716672,16
-1332487.37273409,1889852.570716672,16
-1332024.0600175627,1889852.570716672,16
-1331560.747301035,1889852.570716672,16
-1331097.4345845077,1889852.570716672,10
-1330634.12186798,1889852.570716672,16
-1330170.8091514525,1889852.570716672,16
-1329707.4964349251,1889852.570716672,16
-1329244.1837183975,1889852.570716672,16
-1328780.8710018701,1889852.570716672,16
-1328317.5582853425,1889852.570716672,16
-1327854.2455688152,1889852.570716672,16
-1327390.9328522875,1889852.570716672,16
-1326927.6201357602,1889852.570716672,16
-1326464.3074192326,1889852.570716672,16
-1326000.9947027052,1889852.570716672,16
-1325537.6819861776,1889852.570716672,16
-1325074.3692696502,1889852.570716672,16
-1324611.0565531226,1889852.570716672,16
-1324147.7438365952,1889852.570716672,16
-1323684.4311200676,1889852.570716672,16
-1323221.11840354,1889852.570716672,16
-1322757.8056870126,1889852.570716672,16
-1322294.492970485,1889852.570716672,16
-1321831.1802539576,1889852.570716672,16
-1321367.86753743,1889852.570716672,16
-1320904.5548209026,1889852.570716672,16
-1320441.242104375,1889852.570716672,16
-1319977.9293878477,1889852.570716672,16
-1319514.61667132,1889852.570716672,16
-1319051.3039547927,1889852.570716672,16
-1318587.991238265,1889852.570716672,16
-1318124.6785217377,1889852.570716672,16
-1317661.36580521,1889852.570716672,16
-1317198.0530886827,1889852.570716672,16
-1316734.740372155,1889852.570716672,16
-1316271.4276556277,1889852.570716672,16
-1315808.1149391,1889852.570716672,16
-1315344.8022225727,1889852.570716672,16
-1314881.4895060451,1889852.570716672,16
-1314418.1767895175,1889852.570716672,16
-1313954.8640729901,1889852.570716672,16
-1313491.5513564625,1889852.570716672,16
-1313028.2386399352,1889852.570716672,16
-1312564.9259234075,1889852.570716672,16
-1312101.6132068802,1889852.570716672,16
-1311638.3004903526,1889852.570716672,16
-1311174.9877738252,1889852.570716672,16
-1310711.6750572976,1889852.570716672,16
-1310248.3623407702,1889852.570716672,16
-1309785.0496242426,1889852.570716672,16
-1309321.7369077152,1889852.570716672,16
-1308858.4241911876,1889852.570716672,16
-1308395.1114746602,1889852.570716672,16
-1307931.7987581326,1889852.570716672,16
-1307468.486041605,1889852.570716672,16
-1307005.1733250776,1889852.570716672,16
-1306541.86060855,1889852.570716672,16
-1306078.5478920226,1889852.570716672,16
-1305615.235175495,1889852.570716672,16
-1305151.9224589677,1889852.570716672,16
-1304688.60974244,1889852.570716672,10
-1304225.2970259127,1889852.570716672,10
-1303761.984309385,1889852.570716672,16
-1303298.6715928577,1889852.570716672,16
-1302835.35887633,1889852.570716672,10
-1302372.0461598027,1889852.570716672,10
-1301908.733443275,1889852.570716672,10
-1301445.4207267477,1889852.570716672,10
-1300982.10801022,1889852.570716672,10
-1300518.7952936925,1889852.570716672,10
-1300055.4825771651,1889852.570716672,10
-1299592.1698606375,1889852.570716672,10
-1299128.8571441101,1889852.570716672,10
-1298665.5444275825,1889852.570716672,10
-1298202.2317110552,1889852.570716672,10
-1297738.9189945275,1889852.570716672,10
-1297275.6062780002,1889852.570716672,10
-1296812.2935614726,1889852.570716672,10
-1296348.9808449452,1889852.570716672,10
-1295885.6681284176,1889852.570716672,10
-1295422.3554118902,1889852.570716672,10
-1294959.0426953626,1889852.570716672,10
-1294495.7299788352,1889852.570716672,10
-1294032.4172623076,1889852.570716672,10
-1293569.10454578,1889852.570716672,10
-1293105.7918292526,1889852.570716672,10
-1292642.479112725,1889852.570716672,10
-1292179.1663961976,1889852.570716672,16
-1291715.85367967,1889852.570716672,16
-1291252.5409631426,1889852.570716672,10
-1290789.228246615,1889852.570716672,10
-1290325.9155300877,1889852.570716672,10
-1289862.60281356,1889852.570716672,10
-1289399.2900970327,1889852.570716672,10
-1288935.977380505,1889852.570716672,10
-1288472.6646639777,1889852.570716672,10
-1288009.35194745,1889852.570716672,10
-1287546.0392309227,1889852.570716672,10
-1287082.726514395,1889852.570716672,10
-1286619.4137978677,1889852.570716672,10
-1286156.10108134,1889852.570716672,10
-1285692.7883648127,1889852.570716672,10
-1285229.4756482851,1889852.570716672,10
-1284766.1629317575,1889852.570716672,10
-1284302.8502152301,1889852.570716672,10
-1283839.5374987025,1889852.570716672,10
-1283376.2247821752,1889852.570716672,10
-1282912.9120656475,1889852.570716672,16
-1282449.5993491202,1889852.570716672,16
-1281986.2866325926,1889852.570716672,10
-1281522.9739160652,1889852.570716672,10
-1281059.6611995376,1889852.570716672,10
-1280596.3484830102,1889852.570716672,10
-1280133.0357664826,1889852.570716672,10
-1279669.7230499552,1889852.570716672,10
-1279206.4103334276,1889852.570716672,10
-1278743.0976169002,1889852.570716672,10
-1278279.7849003726,1889852.570716672,10
-1277816.472183845,1889852.570716672,16
-1277353.1594673176,1889852.570716672,16
-1276889.84675079,1889852.570716672,16
-1276426.5340342626,1889852.570716672,16
-1275963.221317735,1889852.570716672,16
-1275499.9086012077,1889852.570716672,10
-1275036.59588468,1889852.570716672,10
-1274573.2831681527,1889852.570716672,10
-1274109.970451625,1889852.570716672,10
-1273646.6577350977,1889852.570716672,10
-1273183.34501857,1889852.570716672,10
-1272720.0323020427,1889852.570716672,10
-1272256.719585515,1889852.570716672,10
-1271793.4068689877,1889852.570716672,10
-1271330.09415246,1889852.570716672,10
-1270866.7814359325,1889852.570716672,10
-1270403.4687194051,1889852.570716672,10
-1269940.1560028775,1889852.570716672,10
-1269476.8432863501,1889852.570716672,10
-1269013.5305698225,1889852.570716672,10
-1268550.2178532952,1889852.570716672,10
-1268086.9051367675,1889852.570716672,10
-1267623.5924202402,1889852.570716672,16
-1267160.2797037126,1889852.570716672,16
-1266696.9669871852,1889852.570716672,16
-1266233.6542706576,1889852.570716672,16
-1265770.3415541302,1889852.570716672,16
-1265307.0288376026,1889852.570716672,16
-1264843.7161210752,1889852.570716672,16
-1264380.4034045476,1889852.570716672,16
-1263917.09068802,1889852.570716672,16
-1263453.7779714926,1889852.570716672,16
-1262990.465254965,1889852.570716672,16
-1262527.1525384376,1889852.570716672,16
-1262063.83982191,1889852.570716672,16
-1261600.5271053826,1889852.570716672,16
-1261137.214388855,1889852.570716672,16
-1260673.9016723277,1889852.570716672,16
-1260210.5889558,1889852.570716672,16
-1259747.2762392727,1889852.570716672,16
-1259283.963522745,1889852.570716672,10
-1258820.6508062177,1889852.570716672,10
-1258357.33808969,1889852.570716672,10
-1257894.0253731627,1889852.570716672,10
-1257430.712656635,1889852.570716672,10
-1256967.3999401077,1889852.570716672,10
-1256504.08722358,1889852.570716672,10
-1256040.7745070527,1889852.570716672,10
-1255577.4617905251,1889852.570716672,10
-1255114.1490739975,1889852.570716672,10
-1254650.8363574701,1889852.570716672,10
-1254187.5236409425,1889852.570716672,16
-1253724.2109244152,1889852.570716672,16
-1253260.8982078875,1889852.570716672,16
-1252797.5854913602,1889852.570716672,16
-1252334.2727748326,1889852.570716672,16
-1251870.9600583052,1889852.570716672,10
-1251407.6473417776,1889852.570716672,10
-1250944.3346252502,1889852.570716672,10
-1250481.0219087226,1889852.570716672,10
-1250017.7091921952,1889852.570716672,10
-1249554.3964756676,1889852.570716672,10
-1249091.0837591402,1889852.570716672,10
-1248627.7710426126,1889852.570716672,16
-1248164.458326085,1889852.570716672,10
-1247701.1456095576,1889852.570716672,10
-1247237.83289303,1889852.570716672,16
-1246774.5201765026,1889852.570716672,16
-1246311.207459975,1889852.570716672,16
-1245847.8947434477,1889852.570716672,16
-1245384.58202692,1889852.570716672,16
-1244921.2693103927,1889852.570716672,16
-1244457.956593865,1889852.570716672,16
-1243994.6438773377,1889852.570716672,10
-1243531.33116081,1889852.570716672,10
-1243068.0184442827,1889852.570716672,16
-1242604.705727755,1889852.570716672,10
-1242141.3930112277,1889852.570716672,10
-1241678.0802947,1889852.570716672,10
-1241214.7675781725,1889852.570716672,10
-1240751.4548616451,1889852.570716672,16
-1240288.1421451175,1889852.570716672,16
-1239824.8294285901,1889852.570716672,10
-1239361.5167120625,1889852.570716672,10
-1238898.2039955352,1889852.570716672,10
-1238434.8912790075,1889852.570716672,10
-1237971.5785624802,1889852.570716672,10
-1237508.2658459526,1889852.570716672,10
-1237044.9531294252,1889852.570716672,10
-1236581.6404128976,1889852.570716672,10
-1236118.3276963702,1889852.570716672,10
-1235655.0149798426,1889852.570716672,10
-1235191.7022633152,1889852.570716672,10
-1234728.3895467876,1889852.570716672,10
-1234265.07683026,1889852.570716672,10
-1233801.7641137326,1889852.570716672,10
-1233338.4513972052,1889852.570716672,10
-1232875.1386806776,1889852.570716672,10
-1232411.82596415,1889852.570716672,10
-1231948.5132476226,1889852.570716672,10
-1231485.200531095,1889852.570716672,10
-1231021.8878145677,1889852.570716672,10
-1230558.57509804,1889852.570716672,10
-1230095.2623815127,1889852.570716672,10
-1229631.949664985,1889852.570716672,10
-1229168.6369484577,1889852.570716672,10
-1228705.32423193,1889852.570716672,10
-1228242.0115154027,1889852.570716672,10
-1227778.698798875,1889852.570716672,10
-1227315.3860823475,1889852.570716672,10
-1226852.07336582,1889852.570716672,10
-1226388.7606492927,1889852.570716672,10
-1225925.4479327651,1889852.570716672,10
-1225462.1352162375,1889852.570716672,10
-1224998.8224997101,1889852.570716672,10
-1224535.5097831825,1889852.570716672,10
-1224072.1970666551,1889852.570716672,10
-1223608.8843501275,1889852.570716672,10
-1223145.5716336002,1889852.570716672,10
-1222682.2589170726,1889852.570716672,10
-1222218.9462005452,1889852.570716672,10
-1221755.6334840176,1889852.570716672,10
-1221292.3207674902,1889852.570716672,10
-1220829.0080509626,1889852.570716672,10
-1220365.6953344352,1889852.570716672,10
-1219902.3826179076,1889852.570716672,10
-1219439.0699013802,1889852.570716672,10
-1218975.7571848526,1889852.570716672,10
-1218512.444468325,1889852.570716672,10
-1218049.1317517976,1889852.570716672,10
-1217585.81903527,1889852.570716672,10
-1217122.5063187426,1889852.570716672,10
-1216659.193602215,1889852.570716672,7
-1216195.8808856877,1889852.570716672,7
-1215732.56816916,1889852.570716672,7
-1215269.2554526327,1889852.570716672,10
-1214805.942736105,1889852.570716672,10
-1214342.6300195777,1889852.570716672,10
-1213879.31730305,1889852.570716672,10
-1213416.0045865227,1889852.570716672,10
-1212952.691869995,1889852.570716672,10
-1212489.3791534677,1889852.570716672,10
-1212026.06643694,1889852.570716672,10
-1211562.7537204125,1889852.570716672,10
-1211099.4410038851,1889852.570716672,10
-1210636.1282873575,1889852.570716672,10
-1210172.8155708301,1889852.570716672,10
-1209709.5028543025,1889852.570716672,10
-1209246.1901377751,1889852.570716672,10
-1208782.8774212475,1889852.570716672,10
-1208319.5647047202,1889852.570716672,10
-1207856.2519881926,1889852.570716672,10
-1207392.9392716652,1889852.570716672,10
-1206929.6265551376,1889852.570716672,10
-1206466.3138386102,1889852.570716672,10
-1206003.0011220826,1889852.570716672,7
-1205539.6884055552,1889852.570716672,10
-1205076.3756890276,1889852.570716672,10
-1204613.0629725,1889852.570716672,10
-1204149.7502559726,1889852.570716672,10
-1203686.4375394452,1889852.570716672,10
-1203223.1248229176,1889852.570716672,10
-1202759.81210639,1889852.570716672,10
-1202296.4993898626,1889852.570716672,10
-1201833.186673335,1889852.570716672,10
-1201369.8739568077,1889852.570716672,10
-1200906.56124028,1889852.570716672,10
-1200443.2485237527,1889852.570716672,10
-1199979.935807225,1889852.570716672,10
-1199516.6230906977,1889852.570716672,10
-1199053.31037417,1889852.570716672,10
-1198589.9976576427,1889852.570716672,10
-1198126.684941115,1889852.570716672,10
-1197663.3722245875,1889852.570716672,10
-1197200.05950806,1889852.570716672,10
-1196736.7467915327,1889852.570716672,10
-1196273.4340750051,1889852.570716672,10
-1195810.1213584775,1889852.570716672,10
-1195346.8086419501,1889852.570716672,10
-1194883.4959254225,1889852.570716672,10
-1194420.1832088951,1889852.570716672,10
-1193956.8704923675,1889852.570716672,10
-1193493.5577758402,1889852.570716672,10
-1193030.2450593126,1889852.570716672,10
-1192566.9323427852,1889852.570716672,10
-1192103.6196262576,1889852.570716672,10
-1191640.3069097302,1889852.570716672,10
-1191176.9941932026,1889852.570716672,10
-1190713.6814766752,1889852.570716672,10
-1190250.3687601476,1889852.570716672,10
-1189787.0560436202,1889852.570716672,10
-1189323.7433270926,1889852.570716672,10
-1188860.430610565,1889852.570716672,10
-1188397.1178940376,1889852.570716672,10
-1187933.80517751,1889852.570716672,10
-1187470.4924609826,1889852.570716672,10
-1187007.179744455,1889852.570716672,10
-1186543.8670279277,1889852.570716672,10
-1186080.5543114,1889852.570716672,10
-1185617.2415948727,1889852.570716672,10
-1185153.928878345,1889852.570716672,10
-1184690.6161618177,1889852.570716672,10
-1184227.30344529,1889852.570716672,10
-1183763.9907287627,1889852.570716672,10
-1183300.678012235,1889852.570716672,10
-1182837.3652957077,1889852.570716672,10
-1182374.05257918,1889852.570716672,10
-1181910.7398626525,1889852.570716672,10
-1181447.4271461251,1889852.570716672,10
-1180984.1144295975,1889852.570716672,10
-1180520.8017130701,1889852.570716672,10
-1180057.4889965425,1889852.570716672,10
-1179594.1762800151,1889852.570716672,10
-1179130.8635634875,1889852.570716672,10
-1178667.5508469602,1889852.570716672,10
-1178204.2381304326,1889852.570716672,10
-1177740.9254139052,1889852.570716672,10
-1177277.6126973776,1889852.570716672,10
-1176814.2999808502,1889852.570716672,10
-1176350.9872643226,1889852.570716672,10
-1175887.6745477952,1889852.570716672,10
-1175424.3618312676,1889852.570716672,10
-1174961.04911474,1889852.570716672,10
-1174497.7363982126,1889852.570716672,10
-1174034.4236816852,1889852.570716672,10
-1173571.1109651576,1889852.570716672,10
-1173107.79824863,1889852.570716672,10
-1172644.4855321026,1889852.570716672,10
-1172181.172815575,1889852.570716672,10
-1171717.8600990477,1889852.570716672,10
-1171254.54738252,1889852.570716672,10
-1170791.2346659927,1889852.570716672,10
-1170327.921949465,1889852.570716672,10
-1169864.6092329377,1889852.570716672,10
-1169401.29651641,1889852.570716672,10
-1358432.8848596301,1889389.2580001447,10
-1357969.5721431025,1889389.2580001447,10
-1357506.2594265752,1889389.2580001447,10
-1357042.9467100475,1889389.2580001447,10
-1356579.6339935202,1889389.2580001447,10
-1356116.3212769926,1889389.2580001447,10
-1355653.0085604652,1889389.2580001447,10
-1355189.6958439376,1889389.2580001447,10
-1354726.3831274102,1889389.2580001447,10
-1354263.0704108826,1889389.2580001447,10
-1353799.7576943552,1889389.2580001447,10
-1353336.4449778276,1889389.2580001447,10
-1352873.1322613002,1889389.2580001447,10
-1352409.8195447726,1889389.2580001447,10
-1351946.506828245,1889389.2580001447,10
-1351483.1941117176,1889389.2580001447,10
-1351019.88139519,1889389.2580001447,10
-1350556.5686786626,1889389.2580001447,10
-1350093.255962135,1889389.2580001447,10
-1349629.9432456077,1889389.2580001447,10
-1349166.63052908,1889389.2580001447,10
-1348703.3178125527,1889389.2580001447,10
-1348240.005096025,1889389.2580001447,10
-1347776.6923794977,1889389.2580001447,10
-1347313.37966297,1889389.2580001447,10
-1346850.0669464427,1889389.2580001447,10
-1346386.754229915,1889389.2580001447,10
-1345923.4415133877,1889389.2580001447,10
-1345460.12879686,1889389.2580001447,10
-1344996.8160803327,1889389.2580001447,10
-1344533.5033638051,1889389.2580001447,10
-1344070.1906472775,1889389.2580001447,10
-1343606.8779307501,1889389.2580001447,10
-1343143.5652142225,1889389.2580001447,16
-1342680.2524976952,1889389.2580001447,16
-1342216.9397811675,1889389.2580001447,16
-1341753.6270646402,1889389.2580001447,16
-1341290.3143481126,1889389.2580001447,10
-1340827.0016315852,1889389.2580001447,10
-1340363.6889150576,1889389.2580001447,16
-1339900.3761985302,1889389.2580001447,16
-1339437.0634820026,1889389.2580001447,16
-1338973.7507654752,1889389.2580001447,16
-1338510.4380489476,1889389.2580001447,16
-1338047.1253324202,1889389.2580001447,16
-1337583.8126158926,1889389.2580001447,16
-1337120.499899365,1889389.2580001447,16
-1336657.1871828376,1889389.2580001447,16
-1336193.87446631,1889389.2580001447,16
-1335730.5617497826,1889389.2580001447,16
-1335267.249033255,1889389.2580001447,16
-1334803.9363167277,1889389.2580001447,16
-1334340.6236002,1889389.2580001447,16
-1333877.3108836727,1889389.2580001447,16
-1333413.998167145,1889389.2580001447,16
-1332950.6854506177,1889389.2580001447,16
-1332487.37273409,1889389.2580001447,16
-1332024.0600175627,1889389.2580001447,16
-1331560.747301035,1889389.2580001447,10
-1331097.4345845077,1889389.2580001447,10
-1330634.12186798,1889389.2580001447,10
-1330170.8091514525,1889389.2580001447,16
-1329707.4964349251,1889389.2580001447,16
-1329244.1837183975,1889389.2580001447,16
-1328780.8710018701,1889389.2580001447,16
-1328317.5582853425,1889389.2580001447,16
-1327854.2455688152,1889389.2580001447,16
-1327390.9328522875,1889389.2580001447,16
-1326927.6201357602,1889389.2580001447,16
-1326464.3074192326,1889389.2580001447,16
-1326000.9947027052,1889389.2580001447,16
-1325537.6819861776,1889389.2580001447,16
-1325074.3692696502,1889389.2580001447,16
-1324611.0565531226,1889389.2580001447,16
-1324147.7438365952,1889389.2580001447,16
-1323684.4311200676,1889389.2580001447,16
-1323221.11840354,1889389.2580001447,16
-1322757.8056870126,1889389.2580001447,16
-1322294.492970485,1889389.2580001447,16
-1321831.1802539576,1889389.2580001447,16
-1321367.86753743,1889389.2580001447,16
-1320904.5548209026,1889389.2580001447,16
-1320441.242104375,1889389.2580001447,16
-1319977.9293878477,1889389.2580001447,16
-1319514.61667132,1889389.2580001447,16
-1319051.3039547927,1889389.2580001447,16
-1318587.991238265,1889389.2580001447,16
-1318124.6785217377,1889389.2580001447,16
-1317661.36580521,1889389.2580001447,16
-1317198.0530886827,1889389.2580001447,16
-1316734.740372155,1889389.2580001447,16
-1316271.4276556277,1889389.2580001447,16
-1315808.1149391,1889389.2580001447,16
-1315344.8022225727,1889389.2580001447,16
-1314881.4895060451,1889389.2580001447,16
-1314418.1767895175,1889389.2580001447,16
-1313954.8640729901,1889389.2580001447,16
-1313491.5513564625,1889389.2580001447,16
-1313028.2386399352,1889389.2580001447,16
-1312564.9259234075,1889389.2580001447,16
-1312101.6132068802,1889389.2580001447,16
-1311638.3004903526,1889389.2580001447,16
-1311174.9877738252,1889389.2580001447,16
-1310711.6750572976,1889389.2580001447,16
-1310248.3623407702,1889389.2580001447,16
-1309785.0496242426,1889389.2580001447,16
-1309321.7369077152,1889389.2580001447,16
-1308858.4241911876,1889389.2580001447,16
-1308395.1114746602,1889389.2580001447,16
-1307931.7987581326,1889389.2580001447,16
-1307468.486041605,1889389.2580001447,16
-1307005.1733250776,1889389.2580001447,16
-1306541.86060855,1889389.2580001447,16
-1306078.5478920226,1889389.2580001447,16
-1305615.235175495,1889389.2580001447,16
-1305151.9224589677,1889389.2580001447,10
-1304688.60974244,1889389.2580001447,10
-1304225.2970259127,1889389.2580001447,10
-1303761.984309385,1889389.2580001447,10
-1303298.6715928577,1889389.2580001447,16
-1302835.35887633,1889389.2580001447,10
-1302372.0461598027,1889389.2580001447,10
-1301908.733443275,1889389.2580001447,10
-1301445.4207267477,1889389.2580001447,16
-1300982.10801022,1889389.2580001447,10
-1300518.7952936925,1889389.2580001447,10
-1300055.4825771651,1889389.2580001447,10
-1299592.1698606375,1889389.2580001447,10
-1299128.8571441101,1889389.2580001447,10
-1298665.5444275825,1889389.2580001447,10
-1298202.2317110552,1889389.2580001447,10
-1297738.9189945275,1889389.2580001447,10
-1297275.6062780002,1889389.2580001447,10
-1296812.2935614726,1889389.2580001447,10
-1296348.9808449452,1889389.2580001447,10
-1295885.6681284176,1889389.2580001447,10
-1295422.3554118902,1889389.2580001447,10
-1294959.0426953626,1889389.2580001447,10
-1294495.7299788352,1889389.2580001447,10
-1294032.4172623076,1889389.2580001447,10
-1293569.10454578,1889389.2580001447,10
-1293105.7918292526,1889389.2580001447,16
-1292642.479112725,1889389.2580001447,16
-1292179.1663961976,1889389.2580001447,16
-1291715.85367967,1889389.2580001447,10
-1291252.5409631426,1889389.2580001447,10
-1290789.228246615,1889389.2580001447,10
-1290325.9155300877,1889389.2580001447,10
-1289862.60281356,1889389.2580001447,10
-1289399.2900970327,1889389.2580001447,10
-1288935.977380505,1889389.2580001447,10
-1288472.6646639777,1889389.2580001447,10
-1288009.35194745,1889389.2580001447,10
-1287546.0392309227,1889389.2580001447,10
-1287082.726514395,1889389.2580001447,10
-1286619.4137978677,1889389.2580001447,10
-1286156.10108134,1889389.2580001447,10
-1285692.7883648127,1889389.2580001447,10
-1285229.4756482851,1889389.2580001447,10
-1284766.1629317575,1889389.2580001447,10
-1284302.8502152301,1889389.2580001447,10
-1283839.5374987025,1889389.2580001447,10
-1283376.2247821752,1889389.2580001447,10
-1282912.9120656475,1889389.2580001447,16
-1282449.5993491202,1889389.2580001447,16
-1281986.2866325926,1889389.2580001447,16
-1281522.9739160652,1889389.2580001447,10
-1281059.6611995376,1889389.2580001447,10
-1280596.3484830102,1889389.2580001447,10
-1280133.0357664826,1889389.2580001447,10
-1279669.7230499552,1889389.2580001447,10
-1279206.4103334276,1889389.2580001447,10
-1278743.0976169002,1889389.2580001447,10
-1278279.7849003726,1889389.2580001447,10
-1277816.472183845,1889389.2580001447,16
-1277353.1594673176,1889389.2580001447,16
-1276889.84675079,1889389.2580001447,16
-1276426.5340342626,1889389.2580001447,16
-1275963.221317735,1889389.2580001447,10
-1275499.9086012077,1889389.2580001447,10
-1275036.59588468,1889389.2580001447,10
-1274573.2831681527,1889389.2580001447,10
-1274109.970451625,1889389.2580001447,10
-1273646.6577350977,1889389.2580001447,10
-1273183.34501857,1889389.2580001447,7
-1272720.0323020427,1889389.2580001447,7
-1272256.719585515,1889389.2580001447,7
-1271793.4068689877,1889389.2580001447,10
-1271330.09415246,1889389.2580001447,10
-1270866.7814359325,1889389.2580001447,10
-1270403.4687194051,1889389.2580001447,10
-1269940.1560028775,1889389.2580001447,10
-1269476.8432863501,1889389.2580001447,10
-1269013.5305698225,1889389.2580001447,10
-1268550.2178532952,1889389.2580001447,10
-1268086.9051367675,1889389.2580001447,10
-1267623.5924202402,1889389.2580001447,10
-1267160.2797037126,1889389.2580001447,16
-1266696.9669871852,1889389.2580001447,16
-1266233.6542706576,1889389.2580001447,16
-1265770.3415541302,1889389.2580001447,16
-1265307.0288376026,1889389.2580001447,16
-1264843.7161210752,1889389.2580001447,16
-1264380.4034045476,1889389.2580001447,16
-1263917.09068802,1889389.2580001447,16
-1263453.7779714926,1889389.2580001447,16
-1262990.465254965,1889389.2580001447,16
-1262527.1525384376,1889389.2580001447,16
-1262063.83982191,1889389.2580001447,16
-1261600.5271053826,1889389.2580001447,16
-1261137.214388855,1889389.2580001447,16
-1260673.9016723277,1889389.2580001447,16
-1260210.5889558,1889389.2580001447,16
-1259747.2762392727,1889389.2580001447,10
-1259283.963522745,1889389.2580001447,10
-1258820.6508062177,1889389.2580001447,10
-1258357.33808969,1889389.2580001447,10
-1257894.0253731627,1889389.2580001447,10
-1257430.712656635,1889389.2580001447,10
-1256967.3999401077,1889389.2580001447,10
-1256504.08722358,1889389.2580001447,10
-1256040.7745070527,1889389.2580001447,10
-1255577.4617905251,1889389.2580001447,10
-1255114.1490739975,1889389.2580001447,10
-1254650.8363574701,1889389.2580001447,10
-1254187.5236409425,1889389.2580001447,16
-1253724.2109244152,1889389.2580001447,16
-1253260.8982078875,1889389.2580001447,16
-1252797.5854913602,1889389.2580001447,16
-1252334.2727748326,1889389.2580001447,10
-1251870.9600583052,1889389.2580001447,10
-1251407.6473417776,1889389.2580001447,10
-1250944.3346252502,1889389.2580001447,10
-1250481.0219087226,1889389.2580001447,10
-1250017.7091921952,1889389.2580001447,7
-1249554.3964756676,1889389.2580001447,7
-1249091.0837591402,1889389.2580001447,7
-1248627.7710426126,1889389.2580001447,7
-1248164.458326085,1889389.2580001447,10
-1247701.1456095576,1889389.2580001447,10
-1247237.83289303,1889389.2580001447,16
-1246774.5201765026,1889389.2580001447,16
-1246311.207459975,1889389.2580001447,16
-1245847.8947434477,1889389.2580001447,16
-1245384.58202692,1889389.2580001447,16
-1244921.2693103927,1889389.2580001447,16
-1244457.956593865,1889389.2580001447,10
-1243994.6438773377,1889389.2580001447,10
-1243531.33116081,1889389.2580001447,10
-1243068.0184442827,1889389.2580001447,10
-1242604.705727755,1889389.2580001447,16
-1242141.3930112277,1889389.2580001447,10
-1241678.0802947,1889389.2580001447,10
-1241214.7675781725,1889389.2580001447,10
-1240751.4548616451,1889389.2580001447,16
-1240288.1421451175,1889389.2580001447,16
-1239824.8294285901,1889389.2580001447,10
-1239361.5167120625,1889389.2580001447,10
-1238898.2039955352,1889389.2580001447,10
-1238434.8912790075,1889389.2580001447,10
-1237971.5785624802,1889389.2580001447,10
-1237508.2658459526,1889389.2580001447,10
-1237044.9531294252,1889389.2580001447,10
-1236581.6404128976,1889389.2580001447,10
-1236118.3276963702,1889389.2580001447,10
-1235655.0149798426,1889389.2580001447,10
-1235191.7022633152,1889389.2580001447,10
-1234728.3895467876,1889389.2580001447,10
-1234265.07683026,1889389.2580001447,10
-1233801.7641137326,1889389.2580001447,10
-1233338.4513972052,1889389.2580001447,10
-1232875.1386806776,1889389.2580001447,10
-1232411.82596415,1889389.2580001447,10
-1231948.5132476226,1889389.2580001447,10
-1231485.200531095,1889389.2580001447,10
-1231021.8878145677,1889389.2580001447,10
-1230558.57509804,1889389.2580001447,10
-1230095.2623815127,1889389.2580001447,10
-1229631.949664985,1889389.2580001447,10
-1229168.6369484577,1889389.2580001447,10
-1228705.32423193,1889389.2580001447,10
-1228242.0115154027,1889389.2580001447,10
-1227778.698798875,1889389.2580001447,10
-1227315.3860823475,1889389.2580001447,10
-1226852.07336582,1889389.2580001447,10
-1226388.7606492927,1889389.2580001447,10
-1225925.4479327651,1889389.2580001447,10
-1225462.1352162375,1889389.2580001447,10
-1224998.8224997101,1889389.2580001447,10
-1224535.5097831825,1889389.2580001447,10
-1224072.1970666551,1889389.2580001447,10
-1223608.8843501275,1889389.2580001447,10
-1223145.5716336002,1889389.2580001447,10
-1222682.2589170726,1889389.2580001447,10
-1222218.9462005452,1889389.2580001447,10
-1221755.6334840176,1889389.2580001447,10
-1221292.3207674902,1889389.2580001447,10
-1220829.0080509626,1889389.2580001447,10
-1220365.6953344352,1889389.2580001447,10
-1219902.3826179076,1889389.2580001447,10
-1219439.0699013802,1889389.2580001447,10
-1218975.7571848526,1889389.2580001447,10
-1218512.444468325,1889389.2580001447,10
-1218049.1317517976,1889389.2580001447,10
-1217585.81903527,1889389.2580001447,10
-1217122.5063187426,1889389.2580001447,10
-1216659.193602215,1889389.2580001447,7
-1216195.8808856877,1889389.2580001447,7
-1215732.56816916,1889389.2580001447,10
-1215269.2554526327,1889389.2580001447,10
-1214805.942736105,1889389.2580001447,10
-1214342.6300195777,1889389.2580001447,10
-1213879.31730305,1889389.2580001447,10
-1213416.0045865227,1889389.2580001447,10
-1212952.691869995,1889389.2580001447,10
-1212489.3791534677,1889389.2580001447,10
-1212026.06643694,1889389.2580001447,10
-1211562.7537204125,1889389.2580001447,10
-1211099.4410038851,1889389.2580001447,10
-1210636.1282873575,1889389.2580001447,10
-1210172.8155708301,1889389.2580001447,10
-1209709.5028543025,1889389.2580001447,10
-1209246.1901377751,1889389.2580001447,10
-1208782.8774212475,1889389.2580001447,10
-1208319.5647047202,1889389.2580001447,10
-1207856.2519881926,1889389.2580001447,10
-1207392.9392716652,1889389.2580001447,10
-1206929.6265551376,1889389.2580001447,10
-1206466.3138386102,1889389.2580001447,10
-1206003.0011220826,1889389.2580001447,7
-1205539.6884055552,1889389.2580001447,10
-1205076.3756890276,1889389.2580001447,10
-1204613.0629725,1889389.2580001447,10
-1204149.7502559726,1889389.2580001447,10
-1203686.4375394452,1889389.2580001447,10
-1203223.1248229176,1889389.2580001447,10
-1202759.81210639,1889389.2580001447,10
-1202296.4993898626,1889389.2580001447,10
-1201833.186673335,1889389.2580001447,10
-1201369.8739568077,1889389.2580001447,10
-1200906.56124028,1889389.2580001447,10
-1200443.2485237527,1889389.2580001447,10
-1199979.935807225,1889389.2580001447,10
-1199516.6230906977,1889389.2580001447,10
-1199053.31037417,1889389.2580001447,10
-1198589.9976576427,1889389.2580001447,10
-1198126.684941115,1889389.2580001447,10
-1197663.3722245875,1889389.2580001447,10
-1197200.05950806,1889389.2580001447,10
-1196736.7467915327,1889389.2580001447,10
-1196273.4340750051,1889389.2580001447,10
-1195810.1213584775,1889389.2580001447,10
-1195346.8086419501,1889389.2580001447,10
-1194883.4959254225,1889389.2580001447,10
-1194420.1832088951,1889389.2580001447,10
-1193956.8704923675,1889389.2580001447,10
-1193493.5577758402,1889389.2580001447,10
-1193030.2450593126,1889389.2580001447,10
-1192566.9323427852,1889389.2580001447,10
-1192103.6196262576,1889389.2580001447,10
-1191640.3069097302,1889389.2580001447,10
-1191176.9941932026,1889389.2580001447,10
-1190713.6814766752,1889389.2580001447,10
-1190250.3687601476,1889389.2580001447,10
-1189787.0560436202,1889389.2580001447,10
-1189323.7433270926,1889389.2580001447,10
-1188860.430610565,1889389.2580001447,10
-1188397.1178940376,1889389.2580001447,10
-1187933.80517751,1889389.2580001447,10
-1187470.4924609826,1889389.2580001447,10
-1187007.179744455,1889389.2580001447,10
-1186543.8670279277,1889389.2580001447,10
-1186080.5543114,1889389.2580001447,10
-1185617.2415948727,1889389.2580001447,10
-1185153.928878345,1889389.2580001447,10
-1184690.6161618177,1889389.2580001447,10
-1184227.30344529,1889389.2580001447,10
-1183763.9907287627,1889389.2580001447,10
-1183300.678012235,1889389.2580001447,10
-1182837.3652957077,1889389.2580001447,10
-1182374.05257918,1889389.2580001447,10
-1181910.7398626525,1889389.2580001447,10
-1181447.4271461251,1889389.2580001447,10
-1180984.1144295975,1889389.2580001447,10
-1180520.8017130701,1889389.2580001447,10
-1180057.4889965425,1889389.2580001447,10
-1179594.1762800151,1889389.2580001447,10
-1179130.8635634875,1889389.2580001447,10
-1178667.5508469602,1889389.2580001447,10
-1178204.2381304326,1889389.2580001447,10
-1177740.9254139052,1889389.2580001447,10
-1177277.6126973776,1889389.2580001447,10
-1176814.2999808502,1889389.2580001447,10
-1176350.9872643226,1889389.2580001447,10
-1175887.6745477952,1889389.2580001447,10
-1175424.3618312676,1889389.2580001447,10
-1174961.04911474,1889389.2580001447,10
-1174497.7363982126,1889389.2580001447,10
-1174034.4236816852,1889389.2580001447,10
-1173571.1109651576,1889389.2580001447,10
-1173107.79824863,1889389.2580001447,10
-1172644.4855321026,1889389.2580001447,10
-1172181.172815575,1889389.2580001447,10
-1171717.8600990477,1889389.2580001447,10
-1171254.54738252,1889389.2580001447,10
-1170791.2346659927,1889389.2580001447,10
-1170327.921949465,1889389.2580001447,10
-1169864.6092329377,1889389.2580001447,10
-1169401.29651641,1889389.2580001447,10
-1358896.1975761575,1888925.9452836171,10
-1358432.8848596301,1888925.9452836171,10
-1357969.5721431025,1888925.9452836171,10
-1357506.2594265752,1888925.9452836171,10
-1357042.9467100475,1888925.9452836171,10
-1356579.6339935202,1888925.9452836171,10
-1356116.3212769926,1888925.9452836171,10
-1355653.0085604652,1888925.9452836171,10
-1355189.6958439376,1888925.9452836171,10
-1354726.3831274102,1888925.9452836171,10
-1354263.0704108826,1888925.9452836171,10
-1353799.7576943552,1888925.9452836171,10
-1353336.4449778276,1888925.9452836171,10
-1352873.1322613002,1888925.9452836171,10
-1352409.8195447726,1888925.9452836171,10
-1351946.506828245,1888925.9452836171,10
-1351483.1941117176,1888925.9452836171,10
-1351019.88139519,1888925.9452836171,10
-1350556.5686786626,1888925.9452836171,10
-1350093.255962135,1888925.9452836171,10
-1349629.9432456077,1888925.9452836171,10
-1349166.63052908,1888925.9452836171,10
-1348703.3178125527,1888925.9452836171,10
-1348240.005096025,1888925.9452836171,10
-1347776.6923794977,1888925.9452836171,10
-1347313.37966297,1888925.9452836171,10
-1346850.0669464427,1888925.9452836171,10
-1346386.754229915,1888925.9452836171,16
-1345923.4415133877,1888925.9452836171,10
-1345460.12879686,1888925.9452836171,10
-1344996.8160803327,1888925.9452836171,16
-1344533.5033638051,1888925.9452836171,10
-1344070.1906472775,1888925.9452836171,10
-1343606.8779307501,1888925.9452836171,10
-1343143.5652142225,1888925.9452836171,16
-1342680.2524976952,1888925.9452836171,16
-1342216.9397811675,1888925.9452836171,16
-1341753.6270646402,1888925.9452836171,16
-1341290.3143481126,1888925.9452836171,16
-1340827.0016315852,1888925.9452836171,10
-1340363.6889150576,1888925.9452836171,16
-1339900.3761985302,1888925.9452836171,16
-1339437.0634820026,1888925.9452836171,16
-1338973.7507654752,1888925.9452836171,16
-1338510.4380489476,1888925.9452836171,16
-1338047.1253324202,1888925.9452836171,16
-1337583.8126158926,1888925.9452836171,16
-1337120.499899365,1888925.9452836171,16
-1336657.1871828376,1888925.9452836171,16
-1336193.87446631,1888925.9452836171,16
-1335730.5617497826,1888925.9452836171,16
-1335267.249033255,1888925.9452836171,16
-1334803.9363167277,1888925.9452836171,16
-1334340.6236002,1888925.9452836171,16
-1333877.3108836727,1888925.9452836171,16
-1333413.998167145,1888925.9452836171,16
-1332950.6854506177,1888925.9452836171,16
-1332487.37273409,1888925.9452836171,16
-1332024.0600175627,1888925.9452836171,16
-1331560.747301035,1888925.9452836171,10
-1331097.4345845077,1888925.9452836171,10
-1330634.12186798,1888925.9452836171,10
-1330170.8091514525,1888925.9452836171,16
-1329707.4964349251,1888925.9452836171,16
-1329244.1837183975,1888925.9452836171,16
-1328780.8710018701,1888925.9452836171,16
-1328317.5582853425,1888925.9452836171,16
-1327854.2455688152,1888925.9452836171,16
-1327390.9328522875,1888925.9452836171,16
-1326927.6201357602,1888925.9452836171,16
-1326464.3074192326,1888925.9452836171,16
-1326000.9947027052,1888925.9452836171,16
-1325537.6819861776,1888925.9452836171,16
-1325074.3692696502,1888925.9452836171,16
-1324611.0565531226,1888925.9452836171,16
-1324147.7438365952,1888925.9452836171,16
-1323684.4311200676,1888925.9452836171,16
-1323221.11840354,1888925.9452836171,16
-1322757.8056870126,1888925.9452836171,16
-1322294.492970485,1888925.9452836171,16
-1321831.1802539576,1888925.9452836171,16
-1321367.86753743,1888925.9452836171,16
-1320904.5548209026,1888925.9452836171,16
-1320441.242104375,1888925.9452836171,16
-1319977.9293878477,1888925.9452836171,16
-1319514.61667132,1888925.9452836171,16
-1319051.3039547927,1888925.9452836171,16
-1318587.991238265,1888925.9452836171,16
-1318124.6785217377,1888925.9452836171,16
-1317661.36580521,1888925.9452836171,16
-1317198.0530886827,1888925.9452836171,16
-1316734.740372155,1888925.9452836171,16
-1316271.4276556277,1888925.9452836171,16
-1315808.1149391,1888925.9452836171,16
-1315344.8022225727,1888925.9452836171,16
-1314881.4895060451,1888925.9452836171,16
-1314418.1767895175,1888925.9452836171,16
-1313954.8640729901,1888925.9452836171,10
-1313491.5513564625,1888925.9452836171,16
-1313028.2386399352,1888925.9452836171,16
-1312564.9259234075,1888925.9452836171,16
-1312101.6132068802,1888925.9452836171,16
-1311638.3004903526,1888925.9452836171,16
-1311174.9877738252,1888925.9452836171,16
-1310711.6750572976,1888925.9452836171,16
-1310248.3623407702,1888925.9452836171,16
-1309785.0496242426,1888925.9452836171,16
-1309321.7369077152,1888925.9452836171,16
-1308858.4241911876,1888925.9452836171,16
-1308395.1114746602,1888925.9452836171,16
-1307931.7987581326,1888925.9452836171,16
-1307468.486041605,1888925.9452836171,16
-1307005.1733250776,1888925.9452836171,16
-1306541.86060855,1888925.9452836171,16
-1306078.5478920226,1888925.9452836171,16
-1305615.235175495,1888925.9452836171,16
-1305151.9224589677,1888925.9452836171,16
-1304688.60974244,1888925.9452836171,10
-1304225.2970259127,1888925.9452836171,10
-1303761.984309385,1888925.9452836171,10
-1303298.6715928577,1888925.9452836171,10
-1302835.35887633,1888925.9452836171,10
-1302372.0461598027,1888925.9452836171,16
-1301908.733443275,1888925.9452836171,10
-1301445.4207267477,1888925.9452836171,16
-1300982.10801022,1888925.9452836171,10
-1300518.7952936925,1888925.9452836171,10
-1300055.4825771651,1888925.9452836171,10
-1299592.1698606375,1888925.9452836171,10
-1299128.8571441101,1888925.9452836171,10
-1298665.5444275825,1888925.9452836171,16
-1298202.2317110552,1888925.9452836171,10
-1297738.9189945275,1888925.9452836171,10
-1297275.6062780002,1888925.9452836171,10
-1296812.2935614726,1888925.9452836171,10
-1296348.9808449452,1888925.9452836171,10
-1295885.6681284176,1888925.9452836171,16
-1295422.3554118902,1888925.9452836171,16
-1294959.0426953626,1888925.9452836171,10
-1294495.7299788352,1888925.9452836171,10
-1294032.4172623076,1888925.9452836171,16
-1293569.10454578,1888925.9452836171,16
-1293105.7918292526,1888925.9452836171,10
-1292642.479112725,1888925.9452836171,10
-1292179.1663961976,1888925.9452836171,16
-1291715.85367967,1888925.9452836171,7
-1291252.5409631426,1888925.9452836171,10
-1290789.228246615,1888925.9452836171,10
-1290325.9155300877,1888925.9452836171,7
-1289862.60281356,1888925.9452836171,10
-1289399.2900970327,1888925.9452836171,10
-1288935.977380505,1888925.9452836171,10
-1288472.6646639777,1888925.9452836171,10
-1288009.35194745,1888925.9452836171,10
-1287546.0392309227,1888925.9452836171,10
-1287082.726514395,1888925.9452836171,10
-1286619.4137978677,1888925.9452836171,10
-1286156.10108134,1888925.9452836171,10
-1285692.7883648127,1888925.9452836171,10
-1285229.4756482851,1888925.9452836171,10
-1284766.1629317575,1888925.9452836171,10
-1284302.8502152301,1888925.9452836171,10
-1283839.5374987025,1888925.9452836171,10
-1283376.2247821752,1888925.9452836171,10
-1282912.9120656475,1888925.9452836171,10
-1282449.5993491202,1888925.9452836171,10
-1281986.2866325926,1888925.9452836171,10
-1281522.9739160652,1888925.9452836171,10
-1281059.6611995376,1888925.9452836171,10
-1280596.3484830102,1888925.9452836171,10
-1280133.0357664826,1888925.9452836171,10
-1279669.7230499552,1888925.9452836171,10
-1279206.4103334276,1888925.9452836171,10
-1278743.0976169002,1888925.9452836171,10
-1278279.7849003726,1888925.9452836171,10
-1277816.472183845,1888925.9452836171,10
-1277353.1594673176,1888925.9452836171,10
-1276889.84675079,1888925.9452836171,10
-1276426.5340342626,1888925.9452836171,10
-1275963.221317735,1888925.9452836171,10
-1275499.9086012077,1888925.9452836171,10
-1275036.59588468,1888925.9452836171,10
-1274573.2831681527,1888925.9452836171,10
-1274109.970451625,1888925.9452836171,10
-1273646.6577350977,1888925.9452836171,10
-1273183.34501857,1888925.9452836171,10
-1272720.0323020427,1888925.9452836171,10
-1272256.719585515,1888925.9452836171,10
-1271793.4068689877,1888925.9452836171,10
-1271330.09415246,1888925.9452836171,10
-1270866.7814359325,1888925.9452836171,10
-1270403.4687194051,1888925.9452836171,10
-1269940.1560028775,1888925.9452836171,10
-1269476.8432863501,1888925.9452836171,10
-1269013.5305698225,1888925.9452836171,10
-1268550.2178532952,1888925.9452836171,10
-1268086.9051367675,1888925.9452836171,10
-1267623.5924202402,1888925.9452836171,10
-1267160.2797037126,1888925.9452836171,10
-1266696.9669871852,1888925.9452836171,16
-1266233.6542706576,1888925.9452836171,16
-1265770.3415541302,1888925.9452836171,16
-1265307.0288376026,1888925.9452836171,16
-1264843.7161210752,1888925.9452836171,16
-1264380.4034045476,1888925.9452836171,16
-1263917.09068802,1888925.9452836171,16
-1263453.7779714926,1888925.9452836171,16
-1262990.465254965,1888925.9452836171,16
-1262527.1525384376,1888925.9452836171,16
-1262063.83982191,1888925.9452836171,16
-1261600.5271053826,1888925.9452836171,16
-1261137.214388855,1888925.9452836171,16
-1260673.9016723277,1888925.9452836171,16
-1260210.5889558,1888925.9452836171,10
-1259747.2762392727,1888925.9452836171,10
-1259283.963522745,1888925.9452836171,10
-1258820.6508062177,1888925.9452836171,10
-1258357.33808969,1888925.9452836171,10
-1257894.0253731627,1888925.9452836171,10
-1257430.712656635,1888925.9452836171,10
-1256967.3999401077,1888925.9452836171,10
-1256504.08722358,1888925.9452836171,10
-1256040.7745070527,1888925.9452836171,10
-1255577.4617905251,1888925.9452836171,10
-1255114.1490739975,1888925.9452836171,10
-1254650.8363574701,1888925.9452836171,10
-1254187.5236409425,1888925.9452836171,16
-1253724.2109244152,1888925.9452836171,16
-1253260.8982078875,1888925.9452836171,16
-1252797.5854913602,1888925.9452836171,10
-1252334.2727748326,1888925.9452836171,10
-1251870.9600583052,1888925.9452836171,10
-1251407.6473417776,1888925.9452836171,10
-1250944.3346252502,1888925.9452836171,10
-1250481.0219087226,1888925.9452836171,7
-1250017.7091921952,1888925.9452836171,7
-1249554.3964756676,1888925.9452836171,7
-1249091.0837591402,1888925.9452836171,7
-1248627.7710426126,1888925.9452836171,7
-1248164.458326085,1888925.9452836171,7
-1247701.1456095576,1888925.9452836171,10
-1247237.83289303,1888925.9452836171,10
-1246774.5201765026,1888925.9452836171,16
-1246311.207459975,1888925.9452836171,16
-1245847.8947434477,1888925.9452836171,16
-1245384.58202692,1888925.9452836171,16
-1244921.2693103927,1888925.9452836171,16
-1244457.956593865,1888925.9452836171,10
-1243994.6438773377,1888925.9452836171,10
-1243531.33116081,1888925.9452836171,10
-1243068.0184442827,1888925.9452836171,10
-1242604.705727755,1888925.9452836171,10
-1242141.3930112277,1888925.9452836171,10
-1241678.0802947,1888925.9452836171,10
-1241214.7675781725,1888925.9452836171,10
-1240751.4548616451,1888925.9452836171,16
-1240288.1421451175,1888925.9452836171,16
-1239824.8294285901,1888925.9452836171,10
-1239361.5167120625,1888925.9452836171,10
-1238898.2039955352,1888925.9452836171,10
-1238434.8912790075,1888925.9452836171,10
-1237971.5785624802,1888925.9452836171,10
-1237508.2658459526,1888925.9452836171,10
-1237044.9531294252,1888925.9452836171,10
-1236581.6404128976,1888925.9452836171,10
-1236118.3276963702,1888925.9452836171,10
-1235655.0149798426,1888925.9452836171,10
-1235191.7022633152,1888925.9452836171,10
-1234728.3895467876,1888925.9452836171,10
-1234265.07683026,1888925.9452836171,10
-1233801.7641137326,1888925.9452836171,10
-1233338.4513972052,1888925.9452836171,10
-1232875.1386806776,1888925.9452836171,10
-1232411.82596415,1888925.9452836171,10
-1231948.5132476226,1888925.9452836171,10
-1231485.200531095,1888925.9452836171,10
-1231021.8878145677,1888925.9452836171,10
-1230558.57509804,1888925.9452836171,10
-1230095.2623815127,1888925.9452836171,10
-1229631.949664985,1888925.9452836171,10
-1229168.6369484577,1888925.9452836171,10
-1228705.32423193,1888925.9452836171,10
-1228242.0115154027,1888925.9452836171,10
-1227778.698798875,1888925.9452836171,10
-1227315.3860823475,1888925.9452836171,10
-1226852.07336582,1888925.9452836171,10
-1226388.7606492927,1888925.9452836171,10
-1225925.4479327651,1888925.9452836171,10
-1225462.1352162375,1888925.9452836171,10
-1224998.8224997101,1888925.9452836171,10
-1224535.5097831825,1888925.9452836171,10
-1224072.1970666551,1888925.9452836171,10
-1223608.8843501275,1888925.9452836171,10
-1223145.5716336002,1888925.9452836171,10
-1222682.2589170726,1888925.9452836171,10
-1222218.9462005452,1888925.9452836171,10
-1221755.6334840176,1888925.9452836171,10
-1221292.3207674902,1888925.9452836171,10
-1220829.0080509626,1888925.9452836171,10
-1220365.6953344352,1888925.9452836171,10
-1219902.3826179076,1888925.9452836171,10
-1219439.0699013802,1888925.9452836171,10
-1218975.7571848526,1888925.9452836171,10
-1218512.444468325,1888925.9452836171,10
-1218049.1317517976,1888925.9452836171,10
-1217585.81903527,1888925.9452836171,10
-1217122.5063187426,1888925.9452836171,10
-1216659.193602215,1888925.9452836171,7
-1216195.8808856877,1888925.9452836171,7
-1215732.56816916,1888925.9452836171,10
-1215269.2554526327,1888925.9452836171,10
-1214805.942736105,1888925.9452836171,10
-1214342.6300195777,1888925.9452836171,10
-1213879.31730305,1888925.9452836171,10
-1213416.0045865227,1888925.9452836171,16
-1212952.691869995,1888925.9452836171,10
-1212489.3791534677,1888925.9452836171,10
-1212026.06643694,1888925.9452836171,10
-1211562.7537204125,1888925.9452836171,10
-1211099.4410038851,1888925.9452836171,10
-1210636.1282873575,1888925.9452836171,10
-1210172.8155708301,1888925.9452836171,10
-1209709.5028543025,1888925.9452836171,10
-1209246.1901377751,1888925.9452836171,10
-1208782.8774212475,1888925.9452836171,10
-1208319.5647047202,1888925.9452836171,10
-1207856.2519881926,1888925.9452836171,10
-1207392.9392716652,1888925.9452836171,10
-1206929.6265551376,1888925.9452836171,10
-1206466.3138386102,1888925.9452836171,10
-1206003.0011220826,1888925.9452836171,10
-1205539.6884055552,1888925.9452836171,10
-1205076.3756890276,1888925.9452836171,10
-1204613.0629725,1888925.9452836171,10
-1204149.7502559726,1888925.9452836171,10
-1203686.4375394452,1888925.9452836171,10
-1203223.1248229176,1888925.9452836171,10
-1202759.81210639,1888925.9452836171,10
-1202296.4993898626,1888925.9452836171,10
-1201833.186673335,1888925.9452836171,10
-1201369.8739568077,1888925.9452836171,10
-1200906.56124028,1888925.9452836171,10
-1200443.2485237527,1888925.9452836171,10
-1199979.935807225,1888925.9452836171,10
-1199516.6230906977,1888925.9452836171,10
-1199053.31037417,1888925.9452836171,10
-1198589.9976576427,1888925.9452836171,10
-1198126.684941115,1888925.9452836171,10
-1197663.3722245875,1888925.9452836171,10
-1197200.05950806,1888925.9452836171,10
-1196736.7467915327,1888925.9452836171,10
-1196273.4340750051,1888925.9452836171,10
-1195810.1213584775,1888925.9452836171,10
-1195346.8086419501,1888925.9452836171,10
-1194883.4959254225,1888925.9452836171,10
-1194420.1832088951,1888925.9452836171,10
-1193956.8704923675,1888925.9452836171,10
-1193493.5577758402,1888925.9452836171,10
-1193030.2450593126,1888925.9452836171,10
-1192566.9323427852,1888925.9452836171,10
-1192103.6196262576,1888925.9452836171,10
-1191640.3069097302,1888925.9452836171,10
-1191176.9941932026,1888925.9452836171,10
-1190713.6814766752,1888925.9452836171,10
-1190250.3687601476,1888925.9452836171,10
-1189787.0560436202,1888925.9452836171,10
-1189323.7433270926,1888925.9452836171,10
-1188860.430610565,1888925.9452836171,10
-1188397.1178940376,1888925.9452836171,10
-1187933.80517751,1888925.9452836171,10
-1187470.4924609826,1888925.9452836171,10
-1187007.179744455,1888925.9452836171,10
-1186543.8670279277,1888925.9452836171,10
-1186080.5543114,1888925.9452836171,10
-1185617.2415948727,1888925.9452836171,10
-1185153.928878345,1888925.9452836171,10
-1184690.6161618177,1888925.9452836171,10
-1184227.30344529,1888925.9452836171,10
-1183763.9907287627,1888925.9452836171,10
-1183300.678012235,1888925.9452836171,10
-1182837.3652957077,1888925.9452836171,10
-1182374.05257918,1888925.9452836171,10
-1181910.7398626525,1888925.9452836171,10
-1181447.4271461251,1888925.9452836171,10
-1180984.1144295975,1888925.9452836171,10
-1180520.8017130701,1888925.9452836171,10
-1180057.4889965425,1888925.9452836171,10
-1179594.1762800151,1888925.9452836171,10
-1179130.8635634875,1888925.9452836171,10
-1178667.5508469602,1888925.9452836171,10
-1178204.2381304326,1888925.9452836171,10
-1177740.9254139052,1888925.9452836171,10
-1177277.6126973776,1888925.9452836171,10
-1176814.2999808502,1888925.9452836171,10
-1176350.9872643226,1888925.9452836171,10
-1175887.6745477952,1888925.9452836171,10
-1175424.3618312676,1888925.9452836171,10
-1174961.04911474,1888925.9452836171,10
-1174497.7363982126,1888925.9452836171,10
-1174034.4236816852,1888925.9452836171,10
-1173571.1109651576,1888925.9452836171,10
-1173107.79824863,1888925.9452836171,10
-1172644.4855321026,1888925.9452836171,10
-1172181.172815575,1888925.9452836171,10
-1171717.8600990477,1888925.9452836171,10
-1171254.54738252,1888925.9452836171,10
-1170791.2346659927,1888925.9452836171,10
-1170327.921949465,1888925.9452836171,10
-1169864.6092329377,1888925.9452836171,10
-1169401.29651641,1888925.9452836171,10
-1359359.5102926851,1888462.6325670897,10
-1358896.1975761575,1888462.6325670897,10
-1358432.8848596301,1888462.6325670897,10
-1357969.5721431025,1888462.6325670897,10
-1357506.2594265752,1888462.6325670897,10
-1357042.9467100475,1888462.6325670897,10
-1356579.6339935202,1888462.6325670897,10
-1356116.3212769926,1888462.6325670897,10
-1355653.0085604652,1888462.6325670897,10
-1355189.6958439376,1888462.6325670897,10
-1354726.3831274102,1888462.6325670897,10
-1354263.0704108826,1888462.6325670897,10
-1353799.7576943552,1888462.6325670897,10
-1353336.4449778276,1888462.6325670897,10
-1352873.1322613002,1888462.6325670897,10
-1352409.8195447726,1888462.6325670897,10
-1351946.506828245,1888462.6325670897,10
-1351483.1941117176,1888462.6325670897,10
-1351019.88139519,1888462.6325670897,10
-1350556.5686786626,1888462.6325670897,10
-1350093.255962135,1888462.6325670897,10
-1349629.9432456077,1888462.6325670897,10
-1349166.63052908,1888462.6325670897,10
-1348703.3178125527,1888462.6325670897,10
-1348240.005096025,1888462.6325670897,10
-1347776.6923794977,1888462.6325670897,10
-1347313.37966297,1888462.6325670897,10
-1346850.0669464427,1888462.6325670897,16
-1346386.754229915,1888462.6325670897,16
-1345923.4415133877,1888462.6325670897,16
-1345460.12879686,1888462.6325670897,10
-1344996.8160803327,1888462.6325670897,16
-1344533.5033638051,1888462.6325670897,16
-1344070.1906472775,1888462.6325670897,10
-1343606.8779307501,1888462.6325670897,10
-1343143.5652142225,1888462.6325670897,16
-1342680.2524976952,1888462.6325670897,16
-1342216.9397811675,1888462.6325670897,16
-1341753.6270646402,1888462.6325670897,16
-1341290.3143481126,1888462.6325670897,16
-1340827.0016315852,1888462.6325670897,10
-1340363.6889150576,1888462.6325670897,10
-1339900.3761985302,1888462.6325670897,16
-1339437.0634820026,1888462.6325670897,16
-1338973.7507654752,1888462.6325670897,16
-1338510.4380489476,1888462.6325670897,16
-1338047.1253324202,1888462.6325670897,16
-1337583.8126158926,1888462.6325670897,16
-1337120.499899365,1888462.6325670897,16
-1336657.1871828376,1888462.6325670897,16
-1336193.87446631,1888462.6325670897,16
-1335730.5617497826,1888462.6325670897,16
-1335267.249033255,1888462.6325670897,16
-1334803.9363167277,1888462.6325670897,16
-1334340.6236002,1888462.6325670897,16
-1333877.3108836727,1888462.6325670897,16
-1333413.998167145,1888462.6325670897,16
-1332950.6854506177,1888462.6325670897,16
-1332487.37273409,1888462.6325670897,16
-1332024.0600175627,1888462.6325670897,10
-1331560.747301035,1888462.6325670897,16
-1331097.4345845077,1888462.6325670897,16
-1330634.12186798,1888462.6325670897,10
-1330170.8091514525,1888462.6325670897,16
-1329707.4964349251,1888462.6325670897,16
-1329244.1837183975,1888462.6325670897,16
-1328780.8710018701,1888462.6325670897,16
-1328317.5582853425,1888462.6325670897,16
-1327854.2455688152,1888462.6325670897,16
-1327390.9328522875,1888462.6325670897,16
-1326927.6201357602,1888462.6325670897,16
-1326464.3074192326,1888462.6325670897,16
-1326000.9947027052,1888462.6325670897,16
-1325537.6819861776,1888462.6325670897,16
-1325074.3692696502,1888462.6325670897,16
-1324611.0565531226,1888462.6325670897,16
-1324147.7438365952,1888462.6325670897,16
-1323684.4311200676,1888462.6325670897,16
-1323221.11840354,1888462.6325670897,16
-1322757.8056870126,1888462.6325670897,16
-1322294.492970485,1888462.6325670897,16
-1321831.1802539576,1888462.6325670897,16
-1321367.86753743,1888462.6325670897,16
-1320904.5548209026,1888462.6325670897,16
-1320441.242104375,1888462.6325670897,16
-1319977.9293878477,1888462.6325670897,16
-1319514.61667132,1888462.6325670897,16
-1319051.3039547927,1888462.6325670897,16
-1318587.991238265,1888462.6325670897,16
-1318124.6785217377,1888462.6325670897,16
-1317661.36580521,1888462.6325670897,16
-1317198.0530886827,1888462.6325670897,16
-1316734.740372155,1888462.6325670897,16
-1316271.4276556277,1888462.6325670897,16
-1315808.1149391,1888462.6325670897,16
-1315344.8022225727,1888462.6325670897,16
-1314881.4895060451,1888462.6325670897,16
-1314418.1767895175,1888462.6325670897,10
-1313954.8640729901,1888462.6325670897,16
-1313491.5513564625,1888462.6325670897,16
-1313028.2386399352,1888462.6325670897,16
-1312564.9259234075,1888462.6325670897,16
-1312101.6132068802,1888462.6325670897,16
-1311638.3004903526,1888462.6325670897,16
-1311174.9877738252,1888462.6325670897,16
-1310711.6750572976,1888462.6325670897,16
-1310248.3623407702,1888462.6325670897,16
-1309785.0496242426,1888462.6325670897,16
-1309321.7369077152,1888462.6325670897,16
-1308858.4241911876,1888462.6325670897,16
-1308395.1114746602,1888462.6325670897,16
-1307931.7987581326,1888462.6325670897,16
-1307468.486041605,1888462.6325670897,16
-1307005.1733250776,1888462.6325670897,16
-1306541.86060855,1888462.6325670897,16
-1306078.5478920226,1888462.6325670897,16
-1305615.235175495,1888462.6325670897,16
-1305151.9224589677,1888462.6325670897,16
-1304688.60974244,1888462.6325670897,10
-1304225.2970259127,1888462.6325670897,10
-1303761.984309385,1888462.6325670897,10
-1303298.6715928577,1888462.6325670897,10
-1302835.35887633,1888462.6325670897,10
-1302372.0461598027,1888462.6325670897,10
-1301908.733443275,1888462.6325670897,10
-1301445.4207267477,1888462.6325670897,10
-1300982.10801022,1888462.6325670897,16
-1300518.7952936925,1888462.6325670897,16
-1300055.4825771651,1888462.6325670897,10
-1299592.1698606375,1888462.6325670897,10
-1299128.8571441101,1888462.6325670897,10
-1298665.5444275825,1888462.6325670897,10
-1298202.2317110552,1888462.6325670897,16
-1297738.9189945275,1888462.6325670897,16
-1297275.6062780002,1888462.6325670897,10
-1296812.2935614726,1888462.6325670897,10
-1296348.9808449452,1888462.6325670897,10
-1295885.6681284176,1888462.6325670897,10
-1295422.3554118902,1888462.6325670897,10
-1294959.0426953626,1888462.6325670897,10
-1294495.7299788352,1888462.6325670897,10
-1294032.4172623076,1888462.6325670897,10
-1293569.10454578,1888462.6325670897,10
-1293105.7918292526,1888462.6325670897,10
-1292642.479112725,1888462.6325670897,10
-1292179.1663961976,1888462.6325670897,10
-1291715.85367967,1888462.6325670897,10
-1291252.5409631426,1888462.6325670897,10
-1290789.228246615,1888462.6325670897,10
-1290325.9155300877,1888462.6325670897,10
-1289862.60281356,1888462.6325670897,10
-1289399.2900970327,1888462.6325670897,10
-1288935.977380505,1888462.6325670897,10
-1288472.6646639777,1888462.6325670897,10
-1288009.35194745,1888462.6325670897,10
-1287546.0392309227,1888462.6325670897,10
-1287082.726514395,1888462.6325670897,10
-1286619.4137978677,1888462.6325670897,10
-1286156.10108134,1888462.6325670897,10
-1285692.7883648127,1888462.6325670897,10
-1285229.4756482851,1888462.6325670897,10
-1284766.1629317575,1888462.6325670897,10
-1284302.8502152301,1888462.6325670897,10
-1283839.5374987025,1888462.6325670897,10
-1283376.2247821752,1888462.6325670897,10
-1282912.9120656475,1888462.6325670897,10
-1282449.5993491202,1888462.6325670897,10
-1281986.2866325926,1888462.6325670897,10
-1281522.9739160652,1888462.6325670897,10
-1281059.6611995376,1888462.6325670897,10
-1280596.3484830102,1888462.6325670897,10
-1280133.0357664826,1888462.6325670897,10
-1279669.7230499552,1888462.6325670897,10
-1279206.4103334276,1888462.6325670897,10
-1278743.0976169002,1888462.6325670897,10
-1278279.7849003726,1888462.6325670897,10
-1277816.472183845,1888462.6325670897,10
-1277353.1594673176,1888462.6325670897,10
-1276889.84675079,1888462.6325670897,10
-1276426.5340342626,1888462.6325670897,10
-1275963.221317735,1888462.6325670897,10
-1275499.9086012077,1888462.6325670897,10
-1275036.59588468,1888462.6325670897,10
-1274573.2831681527,1888462.6325670897,10
-1274109.970451625,1888462.6325670897,10
-1273646.6577350977,1888462.6325670897,10
-1273183.34501857,1888462.6325670897,10
-1272720.0323020427,1888462.6325670897,10
-1272256.719585515,1888462.6325670897,10
-1271793.4068689877,1888462.6325670897,10
-1271330.09415246,1888462.6325670897,10
-1270866.7814359325,1888462.6325670897,10
-1270403.4687194051,1888462.6325670897,10
-1269940.1560028775,1888462.6325670897,10
-1269476.8432863501,1888462.6325670897,10
-1269013.5305698225,1888462.6325670897,10
-1268550.2178532952,1888462.6325670897,10
-1268086.9051367675,1888462.6325670897,10
-1267623.5924202402,1888462.6325670897,10
-1267160.2797037126,1888462.6325670897,10
-1266696.9669871852,1888462.6325670897,10
-1266233.6542706576,1888462.6325670897,16
-1265770.3415541302,1888462.6325670897,16
-1265307.0288376026,1888462.6325670897,16
-1264843.7161210752,1888462.6325670897,16
-1264380.4034045476,1888462.6325670897,16
-1263917.09068802,1888462.6325670897,16
-1263453.7779714926,1888462.6325670897,10
-1262990.465254965,1888462.6325670897,10
-1262527.1525384376,1888462.6325670897,10
-1262063.83982191,1888462.6325670897,16
-1261600.5271053826,1888462.6325670897,16
-1261137.214388855,1888462.6325670897,16
-1260673.9016723277,1888462.6325670897,10
-1260210.5889558,1888462.6325670897,10
-1259747.2762392727,1888462.6325670897,10
-1259283.963522745,1888462.6325670897,10
-1258820.6508062177,1888462.6325670897,10
-1258357.33808969,1888462.6325670897,10
-1257894.0253731627,1888462.6325670897,10
-1257430.712656635,1888462.6325670897,10
-1256967.3999401077,1888462.6325670897,10
-1256504.08722358,1888462.6325670897,10
-1256040.7745070527,1888462.6325670897,10
-1255577.4617905251,1888462.6325670897,10
-1255114.1490739975,1888462.6325670897,10
-1254650.8363574701,1888462.6325670897,10
-1254187.5236409425,1888462.6325670897,16
-1253724.2109244152,1888462.6325670897,16
-1253260.8982078875,1888462.6325670897,16
-1252797.5854913602,1888462.6325670897,10
-1252334.2727748326,1888462.6325670897,10
-1251870.9600583052,1888462.6325670897,10
-1251407.6473417776,1888462.6325670897,7
-1250944.3346252502,1888462.6325670897,7
-1250481.0219087226,1888462.6325670897,7
-1250017.7091921952,1888462.6325670897,7
-1249554.3964756676,1888462.6325670897,7
-1249091.0837591402,1888462.6325670897,10
-1248627.7710426126,1888462.6325670897,7
-1248164.458326085,1888462.6325670897,7
-1247701.1456095576,1888462.6325670897,7
-1247237.83289303,1888462.6325670897,10
-1246774.5201765026,1888462.6325670897,16
-1246311.207459975,1888462.6325670897,16
-1245847.8947434477,1888462.6325670897,16
-1245384.58202692,1888462.6325670897,16
-1244921.2693103927,1888462.6325670897,16
-1244457.956593865,1888462.6325670897,10
-1243994.6438773377,1888462.6325670897,10
-1243531.33116081,1888462.6325670897,10
-1243068.0184442827,1888462.6325670897,10
-1242604.705727755,1888462.6325670897,10
-1242141.3930112277,1888462.6325670897,10
-1241678.0802947,1888462.6325670897,10
-1241214.7675781725,1888462.6325670897,10
-1240751.4548616451,1888462.6325670897,10
-1240288.1421451175,1888462.6325670897,10
-1239824.8294285901,1888462.6325670897,10
-1239361.5167120625,1888462.6325670897,10
-1238898.2039955352,1888462.6325670897,10
-1238434.8912790075,1888462.6325670897,10
-1237971.5785624802,1888462.6325670897,10
-1237508.2658459526,1888462.6325670897,10
-1237044.9531294252,1888462.6325670897,10
-1236581.6404128976,1888462.6325670897,10
-1236118.3276963702,1888462.6325670897,10
-1235655.0149798426,1888462.6325670897,10
-1235191.7022633152,1888462.6325670897,10
-1234728.3895467876,1888462.6325670897,10
-1234265.07683026,1888462.6325670897,10
-1233801.7641137326,1888462.6325670897,10
-1233338.4513972052,1888462.6325670897,10
-1232875.1386806776,1888462.6325670897,10
-1232411.82596415,1888462.6325670897,10
-1231948.5132476226,1888462.6325670897,10
-1231485.200531095,1888462.6325670897,10
-1231021.8878145677,1888462.6325670897,10
-1230558.57509804,1888462.6325670897,10
-1230095.2623815127,1888462.6325670897,10
-1229631.949664985,1888462.6325670897,10
-1229168.6369484577,1888462.6325670897,10
-1228705.32423193,1888462.6325670897,10
-1228242.0115154027,1888462.6325670897,10
-1227778.698798875,1888462.6325670897,10
-1227315.3860823475,1888462.6325670897,10
-1226852.07336582,1888462.6325670897,10
-1226388.7606492927,1888462.6325670897,10
-1225925.4479327651,1888462.6325670897,10
-1225462.1352162375,1888462.6325670897,10
-1224998.8224997101,1888462.6325670897,10
-1224535.5097831825,1888462.6325670897,10
-1224072.1970666551,1888462.6325670897,10
-1223608.8843501275,1888462.6325670897,10
-1223145.5716336002,1888462.6325670897,10
-1222682.2589170726,1888462.6325670897,10
-1222218.9462005452,1888462.6325670897,10
-1221755.6334840176,1888462.6325670897,10
-1221292.3207674902,1888462.6325670897,10
-1220829.0080509626,1888462.6325670897,10
-1220365.6953344352,1888462.6325670897,10
-1219902.3826179076,1888462.6325670897,10
-1219439.0699013802,1888462.6325670897,10
-1218975.7571848526,1888462.6325670897,10
-1218512.444468325,1888462.6325670897,10
-1218049.1317517976,1888462.6325670897,10
-1217585.81903527,1888462.6325670897,10
-1217122.5063187426,1888462.6325670897,10
-1216659.193602215,1888462.6325670897,10
-1216195.8808856877,1888462.6325670897,10
-1215732.56816916,1888462.6325670897,10
-1215269.2554526327,1888462.6325670897,10
-1214805.942736105,1888462.6325670897,10
-1214342.6300195777,1888462.6325670897,10
-1213879.31730305,1888462.6325670897,10
-1213416.0045865227,1888462.6325670897,10
-1212952.691869995,1888462.6325670897,10
-1212489.3791534677,1888462.6325670897,10
-1212026.06643694,1888462.6325670897,10
-1211562.7537204125,1888462.6325670897,10
-1211099.4410038851,1888462.6325670897,10
-1210636.1282873575,1888462.6325670897,10
-1210172.8155708301,1888462.6325670897,10
-1209709.5028543025,1888462.6325670897,10
-1209246.1901377751,1888462.6325670897,10
-1208782.8774212475,1888462.6325670897,10
-1208319.5647047202,1888462.6325670897,10
-1207856.2519881926,1888462.6325670897,16
-1207392.9392716652,1888462.6325670897,10
-1206929.6265551376,1888462.6325670897,10
-1206466.3138386102,1888462.6325670897,10
-1206003.0011220826,1888462.6325670897,10
-1205539.6884055552,1888462.6325670897,10
-1205076.3756890276,1888462.6325670897,10
-1204613.0629725,1888462.6325670897,10
-1204149.7502559726,1888462.6325670897,10
-1203686.4375394452,1888462.6325670897,10
-1203223.1248229176,1888462.6325670897,10
-1202759.81210639,1888462.6325670897,10
-1202296.4993898626,1888462.6325670897,10
-1201833.186673335,1888462.6325670897,10
-1201369.8739568077,1888462.6325670897,10
-1200906.56124028,1888462.6325670897,10
-1200443.2485237527,1888462.6325670897,10
-1199979.935807225,1888462.6325670897,10
-1199516.6230906977,1888462.6325670897,10
-1199053.31037417,1888462.6325670897,10
-1198589.9976576427,1888462.6325670897,10
-1198126.684941115,1888462.6325670897,10
-1197663.3722245875,1888462.6325670897,10
-1197200.05950806,1888462.6325670897,10
-1196736.7467915327,1888462.6325670897,10
-1196273.4340750051,1888462.6325670897,10
-1195810.1213584775,1888462.6325670897,10
-1195346.8086419501,1888462.6325670897,10
-1194883.4959254225,1888462.6325670897,10
-1194420.1832088951,1888462.6325670897,10
-1193956.8704923675,1888462.6325670897,10
-1193493.5577758402,1888462.6325670897,10
-1193030.2450593126,1888462.6325670897,10
-1192566.9323427852,1888462.6325670897,10
-1192103.6196262576,1888462.6325670897,10
-1191640.3069097302,1888462.6325670897,10
-1191176.9941932026,1888462.6325670897,10
-1190713.6814766752,1888462.6325670897,10
-1190250.3687601476,1888462.6325670897,10
-1189787.0560436202,1888462.6325670897,10
-1189323.7433270926,1888462.6325670897,10
-1188860.430610565,1888462.6325670897,10
-1188397.1178940376,1888462.6325670897,10
-1187933.80517751,1888462.6325670897,10
-1187470.4924609826,1888462.6325670897,10
-1187007.179744455,1888462.6325670897,10
-1186543.8670279277,1888462.6325670897,10
-1186080.5543114,1888462.6325670897,10
-1185617.2415948727,1888462.6325670897,10
-1185153.928878345,1888462.6325670897,10
-1184690.6161618177,1888462.6325670897,10
-1184227.30344529,1888462.6325670897,10
-1183763.9907287627,1888462.6325670897,10
-1183300.678012235,1888462.6325670897,10
-1182837.3652957077,1888462.6325670897,10
-1182374.05257918,1888462.6325670897,10
-1181910.7398626525,1888462.6325670897,10
-1181447.4271461251,1888462.6325670897,10
-1180984.1144295975,1888462.6325670897,10
-1180520.8017130701,1888462.6325670897,10
-1180057.4889965425,1888462.6325670897,10
-1179594.1762800151,1888462.6325670897,10
-1179130.8635634875,1888462.6325670897,10
-1178667.5508469602,1888462.6325670897,10
-1178204.2381304326,1888462.6325670897,10
-1177740.9254139052,1888462.6325670897,10
-1177277.6126973776,1888462.6325670897,10
-1176814.2999808502,1888462.6325670897,10
-1176350.9872643226,1888462.6325670897,10
-1175887.6745477952,1888462.6325670897,10
-1175424.3618312676,1888462.6325670897,10
-1174961.04911474,1888462.6325670897,10
-1174497.7363982126,1888462.6325670897,10
-1174034.4236816852,1888462.6325670897,10
-1173571.1109651576,1888462.6325670897,10
-1173107.79824863,1888462.6325670897,10
-1172644.4855321026,1888462.6325670897,10
-1172181.172815575,1888462.6325670897,10
-1171717.8600990477,1888462.6325670897,10
-1171254.54738252,1888462.6325670897,10
-1170791.2346659927,1888462.6325670897,10
-1170327.921949465,1888462.6325670897,10
-1169864.6092329377,1888462.6325670897,10
-1169401.29651641,1888462.6325670897,10
-1359822.8230092125,1887999.3198505621,10
-1359359.5102926851,1887999.3198505621,10
-1358896.1975761575,1887999.3198505621,10
-1358432.8848596301,1887999.3198505621,10
-1357969.5721431025,1887999.3198505621,10
-1357506.2594265752,1887999.3198505621,10
-1357042.9467100475,1887999.3198505621,10
-1356579.6339935202,1887999.3198505621,10
-1356116.3212769926,1887999.3198505621,10
-1355653.0085604652,1887999.3198505621,10
-1355189.6958439376,1887999.3198505621,10
-1354726.3831274102,1887999.3198505621,10
-1354263.0704108826,1887999.3198505621,10
-1353799.7576943552,1887999.3198505621,10
-1353336.4449778276,1887999.3198505621,10
-1352873.1322613002,1887999.3198505621,10
-1352409.8195447726,1887999.3198505621,10
-1351946.506828245,1887999.3198505621,10
-1351483.1941117176,1887999.3198505621,10
-1351019.88139519,1887999.3198505621,10
-1350556.5686786626,1887999.3198505621,10
-1350093.255962135,1887999.3198505621,10
-1349629.9432456077,1887999.3198505621,10
-1349166.63052908,1887999.3198505621,10
-1348703.3178125527,1887999.3198505621,10
-1348240.005096025,1887999.3198505621,10
-1347776.6923794977,1887999.3198505621,10
-1347313.37966297,1887999.3198505621,10
-1346850.0669464427,1887999.3198505621,16
-1346386.754229915,1887999.3198505621,16
-1345923.4415133877,1887999.3198505621,16
-1345460.12879686,1887999.3198505621,10
-1344996.8160803327,1887999.3198505621,16
-1344533.5033638051,1887999.3198505621,16
-1344070.1906472775,1887999.3198505621,10
-1343606.8779307501,1887999.3198505621,16
-1343143.5652142225,1887999.3198505621,16
-1342680.2524976952,1887999.3198505621,16
-1342216.9397811675,1887999.3198505621,16
-1341753.6270646402,1887999.3198505621,16
-1341290.3143481126,1887999.3198505621,16
-1340827.0016315852,1887999.3198505621,10
-1340363.6889150576,1887999.3198505621,10
-1339900.3761985302,1887999.3198505621,16
-1339437.0634820026,1887999.3198505621,16
-1338973.7507654752,1887999.3198505621,16
-1338510.4380489476,1887999.3198505621,16
-1338047.1253324202,1887999.3198505621,16
-1337583.8126158926,1887999.3198505621,16
-1337120.499899365,1887999.3198505621,16
-1336657.1871828376,1887999.3198505621,16
-1336193.87446631,1887999.3198505621,16
-1335730.5617497826,1887999.3198505621,16
-1335267.249033255,1887999.3198505621,16
-1334803.9363167277,1887999.3198505621,16
-1334340.6236002,1887999.3198505621,16
-1333877.3108836727,1887999.3198505621,16
-1333413.998167145,1887999.3198505621,16
-1332950.6854506177,1887999.3198505621,16
-1332487.37273409,1887999.3198505621,10
-1332024.0600175627,1887999.3198505621,16
-1331560.747301035,1887999.3198505621,16
-1331097.4345845077,1887999.3198505621,16
-1330634.12186798,1887999.3198505621,10
-1330170.8091514525,1887999.3198505621,16
-1329707.4964349251,1887999.3198505621,16
-1329244.1837183975,1887999.3198505621,16
-1328780.8710018701,1887999.3198505621,16
-1328317.5582853425,1887999.3198505621,16
-1327854.2455688152,1887999.3198505621,16
-1327390.9328522875,1887999.3198505621,16
-1326927.6201357602,1887999.3198505621,16
-1326464.3074192326,1887999.3198505621,16
-1326000.9947027052,1887999.3198505621,16
-1325537.6819861776,1887999.3198505621,16
-1325074.3692696502,1887999.3198505621,16
-1324611.0565531226,1887999.3198505621,16
-1324147.7438365952,1887999.3198505621,16
-1323684.4311200676,1887999.3198505621,16
-1323221.11840354,1887999.3198505621,16
-1322757.8056870126,1887999.3198505621,16
-1322294.492970485,1887999.3198505621,16
-1321831.1802539576,1887999.3198505621,16
-1321367.86753743,1887999.3198505621,16
-1320904.5548209026,1887999.3198505621,16
-1320441.242104375,1887999.3198505621,16
-1319977.9293878477,1887999.3198505621,16
-1319514.61667132,1887999.3198505621,16
-1319051.3039547927,1887999.3198505621,16
-1318587.991238265,1887999.3198505621,16
-1318124.6785217377,1887999.3198505621,16
-1317661.36580521,1887999.3198505621,16
-1317198.0530886827,1887999.3198505621,16
-1316734.740372155,1887999.3198505621,16
-1316271.4276556277,1887999.3198505621,16
-1315808.1149391,1887999.3198505621,16
-1315344.8022225727,1887999.3198505621,16
-1314881.4895060451,1887999.3198505621,16
-1314418.1767895175,1887999.3198505621,16
-1313954.8640729901,1887999.3198505621,16
-1313491.5513564625,1887999.3198505621,16
-1313028.2386399352,1887999.3198505621,16
-1312564.9259234075,1887999.3198505621,16
-1312101.6132068802,1887999.3198505621,16
-1311638.3004903526,1887999.3198505621,16
-1311174.9877738252,1887999.3198505621,16
-1310711.6750572976,1887999.3198505621,16
-1310248.3623407702,1887999.3198505621,16
-1309785.0496242426,1887999.3198505621,10
-1309321.7369077152,1887999.3198505621,10
-1308858.4241911876,1887999.3198505621,16
-1308395.1114746602,1887999.3198505621,16
-1307931.7987581326,1887999.3198505621,16
-1307468.486041605,1887999.3198505621,16
-1307005.1733250776,1887999.3198505621,16
-1306541.86060855,1887999.3198505621,16
-1306078.5478920226,1887999.3198505621,16
-1305615.235175495,1887999.3198505621,16
-1305151.9224589677,1887999.3198505621,16
-1304688.60974244,1887999.3198505621,16
-1304225.2970259127,1887999.3198505621,10
-1303761.984309385,1887999.3198505621,16
-1303298.6715928577,1887999.3198505621,10
-1302835.35887633,1887999.3198505621,10
-1302372.0461598027,1887999.3198505621,10
-1301908.733443275,1887999.3198505621,10
-1301445.4207267477,1887999.3198505621,7
-1300982.10801022,1887999.3198505621,10
-1300518.7952936925,1887999.3198505621,16
-1300055.4825771651,1887999.3198505621,10
-1299592.1698606375,1887999.3198505621,10
-1299128.8571441101,1887999.3198505621,10
-1298665.5444275825,1887999.3198505621,10
-1298202.2317110552,1887999.3198505621,10
-1297738.9189945275,1887999.3198505621,16
-1297275.6062780002,1887999.3198505621,16
-1296812.2935614726,1887999.3198505621,10
-1296348.9808449452,1887999.3198505621,10
-1295885.6681284176,1887999.3198505621,10
-1295422.3554118902,1887999.3198505621,10
-1294959.0426953626,1887999.3198505621,10
-1294495.7299788352,1887999.3198505621,10
-1294032.4172623076,1887999.3198505621,10
-1293569.10454578,1887999.3198505621,10
-1293105.7918292526,1887999.3198505621,7
-1292642.479112725,1887999.3198505621,10
-1292179.1663961976,1887999.3198505621,10
-1291715.85367967,1887999.3198505621,10
-1291252.5409631426,1887999.3198505621,10
-1290789.228246615,1887999.3198505621,10
-1290325.9155300877,1887999.3198505621,10
-1289862.60281356,1887999.3198505621,16
-1289399.2900970327,1887999.3198505621,10
-1288935.977380505,1887999.3198505621,10
-1288472.6646639777,1887999.3198505621,10
-1288009.35194745,1887999.3198505621,10
-1287546.0392309227,1887999.3198505621,10
-1287082.726514395,1887999.3198505621,10
-1286619.4137978677,1887999.3198505621,10
-1286156.10108134,1887999.3198505621,10
-1285692.7883648127,1887999.3198505621,10
-1285229.4756482851,1887999.3198505621,10
-1284766.1629317575,1887999.3198505621,10
-1284302.8502152301,1887999.3198505621,10
-1283839.5374987025,1887999.3198505621,10
-1283376.2247821752,1887999.3198505621,10
-1282912.9120656475,1887999.3198505621,10
-1282449.5993491202,1887999.3198505621,10
-1281986.2866325926,1887999.3198505621,10
-1281522.9739160652,1887999.3198505621,10
-1281059.6611995376,1887999.3198505621,10
-1280596.3484830102,1887999.3198505621,10
-1280133.0357664826,1887999.3198505621,10
-1279669.7230499552,1887999.3198505621,10
-1279206.4103334276,1887999.3198505621,10
-1278743.0976169002,1887999.3198505621,10
-1278279.7849003726,1887999.3198505621,10
-1277816.472183845,1887999.3198505621,10
-1277353.1594673176,1887999.3198505621,10
-1276889.84675079,1887999.3198505621,10
-1276426.5340342626,1887999.3198505621,10
-1275963.221317735,1887999.3198505621,10
-1275499.9086012077,1887999.3198505621,10
-1275036.59588468,1887999.3198505621,10
-1274573.2831681527,1887999.3198505621,10
-1274109.970451625,1887999.3198505621,10
-1273646.6577350977,1887999.3198505621,10
-1273183.34501857,1887999.3198505621,10
-1272720.0323020427,1887999.3198505621,10
-1272256.719585515,1887999.3198505621,10
-1271793.4068689877,1887999.3198505621,10
-1271330.09415246,1887999.3198505621,10
-1270866.7814359325,1887999.3198505621,10
-1270403.4687194051,1887999.3198505621,10
-1269940.1560028775,1887999.3198505621,10
-1269476.8432863501,1887999.3198505621,10
-1269013.5305698225,1887999.3198505621,10
-1268550.2178532952,1887999.3198505621,10
-1268086.9051367675,1887999.3198505621,10
-1267623.5924202402,1887999.3198505621,10
-1267160.2797037126,1887999.3198505621,10
-1266696.9669871852,1887999.3198505621,10
-1266233.6542706576,1887999.3198505621,10
-1265770.3415541302,1887999.3198505621,10
-1265307.0288376026,1887999.3198505621,10
-1264843.7161210752,1887999.3198505621,10
-1264380.4034045476,1887999.3198505621,10
-1263917.09068802,1887999.3198505621,10
-1263453.7779714926,1887999.3198505621,10
-1262990.465254965,1887999.3198505621,10
-1262527.1525384376,1887999.3198505621,10
-1262063.83982191,1887999.3198505621,16
-1261600.5271053826,1887999.3198505621,16
-1261137.214388855,1887999.3198505621,16
-1260673.9016723277,1887999.3198505621,10
-1260210.5889558,1887999.3198505621,10
-1259747.2762392727,1887999.3198505621,10
-1259283.963522745,1887999.3198505621,10
-1258820.6508062177,1887999.3198505621,10
-1258357.33808969,1887999.3198505621,10
-1257894.0253731627,1887999.3198505621,10
-1257430.712656635,1887999.3198505621,10
-1256967.3999401077,1887999.3198505621,10
-1256504.08722358,1887999.3198505621,10
-1256040.7745070527,1887999.3198505621,10
-1255577.4617905251,1887999.3198505621,10
-1255114.1490739975,1887999.3198505621,10
-1254650.8363574701,1887999.3198505621,10
-1254187.5236409425,1887999.3198505621,16
-1253724.2109244152,1887999.3198505621,16
-1253260.8982078875,1887999.3198505621,16
-1252797.5854913602,1887999.3198505621,16
-1252334.2727748326,1887999.3198505621,10
-1251870.9600583052,1887999.3198505621,7
-1251407.6473417776,1887999.3198505621,7
-1250944.3346252502,1887999.3198505621,7
-1250481.0219087226,1887999.3198505621,10
-1250017.7091921952,1887999.3198505621,10
-1249554.3964756676,1887999.3198505621,10
-1249091.0837591402,1887999.3198505621,10
-1248627.7710426126,1887999.3198505621,10
-1248164.458326085,1887999.3198505621,7
-1247701.1456095576,1887999.3198505621,7
-1247237.83289303,1887999.3198505621,10
-1246774.5201765026,1887999.3198505621,10
-1246311.207459975,1887999.3198505621,16
-1245847.8947434477,1887999.3198505621,16
-1245384.58202692,1887999.3198505621,16
-1244921.2693103927,1887999.3198505621,16
-1244457.956593865,1887999.3198505621,16
-1243994.6438773377,1887999.3198505621,10
-1243531.33116081,1887999.3198505621,10
-1243068.0184442827,1887999.3198505621,10
-1242604.705727755,1887999.3198505621,10
-1242141.3930112277,1887999.3198505621,10
-1241678.0802947,1887999.3198505621,10
-1241214.7675781725,1887999.3198505621,10
-1240751.4548616451,1887999.3198505621,10
-1240288.1421451175,1887999.3198505621,10
-1239824.8294285901,1887999.3198505621,10
-1239361.5167120625,1887999.3198505621,10
-1238898.2039955352,1887999.3198505621,10
-1238434.8912790075,1887999.3198505621,10
-1237971.5785624802,1887999.3198505621,10
-1237508.2658459526,1887999.3198505621,10
-1237044.9531294252,1887999.3198505621,10
-1236581.6404128976,1887999.3198505621,10
-1236118.3276963702,1887999.3198505621,10
-1235655.0149798426,1887999.3198505621,10
-1235191.7022633152,1887999.3198505621,10
-1234728.3895467876,1887999.3198505621,10
-1234265.07683026,1887999.3198505621,10
-1233801.7641137326,1887999.3198505621,10
-1233338.4513972052,1887999.3198505621,10
-1232875.1386806776,1887999.3198505621,10
-1232411.82596415,1887999.3198505621,10
-1231948.5132476226,1887999.3198505621,10
-1231485.200531095,1887999.3198505621,10
-1231021.8878145677,1887999.3198505621,10
-1230558.57509804,1887999.3198505621,10
-1230095.2623815127,1887999.3198505621,10
-1229631.949664985,1887999.3198505621,10
-1229168.6369484577,1887999.3198505621,10
-1228705.32423193,1887999.3198505621,10
-1228242.0115154027,1887999.3198505621,10
-1227778.698798875,1887999.3198505621,10
-1227315.3860823475,1887999.3198505621,10
-1226852.07336582,1887999.3198505621,10
-1226388.7606492927,1887999.3198505621,10
-1225925.4479327651,1887999.3198505621,10
-1225462.1352162375,1887999.3198505621,10
-1224998.8224997101,1887999.3198505621,10
-1224535.5097831825,1887999.3198505621,10
-1224072.1970666551,1887999.3198505621,10
-1223608.8843501275,1887999.3198505621,10
-1223145.5716336002,1887999.3198505621,10
-1222682.2589170726,1887999.3198505621,10
-1222218.9462005452,1887999.3198505621,10
-1221755.6334840176,1887999.3198505621,10
-1221292.3207674902,1887999.3198505621,10
-1220829.0080509626,1887999.3198505621,10
-1220365.6953344352,1887999.3198505621,10
-1219902.3826179076,1887999.3198505621,10
-1219439.0699013802,1887999.3198505621,10
-1218975.7571848526,1887999.3198505621,10
-1218512.444468325,1887999.3198505621,10
-1218049.1317517976,1887999.3198505621,10
-1217585.81903527,1887999.3198505621,10
-1217122.5063187426,1887999.3198505621,10
-1216659.193602215,1887999.3198505621,10
-1216195.8808856877,1887999.3198505621,10
-1215732.56816916,1887999.3198505621,10
-1215269.2554526327,1887999.3198505621,10
-1214805.942736105,1887999.3198505621,10
-1214342.6300195777,1887999.3198505621,10
-1213879.31730305,1887999.3198505621,10
-1213416.0045865227,1887999.3198505621,10
-1212952.691869995,1887999.3198505621,10
-1212489.3791534677,1887999.3198505621,10
-1212026.06643694,1887999.3198505621,10
-1211562.7537204125,1887999.3198505621,10
-1211099.4410038851,1887999.3198505621,10
-1210636.1282873575,1887999.3198505621,10
-1210172.8155708301,1887999.3198505621,10
-1209709.5028543025,1887999.3198505621,10
-1209246.1901377751,1887999.3198505621,10
-1208782.8774212475,1887999.3198505621,10
-1208319.5647047202,1887999.3198505621,10
-1207856.2519881926,1887999.3198505621,10
-1207392.9392716652,1887999.3198505621,10
-1206929.6265551376,1887999.3198505621,10
-1206466.3138386102,1887999.3198505621,10
-1206003.0011220826,1887999.3198505621,10
-1205539.6884055552,1887999.3198505621,10
-1205076.3756890276,1887999.3198505621,10
-1204613.0629725,1887999.3198505621,10
-1204149.7502559726,1887999.3198505621,10
-1203686.4375394452,1887999.3198505621,10
-1203223.1248229176,1887999.3198505621,10
-1202759.81210639,1887999.3198505621,10
-1202296.4993898626,1887999.3198505621,10
-1201833.186673335,1887999.3198505621,10
-1201369.8739568077,1887999.3198505621,10
-1200906.56124028,1887999.3198505621,10
-1200443.2485237527,1887999.3198505621,10
-1199979.935807225,1887999.3198505621,10
-1199516.6230906977,1887999.3198505621,10
-1199053.31037417,1887999.3198505621,10
-1198589.9976576427,1887999.3198505621,10
-1198126.684941115,1887999.3198505621,10
-1197663.3722245875,1887999.3198505621,10
-1197200.05950806,1887999.3198505621,10
-1196736.7467915327,1887999.3198505621,10
-1196273.4340750051,1887999.3198505621,10
-1195810.1213584775,1887999.3198505621,10
-1195346.8086419501,1887999.3198505621,10
-1194883.4959254225,1887999.3198505621,10
-1194420.1832088951,1887999.3198505621,10
-1193956.8704923675,1887999.3198505621,10
-1193493.5577758402,1887999.3198505621,10
-1193030.2450593126,1887999.3198505621,10
-1192566.9323427852,1887999.3198505621,10
-1192103.6196262576,1887999.3198505621,10
-1191640.3069097302,1887999.3198505621,10
-1191176.9941932026,1887999.3198505621,10
-1190713.6814766752,1887999.3198505621,10
-1190250.3687601476,1887999.3198505621,10
-1189787.0560436202,1887999.3198505621,10
-1189323.7433270926,1887999.3198505621,10
-1188860.430610565,1887999.3198505621,10
-1188397.1178940376,1887999.3198505621,10
-1187933.80517751,1887999.3198505621,10
-1187470.4924609826,1887999.3198505621,10
-1187007.179744455,1887999.3198505621,10
-1186543.8670279277,1887999.3198505621,10
-1186080.5543114,1887999.3198505621,10
-1185617.2415948727,1887999.3198505621,10
-1185153.928878345,1887999.3198505621,10
-1184690.6161618177,1887999.3198505621,10
-1184227.30344529,1887999.3198505621,10
-1183763.9907287627,1887999.3198505621,10
-1183300.678012235,1887999.3198505621,10
-1182837.3652957077,1887999.3198505621,10
-1182374.05257918,1887999.3198505621,10
-1181910.7398626525,1887999.3198505621,10
-1181447.4271461251,1887999.3198505621,10
-1180984.1144295975,1887999.3198505621,10
-1180520.8017130701,1887999.3198505621,10
-1180057.4889965425,1887999.3198505621,10
-1179594.1762800151,1887999.3198505621,10
-1179130.8635634875,1887999.3198505621,10
-1178667.5508469602,1887999.3198505621,10
-1178204.2381304326,1887999.3198505621,10
-1177740.9254139052,1887999.3198505621,10
-1177277.6126973776,1887999.3198505621,10
-1176814.2999808502,1887999.3198505621,10
-1176350.9872643226,1887999.3198505621,10
-1175887.6745477952,1887999.3198505621,10
-1175424.3618312676,1887999.3198505621,10
-1174961.04911474,1887999.3198505621,10
-1174497.7363982126,1887999.3198505621,10
-1174034.4236816852,1887999.3198505621,10
-1173571.1109651576,1887999.3198505621,10
-1173107.79824863,1887999.3198505621,10
-1172644.4855321026,1887999.3198505621,10
-1172181.172815575,1887999.3198505621,10
-1171717.8600990477,1887999.3198505621,10
-1171254.54738252,1887999.3198505621,10
-1170791.2346659927,1887999.3198505621,10
-1170327.921949465,1887999.3198505621,10
-1169864.6092329377,1887999.3198505621,10
-1169401.29651641,1887999.3198505621,10
-1360286.13572574,1887536.0071340348,10
-1359822.8230092125,1887536.0071340348,10
-1359359.5102926851,1887536.0071340348,10
-1358896.1975761575,1887536.0071340348,10
-1358432.8848596301,1887536.0071340348,10
-1357969.5721431025,1887536.0071340348,10
-1357506.2594265752,1887536.0071340348,10
-1357042.9467100475,1887536.0071340348,10
-1356579.6339935202,1887536.0071340348,10
-1356116.3212769926,1887536.0071340348,10
-1355653.0085604652,1887536.0071340348,10
-1355189.6958439376,1887536.0071340348,10
-1354726.3831274102,1887536.0071340348,10
-1354263.0704108826,1887536.0071340348,10
-1353799.7576943552,1887536.0071340348,10
-1353336.4449778276,1887536.0071340348,10
-1352873.1322613002,1887536.0071340348,10
-1352409.8195447726,1887536.0071340348,16
-1351946.506828245,1887536.0071340348,10
-1351483.1941117176,1887536.0071340348,10
-1351019.88139519,1887536.0071340348,10
-1350556.5686786626,1887536.0071340348,16
-1350093.255962135,1887536.0071340348,16
-1349629.9432456077,1887536.0071340348,16
-1349166.63052908,1887536.0071340348,10
-1348703.3178125527,1887536.0071340348,16
-1348240.005096025,1887536.0071340348,16
-1347776.6923794977,1887536.0071340348,10
-1347313.37966297,1887536.0071340348,10
-1346850.0669464427,1887536.0071340348,10
-1346386.754229915,1887536.0071340348,16
-1345923.4415133877,1887536.0071340348,10
-1345460.12879686,1887536.0071340348,10
-1344996.8160803327,1887536.0071340348,10
-1344533.5033638051,1887536.0071340348,16
-1344070.1906472775,1887536.0071340348,16
-1343606.8779307501,1887536.0071340348,16
-1343143.5652142225,1887536.0071340348,16
-1342680.2524976952,1887536.0071340348,16
-1342216.9397811675,1887536.0071340348,16
-1341753.6270646402,1887536.0071340348,16
-1341290.3143481126,1887536.0071340348,16
-1340827.0016315852,1887536.0071340348,16
-1340363.6889150576,1887536.0071340348,10
-1339900.3761985302,1887536.0071340348,10
-1339437.0634820026,1887536.0071340348,16
-1338973.7507654752,1887536.0071340348,16
-1338510.4380489476,1887536.0071340348,16
-1338047.1253324202,1887536.0071340348,16
-1337583.8126158926,1887536.0071340348,16
-1337120.499899365,1887536.0071340348,16
-1336657.1871828376,1887536.0071340348,16
-1336193.87446631,1887536.0071340348,16
-1335730.5617497826,1887536.0071340348,16
-1335267.249033255,1887536.0071340348,16
-1334803.9363167277,1887536.0071340348,16
-1334340.6236002,1887536.0071340348,16
-1333877.3108836727,1887536.0071340348,16
-1333413.998167145,1887536.0071340348,16
-1332950.6854506177,1887536.0071340348,16
-1332487.37273409,1887536.0071340348,16
-1332024.0600175627,1887536.0071340348,16
-1331560.747301035,1887536.0071340348,16
-1331097.4345845077,1887536.0071340348,16
-1330634.12186798,1887536.0071340348,16
-1330170.8091514525,1887536.0071340348,16
-1329707.4964349251,1887536.0071340348,16
-1329244.1837183975,1887536.0071340348,16
-1328780.8710018701,1887536.0071340348,16
-1328317.5582853425,1887536.0071340348,16
-1327854.2455688152,1887536.0071340348,16
-1327390.9328522875,1887536.0071340348,16
-1326927.6201357602,1887536.0071340348,16
-1326464.3074192326,1887536.0071340348,16
-1326000.9947027052,1887536.0071340348,16
-1325537.6819861776,1887536.0071340348,16
-1325074.3692696502,1887536.0071340348,16
-1324611.0565531226,1887536.0071340348,16
-1324147.7438365952,1887536.0071340348,16
-1323684.4311200676,1887536.0071340348,16
-1323221.11840354,1887536.0071340348,16
-1322757.8056870126,1887536.0071340348,16
-1322294.492970485,1887536.0071340348,16
-1321831.1802539576,1887536.0071340348,16
-1321367.86753743,1887536.0071340348,16
-1320904.5548209026,1887536.0071340348,16
-1320441.242104375,1887536.0071340348,16
-1319977.9293878477,1887536.0071340348,16
-1319514.61667132,1887536.0071340348,16
-1319051.3039547927,1887536.0071340348,16
-1318587.991238265,1887536.0071340348,16
-1318124.6785217377,1887536.0071340348,16
-1317661.36580521,1887536.0071340348,16
-1317198.0530886827,1887536.0071340348,16
-1316734.740372155,1887536.0071340348,16
-1316271.4276556277,1887536.0071340348,16
-1315808.1149391,1887536.0071340348,16
-1315344.8022225727,1887536.0071340348,16
-1314881.4895060451,1887536.0071340348,16
-1314418.1767895175,1887536.0071340348,16
-1313954.8640729901,1887536.0071340348,16
-1313491.5513564625,1887536.0071340348,16
-1313028.2386399352,1887536.0071340348,16
-1312564.9259234075,1887536.0071340348,16
-1312101.6132068802,1887536.0071340348,16
-1311638.3004903526,1887536.0071340348,16
-1311174.9877738252,1887536.0071340348,16
-1310711.6750572976,1887536.0071340348,16
-1310248.3623407702,1887536.0071340348,16
-1309785.0496242426,1887536.0071340348,10
-1309321.7369077152,1887536.0071340348,10
-1308858.4241911876,1887536.0071340348,16
-1308395.1114746602,1887536.0071340348,16
-1307931.7987581326,1887536.0071340348,16
-1307468.486041605,1887536.0071340348,16
-1307005.1733250776,1887536.0071340348,16
-1306541.86060855,1887536.0071340348,16
-1306078.5478920226,1887536.0071340348,16
-1305615.235175495,1887536.0071340348,16
-1305151.9224589677,1887536.0071340348,10
-1304688.60974244,1887536.0071340348,10
-1304225.2970259127,1887536.0071340348,10
-1303761.984309385,1887536.0071340348,10
-1303298.6715928577,1887536.0071340348,10
-1302835.35887633,1887536.0071340348,10
-1302372.0461598027,1887536.0071340348,10
-1301908.733443275,1887536.0071340348,10
-1301445.4207267477,1887536.0071340348,10
-1300982.10801022,1887536.0071340348,10
-1300518.7952936925,1887536.0071340348,16
-1300055.4825771651,1887536.0071340348,10
-1299592.1698606375,1887536.0071340348,10
-1299128.8571441101,1887536.0071340348,10
-1298665.5444275825,1887536.0071340348,10
-1298202.2317110552,1887536.0071340348,10
-1297738.9189945275,1887536.0071340348,16
-1297275.6062780002,1887536.0071340348,16
-1296812.2935614726,1887536.0071340348,10
-1296348.9808449452,1887536.0071340348,10
-1295885.6681284176,1887536.0071340348,10
-1295422.3554118902,1887536.0071340348,16
-1294959.0426953626,1887536.0071340348,10
-1294495.7299788352,1887536.0071340348,10
-1294032.4172623076,1887536.0071340348,10
-1293569.10454578,1887536.0071340348,10
-1293105.7918292526,1887536.0071340348,10
-1292642.479112725,1887536.0071340348,10
-1292179.1663961976,1887536.0071340348,10
-1291715.85367967,1887536.0071340348,10
-1291252.5409631426,1887536.0071340348,10
-1290789.228246615,1887536.0071340348,10
-1290325.9155300877,1887536.0071340348,10
-1289862.60281356,1887536.0071340348,10
-1289399.2900970327,1887536.0071340348,10
-1288935.977380505,1887536.0071340348,10
-1288472.6646639777,1887536.0071340348,10
-1288009.35194745,1887536.0071340348,10
-1287546.0392309227,1887536.0071340348,10
-1287082.726514395,1887536.0071340348,10
-1286619.4137978677,1887536.0071340348,10
-1286156.10108134,1887536.0071340348,10
-1285692.7883648127,1887536.0071340348,10
-1285229.4756482851,1887536.0071340348,10
-1284766.1629317575,1887536.0071340348,10
-1284302.8502152301,1887536.0071340348,10
-1283839.5374987025,1887536.0071340348,10
-1283376.2247821752,1887536.0071340348,10
-1282912.9120656475,1887536.0071340348,10
-1282449.5993491202,1887536.0071340348,10
-1281986.2866325926,1887536.0071340348,10
-1281522.9739160652,1887536.0071340348,10
-1281059.6611995376,1887536.0071340348,10
-1280596.3484830102,1887536.0071340348,10
-1280133.0357664826,1887536.0071340348,10
-1279669.7230499552,1887536.0071340348,10
-1279206.4103334276,1887536.0071340348,10
-1278743.0976169002,1887536.0071340348,10
-1278279.7849003726,1887536.0071340348,10
-1277816.472183845,1887536.0071340348,10
-1277353.1594673176,1887536.0071340348,10
-1276889.84675079,1887536.0071340348,10
-1276426.5340342626,1887536.0071340348,10
-1275963.221317735,1887536.0071340348,10
-1275499.9086012077,1887536.0071340348,10
-1275036.59588468,1887536.0071340348,10
-1274573.2831681527,1887536.0071340348,10
-1274109.970451625,1887536.0071340348,10
-1273646.6577350977,1887536.0071340348,10
-1273183.34501857,1887536.0071340348,10
-1272720.0323020427,1887536.0071340348,10
-1272256.719585515,1887536.0071340348,10
-1271793.4068689877,1887536.0071340348,10
-1271330.09415246,1887536.0071340348,10
-1270866.7814359325,1887536.0071340348,10
-1270403.4687194051,1887536.0071340348,10
-1269940.1560028775,1887536.0071340348,10
-1269476.8432863501,1887536.0071340348,10
-1269013.5305698225,1887536.0071340348,10
-1268550.2178532952,1887536.0071340348,10
-1268086.9051367675,1887536.0071340348,10
-1267623.5924202402,1887536.0071340348,10
-1267160.2797037126,1887536.0071340348,10
-1266696.9669871852,1887536.0071340348,10
-1266233.6542706576,1887536.0071340348,10
-1265770.3415541302,1887536.0071340348,10
-1265307.0288376026,1887536.0071340348,10
-1264843.7161210752,1887536.0071340348,10
-1264380.4034045476,1887536.0071340348,10
-1263917.09068802,1887536.0071340348,10
-1263453.7779714926,1887536.0071340348,10
-1262990.465254965,1887536.0071340348,10
-1262527.1525384376,1887536.0071340348,10
-1262063.83982191,1887536.0071340348,16
-1261600.5271053826,1887536.0071340348,16
-1261137.214388855,1887536.0071340348,16
-1260673.9016723277,1887536.0071340348,16
-1260210.5889558,1887536.0071340348,10
-1259747.2762392727,1887536.0071340348,10
-1259283.963522745,1887536.0071340348,10
-1258820.6508062177,1887536.0071340348,10
-1258357.33808969,1887536.0071340348,10
-1257894.0253731627,1887536.0071340348,10
-1257430.712656635,1887536.0071340348,10
-1256967.3999401077,1887536.0071340348,10
-1256504.08722358,1887536.0071340348,10
-1256040.7745070527,1887536.0071340348,10
-1255577.4617905251,1887536.0071340348,10
-1255114.1490739975,1887536.0071340348,10
-1254650.8363574701,1887536.0071340348,10
-1254187.5236409425,1887536.0071340348,16
-1253724.2109244152,1887536.0071340348,16
-1253260.8982078875,1887536.0071340348,16
-1252797.5854913602,1887536.0071340348,10
-1252334.2727748326,1887536.0071340348,10
-1251870.9600583052,1887536.0071340348,7
-1251407.6473417776,1887536.0071340348,7
-1250944.3346252502,1887536.0071340348,10
-1250481.0219087226,1887536.0071340348,10
-1250017.7091921952,1887536.0071340348,10
-1249554.3964756676,1887536.0071340348,10
-1249091.0837591402,1887536.0071340348,10
-1248627.7710426126,1887536.0071340348,10
-1248164.458326085,1887536.0071340348,10
-1247701.1456095576,1887536.0071340348,7
-1247237.83289303,1887536.0071340348,10
-1246774.5201765026,1887536.0071340348,10
-1246311.207459975,1887536.0071340348,16
-1245847.8947434477,1887536.0071340348,16
-1245384.58202692,1887536.0071340348,16
-1244921.2693103927,1887536.0071340348,16
-1244457.956593865,1887536.0071340348,16
-1243994.6438773377,1887536.0071340348,10
-1243531.33116081,1887536.0071340348,10
-1243068.0184442827,1887536.0071340348,10
-1242604.705727755,1887536.0071340348,10
-1242141.3930112277,1887536.0071340348,10
-1241678.0802947,1887536.0071340348,10
-1241214.7675781725,1887536.0071340348,10
-1240751.4548616451,1887536.0071340348,10
-1240288.1421451175,1887536.0071340348,10
-1239824.8294285901,1887536.0071340348,10
-1239361.5167120625,1887536.0071340348,10
-1238898.2039955352,1887536.0071340348,10
-1238434.8912790075,1887536.0071340348,10
-1237971.5785624802,1887536.0071340348,10
-1237508.2658459526,1887536.0071340348,10
-1237044.9531294252,1887536.0071340348,10
-1236581.6404128976,1887536.0071340348,10
-1236118.3276963702,1887536.0071340348,10
-1235655.0149798426,1887536.0071340348,10
-1235191.7022633152,1887536.0071340348,10
-1234728.3895467876,1887536.0071340348,10
-1234265.07683026,1887536.0071340348,10
-1233801.7641137326,1887536.0071340348,10
-1233338.4513972052,1887536.0071340348,10
-1232875.1386806776,1887536.0071340348,10
-1232411.82596415,1887536.0071340348,10
-1231948.5132476226,1887536.0071340348,10
-1231485.200531095,1887536.0071340348,10
-1231021.8878145677,1887536.0071340348,10
-1230558.57509804,1887536.0071340348,10
-1230095.2623815127,1887536.0071340348,10
-1229631.949664985,1887536.0071340348,10
-1229168.6369484577,1887536.0071340348,10
-1228705.32423193,1887536.0071340348,10
-1228242.0115154027,1887536.0071340348,10
-1227778.698798875,1887536.0071340348,10
-1227315.3860823475,1887536.0071340348,10
-1226852.07336582,1887536.0071340348,10
-1226388.7606492927,1887536.0071340348,10
-1225925.4479327651,1887536.0071340348,10
-1225462.1352162375,1887536.0071340348,10
-1224998.8224997101,1887536.0071340348,10
-1224535.5097831825,1887536.0071340348,10
-1224072.1970666551,1887536.0071340348,10
-1223608.8843501275,1887536.0071340348,10
-1223145.5716336002,1887536.0071340348,10
-1222682.2589170726,1887536.0071340348,10
-1222218.9462005452,1887536.0071340348,10
-1221755.6334840176,1887536.0071340348,10
-1221292.3207674902,1887536.0071340348,10
-1220829.0080509626,1887536.0071340348,10
-1220365.6953344352,1887536.0071340348,10
-1219902.3826179076,1887536.0071340348,10
-1219439.0699013802,1887536.0071340348,10
-1218975.7571848526,1887536.0071340348,10
-1218512.444468325,1887536.0071340348,10
-1218049.1317517976,1887536.0071340348,10
-1217585.81903527,1887536.0071340348,10
-1217122.5063187426,1887536.0071340348,10
-1216659.193602215,1887536.0071340348,10
-1216195.8808856877,1887536.0071340348,10
-1215732.56816916,1887536.0071340348,10
-1215269.2554526327,1887536.0071340348,10
-1214805.942736105,1887536.0071340348,10
-1214342.6300195777,1887536.0071340348,10
-1213879.31730305,1887536.0071340348,10
-1213416.0045865227,1887536.0071340348,10
-1212952.691869995,1887536.0071340348,10
-1212489.3791534677,1887536.0071340348,10
-1212026.06643694,1887536.0071340348,10
-1211562.7537204125,1887536.0071340348,10
-1211099.4410038851,1887536.0071340348,10
-1210636.1282873575,1887536.0071340348,10
-1210172.8155708301,1887536.0071340348,10
-1209709.5028543025,1887536.0071340348,10
-1209246.1901377751,1887536.0071340348,10
-1208782.8774212475,1887536.0071340348,10
-1208319.5647047202,1887536.0071340348,10
-1207856.2519881926,1887536.0071340348,10
-1207392.9392716652,1887536.0071340348,10
-1206929.6265551376,1887536.0071340348,10
-1206466.3138386102,1887536.0071340348,10
-1206003.0011220826,1887536.0071340348,10
-1205539.6884055552,1887536.0071340348,10
-1205076.3756890276,1887536.0071340348,10
-1204613.0629725,1887536.0071340348,10
-1204149.7502559726,1887536.0071340348,10
-1203686.4375394452,1887536.0071340348,10
-1203223.1248229176,1887536.0071340348,10
-1202759.81210639,1887536.0071340348,10
-1202296.4993898626,1887536.0071340348,10
-1201833.186673335,1887536.0071340348,10
-1201369.8739568077,1887536.0071340348,10
-1200906.56124028,1887536.0071340348,10
-1200443.2485237527,1887536.0071340348,10
-1199979.935807225,1887536.0071340348,10
-1199516.6230906977,1887536.0071340348,10
-1199053.31037417,1887536.0071340348,10
-1198589.9976576427,1887536.0071340348,10
-1198126.684941115,1887536.0071340348,10
-1197663.3722245875,1887536.0071340348,10
-1197200.05950806,1887536.0071340348,10
-1196736.7467915327,1887536.0071340348,10
-1196273.4340750051,1887536.0071340348,10
-1195810.1213584775,1887536.0071340348,10
-1195346.8086419501,1887536.0071340348,10
-1194883.4959254225,1887536.0071340348,10
-1194420.1832088951,1887536.0071340348,10
-1193956.8704923675,1887536.0071340348,10
-1193493.5577758402,1887536.0071340348,10
-1193030.2450593126,1887536.0071340348,10
-1192566.9323427852,1887536.0071340348,10
-1192103.6196262576,1887536.0071340348,10
-1191640.3069097302,1887536.0071340348,10
-1191176.9941932026,1887536.0071340348,10
-1190713.6814766752,1887536.0071340348,10
-1190250.3687601476,1887536.0071340348,10
-1189787.0560436202,1887536.0071340348,10
-1189323.7433270926,1887536.0071340348,10
-1188860.430610565,1887536.0071340348,10
-1188397.1178940376,1887536.0071340348,10
-1187933.80517751,1887536.0071340348,10
-1187470.4924609826,1887536.0071340348,10
-1187007.179744455,1887536.0071340348,10
-1186543.8670279277,1887536.0071340348,10
-1186080.5543114,1887536.0071340348,10
-1185617.2415948727,1887536.0071340348,10
-1185153.928878345,1887536.0071340348,10
-1184690.6161618177,1887536.0071340348,10
-1184227.30344529,1887536.0071340348,10
-1183763.9907287627,1887536.0071340348,10
-1183300.678012235,1887536.0071340348,10
-1182837.3652957077,1887536.0071340348,10
-1182374.05257918,1887536.0071340348,10
-1181910.7398626525,1887536.0071340348,10
-1181447.4271461251,1887536.0071340348,10
-1180984.1144295975,1887536.0071340348,10
-1180520.8017130701,1887536.0071340348,10
-1180057.4889965425,1887536.0071340348,10
-1179594.1762800151,1887536.0071340348,10
-1179130.8635634875,1887536.0071340348,10
-1178667.5508469602,1887536.0071340348,10
-1178204.2381304326,1887536.0071340348,10
-1177740.9254139052,1887536.0071340348,10
-1177277.6126973776,1887536.0071340348,10
-1176814.2999808502,1887536.0071340348,10
-1176350.9872643226,1887536.0071340348,10
-1175887.6745477952,1887536.0071340348,10
-1175424.3618312676,1887536.0071340348,10
-1174961.04911474,1887536.0071340348,10
-1174497.7363982126,1887536.0071340348,10
-1174034.4236816852,1887536.0071340348,10
-1173571.1109651576,1887536.0071340348,10
-1173107.79824863,1887536.0071340348,10
-1172644.4855321026,1887536.0071340348,10
-1172181.172815575,1887536.0071340348,10
-1171717.8600990477,1887536.0071340348,10
-1171254.54738252,1887536.0071340348,10
-1170791.2346659927,1887536.0071340348,10
-1170327.921949465,1887536.0071340348,10
-1169864.6092329377,1887536.0071340348,10
-1169401.29651641,1887536.0071340348,10
-1360286.13572574,1887072.6944175072,10
-1359822.8230092125,1887072.6944175072,10
-1359359.5102926851,1887072.6944175072,10
-1358896.1975761575,1887072.6944175072,10
-1358432.8848596301,1887072.6944175072,10
-1357969.5721431025,1887072.6944175072,10
-1357506.2594265752,1887072.6944175072,10
-1357042.9467100475,1887072.6944175072,10
-1356579.6339935202,1887072.6944175072,10
-1356116.3212769926,1887072.6944175072,10
-1355653.0085604652,1887072.6944175072,10
-1355189.6958439376,1887072.6944175072,10
-1354726.3831274102,1887072.6944175072,10
-1354263.0704108826,1887072.6944175072,10
-1353799.7576943552,1887072.6944175072,10
-1353336.4449778276,1887072.6944175072,10
-1352873.1322613002,1887072.6944175072,10
-1352409.8195447726,1887072.6944175072,10
-1351946.506828245,1887072.6944175072,16
-1351483.1941117176,1887072.6944175072,10
-1351019.88139519,1887072.6944175072,16
-1350556.5686786626,1887072.6944175072,16
-1350093.255962135,1887072.6944175072,10
-1349629.9432456077,1887072.6944175072,16
-1349166.63052908,1887072.6944175072,10
-1348703.3178125527,1887072.6944175072,10
-1348240.005096025,1887072.6944175072,10
-1347776.6923794977,1887072.6944175072,16
-1347313.37966297,1887072.6944175072,16
-1346850.0669464427,1887072.6944175072,16
-1346386.754229915,1887072.6944175072,16
-1345923.4415133877,1887072.6944175072,16
-1345460.12879686,1887072.6944175072,10
-1344996.8160803327,1887072.6944175072,10
-1344533.5033638051,1887072.6944175072,16
-1344070.1906472775,1887072.6944175072,10
-1343606.8779307501,1887072.6944175072,16
-1343143.5652142225,1887072.6944175072,16
-1342680.2524976952,1887072.6944175072,16
-1342216.9397811675,1887072.6944175072,16
-1341753.6270646402,1887072.6944175072,16
-1341290.3143481126,1887072.6944175072,16
-1340827.0016315852,1887072.6944175072,16
-1340363.6889150576,1887072.6944175072,16
-1339900.3761985302,1887072.6944175072,16
-1339437.0634820026,1887072.6944175072,16
-1338973.7507654752,1887072.6944175072,16
-1338510.4380489476,1887072.6944175072,16
-1338047.1253324202,1887072.6944175072,16
-1337583.8126158926,1887072.6944175072,16
-1337120.499899365,1887072.6944175072,16
-1336657.1871828376,1887072.6944175072,16
-1336193.87446631,1887072.6944175072,16
-1335730.5617497826,1887072.6944175072,16
-1335267.249033255,1887072.6944175072,16
-1334803.9363167277,1887072.6944175072,16
-1334340.6236002,1887072.6944175072,16
-1333877.3108836727,1887072.6944175072,16
-1333413.998167145,1887072.6944175072,16
-1332950.6854506177,1887072.6944175072,16
-1332487.37273409,1887072.6944175072,16
-1332024.0600175627,1887072.6944175072,16
-1331560.747301035,1887072.6944175072,16
-1331097.4345845077,1887072.6944175072,16
-1330634.12186798,1887072.6944175072,16
-1330170.8091514525,1887072.6944175072,16
-1329707.4964349251,1887072.6944175072,16
-1329244.1837183975,1887072.6944175072,16
-1328780.8710018701,1887072.6944175072,16
-1328317.5582853425,1887072.6944175072,16
-1327854.2455688152,1887072.6944175072,16
-1327390.9328522875,1887072.6944175072,16
-1326927.6201357602,1887072.6944175072,16
-1326464.3074192326,1887072.6944175072,16
-1326000.9947027052,1887072.6944175072,16
-1325537.6819861776,1887072.6944175072,16
-1325074.3692696502,1887072.6944175072,16
-1324611.0565531226,1887072.6944175072,16
-1324147.7438365952,1887072.6944175072,16
-1323684.4311200676,1887072.6944175072,16
-1323221.11840354,1887072.6944175072,16
-1322757.8056870126,1887072.6944175072,16
-1322294.492970485,1887072.6944175072,16
-1321831.1802539576,1887072.6944175072,16
-1321367.86753743,1887072.6944175072,16
-1320904.5548209026,1887072.6944175072,16
-1320441.242104375,1887072.6944175072,16
-1319977.9293878477,1887072.6944175072,16
-1319514.61667132,1887072.6944175072,16
-1319051.3039547927,1887072.6944175072,16
-1318587.991238265,1887072.6944175072,16
-1318124.6785217377,1887072.6944175072,16
-1317661.36580521,1887072.6944175072,16
-1317198.0530886827,1887072.6944175072,16
-1316734.740372155,1887072.6944175072,16
-1316271.4276556277,1887072.6944175072,16
-1315808.1149391,1887072.6944175072,16
-1315344.8022225727,1887072.6944175072,16
-1314881.4895060451,1887072.6944175072,16
-1314418.1767895175,1887072.6944175072,16
-1313954.8640729901,1887072.6944175072,16
-1313491.5513564625,1887072.6944175072,16
-1313028.2386399352,1887072.6944175072,16
-1312564.9259234075,1887072.6944175072,16
-1312101.6132068802,1887072.6944175072,16
-1311638.3004903526,1887072.6944175072,16
-1311174.9877738252,1887072.6944175072,16
-1310711.6750572976,1887072.6944175072,16
-1310248.3623407702,1887072.6944175072,16
-1309785.0496242426,1887072.6944175072,10
-1309321.7369077152,1887072.6944175072,10
-1308858.4241911876,1887072.6944175072,16
-1308395.1114746602,1887072.6944175072,16
-1307931.7987581326,1887072.6944175072,16
-1307468.486041605,1887072.6944175072,16
-1307005.1733250776,1887072.6944175072,16
-1306541.86060855,1887072.6944175072,16
-1306078.5478920226,1887072.6944175072,16
-1305615.235175495,1887072.6944175072,10
-1305151.9224589677,1887072.6944175072,10
-1304688.60974244,1887072.6944175072,10
-1304225.2970259127,1887072.6944175072,10
-1303761.984309385,1887072.6944175072,10
-1303298.6715928577,1887072.6944175072,10
-1302835.35887633,1887072.6944175072,16
-1302372.0461598027,1887072.6944175072,16
-1301908.733443275,1887072.6944175072,10
-1301445.4207267477,1887072.6944175072,10
-1300982.10801022,1887072.6944175072,16
-1300518.7952936925,1887072.6944175072,16
-1300055.4825771651,1887072.6944175072,10
-1299592.1698606375,1887072.6944175072,10
-1299128.8571441101,1887072.6944175072,16
-1298665.5444275825,1887072.6944175072,16
-1298202.2317110552,1887072.6944175072,16
-1297738.9189945275,1887072.6944175072,10
-1297275.6062780002,1887072.6944175072,10
-1296812.2935614726,1887072.6944175072,10
-1296348.9808449452,1887072.6944175072,10
-1295885.6681284176,1887072.6944175072,7
-1295422.3554118902,1887072.6944175072,10
-1294959.0426953626,1887072.6944175072,16
-1294495.7299788352,1887072.6944175072,10
-1294032.4172623076,1887072.6944175072,10
-1293569.10454578,1887072.6944175072,10
-1293105.7918292526,1887072.6944175072,10
-1292642.479112725,1887072.6944175072,10
-1292179.1663961976,1887072.6944175072,10
-1291715.85367967,1887072.6944175072,10
-1291252.5409631426,1887072.6944175072,10
-1290789.228246615,1887072.6944175072,10
-1290325.9155300877,1887072.6944175072,10
-1289862.60281356,1887072.6944175072,10
-1289399.2900970327,1887072.6944175072,10
-1288935.977380505,1887072.6944175072,7
-1288472.6646639777,1887072.6944175072,10
-1288009.35194745,1887072.6944175072,10
-1287546.0392309227,1887072.6944175072,10
-1287082.726514395,1887072.6944175072,10
-1286619.4137978677,1887072.6944175072,10
-1286156.10108134,1887072.6944175072,10
-1285692.7883648127,1887072.6944175072,10
-1285229.4756482851,1887072.6944175072,10
-1284766.1629317575,1887072.6944175072,10
-1284302.8502152301,1887072.6944175072,10
-1283839.5374987025,1887072.6944175072,10
-1283376.2247821752,1887072.6944175072,10
-1282912.9120656475,1887072.6944175072,10
-1282449.5993491202,1887072.6944175072,10
-1281986.2866325926,1887072.6944175072,10
-1281522.9739160652,1887072.6944175072,10
-1281059.6611995376,1887072.6944175072,10
-1280596.3484830102,1887072.6944175072,10
-1280133.0357664826,1887072.6944175072,10
-1279669.7230499552,1887072.6944175072,10
-1279206.4103334276,1887072.6944175072,10
-1278743.0976169002,1887072.6944175072,10
-1278279.7849003726,1887072.6944175072,7
-1277816.472183845,1887072.6944175072,7
-1277353.1594673176,1887072.6944175072,10
-1276889.84675079,1887072.6944175072,10
-1276426.5340342626,1887072.6944175072,10
-1275963.221317735,1887072.6944175072,10
-1275499.9086012077,1887072.6944175072,10
-1275036.59588468,1887072.6944175072,10
-1274573.2831681527,1887072.6944175072,10
-1274109.970451625,1887072.6944175072,10
-1273646.6577350977,1887072.6944175072,10
-1273183.34501857,1887072.6944175072,10
-1272720.0323020427,1887072.6944175072,10
-1272256.719585515,1887072.6944175072,10
-1271793.4068689877,1887072.6944175072,10
-1271330.09415246,1887072.6944175072,10
-1270866.7814359325,1887072.6944175072,10
-1270403.4687194051,1887072.6944175072,10
-1269940.1560028775,1887072.6944175072,10
-1269476.8432863501,1887072.6944175072,10
-1269013.5305698225,1887072.6944175072,10
-1268550.2178532952,1887072.6944175072,10
-1268086.9051367675,1887072.6944175072,10
-1267623.5924202402,1887072.6944175072,10
-1267160.2797037126,1887072.6944175072,10
-1266696.9669871852,1887072.6944175072,10
-1266233.6542706576,1887072.6944175072,10
-1265770.3415541302,1887072.6944175072,10
-1265307.0288376026,1887072.6944175072,10
-1264843.7161210752,1887072.6944175072,10
-1264380.4034045476,1887072.6944175072,10
-1263917.09068802,1887072.6944175072,10
-1263453.7779714926,1887072.6944175072,10
-1262990.465254965,1887072.6944175072,10
-1262527.1525384376,1887072.6944175072,10
-1262063.83982191,1887072.6944175072,16
-1261600.5271053826,1887072.6944175072,16
-1261137.214388855,1887072.6944175072,16
-1260673.9016723277,1887072.6944175072,16
-1260210.5889558,1887072.6944175072,16
-1259747.2762392727,1887072.6944175072,10
-1259283.963522745,1887072.6944175072,10
-1258820.6508062177,1887072.6944175072,10
-1258357.33808969,1887072.6944175072,10
-1257894.0253731627,1887072.6944175072,10
-1257430.712656635,1887072.6944175072,10
-1256967.3999401077,1887072.6944175072,10
-1256504.08722358,1887072.6944175072,10
-1256040.7745070527,1887072.6944175072,10
-1255577.4617905251,1887072.6944175072,10
-1255114.1490739975,1887072.6944175072,10
-1254650.8363574701,1887072.6944175072,10
-1254187.5236409425,1887072.6944175072,16
-1253724.2109244152,1887072.6944175072,16
-1253260.8982078875,1887072.6944175072,16
-1252797.5854913602,1887072.6944175072,10
-1252334.2727748326,1887072.6944175072,10
-1251870.9600583052,1887072.6944175072,10
-1251407.6473417776,1887072.6944175072,10
-1250944.3346252502,1887072.6944175072,10
-1250481.0219087226,1887072.6944175072,10
-1250017.7091921952,1887072.6944175072,10
-1249554.3964756676,1887072.6944175072,10
-1249091.0837591402,1887072.6944175072,10
-1248627.7710426126,1887072.6944175072,10
-1248164.458326085,1887072.6944175072,10
-1247701.1456095576,1887072.6944175072,10
-1247237.83289303,1887072.6944175072,7
-1246774.5201765026,1887072.6944175072,10
-1246311.207459975,1887072.6944175072,10
-1245847.8947434477,1887072.6944175072,16
-1245384.58202692,1887072.6944175072,16
-1244921.2693103927,1887072.6944175072,16
-1244457.956593865,1887072.6944175072,16
-1243994.6438773377,1887072.6944175072,10
-1243531.33116081,1887072.6944175072,10
-1243068.0184442827,1887072.6944175072,10
-1242604.705727755,1887072.6944175072,10
-1242141.3930112277,1887072.6944175072,10
-1241678.0802947,1887072.6944175072,10
-1241214.7675781725,1887072.6944175072,10
-1240751.4548616451,1887072.6944175072,10
-1240288.1421451175,1887072.6944175072,10
-1239824.8294285901,1887072.6944175072,10
-1239361.5167120625,1887072.6944175072,10
-1238898.2039955352,1887072.6944175072,10
-1238434.8912790075,1887072.6944175072,10
-1237971.5785624802,1887072.6944175072,10
-1237508.2658459526,1887072.6944175072,10
-1237044.9531294252,1887072.6944175072,10
-1236581.6404128976,1887072.6944175072,10
-1236118.3276963702,1887072.6944175072,10
-1235655.0149798426,1887072.6944175072,10
-1235191.7022633152,1887072.6944175072,10
-1234728.3895467876,1887072.6944175072,10
-1234265.07683026,1887072.6944175072,10
-1233801.7641137326,1887072.6944175072,10
-1233338.4513972052,1887072.6944175072,10
-1232875.1386806776,1887072.6944175072,10
-1232411.82596415,1887072.6944175072,10
-1231948.5132476226,1887072.6944175072,10
-1231485.200531095,1887072.6944175072,10
-1231021.8878145677,1887072.6944175072,10
-1230558.57509804,1887072.6944175072,10
-1230095.2623815127,1887072.6944175072,10
-1229631.949664985,1887072.6944175072,10
-1229168.6369484577,1887072.6944175072,10
-1228705.32423193,1887072.6944175072,10
-1228242.0115154027,1887072.6944175072,10
-1227778.698798875,1887072.6944175072,10
-1227315.3860823475,1887072.6944175072,10
-1226852.07336582,1887072.6944175072,10
-1226388.7606492927,1887072.6944175072,10
-1225925.4479327651,1887072.6944175072,10
-1225462.1352162375,1887072.6944175072,10
-1224998.8224997101,1887072.6944175072,10
-1224535.5097831825,1887072.6944175072,10
-1224072.1970666551,1887072.6944175072,10
-1223608.8843501275,1887072.6944175072,10
-1223145.5716336002,1887072.6944175072,10
-1222682.2589170726,1887072.6944175072,10
-1222218.9462005452,1887072.6944175072,10
-1221755.6334840176,1887072.6944175072,10
-1221292.3207674902,1887072.6944175072,10
-1220829.0080509626,1887072.6944175072,10
-1220365.6953344352,1887072.6944175072,10
-1219902.3826179076,1887072.6944175072,10
-1219439.0699013802,1887072.6944175072,10
-1218975.7571848526,1887072.6944175072,10
-1218512.444468325,1887072.6944175072,10
-1218049.1317517976,1887072.6944175072,10
-1217585.81903527,1887072.6944175072,10
-1217122.5063187426,1887072.6944175072,10
-1216659.193602215,1887072.6944175072,10
-1216195.8808856877,1887072.6944175072,10
-1215732.56816916,1887072.6944175072,10
-1215269.2554526327,1887072.6944175072,10
-1214805.942736105,1887072.6944175072,10
-1214342.6300195777,1887072.6944175072,10
-1213879.31730305,1887072.6944175072,10
-1213416.0045865227,1887072.6944175072,10
-1212952.691869995,1887072.6944175072,10
-1212489.3791534677,1887072.6944175072,10
-1212026.06643694,1887072.6944175072,10
-1211562.7537204125,1887072.6944175072,10
-1211099.4410038851,1887072.6944175072,10
-1210636.1282873575,1887072.6944175072,10
-1210172.8155708301,1887072.6944175072,10
-1209709.5028543025,1887072.6944175072,10
-1209246.1901377751,1887072.6944175072,10
-1208782.8774212475,1887072.6944175072,10
-1208319.5647047202,1887072.6944175072,10
-1207856.2519881926,1887072.6944175072,10
-1207392.9392716652,1887072.6944175072,10
-1206929.6265551376,1887072.6944175072,10
-1206466.3138386102,1887072.6944175072,10
-1206003.0011220826,1887072.6944175072,10
-1205539.6884055552,1887072.6944175072,10
-1205076.3756890276,1887072.6944175072,10
-1204613.0629725,1887072.6944175072,10
-1204149.7502559726,1887072.6944175072,10
-1203686.4375394452,1887072.6944175072,10
-1203223.1248229176,1887072.6944175072,10
-1202759.81210639,1887072.6944175072,10
-1202296.4993898626,1887072.6944175072,10
-1201833.186673335,1887072.6944175072,10
-1201369.8739568077,1887072.6944175072,10
-1200906.56124028,1887072.6944175072,10
-1200443.2485237527,1887072.6944175072,10
-1199979.935807225,1887072.6944175072,10
-1199516.6230906977,1887072.6944175072,10
-1199053.31037417,1887072.6944175072,10
-1198589.9976576427,1887072.6944175072,10
-1198126.684941115,1887072.6944175072,10
-1197663.3722245875,1887072.6944175072,10
-1197200.05950806,1887072.6944175072,10
-1196736.7467915327,1887072.6944175072,10
-1196273.4340750051,1887072.6944175072,10
-1195810.1213584775,1887072.6944175072,10
-1195346.8086419501,1887072.6944175072,10
-1194883.4959254225,1887072.6944175072,10
-1194420.1832088951,1887072.6944175072,10
-1193956.8704923675,1887072.6944175072,10
-1193493.5577758402,1887072.6944175072,10
-1193030.2450593126,1887072.6944175072,10
-1192566.9323427852,1887072.6944175072,10
-1192103.6196262576,1887072.6944175072,10
-1191640.3069097302,1887072.6944175072,10
-1191176.9941932026,1887072.6944175072,10
-1190713.6814766752,1887072.6944175072,10
-1190250.3687601476,1887072.6944175072,10
-1189787.0560436202,1887072.6944175072,10
-1189323.7433270926,1887072.6944175072,10
-1188860.430610565,1887072.6944175072,10
-1188397.1178940376,1887072.6944175072,10
-1187933.80517751,1887072.6944175072,10
-1187470.4924609826,1887072.6944175072,10
-1187007.179744455,1887072.6944175072,10
-1186543.8670279277,1887072.6944175072,10
-1186080.5543114,1887072.6944175072,10
-1185617.2415948727,1887072.6944175072,10
-1185153.928878345,1887072.6944175072,10
-1184690.6161618177,1887072.6944175072,10
-1184227.30344529,1887072.6944175072,10
-1183763.9907287627,1887072.6944175072,10
-1183300.678012235,1887072.6944175072,10
-1182837.3652957077,1887072.6944175072,10
-1182374.05257918,1887072.6944175072,10
-1181910.7398626525,1887072.6944175072,10
-1181447.4271461251,1887072.6944175072,10
-1180984.1144295975,1887072.6944175072,10
-1180520.8017130701,1887072.6944175072,10
-1180057.4889965425,1887072.6944175072,10
-1179594.1762800151,1887072.6944175072,10
-1179130.8635634875,1887072.6944175072,10
-1178667.5508469602,1887072.6944175072,10
-1178204.2381304326,1887072.6944175072,10
-1177740.9254139052,1887072.6944175072,10
-1177277.6126973776,1887072.6944175072,10
-1176814.2999808502,1887072.6944175072,10
-1176350.9872643226,1887072.6944175072,10
-1175887.6745477952,1887072.6944175072,10
-1175424.3618312676,1887072.6944175072,10
-1174961.04911474,1887072.6944175072,10
-1174497.7363982126,1887072.6944175072,10
-1174034.4236816852,1887072.6944175072,10
-1173571.1109651576,1887072.6944175072,10
-1173107.79824863,1887072.6944175072,10
-1172644.4855321026,1887072.6944175072,10
-1172181.172815575,1887072.6944175072,10
-1171717.8600990477,1887072.6944175072,10
-1171254.54738252,1887072.6944175072,10
-1170791.2346659927,1887072.6944175072,10
-1170327.921949465,1887072.6944175072,10
-1169864.6092329377,1887072.6944175072,10
-1169401.29651641,1887072.6944175072,10
-1360749.4484422677,1886609.3817009798,10
-1360286.13572574,1886609.3817009798,10
-1359822.8230092125,1886609.3817009798,10
-1359359.5102926851,1886609.3817009798,10
-1358896.1975761575,1886609.3817009798,10
-1358432.8848596301,1886609.3817009798,10
-1357969.5721431025,1886609.3817009798,10
-1357506.2594265752,1886609.3817009798,10
-1357042.9467100475,1886609.3817009798,10
-1356579.6339935202,1886609.3817009798,10
-1356116.3212769926,1886609.3817009798,10
-1355653.0085604652,1886609.3817009798,10
-1355189.6958439376,1886609.3817009798,10
-1354726.3831274102,1886609.3817009798,10
-1354263.0704108826,1886609.3817009798,10
-1353799.7576943552,1886609.3817009798,10
-1353336.4449778276,1886609.3817009798,10
-1352873.1322613002,1886609.3817009798,10
-1352409.8195447726,1886609.3817009798,10
-1351946.506828245,1886609.3817009798,10
-1351483.1941117176,1886609.3817009798,10
-1351019.88139519,1886609.3817009798,10
-1350556.5686786626,1886609.3817009798,16
-1350093.255962135,1886609.3817009798,16
-1349629.9432456077,1886609.3817009798,16
-1349166.63052908,1886609.3817009798,16
-1348703.3178125527,1886609.3817009798,16
-1348240.005096025,1886609.3817009798,16
-1347776.6923794977,1886609.3817009798,16
-1347313.37966297,1886609.3817009798,16
-1346850.0669464427,1886609.3817009798,16
-1346386.754229915,1886609.3817009798,16
-1345923.4415133877,1886609.3817009798,10
-1345460.12879686,1886609.3817009798,10
-1344996.8160803327,1886609.3817009798,10
-1344533.5033638051,1886609.3817009798,10
-1344070.1906472775,1886609.3817009798,10
-1343606.8779307501,1886609.3817009798,10
-1343143.5652142225,1886609.3817009798,16
-1342680.2524976952,1886609.3817009798,16
-1342216.9397811675,1886609.3817009798,16
-1341753.6270646402,1886609.3817009798,16
-1341290.3143481126,1886609.3817009798,16
-1340827.0016315852,1886609.3817009798,16
-1340363.6889150576,1886609.3817009798,16
-1339900.3761985302,1886609.3817009798,16
-1339437.0634820026,1886609.3817009798,16
-1338973.7507654752,1886609.3817009798,16
-1338510.4380489476,1886609.3817009798,16
-1338047.1253324202,1886609.3817009798,16
-1337583.8126158926,1886609.3817009798,16
-1337120.499899365,1886609.3817009798,16
-1336657.1871828376,1886609.3817009798,16
-1336193.87446631,1886609.3817009798,16
-1335730.5617497826,1886609.3817009798,16
-1335267.249033255,1886609.3817009798,16
-1334803.9363167277,1886609.3817009798,16
-1334340.6236002,1886609.3817009798,16
-1333877.3108836727,1886609.3817009798,16
-1333413.998167145,1886609.3817009798,16
-1332950.6854506177,1886609.3817009798,16
-1332487.37273409,1886609.3817009798,16
-1332024.0600175627,1886609.3817009798,16
-1331560.747301035,1886609.3817009798,16
-1331097.4345845077,1886609.3817009798,16
-1330634.12186798,1886609.3817009798,16
-1330170.8091514525,1886609.3817009798,16
-1329707.4964349251,1886609.3817009798,16
-1329244.1837183975,1886609.3817009798,16
-1328780.8710018701,1886609.3817009798,16
-1328317.5582853425,1886609.3817009798,16
-1327854.2455688152,1886609.3817009798,16
-1327390.9328522875,1886609.3817009798,16
-1326927.6201357602,1886609.3817009798,16
-1326464.3074192326,1886609.3817009798,16
-1326000.9947027052,1886609.3817009798,16
-1325537.6819861776,1886609.3817009798,16
-1325074.3692696502,1886609.3817009798,16
-1324611.0565531226,1886609.3817009798,16
-1324147.7438365952,1886609.3817009798,16
-1323684.4311200676,1886609.3817009798,16
-1323221.11840354,1886609.3817009798,16
-1322757.8056870126,1886609.3817009798,16
-1322294.492970485,1886609.3817009798,16
-1321831.1802539576,1886609.3817009798,16
-1321367.86753743,1886609.3817009798,16
-1320904.5548209026,1886609.3817009798,16
-1320441.242104375,1886609.3817009798,16
-1319977.9293878477,1886609.3817009798,16
-1319514.61667132,1886609.3817009798,16
-1319051.3039547927,1886609.3817009798,16
-1318587.991238265,1886609.3817009798,16
-1318124.6785217377,1886609.3817009798,16
-1317661.36580521,1886609.3817009798,16
-1317198.0530886827,1886609.3817009798,16
-1316734.740372155,1886609.3817009798,16
-1316271.4276556277,1886609.3817009798,16
-1315808.1149391,1886609.3817009798,16
-1315344.8022225727,1886609.3817009798,16
-1314881.4895060451,1886609.3817009798,16
-1314418.1767895175,1886609.3817009798,16
-1313954.8640729901,1886609.3817009798,16
-1313491.5513564625,1886609.3817009798,16
-1313028.2386399352,1886609.3817009798,16
-1312564.9259234075,1886609.3817009798,16
-1312101.6132068802,1886609.3817009798,16
-1311638.3004903526,1886609.3817009798,16
-1311174.9877738252,1886609.3817009798,16
-1310711.6750572976,1886609.3817009798,16
-1310248.3623407702,1886609.3817009798,16
-1309785.0496242426,1886609.3817009798,16
-1309321.7369077152,1886609.3817009798,10
-1308858.4241911876,1886609.3817009798,16
-1308395.1114746602,1886609.3817009798,16
-1307931.7987581326,1886609.3817009798,16
-1307468.486041605,1886609.3817009798,16
-1307005.1733250776,1886609.3817009798,16
-1306541.86060855,1886609.3817009798,16
-1306078.5478920226,1886609.3817009798,16
-1305615.235175495,1886609.3817009798,10
-1305151.9224589677,1886609.3817009798,10
-1304688.60974244,1886609.3817009798,16
-1304225.2970259127,1886609.3817009798,10
-1303761.984309385,1886609.3817009798,10
-1303298.6715928577,1886609.3817009798,16
-1302835.35887633,1886609.3817009798,16
-1302372.0461598027,1886609.3817009798,16
-1301908.733443275,1886609.3817009798,10
-1301445.4207267477,1886609.3817009798,10
-1300982.10801022,1886609.3817009798,10
-1300518.7952936925,1886609.3817009798,16
-1300055.4825771651,1886609.3817009798,16
-1299592.1698606375,1886609.3817009798,16
-1299128.8571441101,1886609.3817009798,16
-1298665.5444275825,1886609.3817009798,10
-1298202.2317110552,1886609.3817009798,10
-1297738.9189945275,1886609.3817009798,10
-1297275.6062780002,1886609.3817009798,10
-1296812.2935614726,1886609.3817009798,7
-1296348.9808449452,1886609.3817009798,7
-1295885.6681284176,1886609.3817009798,10
-1295422.3554118902,1886609.3817009798,10
-1294959.0426953626,1886609.3817009798,16
-1294495.7299788352,1886609.3817009798,10
-1294032.4172623076,1886609.3817009798,10
-1293569.10454578,1886609.3817009798,10
-1293105.7918292526,1886609.3817009798,10
-1292642.479112725,1886609.3817009798,16
-1292179.1663961976,1886609.3817009798,16
-1291715.85367967,1886609.3817009798,10
-1291252.5409631426,1886609.3817009798,10
-1290789.228246615,1886609.3817009798,10
-1290325.9155300877,1886609.3817009798,7
-1289862.60281356,1886609.3817009798,10
-1289399.2900970327,1886609.3817009798,10
-1288935.977380505,1886609.3817009798,10
-1288472.6646639777,1886609.3817009798,10
-1288009.35194745,1886609.3817009798,10
-1287546.0392309227,1886609.3817009798,10
-1287082.726514395,1886609.3817009798,10
-1286619.4137978677,1886609.3817009798,10
-1286156.10108134,1886609.3817009798,10
-1285692.7883648127,1886609.3817009798,10
-1285229.4756482851,1886609.3817009798,10
-1284766.1629317575,1886609.3817009798,10
-1284302.8502152301,1886609.3817009798,10
-1283839.5374987025,1886609.3817009798,10
-1283376.2247821752,1886609.3817009798,10
-1282912.9120656475,1886609.3817009798,10
-1282449.5993491202,1886609.3817009798,10
-1281986.2866325926,1886609.3817009798,10
-1281522.9739160652,1886609.3817009798,16
-1281059.6611995376,1886609.3817009798,16
-1280596.3484830102,1886609.3817009798,10
-1280133.0357664826,1886609.3817009798,10
-1279669.7230499552,1886609.3817009798,7
-1279206.4103334276,1886609.3817009798,7
-1278743.0976169002,1886609.3817009798,10
-1278279.7849003726,1886609.3817009798,10
-1277816.472183845,1886609.3817009798,10
-1277353.1594673176,1886609.3817009798,10
-1276889.84675079,1886609.3817009798,10
-1276426.5340342626,1886609.3817009798,10
-1275963.221317735,1886609.3817009798,10
-1275499.9086012077,1886609.3817009798,10
-1275036.59588468,1886609.3817009798,10
-1274573.2831681527,1886609.3817009798,7
-1274109.970451625,1886609.3817009798,7
-1273646.6577350977,1886609.3817009798,7
-1273183.34501857,1886609.3817009798,10
-1272720.0323020427,1886609.3817009798,10
-1272256.719585515,1886609.3817009798,10
-1271793.4068689877,1886609.3817009798,10
-1271330.09415246,1886609.3817009798,10
-1270866.7814359325,1886609.3817009798,10
-1270403.4687194051,1886609.3817009798,10
-1269940.1560028775,1886609.3817009798,10
-1269476.8432863501,1886609.3817009798,10
-1269013.5305698225,1886609.3817009798,10
-1268550.2178532952,1886609.3817009798,10
-1268086.9051367675,1886609.3817009798,10
-1267623.5924202402,1886609.3817009798,10
-1267160.2797037126,1886609.3817009798,10
-1266696.9669871852,1886609.3817009798,10
-1266233.6542706576,1886609.3817009798,10
-1265770.3415541302,1886609.3817009798,10
-1265307.0288376026,1886609.3817009798,10
-1264843.7161210752,1886609.3817009798,10
-1264380.4034045476,1886609.3817009798,10
-1263917.09068802,1886609.3817009798,10
-1263453.7779714926,1886609.3817009798,10
-1262990.465254965,1886609.3817009798,10
-1262527.1525384376,1886609.3817009798,10
-1262063.83982191,1886609.3817009798,10
-1261600.5271053826,1886609.3817009798,10
-1261137.214388855,1886609.3817009798,10
-1260673.9016723277,1886609.3817009798,16
-1260210.5889558,1886609.3817009798,16
-1259747.2762392727,1886609.3817009798,16
-1259283.963522745,1886609.3817009798,10
-1258820.6508062177,1886609.3817009798,10
-1258357.33808969,1886609.3817009798,10
-1257894.0253731627,1886609.3817009798,10
-1257430.712656635,1886609.3817009798,10
-1256967.3999401077,1886609.3817009798,10
-1256504.08722358,1886609.3817009798,10
-1256040.7745070527,1886609.3817009798,10
-1255577.4617905251,1886609.3817009798,10
-1255114.1490739975,1886609.3817009798,10
-1254650.8363574701,1886609.3817009798,10
-1254187.5236409425,1886609.3817009798,16
-1253724.2109244152,1886609.3817009798,16
-1253260.8982078875,1886609.3817009798,10
-1252797.5854913602,1886609.3817009798,10
-1252334.2727748326,1886609.3817009798,10
-1251870.9600583052,1886609.3817009798,10
-1251407.6473417776,1886609.3817009798,10
-1250944.3346252502,1886609.3817009798,10
-1250481.0219087226,1886609.3817009798,10
-1250017.7091921952,1886609.3817009798,10
-1249554.3964756676,1886609.3817009798,10
-1249091.0837591402,1886609.3817009798,10
-1248627.7710426126,1886609.3817009798,10
-1248164.458326085,1886609.3817009798,10
-1247701.1456095576,1886609.3817009798,10
-1247237.83289303,1886609.3817009798,10
-1246774.5201765026,1886609.3817009798,10
-1246311.207459975,1886609.3817009798,10
-1245847.8947434477,1886609.3817009798,16
-1245384.58202692,1886609.3817009798,16
-1244921.2693103927,1886609.3817009798,16
-1244457.956593865,1886609.3817009798,16
-1243994.6438773377,1886609.3817009798,10
-1243531.33116081,1886609.3817009798,10
-1243068.0184442827,1886609.3817009798,10
-1242604.705727755,1886609.3817009798,10
-1242141.3930112277,1886609.3817009798,10
-1241678.0802947,1886609.3817009798,10
-1241214.7675781725,1886609.3817009798,10
-1240751.4548616451,1886609.3817009798,10
-1240288.1421451175,1886609.3817009798,10
-1239824.8294285901,1886609.3817009798,10
-1239361.5167120625,1886609.3817009798,10
-1238898.2039955352,1886609.3817009798,10
-1238434.8912790075,1886609.3817009798,10
-1237971.5785624802,1886609.3817009798,10
-1237508.2658459526,1886609.3817009798,10
-1237044.9531294252,1886609.3817009798,10
-1236581.6404128976,1886609.3817009798,10
-1236118.3276963702,1886609.3817009798,10
-1235655.0149798426,1886609.3817009798,10
-1235191.7022633152,1886609.3817009798,10
-1234728.3895467876,1886609.3817009798,10
-1234265.07683026,1886609.3817009798,10
-1233801.7641137326,1886609.3817009798,10
-1233338.4513972052,1886609.3817009798,10
-1232875.1386806776,1886609.3817009798,10
-1232411.82596415,1886609.3817009798,10
-1231948.5132476226,1886609.3817009798,10
-1231485.200531095,1886609.3817009798,10
-1231021.8878145677,1886609.3817009798,10
-1230558.57509804,1886609.3817009798,10
-1230095.2623815127,1886609.3817009798,10
-1229631.949664985,1886609.3817009798,10
-1229168.6369484577,1886609.3817009798,10
-1228705.32423193,1886609.3817009798,10
-1228242.0115154027,1886609.3817009798,10
-1227778.698798875,1886609.3817009798,10
-1227315.3860823475,1886609.3817009798,10
-1226852.07336582,1886609.3817009798,10
-1226388.7606492927,1886609.3817009798,10
-1225925.4479327651,1886609.3817009798,10
-1225462.1352162375,1886609.3817009798,10
-1224998.8224997101,1886609.3817009798,10
-1224535.5097831825,1886609.3817009798,10
-1224072.1970666551,1886609.3817009798,10
-1223608.8843501275,1886609.3817009798,10
-1223145.5716336002,1886609.3817009798,10
-1222682.2589170726,1886609.3817009798,10
-1222218.9462005452,1886609.3817009798,10
-1221755.6334840176,1886609.3817009798,10
-1221292.3207674902,1886609.3817009798,10
-1220829.0080509626,1886609.3817009798,10
-1220365.6953344352,1886609.3817009798,10
-1219902.3826179076,1886609.3817009798,10
-1219439.0699013802,1886609.3817009798,10
-1218975.7571848526,1886609.3817009798,10
-1218512.444468325,1886609.3817009798,10
-1218049.1317517976,1886609.3817009798,10
-1217585.81903527,1886609.3817009798,10
-1217122.5063187426,1886609.3817009798,10
-1216659.193602215,1886609.3817009798,10
-1216195.8808856877,1886609.3817009798,10
-1215732.56816916,1886609.3817009798,10
-1215269.2554526327,1886609.3817009798,10
-1214805.942736105,1886609.3817009798,10
-1214342.6300195777,1886609.3817009798,10
-1213879.31730305,1886609.3817009798,10
-1213416.0045865227,1886609.3817009798,10
-1212952.691869995,1886609.3817009798,10
-1212489.3791534677,1886609.3817009798,10
-1212026.06643694,1886609.3817009798,10
-1211562.7537204125,1886609.3817009798,10
-1211099.4410038851,1886609.3817009798,10
-1210636.1282873575,1886609.3817009798,10
-1210172.8155708301,1886609.3817009798,10
-1209709.5028543025,1886609.3817009798,10
-1209246.1901377751,1886609.3817009798,10
-1208782.8774212475,1886609.3817009798,10
-1208319.5647047202,1886609.3817009798,10
-1207856.2519881926,1886609.3817009798,10
-1207392.9392716652,1886609.3817009798,10
-1206929.6265551376,1886609.3817009798,10
-1206466.3138386102,1886609.3817009798,10
-1206003.0011220826,1886609.3817009798,10
-1205539.6884055552,1886609.3817009798,10
-1205076.3756890276,1886609.3817009798,10
-1204613.0629725,1886609.3817009798,10
-1204149.7502559726,1886609.3817009798,10
-1203686.4375394452,1886609.3817009798,10
-1203223.1248229176,1886609.3817009798,10
-1202759.81210639,1886609.3817009798,10
-1202296.4993898626,1886609.3817009798,10
-1201833.186673335,1886609.3817009798,10
-1201369.8739568077,1886609.3817009798,10
-1200906.56124028,1886609.3817009798,10
-1200443.2485237527,1886609.3817009798,10
-1199979.935807225,1886609.3817009798,10
-1199516.6230906977,1886609.3817009798,10
-1199053.31037417,1886609.3817009798,10
-1198589.9976576427,1886609.3817009798,10
-1198126.684941115,1886609.3817009798,10
-1197663.3722245875,1886609.3817009798,10
-1197200.05950806,1886609.3817009798,10
-1196736.7467915327,1886609.3817009798,10
-1196273.4340750051,1886609.3817009798,10
-1195810.1213584775,1886609.3817009798,10
-1195346.8086419501,1886609.3817009798,10
-1194883.4959254225,1886609.3817009798,10
-1194420.1832088951,1886609.3817009798,10
-1193956.8704923675,1886609.3817009798,10
-1193493.5577758402,1886609.3817009798,10
-1193030.2450593126,1886609.3817009798,10
-1192566.9323427852,1886609.3817009798,10
-1192103.6196262576,1886609.3817009798,10
-1191640.3069097302,1886609.3817009798,10
-1191176.9941932026,1886609.3817009798,10
-1190713.6814766752,1886609.3817009798,10
-1190250.3687601476,1886609.3817009798,10
-1189787.0560436202,1886609.3817009798,10
-1189323.7433270926,1886609.3817009798,10
-1188860.430610565,1886609.3817009798,10
-1188397.1178940376,1886609.3817009798,10
-1187933.80517751,1886609.3817009798,10
-1187470.4924609826,1886609.3817009798,10
-1187007.179744455,1886609.3817009798,10
-1186543.8670279277,1886609.3817009798,10
-1186080.5543114,1886609.3817009798,10
-1185617.2415948727,1886609.3817009798,10
-1185153.928878345,1886609.3817009798,10
-1184690.6161618177,1886609.3817009798,10
-1184227.30344529,1886609.3817009798,10
-1183763.9907287627,1886609.3817009798,10
-1183300.678012235,1886609.3817009798,10
-1182837.3652957077,1886609.3817009798,10
-1182374.05257918,1886609.3817009798,10
-1181910.7398626525,1886609.3817009798,10
-1181447.4271461251,1886609.3817009798,10
-1180984.1144295975,1886609.3817009798,10
-1180520.8017130701,1886609.3817009798,10
-1180057.4889965425,1886609.3817009798,10
-1179594.1762800151,1886609.3817009798,10
-1179130.8635634875,1886609.3817009798,10
-1178667.5508469602,1886609.3817009798,10
-1178204.2381304326,1886609.3817009798,10
-1177740.9254139052,1886609.3817009798,10
-1177277.6126973776,1886609.3817009798,10
-1176814.2999808502,1886609.3817009798,10
-1176350.9872643226,1886609.3817009798,10
-1175887.6745477952,1886609.3817009798,10
-1175424.3618312676,1886609.3817009798,10
-1174961.04911474,1886609.3817009798,10
-1174497.7363982126,1886609.3817009798,10
-1174034.4236816852,1886609.3817009798,10
-1173571.1109651576,1886609.3817009798,10
-1173107.79824863,1886609.3817009798,10
-1172644.4855321026,1886609.3817009798,10
-1172181.172815575,1886609.3817009798,10
-1171717.8600990477,1886609.3817009798,10
-1171254.54738252,1886609.3817009798,10
-1170791.2346659927,1886609.3817009798,10
-1170327.921949465,1886609.3817009798,10
-1169864.6092329377,1886609.3817009798,10
-1169401.29651641,1886609.3817009798,10
-1360749.4484422677,1886146.0689844522,10
-1360286.13572574,1886146.0689844522,10
-1359822.8230092125,1886146.0689844522,10
-1359359.5102926851,1886146.0689844522,10
-1358896.1975761575,1886146.0689844522,10
-1358432.8848596301,1886146.0689844522,10
-1357969.5721431025,1886146.0689844522,10
-1357506.2594265752,1886146.0689844522,10
-1357042.9467100475,1886146.0689844522,10
-1356579.6339935202,1886146.0689844522,10
-1356116.3212769926,1886146.0689844522,16
-1355653.0085604652,1886146.0689844522,16
-1355189.6958439376,1886146.0689844522,16
-1354726.3831274102,1886146.0689844522,16
-1354263.0704108826,1886146.0689844522,16
-1353799.7576943552,1886146.0689844522,16
-1353336.4449778276,1886146.0689844522,10
-1352873.1322613002,1886146.0689844522,10
-1352409.8195447726,1886146.0689844522,16
-1351946.506828245,1886146.0689844522,16
-1351483.1941117176,1886146.0689844522,10
-1351019.88139519,1886146.0689844522,10
-1350556.5686786626,1886146.0689844522,10
-1350093.255962135,1886146.0689844522,16
-1349629.9432456077,1886146.0689844522,16
-1349166.63052908,1886146.0689844522,16
-1348703.3178125527,1886146.0689844522,16
-1348240.005096025,1886146.0689844522,16
-1347776.6923794977,1886146.0689844522,16
-1347313.37966297,1886146.0689844522,16
-1346850.0669464427,1886146.0689844522,16
-1346386.754229915,1886146.0689844522,16
-1345923.4415133877,1886146.0689844522,16
-1345460.12879686,1886146.0689844522,16
-1344996.8160803327,1886146.0689844522,10
-1344533.5033638051,1886146.0689844522,10
-1344070.1906472775,1886146.0689844522,10
-1343606.8779307501,1886146.0689844522,16
-1343143.5652142225,1886146.0689844522,16
-1342680.2524976952,1886146.0689844522,16
-1342216.9397811675,1886146.0689844522,16
-1341753.6270646402,1886146.0689844522,16
-1341290.3143481126,1886146.0689844522,16
-1340827.0016315852,1886146.0689844522,16
-1340363.6889150576,1886146.0689844522,16
-1339900.3761985302,1886146.0689844522,16
-1339437.0634820026,1886146.0689844522,16
-1338973.7507654752,1886146.0689844522,16
-1338510.4380489476,1886146.0689844522,16
-1338047.1253324202,1886146.0689844522,16
-1337583.8126158926,1886146.0689844522,16
-1337120.499899365,1886146.0689844522,16
-1336657.1871828376,1886146.0689844522,16
-1336193.87446631,1886146.0689844522,16
-1335730.5617497826,1886146.0689844522,16
-1335267.249033255,1886146.0689844522,16
-1334803.9363167277,1886146.0689844522,16
-1334340.6236002,1886146.0689844522,16
-1333877.3108836727,1886146.0689844522,16
-1333413.998167145,1886146.0689844522,16
-1332950.6854506177,1886146.0689844522,16
-1332487.37273409,1886146.0689844522,16
-1332024.0600175627,1886146.0689844522,16
-1331560.747301035,1886146.0689844522,16
-1331097.4345845077,1886146.0689844522,16
-1330634.12186798,1886146.0689844522,16
-1330170.8091514525,1886146.0689844522,10
-1329707.4964349251,1886146.0689844522,16
-1329244.1837183975,1886146.0689844522,16
-1328780.8710018701,1886146.0689844522,16
-1328317.5582853425,1886146.0689844522,16
-1327854.2455688152,1886146.0689844522,16
-1327390.9328522875,1886146.0689844522,16
-1326927.6201357602,1886146.0689844522,16
-1326464.3074192326,1886146.0689844522,16
-1326000.9947027052,1886146.0689844522,16
-1325537.6819861776,1886146.0689844522,16
-1325074.3692696502,1886146.0689844522,16
-1324611.0565531226,1886146.0689844522,16
-1324147.7438365952,1886146.0689844522,16
-1323684.4311200676,1886146.0689844522,16
-1323221.11840354,1886146.0689844522,16
-1322757.8056870126,1886146.0689844522,16
-1322294.492970485,1886146.0689844522,16
-1321831.1802539576,1886146.0689844522,16
-1321367.86753743,1886146.0689844522,16
-1320904.5548209026,1886146.0689844522,16
-1320441.242104375,1886146.0689844522,16
-1319977.9293878477,1886146.0689844522,16
-1319514.61667132,1886146.0689844522,16
-1319051.3039547927,1886146.0689844522,16
-1318587.991238265,1886146.0689844522,16
-1318124.6785217377,1886146.0689844522,16
-1317661.36580521,1886146.0689844522,16
-1317198.0530886827,1886146.0689844522,16
-1316734.740372155,1886146.0689844522,16
-1316271.4276556277,1886146.0689844522,16
-1315808.1149391,1886146.0689844522,16
-1315344.8022225727,1886146.0689844522,16
-1314881.4895060451,1886146.0689844522,16
-1314418.1767895175,1886146.0689844522,16
-1313954.8640729901,1886146.0689844522,16
-1313491.5513564625,1886146.0689844522,16
-1313028.2386399352,1886146.0689844522,16
-1312564.9259234075,1886146.0689844522,16
-1312101.6132068802,1886146.0689844522,16
-1311638.3004903526,1886146.0689844522,16
-1311174.9877738252,1886146.0689844522,16
-1310711.6750572976,1886146.0689844522,16
-1310248.3623407702,1886146.0689844522,16
-1309785.0496242426,1886146.0689844522,10
-1309321.7369077152,1886146.0689844522,10
-1308858.4241911876,1886146.0689844522,16
-1308395.1114746602,1886146.0689844522,16
-1307931.7987581326,1886146.0689844522,16
-1307468.486041605,1886146.0689844522,16
-1307005.1733250776,1886146.0689844522,16
-1306541.86060855,1886146.0689844522,16
-1306078.5478920226,1886146.0689844522,16
-1305615.235175495,1886146.0689844522,16
-1305151.9224589677,1886146.0689844522,16
-1304688.60974244,1886146.0689844522,16
-1304225.2970259127,1886146.0689844522,16
-1303761.984309385,1886146.0689844522,16
-1303298.6715928577,1886146.0689844522,16
-1302835.35887633,1886146.0689844522,16
-1302372.0461598027,1886146.0689844522,16
-1301908.733443275,1886146.0689844522,10
-1301445.4207267477,1886146.0689844522,10
-1300982.10801022,1886146.0689844522,10
-1300518.7952936925,1886146.0689844522,10
-1300055.4825771651,1886146.0689844522,10
-1299592.1698606375,1886146.0689844522,10
-1299128.8571441101,1886146.0689844522,10
-1298665.5444275825,1886146.0689844522,10
-1298202.2317110552,1886146.0689844522,7
-1297738.9189945275,1886146.0689844522,7
-1297275.6062780002,1886146.0689844522,7
-1296812.2935614726,1886146.0689844522,10
-1296348.9808449452,1886146.0689844522,16
-1295885.6681284176,1886146.0689844522,10
-1295422.3554118902,1886146.0689844522,10
-1294959.0426953626,1886146.0689844522,16
-1294495.7299788352,1886146.0689844522,16
-1294032.4172623076,1886146.0689844522,10
-1293569.10454578,1886146.0689844522,10
-1293105.7918292526,1886146.0689844522,10
-1292642.479112725,1886146.0689844522,16
-1292179.1663961976,1886146.0689844522,16
-1291715.85367967,1886146.0689844522,16
-1291252.5409631426,1886146.0689844522,10
-1290789.228246615,1886146.0689844522,10
-1290325.9155300877,1886146.0689844522,10
-1289862.60281356,1886146.0689844522,7
-1289399.2900970327,1886146.0689844522,10
-1288935.977380505,1886146.0689844522,10
-1288472.6646639777,1886146.0689844522,10
-1288009.35194745,1886146.0689844522,10
-1287546.0392309227,1886146.0689844522,10
-1287082.726514395,1886146.0689844522,10
-1286619.4137978677,1886146.0689844522,10
-1286156.10108134,1886146.0689844522,10
-1285692.7883648127,1886146.0689844522,10
-1285229.4756482851,1886146.0689844522,10
-1284766.1629317575,1886146.0689844522,10
-1284302.8502152301,1886146.0689844522,10
-1283839.5374987025,1886146.0689844522,10
-1283376.2247821752,1886146.0689844522,10
-1282912.9120656475,1886146.0689844522,10
-1282449.5993491202,1886146.0689844522,10
-1281986.2866325926,1886146.0689844522,10
-1281522.9739160652,1886146.0689844522,10
-1281059.6611995376,1886146.0689844522,10
-1280596.3484830102,1886146.0689844522,10
-1280133.0357664826,1886146.0689844522,10
-1279669.7230499552,1886146.0689844522,10
-1279206.4103334276,1886146.0689844522,7
-1278743.0976169002,1886146.0689844522,10
-1278279.7849003726,1886146.0689844522,10
-1277816.472183845,1886146.0689844522,10
-1277353.1594673176,1886146.0689844522,10
-1276889.84675079,1886146.0689844522,10
-1276426.5340342626,1886146.0689844522,10
-1275963.221317735,1886146.0689844522,10
-1275499.9086012077,1886146.0689844522,10
-1275036.59588468,1886146.0689844522,10
-1274573.2831681527,1886146.0689844522,10
-1274109.970451625,1886146.0689844522,10
-1273646.6577350977,1886146.0689844522,7
-1273183.34501857,1886146.0689844522,7
-1272720.0323020427,1886146.0689844522,10
-1272256.719585515,1886146.0689844522,16
-1271793.4068689877,1886146.0689844522,10
-1271330.09415246,1886146.0689844522,10
-1270866.7814359325,1886146.0689844522,10
-1270403.4687194051,1886146.0689844522,10
-1269940.1560028775,1886146.0689844522,10
-1269476.8432863501,1886146.0689844522,10
-1269013.5305698225,1886146.0689844522,10
-1268550.2178532952,1886146.0689844522,10
-1268086.9051367675,1886146.0689844522,10
-1267623.5924202402,1886146.0689844522,10
-1267160.2797037126,1886146.0689844522,10
-1266696.9669871852,1886146.0689844522,10
-1266233.6542706576,1886146.0689844522,10
-1265770.3415541302,1886146.0689844522,10
-1265307.0288376026,1886146.0689844522,10
-1264843.7161210752,1886146.0689844522,10
-1264380.4034045476,1886146.0689844522,10
-1263917.09068802,1886146.0689844522,10
-1263453.7779714926,1886146.0689844522,10
-1262990.465254965,1886146.0689844522,10
-1262527.1525384376,1886146.0689844522,10
-1262063.83982191,1886146.0689844522,10
-1261600.5271053826,1886146.0689844522,10
-1261137.214388855,1886146.0689844522,10
-1260673.9016723277,1886146.0689844522,10
-1260210.5889558,1886146.0689844522,16
-1259747.2762392727,1886146.0689844522,16
-1259283.963522745,1886146.0689844522,10
-1258820.6508062177,1886146.0689844522,10
-1258357.33808969,1886146.0689844522,10
-1257894.0253731627,1886146.0689844522,10
-1257430.712656635,1886146.0689844522,10
-1256967.3999401077,1886146.0689844522,10
-1256504.08722358,1886146.0689844522,10
-1256040.7745070527,1886146.0689844522,10
-1255577.4617905251,1886146.0689844522,10
-1255114.1490739975,1886146.0689844522,10
-1254650.8363574701,1886146.0689844522,16
-1254187.5236409425,1886146.0689844522,10
-1253724.2109244152,1886146.0689844522,10
-1253260.8982078875,1886146.0689844522,10
-1252797.5854913602,1886146.0689844522,10
-1252334.2727748326,1886146.0689844522,10
-1251870.9600583052,1886146.0689844522,10
-1251407.6473417776,1886146.0689844522,10
-1250944.3346252502,1886146.0689844522,10
-1250481.0219087226,1886146.0689844522,10
-1250017.7091921952,1886146.0689844522,10
-1249554.3964756676,1886146.0689844522,10
-1249091.0837591402,1886146.0689844522,10
-1248627.7710426126,1886146.0689844522,10
-1248164.458326085,1886146.0689844522,10
-1247701.1456095576,1886146.0689844522,10
-1247237.83289303,1886146.0689844522,10
-1246774.5201765026,1886146.0689844522,10
-1246311.207459975,1886146.0689844522,10
-1245847.8947434477,1886146.0689844522,16
-1245384.58202692,1886146.0689844522,16
-1244921.2693103927,1886146.0689844522,16
-1244457.956593865,1886146.0689844522,16
-1243994.6438773377,1886146.0689844522,10
-1243531.33116081,1886146.0689844522,10
-1243068.0184442827,1886146.0689844522,10
-1242604.705727755,1886146.0689844522,10
-1242141.3930112277,1886146.0689844522,10
-1241678.0802947,1886146.0689844522,10
-1241214.7675781725,1886146.0689844522,10
-1240751.4548616451,1886146.0689844522,10
-1240288.1421451175,1886146.0689844522,10
-1239824.8294285901,1886146.0689844522,10
-1239361.5167120625,1886146.0689844522,10
-1238898.2039955352,1886146.0689844522,10
-1238434.8912790075,1886146.0689844522,10
-1237971.5785624802,1886146.0689844522,10
-1237508.2658459526,1886146.0689844522,10
-1237044.9531294252,1886146.0689844522,10
-1236581.6404128976,1886146.0689844522,10
-1236118.3276963702,1886146.0689844522,10
-1235655.0149798426,1886146.0689844522,10
-1235191.7022633152,1886146.0689844522,10
-1234728.3895467876,1886146.0689844522,10
-1234265.07683026,1886146.0689844522,10
-1233801.7641137326,1886146.0689844522,10
-1233338.4513972052,1886146.0689844522,10
-1232875.1386806776,1886146.0689844522,10
-1232411.82596415,1886146.0689844522,10
-1231948.5132476226,1886146.0689844522,10
-1231485.200531095,1886146.0689844522,10
-1231021.8878145677,1886146.0689844522,10
-1230558.57509804,1886146.0689844522,10
-1230095.2623815127,1886146.0689844522,10
-1229631.949664985,1886146.0689844522,10
-1229168.6369484577,1886146.0689844522,10
-1228705.32423193,1886146.0689844522,10
-1228242.0115154027,1886146.0689844522,10
-1227778.698798875,1886146.0689844522,10
-1227315.3860823475,1886146.0689844522,10
-1226852.07336582,1886146.0689844522,10
-1226388.7606492927,1886146.0689844522,10
-1225925.4479327651,1886146.0689844522,10
-1225462.1352162375,1886146.0689844522,10
-1224998.8224997101,1886146.0689844522,10
-1224535.5097831825,1886146.0689844522,10
-1224072.1970666551,1886146.0689844522,10
-1223608.8843501275,1886146.0689844522,10
-1223145.5716336002,1886146.0689844522,10
-1222682.2589170726,1886146.0689844522,10
-1222218.9462005452,1886146.0689844522,10
-1221755.6334840176,1886146.0689844522,10
-1221292.3207674902,1886146.0689844522,10
-1220829.0080509626,1886146.0689844522,10
-1220365.6953344352,1886146.0689844522,10
-1219902.3826179076,1886146.0689844522,10
-1219439.0699013802,1886146.0689844522,10
-1218975.7571848526,1886146.0689844522,10
-1218512.444468325,1886146.0689844522,10
-1218049.1317517976,1886146.0689844522,10
-1217585.81903527,1886146.0689844522,10
-1217122.5063187426,1886146.0689844522,10
-1216659.193602215,1886146.0689844522,10
-1216195.8808856877,1886146.0689844522,10
-1215732.56816916,1886146.0689844522,10
-1215269.2554526327,1886146.0689844522,10
-1214805.942736105,1886146.0689844522,10
-1214342.6300195777,1886146.0689844522,10
-1213879.31730305,1886146.0689844522,10
-1213416.0045865227,1886146.0689844522,10
-1212952.691869995,1886146.0689844522,10
-1212489.3791534677,1886146.0689844522,10
-1212026.06643694,1886146.0689844522,10
-1211562.7537204125,1886146.0689844522,10
-1211099.4410038851,1886146.0689844522,10
-1210636.1282873575,1886146.0689844522,10
-1210172.8155708301,1886146.0689844522,10
-1209709.5028543025,1886146.0689844522,10
-1209246.1901377751,1886146.0689844522,10
-1208782.8774212475,1886146.0689844522,10
-1208319.5647047202,1886146.0689844522,10
-1207856.2519881926,1886146.0689844522,10
-1207392.9392716652,1886146.0689844522,10
-1206929.6265551376,1886146.0689844522,10
-1206466.3138386102,1886146.0689844522,10
-1206003.0011220826,1886146.0689844522,10
-1205539.6884055552,1886146.0689844522,10
-1205076.3756890276,1886146.0689844522,10
-1204613.0629725,1886146.0689844522,10
-1204149.7502559726,1886146.0689844522,10
-1203686.4375394452,1886146.0689844522,10
-1203223.1248229176,1886146.0689844522,10
-1202759.81210639,1886146.0689844522,10
-1202296.4993898626,1886146.0689844522,10
-1201833.186673335,1886146.0689844522,10
-1201369.8739568077,1886146.0689844522,10
-1200906.56124028,1886146.0689844522,10
-1200443.2485237527,1886146.0689844522,10
-1199979.935807225,1886146.0689844522,10
-1199516.6230906977,1886146.0689844522,10
-1199053.31037417,1886146.0689844522,10
-1198589.9976576427,1886146.0689844522,10
-1198126.684941115,1886146.0689844522,10
-1197663.3722245875,1886146.0689844522,10
-1197200.05950806,1886146.0689844522,10
-1196736.7467915327,1886146.0689844522,10
-1196273.4340750051,1886146.0689844522,10
-1195810.1213584775,1886146.0689844522,10
-1195346.8086419501,1886146.0689844522,10
-1194883.4959254225,1886146.0689844522,10
-1194420.1832088951,1886146.0689844522,10
-1193956.8704923675,1886146.0689844522,10
-1193493.5577758402,1886146.0689844522,10
-1193030.2450593126,1886146.0689844522,10
-1192566.9323427852,1886146.0689844522,10
-1192103.6196262576,1886146.0689844522,10
-1191640.3069097302,1886146.0689844522,10
-1191176.9941932026,1886146.0689844522,10
-1190713.6814766752,1886146.0689844522,10
-1190250.3687601476,1886146.0689844522,10
-1189787.0560436202,1886146.0689844522,10
-1189323.7433270926,1886146.0689844522,10
-1188860.430610565,1886146.0689844522,10
-1188397.1178940376,1886146.0689844522,10
-1187933.80517751,1886146.0689844522,10
-1187470.4924609826,1886146.0689844522,10
-1187007.179744455,1886146.0689844522,10
-1186543.8670279277,1886146.0689844522,10
-1186080.5543114,1886146.0689844522,10
-1185617.2415948727,1886146.0689844522,10
-1185153.928878345,1886146.0689844522,10
-1184690.6161618177,1886146.0689844522,10
-1184227.30344529,1886146.0689844522,10
-1183763.9907287627,1886146.0689844522,10
-1183300.678012235,1886146.0689844522,10
-1182837.3652957077,1886146.0689844522,10
-1182374.05257918,1886146.0689844522,10
-1181910.7398626525,1886146.0689844522,10
-1181447.4271461251,1886146.0689844522,10
-1180984.1144295975,1886146.0689844522,10
-1180520.8017130701,1886146.0689844522,10
-1180057.4889965425,1886146.0689844522,10
-1179594.1762800151,1886146.0689844522,10
-1179130.8635634875,1886146.0689844522,10
-1178667.5508469602,1886146.0689844522,10
-1178204.2381304326,1886146.0689844522,10
-1177740.9254139052,1886146.0689844522,10
-1177277.6126973776,1886146.0689844522,10
-1176814.2999808502,1886146.0689844522,10
-1176350.9872643226,1886146.0689844522,10
-1175887.6745477952,1886146.0689844522,10
-1175424.3618312676,1886146.0689844522,10
-1174961.04911474,1886146.0689844522,10
-1174497.7363982126,1886146.0689844522,10
-1174034.4236816852,1886146.0689844522,10
-1173571.1109651576,1886146.0689844522,10
-1173107.79824863,1886146.0689844522,10
-1172644.4855321026,1886146.0689844522,10
-1172181.172815575,1886146.0689844522,10
-1171717.8600990477,1886146.0689844522,10
-1171254.54738252,1886146.0689844522,10
-1170791.2346659927,1886146.0689844522,10
-1170327.921949465,1886146.0689844522,10
-1169864.6092329377,1886146.0689844522,10
-1169401.29651641,1886146.0689844522,10
-1361212.761158795,1885682.7562679248,10
-1360749.4484422677,1885682.7562679248,10
-1360286.13572574,1885682.7562679248,10
-1359822.8230092125,1885682.7562679248,10
-1359359.5102926851,1885682.7562679248,10
-1358896.1975761575,1885682.7562679248,10
-1358432.8848596301,1885682.7562679248,10
-1357969.5721431025,1885682.7562679248,10
-1357506.2594265752,1885682.7562679248,10
-1357042.9467100475,1885682.7562679248,10
-1356579.6339935202,1885682.7562679248,10
-1356116.3212769926,1885682.7562679248,16
-1355653.0085604652,1885682.7562679248,16
-1355189.6958439376,1885682.7562679248,16
-1354726.3831274102,1885682.7562679248,16
-1354263.0704108826,1885682.7562679248,16
-1353799.7576943552,1885682.7562679248,16
-1353336.4449778276,1885682.7562679248,16
-1352873.1322613002,1885682.7562679248,10
-1352409.8195447726,1885682.7562679248,16
-1351946.506828245,1885682.7562679248,16
-1351483.1941117176,1885682.7562679248,10
-1351019.88139519,1885682.7562679248,10
-1350556.5686786626,1885682.7562679248,10
-1350093.255962135,1885682.7562679248,10
-1349629.9432456077,1885682.7562679248,10
-1349166.63052908,1885682.7562679248,10
-1348703.3178125527,1885682.7562679248,10
-1348240.005096025,1885682.7562679248,16
-1347776.6923794977,1885682.7562679248,16
-1347313.37966297,1885682.7562679248,16
-1346850.0669464427,1885682.7562679248,16
-1346386.754229915,1885682.7562679248,16
-1345923.4415133877,1885682.7562679248,16
-1345460.12879686,1885682.7562679248,16
-1344996.8160803327,1885682.7562679248,16
-1344533.5033638051,1885682.7562679248,16
-1344070.1906472775,1885682.7562679248,16
-1343606.8779307501,1885682.7562679248,16
-1343143.5652142225,1885682.7562679248,16
-1342680.2524976952,1885682.7562679248,16
-1342216.9397811675,1885682.7562679248,16
-1341753.6270646402,1885682.7562679248,16
-1341290.3143481126,1885682.7562679248,16
-1340827.0016315852,1885682.7562679248,16
-1340363.6889150576,1885682.7562679248,16
-1339900.3761985302,1885682.7562679248,16
-1339437.0634820026,1885682.7562679248,16
-1338973.7507654752,1885682.7562679248,16
-1338510.4380489476,1885682.7562679248,16
-1338047.1253324202,1885682.7562679248,16
-1337583.8126158926,1885682.7562679248,16
-1337120.499899365,1885682.7562679248,16
-1336657.1871828376,1885682.7562679248,16
-1336193.87446631,1885682.7562679248,16
-1335730.5617497826,1885682.7562679248,16
-1335267.249033255,1885682.7562679248,16
-1334803.9363167277,1885682.7562679248,16
-1334340.6236002,1885682.7562679248,16
-1333877.3108836727,1885682.7562679248,16
-1333413.998167145,1885682.7562679248,16
-1332950.6854506177,1885682.7562679248,16
-1332487.37273409,1885682.7562679248,16
-1332024.0600175627,1885682.7562679248,16
-1331560.747301035,1885682.7562679248,16
-1331097.4345845077,1885682.7562679248,16
-1330634.12186798,1885682.7562679248,16
-1330170.8091514525,1885682.7562679248,10
-1329707.4964349251,1885682.7562679248,10
-1329244.1837183975,1885682.7562679248,16
-1328780.8710018701,1885682.7562679248,16
-1328317.5582853425,1885682.7562679248,16
-1327854.2455688152,1885682.7562679248,16
-1327390.9328522875,1885682.7562679248,16
-1326927.6201357602,1885682.7562679248,16
-1326464.3074192326,1885682.7562679248,16
-1326000.9947027052,1885682.7562679248,16
-1325537.6819861776,1885682.7562679248,16
-1325074.3692696502,1885682.7562679248,16
-1324611.0565531226,1885682.7562679248,16
-1324147.7438365952,1885682.7562679248,16
-1323684.4311200676,1885682.7562679248,16
-1323221.11840354,1885682.7562679248,16
-1322757.8056870126,1885682.7562679248,16
-1322294.492970485,1885682.7562679248,16
-1321831.1802539576,1885682.7562679248,16
-1321367.86753743,1885682.7562679248,16
-1320904.5548209026,1885682.7562679248,16
-1320441.242104375,1885682.7562679248,16
-1319977.9293878477,1885682.7562679248,16
-1319514.61667132,1885682.7562679248,16
-1319051.3039547927,1885682.7562679248,16
-1318587.991238265,1885682.7562679248,16
-1318124.6785217377,1885682.7562679248,16
-1317661.36580521,1885682.7562679248,16
-1317198.0530886827,1885682.7562679248,16
-1316734.740372155,1885682.7562679248,16
-1316271.4276556277,1885682.7562679248,16
-1315808.1149391,1885682.7562679248,16
-1315344.8022225727,1885682.7562679248,16
-1314881.4895060451,1885682.7562679248,16
-1314418.1767895175,1885682.7562679248,16
-1313954.8640729901,1885682.7562679248,16
-1313491.5513564625,1885682.7562679248,16
-1313028.2386399352,1885682.7562679248,16
-1312564.9259234075,1885682.7562679248,16
-1312101.6132068802,1885682.7562679248,16
-1311638.3004903526,1885682.7562679248,16
-1311174.9877738252,1885682.7562679248,16
-1310711.6750572976,1885682.7562679248,16
-1310248.3623407702,1885682.7562679248,16
-1309785.0496242426,1885682.7562679248,16
-1309321.7369077152,1885682.7562679248,16
-1308858.4241911876,1885682.7562679248,16
-1308395.1114746602,1885682.7562679248,16
-1307931.7987581326,1885682.7562679248,16
-1307468.486041605,1885682.7562679248,16
-1307005.1733250776,1885682.7562679248,16
-1306541.86060855,1885682.7562679248,16
-1306078.5478920226,1885682.7562679248,10
-1305615.235175495,1885682.7562679248,10
-1305151.9224589677,1885682.7562679248,16
-1304688.60974244,1885682.7562679248,16
-1304225.2970259127,1885682.7562679248,16
-1303761.984309385,1885682.7562679248,16
-1303298.6715928577,1885682.7562679248,16
-1302835.35887633,1885682.7562679248,16
-1302372.0461598027,1885682.7562679248,16
-1301908.733443275,1885682.7562679248,10
-1301445.4207267477,1885682.7562679248,10
-1300982.10801022,1885682.7562679248,10
-1300518.7952936925,1885682.7562679248,10
-1300055.4825771651,1885682.7562679248,10
-1299592.1698606375,1885682.7562679248,10
-1299128.8571441101,1885682.7562679248,7
-1298665.5444275825,1885682.7562679248,7
-1298202.2317110552,1885682.7562679248,7
-1297738.9189945275,1885682.7562679248,10
-1297275.6062780002,1885682.7562679248,10
-1296812.2935614726,1885682.7562679248,16
-1296348.9808449452,1885682.7562679248,16
-1295885.6681284176,1885682.7562679248,16
-1295422.3554118902,1885682.7562679248,10
-1294959.0426953626,1885682.7562679248,10
-1294495.7299788352,1885682.7562679248,10
-1294032.4172623076,1885682.7562679248,10
-1293569.10454578,1885682.7562679248,10
-1293105.7918292526,1885682.7562679248,16
-1292642.479112725,1885682.7562679248,10
-1292179.1663961976,1885682.7562679248,10
-1291715.85367967,1885682.7562679248,16
-1291252.5409631426,1885682.7562679248,16
-1290789.228246615,1885682.7562679248,16
-1290325.9155300877,1885682.7562679248,16
-1289862.60281356,1885682.7562679248,10
-1289399.2900970327,1885682.7562679248,7
-1288935.977380505,1885682.7562679248,10
-1288472.6646639777,1885682.7562679248,10
-1288009.35194745,1885682.7562679248,10
-1287546.0392309227,1885682.7562679248,10
-1287082.726514395,1885682.7562679248,10
-1286619.4137978677,1885682.7562679248,10
-1286156.10108134,1885682.7562679248,10
-1285692.7883648127,1885682.7562679248,10
-1285229.4756482851,1885682.7562679248,10
-1284766.1629317575,1885682.7562679248,10
-1284302.8502152301,1885682.7562679248,10
-1283839.5374987025,1885682.7562679248,10
-1283376.2247821752,1885682.7562679248,16
-1282912.9120656475,1885682.7562679248,10
-1282449.5993491202,1885682.7562679248,10
-1281986.2866325926,1885682.7562679248,10
-1281522.9739160652,1885682.7562679248,10
-1281059.6611995376,1885682.7562679248,10
-1280596.3484830102,1885682.7562679248,10
-1280133.0357664826,1885682.7562679248,10
-1279669.7230499552,1885682.7562679248,10
-1279206.4103334276,1885682.7562679248,10
-1278743.0976169002,1885682.7562679248,10
-1278279.7849003726,1885682.7562679248,10
-1277816.472183845,1885682.7562679248,10
-1277353.1594673176,1885682.7562679248,7
-1276889.84675079,1885682.7562679248,7
-1276426.5340342626,1885682.7562679248,10
-1275963.221317735,1885682.7562679248,10
-1275499.9086012077,1885682.7562679248,10
-1275036.59588468,1885682.7562679248,10
-1274573.2831681527,1885682.7562679248,10
-1274109.970451625,1885682.7562679248,10
-1273646.6577350977,1885682.7562679248,10
-1273183.34501857,1885682.7562679248,7
-1272720.0323020427,1885682.7562679248,10
-1272256.719585515,1885682.7562679248,16
-1271793.4068689877,1885682.7562679248,16
-1271330.09415246,1885682.7562679248,10
-1270866.7814359325,1885682.7562679248,10
-1270403.4687194051,1885682.7562679248,10
-1269940.1560028775,1885682.7562679248,10
-1269476.8432863501,1885682.7562679248,10
-1269013.5305698225,1885682.7562679248,10
-1268550.2178532952,1885682.7562679248,10
-1268086.9051367675,1885682.7562679248,10
-1267623.5924202402,1885682.7562679248,10
-1267160.2797037126,1885682.7562679248,10
-1266696.9669871852,1885682.7562679248,10
-1266233.6542706576,1885682.7562679248,10
-1265770.3415541302,1885682.7562679248,10
-1265307.0288376026,1885682.7562679248,16
-1264843.7161210752,1885682.7562679248,16
-1264380.4034045476,1885682.7562679248,10
-1263917.09068802,1885682.7562679248,10
-1263453.7779714926,1885682.7562679248,10
-1262990.465254965,1885682.7562679248,10
-1262527.1525384376,1885682.7562679248,10
-1262063.83982191,1885682.7562679248,10
-1261600.5271053826,1885682.7562679248,10
-1261137.214388855,1885682.7562679248,10
-1260673.9016723277,1885682.7562679248,10
-1260210.5889558,1885682.7562679248,10
-1259747.2762392727,1885682.7562679248,10
-1259283.963522745,1885682.7562679248,10
-1258820.6508062177,1885682.7562679248,10
-1258357.33808969,1885682.7562679248,10
-1257894.0253731627,1885682.7562679248,10
-1257430.712656635,1885682.7562679248,10
-1256967.3999401077,1885682.7562679248,10
-1256504.08722358,1885682.7562679248,10
-1256040.7745070527,1885682.7562679248,10
-1255577.4617905251,1885682.7562679248,10
-1255114.1490739975,1885682.7562679248,10
-1254650.8363574701,1885682.7562679248,10
-1254187.5236409425,1885682.7562679248,10
-1253724.2109244152,1885682.7562679248,10
-1253260.8982078875,1885682.7562679248,10
-1252797.5854913602,1885682.7562679248,10
-1252334.2727748326,1885682.7562679248,10
-1251870.9600583052,1885682.7562679248,10
-1251407.6473417776,1885682.7562679248,10
-1250944.3346252502,1885682.7562679248,10
-1250481.0219087226,1885682.7562679248,10
-1250017.7091921952,1885682.7562679248,10
-1249554.3964756676,1885682.7562679248,10
-1249091.0837591402,1885682.7562679248,10
-1248627.7710426126,1885682.7562679248,10
-1248164.458326085,1885682.7562679248,10
-1247701.1456095576,1885682.7562679248,10
-1247237.83289303,1885682.7562679248,10
-1246774.5201765026,1885682.7562679248,10
-1246311.207459975,1885682.7562679248,10
-1245847.8947434477,1885682.7562679248,16
-1245384.58202692,1885682.7562679248,16
-1244921.2693103927,1885682.7562679248,16
-1244457.956593865,1885682.7562679248,16
-1243994.6438773377,1885682.7562679248,10
-1243531.33116081,1885682.7562679248,10
-1243068.0184442827,1885682.7562679248,10
-1242604.705727755,1885682.7562679248,10
-1242141.3930112277,1885682.7562679248,10
-1241678.0802947,1885682.7562679248,10
-1241214.7675781725,1885682.7562679248,10
-1240751.4548616451,1885682.7562679248,10
-1240288.1421451175,1885682.7562679248,10
-1239824.8294285901,1885682.7562679248,10
-1239361.5167120625,1885682.7562679248,10
-1238898.2039955352,1885682.7562679248,10
-1238434.8912790075,1885682.7562679248,10
-1237971.5785624802,1885682.7562679248,10
-1237508.2658459526,1885682.7562679248,10
-1237044.9531294252,1885682.7562679248,10
-1236581.6404128976,1885682.7562679248,10
-1236118.3276963702,1885682.7562679248,10
-1235655.0149798426,1885682.7562679248,10
-1235191.7022633152,1885682.7562679248,10
-1234728.3895467876,1885682.7562679248,10
-1234265.07683026,1885682.7562679248,10
-1233801.7641137326,1885682.7562679248,10
-1233338.4513972052,1885682.7562679248,10
-1232875.1386806776,1885682.7562679248,10
-1232411.82596415,1885682.7562679248,10
-1231948.5132476226,1885682.7562679248,10
-1231485.200531095,1885682.7562679248,10
-1231021.8878145677,1885682.7562679248,10
-1230558.57509804,1885682.7562679248,10
-1230095.2623815127,1885682.7562679248,10
-1229631.949664985,1885682.7562679248,10
-1229168.6369484577,1885682.7562679248,10
-1228705.32423193,1885682.7562679248,10
-1228242.0115154027,1885682.7562679248,10
-1227778.698798875,1885682.7562679248,10
-1227315.3860823475,1885682.7562679248,10
-1226852.07336582,1885682.7562679248,10
-1226388.7606492927,1885682.7562679248,10
-1225925.4479327651,1885682.7562679248,10
-1225462.1352162375,1885682.7562679248,10
-1224998.8224997101,1885682.7562679248,10
-1224535.5097831825,1885682.7562679248,10
-1224072.1970666551,1885682.7562679248,10
-1223608.8843501275,1885682.7562679248,10
-1223145.5716336002,1885682.7562679248,10
-1222682.2589170726,1885682.7562679248,10
-1222218.9462005452,1885682.7562679248,10
-1221755.6334840176,1885682.7562679248,10
-1221292.3207674902,1885682.7562679248,10
-1220829.0080509626,1885682.7562679248,10
-1220365.6953344352,1885682.7562679248,10
-1219902.3826179076,1885682.7562679248,10
-1219439.0699013802,1885682.7562679248,10
-1218975.7571848526,1885682.7562679248,10
-1218512.444468325,1885682.7562679248,10
-1218049.1317517976,1885682.7562679248,10
-1217585.81903527,1885682.7562679248,10
-1217122.5063187426,1885682.7562679248,10
-1216659.193602215,1885682.7562679248,10
-1216195.8808856877,1885682.7562679248,10
-1215732.56816916,1885682.7562679248,10
-1215269.2554526327,1885682.7562679248,10
-1214805.942736105,1885682.7562679248,10
-1214342.6300195777,1885682.7562679248,10
-1213879.31730305,1885682.7562679248,10
-1213416.0045865227,1885682.7562679248,10
-1212952.691869995,1885682.7562679248,10
-1212489.3791534677,1885682.7562679248,10
-1212026.06643694,1885682.7562679248,10
-1211562.7537204125,1885682.7562679248,10
-1211099.4410038851,1885682.7562679248,10
-1210636.1282873575,1885682.7562679248,10
-1210172.8155708301,1885682.7562679248,10
-1209709.5028543025,1885682.7562679248,10
-1209246.1901377751,1885682.7562679248,10
-1208782.8774212475,1885682.7562679248,10
-1208319.5647047202,1885682.7562679248,10
-1207856.2519881926,1885682.7562679248,10
-1207392.9392716652,1885682.7562679248,10
-1206929.6265551376,1885682.7562679248,10
-1206466.3138386102,1885682.7562679248,10
-1206003.0011220826,1885682.7562679248,10
-1205539.6884055552,1885682.7562679248,10
-1205076.3756890276,1885682.7562679248,10
-1204613.0629725,1885682.7562679248,10
-1204149.7502559726,1885682.7562679248,10
-1203686.4375394452,1885682.7562679248,10
-1203223.1248229176,1885682.7562679248,10
-1202759.81210639,1885682.7562679248,10
-1202296.4993898626,1885682.7562679248,10
-1201833.186673335,1885682.7562679248,10
-1201369.8739568077,1885682.7562679248,10
-1200906.56124028,1885682.7562679248,10
-1200443.2485237527,1885682.7562679248,10
-1199979.935807225,1885682.7562679248,10
-1199516.6230906977,1885682.7562679248,10
-1199053.31037417,1885682.7562679248,10
-1198589.9976576427,1885682.7562679248,10
-1198126.684941115,1885682.7562679248,10
-1197663.3722245875,1885682.7562679248,10
-1197200.05950806,1885682.7562679248,10
-1196736.7467915327,1885682.7562679248,10
-1196273.4340750051,1885682.7562679248,10
-1195810.1213584775,1885682.7562679248,10
-1195346.8086419501,1885682.7562679248,10
-1194883.4959254225,1885682.7562679248,10
-1194420.1832088951,1885682.7562679248,10
-1193956.8704923675,1885682.7562679248,10
-1193493.5577758402,1885682.7562679248,10
-1193030.2450593126,1885682.7562679248,10
-1192566.9323427852,1885682.7562679248,10
-1192103.6196262576,1885682.7562679248,10
-1191640.3069097302,1885682.7562679248,10
-1191176.9941932026,1885682.7562679248,10
-1190713.6814766752,1885682.7562679248,10
-1190250.3687601476,1885682.7562679248,10
-1189787.0560436202,1885682.7562679248,10
-1189323.7433270926,1885682.7562679248,10
-1188860.430610565,1885682.7562679248,10
-1188397.1178940376,1885682.7562679248,10
-1187933.80517751,1885682.7562679248,10
-1187470.4924609826,1885682.7562679248,10
-1187007.179744455,1885682.7562679248,10
-1186543.8670279277,1885682.7562679248,10
-1186080.5543114,1885682.7562679248,10
-1185617.2415948727,1885682.7562679248,10
-1185153.928878345,1885682.7562679248,10
-1184690.6161618177,1885682.7562679248,10
-1184227.30344529,1885682.7562679248,10
-1183763.9907287627,1885682.7562679248,10
-1183300.678012235,1885682.7562679248,10
-1182837.3652957077,1885682.7562679248,10
-1182374.05257918,1885682.7562679248,10
-1181910.7398626525,1885682.7562679248,10
-1181447.4271461251,1885682.7562679248,10
-1180984.1144295975,1885682.7562679248,10
-1180520.8017130701,1885682.7562679248,10
-1180057.4889965425,1885682.7562679248,10
-1179594.1762800151,1885682.7562679248,10
-1179130.8635634875,1885682.7562679248,10
-1178667.5508469602,1885682.7562679248,10
-1178204.2381304326,1885682.7562679248,10
-1177740.9254139052,1885682.7562679248,10
-1177277.6126973776,1885682.7562679248,10
-1176814.2999808502,1885682.7562679248,10
-1176350.9872643226,1885682.7562679248,10
-1175887.6745477952,1885682.7562679248,10
-1175424.3618312676,1885682.7562679248,10
-1174961.04911474,1885682.7562679248,10
-1174497.7363982126,1885682.7562679248,10
-1174034.4236816852,1885682.7562679248,10
-1173571.1109651576,1885682.7562679248,10
-1173107.79824863,1885682.7562679248,10
-1172644.4855321026,1885682.7562679248,10
-1172181.172815575,1885682.7562679248,10
-1171717.8600990477,1885682.7562679248,10
-1171254.54738252,1885682.7562679248,10
-1170791.2346659927,1885682.7562679248,10
-1170327.921949465,1885682.7562679248,10
-1169864.6092329377,1885682.7562679248,10
-1169401.29651641,1885682.7562679248,10
-1361676.0738753227,1885219.4435513972,10
-1361212.761158795,1885219.4435513972,10
-1360749.4484422677,1885219.4435513972,10
-1360286.13572574,1885219.4435513972,10
-1359822.8230092125,1885219.4435513972,10
-1359359.5102926851,1885219.4435513972,10
-1358896.1975761575,1885219.4435513972,10
-1358432.8848596301,1885219.4435513972,10
-1357969.5721431025,1885219.4435513972,10
-1357506.2594265752,1885219.4435513972,10
-1357042.9467100475,1885219.4435513972,10
-1356579.6339935202,1885219.4435513972,10
-1356116.3212769926,1885219.4435513972,16
-1355653.0085604652,1885219.4435513972,16
-1355189.6958439376,1885219.4435513972,16
-1354726.3831274102,1885219.4435513972,16
-1354263.0704108826,1885219.4435513972,16
-1353799.7576943552,1885219.4435513972,16
-1353336.4449778276,1885219.4435513972,16
-1352873.1322613002,1885219.4435513972,16
-1352409.8195447726,1885219.4435513972,16
-1351946.506828245,1885219.4435513972,16
-1351483.1941117176,1885219.4435513972,16
-1351019.88139519,1885219.4435513972,10
-1350556.5686786626,1885219.4435513972,10
-1350093.255962135,1885219.4435513972,10
-1349629.9432456077,1885219.4435513972,10
-1349166.63052908,1885219.4435513972,10
-1348703.3178125527,1885219.4435513972,10
-1348240.005096025,1885219.4435513972,16
-1347776.6923794977,1885219.4435513972,16
-1347313.37966297,1885219.4435513972,16
-1346850.0669464427,1885219.4435513972,16
-1346386.754229915,1885219.4435513972,16
-1345923.4415133877,1885219.4435513972,16
-1345460.12879686,1885219.4435513972,16
-1344996.8160803327,1885219.4435513972,16
-1344533.5033638051,1885219.4435513972,16
-1344070.1906472775,1885219.4435513972,16
-1343606.8779307501,1885219.4435513972,16
-1343143.5652142225,1885219.4435513972,16
-1342680.2524976952,1885219.4435513972,16
-1342216.9397811675,1885219.4435513972,16
-1341753.6270646402,1885219.4435513972,16
-1341290.3143481126,1885219.4435513972,16
-1340827.0016315852,1885219.4435513972,16
-1340363.6889150576,1885219.4435513972,16
-1339900.3761985302,1885219.4435513972,16
-1339437.0634820026,1885219.4435513972,16
-1338973.7507654752,1885219.4435513972,16
-1338510.4380489476,1885219.4435513972,16
-1338047.1253324202,1885219.4435513972,16
-1337583.8126158926,1885219.4435513972,16
-1337120.499899365,1885219.4435513972,16
-1336657.1871828376,1885219.4435513972,16
-1336193.87446631,1885219.4435513972,16
-1335730.5617497826,1885219.4435513972,16
-1335267.249033255,1885219.4435513972,16
-1334803.9363167277,1885219.4435513972,16
-1334340.6236002,1885219.4435513972,16
-1333877.3108836727,1885219.4435513972,16
-1333413.998167145,1885219.4435513972,16
-1332950.6854506177,1885219.4435513972,16
-1332487.37273409,1885219.4435513972,16
-1332024.0600175627,1885219.4435513972,16
-1331560.747301035,1885219.4435513972,16
-1331097.4345845077,1885219.4435513972,16
-1330634.12186798,1885219.4435513972,16
-1330170.8091514525,1885219.4435513972,16
-1329707.4964349251,1885219.4435513972,10
-1329244.1837183975,1885219.4435513972,10
-1328780.8710018701,1885219.4435513972,16
-1328317.5582853425,1885219.4435513972,16
-1327854.2455688152,1885219.4435513972,16
-1327390.9328522875,1885219.4435513972,16
-1326927.6201357602,1885219.4435513972,16
-1326464.3074192326,1885219.4435513972,16
-1326000.9947027052,1885219.4435513972,16
-1325537.6819861776,1885219.4435513972,16
-1325074.3692696502,1885219.4435513972,16
-1324611.0565531226,1885219.4435513972,16
-1324147.7438365952,1885219.4435513972,16
-1323684.4311200676,1885219.4435513972,16
-1323221.11840354,1885219.4435513972,16
-1322757.8056870126,1885219.4435513972,16
-1322294.492970485,1885219.4435513972,16
-1321831.1802539576,1885219.4435513972,16
-1321367.86753743,1885219.4435513972,16
-1320904.5548209026,1885219.4435513972,16
-1320441.242104375,1885219.4435513972,16
-1319977.9293878477,1885219.4435513972,16
-1319514.61667132,1885219.4435513972,16
-1319051.3039547927,1885219.4435513972,16
-1318587.991238265,1885219.4435513972,16
-1318124.6785217377,1885219.4435513972,16
-1317661.36580521,1885219.4435513972,16
-1317198.0530886827,1885219.4435513972,16
-1316734.740372155,1885219.4435513972,16
-1316271.4276556277,1885219.4435513972,16
-1315808.1149391,1885219.4435513972,16
-1315344.8022225727,1885219.4435513972,16
-1314881.4895060451,1885219.4435513972,16
-1314418.1767895175,1885219.4435513972,16
-1313954.8640729901,1885219.4435513972,16
-1313491.5513564625,1885219.4435513972,16
-1313028.2386399352,1885219.4435513972,16
-1312564.9259234075,1885219.4435513972,16
-1312101.6132068802,1885219.4435513972,16
-1311638.3004903526,1885219.4435513972,16
-1311174.9877738252,1885219.4435513972,16
-1310711.6750572976,1885219.4435513972,16
-1310248.3623407702,1885219.4435513972,16
-1309785.0496242426,1885219.4435513972,16
-1309321.7369077152,1885219.4435513972,16
-1308858.4241911876,1885219.4435513972,16
-1308395.1114746602,1885219.4435513972,16
-1307931.7987581326,1885219.4435513972,16
-1307468.486041605,1885219.4435513972,10
-1307005.1733250776,1885219.4435513972,7
-1306541.86060855,1885219.4435513972,7
-1306078.5478920226,1885219.4435513972,7
-1305615.235175495,1885219.4435513972,7
-1305151.9224589677,1885219.4435513972,10
-1304688.60974244,1885219.4435513972,16
-1304225.2970259127,1885219.4435513972,16
-1303761.984309385,1885219.4435513972,16
-1303298.6715928577,1885219.4435513972,16
-1302835.35887633,1885219.4435513972,16
-1302372.0461598027,1885219.4435513972,16
-1301908.733443275,1885219.4435513972,10
-1301445.4207267477,1885219.4435513972,10
-1300982.10801022,1885219.4435513972,10
-1300518.7952936925,1885219.4435513972,10
-1300055.4825771651,1885219.4435513972,10
-1299592.1698606375,1885219.4435513972,10
-1299128.8571441101,1885219.4435513972,7
-1298665.5444275825,1885219.4435513972,10
-1298202.2317110552,1885219.4435513972,10
-1297738.9189945275,1885219.4435513972,16
-1297275.6062780002,1885219.4435513972,16
-1296812.2935614726,1885219.4435513972,16
-1296348.9808449452,1885219.4435513972,16
-1295885.6681284176,1885219.4435513972,10
-1295422.3554118902,1885219.4435513972,10
-1294959.0426953626,1885219.4435513972,10
-1294495.7299788352,1885219.4435513972,10
-1294032.4172623076,1885219.4435513972,10
-1293569.10454578,1885219.4435513972,10
-1293105.7918292526,1885219.4435513972,16
-1292642.479112725,1885219.4435513972,16
-1292179.1663961976,1885219.4435513972,16
-1291715.85367967,1885219.4435513972,16
-1291252.5409631426,1885219.4435513972,16
-1290789.228246615,1885219.4435513972,16
-1290325.9155300877,1885219.4435513972,16
-1289862.60281356,1885219.4435513972,10
-1289399.2900970327,1885219.4435513972,7
-1288935.977380505,1885219.4435513972,7
-1288472.6646639777,1885219.4435513972,10
-1288009.35194745,1885219.4435513972,10
-1287546.0392309227,1885219.4435513972,10
-1287082.726514395,1885219.4435513972,10
-1286619.4137978677,1885219.4435513972,10
-1286156.10108134,1885219.4435513972,10
-1285692.7883648127,1885219.4435513972,10
-1285229.4756482851,1885219.4435513972,10
-1284766.1629317575,1885219.4435513972,10
-1284302.8502152301,1885219.4435513972,10
-1283839.5374987025,1885219.4435513972,16
-1283376.2247821752,1885219.4435513972,10
-1282912.9120656475,1885219.4435513972,10
-1282449.5993491202,1885219.4435513972,10
-1281986.2866325926,1885219.4435513972,10
-1281522.9739160652,1885219.4435513972,10
-1281059.6611995376,1885219.4435513972,10
-1280596.3484830102,1885219.4435513972,10
-1280133.0357664826,1885219.4435513972,10
-1279669.7230499552,1885219.4435513972,10
-1279206.4103334276,1885219.4435513972,10
-1278743.0976169002,1885219.4435513972,10
-1278279.7849003726,1885219.4435513972,10
-1277816.472183845,1885219.4435513972,10
-1277353.1594673176,1885219.4435513972,10
-1276889.84675079,1885219.4435513972,7
-1276426.5340342626,1885219.4435513972,7
-1275963.221317735,1885219.4435513972,10
-1275499.9086012077,1885219.4435513972,10
-1275036.59588468,1885219.4435513972,10
-1274573.2831681527,1885219.4435513972,10
-1274109.970451625,1885219.4435513972,10
-1273646.6577350977,1885219.4435513972,10
-1273183.34501857,1885219.4435513972,10
-1272720.0323020427,1885219.4435513972,10
-1272256.719585515,1885219.4435513972,10
-1271793.4068689877,1885219.4435513972,10
-1271330.09415246,1885219.4435513972,10
-1270866.7814359325,1885219.4435513972,10
-1270403.4687194051,1885219.4435513972,10
-1269940.1560028775,1885219.4435513972,10
-1269476.8432863501,1885219.4435513972,10
-1269013.5305698225,1885219.4435513972,10
-1268550.2178532952,1885219.4435513972,10
-1268086.9051367675,1885219.4435513972,10
-1267623.5924202402,1885219.4435513972,16
-1267160.2797037126,1885219.4435513972,16
-1266696.9669871852,1885219.4435513972,10
-1266233.6542706576,1885219.4435513972,10
-1265770.3415541302,1885219.4435513972,10
-1265307.0288376026,1885219.4435513972,16
-1264843.7161210752,1885219.4435513972,10
-1264380.4034045476,1885219.4435513972,10
-1263917.09068802,1885219.4435513972,16
-1263453.7779714926,1885219.4435513972,16
-1262990.465254965,1885219.4435513972,16
-1262527.1525384376,1885219.4435513972,10
-1262063.83982191,1885219.4435513972,10
-1261600.5271053826,1885219.4435513972,10
-1261137.214388855,1885219.4435513972,10
-1260673.9016723277,1885219.4435513972,10
-1260210.5889558,1885219.4435513972,10
-1259747.2762392727,1885219.4435513972,10
-1259283.963522745,1885219.4435513972,10
-1258820.6508062177,1885219.4435513972,10
-1258357.33808969,1885219.4435513972,10
-1257894.0253731627,1885219.4435513972,10
-1257430.712656635,1885219.4435513972,10
-1256967.3999401077,1885219.4435513972,10
-1256504.08722358,1885219.4435513972,10
-1256040.7745070527,1885219.4435513972,10
-1255577.4617905251,1885219.4435513972,10
-1255114.1490739975,1885219.4435513972,10
-1254650.8363574701,1885219.4435513972,10
-1254187.5236409425,1885219.4435513972,10
-1253724.2109244152,1885219.4435513972,10
-1253260.8982078875,1885219.4435513972,10
-1252797.5854913602,1885219.4435513972,10
-1252334.2727748326,1885219.4435513972,10
-1251870.9600583052,1885219.4435513972,10
-1251407.6473417776,1885219.4435513972,10
-1250944.3346252502,1885219.4435513972,10
-1250481.0219087226,1885219.4435513972,10
-1250017.7091921952,1885219.4435513972,10
-1249554.3964756676,1885219.4435513972,10
-1249091.0837591402,1885219.4435513972,10
-1248627.7710426126,1885219.4435513972,10
-1248164.458326085,1885219.4435513972,10
-1247701.1456095576,1885219.4435513972,10
-1247237.83289303,1885219.4435513972,10
-1246774.5201765026,1885219.4435513972,10
-1246311.207459975,1885219.4435513972,10
-1245847.8947434477,1885219.4435513972,16
-1245384.58202692,1885219.4435513972,16
-1244921.2693103927,1885219.4435513972,16
-1244457.956593865,1885219.4435513972,16
-1243994.6438773377,1885219.4435513972,10
-1243531.33116081,1885219.4435513972,10
-1243068.0184442827,1885219.4435513972,10
-1242604.705727755,1885219.4435513972,10
-1242141.3930112277,1885219.4435513972,10
-1241678.0802947,1885219.4435513972,10
-1241214.7675781725,1885219.4435513972,10
-1240751.4548616451,1885219.4435513972,10
-1240288.1421451175,1885219.4435513972,10
-1239824.8294285901,1885219.4435513972,10
-1239361.5167120625,1885219.4435513972,10
-1238898.2039955352,1885219.4435513972,10
-1238434.8912790075,1885219.4435513972,10
-1237971.5785624802,1885219.4435513972,10
-1237508.2658459526,1885219.4435513972,10
-1237044.9531294252,1885219.4435513972,10
-1236581.6404128976,1885219.4435513972,10
-1236118.3276963702,1885219.4435513972,10
-1235655.0149798426,1885219.4435513972,10
-1235191.7022633152,1885219.4435513972,10
-1234728.3895467876,1885219.4435513972,10
-1234265.07683026,1885219.4435513972,10
-1233801.7641137326,1885219.4435513972,10
-1233338.4513972052,1885219.4435513972,10
-1232875.1386806776,1885219.4435513972,10
-1232411.82596415,1885219.4435513972,10
-1231948.5132476226,1885219.4435513972,10
-1231485.200531095,1885219.4435513972,10
-1231021.8878145677,1885219.4435513972,10
-1230558.57509804,1885219.4435513972,10
-1230095.2623815127,1885219.4435513972,10
-1229631.949664985,1885219.4435513972,10
-1229168.6369484577,1885219.4435513972,10
-1228705.32423193,1885219.4435513972,10
-1228242.0115154027,1885219.4435513972,10
-1227778.698798875,1885219.4435513972,10
-1227315.3860823475,1885219.4435513972,10
-1226852.07336582,1885219.4435513972,10
-1226388.7606492927,1885219.4435513972,10
-1225925.4479327651,1885219.4435513972,10
-1225462.1352162375,1885219.4435513972,10
-1224998.8224997101,1885219.4435513972,10
-1224535.5097831825,1885219.4435513972,10
-1224072.1970666551,1885219.4435513972,10
-1223608.8843501275,1885219.4435513972,10
-1223145.5716336002,1885219.4435513972,10
-1222682.2589170726,1885219.4435513972,10
-1222218.9462005452,1885219.4435513972,10
-1221755.6334840176,1885219.4435513972,10
-1221292.3207674902,1885219.4435513972,10
-1220829.0080509626,1885219.4435513972,10
-1220365.6953344352,1885219.4435513972,10
-1219902.3826179076,1885219.4435513972,10
-1219439.0699013802,1885219.4435513972,10
-1218975.7571848526,1885219.4435513972,10
-1218512.444468325,1885219.4435513972,10
-1218049.1317517976,1885219.4435513972,10
-1217585.81903527,1885219.4435513972,10
-1217122.5063187426,1885219.4435513972,10
-1216659.193602215,1885219.4435513972,10
-1216195.8808856877,1885219.4435513972,10
-1215732.56816916,1885219.4435513972,10
-1215269.2554526327,1885219.4435513972,10
-1214805.942736105,1885219.4435513972,10
-1214342.6300195777,1885219.4435513972,10
-1213879.31730305,1885219.4435513972,10
-1213416.0045865227,1885219.4435513972,10
-1212952.691869995,1885219.4435513972,10
-1212489.3791534677,1885219.4435513972,10
-1212026.06643694,1885219.4435513972,10
-1211562.7537204125,1885219.4435513972,10
-1211099.4410038851,1885219.4435513972,10
-1210636.1282873575,1885219.4435513972,10
-1210172.8155708301,1885219.4435513972,10
-1209709.5028543025,1885219.4435513972,10
-1209246.1901377751,1885219.4435513972,10
-1208782.8774212475,1885219.4435513972,10
-1208319.5647047202,1885219.4435513972,10
-1207856.2519881926,1885219.4435513972,10
-1207392.9392716652,1885219.4435513972,10
-1206929.6265551376,1885219.4435513972,10
-1206466.3138386102,1885219.4435513972,10
-1206003.0011220826,1885219.4435513972,10
-1205539.6884055552,1885219.4435513972,10
-1205076.3756890276,1885219.4435513972,10
-1204613.0629725,1885219.4435513972,10
-1204149.7502559726,1885219.4435513972,10
-1203686.4375394452,1885219.4435513972,10
-1203223.1248229176,1885219.4435513972,10
-1202759.81210639,1885219.4435513972,10
-1202296.4993898626,1885219.4435513972,10
-1201833.186673335,1885219.4435513972,10
-1201369.8739568077,1885219.4435513972,10
-1200906.56124028,1885219.4435513972,10
-1200443.2485237527,1885219.4435513972,10
-1199979.935807225,1885219.4435513972,10
-1199516.6230906977,1885219.4435513972,10
-1199053.31037417,1885219.4435513972,10
-1198589.9976576427,1885219.4435513972,10
-1198126.684941115,1885219.4435513972,10
-1197663.3722245875,1885219.4435513972,10
-1197200.05950806,1885219.4435513972,10
-1196736.7467915327,1885219.4435513972,10
-1196273.4340750051,1885219.4435513972,10
-1195810.1213584775,1885219.4435513972,10
-1195346.8086419501,1885219.4435513972,10
-1194883.4959254225,1885219.4435513972,10
-1194420.1832088951,1885219.4435513972,10
-1193956.8704923675,1885219.4435513972,10
-1193493.5577758402,1885219.4435513972,10
-1193030.2450593126,1885219.4435513972,10
-1192566.9323427852,1885219.4435513972,10
-1192103.6196262576,1885219.4435513972,10
-1191640.3069097302,1885219.4435513972,10
-1191176.9941932026,1885219.4435513972,10
-1190713.6814766752,1885219.4435513972,10
-1190250.3687601476,1885219.4435513972,10
-1189787.0560436202,1885219.4435513972,10
-1189323.7433270926,1885219.4435513972,10
-1188860.430610565,1885219.4435513972,10
-1188397.1178940376,1885219.4435513972,10
-1187933.80517751,1885219.4435513972,10
-1187470.4924609826,1885219.4435513972,10
-1187007.179744455,1885219.4435513972,10
-1186543.8670279277,1885219.4435513972,10
-1186080.5543114,1885219.4435513972,10
-1185617.2415948727,1885219.4435513972,10
-1185153.928878345,1885219.4435513972,10
-1184690.6161618177,1885219.4435513972,10
-1184227.30344529,1885219.4435513972,10
-1183763.9907287627,1885219.4435513972,10
-1183300.678012235,1885219.4435513972,10
-1182837.3652957077,1885219.4435513972,10
-1182374.05257918,1885219.4435513972,10
-1181910.7398626525,1885219.4435513972,10
-1181447.4271461251,1885219.4435513972,10
-1180984.1144295975,1885219.4435513972,10
-1180520.8017130701,1885219.4435513972,10
-1180057.4889965425,1885219.4435513972,10
-1179594.1762800151,1885219.4435513972,10
-1179130.8635634875,1885219.4435513972,10
-1178667.5508469602,1885219.4435513972,10
-1178204.2381304326,1885219.4435513972,10
-1177740.9254139052,1885219.4435513972,10
-1177277.6126973776,1885219.4435513972,10
-1176814.2999808502,1885219.4435513972,10
-1176350.9872643226,1885219.4435513972,10
-1175887.6745477952,1885219.4435513972,10
-1175424.3618312676,1885219.4435513972,10
-1174961.04911474,1885219.4435513972,10
-1174497.7363982126,1885219.4435513972,10
-1174034.4236816852,1885219.4435513972,10
-1173571.1109651576,1885219.4435513972,10
-1173107.79824863,1885219.4435513972,10
-1172644.4855321026,1885219.4435513972,10
-1172181.172815575,1885219.4435513972,10
-1171717.8600990477,1885219.4435513972,10
-1171254.54738252,1885219.4435513972,10
-1170791.2346659927,1885219.4435513972,10
-1170327.921949465,1885219.4435513972,10
-1169864.6092329377,1885219.4435513972,10
-1169401.29651641,1885219.4435513972,10
-1361676.0738753227,1884756.1308348696,10
-1361212.761158795,1884756.1308348696,10
-1360749.4484422677,1884756.1308348696,10
-1360286.13572574,1884756.1308348696,10
-1359822.8230092125,1884756.1308348696,10
-1359359.5102926851,1884756.1308348696,10
-1358896.1975761575,1884756.1308348696,10
-1358432.8848596301,1884756.1308348696,10
-1357969.5721431025,1884756.1308348696,10
-1357506.2594265752,1884756.1308348696,10
-1357042.9467100475,1884756.1308348696,10
-1356579.6339935202,1884756.1308348696,10
-1356116.3212769926,1884756.1308348696,16
-1355653.0085604652,1884756.1308348696,16
-1355189.6958439376,1884756.1308348696,16
-1354726.3831274102,1884756.1308348696,16
-1354263.0704108826,1884756.1308348696,16
-1353799.7576943552,1884756.1308348696,16
-1353336.4449778276,1884756.1308348696,16
-1352873.1322613002,1884756.1308348696,16
-1352409.8195447726,1884756.1308348696,10
-1351946.506828245,1884756.1308348696,10
-1351483.1941117176,1884756.1308348696,16
-1351019.88139519,1884756.1308348696,10
-1350556.5686786626,1884756.1308348696,10
-1350093.255962135,1884756.1308348696,10
-1349629.9432456077,1884756.1308348696,16
-1349166.63052908,1884756.1308348696,16
-1348703.3178125527,1884756.1308348696,16
-1348240.005096025,1884756.1308348696,16
-1347776.6923794977,1884756.1308348696,16
-1347313.37966297,1884756.1308348696,16
-1346850.0669464427,1884756.1308348696,16
-1346386.754229915,1884756.1308348696,16
-1345923.4415133877,1884756.1308348696,16
-1345460.12879686,1884756.1308348696,16
-1344996.8160803327,1884756.1308348696,16
-1344533.5033638051,1884756.1308348696,16
-1344070.1906472775,1884756.1308348696,16
-1343606.8779307501,1884756.1308348696,16
-1343143.5652142225,1884756.1308348696,16
-1342680.2524976952,1884756.1308348696,16
-1342216.9397811675,1884756.1308348696,16
-1341753.6270646402,1884756.1308348696,16
-1341290.3143481126,1884756.1308348696,16
-1340827.0016315852,1884756.1308348696,16
-1340363.6889150576,1884756.1308348696,16
-1339900.3761985302,1884756.1308348696,16
-1339437.0634820026,1884756.1308348696,16
-1338973.7507654752,1884756.1308348696,16
-1338510.4380489476,1884756.1308348696,16
-1338047.1253324202,1884756.1308348696,16
-1337583.8126158926,1884756.1308348696,16
-1337120.499899365,1884756.1308348696,16
-1336657.1871828376,1884756.1308348696,16
-1336193.87446631,1884756.1308348696,16
-1335730.5617497826,1884756.1308348696,16
-1335267.249033255,1884756.1308348696,16
-1334803.9363167277,1884756.1308348696,16
-1334340.6236002,1884756.1308348696,16
-1333877.3108836727,1884756.1308348696,16
-1333413.998167145,1884756.1308348696,16
-1332950.6854506177,1884756.1308348696,16
-1332487.37273409,1884756.1308348696,16
-1332024.0600175627,1884756.1308348696,16
-1331560.747301035,1884756.1308348696,16
-1331097.4345845077,1884756.1308348696,16
-1330634.12186798,1884756.1308348696,16
-1330170.8091514525,1884756.1308348696,16
-1329707.4964349251,1884756.1308348696,10
-1329244.1837183975,1884756.1308348696,10
-1328780.8710018701,1884756.1308348696,16
-1328317.5582853425,1884756.1308348696,16
-1327854.2455688152,1884756.1308348696,16
-1327390.9328522875,1884756.1308348696,16
-1326927.6201357602,1884756.1308348696,16
-1326464.3074192326,1884756.1308348696,16
-1326000.9947027052,1884756.1308348696,16
-1325537.6819861776,1884756.1308348696,16
-1325074.3692696502,1884756.1308348696,16
-1324611.0565531226,1884756.1308348696,16
-1324147.7438365952,1884756.1308348696,16
-1323684.4311200676,1884756.1308348696,16
-1323221.11840354,1884756.1308348696,16
-1322757.8056870126,1884756.1308348696,16
-1322294.492970485,1884756.1308348696,16
-1321831.1802539576,1884756.1308348696,16
-1321367.86753743,1884756.1308348696,16
-1320904.5548209026,1884756.1308348696,16
-1320441.242104375,1884756.1308348696,16
-1319977.9293878477,1884756.1308348696,16
-1319514.61667132,1884756.1308348696,16
-1319051.3039547927,1884756.1308348696,16
-1318587.991238265,1884756.1308348696,16
-1318124.6785217377,1884756.1308348696,16
-1317661.36580521,1884756.1308348696,16
-1317198.0530886827,1884756.1308348696,16
-1316734.740372155,1884756.1308348696,16
-1316271.4276556277,1884756.1308348696,16
-1315808.1149391,1884756.1308348696,16
-1315344.8022225727,1884756.1308348696,16
-1314881.4895060451,1884756.1308348696,16
-1314418.1767895175,1884756.1308348696,16
-1313954.8640729901,1884756.1308348696,16
-1313491.5513564625,1884756.1308348696,16
-1313028.2386399352,1884756.1308348696,16
-1312564.9259234075,1884756.1308348696,16
-1312101.6132068802,1884756.1308348696,16
-1311638.3004903526,1884756.1308348696,16
-1311174.9877738252,1884756.1308348696,16
-1310711.6750572976,1884756.1308348696,16
-1310248.3623407702,1884756.1308348696,16
-1309785.0496242426,1884756.1308348696,16
-1309321.7369077152,1884756.1308348696,16
-1308858.4241911876,1884756.1308348696,16
-1308395.1114746602,1884756.1308348696,16
-1307931.7987581326,1884756.1308348696,10
-1307468.486041605,1884756.1308348696,10
-1307005.1733250776,1884756.1308348696,10
-1306541.86060855,1884756.1308348696,10
-1306078.5478920226,1884756.1308348696,10
-1305615.235175495,1884756.1308348696,10
-1305151.9224589677,1884756.1308348696,10
-1304688.60974244,1884756.1308348696,16
-1304225.2970259127,1884756.1308348696,10
-1303761.984309385,1884756.1308348696,10
-1303298.6715928577,1884756.1308348696,16
-1302835.35887633,1884756.1308348696,16
-1302372.0461598027,1884756.1308348696,16
-1301908.733443275,1884756.1308348696,16
-1301445.4207267477,1884756.1308348696,10
-1300982.10801022,1884756.1308348696,10
-1300518.7952936925,1884756.1308348696,10
-1300055.4825771651,1884756.1308348696,10
-1299592.1698606375,1884756.1308348696,10
-1299128.8571441101,1884756.1308348696,10
-1298665.5444275825,1884756.1308348696,10
-1298202.2317110552,1884756.1308348696,16
-1297738.9189945275,1884756.1308348696,16
-1297275.6062780002,1884756.1308348696,16
-1296812.2935614726,1884756.1308348696,10
-1296348.9808449452,1884756.1308348696,16
-1295885.6681284176,1884756.1308348696,10
-1295422.3554118902,1884756.1308348696,10
-1294959.0426953626,1884756.1308348696,10
-1294495.7299788352,1884756.1308348696,10
-1294032.4172623076,1884756.1308348696,10
-1293569.10454578,1884756.1308348696,16
-1293105.7918292526,1884756.1308348696,16
-1292642.479112725,1884756.1308348696,16
-1292179.1663961976,1884756.1308348696,16
-1291715.85367967,1884756.1308348696,16
-1291252.5409631426,1884756.1308348696,10
-1290789.228246615,1884756.1308348696,10
-1290325.9155300877,1884756.1308348696,10
-1289862.60281356,1884756.1308348696,16
-1289399.2900970327,1884756.1308348696,10
-1288935.977380505,1884756.1308348696,10
-1288472.6646639777,1884756.1308348696,7
-1288009.35194745,1884756.1308348696,10
-1287546.0392309227,1884756.1308348696,10
-1287082.726514395,1884756.1308348696,10
-1286619.4137978677,1884756.1308348696,10
-1286156.10108134,1884756.1308348696,10
-1285692.7883648127,1884756.1308348696,10
-1285229.4756482851,1884756.1308348696,10
-1284766.1629317575,1884756.1308348696,10
-1284302.8502152301,1884756.1308348696,10
-1283839.5374987025,1884756.1308348696,10
-1283376.2247821752,1884756.1308348696,10
-1282912.9120656475,1884756.1308348696,10
-1282449.5993491202,1884756.1308348696,10
-1281986.2866325926,1884756.1308348696,10
-1281522.9739160652,1884756.1308348696,10
-1281059.6611995376,1884756.1308348696,10
-1280596.3484830102,1884756.1308348696,10
-1280133.0357664826,1884756.1308348696,10
-1279669.7230499552,1884756.1308348696,10
-1279206.4103334276,1884756.1308348696,10
-1278743.0976169002,1884756.1308348696,10
-1278279.7849003726,1884756.1308348696,10
-1277816.472183845,1884756.1308348696,10
-1277353.1594673176,1884756.1308348696,10
-1276889.84675079,1884756.1308348696,10
-1276426.5340342626,1884756.1308348696,10
-1275963.221317735,1884756.1308348696,10
-1275499.9086012077,1884756.1308348696,10
-1275036.59588468,1884756.1308348696,10
-1274573.2831681527,1884756.1308348696,10
-1274109.970451625,1884756.1308348696,10
-1273646.6577350977,1884756.1308348696,10
-1273183.34501857,1884756.1308348696,10
-1272720.0323020427,1884756.1308348696,10
-1272256.719585515,1884756.1308348696,10
-1271793.4068689877,1884756.1308348696,10
-1271330.09415246,1884756.1308348696,10
-1270866.7814359325,1884756.1308348696,10
-1270403.4687194051,1884756.1308348696,10
-1269940.1560028775,1884756.1308348696,10
-1269476.8432863501,1884756.1308348696,10
-1269013.5305698225,1884756.1308348696,10
-1268550.2178532952,1884756.1308348696,10
-1268086.9051367675,1884756.1308348696,10
-1267623.5924202402,1884756.1308348696,16
-1267160.2797037126,1884756.1308348696,16
-1266696.9669871852,1884756.1308348696,16
-1266233.6542706576,1884756.1308348696,10
-1265770.3415541302,1884756.1308348696,16
-1265307.0288376026,1884756.1308348696,10
-1264843.7161210752,1884756.1308348696,10
-1264380.4034045476,1884756.1308348696,10
-1263917.09068802,1884756.1308348696,10
-1263453.7779714926,1884756.1308348696,10
-1262990.465254965,1884756.1308348696,10
-1262527.1525384376,1884756.1308348696,10
-1262063.83982191,1884756.1308348696,10
-1261600.5271053826,1884756.1308348696,10
-1261137.214388855,1884756.1308348696,10
-1260673.9016723277,1884756.1308348696,10
-1260210.5889558,1884756.1308348696,10
-1259747.2762392727,1884756.1308348696,10
-1259283.963522745,1884756.1308348696,10
-1258820.6508062177,1884756.1308348696,10
-1258357.33808969,1884756.1308348696,10
-1257894.0253731627,1884756.1308348696,10
-1257430.712656635,1884756.1308348696,10
-1256967.3999401077,1884756.1308348696,10
-1256504.08722358,1884756.1308348696,10
-1256040.7745070527,1884756.1308348696,10
-1255577.4617905251,1884756.1308348696,10
-1255114.1490739975,1884756.1308348696,10
-1254650.8363574701,1884756.1308348696,10
-1254187.5236409425,1884756.1308348696,10
-1253724.2109244152,1884756.1308348696,10
-1253260.8982078875,1884756.1308348696,10
-1252797.5854913602,1884756.1308348696,10
-1252334.2727748326,1884756.1308348696,10
-1251870.9600583052,1884756.1308348696,10
-1251407.6473417776,1884756.1308348696,10
-1250944.3346252502,1884756.1308348696,10
-1250481.0219087226,1884756.1308348696,10
-1250017.7091921952,1884756.1308348696,10
-1249554.3964756676,1884756.1308348696,10
-1249091.0837591402,1884756.1308348696,10
-1248627.7710426126,1884756.1308348696,10
-1248164.458326085,1884756.1308348696,10
-1247701.1456095576,1884756.1308348696,10
-1247237.83289303,1884756.1308348696,10
-1246774.5201765026,1884756.1308348696,10
-1246311.207459975,1884756.1308348696,10
-1245847.8947434477,1884756.1308348696,16
-1245384.58202692,1884756.1308348696,16
-1244921.2693103927,1884756.1308348696,16
-1244457.956593865,1884756.1308348696,16
-1243994.6438773377,1884756.1308348696,16
-1243531.33116081,1884756.1308348696,10
-1243068.0184442827,1884756.1308348696,10
-1242604.705727755,1884756.1308348696,10
-1242141.3930112277,1884756.1308348696,10
-1241678.0802947,1884756.1308348696,10
-1241214.7675781725,1884756.1308348696,10
-1240751.4548616451,1884756.1308348696,10
-1240288.1421451175,1884756.1308348696,10
-1239824.8294285901,1884756.1308348696,10
-1239361.5167120625,1884756.1308348696,10
-1238898.2039955352,1884756.1308348696,10
-1238434.8912790075,1884756.1308348696,10
-1237971.5785624802,1884756.1308348696,10
-1237508.2658459526,1884756.1308348696,10
-1237044.9531294252,1884756.1308348696,10
-1236581.6404128976,1884756.1308348696,10
-1236118.3276963702,1884756.1308348696,10
-1235655.0149798426,1884756.1308348696,10
-1235191.7022633152,1884756.1308348696,10
-1234728.3895467876,1884756.1308348696,10
-1234265.07683026,1884756.1308348696,10
-1233801.7641137326,1884756.1308348696,10
-1233338.4513972052,1884756.1308348696,10
-1232875.1386806776,1884756.1308348696,10
-1232411.82596415,1884756.1308348696,10
-1231948.5132476226,1884756.1308348696,10
-1231485.200531095,1884756.1308348696,10
-1231021.8878145677,1884756.1308348696,10
-1230558.57509804,1884756.1308348696,10
-1230095.2623815127,1884756.1308348696,10
-1229631.949664985,1884756.1308348696,10
-1229168.6369484577,1884756.1308348696,10
-1228705.32423193,1884756.1308348696,10
-1228242.0115154027,1884756.1308348696,10
-1227778.698798875,1884756.1308348696,10
-1227315.3860823475,1884756.1308348696,10
-1226852.07336582,1884756.1308348696,10
-1226388.7606492927,1884756.1308348696,10
-1225925.4479327651,1884756.1308348696,10
-1225462.1352162375,1884756.1308348696,10
-1224998.8224997101,1884756.1308348696,10
-1224535.5097831825,1884756.1308348696,10
-1224072.1970666551,1884756.1308348696,10
-1223608.8843501275,1884756.1308348696,10
-1223145.5716336002,1884756.1308348696,10
-1222682.2589170726,1884756.1308348696,10
-1222218.9462005452,1884756.1308348696,10
-1221755.6334840176,1884756.1308348696,10
-1221292.3207674902,1884756.1308348696,10
-1220829.0080509626,1884756.1308348696,10
-1220365.6953344352,1884756.1308348696,10
-1219902.3826179076,1884756.1308348696,10
-1219439.0699013802,1884756.1308348696,10
-1218975.7571848526,1884756.1308348696,10
-1218512.444468325,1884756.1308348696,10
-1218049.1317517976,1884756.1308348696,10
-1217585.81903527,1884756.1308348696,10
-1217122.5063187426,1884756.1308348696,10
-1216659.193602215,1884756.1308348696,10
-1216195.8808856877,1884756.1308348696,10
-1215732.56816916,1884756.1308348696,10
-1215269.2554526327,1884756.1308348696,10
-1214805.942736105,1884756.1308348696,10
-1214342.6300195777,1884756.1308348696,10
-1213879.31730305,1884756.1308348696,10
-1213416.0045865227,1884756.1308348696,10
-1212952.691869995,1884756.1308348696,10
-1212489.3791534677,1884756.1308348696,10
-1212026.06643694,1884756.1308348696,10
-1211562.7537204125,1884756.1308348696,10
-1211099.4410038851,1884756.1308348696,10
-1210636.1282873575,1884756.1308348696,10
-1210172.8155708301,1884756.1308348696,10
-1209709.5028543025,1884756.1308348696,10
-1209246.1901377751,1884756.1308348696,10
-1208782.8774212475,1884756.1308348696,10
-1208319.5647047202,1884756.1308348696,10
-1207856.2519881926,1884756.1308348696,10
-1207392.9392716652,1884756.1308348696,10
-1206929.6265551376,1884756.1308348696,10
-1206466.3138386102,1884756.1308348696,10
-1206003.0011220826,1884756.1308348696,10
-1205539.6884055552,1884756.1308348696,10
-1205076.3756890276,1884756.1308348696,10
-1204613.0629725,1884756.1308348696,10
-1204149.7502559726,1884756.1308348696,10
-1203686.4375394452,1884756.1308348696,10
-1203223.1248229176,1884756.1308348696,10
-1202759.81210639,1884756.1308348696,10
-1202296.4993898626,1884756.1308348696,10
-1201833.186673335,1884756.1308348696,10
-1201369.8739568077,1884756.1308348696,10
-1200906.56124028,1884756.1308348696,10
-1200443.2485237527,1884756.1308348696,10
-1199979.935807225,1884756.1308348696,10
-1199516.6230906977,1884756.1308348696,10
-1199053.31037417,1884756.1308348696,10
-1198589.9976576427,1884756.1308348696,10
-1198126.684941115,1884756.1308348696,10
-1197663.3722245875,1884756.1308348696,10
-1197200.05950806,1884756.1308348696,10
-1196736.7467915327,1884756.1308348696,10
-1196273.4340750051,1884756.1308348696,10
-1195810.1213584775,1884756.1308348696,10
-1195346.8086419501,1884756.1308348696,10
-1194883.4959254225,1884756.1308348696,10
-1194420.1832088951,1884756.1308348696,10
-1193956.8704923675,1884756.1308348696,10
-1193493.5577758402,1884756.1308348696,10
-1193030.2450593126,1884756.1308348696,10
-1192566.9323427852,1884756.1308348696,10
-1192103.6196262576,1884756.1308348696,10
-1191640.3069097302,1884756.1308348696,10
-1191176.9941932026,1884756.1308348696,10
-1190713.6814766752,1884756.1308348696,10
-1190250.3687601476,1884756.1308348696,10
-1189787.0560436202,1884756.1308348696,10
-1189323.7433270926,1884756.1308348696,10
-1188860.430610565,1884756.1308348696,10
-1188397.1178940376,1884756.1308348696,10
-1187933.80517751,1884756.1308348696,10
-1187470.4924609826,1884756.1308348696,10
-1187007.179744455,1884756.1308348696,10
-1186543.8670279277,1884756.1308348696,10
-1186080.5543114,1884756.1308348696,10
-1185617.2415948727,1884756.1308348696,10
-1185153.928878345,1884756.1308348696,10
-1184690.6161618177,1884756.1308348696,10
-1184227.30344529,1884756.1308348696,10
-1183763.9907287627,1884756.1308348696,10
-1183300.678012235,1884756.1308348696,10
-1182837.3652957077,1884756.1308348696,10
-1182374.05257918,1884756.1308348696,10
-1181910.7398626525,1884756.1308348696,10
-1181447.4271461251,1884756.1308348696,10
-1180984.1144295975,1884756.1308348696,10
-1180520.8017130701,1884756.1308348696,10
-1180057.4889965425,1884756.1308348696,10
-1179594.1762800151,1884756.1308348696,10
-1179130.8635634875,1884756.1308348696,10
-1178667.5508469602,1884756.1308348696,10
-1178204.2381304326,1884756.1308348696,10
-1177740.9254139052,1884756.1308348696,10
-1177277.6126973776,1884756.1308348696,10
-1176814.2999808502,1884756.1308348696,10
-1176350.9872643226,1884756.1308348696,10
-1175887.6745477952,1884756.1308348696,10
-1175424.3618312676,1884756.1308348696,10
-1174961.04911474,1884756.1308348696,10
-1174497.7363982126,1884756.1308348696,10
-1174034.4236816852,1884756.1308348696,10
-1173571.1109651576,1884756.1308348696,10
-1173107.79824863,1884756.1308348696,10
-1172644.4855321026,1884756.1308348696,10
-1172181.172815575,1884756.1308348696,10
-1171717.8600990477,1884756.1308348696,10
-1171254.54738252,1884756.1308348696,10
-1170791.2346659927,1884756.1308348696,10
-1170327.921949465,1884756.1308348696,10
-1169864.6092329377,1884756.1308348696,10
-1169401.29651641,1884756.1308348696,10
-1362139.38659185,1884292.8181183422,10
-1361676.0738753227,1884292.8181183422,10
-1361212.761158795,1884292.8181183422,10
-1360749.4484422677,1884292.8181183422,10
-1360286.13572574,1884292.8181183422,10
-1359822.8230092125,1884292.8181183422,10
-1359359.5102926851,1884292.8181183422,10
-1358896.1975761575,1884292.8181183422,10
-1358432.8848596301,1884292.8181183422,10
-1357969.5721431025,1884292.8181183422,16
-1357506.2594265752,1884292.8181183422,16
-1357042.9467100475,1884292.8181183422,16
-1356579.6339935202,1884292.8181183422,16
-1356116.3212769926,1884292.8181183422,16
-1355653.0085604652,1884292.8181183422,10
-1355189.6958439376,1884292.8181183422,10
-1354726.3831274102,1884292.8181183422,10
-1354263.0704108826,1884292.8181183422,10
-1353799.7576943552,1884292.8181183422,10
-1353336.4449778276,1884292.8181183422,16
-1352873.1322613002,1884292.8181183422,16
-1352409.8195447726,1884292.8181183422,10
-1351946.506828245,1884292.8181183422,10
-1351483.1941117176,1884292.8181183422,10
-1351019.88139519,1884292.8181183422,10
-1350556.5686786626,1884292.8181183422,10
-1350093.255962135,1884292.8181183422,16
-1349629.9432456077,1884292.8181183422,16
-1349166.63052908,1884292.8181183422,16
-1348703.3178125527,1884292.8181183422,16
-1348240.005096025,1884292.8181183422,16
-1347776.6923794977,1884292.8181183422,16
-1347313.37966297,1884292.8181183422,16
-1346850.0669464427,1884292.8181183422,16
-1346386.754229915,1884292.8181183422,16
-1345923.4415133877,1884292.8181183422,16
-1345460.12879686,1884292.8181183422,16
-1344996.8160803327,1884292.8181183422,16
-1344533.5033638051,1884292.8181183422,16
-1344070.1906472775,1884292.8181183422,16
-1343606.8779307501,1884292.8181183422,16
-1343143.5652142225,1884292.8181183422,16
-1342680.2524976952,1884292.8181183422,16
-1342216.9397811675,1884292.8181183422,16
-1341753.6270646402,1884292.8181183422,16
-1341290.3143481126,1884292.8181183422,16
-1340827.0016315852,1884292.8181183422,16
-1340363.6889150576,1884292.8181183422,16
-1339900.3761985302,1884292.8181183422,16
-1339437.0634820026,1884292.8181183422,16
-1338973.7507654752,1884292.8181183422,16
-1338510.4380489476,1884292.8181183422,16
-1338047.1253324202,1884292.8181183422,16
-1337583.8126158926,1884292.8181183422,16
-1337120.499899365,1884292.8181183422,16
-1336657.1871828376,1884292.8181183422,16
-1336193.87446631,1884292.8181183422,16
-1335730.5617497826,1884292.8181183422,16
-1335267.249033255,1884292.8181183422,16
-1334803.9363167277,1884292.8181183422,16
-1334340.6236002,1884292.8181183422,16
-1333877.3108836727,1884292.8181183422,16
-1333413.998167145,1884292.8181183422,16
-1332950.6854506177,1884292.8181183422,16
-1332487.37273409,1884292.8181183422,16
-1332024.0600175627,1884292.8181183422,16
-1331560.747301035,1884292.8181183422,16
-1331097.4345845077,1884292.8181183422,16
-1330634.12186798,1884292.8181183422,16
-1330170.8091514525,1884292.8181183422,16
-1329707.4964349251,1884292.8181183422,16
-1329244.1837183975,1884292.8181183422,10
-1328780.8710018701,1884292.8181183422,16
-1328317.5582853425,1884292.8181183422,16
-1327854.2455688152,1884292.8181183422,16
-1327390.9328522875,1884292.8181183422,16
-1326927.6201357602,1884292.8181183422,16
-1326464.3074192326,1884292.8181183422,16
-1326000.9947027052,1884292.8181183422,16
-1325537.6819861776,1884292.8181183422,16
-1325074.3692696502,1884292.8181183422,16
-1324611.0565531226,1884292.8181183422,16
-1324147.7438365952,1884292.8181183422,16
-1323684.4311200676,1884292.8181183422,16
-1323221.11840354,1884292.8181183422,16
-1322757.8056870126,1884292.8181183422,16
-1322294.492970485,1884292.8181183422,16
-1321831.1802539576,1884292.8181183422,16
-1321367.86753743,1884292.8181183422,16
-1320904.5548209026,1884292.8181183422,16
-1320441.242104375,1884292.8181183422,16
-1319977.9293878477,1884292.8181183422,16
-1319514.61667132,1884292.8181183422,16
-1319051.3039547927,1884292.8181183422,16
-1318587.991238265,1884292.8181183422,16
-1318124.6785217377,1884292.8181183422,16
-1317661.36580521,1884292.8181183422,16
-1317198.0530886827,1884292.8181183422,16
-1316734.740372155,1884292.8181183422,16
-1316271.4276556277,1884292.8181183422,16
-1315808.1149391,1884292.8181183422,16
-1315344.8022225727,1884292.8181183422,16
-1314881.4895060451,1884292.8181183422,16
-1314418.1767895175,1884292.8181183422,16
-1313954.8640729901,1884292.8181183422,16
-1313491.5513564625,1884292.8181183422,16
-1313028.2386399352,1884292.8181183422,16
-1312564.9259234075,1884292.8181183422,16
-1312101.6132068802,1884292.8181183422,16
-1311638.3004903526,1884292.8181183422,16
-1311174.9877738252,1884292.8181183422,16
-1310711.6750572976,1884292.8181183422,16
-1310248.3623407702,1884292.8181183422,16
-1309785.0496242426,1884292.8181183422,16
-1309321.7369077152,1884292.8181183422,16
-1308858.4241911876,1884292.8181183422,10
-1308395.1114746602,1884292.8181183422,16
-1307931.7987581326,1884292.8181183422,16
-1307468.486041605,1884292.8181183422,16
-1307005.1733250776,1884292.8181183422,10
-1306541.86060855,1884292.8181183422,10
-1306078.5478920226,1884292.8181183422,10
-1305615.235175495,1884292.8181183422,10
-1305151.9224589677,1884292.8181183422,10
-1304688.60974244,1884292.8181183422,10
-1304225.2970259127,1884292.8181183422,10
-1303761.984309385,1884292.8181183422,10
-1303298.6715928577,1884292.8181183422,10
-1302835.35887633,1884292.8181183422,10
-1302372.0461598027,1884292.8181183422,10
-1301908.733443275,1884292.8181183422,16
-1301445.4207267477,1884292.8181183422,16
-1300982.10801022,1884292.8181183422,16
-1300518.7952936925,1884292.8181183422,16
-1300055.4825771651,1884292.8181183422,16
-1299592.1698606375,1884292.8181183422,16
-1299128.8571441101,1884292.8181183422,16
-1298665.5444275825,1884292.8181183422,10
-1298202.2317110552,1884292.8181183422,16
-1297738.9189945275,1884292.8181183422,16
-1297275.6062780002,1884292.8181183422,16
-1296812.2935614726,1884292.8181183422,16
-1296348.9808449452,1884292.8181183422,16
-1295885.6681284176,1884292.8181183422,16
-1295422.3554118902,1884292.8181183422,16
-1294959.0426953626,1884292.8181183422,16
-1294495.7299788352,1884292.8181183422,10
-1294032.4172623076,1884292.8181183422,16
-1293569.10454578,1884292.8181183422,16
-1293105.7918292526,1884292.8181183422,16
-1292642.479112725,1884292.8181183422,16
-1292179.1663961976,1884292.8181183422,10
-1291715.85367967,1884292.8181183422,10
-1291252.5409631426,1884292.8181183422,10
-1290789.228246615,1884292.8181183422,10
-1290325.9155300877,1884292.8181183422,10
-1289862.60281356,1884292.8181183422,10
-1289399.2900970327,1884292.8181183422,10
-1288935.977380505,1884292.8181183422,10
-1288472.6646639777,1884292.8181183422,10
-1288009.35194745,1884292.8181183422,10
-1287546.0392309227,1884292.8181183422,10
-1287082.726514395,1884292.8181183422,10
-1286619.4137978677,1884292.8181183422,10
-1286156.10108134,1884292.8181183422,10
-1285692.7883648127,1884292.8181183422,10
-1285229.4756482851,1884292.8181183422,10
-1284766.1629317575,1884292.8181183422,10
-1284302.8502152301,1884292.8181183422,10
-1283839.5374987025,1884292.8181183422,10
-1283376.2247821752,1884292.8181183422,10
-1282912.9120656475,1884292.8181183422,10
-1282449.5993491202,1884292.8181183422,10
-1281986.2866325926,1884292.8181183422,10
-1281522.9739160652,1884292.8181183422,10
-1281059.6611995376,1884292.8181183422,10
-1280596.3484830102,1884292.8181183422,10
-1280133.0357664826,1884292.8181183422,10
-1279669.7230499552,1884292.8181183422,10
-1279206.4103334276,1884292.8181183422,10
-1278743.0976169002,1884292.8181183422,10
-1278279.7849003726,1884292.8181183422,10
-1277816.472183845,1884292.8181183422,10
-1277353.1594673176,1884292.8181183422,10
-1276889.84675079,1884292.8181183422,10
-1276426.5340342626,1884292.8181183422,10
-1275963.221317735,1884292.8181183422,10
-1275499.9086012077,1884292.8181183422,10
-1275036.59588468,1884292.8181183422,10
-1274573.2831681527,1884292.8181183422,10
-1274109.970451625,1884292.8181183422,10
-1273646.6577350977,1884292.8181183422,10
-1273183.34501857,1884292.8181183422,10
-1272720.0323020427,1884292.8181183422,10
-1272256.719585515,1884292.8181183422,10
-1271793.4068689877,1884292.8181183422,10
-1271330.09415246,1884292.8181183422,10
-1270866.7814359325,1884292.8181183422,10
-1270403.4687194051,1884292.8181183422,10
-1269940.1560028775,1884292.8181183422,10
-1269476.8432863501,1884292.8181183422,10
-1269013.5305698225,1884292.8181183422,10
-1268550.2178532952,1884292.8181183422,10
-1268086.9051367675,1884292.8181183422,10
-1267623.5924202402,1884292.8181183422,10
-1267160.2797037126,1884292.8181183422,10
-1266696.9669871852,1884292.8181183422,10
-1266233.6542706576,1884292.8181183422,10
-1265770.3415541302,1884292.8181183422,10
-1265307.0288376026,1884292.8181183422,10
-1264843.7161210752,1884292.8181183422,10
-1264380.4034045476,1884292.8181183422,10
-1263917.09068802,1884292.8181183422,10
-1263453.7779714926,1884292.8181183422,10
-1262990.465254965,1884292.8181183422,10
-1262527.1525384376,1884292.8181183422,10
-1262063.83982191,1884292.8181183422,10
-1261600.5271053826,1884292.8181183422,10
-1261137.214388855,1884292.8181183422,10
-1260673.9016723277,1884292.8181183422,10
-1260210.5889558,1884292.8181183422,10
-1259747.2762392727,1884292.8181183422,10
-1259283.963522745,1884292.8181183422,10
-1258820.6508062177,1884292.8181183422,10
-1258357.33808969,1884292.8181183422,10
-1257894.0253731627,1884292.8181183422,10
-1257430.712656635,1884292.8181183422,10
-1256967.3999401077,1884292.8181183422,10
-1256504.08722358,1884292.8181183422,10
-1256040.7745070527,1884292.8181183422,10
-1255577.4617905251,1884292.8181183422,10
-1255114.1490739975,1884292.8181183422,10
-1254650.8363574701,1884292.8181183422,10
-1254187.5236409425,1884292.8181183422,10
-1253724.2109244152,1884292.8181183422,10
-1253260.8982078875,1884292.8181183422,10
-1252797.5854913602,1884292.8181183422,10
-1252334.2727748326,1884292.8181183422,10
-1251870.9600583052,1884292.8181183422,10
-1251407.6473417776,1884292.8181183422,10
-1250944.3346252502,1884292.8181183422,10
-1250481.0219087226,1884292.8181183422,10
-1250017.7091921952,1884292.8181183422,10
-1249554.3964756676,1884292.8181183422,10
-1249091.0837591402,1884292.8181183422,10
-1248627.7710426126,1884292.8181183422,10
-1248164.458326085,1884292.8181183422,10
-1247701.1456095576,1884292.8181183422,10
-1247237.83289303,1884292.8181183422,10
-1246774.5201765026,1884292.8181183422,10
-1246311.207459975,1884292.8181183422,16
-1245847.8947434477,1884292.8181183422,16
-1245384.58202692,1884292.8181183422,16
-1244921.2693103927,1884292.8181183422,16
-1244457.956593865,1884292.8181183422,10
-1243994.6438773377,1884292.8181183422,16
-1243531.33116081,1884292.8181183422,16
-1243068.0184442827,1884292.8181183422,10
-1242604.705727755,1884292.8181183422,10
-1242141.3930112277,1884292.8181183422,10
-1241678.0802947,1884292.8181183422,10
-1241214.7675781725,1884292.8181183422,10
-1240751.4548616451,1884292.8181183422,10
-1240288.1421451175,1884292.8181183422,10
-1239824.8294285901,1884292.8181183422,10
-1239361.5167120625,1884292.8181183422,10
-1238898.2039955352,1884292.8181183422,10
-1238434.8912790075,1884292.8181183422,10
-1237971.5785624802,1884292.8181183422,10
-1237508.2658459526,1884292.8181183422,10
-1237044.9531294252,1884292.8181183422,10
-1236581.6404128976,1884292.8181183422,10
-1236118.3276963702,1884292.8181183422,10
-1235655.0149798426,1884292.8181183422,10
-1235191.7022633152,1884292.8181183422,10
-1234728.3895467876,1884292.8181183422,10
-1234265.07683026,1884292.8181183422,10
-1233801.7641137326,1884292.8181183422,10
-1233338.4513972052,1884292.8181183422,10
-1232875.1386806776,1884292.8181183422,10
-1232411.82596415,1884292.8181183422,10
-1231948.5132476226,1884292.8181183422,10
-1231485.200531095,1884292.8181183422,10
-1231021.8878145677,1884292.8181183422,10
-1230558.57509804,1884292.8181183422,10
-1230095.2623815127,1884292.8181183422,10
-1229631.949664985,1884292.8181183422,10
-1229168.6369484577,1884292.8181183422,10
-1228705.32423193,1884292.8181183422,10
-1228242.0115154027,1884292.8181183422,10
-1227778.698798875,1884292.8181183422,10
-1227315.3860823475,1884292.8181183422,10
-1226852.07336582,1884292.8181183422,10
-1226388.7606492927,1884292.8181183422,10
-1225925.4479327651,1884292.8181183422,10
-1225462.1352162375,1884292.8181183422,10
-1224998.8224997101,1884292.8181183422,10
-1224535.5097831825,1884292.8181183422,10
-1224072.1970666551,1884292.8181183422,10
-1223608.8843501275,1884292.8181183422,10
-1223145.5716336002,1884292.8181183422,10
-1222682.2589170726,1884292.8181183422,10
-1222218.9462005452,1884292.8181183422,10
-1221755.6334840176,1884292.8181183422,10
-1221292.3207674902,1884292.8181183422,10
-1220829.0080509626,1884292.8181183422,10
-1220365.6953344352,1884292.8181183422,10
-1219902.3826179076,1884292.8181183422,10
-1219439.0699013802,1884292.8181183422,10
-1218975.7571848526,1884292.8181183422,10
-1218512.444468325,1884292.8181183422,10
-1218049.1317517976,1884292.8181183422,10
-1217585.81903527,1884292.8181183422,10
-1217122.5063187426,1884292.8181183422,10
-1216659.193602215,1884292.8181183422,10
-1216195.8808856877,1884292.8181183422,10
-1215732.56816916,1884292.8181183422,10
-1215269.2554526327,1884292.8181183422,10
-1214805.942736105,1884292.8181183422,10
-1214342.6300195777,1884292.8181183422,10
-1213879.31730305,1884292.8181183422,10
-1213416.0045865227,1884292.8181183422,10
-1212952.691869995,1884292.8181183422,10
-1212489.3791534677,1884292.8181183422,10
-1212026.06643694,1884292.8181183422,10
-1211562.7537204125,1884292.8181183422,10
-1211099.4410038851,1884292.8181183422,10
-1210636.1282873575,1884292.8181183422,10
-1210172.8155708301,1884292.8181183422,10
-1209709.5028543025,1884292.8181183422,10
-1209246.1901377751,1884292.8181183422,10
-1208782.8774212475,1884292.8181183422,10
-1208319.5647047202,1884292.8181183422,10
-1207856.2519881926,1884292.8181183422,10
-1207392.9392716652,1884292.8181183422,10
-1206929.6265551376,1884292.8181183422,10
-1206466.3138386102,1884292.8181183422,10
-1206003.0011220826,1884292.8181183422,10
-1205539.6884055552,1884292.8181183422,10
-1205076.3756890276,1884292.8181183422,10
-1204613.0629725,1884292.8181183422,10
-1204149.7502559726,1884292.8181183422,10
-1203686.4375394452,1884292.8181183422,10
-1203223.1248229176,1884292.8181183422,10
-1202759.81210639,1884292.8181183422,10
-1202296.4993898626,1884292.8181183422,10
-1201833.186673335,1884292.8181183422,10
-1201369.8739568077,1884292.8181183422,10
-1200906.56124028,1884292.8181183422,10
-1200443.2485237527,1884292.8181183422,10
-1199979.935807225,1884292.8181183422,10
-1199516.6230906977,1884292.8181183422,10
-1199053.31037417,1884292.8181183422,10
-1198589.9976576427,1884292.8181183422,10
-1198126.684941115,1884292.8181183422,10
-1197663.3722245875,1884292.8181183422,10
-1197200.05950806,1884292.8181183422,10
-1196736.7467915327,1884292.8181183422,10
-1196273.4340750051,1884292.8181183422,10
-1195810.1213584775,1884292.8181183422,10
-1195346.8086419501,1884292.8181183422,10
-1194883.4959254225,1884292.8181183422,10
-1194420.1832088951,1884292.8181183422,10
-1193956.8704923675,1884292.8181183422,10
-1193493.5577758402,1884292.8181183422,10
-1193030.2450593126,1884292.8181183422,10
-1192566.9323427852,1884292.8181183422,10
-1192103.6196262576,1884292.8181183422,10
-1191640.3069097302,1884292.8181183422,10
-1191176.9941932026,1884292.8181183422,10
-1190713.6814766752,1884292.8181183422,10
-1190250.3687601476,1884292.8181183422,10
-1189787.0560436202,1884292.8181183422,10
-1189323.7433270926,1884292.8181183422,10
-1188860.430610565,1884292.8181183422,10
-1188397.1178940376,1884292.8181183422,10
-1187933.80517751,1884292.8181183422,10
-1187470.4924609826,1884292.8181183422,10
-1187007.179744455,1884292.8181183422,10
-1186543.8670279277,1884292.8181183422,10
-1186080.5543114,1884292.8181183422,10
-1185617.2415948727,1884292.8181183422,10
-1185153.928878345,1884292.8181183422,10
-1184690.6161618177,1884292.8181183422,10
-1184227.30344529,1884292.8181183422,10
-1183763.9907287627,1884292.8181183422,10
-1183300.678012235,1884292.8181183422,10
-1182837.3652957077,1884292.8181183422,10
-1182374.05257918,1884292.8181183422,10
-1181910.7398626525,1884292.8181183422,10
-1181447.4271461251,1884292.8181183422,10
-1180984.1144295975,1884292.8181183422,10
-1180520.8017130701,1884292.8181183422,10
-1180057.4889965425,1884292.8181183422,10
-1179594.1762800151,1884292.8181183422,10
-1179130.8635634875,1884292.8181183422,10
-1178667.5508469602,1884292.8181183422,10
-1178204.2381304326,1884292.8181183422,10
-1177740.9254139052,1884292.8181183422,10
-1177277.6126973776,1884292.8181183422,10
-1176814.2999808502,1884292.8181183422,10
-1176350.9872643226,1884292.8181183422,10
-1175887.6745477952,1884292.8181183422,10
-1175424.3618312676,1884292.8181183422,10
-1174961.04911474,1884292.8181183422,10
-1174497.7363982126,1884292.8181183422,10
-1174034.4236816852,1884292.8181183422,10
-1173571.1109651576,1884292.8181183422,10
-1173107.79824863,1884292.8181183422,10
-1172644.4855321026,1884292.8181183422,10
-1172181.172815575,1884292.8181183422,10
-1171717.8600990477,1884292.8181183422,10
-1171254.54738252,1884292.8181183422,10
-1170791.2346659927,1884292.8181183422,10
-1170327.921949465,1884292.8181183422,10
-1169864.6092329377,1884292.8181183422,10
-1169401.29651641,1884292.8181183422,10
-1362139.38659185,1883829.5054018148,10
-1361676.0738753227,1883829.5054018148,10
-1361212.761158795,1883829.5054018148,16
-1360749.4484422677,1883829.5054018148,10
-1360286.13572574,1883829.5054018148,10
-1359822.8230092125,1883829.5054018148,10
-1359359.5102926851,1883829.5054018148,10
-1358896.1975761575,1883829.5054018148,16
-1358432.8848596301,1883829.5054018148,10
-1357969.5721431025,1883829.5054018148,10
-1357506.2594265752,1883829.5054018148,16
-1357042.9467100475,1883829.5054018148,16
-1356579.6339935202,1883829.5054018148,10
-1356116.3212769926,1883829.5054018148,16
-1355653.0085604652,1883829.5054018148,16
-1355189.6958439376,1883829.5054018148,16
-1354726.3831274102,1883829.5054018148,16
-1354263.0704108826,1883829.5054018148,16
-1353799.7576943552,1883829.5054018148,10
-1353336.4449778276,1883829.5054018148,10
-1352873.1322613002,1883829.5054018148,10
-1352409.8195447726,1883829.5054018148,10
-1351946.506828245,1883829.5054018148,10
-1351483.1941117176,1883829.5054018148,10
-1351019.88139519,1883829.5054018148,10
-1350556.5686786626,1883829.5054018148,10
-1350093.255962135,1883829.5054018148,16
-1349629.9432456077,1883829.5054018148,16
-1349166.63052908,1883829.5054018148,16
-1348703.3178125527,1883829.5054018148,16
-1348240.005096025,1883829.5054018148,16
-1347776.6923794977,1883829.5054018148,10
-1347313.37966297,1883829.5054018148,10
-1346850.0669464427,1883829.5054018148,16
-1346386.754229915,1883829.5054018148,16
-1345923.4415133877,1883829.5054018148,16
-1345460.12879686,1883829.5054018148,16
-1344996.8160803327,1883829.5054018148,16
-1344533.5033638051,1883829.5054018148,16
-1344070.1906472775,1883829.5054018148,16
-1343606.8779307501,1883829.5054018148,16
-1343143.5652142225,1883829.5054018148,16
-1342680.2524976952,1883829.5054018148,16
-1342216.9397811675,1883829.5054018148,16
-1341753.6270646402,1883829.5054018148,16
-1341290.3143481126,1883829.5054018148,16
-1340827.0016315852,1883829.5054018148,16
-1340363.6889150576,1883829.5054018148,16
-1339900.3761985302,1883829.5054018148,16
-1339437.0634820026,1883829.5054018148,16
-1338973.7507654752,1883829.5054018148,16
-1338510.4380489476,1883829.5054018148,16
-1338047.1253324202,1883829.5054018148,16
-1337583.8126158926,1883829.5054018148,16
-1337120.499899365,1883829.5054018148,16
-1336657.1871828376,1883829.5054018148,16
-1336193.87446631,1883829.5054018148,16
-1335730.5617497826,1883829.5054018148,16
-1335267.249033255,1883829.5054018148,16
-1334803.9363167277,1883829.5054018148,16
-1334340.6236002,1883829.5054018148,16
-1333877.3108836727,1883829.5054018148,16
-1333413.998167145,1883829.5054018148,16
-1332950.6854506177,1883829.5054018148,16
-1332487.37273409,1883829.5054018148,16
-1332024.0600175627,1883829.5054018148,16
-1331560.747301035,1883829.5054018148,16
-1331097.4345845077,1883829.5054018148,16
-1330634.12186798,1883829.5054018148,16
-1330170.8091514525,1883829.5054018148,16
-1329707.4964349251,1883829.5054018148,16
-1329244.1837183975,1883829.5054018148,10
-1328780.8710018701,1883829.5054018148,16
-1328317.5582853425,1883829.5054018148,16
-1327854.2455688152,1883829.5054018148,16
-1327390.9328522875,1883829.5054018148,16
-1326927.6201357602,1883829.5054018148,16
-1326464.3074192326,1883829.5054018148,16
-1326000.9947027052,1883829.5054018148,16
-1325537.6819861776,1883829.5054018148,16
-1325074.3692696502,1883829.5054018148,16
-1324611.0565531226,1883829.5054018148,16
-1324147.7438365952,1883829.5054018148,16
-1323684.4311200676,1883829.5054018148,16
-1323221.11840354,1883829.5054018148,16
-1322757.8056870126,1883829.5054018148,16
-1322294.492970485,1883829.5054018148,16
-1321831.1802539576,1883829.5054018148,16
-1321367.86753743,1883829.5054018148,16
-1320904.5548209026,1883829.5054018148,16
-1320441.242104375,1883829.5054018148,16
-1319977.9293878477,1883829.5054018148,16
-1319514.61667132,1883829.5054018148,16
-1319051.3039547927,1883829.5054018148,16
-1318587.991238265,1883829.5054018148,16
-1318124.6785217377,1883829.5054018148,16
-1317661.36580521,1883829.5054018148,16
-1317198.0530886827,1883829.5054018148,16
-1316734.740372155,1883829.5054018148,16
-1316271.4276556277,1883829.5054018148,16
-1315808.1149391,1883829.5054018148,16
-1315344.8022225727,1883829.5054018148,16
-1314881.4895060451,1883829.5054018148,16
-1314418.1767895175,1883829.5054018148,16
-1313954.8640729901,1883829.5054018148,16
-1313491.5513564625,1883829.5054018148,16
-1313028.2386399352,1883829.5054018148,16
-1312564.9259234075,1883829.5054018148,16
-1312101.6132068802,1883829.5054018148,16
-1311638.3004903526,1883829.5054018148,16
-1311174.9877738252,1883829.5054018148,16
-1310711.6750572976,1883829.5054018148,16
-1310248.3623407702,1883829.5054018148,16
-1309785.0496242426,1883829.5054018148,16
-1309321.7369077152,1883829.5054018148,16
-1308858.4241911876,1883829.5054018148,16
-1308395.1114746602,1883829.5054018148,16
-1307931.7987581326,1883829.5054018148,16
-1307468.486041605,1883829.5054018148,16
-1307005.1733250776,1883829.5054018148,10
-1306541.86060855,1883829.5054018148,10
-1306078.5478920226,1883829.5054018148,10
-1305615.235175495,1883829.5054018148,10
-1305151.9224589677,1883829.5054018148,10
-1304688.60974244,1883829.5054018148,10
-1304225.2970259127,1883829.5054018148,10
-1303761.984309385,1883829.5054018148,10
-1303298.6715928577,1883829.5054018148,10
-1302835.35887633,1883829.5054018148,16
-1302372.0461598027,1883829.5054018148,16
-1301908.733443275,1883829.5054018148,16
-1301445.4207267477,1883829.5054018148,16
-1300982.10801022,1883829.5054018148,16
-1300518.7952936925,1883829.5054018148,16
-1300055.4825771651,1883829.5054018148,16
-1299592.1698606375,1883829.5054018148,16
-1299128.8571441101,1883829.5054018148,16
-1298665.5444275825,1883829.5054018148,16
-1298202.2317110552,1883829.5054018148,16
-1297738.9189945275,1883829.5054018148,16
-1297275.6062780002,1883829.5054018148,16
-1296812.2935614726,1883829.5054018148,16
-1296348.9808449452,1883829.5054018148,16
-1295885.6681284176,1883829.5054018148,16
-1295422.3554118902,1883829.5054018148,16
-1294959.0426953626,1883829.5054018148,16
-1294495.7299788352,1883829.5054018148,16
-1294032.4172623076,1883829.5054018148,16
-1293569.10454578,1883829.5054018148,16
-1293105.7918292526,1883829.5054018148,10
-1292642.479112725,1883829.5054018148,10
-1292179.1663961976,1883829.5054018148,10
-1291715.85367967,1883829.5054018148,10
-1291252.5409631426,1883829.5054018148,10
-1290789.228246615,1883829.5054018148,10
-1290325.9155300877,1883829.5054018148,10
-1289862.60281356,1883829.5054018148,10
-1289399.2900970327,1883829.5054018148,10
-1288935.977380505,1883829.5054018148,10
-1288472.6646639777,1883829.5054018148,10
-1288009.35194745,1883829.5054018148,10
-1287546.0392309227,1883829.5054018148,10
-1287082.726514395,1883829.5054018148,10
-1286619.4137978677,1883829.5054018148,10
-1286156.10108134,1883829.5054018148,10
-1285692.7883648127,1883829.5054018148,10
-1285229.4756482851,1883829.5054018148,10
-1284766.1629317575,1883829.5054018148,10
-1284302.8502152301,1883829.5054018148,10
-1283839.5374987025,1883829.5054018148,10
-1283376.2247821752,1883829.5054018148,10
-1282912.9120656475,1883829.5054018148,10
-1282449.5993491202,1883829.5054018148,10
-1281986.2866325926,1883829.5054018148,10
-1281522.9739160652,1883829.5054018148,10
-1281059.6611995376,1883829.5054018148,10
-1280596.3484830102,1883829.5054018148,10
-1280133.0357664826,1883829.5054018148,10
-1279669.7230499552,1883829.5054018148,10
-1279206.4103334276,1883829.5054018148,10
-1278743.0976169002,1883829.5054018148,10
-1278279.7849003726,1883829.5054018148,10
-1277816.472183845,1883829.5054018148,10
-1277353.1594673176,1883829.5054018148,10
-1276889.84675079,1883829.5054018148,10
-1276426.5340342626,1883829.5054018148,10
-1275963.221317735,1883829.5054018148,10
-1275499.9086012077,1883829.5054018148,10
-1275036.59588468,1883829.5054018148,10
-1274573.2831681527,1883829.5054018148,10
-1274109.970451625,1883829.5054018148,10
-1273646.6577350977,1883829.5054018148,10
-1273183.34501857,1883829.5054018148,7
-1272720.0323020427,1883829.5054018148,7
-1272256.719585515,1883829.5054018148,7
-1271793.4068689877,1883829.5054018148,7
-1271330.09415246,1883829.5054018148,10
-1270866.7814359325,1883829.5054018148,10
-1270403.4687194051,1883829.5054018148,10
-1269940.1560028775,1883829.5054018148,10
-1269476.8432863501,1883829.5054018148,10
-1269013.5305698225,1883829.5054018148,10
-1268550.2178532952,1883829.5054018148,10
-1268086.9051367675,1883829.5054018148,10
-1267623.5924202402,1883829.5054018148,10
-1267160.2797037126,1883829.5054018148,10
-1266696.9669871852,1883829.5054018148,10
-1266233.6542706576,1883829.5054018148,10
-1265770.3415541302,1883829.5054018148,10
-1265307.0288376026,1883829.5054018148,10
-1264843.7161210752,1883829.5054018148,10
-1264380.4034045476,1883829.5054018148,10
-1263917.09068802,1883829.5054018148,10
-1263453.7779714926,1883829.5054018148,10
-1262990.465254965,1883829.5054018148,10
-1262527.1525384376,1883829.5054018148,10
-1262063.83982191,1883829.5054018148,16
-1261600.5271053826,1883829.5054018148,10
-1261137.214388855,1883829.5054018148,10
-1260673.9016723277,1883829.5054018148,10
-1260210.5889558,1883829.5054018148,10
-1259747.2762392727,1883829.5054018148,10
-1259283.963522745,1883829.5054018148,10
-1258820.6508062177,1883829.5054018148,10
-1258357.33808969,1883829.5054018148,10
-1257894.0253731627,1883829.5054018148,10
-1257430.712656635,1883829.5054018148,10
-1256967.3999401077,1883829.5054018148,10
-1256504.08722358,1883829.5054018148,10
-1256040.7745070527,1883829.5054018148,10
-1255577.4617905251,1883829.5054018148,10
-1255114.1490739975,1883829.5054018148,10
-1254650.8363574701,1883829.5054018148,10
-1254187.5236409425,1883829.5054018148,10
-1253724.2109244152,1883829.5054018148,10
-1253260.8982078875,1883829.5054018148,10
-1252797.5854913602,1883829.5054018148,10
-1252334.2727748326,1883829.5054018148,10
-1251870.9600583052,1883829.5054018148,10
-1251407.6473417776,1883829.5054018148,10
-1250944.3346252502,1883829.5054018148,10
-1250481.0219087226,1883829.5054018148,10
-1250017.7091921952,1883829.5054018148,10
-1249554.3964756676,1883829.5054018148,10
-1249091.0837591402,1883829.5054018148,10
-1248627.7710426126,1883829.5054018148,10
-1248164.458326085,1883829.5054018148,10
-1247701.1456095576,1883829.5054018148,10
-1247237.83289303,1883829.5054018148,10
-1246774.5201765026,1883829.5054018148,16
-1246311.207459975,1883829.5054018148,16
-1245847.8947434477,1883829.5054018148,16
-1245384.58202692,1883829.5054018148,16
-1244921.2693103927,1883829.5054018148,16
-1244457.956593865,1883829.5054018148,10
-1243994.6438773377,1883829.5054018148,10
-1243531.33116081,1883829.5054018148,16
-1243068.0184442827,1883829.5054018148,16
-1242604.705727755,1883829.5054018148,16
-1242141.3930112277,1883829.5054018148,10
-1241678.0802947,1883829.5054018148,10
-1241214.7675781725,1883829.5054018148,10
-1240751.4548616451,1883829.5054018148,10
-1240288.1421451175,1883829.5054018148,10
-1239824.8294285901,1883829.5054018148,10
-1239361.5167120625,1883829.5054018148,10
-1238898.2039955352,1883829.5054018148,10
-1238434.8912790075,1883829.5054018148,10
-1237971.5785624802,1883829.5054018148,10
-1237508.2658459526,1883829.5054018148,10
-1237044.9531294252,1883829.5054018148,10
-1236581.6404128976,1883829.5054018148,10
-1236118.3276963702,1883829.5054018148,10
-1235655.0149798426,1883829.5054018148,10
-1235191.7022633152,1883829.5054018148,10
-1234728.3895467876,1883829.5054018148,10
-1234265.07683026,1883829.5054018148,10
-1233801.7641137326,1883829.5054018148,10
-1233338.4513972052,1883829.5054018148,10
-1232875.1386806776,1883829.5054018148,10
-1232411.82596415,1883829.5054018148,10
-1231948.5132476226,1883829.5054018148,10
-1231485.200531095,1883829.5054018148,10
-1231021.8878145677,1883829.5054018148,10
-1230558.57509804,1883829.5054018148,10
-1230095.2623815127,1883829.5054018148,10
-1229631.949664985,1883829.5054018148,10
-1229168.6369484577,1883829.5054018148,10
-1228705.32423193,1883829.5054018148,10
-1228242.0115154027,1883829.5054018148,10
-1227778.698798875,1883829.5054018148,10
-1227315.3860823475,1883829.5054018148,10
-1226852.07336582,1883829.5054018148,10
-1226388.7606492927,1883829.5054018148,10
-1225925.4479327651,1883829.5054018148,10
-1225462.1352162375,1883829.5054018148,10
-1224998.8224997101,1883829.5054018148,10
-1224535.5097831825,1883829.5054018148,10
-1224072.1970666551,1883829.5054018148,10
-1223608.8843501275,1883829.5054018148,10
-1223145.5716336002,1883829.5054018148,10
-1222682.2589170726,1883829.5054018148,10
-1222218.9462005452,1883829.5054018148,10
-1221755.6334840176,1883829.5054018148,10
-1221292.3207674902,1883829.5054018148,10
-1220829.0080509626,1883829.5054018148,10
-1220365.6953344352,1883829.5054018148,10
-1219902.3826179076,1883829.5054018148,10
-1219439.0699013802,1883829.5054018148,10
-1218975.7571848526,1883829.5054018148,10
-1218512.444468325,1883829.5054018148,10
-1218049.1317517976,1883829.5054018148,10
-1217585.81903527,1883829.5054018148,10
-1217122.5063187426,1883829.5054018148,10
-1216659.193602215,1883829.5054018148,10
-1216195.8808856877,1883829.5054018148,10
-1215732.56816916,1883829.5054018148,10
-1215269.2554526327,1883829.5054018148,10
-1214805.942736105,1883829.5054018148,10
-1214342.6300195777,1883829.5054018148,10
-1213879.31730305,1883829.5054018148,10
-1213416.0045865227,1883829.5054018148,10
-1212952.691869995,1883829.5054018148,10
-1212489.3791534677,1883829.5054018148,10
-1212026.06643694,1883829.5054018148,10
-1211562.7537204125,1883829.5054018148,10
-1211099.4410038851,1883829.5054018148,10
-1210636.1282873575,1883829.5054018148,10
-1210172.8155708301,1883829.5054018148,10
-1209709.5028543025,1883829.5054018148,10
-1209246.1901377751,1883829.5054018148,10
-1208782.8774212475,1883829.5054018148,10
-1208319.5647047202,1883829.5054018148,10
-1207856.2519881926,1883829.5054018148,10
-1207392.9392716652,1883829.5054018148,10
-1206929.6265551376,1883829.5054018148,10
-1206466.3138386102,1883829.5054018148,10
-1206003.0011220826,1883829.5054018148,10
-1205539.6884055552,1883829.5054018148,10
-1205076.3756890276,1883829.5054018148,10
-1204613.0629725,1883829.5054018148,10
-1204149.7502559726,1883829.5054018148,10
-1203686.4375394452,1883829.5054018148,10
-1203223.1248229176,1883829.5054018148,10
-1202759.81210639,1883829.5054018148,10
-1202296.4993898626,1883829.5054018148,10
-1201833.186673335,1883829.5054018148,10
-1201369.8739568077,1883829.5054018148,10
-1200906.56124028,1883829.5054018148,10
-1200443.2485237527,1883829.5054018148,10
-1199979.935807225,1883829.5054018148,10
-1199516.6230906977,1883829.5054018148,10
-1199053.31037417,1883829.5054018148,10
-1198589.9976576427,1883829.5054018148,10
-1198126.684941115,1883829.5054018148,10
-1197663.3722245875,1883829.5054018148,10
-1197200.05950806,1883829.5054018148,10
-1196736.7467915327,1883829.5054018148,10
-1196273.4340750051,1883829.5054018148,10
-1195810.1213584775,1883829.5054018148,10
-1195346.8086419501,1883829.5054018148,10
-1194883.4959254225,1883829.5054018148,10
-1194420.1832088951,1883829.5054018148,10
-1193956.8704923675,1883829.5054018148,10
-1193493.5577758402,1883829.5054018148,10
-1193030.2450593126,1883829.5054018148,10
-1192566.9323427852,1883829.5054018148,10
-1192103.6196262576,1883829.5054018148,10
-1191640.3069097302,1883829.5054018148,10
-1191176.9941932026,1883829.5054018148,10
-1190713.6814766752,1883829.5054018148,10
-1190250.3687601476,1883829.5054018148,10
-1189787.0560436202,1883829.5054018148,10
-1189323.7433270926,1883829.5054018148,10
-1188860.430610565,1883829.5054018148,10
-1188397.1178940376,1883829.5054018148,10
-1187933.80517751,1883829.5054018148,10
-1187470.4924609826,1883829.5054018148,10
-1187007.179744455,1883829.5054018148,10
-1186543.8670279277,1883829.5054018148,10
-1186080.5543114,1883829.5054018148,10
-1185617.2415948727,1883829.5054018148,10
-1185153.928878345,1883829.5054018148,10
-1184690.6161618177,1883829.5054018148,10
-1184227.30344529,1883829.5054018148,10
-1183763.9907287627,1883829.5054018148,10
-1183300.678012235,1883829.5054018148,10
-1182837.3652957077,1883829.5054018148,10
-1182374.05257918,1883829.5054018148,10
-1181910.7398626525,1883829.5054018148,10
-1181447.4271461251,1883829.5054018148,10
-1180984.1144295975,1883829.5054018148,10
-1180520.8017130701,1883829.5054018148,10
-1180057.4889965425,1883829.5054018148,10
-1179594.1762800151,1883829.5054018148,10
-1179130.8635634875,1883829.5054018148,10
-1178667.5508469602,1883829.5054018148,10
-1178204.2381304326,1883829.5054018148,10
-1177740.9254139052,1883829.5054018148,10
-1177277.6126973776,1883829.5054018148,10
-1176814.2999808502,1883829.5054018148,10
-1176350.9872643226,1883829.5054018148,10
-1175887.6745477952,1883829.5054018148,10
-1175424.3618312676,1883829.5054018148,10
-1174961.04911474,1883829.5054018148,10
-1174497.7363982126,1883829.5054018148,10
-1174034.4236816852,1883829.5054018148,10
-1173571.1109651576,1883829.5054018148,10
-1173107.79824863,1883829.5054018148,10
-1172644.4855321026,1883829.5054018148,10
-1172181.172815575,1883829.5054018148,10
-1171717.8600990477,1883829.5054018148,10
-1171254.54738252,1883829.5054018148,10
-1170791.2346659927,1883829.5054018148,10
-1170327.921949465,1883829.5054018148,10
-1169864.6092329377,1883829.5054018148,10
-1169401.29651641,1883829.5054018148,10
-1362602.6993083777,1883366.1926852872,10
-1362139.38659185,1883366.1926852872,10
-1361676.0738753227,1883366.1926852872,10
-1361212.761158795,1883366.1926852872,16
-1360749.4484422677,1883366.1926852872,16
-1360286.13572574,1883366.1926852872,16
-1359822.8230092125,1883366.1926852872,10
-1359359.5102926851,1883366.1926852872,16
-1358896.1975761575,1883366.1926852872,16
-1358432.8848596301,1883366.1926852872,16
-1357969.5721431025,1883366.1926852872,10
-1357506.2594265752,1883366.1926852872,10
-1357042.9467100475,1883366.1926852872,10
-1356579.6339935202,1883366.1926852872,16
-1356116.3212769926,1883366.1926852872,16
-1355653.0085604652,1883366.1926852872,16
-1355189.6958439376,1883366.1926852872,16
-1354726.3831274102,1883366.1926852872,16
-1354263.0704108826,1883366.1926852872,16
-1353799.7576943552,1883366.1926852872,10
-1353336.4449778276,1883366.1926852872,10
-1352873.1322613002,1883366.1926852872,10
-1352409.8195447726,1883366.1926852872,10
-1351946.506828245,1883366.1926852872,10
-1351483.1941117176,1883366.1926852872,10
-1351019.88139519,1883366.1926852872,10
-1350556.5686786626,1883366.1926852872,10
-1350093.255962135,1883366.1926852872,10
-1349629.9432456077,1883366.1926852872,10
-1349166.63052908,1883366.1926852872,10
-1348703.3178125527,1883366.1926852872,16
-1348240.005096025,1883366.1926852872,16
-1347776.6923794977,1883366.1926852872,16
-1347313.37966297,1883366.1926852872,10
-1346850.0669464427,1883366.1926852872,10
-1346386.754229915,1883366.1926852872,16
-1345923.4415133877,1883366.1926852872,16
-1345460.12879686,1883366.1926852872,16
-1344996.8160803327,1883366.1926852872,16
-1344533.5033638051,1883366.1926852872,16
-1344070.1906472775,1883366.1926852872,16
-1343606.8779307501,1883366.1926852872,16
-1343143.5652142225,1883366.1926852872,16
-1342680.2524976952,1883366.1926852872,16
-1342216.9397811675,1883366.1926852872,16
-1341753.6270646402,1883366.1926852872,16
-1341290.3143481126,1883366.1926852872,16
-1340827.0016315852,1883366.1926852872,16
-1340363.6889150576,1883366.1926852872,16
-1339900.3761985302,1883366.1926852872,16
-1339437.0634820026,1883366.1926852872,16
-1338973.7507654752,1883366.1926852872,16
-1338510.4380489476,1883366.1926852872,16
-1338047.1253324202,1883366.1926852872,16
-1337583.8126158926,1883366.1926852872,16
-1337120.499899365,1883366.1926852872,16
-1336657.1871828376,1883366.1926852872,16
-1336193.87446631,1883366.1926852872,16
-1335730.5617497826,1883366.1926852872,16
-1335267.249033255,1883366.1926852872,16
-1334803.9363167277,1883366.1926852872,16
-1334340.6236002,1883366.1926852872,16
-1333877.3108836727,1883366.1926852872,16
-1333413.998167145,1883366.1926852872,16
-1332950.6854506177,1883366.1926852872,16
-1332487.37273409,1883366.1926852872,16
-1332024.0600175627,1883366.1926852872,16
-1331560.747301035,1883366.1926852872,16
-1331097.4345845077,1883366.1926852872,16
-1330634.12186798,1883366.1926852872,16
-1330170.8091514525,1883366.1926852872,16
-1329707.4964349251,1883366.1926852872,16
-1329244.1837183975,1883366.1926852872,16
-1328780.8710018701,1883366.1926852872,16
-1328317.5582853425,1883366.1926852872,16
-1327854.2455688152,1883366.1926852872,16
-1327390.9328522875,1883366.1926852872,16
-1326927.6201357602,1883366.1926852872,16
-1326464.3074192326,1883366.1926852872,16
-1326000.9947027052,1883366.1926852872,16
-1325537.6819861776,1883366.1926852872,16
-1325074.3692696502,1883366.1926852872,16
-1324611.0565531226,1883366.1926852872,16
-1324147.7438365952,1883366.1926852872,16
-1323684.4311200676,1883366.1926852872,16
-1323221.11840354,1883366.1926852872,16
-1322757.8056870126,1883366.1926852872,16
-1322294.492970485,1883366.1926852872,16
-1321831.1802539576,1883366.1926852872,16
-1321367.86753743,1883366.1926852872,16
-1320904.5548209026,1883366.1926852872,16
-1320441.242104375,1883366.1926852872,16
-1319977.9293878477,1883366.1926852872,16
-1319514.61667132,1883366.1926852872,16
-1319051.3039547927,1883366.1926852872,16
-1318587.991238265,1883366.1926852872,16
-1318124.6785217377,1883366.1926852872,16
-1317661.36580521,1883366.1926852872,16
-1317198.0530886827,1883366.1926852872,16
-1316734.740372155,1883366.1926852872,16
-1316271.4276556277,1883366.1926852872,16
-1315808.1149391,1883366.1926852872,16
-1315344.8022225727,1883366.1926852872,16
-1314881.4895060451,1883366.1926852872,16
-1314418.1767895175,1883366.1926852872,16
-1313954.8640729901,1883366.1926852872,16
-1313491.5513564625,1883366.1926852872,16
-1313028.2386399352,1883366.1926852872,16
-1312564.9259234075,1883366.1926852872,16
-1312101.6132068802,1883366.1926852872,16
-1311638.3004903526,1883366.1926852872,16
-1311174.9877738252,1883366.1926852872,16
-1310711.6750572976,1883366.1926852872,16
-1310248.3623407702,1883366.1926852872,16
-1309785.0496242426,1883366.1926852872,16
-1309321.7369077152,1883366.1926852872,16
-1308858.4241911876,1883366.1926852872,16
-1308395.1114746602,1883366.1926852872,16
-1307931.7987581326,1883366.1926852872,16
-1307468.486041605,1883366.1926852872,16
-1307005.1733250776,1883366.1926852872,10
-1306541.86060855,1883366.1926852872,10
-1306078.5478920226,1883366.1926852872,10
-1305615.235175495,1883366.1926852872,10
-1305151.9224589677,1883366.1926852872,10
-1304688.60974244,1883366.1926852872,10
-1304225.2970259127,1883366.1926852872,10
-1303761.984309385,1883366.1926852872,10
-1303298.6715928577,1883366.1926852872,10
-1302835.35887633,1883366.1926852872,16
-1302372.0461598027,1883366.1926852872,16
-1301908.733443275,1883366.1926852872,16
-1301445.4207267477,1883366.1926852872,16
-1300982.10801022,1883366.1926852872,10
-1300518.7952936925,1883366.1926852872,10
-1300055.4825771651,1883366.1926852872,16
-1299592.1698606375,1883366.1926852872,16
-1299128.8571441101,1883366.1926852872,16
-1298665.5444275825,1883366.1926852872,16
-1298202.2317110552,1883366.1926852872,16
-1297738.9189945275,1883366.1926852872,10
-1297275.6062780002,1883366.1926852872,10
-1296812.2935614726,1883366.1926852872,16
-1296348.9808449452,1883366.1926852872,16
-1295885.6681284176,1883366.1926852872,16
-1295422.3554118902,1883366.1926852872,16
-1294959.0426953626,1883366.1926852872,16
-1294495.7299788352,1883366.1926852872,16
-1294032.4172623076,1883366.1926852872,10
-1293569.10454578,1883366.1926852872,10
-1293105.7918292526,1883366.1926852872,10
-1292642.479112725,1883366.1926852872,10
-1292179.1663961976,1883366.1926852872,10
-1291715.85367967,1883366.1926852872,10
-1291252.5409631426,1883366.1926852872,10
-1290789.228246615,1883366.1926852872,10
-1290325.9155300877,1883366.1926852872,10
-1289862.60281356,1883366.1926852872,10
-1289399.2900970327,1883366.1926852872,16
-1288935.977380505,1883366.1926852872,10
-1288472.6646639777,1883366.1926852872,10
-1288009.35194745,1883366.1926852872,10
-1287546.0392309227,1883366.1926852872,10
-1287082.726514395,1883366.1926852872,10
-1286619.4137978677,1883366.1926852872,7
-1286156.10108134,1883366.1926852872,7
-1285692.7883648127,1883366.1926852872,10
-1285229.4756482851,1883366.1926852872,10
-1284766.1629317575,1883366.1926852872,10
-1284302.8502152301,1883366.1926852872,10
-1283839.5374987025,1883366.1926852872,10
-1283376.2247821752,1883366.1926852872,10
-1282912.9120656475,1883366.1926852872,10
-1282449.5993491202,1883366.1926852872,10
-1281986.2866325926,1883366.1926852872,10
-1281522.9739160652,1883366.1926852872,10
-1281059.6611995376,1883366.1926852872,10
-1280596.3484830102,1883366.1926852872,10
-1280133.0357664826,1883366.1926852872,10
-1279669.7230499552,1883366.1926852872,10
-1279206.4103334276,1883366.1926852872,10
-1278743.0976169002,1883366.1926852872,10
-1278279.7849003726,1883366.1926852872,10
-1277816.472183845,1883366.1926852872,10
-1277353.1594673176,1883366.1926852872,10
-1276889.84675079,1883366.1926852872,10
-1276426.5340342626,1883366.1926852872,10
-1275963.221317735,1883366.1926852872,10
-1275499.9086012077,1883366.1926852872,10
-1275036.59588468,1883366.1926852872,10
-1274573.2831681527,1883366.1926852872,10
-1274109.970451625,1883366.1926852872,7
-1273646.6577350977,1883366.1926852872,7
-1273183.34501857,1883366.1926852872,7
-1272720.0323020427,1883366.1926852872,10
-1272256.719585515,1883366.1926852872,10
-1271793.4068689877,1883366.1926852872,10
-1271330.09415246,1883366.1926852872,10
-1270866.7814359325,1883366.1926852872,10
-1270403.4687194051,1883366.1926852872,10
-1269940.1560028775,1883366.1926852872,10
-1269476.8432863501,1883366.1926852872,10
-1269013.5305698225,1883366.1926852872,10
-1268550.2178532952,1883366.1926852872,10
-1268086.9051367675,1883366.1926852872,10
-1267623.5924202402,1883366.1926852872,10
-1267160.2797037126,1883366.1926852872,10
-1266696.9669871852,1883366.1926852872,10
-1266233.6542706576,1883366.1926852872,10
-1265770.3415541302,1883366.1926852872,10
-1265307.0288376026,1883366.1926852872,10
-1264843.7161210752,1883366.1926852872,10
-1264380.4034045476,1883366.1926852872,10
-1263917.09068802,1883366.1926852872,10
-1263453.7779714926,1883366.1926852872,10
-1262990.465254965,1883366.1926852872,10
-1262527.1525384376,1883366.1926852872,10
-1262063.83982191,1883366.1926852872,16
-1261600.5271053826,1883366.1926852872,10
-1261137.214388855,1883366.1926852872,16
-1260673.9016723277,1883366.1926852872,10
-1260210.5889558,1883366.1926852872,10
-1259747.2762392727,1883366.1926852872,16
-1259283.963522745,1883366.1926852872,10
-1258820.6508062177,1883366.1926852872,10
-1258357.33808969,1883366.1926852872,10
-1257894.0253731627,1883366.1926852872,10
-1257430.712656635,1883366.1926852872,10
-1256967.3999401077,1883366.1926852872,10
-1256504.08722358,1883366.1926852872,10
-1256040.7745070527,1883366.1926852872,10
-1255577.4617905251,1883366.1926852872,10
-1255114.1490739975,1883366.1926852872,10
-1254650.8363574701,1883366.1926852872,10
-1254187.5236409425,1883366.1926852872,10
-1253724.2109244152,1883366.1926852872,10
-1253260.8982078875,1883366.1926852872,10
-1252797.5854913602,1883366.1926852872,10
-1252334.2727748326,1883366.1926852872,10
-1251870.9600583052,1883366.1926852872,10
-1251407.6473417776,1883366.1926852872,10
-1250944.3346252502,1883366.1926852872,10
-1250481.0219087226,1883366.1926852872,10
-1250017.7091921952,1883366.1926852872,10
-1249554.3964756676,1883366.1926852872,10
-1249091.0837591402,1883366.1926852872,10
-1248627.7710426126,1883366.1926852872,10
-1248164.458326085,1883366.1926852872,10
-1247701.1456095576,1883366.1926852872,10
-1247237.83289303,1883366.1926852872,10
-1246774.5201765026,1883366.1926852872,16
-1246311.207459975,1883366.1926852872,16
-1245847.8947434477,1883366.1926852872,16
-1245384.58202692,1883366.1926852872,16
-1244921.2693103927,1883366.1926852872,16
-1244457.956593865,1883366.1926852872,10
-1243994.6438773377,1883366.1926852872,10
-1243531.33116081,1883366.1926852872,16
-1243068.0184442827,1883366.1926852872,16
-1242604.705727755,1883366.1926852872,16
-1242141.3930112277,1883366.1926852872,16
-1241678.0802947,1883366.1926852872,16
-1241214.7675781725,1883366.1926852872,10
-1240751.4548616451,1883366.1926852872,10
-1240288.1421451175,1883366.1926852872,10
-1239824.8294285901,1883366.1926852872,10
-1239361.5167120625,1883366.1926852872,10
-1238898.2039955352,1883366.1926852872,10
-1238434.8912790075,1883366.1926852872,10
-1237971.5785624802,1883366.1926852872,10
-1237508.2658459526,1883366.1926852872,10
-1237044.9531294252,1883366.1926852872,10
-1236581.6404128976,1883366.1926852872,10
-1236118.3276963702,1883366.1926852872,10
-1235655.0149798426,1883366.1926852872,10
-1235191.7022633152,1883366.1926852872,10
-1234728.3895467876,1883366.1926852872,10
-1234265.07683026,1883366.1926852872,10
-1233801.7641137326,1883366.1926852872,10
-1233338.4513972052,1883366.1926852872,10
-1232875.1386806776,1883366.1926852872,10
-1232411.82596415,1883366.1926852872,10
-1231948.5132476226,1883366.1926852872,10
-1231485.200531095,1883366.1926852872,10
-1231021.8878145677,1883366.1926852872,10
-1230558.57509804,1883366.1926852872,10
-1230095.2623815127,1883366.1926852872,10
-1229631.949664985,1883366.1926852872,10
-1229168.6369484577,1883366.1926852872,10
-1228705.32423193,1883366.1926852872,10
-1228242.0115154027,1883366.1926852872,10
-1227778.698798875,1883366.1926852872,10
-1227315.3860823475,1883366.1926852872,10
-1226852.07336582,1883366.1926852872,10
-1226388.7606492927,1883366.1926852872,10
-1225925.4479327651,1883366.1926852872,10
-1225462.1352162375,1883366.1926852872,10
-1224998.8224997101,1883366.1926852872,10
-1224535.5097831825,1883366.1926852872,10
-1224072.1970666551,1883366.1926852872,10
-1223608.8843501275,1883366.1926852872,10
-1223145.5716336002,1883366.1926852872,10
-1222682.2589170726,1883366.1926852872,10
-1222218.9462005452,1883366.1926852872,10
-1221755.6334840176,1883366.1926852872,10
-1221292.3207674902,1883366.1926852872,10
-1220829.0080509626,1883366.1926852872,10
-1220365.6953344352,1883366.1926852872,10
-1219902.3826179076,1883366.1926852872,10
-1219439.0699013802,1883366.1926852872,10
-1218975.7571848526,1883366.1926852872,10
-1218512.444468325,1883366.1926852872,10
-1218049.1317517976,1883366.1926852872,10
-1217585.81903527,1883366.1926852872,10
-1217122.5063187426,1883366.1926852872,10
-1216659.193602215,1883366.1926852872,10
-1216195.8808856877,1883366.1926852872,10
-1215732.56816916,1883366.1926852872,10
-1215269.2554526327,1883366.1926852872,10
-1214805.942736105,1883366.1926852872,10
-1214342.6300195777,1883366.1926852872,10
-1213879.31730305,1883366.1926852872,10
-1213416.0045865227,1883366.1926852872,10
-1212952.691869995,1883366.1926852872,10
-1212489.3791534677,1883366.1926852872,10
-1212026.06643694,1883366.1926852872,10
-1211562.7537204125,1883366.1926852872,10
-1211099.4410038851,1883366.1926852872,10
-1210636.1282873575,1883366.1926852872,10
-1210172.8155708301,1883366.1926852872,10
-1209709.5028543025,1883366.1926852872,10
-1209246.1901377751,1883366.1926852872,10
-1208782.8774212475,1883366.1926852872,10
-1208319.5647047202,1883366.1926852872,10
-1207856.2519881926,1883366.1926852872,10
-1207392.9392716652,1883366.1926852872,10
-1206929.6265551376,1883366.1926852872,10
-1206466.3138386102,1883366.1926852872,10
-1206003.0011220826,1883366.1926852872,10
-1205539.6884055552,1883366.1926852872,10
-1205076.3756890276,1883366.1926852872,10
-1204613.0629725,1883366.1926852872,10
-1204149.7502559726,1883366.1926852872,10
-1203686.4375394452,1883366.1926852872,10
-1203223.1248229176,1883366.1926852872,10
-1202759.81210639,1883366.1926852872,10
-1202296.4993898626,1883366.1926852872,10
-1201833.186673335,1883366.1926852872,10
-1201369.8739568077,1883366.1926852872,10
-1200906.56124028,1883366.1926852872,10
-1200443.2485237527,1883366.1926852872,10
-1199979.935807225,1883366.1926852872,10
-1199516.6230906977,1883366.1926852872,10
-1199053.31037417,1883366.1926852872,10
-1198589.9976576427,1883366.1926852872,10
-1198126.684941115,1883366.1926852872,10
-1197663.3722245875,1883366.1926852872,10
-1197200.05950806,1883366.1926852872,10
-1196736.7467915327,1883366.1926852872,10
-1196273.4340750051,1883366.1926852872,10
-1195810.1213584775,1883366.1926852872,10
-1195346.8086419501,1883366.1926852872,10
-1194883.4959254225,1883366.1926852872,10
-1194420.1832088951,1883366.1926852872,10
-1193956.8704923675,1883366.1926852872,10
-1193493.5577758402,1883366.1926852872,10
-1193030.2450593126,1883366.1926852872,10
-1192566.9323427852,1883366.1926852872,10
-1192103.6196262576,1883366.1926852872,10
-1191640.3069097302,1883366.1926852872,10
-1191176.9941932026,1883366.1926852872,10
-1190713.6814766752,1883366.1926852872,10
-1190250.3687601476,1883366.1926852872,10
-1189787.0560436202,1883366.1926852872,10
-1189323.7433270926,1883366.1926852872,10
-1188860.430610565,1883366.1926852872,10
-1188397.1178940376,1883366.1926852872,10
-1187933.80517751,1883366.1926852872,10
-1187470.4924609826,1883366.1926852872,10
-1187007.179744455,1883366.1926852872,10
-1186543.8670279277,1883366.1926852872,10
-1186080.5543114,1883366.1926852872,10
-1185617.2415948727,1883366.1926852872,10
-1185153.928878345,1883366.1926852872,10
-1184690.6161618177,1883366.1926852872,10
-1184227.30344529,1883366.1926852872,10
-1183763.9907287627,1883366.1926852872,10
-1183300.678012235,1883366.1926852872,10
-1182837.3652957077,1883366.1926852872,10
-1182374.05257918,1883366.1926852872,10
-1181910.7398626525,1883366.1926852872,10
-1181447.4271461251,1883366.1926852872,10
-1180984.1144295975,1883366.1926852872,10
-1180520.8017130701,1883366.1926852872,10
-1180057.4889965425,1883366.1926852872,10
-1179594.1762800151,1883366.1926852872,10
-1179130.8635634875,1883366.1926852872,10
-1178667.5508469602,1883366.1926852872,10
-1178204.2381304326,1883366.1926852872,10
-1177740.9254139052,1883366.1926852872,10
-1177277.6126973776,1883366.1926852872,10
-1176814.2999808502,1883366.1926852872,10
-1176350.9872643226,1883366.1926852872,10
-1175887.6745477952,1883366.1926852872,10
-1175424.3618312676,1883366.1926852872,10
-1174961.04911474,1883366.1926852872,10
-1174497.7363982126,1883366.1926852872,10
-1174034.4236816852,1883366.1926852872,10
-1173571.1109651576,1883366.1926852872,10
-1173107.79824863,1883366.1926852872,10
-1172644.4855321026,1883366.1926852872,10
-1172181.172815575,1883366.1926852872,10
-1171717.8600990477,1883366.1926852872,10
-1171254.54738252,1883366.1926852872,10
-1170791.2346659927,1883366.1926852872,10
-1170327.921949465,1883366.1926852872,10
-1169864.6092329377,1883366.1926852872,10
-1169401.29651641,1883366.1926852872,10
-1362602.6993083777,1882902.8799687596,10
-1362139.38659185,1882902.8799687596,16
-1361676.0738753227,1882902.8799687596,16
-1361212.761158795,1882902.8799687596,16
-1360749.4484422677,1882902.8799687596,16
-1360286.13572574,1882902.8799687596,16
-1359822.8230092125,1882902.8799687596,16
-1359359.5102926851,1882902.8799687596,10
-1358896.1975761575,1882902.8799687596,16
-1358432.8848596301,1882902.8799687596,10
-1357969.5721431025,1882902.8799687596,10
-1357506.2594265752,1882902.8799687596,10
-1357042.9467100475,1882902.8799687596,10
-1356579.6339935202,1882902.8799687596,16
-1356116.3212769926,1882902.8799687596,16
-1355653.0085604652,1882902.8799687596,16
-1355189.6958439376,1882902.8799687596,16
-1354726.3831274102,1882902.8799687596,16
-1354263.0704108826,1882902.8799687596,16
-1353799.7576943552,1882902.8799687596,10
-1353336.4449778276,1882902.8799687596,10
-1352873.1322613002,1882902.8799687596,10
-1352409.8195447726,1882902.8799687596,10
-1351946.506828245,1882902.8799687596,10
-1351483.1941117176,1882902.8799687596,10
-1351019.88139519,1882902.8799687596,10
-1350556.5686786626,1882902.8799687596,10
-1350093.255962135,1882902.8799687596,10
-1349629.9432456077,1882902.8799687596,10
-1349166.63052908,1882902.8799687596,10
-1348703.3178125527,1882902.8799687596,10
-1348240.005096025,1882902.8799687596,10
-1347776.6923794977,1882902.8799687596,16
-1347313.37966297,1882902.8799687596,10
-1346850.0669464427,1882902.8799687596,10
-1346386.754229915,1882902.8799687596,16
-1345923.4415133877,1882902.8799687596,16
-1345460.12879686,1882902.8799687596,16
-1344996.8160803327,1882902.8799687596,16
-1344533.5033638051,1882902.8799687596,16
-1344070.1906472775,1882902.8799687596,16
-1343606.8779307501,1882902.8799687596,16
-1343143.5652142225,1882902.8799687596,16
-1342680.2524976952,1882902.8799687596,16
-1342216.9397811675,1882902.8799687596,16
-1341753.6270646402,1882902.8799687596,16
-1341290.3143481126,1882902.8799687596,16
-1340827.0016315852,1882902.8799687596,16
-1340363.6889150576,1882902.8799687596,16
-1339900.3761985302,1882902.8799687596,16
-1339437.0634820026,1882902.8799687596,16
-1338973.7507654752,1882902.8799687596,16
-1338510.4380489476,1882902.8799687596,16
-1338047.1253324202,1882902.8799687596,16
-1337583.8126158926,1882902.8799687596,16
-1337120.499899365,1882902.8799687596,16
-1336657.1871828376,1882902.8799687596,16
-1336193.87446631,1882902.8799687596,16
-1335730.5617497826,1882902.8799687596,16
-1335267.249033255,1882902.8799687596,16
-1334803.9363167277,1882902.8799687596,16
-1334340.6236002,1882902.8799687596,16
-1333877.3108836727,1882902.8799687596,16
-1333413.998167145,1882902.8799687596,16
-1332950.6854506177,1882902.8799687596,16
-1332487.37273409,1882902.8799687596,16
-1332024.0600175627,1882902.8799687596,16
-1331560.747301035,1882902.8799687596,16
-1331097.4345845077,1882902.8799687596,16
-1330634.12186798,1882902.8799687596,16
-1330170.8091514525,1882902.8799687596,16
-1329707.4964349251,1882902.8799687596,16
-1329244.1837183975,1882902.8799687596,16
-1328780.8710018701,1882902.8799687596,16
-1328317.5582853425,1882902.8799687596,16
-1327854.2455688152,1882902.8799687596,16
-1327390.9328522875,1882902.8799687596,16
-1326927.6201357602,1882902.8799687596,16
-1326464.3074192326,1882902.8799687596,16
-1326000.9947027052,1882902.8799687596,16
-1325537.6819861776,1882902.8799687596,16
-1325074.3692696502,1882902.8799687596,16
-1324611.0565531226,1882902.8799687596,16
-1324147.7438365952,1882902.8799687596,16
-1323684.4311200676,1882902.8799687596,16
-1323221.11840354,1882902.8799687596,16
-1322757.8056870126,1882902.8799687596,16
-1322294.492970485,1882902.8799687596,16
-1321831.1802539576,1882902.8799687596,16
-1321367.86753743,1882902.8799687596,16
-1320904.5548209026,1882902.8799687596,16
-1320441.242104375,1882902.8799687596,16
-1319977.9293878477,1882902.8799687596,16
-1319514.61667132,1882902.8799687596,16
-1319051.3039547927,1882902.8799687596,16
-1318587.991238265,1882902.8799687596,10
-1318124.6785217377,1882902.8799687596,16
-1317661.36580521,1882902.8799687596,16
-1317198.0530886827,1882902.8799687596,16
-1316734.740372155,1882902.8799687596,16
-1316271.4276556277,1882902.8799687596,16
-1315808.1149391,1882902.8799687596,16
-1315344.8022225727,1882902.8799687596,16
-1314881.4895060451,1882902.8799687596,16
-1314418.1767895175,1882902.8799687596,16
-1313954.8640729901,1882902.8799687596,16
-1313491.5513564625,1882902.8799687596,16
-1313028.2386399352,1882902.8799687596,16
-1312564.9259234075,1882902.8799687596,16
-1312101.6132068802,1882902.8799687596,16
-1311638.3004903526,1882902.8799687596,16
-1311174.9877738252,1882902.8799687596,16
-1310711.6750572976,1882902.8799687596,16
-1310248.3623407702,1882902.8799687596,10
-1309785.0496242426,1882902.8799687596,10
-1309321.7369077152,1882902.8799687596,16
-1308858.4241911876,1882902.8799687596,7
-1308395.1114746602,1882902.8799687596,7
-1307931.7987581326,1882902.8799687596,16
-1307468.486041605,1882902.8799687596,16
-1307005.1733250776,1882902.8799687596,10
-1306541.86060855,1882902.8799687596,10
-1306078.5478920226,1882902.8799687596,10
-1305615.235175495,1882902.8799687596,10
-1305151.9224589677,1882902.8799687596,10
-1304688.60974244,1882902.8799687596,10
-1304225.2970259127,1882902.8799687596,10
-1303761.984309385,1882902.8799687596,10
-1303298.6715928577,1882902.8799687596,10
-1302835.35887633,1882902.8799687596,10
-1302372.0461598027,1882902.8799687596,10
-1301908.733443275,1882902.8799687596,10
-1301445.4207267477,1882902.8799687596,16
-1300982.10801022,1882902.8799687596,10
-1300518.7952936925,1882902.8799687596,10
-1300055.4825771651,1882902.8799687596,10
-1299592.1698606375,1882902.8799687596,10
-1299128.8571441101,1882902.8799687596,16
-1298665.5444275825,1882902.8799687596,16
-1298202.2317110552,1882902.8799687596,16
-1297738.9189945275,1882902.8799687596,16
-1297275.6062780002,1882902.8799687596,10
-1296812.2935614726,1882902.8799687596,10
-1296348.9808449452,1882902.8799687596,16
-1295885.6681284176,1882902.8799687596,16
-1295422.3554118902,1882902.8799687596,16
-1294959.0426953626,1882902.8799687596,10
-1294495.7299788352,1882902.8799687596,10
-1294032.4172623076,1882902.8799687596,10
-1293569.10454578,1882902.8799687596,10
-1293105.7918292526,1882902.8799687596,16
-1292642.479112725,1882902.8799687596,16
-1292179.1663961976,1882902.8799687596,10
-1291715.85367967,1882902.8799687596,10
-1291252.5409631426,1882902.8799687596,10
-1290789.228246615,1882902.8799687596,10
-1290325.9155300877,1882902.8799687596,10
-1289862.60281356,1882902.8799687596,10
-1289399.2900970327,1882902.8799687596,10
-1288935.977380505,1882902.8799687596,10
-1288472.6646639777,1882902.8799687596,10
-1288009.35194745,1882902.8799687596,10
-1287546.0392309227,1882902.8799687596,10
-1287082.726514395,1882902.8799687596,10
-1286619.4137978677,1882902.8799687596,10
-1286156.10108134,1882902.8799687596,10
-1285692.7883648127,1882902.8799687596,10
-1285229.4756482851,1882902.8799687596,10
-1284766.1629317575,1882902.8799687596,10
-1284302.8502152301,1882902.8799687596,10
-1283839.5374987025,1882902.8799687596,10
-1283376.2247821752,1882902.8799687596,10
-1282912.9120656475,1882902.8799687596,10
-1282449.5993491202,1882902.8799687596,10
-1281986.2866325926,1882902.8799687596,10
-1281522.9739160652,1882902.8799687596,10
-1281059.6611995376,1882902.8799687596,10
-1280596.3484830102,1882902.8799687596,10
-1280133.0357664826,1882902.8799687596,10
-1279669.7230499552,1882902.8799687596,10
-1279206.4103334276,1882902.8799687596,10
-1278743.0976169002,1882902.8799687596,10
-1278279.7849003726,1882902.8799687596,10
-1277816.472183845,1882902.8799687596,10
-1277353.1594673176,1882902.8799687596,10
-1276889.84675079,1882902.8799687596,16
-1276426.5340342626,1882902.8799687596,16
-1275963.221317735,1882902.8799687596,10
-1275499.9086012077,1882902.8799687596,10
-1275036.59588468,1882902.8799687596,16
-1274573.2831681527,1882902.8799687596,10
-1274109.970451625,1882902.8799687596,7
-1273646.6577350977,1882902.8799687596,10
-1273183.34501857,1882902.8799687596,10
-1272720.0323020427,1882902.8799687596,10
-1272256.719585515,1882902.8799687596,10
-1271793.4068689877,1882902.8799687596,10
-1271330.09415246,1882902.8799687596,10
-1270866.7814359325,1882902.8799687596,10
-1270403.4687194051,1882902.8799687596,10
-1269940.1560028775,1882902.8799687596,10
-1269476.8432863501,1882902.8799687596,10
-1269013.5305698225,1882902.8799687596,7
-1268550.2178532952,1882902.8799687596,7
-1268086.9051367675,1882902.8799687596,10
-1267623.5924202402,1882902.8799687596,10
-1267160.2797037126,1882902.8799687596,10
-1266696.9669871852,1882902.8799687596,10
-1266233.6542706576,1882902.8799687596,10
-1265770.3415541302,1882902.8799687596,10
-1265307.0288376026,1882902.8799687596,10
-1264843.7161210752,1882902.8799687596,10
-1264380.4034045476,1882902.8799687596,10
-1263917.09068802,1882902.8799687596,10
-1263453.7779714926,1882902.8799687596,10
-1262990.465254965,1882902.8799687596,10
-1262527.1525384376,1882902.8799687596,10
-1262063.83982191,1882902.8799687596,16
-1261600.5271053826,1882902.8799687596,16
-1261137.214388855,1882902.8799687596,10
-1260673.9016723277,1882902.8799687596,10
-1260210.5889558,1882902.8799687596,10
-1259747.2762392727,1882902.8799687596,10
-1259283.963522745,1882902.8799687596,10
-1258820.6508062177,1882902.8799687596,10
-1258357.33808969,1882902.8799687596,10
-1257894.0253731627,1882902.8799687596,10
-1257430.712656635,1882902.8799687596,10
-1256967.3999401077,1882902.8799687596,10
-1256504.08722358,1882902.8799687596,10
-1256040.7745070527,1882902.8799687596,10
-1255577.4617905251,1882902.8799687596,10
-1255114.1490739975,1882902.8799687596,10
-1254650.8363574701,1882902.8799687596,10
-1254187.5236409425,1882902.8799687596,10
-1253724.2109244152,1882902.8799687596,10
-1253260.8982078875,1882902.8799687596,10
-1252797.5854913602,1882902.8799687596,10
-1252334.2727748326,1882902.8799687596,10
-1251870.9600583052,1882902.8799687596,10
-1251407.6473417776,1882902.8799687596,10
-1250944.3346252502,1882902.8799687596,10
-1250481.0219087226,1882902.8799687596,10
-1250017.7091921952,1882902.8799687596,10
-1249554.3964756676,1882902.8799687596,10
-1249091.0837591402,1882902.8799687596,10
-1248627.7710426126,1882902.8799687596,10
-1248164.458326085,1882902.8799687596,10
-1247701.1456095576,1882902.8799687596,10
-1247237.83289303,1882902.8799687596,10
-1246774.5201765026,1882902.8799687596,16
-1246311.207459975,1882902.8799687596,16
-1245847.8947434477,1882902.8799687596,10
-1245384.58202692,1882902.8799687596,10
-1244921.2693103927,1882902.8799687596,10
-1244457.956593865,1882902.8799687596,10
-1243994.6438773377,1882902.8799687596,10
-1243531.33116081,1882902.8799687596,10
-1243068.0184442827,1882902.8799687596,10
-1242604.705727755,1882902.8799687596,16
-1242141.3930112277,1882902.8799687596,16
-1241678.0802947,1882902.8799687596,16
-1241214.7675781725,1882902.8799687596,10
-1240751.4548616451,1882902.8799687596,10
-1240288.1421451175,1882902.8799687596,10
-1239824.8294285901,1882902.8799687596,10
-1239361.5167120625,1882902.8799687596,10
-1238898.2039955352,1882902.8799687596,10
-1238434.8912790075,1882902.8799687596,10
-1237971.5785624802,1882902.8799687596,10
-1237508.2658459526,1882902.8799687596,10
-1237044.9531294252,1882902.8799687596,10
-1236581.6404128976,1882902.8799687596,10
-1236118.3276963702,1882902.8799687596,10
-1235655.0149798426,1882902.8799687596,10
-1235191.7022633152,1882902.8799687596,10
-1234728.3895467876,1882902.8799687596,10
-1234265.07683026,1882902.8799687596,10
-1233801.7641137326,1882902.8799687596,10
-1233338.4513972052,1882902.8799687596,10
-1232875.1386806776,1882902.8799687596,10
-1232411.82596415,1882902.8799687596,10
-1231948.5132476226,1882902.8799687596,10
-1231485.200531095,1882902.8799687596,10
-1231021.8878145677,1882902.8799687596,10
-1230558.57509804,1882902.8799687596,10
-1230095.2623815127,1882902.8799687596,10
-1229631.949664985,1882902.8799687596,10
-1229168.6369484577,1882902.8799687596,10
-1228705.32423193,1882902.8799687596,10
-1228242.0115154027,1882902.8799687596,10
-1227778.698798875,1882902.8799687596,10
-1227315.3860823475,1882902.8799687596,10
-1226852.07336582,1882902.8799687596,10
-1226388.7606492927,1882902.8799687596,10
-1225925.4479327651,1882902.8799687596,10
-1225462.1352162375,1882902.8799687596,10
-1224998.8224997101,1882902.8799687596,10
-1224535.5097831825,1882902.8799687596,10
-1224072.1970666551,1882902.8799687596,10
-1223608.8843501275,1882902.8799687596,10
-1223145.5716336002,1882902.8799687596,10
-1222682.2589170726,1882902.8799687596,10
-1222218.9462005452,1882902.8799687596,10
-1221755.6334840176,1882902.8799687596,10
-1221292.3207674902,1882902.8799687596,10
-1220829.0080509626,1882902.8799687596,10
-1220365.6953344352,1882902.8799687596,10
-1219902.3826179076,1882902.8799687596,10
-1219439.0699013802,1882902.8799687596,10
-1218975.7571848526,1882902.8799687596,10
-1218512.444468325,1882902.8799687596,10
-1218049.1317517976,1882902.8799687596,10
-1217585.81903527,1882902.8799687596,10
-1217122.5063187426,1882902.8799687596,10
-1216659.193602215,1882902.8799687596,10
-1216195.8808856877,1882902.8799687596,10
-1215732.56816916,1882902.8799687596,10
-1215269.2554526327,1882902.8799687596,10
-1214805.942736105,1882902.8799687596,10
-1214342.6300195777,1882902.8799687596,10
-1213879.31730305,1882902.8799687596,10
-1213416.0045865227,1882902.8799687596,10
-1212952.691869995,1882902.8799687596,10
-1212489.3791534677,1882902.8799687596,10
-1212026.06643694,1882902.8799687596,10
-1211562.7537204125,1882902.8799687596,10
-1211099.4410038851,1882902.8799687596,10
-1210636.1282873575,1882902.8799687596,10
-1210172.8155708301,1882902.8799687596,10
-1209709.5028543025,1882902.8799687596,10
-1209246.1901377751,1882902.8799687596,10
-1208782.8774212475,1882902.8799687596,10
-1208319.5647047202,1882902.8799687596,10
-1207856.2519881926,1882902.8799687596,10
-1207392.9392716652,1882902.8799687596,10
-1206929.6265551376,1882902.8799687596,10
-1206466.3138386102,1882902.8799687596,10
-1206003.0011220826,1882902.8799687596,10
-1205539.6884055552,1882902.8799687596,10
-1205076.3756890276,1882902.8799687596,10
-1204613.0629725,1882902.8799687596,10
-1204149.7502559726,1882902.8799687596,10
-1203686.4375394452,1882902.8799687596,10
-1203223.1248229176,1882902.8799687596,10
-1202759.81210639,1882902.8799687596,10
-1202296.4993898626,1882902.8799687596,10
-1201833.186673335,1882902.8799687596,10
-1201369.8739568077,1882902.8799687596,10
-1200906.56124028,1882902.8799687596,10
-1200443.2485237527,1882902.8799687596,10
-1199979.935807225,1882902.8799687596,10
-1199516.6230906977,1882902.8799687596,10
-1199053.31037417,1882902.8799687596,10
-1198589.9976576427,1882902.8799687596,10
-1198126.684941115,1882902.8799687596,10
-1197663.3722245875,1882902.8799687596,10
-1197200.05950806,1882902.8799687596,10
-1196736.7467915327,1882902.8799687596,10
-1196273.4340750051,1882902.8799687596,10
-1195810.1213584775,1882902.8799687596,10
-1195346.8086419501,1882902.8799687596,10
-1194883.4959254225,1882902.8799687596,10
-1194420.1832088951,1882902.8799687596,10
-1193956.8704923675,1882902.8799687596,10
-1193493.5577758402,1882902.8799687596,10
-1193030.2450593126,1882902.8799687596,10
-1192566.9323427852,1882902.8799687596,10
-1192103.6196262576,1882902.8799687596,10
-1191640.3069097302,1882902.8799687596,10
-1191176.9941932026,1882902.8799687596,10
-1190713.6814766752,1882902.8799687596,10
-1190250.3687601476,1882902.8799687596,10
-1189787.0560436202,1882902.8799687596,10
-1189323.7433270926,1882902.8799687596,10
-1188860.430610565,1882902.8799687596,10
-1188397.1178940376,1882902.8799687596,10
-1187933.80517751,1882902.8799687596,10
-1187470.4924609826,1882902.8799687596,10
-1187007.179744455,1882902.8799687596,10
-1186543.8670279277,1882902.8799687596,10
-1186080.5543114,1882902.8799687596,10
-1185617.2415948727,1882902.8799687596,10
-1185153.928878345,1882902.8799687596,10
-1184690.6161618177,1882902.8799687596,10
-1184227.30344529,1882902.8799687596,10
-1183763.9907287627,1882902.8799687596,10
-1183300.678012235,1882902.8799687596,10
-1182837.3652957077,1882902.8799687596,10
-1182374.05257918,1882902.8799687596,10
-1181910.7398626525,1882902.8799687596,10
-1181447.4271461251,1882902.8799687596,10
-1180984.1144295975,1882902.8799687596,10
-1180520.8017130701,1882902.8799687596,10
-1180057.4889965425,1882902.8799687596,10
-1179594.1762800151,1882902.8799687596,10
-1179130.8635634875,1882902.8799687596,10
-1178667.5508469602,1882902.8799687596,10
-1178204.2381304326,1882902.8799687596,10
-1177740.9254139052,1882902.8799687596,10
-1177277.6126973776,1882902.8799687596,10
-1176814.2999808502,1882902.8799687596,10
-1176350.9872643226,1882902.8799687596,10
-1175887.6745477952,1882902.8799687596,10
-1175424.3618312676,1882902.8799687596,10
-1174961.04911474,1882902.8799687596,10
-1174497.7363982126,1882902.8799687596,10
-1174034.4236816852,1882902.8799687596,10
-1173571.1109651576,1882902.8799687596,10
-1173107.79824863,1882902.8799687596,10
-1172644.4855321026,1882902.8799687596,10
-1172181.172815575,1882902.8799687596,10
-1171717.8600990477,1882902.8799687596,10
-1171254.54738252,1882902.8799687596,10
-1170791.2346659927,1882902.8799687596,10
-1170327.921949465,1882902.8799687596,10
-1169864.6092329377,1882902.8799687596,10
-1169401.29651641,1882902.8799687596,10
-1362602.6993083777,1882439.5672522322,10
-1362139.38659185,1882439.5672522322,16
-1361676.0738753227,1882439.5672522322,16
-1361212.761158795,1882439.5672522322,16
-1360749.4484422677,1882439.5672522322,16
-1360286.13572574,1882439.5672522322,16
-1359822.8230092125,1882439.5672522322,16
-1359359.5102926851,1882439.5672522322,10
-1358896.1975761575,1882439.5672522322,10
-1358432.8848596301,1882439.5672522322,10
-1357969.5721431025,1882439.5672522322,10
-1357506.2594265752,1882439.5672522322,10
-1357042.9467100475,1882439.5672522322,16
-1356579.6339935202,1882439.5672522322,16
-1356116.3212769926,1882439.5672522322,16
-1355653.0085604652,1882439.5672522322,10
-1355189.6958439376,1882439.5672522322,16
-1354726.3831274102,1882439.5672522322,16
-1354263.0704108826,1882439.5672522322,16
-1353799.7576943552,1882439.5672522322,16
-1353336.4449778276,1882439.5672522322,10
-1352873.1322613002,1882439.5672522322,10
-1352409.8195447726,1882439.5672522322,10
-1351946.506828245,1882439.5672522322,10
-1351483.1941117176,1882439.5672522322,10
-1351019.88139519,1882439.5672522322,10
-1350556.5686786626,1882439.5672522322,10
-1350093.255962135,1882439.5672522322,10
-1349629.9432456077,1882439.5672522322,10
-1349166.63052908,1882439.5672522322,10
-1348703.3178125527,1882439.5672522322,10
-1348240.005096025,1882439.5672522322,10
-1347776.6923794977,1882439.5672522322,10
-1347313.37966297,1882439.5672522322,16
-1346850.0669464427,1882439.5672522322,16
-1346386.754229915,1882439.5672522322,16
-1345923.4415133877,1882439.5672522322,16
-1345460.12879686,1882439.5672522322,16
-1344996.8160803327,1882439.5672522322,16
-1344533.5033638051,1882439.5672522322,16
-1344070.1906472775,1882439.5672522322,10
-1343606.8779307501,1882439.5672522322,10
-1343143.5652142225,1882439.5672522322,16
-1342680.2524976952,1882439.5672522322,16
-1342216.9397811675,1882439.5672522322,16
-1341753.6270646402,1882439.5672522322,16
-1341290.3143481126,1882439.5672522322,16
-1340827.0016315852,1882439.5672522322,16
-1340363.6889150576,1882439.5672522322,16
-1339900.3761985302,1882439.5672522322,16
-1339437.0634820026,1882439.5672522322,16
-1338973.7507654752,1882439.5672522322,16
-1338510.4380489476,1882439.5672522322,16
-1338047.1253324202,1882439.5672522322,16
-1337583.8126158926,1882439.5672522322,16
-1337120.499899365,1882439.5672522322,16
-1336657.1871828376,1882439.5672522322,16
-1336193.87446631,1882439.5672522322,16
-1335730.5617497826,1882439.5672522322,16
-1335267.249033255,1882439.5672522322,16
-1334803.9363167277,1882439.5672522322,16
-1334340.6236002,1882439.5672522322,16
-1333877.3108836727,1882439.5672522322,16
-1333413.998167145,1882439.5672522322,16
-1332950.6854506177,1882439.5672522322,16
-1332487.37273409,1882439.5672522322,16
-1332024.0600175627,1882439.5672522322,16
-1331560.747301035,1882439.5672522322,16
-1331097.4345845077,1882439.5672522322,16
-1330634.12186798,1882439.5672522322,16
-1330170.8091514525,1882439.5672522322,16
-1329707.4964349251,1882439.5672522322,16
-1329244.1837183975,1882439.5672522322,16
-1328780.8710018701,1882439.5672522322,16
-1328317.5582853425,1882439.5672522322,16
-1327854.2455688152,1882439.5672522322,16
-1327390.9328522875,1882439.5672522322,16
-1326927.6201357602,1882439.5672522322,16
-1326464.3074192326,1882439.5672522322,16
-1326000.9947027052,1882439.5672522322,16
-1325537.6819861776,1882439.5672522322,16
-1325074.3692696502,1882439.5672522322,16
-1324611.0565531226,1882439.5672522322,16
-1324147.7438365952,1882439.5672522322,16
-1323684.4311200676,1882439.5672522322,16
-1323221.11840354,1882439.5672522322,16
-1322757.8056870126,1882439.5672522322,16
-1322294.492970485,1882439.5672522322,16
-1321831.1802539576,1882439.5672522322,16
-1321367.86753743,1882439.5672522322,16
-1320904.5548209026,1882439.5672522322,16
-1320441.242104375,1882439.5672522322,16
-1319977.9293878477,1882439.5672522322,16
-1319514.61667132,1882439.5672522322,16
-1319051.3039547927,1882439.5672522322,16
-1318587.991238265,1882439.5672522322,16
-1318124.6785217377,1882439.5672522322,16
-1317661.36580521,1882439.5672522322,16
-1317198.0530886827,1882439.5672522322,16
-1316734.740372155,1882439.5672522322,16
-1316271.4276556277,1882439.5672522322,16
-1315808.1149391,1882439.5672522322,16
-1315344.8022225727,1882439.5672522322,16
-1314881.4895060451,1882439.5672522322,16
-1314418.1767895175,1882439.5672522322,16
-1313954.8640729901,1882439.5672522322,16
-1313491.5513564625,1882439.5672522322,16
-1313028.2386399352,1882439.5672522322,16
-1312564.9259234075,1882439.5672522322,16
-1312101.6132068802,1882439.5672522322,16
-1311638.3004903526,1882439.5672522322,16
-1311174.9877738252,1882439.5672522322,16
-1310711.6750572976,1882439.5672522322,16
-1310248.3623407702,1882439.5672522322,10
-1309785.0496242426,1882439.5672522322,10
-1309321.7369077152,1882439.5672522322,10
-1308858.4241911876,1882439.5672522322,10
-1308395.1114746602,1882439.5672522322,10
-1307931.7987581326,1882439.5672522322,16
-1307468.486041605,1882439.5672522322,16
-1307005.1733250776,1882439.5672522322,16
-1306541.86060855,1882439.5672522322,16
-1306078.5478920226,1882439.5672522322,16
-1305615.235175495,1882439.5672522322,10
-1305151.9224589677,1882439.5672522322,10
-1304688.60974244,1882439.5672522322,10
-1304225.2970259127,1882439.5672522322,10
-1303761.984309385,1882439.5672522322,10
-1303298.6715928577,1882439.5672522322,10
-1302835.35887633,1882439.5672522322,10
-1302372.0461598027,1882439.5672522322,10
-1301908.733443275,1882439.5672522322,10
-1301445.4207267477,1882439.5672522322,10
-1300982.10801022,1882439.5672522322,10
-1300518.7952936925,1882439.5672522322,10
-1300055.4825771651,1882439.5672522322,10
-1299592.1698606375,1882439.5672522322,10
-1299128.8571441101,1882439.5672522322,10
-1298665.5444275825,1882439.5672522322,16
-1298202.2317110552,1882439.5672522322,16
-1297738.9189945275,1882439.5672522322,16
-1297275.6062780002,1882439.5672522322,16
-1296812.2935614726,1882439.5672522322,10
-1296348.9808449452,1882439.5672522322,10
-1295885.6681284176,1882439.5672522322,16
-1295422.3554118902,1882439.5672522322,10
-1294959.0426953626,1882439.5672522322,10
-1294495.7299788352,1882439.5672522322,10
-1294032.4172623076,1882439.5672522322,10
-1293569.10454578,1882439.5672522322,16
-1293105.7918292526,1882439.5672522322,16
-1292642.479112725,1882439.5672522322,16
-1292179.1663961976,1882439.5672522322,16
-1291715.85367967,1882439.5672522322,16
-1291252.5409631426,1882439.5672522322,10
-1290789.228246615,1882439.5672522322,10
-1290325.9155300877,1882439.5672522322,10
-1289862.60281356,1882439.5672522322,10
-1289399.2900970327,1882439.5672522322,10
-1288935.977380505,1882439.5672522322,10
-1288472.6646639777,1882439.5672522322,10
-1288009.35194745,1882439.5672522322,10
-1287546.0392309227,1882439.5672522322,10
-1287082.726514395,1882439.5672522322,10
-1286619.4137978677,1882439.5672522322,16
-1286156.10108134,1882439.5672522322,16
-1285692.7883648127,1882439.5672522322,16
-1285229.4756482851,1882439.5672522322,10
-1284766.1629317575,1882439.5672522322,10
-1284302.8502152301,1882439.5672522322,10
-1283839.5374987025,1882439.5672522322,10
-1283376.2247821752,1882439.5672522322,7
-1282912.9120656475,1882439.5672522322,10
-1282449.5993491202,1882439.5672522322,10
-1281986.2866325926,1882439.5672522322,10
-1281522.9739160652,1882439.5672522322,10
-1281059.6611995376,1882439.5672522322,10
-1280596.3484830102,1882439.5672522322,10
-1280133.0357664826,1882439.5672522322,10
-1279669.7230499552,1882439.5672522322,10
-1279206.4103334276,1882439.5672522322,16
-1278743.0976169002,1882439.5672522322,10
-1278279.7849003726,1882439.5672522322,16
-1277816.472183845,1882439.5672522322,16
-1277353.1594673176,1882439.5672522322,16
-1276889.84675079,1882439.5672522322,16
-1276426.5340342626,1882439.5672522322,10
-1275963.221317735,1882439.5672522322,10
-1275499.9086012077,1882439.5672522322,10
-1275036.59588468,1882439.5672522322,10
-1274573.2831681527,1882439.5672522322,10
-1274109.970451625,1882439.5672522322,10
-1273646.6577350977,1882439.5672522322,10
-1273183.34501857,1882439.5672522322,10
-1272720.0323020427,1882439.5672522322,10
-1272256.719585515,1882439.5672522322,10
-1271793.4068689877,1882439.5672522322,10
-1271330.09415246,1882439.5672522322,10
-1270866.7814359325,1882439.5672522322,10
-1270403.4687194051,1882439.5672522322,10
-1269940.1560028775,1882439.5672522322,10
-1269476.8432863501,1882439.5672522322,10
-1269013.5305698225,1882439.5672522322,10
-1268550.2178532952,1882439.5672522322,10
-1268086.9051367675,1882439.5672522322,10
-1267623.5924202402,1882439.5672522322,16
-1267160.2797037126,1882439.5672522322,10
-1266696.9669871852,1882439.5672522322,10
-1266233.6542706576,1882439.5672522322,10
-1265770.3415541302,1882439.5672522322,10
-1265307.0288376026,1882439.5672522322,10
-1264843.7161210752,1882439.5672522322,10
-1264380.4034045476,1882439.5672522322,10
-1263917.09068802,1882439.5672522322,10
-1263453.7779714926,1882439.5672522322,10
-1262990.465254965,1882439.5672522322,10
-1262527.1525384376,1882439.5672522322,10
-1262063.83982191,1882439.5672522322,10
-1261600.5271053826,1882439.5672522322,10
-1261137.214388855,1882439.5672522322,10
-1260673.9016723277,1882439.5672522322,10
-1260210.5889558,1882439.5672522322,10
-1259747.2762392727,1882439.5672522322,10
-1259283.963522745,1882439.5672522322,10
-1258820.6508062177,1882439.5672522322,10
-1258357.33808969,1882439.5672522322,10
-1257894.0253731627,1882439.5672522322,10
-1257430.712656635,1882439.5672522322,10
-1256967.3999401077,1882439.5672522322,10
-1256504.08722358,1882439.5672522322,10
-1256040.7745070527,1882439.5672522322,10
-1255577.4617905251,1882439.5672522322,10
-1255114.1490739975,1882439.5672522322,10
-1254650.8363574701,1882439.5672522322,10
-1254187.5236409425,1882439.5672522322,10
-1253724.2109244152,1882439.5672522322,10
-1253260.8982078875,1882439.5672522322,10
-1252797.5854913602,1882439.5672522322,10
-1252334.2727748326,1882439.5672522322,10
-1251870.9600583052,1882439.5672522322,10
-1251407.6473417776,1882439.5672522322,10
-1250944.3346252502,1882439.5672522322,10
-1250481.0219087226,1882439.5672522322,10
-1250017.7091921952,1882439.5672522322,10
-1249554.3964756676,1882439.5672522322,10
-1249091.0837591402,1882439.5672522322,10
-1248627.7710426126,1882439.5672522322,10
-1248164.458326085,1882439.5672522322,10
-1247701.1456095576,1882439.5672522322,10
-1247237.83289303,1882439.5672522322,10
-1246774.5201765026,1882439.5672522322,10
-1246311.207459975,1882439.5672522322,10
-1245847.8947434477,1882439.5672522322,10
-1245384.58202692,1882439.5672522322,10
-1244921.2693103927,1882439.5672522322,10
-1244457.956593865,1882439.5672522322,10
-1243994.6438773377,1882439.5672522322,10
-1243531.33116081,1882439.5672522322,10
-1243068.0184442827,1882439.5672522322,10
-1242604.705727755,1882439.5672522322,10
-1242141.3930112277,1882439.5672522322,16
-1241678.0802947,1882439.5672522322,16
-1241214.7675781725,1882439.5672522322,16
-1240751.4548616451,1882439.5672522322,16
-1240288.1421451175,1882439.5672522322,10
-1239824.8294285901,1882439.5672522322,10
-1239361.5167120625,1882439.5672522322,10
-1238898.2039955352,1882439.5672522322,10
-1238434.8912790075,1882439.5672522322,10
-1237971.5785624802,1882439.5672522322,10
-1237508.2658459526,1882439.5672522322,10
-1237044.9531294252,1882439.5672522322,10
-1236581.6404128976,1882439.5672522322,10
-1236118.3276963702,1882439.5672522322,10
-1235655.0149798426,1882439.5672522322,10
-1235191.7022633152,1882439.5672522322,10
-1234728.3895467876,1882439.5672522322,10
-1234265.07683026,1882439.5672522322,10
-1233801.7641137326,1882439.5672522322,10
-1233338.4513972052,1882439.5672522322,10
-1232875.1386806776,1882439.5672522322,10
-1232411.82596415,1882439.5672522322,10
-1231948.5132476226,1882439.5672522322,10
-1231485.200531095,1882439.5672522322,10
-1231021.8878145677,1882439.5672522322,10
-1230558.57509804,1882439.5672522322,10
-1230095.2623815127,1882439.5672522322,10
-1229631.949664985,1882439.5672522322,10
-1229168.6369484577,1882439.5672522322,10
-1228705.32423193,1882439.5672522322,10
-1228242.0115154027,1882439.5672522322,10
-1227778.698798875,1882439.5672522322,10
-1227315.3860823475,1882439.5672522322,10
-1226852.07336582,1882439.5672522322,10
-1226388.7606492927,1882439.5672522322,10
-1225925.4479327651,1882439.5672522322,10
-1225462.1352162375,1882439.5672522322,10
-1224998.8224997101,1882439.5672522322,10
-1224535.5097831825,1882439.5672522322,10
-1224072.1970666551,1882439.5672522322,10
-1223608.8843501275,1882439.5672522322,10
-1223145.5716336002,1882439.5672522322,10
-1222682.2589170726,1882439.5672522322,10
-1222218.9462005452,1882439.5672522322,10
-1221755.6334840176,1882439.5672522322,10
-1221292.3207674902,1882439.5672522322,10
-1220829.0080509626,1882439.5672522322,10
-1220365.6953344352,1882439.5672522322,10
-1219902.3826179076,1882439.5672522322,10
-1219439.0699013802,1882439.5672522322,10
-1218975.7571848526,1882439.5672522322,10
-1218512.444468325,1882439.5672522322,10
-1218049.1317517976,1882439.5672522322,10
-1217585.81903527,1882439.5672522322,10
-1217122.5063187426,1882439.5672522322,10
-1216659.193602215,1882439.5672522322,10
-1216195.8808856877,1882439.5672522322,10
-1215732.56816916,1882439.5672522322,10
-1215269.2554526327,1882439.5672522322,10
-1214805.942736105,1882439.5672522322,10
-1214342.6300195777,1882439.5672522322,10
-1213879.31730305,1882439.5672522322,10
-1213416.0045865227,1882439.5672522322,10
-1212952.691869995,1882439.5672522322,10
-1212489.3791534677,1882439.5672522322,10
-1212026.06643694,1882439.5672522322,10
-1211562.7537204125,1882439.5672522322,10
-1211099.4410038851,1882439.5672522322,10
-1210636.1282873575,1882439.5672522322,10
-1210172.8155708301,1882439.5672522322,10
-1209709.5028543025,1882439.5672522322,10
-1209246.1901377751,1882439.5672522322,10
-1208782.8774212475,1882439.5672522322,10
-1208319.5647047202,1882439.5672522322,10
-1207856.2519881926,1882439.5672522322,10
-1207392.9392716652,1882439.5672522322,10
-1206929.6265551376,1882439.5672522322,10
-1206466.3138386102,1882439.5672522322,10
-1206003.0011220826,1882439.5672522322,10
-1205539.6884055552,1882439.5672522322,10
-1205076.3756890276,1882439.5672522322,10
-1204613.0629725,1882439.5672522322,10
-1204149.7502559726,1882439.5672522322,10
-1203686.4375394452,1882439.5672522322,10
-1203223.1248229176,1882439.5672522322,10
-1202759.81210639,1882439.5672522322,10
-1202296.4993898626,1882439.5672522322,10
-1201833.186673335,1882439.5672522322,10
-1201369.8739568077,1882439.5672522322,10
-1200906.56124028,1882439.5672522322,10
-1200443.2485237527,1882439.5672522322,10
-1199979.935807225,1882439.5672522322,10
-1199516.6230906977,1882439.5672522322,10
-1199053.31037417,1882439.5672522322,10
-1198589.9976576427,1882439.5672522322,10
-1198126.684941115,1882439.5672522322,10
-1197663.3722245875,1882439.5672522322,10
-1197200.05950806,1882439.5672522322,10
-1196736.7467915327,1882439.5672522322,10
-1196273.4340750051,1882439.5672522322,10
-1195810.1213584775,1882439.5672522322,10
-1195346.8086419501,1882439.5672522322,10
-1194883.4959254225,1882439.5672522322,10
-1194420.1832088951,1882439.5672522322,10
-1193956.8704923675,1882439.5672522322,10
-1193493.5577758402,1882439.5672522322,10
-1193030.2450593126,1882439.5672522322,10
-1192566.9323427852,1882439.5672522322,10
-1192103.6196262576,1882439.5672522322,10
-1191640.3069097302,1882439.5672522322,10
-1191176.9941932026,1882439.5672522322,10
-1190713.6814766752,1882439.5672522322,10
-1190250.3687601476,1882439.5672522322,10
-1189787.0560436202,1882439.5672522322,10
-1189323.7433270926,1882439.5672522322,10
-1188860.430610565,1882439.5672522322,10
-1188397.1178940376,1882439.5672522322,10
-1187933.80517751,1882439.5672522322,10
-1187470.4924609826,1882439.5672522322,10
-1187007.179744455,1882439.5672522322,10
-1186543.8670279277,1882439.5672522322,10
-1186080.5543114,1882439.5672522322,10
-1185617.2415948727,1882439.5672522322,10
-1185153.928878345,1882439.5672522322,10
-1184690.6161618177,1882439.5672522322,10
-1184227.30344529,1882439.5672522322,10
-1183763.9907287627,1882439.5672522322,10
-1183300.678012235,1882439.5672522322,10
-1182837.3652957077,1882439.5672522322,10
-1182374.05257918,1882439.5672522322,10
-1181910.7398626525,1882439.5672522322,10
-1181447.4271461251,1882439.5672522322,10
-1180984.1144295975,1882439.5672522322,10
-1180520.8017130701,1882439.5672522322,10
-1180057.4889965425,1882439.5672522322,10
-1179594.1762800151,1882439.5672522322,10
-1179130.8635634875,1882439.5672522322,10
-1178667.5508469602,1882439.5672522322,10
-1178204.2381304326,1882439.5672522322,10
-1177740.9254139052,1882439.5672522322,10
-1177277.6126973776,1882439.5672522322,10
-1176814.2999808502,1882439.5672522322,10
-1176350.9872643226,1882439.5672522322,10
-1175887.6745477952,1882439.5672522322,10
-1175424.3618312676,1882439.5672522322,10
-1174961.04911474,1882439.5672522322,10
-1174497.7363982126,1882439.5672522322,10
-1174034.4236816852,1882439.5672522322,10
-1173571.1109651576,1882439.5672522322,10
-1173107.79824863,1882439.5672522322,10
-1172644.4855321026,1882439.5672522322,10
-1172181.172815575,1882439.5672522322,10
-1171717.8600990477,1882439.5672522322,10
-1171254.54738252,1882439.5672522322,10
-1170791.2346659927,1882439.5672522322,10
-1170327.921949465,1882439.5672522322,10
-1169864.6092329377,1882439.5672522322,10
-1169401.29651641,1882439.5672522322,10
-1362602.6993083777,1881976.2545357046,10
-1362139.38659185,1881976.2545357046,10
-1361676.0738753227,1881976.2545357046,10
-1361212.761158795,1881976.2545357046,16
-1360749.4484422677,1881976.2545357046,16
-1360286.13572574,1881976.2545357046,16
-1359822.8230092125,1881976.2545357046,16
-1359359.5102926851,1881976.2545357046,10
-1358896.1975761575,1881976.2545357046,10
-1358432.8848596301,1881976.2545357046,10
-1357969.5721431025,1881976.2545357046,10
-1357506.2594265752,1881976.2545357046,10
-1357042.9467100475,1881976.2545357046,10
-1356579.6339935202,1881976.2545357046,16
-1356116.3212769926,1881976.2545357046,16
-1355653.0085604652,1881976.2545357046,10
-1355189.6958439376,1881976.2545357046,10
-1354726.3831274102,1881976.2545357046,16
-1354263.0704108826,1881976.2545357046,16
-1353799.7576943552,1881976.2545357046,16
-1353336.4449778276,1881976.2545357046,16
-1352873.1322613002,1881976.2545357046,10
-1352409.8195447726,1881976.2545357046,10
-1351946.506828245,1881976.2545357046,10
-1351483.1941117176,1881976.2545357046,10
-1351019.88139519,1881976.2545357046,10
-1350556.5686786626,1881976.2545357046,10
-1350093.255962135,1881976.2545357046,10
-1349629.9432456077,1881976.2545357046,10
-1349166.63052908,1881976.2545357046,10
-1348703.3178125527,1881976.2545357046,10
-1348240.005096025,1881976.2545357046,10
-1347776.6923794977,1881976.2545357046,16
-1347313.37966297,1881976.2545357046,16
-1346850.0669464427,1881976.2545357046,16
-1346386.754229915,1881976.2545357046,16
-1345923.4415133877,1881976.2545357046,16
-1345460.12879686,1881976.2545357046,16
-1344996.8160803327,1881976.2545357046,16
-1344533.5033638051,1881976.2545357046,10
-1344070.1906472775,1881976.2545357046,10
-1343606.8779307501,1881976.2545357046,10
-1343143.5652142225,1881976.2545357046,16
-1342680.2524976952,1881976.2545357046,16
-1342216.9397811675,1881976.2545357046,16
-1341753.6270646402,1881976.2545357046,16
-1341290.3143481126,1881976.2545357046,16
-1340827.0016315852,1881976.2545357046,16
-1340363.6889150576,1881976.2545357046,16
-1339900.3761985302,1881976.2545357046,16
-1339437.0634820026,1881976.2545357046,16
-1338973.7507654752,1881976.2545357046,16
-1338510.4380489476,1881976.2545357046,16
-1338047.1253324202,1881976.2545357046,16
-1337583.8126158926,1881976.2545357046,16
-1337120.499899365,1881976.2545357046,16
-1336657.1871828376,1881976.2545357046,16
-1336193.87446631,1881976.2545357046,16
-1335730.5617497826,1881976.2545357046,16
-1335267.249033255,1881976.2545357046,16
-1334803.9363167277,1881976.2545357046,16
-1334340.6236002,1881976.2545357046,16
-1333877.3108836727,1881976.2545357046,16
-1333413.998167145,1881976.2545357046,16
-1332950.6854506177,1881976.2545357046,16
-1332487.37273409,1881976.2545357046,16
-1332024.0600175627,1881976.2545357046,16
-1331560.747301035,1881976.2545357046,16
-1331097.4345845077,1881976.2545357046,16
-1330634.12186798,1881976.2545357046,16
-1330170.8091514525,1881976.2545357046,16
-1329707.4964349251,1881976.2545357046,16
-1329244.1837183975,1881976.2545357046,16
-1328780.8710018701,1881976.2545357046,16
-1328317.5582853425,1881976.2545357046,16
-1327854.2455688152,1881976.2545357046,16
-1327390.9328522875,1881976.2545357046,16
-1326927.6201357602,1881976.2545357046,16
-1326464.3074192326,1881976.2545357046,16
-1326000.9947027052,1881976.2545357046,16
-1325537.6819861776,1881976.2545357046,16
-1325074.3692696502,1881976.2545357046,16
-1324611.0565531226,1881976.2545357046,16
-1324147.7438365952,1881976.2545357046,16
-1323684.4311200676,1881976.2545357046,16
-1323221.11840354,1881976.2545357046,16
-1322757.8056870126,1881976.2545357046,16
-1322294.492970485,1881976.2545357046,16
-1321831.1802539576,1881976.2545357046,16
-1321367.86753743,1881976.2545357046,16
-1320904.5548209026,1881976.2545357046,16
-1320441.242104375,1881976.2545357046,16
-1319977.9293878477,1881976.2545357046,16
-1319514.61667132,1881976.2545357046,16
-1319051.3039547927,1881976.2545357046,16
-1318587.991238265,1881976.2545357046,16
-1318124.6785217377,1881976.2545357046,16
-1317661.36580521,1881976.2545357046,16
-1317198.0530886827,1881976.2545357046,16
-1316734.740372155,1881976.2545357046,16
-1316271.4276556277,1881976.2545357046,16
-1315808.1149391,1881976.2545357046,16
-1315344.8022225727,1881976.2545357046,16
-1314881.4895060451,1881976.2545357046,16
-1314418.1767895175,1881976.2545357046,16
-1313954.8640729901,1881976.2545357046,10
-1313491.5513564625,1881976.2545357046,16
-1313028.2386399352,1881976.2545357046,16
-1312564.9259234075,1881976.2545357046,16
-1312101.6132068802,1881976.2545357046,16
-1311638.3004903526,1881976.2545357046,16
-1311174.9877738252,1881976.2545357046,16
-1310711.6750572976,1881976.2545357046,16
-1310248.3623407702,1881976.2545357046,16
-1309785.0496242426,1881976.2545357046,16
-1309321.7369077152,1881976.2545357046,16
-1308858.4241911876,1881976.2545357046,16
-1308395.1114746602,1881976.2545357046,16
-1307931.7987581326,1881976.2545357046,16
-1307468.486041605,1881976.2545357046,16
-1307005.1733250776,1881976.2545357046,16
-1306541.86060855,1881976.2545357046,16
-1306078.5478920226,1881976.2545357046,10
-1305615.235175495,1881976.2545357046,10
-1305151.9224589677,1881976.2545357046,10
-1304688.60974244,1881976.2545357046,10
-1304225.2970259127,1881976.2545357046,10
-1303761.984309385,1881976.2545357046,10
-1303298.6715928577,1881976.2545357046,10
-1302835.35887633,1881976.2545357046,10
-1302372.0461598027,1881976.2545357046,10
-1301908.733443275,1881976.2545357046,10
-1301445.4207267477,1881976.2545357046,10
-1300982.10801022,1881976.2545357046,10
-1300518.7952936925,1881976.2545357046,10
-1300055.4825771651,1881976.2545357046,10
-1299592.1698606375,1881976.2545357046,10
-1299128.8571441101,1881976.2545357046,10
-1298665.5444275825,1881976.2545357046,16
-1298202.2317110552,1881976.2545357046,16
-1297738.9189945275,1881976.2545357046,10
-1297275.6062780002,1881976.2545357046,10
-1296812.2935614726,1881976.2545357046,10
-1296348.9808449452,1881976.2545357046,10
-1295885.6681284176,1881976.2545357046,10
-1295422.3554118902,1881976.2545357046,10
-1294959.0426953626,1881976.2545357046,10
-1294495.7299788352,1881976.2545357046,10
-1294032.4172623076,1881976.2545357046,10
-1293569.10454578,1881976.2545357046,10
-1293105.7918292526,1881976.2545357046,10
-1292642.479112725,1881976.2545357046,10
-1292179.1663961976,1881976.2545357046,10
-1291715.85367967,1881976.2545357046,16
-1291252.5409631426,1881976.2545357046,10
-1290789.228246615,1881976.2545357046,10
-1290325.9155300877,1881976.2545357046,10
-1289862.60281356,1881976.2545357046,10
-1289399.2900970327,1881976.2545357046,10
-1288935.977380505,1881976.2545357046,10
-1288472.6646639777,1881976.2545357046,10
-1288009.35194745,1881976.2545357046,10
-1287546.0392309227,1881976.2545357046,10
-1287082.726514395,1881976.2545357046,10
-1286619.4137978677,1881976.2545357046,10
-1286156.10108134,1881976.2545357046,10
-1285692.7883648127,1881976.2545357046,10
-1285229.4756482851,1881976.2545357046,10
-1284766.1629317575,1881976.2545357046,10
-1284302.8502152301,1881976.2545357046,7
-1283839.5374987025,1881976.2545357046,7
-1283376.2247821752,1881976.2545357046,10
-1282912.9120656475,1881976.2545357046,7
-1282449.5993491202,1881976.2545357046,10
-1281986.2866325926,1881976.2545357046,10
-1281522.9739160652,1881976.2545357046,10
-1281059.6611995376,1881976.2545357046,10
-1280596.3484830102,1881976.2545357046,10
-1280133.0357664826,1881976.2545357046,10
-1279669.7230499552,1881976.2545357046,16
-1279206.4103334276,1881976.2545357046,10
-1278743.0976169002,1881976.2545357046,10
-1278279.7849003726,1881976.2545357046,10
-1277816.472183845,1881976.2545357046,16
-1277353.1594673176,1881976.2545357046,16
-1276889.84675079,1881976.2545357046,16
-1276426.5340342626,1881976.2545357046,10
-1275963.221317735,1881976.2545357046,10
-1275499.9086012077,1881976.2545357046,10
-1275036.59588468,1881976.2545357046,7
-1274573.2831681527,1881976.2545357046,7
-1274109.970451625,1881976.2545357046,10
-1273646.6577350977,1881976.2545357046,10
-1273183.34501857,1881976.2545357046,10
-1272720.0323020427,1881976.2545357046,10
-1272256.719585515,1881976.2545357046,10
-1271793.4068689877,1881976.2545357046,10
-1271330.09415246,1881976.2545357046,10
-1270866.7814359325,1881976.2545357046,10
-1270403.4687194051,1881976.2545357046,10
-1269940.1560028775,1881976.2545357046,10
-1269476.8432863501,1881976.2545357046,10
-1269013.5305698225,1881976.2545357046,10
-1268550.2178532952,1881976.2545357046,10
-1268086.9051367675,1881976.2545357046,10
-1267623.5924202402,1881976.2545357046,10
-1267160.2797037126,1881976.2545357046,10
-1266696.9669871852,1881976.2545357046,10
-1266233.6542706576,1881976.2545357046,10
-1265770.3415541302,1881976.2545357046,10
-1265307.0288376026,1881976.2545357046,10
-1264843.7161210752,1881976.2545357046,10
-1264380.4034045476,1881976.2545357046,10
-1263917.09068802,1881976.2545357046,10
-1263453.7779714926,1881976.2545357046,10
-1262990.465254965,1881976.2545357046,10
-1262527.1525384376,1881976.2545357046,10
-1262063.83982191,1881976.2545357046,10
-1261600.5271053826,1881976.2545357046,10
-1261137.214388855,1881976.2545357046,10
-1260673.9016723277,1881976.2545357046,10
-1260210.5889558,1881976.2545357046,10
-1259747.2762392727,1881976.2545357046,10
-1259283.963522745,1881976.2545357046,10
-1258820.6508062177,1881976.2545357046,10
-1258357.33808969,1881976.2545357046,10
-1257894.0253731627,1881976.2545357046,10
-1257430.712656635,1881976.2545357046,10
-1256967.3999401077,1881976.2545357046,10
-1256504.08722358,1881976.2545357046,10
-1256040.7745070527,1881976.2545357046,10
-1255577.4617905251,1881976.2545357046,10
-1255114.1490739975,1881976.2545357046,10
-1254650.8363574701,1881976.2545357046,10
-1254187.5236409425,1881976.2545357046,10
-1253724.2109244152,1881976.2545357046,10
-1253260.8982078875,1881976.2545357046,10
-1252797.5854913602,1881976.2545357046,10
-1252334.2727748326,1881976.2545357046,10
-1251870.9600583052,1881976.2545357046,10
-1251407.6473417776,1881976.2545357046,10
-1250944.3346252502,1881976.2545357046,10
-1250481.0219087226,1881976.2545357046,10
-1250017.7091921952,1881976.2545357046,10
-1249554.3964756676,1881976.2545357046,10
-1249091.0837591402,1881976.2545357046,10
-1248627.7710426126,1881976.2545357046,10
-1248164.458326085,1881976.2545357046,10
-1247701.1456095576,1881976.2545357046,10
-1247237.83289303,1881976.2545357046,10
-1246774.5201765026,1881976.2545357046,10
-1246311.207459975,1881976.2545357046,7
-1245847.8947434477,1881976.2545357046,7
-1245384.58202692,1881976.2545357046,7
-1244921.2693103927,1881976.2545357046,7
-1244457.956593865,1881976.2545357046,7
-1243994.6438773377,1881976.2545357046,10
-1243531.33116081,1881976.2545357046,10
-1243068.0184442827,1881976.2545357046,10
-1242604.705727755,1881976.2545357046,10
-1242141.3930112277,1881976.2545357046,16
-1241678.0802947,1881976.2545357046,16
-1241214.7675781725,1881976.2545357046,16
-1240751.4548616451,1881976.2545357046,16
-1240288.1421451175,1881976.2545357046,16
-1239824.8294285901,1881976.2545357046,10
-1239361.5167120625,1881976.2545357046,10
-1238898.2039955352,1881976.2545357046,10
-1238434.8912790075,1881976.2545357046,10
-1237971.5785624802,1881976.2545357046,10
-1237508.2658459526,1881976.2545357046,10
-1237044.9531294252,1881976.2545357046,10
-1236581.6404128976,1881976.2545357046,10
-1236118.3276963702,1881976.2545357046,10
-1235655.0149798426,1881976.2545357046,10
-1235191.7022633152,1881976.2545357046,10
-1234728.3895467876,1881976.2545357046,10
-1234265.07683026,1881976.2545357046,10
-1233801.7641137326,1881976.2545357046,10
-1233338.4513972052,1881976.2545357046,10
-1232875.1386806776,1881976.2545357046,10
-1232411.82596415,1881976.2545357046,10
-1231948.5132476226,1881976.2545357046,10
-1231485.200531095,1881976.2545357046,10
-1231021.8878145677,1881976.2545357046,10
-1230558.57509804,1881976.2545357046,10
-1230095.2623815127,1881976.2545357046,10
-1229631.949664985,1881976.2545357046,10
-1229168.6369484577,1881976.2545357046,10
-1228705.32423193,1881976.2545357046,10
-1228242.0115154027,1881976.2545357046,10
-1227778.698798875,1881976.2545357046,10
-1227315.3860823475,1881976.2545357046,10
-1226852.07336582,1881976.2545357046,10
-1226388.7606492927,1881976.2545357046,10
-1225925.4479327651,1881976.2545357046,10
-1225462.1352162375,1881976.2545357046,10
-1224998.8224997101,1881976.2545357046,10
-1224535.5097831825,1881976.2545357046,10
-1224072.1970666551,1881976.2545357046,10
-1223608.8843501275,1881976.2545357046,10
-1223145.5716336002,1881976.2545357046,10
-1222682.2589170726,1881976.2545357046,10
-1222218.9462005452,1881976.2545357046,10
-1221755.6334840176,1881976.2545357046,10
-1221292.3207674902,1881976.2545357046,10
-1220829.0080509626,1881976.2545357046,10
-1220365.6953344352,1881976.2545357046,10
-1219902.3826179076,1881976.2545357046,10
-1219439.0699013802,1881976.2545357046,10
-1218975.7571848526,1881976.2545357046,10
-1218512.444468325,1881976.2545357046,10
-1218049.1317517976,1881976.2545357046,10
-1217585.81903527,1881976.2545357046,10
-1217122.5063187426,1881976.2545357046,10
-1216659.193602215,1881976.2545357046,10
-1216195.8808856877,1881976.2545357046,10
-1215732.56816916,1881976.2545357046,10
-1215269.2554526327,1881976.2545357046,10
-1214805.942736105,1881976.2545357046,10
-1214342.6300195777,1881976.2545357046,10
-1213879.31730305,1881976.2545357046,10
-1213416.0045865227,1881976.2545357046,10
-1212952.691869995,1881976.2545357046,10
-1212489.3791534677,1881976.2545357046,10
-1212026.06643694,1881976.2545357046,10
-1211562.7537204125,1881976.2545357046,10
-1211099.4410038851,1881976.2545357046,10
-1210636.1282873575,1881976.2545357046,10
-1210172.8155708301,1881976.2545357046,10
-1209709.5028543025,1881976.2545357046,10
-1209246.1901377751,1881976.2545357046,10
-1208782.8774212475,1881976.2545357046,10
-1208319.5647047202,1881976.2545357046,10
-1207856.2519881926,1881976.2545357046,10
-1207392.9392716652,1881976.2545357046,10
-1206929.6265551376,1881976.2545357046,10
-1206466.3138386102,1881976.2545357046,10
-1206003.0011220826,1881976.2545357046,10
-1205539.6884055552,1881976.2545357046,10
-1205076.3756890276,1881976.2545357046,10
-1204613.0629725,1881976.2545357046,10
-1204149.7502559726,1881976.2545357046,10
-1203686.4375394452,1881976.2545357046,10
-1203223.1248229176,1881976.2545357046,10
-1202759.81210639,1881976.2545357046,10
-1202296.4993898626,1881976.2545357046,10
-1201833.186673335,1881976.2545357046,10
-1201369.8739568077,1881976.2545357046,10
-1200906.56124028,1881976.2545357046,10
-1200443.2485237527,1881976.2545357046,10
-1199979.935807225,1881976.2545357046,10
-1199516.6230906977,1881976.2545357046,10
-1199053.31037417,1881976.2545357046,10
-1198589.9976576427,1881976.2545357046,10
-1198126.684941115,1881976.2545357046,10
-1197663.3722245875,1881976.2545357046,10
-1197200.05950806,1881976.2545357046,10
-1196736.7467915327,1881976.2545357046,10
-1196273.4340750051,1881976.2545357046,10
-1195810.1213584775,1881976.2545357046,10
-1195346.8086419501,1881976.2545357046,10
-1194883.4959254225,1881976.2545357046,10
-1194420.1832088951,1881976.2545357046,10
-1193956.8704923675,1881976.2545357046,10
-1193493.5577758402,1881976.2545357046,10
-1193030.2450593126,1881976.2545357046,10
-1192566.9323427852,1881976.2545357046,10
-1192103.6196262576,1881976.2545357046,10
-1191640.3069097302,1881976.2545357046,10
-1191176.9941932026,1881976.2545357046,10
-1190713.6814766752,1881976.2545357046,10
-1190250.3687601476,1881976.2545357046,10
-1189787.0560436202,1881976.2545357046,10
-1189323.7433270926,1881976.2545357046,10
-1188860.430610565,1881976.2545357046,10
-1188397.1178940376,1881976.2545357046,10
-1187933.80517751,1881976.2545357046,10
-1187470.4924609826,1881976.2545357046,10
-1187007.179744455,1881976.2545357046,10
-1186543.8670279277,1881976.2545357046,10
-1186080.5543114,1881976.2545357046,10
-1185617.2415948727,1881976.2545357046,10
-1185153.928878345,1881976.2545357046,10
-1184690.6161618177,1881976.2545357046,10
-1184227.30344529,1881976.2545357046,10
-1183763.9907287627,1881976.2545357046,10
-1183300.678012235,1881976.2545357046,10
-1182837.3652957077,1881976.2545357046,10
-1182374.05257918,1881976.2545357046,10
-1181910.7398626525,1881976.2545357046,10
-1181447.4271461251,1881976.2545357046,10
-1180984.1144295975,1881976.2545357046,10
-1180520.8017130701,1881976.2545357046,10
-1180057.4889965425,1881976.2545357046,10
-1179594.1762800151,1881976.2545357046,10
-1179130.8635634875,1881976.2545357046,10
-1178667.5508469602,1881976.2545357046,10
-1178204.2381304326,1881976.2545357046,10
-1177740.9254139052,1881976.2545357046,10
-1177277.6126973776,1881976.2545357046,10
-1176814.2999808502,1881976.2545357046,10
-1176350.9872643226,1881976.2545357046,10
-1175887.6745477952,1881976.2545357046,10
-1175424.3618312676,1881976.2545357046,10
-1174961.04911474,1881976.2545357046,10
-1174497.7363982126,1881976.2545357046,10
-1174034.4236816852,1881976.2545357046,10
-1173571.1109651576,1881976.2545357046,10
-1173107.79824863,1881976.2545357046,10
-1172644.4855321026,1881976.2545357046,10
-1172181.172815575,1881976.2545357046,10
-1171717.8600990477,1881976.2545357046,10
-1171254.54738252,1881976.2545357046,10
-1170791.2346659927,1881976.2545357046,10
-1170327.921949465,1881976.2545357046,10
-1169864.6092329377,1881976.2545357046,10
-1169401.29651641,1881976.2545357046,10
-1362602.6993083777,1881512.9418191772,10
-1362139.38659185,1881512.9418191772,10
-1361676.0738753227,1881512.9418191772,10
-1361212.761158795,1881512.9418191772,10
-1360749.4484422677,1881512.9418191772,10
-1360286.13572574,1881512.9418191772,10
-1359822.8230092125,1881512.9418191772,10
-1359359.5102926851,1881512.9418191772,10
-1358896.1975761575,1881512.9418191772,10
-1358432.8848596301,1881512.9418191772,10
-1357969.5721431025,1881512.9418191772,10
-1357506.2594265752,1881512.9418191772,10
-1357042.9467100475,1881512.9418191772,10
-1356579.6339935202,1881512.9418191772,10
-1356116.3212769926,1881512.9418191772,16
-1355653.0085604652,1881512.9418191772,10
-1355189.6958439376,1881512.9418191772,10
-1354726.3831274102,1881512.9418191772,10
-1354263.0704108826,1881512.9418191772,16
-1353799.7576943552,1881512.9418191772,16
-1353336.4449778276,1881512.9418191772,16
-1352873.1322613002,1881512.9418191772,10
-1352409.8195447726,1881512.9418191772,10
-1351946.506828245,1881512.9418191772,10
-1351483.1941117176,1881512.9418191772,10
-1351019.88139519,1881512.9418191772,10
-1350556.5686786626,1881512.9418191772,10
-1350093.255962135,1881512.9418191772,16
-1349629.9432456077,1881512.9418191772,10
-1349166.63052908,1881512.9418191772,10
-1348703.3178125527,1881512.9418191772,16
-1348240.005096025,1881512.9418191772,16
-1347776.6923794977,1881512.9418191772,16
-1347313.37966297,1881512.9418191772,16
-1346850.0669464427,1881512.9418191772,10
-1346386.754229915,1881512.9418191772,10
-1345923.4415133877,1881512.9418191772,16
-1345460.12879686,1881512.9418191772,16
-1344996.8160803327,1881512.9418191772,16
-1344533.5033638051,1881512.9418191772,10
-1344070.1906472775,1881512.9418191772,10
-1343606.8779307501,1881512.9418191772,10
-1343143.5652142225,1881512.9418191772,16
-1342680.2524976952,1881512.9418191772,16
-1342216.9397811675,1881512.9418191772,16
-1341753.6270646402,1881512.9418191772,16
-1341290.3143481126,1881512.9418191772,16
-1340827.0016315852,1881512.9418191772,16
-1340363.6889150576,1881512.9418191772,16
-1339900.3761985302,1881512.9418191772,16
-1339437.0634820026,1881512.9418191772,16
-1338973.7507654752,1881512.9418191772,16
-1338510.4380489476,1881512.9418191772,16
-1338047.1253324202,1881512.9418191772,16
-1337583.8126158926,1881512.9418191772,16
-1337120.499899365,1881512.9418191772,16
-1336657.1871828376,1881512.9418191772,16
-1336193.87446631,1881512.9418191772,16
-1335730.5617497826,1881512.9418191772,16
-1335267.249033255,1881512.9418191772,16
-1334803.9363167277,1881512.9418191772,16
-1334340.6236002,1881512.9418191772,16
-1333877.3108836727,1881512.9418191772,16
-1333413.998167145,1881512.9418191772,16
-1332950.6854506177,1881512.9418191772,16
-1332487.37273409,1881512.9418191772,16
-1332024.0600175627,1881512.9418191772,16
-1331560.747301035,1881512.9418191772,16
-1331097.4345845077,1881512.9418191772,16
-1330634.12186798,1881512.9418191772,16
-1330170.8091514525,1881512.9418191772,16
-1329707.4964349251,1881512.9418191772,16
-1329244.1837183975,1881512.9418191772,16
-1328780.8710018701,1881512.9418191772,16
-1328317.5582853425,1881512.9418191772,16
-1327854.2455688152,1881512.9418191772,16
-1327390.9328522875,1881512.9418191772,16
-1326927.6201357602,1881512.9418191772,16
-1326464.3074192326,1881512.9418191772,16
-1326000.9947027052,1881512.9418191772,16
-1325537.6819861776,1881512.9418191772,16
-1325074.3692696502,1881512.9418191772,16
-1324611.0565531226,1881512.9418191772,16
-1324147.7438365952,1881512.9418191772,16
-1323684.4311200676,1881512.9418191772,16
-1323221.11840354,1881512.9418191772,16
-1322757.8056870126,1881512.9418191772,16
-1322294.492970485,1881512.9418191772,16
-1321831.1802539576,1881512.9418191772,16
-1321367.86753743,1881512.9418191772,16
-1320904.5548209026,1881512.9418191772,16
-1320441.242104375,1881512.9418191772,16
-1319977.9293878477,1881512.9418191772,16
-1319514.61667132,1881512.9418191772,16
-1319051.3039547927,1881512.9418191772,16
-1318587.991238265,1881512.9418191772,16
-1318124.6785217377,1881512.9418191772,16
-1317661.36580521,1881512.9418191772,16
-1317198.0530886827,1881512.9418191772,16
-1316734.740372155,1881512.9418191772,16
-1316271.4276556277,1881512.9418191772,16
-1315808.1149391,1881512.9418191772,16
-1315344.8022225727,1881512.9418191772,16
-1314881.4895060451,1881512.9418191772,16
-1314418.1767895175,1881512.9418191772,16
-1313954.8640729901,1881512.9418191772,7
-1313491.5513564625,1881512.9418191772,7
-1313028.2386399352,1881512.9418191772,10
-1312564.9259234075,1881512.9418191772,16
-1312101.6132068802,1881512.9418191772,16
-1311638.3004903526,1881512.9418191772,16
-1311174.9877738252,1881512.9418191772,16
-1310711.6750572976,1881512.9418191772,16
-1310248.3623407702,1881512.9418191772,16
-1309785.0496242426,1881512.9418191772,16
-1309321.7369077152,1881512.9418191772,16
-1308858.4241911876,1881512.9418191772,16
-1308395.1114746602,1881512.9418191772,16
-1307931.7987581326,1881512.9418191772,16
-1307468.486041605,1881512.9418191772,16
-1307005.1733250776,1881512.9418191772,16
-1306541.86060855,1881512.9418191772,16
-1306078.5478920226,1881512.9418191772,10
-1305615.235175495,1881512.9418191772,10
-1305151.9224589677,1881512.9418191772,10
-1304688.60974244,1881512.9418191772,10
-1304225.2970259127,1881512.9418191772,10
-1303761.984309385,1881512.9418191772,10
-1303298.6715928577,1881512.9418191772,10
-1302835.35887633,1881512.9418191772,10
-1302372.0461598027,1881512.9418191772,10
-1301908.733443275,1881512.9418191772,10
-1301445.4207267477,1881512.9418191772,10
-1300982.10801022,1881512.9418191772,10
-1300518.7952936925,1881512.9418191772,10
-1300055.4825771651,1881512.9418191772,10
-1299592.1698606375,1881512.9418191772,10
-1299128.8571441101,1881512.9418191772,10
-1298665.5444275825,1881512.9418191772,10
-1298202.2317110552,1881512.9418191772,10
-1297738.9189945275,1881512.9418191772,10
-1297275.6062780002,1881512.9418191772,10
-1296812.2935614726,1881512.9418191772,10
-1296348.9808449452,1881512.9418191772,10
-1295885.6681284176,1881512.9418191772,10
-1295422.3554118902,1881512.9418191772,10
-1294959.0426953626,1881512.9418191772,10
-1294495.7299788352,1881512.9418191772,10
-1294032.4172623076,1881512.9418191772,10
-1293569.10454578,1881512.9418191772,10
-1293105.7918292526,1881512.9418191772,10
-1292642.479112725,1881512.9418191772,10
-1292179.1663961976,1881512.9418191772,10
-1291715.85367967,1881512.9418191772,10
-1291252.5409631426,1881512.9418191772,10
-1290789.228246615,1881512.9418191772,10
-1290325.9155300877,1881512.9418191772,10
-1289862.60281356,1881512.9418191772,10
-1289399.2900970327,1881512.9418191772,10
-1288935.977380505,1881512.9418191772,10
-1288472.6646639777,1881512.9418191772,10
-1288009.35194745,1881512.9418191772,10
-1287546.0392309227,1881512.9418191772,10
-1287082.726514395,1881512.9418191772,10
-1286619.4137978677,1881512.9418191772,10
-1286156.10108134,1881512.9418191772,10
-1285692.7883648127,1881512.9418191772,10
-1285229.4756482851,1881512.9418191772,10
-1284766.1629317575,1881512.9418191772,10
-1284302.8502152301,1881512.9418191772,10
-1283839.5374987025,1881512.9418191772,10
-1283376.2247821752,1881512.9418191772,16
-1282912.9120656475,1881512.9418191772,16
-1282449.5993491202,1881512.9418191772,7
-1281986.2866325926,1881512.9418191772,10
-1281522.9739160652,1881512.9418191772,10
-1281059.6611995376,1881512.9418191772,10
-1280596.3484830102,1881512.9418191772,10
-1280133.0357664826,1881512.9418191772,10
-1279669.7230499552,1881512.9418191772,10
-1279206.4103334276,1881512.9418191772,10
-1278743.0976169002,1881512.9418191772,10
-1278279.7849003726,1881512.9418191772,10
-1277816.472183845,1881512.9418191772,16
-1277353.1594673176,1881512.9418191772,16
-1276889.84675079,1881512.9418191772,16
-1276426.5340342626,1881512.9418191772,16
-1275963.221317735,1881512.9418191772,10
-1275499.9086012077,1881512.9418191772,10
-1275036.59588468,1881512.9418191772,10
-1274573.2831681527,1881512.9418191772,10
-1274109.970451625,1881512.9418191772,10
-1273646.6577350977,1881512.9418191772,10
-1273183.34501857,1881512.9418191772,10
-1272720.0323020427,1881512.9418191772,10
-1272256.719585515,1881512.9418191772,10
-1271793.4068689877,1881512.9418191772,10
-1271330.09415246,1881512.9418191772,10
-1270866.7814359325,1881512.9418191772,10
-1270403.4687194051,1881512.9418191772,10
-1269940.1560028775,1881512.9418191772,10
-1269476.8432863501,1881512.9418191772,10
-1269013.5305698225,1881512.9418191772,10
-1268550.2178532952,1881512.9418191772,10
-1268086.9051367675,1881512.9418191772,10
-1267623.5924202402,1881512.9418191772,10
-1267160.2797037126,1881512.9418191772,10
-1266696.9669871852,1881512.9418191772,10
-1266233.6542706576,1881512.9418191772,10
-1265770.3415541302,1881512.9418191772,10
-1265307.0288376026,1881512.9418191772,10
-1264843.7161210752,1881512.9418191772,10
-1264380.4034045476,1881512.9418191772,10
-1263917.09068802,1881512.9418191772,10
-1263453.7779714926,1881512.9418191772,10
-1262990.465254965,1881512.9418191772,10
-1262527.1525384376,1881512.9418191772,10
-1262063.83982191,1881512.9418191772,10
-1261600.5271053826,1881512.9418191772,10
-1261137.214388855,1881512.9418191772,10
-1260673.9016723277,1881512.9418191772,10
-1260210.5889558,1881512.9418191772,10
-1259747.2762392727,1881512.9418191772,10
-1259283.963522745,1881512.9418191772,10
-1258820.6508062177,1881512.9418191772,10
-1258357.33808969,1881512.9418191772,10
-1257894.0253731627,1881512.9418191772,10
-1257430.712656635,1881512.9418191772,10
-1256967.3999401077,1881512.9418191772,10
-1256504.08722358,1881512.9418191772,10
-1256040.7745070527,1881512.9418191772,10
-1255577.4617905251,1881512.9418191772,10
-1255114.1490739975,1881512.9418191772,10
-1254650.8363574701,1881512.9418191772,10
-1254187.5236409425,1881512.9418191772,10
-1253724.2109244152,1881512.9418191772,10
-1253260.8982078875,1881512.9418191772,10
-1252797.5854913602,1881512.9418191772,10
-1252334.2727748326,1881512.9418191772,10
-1251870.9600583052,1881512.9418191772,10
-1251407.6473417776,1881512.9418191772,10
-1250944.3346252502,1881512.9418191772,10
-1250481.0219087226,1881512.9418191772,10
-1250017.7091921952,1881512.9418191772,10
-1249554.3964756676,1881512.9418191772,10
-1249091.0837591402,1881512.9418191772,10
-1248627.7710426126,1881512.9418191772,10
-1248164.458326085,1881512.9418191772,10
-1247701.1456095576,1881512.9418191772,10
-1247237.83289303,1881512.9418191772,10
-1246774.5201765026,1881512.9418191772,10
-1246311.207459975,1881512.9418191772,10
-1245847.8947434477,1881512.9418191772,10
-1245384.58202692,1881512.9418191772,10
-1244921.2693103927,1881512.9418191772,10
-1244457.956593865,1881512.9418191772,10
-1243994.6438773377,1881512.9418191772,10
-1243531.33116081,1881512.9418191772,7
-1243068.0184442827,1881512.9418191772,10
-1242604.705727755,1881512.9418191772,10
-1242141.3930112277,1881512.9418191772,10
-1241678.0802947,1881512.9418191772,16
-1241214.7675781725,1881512.9418191772,16
-1240751.4548616451,1881512.9418191772,16
-1240288.1421451175,1881512.9418191772,16
-1239824.8294285901,1881512.9418191772,10
-1239361.5167120625,1881512.9418191772,10
-1238898.2039955352,1881512.9418191772,10
-1238434.8912790075,1881512.9418191772,10
-1237971.5785624802,1881512.9418191772,10
-1237508.2658459526,1881512.9418191772,10
-1237044.9531294252,1881512.9418191772,10
-1236581.6404128976,1881512.9418191772,10
-1236118.3276963702,1881512.9418191772,10
-1235655.0149798426,1881512.9418191772,10
-1235191.7022633152,1881512.9418191772,10
-1234728.3895467876,1881512.9418191772,10
-1234265.07683026,1881512.9418191772,10
-1233801.7641137326,1881512.9418191772,10
-1233338.4513972052,1881512.9418191772,10
-1232875.1386806776,1881512.9418191772,10
-1232411.82596415,1881512.9418191772,10
-1231948.5132476226,1881512.9418191772,10
-1231485.200531095,1881512.9418191772,10
-1231021.8878145677,1881512.9418191772,10
-1230558.57509804,1881512.9418191772,10
-1230095.2623815127,1881512.9418191772,10
-1229631.949664985,1881512.9418191772,10
-1229168.6369484577,1881512.9418191772,10
-1228705.32423193,1881512.9418191772,10
-1228242.0115154027,1881512.9418191772,10
-1227778.698798875,1881512.9418191772,10
-1227315.3860823475,1881512.9418191772,10
-1226852.07336582,1881512.9418191772,10
-1226388.7606492927,1881512.9418191772,10
-1225925.4479327651,1881512.9418191772,10
-1225462.1352162375,1881512.9418191772,10
-1224998.8224997101,1881512.9418191772,10
-1224535.5097831825,1881512.9418191772,10
-1224072.1970666551,1881512.9418191772,10
-1223608.8843501275,1881512.9418191772,10
-1223145.5716336002,1881512.9418191772,10
-1222682.2589170726,1881512.9418191772,10
-1222218.9462005452,1881512.9418191772,10
-1221755.6334840176,1881512.9418191772,10
-1221292.3207674902,1881512.9418191772,10
-1220829.0080509626,1881512.9418191772,10
-1220365.6953344352,1881512.9418191772,10
-1219902.3826179076,1881512.9418191772,10
-1219439.0699013802,1881512.9418191772,10
-1218975.7571848526,1881512.9418191772,10
-1218512.444468325,1881512.9418191772,10
-1218049.1317517976,1881512.9418191772,10
-1217585.81903527,1881512.9418191772,10
-1217122.5063187426,1881512.9418191772,10
-1216659.193602215,1881512.9418191772,10
-1216195.8808856877,1881512.9418191772,10
-1215732.56816916,1881512.9418191772,10
-1215269.2554526327,1881512.9418191772,10
-1214805.942736105,1881512.9418191772,10
-1214342.6300195777,1881512.9418191772,10
-1213879.31730305,1881512.9418191772,10
-1213416.0045865227,1881512.9418191772,10
-1212952.691869995,1881512.9418191772,10
-1212489.3791534677,1881512.9418191772,10
-1212026.06643694,1881512.9418191772,10
-1211562.7537204125,1881512.9418191772,10
-1211099.4410038851,1881512.9418191772,10
-1210636.1282873575,1881512.9418191772,10
-1210172.8155708301,1881512.9418191772,10
-1209709.5028543025,1881512.9418191772,10
-1209246.1901377751,1881512.9418191772,10
-1208782.8774212475,1881512.9418191772,10
-1208319.5647047202,1881512.9418191772,10
-1207856.2519881926,1881512.9418191772,10
-1207392.9392716652,1881512.9418191772,10
-1206929.6265551376,1881512.9418191772,10
-1206466.3138386102,1881512.9418191772,10
-1206003.0011220826,1881512.9418191772,10
-1205539.6884055552,1881512.9418191772,10
-1205076.3756890276,1881512.9418191772,10
-1204613.0629725,1881512.9418191772,10
-1204149.7502559726,1881512.9418191772,10
-1203686.4375394452,1881512.9418191772,10
-1203223.1248229176,1881512.9418191772,10
-1202759.81210639,1881512.9418191772,10
-1202296.4993898626,1881512.9418191772,10
-1201833.186673335,1881512.9418191772,10
-1201369.8739568077,1881512.9418191772,10
-1200906.56124028,1881512.9418191772,10
-1200443.2485237527,1881512.9418191772,10
-1199979.935807225,1881512.9418191772,10
-1199516.6230906977,1881512.9418191772,10
-1199053.31037417,1881512.9418191772,10
-1198589.9976576427,1881512.9418191772,10
-1198126.684941115,1881512.9418191772,10
-1197663.3722245875,1881512.9418191772,10
-1197200.05950806,1881512.9418191772,10
-1196736.7467915327,1881512.9418191772,10
-1196273.4340750051,1881512.9418191772,10
-1195810.1213584775,1881512.9418191772,10
-1195346.8086419501,1881512.9418191772,10
-1194883.4959254225,1881512.9418191772,10
-1194420.1832088951,1881512.9418191772,10
-1193956.8704923675,1881512.9418191772,10
-1193493.5577758402,1881512.9418191772,10
-1193030.2450593126,1881512.9418191772,10
-1192566.9323427852,1881512.9418191772,10
-1192103.6196262576,1881512.9418191772,10
-1191640.3069097302,1881512.9418191772,10
-1191176.9941932026,1881512.9418191772,10
-1190713.6814766752,1881512.9418191772,10
-1190250.3687601476,1881512.9418191772,10
-1189787.0560436202,1881512.9418191772,10
-1189323.7433270926,1881512.9418191772,10
-1188860.430610565,1881512.9418191772,10
-1188397.1178940376,1881512.9418191772,10
-1187933.80517751,1881512.9418191772,10
-1187470.4924609826,1881512.9418191772,10
-1187007.179744455,1881512.9418191772,10
-1186543.8670279277,1881512.9418191772,10
-1186080.5543114,1881512.9418191772,10
-1185617.2415948727,1881512.9418191772,10
-1185153.928878345,1881512.9418191772,10
-1184690.6161618177,1881512.9418191772,10
-1184227.30344529,1881512.9418191772,10
-1183763.9907287627,1881512.9418191772,10
-1183300.678012235,1881512.9418191772,10
-1182837.3652957077,1881512.9418191772,10
-1182374.05257918,1881512.9418191772,10
-1181910.7398626525,1881512.9418191772,10
-1181447.4271461251,1881512.9418191772,10
-1180984.1144295975,1881512.9418191772,10
-1180520.8017130701,1881512.9418191772,10
-1180057.4889965425,1881512.9418191772,10
-1179594.1762800151,1881512.9418191772,10
-1179130.8635634875,1881512.9418191772,10
-1178667.5508469602,1881512.9418191772,10
-1178204.2381304326,1881512.9418191772,10
-1177740.9254139052,1881512.9418191772,10
-1177277.6126973776,1881512.9418191772,10
-1176814.2999808502,1881512.9418191772,10
-1176350.9872643226,1881512.9418191772,10
-1175887.6745477952,1881512.9418191772,10
-1175424.3618312676,1881512.9418191772,10
-1174961.04911474,1881512.9418191772,10
-1174497.7363982126,1881512.9418191772,10
-1174034.4236816852,1881512.9418191772,10
-1173571.1109651576,1881512.9418191772,10
-1173107.79824863,1881512.9418191772,10
-1172644.4855321026,1881512.9418191772,10
-1172181.172815575,1881512.9418191772,10
-1171717.8600990477,1881512.9418191772,10
-1171254.54738252,1881512.9418191772,10
-1170791.2346659927,1881512.9418191772,10
-1170327.921949465,1881512.9418191772,10
-1169864.6092329377,1881512.9418191772,10
-1169401.29651641,1881512.9418191772,10
-1168937.9837998827,1881512.9418191772,10
-1362602.6993083777,1881049.6291026496,10
-1362139.38659185,1881049.6291026496,10
-1361676.0738753227,1881049.6291026496,10
-1361212.761158795,1881049.6291026496,10
-1360749.4484422677,1881049.6291026496,10
-1360286.13572574,1881049.6291026496,10
-1359822.8230092125,1881049.6291026496,10
-1359359.5102926851,1881049.6291026496,10
-1358896.1975761575,1881049.6291026496,10
-1358432.8848596301,1881049.6291026496,10
-1357969.5721431025,1881049.6291026496,16
-1357506.2594265752,1881049.6291026496,16
-1357042.9467100475,1881049.6291026496,10
-1356579.6339935202,1881049.6291026496,10
-1356116.3212769926,1881049.6291026496,10
-1355653.0085604652,1881049.6291026496,10
-1355189.6958439376,1881049.6291026496,10
-1354726.3831274102,1881049.6291026496,10
-1354263.0704108826,1881049.6291026496,10
-1353799.7576943552,1881049.6291026496,10
-1353336.4449778276,1881049.6291026496,10
-1352873.1322613002,1881049.6291026496,10
-1352409.8195447726,1881049.6291026496,10
-1351946.506828245,1881049.6291026496,10
-1351483.1941117176,1881049.6291026496,10
-1351019.88139519,1881049.6291026496,16
-1350556.5686786626,1881049.6291026496,16
-1350093.255962135,1881049.6291026496,16
-1349629.9432456077,1881049.6291026496,16
-1349166.63052908,1881049.6291026496,16
-1348703.3178125527,1881049.6291026496,16
-1348240.005096025,1881049.6291026496,16
-1347776.6923794977,1881049.6291026496,16
-1347313.37966297,1881049.6291026496,16
-1346850.0669464427,1881049.6291026496,16
-1346386.754229915,1881049.6291026496,10
-1345923.4415133877,1881049.6291026496,10
-1345460.12879686,1881049.6291026496,10
-1344996.8160803327,1881049.6291026496,10
-1344533.5033638051,1881049.6291026496,10
-1344070.1906472775,1881049.6291026496,10
-1343606.8779307501,1881049.6291026496,10
-1343143.5652142225,1881049.6291026496,16
-1342680.2524976952,1881049.6291026496,16
-1342216.9397811675,1881049.6291026496,16
-1341753.6270646402,1881049.6291026496,16
-1341290.3143481126,1881049.6291026496,16
-1340827.0016315852,1881049.6291026496,16
-1340363.6889150576,1881049.6291026496,16
-1339900.3761985302,1881049.6291026496,16
-1339437.0634820026,1881049.6291026496,16
-1338973.7507654752,1881049.6291026496,16
-1338510.4380489476,1881049.6291026496,16
-1338047.1253324202,1881049.6291026496,16
-1337583.8126158926,1881049.6291026496,16
-1337120.499899365,1881049.6291026496,16
-1336657.1871828376,1881049.6291026496,16
-1336193.87446631,1881049.6291026496,16
-1335730.5617497826,1881049.6291026496,16
-1335267.249033255,1881049.6291026496,16
-1334803.9363167277,1881049.6291026496,16
-1334340.6236002,1881049.6291026496,16
-1333877.3108836727,1881049.6291026496,16
-1333413.998167145,1881049.6291026496,16
-1332950.6854506177,1881049.6291026496,16
-1332487.37273409,1881049.6291026496,16
-1332024.0600175627,1881049.6291026496,16
-1331560.747301035,1881049.6291026496,16
-1331097.4345845077,1881049.6291026496,16
-1330634.12186798,1881049.6291026496,16
-1330170.8091514525,1881049.6291026496,16
-1329707.4964349251,1881049.6291026496,16
-1329244.1837183975,1881049.6291026496,16
-1328780.8710018701,1881049.6291026496,16
-1328317.5582853425,1881049.6291026496,16
-1327854.2455688152,1881049.6291026496,16
-1327390.9328522875,1881049.6291026496,16
-1326927.6201357602,1881049.6291026496,16
-1326464.3074192326,1881049.6291026496,16
-1326000.9947027052,1881049.6291026496,16
-1325537.6819861776,1881049.6291026496,16
-1325074.3692696502,1881049.6291026496,16
-1324611.0565531226,1881049.6291026496,16
-1324147.7438365952,1881049.6291026496,16
-1323684.4311200676,1881049.6291026496,16
-1323221.11840354,1881049.6291026496,16
-1322757.8056870126,1881049.6291026496,16
-1322294.492970485,1881049.6291026496,16
-1321831.1802539576,1881049.6291026496,16
-1321367.86753743,1881049.6291026496,16
-1320904.5548209026,1881049.6291026496,16
-1320441.242104375,1881049.6291026496,16
-1319977.9293878477,1881049.6291026496,16
-1319514.61667132,1881049.6291026496,16
-1319051.3039547927,1881049.6291026496,16
-1318587.991238265,1881049.6291026496,16
-1318124.6785217377,1881049.6291026496,16
-1317661.36580521,1881049.6291026496,16
-1317198.0530886827,1881049.6291026496,16
-1316734.740372155,1881049.6291026496,16
-1316271.4276556277,1881049.6291026496,16
-1315808.1149391,1881049.6291026496,16
-1315344.8022225727,1881049.6291026496,16
-1314881.4895060451,1881049.6291026496,16
-1314418.1767895175,1881049.6291026496,16
-1313954.8640729901,1881049.6291026496,16
-1313491.5513564625,1881049.6291026496,10
-1313028.2386399352,1881049.6291026496,10
-1312564.9259234075,1881049.6291026496,16
-1312101.6132068802,1881049.6291026496,16
-1311638.3004903526,1881049.6291026496,10
-1311174.9877738252,1881049.6291026496,16
-1310711.6750572976,1881049.6291026496,16
-1310248.3623407702,1881049.6291026496,16
-1309785.0496242426,1881049.6291026496,16
-1309321.7369077152,1881049.6291026496,16
-1308858.4241911876,1881049.6291026496,16
-1308395.1114746602,1881049.6291026496,16
-1307931.7987581326,1881049.6291026496,16
-1307468.486041605,1881049.6291026496,16
-1307005.1733250776,1881049.6291026496,16
-1306541.86060855,1881049.6291026496,16
-1306078.5478920226,1881049.6291026496,10
-1305615.235175495,1881049.6291026496,10
-1305151.9224589677,1881049.6291026496,16
-1304688.60974244,1881049.6291026496,16
-1304225.2970259127,1881049.6291026496,10
-1303761.984309385,1881049.6291026496,10
-1303298.6715928577,1881049.6291026496,10
-1302835.35887633,1881049.6291026496,10
-1302372.0461598027,1881049.6291026496,10
-1301908.733443275,1881049.6291026496,10
-1301445.4207267477,1881049.6291026496,10
-1300982.10801022,1881049.6291026496,10
-1300518.7952936925,1881049.6291026496,10
-1300055.4825771651,1881049.6291026496,10
-1299592.1698606375,1881049.6291026496,10
-1299128.8571441101,1881049.6291026496,10
-1298665.5444275825,1881049.6291026496,10
-1298202.2317110552,1881049.6291026496,10
-1297738.9189945275,1881049.6291026496,10
-1297275.6062780002,1881049.6291026496,10
-1296812.2935614726,1881049.6291026496,10
-1296348.9808449452,1881049.6291026496,10
-1295885.6681284176,1881049.6291026496,10
-1295422.3554118902,1881049.6291026496,10
-1294959.0426953626,1881049.6291026496,10
-1294495.7299788352,1881049.6291026496,10
-1294032.4172623076,1881049.6291026496,10
-1293569.10454578,1881049.6291026496,10
-1293105.7918292526,1881049.6291026496,10
-1292642.479112725,1881049.6291026496,10
-1292179.1663961976,1881049.6291026496,10
-1291715.85367967,1881049.6291026496,10
-1291252.5409631426,1881049.6291026496,10
-1290789.228246615,1881049.6291026496,10
-1290325.9155300877,1881049.6291026496,10
-1289862.60281356,1881049.6291026496,10
-1289399.2900970327,1881049.6291026496,10
-1288935.977380505,1881049.6291026496,10
-1288472.6646639777,1881049.6291026496,10
-1288009.35194745,1881049.6291026496,16
-1287546.0392309227,1881049.6291026496,16
-1287082.726514395,1881049.6291026496,16
-1286619.4137978677,1881049.6291026496,16
-1286156.10108134,1881049.6291026496,16
-1285692.7883648127,1881049.6291026496,16
-1285229.4756482851,1881049.6291026496,10
-1284766.1629317575,1881049.6291026496,10
-1284302.8502152301,1881049.6291026496,10
-1283839.5374987025,1881049.6291026496,10
-1283376.2247821752,1881049.6291026496,16
-1282912.9120656475,1881049.6291026496,16
-1282449.5993491202,1881049.6291026496,16
-1281986.2866325926,1881049.6291026496,7
-1281522.9739160652,1881049.6291026496,10
-1281059.6611995376,1881049.6291026496,10
-1280596.3484830102,1881049.6291026496,10
-1280133.0357664826,1881049.6291026496,10
-1279669.7230499552,1881049.6291026496,10
-1279206.4103334276,1881049.6291026496,10
-1278743.0976169002,1881049.6291026496,10
-1278279.7849003726,1881049.6291026496,10
-1277816.472183845,1881049.6291026496,10
-1277353.1594673176,1881049.6291026496,10
-1276889.84675079,1881049.6291026496,10
-1276426.5340342626,1881049.6291026496,16
-1275963.221317735,1881049.6291026496,16
-1275499.9086012077,1881049.6291026496,10
-1275036.59588468,1881049.6291026496,10
-1274573.2831681527,1881049.6291026496,10
-1274109.970451625,1881049.6291026496,10
-1273646.6577350977,1881049.6291026496,10
-1273183.34501857,1881049.6291026496,10
-1272720.0323020427,1881049.6291026496,10
-1272256.719585515,1881049.6291026496,10
-1271793.4068689877,1881049.6291026496,10
-1271330.09415246,1881049.6291026496,10
-1270866.7814359325,1881049.6291026496,7
-1270403.4687194051,1881049.6291026496,7
-1269940.1560028775,1881049.6291026496,10
-1269476.8432863501,1881049.6291026496,10
-1269013.5305698225,1881049.6291026496,10
-1268550.2178532952,1881049.6291026496,10
-1268086.9051367675,1881049.6291026496,10
-1267623.5924202402,1881049.6291026496,10
-1267160.2797037126,1881049.6291026496,10
-1266696.9669871852,1881049.6291026496,10
-1266233.6542706576,1881049.6291026496,10
-1265770.3415541302,1881049.6291026496,10
-1265307.0288376026,1881049.6291026496,10
-1264843.7161210752,1881049.6291026496,10
-1264380.4034045476,1881049.6291026496,10
-1263917.09068802,1881049.6291026496,10
-1263453.7779714926,1881049.6291026496,10
-1262990.465254965,1881049.6291026496,10
-1262527.1525384376,1881049.6291026496,10
-1262063.83982191,1881049.6291026496,10
-1261600.5271053826,1881049.6291026496,10
-1261137.214388855,1881049.6291026496,10
-1260673.9016723277,1881049.6291026496,10
-1260210.5889558,1881049.6291026496,10
-1259747.2762392727,1881049.6291026496,10
-1259283.963522745,1881049.6291026496,10
-1258820.6508062177,1881049.6291026496,10
-1258357.33808969,1881049.6291026496,10
-1257894.0253731627,1881049.6291026496,10
-1257430.712656635,1881049.6291026496,10
-1256967.3999401077,1881049.6291026496,10
-1256504.08722358,1881049.6291026496,10
-1256040.7745070527,1881049.6291026496,10
-1255577.4617905251,1881049.6291026496,10
-1255114.1490739975,1881049.6291026496,10
-1254650.8363574701,1881049.6291026496,10
-1254187.5236409425,1881049.6291026496,10
-1253724.2109244152,1881049.6291026496,10
-1253260.8982078875,1881049.6291026496,10
-1252797.5854913602,1881049.6291026496,10
-1252334.2727748326,1881049.6291026496,10
-1251870.9600583052,1881049.6291026496,10
-1251407.6473417776,1881049.6291026496,10
-1250944.3346252502,1881049.6291026496,10
-1250481.0219087226,1881049.6291026496,10
-1250017.7091921952,1881049.6291026496,10
-1249554.3964756676,1881049.6291026496,10
-1249091.0837591402,1881049.6291026496,10
-1248627.7710426126,1881049.6291026496,10
-1248164.458326085,1881049.6291026496,10
-1247701.1456095576,1881049.6291026496,10
-1247237.83289303,1881049.6291026496,10
-1246774.5201765026,1881049.6291026496,10
-1246311.207459975,1881049.6291026496,10
-1245847.8947434477,1881049.6291026496,10
-1245384.58202692,1881049.6291026496,10
-1244921.2693103927,1881049.6291026496,10
-1244457.956593865,1881049.6291026496,10
-1243994.6438773377,1881049.6291026496,10
-1243531.33116081,1881049.6291026496,10
-1243068.0184442827,1881049.6291026496,7
-1242604.705727755,1881049.6291026496,10
-1242141.3930112277,1881049.6291026496,10
-1241678.0802947,1881049.6291026496,10
-1241214.7675781725,1881049.6291026496,16
-1240751.4548616451,1881049.6291026496,16
-1240288.1421451175,1881049.6291026496,16
-1239824.8294285901,1881049.6291026496,10
-1239361.5167120625,1881049.6291026496,10
-1238898.2039955352,1881049.6291026496,10
-1238434.8912790075,1881049.6291026496,10
-1237971.5785624802,1881049.6291026496,10
-1237508.2658459526,1881049.6291026496,10
-1237044.9531294252,1881049.6291026496,10
-1236581.6404128976,1881049.6291026496,10
-1236118.3276963702,1881049.6291026496,10
-1235655.0149798426,1881049.6291026496,10
-1235191.7022633152,1881049.6291026496,10
-1234728.3895467876,1881049.6291026496,10
-1234265.07683026,1881049.6291026496,10
-1233801.7641137326,1881049.6291026496,10
-1233338.4513972052,1881049.6291026496,10
-1232875.1386806776,1881049.6291026496,10
-1232411.82596415,1881049.6291026496,10
-1231948.5132476226,1881049.6291026496,10
-1231485.200531095,1881049.6291026496,10
-1231021.8878145677,1881049.6291026496,10
-1230558.57509804,1881049.6291026496,10
-1230095.2623815127,1881049.6291026496,10
-1229631.949664985,1881049.6291026496,10
-1229168.6369484577,1881049.6291026496,10
-1228705.32423193,1881049.6291026496,10
-1228242.0115154027,1881049.6291026496,10
-1227778.698798875,1881049.6291026496,10
-1227315.3860823475,1881049.6291026496,10
-1226852.07336582,1881049.6291026496,10
-1226388.7606492927,1881049.6291026496,10
-1225925.4479327651,1881049.6291026496,10
-1225462.1352162375,1881049.6291026496,10
-1224998.8224997101,1881049.6291026496,10
-1224535.5097831825,1881049.6291026496,10
-1224072.1970666551,1881049.6291026496,10
-1223608.8843501275,1881049.6291026496,10
-1223145.5716336002,1881049.6291026496,10
-1222682.2589170726,1881049.6291026496,10
-1222218.9462005452,1881049.6291026496,10
-1221755.6334840176,1881049.6291026496,10
-1221292.3207674902,1881049.6291026496,10
-1220829.0080509626,1881049.6291026496,10
-1220365.6953344352,1881049.6291026496,10
-1219902.3826179076,1881049.6291026496,10
-1219439.0699013802,1881049.6291026496,10
-1218975.7571848526,1881049.6291026496,10
-1218512.444468325,1881049.6291026496,10
-1218049.1317517976,1881049.6291026496,10
-1217585.81903527,1881049.6291026496,10
-1217122.5063187426,1881049.6291026496,10
-1216659.193602215,1881049.6291026496,10
-1216195.8808856877,1881049.6291026496,10
-1215732.56816916,1881049.6291026496,10
-1215269.2554526327,1881049.6291026496,10
-1214805.942736105,1881049.6291026496,10
-1214342.6300195777,1881049.6291026496,10
-1213879.31730305,1881049.6291026496,10
-1213416.0045865227,1881049.6291026496,10
-1212952.691869995,1881049.6291026496,10
-1212489.3791534677,1881049.6291026496,10
-1212026.06643694,1881049.6291026496,10
-1211562.7537204125,1881049.6291026496,10
-1211099.4410038851,1881049.6291026496,10
-1210636.1282873575,1881049.6291026496,10
-1210172.8155708301,1881049.6291026496,10
-1209709.5028543025,1881049.6291026496,10
-1209246.1901377751,1881049.6291026496,10
-1208782.8774212475,1881049.6291026496,10
-1208319.5647047202,1881049.6291026496,10
-1207856.2519881926,1881049.6291026496,10
-1207392.9392716652,1881049.6291026496,10
-1206929.6265551376,1881049.6291026496,10
-1206466.3138386102,1881049.6291026496,10
-1206003.0011220826,1881049.6291026496,10
-1205539.6884055552,1881049.6291026496,10
-1205076.3756890276,1881049.6291026496,10
-1204613.0629725,1881049.6291026496,10
-1204149.7502559726,1881049.6291026496,10
-1203686.4375394452,1881049.6291026496,10
-1203223.1248229176,1881049.6291026496,10
-1202759.81210639,1881049.6291026496,10
-1202296.4993898626,1881049.6291026496,10
-1201833.186673335,1881049.6291026496,10
-1201369.8739568077,1881049.6291026496,10
-1200906.56124028,1881049.6291026496,10
-1200443.2485237527,1881049.6291026496,10
-1199979.935807225,1881049.6291026496,10
-1199516.6230906977,1881049.6291026496,10
-1199053.31037417,1881049.6291026496,10
-1198589.9976576427,1881049.6291026496,10
-1198126.684941115,1881049.6291026496,10
-1197663.3722245875,1881049.6291026496,10
-1197200.05950806,1881049.6291026496,10
-1196736.7467915327,1881049.6291026496,10
-1196273.4340750051,1881049.6291026496,10
-1195810.1213584775,1881049.6291026496,10
-1195346.8086419501,1881049.6291026496,10
-1194883.4959254225,1881049.6291026496,10
-1194420.1832088951,1881049.6291026496,10
-1193956.8704923675,1881049.6291026496,10
-1193493.5577758402,1881049.6291026496,10
-1193030.2450593126,1881049.6291026496,10
-1192566.9323427852,1881049.6291026496,10
-1192103.6196262576,1881049.6291026496,10
-1191640.3069097302,1881049.6291026496,10
-1191176.9941932026,1881049.6291026496,10
-1190713.6814766752,1881049.6291026496,10
-1190250.3687601476,1881049.6291026496,10
-1189787.0560436202,1881049.6291026496,10
-1189323.7433270926,1881049.6291026496,10
-1188860.430610565,1881049.6291026496,10
-1188397.1178940376,1881049.6291026496,10
-1187933.80517751,1881049.6291026496,10
-1187470.4924609826,1881049.6291026496,10
-1187007.179744455,1881049.6291026496,10
-1186543.8670279277,1881049.6291026496,10
-1186080.5543114,1881049.6291026496,10
-1185617.2415948727,1881049.6291026496,10
-1185153.928878345,1881049.6291026496,10
-1184690.6161618177,1881049.6291026496,10
-1184227.30344529,1881049.6291026496,10
-1183763.9907287627,1881049.6291026496,10
-1183300.678012235,1881049.6291026496,10
-1182837.3652957077,1881049.6291026496,10
-1182374.05257918,1881049.6291026496,10
-1181910.7398626525,1881049.6291026496,10
-1181447.4271461251,1881049.6291026496,10
-1180984.1144295975,1881049.6291026496,10
-1180520.8017130701,1881049.6291026496,10
-1180057.4889965425,1881049.6291026496,10
-1179594.1762800151,1881049.6291026496,10
-1179130.8635634875,1881049.6291026496,10
-1178667.5508469602,1881049.6291026496,10
-1178204.2381304326,1881049.6291026496,10
-1177740.9254139052,1881049.6291026496,10
-1177277.6126973776,1881049.6291026496,10
-1176814.2999808502,1881049.6291026496,10
-1176350.9872643226,1881049.6291026496,10
-1175887.6745477952,1881049.6291026496,10
-1175424.3618312676,1881049.6291026496,10
-1174961.04911474,1881049.6291026496,10
-1174497.7363982126,1881049.6291026496,10
-1174034.4236816852,1881049.6291026496,10
-1173571.1109651576,1881049.6291026496,10
-1173107.79824863,1881049.6291026496,10
-1172644.4855321026,1881049.6291026496,10
-1172181.172815575,1881049.6291026496,10
-1171717.8600990477,1881049.6291026496,10
-1171254.54738252,1881049.6291026496,10
-1170791.2346659927,1881049.6291026496,10
-1170327.921949465,1881049.6291026496,10
-1169864.6092329377,1881049.6291026496,10
-1169401.29651641,1881049.6291026496,10
-1168937.9837998827,1881049.6291026496,10
-1362602.6993083777,1880586.3163861223,10
-1362139.38659185,1880586.3163861223,10
-1361676.0738753227,1880586.3163861223,10
-1361212.761158795,1880586.3163861223,10
-1360749.4484422677,1880586.3163861223,10
-1360286.13572574,1880586.3163861223,10
-1359822.8230092125,1880586.3163861223,10
-1359359.5102926851,1880586.3163861223,10
-1358896.1975761575,1880586.3163861223,16
-1358432.8848596301,1880586.3163861223,10
-1357969.5721431025,1880586.3163861223,16
-1357506.2594265752,1880586.3163861223,16
-1357042.9467100475,1880586.3163861223,16
-1356579.6339935202,1880586.3163861223,10
-1356116.3212769926,1880586.3163861223,10
-1355653.0085604652,1880586.3163861223,10
-1355189.6958439376,1880586.3163861223,10
-1354726.3831274102,1880586.3163861223,10
-1354263.0704108826,1880586.3163861223,10
-1353799.7576943552,1880586.3163861223,10
-1353336.4449778276,1880586.3163861223,10
-1352873.1322613002,1880586.3163861223,10
-1352409.8195447726,1880586.3163861223,16
-1351946.506828245,1880586.3163861223,16
-1351483.1941117176,1880586.3163861223,16
-1351019.88139519,1880586.3163861223,10
-1350556.5686786626,1880586.3163861223,16
-1350093.255962135,1880586.3163861223,16
-1349629.9432456077,1880586.3163861223,16
-1349166.63052908,1880586.3163861223,16
-1348703.3178125527,1880586.3163861223,16
-1348240.005096025,1880586.3163861223,16
-1347776.6923794977,1880586.3163861223,16
-1347313.37966297,1880586.3163861223,16
-1346850.0669464427,1880586.3163861223,16
-1346386.754229915,1880586.3163861223,16
-1345923.4415133877,1880586.3163861223,10
-1345460.12879686,1880586.3163861223,10
-1344996.8160803327,1880586.3163861223,10
-1344533.5033638051,1880586.3163861223,10
-1344070.1906472775,1880586.3163861223,10
-1343606.8779307501,1880586.3163861223,10
-1343143.5652142225,1880586.3163861223,16
-1342680.2524976952,1880586.3163861223,16
-1342216.9397811675,1880586.3163861223,16
-1341753.6270646402,1880586.3163861223,16
-1341290.3143481126,1880586.3163861223,16
-1340827.0016315852,1880586.3163861223,16
-1340363.6889150576,1880586.3163861223,16
-1339900.3761985302,1880586.3163861223,16
-1339437.0634820026,1880586.3163861223,16
-1338973.7507654752,1880586.3163861223,16
-1338510.4380489476,1880586.3163861223,16
-1338047.1253324202,1880586.3163861223,16
-1337583.8126158926,1880586.3163861223,16
-1337120.499899365,1880586.3163861223,16
-1336657.1871828376,1880586.3163861223,16
-1336193.87446631,1880586.3163861223,16
-1335730.5617497826,1880586.3163861223,16
-1335267.249033255,1880586.3163861223,16
-1334803.9363167277,1880586.3163861223,16
-1334340.6236002,1880586.3163861223,16
-1333877.3108836727,1880586.3163861223,16
-1333413.998167145,1880586.3163861223,16
-1332950.6854506177,1880586.3163861223,16
-1332487.37273409,1880586.3163861223,16
-1332024.0600175627,1880586.3163861223,16
-1331560.747301035,1880586.3163861223,16
-1331097.4345845077,1880586.3163861223,16
-1330634.12186798,1880586.3163861223,16
-1330170.8091514525,1880586.3163861223,16
-1329707.4964349251,1880586.3163861223,16
-1329244.1837183975,1880586.3163861223,16
-1328780.8710018701,1880586.3163861223,16
-1328317.5582853425,1880586.3163861223,16
-1327854.2455688152,1880586.3163861223,16
-1327390.9328522875,1880586.3163861223,16
-1326927.6201357602,1880586.3163861223,16
-1326464.3074192326,1880586.3163861223,16
-1326000.9947027052,1880586.3163861223,16
-1325537.6819861776,1880586.3163861223,16
-1325074.3692696502,1880586.3163861223,16
-1324611.0565531226,1880586.3163861223,16
-1324147.7438365952,1880586.3163861223,16
-1323684.4311200676,1880586.3163861223,16
-1323221.11840354,1880586.3163861223,16
-1322757.8056870126,1880586.3163861223,16
-1322294.492970485,1880586.3163861223,16
-1321831.1802539576,1880586.3163861223,16
-1321367.86753743,1880586.3163861223,16
-1320904.5548209026,1880586.3163861223,16
-1320441.242104375,1880586.3163861223,16
-1319977.9293878477,1880586.3163861223,16
-1319514.61667132,1880586.3163861223,16
-1319051.3039547927,1880586.3163861223,16
-1318587.991238265,1880586.3163861223,16
-1318124.6785217377,1880586.3163861223,16
-1317661.36580521,1880586.3163861223,16
-1317198.0530886827,1880586.3163861223,16
-1316734.740372155,1880586.3163861223,16
-1316271.4276556277,1880586.3163861223,16
-1315808.1149391,1880586.3163861223,16
-1315344.8022225727,1880586.3163861223,16
-1314881.4895060451,1880586.3163861223,16
-1314418.1767895175,1880586.3163861223,16
-1313954.8640729901,1880586.3163861223,16
-1313491.5513564625,1880586.3163861223,10
-1313028.2386399352,1880586.3163861223,16
-1312564.9259234075,1880586.3163861223,16
-1312101.6132068802,1880586.3163861223,16
-1311638.3004903526,1880586.3163861223,10
-1311174.9877738252,1880586.3163861223,16
-1310711.6750572976,1880586.3163861223,16
-1310248.3623407702,1880586.3163861223,16
-1309785.0496242426,1880586.3163861223,16
-1309321.7369077152,1880586.3163861223,16
-1308858.4241911876,1880586.3163861223,16
-1308395.1114746602,1880586.3163861223,16
-1307931.7987581326,1880586.3163861223,16
-1307468.486041605,1880586.3163861223,16
-1307005.1733250776,1880586.3163861223,16
-1306541.86060855,1880586.3163861223,16
-1306078.5478920226,1880586.3163861223,16
-1305615.235175495,1880586.3163861223,16
-1305151.9224589677,1880586.3163861223,16
-1304688.60974244,1880586.3163861223,16
-1304225.2970259127,1880586.3163861223,10
-1303761.984309385,1880586.3163861223,10
-1303298.6715928577,1880586.3163861223,10
-1302835.35887633,1880586.3163861223,10
-1302372.0461598027,1880586.3163861223,10
-1301908.733443275,1880586.3163861223,10
-1301445.4207267477,1880586.3163861223,10
-1300982.10801022,1880586.3163861223,10
-1300518.7952936925,1880586.3163861223,10
-1300055.4825771651,1880586.3163861223,10
-1299592.1698606375,1880586.3163861223,10
-1299128.8571441101,1880586.3163861223,10
-1298665.5444275825,1880586.3163861223,10
-1298202.2317110552,1880586.3163861223,10
-1297738.9189945275,1880586.3163861223,10
-1297275.6062780002,1880586.3163861223,10
-1296812.2935614726,1880586.3163861223,10
-1296348.9808449452,1880586.3163861223,10
-1295885.6681284176,1880586.3163861223,10
-1295422.3554118902,1880586.3163861223,10
-1294959.0426953626,1880586.3163861223,10
-1294495.7299788352,1880586.3163861223,10
-1294032.4172623076,1880586.3163861223,10
-1293569.10454578,1880586.3163861223,10
-1293105.7918292526,1880586.3163861223,10
-1292642.479112725,1880586.3163861223,10
-1292179.1663961976,1880586.3163861223,10
-1291715.85367967,1880586.3163861223,10
-1291252.5409631426,1880586.3163861223,10
-1290789.228246615,1880586.3163861223,10
-1290325.9155300877,1880586.3163861223,16
-1289862.60281356,1880586.3163861223,10
-1289399.2900970327,1880586.3163861223,10
-1288935.977380505,1880586.3163861223,10
-1288472.6646639777,1880586.3163861223,10
-1288009.35194745,1880586.3163861223,16
-1287546.0392309227,1880586.3163861223,16
-1287082.726514395,1880586.3163861223,16
-1286619.4137978677,1880586.3163861223,16
-1286156.10108134,1880586.3163861223,16
-1285692.7883648127,1880586.3163861223,16
-1285229.4756482851,1880586.3163861223,10
-1284766.1629317575,1880586.3163861223,10
-1284302.8502152301,1880586.3163861223,10
-1283839.5374987025,1880586.3163861223,10
-1283376.2247821752,1880586.3163861223,16
-1282912.9120656475,1880586.3163861223,16
-1282449.5993491202,1880586.3163861223,10
-1281986.2866325926,1880586.3163861223,10
-1281522.9739160652,1880586.3163861223,7
-1281059.6611995376,1880586.3163861223,7
-1280596.3484830102,1880586.3163861223,10
-1280133.0357664826,1880586.3163861223,10
-1279669.7230499552,1880586.3163861223,10
-1279206.4103334276,1880586.3163861223,10
-1278743.0976169002,1880586.3163861223,10
-1278279.7849003726,1880586.3163861223,16
-1277816.472183845,1880586.3163861223,16
-1277353.1594673176,1880586.3163861223,10
-1276889.84675079,1880586.3163861223,10
-1276426.5340342626,1880586.3163861223,16
-1275963.221317735,1880586.3163861223,16
-1275499.9086012077,1880586.3163861223,16
-1275036.59588468,1880586.3163861223,16
-1274573.2831681527,1880586.3163861223,16
-1274109.970451625,1880586.3163861223,10
-1273646.6577350977,1880586.3163861223,10
-1273183.34501857,1880586.3163861223,10
-1272720.0323020427,1880586.3163861223,10
-1272256.719585515,1880586.3163861223,10
-1271793.4068689877,1880586.3163861223,10
-1271330.09415246,1880586.3163861223,7
-1270866.7814359325,1880586.3163861223,7
-1270403.4687194051,1880586.3163861223,10
-1269940.1560028775,1880586.3163861223,10
-1269476.8432863501,1880586.3163861223,16
-1269013.5305698225,1880586.3163861223,10
-1268550.2178532952,1880586.3163861223,10
-1268086.9051367675,1880586.3163861223,10
-1267623.5924202402,1880586.3163861223,7
-1267160.2797037126,1880586.3163861223,7
-1266696.9669871852,1880586.3163861223,10
-1266233.6542706576,1880586.3163861223,10
-1265770.3415541302,1880586.3163861223,10
-1265307.0288376026,1880586.3163861223,10
-1264843.7161210752,1880586.3163861223,10
-1264380.4034045476,1880586.3163861223,10
-1263917.09068802,1880586.3163861223,10
-1263453.7779714926,1880586.3163861223,10
-1262990.465254965,1880586.3163861223,10
-1262527.1525384376,1880586.3163861223,10
-1262063.83982191,1880586.3163861223,10
-1261600.5271053826,1880586.3163861223,10
-1261137.214388855,1880586.3163861223,10
-1260673.9016723277,1880586.3163861223,10
-1260210.5889558,1880586.3163861223,10
-1259747.2762392727,1880586.3163861223,10
-1259283.963522745,1880586.3163861223,10
-1258820.6508062177,1880586.3163861223,10
-1258357.33808969,1880586.3163861223,10
-1257894.0253731627,1880586.3163861223,10
-1257430.712656635,1880586.3163861223,10
-1256967.3999401077,1880586.3163861223,10
-1256504.08722358,1880586.3163861223,10
-1256040.7745070527,1880586.3163861223,10
-1255577.4617905251,1880586.3163861223,10
-1255114.1490739975,1880586.3163861223,10
-1254650.8363574701,1880586.3163861223,10
-1254187.5236409425,1880586.3163861223,10
-1253724.2109244152,1880586.3163861223,10
-1253260.8982078875,1880586.3163861223,10
-1252797.5854913602,1880586.3163861223,10
-1252334.2727748326,1880586.3163861223,10
-1251870.9600583052,1880586.3163861223,10
-1251407.6473417776,1880586.3163861223,10
-1250944.3346252502,1880586.3163861223,10
-1250481.0219087226,1880586.3163861223,10
-1250017.7091921952,1880586.3163861223,10
-1249554.3964756676,1880586.3163861223,10
-1249091.0837591402,1880586.3163861223,10
-1248627.7710426126,1880586.3163861223,10
-1248164.458326085,1880586.3163861223,10
-1247701.1456095576,1880586.3163861223,10
-1247237.83289303,1880586.3163861223,10
-1246774.5201765026,1880586.3163861223,10
-1246311.207459975,1880586.3163861223,10
-1245847.8947434477,1880586.3163861223,10
-1245384.58202692,1880586.3163861223,10
-1244921.2693103927,1880586.3163861223,10
-1244457.956593865,1880586.3163861223,10
-1243994.6438773377,1880586.3163861223,10
-1243531.33116081,1880586.3163861223,10
-1243068.0184442827,1880586.3163861223,10
-1242604.705727755,1880586.3163861223,7
-1242141.3930112277,1880586.3163861223,10
-1241678.0802947,1880586.3163861223,10
-1241214.7675781725,1880586.3163861223,10
-1240751.4548616451,1880586.3163861223,16
-1240288.1421451175,1880586.3163861223,16
-1239824.8294285901,1880586.3163861223,10
-1239361.5167120625,1880586.3163861223,10
-1238898.2039955352,1880586.3163861223,10
-1238434.8912790075,1880586.3163861223,10
-1237971.5785624802,1880586.3163861223,10
-1237508.2658459526,1880586.3163861223,10
-1237044.9531294252,1880586.3163861223,10
-1236581.6404128976,1880586.3163861223,10
-1236118.3276963702,1880586.3163861223,10
-1235655.0149798426,1880586.3163861223,10
-1235191.7022633152,1880586.3163861223,10
-1234728.3895467876,1880586.3163861223,10
-1234265.07683026,1880586.3163861223,10
-1233801.7641137326,1880586.3163861223,10
-1233338.4513972052,1880586.3163861223,10
-1232875.1386806776,1880586.3163861223,10
-1232411.82596415,1880586.3163861223,10
-1231948.5132476226,1880586.3163861223,10
-1231485.200531095,1880586.3163861223,10
-1231021.8878145677,1880586.3163861223,10
-1230558.57509804,1880586.3163861223,10
-1230095.2623815127,1880586.3163861223,10
-1229631.949664985,1880586.3163861223,10
-1229168.6369484577,1880586.3163861223,10
-1228705.32423193,1880586.3163861223,10
-1228242.0115154027,1880586.3163861223,10
-1227778.698798875,1880586.3163861223,10
-1227315.3860823475,1880586.3163861223,10
-1226852.07336582,1880586.3163861223,10
-1226388.7606492927,1880586.3163861223,10
-1225925.4479327651,1880586.3163861223,10
-1225462.1352162375,1880586.3163861223,10
-1224998.8224997101,1880586.3163861223,10
-1224535.5097831825,1880586.3163861223,10
-1224072.1970666551,1880586.3163861223,10
-1223608.8843501275,1880586.3163861223,10
-1223145.5716336002,1880586.3163861223,10
-1222682.2589170726,1880586.3163861223,10
-1222218.9462005452,1880586.3163861223,10
-1221755.6334840176,1880586.3163861223,10
-1221292.3207674902,1880586.3163861223,10
-1220829.0080509626,1880586.3163861223,10
-1220365.6953344352,1880586.3163861223,10
-1219902.3826179076,1880586.3163861223,10
-1219439.0699013802,1880586.3163861223,10
-1218975.7571848526,1880586.3163861223,10
-1218512.444468325,1880586.3163861223,10
-1218049.1317517976,1880586.3163861223,10
-1217585.81903527,1880586.3163861223,10
-1217122.5063187426,1880586.3163861223,10
-1216659.193602215,1880586.3163861223,10
-1216195.8808856877,1880586.3163861223,10
-1215732.56816916,1880586.3163861223,10
-1215269.2554526327,1880586.3163861223,10
-1214805.942736105,1880586.3163861223,10
-1214342.6300195777,1880586.3163861223,10
-1213879.31730305,1880586.3163861223,10
-1213416.0045865227,1880586.3163861223,10
-1212952.691869995,1880586.3163861223,10
-1212489.3791534677,1880586.3163861223,10
-1212026.06643694,1880586.3163861223,10
-1211562.7537204125,1880586.3163861223,10
-1211099.4410038851,1880586.3163861223,10
-1210636.1282873575,1880586.3163861223,10
-1210172.8155708301,1880586.3163861223,10
-1209709.5028543025,1880586.3163861223,10
-1209246.1901377751,1880586.3163861223,10
-1208782.8774212475,1880586.3163861223,10
-1208319.5647047202,1880586.3163861223,10
-1207856.2519881926,1880586.3163861223,10
-1207392.9392716652,1880586.3163861223,10
-1206929.6265551376,1880586.3163861223,10
-1206466.3138386102,1880586.3163861223,10
-1206003.0011220826,1880586.3163861223,10
-1205539.6884055552,1880586.3163861223,10
-1205076.3756890276,1880586.3163861223,10
-1204613.0629725,1880586.3163861223,10
-1204149.7502559726,1880586.3163861223,10
-1203686.4375394452,1880586.3163861223,10
-1203223.1248229176,1880586.3163861223,10
-1202759.81210639,1880586.3163861223,10
-1202296.4993898626,1880586.3163861223,10
-1201833.186673335,1880586.3163861223,10
-1201369.8739568077,1880586.3163861223,10
-1200906.56124028,1880586.3163861223,10
-1200443.2485237527,1880586.3163861223,10
-1199979.935807225,1880586.3163861223,10
-1199516.6230906977,1880586.3163861223,10
-1199053.31037417,1880586.3163861223,10
-1198589.9976576427,1880586.3163861223,10
-1198126.684941115,1880586.3163861223,10
-1197663.3722245875,1880586.3163861223,10
-1197200.05950806,1880586.3163861223,10
-1196736.7467915327,1880586.3163861223,10
-1196273.4340750051,1880586.3163861223,10
-1195810.1213584775,1880586.3163861223,10
-1195346.8086419501,1880586.3163861223,10
-1194883.4959254225,1880586.3163861223,10
-1194420.1832088951,1880586.3163861223,10
-1193956.8704923675,1880586.3163861223,10
-1193493.5577758402,1880586.3163861223,10
-1193030.2450593126,1880586.3163861223,10
-1192566.9323427852,1880586.3163861223,10
-1192103.6196262576,1880586.3163861223,10
-1191640.3069097302,1880586.3163861223,10
-1191176.9941932026,1880586.3163861223,10
-1190713.6814766752,1880586.3163861223,10
-1190250.3687601476,1880586.3163861223,10
-1189787.0560436202,1880586.3163861223,10
-1189323.7433270926,1880586.3163861223,10
-1188860.430610565,1880586.3163861223,10
-1188397.1178940376,1880586.3163861223,10
-1187933.80517751,1880586.3163861223,10
-1187470.4924609826,1880586.3163861223,10
-1187007.179744455,1880586.3163861223,10
-1186543.8670279277,1880586.3163861223,10
-1186080.5543114,1880586.3163861223,10
-1185617.2415948727,1880586.3163861223,10
-1185153.928878345,1880586.3163861223,10
-1184690.6161618177,1880586.3163861223,10
-1184227.30344529,1880586.3163861223,10
-1183763.9907287627,1880586.3163861223,10
-1183300.678012235,1880586.3163861223,10
-1182837.3652957077,1880586.3163861223,10
-1182374.05257918,1880586.3163861223,10
-1181910.7398626525,1880586.3163861223,10
-1181447.4271461251,1880586.3163861223,10
-1180984.1144295975,1880586.3163861223,10
-1180520.8017130701,1880586.3163861223,10
-1180057.4889965425,1880586.3163861223,10
-1179594.1762800151,1880586.3163861223,10
-1179130.8635634875,1880586.3163861223,10
-1178667.5508469602,1880586.3163861223,10
-1178204.2381304326,1880586.3163861223,10
-1177740.9254139052,1880586.3163861223,10
-1177277.6126973776,1880586.3163861223,10
-1176814.2999808502,1880586.3163861223,10
-1176350.9872643226,1880586.3163861223,10
-1175887.6745477952,1880586.3163861223,10
-1175424.3618312676,1880586.3163861223,10
-1174961.04911474,1880586.3163861223,10
-1174497.7363982126,1880586.3163861223,10
-1174034.4236816852,1880586.3163861223,10
-1173571.1109651576,1880586.3163861223,10
-1173107.79824863,1880586.3163861223,10
-1172644.4855321026,1880586.3163861223,10
-1172181.172815575,1880586.3163861223,10
-1171717.8600990477,1880586.3163861223,10
-1171254.54738252,1880586.3163861223,10
-1170791.2346659927,1880586.3163861223,10
-1170327.921949465,1880586.3163861223,10
-1169864.6092329377,1880586.3163861223,10
-1169401.29651641,1880586.3163861223,10
-1168937.9837998827,1880586.3163861223,10
-1168474.671083355,1880586.3163861223,10
-1363066.012024905,1880123.0036695946,10
-1362602.6993083777,1880123.0036695946,10
-1362139.38659185,1880123.0036695946,10
-1361676.0738753227,1880123.0036695946,10
-1361212.761158795,1880123.0036695946,10
-1360749.4484422677,1880123.0036695946,10
-1360286.13572574,1880123.0036695946,10
-1359822.8230092125,1880123.0036695946,10
-1359359.5102926851,1880123.0036695946,10
-1358896.1975761575,1880123.0036695946,10
-1358432.8848596301,1880123.0036695946,10
-1357969.5721431025,1880123.0036695946,10
-1357506.2594265752,1880123.0036695946,10
-1357042.9467100475,1880123.0036695946,16
-1356579.6339935202,1880123.0036695946,10
-1356116.3212769926,1880123.0036695946,10
-1355653.0085604652,1880123.0036695946,10
-1355189.6958439376,1880123.0036695946,10
-1354726.3831274102,1880123.0036695946,10
-1354263.0704108826,1880123.0036695946,16
-1353799.7576943552,1880123.0036695946,16
-1353336.4449778276,1880123.0036695946,16
-1352873.1322613002,1880123.0036695946,16
-1352409.8195447726,1880123.0036695946,16
-1351946.506828245,1880123.0036695946,16
-1351483.1941117176,1880123.0036695946,16
-1351019.88139519,1880123.0036695946,16
-1350556.5686786626,1880123.0036695946,16
-1350093.255962135,1880123.0036695946,16
-1349629.9432456077,1880123.0036695946,16
-1349166.63052908,1880123.0036695946,16
-1348703.3178125527,1880123.0036695946,16
-1348240.005096025,1880123.0036695946,16
-1347776.6923794977,1880123.0036695946,16
-1347313.37966297,1880123.0036695946,16
-1346850.0669464427,1880123.0036695946,16
-1346386.754229915,1880123.0036695946,16
-1345923.4415133877,1880123.0036695946,16
-1345460.12879686,1880123.0036695946,10
-1344996.8160803327,1880123.0036695946,10
-1344533.5033638051,1880123.0036695946,10
-1344070.1906472775,1880123.0036695946,10
-1343606.8779307501,1880123.0036695946,10
-1343143.5652142225,1880123.0036695946,16
-1342680.2524976952,1880123.0036695946,16
-1342216.9397811675,1880123.0036695946,16
-1341753.6270646402,1880123.0036695946,16
-1341290.3143481126,1880123.0036695946,16
-1340827.0016315852,1880123.0036695946,10
-1340363.6889150576,1880123.0036695946,10
-1339900.3761985302,1880123.0036695946,16
-1339437.0634820026,1880123.0036695946,16
-1338973.7507654752,1880123.0036695946,16
-1338510.4380489476,1880123.0036695946,16
-1338047.1253324202,1880123.0036695946,16
-1337583.8126158926,1880123.0036695946,16
-1337120.499899365,1880123.0036695946,16
-1336657.1871828376,1880123.0036695946,16
-1336193.87446631,1880123.0036695946,16
-1335730.5617497826,1880123.0036695946,16
-1335267.249033255,1880123.0036695946,16
-1334803.9363167277,1880123.0036695946,16
-1334340.6236002,1880123.0036695946,16
-1333877.3108836727,1880123.0036695946,16
-1333413.998167145,1880123.0036695946,16
-1332950.6854506177,1880123.0036695946,16
-1332487.37273409,1880123.0036695946,16
-1332024.0600175627,1880123.0036695946,16
-1331560.747301035,1880123.0036695946,16
-1331097.4345845077,1880123.0036695946,16
-1330634.12186798,1880123.0036695946,16
-1330170.8091514525,1880123.0036695946,16
-1329707.4964349251,1880123.0036695946,16
-1329244.1837183975,1880123.0036695946,16
-1328780.8710018701,1880123.0036695946,16
-1328317.5582853425,1880123.0036695946,16
-1327854.2455688152,1880123.0036695946,16
-1327390.9328522875,1880123.0036695946,16
-1326927.6201357602,1880123.0036695946,16
-1326464.3074192326,1880123.0036695946,16
-1326000.9947027052,1880123.0036695946,16
-1325537.6819861776,1880123.0036695946,16
-1325074.3692696502,1880123.0036695946,16
-1324611.0565531226,1880123.0036695946,16
-1324147.7438365952,1880123.0036695946,16
-1323684.4311200676,1880123.0036695946,16
-1323221.11840354,1880123.0036695946,16
-1322757.8056870126,1880123.0036695946,10
-1322294.492970485,1880123.0036695946,10
-1321831.1802539576,1880123.0036695946,10
-1321367.86753743,1880123.0036695946,16
-1320904.5548209026,1880123.0036695946,16
-1320441.242104375,1880123.0036695946,16
-1319977.9293878477,1880123.0036695946,16
-1319514.61667132,1880123.0036695946,16
-1319051.3039547927,1880123.0036695946,16
-1318587.991238265,1880123.0036695946,16
-1318124.6785217377,1880123.0036695946,16
-1317661.36580521,1880123.0036695946,16
-1317198.0530886827,1880123.0036695946,16
-1316734.740372155,1880123.0036695946,16
-1316271.4276556277,1880123.0036695946,16
-1315808.1149391,1880123.0036695946,16
-1315344.8022225727,1880123.0036695946,16
-1314881.4895060451,1880123.0036695946,16
-1314418.1767895175,1880123.0036695946,16
-1313954.8640729901,1880123.0036695946,16
-1313491.5513564625,1880123.0036695946,16
-1313028.2386399352,1880123.0036695946,10
-1312564.9259234075,1880123.0036695946,16
-1312101.6132068802,1880123.0036695946,16
-1311638.3004903526,1880123.0036695946,16
-1311174.9877738252,1880123.0036695946,16
-1310711.6750572976,1880123.0036695946,16
-1310248.3623407702,1880123.0036695946,16
-1309785.0496242426,1880123.0036695946,16
-1309321.7369077152,1880123.0036695946,16
-1308858.4241911876,1880123.0036695946,16
-1308395.1114746602,1880123.0036695946,16
-1307931.7987581326,1880123.0036695946,16
-1307468.486041605,1880123.0036695946,16
-1307005.1733250776,1880123.0036695946,16
-1306541.86060855,1880123.0036695946,16
-1306078.5478920226,1880123.0036695946,16
-1305615.235175495,1880123.0036695946,16
-1305151.9224589677,1880123.0036695946,10
-1304688.60974244,1880123.0036695946,10
-1304225.2970259127,1880123.0036695946,10
-1303761.984309385,1880123.0036695946,10
-1303298.6715928577,1880123.0036695946,10
-1302835.35887633,1880123.0036695946,10
-1302372.0461598027,1880123.0036695946,10
-1301908.733443275,1880123.0036695946,10
-1301445.4207267477,1880123.0036695946,10
-1300982.10801022,1880123.0036695946,10
-1300518.7952936925,1880123.0036695946,10
-1300055.4825771651,1880123.0036695946,10
-1299592.1698606375,1880123.0036695946,10
-1299128.8571441101,1880123.0036695946,10
-1298665.5444275825,1880123.0036695946,10
-1298202.2317110552,1880123.0036695946,10
-1297738.9189945275,1880123.0036695946,10
-1297275.6062780002,1880123.0036695946,10
-1296812.2935614726,1880123.0036695946,10
-1296348.9808449452,1880123.0036695946,10
-1295885.6681284176,1880123.0036695946,10
-1295422.3554118902,1880123.0036695946,10
-1294959.0426953626,1880123.0036695946,10
-1294495.7299788352,1880123.0036695946,10
-1294032.4172623076,1880123.0036695946,10
-1293569.10454578,1880123.0036695946,10
-1293105.7918292526,1880123.0036695946,10
-1292642.479112725,1880123.0036695946,10
-1292179.1663961976,1880123.0036695946,16
-1291715.85367967,1880123.0036695946,16
-1291252.5409631426,1880123.0036695946,16
-1290789.228246615,1880123.0036695946,16
-1290325.9155300877,1880123.0036695946,10
-1289862.60281356,1880123.0036695946,10
-1289399.2900970327,1880123.0036695946,10
-1288935.977380505,1880123.0036695946,10
-1288472.6646639777,1880123.0036695946,10
-1288009.35194745,1880123.0036695946,10
-1287546.0392309227,1880123.0036695946,10
-1287082.726514395,1880123.0036695946,10
-1286619.4137978677,1880123.0036695946,10
-1286156.10108134,1880123.0036695946,10
-1285692.7883648127,1880123.0036695946,10
-1285229.4756482851,1880123.0036695946,10
-1284766.1629317575,1880123.0036695946,10
-1284302.8502152301,1880123.0036695946,10
-1283839.5374987025,1880123.0036695946,10
-1283376.2247821752,1880123.0036695946,10
-1282912.9120656475,1880123.0036695946,10
-1282449.5993491202,1880123.0036695946,10
-1281986.2866325926,1880123.0036695946,10
-1281522.9739160652,1880123.0036695946,10
-1281059.6611995376,1880123.0036695946,7
-1280596.3484830102,1880123.0036695946,7
-1280133.0357664826,1880123.0036695946,10
-1279669.7230499552,1880123.0036695946,10
-1279206.4103334276,1880123.0036695946,10
-1278743.0976169002,1880123.0036695946,16
-1278279.7849003726,1880123.0036695946,16
-1277816.472183845,1880123.0036695946,16
-1277353.1594673176,1880123.0036695946,10
-1276889.84675079,1880123.0036695946,10
-1276426.5340342626,1880123.0036695946,10
-1275963.221317735,1880123.0036695946,10
-1275499.9086012077,1880123.0036695946,16
-1275036.59588468,1880123.0036695946,16
-1274573.2831681527,1880123.0036695946,16
-1274109.970451625,1880123.0036695946,16
-1273646.6577350977,1880123.0036695946,16
-1273183.34501857,1880123.0036695946,10
-1272720.0323020427,1880123.0036695946,10
-1272256.719585515,1880123.0036695946,10
-1271793.4068689877,1880123.0036695946,10
-1271330.09415246,1880123.0036695946,10
-1270866.7814359325,1880123.0036695946,10
-1270403.4687194051,1880123.0036695946,10
-1269940.1560028775,1880123.0036695946,10
-1269476.8432863501,1880123.0036695946,16
-1269013.5305698225,1880123.0036695946,10
-1268550.2178532952,1880123.0036695946,10
-1268086.9051367675,1880123.0036695946,10
-1267623.5924202402,1880123.0036695946,10
-1267160.2797037126,1880123.0036695946,7
-1266696.9669871852,1880123.0036695946,7
-1266233.6542706576,1880123.0036695946,7
-1265770.3415541302,1880123.0036695946,7
-1265307.0288376026,1880123.0036695946,7
-1264843.7161210752,1880123.0036695946,10
-1264380.4034045476,1880123.0036695946,16
-1263917.09068802,1880123.0036695946,10
-1263453.7779714926,1880123.0036695946,10
-1262990.465254965,1880123.0036695946,10
-1262527.1525384376,1880123.0036695946,10
-1262063.83982191,1880123.0036695946,10
-1261600.5271053826,1880123.0036695946,10
-1261137.214388855,1880123.0036695946,10
-1260673.9016723277,1880123.0036695946,10
-1260210.5889558,1880123.0036695946,10
-1259747.2762392727,1880123.0036695946,10
-1259283.963522745,1880123.0036695946,10
-1258820.6508062177,1880123.0036695946,16
-1258357.33808969,1880123.0036695946,10
-1257894.0253731627,1880123.0036695946,10
-1257430.712656635,1880123.0036695946,10
-1256967.3999401077,1880123.0036695946,10
-1256504.08722358,1880123.0036695946,10
-1256040.7745070527,1880123.0036695946,10
-1255577.4617905251,1880123.0036695946,10
-1255114.1490739975,1880123.0036695946,10
-1254650.8363574701,1880123.0036695946,10
-1254187.5236409425,1880123.0036695946,10
-1253724.2109244152,1880123.0036695946,10
-1253260.8982078875,1880123.0036695946,10
-1252797.5854913602,1880123.0036695946,10
-1252334.2727748326,1880123.0036695946,10
-1251870.9600583052,1880123.0036695946,10
-1251407.6473417776,1880123.0036695946,10
-1250944.3346252502,1880123.0036695946,10
-1250481.0219087226,1880123.0036695946,10
-1250017.7091921952,1880123.0036695946,10
-1249554.3964756676,1880123.0036695946,10
-1249091.0837591402,1880123.0036695946,10
-1248627.7710426126,1880123.0036695946,10
-1248164.458326085,1880123.0036695946,10
-1247701.1456095576,1880123.0036695946,10
-1247237.83289303,1880123.0036695946,10
-1246774.5201765026,1880123.0036695946,10
-1246311.207459975,1880123.0036695946,10
-1245847.8947434477,1880123.0036695946,10
-1245384.58202692,1880123.0036695946,10
-1244921.2693103927,1880123.0036695946,10
-1244457.956593865,1880123.0036695946,10
-1243994.6438773377,1880123.0036695946,10
-1243531.33116081,1880123.0036695946,10
-1243068.0184442827,1880123.0036695946,10
-1242604.705727755,1880123.0036695946,7
-1242141.3930112277,1880123.0036695946,10
-1241678.0802947,1880123.0036695946,10
-1241214.7675781725,1880123.0036695946,10
-1240751.4548616451,1880123.0036695946,16
-1240288.1421451175,1880123.0036695946,16
-1239824.8294285901,1880123.0036695946,10
-1239361.5167120625,1880123.0036695946,10
-1238898.2039955352,1880123.0036695946,10
-1238434.8912790075,1880123.0036695946,10
-1237971.5785624802,1880123.0036695946,10
-1237508.2658459526,1880123.0036695946,10
-1237044.9531294252,1880123.0036695946,10
-1236581.6404128976,1880123.0036695946,10
-1236118.3276963702,1880123.0036695946,10
-1235655.0149798426,1880123.0036695946,10
-1235191.7022633152,1880123.0036695946,10
-1234728.3895467876,1880123.0036695946,10
-1234265.07683026,1880123.0036695946,10
-1233801.7641137326,1880123.0036695946,10
-1233338.4513972052,1880123.0036695946,10
-1232875.1386806776,1880123.0036695946,10
-1232411.82596415,1880123.0036695946,10
-1231948.5132476226,1880123.0036695946,10
-1231485.200531095,1880123.0036695946,10
-1231021.8878145677,1880123.0036695946,10
-1230558.57509804,1880123.0036695946,10
-1230095.2623815127,1880123.0036695946,10
-1229631.949664985,1880123.0036695946,10
-1229168.6369484577,1880123.0036695946,10
-1228705.32423193,1880123.0036695946,10
-1228242.0115154027,1880123.0036695946,10
-1227778.698798875,1880123.0036695946,10
-1227315.3860823475,1880123.0036695946,10
-1226852.07336582,1880123.0036695946,10
-1226388.7606492927,1880123.0036695946,10
-1225925.4479327651,1880123.0036695946,10
-1225462.1352162375,1880123.0036695946,10
-1224998.8224997101,1880123.0036695946,10
-1224535.5097831825,1880123.0036695946,10
-1224072.1970666551,1880123.0036695946,10
-1223608.8843501275,1880123.0036695946,10
-1223145.5716336002,1880123.0036695946,10
-1222682.2589170726,1880123.0036695946,10
-1222218.9462005452,1880123.0036695946,10
-1221755.6334840176,1880123.0036695946,10
-1221292.3207674902,1880123.0036695946,10
-1220829.0080509626,1880123.0036695946,10
-1220365.6953344352,1880123.0036695946,10
-1219902.3826179076,1880123.0036695946,10
-1219439.0699013802,1880123.0036695946,10
-1218975.7571848526,1880123.0036695946,10
-1218512.444468325,1880123.0036695946,10
-1218049.1317517976,1880123.0036695946,10
-1217585.81903527,1880123.0036695946,10
-1217122.5063187426,1880123.0036695946,10
-1216659.193602215,1880123.0036695946,10
-1216195.8808856877,1880123.0036695946,10
-1215732.56816916,1880123.0036695946,10
-1215269.2554526327,1880123.0036695946,10
-1214805.942736105,1880123.0036695946,10
-1214342.6300195777,1880123.0036695946,10
-1213879.31730305,1880123.0036695946,10
-1213416.0045865227,1880123.0036695946,10
-1212952.691869995,1880123.0036695946,10
-1212489.3791534677,1880123.0036695946,10
-1212026.06643694,1880123.0036695946,10
-1211562.7537204125,1880123.0036695946,10
-1211099.4410038851,1880123.0036695946,10
-1210636.1282873575,1880123.0036695946,10
-1210172.8155708301,1880123.0036695946,10
-1209709.5028543025,1880123.0036695946,10
-1209246.1901377751,1880123.0036695946,10
-1208782.8774212475,1880123.0036695946,10
-1208319.5647047202,1880123.0036695946,10
-1207856.2519881926,1880123.0036695946,10
-1207392.9392716652,1880123.0036695946,10
-1206929.6265551376,1880123.0036695946,10
-1206466.3138386102,1880123.0036695946,10
-1206003.0011220826,1880123.0036695946,10
-1205539.6884055552,1880123.0036695946,10
-1205076.3756890276,1880123.0036695946,10
-1204613.0629725,1880123.0036695946,10
-1204149.7502559726,1880123.0036695946,10
-1203686.4375394452,1880123.0036695946,10
-1203223.1248229176,1880123.0036695946,10
-1202759.81210639,1880123.0036695946,10
-1202296.4993898626,1880123.0036695946,10
-1201833.186673335,1880123.0036695946,10
-1201369.8739568077,1880123.0036695946,10
-1200906.56124028,1880123.0036695946,10
-1200443.2485237527,1880123.0036695946,10
-1199979.935807225,1880123.0036695946,10
-1199516.6230906977,1880123.0036695946,10
-1199053.31037417,1880123.0036695946,10
-1198589.9976576427,1880123.0036695946,10
-1198126.684941115,1880123.0036695946,10
-1197663.3722245875,1880123.0036695946,10
-1197200.05950806,1880123.0036695946,10
-1196736.7467915327,1880123.0036695946,10
-1196273.4340750051,1880123.0036695946,10
-1195810.1213584775,1880123.0036695946,10
-1195346.8086419501,1880123.0036695946,10
-1194883.4959254225,1880123.0036695946,10
-1194420.1832088951,1880123.0036695946,10
-1193956.8704923675,1880123.0036695946,10
-1193493.5577758402,1880123.0036695946,10
-1193030.2450593126,1880123.0036695946,10
-1192566.9323427852,1880123.0036695946,10
-1192103.6196262576,1880123.0036695946,10
-1191640.3069097302,1880123.0036695946,10
-1191176.9941932026,1880123.0036695946,10
-1190713.6814766752,1880123.0036695946,10
-1190250.3687601476,1880123.0036695946,10
-1189787.0560436202,1880123.0036695946,10
-1189323.7433270926,1880123.0036695946,10
-1188860.430610565,1880123.0036695946,10
-1188397.1178940376,1880123.0036695946,10
-1187933.80517751,1880123.0036695946,10
-1187470.4924609826,1880123.0036695946,10
-1187007.179744455,1880123.0036695946,10
-1186543.8670279277,1880123.0036695946,10
-1186080.5543114,1880123.0036695946,10
-1185617.2415948727,1880123.0036695946,10
-1185153.928878345,1880123.0036695946,10
-1184690.6161618177,1880123.0036695946,10
-1184227.30344529,1880123.0036695946,10
-1183763.9907287627,1880123.0036695946,10
-1183300.678012235,1880123.0036695946,10
-1182837.3652957077,1880123.0036695946,10
-1182374.05257918,1880123.0036695946,10
-1181910.7398626525,1880123.0036695946,10
-1181447.4271461251,1880123.0036695946,10
-1180984.1144295975,1880123.0036695946,10
-1180520.8017130701,1880123.0036695946,10
-1180057.4889965425,1880123.0036695946,10
-1179594.1762800151,1880123.0036695946,10
-1179130.8635634875,1880123.0036695946,10
-1178667.5508469602,1880123.0036695946,10
-1178204.2381304326,1880123.0036695946,10
-1177740.9254139052,1880123.0036695946,10
-1177277.6126973776,1880123.0036695946,10
-1176814.2999808502,1880123.0036695946,10
-1176350.9872643226,1880123.0036695946,10
-1175887.6745477952,1880123.0036695946,10
-1175424.3618312676,1880123.0036695946,10
-1174961.04911474,1880123.0036695946,10
-1174497.7363982126,1880123.0036695946,10
-1174034.4236816852,1880123.0036695946,10
-1173571.1109651576,1880123.0036695946,10
-1173107.79824863,1880123.0036695946,10
-1172644.4855321026,1880123.0036695946,10
-1172181.172815575,1880123.0036695946,10
-1171717.8600990477,1880123.0036695946,10
-1171254.54738252,1880123.0036695946,10
-1170791.2346659927,1880123.0036695946,10
-1170327.921949465,1880123.0036695946,10
-1169864.6092329377,1880123.0036695946,10
-1169401.29651641,1880123.0036695946,10
-1168937.9837998827,1880123.0036695946,10
-1363066.012024905,1879659.6909530673,10
-1362602.6993083777,1879659.6909530673,10
-1362139.38659185,1879659.6909530673,10
-1361676.0738753227,1879659.6909530673,10
-1361212.761158795,1879659.6909530673,10
-1360749.4484422677,1879659.6909530673,10
-1360286.13572574,1879659.6909530673,10
-1359822.8230092125,1879659.6909530673,10
-1359359.5102926851,1879659.6909530673,10
-1358896.1975761575,1879659.6909530673,10
-1358432.8848596301,1879659.6909530673,10
-1357969.5721431025,1879659.6909530673,10
-1357506.2594265752,1879659.6909530673,10
-1357042.9467100475,1879659.6909530673,16
-1356579.6339935202,1879659.6909530673,16
-1356116.3212769926,1879659.6909530673,16
-1355653.0085604652,1879659.6909530673,16
-1355189.6958439376,1879659.6909530673,16
-1354726.3831274102,1879659.6909530673,16
-1354263.0704108826,1879659.6909530673,16
-1353799.7576943552,1879659.6909530673,16
-1353336.4449778276,1879659.6909530673,16
-1352873.1322613002,1879659.6909530673,16
-1352409.8195447726,1879659.6909530673,16
-1351946.506828245,1879659.6909530673,16
-1351483.1941117176,1879659.6909530673,16
-1351019.88139519,1879659.6909530673,16
-1350556.5686786626,1879659.6909530673,16
-1350093.255962135,1879659.6909530673,16
-1349629.9432456077,1879659.6909530673,16
-1349166.63052908,1879659.6909530673,16
-1348703.3178125527,1879659.6909530673,16
-1348240.005096025,1879659.6909530673,16
-1347776.6923794977,1879659.6909530673,16
-1347313.37966297,1879659.6909530673,16
-1346850.0669464427,1879659.6909530673,10
-1346386.754229915,1879659.6909530673,16
-1345923.4415133877,1879659.6909530673,16
-1345460.12879686,1879659.6909530673,10
-1344996.8160803327,1879659.6909530673,10
-1344533.5033638051,1879659.6909530673,10
-1344070.1906472775,1879659.6909530673,10
-1343606.8779307501,1879659.6909530673,10
-1343143.5652142225,1879659.6909530673,16
-1342680.2524976952,1879659.6909530673,16
-1342216.9397811675,1879659.6909530673,16
-1341753.6270646402,1879659.6909530673,16
-1341290.3143481126,1879659.6909530673,16
-1340827.0016315852,1879659.6909530673,16
-1340363.6889150576,1879659.6909530673,16
-1339900.3761985302,1879659.6909530673,16
-1339437.0634820026,1879659.6909530673,16
-1338973.7507654752,1879659.6909530673,16
-1338510.4380489476,1879659.6909530673,16
-1338047.1253324202,1879659.6909530673,16
-1337583.8126158926,1879659.6909530673,16
-1337120.499899365,1879659.6909530673,16
-1336657.1871828376,1879659.6909530673,16
-1336193.87446631,1879659.6909530673,16
-1335730.5617497826,1879659.6909530673,16
-1335267.249033255,1879659.6909530673,16
-1334803.9363167277,1879659.6909530673,16
-1334340.6236002,1879659.6909530673,16
-1333877.3108836727,1879659.6909530673,16
-1333413.998167145,1879659.6909530673,16
-1332950.6854506177,1879659.6909530673,16
-1332487.37273409,1879659.6909530673,16
-1332024.0600175627,1879659.6909530673,16
-1331560.747301035,1879659.6909530673,16
-1331097.4345845077,1879659.6909530673,16
-1330634.12186798,1879659.6909530673,16
-1330170.8091514525,1879659.6909530673,16
-1329707.4964349251,1879659.6909530673,16
-1329244.1837183975,1879659.6909530673,16
-1328780.8710018701,1879659.6909530673,16
-1328317.5582853425,1879659.6909530673,16
-1327854.2455688152,1879659.6909530673,16
-1327390.9328522875,1879659.6909530673,16
-1326927.6201357602,1879659.6909530673,16
-1326464.3074192326,1879659.6909530673,16
-1326000.9947027052,1879659.6909530673,16
-1325537.6819861776,1879659.6909530673,16
-1325074.3692696502,1879659.6909530673,16
-1324611.0565531226,1879659.6909530673,16
-1324147.7438365952,1879659.6909530673,16
-1323684.4311200676,1879659.6909530673,16
-1323221.11840354,1879659.6909530673,16
-1322757.8056870126,1879659.6909530673,16
-1322294.492970485,1879659.6909530673,16
-1321831.1802539576,1879659.6909530673,10
-1321367.86753743,1879659.6909530673,10
-1320904.5548209026,1879659.6909530673,10
-1320441.242104375,1879659.6909530673,16
-1319977.9293878477,1879659.6909530673,16
-1319514.61667132,1879659.6909530673,16
-1319051.3039547927,1879659.6909530673,16
-1318587.991238265,1879659.6909530673,16
-1318124.6785217377,1879659.6909530673,16
-1317661.36580521,1879659.6909530673,16
-1317198.0530886827,1879659.6909530673,16
-1316734.740372155,1879659.6909530673,16
-1316271.4276556277,1879659.6909530673,16
-1315808.1149391,1879659.6909530673,16
-1315344.8022225727,1879659.6909530673,16
-1314881.4895060451,1879659.6909530673,16
-1314418.1767895175,1879659.6909530673,16
-1313954.8640729901,1879659.6909530673,16
-1313491.5513564625,1879659.6909530673,16
-1313028.2386399352,1879659.6909530673,10
-1312564.9259234075,1879659.6909530673,10
-1312101.6132068802,1879659.6909530673,10
-1311638.3004903526,1879659.6909530673,16
-1311174.9877738252,1879659.6909530673,16
-1310711.6750572976,1879659.6909530673,16
-1310248.3623407702,1879659.6909530673,16
-1309785.0496242426,1879659.6909530673,16
-1309321.7369077152,1879659.6909530673,16
-1308858.4241911876,1879659.6909530673,16
-1308395.1114746602,1879659.6909530673,16
-1307931.7987581326,1879659.6909530673,16
-1307468.486041605,1879659.6909530673,16
-1307005.1733250776,1879659.6909530673,16
-1306541.86060855,1879659.6909530673,16
-1306078.5478920226,1879659.6909530673,16
-1305615.235175495,1879659.6909530673,16
-1305151.9224589677,1879659.6909530673,16
-1304688.60974244,1879659.6909530673,10
-1304225.2970259127,1879659.6909530673,10
-1303761.984309385,1879659.6909530673,10
-1303298.6715928577,1879659.6909530673,10
-1302835.35887633,1879659.6909530673,10
-1302372.0461598027,1879659.6909530673,16
-1301908.733443275,1879659.6909530673,10
-1301445.4207267477,1879659.6909530673,10
-1300982.10801022,1879659.6909530673,10
-1300518.7952936925,1879659.6909530673,10
-1300055.4825771651,1879659.6909530673,10
-1299592.1698606375,1879659.6909530673,10
-1299128.8571441101,1879659.6909530673,10
-1298665.5444275825,1879659.6909530673,10
-1298202.2317110552,1879659.6909530673,10
-1297738.9189945275,1879659.6909530673,10
-1297275.6062780002,1879659.6909530673,10
-1296812.2935614726,1879659.6909530673,10
-1296348.9808449452,1879659.6909530673,10
-1295885.6681284176,1879659.6909530673,16
-1295422.3554118902,1879659.6909530673,16
-1294959.0426953626,1879659.6909530673,10
-1294495.7299788352,1879659.6909530673,16
-1294032.4172623076,1879659.6909530673,10
-1293569.10454578,1879659.6909530673,10
-1293105.7918292526,1879659.6909530673,10
-1292642.479112725,1879659.6909530673,16
-1292179.1663961976,1879659.6909530673,16
-1291715.85367967,1879659.6909530673,16
-1291252.5409631426,1879659.6909530673,16
-1290789.228246615,1879659.6909530673,10
-1290325.9155300877,1879659.6909530673,10
-1289862.60281356,1879659.6909530673,16
-1289399.2900970327,1879659.6909530673,16
-1288935.977380505,1879659.6909530673,16
-1288472.6646639777,1879659.6909530673,16
-1288009.35194745,1879659.6909530673,16
-1287546.0392309227,1879659.6909530673,16
-1287082.726514395,1879659.6909530673,10
-1286619.4137978677,1879659.6909530673,10
-1286156.10108134,1879659.6909530673,10
-1285692.7883648127,1879659.6909530673,10
-1285229.4756482851,1879659.6909530673,10
-1284766.1629317575,1879659.6909530673,10
-1284302.8502152301,1879659.6909530673,10
-1283839.5374987025,1879659.6909530673,16
-1283376.2247821752,1879659.6909530673,10
-1282912.9120656475,1879659.6909530673,10
-1282449.5993491202,1879659.6909530673,10
-1281986.2866325926,1879659.6909530673,10
-1281522.9739160652,1879659.6909530673,16
-1281059.6611995376,1879659.6909530673,10
-1280596.3484830102,1879659.6909530673,10
-1280133.0357664826,1879659.6909530673,10
-1279669.7230499552,1879659.6909530673,10
-1279206.4103334276,1879659.6909530673,10
-1278743.0976169002,1879659.6909530673,10
-1278279.7849003726,1879659.6909530673,16
-1277816.472183845,1879659.6909530673,10
-1277353.1594673176,1879659.6909530673,16
-1276889.84675079,1879659.6909530673,10
-1276426.5340342626,1879659.6909530673,10
-1275963.221317735,1879659.6909530673,16
-1275499.9086012077,1879659.6909530673,16
-1275036.59588468,1879659.6909530673,16
-1274573.2831681527,1879659.6909530673,16
-1274109.970451625,1879659.6909530673,16
-1273646.6577350977,1879659.6909530673,16
-1273183.34501857,1879659.6909530673,16
-1272720.0323020427,1879659.6909530673,10
-1272256.719585515,1879659.6909530673,10
-1271793.4068689877,1879659.6909530673,10
-1271330.09415246,1879659.6909530673,10
-1270866.7814359325,1879659.6909530673,10
-1270403.4687194051,1879659.6909530673,10
-1269940.1560028775,1879659.6909530673,10
-1269476.8432863501,1879659.6909530673,10
-1269013.5305698225,1879659.6909530673,10
-1268550.2178532952,1879659.6909530673,10
-1268086.9051367675,1879659.6909530673,10
-1267623.5924202402,1879659.6909530673,10
-1267160.2797037126,1879659.6909530673,10
-1266696.9669871852,1879659.6909530673,10
-1266233.6542706576,1879659.6909530673,10
-1265770.3415541302,1879659.6909530673,10
-1265307.0288376026,1879659.6909530673,7
-1264843.7161210752,1879659.6909530673,10
-1264380.4034045476,1879659.6909530673,10
-1263917.09068802,1879659.6909530673,10
-1263453.7779714926,1879659.6909530673,10
-1262990.465254965,1879659.6909530673,10
-1262527.1525384376,1879659.6909530673,10
-1262063.83982191,1879659.6909530673,10
-1261600.5271053826,1879659.6909530673,10
-1261137.214388855,1879659.6909530673,10
-1260673.9016723277,1879659.6909530673,10
-1260210.5889558,1879659.6909530673,10
-1259747.2762392727,1879659.6909530673,10
-1259283.963522745,1879659.6909530673,10
-1258820.6508062177,1879659.6909530673,10
-1258357.33808969,1879659.6909530673,10
-1257894.0253731627,1879659.6909530673,10
-1257430.712656635,1879659.6909530673,10
-1256967.3999401077,1879659.6909530673,10
-1256504.08722358,1879659.6909530673,10
-1256040.7745070527,1879659.6909530673,10
-1255577.4617905251,1879659.6909530673,10
-1255114.1490739975,1879659.6909530673,10
-1254650.8363574701,1879659.6909530673,10
-1254187.5236409425,1879659.6909530673,10
-1253724.2109244152,1879659.6909530673,10
-1253260.8982078875,1879659.6909530673,10
-1252797.5854913602,1879659.6909530673,10
-1252334.2727748326,1879659.6909530673,10
-1251870.9600583052,1879659.6909530673,10
-1251407.6473417776,1879659.6909530673,10
-1250944.3346252502,1879659.6909530673,10
-1250481.0219087226,1879659.6909530673,10
-1250017.7091921952,1879659.6909530673,10
-1249554.3964756676,1879659.6909530673,10
-1249091.0837591402,1879659.6909530673,10
-1248627.7710426126,1879659.6909530673,10
-1248164.458326085,1879659.6909530673,10
-1247701.1456095576,1879659.6909530673,10
-1247237.83289303,1879659.6909530673,10
-1246774.5201765026,1879659.6909530673,10
-1246311.207459975,1879659.6909530673,10
-1245847.8947434477,1879659.6909530673,10
-1245384.58202692,1879659.6909530673,10
-1244921.2693103927,1879659.6909530673,10
-1244457.956593865,1879659.6909530673,10
-1243994.6438773377,1879659.6909530673,10
-1243531.33116081,1879659.6909530673,10
-1243068.0184442827,1879659.6909530673,10
-1242604.705727755,1879659.6909530673,10
-1242141.3930112277,1879659.6909530673,7
-1241678.0802947,1879659.6909530673,10
-1241214.7675781725,1879659.6909530673,10
-1240751.4548616451,1879659.6909530673,10
-1240288.1421451175,1879659.6909530673,16
-1239824.8294285901,1879659.6909530673,16
-1239361.5167120625,1879659.6909530673,10
-1238898.2039955352,1879659.6909530673,10
-1238434.8912790075,1879659.6909530673,10
-1237971.5785624802,1879659.6909530673,10
-1237508.2658459526,1879659.6909530673,10
-1237044.9531294252,1879659.6909530673,10
-1236581.6404128976,1879659.6909530673,10
-1236118.3276963702,1879659.6909530673,10
-1235655.0149798426,1879659.6909530673,10
-1235191.7022633152,1879659.6909530673,10
-1234728.3895467876,1879659.6909530673,10
-1234265.07683026,1879659.6909530673,10
-1233801.7641137326,1879659.6909530673,10
-1233338.4513972052,1879659.6909530673,10
-1232875.1386806776,1879659.6909530673,10
-1232411.82596415,1879659.6909530673,10
-1231948.5132476226,1879659.6909530673,10
-1231485.200531095,1879659.6909530673,10
-1231021.8878145677,1879659.6909530673,10
-1230558.57509804,1879659.6909530673,10
-1230095.2623815127,1879659.6909530673,10
-1229631.949664985,1879659.6909530673,10
-1229168.6369484577,1879659.6909530673,10
-1228705.32423193,1879659.6909530673,10
-1228242.0115154027,1879659.6909530673,10
-1227778.698798875,1879659.6909530673,10
-1227315.3860823475,1879659.6909530673,10
-1226852.07336582,1879659.6909530673,10
-1226388.7606492927,1879659.6909530673,10
-1225925.4479327651,1879659.6909530673,10
-1225462.1352162375,1879659.6909530673,10
-1224998.8224997101,1879659.6909530673,10
-1224535.5097831825,1879659.6909530673,10
-1224072.1970666551,1879659.6909530673,10
-1223608.8843501275,1879659.6909530673,10
-1223145.5716336002,1879659.6909530673,10
-1222682.2589170726,1879659.6909530673,10
-1222218.9462005452,1879659.6909530673,10
-1221755.6334840176,1879659.6909530673,10
-1221292.3207674902,1879659.6909530673,10
-1220829.0080509626,1879659.6909530673,10
-1220365.6953344352,1879659.6909530673,10
-1219902.3826179076,1879659.6909530673,10
-1219439.0699013802,1879659.6909530673,10
-1218975.7571848526,1879659.6909530673,10
-1218512.444468325,1879659.6909530673,10
-1218049.1317517976,1879659.6909530673,10
-1217585.81903527,1879659.6909530673,10
-1217122.5063187426,1879659.6909530673,10
-1216659.193602215,1879659.6909530673,10
-1216195.8808856877,1879659.6909530673,10
-1215732.56816916,1879659.6909530673,10
-1215269.2554526327,1879659.6909530673,10
-1214805.942736105,1879659.6909530673,10
-1214342.6300195777,1879659.6909530673,10
-1213879.31730305,1879659.6909530673,10
-1213416.0045865227,1879659.6909530673,10
-1212952.691869995,1879659.6909530673,10
-1212489.3791534677,1879659.6909530673,10
-1212026.06643694,1879659.6909530673,10
-1211562.7537204125,1879659.6909530673,10
-1211099.4410038851,1879659.6909530673,10
-1210636.1282873575,1879659.6909530673,10
-1210172.8155708301,1879659.6909530673,10
-1209709.5028543025,1879659.6909530673,10
-1209246.1901377751,1879659.6909530673,10
-1208782.8774212475,1879659.6909530673,10
-1208319.5647047202,1879659.6909530673,10
-1207856.2519881926,1879659.6909530673,10
-1207392.9392716652,1879659.6909530673,10
-1206929.6265551376,1879659.6909530673,10
-1206466.3138386102,1879659.6909530673,10
-1206003.0011220826,1879659.6909530673,10
-1205539.6884055552,1879659.6909530673,10
-1205076.3756890276,1879659.6909530673,10
-1204613.0629725,1879659.6909530673,10
-1204149.7502559726,1879659.6909530673,10
-1203686.4375394452,1879659.6909530673,10
-1203223.1248229176,1879659.6909530673,10
-1202759.81210639,1879659.6909530673,10
-1202296.4993898626,1879659.6909530673,10
-1201833.186673335,1879659.6909530673,10
-1201369.8739568077,1879659.6909530673,10
-1200906.56124028,1879659.6909530673,10
-1200443.2485237527,1879659.6909530673,10
-1199979.935807225,1879659.6909530673,10
-1199516.6230906977,1879659.6909530673,10
-1199053.31037417,1879659.6909530673,10
-1198589.9976576427,1879659.6909530673,10
-1198126.684941115,1879659.6909530673,10
-1197663.3722245875,1879659.6909530673,10
-1197200.05950806,1879659.6909530673,10
-1196736.7467915327,1879659.6909530673,10
-1196273.4340750051,1879659.6909530673,10
-1195810.1213584775,1879659.6909530673,10
-1195346.8086419501,1879659.6909530673,10
-1194883.4959254225,1879659.6909530673,10
-1194420.1832088951,1879659.6909530673,10
-1193956.8704923675,1879659.6909530673,10
-1193493.5577758402,1879659.6909530673,10
-1193030.2450593126,1879659.6909530673,10
-1192566.9323427852,1879659.6909530673,10
-1192103.6196262576,1879659.6909530673,10
-1191640.3069097302,1879659.6909530673,10
-1191176.9941932026,1879659.6909530673,10
-1190713.6814766752,1879659.6909530673,10
-1190250.3687601476,1879659.6909530673,10
-1189787.0560436202,1879659.6909530673,10
-1189323.7433270926,1879659.6909530673,10
-1188860.430610565,1879659.6909530673,10
-1188397.1178940376,1879659.6909530673,10
-1187933.80517751,1879659.6909530673,10
-1187470.4924609826,1879659.6909530673,10
-1187007.179744455,1879659.6909530673,10
-1186543.8670279277,1879659.6909530673,10
-1186080.5543114,1879659.6909530673,10
-1185617.2415948727,1879659.6909530673,10
-1185153.928878345,1879659.6909530673,10
-1184690.6161618177,1879659.6909530673,10
-1184227.30344529,1879659.6909530673,10
-1183763.9907287627,1879659.6909530673,10
-1183300.678012235,1879659.6909530673,10
-1182837.3652957077,1879659.6909530673,10
-1182374.05257918,1879659.6909530673,10
-1181910.7398626525,1879659.6909530673,10
-1181447.4271461251,1879659.6909530673,10
-1180984.1144295975,1879659.6909530673,10
-1180520.8017130701,1879659.6909530673,10
-1180057.4889965425,1879659.6909530673,10
-1179594.1762800151,1879659.6909530673,10
-1179130.8635634875,1879659.6909530673,10
-1178667.5508469602,1879659.6909530673,10
-1178204.2381304326,1879659.6909530673,10
-1177740.9254139052,1879659.6909530673,10
-1177277.6126973776,1879659.6909530673,10
-1176814.2999808502,1879659.6909530673,10
-1176350.9872643226,1879659.6909530673,10
-1175887.6745477952,1879659.6909530673,10
-1175424.3618312676,1879659.6909530673,10
-1174961.04911474,1879659.6909530673,10
-1174497.7363982126,1879659.6909530673,10
-1174034.4236816852,1879659.6909530673,10
-1173571.1109651576,1879659.6909530673,10
-1173107.79824863,1879659.6909530673,10
-1172644.4855321026,1879659.6909530673,10
-1172181.172815575,1879659.6909530673,10
-1171717.8600990477,1879659.6909530673,10
-1171254.54738252,1879659.6909530673,10
-1170791.2346659927,1879659.6909530673,10
-1170327.921949465,1879659.6909530673,10
-1169864.6092329377,1879659.6909530673,10
-1169401.29651641,1879659.6909530673,10
-1168937.9837998827,1879659.6909530673,10
-1363066.012024905,1879196.3782365397,10
-1362602.6993083777,1879196.3782365397,10
-1362139.38659185,1879196.3782365397,10
-1361676.0738753227,1879196.3782365397,10
-1361212.761158795,1879196.3782365397,10
-1360749.4484422677,1879196.3782365397,10
-1360286.13572574,1879196.3782365397,10
-1359822.8230092125,1879196.3782365397,10
-1359359.5102926851,1879196.3782365397,10
-1358896.1975761575,1879196.3782365397,16
-1358432.8848596301,1879196.3782365397,16
-1357969.5721431025,1879196.3782365397,16
-1357506.2594265752,1879196.3782365397,16
-1357042.9467100475,1879196.3782365397,16
-1356579.6339935202,1879196.3782365397,16
-1356116.3212769926,1879196.3782365397,16
-1355653.0085604652,1879196.3782365397,16
-1355189.6958439376,1879196.3782365397,16
-1354726.3831274102,1879196.3782365397,16
-1354263.0704108826,1879196.3782365397,16
-1353799.7576943552,1879196.3782365397,16
-1353336.4449778276,1879196.3782365397,16
-1352873.1322613002,1879196.3782365397,16
-1352409.8195447726,1879196.3782365397,16
-1351946.506828245,1879196.3782365397,16
-1351483.1941117176,1879196.3782365397,16
-1351019.88139519,1879196.3782365397,16
-1350556.5686786626,1879196.3782365397,16
-1350093.255962135,1879196.3782365397,16
-1349629.9432456077,1879196.3782365397,16
-1349166.63052908,1879196.3782365397,16
-1348703.3178125527,1879196.3782365397,16
-1348240.005096025,1879196.3782365397,16
-1347776.6923794977,1879196.3782365397,16
-1347313.37966297,1879196.3782365397,16
-1346850.0669464427,1879196.3782365397,10
-1346386.754229915,1879196.3782365397,10
-1345923.4415133877,1879196.3782365397,10
-1345460.12879686,1879196.3782365397,10
-1344996.8160803327,1879196.3782365397,10
-1344533.5033638051,1879196.3782365397,10
-1344070.1906472775,1879196.3782365397,10
-1343606.8779307501,1879196.3782365397,16
-1343143.5652142225,1879196.3782365397,16
-1342680.2524976952,1879196.3782365397,16
-1342216.9397811675,1879196.3782365397,16
-1341753.6270646402,1879196.3782365397,16
-1341290.3143481126,1879196.3782365397,16
-1340827.0016315852,1879196.3782365397,16
-1340363.6889150576,1879196.3782365397,16
-1339900.3761985302,1879196.3782365397,16
-1339437.0634820026,1879196.3782365397,16
-1338973.7507654752,1879196.3782365397,16
-1338510.4380489476,1879196.3782365397,16
-1338047.1253324202,1879196.3782365397,16
-1337583.8126158926,1879196.3782365397,16
-1337120.499899365,1879196.3782365397,16
-1336657.1871828376,1879196.3782365397,16
-1336193.87446631,1879196.3782365397,16
-1335730.5617497826,1879196.3782365397,16
-1335267.249033255,1879196.3782365397,16
-1334803.9363167277,1879196.3782365397,16
-1334340.6236002,1879196.3782365397,16
-1333877.3108836727,1879196.3782365397,16
-1333413.998167145,1879196.3782365397,16
-1332950.6854506177,1879196.3782365397,16
-1332487.37273409,1879196.3782365397,16
-1332024.0600175627,1879196.3782365397,16
-1331560.747301035,1879196.3782365397,16
-1331097.4345845077,1879196.3782365397,16
-1330634.12186798,1879196.3782365397,16
-1330170.8091514525,1879196.3782365397,16
-1329707.4964349251,1879196.3782365397,16
-1329244.1837183975,1879196.3782365397,16
-1328780.8710018701,1879196.3782365397,16
-1328317.5582853425,1879196.3782365397,16
-1327854.2455688152,1879196.3782365397,16
-1327390.9328522875,1879196.3782365397,16
-1326927.6201357602,1879196.3782365397,16
-1326464.3074192326,1879196.3782365397,16
-1326000.9947027052,1879196.3782365397,16
-1325537.6819861776,1879196.3782365397,16
-1325074.3692696502,1879196.3782365397,16
-1324611.0565531226,1879196.3782365397,16
-1324147.7438365952,1879196.3782365397,16
-1323684.4311200676,1879196.3782365397,16
-1323221.11840354,1879196.3782365397,16
-1322757.8056870126,1879196.3782365397,16
-1322294.492970485,1879196.3782365397,16
-1321831.1802539576,1879196.3782365397,16
-1321367.86753743,1879196.3782365397,16
-1320904.5548209026,1879196.3782365397,10
-1320441.242104375,1879196.3782365397,10
-1319977.9293878477,1879196.3782365397,10
-1319514.61667132,1879196.3782365397,10
-1319051.3039547927,1879196.3782365397,10
-1318587.991238265,1879196.3782365397,16
-1318124.6785217377,1879196.3782365397,16
-1317661.36580521,1879196.3782365397,16
-1317198.0530886827,1879196.3782365397,16
-1316734.740372155,1879196.3782365397,16
-1316271.4276556277,1879196.3782365397,16
-1315808.1149391,1879196.3782365397,16
-1315344.8022225727,1879196.3782365397,16
-1314881.4895060451,1879196.3782365397,16
-1314418.1767895175,1879196.3782365397,16
-1313954.8640729901,1879196.3782365397,16
-1313491.5513564625,1879196.3782365397,16
-1313028.2386399352,1879196.3782365397,16
-1312564.9259234075,1879196.3782365397,10
-1312101.6132068802,1879196.3782365397,10
-1311638.3004903526,1879196.3782365397,16
-1311174.9877738252,1879196.3782365397,16
-1310711.6750572976,1879196.3782365397,16
-1310248.3623407702,1879196.3782365397,16
-1309785.0496242426,1879196.3782365397,16
-1309321.7369077152,1879196.3782365397,16
-1308858.4241911876,1879196.3782365397,16
-1308395.1114746602,1879196.3782365397,16
-1307931.7987581326,1879196.3782365397,16
-1307468.486041605,1879196.3782365397,16
-1307005.1733250776,1879196.3782365397,16
-1306541.86060855,1879196.3782365397,16
-1306078.5478920226,1879196.3782365397,16
-1305615.235175495,1879196.3782365397,16
-1305151.9224589677,1879196.3782365397,16
-1304688.60974244,1879196.3782365397,16
-1304225.2970259127,1879196.3782365397,16
-1303761.984309385,1879196.3782365397,10
-1303298.6715928577,1879196.3782365397,10
-1302835.35887633,1879196.3782365397,10
-1302372.0461598027,1879196.3782365397,10
-1301908.733443275,1879196.3782365397,10
-1301445.4207267477,1879196.3782365397,10
-1300982.10801022,1879196.3782365397,10
-1300518.7952936925,1879196.3782365397,10
-1300055.4825771651,1879196.3782365397,10
-1299592.1698606375,1879196.3782365397,10
-1299128.8571441101,1879196.3782365397,10
-1298665.5444275825,1879196.3782365397,10
-1298202.2317110552,1879196.3782365397,10
-1297738.9189945275,1879196.3782365397,10
-1297275.6062780002,1879196.3782365397,10
-1296812.2935614726,1879196.3782365397,10
-1296348.9808449452,1879196.3782365397,16
-1295885.6681284176,1879196.3782365397,16
-1295422.3554118902,1879196.3782365397,10
-1294959.0426953626,1879196.3782365397,10
-1294495.7299788352,1879196.3782365397,10
-1294032.4172623076,1879196.3782365397,10
-1293569.10454578,1879196.3782365397,10
-1293105.7918292526,1879196.3782365397,10
-1292642.479112725,1879196.3782365397,16
-1292179.1663961976,1879196.3782365397,16
-1291715.85367967,1879196.3782365397,16
-1291252.5409631426,1879196.3782365397,16
-1290789.228246615,1879196.3782365397,16
-1290325.9155300877,1879196.3782365397,16
-1289862.60281356,1879196.3782365397,10
-1289399.2900970327,1879196.3782365397,10
-1288935.977380505,1879196.3782365397,16
-1288472.6646639777,1879196.3782365397,16
-1288009.35194745,1879196.3782365397,16
-1287546.0392309227,1879196.3782365397,16
-1287082.726514395,1879196.3782365397,16
-1286619.4137978677,1879196.3782365397,16
-1286156.10108134,1879196.3782365397,10
-1285692.7883648127,1879196.3782365397,10
-1285229.4756482851,1879196.3782365397,10
-1284766.1629317575,1879196.3782365397,10
-1284302.8502152301,1879196.3782365397,16
-1283839.5374987025,1879196.3782365397,16
-1283376.2247821752,1879196.3782365397,16
-1282912.9120656475,1879196.3782365397,10
-1282449.5993491202,1879196.3782365397,10
-1281986.2866325926,1879196.3782365397,10
-1281522.9739160652,1879196.3782365397,16
-1281059.6611995376,1879196.3782365397,10
-1280596.3484830102,1879196.3782365397,10
-1280133.0357664826,1879196.3782365397,7
-1279669.7230499552,1879196.3782365397,10
-1279206.4103334276,1879196.3782365397,10
-1278743.0976169002,1879196.3782365397,10
-1278279.7849003726,1879196.3782365397,10
-1277816.472183845,1879196.3782365397,10
-1277353.1594673176,1879196.3782365397,10
-1276889.84675079,1879196.3782365397,10
-1276426.5340342626,1879196.3782365397,10
-1275963.221317735,1879196.3782365397,16
-1275499.9086012077,1879196.3782365397,16
-1275036.59588468,1879196.3782365397,10
-1274573.2831681527,1879196.3782365397,10
-1274109.970451625,1879196.3782365397,10
-1273646.6577350977,1879196.3782365397,10
-1273183.34501857,1879196.3782365397,10
-1272720.0323020427,1879196.3782365397,10
-1272256.719585515,1879196.3782365397,16
-1271793.4068689877,1879196.3782365397,10
-1271330.09415246,1879196.3782365397,10
-1270866.7814359325,1879196.3782365397,10
-1270403.4687194051,1879196.3782365397,10
-1269940.1560028775,1879196.3782365397,16
-1269476.8432863501,1879196.3782365397,10
-1269013.5305698225,1879196.3782365397,10
-1268550.2178532952,1879196.3782365397,10
-1268086.9051367675,1879196.3782365397,10
-1267623.5924202402,1879196.3782365397,10
-1267160.2797037126,1879196.3782365397,10
-1266696.9669871852,1879196.3782365397,10
-1266233.6542706576,1879196.3782365397,10
-1265770.3415541302,1879196.3782365397,10
-1265307.0288376026,1879196.3782365397,10
-1264843.7161210752,1879196.3782365397,10
-1264380.4034045476,1879196.3782365397,10
-1263917.09068802,1879196.3782365397,10
-1263453.7779714926,1879196.3782365397,10
-1262990.465254965,1879196.3782365397,10
-1262527.1525384376,1879196.3782365397,10
-1262063.83982191,1879196.3782365397,10
-1261600.5271053826,1879196.3782365397,10
-1261137.214388855,1879196.3782365397,10
-1260673.9016723277,1879196.3782365397,10
-1260210.5889558,1879196.3782365397,10
-1259747.2762392727,1879196.3782365397,10
-1259283.963522745,1879196.3782365397,10
-1258820.6508062177,1879196.3782365397,10
-1258357.33808969,1879196.3782365397,10
-1257894.0253731627,1879196.3782365397,10
-1257430.712656635,1879196.3782365397,10
-1256967.3999401077,1879196.3782365397,10
-1256504.08722358,1879196.3782365397,10
-1256040.7745070527,1879196.3782365397,10
-1255577.4617905251,1879196.3782365397,10
-1255114.1490739975,1879196.3782365397,10
-1254650.8363574701,1879196.3782365397,10
-1254187.5236409425,1879196.3782365397,10
-1253724.2109244152,1879196.3782365397,10
-1253260.8982078875,1879196.3782365397,10
-1252797.5854913602,1879196.3782365397,10
-1252334.2727748326,1879196.3782365397,10
-1251870.9600583052,1879196.3782365397,10
-1251407.6473417776,1879196.3782365397,10
-1250944.3346252502,1879196.3782365397,10
-1250481.0219087226,1879196.3782365397,10
-1250017.7091921952,1879196.3782365397,10
-1249554.3964756676,1879196.3782365397,10
-1249091.0837591402,1879196.3782365397,10
-1248627.7710426126,1879196.3782365397,10
-1248164.458326085,1879196.3782365397,10
-1247701.1456095576,1879196.3782365397,10
-1247237.83289303,1879196.3782365397,10
-1246774.5201765026,1879196.3782365397,10
-1246311.207459975,1879196.3782365397,10
-1245847.8947434477,1879196.3782365397,10
-1245384.58202692,1879196.3782365397,10
-1244921.2693103927,1879196.3782365397,10
-1244457.956593865,1879196.3782365397,10
-1243994.6438773377,1879196.3782365397,10
-1243531.33116081,1879196.3782365397,10
-1243068.0184442827,1879196.3782365397,10
-1242604.705727755,1879196.3782365397,10
-1242141.3930112277,1879196.3782365397,10
-1241678.0802947,1879196.3782365397,10
-1241214.7675781725,1879196.3782365397,10
-1240751.4548616451,1879196.3782365397,10
-1240288.1421451175,1879196.3782365397,10
-1239824.8294285901,1879196.3782365397,16
-1239361.5167120625,1879196.3782365397,10
-1238898.2039955352,1879196.3782365397,10
-1238434.8912790075,1879196.3782365397,10
-1237971.5785624802,1879196.3782365397,10
-1237508.2658459526,1879196.3782365397,10
-1237044.9531294252,1879196.3782365397,10
-1236581.6404128976,1879196.3782365397,10
-1236118.3276963702,1879196.3782365397,10
-1235655.0149798426,1879196.3782365397,10
-1235191.7022633152,1879196.3782365397,10
-1234728.3895467876,1879196.3782365397,10
-1234265.07683026,1879196.3782365397,10
-1233801.7641137326,1879196.3782365397,10
-1233338.4513972052,1879196.3782365397,10
-1232875.1386806776,1879196.3782365397,10
-1232411.82596415,1879196.3782365397,10
-1231948.5132476226,1879196.3782365397,10
-1231485.200531095,1879196.3782365397,10
-1231021.8878145677,1879196.3782365397,10
-1230558.57509804,1879196.3782365397,10
-1230095.2623815127,1879196.3782365397,10
-1229631.949664985,1879196.3782365397,10
-1229168.6369484577,1879196.3782365397,10
-1228705.32423193,1879196.3782365397,10
-1228242.0115154027,1879196.3782365397,10
-1227778.698798875,1879196.3782365397,10
-1227315.3860823475,1879196.3782365397,10
-1226852.07336582,1879196.3782365397,10
-1226388.7606492927,1879196.3782365397,10
-1225925.4479327651,1879196.3782365397,10
-1225462.1352162375,1879196.3782365397,10
-1224998.8224997101,1879196.3782365397,10
-1224535.5097831825,1879196.3782365397,10
-1224072.1970666551,1879196.3782365397,10
-1223608.8843501275,1879196.3782365397,10
-1223145.5716336002,1879196.3782365397,10
-1222682.2589170726,1879196.3782365397,10
-1222218.9462005452,1879196.3782365397,10
-1221755.6334840176,1879196.3782365397,10
-1221292.3207674902,1879196.3782365397,10
-1220829.0080509626,1879196.3782365397,10
-1220365.6953344352,1879196.3782365397,10
-1219902.3826179076,1879196.3782365397,10
-1219439.0699013802,1879196.3782365397,10
-1218975.7571848526,1879196.3782365397,10
-1218512.444468325,1879196.3782365397,10
-1218049.1317517976,1879196.3782365397,10
-1217585.81903527,1879196.3782365397,10
-1217122.5063187426,1879196.3782365397,10
-1216659.193602215,1879196.3782365397,10
-1216195.8808856877,1879196.3782365397,10
-1215732.56816916,1879196.3782365397,10
-1215269.2554526327,1879196.3782365397,10
-1214805.942736105,1879196.3782365397,10
-1214342.6300195777,1879196.3782365397,10
-1213879.31730305,1879196.3782365397,10
-1213416.0045865227,1879196.3782365397,10
-1212952.691869995,1879196.3782365397,10
-1212489.3791534677,1879196.3782365397,10
-1212026.06643694,1879196.3782365397,10
-1211562.7537204125,1879196.3782365397,10
-1211099.4410038851,1879196.3782365397,10
-1210636.1282873575,1879196.3782365397,10
-1210172.8155708301,1879196.3782365397,10
-1209709.5028543025,1879196.3782365397,10
-1209246.1901377751,1879196.3782365397,10
-1208782.8774212475,1879196.3782365397,10
-1208319.5647047202,1879196.3782365397,10
-1207856.2519881926,1879196.3782365397,10
-1207392.9392716652,1879196.3782365397,10
-1206929.6265551376,1879196.3782365397,10
-1206466.3138386102,1879196.3782365397,10
-1206003.0011220826,1879196.3782365397,10
-1205539.6884055552,1879196.3782365397,10
-1205076.3756890276,1879196.3782365397,10
-1204613.0629725,1879196.3782365397,10
-1204149.7502559726,1879196.3782365397,10
-1203686.4375394452,1879196.3782365397,10
-1203223.1248229176,1879196.3782365397,10
-1202759.81210639,1879196.3782365397,10
-1202296.4993898626,1879196.3782365397,10
-1201833.186673335,1879196.3782365397,10
-1201369.8739568077,1879196.3782365397,10
-1200906.56124028,1879196.3782365397,10
-1200443.2485237527,1879196.3782365397,10
-1199979.935807225,1879196.3782365397,10
-1199516.6230906977,1879196.3782365397,10
-1199053.31037417,1879196.3782365397,10
-1198589.9976576427,1879196.3782365397,10
-1198126.684941115,1879196.3782365397,10
-1197663.3722245875,1879196.3782365397,10
-1197200.05950806,1879196.3782365397,10
-1196736.7467915327,1879196.3782365397,10
-1196273.4340750051,1879196.3782365397,10
-1195810.1213584775,1879196.3782365397,10
-1195346.8086419501,1879196.3782365397,10
-1194883.4959254225,1879196.3782365397,10
-1194420.1832088951,1879196.3782365397,10
-1193956.8704923675,1879196.3782365397,10
-1193493.5577758402,1879196.3782365397,10
-1193030.2450593126,1879196.3782365397,10
-1192566.9323427852,1879196.3782365397,10
-1192103.6196262576,1879196.3782365397,10
-1191640.3069097302,1879196.3782365397,10
-1191176.9941932026,1879196.3782365397,10
-1190713.6814766752,1879196.3782365397,10
-1190250.3687601476,1879196.3782365397,10
-1189787.0560436202,1879196.3782365397,10
-1189323.7433270926,1879196.3782365397,10
-1188860.430610565,1879196.3782365397,10
-1188397.1178940376,1879196.3782365397,10
-1187933.80517751,1879196.3782365397,10
-1187470.4924609826,1879196.3782365397,10
-1187007.179744455,1879196.3782365397,10
-1186543.8670279277,1879196.3782365397,10
-1186080.5543114,1879196.3782365397,10
-1185617.2415948727,1879196.3782365397,10
-1185153.928878345,1879196.3782365397,10
-1184690.6161618177,1879196.3782365397,10
-1184227.30344529,1879196.3782365397,10
-1183763.9907287627,1879196.3782365397,10
-1183300.678012235,1879196.3782365397,10
-1182837.3652957077,1879196.3782365397,10
-1182374.05257918,1879196.3782365397,10
-1181910.7398626525,1879196.3782365397,10
-1181447.4271461251,1879196.3782365397,10
-1180984.1144295975,1879196.3782365397,10
-1180520.8017130701,1879196.3782365397,10
-1180057.4889965425,1879196.3782365397,10
-1179594.1762800151,1879196.3782365397,10
-1179130.8635634875,1879196.3782365397,10
-1178667.5508469602,1879196.3782365397,10
-1178204.2381304326,1879196.3782365397,10
-1177740.9254139052,1879196.3782365397,10
-1177277.6126973776,1879196.3782365397,10
-1176814.2999808502,1879196.3782365397,10
-1176350.9872643226,1879196.3782365397,10
-1175887.6745477952,1879196.3782365397,10
-1175424.3618312676,1879196.3782365397,10
-1174961.04911474,1879196.3782365397,10
-1174497.7363982126,1879196.3782365397,10
-1174034.4236816852,1879196.3782365397,10
-1173571.1109651576,1879196.3782365397,10
-1173107.79824863,1879196.3782365397,10
-1172644.4855321026,1879196.3782365397,10
-1172181.172815575,1879196.3782365397,10
-1171717.8600990477,1879196.3782365397,10
-1171254.54738252,1879196.3782365397,10
-1170791.2346659927,1879196.3782365397,10
-1170327.921949465,1879196.3782365397,10
-1169864.6092329377,1879196.3782365397,10
-1169401.29651641,1879196.3782365397,10
-1168937.9837998827,1879196.3782365397,10
-1363066.012024905,1878733.0655200123,10
-1362602.6993083777,1878733.0655200123,10
-1362139.38659185,1878733.0655200123,10
-1361676.0738753227,1878733.0655200123,10
-1361212.761158795,1878733.0655200123,10
-1360749.4484422677,1878733.0655200123,10
-1360286.13572574,1878733.0655200123,10
-1359822.8230092125,1878733.0655200123,16
-1359359.5102926851,1878733.0655200123,16
-1358896.1975761575,1878733.0655200123,16
-1358432.8848596301,1878733.0655200123,16
-1357969.5721431025,1878733.0655200123,16
-1357506.2594265752,1878733.0655200123,16
-1357042.9467100475,1878733.0655200123,16
-1356579.6339935202,1878733.0655200123,16
-1356116.3212769926,1878733.0655200123,16
-1355653.0085604652,1878733.0655200123,16
-1355189.6958439376,1878733.0655200123,10
-1354726.3831274102,1878733.0655200123,16
-1354263.0704108826,1878733.0655200123,16
-1353799.7576943552,1878733.0655200123,16
-1353336.4449778276,1878733.0655200123,16
-1352873.1322613002,1878733.0655200123,16
-1352409.8195447726,1878733.0655200123,16
-1351946.506828245,1878733.0655200123,16
-1351483.1941117176,1878733.0655200123,16
-1351019.88139519,1878733.0655200123,16
-1350556.5686786626,1878733.0655200123,16
-1350093.255962135,1878733.0655200123,16
-1349629.9432456077,1878733.0655200123,16
-1349166.63052908,1878733.0655200123,16
-1348703.3178125527,1878733.0655200123,16
-1348240.005096025,1878733.0655200123,16
-1347776.6923794977,1878733.0655200123,16
-1347313.37966297,1878733.0655200123,16
-1346850.0669464427,1878733.0655200123,16
-1346386.754229915,1878733.0655200123,16
-1345923.4415133877,1878733.0655200123,10
-1345460.12879686,1878733.0655200123,10
-1344996.8160803327,1878733.0655200123,10
-1344533.5033638051,1878733.0655200123,10
-1344070.1906472775,1878733.0655200123,10
-1343606.8779307501,1878733.0655200123,10
-1343143.5652142225,1878733.0655200123,10
-1342680.2524976952,1878733.0655200123,16
-1342216.9397811675,1878733.0655200123,16
-1341753.6270646402,1878733.0655200123,16
-1341290.3143481126,1878733.0655200123,16
-1340827.0016315852,1878733.0655200123,16
-1340363.6889150576,1878733.0655200123,16
-1339900.3761985302,1878733.0655200123,16
-1339437.0634820026,1878733.0655200123,16
-1338973.7507654752,1878733.0655200123,16
-1338510.4380489476,1878733.0655200123,16
-1338047.1253324202,1878733.0655200123,16
-1337583.8126158926,1878733.0655200123,16
-1337120.499899365,1878733.0655200123,16
-1336657.1871828376,1878733.0655200123,16
-1336193.87446631,1878733.0655200123,16
-1335730.5617497826,1878733.0655200123,16
-1335267.249033255,1878733.0655200123,16
-1334803.9363167277,1878733.0655200123,16
-1334340.6236002,1878733.0655200123,16
-1333877.3108836727,1878733.0655200123,16
-1333413.998167145,1878733.0655200123,16
-1332950.6854506177,1878733.0655200123,16
-1332487.37273409,1878733.0655200123,16
-1332024.0600175627,1878733.0655200123,16
-1331560.747301035,1878733.0655200123,16
-1331097.4345845077,1878733.0655200123,16
-1330634.12186798,1878733.0655200123,16
-1330170.8091514525,1878733.0655200123,16
-1329707.4964349251,1878733.0655200123,16
-1329244.1837183975,1878733.0655200123,16
-1328780.8710018701,1878733.0655200123,16
-1328317.5582853425,1878733.0655200123,16
-1327854.2455688152,1878733.0655200123,16
-1327390.9328522875,1878733.0655200123,16
-1326927.6201357602,1878733.0655200123,16
-1326464.3074192326,1878733.0655200123,16
-1326000.9947027052,1878733.0655200123,16
-1325537.6819861776,1878733.0655200123,16
-1325074.3692696502,1878733.0655200123,16
-1324611.0565531226,1878733.0655200123,16
-1324147.7438365952,1878733.0655200123,16
-1323684.4311200676,1878733.0655200123,16
-1323221.11840354,1878733.0655200123,16
-1322757.8056870126,1878733.0655200123,16
-1322294.492970485,1878733.0655200123,16
-1321831.1802539576,1878733.0655200123,16
-1321367.86753743,1878733.0655200123,16
-1320904.5548209026,1878733.0655200123,16
-1320441.242104375,1878733.0655200123,16
-1319977.9293878477,1878733.0655200123,10
-1319514.61667132,1878733.0655200123,10
-1319051.3039547927,1878733.0655200123,10
-1318587.991238265,1878733.0655200123,16
-1318124.6785217377,1878733.0655200123,16
-1317661.36580521,1878733.0655200123,16
-1317198.0530886827,1878733.0655200123,16
-1316734.740372155,1878733.0655200123,16
-1316271.4276556277,1878733.0655200123,16
-1315808.1149391,1878733.0655200123,16
-1315344.8022225727,1878733.0655200123,16
-1314881.4895060451,1878733.0655200123,16
-1314418.1767895175,1878733.0655200123,16
-1313954.8640729901,1878733.0655200123,16
-1313491.5513564625,1878733.0655200123,16
-1313028.2386399352,1878733.0655200123,16
-1312564.9259234075,1878733.0655200123,10
-1312101.6132068802,1878733.0655200123,10
-1311638.3004903526,1878733.0655200123,16
-1311174.9877738252,1878733.0655200123,16
-1310711.6750572976,1878733.0655200123,16
-1310248.3623407702,1878733.0655200123,16
-1309785.0496242426,1878733.0655200123,16
-1309321.7369077152,1878733.0655200123,16
-1308858.4241911876,1878733.0655200123,16
-1308395.1114746602,1878733.0655200123,16
-1307931.7987581326,1878733.0655200123,16
-1307468.486041605,1878733.0655200123,16
-1307005.1733250776,1878733.0655200123,16
-1306541.86060855,1878733.0655200123,16
-1306078.5478920226,1878733.0655200123,16
-1305615.235175495,1878733.0655200123,16
-1305151.9224589677,1878733.0655200123,16
-1304688.60974244,1878733.0655200123,16
-1304225.2970259127,1878733.0655200123,16
-1303761.984309385,1878733.0655200123,10
-1303298.6715928577,1878733.0655200123,10
-1302835.35887633,1878733.0655200123,10
-1302372.0461598027,1878733.0655200123,10
-1301908.733443275,1878733.0655200123,10
-1301445.4207267477,1878733.0655200123,10
-1300982.10801022,1878733.0655200123,10
-1300518.7952936925,1878733.0655200123,10
-1300055.4825771651,1878733.0655200123,10
-1299592.1698606375,1878733.0655200123,10
-1299128.8571441101,1878733.0655200123,10
-1298665.5444275825,1878733.0655200123,10
-1298202.2317110552,1878733.0655200123,10
-1297738.9189945275,1878733.0655200123,10
-1297275.6062780002,1878733.0655200123,10
-1296812.2935614726,1878733.0655200123,10
-1296348.9808449452,1878733.0655200123,10
-1295885.6681284176,1878733.0655200123,16
-1295422.3554118902,1878733.0655200123,10
-1294959.0426953626,1878733.0655200123,10
-1294495.7299788352,1878733.0655200123,10
-1294032.4172623076,1878733.0655200123,16
-1293569.10454578,1878733.0655200123,10
-1293105.7918292526,1878733.0655200123,16
-1292642.479112725,1878733.0655200123,16
-1292179.1663961976,1878733.0655200123,16
-1291715.85367967,1878733.0655200123,16
-1291252.5409631426,1878733.0655200123,16
-1290789.228246615,1878733.0655200123,10
-1290325.9155300877,1878733.0655200123,10
-1289862.60281356,1878733.0655200123,10
-1289399.2900970327,1878733.0655200123,16
-1288935.977380505,1878733.0655200123,16
-1288472.6646639777,1878733.0655200123,16
-1288009.35194745,1878733.0655200123,16
-1287546.0392309227,1878733.0655200123,16
-1287082.726514395,1878733.0655200123,16
-1286619.4137978677,1878733.0655200123,10
-1286156.10108134,1878733.0655200123,16
-1285692.7883648127,1878733.0655200123,16
-1285229.4756482851,1878733.0655200123,16
-1284766.1629317575,1878733.0655200123,16
-1284302.8502152301,1878733.0655200123,10
-1283839.5374987025,1878733.0655200123,10
-1283376.2247821752,1878733.0655200123,10
-1282912.9120656475,1878733.0655200123,10
-1282449.5993491202,1878733.0655200123,16
-1281986.2866325926,1878733.0655200123,16
-1281522.9739160652,1878733.0655200123,16
-1281059.6611995376,1878733.0655200123,10
-1280596.3484830102,1878733.0655200123,10
-1280133.0357664826,1878733.0655200123,10
-1279669.7230499552,1878733.0655200123,10
-1279206.4103334276,1878733.0655200123,10
-1278743.0976169002,1878733.0655200123,10
-1278279.7849003726,1878733.0655200123,10
-1277816.472183845,1878733.0655200123,10
-1277353.1594673176,1878733.0655200123,10
-1276889.84675079,1878733.0655200123,10
-1276426.5340342626,1878733.0655200123,10
-1275963.221317735,1878733.0655200123,10
-1275499.9086012077,1878733.0655200123,10
-1275036.59588468,1878733.0655200123,10
-1274573.2831681527,1878733.0655200123,16
-1274109.970451625,1878733.0655200123,10
-1273646.6577350977,1878733.0655200123,10
-1273183.34501857,1878733.0655200123,10
-1272720.0323020427,1878733.0655200123,10
-1272256.719585515,1878733.0655200123,16
-1271793.4068689877,1878733.0655200123,10
-1271330.09415246,1878733.0655200123,10
-1270866.7814359325,1878733.0655200123,10
-1270403.4687194051,1878733.0655200123,10
-1269940.1560028775,1878733.0655200123,10
-1269476.8432863501,1878733.0655200123,10
-1269013.5305698225,1878733.0655200123,10
-1268550.2178532952,1878733.0655200123,10
-1268086.9051367675,1878733.0655200123,10
-1267623.5924202402,1878733.0655200123,10
-1267160.2797037126,1878733.0655200123,10
-1266696.9669871852,1878733.0655200123,10
-1266233.6542706576,1878733.0655200123,10
-1265770.3415541302,1878733.0655200123,10
-1265307.0288376026,1878733.0655200123,10
-1264843.7161210752,1878733.0655200123,10
-1264380.4034045476,1878733.0655200123,10
-1263917.09068802,1878733.0655200123,10
-1263453.7779714926,1878733.0655200123,10
-1262990.465254965,1878733.0655200123,10
-1262527.1525384376,1878733.0655200123,10
-1262063.83982191,1878733.0655200123,10
-1261600.5271053826,1878733.0655200123,10
-1261137.214388855,1878733.0655200123,10
-1260673.9016723277,1878733.0655200123,10
-1260210.5889558,1878733.0655200123,10
-1259747.2762392727,1878733.0655200123,10
-1259283.963522745,1878733.0655200123,10
-1258820.6508062177,1878733.0655200123,10
-1258357.33808969,1878733.0655200123,10
-1257894.0253731627,1878733.0655200123,10
-1257430.712656635,1878733.0655200123,10
-1256967.3999401077,1878733.0655200123,10
-1256504.08722358,1878733.0655200123,10
-1256040.7745070527,1878733.0655200123,10
-1255577.4617905251,1878733.0655200123,10
-1255114.1490739975,1878733.0655200123,10
-1254650.8363574701,1878733.0655200123,10
-1254187.5236409425,1878733.0655200123,10
-1253724.2109244152,1878733.0655200123,10
-1253260.8982078875,1878733.0655200123,10
-1252797.5854913602,1878733.0655200123,10
-1252334.2727748326,1878733.0655200123,10
-1251870.9600583052,1878733.0655200123,10
-1251407.6473417776,1878733.0655200123,10
-1250944.3346252502,1878733.0655200123,10
-1250481.0219087226,1878733.0655200123,10
-1250017.7091921952,1878733.0655200123,10
-1249554.3964756676,1878733.0655200123,10
-1249091.0837591402,1878733.0655200123,10
-1248627.7710426126,1878733.0655200123,10
-1248164.458326085,1878733.0655200123,10
-1247701.1456095576,1878733.0655200123,10
-1247237.83289303,1878733.0655200123,10
-1246774.5201765026,1878733.0655200123,10
-1246311.207459975,1878733.0655200123,10
-1245847.8947434477,1878733.0655200123,10
-1245384.58202692,1878733.0655200123,10
-1244921.2693103927,1878733.0655200123,10
-1244457.956593865,1878733.0655200123,10
-1243994.6438773377,1878733.0655200123,10
-1243531.33116081,1878733.0655200123,10
-1243068.0184442827,1878733.0655200123,10
-1242604.705727755,1878733.0655200123,10
-1242141.3930112277,1878733.0655200123,10
-1241678.0802947,1878733.0655200123,10
-1241214.7675781725,1878733.0655200123,10
-1240751.4548616451,1878733.0655200123,10
-1240288.1421451175,1878733.0655200123,10
-1239824.8294285901,1878733.0655200123,10
-1239361.5167120625,1878733.0655200123,10
-1238898.2039955352,1878733.0655200123,10
-1238434.8912790075,1878733.0655200123,10
-1237971.5785624802,1878733.0655200123,10
-1237508.2658459526,1878733.0655200123,10
-1237044.9531294252,1878733.0655200123,10
-1236581.6404128976,1878733.0655200123,10
-1236118.3276963702,1878733.0655200123,10
-1235655.0149798426,1878733.0655200123,10
-1235191.7022633152,1878733.0655200123,10
-1234728.3895467876,1878733.0655200123,10
-1234265.07683026,1878733.0655200123,10
-1233801.7641137326,1878733.0655200123,10
-1233338.4513972052,1878733.0655200123,10
-1232875.1386806776,1878733.0655200123,10
-1232411.82596415,1878733.0655200123,10
-1231948.5132476226,1878733.0655200123,10
-1231485.200531095,1878733.0655200123,10
-1231021.8878145677,1878733.0655200123,10
-1230558.57509804,1878733.0655200123,10
-1230095.2623815127,1878733.0655200123,10
-1229631.949664985,1878733.0655200123,10
-1229168.6369484577,1878733.0655200123,10
-1228705.32423193,1878733.0655200123,10
-1228242.0115154027,1878733.0655200123,10
-1227778.698798875,1878733.0655200123,10
-1227315.3860823475,1878733.0655200123,10
-1226852.07336582,1878733.0655200123,10
-1226388.7606492927,1878733.0655200123,10
-1225925.4479327651,1878733.0655200123,10
-1225462.1352162375,1878733.0655200123,10
-1224998.8224997101,1878733.0655200123,10
-1224535.5097831825,1878733.0655200123,10
-1224072.1970666551,1878733.0655200123,10
-1223608.8843501275,1878733.0655200123,10
-1223145.5716336002,1878733.0655200123,10
-1222682.2589170726,1878733.0655200123,10
-1222218.9462005452,1878733.0655200123,10
-1221755.6334840176,1878733.0655200123,10
-1221292.3207674902,1878733.0655200123,10
-1220829.0080509626,1878733.0655200123,10
-1220365.6953344352,1878733.0655200123,10
-1219902.3826179076,1878733.0655200123,10
-1219439.0699013802,1878733.0655200123,10
-1218975.7571848526,1878733.0655200123,10
-1218512.444468325,1878733.0655200123,10
-1218049.1317517976,1878733.0655200123,10
-1217585.81903527,1878733.0655200123,10
-1217122.5063187426,1878733.0655200123,10
-1216659.193602215,1878733.0655200123,10
-1216195.8808856877,1878733.0655200123,10
-1215732.56816916,1878733.0655200123,10
-1215269.2554526327,1878733.0655200123,10
-1214805.942736105,1878733.0655200123,10
-1214342.6300195777,1878733.0655200123,10
-1213879.31730305,1878733.0655200123,10
-1213416.0045865227,1878733.0655200123,10
-1212952.691869995,1878733.0655200123,10
-1212489.3791534677,1878733.0655200123,10
-1212026.06643694,1878733.0655200123,10
-1211562.7537204125,1878733.0655200123,10
-1211099.4410038851,1878733.0655200123,10
-1210636.1282873575,1878733.0655200123,10
-1210172.8155708301,1878733.0655200123,10
-1209709.5028543025,1878733.0655200123,10
-1209246.1901377751,1878733.0655200123,10
-1208782.8774212475,1878733.0655200123,10
-1208319.5647047202,1878733.0655200123,10
-1207856.2519881926,1878733.0655200123,10
-1207392.9392716652,1878733.0655200123,10
-1206929.6265551376,1878733.0655200123,10
-1206466.3138386102,1878733.0655200123,10
-1206003.0011220826,1878733.0655200123,10
-1205539.6884055552,1878733.0655200123,10
-1205076.3756890276,1878733.0655200123,10
-1204613.0629725,1878733.0655200123,10
-1204149.7502559726,1878733.0655200123,10
-1203686.4375394452,1878733.0655200123,10
-1203223.1248229176,1878733.0655200123,10
-1202759.81210639,1878733.0655200123,10
-1202296.4993898626,1878733.0655200123,10
-1201833.186673335,1878733.0655200123,10
-1201369.8739568077,1878733.0655200123,10
-1200906.56124028,1878733.0655200123,10
-1200443.2485237527,1878733.0655200123,10
-1199979.935807225,1878733.0655200123,10
-1199516.6230906977,1878733.0655200123,10
-1199053.31037417,1878733.0655200123,10
-1198589.9976576427,1878733.0655200123,10
-1198126.684941115,1878733.0655200123,10
-1197663.3722245875,1878733.0655200123,10
-1197200.05950806,1878733.0655200123,10
-1196736.7467915327,1878733.0655200123,10
-1196273.4340750051,1878733.0655200123,10
-1195810.1213584775,1878733.0655200123,10
-1195346.8086419501,1878733.0655200123,10
-1194883.4959254225,1878733.0655200123,10
-1194420.1832088951,1878733.0655200123,10
-1193956.8704923675,1878733.0655200123,10
-1193493.5577758402,1878733.0655200123,10
-1193030.2450593126,1878733.0655200123,10
-1192566.9323427852,1878733.0655200123,10
-1192103.6196262576,1878733.0655200123,10
-1191640.3069097302,1878733.0655200123,10
-1191176.9941932026,1878733.0655200123,10
-1190713.6814766752,1878733.0655200123,10
-1190250.3687601476,1878733.0655200123,10
-1189787.0560436202,1878733.0655200123,10
-1189323.7433270926,1878733.0655200123,10
-1188860.430610565,1878733.0655200123,10
-1188397.1178940376,1878733.0655200123,10
-1187933.80517751,1878733.0655200123,10
-1187470.4924609826,1878733.0655200123,10
-1187007.179744455,1878733.0655200123,10
-1186543.8670279277,1878733.0655200123,10
-1186080.5543114,1878733.0655200123,10
-1185617.2415948727,1878733.0655200123,10
-1185153.928878345,1878733.0655200123,10
-1184690.6161618177,1878733.0655200123,10
-1184227.30344529,1878733.0655200123,10
-1183763.9907287627,1878733.0655200123,10
-1183300.678012235,1878733.0655200123,10
-1182837.3652957077,1878733.0655200123,10
-1182374.05257918,1878733.0655200123,10
-1181910.7398626525,1878733.0655200123,10
-1181447.4271461251,1878733.0655200123,10
-1180984.1144295975,1878733.0655200123,10
-1180520.8017130701,1878733.0655200123,10
-1180057.4889965425,1878733.0655200123,10
-1179594.1762800151,1878733.0655200123,10
-1179130.8635634875,1878733.0655200123,10
-1178667.5508469602,1878733.0655200123,10
-1178204.2381304326,1878733.0655200123,10
-1177740.9254139052,1878733.0655200123,10
-1177277.6126973776,1878733.0655200123,10
-1176814.2999808502,1878733.0655200123,10
-1176350.9872643226,1878733.0655200123,10
-1175887.6745477952,1878733.0655200123,10
-1175424.3618312676,1878733.0655200123,10
-1174961.04911474,1878733.0655200123,10
-1174497.7363982126,1878733.0655200123,10
-1174034.4236816852,1878733.0655200123,10
-1173571.1109651576,1878733.0655200123,10
-1173107.79824863,1878733.0655200123,10
-1172644.4855321026,1878733.0655200123,10
-1172181.172815575,1878733.0655200123,10
-1171717.8600990477,1878733.0655200123,7
-1171254.54738252,1878733.0655200123,7
-1170791.2346659927,1878733.0655200123,10
-1170327.921949465,1878733.0655200123,10
-1169864.6092329377,1878733.0655200123,10
-1169401.29651641,1878733.0655200123,10
-1363066.012024905,1878269.7528034847,10
-1362602.6993083777,1878269.7528034847,10
-1362139.38659185,1878269.7528034847,10
-1361676.0738753227,1878269.7528034847,10
-1361212.761158795,1878269.7528034847,10
-1360749.4484422677,1878269.7528034847,10
-1360286.13572574,1878269.7528034847,16
-1359822.8230092125,1878269.7528034847,16
-1359359.5102926851,1878269.7528034847,16
-1358896.1975761575,1878269.7528034847,16
-1358432.8848596301,1878269.7528034847,16
-1357969.5721431025,1878269.7528034847,16
-1357506.2594265752,1878269.7528034847,16
-1357042.9467100475,1878269.7528034847,16
-1356579.6339935202,1878269.7528034847,16
-1356116.3212769926,1878269.7528034847,16
-1355653.0085604652,1878269.7528034847,16
-1355189.6958439376,1878269.7528034847,16
-1354726.3831274102,1878269.7528034847,16
-1354263.0704108826,1878269.7528034847,16
-1353799.7576943552,1878269.7528034847,16
-1353336.4449778276,1878269.7528034847,16
-1352873.1322613002,1878269.7528034847,16
-1352409.8195447726,1878269.7528034847,16
-1351946.506828245,1878269.7528034847,16
-1351483.1941117176,1878269.7528034847,16
-1351019.88139519,1878269.7528034847,16
-1350556.5686786626,1878269.7528034847,16
-1350093.255962135,1878269.7528034847,16
-1349629.9432456077,1878269.7528034847,16
-1349166.63052908,1878269.7528034847,16
-1348703.3178125527,1878269.7528034847,16
-1348240.005096025,1878269.7528034847,16
-1347776.6923794977,1878269.7528034847,16
-1347313.37966297,1878269.7528034847,16
-1346850.0669464427,1878269.7528034847,16
-1346386.754229915,1878269.7528034847,16
-1345923.4415133877,1878269.7528034847,16
-1345460.12879686,1878269.7528034847,10
-1344996.8160803327,1878269.7528034847,10
-1344533.5033638051,1878269.7528034847,10
-1344070.1906472775,1878269.7528034847,10
-1343606.8779307501,1878269.7528034847,10
-1343143.5652142225,1878269.7528034847,10
-1342680.2524976952,1878269.7528034847,16
-1342216.9397811675,1878269.7528034847,16
-1341753.6270646402,1878269.7528034847,16
-1341290.3143481126,1878269.7528034847,16
-1340827.0016315852,1878269.7528034847,16
-1340363.6889150576,1878269.7528034847,16
-1339900.3761985302,1878269.7528034847,16
-1339437.0634820026,1878269.7528034847,16
-1338973.7507654752,1878269.7528034847,16
-1338510.4380489476,1878269.7528034847,16
-1338047.1253324202,1878269.7528034847,16
-1337583.8126158926,1878269.7528034847,16
-1337120.499899365,1878269.7528034847,16
-1336657.1871828376,1878269.7528034847,16
-1336193.87446631,1878269.7528034847,16
-1335730.5617497826,1878269.7528034847,16
-1335267.249033255,1878269.7528034847,16
-1334803.9363167277,1878269.7528034847,16
-1334340.6236002,1878269.7528034847,16
-1333877.3108836727,1878269.7528034847,16
-1333413.998167145,1878269.7528034847,16
-1332950.6854506177,1878269.7528034847,16
-1332487.37273409,1878269.7528034847,16
-1332024.0600175627,1878269.7528034847,16
-1331560.747301035,1878269.7528034847,16
-1331097.4345845077,1878269.7528034847,16
-1330634.12186798,1878269.7528034847,16
-1330170.8091514525,1878269.7528034847,16
-1329707.4964349251,1878269.7528034847,16
-1329244.1837183975,1878269.7528034847,16
-1328780.8710018701,1878269.7528034847,16
-1328317.5582853425,1878269.7528034847,16
-1327854.2455688152,1878269.7528034847,16
-1327390.9328522875,1878269.7528034847,16
-1326927.6201357602,1878269.7528034847,16
-1326464.3074192326,1878269.7528034847,16
-1326000.9947027052,1878269.7528034847,16
-1325537.6819861776,1878269.7528034847,16
-1325074.3692696502,1878269.7528034847,16
-1324611.0565531226,1878269.7528034847,16
-1324147.7438365952,1878269.7528034847,16
-1323684.4311200676,1878269.7528034847,16
-1323221.11840354,1878269.7528034847,16
-1322757.8056870126,1878269.7528034847,16
-1322294.492970485,1878269.7528034847,16
-1321831.1802539576,1878269.7528034847,16
-1321367.86753743,1878269.7528034847,16
-1320904.5548209026,1878269.7528034847,16
-1320441.242104375,1878269.7528034847,16
-1319977.9293878477,1878269.7528034847,16
-1319514.61667132,1878269.7528034847,16
-1319051.3039547927,1878269.7528034847,10
-1318587.991238265,1878269.7528034847,10
-1318124.6785217377,1878269.7528034847,16
-1317661.36580521,1878269.7528034847,16
-1317198.0530886827,1878269.7528034847,16
-1316734.740372155,1878269.7528034847,16
-1316271.4276556277,1878269.7528034847,16
-1315808.1149391,1878269.7528034847,16
-1315344.8022225727,1878269.7528034847,16
-1314881.4895060451,1878269.7528034847,16
-1314418.1767895175,1878269.7528034847,16
-1313954.8640729901,1878269.7528034847,16
-1313491.5513564625,1878269.7528034847,16
-1313028.2386399352,1878269.7528034847,16
-1312564.9259234075,1878269.7528034847,7
-1312101.6132068802,1878269.7528034847,10
-1311638.3004903526,1878269.7528034847,10
-1311174.9877738252,1878269.7528034847,16
-1310711.6750572976,1878269.7528034847,16
-1310248.3623407702,1878269.7528034847,16
-1309785.0496242426,1878269.7528034847,16
-1309321.7369077152,1878269.7528034847,16
-1308858.4241911876,1878269.7528034847,16
-1308395.1114746602,1878269.7528034847,16
-1307931.7987581326,1878269.7528034847,16
-1307468.486041605,1878269.7528034847,16
-1307005.1733250776,1878269.7528034847,16
-1306541.86060855,1878269.7528034847,16
-1306078.5478920226,1878269.7528034847,16
-1305615.235175495,1878269.7528034847,16
-1305151.9224589677,1878269.7528034847,16
-1304688.60974244,1878269.7528034847,16
-1304225.2970259127,1878269.7528034847,16
-1303761.984309385,1878269.7528034847,16
-1303298.6715928577,1878269.7528034847,10
-1302835.35887633,1878269.7528034847,10
-1302372.0461598027,1878269.7528034847,10
-1301908.733443275,1878269.7528034847,10
-1301445.4207267477,1878269.7528034847,10
-1300982.10801022,1878269.7528034847,10
-1300518.7952936925,1878269.7528034847,10
-1300055.4825771651,1878269.7528034847,10
-1299592.1698606375,1878269.7528034847,10
-1299128.8571441101,1878269.7528034847,10
-1298665.5444275825,1878269.7528034847,10
-1298202.2317110552,1878269.7528034847,10
-1297738.9189945275,1878269.7528034847,10
-1297275.6062780002,1878269.7528034847,10
-1296812.2935614726,1878269.7528034847,10
-1296348.9808449452,1878269.7528034847,10
-1295885.6681284176,1878269.7528034847,10
-1295422.3554118902,1878269.7528034847,10
-1294959.0426953626,1878269.7528034847,10
-1294495.7299788352,1878269.7528034847,10
-1294032.4172623076,1878269.7528034847,16
-1293569.10454578,1878269.7528034847,16
-1293105.7918292526,1878269.7528034847,16
-1292642.479112725,1878269.7528034847,16
-1292179.1663961976,1878269.7528034847,16
-1291715.85367967,1878269.7528034847,16
-1291252.5409631426,1878269.7528034847,10
-1290789.228246615,1878269.7528034847,10
-1290325.9155300877,1878269.7528034847,16
-1289862.60281356,1878269.7528034847,16
-1289399.2900970327,1878269.7528034847,16
-1288935.977380505,1878269.7528034847,16
-1288472.6646639777,1878269.7528034847,16
-1288009.35194745,1878269.7528034847,16
-1287546.0392309227,1878269.7528034847,16
-1287082.726514395,1878269.7528034847,10
-1286619.4137978677,1878269.7528034847,10
-1286156.10108134,1878269.7528034847,10
-1285692.7883648127,1878269.7528034847,16
-1285229.4756482851,1878269.7528034847,16
-1284766.1629317575,1878269.7528034847,10
-1284302.8502152301,1878269.7528034847,10
-1283839.5374987025,1878269.7528034847,10
-1283376.2247821752,1878269.7528034847,10
-1282912.9120656475,1878269.7528034847,10
-1282449.5993491202,1878269.7528034847,16
-1281986.2866325926,1878269.7528034847,10
-1281522.9739160652,1878269.7528034847,10
-1281059.6611995376,1878269.7528034847,10
-1280596.3484830102,1878269.7528034847,10
-1280133.0357664826,1878269.7528034847,10
-1279669.7230499552,1878269.7528034847,10
-1279206.4103334276,1878269.7528034847,10
-1278743.0976169002,1878269.7528034847,10
-1278279.7849003726,1878269.7528034847,10
-1277816.472183845,1878269.7528034847,10
-1277353.1594673176,1878269.7528034847,10
-1276889.84675079,1878269.7528034847,10
-1276426.5340342626,1878269.7528034847,10
-1275963.221317735,1878269.7528034847,10
-1275499.9086012077,1878269.7528034847,10
-1275036.59588468,1878269.7528034847,10
-1274573.2831681527,1878269.7528034847,10
-1274109.970451625,1878269.7528034847,10
-1273646.6577350977,1878269.7528034847,10
-1273183.34501857,1878269.7528034847,10
-1272720.0323020427,1878269.7528034847,10
-1272256.719585515,1878269.7528034847,10
-1271793.4068689877,1878269.7528034847,10
-1271330.09415246,1878269.7528034847,10
-1270866.7814359325,1878269.7528034847,10
-1270403.4687194051,1878269.7528034847,10
-1269940.1560028775,1878269.7528034847,10
-1269476.8432863501,1878269.7528034847,10
-1269013.5305698225,1878269.7528034847,10
-1268550.2178532952,1878269.7528034847,10
-1268086.9051367675,1878269.7528034847,10
-1267623.5924202402,1878269.7528034847,10
-1267160.2797037126,1878269.7528034847,10
-1266696.9669871852,1878269.7528034847,10
-1266233.6542706576,1878269.7528034847,10
-1265770.3415541302,1878269.7528034847,10
-1265307.0288376026,1878269.7528034847,10
-1264843.7161210752,1878269.7528034847,10
-1264380.4034045476,1878269.7528034847,10
-1263917.09068802,1878269.7528034847,10
-1263453.7779714926,1878269.7528034847,10
-1262990.465254965,1878269.7528034847,10
-1262527.1525384376,1878269.7528034847,10
-1262063.83982191,1878269.7528034847,10
-1261600.5271053826,1878269.7528034847,10
-1261137.214388855,1878269.7528034847,10
-1260673.9016723277,1878269.7528034847,10
-1260210.5889558,1878269.7528034847,10
-1259747.2762392727,1878269.7528034847,10
-1259283.963522745,1878269.7528034847,10
-1258820.6508062177,1878269.7528034847,10
-1258357.33808969,1878269.7528034847,10
-1257894.0253731627,1878269.7528034847,10
-1257430.712656635,1878269.7528034847,10
-1256967.3999401077,1878269.7528034847,10
-1256504.08722358,1878269.7528034847,10
-1256040.7745070527,1878269.7528034847,10
-1255577.4617905251,1878269.7528034847,10
-1255114.1490739975,1878269.7528034847,10
-1254650.8363574701,1878269.7528034847,10
-1254187.5236409425,1878269.7528034847,10
-1253724.2109244152,1878269.7528034847,10
-1253260.8982078875,1878269.7528034847,10
-1252797.5854913602,1878269.7528034847,10
-1252334.2727748326,1878269.7528034847,10
-1251870.9600583052,1878269.7528034847,10
-1251407.6473417776,1878269.7528034847,10
-1250944.3346252502,1878269.7528034847,10
-1250481.0219087226,1878269.7528034847,10
-1250017.7091921952,1878269.7528034847,10
-1249554.3964756676,1878269.7528034847,10
-1249091.0837591402,1878269.7528034847,10
-1248627.7710426126,1878269.7528034847,10
-1248164.458326085,1878269.7528034847,10
-1247701.1456095576,1878269.7528034847,10
-1247237.83289303,1878269.7528034847,10
-1246774.5201765026,1878269.7528034847,10
-1246311.207459975,1878269.7528034847,10
-1245847.8947434477,1878269.7528034847,10
-1245384.58202692,1878269.7528034847,10
-1244921.2693103927,1878269.7528034847,10
-1244457.956593865,1878269.7528034847,10
-1243994.6438773377,1878269.7528034847,10
-1243531.33116081,1878269.7528034847,10
-1243068.0184442827,1878269.7528034847,10
-1242604.705727755,1878269.7528034847,10
-1242141.3930112277,1878269.7528034847,10
-1241678.0802947,1878269.7528034847,10
-1241214.7675781725,1878269.7528034847,10
-1240751.4548616451,1878269.7528034847,10
-1240288.1421451175,1878269.7528034847,10
-1239824.8294285901,1878269.7528034847,10
-1239361.5167120625,1878269.7528034847,10
-1238898.2039955352,1878269.7528034847,10
-1238434.8912790075,1878269.7528034847,10
-1237971.5785624802,1878269.7528034847,10
-1237508.2658459526,1878269.7528034847,10
-1237044.9531294252,1878269.7528034847,10
-1236581.6404128976,1878269.7528034847,10
-1236118.3276963702,1878269.7528034847,10
-1235655.0149798426,1878269.7528034847,10
-1235191.7022633152,1878269.7528034847,10
-1234728.3895467876,1878269.7528034847,10
-1234265.07683026,1878269.7528034847,10
-1233801.7641137326,1878269.7528034847,10
-1233338.4513972052,1878269.7528034847,10
-1232875.1386806776,1878269.7528034847,10
-1232411.82596415,1878269.7528034847,10
-1231948.5132476226,1878269.7528034847,10
-1231485.200531095,1878269.7528034847,10
-1231021.8878145677,1878269.7528034847,10
-1230558.57509804,1878269.7528034847,10
-1230095.2623815127,1878269.7528034847,10
-1229631.949664985,1878269.7528034847,10
-1229168.6369484577,1878269.7528034847,10
-1228705.32423193,1878269.7528034847,10
-1228242.0115154027,1878269.7528034847,10
-1227778.698798875,1878269.7528034847,10
-1227315.3860823475,1878269.7528034847,10
-1226852.07336582,1878269.7528034847,10
-1226388.7606492927,1878269.7528034847,10
-1225925.4479327651,1878269.7528034847,10
-1225462.1352162375,1878269.7528034847,10
-1224998.8224997101,1878269.7528034847,10
-1224535.5097831825,1878269.7528034847,10
-1224072.1970666551,1878269.7528034847,10
-1223608.8843501275,1878269.7528034847,10
-1223145.5716336002,1878269.7528034847,10
-1222682.2589170726,1878269.7528034847,10
-1222218.9462005452,1878269.7528034847,10
-1221755.6334840176,1878269.7528034847,10
-1221292.3207674902,1878269.7528034847,10
-1220829.0080509626,1878269.7528034847,10
-1220365.6953344352,1878269.7528034847,10
-1219902.3826179076,1878269.7528034847,10
-1219439.0699013802,1878269.7528034847,10
-1218975.7571848526,1878269.7528034847,10
-1218512.444468325,1878269.7528034847,10
-1218049.1317517976,1878269.7528034847,10
-1217585.81903527,1878269.7528034847,10
-1217122.5063187426,1878269.7528034847,10
-1216659.193602215,1878269.7528034847,10
-1216195.8808856877,1878269.7528034847,10
-1215732.56816916,1878269.7528034847,10
-1215269.2554526327,1878269.7528034847,10
-1214805.942736105,1878269.7528034847,10
-1214342.6300195777,1878269.7528034847,10
-1213879.31730305,1878269.7528034847,10
-1213416.0045865227,1878269.7528034847,10
-1212952.691869995,1878269.7528034847,10
-1212489.3791534677,1878269.7528034847,10
-1212026.06643694,1878269.7528034847,10
-1211562.7537204125,1878269.7528034847,10
-1211099.4410038851,1878269.7528034847,10
-1210636.1282873575,1878269.7528034847,10
-1210172.8155708301,1878269.7528034847,10
-1209709.5028543025,1878269.7528034847,10
-1209246.1901377751,1878269.7528034847,10
-1208782.8774212475,1878269.7528034847,10
-1208319.5647047202,1878269.7528034847,10
-1207856.2519881926,1878269.7528034847,10
-1207392.9392716652,1878269.7528034847,10
-1206929.6265551376,1878269.7528034847,10
-1206466.3138386102,1878269.7528034847,10
-1206003.0011220826,1878269.7528034847,10
-1205539.6884055552,1878269.7528034847,10
-1205076.3756890276,1878269.7528034847,10
-1204613.0629725,1878269.7528034847,10
-1204149.7502559726,1878269.7528034847,10
-1203686.4375394452,1878269.7528034847,10
-1203223.1248229176,1878269.7528034847,10
-1202759.81210639,1878269.7528034847,16
-1202296.4993898626,1878269.7528034847,16
-1201833.186673335,1878269.7528034847,10
-1201369.8739568077,1878269.7528034847,10
-1200906.56124028,1878269.7528034847,10
-1200443.2485237527,1878269.7528034847,10
-1199979.935807225,1878269.7528034847,10
-1199516.6230906977,1878269.7528034847,10
-1199053.31037417,1878269.7528034847,10
-1198589.9976576427,1878269.7528034847,10
-1198126.684941115,1878269.7528034847,10
-1197663.3722245875,1878269.7528034847,10
-1197200.05950806,1878269.7528034847,10
-1196736.7467915327,1878269.7528034847,10
-1196273.4340750051,1878269.7528034847,10
-1195810.1213584775,1878269.7528034847,10
-1195346.8086419501,1878269.7528034847,10
-1194883.4959254225,1878269.7528034847,10
-1194420.1832088951,1878269.7528034847,10
-1193956.8704923675,1878269.7528034847,10
-1193493.5577758402,1878269.7528034847,10
-1193030.2450593126,1878269.7528034847,10
-1192566.9323427852,1878269.7528034847,10
-1192103.6196262576,1878269.7528034847,10
-1191640.3069097302,1878269.7528034847,10
-1191176.9941932026,1878269.7528034847,10
-1190713.6814766752,1878269.7528034847,10
-1190250.3687601476,1878269.7528034847,10
-1189787.0560436202,1878269.7528034847,10
-1189323.7433270926,1878269.7528034847,10
-1188860.430610565,1878269.7528034847,10
-1188397.1178940376,1878269.7528034847,10
-1187933.80517751,1878269.7528034847,10
-1187470.4924609826,1878269.7528034847,10
-1187007.179744455,1878269.7528034847,10
-1186543.8670279277,1878269.7528034847,10
-1186080.5543114,1878269.7528034847,10
-1185617.2415948727,1878269.7528034847,10
-1185153.928878345,1878269.7528034847,10
-1184690.6161618177,1878269.7528034847,10
-1184227.30344529,1878269.7528034847,10
-1183763.9907287627,1878269.7528034847,10
-1183300.678012235,1878269.7528034847,10
-1182837.3652957077,1878269.7528034847,10
-1182374.05257918,1878269.7528034847,10
-1181910.7398626525,1878269.7528034847,10
-1181447.4271461251,1878269.7528034847,10
-1180984.1144295975,1878269.7528034847,10
-1180520.8017130701,1878269.7528034847,10
-1180057.4889965425,1878269.7528034847,10
-1179594.1762800151,1878269.7528034847,10
-1179130.8635634875,1878269.7528034847,10
-1178667.5508469602,1878269.7528034847,10
-1178204.2381304326,1878269.7528034847,10
-1177740.9254139052,1878269.7528034847,10
-1177277.6126973776,1878269.7528034847,10
-1176814.2999808502,1878269.7528034847,10
-1176350.9872643226,1878269.7528034847,10
-1175887.6745477952,1878269.7528034847,10
-1175424.3618312676,1878269.7528034847,10
-1174961.04911474,1878269.7528034847,10
-1174497.7363982126,1878269.7528034847,10
-1174034.4236816852,1878269.7528034847,10
-1173571.1109651576,1878269.7528034847,10
-1173107.79824863,1878269.7528034847,10
-1172644.4855321026,1878269.7528034847,10
-1172181.172815575,1878269.7528034847,10
-1171717.8600990477,1878269.7528034847,10
-1171254.54738252,1878269.7528034847,10
-1170791.2346659927,1878269.7528034847,10
-1170327.921949465,1878269.7528034847,10
-1169864.6092329377,1878269.7528034847,10
-1169401.29651641,1878269.7528034847,10
-1363066.012024905,1877806.4400869573,10
-1362602.6993083777,1877806.4400869573,10
-1362139.38659185,1877806.4400869573,10
-1361676.0738753227,1877806.4400869573,10
-1361212.761158795,1877806.4400869573,10
-1360749.4484422677,1877806.4400869573,10
-1360286.13572574,1877806.4400869573,16
-1359822.8230092125,1877806.4400869573,16
-1359359.5102926851,1877806.4400869573,16
-1358896.1975761575,1877806.4400869573,16
-1358432.8848596301,1877806.4400869573,16
-1357969.5721431025,1877806.4400869573,16
-1357506.2594265752,1877806.4400869573,16
-1357042.9467100475,1877806.4400869573,16
-1356579.6339935202,1877806.4400869573,16
-1356116.3212769926,1877806.4400869573,16
-1355653.0085604652,1877806.4400869573,16
-1355189.6958439376,1877806.4400869573,16
-1354726.3831274102,1877806.4400869573,16
-1354263.0704108826,1877806.4400869573,16
-1353799.7576943552,1877806.4400869573,16
-1353336.4449778276,1877806.4400869573,16
-1352873.1322613002,1877806.4400869573,16
-1352409.8195447726,1877806.4400869573,16
-1351946.506828245,1877806.4400869573,7
-1351483.1941117176,1877806.4400869573,10
-1351019.88139519,1877806.4400869573,16
-1350556.5686786626,1877806.4400869573,16
-1350093.255962135,1877806.4400869573,16
-1349629.9432456077,1877806.4400869573,16
-1349166.63052908,1877806.4400869573,16
-1348703.3178125527,1877806.4400869573,16
-1348240.005096025,1877806.4400869573,16
-1347776.6923794977,1877806.4400869573,16
-1347313.37966297,1877806.4400869573,16
-1346850.0669464427,1877806.4400869573,16
-1346386.754229915,1877806.4400869573,16
-1345923.4415133877,1877806.4400869573,16
-1345460.12879686,1877806.4400869573,10
-1344996.8160803327,1877806.4400869573,10
-1344533.5033638051,1877806.4400869573,10
-1344070.1906472775,1877806.4400869573,10
-1343606.8779307501,1877806.4400869573,10
-1343143.5652142225,1877806.4400869573,16
-1342680.2524976952,1877806.4400869573,16
-1342216.9397811675,1877806.4400869573,16
-1341753.6270646402,1877806.4400869573,16
-1341290.3143481126,1877806.4400869573,16
-1340827.0016315852,1877806.4400869573,16
-1340363.6889150576,1877806.4400869573,16
-1339900.3761985302,1877806.4400869573,16
-1339437.0634820026,1877806.4400869573,16
-1338973.7507654752,1877806.4400869573,16
-1338510.4380489476,1877806.4400869573,16
-1338047.1253324202,1877806.4400869573,16
-1337583.8126158926,1877806.4400869573,16
-1337120.499899365,1877806.4400869573,16
-1336657.1871828376,1877806.4400869573,16
-1336193.87446631,1877806.4400869573,16
-1335730.5617497826,1877806.4400869573,16
-1335267.249033255,1877806.4400869573,16
-1334803.9363167277,1877806.4400869573,16
-1334340.6236002,1877806.4400869573,16
-1333877.3108836727,1877806.4400869573,16
-1333413.998167145,1877806.4400869573,16
-1332950.6854506177,1877806.4400869573,16
-1332487.37273409,1877806.4400869573,16
-1332024.0600175627,1877806.4400869573,16
-1331560.747301035,1877806.4400869573,16
-1331097.4345845077,1877806.4400869573,16
-1330634.12186798,1877806.4400869573,16
-1330170.8091514525,1877806.4400869573,16
-1329707.4964349251,1877806.4400869573,16
-1329244.1837183975,1877806.4400869573,16
-1328780.8710018701,1877806.4400869573,16
-1328317.5582853425,1877806.4400869573,16
-1327854.2455688152,1877806.4400869573,16
-1327390.9328522875,1877806.4400869573,16
-1326927.6201357602,1877806.4400869573,16
-1326464.3074192326,1877806.4400869573,16
-1326000.9947027052,1877806.4400869573,16
-1325537.6819861776,1877806.4400869573,16
-1325074.3692696502,1877806.4400869573,16
-1324611.0565531226,1877806.4400869573,16
-1324147.7438365952,1877806.4400869573,16
-1323684.4311200676,1877806.4400869573,16
-1323221.11840354,1877806.4400869573,16
-1322757.8056870126,1877806.4400869573,16
-1322294.492970485,1877806.4400869573,16
-1321831.1802539576,1877806.4400869573,16
-1321367.86753743,1877806.4400869573,16
-1320904.5548209026,1877806.4400869573,16
-1320441.242104375,1877806.4400869573,10
-1319977.9293878477,1877806.4400869573,16
-1319514.61667132,1877806.4400869573,16
-1319051.3039547927,1877806.4400869573,16
-1318587.991238265,1877806.4400869573,10
-1318124.6785217377,1877806.4400869573,10
-1317661.36580521,1877806.4400869573,16
-1317198.0530886827,1877806.4400869573,16
-1316734.740372155,1877806.4400869573,16
-1316271.4276556277,1877806.4400869573,16
-1315808.1149391,1877806.4400869573,16
-1315344.8022225727,1877806.4400869573,16
-1314881.4895060451,1877806.4400869573,16
-1314418.1767895175,1877806.4400869573,16
-1313954.8640729901,1877806.4400869573,16
-1313491.5513564625,1877806.4400869573,16
-1313028.2386399352,1877806.4400869573,16
-1312564.9259234075,1877806.4400869573,16
-1312101.6132068802,1877806.4400869573,10
-1311638.3004903526,1877806.4400869573,10
-1311174.9877738252,1877806.4400869573,16
-1310711.6750572976,1877806.4400869573,16
-1310248.3623407702,1877806.4400869573,16
-1309785.0496242426,1877806.4400869573,16
-1309321.7369077152,1877806.4400869573,16
-1308858.4241911876,1877806.4400869573,16
-1308395.1114746602,1877806.4400869573,16
-1307931.7987581326,1877806.4400869573,16
-1307468.486041605,1877806.4400869573,16
-1307005.1733250776,1877806.4400869573,16
-1306541.86060855,1877806.4400869573,16
-1306078.5478920226,1877806.4400869573,16
-1305615.235175495,1877806.4400869573,16
-1305151.9224589677,1877806.4400869573,16
-1304688.60974244,1877806.4400869573,16
-1304225.2970259127,1877806.4400869573,16
-1303761.984309385,1877806.4400869573,16
-1303298.6715928577,1877806.4400869573,16
-1302835.35887633,1877806.4400869573,10
-1302372.0461598027,1877806.4400869573,10
-1301908.733443275,1877806.4400869573,10
-1301445.4207267477,1877806.4400869573,10
-1300982.10801022,1877806.4400869573,10
-1300518.7952936925,1877806.4400869573,10
-1300055.4825771651,1877806.4400869573,10
-1299592.1698606375,1877806.4400869573,10
-1299128.8571441101,1877806.4400869573,10
-1298665.5444275825,1877806.4400869573,10
-1298202.2317110552,1877806.4400869573,10
-1297738.9189945275,1877806.4400869573,10
-1297275.6062780002,1877806.4400869573,10
-1296812.2935614726,1877806.4400869573,10
-1296348.9808449452,1877806.4400869573,10
-1295885.6681284176,1877806.4400869573,10
-1295422.3554118902,1877806.4400869573,10
-1294959.0426953626,1877806.4400869573,16
-1294495.7299788352,1877806.4400869573,16
-1294032.4172623076,1877806.4400869573,16
-1293569.10454578,1877806.4400869573,16
-1293105.7918292526,1877806.4400869573,16
-1292642.479112725,1877806.4400869573,16
-1292179.1663961976,1877806.4400869573,16
-1291715.85367967,1877806.4400869573,16
-1291252.5409631426,1877806.4400869573,10
-1290789.228246615,1877806.4400869573,10
-1290325.9155300877,1877806.4400869573,16
-1289862.60281356,1877806.4400869573,16
-1289399.2900970327,1877806.4400869573,16
-1288935.977380505,1877806.4400869573,16
-1288472.6646639777,1877806.4400869573,16
-1288009.35194745,1877806.4400869573,16
-1287546.0392309227,1877806.4400869573,10
-1287082.726514395,1877806.4400869573,10
-1286619.4137978677,1877806.4400869573,10
-1286156.10108134,1877806.4400869573,10
-1285692.7883648127,1877806.4400869573,10
-1285229.4756482851,1877806.4400869573,10
-1284766.1629317575,1877806.4400869573,10
-1284302.8502152301,1877806.4400869573,10
-1283839.5374987025,1877806.4400869573,16
-1283376.2247821752,1877806.4400869573,16
-1282912.9120656475,1877806.4400869573,16
-1282449.5993491202,1877806.4400869573,16
-1281986.2866325926,1877806.4400869573,16
-1281522.9739160652,1877806.4400869573,10
-1281059.6611995376,1877806.4400869573,10
-1280596.3484830102,1877806.4400869573,10
-1280133.0357664826,1877806.4400869573,10
-1279669.7230499552,1877806.4400869573,10
-1279206.4103334276,1877806.4400869573,10
-1278743.0976169002,1877806.4400869573,10
-1278279.7849003726,1877806.4400869573,10
-1277816.472183845,1877806.4400869573,10
-1277353.1594673176,1877806.4400869573,10
-1276889.84675079,1877806.4400869573,10
-1276426.5340342626,1877806.4400869573,10
-1275963.221317735,1877806.4400869573,10
-1275499.9086012077,1877806.4400869573,10
-1275036.59588468,1877806.4400869573,10
-1274573.2831681527,1877806.4400869573,10
-1274109.970451625,1877806.4400869573,10
-1273646.6577350977,1877806.4400869573,10
-1273183.34501857,1877806.4400869573,10
-1272720.0323020427,1877806.4400869573,10
-1272256.719585515,1877806.4400869573,10
-1271793.4068689877,1877806.4400869573,10
-1271330.09415246,1877806.4400869573,10
-1270866.7814359325,1877806.4400869573,10
-1270403.4687194051,1877806.4400869573,10
-1269940.1560028775,1877806.4400869573,10
-1269476.8432863501,1877806.4400869573,10
-1269013.5305698225,1877806.4400869573,10
-1268550.2178532952,1877806.4400869573,10
-1268086.9051367675,1877806.4400869573,10
-1267623.5924202402,1877806.4400869573,10
-1267160.2797037126,1877806.4400869573,10
-1266696.9669871852,1877806.4400869573,10
-1266233.6542706576,1877806.4400869573,10
-1265770.3415541302,1877806.4400869573,10
-1265307.0288376026,1877806.4400869573,10
-1264843.7161210752,1877806.4400869573,10
-1264380.4034045476,1877806.4400869573,10
-1263917.09068802,1877806.4400869573,10
-1263453.7779714926,1877806.4400869573,10
-1262990.465254965,1877806.4400869573,10
-1262527.1525384376,1877806.4400869573,10
-1262063.83982191,1877806.4400869573,10
-1261600.5271053826,1877806.4400869573,10
-1261137.214388855,1877806.4400869573,10
-1260673.9016723277,1877806.4400869573,10
-1260210.5889558,1877806.4400869573,10
-1259747.2762392727,1877806.4400869573,10
-1259283.963522745,1877806.4400869573,10
-1258820.6508062177,1877806.4400869573,10
-1258357.33808969,1877806.4400869573,10
-1257894.0253731627,1877806.4400869573,10
-1257430.712656635,1877806.4400869573,10
-1256967.3999401077,1877806.4400869573,10
-1256504.08722358,1877806.4400869573,10
-1256040.7745070527,1877806.4400869573,10
-1255577.4617905251,1877806.4400869573,10
-1255114.1490739975,1877806.4400869573,10
-1254650.8363574701,1877806.4400869573,10
-1254187.5236409425,1877806.4400869573,10
-1253724.2109244152,1877806.4400869573,10
-1253260.8982078875,1877806.4400869573,10
-1252797.5854913602,1877806.4400869573,10
-1252334.2727748326,1877806.4400869573,10
-1251870.9600583052,1877806.4400869573,10
-1251407.6473417776,1877806.4400869573,10
-1250944.3346252502,1877806.4400869573,10
-1250481.0219087226,1877806.4400869573,10
-1250017.7091921952,1877806.4400869573,10
-1249554.3964756676,1877806.4400869573,10
-1249091.0837591402,1877806.4400869573,10
-1248627.7710426126,1877806.4400869573,10
-1248164.458326085,1877806.4400869573,10
-1247701.1456095576,1877806.4400869573,10
-1247237.83289303,1877806.4400869573,10
-1246774.5201765026,1877806.4400869573,10
-1246311.207459975,1877806.4400869573,10
-1245847.8947434477,1877806.4400869573,10
-1245384.58202692,1877806.4400869573,10
-1244921.2693103927,1877806.4400869573,10
-1244457.956593865,1877806.4400869573,10
-1243994.6438773377,1877806.4400869573,10
-1243531.33116081,1877806.4400869573,10
-1243068.0184442827,1877806.4400869573,10
-1242604.705727755,1877806.4400869573,10
-1242141.3930112277,1877806.4400869573,10
-1241678.0802947,1877806.4400869573,10
-1241214.7675781725,1877806.4400869573,10
-1240751.4548616451,1877806.4400869573,10
-1240288.1421451175,1877806.4400869573,10
-1239824.8294285901,1877806.4400869573,10
-1239361.5167120625,1877806.4400869573,10
-1238898.2039955352,1877806.4400869573,10
-1238434.8912790075,1877806.4400869573,10
-1237971.5785624802,1877806.4400869573,10
-1237508.2658459526,1877806.4400869573,10
-1237044.9531294252,1877806.4400869573,10
-1236581.6404128976,1877806.4400869573,10
-1236118.3276963702,1877806.4400869573,10
-1235655.0149798426,1877806.4400869573,10
-1235191.7022633152,1877806.4400869573,10
-1234728.3895467876,1877806.4400869573,10
-1234265.07683026,1877806.4400869573,10
-1233801.7641137326,1877806.4400869573,10
-1233338.4513972052,1877806.4400869573,10
-1232875.1386806776,1877806.4400869573,10
-1232411.82596415,1877806.4400869573,10
-1231948.5132476226,1877806.4400869573,10
-1231485.200531095,1877806.4400869573,10
-1231021.8878145677,1877806.4400869573,10
-1230558.57509804,1877806.4400869573,10
-1230095.2623815127,1877806.4400869573,10
-1229631.949664985,1877806.4400869573,10
-1229168.6369484577,1877806.4400869573,10
-1228705.32423193,1877806.4400869573,10
-1228242.0115154027,1877806.4400869573,10
-1227778.698798875,1877806.4400869573,10
-1227315.3860823475,1877806.4400869573,10
-1226852.07336582,1877806.4400869573,10
-1226388.7606492927,1877806.4400869573,10
-1225925.4479327651,1877806.4400869573,10
-1225462.1352162375,1877806.4400869573,10
-1224998.8224997101,1877806.4400869573,10
-1224535.5097831825,1877806.4400869573,10
-1224072.1970666551,1877806.4400869573,10
-1223608.8843501275,1877806.4400869573,10
-1223145.5716336002,1877806.4400869573,10
-1222682.2589170726,1877806.4400869573,10
-1222218.9462005452,1877806.4400869573,10
-1221755.6334840176,1877806.4400869573,10
-1221292.3207674902,1877806.4400869573,10
-1220829.0080509626,1877806.4400869573,10
-1220365.6953344352,1877806.4400869573,10
-1219902.3826179076,1877806.4400869573,10
-1219439.0699013802,1877806.4400869573,10
-1218975.7571848526,1877806.4400869573,10
-1218512.444468325,1877806.4400869573,10
-1218049.1317517976,1877806.4400869573,10
-1217585.81903527,1877806.4400869573,10
-1217122.5063187426,1877806.4400869573,10
-1216659.193602215,1877806.4400869573,10
-1216195.8808856877,1877806.4400869573,10
-1215732.56816916,1877806.4400869573,10
-1215269.2554526327,1877806.4400869573,10
-1214805.942736105,1877806.4400869573,10
-1214342.6300195777,1877806.4400869573,10
-1213879.31730305,1877806.4400869573,10
-1213416.0045865227,1877806.4400869573,10
-1212952.691869995,1877806.4400869573,10
-1212489.3791534677,1877806.4400869573,10
-1212026.06643694,1877806.4400869573,10
-1211562.7537204125,1877806.4400869573,10
-1211099.4410038851,1877806.4400869573,10
-1210636.1282873575,1877806.4400869573,10
-1210172.8155708301,1877806.4400869573,10
-1209709.5028543025,1877806.4400869573,10
-1209246.1901377751,1877806.4400869573,10
-1208782.8774212475,1877806.4400869573,10
-1208319.5647047202,1877806.4400869573,10
-1207856.2519881926,1877806.4400869573,10
-1207392.9392716652,1877806.4400869573,10
-1206929.6265551376,1877806.4400869573,10
-1206466.3138386102,1877806.4400869573,10
-1206003.0011220826,1877806.4400869573,10
-1205539.6884055552,1877806.4400869573,10
-1205076.3756890276,1877806.4400869573,10
-1204613.0629725,1877806.4400869573,10
-1204149.7502559726,1877806.4400869573,10
-1203686.4375394452,1877806.4400869573,10
-1203223.1248229176,1877806.4400869573,10
-1202759.81210639,1877806.4400869573,10
-1202296.4993898626,1877806.4400869573,10
-1201833.186673335,1877806.4400869573,16
-1201369.8739568077,1877806.4400869573,10
-1200906.56124028,1877806.4400869573,10
-1200443.2485237527,1877806.4400869573,10
-1199979.935807225,1877806.4400869573,10
-1199516.6230906977,1877806.4400869573,10
-1199053.31037417,1877806.4400869573,10
-1198589.9976576427,1877806.4400869573,10
-1198126.684941115,1877806.4400869573,10
-1197663.3722245875,1877806.4400869573,10
-1197200.05950806,1877806.4400869573,10
-1196736.7467915327,1877806.4400869573,10
-1196273.4340750051,1877806.4400869573,10
-1195810.1213584775,1877806.4400869573,10
-1195346.8086419501,1877806.4400869573,10
-1194883.4959254225,1877806.4400869573,10
-1194420.1832088951,1877806.4400869573,10
-1193956.8704923675,1877806.4400869573,10
-1193493.5577758402,1877806.4400869573,10
-1193030.2450593126,1877806.4400869573,10
-1192566.9323427852,1877806.4400869573,10
-1192103.6196262576,1877806.4400869573,10
-1191640.3069097302,1877806.4400869573,10
-1191176.9941932026,1877806.4400869573,10
-1190713.6814766752,1877806.4400869573,10
-1190250.3687601476,1877806.4400869573,10
-1189787.0560436202,1877806.4400869573,10
-1189323.7433270926,1877806.4400869573,10
-1188860.430610565,1877806.4400869573,10
-1188397.1178940376,1877806.4400869573,10
-1187933.80517751,1877806.4400869573,10
-1187470.4924609826,1877806.4400869573,10
-1187007.179744455,1877806.4400869573,10
-1186543.8670279277,1877806.4400869573,10
-1186080.5543114,1877806.4400869573,10
-1185617.2415948727,1877806.4400869573,10
-1185153.928878345,1877806.4400869573,10
-1184690.6161618177,1877806.4400869573,10
-1184227.30344529,1877806.4400869573,10
-1183763.9907287627,1877806.4400869573,10
-1183300.678012235,1877806.4400869573,10
-1182837.3652957077,1877806.4400869573,10
-1182374.05257918,1877806.4400869573,10
-1181910.7398626525,1877806.4400869573,10
-1181447.4271461251,1877806.4400869573,10
-1180984.1144295975,1877806.4400869573,10
-1180520.8017130701,1877806.4400869573,10
-1180057.4889965425,1877806.4400869573,10
-1179594.1762800151,1877806.4400869573,10
-1179130.8635634875,1877806.4400869573,10
-1178667.5508469602,1877806.4400869573,10
-1178204.2381304326,1877806.4400869573,10
-1177740.9254139052,1877806.4400869573,10
-1177277.6126973776,1877806.4400869573,10
-1176814.2999808502,1877806.4400869573,10
-1176350.9872643226,1877806.4400869573,10
-1175887.6745477952,1877806.4400869573,10
-1175424.3618312676,1877806.4400869573,10
-1174961.04911474,1877806.4400869573,10
-1174497.7363982126,1877806.4400869573,10
-1174034.4236816852,1877806.4400869573,10
-1173571.1109651576,1877806.4400869573,10
-1173107.79824863,1877806.4400869573,10
-1172644.4855321026,1877806.4400869573,10
-1172181.172815575,1877806.4400869573,10
-1171717.8600990477,1877806.4400869573,10
-1171254.54738252,1877806.4400869573,10
-1170791.2346659927,1877806.4400869573,10
-1170327.921949465,1877806.4400869573,10
-1169864.6092329377,1877806.4400869573,10
-1169401.29651641,1877806.4400869573,10
-1363066.012024905,1877343.1273704297,10
-1362602.6993083777,1877343.1273704297,10
-1362139.38659185,1877343.1273704297,10
-1361676.0738753227,1877343.1273704297,16
-1361212.761158795,1877343.1273704297,16
-1360749.4484422677,1877343.1273704297,16
-1360286.13572574,1877343.1273704297,16
-1359822.8230092125,1877343.1273704297,16
-1359359.5102926851,1877343.1273704297,16
-1358896.1975761575,1877343.1273704297,16
-1358432.8848596301,1877343.1273704297,16
-1357969.5721431025,1877343.1273704297,16
-1357506.2594265752,1877343.1273704297,16
-1357042.9467100475,1877343.1273704297,16
-1356579.6339935202,1877343.1273704297,16
-1356116.3212769926,1877343.1273704297,16
-1355653.0085604652,1877343.1273704297,16
-1355189.6958439376,1877343.1273704297,16
-1354726.3831274102,1877343.1273704297,16
-1354263.0704108826,1877343.1273704297,16
-1353799.7576943552,1877343.1273704297,16
-1353336.4449778276,1877343.1273704297,16
-1352873.1322613002,1877343.1273704297,16
-1352409.8195447726,1877343.1273704297,7
-1351946.506828245,1877343.1273704297,7
-1351483.1941117176,1877343.1273704297,7
-1351019.88139519,1877343.1273704297,10
-1350556.5686786626,1877343.1273704297,16
-1350093.255962135,1877343.1273704297,16
-1349629.9432456077,1877343.1273704297,16
-1349166.63052908,1877343.1273704297,16
-1348703.3178125527,1877343.1273704297,16
-1348240.005096025,1877343.1273704297,16
-1347776.6923794977,1877343.1273704297,16
-1347313.37966297,1877343.1273704297,16
-1346850.0669464427,1877343.1273704297,16
-1346386.754229915,1877343.1273704297,16
-1345923.4415133877,1877343.1273704297,16
-1345460.12879686,1877343.1273704297,10
-1344996.8160803327,1877343.1273704297,10
-1344533.5033638051,1877343.1273704297,10
-1344070.1906472775,1877343.1273704297,10
-1343606.8779307501,1877343.1273704297,16
-1343143.5652142225,1877343.1273704297,16
-1342680.2524976952,1877343.1273704297,16
-1342216.9397811675,1877343.1273704297,16
-1341753.6270646402,1877343.1273704297,16
-1341290.3143481126,1877343.1273704297,16
-1340827.0016315852,1877343.1273704297,16
-1340363.6889150576,1877343.1273704297,16
-1339900.3761985302,1877343.1273704297,16
-1339437.0634820026,1877343.1273704297,16
-1338973.7507654752,1877343.1273704297,16
-1338510.4380489476,1877343.1273704297,16
-1338047.1253324202,1877343.1273704297,16
-1337583.8126158926,1877343.1273704297,16
-1337120.499899365,1877343.1273704297,16
-1336657.1871828376,1877343.1273704297,16
-1336193.87446631,1877343.1273704297,16
-1335730.5617497826,1877343.1273704297,16
-1335267.249033255,1877343.1273704297,16
-1334803.9363167277,1877343.1273704297,16
-1334340.6236002,1877343.1273704297,16
-1333877.3108836727,1877343.1273704297,16
-1333413.998167145,1877343.1273704297,16
-1332950.6854506177,1877343.1273704297,16
-1332487.37273409,1877343.1273704297,16
-1332024.0600175627,1877343.1273704297,16
-1331560.747301035,1877343.1273704297,16
-1331097.4345845077,1877343.1273704297,16
-1330634.12186798,1877343.1273704297,16
-1330170.8091514525,1877343.1273704297,16
-1329707.4964349251,1877343.1273704297,16
-1329244.1837183975,1877343.1273704297,16
-1328780.8710018701,1877343.1273704297,16
-1328317.5582853425,1877343.1273704297,16
-1327854.2455688152,1877343.1273704297,16
-1327390.9328522875,1877343.1273704297,16
-1326927.6201357602,1877343.1273704297,16
-1326464.3074192326,1877343.1273704297,16
-1326000.9947027052,1877343.1273704297,16
-1325537.6819861776,1877343.1273704297,16
-1325074.3692696502,1877343.1273704297,16
-1324611.0565531226,1877343.1273704297,16
-1324147.7438365952,1877343.1273704297,16
-1323684.4311200676,1877343.1273704297,16
-1323221.11840354,1877343.1273704297,16
-1322757.8056870126,1877343.1273704297,16
-1322294.492970485,1877343.1273704297,16
-1321831.1802539576,1877343.1273704297,16
-1321367.86753743,1877343.1273704297,16
-1320904.5548209026,1877343.1273704297,10
-1320441.242104375,1877343.1273704297,16
-1319977.9293878477,1877343.1273704297,16
-1319514.61667132,1877343.1273704297,16
-1319051.3039547927,1877343.1273704297,16
-1318587.991238265,1877343.1273704297,16
-1318124.6785217377,1877343.1273704297,10
-1317661.36580521,1877343.1273704297,10
-1317198.0530886827,1877343.1273704297,10
-1316734.740372155,1877343.1273704297,10
-1316271.4276556277,1877343.1273704297,16
-1315808.1149391,1877343.1273704297,16
-1315344.8022225727,1877343.1273704297,16
-1314881.4895060451,1877343.1273704297,16
-1314418.1767895175,1877343.1273704297,16
-1313954.8640729901,1877343.1273704297,16
-1313491.5513564625,1877343.1273704297,16
-1313028.2386399352,1877343.1273704297,16
-1312564.9259234075,1877343.1273704297,16
-1312101.6132068802,1877343.1273704297,16
-1311638.3004903526,1877343.1273704297,16
-1311174.9877738252,1877343.1273704297,10
-1310711.6750572976,1877343.1273704297,16
-1310248.3623407702,1877343.1273704297,16
-1309785.0496242426,1877343.1273704297,16
-1309321.7369077152,1877343.1273704297,16
-1308858.4241911876,1877343.1273704297,16
-1308395.1114746602,1877343.1273704297,16
-1307931.7987581326,1877343.1273704297,16
-1307468.486041605,1877343.1273704297,16
-1307005.1733250776,1877343.1273704297,16
-1306541.86060855,1877343.1273704297,16
-1306078.5478920226,1877343.1273704297,16
-1305615.235175495,1877343.1273704297,16
-1305151.9224589677,1877343.1273704297,16
-1304688.60974244,1877343.1273704297,16
-1304225.2970259127,1877343.1273704297,16
-1303761.984309385,1877343.1273704297,16
-1303298.6715928577,1877343.1273704297,16
-1302835.35887633,1877343.1273704297,16
-1302372.0461598027,1877343.1273704297,16
-1301908.733443275,1877343.1273704297,16
-1301445.4207267477,1877343.1273704297,10
-1300982.10801022,1877343.1273704297,10
-1300518.7952936925,1877343.1273704297,10
-1300055.4825771651,1877343.1273704297,10
-1299592.1698606375,1877343.1273704297,10
-1299128.8571441101,1877343.1273704297,10
-1298665.5444275825,1877343.1273704297,10
-1298202.2317110552,1877343.1273704297,10
-1297738.9189945275,1877343.1273704297,10
-1297275.6062780002,1877343.1273704297,10
-1296812.2935614726,1877343.1273704297,10
-1296348.9808449452,1877343.1273704297,7
-1295885.6681284176,1877343.1273704297,7
-1295422.3554118902,1877343.1273704297,10
-1294959.0426953626,1877343.1273704297,16
-1294495.7299788352,1877343.1273704297,16
-1294032.4172623076,1877343.1273704297,16
-1293569.10454578,1877343.1273704297,16
-1293105.7918292526,1877343.1273704297,16
-1292642.479112725,1877343.1273704297,10
-1292179.1663961976,1877343.1273704297,10
-1291715.85367967,1877343.1273704297,10
-1291252.5409631426,1877343.1273704297,10
-1290789.228246615,1877343.1273704297,10
-1290325.9155300877,1877343.1273704297,16
-1289862.60281356,1877343.1273704297,16
-1289399.2900970327,1877343.1273704297,16
-1288935.977380505,1877343.1273704297,16
-1288472.6646639777,1877343.1273704297,16
-1288009.35194745,1877343.1273704297,10
-1287546.0392309227,1877343.1273704297,10
-1287082.726514395,1877343.1273704297,10
-1286619.4137978677,1877343.1273704297,10
-1286156.10108134,1877343.1273704297,10
-1285692.7883648127,1877343.1273704297,10
-1285229.4756482851,1877343.1273704297,10
-1284766.1629317575,1877343.1273704297,10
-1284302.8502152301,1877343.1273704297,10
-1283839.5374987025,1877343.1273704297,10
-1283376.2247821752,1877343.1273704297,16
-1282912.9120656475,1877343.1273704297,16
-1282449.5993491202,1877343.1273704297,16
-1281986.2866325926,1877343.1273704297,16
-1281522.9739160652,1877343.1273704297,10
-1281059.6611995376,1877343.1273704297,10
-1280596.3484830102,1877343.1273704297,10
-1280133.0357664826,1877343.1273704297,10
-1279669.7230499552,1877343.1273704297,10
-1279206.4103334276,1877343.1273704297,10
-1278743.0976169002,1877343.1273704297,10
-1278279.7849003726,1877343.1273704297,10
-1277816.472183845,1877343.1273704297,10
-1277353.1594673176,1877343.1273704297,10
-1276889.84675079,1877343.1273704297,10
-1276426.5340342626,1877343.1273704297,10
-1275963.221317735,1877343.1273704297,10
-1275499.9086012077,1877343.1273704297,10
-1275036.59588468,1877343.1273704297,10
-1274573.2831681527,1877343.1273704297,10
-1274109.970451625,1877343.1273704297,10
-1273646.6577350977,1877343.1273704297,10
-1273183.34501857,1877343.1273704297,10
-1272720.0323020427,1877343.1273704297,10
-1272256.719585515,1877343.1273704297,10
-1271793.4068689877,1877343.1273704297,10
-1271330.09415246,1877343.1273704297,10
-1270866.7814359325,1877343.1273704297,10
-1270403.4687194051,1877343.1273704297,10
-1269940.1560028775,1877343.1273704297,10
-1269476.8432863501,1877343.1273704297,10
-1269013.5305698225,1877343.1273704297,10
-1268550.2178532952,1877343.1273704297,10
-1268086.9051367675,1877343.1273704297,10
-1267623.5924202402,1877343.1273704297,10
-1267160.2797037126,1877343.1273704297,10
-1266696.9669871852,1877343.1273704297,10
-1266233.6542706576,1877343.1273704297,10
-1265770.3415541302,1877343.1273704297,10
-1265307.0288376026,1877343.1273704297,10
-1264843.7161210752,1877343.1273704297,10
-1264380.4034045476,1877343.1273704297,10
-1263917.09068802,1877343.1273704297,10
-1263453.7779714926,1877343.1273704297,10
-1262990.465254965,1877343.1273704297,10
-1262527.1525384376,1877343.1273704297,10
-1262063.83982191,1877343.1273704297,10
-1261600.5271053826,1877343.1273704297,10
-1261137.214388855,1877343.1273704297,10
-1260673.9016723277,1877343.1273704297,10
-1260210.5889558,1877343.1273704297,10
-1259747.2762392727,1877343.1273704297,10
-1259283.963522745,1877343.1273704297,10
-1258820.6508062177,1877343.1273704297,10
-1258357.33808969,1877343.1273704297,10
-1257894.0253731627,1877343.1273704297,10
-1257430.712656635,1877343.1273704297,10
-1256967.3999401077,1877343.1273704297,10
-1256504.08722358,1877343.1273704297,10
-1256040.7745070527,1877343.1273704297,10
-1255577.4617905251,1877343.1273704297,10
-1255114.1490739975,1877343.1273704297,10
-1254650.8363574701,1877343.1273704297,10
-1254187.5236409425,1877343.1273704297,10
-1253724.2109244152,1877343.1273704297,10
-1253260.8982078875,1877343.1273704297,10
-1252797.5854913602,1877343.1273704297,10
-1252334.2727748326,1877343.1273704297,10
-1251870.9600583052,1877343.1273704297,10
-1251407.6473417776,1877343.1273704297,10
-1250944.3346252502,1877343.1273704297,10
-1250481.0219087226,1877343.1273704297,10
-1250017.7091921952,1877343.1273704297,10
-1249554.3964756676,1877343.1273704297,10
-1249091.0837591402,1877343.1273704297,10
-1248627.7710426126,1877343.1273704297,10
-1248164.458326085,1877343.1273704297,10
-1247701.1456095576,1877343.1273704297,10
-1247237.83289303,1877343.1273704297,10
-1246774.5201765026,1877343.1273704297,10
-1246311.207459975,1877343.1273704297,10
-1245847.8947434477,1877343.1273704297,10
-1245384.58202692,1877343.1273704297,10
-1244921.2693103927,1877343.1273704297,10
-1244457.956593865,1877343.1273704297,10
-1243994.6438773377,1877343.1273704297,10
-1243531.33116081,1877343.1273704297,10
-1243068.0184442827,1877343.1273704297,10
-1242604.705727755,1877343.1273704297,10
-1242141.3930112277,1877343.1273704297,10
-1241678.0802947,1877343.1273704297,10
-1241214.7675781725,1877343.1273704297,10
-1240751.4548616451,1877343.1273704297,10
-1240288.1421451175,1877343.1273704297,10
-1239824.8294285901,1877343.1273704297,16
-1239361.5167120625,1877343.1273704297,16
-1238898.2039955352,1877343.1273704297,10
-1238434.8912790075,1877343.1273704297,10
-1237971.5785624802,1877343.1273704297,10
-1237508.2658459526,1877343.1273704297,10
-1237044.9531294252,1877343.1273704297,10
-1236581.6404128976,1877343.1273704297,10
-1236118.3276963702,1877343.1273704297,10
-1235655.0149798426,1877343.1273704297,10
-1235191.7022633152,1877343.1273704297,10
-1234728.3895467876,1877343.1273704297,10
-1234265.07683026,1877343.1273704297,10
-1233801.7641137326,1877343.1273704297,10
-1233338.4513972052,1877343.1273704297,10
-1232875.1386806776,1877343.1273704297,10
-1232411.82596415,1877343.1273704297,10
-1231948.5132476226,1877343.1273704297,10
-1231485.200531095,1877343.1273704297,10
-1231021.8878145677,1877343.1273704297,10
-1230558.57509804,1877343.1273704297,10
-1230095.2623815127,1877343.1273704297,10
-1229631.949664985,1877343.1273704297,10
-1229168.6369484577,1877343.1273704297,10
-1228705.32423193,1877343.1273704297,10
-1228242.0115154027,1877343.1273704297,10
-1227778.698798875,1877343.1273704297,10
-1227315.3860823475,1877343.1273704297,10
-1226852.07336582,1877343.1273704297,10
-1226388.7606492927,1877343.1273704297,10
-1225925.4479327651,1877343.1273704297,10
-1225462.1352162375,1877343.1273704297,10
-1224998.8224997101,1877343.1273704297,10
-1224535.5097831825,1877343.1273704297,10
-1224072.1970666551,1877343.1273704297,10
-1223608.8843501275,1877343.1273704297,10
-1223145.5716336002,1877343.1273704297,10
-1222682.2589170726,1877343.1273704297,10
-1222218.9462005452,1877343.1273704297,10
-1221755.6334840176,1877343.1273704297,10
-1221292.3207674902,1877343.1273704297,10
-1220829.0080509626,1877343.1273704297,10
-1220365.6953344352,1877343.1273704297,10
-1219902.3826179076,1877343.1273704297,10
-1219439.0699013802,1877343.1273704297,10
-1218975.7571848526,1877343.1273704297,10
-1218512.444468325,1877343.1273704297,10
-1218049.1317517976,1877343.1273704297,10
-1217585.81903527,1877343.1273704297,10
-1217122.5063187426,1877343.1273704297,10
-1216659.193602215,1877343.1273704297,10
-1216195.8808856877,1877343.1273704297,10
-1215732.56816916,1877343.1273704297,10
-1215269.2554526327,1877343.1273704297,10
-1214805.942736105,1877343.1273704297,10
-1214342.6300195777,1877343.1273704297,10
-1213879.31730305,1877343.1273704297,10
-1213416.0045865227,1877343.1273704297,10
-1212952.691869995,1877343.1273704297,10
-1212489.3791534677,1877343.1273704297,10
-1212026.06643694,1877343.1273704297,10
-1211562.7537204125,1877343.1273704297,10
-1211099.4410038851,1877343.1273704297,10
-1210636.1282873575,1877343.1273704297,10
-1210172.8155708301,1877343.1273704297,10
-1209709.5028543025,1877343.1273704297,10
-1209246.1901377751,1877343.1273704297,10
-1208782.8774212475,1877343.1273704297,10
-1208319.5647047202,1877343.1273704297,10
-1207856.2519881926,1877343.1273704297,10
-1207392.9392716652,1877343.1273704297,10
-1206929.6265551376,1877343.1273704297,10
-1206466.3138386102,1877343.1273704297,10
-1206003.0011220826,1877343.1273704297,10
-1205539.6884055552,1877343.1273704297,10
-1205076.3756890276,1877343.1273704297,10
-1204613.0629725,1877343.1273704297,10
-1204149.7502559726,1877343.1273704297,10
-1203686.4375394452,1877343.1273704297,10
-1203223.1248229176,1877343.1273704297,10
-1202759.81210639,1877343.1273704297,16
-1202296.4993898626,1877343.1273704297,16
-1201833.186673335,1877343.1273704297,16
-1201369.8739568077,1877343.1273704297,16
-1200906.56124028,1877343.1273704297,10
-1200443.2485237527,1877343.1273704297,10
-1199979.935807225,1877343.1273704297,10
-1199516.6230906977,1877343.1273704297,10
-1199053.31037417,1877343.1273704297,10
-1198589.9976576427,1877343.1273704297,10
-1198126.684941115,1877343.1273704297,10
-1197663.3722245875,1877343.1273704297,10
-1197200.05950806,1877343.1273704297,10
-1196736.7467915327,1877343.1273704297,10
-1196273.4340750051,1877343.1273704297,10
-1195810.1213584775,1877343.1273704297,10
-1195346.8086419501,1877343.1273704297,10
-1194883.4959254225,1877343.1273704297,10
-1194420.1832088951,1877343.1273704297,10
-1193956.8704923675,1877343.1273704297,10
-1193493.5577758402,1877343.1273704297,10
-1193030.2450593126,1877343.1273704297,10
-1192566.9323427852,1877343.1273704297,10
-1192103.6196262576,1877343.1273704297,10
-1191640.3069097302,1877343.1273704297,10
-1191176.9941932026,1877343.1273704297,10
-1190713.6814766752,1877343.1273704297,10
-1190250.3687601476,1877343.1273704297,10
-1189787.0560436202,1877343.1273704297,10
-1189323.7433270926,1877343.1273704297,10
-1188860.430610565,1877343.1273704297,10
-1188397.1178940376,1877343.1273704297,10
-1187933.80517751,1877343.1273704297,10
-1187470.4924609826,1877343.1273704297,10
-1187007.179744455,1877343.1273704297,10
-1186543.8670279277,1877343.1273704297,10
-1186080.5543114,1877343.1273704297,10
-1185617.2415948727,1877343.1273704297,10
-1185153.928878345,1877343.1273704297,10
-1184690.6161618177,1877343.1273704297,10
-1184227.30344529,1877343.1273704297,10
-1183763.9907287627,1877343.1273704297,10
-1183300.678012235,1877343.1273704297,10
-1182837.3652957077,1877343.1273704297,10
-1182374.05257918,1877343.1273704297,10
-1181910.7398626525,1877343.1273704297,10
-1181447.4271461251,1877343.1273704297,10
-1180984.1144295975,1877343.1273704297,10
-1180520.8017130701,1877343.1273704297,10
-1180057.4889965425,1877343.1273704297,10
-1179594.1762800151,1877343.1273704297,10
-1179130.8635634875,1877343.1273704297,10
-1178667.5508469602,1877343.1273704297,10
-1178204.2381304326,1877343.1273704297,10
-1177740.9254139052,1877343.1273704297,10
-1177277.6126973776,1877343.1273704297,10
-1176814.2999808502,1877343.1273704297,10
-1176350.9872643226,1877343.1273704297,10
-1175887.6745477952,1877343.1273704297,10
-1175424.3618312676,1877343.1273704297,10
-1174961.04911474,1877343.1273704297,10
-1174497.7363982126,1877343.1273704297,10
-1174034.4236816852,1877343.1273704297,10
-1173571.1109651576,1877343.1273704297,10
-1173107.79824863,1877343.1273704297,10
-1172644.4855321026,1877343.1273704297,10
-1172181.172815575,1877343.1273704297,10
-1171717.8600990477,1877343.1273704297,10
-1171254.54738252,1877343.1273704297,10
-1170791.2346659927,1877343.1273704297,10
-1170327.921949465,1877343.1273704297,10
-1169864.6092329377,1877343.1273704297,10
-1169401.29651641,1877343.1273704297,10
-1363066.012024905,1876879.8146539023,10
-1362602.6993083777,1876879.8146539023,10
-1362139.38659185,1876879.8146539023,16
-1361676.0738753227,1876879.8146539023,16
-1361212.761158795,1876879.8146539023,16
-1360749.4484422677,1876879.8146539023,16
-1360286.13572574,1876879.8146539023,16
-1359822.8230092125,1876879.8146539023,16
-1359359.5102926851,1876879.8146539023,16
-1358896.1975761575,1876879.8146539023,16
-1358432.8848596301,1876879.8146539023,16
-1357969.5721431025,1876879.8146539023,16
-1357506.2594265752,1876879.8146539023,16
-1357042.9467100475,1876879.8146539023,16
-1356579.6339935202,1876879.8146539023,16
-1356116.3212769926,1876879.8146539023,16
-1355653.0085604652,1876879.8146539023,16
-1355189.6958439376,1876879.8146539023,16
-1354726.3831274102,1876879.8146539023,16
-1354263.0704108826,1876879.8146539023,16
-1353799.7576943552,1876879.8146539023,16
-1353336.4449778276,1876879.8146539023,16
-1352873.1322613002,1876879.8146539023,16
-1352409.8195447726,1876879.8146539023,7
-1351946.506828245,1876879.8146539023,7
-1351483.1941117176,1876879.8146539023,7
-1351019.88139519,1876879.8146539023,10
-1350556.5686786626,1876879.8146539023,10
-1350093.255962135,1876879.8146539023,16
-1349629.9432456077,1876879.8146539023,16
-1349166.63052908,1876879.8146539023,16
-1348703.3178125527,1876879.8146539023,16
-1348240.005096025,1876879.8146539023,16
-1347776.6923794977,1876879.8146539023,16
-1347313.37966297,1876879.8146539023,16
-1346850.0669464427,1876879.8146539023,16
-1346386.754229915,1876879.8146539023,16
-1345923.4415133877,1876879.8146539023,16
-1345460.12879686,1876879.8146539023,16
-1344996.8160803327,1876879.8146539023,16
-1344533.5033638051,1876879.8146539023,10
-1344070.1906472775,1876879.8146539023,10
-1343606.8779307501,1876879.8146539023,16
-1343143.5652142225,1876879.8146539023,16
-1342680.2524976952,1876879.8146539023,16
-1342216.9397811675,1876879.8146539023,16
-1341753.6270646402,1876879.8146539023,16
-1341290.3143481126,1876879.8146539023,16
-1340827.0016315852,1876879.8146539023,16
-1340363.6889150576,1876879.8146539023,16
-1339900.3761985302,1876879.8146539023,16
-1339437.0634820026,1876879.8146539023,16
-1338973.7507654752,1876879.8146539023,16
-1338510.4380489476,1876879.8146539023,16
-1338047.1253324202,1876879.8146539023,16
-1337583.8126158926,1876879.8146539023,16
-1337120.499899365,1876879.8146539023,16
-1336657.1871828376,1876879.8146539023,16
-1336193.87446631,1876879.8146539023,16
-1335730.5617497826,1876879.8146539023,16
-1335267.249033255,1876879.8146539023,16
-1334803.9363167277,1876879.8146539023,16
-1334340.6236002,1876879.8146539023,16
-1333877.3108836727,1876879.8146539023,16
-1333413.998167145,1876879.8146539023,16
-1332950.6854506177,1876879.8146539023,16
-1332487.37273409,1876879.8146539023,16
-1332024.0600175627,1876879.8146539023,16
-1331560.747301035,1876879.8146539023,16
-1331097.4345845077,1876879.8146539023,16
-1330634.12186798,1876879.8146539023,16
-1330170.8091514525,1876879.8146539023,16
-1329707.4964349251,1876879.8146539023,16
-1329244.1837183975,1876879.8146539023,16
-1328780.8710018701,1876879.8146539023,16
-1328317.5582853425,1876879.8146539023,16
-1327854.2455688152,1876879.8146539023,16
-1327390.9328522875,1876879.8146539023,16
-1326927.6201357602,1876879.8146539023,16
-1326464.3074192326,1876879.8146539023,16
-1326000.9947027052,1876879.8146539023,16
-1325537.6819861776,1876879.8146539023,16
-1325074.3692696502,1876879.8146539023,16
-1324611.0565531226,1876879.8146539023,16
-1324147.7438365952,1876879.8146539023,16
-1323684.4311200676,1876879.8146539023,16
-1323221.11840354,1876879.8146539023,16
-1322757.8056870126,1876879.8146539023,16
-1322294.492970485,1876879.8146539023,16
-1321831.1802539576,1876879.8146539023,16
-1321367.86753743,1876879.8146539023,16
-1320904.5548209026,1876879.8146539023,16
-1320441.242104375,1876879.8146539023,16
-1319977.9293878477,1876879.8146539023,16
-1319514.61667132,1876879.8146539023,16
-1319051.3039547927,1876879.8146539023,16
-1318587.991238265,1876879.8146539023,16
-1318124.6785217377,1876879.8146539023,16
-1317661.36580521,1876879.8146539023,10
-1317198.0530886827,1876879.8146539023,10
-1316734.740372155,1876879.8146539023,10
-1316271.4276556277,1876879.8146539023,10
-1315808.1149391,1876879.8146539023,16
-1315344.8022225727,1876879.8146539023,16
-1314881.4895060451,1876879.8146539023,16
-1314418.1767895175,1876879.8146539023,16
-1313954.8640729901,1876879.8146539023,16
-1313491.5513564625,1876879.8146539023,16
-1313028.2386399352,1876879.8146539023,16
-1312564.9259234075,1876879.8146539023,16
-1312101.6132068802,1876879.8146539023,16
-1311638.3004903526,1876879.8146539023,16
-1311174.9877738252,1876879.8146539023,10
-1310711.6750572976,1876879.8146539023,16
-1310248.3623407702,1876879.8146539023,16
-1309785.0496242426,1876879.8146539023,16
-1309321.7369077152,1876879.8146539023,16
-1308858.4241911876,1876879.8146539023,16
-1308395.1114746602,1876879.8146539023,16
-1307931.7987581326,1876879.8146539023,16
-1307468.486041605,1876879.8146539023,16
-1307005.1733250776,1876879.8146539023,16
-1306541.86060855,1876879.8146539023,16
-1306078.5478920226,1876879.8146539023,16
-1305615.235175495,1876879.8146539023,16
-1305151.9224589677,1876879.8146539023,16
-1304688.60974244,1876879.8146539023,16
-1304225.2970259127,1876879.8146539023,16
-1303761.984309385,1876879.8146539023,16
-1303298.6715928577,1876879.8146539023,16
-1302835.35887633,1876879.8146539023,16
-1302372.0461598027,1876879.8146539023,16
-1301908.733443275,1876879.8146539023,16
-1301445.4207267477,1876879.8146539023,16
-1300982.10801022,1876879.8146539023,16
-1300518.7952936925,1876879.8146539023,10
-1300055.4825771651,1876879.8146539023,10
-1299592.1698606375,1876879.8146539023,10
-1299128.8571441101,1876879.8146539023,10
-1298665.5444275825,1876879.8146539023,10
-1298202.2317110552,1876879.8146539023,10
-1297738.9189945275,1876879.8146539023,10
-1297275.6062780002,1876879.8146539023,10
-1296812.2935614726,1876879.8146539023,10
-1296348.9808449452,1876879.8146539023,10
-1295885.6681284176,1876879.8146539023,10
-1295422.3554118902,1876879.8146539023,10
-1294959.0426953626,1876879.8146539023,16
-1294495.7299788352,1876879.8146539023,16
-1294032.4172623076,1876879.8146539023,16
-1293569.10454578,1876879.8146539023,10
-1293105.7918292526,1876879.8146539023,16
-1292642.479112725,1876879.8146539023,10
-1292179.1663961976,1876879.8146539023,10
-1291715.85367967,1876879.8146539023,16
-1291252.5409631426,1876879.8146539023,16
-1290789.228246615,1876879.8146539023,16
-1290325.9155300877,1876879.8146539023,16
-1289862.60281356,1876879.8146539023,16
-1289399.2900970327,1876879.8146539023,16
-1288935.977380505,1876879.8146539023,10
-1288472.6646639777,1876879.8146539023,10
-1288009.35194745,1876879.8146539023,10
-1287546.0392309227,1876879.8146539023,10
-1287082.726514395,1876879.8146539023,10
-1286619.4137978677,1876879.8146539023,10
-1286156.10108134,1876879.8146539023,10
-1285692.7883648127,1876879.8146539023,10
-1285229.4756482851,1876879.8146539023,10
-1284766.1629317575,1876879.8146539023,10
-1284302.8502152301,1876879.8146539023,10
-1283839.5374987025,1876879.8146539023,10
-1283376.2247821752,1876879.8146539023,10
-1282912.9120656475,1876879.8146539023,10
-1282449.5993491202,1876879.8146539023,16
-1281986.2866325926,1876879.8146539023,16
-1281522.9739160652,1876879.8146539023,10
-1281059.6611995376,1876879.8146539023,10
-1280596.3484830102,1876879.8146539023,10
-1280133.0357664826,1876879.8146539023,10
-1279669.7230499552,1876879.8146539023,10
-1279206.4103334276,1876879.8146539023,10
-1278743.0976169002,1876879.8146539023,10
-1278279.7849003726,1876879.8146539023,10
-1277816.472183845,1876879.8146539023,10
-1277353.1594673176,1876879.8146539023,10
-1276889.84675079,1876879.8146539023,10
-1276426.5340342626,1876879.8146539023,10
-1275963.221317735,1876879.8146539023,10
-1275499.9086012077,1876879.8146539023,10
-1275036.59588468,1876879.8146539023,10
-1274573.2831681527,1876879.8146539023,10
-1274109.970451625,1876879.8146539023,10
-1273646.6577350977,1876879.8146539023,10
-1273183.34501857,1876879.8146539023,10
-1272720.0323020427,1876879.8146539023,10
-1272256.719585515,1876879.8146539023,10
-1271793.4068689877,1876879.8146539023,10
-1271330.09415246,1876879.8146539023,10
-1270866.7814359325,1876879.8146539023,10
-1270403.4687194051,1876879.8146539023,10
-1269940.1560028775,1876879.8146539023,10
-1269476.8432863501,1876879.8146539023,10
-1269013.5305698225,1876879.8146539023,10
-1268550.2178532952,1876879.8146539023,10
-1268086.9051367675,1876879.8146539023,10
-1267623.5924202402,1876879.8146539023,10
-1267160.2797037126,1876879.8146539023,10
-1266696.9669871852,1876879.8146539023,10
-1266233.6542706576,1876879.8146539023,10
-1265770.3415541302,1876879.8146539023,10
-1265307.0288376026,1876879.8146539023,10
-1264843.7161210752,1876879.8146539023,10
-1264380.4034045476,1876879.8146539023,10
-1263917.09068802,1876879.8146539023,10
-1263453.7779714926,1876879.8146539023,10
-1262990.465254965,1876879.8146539023,10
-1262527.1525384376,1876879.8146539023,10
-1262063.83982191,1876879.8146539023,10
-1261600.5271053826,1876879.8146539023,10
-1261137.214388855,1876879.8146539023,10
-1260673.9016723277,1876879.8146539023,10
-1260210.5889558,1876879.8146539023,10
-1259747.2762392727,1876879.8146539023,10
-1259283.963522745,1876879.8146539023,10
-1258820.6508062177,1876879.8146539023,10
-1258357.33808969,1876879.8146539023,10
-1257894.0253731627,1876879.8146539023,10
-1257430.712656635,1876879.8146539023,10
-1256967.3999401077,1876879.8146539023,10
-1256504.08722358,1876879.8146539023,10
-1256040.7745070527,1876879.8146539023,10
-1255577.4617905251,1876879.8146539023,10
-1255114.1490739975,1876879.8146539023,10
-1254650.8363574701,1876879.8146539023,10
-1254187.5236409425,1876879.8146539023,10
-1253724.2109244152,1876879.8146539023,10
-1253260.8982078875,1876879.8146539023,10
-1252797.5854913602,1876879.8146539023,10
-1252334.2727748326,1876879.8146539023,10
-1251870.9600583052,1876879.8146539023,10
-1251407.6473417776,1876879.8146539023,10
-1250944.3346252502,1876879.8146539023,10
-1250481.0219087226,1876879.8146539023,10
-1250017.7091921952,1876879.8146539023,10
-1249554.3964756676,1876879.8146539023,10
-1249091.0837591402,1876879.8146539023,10
-1248627.7710426126,1876879.8146539023,10
-1248164.458326085,1876879.8146539023,10
-1247701.1456095576,1876879.8146539023,10
-1247237.83289303,1876879.8146539023,10
-1246774.5201765026,1876879.8146539023,10
-1246311.207459975,1876879.8146539023,10
-1245847.8947434477,1876879.8146539023,10
-1245384.58202692,1876879.8146539023,10
-1244921.2693103927,1876879.8146539023,10
-1244457.956593865,1876879.8146539023,10
-1243994.6438773377,1876879.8146539023,10
-1243531.33116081,1876879.8146539023,10
-1243068.0184442827,1876879.8146539023,10
-1242604.705727755,1876879.8146539023,10
-1242141.3930112277,1876879.8146539023,10
-1241678.0802947,1876879.8146539023,10
-1241214.7675781725,1876879.8146539023,10
-1240751.4548616451,1876879.8146539023,10
-1240288.1421451175,1876879.8146539023,10
-1239824.8294285901,1876879.8146539023,16
-1239361.5167120625,1876879.8146539023,16
-1238898.2039955352,1876879.8146539023,16
-1238434.8912790075,1876879.8146539023,10
-1237971.5785624802,1876879.8146539023,10
-1237508.2658459526,1876879.8146539023,10
-1237044.9531294252,1876879.8146539023,10
-1236581.6404128976,1876879.8146539023,10
-1236118.3276963702,1876879.8146539023,10
-1235655.0149798426,1876879.8146539023,10
-1235191.7022633152,1876879.8146539023,10
-1234728.3895467876,1876879.8146539023,10
-1234265.07683026,1876879.8146539023,10
-1233801.7641137326,1876879.8146539023,10
-1233338.4513972052,1876879.8146539023,10
-1232875.1386806776,1876879.8146539023,10
-1232411.82596415,1876879.8146539023,10
-1231948.5132476226,1876879.8146539023,10
-1231485.200531095,1876879.8146539023,10
-1231021.8878145677,1876879.8146539023,10
-1230558.57509804,1876879.8146539023,10
-1230095.2623815127,1876879.8146539023,10
-1229631.949664985,1876879.8146539023,10
-1229168.6369484577,1876879.8146539023,10
-1228705.32423193,1876879.8146539023,10
-1228242.0115154027,1876879.8146539023,10
-1227778.698798875,1876879.8146539023,10
-1227315.3860823475,1876879.8146539023,10
-1226852.07336582,1876879.8146539023,10
-1226388.7606492927,1876879.8146539023,10
-1225925.4479327651,1876879.8146539023,10
-1225462.1352162375,1876879.8146539023,10
-1224998.8224997101,1876879.8146539023,10
-1224535.5097831825,1876879.8146539023,10
-1224072.1970666551,1876879.8146539023,10
-1223608.8843501275,1876879.8146539023,10
-1223145.5716336002,1876879.8146539023,10
-1222682.2589170726,1876879.8146539023,10
-1222218.9462005452,1876879.8146539023,10
-1221755.6334840176,1876879.8146539023,10
-1221292.3207674902,1876879.8146539023,10
-1220829.0080509626,1876879.8146539023,10
-1220365.6953344352,1876879.8146539023,10
-1219902.3826179076,1876879.8146539023,10
-1219439.0699013802,1876879.8146539023,10
-1218975.7571848526,1876879.8146539023,10
-1218512.444468325,1876879.8146539023,10
-1218049.1317517976,1876879.8146539023,10
-1217585.81903527,1876879.8146539023,10
-1217122.5063187426,1876879.8146539023,10
-1216659.193602215,1876879.8146539023,10
-1216195.8808856877,1876879.8146539023,10
-1215732.56816916,1876879.8146539023,10
-1215269.2554526327,1876879.8146539023,10
-1214805.942736105,1876879.8146539023,10
-1214342.6300195777,1876879.8146539023,10
-1213879.31730305,1876879.8146539023,10
-1213416.0045865227,1876879.8146539023,10
-1212952.691869995,1876879.8146539023,10
-1212489.3791534677,1876879.8146539023,10
-1212026.06643694,1876879.8146539023,10
-1211562.7537204125,1876879.8146539023,10
-1211099.4410038851,1876879.8146539023,10
-1210636.1282873575,1876879.8146539023,10
-1210172.8155708301,1876879.8146539023,10
-1209709.5028543025,1876879.8146539023,10
-1209246.1901377751,1876879.8146539023,10
-1208782.8774212475,1876879.8146539023,10
-1208319.5647047202,1876879.8146539023,10
-1207856.2519881926,1876879.8146539023,10
-1207392.9392716652,1876879.8146539023,10
-1206929.6265551376,1876879.8146539023,10
-1206466.3138386102,1876879.8146539023,10
-1206003.0011220826,1876879.8146539023,10
-1205539.6884055552,1876879.8146539023,10
-1205076.3756890276,1876879.8146539023,10
-1204613.0629725,1876879.8146539023,10
-1204149.7502559726,1876879.8146539023,10
-1203686.4375394452,1876879.8146539023,10
-1203223.1248229176,1876879.8146539023,10
-1202759.81210639,1876879.8146539023,10
-1202296.4993898626,1876879.8146539023,10
-1201833.186673335,1876879.8146539023,10
-1201369.8739568077,1876879.8146539023,10
-1200906.56124028,1876879.8146539023,10
-1200443.2485237527,1876879.8146539023,10
-1199979.935807225,1876879.8146539023,10
-1199516.6230906977,1876879.8146539023,10
-1199053.31037417,1876879.8146539023,10
-1198589.9976576427,1876879.8146539023,10
-1198126.684941115,1876879.8146539023,10
-1197663.3722245875,1876879.8146539023,10
-1197200.05950806,1876879.8146539023,10
-1196736.7467915327,1876879.8146539023,10
-1196273.4340750051,1876879.8146539023,10
-1195810.1213584775,1876879.8146539023,10
-1195346.8086419501,1876879.8146539023,10
-1194883.4959254225,1876879.8146539023,10
-1194420.1832088951,1876879.8146539023,10
-1193956.8704923675,1876879.8146539023,10
-1193493.5577758402,1876879.8146539023,10
-1193030.2450593126,1876879.8146539023,10
-1192566.9323427852,1876879.8146539023,10
-1192103.6196262576,1876879.8146539023,10
-1191640.3069097302,1876879.8146539023,10
-1191176.9941932026,1876879.8146539023,10
-1190713.6814766752,1876879.8146539023,10
-1190250.3687601476,1876879.8146539023,10
-1189787.0560436202,1876879.8146539023,10
-1189323.7433270926,1876879.8146539023,10
-1188860.430610565,1876879.8146539023,10
-1188397.1178940376,1876879.8146539023,10
-1187933.80517751,1876879.8146539023,10
-1187470.4924609826,1876879.8146539023,10
-1187007.179744455,1876879.8146539023,10
-1186543.8670279277,1876879.8146539023,10
-1186080.5543114,1876879.8146539023,10
-1185617.2415948727,1876879.8146539023,10
-1185153.928878345,1876879.8146539023,10
-1184690.6161618177,1876879.8146539023,10
-1184227.30344529,1876879.8146539023,10
-1183763.9907287627,1876879.8146539023,10
-1183300.678012235,1876879.8146539023,10
-1182837.3652957077,1876879.8146539023,10
-1182374.05257918,1876879.8146539023,10
-1181910.7398626525,1876879.8146539023,10
-1181447.4271461251,1876879.8146539023,10
-1180984.1144295975,1876879.8146539023,10
-1180520.8017130701,1876879.8146539023,10
-1180057.4889965425,1876879.8146539023,10
-1179594.1762800151,1876879.8146539023,10
-1179130.8635634875,1876879.8146539023,10
-1178667.5508469602,1876879.8146539023,10
-1178204.2381304326,1876879.8146539023,10
-1177740.9254139052,1876879.8146539023,10
-1177277.6126973776,1876879.8146539023,10
-1176814.2999808502,1876879.8146539023,10
-1176350.9872643226,1876879.8146539023,10
-1175887.6745477952,1876879.8146539023,10
-1175424.3618312676,1876879.8146539023,10
-1174961.04911474,1876879.8146539023,10
-1174497.7363982126,1876879.8146539023,10
-1174034.4236816852,1876879.8146539023,10
-1173571.1109651576,1876879.8146539023,10
-1173107.79824863,1876879.8146539023,10
-1172644.4855321026,1876879.8146539023,10
-1172181.172815575,1876879.8146539023,10
-1171717.8600990477,1876879.8146539023,10
-1171254.54738252,1876879.8146539023,10
-1170791.2346659927,1876879.8146539023,10
-1170327.921949465,1876879.8146539023,10
-1169864.6092329377,1876879.8146539023,10
-1169401.29651641,1876879.8146539023,10
-1168937.9837998827,1876879.8146539023,10
-1363066.012024905,1876416.5019373747,10
-1362602.6993083777,1876416.5019373747,10
-1362139.38659185,1876416.5019373747,10
-1361676.0738753227,1876416.5019373747,16
-1361212.761158795,1876416.5019373747,16
-1360749.4484422677,1876416.5019373747,16
-1360286.13572574,1876416.5019373747,16
-1359822.8230092125,1876416.5019373747,16
-1359359.5102926851,1876416.5019373747,10
-1358896.1975761575,1876416.5019373747,16
-1358432.8848596301,1876416.5019373747,16
-1357969.5721431025,1876416.5019373747,16
-1357506.2594265752,1876416.5019373747,16
-1357042.9467100475,1876416.5019373747,16
-1356579.6339935202,1876416.5019373747,16
-1356116.3212769926,1876416.5019373747,16
-1355653.0085604652,1876416.5019373747,16
-1355189.6958439376,1876416.5019373747,16
-1354726.3831274102,1876416.5019373747,16
-1354263.0704108826,1876416.5019373747,16
-1353799.7576943552,1876416.5019373747,16
-1353336.4449778276,1876416.5019373747,16
-1352873.1322613002,1876416.5019373747,16
-1352409.8195447726,1876416.5019373747,16
-1351946.506828245,1876416.5019373747,7
-1351483.1941117176,1876416.5019373747,7
-1351019.88139519,1876416.5019373747,7
-1350556.5686786626,1876416.5019373747,10
-1350093.255962135,1876416.5019373747,16
-1349629.9432456077,1876416.5019373747,10
-1349166.63052908,1876416.5019373747,16
-1348703.3178125527,1876416.5019373747,16
-1348240.005096025,1876416.5019373747,16
-1347776.6923794977,1876416.5019373747,16
-1347313.37966297,1876416.5019373747,16
-1346850.0669464427,1876416.5019373747,16
-1346386.754229915,1876416.5019373747,16
-1345923.4415133877,1876416.5019373747,16
-1345460.12879686,1876416.5019373747,16
-1344996.8160803327,1876416.5019373747,16
-1344533.5033638051,1876416.5019373747,10
-1344070.1906472775,1876416.5019373747,10
-1343606.8779307501,1876416.5019373747,16
-1343143.5652142225,1876416.5019373747,16
-1342680.2524976952,1876416.5019373747,16
-1342216.9397811675,1876416.5019373747,16
-1341753.6270646402,1876416.5019373747,16
-1341290.3143481126,1876416.5019373747,16
-1340827.0016315852,1876416.5019373747,16
-1340363.6889150576,1876416.5019373747,16
-1339900.3761985302,1876416.5019373747,16
-1339437.0634820026,1876416.5019373747,16
-1338973.7507654752,1876416.5019373747,16
-1338510.4380489476,1876416.5019373747,16
-1338047.1253324202,1876416.5019373747,16
-1337583.8126158926,1876416.5019373747,16
-1337120.499899365,1876416.5019373747,16
-1336657.1871828376,1876416.5019373747,16
-1336193.87446631,1876416.5019373747,16
-1335730.5617497826,1876416.5019373747,16
-1335267.249033255,1876416.5019373747,16
-1334803.9363167277,1876416.5019373747,16
-1334340.6236002,1876416.5019373747,16
-1333877.3108836727,1876416.5019373747,16
-1333413.998167145,1876416.5019373747,16
-1332950.6854506177,1876416.5019373747,16
-1332487.37273409,1876416.5019373747,16
-1332024.0600175627,1876416.5019373747,16
-1331560.747301035,1876416.5019373747,16
-1331097.4345845077,1876416.5019373747,16
-1330634.12186798,1876416.5019373747,16
-1330170.8091514525,1876416.5019373747,16
-1329707.4964349251,1876416.5019373747,16
-1329244.1837183975,1876416.5019373747,16
-1328780.8710018701,1876416.5019373747,16
-1328317.5582853425,1876416.5019373747,16
-1327854.2455688152,1876416.5019373747,16
-1327390.9328522875,1876416.5019373747,16
-1326927.6201357602,1876416.5019373747,16
-1326464.3074192326,1876416.5019373747,16
-1326000.9947027052,1876416.5019373747,16
-1325537.6819861776,1876416.5019373747,16
-1325074.3692696502,1876416.5019373747,16
-1324611.0565531226,1876416.5019373747,16
-1324147.7438365952,1876416.5019373747,16
-1323684.4311200676,1876416.5019373747,16
-1323221.11840354,1876416.5019373747,16
-1322757.8056870126,1876416.5019373747,16
-1322294.492970485,1876416.5019373747,16
-1321831.1802539576,1876416.5019373747,16
-1321367.86753743,1876416.5019373747,16
-1320904.5548209026,1876416.5019373747,16
-1320441.242104375,1876416.5019373747,16
-1319977.9293878477,1876416.5019373747,16
-1319514.61667132,1876416.5019373747,16
-1319051.3039547927,1876416.5019373747,16
-1318587.991238265,1876416.5019373747,16
-1318124.6785217377,1876416.5019373747,16
-1317661.36580521,1876416.5019373747,16
-1317198.0530886827,1876416.5019373747,16
-1316734.740372155,1876416.5019373747,10
-1316271.4276556277,1876416.5019373747,10
-1315808.1149391,1876416.5019373747,10
-1315344.8022225727,1876416.5019373747,16
-1314881.4895060451,1876416.5019373747,16
-1314418.1767895175,1876416.5019373747,16
-1313954.8640729901,1876416.5019373747,16
-1313491.5513564625,1876416.5019373747,16
-1313028.2386399352,1876416.5019373747,16
-1312564.9259234075,1876416.5019373747,16
-1312101.6132068802,1876416.5019373747,16
-1311638.3004903526,1876416.5019373747,16
-1311174.9877738252,1876416.5019373747,16
-1310711.6750572976,1876416.5019373747,10
-1310248.3623407702,1876416.5019373747,16
-1309785.0496242426,1876416.5019373747,16
-1309321.7369077152,1876416.5019373747,16
-1308858.4241911876,1876416.5019373747,16
-1308395.1114746602,1876416.5019373747,16
-1307931.7987581326,1876416.5019373747,16
-1307468.486041605,1876416.5019373747,16
-1307005.1733250776,1876416.5019373747,16
-1306541.86060855,1876416.5019373747,16
-1306078.5478920226,1876416.5019373747,16
-1305615.235175495,1876416.5019373747,16
-1305151.9224589677,1876416.5019373747,16
-1304688.60974244,1876416.5019373747,16
-1304225.2970259127,1876416.5019373747,16
-1303761.984309385,1876416.5019373747,16
-1303298.6715928577,1876416.5019373747,16
-1302835.35887633,1876416.5019373747,16
-1302372.0461598027,1876416.5019373747,16
-1301908.733443275,1876416.5019373747,16
-1301445.4207267477,1876416.5019373747,10
-1300982.10801022,1876416.5019373747,10
-1300518.7952936925,1876416.5019373747,10
-1300055.4825771651,1876416.5019373747,10
-1299592.1698606375,1876416.5019373747,10
-1299128.8571441101,1876416.5019373747,10
-1298665.5444275825,1876416.5019373747,10
-1298202.2317110552,1876416.5019373747,10
-1297738.9189945275,1876416.5019373747,10
-1297275.6062780002,1876416.5019373747,10
-1296812.2935614726,1876416.5019373747,10
-1296348.9808449452,1876416.5019373747,10
-1295885.6681284176,1876416.5019373747,10
-1295422.3554118902,1876416.5019373747,16
-1294959.0426953626,1876416.5019373747,16
-1294495.7299788352,1876416.5019373747,16
-1294032.4172623076,1876416.5019373747,10
-1293569.10454578,1876416.5019373747,10
-1293105.7918292526,1876416.5019373747,10
-1292642.479112725,1876416.5019373747,16
-1292179.1663961976,1876416.5019373747,16
-1291715.85367967,1876416.5019373747,16
-1291252.5409631426,1876416.5019373747,16
-1290789.228246615,1876416.5019373747,16
-1290325.9155300877,1876416.5019373747,10
-1289862.60281356,1876416.5019373747,10
-1289399.2900970327,1876416.5019373747,10
-1288935.977380505,1876416.5019373747,10
-1288472.6646639777,1876416.5019373747,10
-1288009.35194745,1876416.5019373747,10
-1287546.0392309227,1876416.5019373747,10
-1287082.726514395,1876416.5019373747,10
-1286619.4137978677,1876416.5019373747,10
-1286156.10108134,1876416.5019373747,10
-1285692.7883648127,1876416.5019373747,10
-1285229.4756482851,1876416.5019373747,10
-1284766.1629317575,1876416.5019373747,10
-1284302.8502152301,1876416.5019373747,10
-1283839.5374987025,1876416.5019373747,10
-1283376.2247821752,1876416.5019373747,10
-1282912.9120656475,1876416.5019373747,10
-1282449.5993491202,1876416.5019373747,16
-1281986.2866325926,1876416.5019373747,16
-1281522.9739160652,1876416.5019373747,16
-1281059.6611995376,1876416.5019373747,16
-1280596.3484830102,1876416.5019373747,10
-1280133.0357664826,1876416.5019373747,10
-1279669.7230499552,1876416.5019373747,10
-1279206.4103334276,1876416.5019373747,16
-1278743.0976169002,1876416.5019373747,16
-1278279.7849003726,1876416.5019373747,16
-1277816.472183845,1876416.5019373747,10
-1277353.1594673176,1876416.5019373747,10
-1276889.84675079,1876416.5019373747,10
-1276426.5340342626,1876416.5019373747,10
-1275963.221317735,1876416.5019373747,10
-1275499.9086012077,1876416.5019373747,10
-1275036.59588468,1876416.5019373747,10
-1274573.2831681527,1876416.5019373747,10
-1274109.970451625,1876416.5019373747,10
-1273646.6577350977,1876416.5019373747,10
-1273183.34501857,1876416.5019373747,10
-1272720.0323020427,1876416.5019373747,10
-1272256.719585515,1876416.5019373747,10
-1271793.4068689877,1876416.5019373747,10
-1271330.09415246,1876416.5019373747,10
-1270866.7814359325,1876416.5019373747,10
-1270403.4687194051,1876416.5019373747,10
-1269940.1560028775,1876416.5019373747,10
-1269476.8432863501,1876416.5019373747,10
-1269013.5305698225,1876416.5019373747,10
-1268550.2178532952,1876416.5019373747,10
-1268086.9051367675,1876416.5019373747,10
-1267623.5924202402,1876416.5019373747,10
-1267160.2797037126,1876416.5019373747,10
-1266696.9669871852,1876416.5019373747,10
-1266233.6542706576,1876416.5019373747,10
-1265770.3415541302,1876416.5019373747,10
-1265307.0288376026,1876416.5019373747,10
-1264843.7161210752,1876416.5019373747,10
-1264380.4034045476,1876416.5019373747,10
-1263917.09068802,1876416.5019373747,10
-1263453.7779714926,1876416.5019373747,10
-1262990.465254965,1876416.5019373747,10
-1262527.1525384376,1876416.5019373747,10
-1262063.83982191,1876416.5019373747,10
-1261600.5271053826,1876416.5019373747,10
-1261137.214388855,1876416.5019373747,10
-1260673.9016723277,1876416.5019373747,10
-1260210.5889558,1876416.5019373747,10
-1259747.2762392727,1876416.5019373747,10
-1259283.963522745,1876416.5019373747,10
-1258820.6508062177,1876416.5019373747,10
-1258357.33808969,1876416.5019373747,10
-1257894.0253731627,1876416.5019373747,10
-1257430.712656635,1876416.5019373747,10
-1256967.3999401077,1876416.5019373747,10
-1256504.08722358,1876416.5019373747,10
-1256040.7745070527,1876416.5019373747,10
-1255577.4617905251,1876416.5019373747,10
-1255114.1490739975,1876416.5019373747,10
-1254650.8363574701,1876416.5019373747,10
-1254187.5236409425,1876416.5019373747,10
-1253724.2109244152,1876416.5019373747,10
-1253260.8982078875,1876416.5019373747,10
-1252797.5854913602,1876416.5019373747,10
-1252334.2727748326,1876416.5019373747,10
-1251870.9600583052,1876416.5019373747,10
-1251407.6473417776,1876416.5019373747,10
-1250944.3346252502,1876416.5019373747,10
-1250481.0219087226,1876416.5019373747,10
-1250017.7091921952,1876416.5019373747,10
-1249554.3964756676,1876416.5019373747,10
-1249091.0837591402,1876416.5019373747,10
-1248627.7710426126,1876416.5019373747,10
-1248164.458326085,1876416.5019373747,10
-1247701.1456095576,1876416.5019373747,10
-1247237.83289303,1876416.5019373747,10
-1246774.5201765026,1876416.5019373747,10
-1246311.207459975,1876416.5019373747,10
-1245847.8947434477,1876416.5019373747,10
-1245384.58202692,1876416.5019373747,10
-1244921.2693103927,1876416.5019373747,10
-1244457.956593865,1876416.5019373747,10
-1243994.6438773377,1876416.5019373747,10
-1243531.33116081,1876416.5019373747,10
-1243068.0184442827,1876416.5019373747,10
-1242604.705727755,1876416.5019373747,10
-1242141.3930112277,1876416.5019373747,10
-1241678.0802947,1876416.5019373747,10
-1241214.7675781725,1876416.5019373747,10
-1240751.4548616451,1876416.5019373747,10
-1240288.1421451175,1876416.5019373747,10
-1239824.8294285901,1876416.5019373747,16
-1239361.5167120625,1876416.5019373747,16
-1238898.2039955352,1876416.5019373747,16
-1238434.8912790075,1876416.5019373747,10
-1237971.5785624802,1876416.5019373747,10
-1237508.2658459526,1876416.5019373747,10
-1237044.9531294252,1876416.5019373747,10
-1236581.6404128976,1876416.5019373747,10
-1236118.3276963702,1876416.5019373747,10
-1235655.0149798426,1876416.5019373747,10
-1235191.7022633152,1876416.5019373747,10
-1234728.3895467876,1876416.5019373747,10
-1234265.07683026,1876416.5019373747,10
-1233801.7641137326,1876416.5019373747,10
-1233338.4513972052,1876416.5019373747,10
-1232875.1386806776,1876416.5019373747,10
-1232411.82596415,1876416.5019373747,10
-1231948.5132476226,1876416.5019373747,10
-1231485.200531095,1876416.5019373747,10
-1231021.8878145677,1876416.5019373747,10
-1230558.57509804,1876416.5019373747,10
-1230095.2623815127,1876416.5019373747,10
-1229631.949664985,1876416.5019373747,10
-1229168.6369484577,1876416.5019373747,10
-1228705.32423193,1876416.5019373747,10
-1228242.0115154027,1876416.5019373747,10
-1227778.698798875,1876416.5019373747,10
-1227315.3860823475,1876416.5019373747,10
-1226852.07336582,1876416.5019373747,10
-1226388.7606492927,1876416.5019373747,10
-1225925.4479327651,1876416.5019373747,10
-1225462.1352162375,1876416.5019373747,10
-1224998.8224997101,1876416.5019373747,10
-1224535.5097831825,1876416.5019373747,10
-1224072.1970666551,1876416.5019373747,10
-1223608.8843501275,1876416.5019373747,10
-1223145.5716336002,1876416.5019373747,10
-1222682.2589170726,1876416.5019373747,10
-1222218.9462005452,1876416.5019373747,10
-1221755.6334840176,1876416.5019373747,10
-1221292.3207674902,1876416.5019373747,10
-1220829.0080509626,1876416.5019373747,10
-1220365.6953344352,1876416.5019373747,10
-1219902.3826179076,1876416.5019373747,10
-1219439.0699013802,1876416.5019373747,10
-1218975.7571848526,1876416.5019373747,10
-1218512.444468325,1876416.5019373747,10
-1218049.1317517976,1876416.5019373747,10
-1217585.81903527,1876416.5019373747,10
-1217122.5063187426,1876416.5019373747,10
-1216659.193602215,1876416.5019373747,10
-1216195.8808856877,1876416.5019373747,10
-1215732.56816916,1876416.5019373747,10
-1215269.2554526327,1876416.5019373747,10
-1214805.942736105,1876416.5019373747,10
-1214342.6300195777,1876416.5019373747,10
-1213879.31730305,1876416.5019373747,10
-1213416.0045865227,1876416.5019373747,10
-1212952.691869995,1876416.5019373747,10
-1212489.3791534677,1876416.5019373747,10
-1212026.06643694,1876416.5019373747,10
-1211562.7537204125,1876416.5019373747,10
-1211099.4410038851,1876416.5019373747,10
-1210636.1282873575,1876416.5019373747,10
-1210172.8155708301,1876416.5019373747,10
-1209709.5028543025,1876416.5019373747,10
-1209246.1901377751,1876416.5019373747,10
-1208782.8774212475,1876416.5019373747,10
-1208319.5647047202,1876416.5019373747,10
-1207856.2519881926,1876416.5019373747,10
-1207392.9392716652,1876416.5019373747,10
-1206929.6265551376,1876416.5019373747,10
-1206466.3138386102,1876416.5019373747,10
-1206003.0011220826,1876416.5019373747,10
-1205539.6884055552,1876416.5019373747,10
-1205076.3756890276,1876416.5019373747,10
-1204613.0629725,1876416.5019373747,10
-1204149.7502559726,1876416.5019373747,10
-1203686.4375394452,1876416.5019373747,10
-1203223.1248229176,1876416.5019373747,10
-1202759.81210639,1876416.5019373747,10
-1202296.4993898626,1876416.5019373747,10
-1201833.186673335,1876416.5019373747,10
-1201369.8739568077,1876416.5019373747,10
-1200906.56124028,1876416.5019373747,10
-1200443.2485237527,1876416.5019373747,10
-1199979.935807225,1876416.5019373747,10
-1199516.6230906977,1876416.5019373747,10
-1199053.31037417,1876416.5019373747,10
-1198589.9976576427,1876416.5019373747,10
-1198126.684941115,1876416.5019373747,10
-1197663.3722245875,1876416.5019373747,10
-1197200.05950806,1876416.5019373747,10
-1196736.7467915327,1876416.5019373747,10
-1196273.4340750051,1876416.5019373747,10
-1195810.1213584775,1876416.5019373747,10
-1195346.8086419501,1876416.5019373747,10
-1194883.4959254225,1876416.5019373747,10
-1194420.1832088951,1876416.5019373747,10
-1193956.8704923675,1876416.5019373747,10
-1193493.5577758402,1876416.5019373747,10
-1193030.2450593126,1876416.5019373747,10
-1192566.9323427852,1876416.5019373747,10
-1192103.6196262576,1876416.5019373747,10
-1191640.3069097302,1876416.5019373747,10
-1191176.9941932026,1876416.5019373747,10
-1190713.6814766752,1876416.5019373747,10
-1190250.3687601476,1876416.5019373747,10
-1189787.0560436202,1876416.5019373747,10
-1189323.7433270926,1876416.5019373747,10
-1188860.430610565,1876416.5019373747,10
-1188397.1178940376,1876416.5019373747,10
-1187933.80517751,1876416.5019373747,10
-1187470.4924609826,1876416.5019373747,10
-1187007.179744455,1876416.5019373747,10
-1186543.8670279277,1876416.5019373747,10
-1186080.5543114,1876416.5019373747,10
-1185617.2415948727,1876416.5019373747,10
-1185153.928878345,1876416.5019373747,10
-1184690.6161618177,1876416.5019373747,10
-1184227.30344529,1876416.5019373747,10
-1183763.9907287627,1876416.5019373747,10
-1183300.678012235,1876416.5019373747,10
-1182837.3652957077,1876416.5019373747,10
-1182374.05257918,1876416.5019373747,10
-1181910.7398626525,1876416.5019373747,10
-1181447.4271461251,1876416.5019373747,10
-1180984.1144295975,1876416.5019373747,10
-1180520.8017130701,1876416.5019373747,10
-1180057.4889965425,1876416.5019373747,10
-1179594.1762800151,1876416.5019373747,10
-1179130.8635634875,1876416.5019373747,10
-1178667.5508469602,1876416.5019373747,10
-1178204.2381304326,1876416.5019373747,10
-1177740.9254139052,1876416.5019373747,10
-1177277.6126973776,1876416.5019373747,10
-1176814.2999808502,1876416.5019373747,10
-1176350.9872643226,1876416.5019373747,10
-1175887.6745477952,1876416.5019373747,10
-1175424.3618312676,1876416.5019373747,10
-1174961.04911474,1876416.5019373747,10
-1174497.7363982126,1876416.5019373747,10
-1174034.4236816852,1876416.5019373747,10
-1173571.1109651576,1876416.5019373747,10
-1173107.79824863,1876416.5019373747,10
-1172644.4855321026,1876416.5019373747,10
-1172181.172815575,1876416.5019373747,7
-1171717.8600990477,1876416.5019373747,10
-1171254.54738252,1876416.5019373747,10
-1170791.2346659927,1876416.5019373747,10
-1170327.921949465,1876416.5019373747,10
-1169864.6092329377,1876416.5019373747,10
-1169401.29651641,1876416.5019373747,10
-1168937.9837998827,1876416.5019373747,10
-1363066.012024905,1875953.189220847,10
-1362602.6993083777,1875953.189220847,10
-1362139.38659185,1875953.189220847,10
-1361676.0738753227,1875953.189220847,10
-1361212.761158795,1875953.189220847,10
-1360749.4484422677,1875953.189220847,10
-1360286.13572574,1875953.189220847,10
-1359822.8230092125,1875953.189220847,10
-1359359.5102926851,1875953.189220847,10
-1358896.1975761575,1875953.189220847,16
-1358432.8848596301,1875953.189220847,16
-1357969.5721431025,1875953.189220847,16
-1357506.2594265752,1875953.189220847,16
-1357042.9467100475,1875953.189220847,16
-1356579.6339935202,1875953.189220847,16
-1356116.3212769926,1875953.189220847,16
-1355653.0085604652,1875953.189220847,16
-1355189.6958439376,1875953.189220847,16
-1354726.3831274102,1875953.189220847,16
-1354263.0704108826,1875953.189220847,16
-1353799.7576943552,1875953.189220847,16
-1353336.4449778276,1875953.189220847,16
-1352873.1322613002,1875953.189220847,16
-1352409.8195447726,1875953.189220847,16
-1351946.506828245,1875953.189220847,16
-1351483.1941117176,1875953.189220847,7
-1351019.88139519,1875953.189220847,7
-1350556.5686786626,1875953.189220847,10
-1350093.255962135,1875953.189220847,16
-1349629.9432456077,1875953.189220847,10
-1349166.63052908,1875953.189220847,10
-1348703.3178125527,1875953.189220847,16
-1348240.005096025,1875953.189220847,16
-1347776.6923794977,1875953.189220847,16
-1347313.37966297,1875953.189220847,16
-1346850.0669464427,1875953.189220847,16
-1346386.754229915,1875953.189220847,16
-1345923.4415133877,1875953.189220847,16
-1345460.12879686,1875953.189220847,16
-1344996.8160803327,1875953.189220847,16
-1344533.5033638051,1875953.189220847,16
-1344070.1906472775,1875953.189220847,10
-1343606.8779307501,1875953.189220847,16
-1343143.5652142225,1875953.189220847,16
-1342680.2524976952,1875953.189220847,16
-1342216.9397811675,1875953.189220847,16
-1341753.6270646402,1875953.189220847,16
-1341290.3143481126,1875953.189220847,16
-1340827.0016315852,1875953.189220847,16
-1340363.6889150576,1875953.189220847,16
-1339900.3761985302,1875953.189220847,16
-1339437.0634820026,1875953.189220847,16
-1338973.7507654752,1875953.189220847,16
-1338510.4380489476,1875953.189220847,16
-1338047.1253324202,1875953.189220847,16
-1337583.8126158926,1875953.189220847,16
-1337120.499899365,1875953.189220847,16
-1336657.1871828376,1875953.189220847,16
-1336193.87446631,1875953.189220847,16
-1335730.5617497826,1875953.189220847,16
-1335267.249033255,1875953.189220847,16
-1334803.9363167277,1875953.189220847,16
-1334340.6236002,1875953.189220847,16
-1333877.3108836727,1875953.189220847,16
-1333413.998167145,1875953.189220847,16
-1332950.6854506177,1875953.189220847,16
-1332487.37273409,1875953.189220847,16
-1332024.0600175627,1875953.189220847,16
-1331560.747301035,1875953.189220847,16
-1331097.4345845077,1875953.189220847,16
-1330634.12186798,1875953.189220847,16
-1330170.8091514525,1875953.189220847,16
-1329707.4964349251,1875953.189220847,16
-1329244.1837183975,1875953.189220847,16
-1328780.8710018701,1875953.189220847,16
-1328317.5582853425,1875953.189220847,16
-1327854.2455688152,1875953.189220847,16
-1327390.9328522875,1875953.189220847,16
-1326927.6201357602,1875953.189220847,16
-1326464.3074192326,1875953.189220847,16
-1326000.9947027052,1875953.189220847,16
-1325537.6819861776,1875953.189220847,16
-1325074.3692696502,1875953.189220847,16
-1324611.0565531226,1875953.189220847,16
-1324147.7438365952,1875953.189220847,16
-1323684.4311200676,1875953.189220847,16
-1323221.11840354,1875953.189220847,16
-1322757.8056870126,1875953.189220847,16
-1322294.492970485,1875953.189220847,16
-1321831.1802539576,1875953.189220847,16
-1321367.86753743,1875953.189220847,16
-1320904.5548209026,1875953.189220847,16
-1320441.242104375,1875953.189220847,16
-1319977.9293878477,1875953.189220847,16
-1319514.61667132,1875953.189220847,16
-1319051.3039547927,1875953.189220847,16
-1318587.991238265,1875953.189220847,16
-1318124.6785217377,1875953.189220847,16
-1317661.36580521,1875953.189220847,16
-1317198.0530886827,1875953.189220847,16
-1316734.740372155,1875953.189220847,16
-1316271.4276556277,1875953.189220847,16
-1315808.1149391,1875953.189220847,10
-1315344.8022225727,1875953.189220847,10
-1314881.4895060451,1875953.189220847,10
-1314418.1767895175,1875953.189220847,16
-1313954.8640729901,1875953.189220847,16
-1313491.5513564625,1875953.189220847,16
-1313028.2386399352,1875953.189220847,16
-1312564.9259234075,1875953.189220847,16
-1312101.6132068802,1875953.189220847,16
-1311638.3004903526,1875953.189220847,16
-1311174.9877738252,1875953.189220847,16
-1310711.6750572976,1875953.189220847,16
-1310248.3623407702,1875953.189220847,10
-1309785.0496242426,1875953.189220847,10
-1309321.7369077152,1875953.189220847,16
-1308858.4241911876,1875953.189220847,16
-1308395.1114746602,1875953.189220847,16
-1307931.7987581326,1875953.189220847,16
-1307468.486041605,1875953.189220847,16
-1307005.1733250776,1875953.189220847,16
-1306541.86060855,1875953.189220847,16
-1306078.5478920226,1875953.189220847,16
-1305615.235175495,1875953.189220847,16
-1305151.9224589677,1875953.189220847,16
-1304688.60974244,1875953.189220847,16
-1304225.2970259127,1875953.189220847,16
-1303761.984309385,1875953.189220847,16
-1303298.6715928577,1875953.189220847,16
-1302835.35887633,1875953.189220847,16
-1302372.0461598027,1875953.189220847,16
-1301908.733443275,1875953.189220847,16
-1301445.4207267477,1875953.189220847,16
-1300982.10801022,1875953.189220847,16
-1300518.7952936925,1875953.189220847,10
-1300055.4825771651,1875953.189220847,10
-1299592.1698606375,1875953.189220847,10
-1299128.8571441101,1875953.189220847,10
-1298665.5444275825,1875953.189220847,10
-1298202.2317110552,1875953.189220847,10
-1297738.9189945275,1875953.189220847,10
-1297275.6062780002,1875953.189220847,10
-1296812.2935614726,1875953.189220847,10
-1296348.9808449452,1875953.189220847,10
-1295885.6681284176,1875953.189220847,10
-1295422.3554118902,1875953.189220847,10
-1294959.0426953626,1875953.189220847,16
-1294495.7299788352,1875953.189220847,16
-1294032.4172623076,1875953.189220847,16
-1293569.10454578,1875953.189220847,16
-1293105.7918292526,1875953.189220847,10
-1292642.479112725,1875953.189220847,16
-1292179.1663961976,1875953.189220847,16
-1291715.85367967,1875953.189220847,16
-1291252.5409631426,1875953.189220847,16
-1290789.228246615,1875953.189220847,10
-1290325.9155300877,1875953.189220847,10
-1289862.60281356,1875953.189220847,10
-1289399.2900970327,1875953.189220847,10
-1288935.977380505,1875953.189220847,16
-1288472.6646639777,1875953.189220847,16
-1288009.35194745,1875953.189220847,10
-1287546.0392309227,1875953.189220847,10
-1287082.726514395,1875953.189220847,10
-1286619.4137978677,1875953.189220847,10
-1286156.10108134,1875953.189220847,10
-1285692.7883648127,1875953.189220847,16
-1285229.4756482851,1875953.189220847,10
-1284766.1629317575,1875953.189220847,10
-1284302.8502152301,1875953.189220847,10
-1283839.5374987025,1875953.189220847,10
-1283376.2247821752,1875953.189220847,10
-1282912.9120656475,1875953.189220847,10
-1282449.5993491202,1875953.189220847,16
-1281986.2866325926,1875953.189220847,16
-1281522.9739160652,1875953.189220847,16
-1281059.6611995376,1875953.189220847,16
-1280596.3484830102,1875953.189220847,10
-1280133.0357664826,1875953.189220847,10
-1279669.7230499552,1875953.189220847,16
-1279206.4103334276,1875953.189220847,16
-1278743.0976169002,1875953.189220847,16
-1278279.7849003726,1875953.189220847,16
-1277816.472183845,1875953.189220847,10
-1277353.1594673176,1875953.189220847,10
-1276889.84675079,1875953.189220847,10
-1276426.5340342626,1875953.189220847,10
-1275963.221317735,1875953.189220847,10
-1275499.9086012077,1875953.189220847,10
-1275036.59588468,1875953.189220847,10
-1274573.2831681527,1875953.189220847,10
-1274109.970451625,1875953.189220847,10
-1273646.6577350977,1875953.189220847,10
-1273183.34501857,1875953.189220847,10
-1272720.0323020427,1875953.189220847,10
-1272256.719585515,1875953.189220847,10
-1271793.4068689877,1875953.189220847,10
-1271330.09415246,1875953.189220847,10
-1270866.7814359325,1875953.189220847,10
-1270403.4687194051,1875953.189220847,10
-1269940.1560028775,1875953.189220847,10
-1269476.8432863501,1875953.189220847,10
-1269013.5305698225,1875953.189220847,10
-1268550.2178532952,1875953.189220847,10
-1268086.9051367675,1875953.189220847,10
-1267623.5924202402,1875953.189220847,10
-1267160.2797037126,1875953.189220847,10
-1266696.9669871852,1875953.189220847,10
-1266233.6542706576,1875953.189220847,10
-1265770.3415541302,1875953.189220847,10
-1265307.0288376026,1875953.189220847,10
-1264843.7161210752,1875953.189220847,10
-1264380.4034045476,1875953.189220847,10
-1263917.09068802,1875953.189220847,10
-1263453.7779714926,1875953.189220847,10
-1262990.465254965,1875953.189220847,10
-1262527.1525384376,1875953.189220847,10
-1262063.83982191,1875953.189220847,10
-1261600.5271053826,1875953.189220847,10
-1261137.214388855,1875953.189220847,10
-1260673.9016723277,1875953.189220847,10
-1260210.5889558,1875953.189220847,10
-1259747.2762392727,1875953.189220847,10
-1259283.963522745,1875953.189220847,10
-1258820.6508062177,1875953.189220847,10
-1258357.33808969,1875953.189220847,10
-1257894.0253731627,1875953.189220847,10
-1257430.712656635,1875953.189220847,10
-1256967.3999401077,1875953.189220847,10
-1256504.08722358,1875953.189220847,10
-1256040.7745070527,1875953.189220847,10
-1255577.4617905251,1875953.189220847,10
-1255114.1490739975,1875953.189220847,10
-1254650.8363574701,1875953.189220847,10
-1254187.5236409425,1875953.189220847,10
-1253724.2109244152,1875953.189220847,10
-1253260.8982078875,1875953.189220847,10
-1252797.5854913602,1875953.189220847,10
-1252334.2727748326,1875953.189220847,10
-1251870.9600583052,1875953.189220847,10
-1251407.6473417776,1875953.189220847,10
-1250944.3346252502,1875953.189220847,10
-1250481.0219087226,1875953.189220847,10
-1250017.7091921952,1875953.189220847,10
-1249554.3964756676,1875953.189220847,10
-1249091.0837591402,1875953.189220847,10
-1248627.7710426126,1875953.189220847,10
-1248164.458326085,1875953.189220847,10
-1247701.1456095576,1875953.189220847,10
-1247237.83289303,1875953.189220847,10
-1246774.5201765026,1875953.189220847,10
-1246311.207459975,1875953.189220847,10
-1245847.8947434477,1875953.189220847,10
-1245384.58202692,1875953.189220847,10
-1244921.2693103927,1875953.189220847,10
-1244457.956593865,1875953.189220847,10
-1243994.6438773377,1875953.189220847,10
-1243531.33116081,1875953.189220847,10
-1243068.0184442827,1875953.189220847,10
-1242604.705727755,1875953.189220847,10
-1242141.3930112277,1875953.189220847,10
-1241678.0802947,1875953.189220847,10
-1241214.7675781725,1875953.189220847,10
-1240751.4548616451,1875953.189220847,10
-1240288.1421451175,1875953.189220847,10
-1239824.8294285901,1875953.189220847,16
-1239361.5167120625,1875953.189220847,16
-1238898.2039955352,1875953.189220847,16
-1238434.8912790075,1875953.189220847,10
-1237971.5785624802,1875953.189220847,10
-1237508.2658459526,1875953.189220847,10
-1237044.9531294252,1875953.189220847,10
-1236581.6404128976,1875953.189220847,10
-1236118.3276963702,1875953.189220847,10
-1235655.0149798426,1875953.189220847,10
-1235191.7022633152,1875953.189220847,10
-1234728.3895467876,1875953.189220847,10
-1234265.07683026,1875953.189220847,10
-1233801.7641137326,1875953.189220847,10
-1233338.4513972052,1875953.189220847,10
-1232875.1386806776,1875953.189220847,10
-1232411.82596415,1875953.189220847,10
-1231948.5132476226,1875953.189220847,10
-1231485.200531095,1875953.189220847,10
-1231021.8878145677,1875953.189220847,10
-1230558.57509804,1875953.189220847,10
-1230095.2623815127,1875953.189220847,10
-1229631.949664985,1875953.189220847,10
-1229168.6369484577,1875953.189220847,10
-1228705.32423193,1875953.189220847,10
-1228242.0115154027,1875953.189220847,10
-1227778.698798875,1875953.189220847,10
-1227315.3860823475,1875953.189220847,10
-1226852.07336582,1875953.189220847,10
-1226388.7606492927,1875953.189220847,10
-1225925.4479327651,1875953.189220847,10
-1225462.1352162375,1875953.189220847,10
-1224998.8224997101,1875953.189220847,10
-1224535.5097831825,1875953.189220847,10
-1224072.1970666551,1875953.189220847,10
-1223608.8843501275,1875953.189220847,10
-1223145.5716336002,1875953.189220847,10
-1222682.2589170726,1875953.189220847,10
-1222218.9462005452,1875953.189220847,10
-1221755.6334840176,1875953.189220847,10
-1221292.3207674902,1875953.189220847,10
-1220829.0080509626,1875953.189220847,10
-1220365.6953344352,1875953.189220847,10
-1219902.3826179076,1875953.189220847,10
-1219439.0699013802,1875953.189220847,10
-1218975.7571848526,1875953.189220847,10
-1218512.444468325,1875953.189220847,10
-1218049.1317517976,1875953.189220847,10
-1217585.81903527,1875953.189220847,10
-1217122.5063187426,1875953.189220847,10
-1216659.193602215,1875953.189220847,10
-1216195.8808856877,1875953.189220847,10
-1215732.56816916,1875953.189220847,10
-1215269.2554526327,1875953.189220847,10
-1214805.942736105,1875953.189220847,10
-1214342.6300195777,1875953.189220847,10
-1213879.31730305,1875953.189220847,10
-1213416.0045865227,1875953.189220847,10
-1212952.691869995,1875953.189220847,10
-1212489.3791534677,1875953.189220847,10
-1212026.06643694,1875953.189220847,10
-1211562.7537204125,1875953.189220847,10
-1211099.4410038851,1875953.189220847,10
-1210636.1282873575,1875953.189220847,10
-1210172.8155708301,1875953.189220847,10
-1209709.5028543025,1875953.189220847,10
-1209246.1901377751,1875953.189220847,10
-1208782.8774212475,1875953.189220847,10
-1208319.5647047202,1875953.189220847,10
-1207856.2519881926,1875953.189220847,10
-1207392.9392716652,1875953.189220847,10
-1206929.6265551376,1875953.189220847,10
-1206466.3138386102,1875953.189220847,10
-1206003.0011220826,1875953.189220847,10
-1205539.6884055552,1875953.189220847,10
-1205076.3756890276,1875953.189220847,10
-1204613.0629725,1875953.189220847,10
-1204149.7502559726,1875953.189220847,10
-1203686.4375394452,1875953.189220847,10
-1203223.1248229176,1875953.189220847,10
-1202759.81210639,1875953.189220847,10
-1202296.4993898626,1875953.189220847,10
-1201833.186673335,1875953.189220847,10
-1201369.8739568077,1875953.189220847,10
-1200906.56124028,1875953.189220847,10
-1200443.2485237527,1875953.189220847,10
-1199979.935807225,1875953.189220847,10
-1199516.6230906977,1875953.189220847,10
-1199053.31037417,1875953.189220847,10
-1198589.9976576427,1875953.189220847,10
-1198126.684941115,1875953.189220847,10
-1197663.3722245875,1875953.189220847,10
-1197200.05950806,1875953.189220847,10
-1196736.7467915327,1875953.189220847,10
-1196273.4340750051,1875953.189220847,10
-1195810.1213584775,1875953.189220847,10
-1195346.8086419501,1875953.189220847,10
-1194883.4959254225,1875953.189220847,10
-1194420.1832088951,1875953.189220847,10
-1193956.8704923675,1875953.189220847,10
-1193493.5577758402,1875953.189220847,10
-1193030.2450593126,1875953.189220847,10
-1192566.9323427852,1875953.189220847,10
-1192103.6196262576,1875953.189220847,10
-1191640.3069097302,1875953.189220847,10
-1191176.9941932026,1875953.189220847,10
-1190713.6814766752,1875953.189220847,10
-1190250.3687601476,1875953.189220847,10
-1189787.0560436202,1875953.189220847,10
-1189323.7433270926,1875953.189220847,10
-1188860.430610565,1875953.189220847,10
-1188397.1178940376,1875953.189220847,10
-1187933.80517751,1875953.189220847,10
-1187470.4924609826,1875953.189220847,10
-1187007.179744455,1875953.189220847,10
-1186543.8670279277,1875953.189220847,10
-1186080.5543114,1875953.189220847,10
-1185617.2415948727,1875953.189220847,10
-1185153.928878345,1875953.189220847,10
-1184690.6161618177,1875953.189220847,10
-1184227.30344529,1875953.189220847,10
-1183763.9907287627,1875953.189220847,10
-1183300.678012235,1875953.189220847,10
-1182837.3652957077,1875953.189220847,10
-1182374.05257918,1875953.189220847,10
-1181910.7398626525,1875953.189220847,10
-1181447.4271461251,1875953.189220847,10
-1180984.1144295975,1875953.189220847,10
-1180520.8017130701,1875953.189220847,10
-1180057.4889965425,1875953.189220847,10
-1179594.1762800151,1875953.189220847,10
-1179130.8635634875,1875953.189220847,10
-1178667.5508469602,1875953.189220847,10
-1178204.2381304326,1875953.189220847,10
-1177740.9254139052,1875953.189220847,10
-1177277.6126973776,1875953.189220847,10
-1176814.2999808502,1875953.189220847,10
-1176350.9872643226,1875953.189220847,10
-1175887.6745477952,1875953.189220847,10
-1175424.3618312676,1875953.189220847,10
-1174961.04911474,1875953.189220847,10
-1174497.7363982126,1875953.189220847,10
-1174034.4236816852,1875953.189220847,10
-1173571.1109651576,1875953.189220847,10
-1173107.79824863,1875953.189220847,10
-1172644.4855321026,1875953.189220847,10
-1172181.172815575,1875953.189220847,10
-1171717.8600990477,1875953.189220847,10
-1171254.54738252,1875953.189220847,10
-1170791.2346659927,1875953.189220847,10
-1170327.921949465,1875953.189220847,10
-1169864.6092329377,1875953.189220847,10
-1169401.29651641,1875953.189220847,10
-1168937.9837998827,1875953.189220847,10
-1363066.012024905,1875489.8765043197,10
-1362602.6993083777,1875489.8765043197,10
-1362139.38659185,1875489.8765043197,10
-1361676.0738753227,1875489.8765043197,10
-1361212.761158795,1875489.8765043197,10
-1360749.4484422677,1875489.8765043197,10
-1360286.13572574,1875489.8765043197,10
-1359822.8230092125,1875489.8765043197,10
-1359359.5102926851,1875489.8765043197,10
-1358896.1975761575,1875489.8765043197,16
-1358432.8848596301,1875489.8765043197,16
-1357969.5721431025,1875489.8765043197,16
-1357506.2594265752,1875489.8765043197,16
-1357042.9467100475,1875489.8765043197,16
-1356579.6339935202,1875489.8765043197,16
-1356116.3212769926,1875489.8765043197,16
-1355653.0085604652,1875489.8765043197,16
-1355189.6958439376,1875489.8765043197,16
-1354726.3831274102,1875489.8765043197,16
-1354263.0704108826,1875489.8765043197,16
-1353799.7576943552,1875489.8765043197,16
-1353336.4449778276,1875489.8765043197,16
-1352873.1322613002,1875489.8765043197,16
-1352409.8195447726,1875489.8765043197,16
-1351946.506828245,1875489.8765043197,16
-1351483.1941117176,1875489.8765043197,16
-1351019.88139519,1875489.8765043197,16
-1350556.5686786626,1875489.8765043197,10
-1350093.255962135,1875489.8765043197,16
-1349629.9432456077,1875489.8765043197,10
-1349166.63052908,1875489.8765043197,16
-1348703.3178125527,1875489.8765043197,10
-1348240.005096025,1875489.8765043197,16
-1347776.6923794977,1875489.8765043197,16
-1347313.37966297,1875489.8765043197,16
-1346850.0669464427,1875489.8765043197,16
-1346386.754229915,1875489.8765043197,16
-1345923.4415133877,1875489.8765043197,16
-1345460.12879686,1875489.8765043197,16
-1344996.8160803327,1875489.8765043197,16
-1344533.5033638051,1875489.8765043197,16
-1344070.1906472775,1875489.8765043197,10
-1343606.8779307501,1875489.8765043197,16
-1343143.5652142225,1875489.8765043197,16
-1342680.2524976952,1875489.8765043197,16
-1342216.9397811675,1875489.8765043197,16
-1341753.6270646402,1875489.8765043197,16
-1341290.3143481126,1875489.8765043197,16
-1340827.0016315852,1875489.8765043197,16
-1340363.6889150576,1875489.8765043197,16
-1339900.3761985302,1875489.8765043197,16
-1339437.0634820026,1875489.8765043197,16
-1338973.7507654752,1875489.8765043197,16
-1338510.4380489476,1875489.8765043197,16
-1338047.1253324202,1875489.8765043197,16
-1337583.8126158926,1875489.8765043197,16
-1337120.499899365,1875489.8765043197,16
-1336657.1871828376,1875489.8765043197,16
-1336193.87446631,1875489.8765043197,16
-1335730.5617497826,1875489.8765043197,16
-1335267.249033255,1875489.8765043197,16
-1334803.9363167277,1875489.8765043197,16
-1334340.6236002,1875489.8765043197,16
-1333877.3108836727,1875489.8765043197,16
-1333413.998167145,1875489.8765043197,16
-1332950.6854506177,1875489.8765043197,16
-1332487.37273409,1875489.8765043197,16
-1332024.0600175627,1875489.8765043197,16
-1331560.747301035,1875489.8765043197,16
-1331097.4345845077,1875489.8765043197,16
-1330634.12186798,1875489.8765043197,16
-1330170.8091514525,1875489.8765043197,16
-1329707.4964349251,1875489.8765043197,16
-1329244.1837183975,1875489.8765043197,16
-1328780.8710018701,1875489.8765043197,16
-1328317.5582853425,1875489.8765043197,16
-1327854.2455688152,1875489.8765043197,16
-1327390.9328522875,1875489.8765043197,16
-1326927.6201357602,1875489.8765043197,16
-1326464.3074192326,1875489.8765043197,16
-1326000.9947027052,1875489.8765043197,16
-1325537.6819861776,1875489.8765043197,16
-1325074.3692696502,1875489.8765043197,16
-1324611.0565531226,1875489.8765043197,16
-1324147.7438365952,1875489.8765043197,16
-1323684.4311200676,1875489.8765043197,16
-1323221.11840354,1875489.8765043197,16
-1322757.8056870126,1875489.8765043197,16
-1322294.492970485,1875489.8765043197,16
-1321831.1802539576,1875489.8765043197,16
-1321367.86753743,1875489.8765043197,16
-1320904.5548209026,1875489.8765043197,16
-1320441.242104375,1875489.8765043197,16
-1319977.9293878477,1875489.8765043197,16
-1319514.61667132,1875489.8765043197,16
-1319051.3039547927,1875489.8765043197,16
-1318587.991238265,1875489.8765043197,16
-1318124.6785217377,1875489.8765043197,16
-1317661.36580521,1875489.8765043197,16
-1317198.0530886827,1875489.8765043197,16
-1316734.740372155,1875489.8765043197,16
-1316271.4276556277,1875489.8765043197,16
-1315808.1149391,1875489.8765043197,16
-1315344.8022225727,1875489.8765043197,16
-1314881.4895060451,1875489.8765043197,10
-1314418.1767895175,1875489.8765043197,10
-1313954.8640729901,1875489.8765043197,10
-1313491.5513564625,1875489.8765043197,10
-1313028.2386399352,1875489.8765043197,10
-1312564.9259234075,1875489.8765043197,16
-1312101.6132068802,1875489.8765043197,16
-1311638.3004903526,1875489.8765043197,16
-1311174.9877738252,1875489.8765043197,16
-1310711.6750572976,1875489.8765043197,16
-1310248.3623407702,1875489.8765043197,10
-1309785.0496242426,1875489.8765043197,10
-1309321.7369077152,1875489.8765043197,10
-1308858.4241911876,1875489.8765043197,10
-1308395.1114746602,1875489.8765043197,16
-1307931.7987581326,1875489.8765043197,16
-1307468.486041605,1875489.8765043197,16
-1307005.1733250776,1875489.8765043197,16
-1306541.86060855,1875489.8765043197,16
-1306078.5478920226,1875489.8765043197,16
-1305615.235175495,1875489.8765043197,16
-1305151.9224589677,1875489.8765043197,16
-1304688.60974244,1875489.8765043197,16
-1304225.2970259127,1875489.8765043197,16
-1303761.984309385,1875489.8765043197,16
-1303298.6715928577,1875489.8765043197,16
-1302835.35887633,1875489.8765043197,16
-1302372.0461598027,1875489.8765043197,16
-1301908.733443275,1875489.8765043197,16
-1301445.4207267477,1875489.8765043197,16
-1300982.10801022,1875489.8765043197,16
-1300518.7952936925,1875489.8765043197,10
-1300055.4825771651,1875489.8765043197,10
-1299592.1698606375,1875489.8765043197,10
-1299128.8571441101,1875489.8765043197,10
-1298665.5444275825,1875489.8765043197,10
-1298202.2317110552,1875489.8765043197,10
-1297738.9189945275,1875489.8765043197,10
-1297275.6062780002,1875489.8765043197,10
-1296812.2935614726,1875489.8765043197,10
-1296348.9808449452,1875489.8765043197,10
-1295885.6681284176,1875489.8765043197,10
-1295422.3554118902,1875489.8765043197,10
-1294959.0426953626,1875489.8765043197,16
-1294495.7299788352,1875489.8765043197,16
-1294032.4172623076,1875489.8765043197,16
-1293569.10454578,1875489.8765043197,16
-1293105.7918292526,1875489.8765043197,16
-1292642.479112725,1875489.8765043197,10
-1292179.1663961976,1875489.8765043197,10
-1291715.85367967,1875489.8765043197,10
-1291252.5409631426,1875489.8765043197,10
-1290789.228246615,1875489.8765043197,10
-1290325.9155300877,1875489.8765043197,10
-1289862.60281356,1875489.8765043197,10
-1289399.2900970327,1875489.8765043197,10
-1288935.977380505,1875489.8765043197,10
-1288472.6646639777,1875489.8765043197,10
-1288009.35194745,1875489.8765043197,10
-1287546.0392309227,1875489.8765043197,10
-1287082.726514395,1875489.8765043197,10
-1286619.4137978677,1875489.8765043197,10
-1286156.10108134,1875489.8765043197,10
-1285692.7883648127,1875489.8765043197,10
-1285229.4756482851,1875489.8765043197,10
-1284766.1629317575,1875489.8765043197,16
-1284302.8502152301,1875489.8765043197,16
-1283839.5374987025,1875489.8765043197,16
-1283376.2247821752,1875489.8765043197,16
-1282912.9120656475,1875489.8765043197,10
-1282449.5993491202,1875489.8765043197,16
-1281986.2866325926,1875489.8765043197,16
-1281522.9739160652,1875489.8765043197,16
-1281059.6611995376,1875489.8765043197,10
-1280596.3484830102,1875489.8765043197,10
-1280133.0357664826,1875489.8765043197,10
-1279669.7230499552,1875489.8765043197,16
-1279206.4103334276,1875489.8765043197,16
-1278743.0976169002,1875489.8765043197,16
-1278279.7849003726,1875489.8765043197,16
-1277816.472183845,1875489.8765043197,10
-1277353.1594673176,1875489.8765043197,16
-1276889.84675079,1875489.8765043197,10
-1276426.5340342626,1875489.8765043197,10
-1275963.221317735,1875489.8765043197,10
-1275499.9086012077,1875489.8765043197,10
-1275036.59588468,1875489.8765043197,10
-1274573.2831681527,1875489.8765043197,10
-1274109.970451625,1875489.8765043197,10
-1273646.6577350977,1875489.8765043197,10
-1273183.34501857,1875489.8765043197,10
-1272720.0323020427,1875489.8765043197,10
-1272256.719585515,1875489.8765043197,10
-1271793.4068689877,1875489.8765043197,10
-1271330.09415246,1875489.8765043197,10
-1270866.7814359325,1875489.8765043197,10
-1270403.4687194051,1875489.8765043197,10
-1269940.1560028775,1875489.8765043197,10
-1269476.8432863501,1875489.8765043197,10
-1269013.5305698225,1875489.8765043197,10
-1268550.2178532952,1875489.8765043197,10
-1268086.9051367675,1875489.8765043197,10
-1267623.5924202402,1875489.8765043197,10
-1267160.2797037126,1875489.8765043197,16
-1266696.9669871852,1875489.8765043197,16
-1266233.6542706576,1875489.8765043197,16
-1265770.3415541302,1875489.8765043197,10
-1265307.0288376026,1875489.8765043197,10
-1264843.7161210752,1875489.8765043197,10
-1264380.4034045476,1875489.8765043197,10
-1263917.09068802,1875489.8765043197,10
-1263453.7779714926,1875489.8765043197,10
-1262990.465254965,1875489.8765043197,10
-1262527.1525384376,1875489.8765043197,10
-1262063.83982191,1875489.8765043197,10
-1261600.5271053826,1875489.8765043197,10
-1261137.214388855,1875489.8765043197,10
-1260673.9016723277,1875489.8765043197,10
-1260210.5889558,1875489.8765043197,10
-1259747.2762392727,1875489.8765043197,10
-1259283.963522745,1875489.8765043197,10
-1258820.6508062177,1875489.8765043197,10
-1258357.33808969,1875489.8765043197,10
-1257894.0253731627,1875489.8765043197,10
-1257430.712656635,1875489.8765043197,10
-1256967.3999401077,1875489.8765043197,10
-1256504.08722358,1875489.8765043197,10
-1256040.7745070527,1875489.8765043197,10
-1255577.4617905251,1875489.8765043197,10
-1255114.1490739975,1875489.8765043197,10
-1254650.8363574701,1875489.8765043197,10
-1254187.5236409425,1875489.8765043197,10
-1253724.2109244152,1875489.8765043197,10
-1253260.8982078875,1875489.8765043197,10
-1252797.5854913602,1875489.8765043197,10
-1252334.2727748326,1875489.8765043197,10
-1251870.9600583052,1875489.8765043197,10
-1251407.6473417776,1875489.8765043197,10
-1250944.3346252502,1875489.8765043197,10
-1250481.0219087226,1875489.8765043197,10
-1250017.7091921952,1875489.8765043197,10
-1249554.3964756676,1875489.8765043197,10
-1249091.0837591402,1875489.8765043197,10
-1248627.7710426126,1875489.8765043197,10
-1248164.458326085,1875489.8765043197,10
-1247701.1456095576,1875489.8765043197,16
-1247237.83289303,1875489.8765043197,16
-1246774.5201765026,1875489.8765043197,10
-1246311.207459975,1875489.8765043197,10
-1245847.8947434477,1875489.8765043197,10
-1245384.58202692,1875489.8765043197,10
-1244921.2693103927,1875489.8765043197,10
-1244457.956593865,1875489.8765043197,10
-1243994.6438773377,1875489.8765043197,10
-1243531.33116081,1875489.8765043197,10
-1243068.0184442827,1875489.8765043197,10
-1242604.705727755,1875489.8765043197,10
-1242141.3930112277,1875489.8765043197,10
-1241678.0802947,1875489.8765043197,10
-1241214.7675781725,1875489.8765043197,10
-1240751.4548616451,1875489.8765043197,10
-1240288.1421451175,1875489.8765043197,10
-1239824.8294285901,1875489.8765043197,16
-1239361.5167120625,1875489.8765043197,16
-1238898.2039955352,1875489.8765043197,10
-1238434.8912790075,1875489.8765043197,10
-1237971.5785624802,1875489.8765043197,10
-1237508.2658459526,1875489.8765043197,10
-1237044.9531294252,1875489.8765043197,10
-1236581.6404128976,1875489.8765043197,10
-1236118.3276963702,1875489.8765043197,10
-1235655.0149798426,1875489.8765043197,10
-1235191.7022633152,1875489.8765043197,10
-1234728.3895467876,1875489.8765043197,10
-1234265.07683026,1875489.8765043197,10
-1233801.7641137326,1875489.8765043197,10
-1233338.4513972052,1875489.8765043197,10
-1232875.1386806776,1875489.8765043197,10
-1232411.82596415,1875489.8765043197,10
-1231948.5132476226,1875489.8765043197,10
-1231485.200531095,1875489.8765043197,10
-1231021.8878145677,1875489.8765043197,10
-1230558.57509804,1875489.8765043197,10
-1230095.2623815127,1875489.8765043197,10
-1229631.949664985,1875489.8765043197,10
-1229168.6369484577,1875489.8765043197,10
-1228705.32423193,1875489.8765043197,10
-1228242.0115154027,1875489.8765043197,10
-1227778.698798875,1875489.8765043197,10
-1227315.3860823475,1875489.8765043197,10
-1226852.07336582,1875489.8765043197,10
-1226388.7606492927,1875489.8765043197,10
-1225925.4479327651,1875489.8765043197,10
-1225462.1352162375,1875489.8765043197,10
-1224998.8224997101,1875489.8765043197,10
-1224535.5097831825,1875489.8765043197,10
-1224072.1970666551,1875489.8765043197,10
-1223608.8843501275,1875489.8765043197,10
-1223145.5716336002,1875489.8765043197,10
-1222682.2589170726,1875489.8765043197,10
-1222218.9462005452,1875489.8765043197,10
-1221755.6334840176,1875489.8765043197,10
-1221292.3207674902,1875489.8765043197,10
-1220829.0080509626,1875489.8765043197,10
-1220365.6953344352,1875489.8765043197,10
-1219902.3826179076,1875489.8765043197,10
-1219439.0699013802,1875489.8765043197,10
-1218975.7571848526,1875489.8765043197,10
-1218512.444468325,1875489.8765043197,10
-1218049.1317517976,1875489.8765043197,10
-1217585.81903527,1875489.8765043197,10
-1217122.5063187426,1875489.8765043197,10
-1216659.193602215,1875489.8765043197,10
-1216195.8808856877,1875489.8765043197,10
-1215732.56816916,1875489.8765043197,10
-1215269.2554526327,1875489.8765043197,10
-1214805.942736105,1875489.8765043197,10
-1214342.6300195777,1875489.8765043197,10
-1213879.31730305,1875489.8765043197,10
-1213416.0045865227,1875489.8765043197,10
-1212952.691869995,1875489.8765043197,10
-1212489.3791534677,1875489.8765043197,10
-1212026.06643694,1875489.8765043197,10
-1211562.7537204125,1875489.8765043197,10
-1211099.4410038851,1875489.8765043197,10
-1210636.1282873575,1875489.8765043197,10
-1210172.8155708301,1875489.8765043197,10
-1209709.5028543025,1875489.8765043197,10
-1209246.1901377751,1875489.8765043197,10
-1208782.8774212475,1875489.8765043197,10
-1208319.5647047202,1875489.8765043197,10
-1207856.2519881926,1875489.8765043197,10
-1207392.9392716652,1875489.8765043197,10
-1206929.6265551376,1875489.8765043197,10
-1206466.3138386102,1875489.8765043197,10
-1206003.0011220826,1875489.8765043197,10
-1205539.6884055552,1875489.8765043197,10
-1205076.3756890276,1875489.8765043197,10
-1204613.0629725,1875489.8765043197,10
-1204149.7502559726,1875489.8765043197,10
-1203686.4375394452,1875489.8765043197,10
-1203223.1248229176,1875489.8765043197,10
-1202759.81210639,1875489.8765043197,10
-1202296.4993898626,1875489.8765043197,10
-1201833.186673335,1875489.8765043197,10
-1201369.8739568077,1875489.8765043197,10
-1200906.56124028,1875489.8765043197,10
-1200443.2485237527,1875489.8765043197,10
-1199979.935807225,1875489.8765043197,10
-1199516.6230906977,1875489.8765043197,10
-1199053.31037417,1875489.8765043197,10
-1198589.9976576427,1875489.8765043197,10
-1198126.684941115,1875489.8765043197,10
-1197663.3722245875,1875489.8765043197,10
-1197200.05950806,1875489.8765043197,10
-1196736.7467915327,1875489.8765043197,10
-1196273.4340750051,1875489.8765043197,10
-1195810.1213584775,1875489.8765043197,10
-1195346.8086419501,1875489.8765043197,10
-1194883.4959254225,1875489.8765043197,10
-1194420.1832088951,1875489.8765043197,10
-1193956.8704923675,1875489.8765043197,10
-1193493.5577758402,1875489.8765043197,10
-1193030.2450593126,1875489.8765043197,10
-1192566.9323427852,1875489.8765043197,10
-1192103.6196262576,1875489.8765043197,10
-1191640.3069097302,1875489.8765043197,10
-1191176.9941932026,1875489.8765043197,10
-1190713.6814766752,1875489.8765043197,10
-1190250.3687601476,1875489.8765043197,10
-1189787.0560436202,1875489.8765043197,10
-1189323.7433270926,1875489.8765043197,10
-1188860.430610565,1875489.8765043197,10
-1188397.1178940376,1875489.8765043197,10
-1187933.80517751,1875489.8765043197,10
-1187470.4924609826,1875489.8765043197,10
-1187007.179744455,1875489.8765043197,10
-1186543.8670279277,1875489.8765043197,10
-1186080.5543114,1875489.8765043197,10
-1185617.2415948727,1875489.8765043197,10
-1185153.928878345,1875489.8765043197,10
-1184690.6161618177,1875489.8765043197,10
-1184227.30344529,1875489.8765043197,10
-1183763.9907287627,1875489.8765043197,10
-1183300.678012235,1875489.8765043197,10
-1182837.3652957077,1875489.8765043197,10
-1182374.05257918,1875489.8765043197,10
-1181910.7398626525,1875489.8765043197,10
-1181447.4271461251,1875489.8765043197,10
-1180984.1144295975,1875489.8765043197,10
-1180520.8017130701,1875489.8765043197,10
-1180057.4889965425,1875489.8765043197,10
-1179594.1762800151,1875489.8765043197,10
-1179130.8635634875,1875489.8765043197,10
-1178667.5508469602,1875489.8765043197,10
-1178204.2381304326,1875489.8765043197,10
-1177740.9254139052,1875489.8765043197,10
-1177277.6126973776,1875489.8765043197,10
-1176814.2999808502,1875489.8765043197,10
-1176350.9872643226,1875489.8765043197,10
-1175887.6745477952,1875489.8765043197,10
-1175424.3618312676,1875489.8765043197,10
-1174961.04911474,1875489.8765043197,10
-1174497.7363982126,1875489.8765043197,10
-1174034.4236816852,1875489.8765043197,10
-1173571.1109651576,1875489.8765043197,10
-1173107.79824863,1875489.8765043197,10
-1172644.4855321026,1875489.8765043197,10
-1172181.172815575,1875489.8765043197,10
-1171717.8600990477,1875489.8765043197,10
-1171254.54738252,1875489.8765043197,10
-1170791.2346659927,1875489.8765043197,10
-1170327.921949465,1875489.8765043197,10
-1169864.6092329377,1875489.8765043197,10
-1169401.29651641,1875489.8765043197,10
-1168937.9837998827,1875489.8765043197,10
-1363066.012024905,1875026.563787792,16
-1362602.6993083777,1875026.563787792,10
-1362139.38659185,1875026.563787792,10
-1361676.0738753227,1875026.563787792,10
-1361212.761158795,1875026.563787792,10
-1360749.4484422677,1875026.563787792,10
-1360286.13572574,1875026.563787792,16
-1359822.8230092125,1875026.563787792,16
-1359359.5102926851,1875026.563787792,16
-1358896.1975761575,1875026.563787792,16
-1358432.8848596301,1875026.563787792,16
-1357969.5721431025,1875026.563787792,16
-1357506.2594265752,1875026.563787792,16
-1357042.9467100475,1875026.563787792,16
-1356579.6339935202,1875026.563787792,16
-1356116.3212769926,1875026.563787792,16
-1355653.0085604652,1875026.563787792,16
-1355189.6958439376,1875026.563787792,16
-1354726.3831274102,1875026.563787792,16
-1354263.0704108826,1875026.563787792,16
-1353799.7576943552,1875026.563787792,16
-1353336.4449778276,1875026.563787792,16
-1352873.1322613002,1875026.563787792,16
-1352409.8195447726,1875026.563787792,16
-1351946.506828245,1875026.563787792,16
-1351483.1941117176,1875026.563787792,16
-1351019.88139519,1875026.563787792,16
-1350556.5686786626,1875026.563787792,16
-1350093.255962135,1875026.563787792,16
-1349629.9432456077,1875026.563787792,10
-1349166.63052908,1875026.563787792,16
-1348703.3178125527,1875026.563787792,16
-1348240.005096025,1875026.563787792,16
-1347776.6923794977,1875026.563787792,16
-1347313.37966297,1875026.563787792,16
-1346850.0669464427,1875026.563787792,16
-1346386.754229915,1875026.563787792,16
-1345923.4415133877,1875026.563787792,16
-1345460.12879686,1875026.563787792,16
-1344996.8160803327,1875026.563787792,16
-1344533.5033638051,1875026.563787792,16
-1344070.1906472775,1875026.563787792,10
-1343606.8779307501,1875026.563787792,16
-1343143.5652142225,1875026.563787792,16
-1342680.2524976952,1875026.563787792,16
-1342216.9397811675,1875026.563787792,16
-1341753.6270646402,1875026.563787792,16
-1341290.3143481126,1875026.563787792,16
-1340827.0016315852,1875026.563787792,16
-1340363.6889150576,1875026.563787792,16
-1339900.3761985302,1875026.563787792,16
-1339437.0634820026,1875026.563787792,16
-1338973.7507654752,1875026.563787792,16
-1338510.4380489476,1875026.563787792,16
-1338047.1253324202,1875026.563787792,16
-1337583.8126158926,1875026.563787792,16
-1337120.499899365,1875026.563787792,16
-1336657.1871828376,1875026.563787792,16
-1336193.87446631,1875026.563787792,16
-1335730.5617497826,1875026.563787792,16
-1335267.249033255,1875026.563787792,16
-1334803.9363167277,1875026.563787792,16
-1334340.6236002,1875026.563787792,16
-1333877.3108836727,1875026.563787792,16
-1333413.998167145,1875026.563787792,16
-1332950.6854506177,1875026.563787792,16
-1332487.37273409,1875026.563787792,16
-1332024.0600175627,1875026.563787792,16
-1331560.747301035,1875026.563787792,16
-1331097.4345845077,1875026.563787792,16
-1330634.12186798,1875026.563787792,16
-1330170.8091514525,1875026.563787792,16
-1329707.4964349251,1875026.563787792,16
-1329244.1837183975,1875026.563787792,16
-1328780.8710018701,1875026.563787792,16
-1328317.5582853425,1875026.563787792,16
-1327854.2455688152,1875026.563787792,16
-1327390.9328522875,1875026.563787792,16
-1326927.6201357602,1875026.563787792,16
-1326464.3074192326,1875026.563787792,16
-1326000.9947027052,1875026.563787792,16
-1325537.6819861776,1875026.563787792,16
-1325074.3692696502,1875026.563787792,16
-1324611.0565531226,1875026.563787792,16
-1324147.7438365952,1875026.563787792,16
-1323684.4311200676,1875026.563787792,16
-1323221.11840354,1875026.563787792,16
-1322757.8056870126,1875026.563787792,16
-1322294.492970485,1875026.563787792,16
-1321831.1802539576,1875026.563787792,16
-1321367.86753743,1875026.563787792,16
-1320904.5548209026,1875026.563787792,16
-1320441.242104375,1875026.563787792,16
-1319977.9293878477,1875026.563787792,16
-1319514.61667132,1875026.563787792,16
-1319051.3039547927,1875026.563787792,16
-1318587.991238265,1875026.563787792,16
-1318124.6785217377,1875026.563787792,16
-1317661.36580521,1875026.563787792,16
-1317198.0530886827,1875026.563787792,16
-1316734.740372155,1875026.563787792,16
-1316271.4276556277,1875026.563787792,16
-1315808.1149391,1875026.563787792,16
-1315344.8022225727,1875026.563787792,16
-1314881.4895060451,1875026.563787792,16
-1314418.1767895175,1875026.563787792,16
-1313954.8640729901,1875026.563787792,10
-1313491.5513564625,1875026.563787792,10
-1313028.2386399352,1875026.563787792,10
-1312564.9259234075,1875026.563787792,10
-1312101.6132068802,1875026.563787792,16
-1311638.3004903526,1875026.563787792,16
-1311174.9877738252,1875026.563787792,16
-1310711.6750572976,1875026.563787792,16
-1310248.3623407702,1875026.563787792,16
-1309785.0496242426,1875026.563787792,16
-1309321.7369077152,1875026.563787792,10
-1308858.4241911876,1875026.563787792,10
-1308395.1114746602,1875026.563787792,10
-1307931.7987581326,1875026.563787792,16
-1307468.486041605,1875026.563787792,16
-1307005.1733250776,1875026.563787792,16
-1306541.86060855,1875026.563787792,16
-1306078.5478920226,1875026.563787792,16
-1305615.235175495,1875026.563787792,16
-1305151.9224589677,1875026.563787792,16
-1304688.60974244,1875026.563787792,16
-1304225.2970259127,1875026.563787792,16
-1303761.984309385,1875026.563787792,16
-1303298.6715928577,1875026.563787792,16
-1302835.35887633,1875026.563787792,16
-1302372.0461598027,1875026.563787792,16
-1301908.733443275,1875026.563787792,16
-1301445.4207267477,1875026.563787792,16
-1300982.10801022,1875026.563787792,16
-1300518.7952936925,1875026.563787792,10
-1300055.4825771651,1875026.563787792,10
-1299592.1698606375,1875026.563787792,16
-1299128.8571441101,1875026.563787792,16
-1298665.5444275825,1875026.563787792,10
-1298202.2317110552,1875026.563787792,10
-1297738.9189945275,1875026.563787792,10
-1297275.6062780002,1875026.563787792,10
-1296812.2935614726,1875026.563787792,10
-1296348.9808449452,1875026.563787792,10
-1295885.6681284176,1875026.563787792,16
-1295422.3554118902,1875026.563787792,16
-1294959.0426953626,1875026.563787792,16
-1294495.7299788352,1875026.563787792,16
-1294032.4172623076,1875026.563787792,16
-1293569.10454578,1875026.563787792,16
-1293105.7918292526,1875026.563787792,16
-1292642.479112725,1875026.563787792,16
-1292179.1663961976,1875026.563787792,16
-1291715.85367967,1875026.563787792,10
-1291252.5409631426,1875026.563787792,10
-1290789.228246615,1875026.563787792,10
-1290325.9155300877,1875026.563787792,10
-1289862.60281356,1875026.563787792,10
-1289399.2900970327,1875026.563787792,10
-1288935.977380505,1875026.563787792,10
-1288472.6646639777,1875026.563787792,10
-1288009.35194745,1875026.563787792,10
-1287546.0392309227,1875026.563787792,10
-1287082.726514395,1875026.563787792,10
-1286619.4137978677,1875026.563787792,10
-1286156.10108134,1875026.563787792,10
-1285692.7883648127,1875026.563787792,10
-1285229.4756482851,1875026.563787792,10
-1284766.1629317575,1875026.563787792,16
-1284302.8502152301,1875026.563787792,16
-1283839.5374987025,1875026.563787792,16
-1283376.2247821752,1875026.563787792,16
-1282912.9120656475,1875026.563787792,10
-1282449.5993491202,1875026.563787792,10
-1281986.2866325926,1875026.563787792,16
-1281522.9739160652,1875026.563787792,10
-1281059.6611995376,1875026.563787792,10
-1280596.3484830102,1875026.563787792,10
-1280133.0357664826,1875026.563787792,16
-1279669.7230499552,1875026.563787792,16
-1279206.4103334276,1875026.563787792,10
-1278743.0976169002,1875026.563787792,10
-1278279.7849003726,1875026.563787792,10
-1277816.472183845,1875026.563787792,10
-1277353.1594673176,1875026.563787792,10
-1276889.84675079,1875026.563787792,10
-1276426.5340342626,1875026.563787792,10
-1275963.221317735,1875026.563787792,10
-1275499.9086012077,1875026.563787792,10
-1275036.59588468,1875026.563787792,10
-1274573.2831681527,1875026.563787792,10
-1274109.970451625,1875026.563787792,10
-1273646.6577350977,1875026.563787792,10
-1273183.34501857,1875026.563787792,10
-1272720.0323020427,1875026.563787792,10
-1272256.719585515,1875026.563787792,10
-1271793.4068689877,1875026.563787792,10
-1271330.09415246,1875026.563787792,10
-1270866.7814359325,1875026.563787792,10
-1270403.4687194051,1875026.563787792,10
-1269940.1560028775,1875026.563787792,10
-1269476.8432863501,1875026.563787792,10
-1269013.5305698225,1875026.563787792,10
-1268550.2178532952,1875026.563787792,10
-1268086.9051367675,1875026.563787792,10
-1267623.5924202402,1875026.563787792,10
-1267160.2797037126,1875026.563787792,16
-1266696.9669871852,1875026.563787792,16
-1266233.6542706576,1875026.563787792,16
-1265770.3415541302,1875026.563787792,10
-1265307.0288376026,1875026.563787792,10
-1264843.7161210752,1875026.563787792,10
-1264380.4034045476,1875026.563787792,10
-1263917.09068802,1875026.563787792,10
-1263453.7779714926,1875026.563787792,10
-1262990.465254965,1875026.563787792,10
-1262527.1525384376,1875026.563787792,10
-1262063.83982191,1875026.563787792,10
-1261600.5271053826,1875026.563787792,10
-1261137.214388855,1875026.563787792,10
-1260673.9016723277,1875026.563787792,10
-1260210.5889558,1875026.563787792,10
-1259747.2762392727,1875026.563787792,10
-1259283.963522745,1875026.563787792,10
-1258820.6508062177,1875026.563787792,10
-1258357.33808969,1875026.563787792,10
-1257894.0253731627,1875026.563787792,10
-1257430.712656635,1875026.563787792,10
-1256967.3999401077,1875026.563787792,10
-1256504.08722358,1875026.563787792,10
-1256040.7745070527,1875026.563787792,10
-1255577.4617905251,1875026.563787792,10
-1255114.1490739975,1875026.563787792,10
-1254650.8363574701,1875026.563787792,10
-1254187.5236409425,1875026.563787792,10
-1253724.2109244152,1875026.563787792,10
-1253260.8982078875,1875026.563787792,10
-1252797.5854913602,1875026.563787792,10
-1252334.2727748326,1875026.563787792,10
-1251870.9600583052,1875026.563787792,10
-1251407.6473417776,1875026.563787792,10
-1250944.3346252502,1875026.563787792,10
-1250481.0219087226,1875026.563787792,10
-1250017.7091921952,1875026.563787792,10
-1249554.3964756676,1875026.563787792,10
-1249091.0837591402,1875026.563787792,10
-1248627.7710426126,1875026.563787792,10
-1248164.458326085,1875026.563787792,10
-1247701.1456095576,1875026.563787792,16
-1247237.83289303,1875026.563787792,10
-1246774.5201765026,1875026.563787792,10
-1246311.207459975,1875026.563787792,10
-1245847.8947434477,1875026.563787792,10
-1245384.58202692,1875026.563787792,16
-1244921.2693103927,1875026.563787792,10
-1244457.956593865,1875026.563787792,10
-1243994.6438773377,1875026.563787792,10
-1243531.33116081,1875026.563787792,10
-1243068.0184442827,1875026.563787792,16
-1242604.705727755,1875026.563787792,16
-1242141.3930112277,1875026.563787792,16
-1241678.0802947,1875026.563787792,10
-1241214.7675781725,1875026.563787792,10
-1240751.4548616451,1875026.563787792,10
-1240288.1421451175,1875026.563787792,10
-1239824.8294285901,1875026.563787792,16
-1239361.5167120625,1875026.563787792,10
-1238898.2039955352,1875026.563787792,10
-1238434.8912790075,1875026.563787792,10
-1237971.5785624802,1875026.563787792,10
-1237508.2658459526,1875026.563787792,10
-1237044.9531294252,1875026.563787792,10
-1236581.6404128976,1875026.563787792,10
-1236118.3276963702,1875026.563787792,10
-1235655.0149798426,1875026.563787792,10
-1235191.7022633152,1875026.563787792,10
-1234728.3895467876,1875026.563787792,10
-1234265.07683026,1875026.563787792,10
-1233801.7641137326,1875026.563787792,10
-1233338.4513972052,1875026.563787792,10
-1232875.1386806776,1875026.563787792,10
-1232411.82596415,1875026.563787792,10
-1231948.5132476226,1875026.563787792,10
-1231485.200531095,1875026.563787792,10
-1231021.8878145677,1875026.563787792,10
-1230558.57509804,1875026.563787792,10
-1230095.2623815127,1875026.563787792,10
-1229631.949664985,1875026.563787792,10
-1229168.6369484577,1875026.563787792,10
-1228705.32423193,1875026.563787792,10
-1228242.0115154027,1875026.563787792,10
-1227778.698798875,1875026.563787792,10
-1227315.3860823475,1875026.563787792,10
-1226852.07336582,1875026.563787792,10
-1226388.7606492927,1875026.563787792,10
-1225925.4479327651,1875026.563787792,10
-1225462.1352162375,1875026.563787792,10
-1224998.8224997101,1875026.563787792,10
-1224535.5097831825,1875026.563787792,10
-1224072.1970666551,1875026.563787792,10
-1223608.8843501275,1875026.563787792,10
-1223145.5716336002,1875026.563787792,10
-1222682.2589170726,1875026.563787792,10
-1222218.9462005452,1875026.563787792,10
-1221755.6334840176,1875026.563787792,10
-1221292.3207674902,1875026.563787792,10
-1220829.0080509626,1875026.563787792,10
-1220365.6953344352,1875026.563787792,10
-1219902.3826179076,1875026.563787792,10
-1219439.0699013802,1875026.563787792,10
-1218975.7571848526,1875026.563787792,10
-1218512.444468325,1875026.563787792,10
-1218049.1317517976,1875026.563787792,10
-1217585.81903527,1875026.563787792,10
-1217122.5063187426,1875026.563787792,10
-1216659.193602215,1875026.563787792,10
-1216195.8808856877,1875026.563787792,10
-1215732.56816916,1875026.563787792,10
-1215269.2554526327,1875026.563787792,10
-1214805.942736105,1875026.563787792,10
-1214342.6300195777,1875026.563787792,10
-1213879.31730305,1875026.563787792,10
-1213416.0045865227,1875026.563787792,10
-1212952.691869995,1875026.563787792,10
-1212489.3791534677,1875026.563787792,10
-1212026.06643694,1875026.563787792,10
-1211562.7537204125,1875026.563787792,10
-1211099.4410038851,1875026.563787792,10
-1210636.1282873575,1875026.563787792,10
-1210172.8155708301,1875026.563787792,10
-1209709.5028543025,1875026.563787792,10
-1209246.1901377751,1875026.563787792,10
-1208782.8774212475,1875026.563787792,10
-1208319.5647047202,1875026.563787792,10
-1207856.2519881926,1875026.563787792,10
-1207392.9392716652,1875026.563787792,10
-1206929.6265551376,1875026.563787792,10
-1206466.3138386102,1875026.563787792,10
-1206003.0011220826,1875026.563787792,10
-1205539.6884055552,1875026.563787792,10
-1205076.3756890276,1875026.563787792,10
-1204613.0629725,1875026.563787792,10
-1204149.7502559726,1875026.563787792,10
-1203686.4375394452,1875026.563787792,10
-1203223.1248229176,1875026.563787792,10
-1202759.81210639,1875026.563787792,10
-1202296.4993898626,1875026.563787792,10
-1201833.186673335,1875026.563787792,10
-1201369.8739568077,1875026.563787792,10
-1200906.56124028,1875026.563787792,10
-1200443.2485237527,1875026.563787792,10
-1199979.935807225,1875026.563787792,10
-1199516.6230906977,1875026.563787792,10
-1199053.31037417,1875026.563787792,10
-1198589.9976576427,1875026.563787792,10
-1198126.684941115,1875026.563787792,10
-1197663.3722245875,1875026.563787792,10
-1197200.05950806,1875026.563787792,10
-1196736.7467915327,1875026.563787792,10
-1196273.4340750051,1875026.563787792,10
-1195810.1213584775,1875026.563787792,10
-1195346.8086419501,1875026.563787792,10
-1194883.4959254225,1875026.563787792,10
-1194420.1832088951,1875026.563787792,10
-1193956.8704923675,1875026.563787792,10
-1193493.5577758402,1875026.563787792,10
-1193030.2450593126,1875026.563787792,10
-1192566.9323427852,1875026.563787792,10
-1192103.6196262576,1875026.563787792,10
-1191640.3069097302,1875026.563787792,10
-1191176.9941932026,1875026.563787792,10
-1190713.6814766752,1875026.563787792,10
-1190250.3687601476,1875026.563787792,10
-1189787.0560436202,1875026.563787792,10
-1189323.7433270926,1875026.563787792,10
-1188860.430610565,1875026.563787792,10
-1188397.1178940376,1875026.563787792,10
-1187933.80517751,1875026.563787792,10
-1187470.4924609826,1875026.563787792,10
-1187007.179744455,1875026.563787792,10
-1186543.8670279277,1875026.563787792,10
-1186080.5543114,1875026.563787792,10
-1185617.2415948727,1875026.563787792,10
-1185153.928878345,1875026.563787792,10
-1184690.6161618177,1875026.563787792,10
-1184227.30344529,1875026.563787792,10
-1183763.9907287627,1875026.563787792,10
-1183300.678012235,1875026.563787792,10
-1182837.3652957077,1875026.563787792,10
-1182374.05257918,1875026.563787792,10
-1181910.7398626525,1875026.563787792,10
-1181447.4271461251,1875026.563787792,10
-1180984.1144295975,1875026.563787792,10
-1180520.8017130701,1875026.563787792,10
-1180057.4889965425,1875026.563787792,10
-1179594.1762800151,1875026.563787792,10
-1179130.8635634875,1875026.563787792,10
-1178667.5508469602,1875026.563787792,10
-1178204.2381304326,1875026.563787792,10
-1177740.9254139052,1875026.563787792,10
-1177277.6126973776,1875026.563787792,10
-1176814.2999808502,1875026.563787792,10
-1176350.9872643226,1875026.563787792,10
-1175887.6745477952,1875026.563787792,10
-1175424.3618312676,1875026.563787792,10
-1174961.04911474,1875026.563787792,10
-1174497.7363982126,1875026.563787792,10
-1174034.4236816852,1875026.563787792,10
-1173571.1109651576,1875026.563787792,10
-1173107.79824863,1875026.563787792,10
-1172644.4855321026,1875026.563787792,10
-1172181.172815575,1875026.563787792,10
-1171717.8600990477,1875026.563787792,10
-1171254.54738252,1875026.563787792,10
-1170791.2346659927,1875026.563787792,10
-1170327.921949465,1875026.563787792,10
-1169864.6092329377,1875026.563787792,10
-1169401.29651641,1875026.563787792,10
-1168937.9837998827,1875026.563787792,7
-1363066.012024905,1874563.2510712647,16
-1362602.6993083777,1874563.2510712647,16
-1362139.38659185,1874563.2510712647,16
-1361676.0738753227,1874563.2510712647,16
-1361212.761158795,1874563.2510712647,16
-1360749.4484422677,1874563.2510712647,16
-1360286.13572574,1874563.2510712647,16
-1359822.8230092125,1874563.2510712647,16
-1359359.5102926851,1874563.2510712647,16
-1358896.1975761575,1874563.2510712647,16
-1358432.8848596301,1874563.2510712647,16
-1357969.5721431025,1874563.2510712647,16
-1357506.2594265752,1874563.2510712647,16
-1357042.9467100475,1874563.2510712647,16
-1356579.6339935202,1874563.2510712647,16
-1356116.3212769926,1874563.2510712647,16
-1355653.0085604652,1874563.2510712647,16
-1355189.6958439376,1874563.2510712647,16
-1354726.3831274102,1874563.2510712647,16
-1354263.0704108826,1874563.2510712647,16
-1353799.7576943552,1874563.2510712647,16
-1353336.4449778276,1874563.2510712647,16
-1352873.1322613002,1874563.2510712647,16
-1352409.8195447726,1874563.2510712647,16
-1351946.506828245,1874563.2510712647,16
-1351483.1941117176,1874563.2510712647,16
-1351019.88139519,1874563.2510712647,16
-1350556.5686786626,1874563.2510712647,16
-1350093.255962135,1874563.2510712647,16
-1349629.9432456077,1874563.2510712647,16
-1349166.63052908,1874563.2510712647,16
-1348703.3178125527,1874563.2510712647,16
-1348240.005096025,1874563.2510712647,16
-1347776.6923794977,1874563.2510712647,16
-1347313.37966297,1874563.2510712647,16
-1346850.0669464427,1874563.2510712647,16
-1346386.754229915,1874563.2510712647,16
-1345923.4415133877,1874563.2510712647,16
-1345460.12879686,1874563.2510712647,16
-1344996.8160803327,1874563.2510712647,16
-1344533.5033638051,1874563.2510712647,16
-1344070.1906472775,1874563.2510712647,10
-1343606.8779307501,1874563.2510712647,10
-1343143.5652142225,1874563.2510712647,16
-1342680.2524976952,1874563.2510712647,16
-1342216.9397811675,1874563.2510712647,16
-1341753.6270646402,1874563.2510712647,16
-1341290.3143481126,1874563.2510712647,16
-1340827.0016315852,1874563.2510712647,16
-1340363.6889150576,1874563.2510712647,16
-1339900.3761985302,1874563.2510712647,16
-1339437.0634820026,1874563.2510712647,16
-1338973.7507654752,1874563.2510712647,16
-1338510.4380489476,1874563.2510712647,16
-1338047.1253324202,1874563.2510712647,16
-1337583.8126158926,1874563.2510712647,16
-1337120.499899365,1874563.2510712647,16
-1336657.1871828376,1874563.2510712647,16
-1336193.87446631,1874563.2510712647,16
-1335730.5617497826,1874563.2510712647,16
-1335267.249033255,1874563.2510712647,16
-1334803.9363167277,1874563.2510712647,16
-1334340.6236002,1874563.2510712647,16
-1333877.3108836727,1874563.2510712647,16
-1333413.998167145,1874563.2510712647,16
-1332950.6854506177,1874563.2510712647,16
-1332487.37273409,1874563.2510712647,16
-1332024.0600175627,1874563.2510712647,16
-1331560.747301035,1874563.2510712647,16
-1331097.4345845077,1874563.2510712647,16
-1330634.12186798,1874563.2510712647,16
-1330170.8091514525,1874563.2510712647,16
-1329707.4964349251,1874563.2510712647,16
-1329244.1837183975,1874563.2510712647,16
-1328780.8710018701,1874563.2510712647,16
-1328317.5582853425,1874563.2510712647,16
-1327854.2455688152,1874563.2510712647,16
-1327390.9328522875,1874563.2510712647,16
-1326927.6201357602,1874563.2510712647,16
-1326464.3074192326,1874563.2510712647,16
-1326000.9947027052,1874563.2510712647,16
-1325537.6819861776,1874563.2510712647,16
-1325074.3692696502,1874563.2510712647,16
-1324611.0565531226,1874563.2510712647,16
-1324147.7438365952,1874563.2510712647,16
-1323684.4311200676,1874563.2510712647,16
-1323221.11840354,1874563.2510712647,16
-1322757.8056870126,1874563.2510712647,16
-1322294.492970485,1874563.2510712647,16
-1321831.1802539576,1874563.2510712647,16
-1321367.86753743,1874563.2510712647,16
-1320904.5548209026,1874563.2510712647,16
-1320441.242104375,1874563.2510712647,16
-1319977.9293878477,1874563.2510712647,16
-1319514.61667132,1874563.2510712647,16
-1319051.3039547927,1874563.2510712647,16
-1318587.991238265,1874563.2510712647,16
-1318124.6785217377,1874563.2510712647,16
-1317661.36580521,1874563.2510712647,16
-1317198.0530886827,1874563.2510712647,10
-1316734.740372155,1874563.2510712647,10
-1316271.4276556277,1874563.2510712647,16
-1315808.1149391,1874563.2510712647,16
-1315344.8022225727,1874563.2510712647,16
-1314881.4895060451,1874563.2510712647,16
-1314418.1767895175,1874563.2510712647,16
-1313954.8640729901,1874563.2510712647,16
-1313491.5513564625,1874563.2510712647,16
-1313028.2386399352,1874563.2510712647,16
-1312564.9259234075,1874563.2510712647,10
-1312101.6132068802,1874563.2510712647,10
-1311638.3004903526,1874563.2510712647,10
-1311174.9877738252,1874563.2510712647,16
-1310711.6750572976,1874563.2510712647,16
-1310248.3623407702,1874563.2510712647,16
-1309785.0496242426,1874563.2510712647,16
-1309321.7369077152,1874563.2510712647,16
-1308858.4241911876,1874563.2510712647,16
-1308395.1114746602,1874563.2510712647,10
-1307931.7987581326,1874563.2510712647,10
-1307468.486041605,1874563.2510712647,10
-1307005.1733250776,1874563.2510712647,10
-1306541.86060855,1874563.2510712647,16
-1306078.5478920226,1874563.2510712647,16
-1305615.235175495,1874563.2510712647,16
-1305151.9224589677,1874563.2510712647,16
-1304688.60974244,1874563.2510712647,16
-1304225.2970259127,1874563.2510712647,16
-1303761.984309385,1874563.2510712647,16
-1303298.6715928577,1874563.2510712647,16
-1302835.35887633,1874563.2510712647,16
-1302372.0461598027,1874563.2510712647,16
-1301908.733443275,1874563.2510712647,16
-1301445.4207267477,1874563.2510712647,16
-1300982.10801022,1874563.2510712647,16
-1300518.7952936925,1874563.2510712647,16
-1300055.4825771651,1874563.2510712647,10
-1299592.1698606375,1874563.2510712647,16
-1299128.8571441101,1874563.2510712647,16
-1298665.5444275825,1874563.2510712647,10
-1298202.2317110552,1874563.2510712647,10
-1297738.9189945275,1874563.2510712647,10
-1297275.6062780002,1874563.2510712647,10
-1296812.2935614726,1874563.2510712647,10
-1296348.9808449452,1874563.2510712647,10
-1295885.6681284176,1874563.2510712647,10
-1295422.3554118902,1874563.2510712647,10
-1294959.0426953626,1874563.2510712647,16
-1294495.7299788352,1874563.2510712647,16
-1294032.4172623076,1874563.2510712647,16
-1293569.10454578,1874563.2510712647,16
-1293105.7918292526,1874563.2510712647,16
-1292642.479112725,1874563.2510712647,16
-1292179.1663961976,1874563.2510712647,16
-1291715.85367967,1874563.2510712647,16
-1291252.5409631426,1874563.2510712647,16
-1290789.228246615,1874563.2510712647,10
-1290325.9155300877,1874563.2510712647,10
-1289862.60281356,1874563.2510712647,10
-1289399.2900970327,1874563.2510712647,10
-1288935.977380505,1874563.2510712647,10
-1288472.6646639777,1874563.2510712647,10
-1288009.35194745,1874563.2510712647,10
-1287546.0392309227,1874563.2510712647,10
-1287082.726514395,1874563.2510712647,16
-1286619.4137978677,1874563.2510712647,16
-1286156.10108134,1874563.2510712647,10
-1285692.7883648127,1874563.2510712647,10
-1285229.4756482851,1874563.2510712647,10
-1284766.1629317575,1874563.2510712647,16
-1284302.8502152301,1874563.2510712647,16
-1283839.5374987025,1874563.2510712647,16
-1283376.2247821752,1874563.2510712647,16
-1282912.9120656475,1874563.2510712647,10
-1282449.5993491202,1874563.2510712647,10
-1281986.2866325926,1874563.2510712647,10
-1281522.9739160652,1874563.2510712647,10
-1281059.6611995376,1874563.2510712647,10
-1280596.3484830102,1874563.2510712647,16
-1280133.0357664826,1874563.2510712647,16
-1279669.7230499552,1874563.2510712647,16
-1279206.4103334276,1874563.2510712647,10
-1278743.0976169002,1874563.2510712647,10
-1278279.7849003726,1874563.2510712647,10
-1277816.472183845,1874563.2510712647,10
-1277353.1594673176,1874563.2510712647,10
-1276889.84675079,1874563.2510712647,10
-1276426.5340342626,1874563.2510712647,10
-1275963.221317735,1874563.2510712647,10
-1275499.9086012077,1874563.2510712647,10
-1275036.59588468,1874563.2510712647,10
-1274573.2831681527,1874563.2510712647,10
-1274109.970451625,1874563.2510712647,10
-1273646.6577350977,1874563.2510712647,10
-1273183.34501857,1874563.2510712647,10
-1272720.0323020427,1874563.2510712647,10
-1272256.719585515,1874563.2510712647,10
-1271793.4068689877,1874563.2510712647,10
-1271330.09415246,1874563.2510712647,10
-1270866.7814359325,1874563.2510712647,10
-1270403.4687194051,1874563.2510712647,16
-1269940.1560028775,1874563.2510712647,10
-1269476.8432863501,1874563.2510712647,10
-1269013.5305698225,1874563.2510712647,10
-1268550.2178532952,1874563.2510712647,10
-1268086.9051367675,1874563.2510712647,10
-1267623.5924202402,1874563.2510712647,10
-1267160.2797037126,1874563.2510712647,10
-1266696.9669871852,1874563.2510712647,10
-1266233.6542706576,1874563.2510712647,16
-1265770.3415541302,1874563.2510712647,16
-1265307.0288376026,1874563.2510712647,16
-1264843.7161210752,1874563.2510712647,16
-1264380.4034045476,1874563.2510712647,10
-1263917.09068802,1874563.2510712647,10
-1263453.7779714926,1874563.2510712647,10
-1262990.465254965,1874563.2510712647,10
-1262527.1525384376,1874563.2510712647,10
-1262063.83982191,1874563.2510712647,10
-1261600.5271053826,1874563.2510712647,10
-1261137.214388855,1874563.2510712647,10
-1260673.9016723277,1874563.2510712647,10
-1260210.5889558,1874563.2510712647,10
-1259747.2762392727,1874563.2510712647,10
-1259283.963522745,1874563.2510712647,10
-1258820.6508062177,1874563.2510712647,10
-1258357.33808969,1874563.2510712647,10
-1257894.0253731627,1874563.2510712647,10
-1257430.712656635,1874563.2510712647,10
-1256967.3999401077,1874563.2510712647,10
-1256504.08722358,1874563.2510712647,10
-1256040.7745070527,1874563.2510712647,10
-1255577.4617905251,1874563.2510712647,10
-1255114.1490739975,1874563.2510712647,10
-1254650.8363574701,1874563.2510712647,10
-1254187.5236409425,1874563.2510712647,10
-1253724.2109244152,1874563.2510712647,10
-1253260.8982078875,1874563.2510712647,10
-1252797.5854913602,1874563.2510712647,10
-1252334.2727748326,1874563.2510712647,10
-1251870.9600583052,1874563.2510712647,10
-1251407.6473417776,1874563.2510712647,10
-1250944.3346252502,1874563.2510712647,10
-1250481.0219087226,1874563.2510712647,10
-1250017.7091921952,1874563.2510712647,10
-1249554.3964756676,1874563.2510712647,10
-1249091.0837591402,1874563.2510712647,10
-1248627.7710426126,1874563.2510712647,10
-1248164.458326085,1874563.2510712647,10
-1247701.1456095576,1874563.2510712647,10
-1247237.83289303,1874563.2510712647,10
-1246774.5201765026,1874563.2510712647,10
-1246311.207459975,1874563.2510712647,10
-1245847.8947434477,1874563.2510712647,10
-1245384.58202692,1874563.2510712647,10
-1244921.2693103927,1874563.2510712647,10
-1244457.956593865,1874563.2510712647,10
-1243994.6438773377,1874563.2510712647,10
-1243531.33116081,1874563.2510712647,16
-1243068.0184442827,1874563.2510712647,16
-1242604.705727755,1874563.2510712647,16
-1242141.3930112277,1874563.2510712647,10
-1241678.0802947,1874563.2510712647,10
-1241214.7675781725,1874563.2510712647,10
-1240751.4548616451,1874563.2510712647,10
-1240288.1421451175,1874563.2510712647,10
-1239824.8294285901,1874563.2510712647,16
-1239361.5167120625,1874563.2510712647,10
-1238898.2039955352,1874563.2510712647,10
-1238434.8912790075,1874563.2510712647,10
-1237971.5785624802,1874563.2510712647,10
-1237508.2658459526,1874563.2510712647,10
-1237044.9531294252,1874563.2510712647,10
-1236581.6404128976,1874563.2510712647,10
-1236118.3276963702,1874563.2510712647,10
-1235655.0149798426,1874563.2510712647,10
-1235191.7022633152,1874563.2510712647,10
-1234728.3895467876,1874563.2510712647,10
-1234265.07683026,1874563.2510712647,10
-1233801.7641137326,1874563.2510712647,10
-1233338.4513972052,1874563.2510712647,10
-1232875.1386806776,1874563.2510712647,10
-1232411.82596415,1874563.2510712647,10
-1231948.5132476226,1874563.2510712647,10
-1231485.200531095,1874563.2510712647,10
-1231021.8878145677,1874563.2510712647,10
-1230558.57509804,1874563.2510712647,10
-1230095.2623815127,1874563.2510712647,10
-1229631.949664985,1874563.2510712647,10
-1229168.6369484577,1874563.2510712647,10
-1228705.32423193,1874563.2510712647,10
-1228242.0115154027,1874563.2510712647,10
-1227778.698798875,1874563.2510712647,10
-1227315.3860823475,1874563.2510712647,10
-1226852.07336582,1874563.2510712647,10
-1226388.7606492927,1874563.2510712647,10
-1225925.4479327651,1874563.2510712647,10
-1225462.1352162375,1874563.2510712647,10
-1224998.8224997101,1874563.2510712647,10
-1224535.5097831825,1874563.2510712647,10
-1224072.1970666551,1874563.2510712647,10
-1223608.8843501275,1874563.2510712647,10
-1223145.5716336002,1874563.2510712647,10
-1222682.2589170726,1874563.2510712647,10
-1222218.9462005452,1874563.2510712647,10
-1221755.6334840176,1874563.2510712647,10
-1221292.3207674902,1874563.2510712647,10
-1220829.0080509626,1874563.2510712647,10
-1220365.6953344352,1874563.2510712647,10
-1219902.3826179076,1874563.2510712647,10
-1219439.0699013802,1874563.2510712647,10
-1218975.7571848526,1874563.2510712647,10
-1218512.444468325,1874563.2510712647,10
-1218049.1317517976,1874563.2510712647,10
-1217585.81903527,1874563.2510712647,10
-1217122.5063187426,1874563.2510712647,10
-1216659.193602215,1874563.2510712647,10
-1216195.8808856877,1874563.2510712647,10
-1215732.56816916,1874563.2510712647,10
-1215269.2554526327,1874563.2510712647,10
-1214805.942736105,1874563.2510712647,10
-1214342.6300195777,1874563.2510712647,10
-1213879.31730305,1874563.2510712647,10
-1213416.0045865227,1874563.2510712647,10
-1212952.691869995,1874563.2510712647,10
-1212489.3791534677,1874563.2510712647,10
-1212026.06643694,1874563.2510712647,10
-1211562.7537204125,1874563.2510712647,10
-1211099.4410038851,1874563.2510712647,10
-1210636.1282873575,1874563.2510712647,10
-1210172.8155708301,1874563.2510712647,10
-1209709.5028543025,1874563.2510712647,10
-1209246.1901377751,1874563.2510712647,10
-1208782.8774212475,1874563.2510712647,10
-1208319.5647047202,1874563.2510712647,10
-1207856.2519881926,1874563.2510712647,10
-1207392.9392716652,1874563.2510712647,10
-1206929.6265551376,1874563.2510712647,10
-1206466.3138386102,1874563.2510712647,10
-1206003.0011220826,1874563.2510712647,10
-1205539.6884055552,1874563.2510712647,10
-1205076.3756890276,1874563.2510712647,10
-1204613.0629725,1874563.2510712647,10
-1204149.7502559726,1874563.2510712647,10
-1203686.4375394452,1874563.2510712647,10
-1203223.1248229176,1874563.2510712647,10
-1202759.81210639,1874563.2510712647,10
-1202296.4993898626,1874563.2510712647,10
-1201833.186673335,1874563.2510712647,10
-1201369.8739568077,1874563.2510712647,10
-1200906.56124028,1874563.2510712647,10
-1200443.2485237527,1874563.2510712647,10
-1199979.935807225,1874563.2510712647,10
-1199516.6230906977,1874563.2510712647,10
-1199053.31037417,1874563.2510712647,10
-1198589.9976576427,1874563.2510712647,10
-1198126.684941115,1874563.2510712647,10
-1197663.3722245875,1874563.2510712647,10
-1197200.05950806,1874563.2510712647,10
-1196736.7467915327,1874563.2510712647,10
-1196273.4340750051,1874563.2510712647,10
-1195810.1213584775,1874563.2510712647,10
-1195346.8086419501,1874563.2510712647,10
-1194883.4959254225,1874563.2510712647,10
-1194420.1832088951,1874563.2510712647,10
-1193956.8704923675,1874563.2510712647,10
-1193493.5577758402,1874563.2510712647,10
-1193030.2450593126,1874563.2510712647,10
-1192566.9323427852,1874563.2510712647,10
-1192103.6196262576,1874563.2510712647,10
-1191640.3069097302,1874563.2510712647,10
-1191176.9941932026,1874563.2510712647,10
-1190713.6814766752,1874563.2510712647,10
-1190250.3687601476,1874563.2510712647,10
-1189787.0560436202,1874563.2510712647,10
-1189323.7433270926,1874563.2510712647,10
-1188860.430610565,1874563.2510712647,10
-1188397.1178940376,1874563.2510712647,10
-1187933.80517751,1874563.2510712647,10
-1187470.4924609826,1874563.2510712647,10
-1187007.179744455,1874563.2510712647,10
-1186543.8670279277,1874563.2510712647,10
-1186080.5543114,1874563.2510712647,10
-1185617.2415948727,1874563.2510712647,10
-1185153.928878345,1874563.2510712647,10
-1184690.6161618177,1874563.2510712647,10
-1184227.30344529,1874563.2510712647,10
-1183763.9907287627,1874563.2510712647,10
-1183300.678012235,1874563.2510712647,10
-1182837.3652957077,1874563.2510712647,10
-1182374.05257918,1874563.2510712647,10
-1181910.7398626525,1874563.2510712647,10
-1181447.4271461251,1874563.2510712647,10
-1180984.1144295975,1874563.2510712647,10
-1180520.8017130701,1874563.2510712647,10
-1180057.4889965425,1874563.2510712647,10
-1179594.1762800151,1874563.2510712647,10
-1179130.8635634875,1874563.2510712647,10
-1178667.5508469602,1874563.2510712647,10
-1178204.2381304326,1874563.2510712647,10
-1177740.9254139052,1874563.2510712647,10
-1177277.6126973776,1874563.2510712647,10
-1176814.2999808502,1874563.2510712647,10
-1176350.9872643226,1874563.2510712647,10
-1175887.6745477952,1874563.2510712647,10
-1175424.3618312676,1874563.2510712647,10
-1174961.04911474,1874563.2510712647,10
-1174497.7363982126,1874563.2510712647,10
-1174034.4236816852,1874563.2510712647,10
-1173571.1109651576,1874563.2510712647,10
-1173107.79824863,1874563.2510712647,10
-1172644.4855321026,1874563.2510712647,10
-1172181.172815575,1874563.2510712647,10
-1171717.8600990477,1874563.2510712647,10
-1171254.54738252,1874563.2510712647,10
-1170791.2346659927,1874563.2510712647,10
-1170327.921949465,1874563.2510712647,10
-1169864.6092329377,1874563.2510712647,10
-1169401.29651641,1874563.2510712647,10
-1168937.9837998827,1874563.2510712647,7
-1363066.012024905,1874099.9383547371,16
-1362602.6993083777,1874099.9383547371,16
-1362139.38659185,1874099.9383547371,10
-1361676.0738753227,1874099.9383547371,16
-1361212.761158795,1874099.9383547371,16
-1360749.4484422677,1874099.9383547371,16
-1360286.13572574,1874099.9383547371,16
-1359822.8230092125,1874099.9383547371,16
-1359359.5102926851,1874099.9383547371,16
-1358896.1975761575,1874099.9383547371,16
-1358432.8848596301,1874099.9383547371,16
-1357969.5721431025,1874099.9383547371,16
-1357506.2594265752,1874099.9383547371,16
-1357042.9467100475,1874099.9383547371,16
-1356579.6339935202,1874099.9383547371,16
-1356116.3212769926,1874099.9383547371,16
-1355653.0085604652,1874099.9383547371,16
-1355189.6958439376,1874099.9383547371,16
-1354726.3831274102,1874099.9383547371,16
-1354263.0704108826,1874099.9383547371,16
-1353799.7576943552,1874099.9383547371,16
-1353336.4449778276,1874099.9383547371,16
-1352873.1322613002,1874099.9383547371,16
-1352409.8195447726,1874099.9383547371,16
-1351946.506828245,1874099.9383547371,16
-1351483.1941117176,1874099.9383547371,16
-1351019.88139519,1874099.9383547371,16
-1350556.5686786626,1874099.9383547371,16
-1350093.255962135,1874099.9383547371,16
-1349629.9432456077,1874099.9383547371,16
-1349166.63052908,1874099.9383547371,10
-1348703.3178125527,1874099.9383547371,16
-1348240.005096025,1874099.9383547371,16
-1347776.6923794977,1874099.9383547371,16
-1347313.37966297,1874099.9383547371,16
-1346850.0669464427,1874099.9383547371,16
-1346386.754229915,1874099.9383547371,16
-1345923.4415133877,1874099.9383547371,16
-1345460.12879686,1874099.9383547371,16
-1344996.8160803327,1874099.9383547371,16
-1344533.5033638051,1874099.9383547371,10
-1344070.1906472775,1874099.9383547371,10
-1343606.8779307501,1874099.9383547371,10
-1343143.5652142225,1874099.9383547371,10
-1342680.2524976952,1874099.9383547371,16
-1342216.9397811675,1874099.9383547371,16
-1341753.6270646402,1874099.9383547371,16
-1341290.3143481126,1874099.9383547371,16
-1340827.0016315852,1874099.9383547371,16
-1340363.6889150576,1874099.9383547371,16
-1339900.3761985302,1874099.9383547371,16
-1339437.0634820026,1874099.9383547371,16
-1338973.7507654752,1874099.9383547371,16
-1338510.4380489476,1874099.9383547371,16
-1338047.1253324202,1874099.9383547371,16
-1337583.8126158926,1874099.9383547371,16
-1337120.499899365,1874099.9383547371,16
-1336657.1871828376,1874099.9383547371,16
-1336193.87446631,1874099.9383547371,16
-1335730.5617497826,1874099.9383547371,16
-1335267.249033255,1874099.9383547371,16
-1334803.9363167277,1874099.9383547371,16
-1334340.6236002,1874099.9383547371,16
-1333877.3108836727,1874099.9383547371,16
-1333413.998167145,1874099.9383547371,16
-1332950.6854506177,1874099.9383547371,16
-1332487.37273409,1874099.9383547371,16
-1332024.0600175627,1874099.9383547371,16
-1331560.747301035,1874099.9383547371,16
-1331097.4345845077,1874099.9383547371,16
-1330634.12186798,1874099.9383547371,16
-1330170.8091514525,1874099.9383547371,16
-1329707.4964349251,1874099.9383547371,16
-1329244.1837183975,1874099.9383547371,16
-1328780.8710018701,1874099.9383547371,16
-1328317.5582853425,1874099.9383547371,16
-1327854.2455688152,1874099.9383547371,16
-1327390.9328522875,1874099.9383547371,16
-1326927.6201357602,1874099.9383547371,16
-1326464.3074192326,1874099.9383547371,16
-1326000.9947027052,1874099.9383547371,16
-1325537.6819861776,1874099.9383547371,16
-1325074.3692696502,1874099.9383547371,16
-1324611.0565531226,1874099.9383547371,16
-1324147.7438365952,1874099.9383547371,16
-1323684.4311200676,1874099.9383547371,16
-1323221.11840354,1874099.9383547371,16
-1322757.8056870126,1874099.9383547371,16
-1322294.492970485,1874099.9383547371,16
-1321831.1802539576,1874099.9383547371,16
-1321367.86753743,1874099.9383547371,16
-1320904.5548209026,1874099.9383547371,16
-1320441.242104375,1874099.9383547371,16
-1319977.9293878477,1874099.9383547371,16
-1319514.61667132,1874099.9383547371,16
-1319051.3039547927,1874099.9383547371,16
-1318587.991238265,1874099.9383547371,16
-1318124.6785217377,1874099.9383547371,16
-1317661.36580521,1874099.9383547371,16
-1317198.0530886827,1874099.9383547371,10
-1316734.740372155,1874099.9383547371,10
-1316271.4276556277,1874099.9383547371,16
-1315808.1149391,1874099.9383547371,16
-1315344.8022225727,1874099.9383547371,16
-1314881.4895060451,1874099.9383547371,16
-1314418.1767895175,1874099.9383547371,16
-1313954.8640729901,1874099.9383547371,16
-1313491.5513564625,1874099.9383547371,16
-1313028.2386399352,1874099.9383547371,16
-1312564.9259234075,1874099.9383547371,16
-1312101.6132068802,1874099.9383547371,10
-1311638.3004903526,1874099.9383547371,10
-1311174.9877738252,1874099.9383547371,16
-1310711.6750572976,1874099.9383547371,16
-1310248.3623407702,1874099.9383547371,16
-1309785.0496242426,1874099.9383547371,16
-1309321.7369077152,1874099.9383547371,16
-1308858.4241911876,1874099.9383547371,16
-1308395.1114746602,1874099.9383547371,16
-1307931.7987581326,1874099.9383547371,16
-1307468.486041605,1874099.9383547371,10
-1307005.1733250776,1874099.9383547371,10
-1306541.86060855,1874099.9383547371,10
-1306078.5478920226,1874099.9383547371,16
-1305615.235175495,1874099.9383547371,16
-1305151.9224589677,1874099.9383547371,16
-1304688.60974244,1874099.9383547371,16
-1304225.2970259127,1874099.9383547371,16
-1303761.984309385,1874099.9383547371,16
-1303298.6715928577,1874099.9383547371,16
-1302835.35887633,1874099.9383547371,16
-1302372.0461598027,1874099.9383547371,16
-1301908.733443275,1874099.9383547371,16
-1301445.4207267477,1874099.9383547371,16
-1300982.10801022,1874099.9383547371,10
-1300518.7952936925,1874099.9383547371,16
-1300055.4825771651,1874099.9383547371,16
-1299592.1698606375,1874099.9383547371,16
-1299128.8571441101,1874099.9383547371,16
-1298665.5444275825,1874099.9383547371,10
-1298202.2317110552,1874099.9383547371,10
-1297738.9189945275,1874099.9383547371,10
-1297275.6062780002,1874099.9383547371,10
-1296812.2935614726,1874099.9383547371,10
-1296348.9808449452,1874099.9383547371,10
-1295885.6681284176,1874099.9383547371,10
-1295422.3554118902,1874099.9383547371,10
-1294959.0426953626,1874099.9383547371,10
-1294495.7299788352,1874099.9383547371,16
-1294032.4172623076,1874099.9383547371,16
-1293569.10454578,1874099.9383547371,16
-1293105.7918292526,1874099.9383547371,16
-1292642.479112725,1874099.9383547371,16
-1292179.1663961976,1874099.9383547371,16
-1291715.85367967,1874099.9383547371,16
-1291252.5409631426,1874099.9383547371,16
-1290789.228246615,1874099.9383547371,10
-1290325.9155300877,1874099.9383547371,10
-1289862.60281356,1874099.9383547371,10
-1289399.2900970327,1874099.9383547371,10
-1288935.977380505,1874099.9383547371,10
-1288472.6646639777,1874099.9383547371,10
-1288009.35194745,1874099.9383547371,10
-1287546.0392309227,1874099.9383547371,10
-1287082.726514395,1874099.9383547371,16
-1286619.4137978677,1874099.9383547371,16
-1286156.10108134,1874099.9383547371,16
-1285692.7883648127,1874099.9383547371,16
-1285229.4756482851,1874099.9383547371,16
-1284766.1629317575,1874099.9383547371,10
-1284302.8502152301,1874099.9383547371,16
-1283839.5374987025,1874099.9383547371,16
-1283376.2247821752,1874099.9383547371,16
-1282912.9120656475,1874099.9383547371,10
-1282449.5993491202,1874099.9383547371,16
-1281986.2866325926,1874099.9383547371,10
-1281522.9739160652,1874099.9383547371,16
-1281059.6611995376,1874099.9383547371,16
-1280596.3484830102,1874099.9383547371,10
-1280133.0357664826,1874099.9383547371,10
-1279669.7230499552,1874099.9383547371,10
-1279206.4103334276,1874099.9383547371,10
-1278743.0976169002,1874099.9383547371,10
-1278279.7849003726,1874099.9383547371,10
-1277816.472183845,1874099.9383547371,10
-1277353.1594673176,1874099.9383547371,10
-1276889.84675079,1874099.9383547371,10
-1276426.5340342626,1874099.9383547371,10
-1275963.221317735,1874099.9383547371,10
-1275499.9086012077,1874099.9383547371,10
-1275036.59588468,1874099.9383547371,10
-1274573.2831681527,1874099.9383547371,10
-1274109.970451625,1874099.9383547371,10
-1273646.6577350977,1874099.9383547371,10
-1273183.34501857,1874099.9383547371,10
-1272720.0323020427,1874099.9383547371,10
-1272256.719585515,1874099.9383547371,10
-1271793.4068689877,1874099.9383547371,10
-1271330.09415246,1874099.9383547371,10
-1270866.7814359325,1874099.9383547371,10
-1270403.4687194051,1874099.9383547371,10
-1269940.1560028775,1874099.9383547371,10
-1269476.8432863501,1874099.9383547371,10
-1269013.5305698225,1874099.9383547371,10
-1268550.2178532952,1874099.9383547371,10
-1268086.9051367675,1874099.9383547371,10
-1267623.5924202402,1874099.9383547371,10
-1267160.2797037126,1874099.9383547371,10
-1266696.9669871852,1874099.9383547371,10
-1266233.6542706576,1874099.9383547371,10
-1265770.3415541302,1874099.9383547371,10
-1265307.0288376026,1874099.9383547371,16
-1264843.7161210752,1874099.9383547371,16
-1264380.4034045476,1874099.9383547371,16
-1263917.09068802,1874099.9383547371,10
-1263453.7779714926,1874099.9383547371,10
-1262990.465254965,1874099.9383547371,10
-1262527.1525384376,1874099.9383547371,10
-1262063.83982191,1874099.9383547371,10
-1261600.5271053826,1874099.9383547371,10
-1261137.214388855,1874099.9383547371,10
-1260673.9016723277,1874099.9383547371,10
-1260210.5889558,1874099.9383547371,10
-1259747.2762392727,1874099.9383547371,10
-1259283.963522745,1874099.9383547371,10
-1258820.6508062177,1874099.9383547371,10
-1258357.33808969,1874099.9383547371,10
-1257894.0253731627,1874099.9383547371,10
-1257430.712656635,1874099.9383547371,10
-1256967.3999401077,1874099.9383547371,10
-1256504.08722358,1874099.9383547371,10
-1256040.7745070527,1874099.9383547371,10
-1255577.4617905251,1874099.9383547371,10
-1255114.1490739975,1874099.9383547371,10
-1254650.8363574701,1874099.9383547371,10
-1254187.5236409425,1874099.9383547371,10
-1253724.2109244152,1874099.9383547371,10
-1253260.8982078875,1874099.9383547371,10
-1252797.5854913602,1874099.9383547371,10
-1252334.2727748326,1874099.9383547371,10
-1251870.9600583052,1874099.9383547371,10
-1251407.6473417776,1874099.9383547371,10
-1250944.3346252502,1874099.9383547371,10
-1250481.0219087226,1874099.9383547371,10
-1250017.7091921952,1874099.9383547371,10
-1249554.3964756676,1874099.9383547371,10
-1249091.0837591402,1874099.9383547371,10
-1248627.7710426126,1874099.9383547371,10
-1248164.458326085,1874099.9383547371,10
-1247701.1456095576,1874099.9383547371,10
-1247237.83289303,1874099.9383547371,10
-1246774.5201765026,1874099.9383547371,10
-1246311.207459975,1874099.9383547371,10
-1245847.8947434477,1874099.9383547371,10
-1245384.58202692,1874099.9383547371,10
-1244921.2693103927,1874099.9383547371,10
-1244457.956593865,1874099.9383547371,10
-1243994.6438773377,1874099.9383547371,10
-1243531.33116081,1874099.9383547371,10
-1243068.0184442827,1874099.9383547371,10
-1242604.705727755,1874099.9383547371,10
-1242141.3930112277,1874099.9383547371,10
-1241678.0802947,1874099.9383547371,10
-1241214.7675781725,1874099.9383547371,10
-1240751.4548616451,1874099.9383547371,10
-1240288.1421451175,1874099.9383547371,16
-1239824.8294285901,1874099.9383547371,16
-1239361.5167120625,1874099.9383547371,10
-1238898.2039955352,1874099.9383547371,10
-1238434.8912790075,1874099.9383547371,10
-1237971.5785624802,1874099.9383547371,10
-1237508.2658459526,1874099.9383547371,10
-1237044.9531294252,1874099.9383547371,10
-1236581.6404128976,1874099.9383547371,10
-1236118.3276963702,1874099.9383547371,10
-1235655.0149798426,1874099.9383547371,10
-1235191.7022633152,1874099.9383547371,10
-1234728.3895467876,1874099.9383547371,10
-1234265.07683026,1874099.9383547371,10
-1233801.7641137326,1874099.9383547371,10
-1233338.4513972052,1874099.9383547371,10
-1232875.1386806776,1874099.9383547371,10
-1232411.82596415,1874099.9383547371,10
-1231948.5132476226,1874099.9383547371,10
-1231485.200531095,1874099.9383547371,10
-1231021.8878145677,1874099.9383547371,10
-1230558.57509804,1874099.9383547371,10
-1230095.2623815127,1874099.9383547371,10
-1229631.949664985,1874099.9383547371,10
-1229168.6369484577,1874099.9383547371,10
-1228705.32423193,1874099.9383547371,10
-1228242.0115154027,1874099.9383547371,10
-1227778.698798875,1874099.9383547371,10
-1227315.3860823475,1874099.9383547371,10
-1226852.07336582,1874099.9383547371,10
-1226388.7606492927,1874099.9383547371,10
-1225925.4479327651,1874099.9383547371,10
-1225462.1352162375,1874099.9383547371,10
-1224998.8224997101,1874099.9383547371,10
-1224535.5097831825,1874099.9383547371,10
-1224072.1970666551,1874099.9383547371,10
-1223608.8843501275,1874099.9383547371,10
-1223145.5716336002,1874099.9383547371,10
-1222682.2589170726,1874099.9383547371,10
-1222218.9462005452,1874099.9383547371,10
-1221755.6334840176,1874099.9383547371,10
-1221292.3207674902,1874099.9383547371,10
-1220829.0080509626,1874099.9383547371,10
-1220365.6953344352,1874099.9383547371,10
-1219902.3826179076,1874099.9383547371,10
-1219439.0699013802,1874099.9383547371,10
-1218975.7571848526,1874099.9383547371,10
-1218512.444468325,1874099.9383547371,10
-1218049.1317517976,1874099.9383547371,10
-1217585.81903527,1874099.9383547371,10
-1217122.5063187426,1874099.9383547371,10
-1216659.193602215,1874099.9383547371,10
-1216195.8808856877,1874099.9383547371,10
-1215732.56816916,1874099.9383547371,10
-1215269.2554526327,1874099.9383547371,10
-1214805.942736105,1874099.9383547371,10
-1214342.6300195777,1874099.9383547371,10
-1213879.31730305,1874099.9383547371,10
-1213416.0045865227,1874099.9383547371,10
-1212952.691869995,1874099.9383547371,10
-1212489.3791534677,1874099.9383547371,10
-1212026.06643694,1874099.9383547371,10
-1211562.7537204125,1874099.9383547371,10
-1211099.4410038851,1874099.9383547371,10
-1210636.1282873575,1874099.9383547371,10
-1210172.8155708301,1874099.9383547371,10
-1209709.5028543025,1874099.9383547371,10
-1209246.1901377751,1874099.9383547371,10
-1208782.8774212475,1874099.9383547371,10
-1208319.5647047202,1874099.9383547371,10
-1207856.2519881926,1874099.9383547371,10
-1207392.9392716652,1874099.9383547371,10
-1206929.6265551376,1874099.9383547371,10
-1206466.3138386102,1874099.9383547371,10
-1206003.0011220826,1874099.9383547371,10
-1205539.6884055552,1874099.9383547371,10
-1205076.3756890276,1874099.9383547371,10
-1204613.0629725,1874099.9383547371,10
-1204149.7502559726,1874099.9383547371,10
-1203686.4375394452,1874099.9383547371,10
-1203223.1248229176,1874099.9383547371,10
-1202759.81210639,1874099.9383547371,10
-1202296.4993898626,1874099.9383547371,10
-1201833.186673335,1874099.9383547371,10
-1201369.8739568077,1874099.9383547371,10
-1200906.56124028,1874099.9383547371,10
-1200443.2485237527,1874099.9383547371,10
-1199979.935807225,1874099.9383547371,10
-1199516.6230906977,1874099.9383547371,10
-1199053.31037417,1874099.9383547371,10
-1198589.9976576427,1874099.9383547371,10
-1198126.684941115,1874099.9383547371,10
-1197663.3722245875,1874099.9383547371,10
-1197200.05950806,1874099.9383547371,10
-1196736.7467915327,1874099.9383547371,10
-1196273.4340750051,1874099.9383547371,10
-1195810.1213584775,1874099.9383547371,10
-1195346.8086419501,1874099.9383547371,10
-1194883.4959254225,1874099.9383547371,10
-1194420.1832088951,1874099.9383547371,10
-1193956.8704923675,1874099.9383547371,10
-1193493.5577758402,1874099.9383547371,10
-1193030.2450593126,1874099.9383547371,10
-1192566.9323427852,1874099.9383547371,10
-1192103.6196262576,1874099.9383547371,10
-1191640.3069097302,1874099.9383547371,10
-1191176.9941932026,1874099.9383547371,10
-1190713.6814766752,1874099.9383547371,10
-1190250.3687601476,1874099.9383547371,10
-1189787.0560436202,1874099.9383547371,10
-1189323.7433270926,1874099.9383547371,10
-1188860.430610565,1874099.9383547371,10
-1188397.1178940376,1874099.9383547371,10
-1187933.80517751,1874099.9383547371,10
-1187470.4924609826,1874099.9383547371,10
-1187007.179744455,1874099.9383547371,10
-1186543.8670279277,1874099.9383547371,10
-1186080.5543114,1874099.9383547371,10
-1185617.2415948727,1874099.9383547371,10
-1185153.928878345,1874099.9383547371,10
-1184690.6161618177,1874099.9383547371,10
-1184227.30344529,1874099.9383547371,10
-1183763.9907287627,1874099.9383547371,10
-1183300.678012235,1874099.9383547371,10
-1182837.3652957077,1874099.9383547371,10
-1182374.05257918,1874099.9383547371,10
-1181910.7398626525,1874099.9383547371,10
-1181447.4271461251,1874099.9383547371,10
-1180984.1144295975,1874099.9383547371,10
-1180520.8017130701,1874099.9383547371,10
-1180057.4889965425,1874099.9383547371,10
-1179594.1762800151,1874099.9383547371,10
-1179130.8635634875,1874099.9383547371,10
-1178667.5508469602,1874099.9383547371,10
-1178204.2381304326,1874099.9383547371,10
-1177740.9254139052,1874099.9383547371,10
-1177277.6126973776,1874099.9383547371,10
-1176814.2999808502,1874099.9383547371,10
-1176350.9872643226,1874099.9383547371,10
-1175887.6745477952,1874099.9383547371,10
-1175424.3618312676,1874099.9383547371,10
-1174961.04911474,1874099.9383547371,10
-1174497.7363982126,1874099.9383547371,10
-1174034.4236816852,1874099.9383547371,10
-1173571.1109651576,1874099.9383547371,10
-1173107.79824863,1874099.9383547371,10
-1172644.4855321026,1874099.9383547371,10
-1172181.172815575,1874099.9383547371,10
-1171717.8600990477,1874099.9383547371,10
-1171254.54738252,1874099.9383547371,10
-1170791.2346659927,1874099.9383547371,10
-1170327.921949465,1874099.9383547371,10
-1169864.6092329377,1874099.9383547371,10
-1169401.29651641,1874099.9383547371,10
-1363066.012024905,1873636.6256382097,16
-1362602.6993083777,1873636.6256382097,16
-1362139.38659185,1873636.6256382097,16
-1361676.0738753227,1873636.6256382097,16
-1361212.761158795,1873636.6256382097,16
-1360749.4484422677,1873636.6256382097,16
-1360286.13572574,1873636.6256382097,16
-1359822.8230092125,1873636.6256382097,16
-1359359.5102926851,1873636.6256382097,16
-1358896.1975761575,1873636.6256382097,16
-1358432.8848596301,1873636.6256382097,16
-1357969.5721431025,1873636.6256382097,16
-1357506.2594265752,1873636.6256382097,16
-1357042.9467100475,1873636.6256382097,16
-1356579.6339935202,1873636.6256382097,16
-1356116.3212769926,1873636.6256382097,16
-1355653.0085604652,1873636.6256382097,16
-1355189.6958439376,1873636.6256382097,16
-1354726.3831274102,1873636.6256382097,16
-1354263.0704108826,1873636.6256382097,16
-1353799.7576943552,1873636.6256382097,16
-1353336.4449778276,1873636.6256382097,16
-1352873.1322613002,1873636.6256382097,16
-1352409.8195447726,1873636.6256382097,16
-1351946.506828245,1873636.6256382097,16
-1351483.1941117176,1873636.6256382097,16
-1351019.88139519,1873636.6256382097,10
-1350556.5686786626,1873636.6256382097,16
-1350093.255962135,1873636.6256382097,16
-1349629.9432456077,1873636.6256382097,16
-1349166.63052908,1873636.6256382097,16
-1348703.3178125527,1873636.6256382097,10
-1348240.005096025,1873636.6256382097,16
-1347776.6923794977,1873636.6256382097,16
-1347313.37966297,1873636.6256382097,16
-1346850.0669464427,1873636.6256382097,16
-1346386.754229915,1873636.6256382097,16
-1345923.4415133877,1873636.6256382097,16
-1345460.12879686,1873636.6256382097,16
-1344996.8160803327,1873636.6256382097,16
-1344533.5033638051,1873636.6256382097,16
-1344070.1906472775,1873636.6256382097,10
-1343606.8779307501,1873636.6256382097,16
-1343143.5652142225,1873636.6256382097,16
-1342680.2524976952,1873636.6256382097,16
-1342216.9397811675,1873636.6256382097,16
-1341753.6270646402,1873636.6256382097,16
-1341290.3143481126,1873636.6256382097,16
-1340827.0016315852,1873636.6256382097,16
-1340363.6889150576,1873636.6256382097,16
-1339900.3761985302,1873636.6256382097,16
-1339437.0634820026,1873636.6256382097,16
-1338973.7507654752,1873636.6256382097,16
-1338510.4380489476,1873636.6256382097,16
-1338047.1253324202,1873636.6256382097,16
-1337583.8126158926,1873636.6256382097,16
-1337120.499899365,1873636.6256382097,16
-1336657.1871828376,1873636.6256382097,16
-1336193.87446631,1873636.6256382097,16
-1335730.5617497826,1873636.6256382097,16
-1335267.249033255,1873636.6256382097,16
-1334803.9363167277,1873636.6256382097,16
-1334340.6236002,1873636.6256382097,16
-1333877.3108836727,1873636.6256382097,16
-1333413.998167145,1873636.6256382097,16
-1332950.6854506177,1873636.6256382097,16
-1332487.37273409,1873636.6256382097,16
-1332024.0600175627,1873636.6256382097,16
-1331560.747301035,1873636.6256382097,16
-1331097.4345845077,1873636.6256382097,16
-1330634.12186798,1873636.6256382097,16
-1330170.8091514525,1873636.6256382097,16
-1329707.4964349251,1873636.6256382097,16
-1329244.1837183975,1873636.6256382097,16
-1328780.8710018701,1873636.6256382097,16
-1328317.5582853425,1873636.6256382097,16
-1327854.2455688152,1873636.6256382097,16
-1327390.9328522875,1873636.6256382097,16
-1326927.6201357602,1873636.6256382097,16
-1326464.3074192326,1873636.6256382097,16
-1326000.9947027052,1873636.6256382097,16
-1325537.6819861776,1873636.6256382097,16
-1325074.3692696502,1873636.6256382097,16
-1324611.0565531226,1873636.6256382097,16
-1324147.7438365952,1873636.6256382097,16
-1323684.4311200676,1873636.6256382097,16
-1323221.11840354,1873636.6256382097,16
-1322757.8056870126,1873636.6256382097,16
-1322294.492970485,1873636.6256382097,16
-1321831.1802539576,1873636.6256382097,16
-1321367.86753743,1873636.6256382097,16
-1320904.5548209026,1873636.6256382097,16
-1320441.242104375,1873636.6256382097,16
-1319977.9293878477,1873636.6256382097,16
-1319514.61667132,1873636.6256382097,16
-1319051.3039547927,1873636.6256382097,16
-1318587.991238265,1873636.6256382097,16
-1318124.6785217377,1873636.6256382097,16
-1317661.36580521,1873636.6256382097,10
-1317198.0530886827,1873636.6256382097,10
-1316734.740372155,1873636.6256382097,16
-1316271.4276556277,1873636.6256382097,16
-1315808.1149391,1873636.6256382097,16
-1315344.8022225727,1873636.6256382097,16
-1314881.4895060451,1873636.6256382097,16
-1314418.1767895175,1873636.6256382097,16
-1313954.8640729901,1873636.6256382097,16
-1313491.5513564625,1873636.6256382097,16
-1313028.2386399352,1873636.6256382097,16
-1312564.9259234075,1873636.6256382097,16
-1312101.6132068802,1873636.6256382097,16
-1311638.3004903526,1873636.6256382097,10
-1311174.9877738252,1873636.6256382097,10
-1310711.6750572976,1873636.6256382097,16
-1310248.3623407702,1873636.6256382097,16
-1309785.0496242426,1873636.6256382097,16
-1309321.7369077152,1873636.6256382097,16
-1308858.4241911876,1873636.6256382097,16
-1308395.1114746602,1873636.6256382097,16
-1307931.7987581326,1873636.6256382097,16
-1307468.486041605,1873636.6256382097,16
-1307005.1733250776,1873636.6256382097,10
-1306541.86060855,1873636.6256382097,10
-1306078.5478920226,1873636.6256382097,10
-1305615.235175495,1873636.6256382097,16
-1305151.9224589677,1873636.6256382097,16
-1304688.60974244,1873636.6256382097,16
-1304225.2970259127,1873636.6256382097,16
-1303761.984309385,1873636.6256382097,16
-1303298.6715928577,1873636.6256382097,16
-1302835.35887633,1873636.6256382097,16
-1302372.0461598027,1873636.6256382097,16
-1301908.733443275,1873636.6256382097,16
-1301445.4207267477,1873636.6256382097,16
-1300982.10801022,1873636.6256382097,10
-1300518.7952936925,1873636.6256382097,10
-1300055.4825771651,1873636.6256382097,16
-1299592.1698606375,1873636.6256382097,16
-1299128.8571441101,1873636.6256382097,16
-1298665.5444275825,1873636.6256382097,10
-1298202.2317110552,1873636.6256382097,10
-1297738.9189945275,1873636.6256382097,10
-1297275.6062780002,1873636.6256382097,10
-1296812.2935614726,1873636.6256382097,10
-1296348.9808449452,1873636.6256382097,10
-1295885.6681284176,1873636.6256382097,10
-1295422.3554118902,1873636.6256382097,10
-1294959.0426953626,1873636.6256382097,10
-1294495.7299788352,1873636.6256382097,10
-1294032.4172623076,1873636.6256382097,10
-1293569.10454578,1873636.6256382097,16
-1293105.7918292526,1873636.6256382097,16
-1292642.479112725,1873636.6256382097,16
-1292179.1663961976,1873636.6256382097,10
-1291715.85367967,1873636.6256382097,10
-1291252.5409631426,1873636.6256382097,10
-1290789.228246615,1873636.6256382097,10
-1290325.9155300877,1873636.6256382097,16
-1289862.60281356,1873636.6256382097,10
-1289399.2900970327,1873636.6256382097,10
-1288935.977380505,1873636.6256382097,10
-1288472.6646639777,1873636.6256382097,10
-1288009.35194745,1873636.6256382097,10
-1287546.0392309227,1873636.6256382097,10
-1287082.726514395,1873636.6256382097,16
-1286619.4137978677,1873636.6256382097,16
-1286156.10108134,1873636.6256382097,10
-1285692.7883648127,1873636.6256382097,16
-1285229.4756482851,1873636.6256382097,10
-1284766.1629317575,1873636.6256382097,10
-1284302.8502152301,1873636.6256382097,16
-1283839.5374987025,1873636.6256382097,10
-1283376.2247821752,1873636.6256382097,10
-1282912.9120656475,1873636.6256382097,10
-1282449.5993491202,1873636.6256382097,16
-1281986.2866325926,1873636.6256382097,16
-1281522.9739160652,1873636.6256382097,16
-1281059.6611995376,1873636.6256382097,16
-1280596.3484830102,1873636.6256382097,10
-1280133.0357664826,1873636.6256382097,16
-1279669.7230499552,1873636.6256382097,10
-1279206.4103334276,1873636.6256382097,10
-1278743.0976169002,1873636.6256382097,10
-1278279.7849003726,1873636.6256382097,10
-1277816.472183845,1873636.6256382097,10
-1277353.1594673176,1873636.6256382097,10
-1276889.84675079,1873636.6256382097,10
-1276426.5340342626,1873636.6256382097,10
-1275963.221317735,1873636.6256382097,10
-1275499.9086012077,1873636.6256382097,10
-1275036.59588468,1873636.6256382097,10
-1274573.2831681527,1873636.6256382097,10
-1274109.970451625,1873636.6256382097,10
-1273646.6577350977,1873636.6256382097,10
-1273183.34501857,1873636.6256382097,10
-1272720.0323020427,1873636.6256382097,10
-1272256.719585515,1873636.6256382097,10
-1271793.4068689877,1873636.6256382097,10
-1271330.09415246,1873636.6256382097,10
-1270866.7814359325,1873636.6256382097,10
-1270403.4687194051,1873636.6256382097,10
-1269940.1560028775,1873636.6256382097,10
-1269476.8432863501,1873636.6256382097,10
-1269013.5305698225,1873636.6256382097,10
-1268550.2178532952,1873636.6256382097,10
-1268086.9051367675,1873636.6256382097,10
-1267623.5924202402,1873636.6256382097,10
-1267160.2797037126,1873636.6256382097,10
-1266696.9669871852,1873636.6256382097,10
-1266233.6542706576,1873636.6256382097,10
-1265770.3415541302,1873636.6256382097,10
-1265307.0288376026,1873636.6256382097,10
-1264843.7161210752,1873636.6256382097,16
-1264380.4034045476,1873636.6256382097,16
-1263917.09068802,1873636.6256382097,16
-1263453.7779714926,1873636.6256382097,16
-1262990.465254965,1873636.6256382097,10
-1262527.1525384376,1873636.6256382097,10
-1262063.83982191,1873636.6256382097,10
-1261600.5271053826,1873636.6256382097,10
-1261137.214388855,1873636.6256382097,10
-1260673.9016723277,1873636.6256382097,10
-1260210.5889558,1873636.6256382097,10
-1259747.2762392727,1873636.6256382097,16
-1259283.963522745,1873636.6256382097,16
-1258820.6508062177,1873636.6256382097,10
-1258357.33808969,1873636.6256382097,10
-1257894.0253731627,1873636.6256382097,10
-1257430.712656635,1873636.6256382097,10
-1256967.3999401077,1873636.6256382097,10
-1256504.08722358,1873636.6256382097,10
-1256040.7745070527,1873636.6256382097,10
-1255577.4617905251,1873636.6256382097,10
-1255114.1490739975,1873636.6256382097,10
-1254650.8363574701,1873636.6256382097,10
-1254187.5236409425,1873636.6256382097,10
-1253724.2109244152,1873636.6256382097,10
-1253260.8982078875,1873636.6256382097,10
-1252797.5854913602,1873636.6256382097,10
-1252334.2727748326,1873636.6256382097,10
-1251870.9600583052,1873636.6256382097,10
-1251407.6473417776,1873636.6256382097,10
-1250944.3346252502,1873636.6256382097,10
-1250481.0219087226,1873636.6256382097,10
-1250017.7091921952,1873636.6256382097,10
-1249554.3964756676,1873636.6256382097,10
-1249091.0837591402,1873636.6256382097,10
-1248627.7710426126,1873636.6256382097,10
-1248164.458326085,1873636.6256382097,10
-1247701.1456095576,1873636.6256382097,10
-1247237.83289303,1873636.6256382097,10
-1246774.5201765026,1873636.6256382097,10
-1246311.207459975,1873636.6256382097,10
-1245847.8947434477,1873636.6256382097,10
-1245384.58202692,1873636.6256382097,10
-1244921.2693103927,1873636.6256382097,10
-1244457.956593865,1873636.6256382097,10
-1243994.6438773377,1873636.6256382097,10
-1243531.33116081,1873636.6256382097,10
-1243068.0184442827,1873636.6256382097,10
-1242604.705727755,1873636.6256382097,10
-1242141.3930112277,1873636.6256382097,10
-1241678.0802947,1873636.6256382097,10
-1241214.7675781725,1873636.6256382097,10
-1240751.4548616451,1873636.6256382097,10
-1240288.1421451175,1873636.6256382097,16
-1239824.8294285901,1873636.6256382097,10
-1239361.5167120625,1873636.6256382097,10
-1238898.2039955352,1873636.6256382097,10
-1238434.8912790075,1873636.6256382097,10
-1237971.5785624802,1873636.6256382097,10
-1237508.2658459526,1873636.6256382097,10
-1237044.9531294252,1873636.6256382097,10
-1236581.6404128976,1873636.6256382097,10
-1236118.3276963702,1873636.6256382097,10
-1235655.0149798426,1873636.6256382097,10
-1235191.7022633152,1873636.6256382097,10
-1234728.3895467876,1873636.6256382097,10
-1234265.07683026,1873636.6256382097,10
-1233801.7641137326,1873636.6256382097,10
-1233338.4513972052,1873636.6256382097,10
-1232875.1386806776,1873636.6256382097,10
-1232411.82596415,1873636.6256382097,10
-1231948.5132476226,1873636.6256382097,10
-1231485.200531095,1873636.6256382097,10
-1231021.8878145677,1873636.6256382097,10
-1230558.57509804,1873636.6256382097,10
-1230095.2623815127,1873636.6256382097,10
-1229631.949664985,1873636.6256382097,10
-1229168.6369484577,1873636.6256382097,10
-1228705.32423193,1873636.6256382097,10
-1228242.0115154027,1873636.6256382097,10
-1227778.698798875,1873636.6256382097,10
-1227315.3860823475,1873636.6256382097,10
-1226852.07336582,1873636.6256382097,10
-1226388.7606492927,1873636.6256382097,10
-1225925.4479327651,1873636.6256382097,10
-1225462.1352162375,1873636.6256382097,10
-1224998.8224997101,1873636.6256382097,10
-1224535.5097831825,1873636.6256382097,10
-1224072.1970666551,1873636.6256382097,10
-1223608.8843501275,1873636.6256382097,10
-1223145.5716336002,1873636.6256382097,10
-1222682.2589170726,1873636.6256382097,10
-1222218.9462005452,1873636.6256382097,10
-1221755.6334840176,1873636.6256382097,10
-1221292.3207674902,1873636.6256382097,10
-1220829.0080509626,1873636.6256382097,10
-1220365.6953344352,1873636.6256382097,10
-1219902.3826179076,1873636.6256382097,10
-1219439.0699013802,1873636.6256382097,10
-1218975.7571848526,1873636.6256382097,10
-1218512.444468325,1873636.6256382097,10
-1218049.1317517976,1873636.6256382097,10
-1217585.81903527,1873636.6256382097,10
-1217122.5063187426,1873636.6256382097,10
-1216659.193602215,1873636.6256382097,10
-1216195.8808856877,1873636.6256382097,10
-1215732.56816916,1873636.6256382097,10
-1215269.2554526327,1873636.6256382097,10
-1214805.942736105,1873636.6256382097,10
-1214342.6300195777,1873636.6256382097,10
-1213879.31730305,1873636.6256382097,10
-1213416.0045865227,1873636.6256382097,10
-1212952.691869995,1873636.6256382097,10
-1212489.3791534677,1873636.6256382097,10
-1212026.06643694,1873636.6256382097,10
-1211562.7537204125,1873636.6256382097,10
-1211099.4410038851,1873636.6256382097,10
-1210636.1282873575,1873636.6256382097,10
-1210172.8155708301,1873636.6256382097,10
-1209709.5028543025,1873636.6256382097,10
-1209246.1901377751,1873636.6256382097,10
-1208782.8774212475,1873636.6256382097,10
-1208319.5647047202,1873636.6256382097,10
-1207856.2519881926,1873636.6256382097,10
-1207392.9392716652,1873636.6256382097,10
-1206929.6265551376,1873636.6256382097,10
-1206466.3138386102,1873636.6256382097,10
-1206003.0011220826,1873636.6256382097,10
-1205539.6884055552,1873636.6256382097,10
-1205076.3756890276,1873636.6256382097,10
-1204613.0629725,1873636.6256382097,10
-1204149.7502559726,1873636.6256382097,10
-1203686.4375394452,1873636.6256382097,10
-1203223.1248229176,1873636.6256382097,10
-1202759.81210639,1873636.6256382097,10
-1202296.4993898626,1873636.6256382097,10
-1201833.186673335,1873636.6256382097,10
-1201369.8739568077,1873636.6256382097,10
-1200906.56124028,1873636.6256382097,10
-1200443.2485237527,1873636.6256382097,10
-1199979.935807225,1873636.6256382097,10
-1199516.6230906977,1873636.6256382097,10
-1199053.31037417,1873636.6256382097,10
-1198589.9976576427,1873636.6256382097,10
-1198126.684941115,1873636.6256382097,10
-1197663.3722245875,1873636.6256382097,10
-1197200.05950806,1873636.6256382097,10
-1196736.7467915327,1873636.6256382097,10
-1196273.4340750051,1873636.6256382097,10
-1195810.1213584775,1873636.6256382097,10
-1195346.8086419501,1873636.6256382097,10
-1194883.4959254225,1873636.6256382097,10
-1194420.1832088951,1873636.6256382097,10
-1193956.8704923675,1873636.6256382097,10
-1193493.5577758402,1873636.6256382097,10
-1193030.2450593126,1873636.6256382097,10
-1192566.9323427852,1873636.6256382097,10
-1192103.6196262576,1873636.6256382097,10
-1191640.3069097302,1873636.6256382097,10
-1191176.9941932026,1873636.6256382097,10
-1190713.6814766752,1873636.6256382097,10
-1190250.3687601476,1873636.6256382097,10
-1189787.0560436202,1873636.6256382097,10
-1189323.7433270926,1873636.6256382097,10
-1188860.430610565,1873636.6256382097,10
-1188397.1178940376,1873636.6256382097,10
-1187933.80517751,1873636.6256382097,10
-1187470.4924609826,1873636.6256382097,10
-1187007.179744455,1873636.6256382097,10
-1186543.8670279277,1873636.6256382097,10
-1186080.5543114,1873636.6256382097,10
-1185617.2415948727,1873636.6256382097,10
-1185153.928878345,1873636.6256382097,10
-1184690.6161618177,1873636.6256382097,10
-1184227.30344529,1873636.6256382097,10
-1183763.9907287627,1873636.6256382097,10
-1183300.678012235,1873636.6256382097,10
-1182837.3652957077,1873636.6256382097,10
-1182374.05257918,1873636.6256382097,10
-1181910.7398626525,1873636.6256382097,10
-1181447.4271461251,1873636.6256382097,10
-1180984.1144295975,1873636.6256382097,10
-1180520.8017130701,1873636.6256382097,10
-1180057.4889965425,1873636.6256382097,10
-1179594.1762800151,1873636.6256382097,10
-1179130.8635634875,1873636.6256382097,10
-1178667.5508469602,1873636.6256382097,10
-1178204.2381304326,1873636.6256382097,10
-1177740.9254139052,1873636.6256382097,10
-1177277.6126973776,1873636.6256382097,10
-1176814.2999808502,1873636.6256382097,10
-1176350.9872643226,1873636.6256382097,10
-1175887.6745477952,1873636.6256382097,10
-1175424.3618312676,1873636.6256382097,10
-1174961.04911474,1873636.6256382097,10
-1174497.7363982126,1873636.6256382097,10
-1174034.4236816852,1873636.6256382097,10
-1173571.1109651576,1873636.6256382097,10
-1173107.79824863,1873636.6256382097,10
-1172644.4855321026,1873636.6256382097,10
-1172181.172815575,1873636.6256382097,10
-1171717.8600990477,1873636.6256382097,10
-1171254.54738252,1873636.6256382097,10
-1170791.2346659927,1873636.6256382097,10
-1170327.921949465,1873636.6256382097,7
-1169864.6092329377,1873636.6256382097,7
-1169401.29651641,1873636.6256382097,7
-1363066.012024905,1873173.3129216821,16
-1362602.6993083777,1873173.3129216821,16
-1362139.38659185,1873173.3129216821,16
-1361676.0738753227,1873173.3129216821,16
-1361212.761158795,1873173.3129216821,16
-1360749.4484422677,1873173.3129216821,16
-1360286.13572574,1873173.3129216821,16
-1359822.8230092125,1873173.3129216821,16
-1359359.5102926851,1873173.3129216821,16
-1358896.1975761575,1873173.3129216821,16
-1358432.8848596301,1873173.3129216821,16
-1357969.5721431025,1873173.3129216821,16
-1357506.2594265752,1873173.3129216821,16
-1357042.9467100475,1873173.3129216821,16
-1356579.6339935202,1873173.3129216821,16
-1356116.3212769926,1873173.3129216821,16
-1355653.0085604652,1873173.3129216821,16
-1355189.6958439376,1873173.3129216821,16
-1354726.3831274102,1873173.3129216821,16
-1354263.0704108826,1873173.3129216821,16
-1353799.7576943552,1873173.3129216821,16
-1353336.4449778276,1873173.3129216821,16
-1352873.1322613002,1873173.3129216821,16
-1352409.8195447726,1873173.3129216821,16
-1351946.506828245,1873173.3129216821,16
-1351483.1941117176,1873173.3129216821,16
-1351019.88139519,1873173.3129216821,16
-1350556.5686786626,1873173.3129216821,16
-1350093.255962135,1873173.3129216821,16
-1349629.9432456077,1873173.3129216821,16
-1349166.63052908,1873173.3129216821,16
-1348703.3178125527,1873173.3129216821,10
-1348240.005096025,1873173.3129216821,7
-1347776.6923794977,1873173.3129216821,16
-1347313.37966297,1873173.3129216821,16
-1346850.0669464427,1873173.3129216821,16
-1346386.754229915,1873173.3129216821,16
-1345923.4415133877,1873173.3129216821,16
-1345460.12879686,1873173.3129216821,16
-1344996.8160803327,1873173.3129216821,16
-1344533.5033638051,1873173.3129216821,10
-1344070.1906472775,1873173.3129216821,10
-1343606.8779307501,1873173.3129216821,16
-1343143.5652142225,1873173.3129216821,16
-1342680.2524976952,1873173.3129216821,16
-1342216.9397811675,1873173.3129216821,16
-1341753.6270646402,1873173.3129216821,16
-1341290.3143481126,1873173.3129216821,16
-1340827.0016315852,1873173.3129216821,16
-1340363.6889150576,1873173.3129216821,16
-1339900.3761985302,1873173.3129216821,16
-1339437.0634820026,1873173.3129216821,16
-1338973.7507654752,1873173.3129216821,16
-1338510.4380489476,1873173.3129216821,16
-1338047.1253324202,1873173.3129216821,16
-1337583.8126158926,1873173.3129216821,16
-1337120.499899365,1873173.3129216821,16
-1336657.1871828376,1873173.3129216821,16
-1336193.87446631,1873173.3129216821,16
-1335730.5617497826,1873173.3129216821,16
-1335267.249033255,1873173.3129216821,16
-1334803.9363167277,1873173.3129216821,16
-1334340.6236002,1873173.3129216821,16
-1333877.3108836727,1873173.3129216821,16
-1333413.998167145,1873173.3129216821,16
-1332950.6854506177,1873173.3129216821,16
-1332487.37273409,1873173.3129216821,16
-1332024.0600175627,1873173.3129216821,16
-1331560.747301035,1873173.3129216821,16
-1331097.4345845077,1873173.3129216821,16
-1330634.12186798,1873173.3129216821,16
-1330170.8091514525,1873173.3129216821,16
-1329707.4964349251,1873173.3129216821,16
-1329244.1837183975,1873173.3129216821,16
-1328780.8710018701,1873173.3129216821,16
-1328317.5582853425,1873173.3129216821,16
-1327854.2455688152,1873173.3129216821,16
-1327390.9328522875,1873173.3129216821,16
-1326927.6201357602,1873173.3129216821,16
-1326464.3074192326,1873173.3129216821,16
-1326000.9947027052,1873173.3129216821,16
-1325537.6819861776,1873173.3129216821,16
-1325074.3692696502,1873173.3129216821,16
-1324611.0565531226,1873173.3129216821,16
-1324147.7438365952,1873173.3129216821,16
-1323684.4311200676,1873173.3129216821,16
-1323221.11840354,1873173.3129216821,16
-1322757.8056870126,1873173.3129216821,16
-1322294.492970485,1873173.3129216821,16
-1321831.1802539576,1873173.3129216821,16
-1321367.86753743,1873173.3129216821,16
-1320904.5548209026,1873173.3129216821,16
-1320441.242104375,1873173.3129216821,16
-1319977.9293878477,1873173.3129216821,16
-1319514.61667132,1873173.3129216821,16
-1319051.3039547927,1873173.3129216821,16
-1318587.991238265,1873173.3129216821,16
-1318124.6785217377,1873173.3129216821,10
-1317661.36580521,1873173.3129216821,10
-1317198.0530886827,1873173.3129216821,10
-1316734.740372155,1873173.3129216821,16
-1316271.4276556277,1873173.3129216821,16
-1315808.1149391,1873173.3129216821,16
-1315344.8022225727,1873173.3129216821,16
-1314881.4895060451,1873173.3129216821,16
-1314418.1767895175,1873173.3129216821,16
-1313954.8640729901,1873173.3129216821,16
-1313491.5513564625,1873173.3129216821,16
-1313028.2386399352,1873173.3129216821,16
-1312564.9259234075,1873173.3129216821,16
-1312101.6132068802,1873173.3129216821,16
-1311638.3004903526,1873173.3129216821,16
-1311174.9877738252,1873173.3129216821,10
-1310711.6750572976,1873173.3129216821,16
-1310248.3623407702,1873173.3129216821,16
-1309785.0496242426,1873173.3129216821,16
-1309321.7369077152,1873173.3129216821,16
-1308858.4241911876,1873173.3129216821,16
-1308395.1114746602,1873173.3129216821,16
-1307931.7987581326,1873173.3129216821,16
-1307468.486041605,1873173.3129216821,16
-1307005.1733250776,1873173.3129216821,16
-1306541.86060855,1873173.3129216821,7
-1306078.5478920226,1873173.3129216821,10
-1305615.235175495,1873173.3129216821,10
-1305151.9224589677,1873173.3129216821,16
-1304688.60974244,1873173.3129216821,16
-1304225.2970259127,1873173.3129216821,16
-1303761.984309385,1873173.3129216821,16
-1303298.6715928577,1873173.3129216821,16
-1302835.35887633,1873173.3129216821,16
-1302372.0461598027,1873173.3129216821,16
-1301908.733443275,1873173.3129216821,16
-1301445.4207267477,1873173.3129216821,16
-1300982.10801022,1873173.3129216821,10
-1300518.7952936925,1873173.3129216821,10
-1300055.4825771651,1873173.3129216821,10
-1299592.1698606375,1873173.3129216821,16
-1299128.8571441101,1873173.3129216821,16
-1298665.5444275825,1873173.3129216821,10
-1298202.2317110552,1873173.3129216821,10
-1297738.9189945275,1873173.3129216821,10
-1297275.6062780002,1873173.3129216821,10
-1296812.2935614726,1873173.3129216821,10
-1296348.9808449452,1873173.3129216821,10
-1295885.6681284176,1873173.3129216821,10
-1295422.3554118902,1873173.3129216821,10
-1294959.0426953626,1873173.3129216821,10
-1294495.7299788352,1873173.3129216821,7
-1294032.4172623076,1873173.3129216821,7
-1293569.10454578,1873173.3129216821,10
-1293105.7918292526,1873173.3129216821,10
-1292642.479112725,1873173.3129216821,16
-1292179.1663961976,1873173.3129216821,10
-1291715.85367967,1873173.3129216821,10
-1291252.5409631426,1873173.3129216821,10
-1290789.228246615,1873173.3129216821,10
-1290325.9155300877,1873173.3129216821,10
-1289862.60281356,1873173.3129216821,10
-1289399.2900970327,1873173.3129216821,10
-1288935.977380505,1873173.3129216821,10
-1288472.6646639777,1873173.3129216821,10
-1288009.35194745,1873173.3129216821,10
-1287546.0392309227,1873173.3129216821,10
-1287082.726514395,1873173.3129216821,10
-1286619.4137978677,1873173.3129216821,10
-1286156.10108134,1873173.3129216821,10
-1285692.7883648127,1873173.3129216821,10
-1285229.4756482851,1873173.3129216821,10
-1284766.1629317575,1873173.3129216821,10
-1284302.8502152301,1873173.3129216821,10
-1283839.5374987025,1873173.3129216821,10
-1283376.2247821752,1873173.3129216821,10
-1282912.9120656475,1873173.3129216821,10
-1282449.5993491202,1873173.3129216821,16
-1281986.2866325926,1873173.3129216821,16
-1281522.9739160652,1873173.3129216821,16
-1281059.6611995376,1873173.3129216821,16
-1280596.3484830102,1873173.3129216821,16
-1280133.0357664826,1873173.3129216821,10
-1279669.7230499552,1873173.3129216821,10
-1279206.4103334276,1873173.3129216821,10
-1278743.0976169002,1873173.3129216821,10
-1278279.7849003726,1873173.3129216821,10
-1277816.472183845,1873173.3129216821,10
-1277353.1594673176,1873173.3129216821,10
-1276889.84675079,1873173.3129216821,10
-1276426.5340342626,1873173.3129216821,10
-1275963.221317735,1873173.3129216821,10
-1275499.9086012077,1873173.3129216821,10
-1275036.59588468,1873173.3129216821,10
-1274573.2831681527,1873173.3129216821,10
-1274109.970451625,1873173.3129216821,10
-1273646.6577350977,1873173.3129216821,10
-1273183.34501857,1873173.3129216821,10
-1272720.0323020427,1873173.3129216821,10
-1272256.719585515,1873173.3129216821,16
-1271793.4068689877,1873173.3129216821,16
-1271330.09415246,1873173.3129216821,10
-1270866.7814359325,1873173.3129216821,10
-1270403.4687194051,1873173.3129216821,10
-1269940.1560028775,1873173.3129216821,10
-1269476.8432863501,1873173.3129216821,10
-1269013.5305698225,1873173.3129216821,10
-1268550.2178532952,1873173.3129216821,10
-1268086.9051367675,1873173.3129216821,10
-1267623.5924202402,1873173.3129216821,10
-1267160.2797037126,1873173.3129216821,10
-1266696.9669871852,1873173.3129216821,10
-1266233.6542706576,1873173.3129216821,10
-1265770.3415541302,1873173.3129216821,10
-1265307.0288376026,1873173.3129216821,10
-1264843.7161210752,1873173.3129216821,10
-1264380.4034045476,1873173.3129216821,16
-1263917.09068802,1873173.3129216821,16
-1263453.7779714926,1873173.3129216821,16
-1262990.465254965,1873173.3129216821,16
-1262527.1525384376,1873173.3129216821,10
-1262063.83982191,1873173.3129216821,10
-1261600.5271053826,1873173.3129216821,10
-1261137.214388855,1873173.3129216821,10
-1260673.9016723277,1873173.3129216821,10
-1260210.5889558,1873173.3129216821,10
-1259747.2762392727,1873173.3129216821,16
-1259283.963522745,1873173.3129216821,16
-1258820.6508062177,1873173.3129216821,16
-1258357.33808969,1873173.3129216821,10
-1257894.0253731627,1873173.3129216821,10
-1257430.712656635,1873173.3129216821,10
-1256967.3999401077,1873173.3129216821,10
-1256504.08722358,1873173.3129216821,10
-1256040.7745070527,1873173.3129216821,10
-1255577.4617905251,1873173.3129216821,10
-1255114.1490739975,1873173.3129216821,10
-1254650.8363574701,1873173.3129216821,10
-1254187.5236409425,1873173.3129216821,10
-1253724.2109244152,1873173.3129216821,10
-1253260.8982078875,1873173.3129216821,10
-1252797.5854913602,1873173.3129216821,10
-1252334.2727748326,1873173.3129216821,10
-1251870.9600583052,1873173.3129216821,10
-1251407.6473417776,1873173.3129216821,10
-1250944.3346252502,1873173.3129216821,10
-1250481.0219087226,1873173.3129216821,10
-1250017.7091921952,1873173.3129216821,10
-1249554.3964756676,1873173.3129216821,10
-1249091.0837591402,1873173.3129216821,10
-1248627.7710426126,1873173.3129216821,10
-1248164.458326085,1873173.3129216821,10
-1247701.1456095576,1873173.3129216821,10
-1247237.83289303,1873173.3129216821,10
-1246774.5201765026,1873173.3129216821,10
-1246311.207459975,1873173.3129216821,10
-1245847.8947434477,1873173.3129216821,10
-1245384.58202692,1873173.3129216821,10
-1244921.2693103927,1873173.3129216821,10
-1244457.956593865,1873173.3129216821,10
-1243994.6438773377,1873173.3129216821,10
-1243531.33116081,1873173.3129216821,10
-1243068.0184442827,1873173.3129216821,10
-1242604.705727755,1873173.3129216821,10
-1242141.3930112277,1873173.3129216821,10
-1241678.0802947,1873173.3129216821,10
-1241214.7675781725,1873173.3129216821,10
-1240751.4548616451,1873173.3129216821,10
-1240288.1421451175,1873173.3129216821,10
-1239824.8294285901,1873173.3129216821,10
-1239361.5167120625,1873173.3129216821,10
-1238898.2039955352,1873173.3129216821,10
-1238434.8912790075,1873173.3129216821,10
-1237971.5785624802,1873173.3129216821,10
-1237508.2658459526,1873173.3129216821,10
-1237044.9531294252,1873173.3129216821,10
-1236581.6404128976,1873173.3129216821,10
-1236118.3276963702,1873173.3129216821,10
-1235655.0149798426,1873173.3129216821,10
-1235191.7022633152,1873173.3129216821,10
-1234728.3895467876,1873173.3129216821,10
-1234265.07683026,1873173.3129216821,10
-1233801.7641137326,1873173.3129216821,10
-1233338.4513972052,1873173.3129216821,10
-1232875.1386806776,1873173.3129216821,10
-1232411.82596415,1873173.3129216821,10
-1231948.5132476226,1873173.3129216821,10
-1231485.200531095,1873173.3129216821,10
-1231021.8878145677,1873173.3129216821,10
-1230558.57509804,1873173.3129216821,10
-1230095.2623815127,1873173.3129216821,10
-1229631.949664985,1873173.3129216821,10
-1229168.6369484577,1873173.3129216821,10
-1228705.32423193,1873173.3129216821,10
-1228242.0115154027,1873173.3129216821,10
-1227778.698798875,1873173.3129216821,10
-1227315.3860823475,1873173.3129216821,10
-1226852.07336582,1873173.3129216821,10
-1226388.7606492927,1873173.3129216821,10
-1225925.4479327651,1873173.3129216821,10
-1225462.1352162375,1873173.3129216821,10
-1224998.8224997101,1873173.3129216821,10
-1224535.5097831825,1873173.3129216821,10
-1224072.1970666551,1873173.3129216821,10
-1223608.8843501275,1873173.3129216821,10
-1223145.5716336002,1873173.3129216821,10
-1222682.2589170726,1873173.3129216821,10
-1222218.9462005452,1873173.3129216821,10
-1221755.6334840176,1873173.3129216821,10
-1221292.3207674902,1873173.3129216821,10
-1220829.0080509626,1873173.3129216821,10
-1220365.6953344352,1873173.3129216821,10
-1219902.3826179076,1873173.3129216821,10
-1219439.0699013802,1873173.3129216821,10
-1218975.7571848526,1873173.3129216821,10
-1218512.444468325,1873173.3129216821,10
-1218049.1317517976,1873173.3129216821,10
-1217585.81903527,1873173.3129216821,10
-1217122.5063187426,1873173.3129216821,10
-1216659.193602215,1873173.3129216821,10
-1216195.8808856877,1873173.3129216821,10
-1215732.56816916,1873173.3129216821,10
-1215269.2554526327,1873173.3129216821,10
-1214805.942736105,1873173.3129216821,10
-1214342.6300195777,1873173.3129216821,10
-1213879.31730305,1873173.3129216821,10
-1213416.0045865227,1873173.3129216821,10
-1212952.691869995,1873173.3129216821,10
-1212489.3791534677,1873173.3129216821,10
-1212026.06643694,1873173.3129216821,10
-1211562.7537204125,1873173.3129216821,10
-1211099.4410038851,1873173.3129216821,10
-1210636.1282873575,1873173.3129216821,10
-1210172.8155708301,1873173.3129216821,10
-1209709.5028543025,1873173.3129216821,10
-1209246.1901377751,1873173.3129216821,10
-1208782.8774212475,1873173.3129216821,10
-1208319.5647047202,1873173.3129216821,10
-1207856.2519881926,1873173.3129216821,10
-1207392.9392716652,1873173.3129216821,10
-1206929.6265551376,1873173.3129216821,10
-1206466.3138386102,1873173.3129216821,10
-1206003.0011220826,1873173.3129216821,10
-1205539.6884055552,1873173.3129216821,10
-1205076.3756890276,1873173.3129216821,10
-1204613.0629725,1873173.3129216821,10
-1204149.7502559726,1873173.3129216821,10
-1203686.4375394452,1873173.3129216821,10
-1203223.1248229176,1873173.3129216821,10
-1202759.81210639,1873173.3129216821,10
-1202296.4993898626,1873173.3129216821,10
-1201833.186673335,1873173.3129216821,10
-1201369.8739568077,1873173.3129216821,10
-1200906.56124028,1873173.3129216821,10
-1200443.2485237527,1873173.3129216821,10
-1199979.935807225,1873173.3129216821,10
-1199516.6230906977,1873173.3129216821,10
-1199053.31037417,1873173.3129216821,10
-1198589.9976576427,1873173.3129216821,10
-1198126.684941115,1873173.3129216821,10
-1197663.3722245875,1873173.3129216821,10
-1197200.05950806,1873173.3129216821,10
-1196736.7467915327,1873173.3129216821,10
-1196273.4340750051,1873173.3129216821,10
-1195810.1213584775,1873173.3129216821,10
-1195346.8086419501,1873173.3129216821,10
-1194883.4959254225,1873173.3129216821,10
-1194420.1832088951,1873173.3129216821,10
-1193956.8704923675,1873173.3129216821,10
-1193493.5577758402,1873173.3129216821,10
-1193030.2450593126,1873173.3129216821,10
-1192566.9323427852,1873173.3129216821,10
-1192103.6196262576,1873173.3129216821,10
-1191640.3069097302,1873173.3129216821,10
-1191176.9941932026,1873173.3129216821,10
-1190713.6814766752,1873173.3129216821,10
-1190250.3687601476,1873173.3129216821,10
-1189787.0560436202,1873173.3129216821,10
-1189323.7433270926,1873173.3129216821,10
-1188860.430610565,1873173.3129216821,10
-1188397.1178940376,1873173.3129216821,10
-1187933.80517751,1873173.3129216821,10
-1187470.4924609826,1873173.3129216821,10
-1187007.179744455,1873173.3129216821,10
-1186543.8670279277,1873173.3129216821,10
-1186080.5543114,1873173.3129216821,10
-1185617.2415948727,1873173.3129216821,10
-1185153.928878345,1873173.3129216821,10
-1184690.6161618177,1873173.3129216821,10
-1184227.30344529,1873173.3129216821,10
-1183763.9907287627,1873173.3129216821,10
-1183300.678012235,1873173.3129216821,10
-1182837.3652957077,1873173.3129216821,10
-1182374.05257918,1873173.3129216821,10
-1181910.7398626525,1873173.3129216821,10
-1181447.4271461251,1873173.3129216821,10
-1180984.1144295975,1873173.3129216821,10
-1180520.8017130701,1873173.3129216821,10
-1180057.4889965425,1873173.3129216821,10
-1179594.1762800151,1873173.3129216821,10
-1179130.8635634875,1873173.3129216821,10
-1178667.5508469602,1873173.3129216821,10
-1178204.2381304326,1873173.3129216821,10
-1177740.9254139052,1873173.3129216821,10
-1177277.6126973776,1873173.3129216821,10
-1176814.2999808502,1873173.3129216821,10
-1176350.9872643226,1873173.3129216821,10
-1175887.6745477952,1873173.3129216821,10
-1175424.3618312676,1873173.3129216821,10
-1174961.04911474,1873173.3129216821,10
-1174497.7363982126,1873173.3129216821,10
-1174034.4236816852,1873173.3129216821,10
-1173571.1109651576,1873173.3129216821,10
-1173107.79824863,1873173.3129216821,10
-1172644.4855321026,1873173.3129216821,10
-1172181.172815575,1873173.3129216821,10
-1171717.8600990477,1873173.3129216821,10
-1171254.54738252,1873173.3129216821,10
-1170791.2346659927,1873173.3129216821,7
-1170327.921949465,1873173.3129216821,10
-1169864.6092329377,1873173.3129216821,10
-1169401.29651641,1873173.3129216821,10
-1363066.012024905,1872710.0002051548,16
-1362602.6993083777,1872710.0002051548,16
-1362139.38659185,1872710.0002051548,16
-1361676.0738753227,1872710.0002051548,16
-1361212.761158795,1872710.0002051548,16
-1360749.4484422677,1872710.0002051548,16
-1360286.13572574,1872710.0002051548,10
-1359822.8230092125,1872710.0002051548,10
-1359359.5102926851,1872710.0002051548,10
-1358896.1975761575,1872710.0002051548,16
-1358432.8848596301,1872710.0002051548,16
-1357969.5721431025,1872710.0002051548,16
-1357506.2594265752,1872710.0002051548,16
-1357042.9467100475,1872710.0002051548,16
-1356579.6339935202,1872710.0002051548,16
-1356116.3212769926,1872710.0002051548,16
-1355653.0085604652,1872710.0002051548,16
-1355189.6958439376,1872710.0002051548,16
-1354726.3831274102,1872710.0002051548,16
-1354263.0704108826,1872710.0002051548,16
-1353799.7576943552,1872710.0002051548,16
-1353336.4449778276,1872710.0002051548,16
-1352873.1322613002,1872710.0002051548,16
-1352409.8195447726,1872710.0002051548,16
-1351946.506828245,1872710.0002051548,16
-1351483.1941117176,1872710.0002051548,16
-1351019.88139519,1872710.0002051548,16
-1350556.5686786626,1872710.0002051548,16
-1350093.255962135,1872710.0002051548,16
-1349629.9432456077,1872710.0002051548,16
-1349166.63052908,1872710.0002051548,16
-1348703.3178125527,1872710.0002051548,16
-1348240.005096025,1872710.0002051548,16
-1347776.6923794977,1872710.0002051548,10
-1347313.37966297,1872710.0002051548,10
-1346850.0669464427,1872710.0002051548,16
-1346386.754229915,1872710.0002051548,16
-1345923.4415133877,1872710.0002051548,16
-1345460.12879686,1872710.0002051548,16
-1344996.8160803327,1872710.0002051548,10
-1344533.5033638051,1872710.0002051548,10
-1344070.1906472775,1872710.0002051548,10
-1343606.8779307501,1872710.0002051548,16
-1343143.5652142225,1872710.0002051548,16
-1342680.2524976952,1872710.0002051548,16
-1342216.9397811675,1872710.0002051548,16
-1341753.6270646402,1872710.0002051548,16
-1341290.3143481126,1872710.0002051548,16
-1340827.0016315852,1872710.0002051548,16
-1340363.6889150576,1872710.0002051548,16
-1339900.3761985302,1872710.0002051548,16
-1339437.0634820026,1872710.0002051548,16
-1338973.7507654752,1872710.0002051548,16
-1338510.4380489476,1872710.0002051548,16
-1338047.1253324202,1872710.0002051548,16
-1337583.8126158926,1872710.0002051548,16
-1337120.499899365,1872710.0002051548,16
-1336657.1871828376,1872710.0002051548,16
-1336193.87446631,1872710.0002051548,16
-1335730.5617497826,1872710.0002051548,16
-1335267.249033255,1872710.0002051548,16
-1334803.9363167277,1872710.0002051548,16
-1334340.6236002,1872710.0002051548,16
-1333877.3108836727,1872710.0002051548,16
-1333413.998167145,1872710.0002051548,16
-1332950.6854506177,1872710.0002051548,16
-1332487.37273409,1872710.0002051548,16
-1332024.0600175627,1872710.0002051548,16
-1331560.747301035,1872710.0002051548,16
-1331097.4345845077,1872710.0002051548,16
-1330634.12186798,1872710.0002051548,16
-1330170.8091514525,1872710.0002051548,16
-1329707.4964349251,1872710.0002051548,16
-1329244.1837183975,1872710.0002051548,16
-1328780.8710018701,1872710.0002051548,16
-1328317.5582853425,1872710.0002051548,16
-1327854.2455688152,1872710.0002051548,16
-1327390.9328522875,1872710.0002051548,16
-1326927.6201357602,1872710.0002051548,16
-1326464.3074192326,1872710.0002051548,16
-1326000.9947027052,1872710.0002051548,16
-1325537.6819861776,1872710.0002051548,16
-1325074.3692696502,1872710.0002051548,16
-1324611.0565531226,1872710.0002051548,16
-1324147.7438365952,1872710.0002051548,16
-1323684.4311200676,1872710.0002051548,16
-1323221.11840354,1872710.0002051548,16
-1322757.8056870126,1872710.0002051548,16
-1322294.492970485,1872710.0002051548,16
-1321831.1802539576,1872710.0002051548,16
-1321367.86753743,1872710.0002051548,16
-1320904.5548209026,1872710.0002051548,16
-1320441.242104375,1872710.0002051548,16
-1319977.9293878477,1872710.0002051548,16
-1319514.61667132,1872710.0002051548,16
-1319051.3039547927,1872710.0002051548,16
-1318587.991238265,1872710.0002051548,10
-1318124.6785217377,1872710.0002051548,10
-1317661.36580521,1872710.0002051548,16
-1317198.0530886827,1872710.0002051548,16
-1316734.740372155,1872710.0002051548,16
-1316271.4276556277,1872710.0002051548,16
-1315808.1149391,1872710.0002051548,16
-1315344.8022225727,1872710.0002051548,16
-1314881.4895060451,1872710.0002051548,16
-1314418.1767895175,1872710.0002051548,16
-1313954.8640729901,1872710.0002051548,16
-1313491.5513564625,1872710.0002051548,16
-1313028.2386399352,1872710.0002051548,16
-1312564.9259234075,1872710.0002051548,16
-1312101.6132068802,1872710.0002051548,16
-1311638.3004903526,1872710.0002051548,16
-1311174.9877738252,1872710.0002051548,10
-1310711.6750572976,1872710.0002051548,16
-1310248.3623407702,1872710.0002051548,16
-1309785.0496242426,1872710.0002051548,16
-1309321.7369077152,1872710.0002051548,16
-1308858.4241911876,1872710.0002051548,16
-1308395.1114746602,1872710.0002051548,16
-1307931.7987581326,1872710.0002051548,16
-1307468.486041605,1872710.0002051548,16
-1307005.1733250776,1872710.0002051548,16
-1306541.86060855,1872710.0002051548,16
-1306078.5478920226,1872710.0002051548,10
-1305615.235175495,1872710.0002051548,10
-1305151.9224589677,1872710.0002051548,10
-1304688.60974244,1872710.0002051548,16
-1304225.2970259127,1872710.0002051548,16
-1303761.984309385,1872710.0002051548,16
-1303298.6715928577,1872710.0002051548,16
-1302835.35887633,1872710.0002051548,16
-1302372.0461598027,1872710.0002051548,16
-1301908.733443275,1872710.0002051548,16
-1301445.4207267477,1872710.0002051548,10
-1300982.10801022,1872710.0002051548,10
-1300518.7952936925,1872710.0002051548,10
-1300055.4825771651,1872710.0002051548,10
-1299592.1698606375,1872710.0002051548,16
-1299128.8571441101,1872710.0002051548,16
-1298665.5444275825,1872710.0002051548,16
-1298202.2317110552,1872710.0002051548,16
-1297738.9189945275,1872710.0002051548,10
-1297275.6062780002,1872710.0002051548,10
-1296812.2935614726,1872710.0002051548,10
-1296348.9808449452,1872710.0002051548,10
-1295885.6681284176,1872710.0002051548,10
-1295422.3554118902,1872710.0002051548,10
-1294959.0426953626,1872710.0002051548,16
-1294495.7299788352,1872710.0002051548,10
-1294032.4172623076,1872710.0002051548,7
-1293569.10454578,1872710.0002051548,10
-1293105.7918292526,1872710.0002051548,10
-1292642.479112725,1872710.0002051548,10
-1292179.1663961976,1872710.0002051548,10
-1291715.85367967,1872710.0002051548,10
-1291252.5409631426,1872710.0002051548,10
-1290789.228246615,1872710.0002051548,10
-1290325.9155300877,1872710.0002051548,10
-1289862.60281356,1872710.0002051548,10
-1289399.2900970327,1872710.0002051548,10
-1288935.977380505,1872710.0002051548,10
-1288472.6646639777,1872710.0002051548,10
-1288009.35194745,1872710.0002051548,10
-1287546.0392309227,1872710.0002051548,10
-1287082.726514395,1872710.0002051548,10
-1286619.4137978677,1872710.0002051548,10
-1286156.10108134,1872710.0002051548,10
-1285692.7883648127,1872710.0002051548,10
-1285229.4756482851,1872710.0002051548,10
-1284766.1629317575,1872710.0002051548,10
-1284302.8502152301,1872710.0002051548,10
-1283839.5374987025,1872710.0002051548,10
-1283376.2247821752,1872710.0002051548,10
-1282912.9120656475,1872710.0002051548,10
-1282449.5993491202,1872710.0002051548,10
-1281986.2866325926,1872710.0002051548,10
-1281522.9739160652,1872710.0002051548,10
-1281059.6611995376,1872710.0002051548,10
-1280596.3484830102,1872710.0002051548,16
-1280133.0357664826,1872710.0002051548,10
-1279669.7230499552,1872710.0002051548,10
-1279206.4103334276,1872710.0002051548,10
-1278743.0976169002,1872710.0002051548,10
-1278279.7849003726,1872710.0002051548,10
-1277816.472183845,1872710.0002051548,10
-1277353.1594673176,1872710.0002051548,10
-1276889.84675079,1872710.0002051548,10
-1276426.5340342626,1872710.0002051548,10
-1275963.221317735,1872710.0002051548,10
-1275499.9086012077,1872710.0002051548,10
-1275036.59588468,1872710.0002051548,10
-1274573.2831681527,1872710.0002051548,10
-1274109.970451625,1872710.0002051548,10
-1273646.6577350977,1872710.0002051548,10
-1273183.34501857,1872710.0002051548,10
-1272720.0323020427,1872710.0002051548,10
-1272256.719585515,1872710.0002051548,10
-1271793.4068689877,1872710.0002051548,10
-1271330.09415246,1872710.0002051548,10
-1270866.7814359325,1872710.0002051548,10
-1270403.4687194051,1872710.0002051548,10
-1269940.1560028775,1872710.0002051548,10
-1269476.8432863501,1872710.0002051548,10
-1269013.5305698225,1872710.0002051548,10
-1268550.2178532952,1872710.0002051548,10
-1268086.9051367675,1872710.0002051548,10
-1267623.5924202402,1872710.0002051548,10
-1267160.2797037126,1872710.0002051548,10
-1266696.9669871852,1872710.0002051548,10
-1266233.6542706576,1872710.0002051548,10
-1265770.3415541302,1872710.0002051548,10
-1265307.0288376026,1872710.0002051548,10
-1264843.7161210752,1872710.0002051548,10
-1264380.4034045476,1872710.0002051548,10
-1263917.09068802,1872710.0002051548,16
-1263453.7779714926,1872710.0002051548,16
-1262990.465254965,1872710.0002051548,16
-1262527.1525384376,1872710.0002051548,10
-1262063.83982191,1872710.0002051548,10
-1261600.5271053826,1872710.0002051548,10
-1261137.214388855,1872710.0002051548,10
-1260673.9016723277,1872710.0002051548,10
-1260210.5889558,1872710.0002051548,10
-1259747.2762392727,1872710.0002051548,10
-1259283.963522745,1872710.0002051548,10
-1258820.6508062177,1872710.0002051548,10
-1258357.33808969,1872710.0002051548,10
-1257894.0253731627,1872710.0002051548,10
-1257430.712656635,1872710.0002051548,10
-1256967.3999401077,1872710.0002051548,10
-1256504.08722358,1872710.0002051548,10
-1256040.7745070527,1872710.0002051548,10
-1255577.4617905251,1872710.0002051548,10
-1255114.1490739975,1872710.0002051548,10
-1254650.8363574701,1872710.0002051548,10
-1254187.5236409425,1872710.0002051548,10
-1253724.2109244152,1872710.0002051548,10
-1253260.8982078875,1872710.0002051548,10
-1252797.5854913602,1872710.0002051548,10
-1252334.2727748326,1872710.0002051548,10
-1251870.9600583052,1872710.0002051548,10
-1251407.6473417776,1872710.0002051548,10
-1250944.3346252502,1872710.0002051548,10
-1250481.0219087226,1872710.0002051548,10
-1250017.7091921952,1872710.0002051548,10
-1249554.3964756676,1872710.0002051548,10
-1249091.0837591402,1872710.0002051548,10
-1248627.7710426126,1872710.0002051548,10
-1248164.458326085,1872710.0002051548,10
-1247701.1456095576,1872710.0002051548,10
-1247237.83289303,1872710.0002051548,10
-1246774.5201765026,1872710.0002051548,10
-1246311.207459975,1872710.0002051548,10
-1245847.8947434477,1872710.0002051548,10
-1245384.58202692,1872710.0002051548,10
-1244921.2693103927,1872710.0002051548,10
-1244457.956593865,1872710.0002051548,10
-1243994.6438773377,1872710.0002051548,10
-1243531.33116081,1872710.0002051548,10
-1243068.0184442827,1872710.0002051548,10
-1242604.705727755,1872710.0002051548,10
-1242141.3930112277,1872710.0002051548,10
-1241678.0802947,1872710.0002051548,10
-1241214.7675781725,1872710.0002051548,10
-1240751.4548616451,1872710.0002051548,10
-1240288.1421451175,1872710.0002051548,10
-1239824.8294285901,1872710.0002051548,10
-1239361.5167120625,1872710.0002051548,10
-1238898.2039955352,1872710.0002051548,10
-1238434.8912790075,1872710.0002051548,10
-1237971.5785624802,1872710.0002051548,10
-1237508.2658459526,1872710.0002051548,10
-1237044.9531294252,1872710.0002051548,10
-1236581.6404128976,1872710.0002051548,10
-1236118.3276963702,1872710.0002051548,10
-1235655.0149798426,1872710.0002051548,10
-1235191.7022633152,1872710.0002051548,10
-1234728.3895467876,1872710.0002051548,10
-1234265.07683026,1872710.0002051548,10
-1233801.7641137326,1872710.0002051548,10
-1233338.4513972052,1872710.0002051548,10
-1232875.1386806776,1872710.0002051548,10
-1232411.82596415,1872710.0002051548,10
-1231948.5132476226,1872710.0002051548,10
-1231485.200531095,1872710.0002051548,10
-1231021.8878145677,1872710.0002051548,10
-1230558.57509804,1872710.0002051548,10
-1230095.2623815127,1872710.0002051548,10
-1229631.949664985,1872710.0002051548,10
-1229168.6369484577,1872710.0002051548,10
-1228705.32423193,1872710.0002051548,10
-1228242.0115154027,1872710.0002051548,10
-1227778.698798875,1872710.0002051548,10
-1227315.3860823475,1872710.0002051548,10
-1226852.07336582,1872710.0002051548,10
-1226388.7606492927,1872710.0002051548,10
-1225925.4479327651,1872710.0002051548,10
-1225462.1352162375,1872710.0002051548,10
-1224998.8224997101,1872710.0002051548,10
-1224535.5097831825,1872710.0002051548,10
-1224072.1970666551,1872710.0002051548,10
-1223608.8843501275,1872710.0002051548,10
-1223145.5716336002,1872710.0002051548,10
-1222682.2589170726,1872710.0002051548,10
-1222218.9462005452,1872710.0002051548,10
-1221755.6334840176,1872710.0002051548,10
-1221292.3207674902,1872710.0002051548,10
-1220829.0080509626,1872710.0002051548,10
-1220365.6953344352,1872710.0002051548,10
-1219902.3826179076,1872710.0002051548,10
-1219439.0699013802,1872710.0002051548,10
-1218975.7571848526,1872710.0002051548,10
-1218512.444468325,1872710.0002051548,10
-1218049.1317517976,1872710.0002051548,10
-1217585.81903527,1872710.0002051548,10
-1217122.5063187426,1872710.0002051548,10
-1216659.193602215,1872710.0002051548,10
-1216195.8808856877,1872710.0002051548,10
-1215732.56816916,1872710.0002051548,10
-1215269.2554526327,1872710.0002051548,10
-1214805.942736105,1872710.0002051548,10
-1214342.6300195777,1872710.0002051548,10
-1213879.31730305,1872710.0002051548,10
-1213416.0045865227,1872710.0002051548,10
-1212952.691869995,1872710.0002051548,10
-1212489.3791534677,1872710.0002051548,10
-1212026.06643694,1872710.0002051548,10
-1211562.7537204125,1872710.0002051548,10
-1211099.4410038851,1872710.0002051548,10
-1210636.1282873575,1872710.0002051548,10
-1210172.8155708301,1872710.0002051548,10
-1209709.5028543025,1872710.0002051548,10
-1209246.1901377751,1872710.0002051548,10
-1208782.8774212475,1872710.0002051548,10
-1208319.5647047202,1872710.0002051548,10
-1207856.2519881926,1872710.0002051548,10
-1207392.9392716652,1872710.0002051548,10
-1206929.6265551376,1872710.0002051548,10
-1206466.3138386102,1872710.0002051548,10
-1206003.0011220826,1872710.0002051548,10
-1205539.6884055552,1872710.0002051548,10
-1205076.3756890276,1872710.0002051548,10
-1204613.0629725,1872710.0002051548,10
-1204149.7502559726,1872710.0002051548,10
-1203686.4375394452,1872710.0002051548,10
-1203223.1248229176,1872710.0002051548,10
-1202759.81210639,1872710.0002051548,10
-1202296.4993898626,1872710.0002051548,10
-1201833.186673335,1872710.0002051548,10
-1201369.8739568077,1872710.0002051548,10
-1200906.56124028,1872710.0002051548,10
-1200443.2485237527,1872710.0002051548,10
-1199979.935807225,1872710.0002051548,10
-1199516.6230906977,1872710.0002051548,10
-1199053.31037417,1872710.0002051548,10
-1198589.9976576427,1872710.0002051548,10
-1198126.684941115,1872710.0002051548,10
-1197663.3722245875,1872710.0002051548,10
-1197200.05950806,1872710.0002051548,10
-1196736.7467915327,1872710.0002051548,10
-1196273.4340750051,1872710.0002051548,10
-1195810.1213584775,1872710.0002051548,10
-1195346.8086419501,1872710.0002051548,10
-1194883.4959254225,1872710.0002051548,10
-1194420.1832088951,1872710.0002051548,10
-1193956.8704923675,1872710.0002051548,10
-1193493.5577758402,1872710.0002051548,10
-1193030.2450593126,1872710.0002051548,10
-1192566.9323427852,1872710.0002051548,10
-1192103.6196262576,1872710.0002051548,10
-1191640.3069097302,1872710.0002051548,10
-1191176.9941932026,1872710.0002051548,10
-1190713.6814766752,1872710.0002051548,10
-1190250.3687601476,1872710.0002051548,10
-1189787.0560436202,1872710.0002051548,10
-1189323.7433270926,1872710.0002051548,10
-1188860.430610565,1872710.0002051548,10
-1188397.1178940376,1872710.0002051548,10
-1187933.80517751,1872710.0002051548,10
-1187470.4924609826,1872710.0002051548,10
-1187007.179744455,1872710.0002051548,10
-1186543.8670279277,1872710.0002051548,10
-1186080.5543114,1872710.0002051548,10
-1185617.2415948727,1872710.0002051548,10
-1185153.928878345,1872710.0002051548,10
-1184690.6161618177,1872710.0002051548,10
-1184227.30344529,1872710.0002051548,10
-1183763.9907287627,1872710.0002051548,10
-1183300.678012235,1872710.0002051548,10
-1182837.3652957077,1872710.0002051548,10
-1182374.05257918,1872710.0002051548,10
-1181910.7398626525,1872710.0002051548,10
-1181447.4271461251,1872710.0002051548,10
-1180984.1144295975,1872710.0002051548,10
-1180520.8017130701,1872710.0002051548,10
-1180057.4889965425,1872710.0002051548,10
-1179594.1762800151,1872710.0002051548,10
-1179130.8635634875,1872710.0002051548,10
-1178667.5508469602,1872710.0002051548,10
-1178204.2381304326,1872710.0002051548,10
-1177740.9254139052,1872710.0002051548,10
-1177277.6126973776,1872710.0002051548,10
-1176814.2999808502,1872710.0002051548,10
-1176350.9872643226,1872710.0002051548,10
-1175887.6745477952,1872710.0002051548,10
-1175424.3618312676,1872710.0002051548,10
-1174961.04911474,1872710.0002051548,10
-1174497.7363982126,1872710.0002051548,10
-1174034.4236816852,1872710.0002051548,10
-1173571.1109651576,1872710.0002051548,10
-1173107.79824863,1872710.0002051548,10
-1172644.4855321026,1872710.0002051548,10
-1172181.172815575,1872710.0002051548,10
-1171717.8600990477,1872710.0002051548,10
-1171254.54738252,1872710.0002051548,7
-1170791.2346659927,1872710.0002051548,7
-1170327.921949465,1872710.0002051548,10
-1169864.6092329377,1872710.0002051548,10
-1169401.29651641,1872710.0002051548,10
-1363066.012024905,1872246.6874886272,16
-1362602.6993083777,1872246.6874886272,16
-1362139.38659185,1872246.6874886272,16
-1361676.0738753227,1872246.6874886272,16
-1361212.761158795,1872246.6874886272,16
-1360749.4484422677,1872246.6874886272,10
-1360286.13572574,1872246.6874886272,10
-1359822.8230092125,1872246.6874886272,10
-1359359.5102926851,1872246.6874886272,16
-1358896.1975761575,1872246.6874886272,16
-1358432.8848596301,1872246.6874886272,16
-1357969.5721431025,1872246.6874886272,16
-1357506.2594265752,1872246.6874886272,16
-1357042.9467100475,1872246.6874886272,16
-1356579.6339935202,1872246.6874886272,16
-1356116.3212769926,1872246.6874886272,16
-1355653.0085604652,1872246.6874886272,16
-1355189.6958439376,1872246.6874886272,16
-1354726.3831274102,1872246.6874886272,16
-1354263.0704108826,1872246.6874886272,16
-1353799.7576943552,1872246.6874886272,16
-1353336.4449778276,1872246.6874886272,16
-1352873.1322613002,1872246.6874886272,16
-1352409.8195447726,1872246.6874886272,16
-1351946.506828245,1872246.6874886272,16
-1351483.1941117176,1872246.6874886272,16
-1351019.88139519,1872246.6874886272,16
-1350556.5686786626,1872246.6874886272,16
-1350093.255962135,1872246.6874886272,16
-1349629.9432456077,1872246.6874886272,16
-1349166.63052908,1872246.6874886272,16
-1348703.3178125527,1872246.6874886272,16
-1348240.005096025,1872246.6874886272,16
-1347776.6923794977,1872246.6874886272,10
-1347313.37966297,1872246.6874886272,10
-1346850.0669464427,1872246.6874886272,16
-1346386.754229915,1872246.6874886272,16
-1345923.4415133877,1872246.6874886272,16
-1345460.12879686,1872246.6874886272,16
-1344996.8160803327,1872246.6874886272,10
-1344533.5033638051,1872246.6874886272,10
-1344070.1906472775,1872246.6874886272,10
-1343606.8779307501,1872246.6874886272,16
-1343143.5652142225,1872246.6874886272,16
-1342680.2524976952,1872246.6874886272,16
-1342216.9397811675,1872246.6874886272,16
-1341753.6270646402,1872246.6874886272,16
-1341290.3143481126,1872246.6874886272,16
-1340827.0016315852,1872246.6874886272,16
-1340363.6889150576,1872246.6874886272,16
-1339900.3761985302,1872246.6874886272,16
-1339437.0634820026,1872246.6874886272,16
-1338973.7507654752,1872246.6874886272,16
-1338510.4380489476,1872246.6874886272,16
-1338047.1253324202,1872246.6874886272,16
-1337583.8126158926,1872246.6874886272,16
-1337120.499899365,1872246.6874886272,16
-1336657.1871828376,1872246.6874886272,16
-1336193.87446631,1872246.6874886272,16
-1335730.5617497826,1872246.6874886272,16
-1335267.249033255,1872246.6874886272,16
-1334803.9363167277,1872246.6874886272,16
-1334340.6236002,1872246.6874886272,16
-1333877.3108836727,1872246.6874886272,16
-1333413.998167145,1872246.6874886272,16
-1332950.6854506177,1872246.6874886272,16
-1332487.37273409,1872246.6874886272,16
-1332024.0600175627,1872246.6874886272,16
-1331560.747301035,1872246.6874886272,16
-1331097.4345845077,1872246.6874886272,16
-1330634.12186798,1872246.6874886272,16
-1330170.8091514525,1872246.6874886272,16
-1329707.4964349251,1872246.6874886272,16
-1329244.1837183975,1872246.6874886272,16
-1328780.8710018701,1872246.6874886272,16
-1328317.5582853425,1872246.6874886272,16
-1327854.2455688152,1872246.6874886272,16
-1327390.9328522875,1872246.6874886272,16
-1326927.6201357602,1872246.6874886272,16
-1326464.3074192326,1872246.6874886272,16
-1326000.9947027052,1872246.6874886272,16
-1325537.6819861776,1872246.6874886272,16
-1325074.3692696502,1872246.6874886272,16
-1324611.0565531226,1872246.6874886272,16
-1324147.7438365952,1872246.6874886272,16
-1323684.4311200676,1872246.6874886272,16
-1323221.11840354,1872246.6874886272,16
-1322757.8056870126,1872246.6874886272,16
-1322294.492970485,1872246.6874886272,16
-1321831.1802539576,1872246.6874886272,16
-1321367.86753743,1872246.6874886272,16
-1320904.5548209026,1872246.6874886272,16
-1320441.242104375,1872246.6874886272,16
-1319977.9293878477,1872246.6874886272,16
-1319514.61667132,1872246.6874886272,16
-1319051.3039547927,1872246.6874886272,16
-1318587.991238265,1872246.6874886272,16
-1318124.6785217377,1872246.6874886272,16
-1317661.36580521,1872246.6874886272,16
-1317198.0530886827,1872246.6874886272,16
-1316734.740372155,1872246.6874886272,16
-1316271.4276556277,1872246.6874886272,16
-1315808.1149391,1872246.6874886272,16
-1315344.8022225727,1872246.6874886272,16
-1314881.4895060451,1872246.6874886272,16
-1314418.1767895175,1872246.6874886272,16
-1313954.8640729901,1872246.6874886272,16
-1313491.5513564625,1872246.6874886272,16
-1313028.2386399352,1872246.6874886272,16
-1312564.9259234075,1872246.6874886272,16
-1312101.6132068802,1872246.6874886272,16
-1311638.3004903526,1872246.6874886272,16
-1311174.9877738252,1872246.6874886272,10
-1310711.6750572976,1872246.6874886272,10
-1310248.3623407702,1872246.6874886272,10
-1309785.0496242426,1872246.6874886272,10
-1309321.7369077152,1872246.6874886272,10
-1308858.4241911876,1872246.6874886272,10
-1308395.1114746602,1872246.6874886272,16
-1307931.7987581326,1872246.6874886272,16
-1307468.486041605,1872246.6874886272,16
-1307005.1733250776,1872246.6874886272,16
-1306541.86060855,1872246.6874886272,16
-1306078.5478920226,1872246.6874886272,10
-1305615.235175495,1872246.6874886272,10
-1305151.9224589677,1872246.6874886272,10
-1304688.60974244,1872246.6874886272,16
-1304225.2970259127,1872246.6874886272,16
-1303761.984309385,1872246.6874886272,16
-1303298.6715928577,1872246.6874886272,16
-1302835.35887633,1872246.6874886272,16
-1302372.0461598027,1872246.6874886272,16
-1301908.733443275,1872246.6874886272,16
-1301445.4207267477,1872246.6874886272,16
-1300982.10801022,1872246.6874886272,10
-1300518.7952936925,1872246.6874886272,10
-1300055.4825771651,1872246.6874886272,16
-1299592.1698606375,1872246.6874886272,16
-1299128.8571441101,1872246.6874886272,16
-1298665.5444275825,1872246.6874886272,16
-1298202.2317110552,1872246.6874886272,10
-1297738.9189945275,1872246.6874886272,10
-1297275.6062780002,1872246.6874886272,16
-1296812.2935614726,1872246.6874886272,16
-1296348.9808449452,1872246.6874886272,10
-1295885.6681284176,1872246.6874886272,10
-1295422.3554118902,1872246.6874886272,10
-1294959.0426953626,1872246.6874886272,10
-1294495.7299788352,1872246.6874886272,10
-1294032.4172623076,1872246.6874886272,10
-1293569.10454578,1872246.6874886272,10
-1293105.7918292526,1872246.6874886272,10
-1292642.479112725,1872246.6874886272,10
-1292179.1663961976,1872246.6874886272,10
-1291715.85367967,1872246.6874886272,10
-1291252.5409631426,1872246.6874886272,10
-1290789.228246615,1872246.6874886272,10
-1290325.9155300877,1872246.6874886272,10
-1289862.60281356,1872246.6874886272,10
-1289399.2900970327,1872246.6874886272,10
-1288935.977380505,1872246.6874886272,10
-1288472.6646639777,1872246.6874886272,10
-1288009.35194745,1872246.6874886272,10
-1287546.0392309227,1872246.6874886272,10
-1287082.726514395,1872246.6874886272,10
-1286619.4137978677,1872246.6874886272,10
-1286156.10108134,1872246.6874886272,10
-1285692.7883648127,1872246.6874886272,10
-1285229.4756482851,1872246.6874886272,10
-1284766.1629317575,1872246.6874886272,10
-1284302.8502152301,1872246.6874886272,10
-1283839.5374987025,1872246.6874886272,10
-1283376.2247821752,1872246.6874886272,10
-1282912.9120656475,1872246.6874886272,10
-1282449.5993491202,1872246.6874886272,10
-1281986.2866325926,1872246.6874886272,10
-1281522.9739160652,1872246.6874886272,16
-1281059.6611995376,1872246.6874886272,16
-1280596.3484830102,1872246.6874886272,10
-1280133.0357664826,1872246.6874886272,10
-1279669.7230499552,1872246.6874886272,10
-1279206.4103334276,1872246.6874886272,10
-1278743.0976169002,1872246.6874886272,10
-1278279.7849003726,1872246.6874886272,10
-1277816.472183845,1872246.6874886272,10
-1277353.1594673176,1872246.6874886272,10
-1276889.84675079,1872246.6874886272,10
-1276426.5340342626,1872246.6874886272,10
-1275963.221317735,1872246.6874886272,10
-1275499.9086012077,1872246.6874886272,10
-1275036.59588468,1872246.6874886272,10
-1274573.2831681527,1872246.6874886272,10
-1274109.970451625,1872246.6874886272,10
-1273646.6577350977,1872246.6874886272,10
-1273183.34501857,1872246.6874886272,10
-1272720.0323020427,1872246.6874886272,10
-1272256.719585515,1872246.6874886272,10
-1271793.4068689877,1872246.6874886272,10
-1271330.09415246,1872246.6874886272,10
-1270866.7814359325,1872246.6874886272,16
-1270403.4687194051,1872246.6874886272,16
-1269940.1560028775,1872246.6874886272,16
-1269476.8432863501,1872246.6874886272,10
-1269013.5305698225,1872246.6874886272,10
-1268550.2178532952,1872246.6874886272,10
-1268086.9051367675,1872246.6874886272,10
-1267623.5924202402,1872246.6874886272,10
-1267160.2797037126,1872246.6874886272,10
-1266696.9669871852,1872246.6874886272,10
-1266233.6542706576,1872246.6874886272,10
-1265770.3415541302,1872246.6874886272,10
-1265307.0288376026,1872246.6874886272,16
-1264843.7161210752,1872246.6874886272,10
-1264380.4034045476,1872246.6874886272,10
-1263917.09068802,1872246.6874886272,10
-1263453.7779714926,1872246.6874886272,16
-1262990.465254965,1872246.6874886272,16
-1262527.1525384376,1872246.6874886272,16
-1262063.83982191,1872246.6874886272,16
-1261600.5271053826,1872246.6874886272,10
-1261137.214388855,1872246.6874886272,10
-1260673.9016723277,1872246.6874886272,10
-1260210.5889558,1872246.6874886272,10
-1259747.2762392727,1872246.6874886272,10
-1259283.963522745,1872246.6874886272,10
-1258820.6508062177,1872246.6874886272,10
-1258357.33808969,1872246.6874886272,10
-1257894.0253731627,1872246.6874886272,10
-1257430.712656635,1872246.6874886272,10
-1256967.3999401077,1872246.6874886272,10
-1256504.08722358,1872246.6874886272,10
-1256040.7745070527,1872246.6874886272,10
-1255577.4617905251,1872246.6874886272,10
-1255114.1490739975,1872246.6874886272,10
-1254650.8363574701,1872246.6874886272,10
-1254187.5236409425,1872246.6874886272,10
-1253724.2109244152,1872246.6874886272,10
-1253260.8982078875,1872246.6874886272,10
-1252797.5854913602,1872246.6874886272,10
-1252334.2727748326,1872246.6874886272,10
-1251870.9600583052,1872246.6874886272,10
-1251407.6473417776,1872246.6874886272,10
-1250944.3346252502,1872246.6874886272,10
-1250481.0219087226,1872246.6874886272,10
-1250017.7091921952,1872246.6874886272,10
-1249554.3964756676,1872246.6874886272,10
-1249091.0837591402,1872246.6874886272,10
-1248627.7710426126,1872246.6874886272,10
-1248164.458326085,1872246.6874886272,10
-1247701.1456095576,1872246.6874886272,10
-1247237.83289303,1872246.6874886272,10
-1246774.5201765026,1872246.6874886272,10
-1246311.207459975,1872246.6874886272,10
-1245847.8947434477,1872246.6874886272,10
-1245384.58202692,1872246.6874886272,10
-1244921.2693103927,1872246.6874886272,10
-1244457.956593865,1872246.6874886272,10
-1243994.6438773377,1872246.6874886272,10
-1243531.33116081,1872246.6874886272,10
-1243068.0184442827,1872246.6874886272,10
-1242604.705727755,1872246.6874886272,10
-1242141.3930112277,1872246.6874886272,10
-1241678.0802947,1872246.6874886272,10
-1241214.7675781725,1872246.6874886272,10
-1240751.4548616451,1872246.6874886272,10
-1240288.1421451175,1872246.6874886272,10
-1239824.8294285901,1872246.6874886272,10
-1239361.5167120625,1872246.6874886272,10
-1238898.2039955352,1872246.6874886272,10
-1238434.8912790075,1872246.6874886272,10
-1237971.5785624802,1872246.6874886272,10
-1237508.2658459526,1872246.6874886272,10
-1237044.9531294252,1872246.6874886272,10
-1236581.6404128976,1872246.6874886272,10
-1236118.3276963702,1872246.6874886272,10
-1235655.0149798426,1872246.6874886272,10
-1235191.7022633152,1872246.6874886272,10
-1234728.3895467876,1872246.6874886272,10
-1234265.07683026,1872246.6874886272,10
-1233801.7641137326,1872246.6874886272,10
-1233338.4513972052,1872246.6874886272,10
-1232875.1386806776,1872246.6874886272,10
-1232411.82596415,1872246.6874886272,10
-1231948.5132476226,1872246.6874886272,10
-1231485.200531095,1872246.6874886272,10
-1231021.8878145677,1872246.6874886272,10
-1230558.57509804,1872246.6874886272,10
-1230095.2623815127,1872246.6874886272,10
-1229631.949664985,1872246.6874886272,10
-1229168.6369484577,1872246.6874886272,10
-1228705.32423193,1872246.6874886272,10
-1228242.0115154027,1872246.6874886272,10
-1227778.698798875,1872246.6874886272,10
-1227315.3860823475,1872246.6874886272,10
-1226852.07336582,1872246.6874886272,10
-1226388.7606492927,1872246.6874886272,10
-1225925.4479327651,1872246.6874886272,10
-1225462.1352162375,1872246.6874886272,10
-1224998.8224997101,1872246.6874886272,10
-1224535.5097831825,1872246.6874886272,10
-1224072.1970666551,1872246.6874886272,10
-1223608.8843501275,1872246.6874886272,10
-1223145.5716336002,1872246.6874886272,10
-1222682.2589170726,1872246.6874886272,10
-1222218.9462005452,1872246.6874886272,10
-1221755.6334840176,1872246.6874886272,10
-1221292.3207674902,1872246.6874886272,10
-1220829.0080509626,1872246.6874886272,10
-1220365.6953344352,1872246.6874886272,10
-1219902.3826179076,1872246.6874886272,10
-1219439.0699013802,1872246.6874886272,10
-1218975.7571848526,1872246.6874886272,10
-1218512.444468325,1872246.6874886272,10
-1218049.1317517976,1872246.6874886272,10
-1217585.81903527,1872246.6874886272,10
-1217122.5063187426,1872246.6874886272,10
-1216659.193602215,1872246.6874886272,10
-1216195.8808856877,1872246.6874886272,10
-1215732.56816916,1872246.6874886272,10
-1215269.2554526327,1872246.6874886272,10
-1214805.942736105,1872246.6874886272,10
-1214342.6300195777,1872246.6874886272,10
-1213879.31730305,1872246.6874886272,10
-1213416.0045865227,1872246.6874886272,10
-1212952.691869995,1872246.6874886272,10
-1212489.3791534677,1872246.6874886272,10
-1212026.06643694,1872246.6874886272,10
-1211562.7537204125,1872246.6874886272,10
-1211099.4410038851,1872246.6874886272,10
-1210636.1282873575,1872246.6874886272,10
-1210172.8155708301,1872246.6874886272,10
-1209709.5028543025,1872246.6874886272,10
-1209246.1901377751,1872246.6874886272,10
-1208782.8774212475,1872246.6874886272,10
-1208319.5647047202,1872246.6874886272,10
-1207856.2519881926,1872246.6874886272,10
-1207392.9392716652,1872246.6874886272,10
-1206929.6265551376,1872246.6874886272,10
-1206466.3138386102,1872246.6874886272,10
-1206003.0011220826,1872246.6874886272,10
-1205539.6884055552,1872246.6874886272,10
-1205076.3756890276,1872246.6874886272,10
-1204613.0629725,1872246.6874886272,10
-1204149.7502559726,1872246.6874886272,10
-1203686.4375394452,1872246.6874886272,10
-1203223.1248229176,1872246.6874886272,10
-1202759.81210639,1872246.6874886272,10
-1202296.4993898626,1872246.6874886272,10
-1201833.186673335,1872246.6874886272,10
-1201369.8739568077,1872246.6874886272,10
-1200906.56124028,1872246.6874886272,10
-1200443.2485237527,1872246.6874886272,10
-1199979.935807225,1872246.6874886272,10
-1199516.6230906977,1872246.6874886272,10
-1199053.31037417,1872246.6874886272,10
-1198589.9976576427,1872246.6874886272,10
-1198126.684941115,1872246.6874886272,10
-1197663.3722245875,1872246.6874886272,10
-1197200.05950806,1872246.6874886272,10
-1196736.7467915327,1872246.6874886272,10
-1196273.4340750051,1872246.6874886272,10
-1195810.1213584775,1872246.6874886272,10
-1195346.8086419501,1872246.6874886272,10
-1194883.4959254225,1872246.6874886272,10
-1194420.1832088951,1872246.6874886272,10
-1193956.8704923675,1872246.6874886272,10
-1193493.5577758402,1872246.6874886272,10
-1193030.2450593126,1872246.6874886272,10
-1192566.9323427852,1872246.6874886272,10
-1192103.6196262576,1872246.6874886272,10
-1191640.3069097302,1872246.6874886272,10
-1191176.9941932026,1872246.6874886272,10
-1190713.6814766752,1872246.6874886272,10
-1190250.3687601476,1872246.6874886272,10
-1189787.0560436202,1872246.6874886272,10
-1189323.7433270926,1872246.6874886272,10
-1188860.430610565,1872246.6874886272,10
-1188397.1178940376,1872246.6874886272,10
-1187933.80517751,1872246.6874886272,10
-1187470.4924609826,1872246.6874886272,10
-1187007.179744455,1872246.6874886272,10
-1186543.8670279277,1872246.6874886272,10
-1186080.5543114,1872246.6874886272,10
-1185617.2415948727,1872246.6874886272,10
-1185153.928878345,1872246.6874886272,10
-1184690.6161618177,1872246.6874886272,10
-1184227.30344529,1872246.6874886272,10
-1183763.9907287627,1872246.6874886272,10
-1183300.678012235,1872246.6874886272,10
-1182837.3652957077,1872246.6874886272,10
-1182374.05257918,1872246.6874886272,10
-1181910.7398626525,1872246.6874886272,10
-1181447.4271461251,1872246.6874886272,10
-1180984.1144295975,1872246.6874886272,10
-1180520.8017130701,1872246.6874886272,10
-1180057.4889965425,1872246.6874886272,10
-1179594.1762800151,1872246.6874886272,10
-1179130.8635634875,1872246.6874886272,10
-1178667.5508469602,1872246.6874886272,10
-1178204.2381304326,1872246.6874886272,10
-1177740.9254139052,1872246.6874886272,10
-1177277.6126973776,1872246.6874886272,10
-1176814.2999808502,1872246.6874886272,10
-1176350.9872643226,1872246.6874886272,10
-1175887.6745477952,1872246.6874886272,10
-1175424.3618312676,1872246.6874886272,10
-1174961.04911474,1872246.6874886272,10
-1174497.7363982126,1872246.6874886272,10
-1174034.4236816852,1872246.6874886272,10
-1173571.1109651576,1872246.6874886272,10
-1173107.79824863,1872246.6874886272,10
-1172644.4855321026,1872246.6874886272,10
-1172181.172815575,1872246.6874886272,10
-1171717.8600990477,1872246.6874886272,10
-1171254.54738252,1872246.6874886272,10
-1170791.2346659927,1872246.6874886272,10
-1170327.921949465,1872246.6874886272,10
-1169864.6092329377,1872246.6874886272,10
-1169401.29651641,1872246.6874886272,10
-1363066.012024905,1871783.3747720998,16
-1362602.6993083777,1871783.3747720998,16
-1362139.38659185,1871783.3747720998,16
-1361676.0738753227,1871783.3747720998,16
-1361212.761158795,1871783.3747720998,16
-1360749.4484422677,1871783.3747720998,10
-1360286.13572574,1871783.3747720998,10
-1359822.8230092125,1871783.3747720998,10
-1359359.5102926851,1871783.3747720998,16
-1358896.1975761575,1871783.3747720998,16
-1358432.8848596301,1871783.3747720998,16
-1357969.5721431025,1871783.3747720998,16
-1357506.2594265752,1871783.3747720998,16
-1357042.9467100475,1871783.3747720998,16
-1356579.6339935202,1871783.3747720998,16
-1356116.3212769926,1871783.3747720998,16
-1355653.0085604652,1871783.3747720998,16
-1355189.6958439376,1871783.3747720998,16
-1354726.3831274102,1871783.3747720998,16
-1354263.0704108826,1871783.3747720998,16
-1353799.7576943552,1871783.3747720998,16
-1353336.4449778276,1871783.3747720998,16
-1352873.1322613002,1871783.3747720998,16
-1352409.8195447726,1871783.3747720998,16
-1351946.506828245,1871783.3747720998,16
-1351483.1941117176,1871783.3747720998,16
-1351019.88139519,1871783.3747720998,16
-1350556.5686786626,1871783.3747720998,16
-1350093.255962135,1871783.3747720998,16
-1349629.9432456077,1871783.3747720998,16
-1349166.63052908,1871783.3747720998,16
-1348703.3178125527,1871783.3747720998,16
-1348240.005096025,1871783.3747720998,16
-1347776.6923794977,1871783.3747720998,10
-1347313.37966297,1871783.3747720998,10
-1346850.0669464427,1871783.3747720998,16
-1346386.754229915,1871783.3747720998,16
-1345923.4415133877,1871783.3747720998,16
-1345460.12879686,1871783.3747720998,16
-1344996.8160803327,1871783.3747720998,10
-1344533.5033638051,1871783.3747720998,10
-1344070.1906472775,1871783.3747720998,10
-1343606.8779307501,1871783.3747720998,16
-1343143.5652142225,1871783.3747720998,16
-1342680.2524976952,1871783.3747720998,16
-1342216.9397811675,1871783.3747720998,16
-1341753.6270646402,1871783.3747720998,16
-1341290.3143481126,1871783.3747720998,16
-1340827.0016315852,1871783.3747720998,16
-1340363.6889150576,1871783.3747720998,16
-1339900.3761985302,1871783.3747720998,16
-1339437.0634820026,1871783.3747720998,16
-1338973.7507654752,1871783.3747720998,16
-1338510.4380489476,1871783.3747720998,16
-1338047.1253324202,1871783.3747720998,16
-1337583.8126158926,1871783.3747720998,16
-1337120.499899365,1871783.3747720998,16
-1336657.1871828376,1871783.3747720998,16
-1336193.87446631,1871783.3747720998,16
-1335730.5617497826,1871783.3747720998,16
-1335267.249033255,1871783.3747720998,16
-1334803.9363167277,1871783.3747720998,16
-1334340.6236002,1871783.3747720998,16
-1333877.3108836727,1871783.3747720998,16
-1333413.998167145,1871783.3747720998,16
-1332950.6854506177,1871783.3747720998,16
-1332487.37273409,1871783.3747720998,16
-1332024.0600175627,1871783.3747720998,16
-1331560.747301035,1871783.3747720998,16
-1331097.4345845077,1871783.3747720998,16
-1330634.12186798,1871783.3747720998,16
-1330170.8091514525,1871783.3747720998,16
-1329707.4964349251,1871783.3747720998,16
-1329244.1837183975,1871783.3747720998,16
-1328780.8710018701,1871783.3747720998,16
-1328317.5582853425,1871783.3747720998,16
-1327854.2455688152,1871783.3747720998,16
-1327390.9328522875,1871783.3747720998,16
-1326927.6201357602,1871783.3747720998,16
-1326464.3074192326,1871783.3747720998,16
-1326000.9947027052,1871783.3747720998,16
-1325537.6819861776,1871783.3747720998,16
-1325074.3692696502,1871783.3747720998,16
-1324611.0565531226,1871783.3747720998,16
-1324147.7438365952,1871783.3747720998,16
-1323684.4311200676,1871783.3747720998,16
-1323221.11840354,1871783.3747720998,16
-1322757.8056870126,1871783.3747720998,16
-1322294.492970485,1871783.3747720998,16
-1321831.1802539576,1871783.3747720998,16
-1321367.86753743,1871783.3747720998,16
-1320904.5548209026,1871783.3747720998,16
-1320441.242104375,1871783.3747720998,16
-1319977.9293878477,1871783.3747720998,16
-1319514.61667132,1871783.3747720998,16
-1319051.3039547927,1871783.3747720998,16
-1318587.991238265,1871783.3747720998,16
-1318124.6785217377,1871783.3747720998,16
-1317661.36580521,1871783.3747720998,16
-1317198.0530886827,1871783.3747720998,16
-1316734.740372155,1871783.3747720998,16
-1316271.4276556277,1871783.3747720998,16
-1315808.1149391,1871783.3747720998,16
-1315344.8022225727,1871783.3747720998,16
-1314881.4895060451,1871783.3747720998,16
-1314418.1767895175,1871783.3747720998,16
-1313954.8640729901,1871783.3747720998,16
-1313491.5513564625,1871783.3747720998,16
-1313028.2386399352,1871783.3747720998,16
-1312564.9259234075,1871783.3747720998,16
-1312101.6132068802,1871783.3747720998,16
-1311638.3004903526,1871783.3747720998,16
-1311174.9877738252,1871783.3747720998,16
-1310711.6750572976,1871783.3747720998,10
-1310248.3623407702,1871783.3747720998,10
-1309785.0496242426,1871783.3747720998,16
-1309321.7369077152,1871783.3747720998,10
-1308858.4241911876,1871783.3747720998,10
-1308395.1114746602,1871783.3747720998,10
-1307931.7987581326,1871783.3747720998,10
-1307468.486041605,1871783.3747720998,10
-1307005.1733250776,1871783.3747720998,16
-1306541.86060855,1871783.3747720998,16
-1306078.5478920226,1871783.3747720998,10
-1305615.235175495,1871783.3747720998,10
-1305151.9224589677,1871783.3747720998,10
-1304688.60974244,1871783.3747720998,10
-1304225.2970259127,1871783.3747720998,16
-1303761.984309385,1871783.3747720998,16
-1303298.6715928577,1871783.3747720998,16
-1302835.35887633,1871783.3747720998,16
-1302372.0461598027,1871783.3747720998,16
-1301908.733443275,1871783.3747720998,16
-1301445.4207267477,1871783.3747720998,10
-1300982.10801022,1871783.3747720998,10
-1300518.7952936925,1871783.3747720998,10
-1300055.4825771651,1871783.3747720998,10
-1299592.1698606375,1871783.3747720998,16
-1299128.8571441101,1871783.3747720998,16
-1298665.5444275825,1871783.3747720998,16
-1298202.2317110552,1871783.3747720998,10
-1297738.9189945275,1871783.3747720998,10
-1297275.6062780002,1871783.3747720998,10
-1296812.2935614726,1871783.3747720998,10
-1296348.9808449452,1871783.3747720998,10
-1295885.6681284176,1871783.3747720998,10
-1295422.3554118902,1871783.3747720998,10
-1294959.0426953626,1871783.3747720998,10
-1294495.7299788352,1871783.3747720998,10
-1294032.4172623076,1871783.3747720998,10
-1293569.10454578,1871783.3747720998,10
-1293105.7918292526,1871783.3747720998,10
-1292642.479112725,1871783.3747720998,10
-1292179.1663961976,1871783.3747720998,10
-1291715.85367967,1871783.3747720998,10
-1291252.5409631426,1871783.3747720998,10
-1290789.228246615,1871783.3747720998,10
-1290325.9155300877,1871783.3747720998,10
-1289862.60281356,1871783.3747720998,10
-1289399.2900970327,1871783.3747720998,10
-1288935.977380505,1871783.3747720998,10
-1288472.6646639777,1871783.3747720998,10
-1288009.35194745,1871783.3747720998,10
-1287546.0392309227,1871783.3747720998,10
-1287082.726514395,1871783.3747720998,10
-1286619.4137978677,1871783.3747720998,10
-1286156.10108134,1871783.3747720998,10
-1285692.7883648127,1871783.3747720998,10
-1285229.4756482851,1871783.3747720998,10
-1284766.1629317575,1871783.3747720998,10
-1284302.8502152301,1871783.3747720998,10
-1283839.5374987025,1871783.3747720998,10
-1283376.2247821752,1871783.3747720998,10
-1282912.9120656475,1871783.3747720998,10
-1282449.5993491202,1871783.3747720998,16
-1281986.2866325926,1871783.3747720998,16
-1281522.9739160652,1871783.3747720998,16
-1281059.6611995376,1871783.3747720998,16
-1280596.3484830102,1871783.3747720998,10
-1280133.0357664826,1871783.3747720998,10
-1279669.7230499552,1871783.3747720998,10
-1279206.4103334276,1871783.3747720998,10
-1278743.0976169002,1871783.3747720998,10
-1278279.7849003726,1871783.3747720998,10
-1277816.472183845,1871783.3747720998,10
-1277353.1594673176,1871783.3747720998,10
-1276889.84675079,1871783.3747720998,10
-1276426.5340342626,1871783.3747720998,10
-1275963.221317735,1871783.3747720998,10
-1275499.9086012077,1871783.3747720998,10
-1275036.59588468,1871783.3747720998,10
-1274573.2831681527,1871783.3747720998,10
-1274109.970451625,1871783.3747720998,10
-1273646.6577350977,1871783.3747720998,10
-1273183.34501857,1871783.3747720998,10
-1272720.0323020427,1871783.3747720998,10
-1272256.719585515,1871783.3747720998,10
-1271793.4068689877,1871783.3747720998,10
-1271330.09415246,1871783.3747720998,10
-1270866.7814359325,1871783.3747720998,16
-1270403.4687194051,1871783.3747720998,10
-1269940.1560028775,1871783.3747720998,16
-1269476.8432863501,1871783.3747720998,10
-1269013.5305698225,1871783.3747720998,10
-1268550.2178532952,1871783.3747720998,10
-1268086.9051367675,1871783.3747720998,10
-1267623.5924202402,1871783.3747720998,10
-1267160.2797037126,1871783.3747720998,10
-1266696.9669871852,1871783.3747720998,10
-1266233.6542706576,1871783.3747720998,10
-1265770.3415541302,1871783.3747720998,10
-1265307.0288376026,1871783.3747720998,10
-1264843.7161210752,1871783.3747720998,10
-1264380.4034045476,1871783.3747720998,10
-1263917.09068802,1871783.3747720998,10
-1263453.7779714926,1871783.3747720998,10
-1262990.465254965,1871783.3747720998,16
-1262527.1525384376,1871783.3747720998,16
-1262063.83982191,1871783.3747720998,16
-1261600.5271053826,1871783.3747720998,16
-1261137.214388855,1871783.3747720998,16
-1260673.9016723277,1871783.3747720998,10
-1260210.5889558,1871783.3747720998,10
-1259747.2762392727,1871783.3747720998,10
-1259283.963522745,1871783.3747720998,10
-1258820.6508062177,1871783.3747720998,10
-1258357.33808969,1871783.3747720998,10
-1257894.0253731627,1871783.3747720998,10
-1257430.712656635,1871783.3747720998,10
-1256967.3999401077,1871783.3747720998,10
-1256504.08722358,1871783.3747720998,10
-1256040.7745070527,1871783.3747720998,10
-1255577.4617905251,1871783.3747720998,10
-1255114.1490739975,1871783.3747720998,10
-1254650.8363574701,1871783.3747720998,10
-1254187.5236409425,1871783.3747720998,10
-1253724.2109244152,1871783.3747720998,10
-1253260.8982078875,1871783.3747720998,10
-1252797.5854913602,1871783.3747720998,10
-1252334.2727748326,1871783.3747720998,10
-1251870.9600583052,1871783.3747720998,10
-1251407.6473417776,1871783.3747720998,10
-1250944.3346252502,1871783.3747720998,10
-1250481.0219087226,1871783.3747720998,10
-1250017.7091921952,1871783.3747720998,10
-1249554.3964756676,1871783.3747720998,10
-1249091.0837591402,1871783.3747720998,10
-1248627.7710426126,1871783.3747720998,10
-1248164.458326085,1871783.3747720998,10
-1247701.1456095576,1871783.3747720998,10
-1247237.83289303,1871783.3747720998,10
-1246774.5201765026,1871783.3747720998,10
-1246311.207459975,1871783.3747720998,10
-1245847.8947434477,1871783.3747720998,10
-1245384.58202692,1871783.3747720998,10
-1244921.2693103927,1871783.3747720998,10
-1244457.956593865,1871783.3747720998,10
-1243994.6438773377,1871783.3747720998,10
-1243531.33116081,1871783.3747720998,10
-1243068.0184442827,1871783.3747720998,10
-1242604.705727755,1871783.3747720998,10
-1242141.3930112277,1871783.3747720998,10
-1241678.0802947,1871783.3747720998,10
-1241214.7675781725,1871783.3747720998,10
-1240751.4548616451,1871783.3747720998,10
-1240288.1421451175,1871783.3747720998,10
-1239824.8294285901,1871783.3747720998,10
-1239361.5167120625,1871783.3747720998,10
-1238898.2039955352,1871783.3747720998,10
-1238434.8912790075,1871783.3747720998,10
-1237971.5785624802,1871783.3747720998,10
-1237508.2658459526,1871783.3747720998,10
-1237044.9531294252,1871783.3747720998,10
-1236581.6404128976,1871783.3747720998,10
-1236118.3276963702,1871783.3747720998,10
-1235655.0149798426,1871783.3747720998,10
-1235191.7022633152,1871783.3747720998,10
-1234728.3895467876,1871783.3747720998,10
-1234265.07683026,1871783.3747720998,10
-1233801.7641137326,1871783.3747720998,10
-1233338.4513972052,1871783.3747720998,10
-1232875.1386806776,1871783.3747720998,10
-1232411.82596415,1871783.3747720998,10
-1231948.5132476226,1871783.3747720998,10
-1231485.200531095,1871783.3747720998,10
-1231021.8878145677,1871783.3747720998,10
-1230558.57509804,1871783.3747720998,10
-1230095.2623815127,1871783.3747720998,10
-1229631.949664985,1871783.3747720998,10
-1229168.6369484577,1871783.3747720998,10
-1228705.32423193,1871783.3747720998,10
-1228242.0115154027,1871783.3747720998,10
-1227778.698798875,1871783.3747720998,10
-1227315.3860823475,1871783.3747720998,10
-1226852.07336582,1871783.3747720998,10
-1226388.7606492927,1871783.3747720998,10
-1225925.4479327651,1871783.3747720998,10
-1225462.1352162375,1871783.3747720998,10
-1224998.8224997101,1871783.3747720998,10
-1224535.5097831825,1871783.3747720998,10
-1224072.1970666551,1871783.3747720998,10
-1223608.8843501275,1871783.3747720998,10
-1223145.5716336002,1871783.3747720998,10
-1222682.2589170726,1871783.3747720998,10
-1222218.9462005452,1871783.3747720998,10
-1221755.6334840176,1871783.3747720998,10
-1221292.3207674902,1871783.3747720998,10
-1220829.0080509626,1871783.3747720998,10
-1220365.6953344352,1871783.3747720998,10
-1219902.3826179076,1871783.3747720998,10
-1219439.0699013802,1871783.3747720998,10
-1218975.7571848526,1871783.3747720998,10
-1218512.444468325,1871783.3747720998,10
-1218049.1317517976,1871783.3747720998,10
-1217585.81903527,1871783.3747720998,10
-1217122.5063187426,1871783.3747720998,10
-1216659.193602215,1871783.3747720998,10
-1216195.8808856877,1871783.3747720998,10
-1215732.56816916,1871783.3747720998,10
-1215269.2554526327,1871783.3747720998,10
-1214805.942736105,1871783.3747720998,10
-1214342.6300195777,1871783.3747720998,10
-1213879.31730305,1871783.3747720998,10
-1213416.0045865227,1871783.3747720998,10
-1212952.691869995,1871783.3747720998,10
-1212489.3791534677,1871783.3747720998,10
-1212026.06643694,1871783.3747720998,10
-1211562.7537204125,1871783.3747720998,10
-1211099.4410038851,1871783.3747720998,10
-1210636.1282873575,1871783.3747720998,10
-1210172.8155708301,1871783.3747720998,10
-1209709.5028543025,1871783.3747720998,10
-1209246.1901377751,1871783.3747720998,10
-1208782.8774212475,1871783.3747720998,10
-1208319.5647047202,1871783.3747720998,10
-1207856.2519881926,1871783.3747720998,10
-1207392.9392716652,1871783.3747720998,10
-1206929.6265551376,1871783.3747720998,10
-1206466.3138386102,1871783.3747720998,10
-1206003.0011220826,1871783.3747720998,10
-1205539.6884055552,1871783.3747720998,10
-1205076.3756890276,1871783.3747720998,10
-1204613.0629725,1871783.3747720998,10
-1204149.7502559726,1871783.3747720998,10
-1203686.4375394452,1871783.3747720998,10
-1203223.1248229176,1871783.3747720998,10
-1202759.81210639,1871783.3747720998,10
-1202296.4993898626,1871783.3747720998,10
-1201833.186673335,1871783.3747720998,10
-1201369.8739568077,1871783.3747720998,10
-1200906.56124028,1871783.3747720998,10
-1200443.2485237527,1871783.3747720998,10
-1199979.935807225,1871783.3747720998,10
-1199516.6230906977,1871783.3747720998,10
-1199053.31037417,1871783.3747720998,10
-1198589.9976576427,1871783.3747720998,10
-1198126.684941115,1871783.3747720998,10
-1197663.3722245875,1871783.3747720998,10
-1197200.05950806,1871783.3747720998,10
-1196736.7467915327,1871783.3747720998,10
-1196273.4340750051,1871783.3747720998,10
-1195810.1213584775,1871783.3747720998,10
-1195346.8086419501,1871783.3747720998,10
-1194883.4959254225,1871783.3747720998,10
-1194420.1832088951,1871783.3747720998,10
-1193956.8704923675,1871783.3747720998,10
-1193493.5577758402,1871783.3747720998,10
-1193030.2450593126,1871783.3747720998,10
-1192566.9323427852,1871783.3747720998,10
-1192103.6196262576,1871783.3747720998,10
-1191640.3069097302,1871783.3747720998,10
-1191176.9941932026,1871783.3747720998,10
-1190713.6814766752,1871783.3747720998,10
-1190250.3687601476,1871783.3747720998,10
-1189787.0560436202,1871783.3747720998,10
-1189323.7433270926,1871783.3747720998,10
-1188860.430610565,1871783.3747720998,10
-1188397.1178940376,1871783.3747720998,10
-1187933.80517751,1871783.3747720998,10
-1187470.4924609826,1871783.3747720998,10
-1187007.179744455,1871783.3747720998,10
-1186543.8670279277,1871783.3747720998,10
-1186080.5543114,1871783.3747720998,10
-1185617.2415948727,1871783.3747720998,10
-1185153.928878345,1871783.3747720998,10
-1184690.6161618177,1871783.3747720998,10
-1184227.30344529,1871783.3747720998,10
-1183763.9907287627,1871783.3747720998,10
-1183300.678012235,1871783.3747720998,10
-1182837.3652957077,1871783.3747720998,10
-1182374.05257918,1871783.3747720998,10
-1181910.7398626525,1871783.3747720998,10
-1181447.4271461251,1871783.3747720998,10
-1180984.1144295975,1871783.3747720998,10
-1180520.8017130701,1871783.3747720998,10
-1180057.4889965425,1871783.3747720998,10
-1179594.1762800151,1871783.3747720998,10
-1179130.8635634875,1871783.3747720998,10
-1178667.5508469602,1871783.3747720998,10
-1178204.2381304326,1871783.3747720998,10
-1177740.9254139052,1871783.3747720998,10
-1177277.6126973776,1871783.3747720998,10
-1176814.2999808502,1871783.3747720998,10
-1176350.9872643226,1871783.3747720998,10
-1175887.6745477952,1871783.3747720998,10
-1175424.3618312676,1871783.3747720998,10
-1174961.04911474,1871783.3747720998,10
-1174497.7363982126,1871783.3747720998,10
-1174034.4236816852,1871783.3747720998,10
-1173571.1109651576,1871783.3747720998,10
-1173107.79824863,1871783.3747720998,10
-1172644.4855321026,1871783.3747720998,10
-1172181.172815575,1871783.3747720998,10
-1171717.8600990477,1871783.3747720998,10
-1171254.54738252,1871783.3747720998,10
-1170791.2346659927,1871783.3747720998,10
-1170327.921949465,1871783.3747720998,10
-1169864.6092329377,1871783.3747720998,10
-1169401.29651641,1871783.3747720998,10
-1363066.012024905,1871320.0620555722,10
-1362602.6993083777,1871320.0620555722,10
-1362139.38659185,1871320.0620555722,10
-1361676.0738753227,1871320.0620555722,10
-1361212.761158795,1871320.0620555722,10
-1360749.4484422677,1871320.0620555722,10
-1360286.13572574,1871320.0620555722,10
-1359822.8230092125,1871320.0620555722,10
-1359359.5102926851,1871320.0620555722,16
-1358896.1975761575,1871320.0620555722,16
-1358432.8848596301,1871320.0620555722,16
-1357969.5721431025,1871320.0620555722,16
-1357506.2594265752,1871320.0620555722,16
-1357042.9467100475,1871320.0620555722,16
-1356579.6339935202,1871320.0620555722,16
-1356116.3212769926,1871320.0620555722,16
-1355653.0085604652,1871320.0620555722,16
-1355189.6958439376,1871320.0620555722,16
-1354726.3831274102,1871320.0620555722,16
-1354263.0704108826,1871320.0620555722,16
-1353799.7576943552,1871320.0620555722,16
-1353336.4449778276,1871320.0620555722,16
-1352873.1322613002,1871320.0620555722,16
-1352409.8195447726,1871320.0620555722,16
-1351946.506828245,1871320.0620555722,16
-1351483.1941117176,1871320.0620555722,16
-1351019.88139519,1871320.0620555722,16
-1350556.5686786626,1871320.0620555722,16
-1350093.255962135,1871320.0620555722,16
-1349629.9432456077,1871320.0620555722,16
-1349166.63052908,1871320.0620555722,16
-1348703.3178125527,1871320.0620555722,16
-1348240.005096025,1871320.0620555722,16
-1347776.6923794977,1871320.0620555722,10
-1347313.37966297,1871320.0620555722,10
-1346850.0669464427,1871320.0620555722,10
-1346386.754229915,1871320.0620555722,16
-1345923.4415133877,1871320.0620555722,16
-1345460.12879686,1871320.0620555722,16
-1344996.8160803327,1871320.0620555722,10
-1344533.5033638051,1871320.0620555722,10
-1344070.1906472775,1871320.0620555722,10
-1343606.8779307501,1871320.0620555722,16
-1343143.5652142225,1871320.0620555722,16
-1342680.2524976952,1871320.0620555722,16
-1342216.9397811675,1871320.0620555722,16
-1341753.6270646402,1871320.0620555722,16
-1341290.3143481126,1871320.0620555722,16
-1340827.0016315852,1871320.0620555722,16
-1340363.6889150576,1871320.0620555722,16
-1339900.3761985302,1871320.0620555722,16
-1339437.0634820026,1871320.0620555722,16
-1338973.7507654752,1871320.0620555722,16
-1338510.4380489476,1871320.0620555722,16
-1338047.1253324202,1871320.0620555722,16
-1337583.8126158926,1871320.0620555722,16
-1337120.499899365,1871320.0620555722,16
-1336657.1871828376,1871320.0620555722,16
-1336193.87446631,1871320.0620555722,16
-1335730.5617497826,1871320.0620555722,16
-1335267.249033255,1871320.0620555722,16
-1334803.9363167277,1871320.0620555722,16
-1334340.6236002,1871320.0620555722,16
-1333877.3108836727,1871320.0620555722,16
-1333413.998167145,1871320.0620555722,16
-1332950.6854506177,1871320.0620555722,16
-1332487.37273409,1871320.0620555722,16
-1332024.0600175627,1871320.0620555722,16
-1331560.747301035,1871320.0620555722,16
-1331097.4345845077,1871320.0620555722,16
-1330634.12186798,1871320.0620555722,16
-1330170.8091514525,1871320.0620555722,16
-1329707.4964349251,1871320.0620555722,16
-1329244.1837183975,1871320.0620555722,16
-1328780.8710018701,1871320.0620555722,16
-1328317.5582853425,1871320.0620555722,16
-1327854.2455688152,1871320.0620555722,16
-1327390.9328522875,1871320.0620555722,16
-1326927.6201357602,1871320.0620555722,16
-1326464.3074192326,1871320.0620555722,16
-1326000.9947027052,1871320.0620555722,16
-1325537.6819861776,1871320.0620555722,16
-1325074.3692696502,1871320.0620555722,16
-1324611.0565531226,1871320.0620555722,16
-1324147.7438365952,1871320.0620555722,16
-1323684.4311200676,1871320.0620555722,16
-1323221.11840354,1871320.0620555722,16
-1322757.8056870126,1871320.0620555722,16
-1322294.492970485,1871320.0620555722,16
-1321831.1802539576,1871320.0620555722,16
-1321367.86753743,1871320.0620555722,16
-1320904.5548209026,1871320.0620555722,16
-1320441.242104375,1871320.0620555722,16
-1319977.9293878477,1871320.0620555722,16
-1319514.61667132,1871320.0620555722,16
-1319051.3039547927,1871320.0620555722,16
-1318587.991238265,1871320.0620555722,16
-1318124.6785217377,1871320.0620555722,16
-1317661.36580521,1871320.0620555722,16
-1317198.0530886827,1871320.0620555722,16
-1316734.740372155,1871320.0620555722,16
-1316271.4276556277,1871320.0620555722,16
-1315808.1149391,1871320.0620555722,16
-1315344.8022225727,1871320.0620555722,16
-1314881.4895060451,1871320.0620555722,16
-1314418.1767895175,1871320.0620555722,16
-1313954.8640729901,1871320.0620555722,16
-1313491.5513564625,1871320.0620555722,16
-1313028.2386399352,1871320.0620555722,16
-1312564.9259234075,1871320.0620555722,16
-1312101.6132068802,1871320.0620555722,16
-1311638.3004903526,1871320.0620555722,16
-1311174.9877738252,1871320.0620555722,16
-1310711.6750572976,1871320.0620555722,16
-1310248.3623407702,1871320.0620555722,16
-1309785.0496242426,1871320.0620555722,16
-1309321.7369077152,1871320.0620555722,16
-1308858.4241911876,1871320.0620555722,16
-1308395.1114746602,1871320.0620555722,16
-1307931.7987581326,1871320.0620555722,10
-1307468.486041605,1871320.0620555722,10
-1307005.1733250776,1871320.0620555722,10
-1306541.86060855,1871320.0620555722,10
-1306078.5478920226,1871320.0620555722,10
-1305615.235175495,1871320.0620555722,10
-1305151.9224589677,1871320.0620555722,10
-1304688.60974244,1871320.0620555722,10
-1304225.2970259127,1871320.0620555722,10
-1303761.984309385,1871320.0620555722,10
-1303298.6715928577,1871320.0620555722,10
-1302835.35887633,1871320.0620555722,16
-1302372.0461598027,1871320.0620555722,16
-1301908.733443275,1871320.0620555722,10
-1301445.4207267477,1871320.0620555722,10
-1300982.10801022,1871320.0620555722,10
-1300518.7952936925,1871320.0620555722,10
-1300055.4825771651,1871320.0620555722,10
-1299592.1698606375,1871320.0620555722,16
-1299128.8571441101,1871320.0620555722,16
-1298665.5444275825,1871320.0620555722,16
-1298202.2317110552,1871320.0620555722,16
-1297738.9189945275,1871320.0620555722,10
-1297275.6062780002,1871320.0620555722,10
-1296812.2935614726,1871320.0620555722,10
-1296348.9808449452,1871320.0620555722,10
-1295885.6681284176,1871320.0620555722,10
-1295422.3554118902,1871320.0620555722,10
-1294959.0426953626,1871320.0620555722,10
-1294495.7299788352,1871320.0620555722,10
-1294032.4172623076,1871320.0620555722,10
-1293569.10454578,1871320.0620555722,10
-1293105.7918292526,1871320.0620555722,10
-1292642.479112725,1871320.0620555722,10
-1292179.1663961976,1871320.0620555722,10
-1291715.85367967,1871320.0620555722,10
-1291252.5409631426,1871320.0620555722,10
-1290789.228246615,1871320.0620555722,10
-1290325.9155300877,1871320.0620555722,10
-1289862.60281356,1871320.0620555722,10
-1289399.2900970327,1871320.0620555722,10
-1288935.977380505,1871320.0620555722,10
-1288472.6646639777,1871320.0620555722,10
-1288009.35194745,1871320.0620555722,16
-1287546.0392309227,1871320.0620555722,10
-1287082.726514395,1871320.0620555722,10
-1286619.4137978677,1871320.0620555722,10
-1286156.10108134,1871320.0620555722,10
-1285692.7883648127,1871320.0620555722,10
-1285229.4756482851,1871320.0620555722,10
-1284766.1629317575,1871320.0620555722,10
-1284302.8502152301,1871320.0620555722,10
-1283839.5374987025,1871320.0620555722,10
-1283376.2247821752,1871320.0620555722,10
-1282912.9120656475,1871320.0620555722,10
-1282449.5993491202,1871320.0620555722,10
-1281986.2866325926,1871320.0620555722,16
-1281522.9739160652,1871320.0620555722,16
-1281059.6611995376,1871320.0620555722,16
-1280596.3484830102,1871320.0620555722,10
-1280133.0357664826,1871320.0620555722,10
-1279669.7230499552,1871320.0620555722,10
-1279206.4103334276,1871320.0620555722,10
-1278743.0976169002,1871320.0620555722,10
-1278279.7849003726,1871320.0620555722,10
-1277816.472183845,1871320.0620555722,10
-1277353.1594673176,1871320.0620555722,10
-1276889.84675079,1871320.0620555722,10
-1276426.5340342626,1871320.0620555722,10
-1275963.221317735,1871320.0620555722,10
-1275499.9086012077,1871320.0620555722,10
-1275036.59588468,1871320.0620555722,10
-1274573.2831681527,1871320.0620555722,10
-1274109.970451625,1871320.0620555722,10
-1273646.6577350977,1871320.0620555722,10
-1273183.34501857,1871320.0620555722,10
-1272720.0323020427,1871320.0620555722,10
-1272256.719585515,1871320.0620555722,10
-1271793.4068689877,1871320.0620555722,16
-1271330.09415246,1871320.0620555722,16
-1270866.7814359325,1871320.0620555722,10
-1270403.4687194051,1871320.0620555722,10
-1269940.1560028775,1871320.0620555722,10
-1269476.8432863501,1871320.0620555722,10
-1269013.5305698225,1871320.0620555722,10
-1268550.2178532952,1871320.0620555722,10
-1268086.9051367675,1871320.0620555722,10
-1267623.5924202402,1871320.0620555722,10
-1267160.2797037126,1871320.0620555722,10
-1266696.9669871852,1871320.0620555722,10
-1266233.6542706576,1871320.0620555722,10
-1265770.3415541302,1871320.0620555722,10
-1265307.0288376026,1871320.0620555722,10
-1264843.7161210752,1871320.0620555722,10
-1264380.4034045476,1871320.0620555722,10
-1263917.09068802,1871320.0620555722,10
-1263453.7779714926,1871320.0620555722,10
-1262990.465254965,1871320.0620555722,10
-1262527.1525384376,1871320.0620555722,10
-1262063.83982191,1871320.0620555722,16
-1261600.5271053826,1871320.0620555722,16
-1261137.214388855,1871320.0620555722,16
-1260673.9016723277,1871320.0620555722,16
-1260210.5889558,1871320.0620555722,10
-1259747.2762392727,1871320.0620555722,10
-1259283.963522745,1871320.0620555722,10
-1258820.6508062177,1871320.0620555722,10
-1258357.33808969,1871320.0620555722,10
-1257894.0253731627,1871320.0620555722,10
-1257430.712656635,1871320.0620555722,10
-1256967.3999401077,1871320.0620555722,10
-1256504.08722358,1871320.0620555722,10
-1256040.7745070527,1871320.0620555722,10
-1255577.4617905251,1871320.0620555722,10
-1255114.1490739975,1871320.0620555722,10
-1254650.8363574701,1871320.0620555722,10
-1254187.5236409425,1871320.0620555722,10
-1253724.2109244152,1871320.0620555722,10
-1253260.8982078875,1871320.0620555722,10
-1252797.5854913602,1871320.0620555722,10
-1252334.2727748326,1871320.0620555722,10
-1251870.9600583052,1871320.0620555722,10
-1251407.6473417776,1871320.0620555722,10
-1250944.3346252502,1871320.0620555722,10
-1250481.0219087226,1871320.0620555722,10
-1250017.7091921952,1871320.0620555722,10
-1249554.3964756676,1871320.0620555722,10
-1249091.0837591402,1871320.0620555722,10
-1248627.7710426126,1871320.0620555722,10
-1248164.458326085,1871320.0620555722,10
-1247701.1456095576,1871320.0620555722,10
-1247237.83289303,1871320.0620555722,10
-1246774.5201765026,1871320.0620555722,10
-1246311.207459975,1871320.0620555722,10
-1245847.8947434477,1871320.0620555722,10
-1245384.58202692,1871320.0620555722,10
-1244921.2693103927,1871320.0620555722,10
-1244457.956593865,1871320.0620555722,10
-1243994.6438773377,1871320.0620555722,10
-1243531.33116081,1871320.0620555722,10
-1243068.0184442827,1871320.0620555722,10
-1242604.705727755,1871320.0620555722,10
-1242141.3930112277,1871320.0620555722,10
-1241678.0802947,1871320.0620555722,10
-1241214.7675781725,1871320.0620555722,10
-1240751.4548616451,1871320.0620555722,10
-1240288.1421451175,1871320.0620555722,10
-1239824.8294285901,1871320.0620555722,10
-1239361.5167120625,1871320.0620555722,10
-1238898.2039955352,1871320.0620555722,10
-1238434.8912790075,1871320.0620555722,10
-1237971.5785624802,1871320.0620555722,10
-1237508.2658459526,1871320.0620555722,10
-1237044.9531294252,1871320.0620555722,10
-1236581.6404128976,1871320.0620555722,10
-1236118.3276963702,1871320.0620555722,10
-1235655.0149798426,1871320.0620555722,10
-1235191.7022633152,1871320.0620555722,10
-1234728.3895467876,1871320.0620555722,10
-1234265.07683026,1871320.0620555722,10
-1233801.7641137326,1871320.0620555722,10
-1233338.4513972052,1871320.0620555722,10
-1232875.1386806776,1871320.0620555722,10
-1232411.82596415,1871320.0620555722,10
-1231948.5132476226,1871320.0620555722,10
-1231485.200531095,1871320.0620555722,10
-1231021.8878145677,1871320.0620555722,10
-1230558.57509804,1871320.0620555722,10
-1230095.2623815127,1871320.0620555722,10
-1229631.949664985,1871320.0620555722,10
-1229168.6369484577,1871320.0620555722,10
-1228705.32423193,1871320.0620555722,10
-1228242.0115154027,1871320.0620555722,10
-1227778.698798875,1871320.0620555722,10
-1227315.3860823475,1871320.0620555722,10
-1226852.07336582,1871320.0620555722,10
-1226388.7606492927,1871320.0620555722,10
-1225925.4479327651,1871320.0620555722,10
-1225462.1352162375,1871320.0620555722,10
-1224998.8224997101,1871320.0620555722,10
-1224535.5097831825,1871320.0620555722,10
-1224072.1970666551,1871320.0620555722,10
-1223608.8843501275,1871320.0620555722,10
-1223145.5716336002,1871320.0620555722,10
-1222682.2589170726,1871320.0620555722,10
-1222218.9462005452,1871320.0620555722,10
-1221755.6334840176,1871320.0620555722,10
-1221292.3207674902,1871320.0620555722,10
-1220829.0080509626,1871320.0620555722,10
-1220365.6953344352,1871320.0620555722,10
-1219902.3826179076,1871320.0620555722,10
-1219439.0699013802,1871320.0620555722,10
-1218975.7571848526,1871320.0620555722,10
-1218512.444468325,1871320.0620555722,10
-1218049.1317517976,1871320.0620555722,10
-1217585.81903527,1871320.0620555722,10
-1217122.5063187426,1871320.0620555722,10
-1216659.193602215,1871320.0620555722,10
-1216195.8808856877,1871320.0620555722,10
-1215732.56816916,1871320.0620555722,10
-1215269.2554526327,1871320.0620555722,10
-1214805.942736105,1871320.0620555722,10
-1214342.6300195777,1871320.0620555722,10
-1213879.31730305,1871320.0620555722,10
-1213416.0045865227,1871320.0620555722,10
-1212952.691869995,1871320.0620555722,10
-1212489.3791534677,1871320.0620555722,10
-1212026.06643694,1871320.0620555722,10
-1211562.7537204125,1871320.0620555722,10
-1211099.4410038851,1871320.0620555722,10
-1210636.1282873575,1871320.0620555722,10
-1210172.8155708301,1871320.0620555722,10
-1209709.5028543025,1871320.0620555722,10
-1209246.1901377751,1871320.0620555722,10
-1208782.8774212475,1871320.0620555722,10
-1208319.5647047202,1871320.0620555722,10
-1207856.2519881926,1871320.0620555722,10
-1207392.9392716652,1871320.0620555722,10
-1206929.6265551376,1871320.0620555722,10
-1206466.3138386102,1871320.0620555722,10
-1206003.0011220826,1871320.0620555722,10
-1205539.6884055552,1871320.0620555722,10
-1205076.3756890276,1871320.0620555722,10
-1204613.0629725,1871320.0620555722,10
-1204149.7502559726,1871320.0620555722,10
-1203686.4375394452,1871320.0620555722,10
-1203223.1248229176,1871320.0620555722,10
-1202759.81210639,1871320.0620555722,10
-1202296.4993898626,1871320.0620555722,10
-1201833.186673335,1871320.0620555722,10
-1201369.8739568077,1871320.0620555722,10
-1200906.56124028,1871320.0620555722,10
-1200443.2485237527,1871320.0620555722,10
-1199979.935807225,1871320.0620555722,10
-1199516.6230906977,1871320.0620555722,10
-1199053.31037417,1871320.0620555722,10
-1198589.9976576427,1871320.0620555722,10
-1198126.684941115,1871320.0620555722,10
-1197663.3722245875,1871320.0620555722,10
-1197200.05950806,1871320.0620555722,10
-1196736.7467915327,1871320.0620555722,10
-1196273.4340750051,1871320.0620555722,10
-1195810.1213584775,1871320.0620555722,10
-1195346.8086419501,1871320.0620555722,10
-1194883.4959254225,1871320.0620555722,10
-1194420.1832088951,1871320.0620555722,10
-1193956.8704923675,1871320.0620555722,10
-1193493.5577758402,1871320.0620555722,10
-1193030.2450593126,1871320.0620555722,10
-1192566.9323427852,1871320.0620555722,10
-1192103.6196262576,1871320.0620555722,10
-1191640.3069097302,1871320.0620555722,10
-1191176.9941932026,1871320.0620555722,10
-1190713.6814766752,1871320.0620555722,10
-1190250.3687601476,1871320.0620555722,10
-1189787.0560436202,1871320.0620555722,10
-1189323.7433270926,1871320.0620555722,10
-1188860.430610565,1871320.0620555722,10
-1188397.1178940376,1871320.0620555722,10
-1187933.80517751,1871320.0620555722,10
-1187470.4924609826,1871320.0620555722,10
-1187007.179744455,1871320.0620555722,10
-1186543.8670279277,1871320.0620555722,10
-1186080.5543114,1871320.0620555722,10
-1185617.2415948727,1871320.0620555722,10
-1185153.928878345,1871320.0620555722,10
-1184690.6161618177,1871320.0620555722,10
-1184227.30344529,1871320.0620555722,10
-1183763.9907287627,1871320.0620555722,10
-1183300.678012235,1871320.0620555722,10
-1182837.3652957077,1871320.0620555722,10
-1182374.05257918,1871320.0620555722,10
-1181910.7398626525,1871320.0620555722,10
-1181447.4271461251,1871320.0620555722,10
-1180984.1144295975,1871320.0620555722,10
-1180520.8017130701,1871320.0620555722,10
-1180057.4889965425,1871320.0620555722,10
-1179594.1762800151,1871320.0620555722,10
-1179130.8635634875,1871320.0620555722,10
-1178667.5508469602,1871320.0620555722,10
-1178204.2381304326,1871320.0620555722,10
-1177740.9254139052,1871320.0620555722,10
-1177277.6126973776,1871320.0620555722,10
-1176814.2999808502,1871320.0620555722,10
-1176350.9872643226,1871320.0620555722,10
-1175887.6745477952,1871320.0620555722,10
-1175424.3618312676,1871320.0620555722,10
-1174961.04911474,1871320.0620555722,10
-1174497.7363982126,1871320.0620555722,10
-1174034.4236816852,1871320.0620555722,10
-1173571.1109651576,1871320.0620555722,10
-1173107.79824863,1871320.0620555722,10
-1172644.4855321026,1871320.0620555722,10
-1172181.172815575,1871320.0620555722,10
-1171717.8600990477,1871320.0620555722,10
-1171254.54738252,1871320.0620555722,10
-1170791.2346659927,1871320.0620555722,7
-1170327.921949465,1871320.0620555722,10
-1169864.6092329377,1871320.0620555722,10
-1169401.29651641,1871320.0620555722,10
-1168937.9837998827,1871320.0620555722,10
-1363529.3247414327,1870856.7493390448,10
-1363066.012024905,1870856.7493390448,10
-1362602.6993083777,1870856.7493390448,10
-1362139.38659185,1870856.7493390448,10
-1361676.0738753227,1870856.7493390448,10
-1361212.761158795,1870856.7493390448,10
-1360749.4484422677,1870856.7493390448,10
-1360286.13572574,1870856.7493390448,10
-1359822.8230092125,1870856.7493390448,10
-1359359.5102926851,1870856.7493390448,10
-1358896.1975761575,1870856.7493390448,16
-1358432.8848596301,1870856.7493390448,16
-1357969.5721431025,1870856.7493390448,16
-1357506.2594265752,1870856.7493390448,16
-1357042.9467100475,1870856.7493390448,16
-1356579.6339935202,1870856.7493390448,16
-1356116.3212769926,1870856.7493390448,16
-1355653.0085604652,1870856.7493390448,16
-1355189.6958439376,1870856.7493390448,16
-1354726.3831274102,1870856.7493390448,16
-1354263.0704108826,1870856.7493390448,16
-1353799.7576943552,1870856.7493390448,16
-1353336.4449778276,1870856.7493390448,16
-1352873.1322613002,1870856.7493390448,16
-1352409.8195447726,1870856.7493390448,16
-1351946.506828245,1870856.7493390448,16
-1351483.1941117176,1870856.7493390448,16
-1351019.88139519,1870856.7493390448,16
-1350556.5686786626,1870856.7493390448,16
-1350093.255962135,1870856.7493390448,16
-1349629.9432456077,1870856.7493390448,16
-1349166.63052908,1870856.7493390448,16
-1348703.3178125527,1870856.7493390448,16
-1348240.005096025,1870856.7493390448,16
-1347776.6923794977,1870856.7493390448,10
-1347313.37966297,1870856.7493390448,10
-1346850.0669464427,1870856.7493390448,10
-1346386.754229915,1870856.7493390448,16
-1345923.4415133877,1870856.7493390448,16
-1345460.12879686,1870856.7493390448,16
-1344996.8160803327,1870856.7493390448,10
-1344533.5033638051,1870856.7493390448,10
-1344070.1906472775,1870856.7493390448,10
-1343606.8779307501,1870856.7493390448,10
-1343143.5652142225,1870856.7493390448,16
-1342680.2524976952,1870856.7493390448,16
-1342216.9397811675,1870856.7493390448,16
-1341753.6270646402,1870856.7493390448,16
-1341290.3143481126,1870856.7493390448,16
-1340827.0016315852,1870856.7493390448,16
-1340363.6889150576,1870856.7493390448,16
-1339900.3761985302,1870856.7493390448,16
-1339437.0634820026,1870856.7493390448,16
-1338973.7507654752,1870856.7493390448,16
-1338510.4380489476,1870856.7493390448,16
-1338047.1253324202,1870856.7493390448,16
-1337583.8126158926,1870856.7493390448,16
-1337120.499899365,1870856.7493390448,16
-1336657.1871828376,1870856.7493390448,16
-1336193.87446631,1870856.7493390448,16
-1335730.5617497826,1870856.7493390448,16
-1335267.249033255,1870856.7493390448,16
-1334803.9363167277,1870856.7493390448,16
-1334340.6236002,1870856.7493390448,16
-1333877.3108836727,1870856.7493390448,16
-1333413.998167145,1870856.7493390448,16
-1332950.6854506177,1870856.7493390448,16
-1332487.37273409,1870856.7493390448,16
-1332024.0600175627,1870856.7493390448,16
-1331560.747301035,1870856.7493390448,16
-1331097.4345845077,1870856.7493390448,16
-1330634.12186798,1870856.7493390448,16
-1330170.8091514525,1870856.7493390448,16
-1329707.4964349251,1870856.7493390448,16
-1329244.1837183975,1870856.7493390448,16
-1328780.8710018701,1870856.7493390448,16
-1328317.5582853425,1870856.7493390448,16
-1327854.2455688152,1870856.7493390448,16
-1327390.9328522875,1870856.7493390448,16
-1326927.6201357602,1870856.7493390448,16
-1326464.3074192326,1870856.7493390448,16
-1326000.9947027052,1870856.7493390448,16
-1325537.6819861776,1870856.7493390448,16
-1325074.3692696502,1870856.7493390448,16
-1324611.0565531226,1870856.7493390448,16
-1324147.7438365952,1870856.7493390448,16
-1323684.4311200676,1870856.7493390448,16
-1323221.11840354,1870856.7493390448,16
-1322757.8056870126,1870856.7493390448,16
-1322294.492970485,1870856.7493390448,16
-1321831.1802539576,1870856.7493390448,16
-1321367.86753743,1870856.7493390448,16
-1320904.5548209026,1870856.7493390448,16
-1320441.242104375,1870856.7493390448,16
-1319977.9293878477,1870856.7493390448,16
-1319514.61667132,1870856.7493390448,16
-1319051.3039547927,1870856.7493390448,16
-1318587.991238265,1870856.7493390448,16
-1318124.6785217377,1870856.7493390448,16
-1317661.36580521,1870856.7493390448,16
-1317198.0530886827,1870856.7493390448,16
-1316734.740372155,1870856.7493390448,16
-1316271.4276556277,1870856.7493390448,16
-1315808.1149391,1870856.7493390448,16
-1315344.8022225727,1870856.7493390448,16
-1314881.4895060451,1870856.7493390448,16
-1314418.1767895175,1870856.7493390448,16
-1313954.8640729901,1870856.7493390448,16
-1313491.5513564625,1870856.7493390448,16
-1313028.2386399352,1870856.7493390448,16
-1312564.9259234075,1870856.7493390448,16
-1312101.6132068802,1870856.7493390448,16
-1311638.3004903526,1870856.7493390448,16
-1311174.9877738252,1870856.7493390448,16
-1310711.6750572976,1870856.7493390448,16
-1310248.3623407702,1870856.7493390448,16
-1309785.0496242426,1870856.7493390448,16
-1309321.7369077152,1870856.7493390448,16
-1308858.4241911876,1870856.7493390448,16
-1308395.1114746602,1870856.7493390448,16
-1307931.7987581326,1870856.7493390448,16
-1307468.486041605,1870856.7493390448,16
-1307005.1733250776,1870856.7493390448,16
-1306541.86060855,1870856.7493390448,16
-1306078.5478920226,1870856.7493390448,10
-1305615.235175495,1870856.7493390448,10
-1305151.9224589677,1870856.7493390448,10
-1304688.60974244,1870856.7493390448,10
-1304225.2970259127,1870856.7493390448,10
-1303761.984309385,1870856.7493390448,10
-1303298.6715928577,1870856.7493390448,10
-1302835.35887633,1870856.7493390448,16
-1302372.0461598027,1870856.7493390448,16
-1301908.733443275,1870856.7493390448,16
-1301445.4207267477,1870856.7493390448,10
-1300982.10801022,1870856.7493390448,10
-1300518.7952936925,1870856.7493390448,16
-1300055.4825771651,1870856.7493390448,16
-1299592.1698606375,1870856.7493390448,16
-1299128.8571441101,1870856.7493390448,16
-1298665.5444275825,1870856.7493390448,16
-1298202.2317110552,1870856.7493390448,10
-1297738.9189945275,1870856.7493390448,10
-1297275.6062780002,1870856.7493390448,10
-1296812.2935614726,1870856.7493390448,10
-1296348.9808449452,1870856.7493390448,10
-1295885.6681284176,1870856.7493390448,10
-1295422.3554118902,1870856.7493390448,10
-1294959.0426953626,1870856.7493390448,10
-1294495.7299788352,1870856.7493390448,10
-1294032.4172623076,1870856.7493390448,10
-1293569.10454578,1870856.7493390448,10
-1293105.7918292526,1870856.7493390448,10
-1292642.479112725,1870856.7493390448,10
-1292179.1663961976,1870856.7493390448,10
-1291715.85367967,1870856.7493390448,10
-1291252.5409631426,1870856.7493390448,10
-1290789.228246615,1870856.7493390448,10
-1290325.9155300877,1870856.7493390448,10
-1289862.60281356,1870856.7493390448,10
-1289399.2900970327,1870856.7493390448,10
-1288935.977380505,1870856.7493390448,10
-1288472.6646639777,1870856.7493390448,10
-1288009.35194745,1870856.7493390448,10
-1287546.0392309227,1870856.7493390448,10
-1287082.726514395,1870856.7493390448,10
-1286619.4137978677,1870856.7493390448,10
-1286156.10108134,1870856.7493390448,10
-1285692.7883648127,1870856.7493390448,10
-1285229.4756482851,1870856.7493390448,10
-1284766.1629317575,1870856.7493390448,10
-1284302.8502152301,1870856.7493390448,10
-1283839.5374987025,1870856.7493390448,10
-1283376.2247821752,1870856.7493390448,10
-1282912.9120656475,1870856.7493390448,10
-1282449.5993491202,1870856.7493390448,10
-1281986.2866325926,1870856.7493390448,10
-1281522.9739160652,1870856.7493390448,16
-1281059.6611995376,1870856.7493390448,16
-1280596.3484830102,1870856.7493390448,10
-1280133.0357664826,1870856.7493390448,10
-1279669.7230499552,1870856.7493390448,10
-1279206.4103334276,1870856.7493390448,10
-1278743.0976169002,1870856.7493390448,10
-1278279.7849003726,1870856.7493390448,10
-1277816.472183845,1870856.7493390448,10
-1277353.1594673176,1870856.7493390448,10
-1276889.84675079,1870856.7493390448,10
-1276426.5340342626,1870856.7493390448,10
-1275963.221317735,1870856.7493390448,10
-1275499.9086012077,1870856.7493390448,10
-1275036.59588468,1870856.7493390448,10
-1274573.2831681527,1870856.7493390448,16
-1274109.970451625,1870856.7493390448,10
-1273646.6577350977,1870856.7493390448,10
-1273183.34501857,1870856.7493390448,10
-1272720.0323020427,1870856.7493390448,10
-1272256.719585515,1870856.7493390448,10
-1271793.4068689877,1870856.7493390448,16
-1271330.09415246,1870856.7493390448,10
-1270866.7814359325,1870856.7493390448,10
-1270403.4687194051,1870856.7493390448,10
-1269940.1560028775,1870856.7493390448,10
-1269476.8432863501,1870856.7493390448,10
-1269013.5305698225,1870856.7493390448,10
-1268550.2178532952,1870856.7493390448,10
-1268086.9051367675,1870856.7493390448,10
-1267623.5924202402,1870856.7493390448,10
-1267160.2797037126,1870856.7493390448,10
-1266696.9669871852,1870856.7493390448,10
-1266233.6542706576,1870856.7493390448,10
-1265770.3415541302,1870856.7493390448,10
-1265307.0288376026,1870856.7493390448,10
-1264843.7161210752,1870856.7493390448,10
-1264380.4034045476,1870856.7493390448,10
-1263917.09068802,1870856.7493390448,10
-1263453.7779714926,1870856.7493390448,10
-1262990.465254965,1870856.7493390448,10
-1262527.1525384376,1870856.7493390448,10
-1262063.83982191,1870856.7493390448,10
-1261600.5271053826,1870856.7493390448,16
-1261137.214388855,1870856.7493390448,16
-1260673.9016723277,1870856.7493390448,10
-1260210.5889558,1870856.7493390448,10
-1259747.2762392727,1870856.7493390448,10
-1259283.963522745,1870856.7493390448,10
-1258820.6508062177,1870856.7493390448,10
-1258357.33808969,1870856.7493390448,10
-1257894.0253731627,1870856.7493390448,10
-1257430.712656635,1870856.7493390448,10
-1256967.3999401077,1870856.7493390448,10
-1256504.08722358,1870856.7493390448,10
-1256040.7745070527,1870856.7493390448,10
-1255577.4617905251,1870856.7493390448,10
-1255114.1490739975,1870856.7493390448,10
-1254650.8363574701,1870856.7493390448,10
-1254187.5236409425,1870856.7493390448,10
-1253724.2109244152,1870856.7493390448,10
-1253260.8982078875,1870856.7493390448,10
-1252797.5854913602,1870856.7493390448,10
-1252334.2727748326,1870856.7493390448,10
-1251870.9600583052,1870856.7493390448,10
-1251407.6473417776,1870856.7493390448,10
-1250944.3346252502,1870856.7493390448,10
-1250481.0219087226,1870856.7493390448,10
-1250017.7091921952,1870856.7493390448,10
-1249554.3964756676,1870856.7493390448,10
-1249091.0837591402,1870856.7493390448,10
-1248627.7710426126,1870856.7493390448,10
-1248164.458326085,1870856.7493390448,10
-1247701.1456095576,1870856.7493390448,10
-1247237.83289303,1870856.7493390448,10
-1246774.5201765026,1870856.7493390448,10
-1246311.207459975,1870856.7493390448,10
-1245847.8947434477,1870856.7493390448,10
-1245384.58202692,1870856.7493390448,10
-1244921.2693103927,1870856.7493390448,10
-1244457.956593865,1870856.7493390448,10
-1243994.6438773377,1870856.7493390448,10
-1243531.33116081,1870856.7493390448,10
-1243068.0184442827,1870856.7493390448,10
-1242604.705727755,1870856.7493390448,10
-1242141.3930112277,1870856.7493390448,10
-1241678.0802947,1870856.7493390448,10
-1241214.7675781725,1870856.7493390448,10
-1240751.4548616451,1870856.7493390448,10
-1240288.1421451175,1870856.7493390448,10
-1239824.8294285901,1870856.7493390448,10
-1239361.5167120625,1870856.7493390448,10
-1238898.2039955352,1870856.7493390448,10
-1238434.8912790075,1870856.7493390448,10
-1237971.5785624802,1870856.7493390448,10
-1237508.2658459526,1870856.7493390448,10
-1237044.9531294252,1870856.7493390448,10
-1236581.6404128976,1870856.7493390448,10
-1236118.3276963702,1870856.7493390448,10
-1235655.0149798426,1870856.7493390448,10
-1235191.7022633152,1870856.7493390448,10
-1234728.3895467876,1870856.7493390448,10
-1234265.07683026,1870856.7493390448,10
-1233801.7641137326,1870856.7493390448,10
-1233338.4513972052,1870856.7493390448,10
-1232875.1386806776,1870856.7493390448,10
-1232411.82596415,1870856.7493390448,10
-1231948.5132476226,1870856.7493390448,10
-1231485.200531095,1870856.7493390448,10
-1231021.8878145677,1870856.7493390448,10
-1230558.57509804,1870856.7493390448,10
-1230095.2623815127,1870856.7493390448,10
-1229631.949664985,1870856.7493390448,10
-1229168.6369484577,1870856.7493390448,10
-1228705.32423193,1870856.7493390448,10
-1228242.0115154027,1870856.7493390448,10
-1227778.698798875,1870856.7493390448,10
-1227315.3860823475,1870856.7493390448,10
-1226852.07336582,1870856.7493390448,10
-1226388.7606492927,1870856.7493390448,10
-1225925.4479327651,1870856.7493390448,10
-1225462.1352162375,1870856.7493390448,10
-1224998.8224997101,1870856.7493390448,10
-1224535.5097831825,1870856.7493390448,10
-1224072.1970666551,1870856.7493390448,10
-1223608.8843501275,1870856.7493390448,10
-1223145.5716336002,1870856.7493390448,10
-1222682.2589170726,1870856.7493390448,10
-1222218.9462005452,1870856.7493390448,10
-1221755.6334840176,1870856.7493390448,10
-1221292.3207674902,1870856.7493390448,10
-1220829.0080509626,1870856.7493390448,10
-1220365.6953344352,1870856.7493390448,10
-1219902.3826179076,1870856.7493390448,10
-1219439.0699013802,1870856.7493390448,10
-1218975.7571848526,1870856.7493390448,10
-1218512.444468325,1870856.7493390448,10
-1218049.1317517976,1870856.7493390448,10
-1217585.81903527,1870856.7493390448,10
-1217122.5063187426,1870856.7493390448,10
-1216659.193602215,1870856.7493390448,10
-1216195.8808856877,1870856.7493390448,10
-1215732.56816916,1870856.7493390448,10
-1215269.2554526327,1870856.7493390448,10
-1214805.942736105,1870856.7493390448,10
-1214342.6300195777,1870856.7493390448,10
-1213879.31730305,1870856.7493390448,10
-1213416.0045865227,1870856.7493390448,10
-1212952.691869995,1870856.7493390448,10
-1212489.3791534677,1870856.7493390448,10
-1212026.06643694,1870856.7493390448,10
-1211562.7537204125,1870856.7493390448,10
-1211099.4410038851,1870856.7493390448,10
-1210636.1282873575,1870856.7493390448,10
-1210172.8155708301,1870856.7493390448,10
-1209709.5028543025,1870856.7493390448,10
-1209246.1901377751,1870856.7493390448,10
-1208782.8774212475,1870856.7493390448,10
-1208319.5647047202,1870856.7493390448,10
-1207856.2519881926,1870856.7493390448,10
-1207392.9392716652,1870856.7493390448,10
-1206929.6265551376,1870856.7493390448,10
-1206466.3138386102,1870856.7493390448,10
-1206003.0011220826,1870856.7493390448,10
-1205539.6884055552,1870856.7493390448,10
-1205076.3756890276,1870856.7493390448,10
-1204613.0629725,1870856.7493390448,10
-1204149.7502559726,1870856.7493390448,10
-1203686.4375394452,1870856.7493390448,10
-1203223.1248229176,1870856.7493390448,10
-1202759.81210639,1870856.7493390448,10
-1202296.4993898626,1870856.7493390448,10
-1201833.186673335,1870856.7493390448,10
-1201369.8739568077,1870856.7493390448,10
-1200906.56124028,1870856.7493390448,10
-1200443.2485237527,1870856.7493390448,10
-1199979.935807225,1870856.7493390448,10
-1199516.6230906977,1870856.7493390448,10
-1199053.31037417,1870856.7493390448,10
-1198589.9976576427,1870856.7493390448,10
-1198126.684941115,1870856.7493390448,10
-1197663.3722245875,1870856.7493390448,10
-1197200.05950806,1870856.7493390448,10
-1196736.7467915327,1870856.7493390448,10
-1196273.4340750051,1870856.7493390448,10
-1195810.1213584775,1870856.7493390448,10
-1195346.8086419501,1870856.7493390448,10
-1194883.4959254225,1870856.7493390448,10
-1194420.1832088951,1870856.7493390448,10
-1193956.8704923675,1870856.7493390448,10
-1193493.5577758402,1870856.7493390448,10
-1193030.2450593126,1870856.7493390448,10
-1192566.9323427852,1870856.7493390448,10
-1192103.6196262576,1870856.7493390448,10
-1191640.3069097302,1870856.7493390448,10
-1191176.9941932026,1870856.7493390448,10
-1190713.6814766752,1870856.7493390448,10
-1190250.3687601476,1870856.7493390448,10
-1189787.0560436202,1870856.7493390448,10
-1189323.7433270926,1870856.7493390448,10
-1188860.430610565,1870856.7493390448,10
-1188397.1178940376,1870856.7493390448,10
-1187933.80517751,1870856.7493390448,10
-1187470.4924609826,1870856.7493390448,10
-1187007.179744455,1870856.7493390448,10
-1186543.8670279277,1870856.7493390448,10
-1186080.5543114,1870856.7493390448,10
-1185617.2415948727,1870856.7493390448,10
-1185153.928878345,1870856.7493390448,10
-1184690.6161618177,1870856.7493390448,10
-1184227.30344529,1870856.7493390448,10
-1183763.9907287627,1870856.7493390448,10
-1183300.678012235,1870856.7493390448,10
-1182837.3652957077,1870856.7493390448,10
-1182374.05257918,1870856.7493390448,10
-1181910.7398626525,1870856.7493390448,10
-1181447.4271461251,1870856.7493390448,10
-1180984.1144295975,1870856.7493390448,10
-1180520.8017130701,1870856.7493390448,10
-1180057.4889965425,1870856.7493390448,10
-1179594.1762800151,1870856.7493390448,10
-1179130.8635634875,1870856.7493390448,10
-1178667.5508469602,1870856.7493390448,10
-1178204.2381304326,1870856.7493390448,10
-1177740.9254139052,1870856.7493390448,10
-1177277.6126973776,1870856.7493390448,10
-1176814.2999808502,1870856.7493390448,10
-1176350.9872643226,1870856.7493390448,10
-1175887.6745477952,1870856.7493390448,10
-1175424.3618312676,1870856.7493390448,10
-1174961.04911474,1870856.7493390448,10
-1174497.7363982126,1870856.7493390448,10
-1174034.4236816852,1870856.7493390448,10
-1173571.1109651576,1870856.7493390448,10
-1173107.79824863,1870856.7493390448,10
-1172644.4855321026,1870856.7493390448,10
-1172181.172815575,1870856.7493390448,10
-1171717.8600990477,1870856.7493390448,10
-1171254.54738252,1870856.7493390448,10
-1170791.2346659927,1870856.7493390448,10
-1170327.921949465,1870856.7493390448,10
-1169864.6092329377,1870856.7493390448,10
-1169401.29651641,1870856.7493390448,10
-1168937.9837998827,1870856.7493390448,10
-1363529.3247414327,1870393.4366225172,10
-1363066.012024905,1870393.4366225172,10
-1362602.6993083777,1870393.4366225172,16
-1362139.38659185,1870393.4366225172,16
-1361676.0738753227,1870393.4366225172,16
-1361212.761158795,1870393.4366225172,16
-1360749.4484422677,1870393.4366225172,16
-1360286.13572574,1870393.4366225172,16
-1359822.8230092125,1870393.4366225172,10
-1359359.5102926851,1870393.4366225172,10
-1358896.1975761575,1870393.4366225172,16
-1358432.8848596301,1870393.4366225172,16
-1357969.5721431025,1870393.4366225172,16
-1357506.2594265752,1870393.4366225172,16
-1357042.9467100475,1870393.4366225172,16
-1356579.6339935202,1870393.4366225172,16
-1356116.3212769926,1870393.4366225172,16
-1355653.0085604652,1870393.4366225172,16
-1355189.6958439376,1870393.4366225172,16
-1354726.3831274102,1870393.4366225172,16
-1354263.0704108826,1870393.4366225172,16
-1353799.7576943552,1870393.4366225172,16
-1353336.4449778276,1870393.4366225172,16
-1352873.1322613002,1870393.4366225172,16
-1352409.8195447726,1870393.4366225172,16
-1351946.506828245,1870393.4366225172,16
-1351483.1941117176,1870393.4366225172,16
-1351019.88139519,1870393.4366225172,16
-1350556.5686786626,1870393.4366225172,16
-1350093.255962135,1870393.4366225172,16
-1349629.9432456077,1870393.4366225172,16
-1349166.63052908,1870393.4366225172,16
-1348703.3178125527,1870393.4366225172,16
-1348240.005096025,1870393.4366225172,16
-1347776.6923794977,1870393.4366225172,10
-1347313.37966297,1870393.4366225172,10
-1346850.0669464427,1870393.4366225172,10
-1346386.754229915,1870393.4366225172,16
-1345923.4415133877,1870393.4366225172,16
-1345460.12879686,1870393.4366225172,10
-1344996.8160803327,1870393.4366225172,10
-1344533.5033638051,1870393.4366225172,10
-1344070.1906472775,1870393.4366225172,10
-1343606.8779307501,1870393.4366225172,7
-1343143.5652142225,1870393.4366225172,10
-1342680.2524976952,1870393.4366225172,16
-1342216.9397811675,1870393.4366225172,16
-1341753.6270646402,1870393.4366225172,16
-1341290.3143481126,1870393.4366225172,16
-1340827.0016315852,1870393.4366225172,16
-1340363.6889150576,1870393.4366225172,16
-1339900.3761985302,1870393.4366225172,16
-1339437.0634820026,1870393.4366225172,16
-1338973.7507654752,1870393.4366225172,16
-1338510.4380489476,1870393.4366225172,16
-1338047.1253324202,1870393.4366225172,16
-1337583.8126158926,1870393.4366225172,16
-1337120.499899365,1870393.4366225172,16
-1336657.1871828376,1870393.4366225172,16
-1336193.87446631,1870393.4366225172,16
-1335730.5617497826,1870393.4366225172,16
-1335267.249033255,1870393.4366225172,16
-1334803.9363167277,1870393.4366225172,16
-1334340.6236002,1870393.4366225172,16
-1333877.3108836727,1870393.4366225172,16
-1333413.998167145,1870393.4366225172,16
-1332950.6854506177,1870393.4366225172,16
-1332487.37273409,1870393.4366225172,16
-1332024.0600175627,1870393.4366225172,16
-1331560.747301035,1870393.4366225172,16
-1331097.4345845077,1870393.4366225172,16
-1330634.12186798,1870393.4366225172,16
-1330170.8091514525,1870393.4366225172,16
-1329707.4964349251,1870393.4366225172,16
-1329244.1837183975,1870393.4366225172,16
-1328780.8710018701,1870393.4366225172,16
-1328317.5582853425,1870393.4366225172,16
-1327854.2455688152,1870393.4366225172,16
-1327390.9328522875,1870393.4366225172,16
-1326927.6201357602,1870393.4366225172,16
-1326464.3074192326,1870393.4366225172,16
-1326000.9947027052,1870393.4366225172,16
-1325537.6819861776,1870393.4366225172,16
-1325074.3692696502,1870393.4366225172,16
-1324611.0565531226,1870393.4366225172,16
-1324147.7438365952,1870393.4366225172,16
-1323684.4311200676,1870393.4366225172,16
-1323221.11840354,1870393.4366225172,16
-1322757.8056870126,1870393.4366225172,16
-1322294.492970485,1870393.4366225172,16
-1321831.1802539576,1870393.4366225172,16
-1321367.86753743,1870393.4366225172,16
-1320904.5548209026,1870393.4366225172,16
-1320441.242104375,1870393.4366225172,16
-1319977.9293878477,1870393.4366225172,16
-1319514.61667132,1870393.4366225172,16
-1319051.3039547927,1870393.4366225172,16
-1318587.991238265,1870393.4366225172,16
-1318124.6785217377,1870393.4366225172,16
-1317661.36580521,1870393.4366225172,16
-1317198.0530886827,1870393.4366225172,16
-1316734.740372155,1870393.4366225172,16
-1316271.4276556277,1870393.4366225172,16
-1315808.1149391,1870393.4366225172,16
-1315344.8022225727,1870393.4366225172,16
-1314881.4895060451,1870393.4366225172,16
-1314418.1767895175,1870393.4366225172,16
-1313954.8640729901,1870393.4366225172,16
-1313491.5513564625,1870393.4366225172,16
-1313028.2386399352,1870393.4366225172,16
-1312564.9259234075,1870393.4366225172,16
-1312101.6132068802,1870393.4366225172,16
-1311638.3004903526,1870393.4366225172,16
-1311174.9877738252,1870393.4366225172,16
-1310711.6750572976,1870393.4366225172,16
-1310248.3623407702,1870393.4366225172,16
-1309785.0496242426,1870393.4366225172,16
-1309321.7369077152,1870393.4366225172,16
-1308858.4241911876,1870393.4366225172,16
-1308395.1114746602,1870393.4366225172,16
-1307931.7987581326,1870393.4366225172,16
-1307468.486041605,1870393.4366225172,16
-1307005.1733250776,1870393.4366225172,16
-1306541.86060855,1870393.4366225172,16
-1306078.5478920226,1870393.4366225172,16
-1305615.235175495,1870393.4366225172,10
-1305151.9224589677,1870393.4366225172,10
-1304688.60974244,1870393.4366225172,10
-1304225.2970259127,1870393.4366225172,10
-1303761.984309385,1870393.4366225172,10
-1303298.6715928577,1870393.4366225172,10
-1302835.35887633,1870393.4366225172,10
-1302372.0461598027,1870393.4366225172,16
-1301908.733443275,1870393.4366225172,10
-1301445.4207267477,1870393.4366225172,16
-1300982.10801022,1870393.4366225172,16
-1300518.7952936925,1870393.4366225172,16
-1300055.4825771651,1870393.4366225172,16
-1299592.1698606375,1870393.4366225172,16
-1299128.8571441101,1870393.4366225172,16
-1298665.5444275825,1870393.4366225172,16
-1298202.2317110552,1870393.4366225172,10
-1297738.9189945275,1870393.4366225172,10
-1297275.6062780002,1870393.4366225172,10
-1296812.2935614726,1870393.4366225172,10
-1296348.9808449452,1870393.4366225172,10
-1295885.6681284176,1870393.4366225172,10
-1295422.3554118902,1870393.4366225172,10
-1294959.0426953626,1870393.4366225172,10
-1294495.7299788352,1870393.4366225172,10
-1294032.4172623076,1870393.4366225172,10
-1293569.10454578,1870393.4366225172,10
-1293105.7918292526,1870393.4366225172,10
-1292642.479112725,1870393.4366225172,10
-1292179.1663961976,1870393.4366225172,10
-1291715.85367967,1870393.4366225172,10
-1291252.5409631426,1870393.4366225172,10
-1290789.228246615,1870393.4366225172,10
-1290325.9155300877,1870393.4366225172,10
-1289862.60281356,1870393.4366225172,10
-1289399.2900970327,1870393.4366225172,10
-1288935.977380505,1870393.4366225172,10
-1288472.6646639777,1870393.4366225172,10
-1288009.35194745,1870393.4366225172,10
-1287546.0392309227,1870393.4366225172,10
-1287082.726514395,1870393.4366225172,10
-1286619.4137978677,1870393.4366225172,10
-1286156.10108134,1870393.4366225172,10
-1285692.7883648127,1870393.4366225172,10
-1285229.4756482851,1870393.4366225172,10
-1284766.1629317575,1870393.4366225172,10
-1284302.8502152301,1870393.4366225172,10
-1283839.5374987025,1870393.4366225172,10
-1283376.2247821752,1870393.4366225172,10
-1282912.9120656475,1870393.4366225172,10
-1282449.5993491202,1870393.4366225172,10
-1281986.2866325926,1870393.4366225172,10
-1281522.9739160652,1870393.4366225172,10
-1281059.6611995376,1870393.4366225172,10
-1280596.3484830102,1870393.4366225172,10
-1280133.0357664826,1870393.4366225172,10
-1279669.7230499552,1870393.4366225172,10
-1279206.4103334276,1870393.4366225172,10
-1278743.0976169002,1870393.4366225172,10
-1278279.7849003726,1870393.4366225172,10
-1277816.472183845,1870393.4366225172,10
-1277353.1594673176,1870393.4366225172,10
-1276889.84675079,1870393.4366225172,10
-1276426.5340342626,1870393.4366225172,10
-1275963.221317735,1870393.4366225172,10
-1275499.9086012077,1870393.4366225172,10
-1275036.59588468,1870393.4366225172,16
-1274573.2831681527,1870393.4366225172,16
-1274109.970451625,1870393.4366225172,16
-1273646.6577350977,1870393.4366225172,10
-1273183.34501857,1870393.4366225172,10
-1272720.0323020427,1870393.4366225172,10
-1272256.719585515,1870393.4366225172,10
-1271793.4068689877,1870393.4366225172,10
-1271330.09415246,1870393.4366225172,10
-1270866.7814359325,1870393.4366225172,10
-1270403.4687194051,1870393.4366225172,10
-1269940.1560028775,1870393.4366225172,10
-1269476.8432863501,1870393.4366225172,10
-1269013.5305698225,1870393.4366225172,10
-1268550.2178532952,1870393.4366225172,10
-1268086.9051367675,1870393.4366225172,10
-1267623.5924202402,1870393.4366225172,10
-1267160.2797037126,1870393.4366225172,10
-1266696.9669871852,1870393.4366225172,10
-1266233.6542706576,1870393.4366225172,10
-1265770.3415541302,1870393.4366225172,10
-1265307.0288376026,1870393.4366225172,10
-1264843.7161210752,1870393.4366225172,10
-1264380.4034045476,1870393.4366225172,10
-1263917.09068802,1870393.4366225172,10
-1263453.7779714926,1870393.4366225172,10
-1262990.465254965,1870393.4366225172,10
-1262527.1525384376,1870393.4366225172,10
-1262063.83982191,1870393.4366225172,10
-1261600.5271053826,1870393.4366225172,16
-1261137.214388855,1870393.4366225172,16
-1260673.9016723277,1870393.4366225172,10
-1260210.5889558,1870393.4366225172,10
-1259747.2762392727,1870393.4366225172,10
-1259283.963522745,1870393.4366225172,10
-1258820.6508062177,1870393.4366225172,10
-1258357.33808969,1870393.4366225172,10
-1257894.0253731627,1870393.4366225172,10
-1257430.712656635,1870393.4366225172,10
-1256967.3999401077,1870393.4366225172,10
-1256504.08722358,1870393.4366225172,10
-1256040.7745070527,1870393.4366225172,10
-1255577.4617905251,1870393.4366225172,10
-1255114.1490739975,1870393.4366225172,10
-1254650.8363574701,1870393.4366225172,10
-1254187.5236409425,1870393.4366225172,10
-1253724.2109244152,1870393.4366225172,10
-1253260.8982078875,1870393.4366225172,10
-1252797.5854913602,1870393.4366225172,10
-1252334.2727748326,1870393.4366225172,10
-1251870.9600583052,1870393.4366225172,10
-1251407.6473417776,1870393.4366225172,10
-1250944.3346252502,1870393.4366225172,10
-1250481.0219087226,1870393.4366225172,10
-1250017.7091921952,1870393.4366225172,10
-1249554.3964756676,1870393.4366225172,10
-1249091.0837591402,1870393.4366225172,10
-1248627.7710426126,1870393.4366225172,10
-1248164.458326085,1870393.4366225172,10
-1247701.1456095576,1870393.4366225172,10
-1247237.83289303,1870393.4366225172,10
-1246774.5201765026,1870393.4366225172,10
-1246311.207459975,1870393.4366225172,10
-1245847.8947434477,1870393.4366225172,10
-1245384.58202692,1870393.4366225172,10
-1244921.2693103927,1870393.4366225172,10
-1244457.956593865,1870393.4366225172,10
-1243994.6438773377,1870393.4366225172,10
-1243531.33116081,1870393.4366225172,10
-1243068.0184442827,1870393.4366225172,10
-1242604.705727755,1870393.4366225172,10
-1242141.3930112277,1870393.4366225172,10
-1241678.0802947,1870393.4366225172,10
-1241214.7675781725,1870393.4366225172,10
-1240751.4548616451,1870393.4366225172,10
-1240288.1421451175,1870393.4366225172,10
-1239824.8294285901,1870393.4366225172,10
-1239361.5167120625,1870393.4366225172,10
-1238898.2039955352,1870393.4366225172,10
-1238434.8912790075,1870393.4366225172,10
-1237971.5785624802,1870393.4366225172,10
-1237508.2658459526,1870393.4366225172,10
-1237044.9531294252,1870393.4366225172,10
-1236581.6404128976,1870393.4366225172,10
-1236118.3276963702,1870393.4366225172,10
-1235655.0149798426,1870393.4366225172,10
-1235191.7022633152,1870393.4366225172,10
-1234728.3895467876,1870393.4366225172,10
-1234265.07683026,1870393.4366225172,10
-1233801.7641137326,1870393.4366225172,10
-1233338.4513972052,1870393.4366225172,10
-1232875.1386806776,1870393.4366225172,10
-1232411.82596415,1870393.4366225172,10
-1231948.5132476226,1870393.4366225172,10
-1231485.200531095,1870393.4366225172,10
-1231021.8878145677,1870393.4366225172,10
-1230558.57509804,1870393.4366225172,10
-1230095.2623815127,1870393.4366225172,10
-1229631.949664985,1870393.4366225172,10
-1229168.6369484577,1870393.4366225172,10
-1228705.32423193,1870393.4366225172,10
-1228242.0115154027,1870393.4366225172,10
-1227778.698798875,1870393.4366225172,10
-1227315.3860823475,1870393.4366225172,10
-1226852.07336582,1870393.4366225172,10
-1226388.7606492927,1870393.4366225172,10
-1225925.4479327651,1870393.4366225172,10
-1225462.1352162375,1870393.4366225172,10
-1224998.8224997101,1870393.4366225172,10
-1224535.5097831825,1870393.4366225172,10
-1224072.1970666551,1870393.4366225172,10
-1223608.8843501275,1870393.4366225172,10
-1223145.5716336002,1870393.4366225172,10
-1222682.2589170726,1870393.4366225172,10
-1222218.9462005452,1870393.4366225172,10
-1221755.6334840176,1870393.4366225172,10
-1221292.3207674902,1870393.4366225172,10
-1220829.0080509626,1870393.4366225172,10
-1220365.6953344352,1870393.4366225172,10
-1219902.3826179076,1870393.4366225172,10
-1219439.0699013802,1870393.4366225172,10
-1218975.7571848526,1870393.4366225172,10
-1218512.444468325,1870393.4366225172,10
-1218049.1317517976,1870393.4366225172,10
-1217585.81903527,1870393.4366225172,10
-1217122.5063187426,1870393.4366225172,10
-1216659.193602215,1870393.4366225172,10
-1216195.8808856877,1870393.4366225172,10
-1215732.56816916,1870393.4366225172,10
-1215269.2554526327,1870393.4366225172,10
-1214805.942736105,1870393.4366225172,10
-1214342.6300195777,1870393.4366225172,10
-1213879.31730305,1870393.4366225172,10
-1213416.0045865227,1870393.4366225172,10
-1212952.691869995,1870393.4366225172,10
-1212489.3791534677,1870393.4366225172,10
-1212026.06643694,1870393.4366225172,10
-1211562.7537204125,1870393.4366225172,10
-1211099.4410038851,1870393.4366225172,10
-1210636.1282873575,1870393.4366225172,10
-1210172.8155708301,1870393.4366225172,10
-1209709.5028543025,1870393.4366225172,10
-1209246.1901377751,1870393.4366225172,10
-1208782.8774212475,1870393.4366225172,10
-1208319.5647047202,1870393.4366225172,10
-1207856.2519881926,1870393.4366225172,10
-1207392.9392716652,1870393.4366225172,10
-1206929.6265551376,1870393.4366225172,10
-1206466.3138386102,1870393.4366225172,10
-1206003.0011220826,1870393.4366225172,10
-1205539.6884055552,1870393.4366225172,10
-1205076.3756890276,1870393.4366225172,10
-1204613.0629725,1870393.4366225172,10
-1204149.7502559726,1870393.4366225172,10
-1203686.4375394452,1870393.4366225172,10
-1203223.1248229176,1870393.4366225172,10
-1202759.81210639,1870393.4366225172,10
-1202296.4993898626,1870393.4366225172,10
-1201833.186673335,1870393.4366225172,10
-1201369.8739568077,1870393.4366225172,10
-1200906.56124028,1870393.4366225172,10
-1200443.2485237527,1870393.4366225172,10
-1199979.935807225,1870393.4366225172,10
-1199516.6230906977,1870393.4366225172,10
-1199053.31037417,1870393.4366225172,10
-1198589.9976576427,1870393.4366225172,10
-1198126.684941115,1870393.4366225172,10
-1197663.3722245875,1870393.4366225172,10
-1197200.05950806,1870393.4366225172,10
-1196736.7467915327,1870393.4366225172,10
-1196273.4340750051,1870393.4366225172,10
-1195810.1213584775,1870393.4366225172,10
-1195346.8086419501,1870393.4366225172,10
-1194883.4959254225,1870393.4366225172,10
-1194420.1832088951,1870393.4366225172,10
-1193956.8704923675,1870393.4366225172,10
-1193493.5577758402,1870393.4366225172,10
-1193030.2450593126,1870393.4366225172,10
-1192566.9323427852,1870393.4366225172,10
-1192103.6196262576,1870393.4366225172,10
-1191640.3069097302,1870393.4366225172,10
-1191176.9941932026,1870393.4366225172,10
-1190713.6814766752,1870393.4366225172,10
-1190250.3687601476,1870393.4366225172,10
-1189787.0560436202,1870393.4366225172,10
-1189323.7433270926,1870393.4366225172,10
-1188860.430610565,1870393.4366225172,10
-1188397.1178940376,1870393.4366225172,10
-1187933.80517751,1870393.4366225172,10
-1187470.4924609826,1870393.4366225172,10
-1187007.179744455,1870393.4366225172,10
-1186543.8670279277,1870393.4366225172,10
-1186080.5543114,1870393.4366225172,10
-1185617.2415948727,1870393.4366225172,10
-1185153.928878345,1870393.4366225172,10
-1184690.6161618177,1870393.4366225172,10
-1184227.30344529,1870393.4366225172,10
-1183763.9907287627,1870393.4366225172,10
-1183300.678012235,1870393.4366225172,10
-1182837.3652957077,1870393.4366225172,10
-1182374.05257918,1870393.4366225172,10
-1181910.7398626525,1870393.4366225172,10
-1181447.4271461251,1870393.4366225172,10
-1180984.1144295975,1870393.4366225172,10
-1180520.8017130701,1870393.4366225172,10
-1180057.4889965425,1870393.4366225172,10
-1179594.1762800151,1870393.4366225172,10
-1179130.8635634875,1870393.4366225172,10
-1178667.5508469602,1870393.4366225172,10
-1178204.2381304326,1870393.4366225172,10
-1177740.9254139052,1870393.4366225172,10
-1177277.6126973776,1870393.4366225172,10
-1176814.2999808502,1870393.4366225172,10
-1176350.9872643226,1870393.4366225172,10
-1175887.6745477952,1870393.4366225172,10
-1175424.3618312676,1870393.4366225172,10
-1174961.04911474,1870393.4366225172,10
-1174497.7363982126,1870393.4366225172,10
-1174034.4236816852,1870393.4366225172,10
-1173571.1109651576,1870393.4366225172,10
-1173107.79824863,1870393.4366225172,10
-1172644.4855321026,1870393.4366225172,10
-1172181.172815575,1870393.4366225172,10
-1171717.8600990477,1870393.4366225172,10
-1171254.54738252,1870393.4366225172,10
-1170791.2346659927,1870393.4366225172,10
-1170327.921949465,1870393.4366225172,10
-1169864.6092329377,1870393.4366225172,10
-1169401.29651641,1870393.4366225172,10
-1168937.9837998827,1870393.4366225172,10
-1363529.3247414327,1869930.1239059898,10
-1363066.012024905,1869930.1239059898,10
-1362602.6993083777,1869930.1239059898,16
-1362139.38659185,1869930.1239059898,16
-1361676.0738753227,1869930.1239059898,16
-1361212.761158795,1869930.1239059898,16
-1360749.4484422677,1869930.1239059898,16
-1360286.13572574,1869930.1239059898,16
-1359822.8230092125,1869930.1239059898,10
-1359359.5102926851,1869930.1239059898,10
-1358896.1975761575,1869930.1239059898,10
-1358432.8848596301,1869930.1239059898,16
-1357969.5721431025,1869930.1239059898,16
-1357506.2594265752,1869930.1239059898,16
-1357042.9467100475,1869930.1239059898,16
-1356579.6339935202,1869930.1239059898,16
-1356116.3212769926,1869930.1239059898,16
-1355653.0085604652,1869930.1239059898,16
-1355189.6958439376,1869930.1239059898,16
-1354726.3831274102,1869930.1239059898,10
-1354263.0704108826,1869930.1239059898,16
-1353799.7576943552,1869930.1239059898,16
-1353336.4449778276,1869930.1239059898,16
-1352873.1322613002,1869930.1239059898,16
-1352409.8195447726,1869930.1239059898,16
-1351946.506828245,1869930.1239059898,16
-1351483.1941117176,1869930.1239059898,16
-1351019.88139519,1869930.1239059898,16
-1350556.5686786626,1869930.1239059898,16
-1350093.255962135,1869930.1239059898,16
-1349629.9432456077,1869930.1239059898,16
-1349166.63052908,1869930.1239059898,16
-1348703.3178125527,1869930.1239059898,16
-1348240.005096025,1869930.1239059898,16
-1347776.6923794977,1869930.1239059898,16
-1347313.37966297,1869930.1239059898,10
-1346850.0669464427,1869930.1239059898,10
-1346386.754229915,1869930.1239059898,16
-1345923.4415133877,1869930.1239059898,10
-1345460.12879686,1869930.1239059898,10
-1344996.8160803327,1869930.1239059898,10
-1344533.5033638051,1869930.1239059898,10
-1344070.1906472775,1869930.1239059898,10
-1343606.8779307501,1869930.1239059898,10
-1343143.5652142225,1869930.1239059898,7
-1342680.2524976952,1869930.1239059898,7
-1342216.9397811675,1869930.1239059898,16
-1341753.6270646402,1869930.1239059898,16
-1341290.3143481126,1869930.1239059898,16
-1340827.0016315852,1869930.1239059898,16
-1340363.6889150576,1869930.1239059898,16
-1339900.3761985302,1869930.1239059898,16
-1339437.0634820026,1869930.1239059898,16
-1338973.7507654752,1869930.1239059898,16
-1338510.4380489476,1869930.1239059898,16
-1338047.1253324202,1869930.1239059898,16
-1337583.8126158926,1869930.1239059898,16
-1337120.499899365,1869930.1239059898,16
-1336657.1871828376,1869930.1239059898,16
-1336193.87446631,1869930.1239059898,16
-1335730.5617497826,1869930.1239059898,16
-1335267.249033255,1869930.1239059898,16
-1334803.9363167277,1869930.1239059898,16
-1334340.6236002,1869930.1239059898,16
-1333877.3108836727,1869930.1239059898,16
-1333413.998167145,1869930.1239059898,16
-1332950.6854506177,1869930.1239059898,16
-1332487.37273409,1869930.1239059898,16
-1332024.0600175627,1869930.1239059898,16
-1331560.747301035,1869930.1239059898,16
-1331097.4345845077,1869930.1239059898,16
-1330634.12186798,1869930.1239059898,16
-1330170.8091514525,1869930.1239059898,16
-1329707.4964349251,1869930.1239059898,16
-1329244.1837183975,1869930.1239059898,16
-1328780.8710018701,1869930.1239059898,16
-1328317.5582853425,1869930.1239059898,16
-1327854.2455688152,1869930.1239059898,16
-1327390.9328522875,1869930.1239059898,16
-1326927.6201357602,1869930.1239059898,16
-1326464.3074192326,1869930.1239059898,16
-1326000.9947027052,1869930.1239059898,16
-1325537.6819861776,1869930.1239059898,16
-1325074.3692696502,1869930.1239059898,16
-1324611.0565531226,1869930.1239059898,16
-1324147.7438365952,1869930.1239059898,16
-1323684.4311200676,1869930.1239059898,16
-1323221.11840354,1869930.1239059898,16
-1322757.8056870126,1869930.1239059898,16
-1322294.492970485,1869930.1239059898,16
-1321831.1802539576,1869930.1239059898,16
-1321367.86753743,1869930.1239059898,16
-1320904.5548209026,1869930.1239059898,16
-1320441.242104375,1869930.1239059898,16
-1319977.9293878477,1869930.1239059898,16
-1319514.61667132,1869930.1239059898,16
-1319051.3039547927,1869930.1239059898,16
-1318587.991238265,1869930.1239059898,16
-1318124.6785217377,1869930.1239059898,16
-1317661.36580521,1869930.1239059898,16
-1317198.0530886827,1869930.1239059898,16
-1316734.740372155,1869930.1239059898,16
-1316271.4276556277,1869930.1239059898,16
-1315808.1149391,1869930.1239059898,16
-1315344.8022225727,1869930.1239059898,16
-1314881.4895060451,1869930.1239059898,16
-1314418.1767895175,1869930.1239059898,16
-1313954.8640729901,1869930.1239059898,16
-1313491.5513564625,1869930.1239059898,16
-1313028.2386399352,1869930.1239059898,16
-1312564.9259234075,1869930.1239059898,16
-1312101.6132068802,1869930.1239059898,16
-1311638.3004903526,1869930.1239059898,16
-1311174.9877738252,1869930.1239059898,16
-1310711.6750572976,1869930.1239059898,16
-1310248.3623407702,1869930.1239059898,16
-1309785.0496242426,1869930.1239059898,16
-1309321.7369077152,1869930.1239059898,16
-1308858.4241911876,1869930.1239059898,16
-1308395.1114746602,1869930.1239059898,16
-1307931.7987581326,1869930.1239059898,16
-1307468.486041605,1869930.1239059898,16
-1307005.1733250776,1869930.1239059898,16
-1306541.86060855,1869930.1239059898,16
-1306078.5478920226,1869930.1239059898,16
-1305615.235175495,1869930.1239059898,10
-1305151.9224589677,1869930.1239059898,10
-1304688.60974244,1869930.1239059898,10
-1304225.2970259127,1869930.1239059898,10
-1303761.984309385,1869930.1239059898,10
-1303298.6715928577,1869930.1239059898,10
-1302835.35887633,1869930.1239059898,10
-1302372.0461598027,1869930.1239059898,10
-1301908.733443275,1869930.1239059898,10
-1301445.4207267477,1869930.1239059898,10
-1300982.10801022,1869930.1239059898,10
-1300518.7952936925,1869930.1239059898,10
-1300055.4825771651,1869930.1239059898,10
-1299592.1698606375,1869930.1239059898,10
-1299128.8571441101,1869930.1239059898,16
-1298665.5444275825,1869930.1239059898,10
-1298202.2317110552,1869930.1239059898,10
-1297738.9189945275,1869930.1239059898,10
-1297275.6062780002,1869930.1239059898,10
-1296812.2935614726,1869930.1239059898,10
-1296348.9808449452,1869930.1239059898,10
-1295885.6681284176,1869930.1239059898,10
-1295422.3554118902,1869930.1239059898,10
-1294959.0426953626,1869930.1239059898,10
-1294495.7299788352,1869930.1239059898,10
-1294032.4172623076,1869930.1239059898,10
-1293569.10454578,1869930.1239059898,10
-1293105.7918292526,1869930.1239059898,10
-1292642.479112725,1869930.1239059898,10
-1292179.1663961976,1869930.1239059898,10
-1291715.85367967,1869930.1239059898,10
-1291252.5409631426,1869930.1239059898,10
-1290789.228246615,1869930.1239059898,10
-1290325.9155300877,1869930.1239059898,10
-1289862.60281356,1869930.1239059898,10
-1289399.2900970327,1869930.1239059898,10
-1288935.977380505,1869930.1239059898,10
-1288472.6646639777,1869930.1239059898,10
-1288009.35194745,1869930.1239059898,10
-1287546.0392309227,1869930.1239059898,10
-1287082.726514395,1869930.1239059898,10
-1286619.4137978677,1869930.1239059898,10
-1286156.10108134,1869930.1239059898,10
-1285692.7883648127,1869930.1239059898,16
-1285229.4756482851,1869930.1239059898,16
-1284766.1629317575,1869930.1239059898,16
-1284302.8502152301,1869930.1239059898,10
-1283839.5374987025,1869930.1239059898,10
-1283376.2247821752,1869930.1239059898,10
-1282912.9120656475,1869930.1239059898,10
-1282449.5993491202,1869930.1239059898,10
-1281986.2866325926,1869930.1239059898,10
-1281522.9739160652,1869930.1239059898,10
-1281059.6611995376,1869930.1239059898,10
-1280596.3484830102,1869930.1239059898,10
-1280133.0357664826,1869930.1239059898,10
-1279669.7230499552,1869930.1239059898,10
-1279206.4103334276,1869930.1239059898,10
-1278743.0976169002,1869930.1239059898,10
-1278279.7849003726,1869930.1239059898,10
-1277816.472183845,1869930.1239059898,10
-1277353.1594673176,1869930.1239059898,10
-1276889.84675079,1869930.1239059898,10
-1276426.5340342626,1869930.1239059898,10
-1275963.221317735,1869930.1239059898,10
-1275499.9086012077,1869930.1239059898,10
-1275036.59588468,1869930.1239059898,10
-1274573.2831681527,1869930.1239059898,16
-1274109.970451625,1869930.1239059898,16
-1273646.6577350977,1869930.1239059898,10
-1273183.34501857,1869930.1239059898,10
-1272720.0323020427,1869930.1239059898,10
-1272256.719585515,1869930.1239059898,10
-1271793.4068689877,1869930.1239059898,10
-1271330.09415246,1869930.1239059898,10
-1270866.7814359325,1869930.1239059898,10
-1270403.4687194051,1869930.1239059898,10
-1269940.1560028775,1869930.1239059898,10
-1269476.8432863501,1869930.1239059898,10
-1269013.5305698225,1869930.1239059898,10
-1268550.2178532952,1869930.1239059898,10
-1268086.9051367675,1869930.1239059898,10
-1267623.5924202402,1869930.1239059898,10
-1267160.2797037126,1869930.1239059898,10
-1266696.9669871852,1869930.1239059898,10
-1266233.6542706576,1869930.1239059898,10
-1265770.3415541302,1869930.1239059898,10
-1265307.0288376026,1869930.1239059898,10
-1264843.7161210752,1869930.1239059898,10
-1264380.4034045476,1869930.1239059898,10
-1263917.09068802,1869930.1239059898,10
-1263453.7779714926,1869930.1239059898,10
-1262990.465254965,1869930.1239059898,10
-1262527.1525384376,1869930.1239059898,10
-1262063.83982191,1869930.1239059898,10
-1261600.5271053826,1869930.1239059898,16
-1261137.214388855,1869930.1239059898,16
-1260673.9016723277,1869930.1239059898,10
-1260210.5889558,1869930.1239059898,10
-1259747.2762392727,1869930.1239059898,10
-1259283.963522745,1869930.1239059898,10
-1258820.6508062177,1869930.1239059898,10
-1258357.33808969,1869930.1239059898,10
-1257894.0253731627,1869930.1239059898,10
-1257430.712656635,1869930.1239059898,10
-1256967.3999401077,1869930.1239059898,10
-1256504.08722358,1869930.1239059898,10
-1256040.7745070527,1869930.1239059898,10
-1255577.4617905251,1869930.1239059898,10
-1255114.1490739975,1869930.1239059898,10
-1254650.8363574701,1869930.1239059898,10
-1254187.5236409425,1869930.1239059898,10
-1253724.2109244152,1869930.1239059898,10
-1253260.8982078875,1869930.1239059898,10
-1252797.5854913602,1869930.1239059898,10
-1252334.2727748326,1869930.1239059898,10
-1251870.9600583052,1869930.1239059898,10
-1251407.6473417776,1869930.1239059898,10
-1250944.3346252502,1869930.1239059898,10
-1250481.0219087226,1869930.1239059898,10
-1250017.7091921952,1869930.1239059898,10
-1249554.3964756676,1869930.1239059898,10
-1249091.0837591402,1869930.1239059898,10
-1248627.7710426126,1869930.1239059898,10
-1248164.458326085,1869930.1239059898,10
-1247701.1456095576,1869930.1239059898,10
-1247237.83289303,1869930.1239059898,10
-1246774.5201765026,1869930.1239059898,10
-1246311.207459975,1869930.1239059898,10
-1245847.8947434477,1869930.1239059898,10
-1245384.58202692,1869930.1239059898,10
-1244921.2693103927,1869930.1239059898,10
-1244457.956593865,1869930.1239059898,10
-1243994.6438773377,1869930.1239059898,10
-1243531.33116081,1869930.1239059898,10
-1243068.0184442827,1869930.1239059898,10
-1242604.705727755,1869930.1239059898,10
-1242141.3930112277,1869930.1239059898,10
-1241678.0802947,1869930.1239059898,10
-1241214.7675781725,1869930.1239059898,10
-1240751.4548616451,1869930.1239059898,10
-1240288.1421451175,1869930.1239059898,10
-1239824.8294285901,1869930.1239059898,10
-1239361.5167120625,1869930.1239059898,10
-1238898.2039955352,1869930.1239059898,10
-1238434.8912790075,1869930.1239059898,10
-1237971.5785624802,1869930.1239059898,10
-1237508.2658459526,1869930.1239059898,10
-1237044.9531294252,1869930.1239059898,10
-1236581.6404128976,1869930.1239059898,10
-1236118.3276963702,1869930.1239059898,10
-1235655.0149798426,1869930.1239059898,10
-1235191.7022633152,1869930.1239059898,10
-1234728.3895467876,1869930.1239059898,10
-1234265.07683026,1869930.1239059898,10
-1233801.7641137326,1869930.1239059898,10
-1233338.4513972052,1869930.1239059898,10
-1232875.1386806776,1869930.1239059898,10
-1232411.82596415,1869930.1239059898,10
-1231948.5132476226,1869930.1239059898,10
-1231485.200531095,1869930.1239059898,10
-1231021.8878145677,1869930.1239059898,10
-1230558.57509804,1869930.1239059898,10
-1230095.2623815127,1869930.1239059898,10
-1229631.949664985,1869930.1239059898,10
-1229168.6369484577,1869930.1239059898,10
-1228705.32423193,1869930.1239059898,10
-1228242.0115154027,1869930.1239059898,10
-1227778.698798875,1869930.1239059898,10
-1227315.3860823475,1869930.1239059898,10
-1226852.07336582,1869930.1239059898,10
-1226388.7606492927,1869930.1239059898,10
-1225925.4479327651,1869930.1239059898,10
-1225462.1352162375,1869930.1239059898,10
-1224998.8224997101,1869930.1239059898,10
-1224535.5097831825,1869930.1239059898,10
-1224072.1970666551,1869930.1239059898,10
-1223608.8843501275,1869930.1239059898,10
-1223145.5716336002,1869930.1239059898,10
-1222682.2589170726,1869930.1239059898,10
-1222218.9462005452,1869930.1239059898,10
-1221755.6334840176,1869930.1239059898,10
-1221292.3207674902,1869930.1239059898,10
-1220829.0080509626,1869930.1239059898,10
-1220365.6953344352,1869930.1239059898,10
-1219902.3826179076,1869930.1239059898,10
-1219439.0699013802,1869930.1239059898,10
-1218975.7571848526,1869930.1239059898,10
-1218512.444468325,1869930.1239059898,10
-1218049.1317517976,1869930.1239059898,10
-1217585.81903527,1869930.1239059898,10
-1217122.5063187426,1869930.1239059898,10
-1216659.193602215,1869930.1239059898,10
-1216195.8808856877,1869930.1239059898,10
-1215732.56816916,1869930.1239059898,10
-1215269.2554526327,1869930.1239059898,10
-1214805.942736105,1869930.1239059898,10
-1214342.6300195777,1869930.1239059898,10
-1213879.31730305,1869930.1239059898,10
-1213416.0045865227,1869930.1239059898,10
-1212952.691869995,1869930.1239059898,10
-1212489.3791534677,1869930.1239059898,10
-1212026.06643694,1869930.1239059898,10
-1211562.7537204125,1869930.1239059898,10
-1211099.4410038851,1869930.1239059898,10
-1210636.1282873575,1869930.1239059898,10
-1210172.8155708301,1869930.1239059898,10
-1209709.5028543025,1869930.1239059898,10
-1209246.1901377751,1869930.1239059898,10
-1208782.8774212475,1869930.1239059898,10
-1208319.5647047202,1869930.1239059898,10
-1207856.2519881926,1869930.1239059898,10
-1207392.9392716652,1869930.1239059898,10
-1206929.6265551376,1869930.1239059898,10
-1206466.3138386102,1869930.1239059898,10
-1206003.0011220826,1869930.1239059898,10
-1205539.6884055552,1869930.1239059898,10
-1205076.3756890276,1869930.1239059898,10
-1204613.0629725,1869930.1239059898,10
-1204149.7502559726,1869930.1239059898,10
-1203686.4375394452,1869930.1239059898,10
-1203223.1248229176,1869930.1239059898,10
-1202759.81210639,1869930.1239059898,10
-1202296.4993898626,1869930.1239059898,10
-1201833.186673335,1869930.1239059898,10
-1201369.8739568077,1869930.1239059898,10
-1200906.56124028,1869930.1239059898,10
-1200443.2485237527,1869930.1239059898,10
-1199979.935807225,1869930.1239059898,10
-1199516.6230906977,1869930.1239059898,10
-1199053.31037417,1869930.1239059898,10
-1198589.9976576427,1869930.1239059898,10
-1198126.684941115,1869930.1239059898,10
-1197663.3722245875,1869930.1239059898,10
-1197200.05950806,1869930.1239059898,10
-1196736.7467915327,1869930.1239059898,10
-1196273.4340750051,1869930.1239059898,10
-1195810.1213584775,1869930.1239059898,10
-1195346.8086419501,1869930.1239059898,10
-1194883.4959254225,1869930.1239059898,10
-1194420.1832088951,1869930.1239059898,10
-1193956.8704923675,1869930.1239059898,10
-1193493.5577758402,1869930.1239059898,10
-1193030.2450593126,1869930.1239059898,10
-1192566.9323427852,1869930.1239059898,10
-1192103.6196262576,1869930.1239059898,10
-1191640.3069097302,1869930.1239059898,10
-1191176.9941932026,1869930.1239059898,10
-1190713.6814766752,1869930.1239059898,10
-1190250.3687601476,1869930.1239059898,10
-1189787.0560436202,1869930.1239059898,10
-1189323.7433270926,1869930.1239059898,10
-1188860.430610565,1869930.1239059898,10
-1188397.1178940376,1869930.1239059898,10
-1187933.80517751,1869930.1239059898,10
-1187470.4924609826,1869930.1239059898,10
-1187007.179744455,1869930.1239059898,10
-1186543.8670279277,1869930.1239059898,10
-1186080.5543114,1869930.1239059898,10
-1185617.2415948727,1869930.1239059898,10
-1185153.928878345,1869930.1239059898,10
-1184690.6161618177,1869930.1239059898,10
-1184227.30344529,1869930.1239059898,10
-1183763.9907287627,1869930.1239059898,10
-1183300.678012235,1869930.1239059898,10
-1182837.3652957077,1869930.1239059898,10
-1182374.05257918,1869930.1239059898,10
-1181910.7398626525,1869930.1239059898,10
-1181447.4271461251,1869930.1239059898,10
-1180984.1144295975,1869930.1239059898,10
-1180520.8017130701,1869930.1239059898,10
-1180057.4889965425,1869930.1239059898,10
-1179594.1762800151,1869930.1239059898,10
-1179130.8635634875,1869930.1239059898,10
-1178667.5508469602,1869930.1239059898,10
-1178204.2381304326,1869930.1239059898,10
-1177740.9254139052,1869930.1239059898,10
-1177277.6126973776,1869930.1239059898,10
-1176814.2999808502,1869930.1239059898,10
-1176350.9872643226,1869930.1239059898,10
-1175887.6745477952,1869930.1239059898,10
-1175424.3618312676,1869930.1239059898,10
-1174961.04911474,1869930.1239059898,10
-1174497.7363982126,1869930.1239059898,10
-1174034.4236816852,1869930.1239059898,10
-1173571.1109651576,1869930.1239059898,10
-1173107.79824863,1869930.1239059898,10
-1172644.4855321026,1869930.1239059898,10
-1172181.172815575,1869930.1239059898,10
-1171717.8600990477,1869930.1239059898,10
-1171254.54738252,1869930.1239059898,10
-1170791.2346659927,1869930.1239059898,10
-1170327.921949465,1869930.1239059898,10
-1169864.6092329377,1869930.1239059898,10
-1169401.29651641,1869930.1239059898,10
-1168937.9837998827,1869930.1239059898,10
-1168474.671083355,1869930.1239059898,10
-1363529.3247414327,1869466.8111894622,10
-1363066.012024905,1869466.8111894622,10
-1362602.6993083777,1869466.8111894622,16
-1362139.38659185,1869466.8111894622,16
-1361676.0738753227,1869466.8111894622,16
-1361212.761158795,1869466.8111894622,16
-1360749.4484422677,1869466.8111894622,16
-1360286.13572574,1869466.8111894622,16
-1359822.8230092125,1869466.8111894622,16
-1359359.5102926851,1869466.8111894622,10
-1358896.1975761575,1869466.8111894622,10
-1358432.8848596301,1869466.8111894622,16
-1357969.5721431025,1869466.8111894622,16
-1357506.2594265752,1869466.8111894622,16
-1357042.9467100475,1869466.8111894622,16
-1356579.6339935202,1869466.8111894622,16
-1356116.3212769926,1869466.8111894622,16
-1355653.0085604652,1869466.8111894622,16
-1355189.6958439376,1869466.8111894622,10
-1354726.3831274102,1869466.8111894622,10
-1354263.0704108826,1869466.8111894622,16
-1353799.7576943552,1869466.8111894622,16
-1353336.4449778276,1869466.8111894622,16
-1352873.1322613002,1869466.8111894622,16
-1352409.8195447726,1869466.8111894622,16
-1351946.506828245,1869466.8111894622,16
-1351483.1941117176,1869466.8111894622,16
-1351019.88139519,1869466.8111894622,16
-1350556.5686786626,1869466.8111894622,16
-1350093.255962135,1869466.8111894622,16
-1349629.9432456077,1869466.8111894622,16
-1349166.63052908,1869466.8111894622,16
-1348703.3178125527,1869466.8111894622,16
-1348240.005096025,1869466.8111894622,16
-1347776.6923794977,1869466.8111894622,16
-1347313.37966297,1869466.8111894622,10
-1346850.0669464427,1869466.8111894622,10
-1346386.754229915,1869466.8111894622,16
-1345923.4415133877,1869466.8111894622,16
-1345460.12879686,1869466.8111894622,10
-1344996.8160803327,1869466.8111894622,10
-1344533.5033638051,1869466.8111894622,10
-1344070.1906472775,1869466.8111894622,16
-1343606.8779307501,1869466.8111894622,16
-1343143.5652142225,1869466.8111894622,16
-1342680.2524976952,1869466.8111894622,16
-1342216.9397811675,1869466.8111894622,16
-1341753.6270646402,1869466.8111894622,16
-1341290.3143481126,1869466.8111894622,16
-1340827.0016315852,1869466.8111894622,16
-1340363.6889150576,1869466.8111894622,16
-1339900.3761985302,1869466.8111894622,16
-1339437.0634820026,1869466.8111894622,16
-1338973.7507654752,1869466.8111894622,16
-1338510.4380489476,1869466.8111894622,16
-1338047.1253324202,1869466.8111894622,16
-1337583.8126158926,1869466.8111894622,16
-1337120.499899365,1869466.8111894622,16
-1336657.1871828376,1869466.8111894622,16
-1336193.87446631,1869466.8111894622,16
-1335730.5617497826,1869466.8111894622,16
-1335267.249033255,1869466.8111894622,16
-1334803.9363167277,1869466.8111894622,16
-1334340.6236002,1869466.8111894622,16
-1333877.3108836727,1869466.8111894622,16
-1333413.998167145,1869466.8111894622,16
-1332950.6854506177,1869466.8111894622,16
-1332487.37273409,1869466.8111894622,16
-1332024.0600175627,1869466.8111894622,16
-1331560.747301035,1869466.8111894622,16
-1331097.4345845077,1869466.8111894622,16
-1330634.12186798,1869466.8111894622,16
-1330170.8091514525,1869466.8111894622,16
-1329707.4964349251,1869466.8111894622,16
-1329244.1837183975,1869466.8111894622,16
-1328780.8710018701,1869466.8111894622,16
-1328317.5582853425,1869466.8111894622,16
-1327854.2455688152,1869466.8111894622,16
-1327390.9328522875,1869466.8111894622,16
-1326927.6201357602,1869466.8111894622,16
-1326464.3074192326,1869466.8111894622,16
-1326000.9947027052,1869466.8111894622,16
-1325537.6819861776,1869466.8111894622,16
-1325074.3692696502,1869466.8111894622,16
-1324611.0565531226,1869466.8111894622,16
-1324147.7438365952,1869466.8111894622,16
-1323684.4311200676,1869466.8111894622,16
-1323221.11840354,1869466.8111894622,16
-1322757.8056870126,1869466.8111894622,16
-1322294.492970485,1869466.8111894622,16
-1321831.1802539576,1869466.8111894622,16
-1321367.86753743,1869466.8111894622,16
-1320904.5548209026,1869466.8111894622,16
-1320441.242104375,1869466.8111894622,16
-1319977.9293878477,1869466.8111894622,16
-1319514.61667132,1869466.8111894622,16
-1319051.3039547927,1869466.8111894622,16
-1318587.991238265,1869466.8111894622,16
-1318124.6785217377,1869466.8111894622,16
-1317661.36580521,1869466.8111894622,16
-1317198.0530886827,1869466.8111894622,16
-1316734.740372155,1869466.8111894622,16
-1316271.4276556277,1869466.8111894622,16
-1315808.1149391,1869466.8111894622,16
-1315344.8022225727,1869466.8111894622,16
-1314881.4895060451,1869466.8111894622,16
-1314418.1767895175,1869466.8111894622,16
-1313954.8640729901,1869466.8111894622,16
-1313491.5513564625,1869466.8111894622,16
-1313028.2386399352,1869466.8111894622,16
-1312564.9259234075,1869466.8111894622,16
-1312101.6132068802,1869466.8111894622,16
-1311638.3004903526,1869466.8111894622,16
-1311174.9877738252,1869466.8111894622,16
-1310711.6750572976,1869466.8111894622,16
-1310248.3623407702,1869466.8111894622,16
-1309785.0496242426,1869466.8111894622,16
-1309321.7369077152,1869466.8111894622,16
-1308858.4241911876,1869466.8111894622,16
-1308395.1114746602,1869466.8111894622,16
-1307931.7987581326,1869466.8111894622,16
-1307468.486041605,1869466.8111894622,16
-1307005.1733250776,1869466.8111894622,16
-1306541.86060855,1869466.8111894622,16
-1306078.5478920226,1869466.8111894622,16
-1305615.235175495,1869466.8111894622,16
-1305151.9224589677,1869466.8111894622,16
-1304688.60974244,1869466.8111894622,16
-1304225.2970259127,1869466.8111894622,16
-1303761.984309385,1869466.8111894622,10
-1303298.6715928577,1869466.8111894622,10
-1302835.35887633,1869466.8111894622,10
-1302372.0461598027,1869466.8111894622,10
-1301908.733443275,1869466.8111894622,10
-1301445.4207267477,1869466.8111894622,10
-1300982.10801022,1869466.8111894622,16
-1300518.7952936925,1869466.8111894622,16
-1300055.4825771651,1869466.8111894622,16
-1299592.1698606375,1869466.8111894622,16
-1299128.8571441101,1869466.8111894622,16
-1298665.5444275825,1869466.8111894622,10
-1298202.2317110552,1869466.8111894622,10
-1297738.9189945275,1869466.8111894622,10
-1297275.6062780002,1869466.8111894622,10
-1296812.2935614726,1869466.8111894622,10
-1296348.9808449452,1869466.8111894622,10
-1295885.6681284176,1869466.8111894622,10
-1295422.3554118902,1869466.8111894622,10
-1294959.0426953626,1869466.8111894622,10
-1294495.7299788352,1869466.8111894622,10
-1294032.4172623076,1869466.8111894622,10
-1293569.10454578,1869466.8111894622,10
-1293105.7918292526,1869466.8111894622,10
-1292642.479112725,1869466.8111894622,10
-1292179.1663961976,1869466.8111894622,10
-1291715.85367967,1869466.8111894622,16
-1291252.5409631426,1869466.8111894622,16
-1290789.228246615,1869466.8111894622,16
-1290325.9155300877,1869466.8111894622,16
-1289862.60281356,1869466.8111894622,16
-1289399.2900970327,1869466.8111894622,10
-1288935.977380505,1869466.8111894622,10
-1288472.6646639777,1869466.8111894622,16
-1288009.35194745,1869466.8111894622,10
-1287546.0392309227,1869466.8111894622,10
-1287082.726514395,1869466.8111894622,10
-1286619.4137978677,1869466.8111894622,10
-1286156.10108134,1869466.8111894622,16
-1285692.7883648127,1869466.8111894622,16
-1285229.4756482851,1869466.8111894622,16
-1284766.1629317575,1869466.8111894622,16
-1284302.8502152301,1869466.8111894622,16
-1283839.5374987025,1869466.8111894622,10
-1283376.2247821752,1869466.8111894622,10
-1282912.9120656475,1869466.8111894622,10
-1282449.5993491202,1869466.8111894622,10
-1281986.2866325926,1869466.8111894622,10
-1281522.9739160652,1869466.8111894622,10
-1281059.6611995376,1869466.8111894622,10
-1280596.3484830102,1869466.8111894622,10
-1280133.0357664826,1869466.8111894622,10
-1279669.7230499552,1869466.8111894622,10
-1279206.4103334276,1869466.8111894622,10
-1278743.0976169002,1869466.8111894622,10
-1278279.7849003726,1869466.8111894622,10
-1277816.472183845,1869466.8111894622,10
-1277353.1594673176,1869466.8111894622,10
-1276889.84675079,1869466.8111894622,10
-1276426.5340342626,1869466.8111894622,10
-1275963.221317735,1869466.8111894622,10
-1275499.9086012077,1869466.8111894622,10
-1275036.59588468,1869466.8111894622,10
-1274573.2831681527,1869466.8111894622,16
-1274109.970451625,1869466.8111894622,16
-1273646.6577350977,1869466.8111894622,10
-1273183.34501857,1869466.8111894622,10
-1272720.0323020427,1869466.8111894622,10
-1272256.719585515,1869466.8111894622,10
-1271793.4068689877,1869466.8111894622,10
-1271330.09415246,1869466.8111894622,10
-1270866.7814359325,1869466.8111894622,10
-1270403.4687194051,1869466.8111894622,10
-1269940.1560028775,1869466.8111894622,10
-1269476.8432863501,1869466.8111894622,10
-1269013.5305698225,1869466.8111894622,10
-1268550.2178532952,1869466.8111894622,10
-1268086.9051367675,1869466.8111894622,10
-1267623.5924202402,1869466.8111894622,10
-1267160.2797037126,1869466.8111894622,10
-1266696.9669871852,1869466.8111894622,10
-1266233.6542706576,1869466.8111894622,10
-1265770.3415541302,1869466.8111894622,10
-1265307.0288376026,1869466.8111894622,10
-1264843.7161210752,1869466.8111894622,10
-1264380.4034045476,1869466.8111894622,10
-1263917.09068802,1869466.8111894622,10
-1263453.7779714926,1869466.8111894622,10
-1262990.465254965,1869466.8111894622,10
-1262527.1525384376,1869466.8111894622,10
-1262063.83982191,1869466.8111894622,10
-1261600.5271053826,1869466.8111894622,10
-1261137.214388855,1869466.8111894622,16
-1260673.9016723277,1869466.8111894622,10
-1260210.5889558,1869466.8111894622,10
-1259747.2762392727,1869466.8111894622,10
-1259283.963522745,1869466.8111894622,10
-1258820.6508062177,1869466.8111894622,10
-1258357.33808969,1869466.8111894622,16
-1257894.0253731627,1869466.8111894622,10
-1257430.712656635,1869466.8111894622,10
-1256967.3999401077,1869466.8111894622,10
-1256504.08722358,1869466.8111894622,10
-1256040.7745070527,1869466.8111894622,10
-1255577.4617905251,1869466.8111894622,10
-1255114.1490739975,1869466.8111894622,10
-1254650.8363574701,1869466.8111894622,10
-1254187.5236409425,1869466.8111894622,10
-1253724.2109244152,1869466.8111894622,10
-1253260.8982078875,1869466.8111894622,10
-1252797.5854913602,1869466.8111894622,10
-1252334.2727748326,1869466.8111894622,10
-1251870.9600583052,1869466.8111894622,10
-1251407.6473417776,1869466.8111894622,10
-1250944.3346252502,1869466.8111894622,10
-1250481.0219087226,1869466.8111894622,10
-1250017.7091921952,1869466.8111894622,10
-1249554.3964756676,1869466.8111894622,10
-1249091.0837591402,1869466.8111894622,10
-1248627.7710426126,1869466.8111894622,10
-1248164.458326085,1869466.8111894622,10
-1247701.1456095576,1869466.8111894622,10
-1247237.83289303,1869466.8111894622,10
-1246774.5201765026,1869466.8111894622,10
-1246311.207459975,1869466.8111894622,10
-1245847.8947434477,1869466.8111894622,10
-1245384.58202692,1869466.8111894622,10
-1244921.2693103927,1869466.8111894622,10
-1244457.956593865,1869466.8111894622,10
-1243994.6438773377,1869466.8111894622,10
-1243531.33116081,1869466.8111894622,10
-1243068.0184442827,1869466.8111894622,10
-1242604.705727755,1869466.8111894622,10
-1242141.3930112277,1869466.8111894622,10
-1241678.0802947,1869466.8111894622,10
-1241214.7675781725,1869466.8111894622,10
-1240751.4548616451,1869466.8111894622,10
-1240288.1421451175,1869466.8111894622,10
-1239824.8294285901,1869466.8111894622,10
-1239361.5167120625,1869466.8111894622,10
-1238898.2039955352,1869466.8111894622,10
-1238434.8912790075,1869466.8111894622,10
-1237971.5785624802,1869466.8111894622,10
-1237508.2658459526,1869466.8111894622,10
-1237044.9531294252,1869466.8111894622,10
-1236581.6404128976,1869466.8111894622,10
-1236118.3276963702,1869466.8111894622,10
-1235655.0149798426,1869466.8111894622,10
-1235191.7022633152,1869466.8111894622,10
-1234728.3895467876,1869466.8111894622,10
-1234265.07683026,1869466.8111894622,10
-1233801.7641137326,1869466.8111894622,10
-1233338.4513972052,1869466.8111894622,10
-1232875.1386806776,1869466.8111894622,10
-1232411.82596415,1869466.8111894622,10
-1231948.5132476226,1869466.8111894622,10
-1231485.200531095,1869466.8111894622,10
-1231021.8878145677,1869466.8111894622,10
-1230558.57509804,1869466.8111894622,10
-1230095.2623815127,1869466.8111894622,10
-1229631.949664985,1869466.8111894622,10
-1229168.6369484577,1869466.8111894622,10
-1228705.32423193,1869466.8111894622,10
-1228242.0115154027,1869466.8111894622,10
-1227778.698798875,1869466.8111894622,10
-1227315.3860823475,1869466.8111894622,10
-1226852.07336582,1869466.8111894622,10
-1226388.7606492927,1869466.8111894622,10
-1225925.4479327651,1869466.8111894622,10
-1225462.1352162375,1869466.8111894622,10
-1224998.8224997101,1869466.8111894622,10
-1224535.5097831825,1869466.8111894622,10
-1224072.1970666551,1869466.8111894622,10
-1223608.8843501275,1869466.8111894622,10
-1223145.5716336002,1869466.8111894622,10
-1222682.2589170726,1869466.8111894622,10
-1222218.9462005452,1869466.8111894622,10
-1221755.6334840176,1869466.8111894622,10
-1221292.3207674902,1869466.8111894622,10
-1220829.0080509626,1869466.8111894622,10
-1220365.6953344352,1869466.8111894622,10
-1219902.3826179076,1869466.8111894622,10
-1219439.0699013802,1869466.8111894622,10
-1218975.7571848526,1869466.8111894622,10
-1218512.444468325,1869466.8111894622,10
-1218049.1317517976,1869466.8111894622,10
-1217585.81903527,1869466.8111894622,10
-1217122.5063187426,1869466.8111894622,10
-1216659.193602215,1869466.8111894622,10
-1216195.8808856877,1869466.8111894622,10
-1215732.56816916,1869466.8111894622,10
-1215269.2554526327,1869466.8111894622,10
-1214805.942736105,1869466.8111894622,10
-1214342.6300195777,1869466.8111894622,10
-1213879.31730305,1869466.8111894622,10
-1213416.0045865227,1869466.8111894622,10
-1212952.691869995,1869466.8111894622,10
-1212489.3791534677,1869466.8111894622,10
-1212026.06643694,1869466.8111894622,10
-1211562.7537204125,1869466.8111894622,10
-1211099.4410038851,1869466.8111894622,10
-1210636.1282873575,1869466.8111894622,10
-1210172.8155708301,1869466.8111894622,10
-1209709.5028543025,1869466.8111894622,10
-1209246.1901377751,1869466.8111894622,10
-1208782.8774212475,1869466.8111894622,10
-1208319.5647047202,1869466.8111894622,10
-1207856.2519881926,1869466.8111894622,10
-1207392.9392716652,1869466.8111894622,10
-1206929.6265551376,1869466.8111894622,10
-1206466.3138386102,1869466.8111894622,10
-1206003.0011220826,1869466.8111894622,10
-1205539.6884055552,1869466.8111894622,10
-1205076.3756890276,1869466.8111894622,10
-1204613.0629725,1869466.8111894622,10
-1204149.7502559726,1869466.8111894622,10
-1203686.4375394452,1869466.8111894622,10
-1203223.1248229176,1869466.8111894622,10
-1202759.81210639,1869466.8111894622,10
-1202296.4993898626,1869466.8111894622,10
-1201833.186673335,1869466.8111894622,10
-1201369.8739568077,1869466.8111894622,10
-1200906.56124028,1869466.8111894622,10
-1200443.2485237527,1869466.8111894622,10
-1199979.935807225,1869466.8111894622,10
-1199516.6230906977,1869466.8111894622,10
-1199053.31037417,1869466.8111894622,10
-1198589.9976576427,1869466.8111894622,10
-1198126.684941115,1869466.8111894622,10
-1197663.3722245875,1869466.8111894622,10
-1197200.05950806,1869466.8111894622,10
-1196736.7467915327,1869466.8111894622,10
-1196273.4340750051,1869466.8111894622,10
-1195810.1213584775,1869466.8111894622,10
-1195346.8086419501,1869466.8111894622,10
-1194883.4959254225,1869466.8111894622,10
-1194420.1832088951,1869466.8111894622,10
-1193956.8704923675,1869466.8111894622,10
-1193493.5577758402,1869466.8111894622,10
-1193030.2450593126,1869466.8111894622,10
-1192566.9323427852,1869466.8111894622,10
-1192103.6196262576,1869466.8111894622,10
-1191640.3069097302,1869466.8111894622,10
-1191176.9941932026,1869466.8111894622,10
-1190713.6814766752,1869466.8111894622,10
-1190250.3687601476,1869466.8111894622,10
-1189787.0560436202,1869466.8111894622,10
-1189323.7433270926,1869466.8111894622,10
-1188860.430610565,1869466.8111894622,10
-1188397.1178940376,1869466.8111894622,10
-1187933.80517751,1869466.8111894622,10
-1187470.4924609826,1869466.8111894622,10
-1187007.179744455,1869466.8111894622,10
-1186543.8670279277,1869466.8111894622,10
-1186080.5543114,1869466.8111894622,10
-1185617.2415948727,1869466.8111894622,10
-1185153.928878345,1869466.8111894622,10
-1184690.6161618177,1869466.8111894622,10
-1184227.30344529,1869466.8111894622,10
-1183763.9907287627,1869466.8111894622,10
-1183300.678012235,1869466.8111894622,10
-1182837.3652957077,1869466.8111894622,10
-1182374.05257918,1869466.8111894622,10
-1181910.7398626525,1869466.8111894622,10
-1181447.4271461251,1869466.8111894622,10
-1180984.1144295975,1869466.8111894622,10
-1180520.8017130701,1869466.8111894622,10
-1180057.4889965425,1869466.8111894622,10
-1179594.1762800151,1869466.8111894622,10
-1179130.8635634875,1869466.8111894622,10
-1178667.5508469602,1869466.8111894622,10
-1178204.2381304326,1869466.8111894622,10
-1177740.9254139052,1869466.8111894622,10
-1177277.6126973776,1869466.8111894622,10
-1176814.2999808502,1869466.8111894622,10
-1176350.9872643226,1869466.8111894622,10
-1175887.6745477952,1869466.8111894622,10
-1175424.3618312676,1869466.8111894622,10
-1174961.04911474,1869466.8111894622,10
-1174497.7363982126,1869466.8111894622,10
-1174034.4236816852,1869466.8111894622,10
-1173571.1109651576,1869466.8111894622,10
-1173107.79824863,1869466.8111894622,10
-1172644.4855321026,1869466.8111894622,10
-1172181.172815575,1869466.8111894622,10
-1171717.8600990477,1869466.8111894622,10
-1171254.54738252,1869466.8111894622,10
-1170791.2346659927,1869466.8111894622,10
-1170327.921949465,1869466.8111894622,10
-1169864.6092329377,1869466.8111894622,10
-1169401.29651641,1869466.8111894622,10
-1168937.9837998827,1869466.8111894622,10
-1168474.671083355,1869466.8111894622,10
-1168011.3583668275,1869466.8111894622,10
-1363992.63745796,1869003.4984729346,10
-1363529.3247414327,1869003.4984729346,10
-1363066.012024905,1869003.4984729346,16
-1362602.6993083777,1869003.4984729346,16
-1362139.38659185,1869003.4984729346,16
-1361676.0738753227,1869003.4984729346,16
-1361212.761158795,1869003.4984729346,16
-1360749.4484422677,1869003.4984729346,16
-1360286.13572574,1869003.4984729346,16
-1359822.8230092125,1869003.4984729346,16
-1359359.5102926851,1869003.4984729346,10
-1358896.1975761575,1869003.4984729346,10
-1358432.8848596301,1869003.4984729346,16
-1357969.5721431025,1869003.4984729346,10
-1357506.2594265752,1869003.4984729346,16
-1357042.9467100475,1869003.4984729346,16
-1356579.6339935202,1869003.4984729346,16
-1356116.3212769926,1869003.4984729346,16
-1355653.0085604652,1869003.4984729346,16
-1355189.6958439376,1869003.4984729346,10
-1354726.3831274102,1869003.4984729346,16
-1354263.0704108826,1869003.4984729346,16
-1353799.7576943552,1869003.4984729346,16
-1353336.4449778276,1869003.4984729346,16
-1352873.1322613002,1869003.4984729346,16
-1352409.8195447726,1869003.4984729346,16
-1351946.506828245,1869003.4984729346,16
-1351483.1941117176,1869003.4984729346,16
-1351019.88139519,1869003.4984729346,16
-1350556.5686786626,1869003.4984729346,16
-1350093.255962135,1869003.4984729346,16
-1349629.9432456077,1869003.4984729346,16
-1349166.63052908,1869003.4984729346,16
-1348703.3178125527,1869003.4984729346,16
-1348240.005096025,1869003.4984729346,16
-1347776.6923794977,1869003.4984729346,16
-1347313.37966297,1869003.4984729346,10
-1346850.0669464427,1869003.4984729346,10
-1346386.754229915,1869003.4984729346,10
-1345923.4415133877,1869003.4984729346,10
-1345460.12879686,1869003.4984729346,10
-1344996.8160803327,1869003.4984729346,10
-1344533.5033638051,1869003.4984729346,16
-1344070.1906472775,1869003.4984729346,16
-1343606.8779307501,1869003.4984729346,16
-1343143.5652142225,1869003.4984729346,16
-1342680.2524976952,1869003.4984729346,16
-1342216.9397811675,1869003.4984729346,16
-1341753.6270646402,1869003.4984729346,16
-1341290.3143481126,1869003.4984729346,16
-1340827.0016315852,1869003.4984729346,16
-1340363.6889150576,1869003.4984729346,16
-1339900.3761985302,1869003.4984729346,16
-1339437.0634820026,1869003.4984729346,16
-1338973.7507654752,1869003.4984729346,16
-1338510.4380489476,1869003.4984729346,16
-1338047.1253324202,1869003.4984729346,16
-1337583.8126158926,1869003.4984729346,16
-1337120.499899365,1869003.4984729346,16
-1336657.1871828376,1869003.4984729346,16
-1336193.87446631,1869003.4984729346,16
-1335730.5617497826,1869003.4984729346,16
-1335267.249033255,1869003.4984729346,16
-1334803.9363167277,1869003.4984729346,16
-1334340.6236002,1869003.4984729346,16
-1333877.3108836727,1869003.4984729346,16
-1333413.998167145,1869003.4984729346,16
-1332950.6854506177,1869003.4984729346,16
-1332487.37273409,1869003.4984729346,16
-1332024.0600175627,1869003.4984729346,16
-1331560.747301035,1869003.4984729346,16
-1331097.4345845077,1869003.4984729346,16
-1330634.12186798,1869003.4984729346,16
-1330170.8091514525,1869003.4984729346,16
-1329707.4964349251,1869003.4984729346,16
-1329244.1837183975,1869003.4984729346,16
-1328780.8710018701,1869003.4984729346,16
-1328317.5582853425,1869003.4984729346,16
-1327854.2455688152,1869003.4984729346,16
-1327390.9328522875,1869003.4984729346,16
-1326927.6201357602,1869003.4984729346,16
-1326464.3074192326,1869003.4984729346,16
-1326000.9947027052,1869003.4984729346,16
-1325537.6819861776,1869003.4984729346,16
-1325074.3692696502,1869003.4984729346,16
-1324611.0565531226,1869003.4984729346,16
-1324147.7438365952,1869003.4984729346,16
-1323684.4311200676,1869003.4984729346,16
-1323221.11840354,1869003.4984729346,16
-1322757.8056870126,1869003.4984729346,16
-1322294.492970485,1869003.4984729346,16
-1321831.1802539576,1869003.4984729346,16
-1321367.86753743,1869003.4984729346,16
-1320904.5548209026,1869003.4984729346,16
-1320441.242104375,1869003.4984729346,16
-1319977.9293878477,1869003.4984729346,16
-1319514.61667132,1869003.4984729346,16
-1319051.3039547927,1869003.4984729346,16
-1318587.991238265,1869003.4984729346,16
-1318124.6785217377,1869003.4984729346,16
-1317661.36580521,1869003.4984729346,16
-1317198.0530886827,1869003.4984729346,16
-1316734.740372155,1869003.4984729346,16
-1316271.4276556277,1869003.4984729346,16
-1315808.1149391,1869003.4984729346,16
-1315344.8022225727,1869003.4984729346,16
-1314881.4895060451,1869003.4984729346,16
-1314418.1767895175,1869003.4984729346,16
-1313954.8640729901,1869003.4984729346,16
-1313491.5513564625,1869003.4984729346,16
-1313028.2386399352,1869003.4984729346,16
-1312564.9259234075,1869003.4984729346,16
-1312101.6132068802,1869003.4984729346,16
-1311638.3004903526,1869003.4984729346,16
-1311174.9877738252,1869003.4984729346,16
-1310711.6750572976,1869003.4984729346,16
-1310248.3623407702,1869003.4984729346,16
-1309785.0496242426,1869003.4984729346,16
-1309321.7369077152,1869003.4984729346,16
-1308858.4241911876,1869003.4984729346,16
-1308395.1114746602,1869003.4984729346,16
-1307931.7987581326,1869003.4984729346,16
-1307468.486041605,1869003.4984729346,10
-1307005.1733250776,1869003.4984729346,16
-1306541.86060855,1869003.4984729346,16
-1306078.5478920226,1869003.4984729346,16
-1305615.235175495,1869003.4984729346,16
-1305151.9224589677,1869003.4984729346,16
-1304688.60974244,1869003.4984729346,16
-1304225.2970259127,1869003.4984729346,16
-1303761.984309385,1869003.4984729346,16
-1303298.6715928577,1869003.4984729346,10
-1302835.35887633,1869003.4984729346,10
-1302372.0461598027,1869003.4984729346,10
-1301908.733443275,1869003.4984729346,10
-1301445.4207267477,1869003.4984729346,10
-1300982.10801022,1869003.4984729346,10
-1300518.7952936925,1869003.4984729346,16
-1300055.4825771651,1869003.4984729346,16
-1299592.1698606375,1869003.4984729346,16
-1299128.8571441101,1869003.4984729346,16
-1298665.5444275825,1869003.4984729346,16
-1298202.2317110552,1869003.4984729346,10
-1297738.9189945275,1869003.4984729346,10
-1297275.6062780002,1869003.4984729346,10
-1296812.2935614726,1869003.4984729346,10
-1296348.9808449452,1869003.4984729346,10
-1295885.6681284176,1869003.4984729346,10
-1295422.3554118902,1869003.4984729346,10
-1294959.0426953626,1869003.4984729346,10
-1294495.7299788352,1869003.4984729346,10
-1294032.4172623076,1869003.4984729346,10
-1293569.10454578,1869003.4984729346,10
-1293105.7918292526,1869003.4984729346,10
-1292642.479112725,1869003.4984729346,16
-1292179.1663961976,1869003.4984729346,10
-1291715.85367967,1869003.4984729346,16
-1291252.5409631426,1869003.4984729346,16
-1290789.228246615,1869003.4984729346,16
-1290325.9155300877,1869003.4984729346,16
-1289862.60281356,1869003.4984729346,16
-1289399.2900970327,1869003.4984729346,10
-1288935.977380505,1869003.4984729346,10
-1288472.6646639777,1869003.4984729346,10
-1288009.35194745,1869003.4984729346,10
-1287546.0392309227,1869003.4984729346,10
-1287082.726514395,1869003.4984729346,10
-1286619.4137978677,1869003.4984729346,10
-1286156.10108134,1869003.4984729346,10
-1285692.7883648127,1869003.4984729346,16
-1285229.4756482851,1869003.4984729346,16
-1284766.1629317575,1869003.4984729346,16
-1284302.8502152301,1869003.4984729346,16
-1283839.5374987025,1869003.4984729346,16
-1283376.2247821752,1869003.4984729346,10
-1282912.9120656475,1869003.4984729346,10
-1282449.5993491202,1869003.4984729346,10
-1281986.2866325926,1869003.4984729346,10
-1281522.9739160652,1869003.4984729346,10
-1281059.6611995376,1869003.4984729346,10
-1280596.3484830102,1869003.4984729346,10
-1280133.0357664826,1869003.4984729346,10
-1279669.7230499552,1869003.4984729346,10
-1279206.4103334276,1869003.4984729346,10
-1278743.0976169002,1869003.4984729346,10
-1278279.7849003726,1869003.4984729346,10
-1277816.472183845,1869003.4984729346,10
-1277353.1594673176,1869003.4984729346,10
-1276889.84675079,1869003.4984729346,10
-1276426.5340342626,1869003.4984729346,10
-1275963.221317735,1869003.4984729346,10
-1275499.9086012077,1869003.4984729346,10
-1275036.59588468,1869003.4984729346,10
-1274573.2831681527,1869003.4984729346,10
-1274109.970451625,1869003.4984729346,10
-1273646.6577350977,1869003.4984729346,10
-1273183.34501857,1869003.4984729346,10
-1272720.0323020427,1869003.4984729346,10
-1272256.719585515,1869003.4984729346,10
-1271793.4068689877,1869003.4984729346,10
-1271330.09415246,1869003.4984729346,10
-1270866.7814359325,1869003.4984729346,10
-1270403.4687194051,1869003.4984729346,10
-1269940.1560028775,1869003.4984729346,16
-1269476.8432863501,1869003.4984729346,16
-1269013.5305698225,1869003.4984729346,10
-1268550.2178532952,1869003.4984729346,10
-1268086.9051367675,1869003.4984729346,10
-1267623.5924202402,1869003.4984729346,10
-1267160.2797037126,1869003.4984729346,10
-1266696.9669871852,1869003.4984729346,10
-1266233.6542706576,1869003.4984729346,10
-1265770.3415541302,1869003.4984729346,10
-1265307.0288376026,1869003.4984729346,10
-1264843.7161210752,1869003.4984729346,10
-1264380.4034045476,1869003.4984729346,10
-1263917.09068802,1869003.4984729346,10
-1263453.7779714926,1869003.4984729346,10
-1262990.465254965,1869003.4984729346,10
-1262527.1525384376,1869003.4984729346,10
-1262063.83982191,1869003.4984729346,10
-1261600.5271053826,1869003.4984729346,10
-1261137.214388855,1869003.4984729346,16
-1260673.9016723277,1869003.4984729346,10
-1260210.5889558,1869003.4984729346,10
-1259747.2762392727,1869003.4984729346,10
-1259283.963522745,1869003.4984729346,10
-1258820.6508062177,1869003.4984729346,10
-1258357.33808969,1869003.4984729346,10
-1257894.0253731627,1869003.4984729346,10
-1257430.712656635,1869003.4984729346,10
-1256967.3999401077,1869003.4984729346,10
-1256504.08722358,1869003.4984729346,10
-1256040.7745070527,1869003.4984729346,10
-1255577.4617905251,1869003.4984729346,10
-1255114.1490739975,1869003.4984729346,10
-1254650.8363574701,1869003.4984729346,10
-1254187.5236409425,1869003.4984729346,10
-1253724.2109244152,1869003.4984729346,10
-1253260.8982078875,1869003.4984729346,10
-1252797.5854913602,1869003.4984729346,10
-1252334.2727748326,1869003.4984729346,10
-1251870.9600583052,1869003.4984729346,10
-1251407.6473417776,1869003.4984729346,10
-1250944.3346252502,1869003.4984729346,10
-1250481.0219087226,1869003.4984729346,10
-1250017.7091921952,1869003.4984729346,10
-1249554.3964756676,1869003.4984729346,10
-1249091.0837591402,1869003.4984729346,10
-1248627.7710426126,1869003.4984729346,10
-1248164.458326085,1869003.4984729346,10
-1247701.1456095576,1869003.4984729346,10
-1247237.83289303,1869003.4984729346,10
-1246774.5201765026,1869003.4984729346,10
-1246311.207459975,1869003.4984729346,10
-1245847.8947434477,1869003.4984729346,10
-1245384.58202692,1869003.4984729346,10
-1244921.2693103927,1869003.4984729346,10
-1244457.956593865,1869003.4984729346,10
-1243994.6438773377,1869003.4984729346,10
-1243531.33116081,1869003.4984729346,10
-1243068.0184442827,1869003.4984729346,10
-1242604.705727755,1869003.4984729346,10
-1242141.3930112277,1869003.4984729346,10
-1241678.0802947,1869003.4984729346,10
-1241214.7675781725,1869003.4984729346,10
-1240751.4548616451,1869003.4984729346,10
-1240288.1421451175,1869003.4984729346,10
-1239824.8294285901,1869003.4984729346,10
-1239361.5167120625,1869003.4984729346,10
-1238898.2039955352,1869003.4984729346,10
-1238434.8912790075,1869003.4984729346,10
-1237971.5785624802,1869003.4984729346,10
-1237508.2658459526,1869003.4984729346,10
-1237044.9531294252,1869003.4984729346,10
-1236581.6404128976,1869003.4984729346,10
-1236118.3276963702,1869003.4984729346,10
-1235655.0149798426,1869003.4984729346,10
-1235191.7022633152,1869003.4984729346,10
-1234728.3895467876,1869003.4984729346,10
-1234265.07683026,1869003.4984729346,10
-1233801.7641137326,1869003.4984729346,10
-1233338.4513972052,1869003.4984729346,10
-1232875.1386806776,1869003.4984729346,10
-1232411.82596415,1869003.4984729346,10
-1231948.5132476226,1869003.4984729346,10
-1231485.200531095,1869003.4984729346,10
-1231021.8878145677,1869003.4984729346,10
-1230558.57509804,1869003.4984729346,10
-1230095.2623815127,1869003.4984729346,10
-1229631.949664985,1869003.4984729346,10
-1229168.6369484577,1869003.4984729346,10
-1228705.32423193,1869003.4984729346,10
-1228242.0115154027,1869003.4984729346,10
-1227778.698798875,1869003.4984729346,10
-1227315.3860823475,1869003.4984729346,10
-1226852.07336582,1869003.4984729346,10
-1226388.7606492927,1869003.4984729346,10
-1225925.4479327651,1869003.4984729346,10
-1225462.1352162375,1869003.4984729346,10
-1224998.8224997101,1869003.4984729346,10
-1224535.5097831825,1869003.4984729346,10
-1224072.1970666551,1869003.4984729346,10
-1223608.8843501275,1869003.4984729346,10
-1223145.5716336002,1869003.4984729346,10
-1222682.2589170726,1869003.4984729346,10
-1222218.9462005452,1869003.4984729346,10
-1221755.6334840176,1869003.4984729346,10
-1221292.3207674902,1869003.4984729346,10
-1220829.0080509626,1869003.4984729346,10
-1220365.6953344352,1869003.4984729346,10
-1219902.3826179076,1869003.4984729346,10
-1219439.0699013802,1869003.4984729346,10
-1218975.7571848526,1869003.4984729346,10
-1218512.444468325,1869003.4984729346,10
-1218049.1317517976,1869003.4984729346,10
-1217585.81903527,1869003.4984729346,10
-1217122.5063187426,1869003.4984729346,10
-1216659.193602215,1869003.4984729346,10
-1216195.8808856877,1869003.4984729346,10
-1215732.56816916,1869003.4984729346,10
-1215269.2554526327,1869003.4984729346,10
-1214805.942736105,1869003.4984729346,10
-1214342.6300195777,1869003.4984729346,10
-1213879.31730305,1869003.4984729346,10
-1213416.0045865227,1869003.4984729346,10
-1212952.691869995,1869003.4984729346,10
-1212489.3791534677,1869003.4984729346,10
-1212026.06643694,1869003.4984729346,10
-1211562.7537204125,1869003.4984729346,10
-1211099.4410038851,1869003.4984729346,10
-1210636.1282873575,1869003.4984729346,10
-1210172.8155708301,1869003.4984729346,10
-1209709.5028543025,1869003.4984729346,10
-1209246.1901377751,1869003.4984729346,10
-1208782.8774212475,1869003.4984729346,10
-1208319.5647047202,1869003.4984729346,10
-1207856.2519881926,1869003.4984729346,10
-1207392.9392716652,1869003.4984729346,10
-1206929.6265551376,1869003.4984729346,10
-1206466.3138386102,1869003.4984729346,10
-1206003.0011220826,1869003.4984729346,10
-1205539.6884055552,1869003.4984729346,10
-1205076.3756890276,1869003.4984729346,10
-1204613.0629725,1869003.4984729346,10
-1204149.7502559726,1869003.4984729346,10
-1203686.4375394452,1869003.4984729346,10
-1203223.1248229176,1869003.4984729346,10
-1202759.81210639,1869003.4984729346,10
-1202296.4993898626,1869003.4984729346,10
-1201833.186673335,1869003.4984729346,10
-1201369.8739568077,1869003.4984729346,10
-1200906.56124028,1869003.4984729346,10
-1200443.2485237527,1869003.4984729346,10
-1199979.935807225,1869003.4984729346,10
-1199516.6230906977,1869003.4984729346,10
-1199053.31037417,1869003.4984729346,10
-1198589.9976576427,1869003.4984729346,10
-1198126.684941115,1869003.4984729346,10
-1197663.3722245875,1869003.4984729346,10
-1197200.05950806,1869003.4984729346,10
-1196736.7467915327,1869003.4984729346,10
-1196273.4340750051,1869003.4984729346,10
-1195810.1213584775,1869003.4984729346,10
-1195346.8086419501,1869003.4984729346,10
-1194883.4959254225,1869003.4984729346,10
-1194420.1832088951,1869003.4984729346,10
-1193956.8704923675,1869003.4984729346,10
-1193493.5577758402,1869003.4984729346,10
-1193030.2450593126,1869003.4984729346,10
-1192566.9323427852,1869003.4984729346,10
-1192103.6196262576,1869003.4984729346,10
-1191640.3069097302,1869003.4984729346,10
-1191176.9941932026,1869003.4984729346,10
-1190713.6814766752,1869003.4984729346,10
-1190250.3687601476,1869003.4984729346,10
-1189787.0560436202,1869003.4984729346,10
-1189323.7433270926,1869003.4984729346,10
-1188860.430610565,1869003.4984729346,10
-1188397.1178940376,1869003.4984729346,10
-1187933.80517751,1869003.4984729346,10
-1187470.4924609826,1869003.4984729346,10
-1187007.179744455,1869003.4984729346,10
-1186543.8670279277,1869003.4984729346,10
-1186080.5543114,1869003.4984729346,10
-1185617.2415948727,1869003.4984729346,10
-1185153.928878345,1869003.4984729346,10
-1184690.6161618177,1869003.4984729346,10
-1184227.30344529,1869003.4984729346,10
-1183763.9907287627,1869003.4984729346,10
-1183300.678012235,1869003.4984729346,10
-1182837.3652957077,1869003.4984729346,10
-1182374.05257918,1869003.4984729346,10
-1181910.7398626525,1869003.4984729346,10
-1181447.4271461251,1869003.4984729346,10
-1180984.1144295975,1869003.4984729346,10
-1180520.8017130701,1869003.4984729346,10
-1180057.4889965425,1869003.4984729346,10
-1179594.1762800151,1869003.4984729346,10
-1179130.8635634875,1869003.4984729346,10
-1178667.5508469602,1869003.4984729346,10
-1178204.2381304326,1869003.4984729346,10
-1177740.9254139052,1869003.4984729346,10
-1177277.6126973776,1869003.4984729346,10
-1176814.2999808502,1869003.4984729346,10
-1176350.9872643226,1869003.4984729346,10
-1175887.6745477952,1869003.4984729346,10
-1175424.3618312676,1869003.4984729346,10
-1174961.04911474,1869003.4984729346,10
-1174497.7363982126,1869003.4984729346,10
-1174034.4236816852,1869003.4984729346,10
-1173571.1109651576,1869003.4984729346,10
-1173107.79824863,1869003.4984729346,10
-1172644.4855321026,1869003.4984729346,10
-1172181.172815575,1869003.4984729346,10
-1171717.8600990477,1869003.4984729346,10
-1171254.54738252,1869003.4984729346,10
-1170791.2346659927,1869003.4984729346,10
-1170327.921949465,1869003.4984729346,10
-1169864.6092329377,1869003.4984729346,10
-1169401.29651641,1869003.4984729346,10
-1168937.9837998827,1869003.4984729346,10
-1168474.671083355,1869003.4984729346,10
-1168011.3583668275,1869003.4984729346,10
-1363992.63745796,1868540.1857564072,10
-1363529.3247414327,1868540.1857564072,16
-1363066.012024905,1868540.1857564072,16
-1362602.6993083777,1868540.1857564072,16
-1362139.38659185,1868540.1857564072,16
-1361676.0738753227,1868540.1857564072,16
-1361212.761158795,1868540.1857564072,16
-1360749.4484422677,1868540.1857564072,16
-1360286.13572574,1868540.1857564072,16
-1359822.8230092125,1868540.1857564072,16
-1359359.5102926851,1868540.1857564072,10
-1358896.1975761575,1868540.1857564072,10
-1358432.8848596301,1868540.1857564072,16
-1357969.5721431025,1868540.1857564072,10
-1357506.2594265752,1868540.1857564072,10
-1357042.9467100475,1868540.1857564072,16
-1356579.6339935202,1868540.1857564072,16
-1356116.3212769926,1868540.1857564072,10
-1355653.0085604652,1868540.1857564072,10
-1355189.6958439376,1868540.1857564072,10
-1354726.3831274102,1868540.1857564072,16
-1354263.0704108826,1868540.1857564072,16
-1353799.7576943552,1868540.1857564072,16
-1353336.4449778276,1868540.1857564072,16
-1352873.1322613002,1868540.1857564072,16
-1352409.8195447726,1868540.1857564072,16
-1351946.506828245,1868540.1857564072,16
-1351483.1941117176,1868540.1857564072,16
-1351019.88139519,1868540.1857564072,16
-1350556.5686786626,1868540.1857564072,16
-1350093.255962135,1868540.1857564072,16
-1349629.9432456077,1868540.1857564072,16
-1349166.63052908,1868540.1857564072,16
-1348703.3178125527,1868540.1857564072,16
-1348240.005096025,1868540.1857564072,16
-1347776.6923794977,1868540.1857564072,16
-1347313.37966297,1868540.1857564072,16
-1346850.0669464427,1868540.1857564072,10
-1346386.754229915,1868540.1857564072,10
-1345923.4415133877,1868540.1857564072,10
-1345460.12879686,1868540.1857564072,10
-1344996.8160803327,1868540.1857564072,10
-1344533.5033638051,1868540.1857564072,16
-1344070.1906472775,1868540.1857564072,16
-1343606.8779307501,1868540.1857564072,16
-1343143.5652142225,1868540.1857564072,16
-1342680.2524976952,1868540.1857564072,16
-1342216.9397811675,1868540.1857564072,16
-1341753.6270646402,1868540.1857564072,16
-1341290.3143481126,1868540.1857564072,16
-1340827.0016315852,1868540.1857564072,16
-1340363.6889150576,1868540.1857564072,16
-1339900.3761985302,1868540.1857564072,16
-1339437.0634820026,1868540.1857564072,16
-1338973.7507654752,1868540.1857564072,16
-1338510.4380489476,1868540.1857564072,16
-1338047.1253324202,1868540.1857564072,16
-1337583.8126158926,1868540.1857564072,16
-1337120.499899365,1868540.1857564072,16
-1336657.1871828376,1868540.1857564072,16
-1336193.87446631,1868540.1857564072,16
-1335730.5617497826,1868540.1857564072,16
-1335267.249033255,1868540.1857564072,16
-1334803.9363167277,1868540.1857564072,16
-1334340.6236002,1868540.1857564072,16
-1333877.3108836727,1868540.1857564072,16
-1333413.998167145,1868540.1857564072,16
-1332950.6854506177,1868540.1857564072,16
-1332487.37273409,1868540.1857564072,16
-1332024.0600175627,1868540.1857564072,16
-1331560.747301035,1868540.1857564072,16
-1331097.4345845077,1868540.1857564072,16
-1330634.12186798,1868540.1857564072,16
-1330170.8091514525,1868540.1857564072,16
-1329707.4964349251,1868540.1857564072,16
-1329244.1837183975,1868540.1857564072,16
-1328780.8710018701,1868540.1857564072,16
-1328317.5582853425,1868540.1857564072,16
-1327854.2455688152,1868540.1857564072,16
-1327390.9328522875,1868540.1857564072,16
-1326927.6201357602,1868540.1857564072,16
-1326464.3074192326,1868540.1857564072,16
-1326000.9947027052,1868540.1857564072,16
-1325537.6819861776,1868540.1857564072,16
-1325074.3692696502,1868540.1857564072,16
-1324611.0565531226,1868540.1857564072,16
-1324147.7438365952,1868540.1857564072,16
-1323684.4311200676,1868540.1857564072,16
-1323221.11840354,1868540.1857564072,16
-1322757.8056870126,1868540.1857564072,16
-1322294.492970485,1868540.1857564072,16
-1321831.1802539576,1868540.1857564072,16
-1321367.86753743,1868540.1857564072,16
-1320904.5548209026,1868540.1857564072,16
-1320441.242104375,1868540.1857564072,16
-1319977.9293878477,1868540.1857564072,16
-1319514.61667132,1868540.1857564072,16
-1319051.3039547927,1868540.1857564072,16
-1318587.991238265,1868540.1857564072,16
-1318124.6785217377,1868540.1857564072,16
-1317661.36580521,1868540.1857564072,16
-1317198.0530886827,1868540.1857564072,16
-1316734.740372155,1868540.1857564072,16
-1316271.4276556277,1868540.1857564072,16
-1315808.1149391,1868540.1857564072,16
-1315344.8022225727,1868540.1857564072,16
-1314881.4895060451,1868540.1857564072,16
-1314418.1767895175,1868540.1857564072,16
-1313954.8640729901,1868540.1857564072,16
-1313491.5513564625,1868540.1857564072,16
-1313028.2386399352,1868540.1857564072,16
-1312564.9259234075,1868540.1857564072,16
-1312101.6132068802,1868540.1857564072,16
-1311638.3004903526,1868540.1857564072,16
-1311174.9877738252,1868540.1857564072,16
-1310711.6750572976,1868540.1857564072,16
-1310248.3623407702,1868540.1857564072,16
-1309785.0496242426,1868540.1857564072,16
-1309321.7369077152,1868540.1857564072,16
-1308858.4241911876,1868540.1857564072,16
-1308395.1114746602,1868540.1857564072,16
-1307931.7987581326,1868540.1857564072,16
-1307468.486041605,1868540.1857564072,16
-1307005.1733250776,1868540.1857564072,16
-1306541.86060855,1868540.1857564072,16
-1306078.5478920226,1868540.1857564072,16
-1305615.235175495,1868540.1857564072,16
-1305151.9224589677,1868540.1857564072,16
-1304688.60974244,1868540.1857564072,16
-1304225.2970259127,1868540.1857564072,16
-1303761.984309385,1868540.1857564072,16
-1303298.6715928577,1868540.1857564072,16
-1302835.35887633,1868540.1857564072,10
-1302372.0461598027,1868540.1857564072,10
-1301908.733443275,1868540.1857564072,10
-1301445.4207267477,1868540.1857564072,10
-1300982.10801022,1868540.1857564072,10
-1300518.7952936925,1868540.1857564072,10
-1300055.4825771651,1868540.1857564072,16
-1299592.1698606375,1868540.1857564072,16
-1299128.8571441101,1868540.1857564072,16
-1298665.5444275825,1868540.1857564072,16
-1298202.2317110552,1868540.1857564072,10
-1297738.9189945275,1868540.1857564072,10
-1297275.6062780002,1868540.1857564072,10
-1296812.2935614726,1868540.1857564072,10
-1296348.9808449452,1868540.1857564072,10
-1295885.6681284176,1868540.1857564072,10
-1295422.3554118902,1868540.1857564072,10
-1294959.0426953626,1868540.1857564072,16
-1294495.7299788352,1868540.1857564072,16
-1294032.4172623076,1868540.1857564072,10
-1293569.10454578,1868540.1857564072,10
-1293105.7918292526,1868540.1857564072,10
-1292642.479112725,1868540.1857564072,16
-1292179.1663961976,1868540.1857564072,10
-1291715.85367967,1868540.1857564072,16
-1291252.5409631426,1868540.1857564072,16
-1290789.228246615,1868540.1857564072,16
-1290325.9155300877,1868540.1857564072,16
-1289862.60281356,1868540.1857564072,16
-1289399.2900970327,1868540.1857564072,10
-1288935.977380505,1868540.1857564072,10
-1288472.6646639777,1868540.1857564072,10
-1288009.35194745,1868540.1857564072,10
-1287546.0392309227,1868540.1857564072,10
-1287082.726514395,1868540.1857564072,10
-1286619.4137978677,1868540.1857564072,10
-1286156.10108134,1868540.1857564072,10
-1285692.7883648127,1868540.1857564072,10
-1285229.4756482851,1868540.1857564072,10
-1284766.1629317575,1868540.1857564072,16
-1284302.8502152301,1868540.1857564072,10
-1283839.5374987025,1868540.1857564072,10
-1283376.2247821752,1868540.1857564072,10
-1282912.9120656475,1868540.1857564072,10
-1282449.5993491202,1868540.1857564072,10
-1281986.2866325926,1868540.1857564072,10
-1281522.9739160652,1868540.1857564072,10
-1281059.6611995376,1868540.1857564072,10
-1280596.3484830102,1868540.1857564072,10
-1280133.0357664826,1868540.1857564072,10
-1279669.7230499552,1868540.1857564072,10
-1279206.4103334276,1868540.1857564072,10
-1278743.0976169002,1868540.1857564072,10
-1278279.7849003726,1868540.1857564072,10
-1277816.472183845,1868540.1857564072,10
-1277353.1594673176,1868540.1857564072,10
-1276889.84675079,1868540.1857564072,10
-1276426.5340342626,1868540.1857564072,10
-1275963.221317735,1868540.1857564072,10
-1275499.9086012077,1868540.1857564072,10
-1275036.59588468,1868540.1857564072,10
-1274573.2831681527,1868540.1857564072,10
-1274109.970451625,1868540.1857564072,10
-1273646.6577350977,1868540.1857564072,10
-1273183.34501857,1868540.1857564072,10
-1272720.0323020427,1868540.1857564072,10
-1272256.719585515,1868540.1857564072,10
-1271793.4068689877,1868540.1857564072,10
-1271330.09415246,1868540.1857564072,10
-1270866.7814359325,1868540.1857564072,10
-1270403.4687194051,1868540.1857564072,10
-1269940.1560028775,1868540.1857564072,10
-1269476.8432863501,1868540.1857564072,10
-1269013.5305698225,1868540.1857564072,10
-1268550.2178532952,1868540.1857564072,10
-1268086.9051367675,1868540.1857564072,10
-1267623.5924202402,1868540.1857564072,10
-1267160.2797037126,1868540.1857564072,10
-1266696.9669871852,1868540.1857564072,10
-1266233.6542706576,1868540.1857564072,10
-1265770.3415541302,1868540.1857564072,10
-1265307.0288376026,1868540.1857564072,10
-1264843.7161210752,1868540.1857564072,10
-1264380.4034045476,1868540.1857564072,10
-1263917.09068802,1868540.1857564072,10
-1263453.7779714926,1868540.1857564072,10
-1262990.465254965,1868540.1857564072,10
-1262527.1525384376,1868540.1857564072,10
-1262063.83982191,1868540.1857564072,10
-1261600.5271053826,1868540.1857564072,10
-1261137.214388855,1868540.1857564072,10
-1260673.9016723277,1868540.1857564072,10
-1260210.5889558,1868540.1857564072,10
-1259747.2762392727,1868540.1857564072,10
-1259283.963522745,1868540.1857564072,10
-1258820.6508062177,1868540.1857564072,10
-1258357.33808969,1868540.1857564072,10
-1257894.0253731627,1868540.1857564072,10
-1257430.712656635,1868540.1857564072,10
-1256967.3999401077,1868540.1857564072,10
-1256504.08722358,1868540.1857564072,10
-1256040.7745070527,1868540.1857564072,10
-1255577.4617905251,1868540.1857564072,10
-1255114.1490739975,1868540.1857564072,10
-1254650.8363574701,1868540.1857564072,10
-1254187.5236409425,1868540.1857564072,10
-1253724.2109244152,1868540.1857564072,10
-1253260.8982078875,1868540.1857564072,10
-1252797.5854913602,1868540.1857564072,10
-1252334.2727748326,1868540.1857564072,10
-1251870.9600583052,1868540.1857564072,10
-1251407.6473417776,1868540.1857564072,10
-1250944.3346252502,1868540.1857564072,10
-1250481.0219087226,1868540.1857564072,10
-1250017.7091921952,1868540.1857564072,10
-1249554.3964756676,1868540.1857564072,10
-1249091.0837591402,1868540.1857564072,10
-1248627.7710426126,1868540.1857564072,10
-1248164.458326085,1868540.1857564072,10
-1247701.1456095576,1868540.1857564072,10
-1247237.83289303,1868540.1857564072,10
-1246774.5201765026,1868540.1857564072,10
-1246311.207459975,1868540.1857564072,10
-1245847.8947434477,1868540.1857564072,10
-1245384.58202692,1868540.1857564072,10
-1244921.2693103927,1868540.1857564072,10
-1244457.956593865,1868540.1857564072,10
-1243994.6438773377,1868540.1857564072,10
-1243531.33116081,1868540.1857564072,10
-1243068.0184442827,1868540.1857564072,10
-1242604.705727755,1868540.1857564072,10
-1242141.3930112277,1868540.1857564072,10
-1241678.0802947,1868540.1857564072,10
-1241214.7675781725,1868540.1857564072,10
-1240751.4548616451,1868540.1857564072,10
-1240288.1421451175,1868540.1857564072,10
-1239824.8294285901,1868540.1857564072,10
-1239361.5167120625,1868540.1857564072,10
-1238898.2039955352,1868540.1857564072,10
-1238434.8912790075,1868540.1857564072,10
-1237971.5785624802,1868540.1857564072,10
-1237508.2658459526,1868540.1857564072,10
-1237044.9531294252,1868540.1857564072,10
-1236581.6404128976,1868540.1857564072,10
-1236118.3276963702,1868540.1857564072,10
-1235655.0149798426,1868540.1857564072,10
-1235191.7022633152,1868540.1857564072,10
-1234728.3895467876,1868540.1857564072,10
-1234265.07683026,1868540.1857564072,10
-1233801.7641137326,1868540.1857564072,10
-1233338.4513972052,1868540.1857564072,10
-1232875.1386806776,1868540.1857564072,10
-1232411.82596415,1868540.1857564072,10
-1231948.5132476226,1868540.1857564072,10
-1231485.200531095,1868540.1857564072,10
-1231021.8878145677,1868540.1857564072,10
-1230558.57509804,1868540.1857564072,10
-1230095.2623815127,1868540.1857564072,10
-1229631.949664985,1868540.1857564072,10
-1229168.6369484577,1868540.1857564072,10
-1228705.32423193,1868540.1857564072,10
-1228242.0115154027,1868540.1857564072,10
-1227778.698798875,1868540.1857564072,10
-1227315.3860823475,1868540.1857564072,10
-1226852.07336582,1868540.1857564072,10
-1226388.7606492927,1868540.1857564072,10
-1225925.4479327651,1868540.1857564072,10
-1225462.1352162375,1868540.1857564072,10
-1224998.8224997101,1868540.1857564072,10
-1224535.5097831825,1868540.1857564072,10
-1224072.1970666551,1868540.1857564072,10
-1223608.8843501275,1868540.1857564072,10
-1223145.5716336002,1868540.1857564072,10
-1222682.2589170726,1868540.1857564072,10
-1222218.9462005452,1868540.1857564072,10
-1221755.6334840176,1868540.1857564072,10
-1221292.3207674902,1868540.1857564072,10
-1220829.0080509626,1868540.1857564072,10
-1220365.6953344352,1868540.1857564072,10
-1219902.3826179076,1868540.1857564072,10
-1219439.0699013802,1868540.1857564072,10
-1218975.7571848526,1868540.1857564072,10
-1218512.444468325,1868540.1857564072,10
-1218049.1317517976,1868540.1857564072,10
-1217585.81903527,1868540.1857564072,10
-1217122.5063187426,1868540.1857564072,10
-1216659.193602215,1868540.1857564072,10
-1216195.8808856877,1868540.1857564072,10
-1215732.56816916,1868540.1857564072,10
-1215269.2554526327,1868540.1857564072,10
-1214805.942736105,1868540.1857564072,10
-1214342.6300195777,1868540.1857564072,10
-1213879.31730305,1868540.1857564072,10
-1213416.0045865227,1868540.1857564072,10
-1212952.691869995,1868540.1857564072,10
-1212489.3791534677,1868540.1857564072,10
-1212026.06643694,1868540.1857564072,10
-1211562.7537204125,1868540.1857564072,10
-1211099.4410038851,1868540.1857564072,10
-1210636.1282873575,1868540.1857564072,10
-1210172.8155708301,1868540.1857564072,10
-1209709.5028543025,1868540.1857564072,10
-1209246.1901377751,1868540.1857564072,10
-1208782.8774212475,1868540.1857564072,10
-1208319.5647047202,1868540.1857564072,10
-1207856.2519881926,1868540.1857564072,10
-1207392.9392716652,1868540.1857564072,10
-1206929.6265551376,1868540.1857564072,10
-1206466.3138386102,1868540.1857564072,10
-1206003.0011220826,1868540.1857564072,10
-1205539.6884055552,1868540.1857564072,10
-1205076.3756890276,1868540.1857564072,10
-1204613.0629725,1868540.1857564072,10
-1204149.7502559726,1868540.1857564072,10
-1203686.4375394452,1868540.1857564072,10
-1203223.1248229176,1868540.1857564072,10
-1202759.81210639,1868540.1857564072,10
-1202296.4993898626,1868540.1857564072,10
-1201833.186673335,1868540.1857564072,10
-1201369.8739568077,1868540.1857564072,10
-1200906.56124028,1868540.1857564072,10
-1200443.2485237527,1868540.1857564072,10
-1199979.935807225,1868540.1857564072,10
-1199516.6230906977,1868540.1857564072,10
-1199053.31037417,1868540.1857564072,10
-1198589.9976576427,1868540.1857564072,10
-1198126.684941115,1868540.1857564072,10
-1197663.3722245875,1868540.1857564072,10
-1197200.05950806,1868540.1857564072,10
-1196736.7467915327,1868540.1857564072,10
-1196273.4340750051,1868540.1857564072,10
-1195810.1213584775,1868540.1857564072,10
-1195346.8086419501,1868540.1857564072,10
-1194883.4959254225,1868540.1857564072,10
-1194420.1832088951,1868540.1857564072,10
-1193956.8704923675,1868540.1857564072,10
-1193493.5577758402,1868540.1857564072,10
-1193030.2450593126,1868540.1857564072,10
-1192566.9323427852,1868540.1857564072,10
-1192103.6196262576,1868540.1857564072,10
-1191640.3069097302,1868540.1857564072,10
-1191176.9941932026,1868540.1857564072,10
-1190713.6814766752,1868540.1857564072,10
-1190250.3687601476,1868540.1857564072,10
-1189787.0560436202,1868540.1857564072,10
-1189323.7433270926,1868540.1857564072,10
-1188860.430610565,1868540.1857564072,10
-1188397.1178940376,1868540.1857564072,10
-1187933.80517751,1868540.1857564072,10
-1187470.4924609826,1868540.1857564072,10
-1187007.179744455,1868540.1857564072,10
-1186543.8670279277,1868540.1857564072,10
-1186080.5543114,1868540.1857564072,10
-1185617.2415948727,1868540.1857564072,10
-1185153.928878345,1868540.1857564072,10
-1184690.6161618177,1868540.1857564072,10
-1184227.30344529,1868540.1857564072,10
-1183763.9907287627,1868540.1857564072,10
-1183300.678012235,1868540.1857564072,10
-1182837.3652957077,1868540.1857564072,10
-1182374.05257918,1868540.1857564072,10
-1181910.7398626525,1868540.1857564072,10
-1181447.4271461251,1868540.1857564072,10
-1180984.1144295975,1868540.1857564072,10
-1180520.8017130701,1868540.1857564072,10
-1180057.4889965425,1868540.1857564072,10
-1179594.1762800151,1868540.1857564072,10
-1179130.8635634875,1868540.1857564072,10
-1178667.5508469602,1868540.1857564072,10
-1178204.2381304326,1868540.1857564072,10
-1177740.9254139052,1868540.1857564072,10
-1177277.6126973776,1868540.1857564072,10
-1176814.2999808502,1868540.1857564072,10
-1176350.9872643226,1868540.1857564072,10
-1175887.6745477952,1868540.1857564072,10
-1175424.3618312676,1868540.1857564072,10
-1174961.04911474,1868540.1857564072,10
-1174497.7363982126,1868540.1857564072,10
-1174034.4236816852,1868540.1857564072,10
-1173571.1109651576,1868540.1857564072,10
-1173107.79824863,1868540.1857564072,10
-1172644.4855321026,1868540.1857564072,10
-1172181.172815575,1868540.1857564072,10
-1171717.8600990477,1868540.1857564072,7
-1171254.54738252,1868540.1857564072,7
-1170791.2346659927,1868540.1857564072,7
-1170327.921949465,1868540.1857564072,10
-1169864.6092329377,1868540.1857564072,10
-1169401.29651641,1868540.1857564072,10
-1168937.9837998827,1868540.1857564072,10
-1168474.671083355,1868540.1857564072,10
-1168011.3583668275,1868540.1857564072,10
-1363992.63745796,1868076.8730398796,10
-1363529.3247414327,1868076.8730398796,16
-1363066.012024905,1868076.8730398796,16
-1362602.6993083777,1868076.8730398796,16
-1362139.38659185,1868076.8730398796,16
-1361676.0738753227,1868076.8730398796,16
-1361212.761158795,1868076.8730398796,16
-1360749.4484422677,1868076.8730398796,16
-1360286.13572574,1868076.8730398796,16
-1359822.8230092125,1868076.8730398796,16
-1359359.5102926851,1868076.8730398796,10
-1358896.1975761575,1868076.8730398796,10
-1358432.8848596301,1868076.8730398796,16
-1357969.5721431025,1868076.8730398796,10
-1357506.2594265752,1868076.8730398796,10
-1357042.9467100475,1868076.8730398796,10
-1356579.6339935202,1868076.8730398796,10
-1356116.3212769926,1868076.8730398796,10
-1355653.0085604652,1868076.8730398796,10
-1355189.6958439376,1868076.8730398796,16
-1354726.3831274102,1868076.8730398796,16
-1354263.0704108826,1868076.8730398796,16
-1353799.7576943552,1868076.8730398796,16
-1353336.4449778276,1868076.8730398796,16
-1352873.1322613002,1868076.8730398796,16
-1352409.8195447726,1868076.8730398796,16
-1351946.506828245,1868076.8730398796,16
-1351483.1941117176,1868076.8730398796,16
-1351019.88139519,1868076.8730398796,16
-1350556.5686786626,1868076.8730398796,16
-1350093.255962135,1868076.8730398796,16
-1349629.9432456077,1868076.8730398796,16
-1349166.63052908,1868076.8730398796,16
-1348703.3178125527,1868076.8730398796,16
-1348240.005096025,1868076.8730398796,16
-1347776.6923794977,1868076.8730398796,16
-1347313.37966297,1868076.8730398796,16
-1346850.0669464427,1868076.8730398796,10
-1346386.754229915,1868076.8730398796,10
-1345923.4415133877,1868076.8730398796,10
-1345460.12879686,1868076.8730398796,10
-1344996.8160803327,1868076.8730398796,10
-1344533.5033638051,1868076.8730398796,16
-1344070.1906472775,1868076.8730398796,16
-1343606.8779307501,1868076.8730398796,16
-1343143.5652142225,1868076.8730398796,16
-1342680.2524976952,1868076.8730398796,16
-1342216.9397811675,1868076.8730398796,16
-1341753.6270646402,1868076.8730398796,16
-1341290.3143481126,1868076.8730398796,16
-1340827.0016315852,1868076.8730398796,16
-1340363.6889150576,1868076.8730398796,16
-1339900.3761985302,1868076.8730398796,16
-1339437.0634820026,1868076.8730398796,16
-1338973.7507654752,1868076.8730398796,16
-1338510.4380489476,1868076.8730398796,16
-1338047.1253324202,1868076.8730398796,16
-1337583.8126158926,1868076.8730398796,16
-1337120.499899365,1868076.8730398796,16
-1336657.1871828376,1868076.8730398796,16
-1336193.87446631,1868076.8730398796,16
-1335730.5617497826,1868076.8730398796,16
-1335267.249033255,1868076.8730398796,16
-1334803.9363167277,1868076.8730398796,16
-1334340.6236002,1868076.8730398796,16
-1333877.3108836727,1868076.8730398796,16
-1333413.998167145,1868076.8730398796,16
-1332950.6854506177,1868076.8730398796,16
-1332487.37273409,1868076.8730398796,16
-1332024.0600175627,1868076.8730398796,16
-1331560.747301035,1868076.8730398796,16
-1331097.4345845077,1868076.8730398796,16
-1330634.12186798,1868076.8730398796,16
-1330170.8091514525,1868076.8730398796,16
-1329707.4964349251,1868076.8730398796,16
-1329244.1837183975,1868076.8730398796,16
-1328780.8710018701,1868076.8730398796,16
-1328317.5582853425,1868076.8730398796,16
-1327854.2455688152,1868076.8730398796,16
-1327390.9328522875,1868076.8730398796,16
-1326927.6201357602,1868076.8730398796,16
-1326464.3074192326,1868076.8730398796,16
-1326000.9947027052,1868076.8730398796,16
-1325537.6819861776,1868076.8730398796,16
-1325074.3692696502,1868076.8730398796,16
-1324611.0565531226,1868076.8730398796,16
-1324147.7438365952,1868076.8730398796,16
-1323684.4311200676,1868076.8730398796,16
-1323221.11840354,1868076.8730398796,16
-1322757.8056870126,1868076.8730398796,16
-1322294.492970485,1868076.8730398796,16
-1321831.1802539576,1868076.8730398796,16
-1321367.86753743,1868076.8730398796,16
-1320904.5548209026,1868076.8730398796,16
-1320441.242104375,1868076.8730398796,16
-1319977.9293878477,1868076.8730398796,16
-1319514.61667132,1868076.8730398796,16
-1319051.3039547927,1868076.8730398796,16
-1318587.991238265,1868076.8730398796,16
-1318124.6785217377,1868076.8730398796,16
-1317661.36580521,1868076.8730398796,16
-1317198.0530886827,1868076.8730398796,16
-1316734.740372155,1868076.8730398796,16
-1316271.4276556277,1868076.8730398796,16
-1315808.1149391,1868076.8730398796,16
-1315344.8022225727,1868076.8730398796,16
-1314881.4895060451,1868076.8730398796,16
-1314418.1767895175,1868076.8730398796,16
-1313954.8640729901,1868076.8730398796,16
-1313491.5513564625,1868076.8730398796,16
-1313028.2386399352,1868076.8730398796,16
-1312564.9259234075,1868076.8730398796,16
-1312101.6132068802,1868076.8730398796,16
-1311638.3004903526,1868076.8730398796,16
-1311174.9877738252,1868076.8730398796,16
-1310711.6750572976,1868076.8730398796,16
-1310248.3623407702,1868076.8730398796,10
-1309785.0496242426,1868076.8730398796,10
-1309321.7369077152,1868076.8730398796,10
-1308858.4241911876,1868076.8730398796,16
-1308395.1114746602,1868076.8730398796,16
-1307931.7987581326,1868076.8730398796,16
-1307468.486041605,1868076.8730398796,16
-1307005.1733250776,1868076.8730398796,16
-1306541.86060855,1868076.8730398796,16
-1306078.5478920226,1868076.8730398796,16
-1305615.235175495,1868076.8730398796,16
-1305151.9224589677,1868076.8730398796,16
-1304688.60974244,1868076.8730398796,16
-1304225.2970259127,1868076.8730398796,16
-1303761.984309385,1868076.8730398796,16
-1303298.6715928577,1868076.8730398796,16
-1302835.35887633,1868076.8730398796,16
-1302372.0461598027,1868076.8730398796,16
-1301908.733443275,1868076.8730398796,10
-1301445.4207267477,1868076.8730398796,10
-1300982.10801022,1868076.8730398796,10
-1300518.7952936925,1868076.8730398796,10
-1300055.4825771651,1868076.8730398796,10
-1299592.1698606375,1868076.8730398796,16
-1299128.8571441101,1868076.8730398796,16
-1298665.5444275825,1868076.8730398796,10
-1298202.2317110552,1868076.8730398796,10
-1297738.9189945275,1868076.8730398796,10
-1297275.6062780002,1868076.8730398796,10
-1296812.2935614726,1868076.8730398796,10
-1296348.9808449452,1868076.8730398796,10
-1295885.6681284176,1868076.8730398796,16
-1295422.3554118902,1868076.8730398796,16
-1294959.0426953626,1868076.8730398796,10
-1294495.7299788352,1868076.8730398796,10
-1294032.4172623076,1868076.8730398796,10
-1293569.10454578,1868076.8730398796,10
-1293105.7918292526,1868076.8730398796,16
-1292642.479112725,1868076.8730398796,16
-1292179.1663961976,1868076.8730398796,16
-1291715.85367967,1868076.8730398796,10
-1291252.5409631426,1868076.8730398796,16
-1290789.228246615,1868076.8730398796,16
-1290325.9155300877,1868076.8730398796,16
-1289862.60281356,1868076.8730398796,16
-1289399.2900970327,1868076.8730398796,10
-1288935.977380505,1868076.8730398796,16
-1288472.6646639777,1868076.8730398796,10
-1288009.35194745,1868076.8730398796,10
-1287546.0392309227,1868076.8730398796,10
-1287082.726514395,1868076.8730398796,10
-1286619.4137978677,1868076.8730398796,10
-1286156.10108134,1868076.8730398796,10
-1285692.7883648127,1868076.8730398796,10
-1285229.4756482851,1868076.8730398796,10
-1284766.1629317575,1868076.8730398796,10
-1284302.8502152301,1868076.8730398796,16
-1283839.5374987025,1868076.8730398796,10
-1283376.2247821752,1868076.8730398796,10
-1282912.9120656475,1868076.8730398796,10
-1282449.5993491202,1868076.8730398796,10
-1281986.2866325926,1868076.8730398796,10
-1281522.9739160652,1868076.8730398796,10
-1281059.6611995376,1868076.8730398796,10
-1280596.3484830102,1868076.8730398796,10
-1280133.0357664826,1868076.8730398796,10
-1279669.7230499552,1868076.8730398796,10
-1279206.4103334276,1868076.8730398796,10
-1278743.0976169002,1868076.8730398796,10
-1278279.7849003726,1868076.8730398796,10
-1277816.472183845,1868076.8730398796,10
-1277353.1594673176,1868076.8730398796,10
-1276889.84675079,1868076.8730398796,10
-1276426.5340342626,1868076.8730398796,10
-1275963.221317735,1868076.8730398796,10
-1275499.9086012077,1868076.8730398796,10
-1275036.59588468,1868076.8730398796,10
-1274573.2831681527,1868076.8730398796,10
-1274109.970451625,1868076.8730398796,10
-1273646.6577350977,1868076.8730398796,10
-1273183.34501857,1868076.8730398796,10
-1272720.0323020427,1868076.8730398796,10
-1272256.719585515,1868076.8730398796,10
-1271793.4068689877,1868076.8730398796,10
-1271330.09415246,1868076.8730398796,10
-1270866.7814359325,1868076.8730398796,10
-1270403.4687194051,1868076.8730398796,10
-1269940.1560028775,1868076.8730398796,10
-1269476.8432863501,1868076.8730398796,10
-1269013.5305698225,1868076.8730398796,10
-1268550.2178532952,1868076.8730398796,10
-1268086.9051367675,1868076.8730398796,10
-1267623.5924202402,1868076.8730398796,10
-1267160.2797037126,1868076.8730398796,10
-1266696.9669871852,1868076.8730398796,10
-1266233.6542706576,1868076.8730398796,10
-1265770.3415541302,1868076.8730398796,10
-1265307.0288376026,1868076.8730398796,10
-1264843.7161210752,1868076.8730398796,10
-1264380.4034045476,1868076.8730398796,10
-1263917.09068802,1868076.8730398796,10
-1263453.7779714926,1868076.8730398796,10
-1262990.465254965,1868076.8730398796,10
-1262527.1525384376,1868076.8730398796,10
-1262063.83982191,1868076.8730398796,10
-1261600.5271053826,1868076.8730398796,10
-1261137.214388855,1868076.8730398796,10
-1260673.9016723277,1868076.8730398796,10
-1260210.5889558,1868076.8730398796,10
-1259747.2762392727,1868076.8730398796,10
-1259283.963522745,1868076.8730398796,10
-1258820.6508062177,1868076.8730398796,10
-1258357.33808969,1868076.8730398796,10
-1257894.0253731627,1868076.8730398796,10
-1257430.712656635,1868076.8730398796,10
-1256967.3999401077,1868076.8730398796,10
-1256504.08722358,1868076.8730398796,10
-1256040.7745070527,1868076.8730398796,10
-1255577.4617905251,1868076.8730398796,10
-1255114.1490739975,1868076.8730398796,10
-1254650.8363574701,1868076.8730398796,10
-1254187.5236409425,1868076.8730398796,10
-1253724.2109244152,1868076.8730398796,10
-1253260.8982078875,1868076.8730398796,10
-1252797.5854913602,1868076.8730398796,10
-1252334.2727748326,1868076.8730398796,10
-1251870.9600583052,1868076.8730398796,10
-1251407.6473417776,1868076.8730398796,10
-1250944.3346252502,1868076.8730398796,10
-1250481.0219087226,1868076.8730398796,10
-1250017.7091921952,1868076.8730398796,10
-1249554.3964756676,1868076.8730398796,10
-1249091.0837591402,1868076.8730398796,10
-1248627.7710426126,1868076.8730398796,10
-1248164.458326085,1868076.8730398796,10
-1247701.1456095576,1868076.8730398796,10
-1247237.83289303,1868076.8730398796,10
-1246774.5201765026,1868076.8730398796,10
-1246311.207459975,1868076.8730398796,10
-1245847.8947434477,1868076.8730398796,10
-1245384.58202692,1868076.8730398796,10
-1244921.2693103927,1868076.8730398796,10
-1244457.956593865,1868076.8730398796,10
-1243994.6438773377,1868076.8730398796,10
-1243531.33116081,1868076.8730398796,10
-1243068.0184442827,1868076.8730398796,10
-1242604.705727755,1868076.8730398796,10
-1242141.3930112277,1868076.8730398796,10
-1241678.0802947,1868076.8730398796,10
-1241214.7675781725,1868076.8730398796,10
-1240751.4548616451,1868076.8730398796,10
-1240288.1421451175,1868076.8730398796,10
-1239824.8294285901,1868076.8730398796,10
-1239361.5167120625,1868076.8730398796,10
-1238898.2039955352,1868076.8730398796,10
-1238434.8912790075,1868076.8730398796,10
-1237971.5785624802,1868076.8730398796,10
-1237508.2658459526,1868076.8730398796,10
-1237044.9531294252,1868076.8730398796,10
-1236581.6404128976,1868076.8730398796,10
-1236118.3276963702,1868076.8730398796,10
-1235655.0149798426,1868076.8730398796,10
-1235191.7022633152,1868076.8730398796,10
-1234728.3895467876,1868076.8730398796,10
-1234265.07683026,1868076.8730398796,10
-1233801.7641137326,1868076.8730398796,10
-1233338.4513972052,1868076.8730398796,10
-1232875.1386806776,1868076.8730398796,10
-1232411.82596415,1868076.8730398796,10
-1231948.5132476226,1868076.8730398796,10
-1231485.200531095,1868076.8730398796,10
-1231021.8878145677,1868076.8730398796,10
-1230558.57509804,1868076.8730398796,10
-1230095.2623815127,1868076.8730398796,10
-1229631.949664985,1868076.8730398796,10
-1229168.6369484577,1868076.8730398796,10
-1228705.32423193,1868076.8730398796,10
-1228242.0115154027,1868076.8730398796,10
-1227778.698798875,1868076.8730398796,10
-1227315.3860823475,1868076.8730398796,10
-1226852.07336582,1868076.8730398796,10
-1226388.7606492927,1868076.8730398796,10
-1225925.4479327651,1868076.8730398796,10
-1225462.1352162375,1868076.8730398796,10
-1224998.8224997101,1868076.8730398796,10
-1224535.5097831825,1868076.8730398796,10
-1224072.1970666551,1868076.8730398796,10
-1223608.8843501275,1868076.8730398796,10
-1223145.5716336002,1868076.8730398796,10
-1222682.2589170726,1868076.8730398796,10
-1222218.9462005452,1868076.8730398796,10
-1221755.6334840176,1868076.8730398796,10
-1221292.3207674902,1868076.8730398796,10
-1220829.0080509626,1868076.8730398796,10
-1220365.6953344352,1868076.8730398796,10
-1219902.3826179076,1868076.8730398796,10
-1219439.0699013802,1868076.8730398796,10
-1218975.7571848526,1868076.8730398796,10
-1218512.444468325,1868076.8730398796,10
-1218049.1317517976,1868076.8730398796,10
-1217585.81903527,1868076.8730398796,10
-1217122.5063187426,1868076.8730398796,10
-1216659.193602215,1868076.8730398796,10
-1216195.8808856877,1868076.8730398796,10
-1215732.56816916,1868076.8730398796,10
-1215269.2554526327,1868076.8730398796,10
-1214805.942736105,1868076.8730398796,10
-1214342.6300195777,1868076.8730398796,10
-1213879.31730305,1868076.8730398796,10
-1213416.0045865227,1868076.8730398796,10
-1212952.691869995,1868076.8730398796,10
-1212489.3791534677,1868076.8730398796,10
-1212026.06643694,1868076.8730398796,10
-1211562.7537204125,1868076.8730398796,10
-1211099.4410038851,1868076.8730398796,10
-1210636.1282873575,1868076.8730398796,10
-1210172.8155708301,1868076.8730398796,10
-1209709.5028543025,1868076.8730398796,10
-1209246.1901377751,1868076.8730398796,10
-1208782.8774212475,1868076.8730398796,10
-1208319.5647047202,1868076.8730398796,10
-1207856.2519881926,1868076.8730398796,10
-1207392.9392716652,1868076.8730398796,10
-1206929.6265551376,1868076.8730398796,10
-1206466.3138386102,1868076.8730398796,10
-1206003.0011220826,1868076.8730398796,10
-1205539.6884055552,1868076.8730398796,10
-1205076.3756890276,1868076.8730398796,10
-1204613.0629725,1868076.8730398796,10
-1204149.7502559726,1868076.8730398796,10
-1203686.4375394452,1868076.8730398796,10
-1203223.1248229176,1868076.8730398796,10
-1202759.81210639,1868076.8730398796,10
-1202296.4993898626,1868076.8730398796,10
-1201833.186673335,1868076.8730398796,10
-1201369.8739568077,1868076.8730398796,10
-1200906.56124028,1868076.8730398796,10
-1200443.2485237527,1868076.8730398796,10
-1199979.935807225,1868076.8730398796,10
-1199516.6230906977,1868076.8730398796,10
-1199053.31037417,1868076.8730398796,10
-1198589.9976576427,1868076.8730398796,10
-1198126.684941115,1868076.8730398796,10
-1197663.3722245875,1868076.8730398796,10
-1197200.05950806,1868076.8730398796,10
-1196736.7467915327,1868076.8730398796,10
-1196273.4340750051,1868076.8730398796,10
-1195810.1213584775,1868076.8730398796,10
-1195346.8086419501,1868076.8730398796,10
-1194883.4959254225,1868076.8730398796,10
-1194420.1832088951,1868076.8730398796,10
-1193956.8704923675,1868076.8730398796,10
-1193493.5577758402,1868076.8730398796,10
-1193030.2450593126,1868076.8730398796,10
-1192566.9323427852,1868076.8730398796,10
-1192103.6196262576,1868076.8730398796,10
-1191640.3069097302,1868076.8730398796,10
-1191176.9941932026,1868076.8730398796,10
-1190713.6814766752,1868076.8730398796,10
-1190250.3687601476,1868076.8730398796,10
-1189787.0560436202,1868076.8730398796,10
-1189323.7433270926,1868076.8730398796,10
-1188860.430610565,1868076.8730398796,10
-1188397.1178940376,1868076.8730398796,10
-1187933.80517751,1868076.8730398796,10
-1187470.4924609826,1868076.8730398796,10
-1187007.179744455,1868076.8730398796,10
-1186543.8670279277,1868076.8730398796,10
-1186080.5543114,1868076.8730398796,10
-1185617.2415948727,1868076.8730398796,10
-1185153.928878345,1868076.8730398796,10
-1184690.6161618177,1868076.8730398796,10
-1184227.30344529,1868076.8730398796,10
-1183763.9907287627,1868076.8730398796,10
-1183300.678012235,1868076.8730398796,10
-1182837.3652957077,1868076.8730398796,10
-1182374.05257918,1868076.8730398796,10
-1181910.7398626525,1868076.8730398796,10
-1181447.4271461251,1868076.8730398796,10
-1180984.1144295975,1868076.8730398796,10
-1180520.8017130701,1868076.8730398796,10
-1180057.4889965425,1868076.8730398796,10
-1179594.1762800151,1868076.8730398796,10
-1179130.8635634875,1868076.8730398796,10
-1178667.5508469602,1868076.8730398796,10
-1178204.2381304326,1868076.8730398796,10
-1177740.9254139052,1868076.8730398796,10
-1177277.6126973776,1868076.8730398796,10
-1176814.2999808502,1868076.8730398796,10
-1176350.9872643226,1868076.8730398796,10
-1175887.6745477952,1868076.8730398796,10
-1175424.3618312676,1868076.8730398796,10
-1174961.04911474,1868076.8730398796,10
-1174497.7363982126,1868076.8730398796,10
-1174034.4236816852,1868076.8730398796,10
-1173571.1109651576,1868076.8730398796,10
-1173107.79824863,1868076.8730398796,10
-1172644.4855321026,1868076.8730398796,10
-1172181.172815575,1868076.8730398796,10
-1171717.8600990477,1868076.8730398796,7
-1171254.54738252,1868076.8730398796,10
-1170791.2346659927,1868076.8730398796,10
-1170327.921949465,1868076.8730398796,10
-1169864.6092329377,1868076.8730398796,10
-1169401.29651641,1868076.8730398796,10
-1168937.9837998827,1868076.8730398796,10
-1168474.671083355,1868076.8730398796,10
-1168011.3583668275,1868076.8730398796,10
-1167548.0456503,1868076.8730398796,10
-1363992.63745796,1867613.5603233522,10
-1363529.3247414327,1867613.5603233522,10
-1363066.012024905,1867613.5603233522,16
-1362602.6993083777,1867613.5603233522,16
-1362139.38659185,1867613.5603233522,16
-1361676.0738753227,1867613.5603233522,16
-1361212.761158795,1867613.5603233522,16
-1360749.4484422677,1867613.5603233522,16
-1360286.13572574,1867613.5603233522,16
-1359822.8230092125,1867613.5603233522,16
-1359359.5102926851,1867613.5603233522,10
-1358896.1975761575,1867613.5603233522,10
-1358432.8848596301,1867613.5603233522,10
-1357969.5721431025,1867613.5603233522,10
-1357506.2594265752,1867613.5603233522,10
-1357042.9467100475,1867613.5603233522,10
-1356579.6339935202,1867613.5603233522,10
-1356116.3212769926,1867613.5603233522,16
-1355653.0085604652,1867613.5603233522,16
-1355189.6958439376,1867613.5603233522,16
-1354726.3831274102,1867613.5603233522,16
-1354263.0704108826,1867613.5603233522,16
-1353799.7576943552,1867613.5603233522,16
-1353336.4449778276,1867613.5603233522,16
-1352873.1322613002,1867613.5603233522,16
-1352409.8195447726,1867613.5603233522,10
-1351946.506828245,1867613.5603233522,16
-1351483.1941117176,1867613.5603233522,16
-1351019.88139519,1867613.5603233522,16
-1350556.5686786626,1867613.5603233522,16
-1350093.255962135,1867613.5603233522,16
-1349629.9432456077,1867613.5603233522,16
-1349166.63052908,1867613.5603233522,16
-1348703.3178125527,1867613.5603233522,16
-1348240.005096025,1867613.5603233522,16
-1347776.6923794977,1867613.5603233522,16
-1347313.37966297,1867613.5603233522,16
-1346850.0669464427,1867613.5603233522,10
-1346386.754229915,1867613.5603233522,10
-1345923.4415133877,1867613.5603233522,10
-1345460.12879686,1867613.5603233522,10
-1344996.8160803327,1867613.5603233522,16
-1344533.5033638051,1867613.5603233522,16
-1344070.1906472775,1867613.5603233522,16
-1343606.8779307501,1867613.5603233522,16
-1343143.5652142225,1867613.5603233522,16
-1342680.2524976952,1867613.5603233522,16
-1342216.9397811675,1867613.5603233522,16
-1341753.6270646402,1867613.5603233522,16
-1341290.3143481126,1867613.5603233522,16
-1340827.0016315852,1867613.5603233522,16
-1340363.6889150576,1867613.5603233522,16
-1339900.3761985302,1867613.5603233522,16
-1339437.0634820026,1867613.5603233522,16
-1338973.7507654752,1867613.5603233522,16
-1338510.4380489476,1867613.5603233522,16
-1338047.1253324202,1867613.5603233522,16
-1337583.8126158926,1867613.5603233522,16
-1337120.499899365,1867613.5603233522,16
-1336657.1871828376,1867613.5603233522,16
-1336193.87446631,1867613.5603233522,16
-1335730.5617497826,1867613.5603233522,16
-1335267.249033255,1867613.5603233522,16
-1334803.9363167277,1867613.5603233522,16
-1334340.6236002,1867613.5603233522,16
-1333877.3108836727,1867613.5603233522,16
-1333413.998167145,1867613.5603233522,16
-1332950.6854506177,1867613.5603233522,16
-1332487.37273409,1867613.5603233522,16
-1332024.0600175627,1867613.5603233522,16
-1331560.747301035,1867613.5603233522,16
-1331097.4345845077,1867613.5603233522,16
-1330634.12186798,1867613.5603233522,16
-1330170.8091514525,1867613.5603233522,16
-1329707.4964349251,1867613.5603233522,16
-1329244.1837183975,1867613.5603233522,16
-1328780.8710018701,1867613.5603233522,16
-1328317.5582853425,1867613.5603233522,16
-1327854.2455688152,1867613.5603233522,16
-1327390.9328522875,1867613.5603233522,16
-1326927.6201357602,1867613.5603233522,16
-1326464.3074192326,1867613.5603233522,16
-1326000.9947027052,1867613.5603233522,16
-1325537.6819861776,1867613.5603233522,16
-1325074.3692696502,1867613.5603233522,16
-1324611.0565531226,1867613.5603233522,16
-1324147.7438365952,1867613.5603233522,16
-1323684.4311200676,1867613.5603233522,16
-1323221.11840354,1867613.5603233522,16
-1322757.8056870126,1867613.5603233522,16
-1322294.492970485,1867613.5603233522,16
-1321831.1802539576,1867613.5603233522,16
-1321367.86753743,1867613.5603233522,16
-1320904.5548209026,1867613.5603233522,16
-1320441.242104375,1867613.5603233522,16
-1319977.9293878477,1867613.5603233522,16
-1319514.61667132,1867613.5603233522,16
-1319051.3039547927,1867613.5603233522,16
-1318587.991238265,1867613.5603233522,16
-1318124.6785217377,1867613.5603233522,16
-1317661.36580521,1867613.5603233522,16
-1317198.0530886827,1867613.5603233522,16
-1316734.740372155,1867613.5603233522,16
-1316271.4276556277,1867613.5603233522,16
-1315808.1149391,1867613.5603233522,16
-1315344.8022225727,1867613.5603233522,16
-1314881.4895060451,1867613.5603233522,16
-1314418.1767895175,1867613.5603233522,16
-1313954.8640729901,1867613.5603233522,16
-1313491.5513564625,1867613.5603233522,16
-1313028.2386399352,1867613.5603233522,16
-1312564.9259234075,1867613.5603233522,16
-1312101.6132068802,1867613.5603233522,16
-1311638.3004903526,1867613.5603233522,16
-1311174.9877738252,1867613.5603233522,16
-1310711.6750572976,1867613.5603233522,16
-1310248.3623407702,1867613.5603233522,10
-1309785.0496242426,1867613.5603233522,10
-1309321.7369077152,1867613.5603233522,16
-1308858.4241911876,1867613.5603233522,16
-1308395.1114746602,1867613.5603233522,16
-1307931.7987581326,1867613.5603233522,16
-1307468.486041605,1867613.5603233522,16
-1307005.1733250776,1867613.5603233522,16
-1306541.86060855,1867613.5603233522,16
-1306078.5478920226,1867613.5603233522,16
-1305615.235175495,1867613.5603233522,16
-1305151.9224589677,1867613.5603233522,16
-1304688.60974244,1867613.5603233522,16
-1304225.2970259127,1867613.5603233522,16
-1303761.984309385,1867613.5603233522,16
-1303298.6715928577,1867613.5603233522,16
-1302835.35887633,1867613.5603233522,16
-1302372.0461598027,1867613.5603233522,16
-1301908.733443275,1867613.5603233522,10
-1301445.4207267477,1867613.5603233522,10
-1300982.10801022,1867613.5603233522,10
-1300518.7952936925,1867613.5603233522,10
-1300055.4825771651,1867613.5603233522,10
-1299592.1698606375,1867613.5603233522,16
-1299128.8571441101,1867613.5603233522,16
-1298665.5444275825,1867613.5603233522,10
-1298202.2317110552,1867613.5603233522,10
-1297738.9189945275,1867613.5603233522,10
-1297275.6062780002,1867613.5603233522,10
-1296812.2935614726,1867613.5603233522,7
-1296348.9808449452,1867613.5603233522,10
-1295885.6681284176,1867613.5603233522,16
-1295422.3554118902,1867613.5603233522,10
-1294959.0426953626,1867613.5603233522,10
-1294495.7299788352,1867613.5603233522,10
-1294032.4172623076,1867613.5603233522,10
-1293569.10454578,1867613.5603233522,10
-1293105.7918292526,1867613.5603233522,16
-1292642.479112725,1867613.5603233522,16
-1292179.1663961976,1867613.5603233522,16
-1291715.85367967,1867613.5603233522,16
-1291252.5409631426,1867613.5603233522,10
-1290789.228246615,1867613.5603233522,16
-1290325.9155300877,1867613.5603233522,16
-1289862.60281356,1867613.5603233522,16
-1289399.2900970327,1867613.5603233522,10
-1288935.977380505,1867613.5603233522,10
-1288472.6646639777,1867613.5603233522,10
-1288009.35194745,1867613.5603233522,10
-1287546.0392309227,1867613.5603233522,10
-1287082.726514395,1867613.5603233522,10
-1286619.4137978677,1867613.5603233522,10
-1286156.10108134,1867613.5603233522,10
-1285692.7883648127,1867613.5603233522,10
-1285229.4756482851,1867613.5603233522,10
-1284766.1629317575,1867613.5603233522,10
-1284302.8502152301,1867613.5603233522,16
-1283839.5374987025,1867613.5603233522,10
-1283376.2247821752,1867613.5603233522,10
-1282912.9120656475,1867613.5603233522,10
-1282449.5993491202,1867613.5603233522,10
-1281986.2866325926,1867613.5603233522,10
-1281522.9739160652,1867613.5603233522,10
-1281059.6611995376,1867613.5603233522,10
-1280596.3484830102,1867613.5603233522,10
-1280133.0357664826,1867613.5603233522,10
-1279669.7230499552,1867613.5603233522,10
-1279206.4103334276,1867613.5603233522,10
-1278743.0976169002,1867613.5603233522,10
-1278279.7849003726,1867613.5603233522,10
-1277816.472183845,1867613.5603233522,10
-1277353.1594673176,1867613.5603233522,10
-1276889.84675079,1867613.5603233522,10
-1276426.5340342626,1867613.5603233522,10
-1275963.221317735,1867613.5603233522,10
-1275499.9086012077,1867613.5603233522,10
-1275036.59588468,1867613.5603233522,10
-1274573.2831681527,1867613.5603233522,10
-1274109.970451625,1867613.5603233522,10
-1273646.6577350977,1867613.5603233522,10
-1273183.34501857,1867613.5603233522,10
-1272720.0323020427,1867613.5603233522,10
-1272256.719585515,1867613.5603233522,10
-1271793.4068689877,1867613.5603233522,7
-1271330.09415246,1867613.5603233522,10
-1270866.7814359325,1867613.5603233522,10
-1270403.4687194051,1867613.5603233522,10
-1269940.1560028775,1867613.5603233522,10
-1269476.8432863501,1867613.5603233522,10
-1269013.5305698225,1867613.5603233522,10
-1268550.2178532952,1867613.5603233522,10
-1268086.9051367675,1867613.5603233522,10
-1267623.5924202402,1867613.5603233522,10
-1267160.2797037126,1867613.5603233522,10
-1266696.9669871852,1867613.5603233522,10
-1266233.6542706576,1867613.5603233522,10
-1265770.3415541302,1867613.5603233522,10
-1265307.0288376026,1867613.5603233522,10
-1264843.7161210752,1867613.5603233522,10
-1264380.4034045476,1867613.5603233522,10
-1263917.09068802,1867613.5603233522,10
-1263453.7779714926,1867613.5603233522,10
-1262990.465254965,1867613.5603233522,10
-1262527.1525384376,1867613.5603233522,10
-1262063.83982191,1867613.5603233522,10
-1261600.5271053826,1867613.5603233522,10
-1261137.214388855,1867613.5603233522,10
-1260673.9016723277,1867613.5603233522,10
-1260210.5889558,1867613.5603233522,10
-1259747.2762392727,1867613.5603233522,10
-1259283.963522745,1867613.5603233522,10
-1258820.6508062177,1867613.5603233522,10
-1258357.33808969,1867613.5603233522,10
-1257894.0253731627,1867613.5603233522,10
-1257430.712656635,1867613.5603233522,10
-1256967.3999401077,1867613.5603233522,10
-1256504.08722358,1867613.5603233522,10
-1256040.7745070527,1867613.5603233522,10
-1255577.4617905251,1867613.5603233522,10
-1255114.1490739975,1867613.5603233522,10
-1254650.8363574701,1867613.5603233522,10
-1254187.5236409425,1867613.5603233522,10
-1253724.2109244152,1867613.5603233522,10
-1253260.8982078875,1867613.5603233522,10
-1252797.5854913602,1867613.5603233522,10
-1252334.2727748326,1867613.5603233522,10
-1251870.9600583052,1867613.5603233522,10
-1251407.6473417776,1867613.5603233522,10
-1250944.3346252502,1867613.5603233522,10
-1250481.0219087226,1867613.5603233522,10
-1250017.7091921952,1867613.5603233522,10
-1249554.3964756676,1867613.5603233522,10
-1249091.0837591402,1867613.5603233522,10
-1248627.7710426126,1867613.5603233522,10
-1248164.458326085,1867613.5603233522,10
-1247701.1456095576,1867613.5603233522,10
-1247237.83289303,1867613.5603233522,10
-1246774.5201765026,1867613.5603233522,10
-1246311.207459975,1867613.5603233522,10
-1245847.8947434477,1867613.5603233522,10
-1245384.58202692,1867613.5603233522,10
-1244921.2693103927,1867613.5603233522,10
-1244457.956593865,1867613.5603233522,10
-1243994.6438773377,1867613.5603233522,10
-1243531.33116081,1867613.5603233522,10
-1243068.0184442827,1867613.5603233522,10
-1242604.705727755,1867613.5603233522,10
-1242141.3930112277,1867613.5603233522,10
-1241678.0802947,1867613.5603233522,10
-1241214.7675781725,1867613.5603233522,10
-1240751.4548616451,1867613.5603233522,10
-1240288.1421451175,1867613.5603233522,10
-1239824.8294285901,1867613.5603233522,10
-1239361.5167120625,1867613.5603233522,10
-1238898.2039955352,1867613.5603233522,10
-1238434.8912790075,1867613.5603233522,10
-1237971.5785624802,1867613.5603233522,10
-1237508.2658459526,1867613.5603233522,10
-1237044.9531294252,1867613.5603233522,10
-1236581.6404128976,1867613.5603233522,10
-1236118.3276963702,1867613.5603233522,10
-1235655.0149798426,1867613.5603233522,10
-1235191.7022633152,1867613.5603233522,10
-1234728.3895467876,1867613.5603233522,10
-1234265.07683026,1867613.5603233522,10
-1233801.7641137326,1867613.5603233522,10
-1233338.4513972052,1867613.5603233522,10
-1232875.1386806776,1867613.5603233522,10
-1232411.82596415,1867613.5603233522,10
-1231948.5132476226,1867613.5603233522,10
-1231485.200531095,1867613.5603233522,10
-1231021.8878145677,1867613.5603233522,10
-1230558.57509804,1867613.5603233522,10
-1230095.2623815127,1867613.5603233522,10
-1229631.949664985,1867613.5603233522,10
-1229168.6369484577,1867613.5603233522,10
-1228705.32423193,1867613.5603233522,10
-1228242.0115154027,1867613.5603233522,10
-1227778.698798875,1867613.5603233522,10
-1227315.3860823475,1867613.5603233522,10
-1226852.07336582,1867613.5603233522,10
-1226388.7606492927,1867613.5603233522,10
-1225925.4479327651,1867613.5603233522,10
-1225462.1352162375,1867613.5603233522,10
-1224998.8224997101,1867613.5603233522,10
-1224535.5097831825,1867613.5603233522,10
-1224072.1970666551,1867613.5603233522,10
-1223608.8843501275,1867613.5603233522,10
-1223145.5716336002,1867613.5603233522,10
-1222682.2589170726,1867613.5603233522,10
-1222218.9462005452,1867613.5603233522,10
-1221755.6334840176,1867613.5603233522,10
-1221292.3207674902,1867613.5603233522,10
-1220829.0080509626,1867613.5603233522,10
-1220365.6953344352,1867613.5603233522,10
-1219902.3826179076,1867613.5603233522,10
-1219439.0699013802,1867613.5603233522,10
-1218975.7571848526,1867613.5603233522,10
-1218512.444468325,1867613.5603233522,10
-1218049.1317517976,1867613.5603233522,10
-1217585.81903527,1867613.5603233522,10
-1217122.5063187426,1867613.5603233522,10
-1216659.193602215,1867613.5603233522,10
-1216195.8808856877,1867613.5603233522,10
-1215732.56816916,1867613.5603233522,10
-1215269.2554526327,1867613.5603233522,10
-1214805.942736105,1867613.5603233522,10
-1214342.6300195777,1867613.5603233522,10
-1213879.31730305,1867613.5603233522,10
-1213416.0045865227,1867613.5603233522,10
-1212952.691869995,1867613.5603233522,10
-1212489.3791534677,1867613.5603233522,10
-1212026.06643694,1867613.5603233522,10
-1211562.7537204125,1867613.5603233522,10
-1211099.4410038851,1867613.5603233522,10
-1210636.1282873575,1867613.5603233522,10
-1210172.8155708301,1867613.5603233522,10
-1209709.5028543025,1867613.5603233522,10
-1209246.1901377751,1867613.5603233522,10
-1208782.8774212475,1867613.5603233522,10
-1208319.5647047202,1867613.5603233522,10
-1207856.2519881926,1867613.5603233522,10
-1207392.9392716652,1867613.5603233522,10
-1206929.6265551376,1867613.5603233522,10
-1206466.3138386102,1867613.5603233522,10
-1206003.0011220826,1867613.5603233522,10
-1205539.6884055552,1867613.5603233522,10
-1205076.3756890276,1867613.5603233522,10
-1204613.0629725,1867613.5603233522,10
-1204149.7502559726,1867613.5603233522,10
-1203686.4375394452,1867613.5603233522,10
-1203223.1248229176,1867613.5603233522,10
-1202759.81210639,1867613.5603233522,10
-1202296.4993898626,1867613.5603233522,10
-1201833.186673335,1867613.5603233522,10
-1201369.8739568077,1867613.5603233522,10
-1200906.56124028,1867613.5603233522,10
-1200443.2485237527,1867613.5603233522,10
-1199979.935807225,1867613.5603233522,10
-1199516.6230906977,1867613.5603233522,10
-1199053.31037417,1867613.5603233522,10
-1198589.9976576427,1867613.5603233522,10
-1198126.684941115,1867613.5603233522,10
-1197663.3722245875,1867613.5603233522,10
-1197200.05950806,1867613.5603233522,10
-1196736.7467915327,1867613.5603233522,10
-1196273.4340750051,1867613.5603233522,10
-1195810.1213584775,1867613.5603233522,10
-1195346.8086419501,1867613.5603233522,10
-1194883.4959254225,1867613.5603233522,10
-1194420.1832088951,1867613.5603233522,10
-1193956.8704923675,1867613.5603233522,10
-1193493.5577758402,1867613.5603233522,10
-1193030.2450593126,1867613.5603233522,10
-1192566.9323427852,1867613.5603233522,10
-1192103.6196262576,1867613.5603233522,10
-1191640.3069097302,1867613.5603233522,10
-1191176.9941932026,1867613.5603233522,10
-1190713.6814766752,1867613.5603233522,10
-1190250.3687601476,1867613.5603233522,10
-1189787.0560436202,1867613.5603233522,10
-1189323.7433270926,1867613.5603233522,10
-1188860.430610565,1867613.5603233522,10
-1188397.1178940376,1867613.5603233522,10
-1187933.80517751,1867613.5603233522,10
-1187470.4924609826,1867613.5603233522,10
-1187007.179744455,1867613.5603233522,10
-1186543.8670279277,1867613.5603233522,10
-1186080.5543114,1867613.5603233522,10
-1185617.2415948727,1867613.5603233522,10
-1185153.928878345,1867613.5603233522,10
-1184690.6161618177,1867613.5603233522,10
-1184227.30344529,1867613.5603233522,10
-1183763.9907287627,1867613.5603233522,10
-1183300.678012235,1867613.5603233522,10
-1182837.3652957077,1867613.5603233522,10
-1182374.05257918,1867613.5603233522,10
-1181910.7398626525,1867613.5603233522,10
-1181447.4271461251,1867613.5603233522,10
-1180984.1144295975,1867613.5603233522,10
-1180520.8017130701,1867613.5603233522,10
-1180057.4889965425,1867613.5603233522,10
-1179594.1762800151,1867613.5603233522,10
-1179130.8635634875,1867613.5603233522,10
-1178667.5508469602,1867613.5603233522,10
-1178204.2381304326,1867613.5603233522,10
-1177740.9254139052,1867613.5603233522,10
-1177277.6126973776,1867613.5603233522,10
-1176814.2999808502,1867613.5603233522,10
-1176350.9872643226,1867613.5603233522,10
-1175887.6745477952,1867613.5603233522,10
-1175424.3618312676,1867613.5603233522,10
-1174961.04911474,1867613.5603233522,10
-1174497.7363982126,1867613.5603233522,10
-1174034.4236816852,1867613.5603233522,10
-1173571.1109651576,1867613.5603233522,10
-1173107.79824863,1867613.5603233522,10
-1172644.4855321026,1867613.5603233522,10
-1172181.172815575,1867613.5603233522,10
-1171717.8600990477,1867613.5603233522,10
-1171254.54738252,1867613.5603233522,10
-1170791.2346659927,1867613.5603233522,10
-1170327.921949465,1867613.5603233522,10
-1169864.6092329377,1867613.5603233522,10
-1169401.29651641,1867613.5603233522,10
-1168937.9837998827,1867613.5603233522,10
-1168474.671083355,1867613.5603233522,10
-1168011.3583668275,1867613.5603233522,10
-1167548.0456503,1867613.5603233522,10
-1167084.7329337727,1867613.5603233522,10
-1363992.63745796,1867150.2476068246,10
-1363529.3247414327,1867150.2476068246,10
-1363066.012024905,1867150.2476068246,10
-1362602.6993083777,1867150.2476068246,16
-1362139.38659185,1867150.2476068246,16
-1361676.0738753227,1867150.2476068246,16
-1361212.761158795,1867150.2476068246,16
-1360749.4484422677,1867150.2476068246,16
-1360286.13572574,1867150.2476068246,16
-1359822.8230092125,1867150.2476068246,16
-1359359.5102926851,1867150.2476068246,10
-1358896.1975761575,1867150.2476068246,10
-1358432.8848596301,1867150.2476068246,10
-1357969.5721431025,1867150.2476068246,10
-1357506.2594265752,1867150.2476068246,10
-1357042.9467100475,1867150.2476068246,10
-1356579.6339935202,1867150.2476068246,10
-1356116.3212769926,1867150.2476068246,16
-1355653.0085604652,1867150.2476068246,16
-1355189.6958439376,1867150.2476068246,16
-1354726.3831274102,1867150.2476068246,16
-1354263.0704108826,1867150.2476068246,16
-1353799.7576943552,1867150.2476068246,16
-1353336.4449778276,1867150.2476068246,10
-1352873.1322613002,1867150.2476068246,10
-1352409.8195447726,1867150.2476068246,10
-1351946.506828245,1867150.2476068246,10
-1351483.1941117176,1867150.2476068246,10
-1351019.88139519,1867150.2476068246,10
-1350556.5686786626,1867150.2476068246,10
-1350093.255962135,1867150.2476068246,16
-1349629.9432456077,1867150.2476068246,10
-1349166.63052908,1867150.2476068246,10
-1348703.3178125527,1867150.2476068246,10
-1348240.005096025,1867150.2476068246,10
-1347776.6923794977,1867150.2476068246,10
-1347313.37966297,1867150.2476068246,10
-1346850.0669464427,1867150.2476068246,10
-1346386.754229915,1867150.2476068246,10
-1345923.4415133877,1867150.2476068246,10
-1345460.12879686,1867150.2476068246,16
-1344996.8160803327,1867150.2476068246,16
-1344533.5033638051,1867150.2476068246,16
-1344070.1906472775,1867150.2476068246,16
-1343606.8779307501,1867150.2476068246,16
-1343143.5652142225,1867150.2476068246,16
-1342680.2524976952,1867150.2476068246,16
-1342216.9397811675,1867150.2476068246,16
-1341753.6270646402,1867150.2476068246,16
-1341290.3143481126,1867150.2476068246,16
-1340827.0016315852,1867150.2476068246,16
-1340363.6889150576,1867150.2476068246,16
-1339900.3761985302,1867150.2476068246,16
-1339437.0634820026,1867150.2476068246,16
-1338973.7507654752,1867150.2476068246,16
-1338510.4380489476,1867150.2476068246,16
-1338047.1253324202,1867150.2476068246,16
-1337583.8126158926,1867150.2476068246,16
-1337120.499899365,1867150.2476068246,16
-1336657.1871828376,1867150.2476068246,16
-1336193.87446631,1867150.2476068246,16
-1335730.5617497826,1867150.2476068246,16
-1335267.249033255,1867150.2476068246,16
-1334803.9363167277,1867150.2476068246,16
-1334340.6236002,1867150.2476068246,16
-1333877.3108836727,1867150.2476068246,16
-1333413.998167145,1867150.2476068246,16
-1332950.6854506177,1867150.2476068246,16
-1332487.37273409,1867150.2476068246,16
-1332024.0600175627,1867150.2476068246,16
-1331560.747301035,1867150.2476068246,16
-1331097.4345845077,1867150.2476068246,16
-1330634.12186798,1867150.2476068246,16
-1330170.8091514525,1867150.2476068246,16
-1329707.4964349251,1867150.2476068246,16
-1329244.1837183975,1867150.2476068246,16
-1328780.8710018701,1867150.2476068246,16
-1328317.5582853425,1867150.2476068246,16
-1327854.2455688152,1867150.2476068246,16
-1327390.9328522875,1867150.2476068246,16
-1326927.6201357602,1867150.2476068246,16
-1326464.3074192326,1867150.2476068246,16
-1326000.9947027052,1867150.2476068246,16
-1325537.6819861776,1867150.2476068246,16
-1325074.3692696502,1867150.2476068246,16
-1324611.0565531226,1867150.2476068246,16
-1324147.7438365952,1867150.2476068246,16
-1323684.4311200676,1867150.2476068246,16
-1323221.11840354,1867150.2476068246,16
-1322757.8056870126,1867150.2476068246,16
-1322294.492970485,1867150.2476068246,16
-1321831.1802539576,1867150.2476068246,16
-1321367.86753743,1867150.2476068246,16
-1320904.5548209026,1867150.2476068246,16
-1320441.242104375,1867150.2476068246,16
-1319977.9293878477,1867150.2476068246,16
-1319514.61667132,1867150.2476068246,16
-1319051.3039547927,1867150.2476068246,16
-1318587.991238265,1867150.2476068246,16
-1318124.6785217377,1867150.2476068246,16
-1317661.36580521,1867150.2476068246,16
-1317198.0530886827,1867150.2476068246,16
-1316734.740372155,1867150.2476068246,16
-1316271.4276556277,1867150.2476068246,16
-1315808.1149391,1867150.2476068246,16
-1315344.8022225727,1867150.2476068246,16
-1314881.4895060451,1867150.2476068246,16
-1314418.1767895175,1867150.2476068246,16
-1313954.8640729901,1867150.2476068246,16
-1313491.5513564625,1867150.2476068246,16
-1313028.2386399352,1867150.2476068246,16
-1312564.9259234075,1867150.2476068246,16
-1312101.6132068802,1867150.2476068246,16
-1311638.3004903526,1867150.2476068246,16
-1311174.9877738252,1867150.2476068246,16
-1310711.6750572976,1867150.2476068246,16
-1310248.3623407702,1867150.2476068246,16
-1309785.0496242426,1867150.2476068246,16
-1309321.7369077152,1867150.2476068246,16
-1308858.4241911876,1867150.2476068246,16
-1308395.1114746602,1867150.2476068246,16
-1307931.7987581326,1867150.2476068246,16
-1307468.486041605,1867150.2476068246,16
-1307005.1733250776,1867150.2476068246,16
-1306541.86060855,1867150.2476068246,16
-1306078.5478920226,1867150.2476068246,16
-1305615.235175495,1867150.2476068246,16
-1305151.9224589677,1867150.2476068246,16
-1304688.60974244,1867150.2476068246,16
-1304225.2970259127,1867150.2476068246,16
-1303761.984309385,1867150.2476068246,16
-1303298.6715928577,1867150.2476068246,10
-1302835.35887633,1867150.2476068246,10
-1302372.0461598027,1867150.2476068246,16
-1301908.733443275,1867150.2476068246,16
-1301445.4207267477,1867150.2476068246,10
-1300982.10801022,1867150.2476068246,10
-1300518.7952936925,1867150.2476068246,10
-1300055.4825771651,1867150.2476068246,10
-1299592.1698606375,1867150.2476068246,16
-1299128.8571441101,1867150.2476068246,16
-1298665.5444275825,1867150.2476068246,10
-1298202.2317110552,1867150.2476068246,10
-1297738.9189945275,1867150.2476068246,10
-1297275.6062780002,1867150.2476068246,10
-1296812.2935614726,1867150.2476068246,10
-1296348.9808449452,1867150.2476068246,16
-1295885.6681284176,1867150.2476068246,16
-1295422.3554118902,1867150.2476068246,16
-1294959.0426953626,1867150.2476068246,16
-1294495.7299788352,1867150.2476068246,10
-1294032.4172623076,1867150.2476068246,10
-1293569.10454578,1867150.2476068246,16
-1293105.7918292526,1867150.2476068246,16
-1292642.479112725,1867150.2476068246,16
-1292179.1663961976,1867150.2476068246,10
-1291715.85367967,1867150.2476068246,10
-1291252.5409631426,1867150.2476068246,10
-1290789.228246615,1867150.2476068246,16
-1290325.9155300877,1867150.2476068246,16
-1289862.60281356,1867150.2476068246,16
-1289399.2900970327,1867150.2476068246,10
-1288935.977380505,1867150.2476068246,10
-1288472.6646639777,1867150.2476068246,10
-1288009.35194745,1867150.2476068246,16
-1287546.0392309227,1867150.2476068246,10
-1287082.726514395,1867150.2476068246,10
-1286619.4137978677,1867150.2476068246,10
-1286156.10108134,1867150.2476068246,10
-1285692.7883648127,1867150.2476068246,10
-1285229.4756482851,1867150.2476068246,10
-1284766.1629317575,1867150.2476068246,10
-1284302.8502152301,1867150.2476068246,10
-1283839.5374987025,1867150.2476068246,16
-1283376.2247821752,1867150.2476068246,10
-1282912.9120656475,1867150.2476068246,10
-1282449.5993491202,1867150.2476068246,10
-1281986.2866325926,1867150.2476068246,10
-1281522.9739160652,1867150.2476068246,10
-1281059.6611995376,1867150.2476068246,10
-1280596.3484830102,1867150.2476068246,10
-1280133.0357664826,1867150.2476068246,10
-1279669.7230499552,1867150.2476068246,10
-1279206.4103334276,1867150.2476068246,10
-1278743.0976169002,1867150.2476068246,10
-1278279.7849003726,1867150.2476068246,10
-1277816.472183845,1867150.2476068246,10
-1277353.1594673176,1867150.2476068246,10
-1276889.84675079,1867150.2476068246,10
-1276426.5340342626,1867150.2476068246,10
-1275963.221317735,1867150.2476068246,10
-1275499.9086012077,1867150.2476068246,10
-1275036.59588468,1867150.2476068246,10
-1274573.2831681527,1867150.2476068246,10
-1274109.970451625,1867150.2476068246,10
-1273646.6577350977,1867150.2476068246,10
-1273183.34501857,1867150.2476068246,10
-1272720.0323020427,1867150.2476068246,10
-1272256.719585515,1867150.2476068246,10
-1271793.4068689877,1867150.2476068246,7
-1271330.09415246,1867150.2476068246,10
-1270866.7814359325,1867150.2476068246,10
-1270403.4687194051,1867150.2476068246,10
-1269940.1560028775,1867150.2476068246,10
-1269476.8432863501,1867150.2476068246,10
-1269013.5305698225,1867150.2476068246,10
-1268550.2178532952,1867150.2476068246,10
-1268086.9051367675,1867150.2476068246,10
-1267623.5924202402,1867150.2476068246,10
-1267160.2797037126,1867150.2476068246,10
-1266696.9669871852,1867150.2476068246,10
-1266233.6542706576,1867150.2476068246,10
-1265770.3415541302,1867150.2476068246,10
-1265307.0288376026,1867150.2476068246,10
-1264843.7161210752,1867150.2476068246,10
-1264380.4034045476,1867150.2476068246,10
-1263917.09068802,1867150.2476068246,10
-1263453.7779714926,1867150.2476068246,10
-1262990.465254965,1867150.2476068246,10
-1262527.1525384376,1867150.2476068246,10
-1262063.83982191,1867150.2476068246,10
-1261600.5271053826,1867150.2476068246,10
-1261137.214388855,1867150.2476068246,10
-1260673.9016723277,1867150.2476068246,10
-1260210.5889558,1867150.2476068246,10
-1259747.2762392727,1867150.2476068246,10
-1259283.963522745,1867150.2476068246,10
-1258820.6508062177,1867150.2476068246,10
-1258357.33808969,1867150.2476068246,10
-1257894.0253731627,1867150.2476068246,10
-1257430.712656635,1867150.2476068246,10
-1256967.3999401077,1867150.2476068246,10
-1256504.08722358,1867150.2476068246,10
-1256040.7745070527,1867150.2476068246,10
-1255577.4617905251,1867150.2476068246,10
-1255114.1490739975,1867150.2476068246,10
-1254650.8363574701,1867150.2476068246,10
-1254187.5236409425,1867150.2476068246,10
-1253724.2109244152,1867150.2476068246,10
-1253260.8982078875,1867150.2476068246,10
-1252797.5854913602,1867150.2476068246,10
-1252334.2727748326,1867150.2476068246,10
-1251870.9600583052,1867150.2476068246,10
-1251407.6473417776,1867150.2476068246,10
-1250944.3346252502,1867150.2476068246,10
-1250481.0219087226,1867150.2476068246,10
-1250017.7091921952,1867150.2476068246,10
-1249554.3964756676,1867150.2476068246,10
-1249091.0837591402,1867150.2476068246,10
-1248627.7710426126,1867150.2476068246,10
-1248164.458326085,1867150.2476068246,10
-1247701.1456095576,1867150.2476068246,10
-1247237.83289303,1867150.2476068246,10
-1246774.5201765026,1867150.2476068246,10
-1246311.207459975,1867150.2476068246,10
-1245847.8947434477,1867150.2476068246,10
-1245384.58202692,1867150.2476068246,10
-1244921.2693103927,1867150.2476068246,10
-1244457.956593865,1867150.2476068246,10
-1243994.6438773377,1867150.2476068246,10
-1243531.33116081,1867150.2476068246,10
-1243068.0184442827,1867150.2476068246,10
-1242604.705727755,1867150.2476068246,10
-1242141.3930112277,1867150.2476068246,10
-1241678.0802947,1867150.2476068246,10
-1241214.7675781725,1867150.2476068246,10
-1240751.4548616451,1867150.2476068246,10
-1240288.1421451175,1867150.2476068246,10
-1239824.8294285901,1867150.2476068246,10
-1239361.5167120625,1867150.2476068246,10
-1238898.2039955352,1867150.2476068246,10
-1238434.8912790075,1867150.2476068246,10
-1237971.5785624802,1867150.2476068246,10
-1237508.2658459526,1867150.2476068246,10
-1237044.9531294252,1867150.2476068246,10
-1236581.6404128976,1867150.2476068246,10
-1236118.3276963702,1867150.2476068246,10
-1235655.0149798426,1867150.2476068246,10
-1235191.7022633152,1867150.2476068246,10
-1234728.3895467876,1867150.2476068246,10
-1234265.07683026,1867150.2476068246,10
-1233801.7641137326,1867150.2476068246,10
-1233338.4513972052,1867150.2476068246,10
-1232875.1386806776,1867150.2476068246,10
-1232411.82596415,1867150.2476068246,10
-1231948.5132476226,1867150.2476068246,10
-1231485.200531095,1867150.2476068246,10
-1231021.8878145677,1867150.2476068246,10
-1230558.57509804,1867150.2476068246,10
-1230095.2623815127,1867150.2476068246,10
-1229631.949664985,1867150.2476068246,10
-1229168.6369484577,1867150.2476068246,10
-1228705.32423193,1867150.2476068246,10
-1228242.0115154027,1867150.2476068246,10
-1227778.698798875,1867150.2476068246,10
-1227315.3860823475,1867150.2476068246,10
-1226852.07336582,1867150.2476068246,10
-1226388.7606492927,1867150.2476068246,10
-1225925.4479327651,1867150.2476068246,10
-1225462.1352162375,1867150.2476068246,10
-1224998.8224997101,1867150.2476068246,10
-1224535.5097831825,1867150.2476068246,10
-1224072.1970666551,1867150.2476068246,10
-1223608.8843501275,1867150.2476068246,10
-1223145.5716336002,1867150.2476068246,10
-1222682.2589170726,1867150.2476068246,10
-1222218.9462005452,1867150.2476068246,10
-1221755.6334840176,1867150.2476068246,10
-1221292.3207674902,1867150.2476068246,10
-1220829.0080509626,1867150.2476068246,10
-1220365.6953344352,1867150.2476068246,10
-1219902.3826179076,1867150.2476068246,10
-1219439.0699013802,1867150.2476068246,10
-1218975.7571848526,1867150.2476068246,10
-1218512.444468325,1867150.2476068246,10
-1218049.1317517976,1867150.2476068246,10
-1217585.81903527,1867150.2476068246,10
-1217122.5063187426,1867150.2476068246,10
-1216659.193602215,1867150.2476068246,10
-1216195.8808856877,1867150.2476068246,10
-1215732.56816916,1867150.2476068246,10
-1215269.2554526327,1867150.2476068246,10
-1214805.942736105,1867150.2476068246,10
-1214342.6300195777,1867150.2476068246,10
-1213879.31730305,1867150.2476068246,10
-1213416.0045865227,1867150.2476068246,10
-1212952.691869995,1867150.2476068246,10
-1212489.3791534677,1867150.2476068246,10
-1212026.06643694,1867150.2476068246,16
-1211562.7537204125,1867150.2476068246,10
-1211099.4410038851,1867150.2476068246,10
-1210636.1282873575,1867150.2476068246,10
-1210172.8155708301,1867150.2476068246,10
-1209709.5028543025,1867150.2476068246,10
-1209246.1901377751,1867150.2476068246,10
-1208782.8774212475,1867150.2476068246,10
-1208319.5647047202,1867150.2476068246,10
-1207856.2519881926,1867150.2476068246,10
-1207392.9392716652,1867150.2476068246,10
-1206929.6265551376,1867150.2476068246,10
-1206466.3138386102,1867150.2476068246,10
-1206003.0011220826,1867150.2476068246,10
-1205539.6884055552,1867150.2476068246,10
-1205076.3756890276,1867150.2476068246,10
-1204613.0629725,1867150.2476068246,10
-1204149.7502559726,1867150.2476068246,10
-1203686.4375394452,1867150.2476068246,10
-1203223.1248229176,1867150.2476068246,10
-1202759.81210639,1867150.2476068246,10
-1202296.4993898626,1867150.2476068246,10
-1201833.186673335,1867150.2476068246,10
-1201369.8739568077,1867150.2476068246,10
-1200906.56124028,1867150.2476068246,10
-1200443.2485237527,1867150.2476068246,10
-1199979.935807225,1867150.2476068246,10
-1199516.6230906977,1867150.2476068246,10
-1199053.31037417,1867150.2476068246,10
-1198589.9976576427,1867150.2476068246,10
-1198126.684941115,1867150.2476068246,10
-1197663.3722245875,1867150.2476068246,10
-1197200.05950806,1867150.2476068246,10
-1196736.7467915327,1867150.2476068246,10
-1196273.4340750051,1867150.2476068246,10
-1195810.1213584775,1867150.2476068246,10
-1195346.8086419501,1867150.2476068246,10
-1194883.4959254225,1867150.2476068246,10
-1194420.1832088951,1867150.2476068246,10
-1193956.8704923675,1867150.2476068246,10
-1193493.5577758402,1867150.2476068246,10
-1193030.2450593126,1867150.2476068246,10
-1192566.9323427852,1867150.2476068246,10
-1192103.6196262576,1867150.2476068246,10
-1191640.3069097302,1867150.2476068246,10
-1191176.9941932026,1867150.2476068246,10
-1190713.6814766752,1867150.2476068246,10
-1190250.3687601476,1867150.2476068246,10
-1189787.0560436202,1867150.2476068246,10
-1189323.7433270926,1867150.2476068246,10
-1188860.430610565,1867150.2476068246,10
-1188397.1178940376,1867150.2476068246,10
-1187933.80517751,1867150.2476068246,10
-1187470.4924609826,1867150.2476068246,10
-1187007.179744455,1867150.2476068246,10
-1186543.8670279277,1867150.2476068246,10
-1186080.5543114,1867150.2476068246,10
-1185617.2415948727,1867150.2476068246,10
-1185153.928878345,1867150.2476068246,10
-1184690.6161618177,1867150.2476068246,10
-1184227.30344529,1867150.2476068246,10
-1183763.9907287627,1867150.2476068246,10
-1183300.678012235,1867150.2476068246,10
-1182837.3652957077,1867150.2476068246,10
-1182374.05257918,1867150.2476068246,10
-1181910.7398626525,1867150.2476068246,10
-1181447.4271461251,1867150.2476068246,10
-1180984.1144295975,1867150.2476068246,10
-1180520.8017130701,1867150.2476068246,10
-1180057.4889965425,1867150.2476068246,10
-1179594.1762800151,1867150.2476068246,10
-1179130.8635634875,1867150.2476068246,10
-1178667.5508469602,1867150.2476068246,10
-1178204.2381304326,1867150.2476068246,10
-1177740.9254139052,1867150.2476068246,10
-1177277.6126973776,1867150.2476068246,10
-1176814.2999808502,1867150.2476068246,10
-1176350.9872643226,1867150.2476068246,10
-1175887.6745477952,1867150.2476068246,10
-1175424.3618312676,1867150.2476068246,10
-1174961.04911474,1867150.2476068246,10
-1174497.7363982126,1867150.2476068246,10
-1174034.4236816852,1867150.2476068246,10
-1173571.1109651576,1867150.2476068246,10
-1173107.79824863,1867150.2476068246,10
-1172644.4855321026,1867150.2476068246,10
-1172181.172815575,1867150.2476068246,10
-1171717.8600990477,1867150.2476068246,10
-1171254.54738252,1867150.2476068246,10
-1170791.2346659927,1867150.2476068246,10
-1170327.921949465,1867150.2476068246,10
-1169864.6092329377,1867150.2476068246,10
-1169401.29651641,1867150.2476068246,10
-1168937.9837998827,1867150.2476068246,10
-1168474.671083355,1867150.2476068246,10
-1168011.3583668275,1867150.2476068246,10
-1167548.0456503,1867150.2476068246,10
-1167084.7329337727,1867150.2476068246,10
-1166621.4202172451,1867150.2476068246,10
-1166158.1075007175,1867150.2476068246,10
-1364455.9501744877,1866686.9348902972,10
-1363992.63745796,1866686.9348902972,10
-1363529.3247414327,1866686.9348902972,10
-1363066.012024905,1866686.9348902972,10
-1362602.6993083777,1866686.9348902972,16
-1362139.38659185,1866686.9348902972,16
-1361676.0738753227,1866686.9348902972,16
-1361212.761158795,1866686.9348902972,16
-1360749.4484422677,1866686.9348902972,16
-1360286.13572574,1866686.9348902972,16
-1359822.8230092125,1866686.9348902972,16
-1359359.5102926851,1866686.9348902972,10
-1358896.1975761575,1866686.9348902972,10
-1358432.8848596301,1866686.9348902972,10
-1357969.5721431025,1866686.9348902972,10
-1357506.2594265752,1866686.9348902972,10
-1357042.9467100475,1866686.9348902972,10
-1356579.6339935202,1866686.9348902972,16
-1356116.3212769926,1866686.9348902972,16
-1355653.0085604652,1866686.9348902972,16
-1355189.6958439376,1866686.9348902972,16
-1354726.3831274102,1866686.9348902972,16
-1354263.0704108826,1866686.9348902972,16
-1353799.7576943552,1866686.9348902972,16
-1353336.4449778276,1866686.9348902972,16
-1352873.1322613002,1866686.9348902972,10
-1352409.8195447726,1866686.9348902972,10
-1351946.506828245,1866686.9348902972,10
-1351483.1941117176,1866686.9348902972,10
-1351019.88139519,1866686.9348902972,10
-1350556.5686786626,1866686.9348902972,10
-1350093.255962135,1866686.9348902972,10
-1349629.9432456077,1866686.9348902972,10
-1349166.63052908,1866686.9348902972,10
-1348703.3178125527,1866686.9348902972,10
-1348240.005096025,1866686.9348902972,16
-1347776.6923794977,1866686.9348902972,16
-1347313.37966297,1866686.9348902972,10
-1346850.0669464427,1866686.9348902972,10
-1346386.754229915,1866686.9348902972,10
-1345923.4415133877,1866686.9348902972,10
-1345460.12879686,1866686.9348902972,10
-1344996.8160803327,1866686.9348902972,16
-1344533.5033638051,1866686.9348902972,16
-1344070.1906472775,1866686.9348902972,16
-1343606.8779307501,1866686.9348902972,16
-1343143.5652142225,1866686.9348902972,16
-1342680.2524976952,1866686.9348902972,16
-1342216.9397811675,1866686.9348902972,16
-1341753.6270646402,1866686.9348902972,16
-1341290.3143481126,1866686.9348902972,16
-1340827.0016315852,1866686.9348902972,16
-1340363.6889150576,1866686.9348902972,16
-1339900.3761985302,1866686.9348902972,16
-1339437.0634820026,1866686.9348902972,16
-1338973.7507654752,1866686.9348902972,16
-1338510.4380489476,1866686.9348902972,16
-1338047.1253324202,1866686.9348902972,16
-1337583.8126158926,1866686.9348902972,16
-1337120.499899365,1866686.9348902972,16
-1336657.1871828376,1866686.9348902972,16
-1336193.87446631,1866686.9348902972,16
-1335730.5617497826,1866686.9348902972,16
-1335267.249033255,1866686.9348902972,16
-1334803.9363167277,1866686.9348902972,16
-1334340.6236002,1866686.9348902972,16
-1333877.3108836727,1866686.9348902972,16
-1333413.998167145,1866686.9348902972,16
-1332950.6854506177,1866686.9348902972,16
-1332487.37273409,1866686.9348902972,16
-1332024.0600175627,1866686.9348902972,16
-1331560.747301035,1866686.9348902972,16
-1331097.4345845077,1866686.9348902972,16
-1330634.12186798,1866686.9348902972,16
-1330170.8091514525,1866686.9348902972,16
-1329707.4964349251,1866686.9348902972,16
-1329244.1837183975,1866686.9348902972,16
-1328780.8710018701,1866686.9348902972,16
-1328317.5582853425,1866686.9348902972,16
-1327854.2455688152,1866686.9348902972,16
-1327390.9328522875,1866686.9348902972,16
-1326927.6201357602,1866686.9348902972,16
-1326464.3074192326,1866686.9348902972,16
-1326000.9947027052,1866686.9348902972,16
-1325537.6819861776,1866686.9348902972,16
-1325074.3692696502,1866686.9348902972,16
-1324611.0565531226,1866686.9348902972,16
-1324147.7438365952,1866686.9348902972,16
-1323684.4311200676,1866686.9348902972,16
-1323221.11840354,1866686.9348902972,16
-1322757.8056870126,1866686.9348902972,16
-1322294.492970485,1866686.9348902972,16
-1321831.1802539576,1866686.9348902972,16
-1321367.86753743,1866686.9348902972,16
-1320904.5548209026,1866686.9348902972,16
-1320441.242104375,1866686.9348902972,16
-1319977.9293878477,1866686.9348902972,16
-1319514.61667132,1866686.9348902972,16
-1319051.3039547927,1866686.9348902972,16
-1318587.991238265,1866686.9348902972,16
-1318124.6785217377,1866686.9348902972,16
-1317661.36580521,1866686.9348902972,16
-1317198.0530886827,1866686.9348902972,16
-1316734.740372155,1866686.9348902972,16
-1316271.4276556277,1866686.9348902972,16
-1315808.1149391,1866686.9348902972,16
-1315344.8022225727,1866686.9348902972,16
-1314881.4895060451,1866686.9348902972,16
-1314418.1767895175,1866686.9348902972,16
-1313954.8640729901,1866686.9348902972,16
-1313491.5513564625,1866686.9348902972,16
-1313028.2386399352,1866686.9348902972,16
-1312564.9259234075,1866686.9348902972,16
-1312101.6132068802,1866686.9348902972,16
-1311638.3004903526,1866686.9348902972,16
-1311174.9877738252,1866686.9348902972,16
-1310711.6750572976,1866686.9348902972,16
-1310248.3623407702,1866686.9348902972,16
-1309785.0496242426,1866686.9348902972,16
-1309321.7369077152,1866686.9348902972,16
-1308858.4241911876,1866686.9348902972,16
-1308395.1114746602,1866686.9348902972,16
-1307931.7987581326,1866686.9348902972,16
-1307468.486041605,1866686.9348902972,16
-1307005.1733250776,1866686.9348902972,16
-1306541.86060855,1866686.9348902972,16
-1306078.5478920226,1866686.9348902972,16
-1305615.235175495,1866686.9348902972,16
-1305151.9224589677,1866686.9348902972,16
-1304688.60974244,1866686.9348902972,16
-1304225.2970259127,1866686.9348902972,16
-1303761.984309385,1866686.9348902972,16
-1303298.6715928577,1866686.9348902972,16
-1302835.35887633,1866686.9348902972,16
-1302372.0461598027,1866686.9348902972,16
-1301908.733443275,1866686.9348902972,16
-1301445.4207267477,1866686.9348902972,10
-1300982.10801022,1866686.9348902972,10
-1300518.7952936925,1866686.9348902972,10
-1300055.4825771651,1866686.9348902972,10
-1299592.1698606375,1866686.9348902972,10
-1299128.8571441101,1866686.9348902972,10
-1298665.5444275825,1866686.9348902972,10
-1298202.2317110552,1866686.9348902972,10
-1297738.9189945275,1866686.9348902972,10
-1297275.6062780002,1866686.9348902972,10
-1296812.2935614726,1866686.9348902972,10
-1296348.9808449452,1866686.9348902972,10
-1295885.6681284176,1866686.9348902972,10
-1295422.3554118902,1866686.9348902972,16
-1294959.0426953626,1866686.9348902972,10
-1294495.7299788352,1866686.9348902972,10
-1294032.4172623076,1866686.9348902972,10
-1293569.10454578,1866686.9348902972,10
-1293105.7918292526,1866686.9348902972,10
-1292642.479112725,1866686.9348902972,10
-1292179.1663961976,1866686.9348902972,10
-1291715.85367967,1866686.9348902972,16
-1291252.5409631426,1866686.9348902972,16
-1290789.228246615,1866686.9348902972,16
-1290325.9155300877,1866686.9348902972,16
-1289862.60281356,1866686.9348902972,16
-1289399.2900970327,1866686.9348902972,10
-1288935.977380505,1866686.9348902972,10
-1288472.6646639777,1866686.9348902972,10
-1288009.35194745,1866686.9348902972,16
-1287546.0392309227,1866686.9348902972,10
-1287082.726514395,1866686.9348902972,10
-1286619.4137978677,1866686.9348902972,10
-1286156.10108134,1866686.9348902972,10
-1285692.7883648127,1866686.9348902972,10
-1285229.4756482851,1866686.9348902972,10
-1284766.1629317575,1866686.9348902972,10
-1284302.8502152301,1866686.9348902972,16
-1283839.5374987025,1866686.9348902972,10
-1283376.2247821752,1866686.9348902972,10
-1282912.9120656475,1866686.9348902972,10
-1282449.5993491202,1866686.9348902972,10
-1281986.2866325926,1866686.9348902972,10
-1281522.9739160652,1866686.9348902972,10
-1281059.6611995376,1866686.9348902972,16
-1280596.3484830102,1866686.9348902972,16
-1280133.0357664826,1866686.9348902972,16
-1279669.7230499552,1866686.9348902972,10
-1279206.4103334276,1866686.9348902972,10
-1278743.0976169002,1866686.9348902972,10
-1278279.7849003726,1866686.9348902972,10
-1277816.472183845,1866686.9348902972,10
-1277353.1594673176,1866686.9348902972,10
-1276889.84675079,1866686.9348902972,16
-1276426.5340342626,1866686.9348902972,10
-1275963.221317735,1866686.9348902972,10
-1275499.9086012077,1866686.9348902972,10
-1275036.59588468,1866686.9348902972,10
-1274573.2831681527,1866686.9348902972,10
-1274109.970451625,1866686.9348902972,10
-1273646.6577350977,1866686.9348902972,10
-1273183.34501857,1866686.9348902972,10
-1272720.0323020427,1866686.9348902972,10
-1272256.719585515,1866686.9348902972,10
-1271793.4068689877,1866686.9348902972,10
-1271330.09415246,1866686.9348902972,10
-1270866.7814359325,1866686.9348902972,10
-1270403.4687194051,1866686.9348902972,10
-1269940.1560028775,1866686.9348902972,10
-1269476.8432863501,1866686.9348902972,10
-1269013.5305698225,1866686.9348902972,10
-1268550.2178532952,1866686.9348902972,10
-1268086.9051367675,1866686.9348902972,10
-1267623.5924202402,1866686.9348902972,10
-1267160.2797037126,1866686.9348902972,10
-1266696.9669871852,1866686.9348902972,10
-1266233.6542706576,1866686.9348902972,10
-1265770.3415541302,1866686.9348902972,10
-1265307.0288376026,1866686.9348902972,10
-1264843.7161210752,1866686.9348902972,10
-1264380.4034045476,1866686.9348902972,10
-1263917.09068802,1866686.9348902972,10
-1263453.7779714926,1866686.9348902972,10
-1262990.465254965,1866686.9348902972,10
-1262527.1525384376,1866686.9348902972,10
-1262063.83982191,1866686.9348902972,10
-1261600.5271053826,1866686.9348902972,10
-1261137.214388855,1866686.9348902972,10
-1260673.9016723277,1866686.9348902972,10
-1260210.5889558,1866686.9348902972,10
-1259747.2762392727,1866686.9348902972,10
-1259283.963522745,1866686.9348902972,10
-1258820.6508062177,1866686.9348902972,10
-1258357.33808969,1866686.9348902972,10
-1257894.0253731627,1866686.9348902972,10
-1257430.712656635,1866686.9348902972,10
-1256967.3999401077,1866686.9348902972,10
-1256504.08722358,1866686.9348902972,10
-1256040.7745070527,1866686.9348902972,10
-1255577.4617905251,1866686.9348902972,10
-1255114.1490739975,1866686.9348902972,10
-1254650.8363574701,1866686.9348902972,10
-1254187.5236409425,1866686.9348902972,10
-1253724.2109244152,1866686.9348902972,10
-1253260.8982078875,1866686.9348902972,10
-1252797.5854913602,1866686.9348902972,10
-1252334.2727748326,1866686.9348902972,10
-1251870.9600583052,1866686.9348902972,10
-1251407.6473417776,1866686.9348902972,10
-1250944.3346252502,1866686.9348902972,10
-1250481.0219087226,1866686.9348902972,10
-1250017.7091921952,1866686.9348902972,10
-1249554.3964756676,1866686.9348902972,10
-1249091.0837591402,1866686.9348902972,10
-1248627.7710426126,1866686.9348902972,10
-1248164.458326085,1866686.9348902972,10
-1247701.1456095576,1866686.9348902972,10
-1247237.83289303,1866686.9348902972,10
-1246774.5201765026,1866686.9348902972,10
-1246311.207459975,1866686.9348902972,10
-1245847.8947434477,1866686.9348902972,10
-1245384.58202692,1866686.9348902972,10
-1244921.2693103927,1866686.9348902972,10
-1244457.956593865,1866686.9348902972,10
-1243994.6438773377,1866686.9348902972,10
-1243531.33116081,1866686.9348902972,10
-1243068.0184442827,1866686.9348902972,10
-1242604.705727755,1866686.9348902972,10
-1242141.3930112277,1866686.9348902972,10
-1241678.0802947,1866686.9348902972,10
-1241214.7675781725,1866686.9348902972,10
-1240751.4548616451,1866686.9348902972,10
-1240288.1421451175,1866686.9348902972,10
-1239824.8294285901,1866686.9348902972,10
-1239361.5167120625,1866686.9348902972,10
-1238898.2039955352,1866686.9348902972,10
-1238434.8912790075,1866686.9348902972,10
-1237971.5785624802,1866686.9348902972,10
-1237508.2658459526,1866686.9348902972,10
-1237044.9531294252,1866686.9348902972,10
-1236581.6404128976,1866686.9348902972,10
-1236118.3276963702,1866686.9348902972,10
-1235655.0149798426,1866686.9348902972,10
-1235191.7022633152,1866686.9348902972,10
-1234728.3895467876,1866686.9348902972,10
-1234265.07683026,1866686.9348902972,10
-1233801.7641137326,1866686.9348902972,10
-1233338.4513972052,1866686.9348902972,10
-1232875.1386806776,1866686.9348902972,10
-1232411.82596415,1866686.9348902972,10
-1231948.5132476226,1866686.9348902972,10
-1231485.200531095,1866686.9348902972,10
-1231021.8878145677,1866686.9348902972,10
-1230558.57509804,1866686.9348902972,10
-1230095.2623815127,1866686.9348902972,10
-1229631.949664985,1866686.9348902972,10
-1229168.6369484577,1866686.9348902972,10
-1228705.32423193,1866686.9348902972,10
-1228242.0115154027,1866686.9348902972,10
-1227778.698798875,1866686.9348902972,10
-1227315.3860823475,1866686.9348902972,10
-1226852.07336582,1866686.9348902972,10
-1226388.7606492927,1866686.9348902972,10
-1225925.4479327651,1866686.9348902972,10
-1225462.1352162375,1866686.9348902972,10
-1224998.8224997101,1866686.9348902972,10
-1224535.5097831825,1866686.9348902972,10
-1224072.1970666551,1866686.9348902972,10
-1223608.8843501275,1866686.9348902972,10
-1223145.5716336002,1866686.9348902972,10
-1222682.2589170726,1866686.9348902972,10
-1222218.9462005452,1866686.9348902972,10
-1221755.6334840176,1866686.9348902972,10
-1221292.3207674902,1866686.9348902972,10
-1220829.0080509626,1866686.9348902972,10
-1220365.6953344352,1866686.9348902972,10
-1219902.3826179076,1866686.9348902972,10
-1219439.0699013802,1866686.9348902972,10
-1218975.7571848526,1866686.9348902972,10
-1218512.444468325,1866686.9348902972,10
-1218049.1317517976,1866686.9348902972,10
-1217585.81903527,1866686.9348902972,10
-1217122.5063187426,1866686.9348902972,10
-1216659.193602215,1866686.9348902972,10
-1216195.8808856877,1866686.9348902972,10
-1215732.56816916,1866686.9348902972,10
-1215269.2554526327,1866686.9348902972,10
-1214805.942736105,1866686.9348902972,10
-1214342.6300195777,1866686.9348902972,10
-1213879.31730305,1866686.9348902972,10
-1213416.0045865227,1866686.9348902972,10
-1212952.691869995,1866686.9348902972,10
-1212489.3791534677,1866686.9348902972,10
-1212026.06643694,1866686.9348902972,16
-1211562.7537204125,1866686.9348902972,10
-1211099.4410038851,1866686.9348902972,10
-1210636.1282873575,1866686.9348902972,10
-1210172.8155708301,1866686.9348902972,10
-1209709.5028543025,1866686.9348902972,10
-1209246.1901377751,1866686.9348902972,10
-1208782.8774212475,1866686.9348902972,10
-1208319.5647047202,1866686.9348902972,10
-1207856.2519881926,1866686.9348902972,10
-1207392.9392716652,1866686.9348902972,10
-1206929.6265551376,1866686.9348902972,10
-1206466.3138386102,1866686.9348902972,10
-1206003.0011220826,1866686.9348902972,10
-1205539.6884055552,1866686.9348902972,10
-1205076.3756890276,1866686.9348902972,10
-1204613.0629725,1866686.9348902972,10
-1204149.7502559726,1866686.9348902972,10
-1203686.4375394452,1866686.9348902972,10
-1203223.1248229176,1866686.9348902972,10
-1202759.81210639,1866686.9348902972,10
-1202296.4993898626,1866686.9348902972,10
-1201833.186673335,1866686.9348902972,10
-1201369.8739568077,1866686.9348902972,10
-1200906.56124028,1866686.9348902972,10
-1200443.2485237527,1866686.9348902972,10
-1199979.935807225,1866686.9348902972,10
-1199516.6230906977,1866686.9348902972,10
-1199053.31037417,1866686.9348902972,10
-1198589.9976576427,1866686.9348902972,10
-1198126.684941115,1866686.9348902972,10
-1197663.3722245875,1866686.9348902972,10
-1197200.05950806,1866686.9348902972,10
-1196736.7467915327,1866686.9348902972,10
-1196273.4340750051,1866686.9348902972,10
-1195810.1213584775,1866686.9348902972,10
-1195346.8086419501,1866686.9348902972,10
-1194883.4959254225,1866686.9348902972,10
-1194420.1832088951,1866686.9348902972,10
-1193956.8704923675,1866686.9348902972,10
-1193493.5577758402,1866686.9348902972,10
-1193030.2450593126,1866686.9348902972,10
-1192566.9323427852,1866686.9348902972,10
-1192103.6196262576,1866686.9348902972,10
-1191640.3069097302,1866686.9348902972,10
-1191176.9941932026,1866686.9348902972,10
-1190713.6814766752,1866686.9348902972,10
-1190250.3687601476,1866686.9348902972,10
-1189787.0560436202,1866686.9348902972,10
-1189323.7433270926,1866686.9348902972,10
-1188860.430610565,1866686.9348902972,10
-1188397.1178940376,1866686.9348902972,10
-1187933.80517751,1866686.9348902972,10
-1187470.4924609826,1866686.9348902972,10
-1187007.179744455,1866686.9348902972,10
-1186543.8670279277,1866686.9348902972,10
-1186080.5543114,1866686.9348902972,10
-1185617.2415948727,1866686.9348902972,10
-1185153.928878345,1866686.9348902972,10
-1184690.6161618177,1866686.9348902972,10
-1184227.30344529,1866686.9348902972,10
-1183763.9907287627,1866686.9348902972,10
-1183300.678012235,1866686.9348902972,10
-1182837.3652957077,1866686.9348902972,10
-1182374.05257918,1866686.9348902972,10
-1181910.7398626525,1866686.9348902972,10
-1181447.4271461251,1866686.9348902972,10
-1180984.1144295975,1866686.9348902972,10
-1180520.8017130701,1866686.9348902972,10
-1180057.4889965425,1866686.9348902972,10
-1179594.1762800151,1866686.9348902972,10
-1179130.8635634875,1866686.9348902972,10
-1178667.5508469602,1866686.9348902972,10
-1178204.2381304326,1866686.9348902972,10
-1177740.9254139052,1866686.9348902972,10
-1177277.6126973776,1866686.9348902972,10
-1176814.2999808502,1866686.9348902972,10
-1176350.9872643226,1866686.9348902972,10
-1175887.6745477952,1866686.9348902972,10
-1175424.3618312676,1866686.9348902972,10
-1174961.04911474,1866686.9348902972,10
-1174497.7363982126,1866686.9348902972,10
-1174034.4236816852,1866686.9348902972,10
-1173571.1109651576,1866686.9348902972,10
-1173107.79824863,1866686.9348902972,10
-1172644.4855321026,1866686.9348902972,10
-1172181.172815575,1866686.9348902972,10
-1171717.8600990477,1866686.9348902972,10
-1171254.54738252,1866686.9348902972,10
-1170791.2346659927,1866686.9348902972,10
-1170327.921949465,1866686.9348902972,10
-1169864.6092329377,1866686.9348902972,10
-1169401.29651641,1866686.9348902972,10
-1168937.9837998827,1866686.9348902972,10
-1168474.671083355,1866686.9348902972,10
-1168011.3583668275,1866686.9348902972,10
-1167548.0456503,1866686.9348902972,10
-1167084.7329337727,1866686.9348902972,10
-1166621.4202172451,1866686.9348902972,10
-1166158.1075007175,1866686.9348902972,10
-1165694.7947841901,1866686.9348902972,10
-1364455.9501744877,1866223.6221737696,10
-1363992.63745796,1866223.6221737696,10
-1363529.3247414327,1866223.6221737696,10
-1363066.012024905,1866223.6221737696,10
-1362602.6993083777,1866223.6221737696,16
-1362139.38659185,1866223.6221737696,16
-1361676.0738753227,1866223.6221737696,16
-1361212.761158795,1866223.6221737696,16
-1360749.4484422677,1866223.6221737696,16
-1360286.13572574,1866223.6221737696,16
-1359822.8230092125,1866223.6221737696,16
-1359359.5102926851,1866223.6221737696,10
-1358896.1975761575,1866223.6221737696,10
-1358432.8848596301,1866223.6221737696,10
-1357969.5721431025,1866223.6221737696,10
-1357506.2594265752,1866223.6221737696,10
-1357042.9467100475,1866223.6221737696,10
-1356579.6339935202,1866223.6221737696,10
-1356116.3212769926,1866223.6221737696,16
-1355653.0085604652,1866223.6221737696,16
-1355189.6958439376,1866223.6221737696,16
-1354726.3831274102,1866223.6221737696,16
-1354263.0704108826,1866223.6221737696,10
-1353799.7576943552,1866223.6221737696,10
-1353336.4449778276,1866223.6221737696,10
-1352873.1322613002,1866223.6221737696,10
-1352409.8195447726,1866223.6221737696,10
-1351946.506828245,1866223.6221737696,10
-1351483.1941117176,1866223.6221737696,10
-1351019.88139519,1866223.6221737696,10
-1350556.5686786626,1866223.6221737696,10
-1350093.255962135,1866223.6221737696,10
-1349629.9432456077,1866223.6221737696,10
-1349166.63052908,1866223.6221737696,10
-1348703.3178125527,1866223.6221737696,16
-1348240.005096025,1866223.6221737696,16
-1347776.6923794977,1866223.6221737696,16
-1347313.37966297,1866223.6221737696,16
-1346850.0669464427,1866223.6221737696,10
-1346386.754229915,1866223.6221737696,10
-1345923.4415133877,1866223.6221737696,16
-1345460.12879686,1866223.6221737696,16
-1344996.8160803327,1866223.6221737696,16
-1344533.5033638051,1866223.6221737696,16
-1344070.1906472775,1866223.6221737696,16
-1343606.8779307501,1866223.6221737696,16
-1343143.5652142225,1866223.6221737696,16
-1342680.2524976952,1866223.6221737696,16
-1342216.9397811675,1866223.6221737696,16
-1341753.6270646402,1866223.6221737696,16
-1341290.3143481126,1866223.6221737696,16
-1340827.0016315852,1866223.6221737696,16
-1340363.6889150576,1866223.6221737696,16
-1339900.3761985302,1866223.6221737696,16
-1339437.0634820026,1866223.6221737696,16
-1338973.7507654752,1866223.6221737696,16
-1338510.4380489476,1866223.6221737696,16
-1338047.1253324202,1866223.6221737696,16
-1337583.8126158926,1866223.6221737696,16
-1337120.499899365,1866223.6221737696,16
-1336657.1871828376,1866223.6221737696,16
-1336193.87446631,1866223.6221737696,16
-1335730.5617497826,1866223.6221737696,7
-1335267.249033255,1866223.6221737696,16
-1334803.9363167277,1866223.6221737696,16
-1334340.6236002,1866223.6221737696,16
-1333877.3108836727,1866223.6221737696,16
-1333413.998167145,1866223.6221737696,16
-1332950.6854506177,1866223.6221737696,16
-1332487.37273409,1866223.6221737696,16
-1332024.0600175627,1866223.6221737696,16
-1331560.747301035,1866223.6221737696,16
-1331097.4345845077,1866223.6221737696,16
-1330634.12186798,1866223.6221737696,16
-1330170.8091514525,1866223.6221737696,16
-1329707.4964349251,1866223.6221737696,16
-1329244.1837183975,1866223.6221737696,16
-1328780.8710018701,1866223.6221737696,16
-1328317.5582853425,1866223.6221737696,16
-1327854.2455688152,1866223.6221737696,16
-1327390.9328522875,1866223.6221737696,16
-1326927.6201357602,1866223.6221737696,16
-1326464.3074192326,1866223.6221737696,16
-1326000.9947027052,1866223.6221737696,16
-1325537.6819861776,1866223.6221737696,16
-1325074.3692696502,1866223.6221737696,16
-1324611.0565531226,1866223.6221737696,16
-1324147.7438365952,1866223.6221737696,16
-1323684.4311200676,1866223.6221737696,16
-1323221.11840354,1866223.6221737696,16
-1322757.8056870126,1866223.6221737696,16
-1322294.492970485,1866223.6221737696,16
-1321831.1802539576,1866223.6221737696,16
-1321367.86753743,1866223.6221737696,16
-1320904.5548209026,1866223.6221737696,16
-1320441.242104375,1866223.6221737696,16
-1319977.9293878477,1866223.6221737696,16
-1319514.61667132,1866223.6221737696,16
-1319051.3039547927,1866223.6221737696,16
-1318587.991238265,1866223.6221737696,16
-1318124.6785217377,1866223.6221737696,16
-1317661.36580521,1866223.6221737696,10
-1317198.0530886827,1866223.6221737696,10
-1316734.740372155,1866223.6221737696,10
-1316271.4276556277,1866223.6221737696,10
-1315808.1149391,1866223.6221737696,16
-1315344.8022225727,1866223.6221737696,16
-1314881.4895060451,1866223.6221737696,16
-1314418.1767895175,1866223.6221737696,16
-1313954.8640729901,1866223.6221737696,16
-1313491.5513564625,1866223.6221737696,16
-1313028.2386399352,1866223.6221737696,16
-1312564.9259234075,1866223.6221737696,16
-1312101.6132068802,1866223.6221737696,16
-1311638.3004903526,1866223.6221737696,16
-1311174.9877738252,1866223.6221737696,16
-1310711.6750572976,1866223.6221737696,16
-1310248.3623407702,1866223.6221737696,16
-1309785.0496242426,1866223.6221737696,16
-1309321.7369077152,1866223.6221737696,16
-1308858.4241911876,1866223.6221737696,16
-1308395.1114746602,1866223.6221737696,16
-1307931.7987581326,1866223.6221737696,16
-1307468.486041605,1866223.6221737696,16
-1307005.1733250776,1866223.6221737696,16
-1306541.86060855,1866223.6221737696,16
-1306078.5478920226,1866223.6221737696,16
-1305615.235175495,1866223.6221737696,16
-1305151.9224589677,1866223.6221737696,16
-1304688.60974244,1866223.6221737696,16
-1304225.2970259127,1866223.6221737696,16
-1303761.984309385,1866223.6221737696,16
-1303298.6715928577,1866223.6221737696,16
-1302835.35887633,1866223.6221737696,16
-1302372.0461598027,1866223.6221737696,16
-1301908.733443275,1866223.6221737696,16
-1301445.4207267477,1866223.6221737696,10
-1300982.10801022,1866223.6221737696,10
-1300518.7952936925,1866223.6221737696,10
-1300055.4825771651,1866223.6221737696,10
-1299592.1698606375,1866223.6221737696,10
-1299128.8571441101,1866223.6221737696,10
-1298665.5444275825,1866223.6221737696,10
-1298202.2317110552,1866223.6221737696,10
-1297738.9189945275,1866223.6221737696,10
-1297275.6062780002,1866223.6221737696,10
-1296812.2935614726,1866223.6221737696,10
-1296348.9808449452,1866223.6221737696,10
-1295885.6681284176,1866223.6221737696,10
-1295422.3554118902,1866223.6221737696,10
-1294959.0426953626,1866223.6221737696,10
-1294495.7299788352,1866223.6221737696,16
-1294032.4172623076,1866223.6221737696,16
-1293569.10454578,1866223.6221737696,10
-1293105.7918292526,1866223.6221737696,10
-1292642.479112725,1866223.6221737696,10
-1292179.1663961976,1866223.6221737696,16
-1291715.85367967,1866223.6221737696,16
-1291252.5409631426,1866223.6221737696,16
-1290789.228246615,1866223.6221737696,16
-1290325.9155300877,1866223.6221737696,16
-1289862.60281356,1866223.6221737696,16
-1289399.2900970327,1866223.6221737696,10
-1288935.977380505,1866223.6221737696,10
-1288472.6646639777,1866223.6221737696,16
-1288009.35194745,1866223.6221737696,10
-1287546.0392309227,1866223.6221737696,10
-1287082.726514395,1866223.6221737696,10
-1286619.4137978677,1866223.6221737696,10
-1286156.10108134,1866223.6221737696,10
-1285692.7883648127,1866223.6221737696,10
-1285229.4756482851,1866223.6221737696,10
-1284766.1629317575,1866223.6221737696,10
-1284302.8502152301,1866223.6221737696,10
-1283839.5374987025,1866223.6221737696,10
-1283376.2247821752,1866223.6221737696,10
-1282912.9120656475,1866223.6221737696,10
-1282449.5993491202,1866223.6221737696,10
-1281986.2866325926,1866223.6221737696,16
-1281522.9739160652,1866223.6221737696,10
-1281059.6611995376,1866223.6221737696,10
-1280596.3484830102,1866223.6221737696,16
-1280133.0357664826,1866223.6221737696,10
-1279669.7230499552,1866223.6221737696,10
-1279206.4103334276,1866223.6221737696,10
-1278743.0976169002,1866223.6221737696,10
-1278279.7849003726,1866223.6221737696,10
-1277816.472183845,1866223.6221737696,10
-1277353.1594673176,1866223.6221737696,10
-1276889.84675079,1866223.6221737696,10
-1276426.5340342626,1866223.6221737696,10
-1275963.221317735,1866223.6221737696,10
-1275499.9086012077,1866223.6221737696,10
-1275036.59588468,1866223.6221737696,10
-1274573.2831681527,1866223.6221737696,10
-1274109.970451625,1866223.6221737696,10
-1273646.6577350977,1866223.6221737696,10
-1273183.34501857,1866223.6221737696,10
-1272720.0323020427,1866223.6221737696,10
-1272256.719585515,1866223.6221737696,10
-1271793.4068689877,1866223.6221737696,10
-1271330.09415246,1866223.6221737696,10
-1270866.7814359325,1866223.6221737696,10
-1270403.4687194051,1866223.6221737696,10
-1269940.1560028775,1866223.6221737696,10
-1269476.8432863501,1866223.6221737696,10
-1269013.5305698225,1866223.6221737696,10
-1268550.2178532952,1866223.6221737696,10
-1268086.9051367675,1866223.6221737696,10
-1267623.5924202402,1866223.6221737696,10
-1267160.2797037126,1866223.6221737696,10
-1266696.9669871852,1866223.6221737696,10
-1266233.6542706576,1866223.6221737696,10
-1265770.3415541302,1866223.6221737696,10
-1265307.0288376026,1866223.6221737696,10
-1264843.7161210752,1866223.6221737696,10
-1264380.4034045476,1866223.6221737696,10
-1263917.09068802,1866223.6221737696,10
-1263453.7779714926,1866223.6221737696,10
-1262990.465254965,1866223.6221737696,10
-1262527.1525384376,1866223.6221737696,10
-1262063.83982191,1866223.6221737696,10
-1261600.5271053826,1866223.6221737696,10
-1261137.214388855,1866223.6221737696,10
-1260673.9016723277,1866223.6221737696,10
-1260210.5889558,1866223.6221737696,10
-1259747.2762392727,1866223.6221737696,10
-1259283.963522745,1866223.6221737696,10
-1258820.6508062177,1866223.6221737696,10
-1258357.33808969,1866223.6221737696,10
-1257894.0253731627,1866223.6221737696,10
-1257430.712656635,1866223.6221737696,10
-1256967.3999401077,1866223.6221737696,10
-1256504.08722358,1866223.6221737696,10
-1256040.7745070527,1866223.6221737696,10
-1255577.4617905251,1866223.6221737696,10
-1255114.1490739975,1866223.6221737696,10
-1254650.8363574701,1866223.6221737696,10
-1254187.5236409425,1866223.6221737696,10
-1253724.2109244152,1866223.6221737696,10
-1253260.8982078875,1866223.6221737696,10
-1252797.5854913602,1866223.6221737696,10
-1252334.2727748326,1866223.6221737696,10
-1251870.9600583052,1866223.6221737696,10
-1251407.6473417776,1866223.6221737696,10
-1250944.3346252502,1866223.6221737696,10
-1250481.0219087226,1866223.6221737696,10
-1250017.7091921952,1866223.6221737696,10
-1249554.3964756676,1866223.6221737696,10
-1249091.0837591402,1866223.6221737696,10
-1248627.7710426126,1866223.6221737696,10
-1248164.458326085,1866223.6221737696,10
-1247701.1456095576,1866223.6221737696,10
-1247237.83289303,1866223.6221737696,10
-1246774.5201765026,1866223.6221737696,10
-1246311.207459975,1866223.6221737696,10
-1245847.8947434477,1866223.6221737696,10
-1245384.58202692,1866223.6221737696,10
-1244921.2693103927,1866223.6221737696,10
-1244457.956593865,1866223.6221737696,10
-1243994.6438773377,1866223.6221737696,10
-1243531.33116081,1866223.6221737696,10
-1243068.0184442827,1866223.6221737696,10
-1242604.705727755,1866223.6221737696,10
-1242141.3930112277,1866223.6221737696,10
-1241678.0802947,1866223.6221737696,10
-1241214.7675781725,1866223.6221737696,10
-1240751.4548616451,1866223.6221737696,10
-1240288.1421451175,1866223.6221737696,10
-1239824.8294285901,1866223.6221737696,10
-1239361.5167120625,1866223.6221737696,10
-1238898.2039955352,1866223.6221737696,10
-1238434.8912790075,1866223.6221737696,10
-1237971.5785624802,1866223.6221737696,10
-1237508.2658459526,1866223.6221737696,10
-1237044.9531294252,1866223.6221737696,10
-1236581.6404128976,1866223.6221737696,10
-1236118.3276963702,1866223.6221737696,10
-1235655.0149798426,1866223.6221737696,10
-1235191.7022633152,1866223.6221737696,10
-1234728.3895467876,1866223.6221737696,10
-1234265.07683026,1866223.6221737696,10
-1233801.7641137326,1866223.6221737696,10
-1233338.4513972052,1866223.6221737696,10
-1232875.1386806776,1866223.6221737696,10
-1232411.82596415,1866223.6221737696,10
-1231948.5132476226,1866223.6221737696,10
-1231485.200531095,1866223.6221737696,10
-1231021.8878145677,1866223.6221737696,10
-1230558.57509804,1866223.6221737696,10
-1230095.2623815127,1866223.6221737696,10
-1229631.949664985,1866223.6221737696,10
-1229168.6369484577,1866223.6221737696,10
-1228705.32423193,1866223.6221737696,10
-1228242.0115154027,1866223.6221737696,10
-1227778.698798875,1866223.6221737696,10
-1227315.3860823475,1866223.6221737696,10
-1226852.07336582,1866223.6221737696,10
-1226388.7606492927,1866223.6221737696,10
-1225925.4479327651,1866223.6221737696,10
-1225462.1352162375,1866223.6221737696,10
-1224998.8224997101,1866223.6221737696,10
-1224535.5097831825,1866223.6221737696,10
-1224072.1970666551,1866223.6221737696,10
-1223608.8843501275,1866223.6221737696,10
-1223145.5716336002,1866223.6221737696,10
-1222682.2589170726,1866223.6221737696,10
-1222218.9462005452,1866223.6221737696,10
-1221755.6334840176,1866223.6221737696,10
-1221292.3207674902,1866223.6221737696,10
-1220829.0080509626,1866223.6221737696,10
-1220365.6953344352,1866223.6221737696,10
-1219902.3826179076,1866223.6221737696,10
-1219439.0699013802,1866223.6221737696,10
-1218975.7571848526,1866223.6221737696,10
-1218512.444468325,1866223.6221737696,10
-1218049.1317517976,1866223.6221737696,10
-1217585.81903527,1866223.6221737696,10
-1217122.5063187426,1866223.6221737696,10
-1216659.193602215,1866223.6221737696,10
-1216195.8808856877,1866223.6221737696,10
-1215732.56816916,1866223.6221737696,10
-1215269.2554526327,1866223.6221737696,10
-1214805.942736105,1866223.6221737696,10
-1214342.6300195777,1866223.6221737696,10
-1213879.31730305,1866223.6221737696,10
-1213416.0045865227,1866223.6221737696,10
-1212952.691869995,1866223.6221737696,10
-1212489.3791534677,1866223.6221737696,10
-1212026.06643694,1866223.6221737696,10
-1211562.7537204125,1866223.6221737696,10
-1211099.4410038851,1866223.6221737696,10
-1210636.1282873575,1866223.6221737696,10
-1210172.8155708301,1866223.6221737696,10
-1209709.5028543025,1866223.6221737696,10
-1209246.1901377751,1866223.6221737696,10
-1208782.8774212475,1866223.6221737696,10
-1208319.5647047202,1866223.6221737696,10
-1207856.2519881926,1866223.6221737696,10
-1207392.9392716652,1866223.6221737696,10
-1206929.6265551376,1866223.6221737696,10
-1206466.3138386102,1866223.6221737696,10
-1206003.0011220826,1866223.6221737696,10
-1205539.6884055552,1866223.6221737696,10
-1205076.3756890276,1866223.6221737696,10
-1204613.0629725,1866223.6221737696,10
-1204149.7502559726,1866223.6221737696,10
-1203686.4375394452,1866223.6221737696,10
-1203223.1248229176,1866223.6221737696,10
-1202759.81210639,1866223.6221737696,10
-1202296.4993898626,1866223.6221737696,10
-1201833.186673335,1866223.6221737696,10
-1201369.8739568077,1866223.6221737696,10
-1200906.56124028,1866223.6221737696,10
-1200443.2485237527,1866223.6221737696,10
-1199979.935807225,1866223.6221737696,10
-1199516.6230906977,1866223.6221737696,10
-1199053.31037417,1866223.6221737696,10
-1198589.9976576427,1866223.6221737696,10
-1198126.684941115,1866223.6221737696,10
-1197663.3722245875,1866223.6221737696,10
-1197200.05950806,1866223.6221737696,10
-1196736.7467915327,1866223.6221737696,10
-1196273.4340750051,1866223.6221737696,10
-1195810.1213584775,1866223.6221737696,10
-1195346.8086419501,1866223.6221737696,10
-1194883.4959254225,1866223.6221737696,10
-1194420.1832088951,1866223.6221737696,10
-1193956.8704923675,1866223.6221737696,10
-1193493.5577758402,1866223.6221737696,10
-1193030.2450593126,1866223.6221737696,10
-1192566.9323427852,1866223.6221737696,10
-1192103.6196262576,1866223.6221737696,10
-1191640.3069097302,1866223.6221737696,10
-1191176.9941932026,1866223.6221737696,10
-1190713.6814766752,1866223.6221737696,10
-1190250.3687601476,1866223.6221737696,10
-1189787.0560436202,1866223.6221737696,10
-1189323.7433270926,1866223.6221737696,10
-1188860.430610565,1866223.6221737696,10
-1188397.1178940376,1866223.6221737696,10
-1187933.80517751,1866223.6221737696,10
-1187470.4924609826,1866223.6221737696,10
-1187007.179744455,1866223.6221737696,10
-1186543.8670279277,1866223.6221737696,10
-1186080.5543114,1866223.6221737696,10
-1185617.2415948727,1866223.6221737696,10
-1185153.928878345,1866223.6221737696,10
-1184690.6161618177,1866223.6221737696,10
-1184227.30344529,1866223.6221737696,10
-1183763.9907287627,1866223.6221737696,10
-1183300.678012235,1866223.6221737696,10
-1182837.3652957077,1866223.6221737696,10
-1182374.05257918,1866223.6221737696,10
-1181910.7398626525,1866223.6221737696,10
-1181447.4271461251,1866223.6221737696,10
-1180984.1144295975,1866223.6221737696,10
-1180520.8017130701,1866223.6221737696,10
-1180057.4889965425,1866223.6221737696,10
-1179594.1762800151,1866223.6221737696,10
-1179130.8635634875,1866223.6221737696,10
-1178667.5508469602,1866223.6221737696,10
-1178204.2381304326,1866223.6221737696,10
-1177740.9254139052,1866223.6221737696,10
-1177277.6126973776,1866223.6221737696,10
-1176814.2999808502,1866223.6221737696,10
-1176350.9872643226,1866223.6221737696,10
-1175887.6745477952,1866223.6221737696,10
-1175424.3618312676,1866223.6221737696,10
-1174961.04911474,1866223.6221737696,10
-1174497.7363982126,1866223.6221737696,10
-1174034.4236816852,1866223.6221737696,10
-1173571.1109651576,1866223.6221737696,10
-1173107.79824863,1866223.6221737696,10
-1172644.4855321026,1866223.6221737696,10
-1172181.172815575,1866223.6221737696,10
-1171717.8600990477,1866223.6221737696,10
-1171254.54738252,1866223.6221737696,10
-1170791.2346659927,1866223.6221737696,10
-1170327.921949465,1866223.6221737696,10
-1169864.6092329377,1866223.6221737696,10
-1169401.29651641,1866223.6221737696,10
-1168937.9837998827,1866223.6221737696,7
-1168474.671083355,1866223.6221737696,10
-1168011.3583668275,1866223.6221737696,10
-1167548.0456503,1866223.6221737696,10
-1167084.7329337727,1866223.6221737696,10
-1166621.4202172451,1866223.6221737696,10
-1166158.1075007175,1866223.6221737696,10
-1165694.7947841901,1866223.6221737696,10
-1165231.4820676625,1866223.6221737696,10
-1364455.9501744877,1865760.3094572423,10
-1363992.63745796,1865760.3094572423,10
-1363529.3247414327,1865760.3094572423,10
-1363066.012024905,1865760.3094572423,10
-1362602.6993083777,1865760.3094572423,10
-1362139.38659185,1865760.3094572423,16
-1361676.0738753227,1865760.3094572423,16
-1361212.761158795,1865760.3094572423,16
-1360749.4484422677,1865760.3094572423,16
-1360286.13572574,1865760.3094572423,16
-1359822.8230092125,1865760.3094572423,16
-1359359.5102926851,1865760.3094572423,10
-1358896.1975761575,1865760.3094572423,10
-1358432.8848596301,1865760.3094572423,10
-1357969.5721431025,1865760.3094572423,10
-1357506.2594265752,1865760.3094572423,10
-1357042.9467100475,1865760.3094572423,10
-1356579.6339935202,1865760.3094572423,10
-1356116.3212769926,1865760.3094572423,10
-1355653.0085604652,1865760.3094572423,10
-1355189.6958439376,1865760.3094572423,10
-1354726.3831274102,1865760.3094572423,10
-1354263.0704108826,1865760.3094572423,10
-1353799.7576943552,1865760.3094572423,10
-1353336.4449778276,1865760.3094572423,10
-1352873.1322613002,1865760.3094572423,10
-1352409.8195447726,1865760.3094572423,10
-1351946.506828245,1865760.3094572423,10
-1351483.1941117176,1865760.3094572423,10
-1351019.88139519,1865760.3094572423,10
-1350556.5686786626,1865760.3094572423,10
-1350093.255962135,1865760.3094572423,10
-1349629.9432456077,1865760.3094572423,10
-1349166.63052908,1865760.3094572423,10
-1348703.3178125527,1865760.3094572423,16
-1348240.005096025,1865760.3094572423,16
-1347776.6923794977,1865760.3094572423,16
-1347313.37966297,1865760.3094572423,16
-1346850.0669464427,1865760.3094572423,10
-1346386.754229915,1865760.3094572423,16
-1345923.4415133877,1865760.3094572423,16
-1345460.12879686,1865760.3094572423,16
-1344996.8160803327,1865760.3094572423,16
-1344533.5033638051,1865760.3094572423,16
-1344070.1906472775,1865760.3094572423,16
-1343606.8779307501,1865760.3094572423,16
-1343143.5652142225,1865760.3094572423,16
-1342680.2524976952,1865760.3094572423,16
-1342216.9397811675,1865760.3094572423,16
-1341753.6270646402,1865760.3094572423,16
-1341290.3143481126,1865760.3094572423,16
-1340827.0016315852,1865760.3094572423,16
-1340363.6889150576,1865760.3094572423,16
-1339900.3761985302,1865760.3094572423,16
-1339437.0634820026,1865760.3094572423,16
-1338973.7507654752,1865760.3094572423,16
-1338510.4380489476,1865760.3094572423,16
-1338047.1253324202,1865760.3094572423,16
-1337583.8126158926,1865760.3094572423,16
-1337120.499899365,1865760.3094572423,16
-1336657.1871828376,1865760.3094572423,16
-1336193.87446631,1865760.3094572423,16
-1335730.5617497826,1865760.3094572423,16
-1335267.249033255,1865760.3094572423,16
-1334803.9363167277,1865760.3094572423,16
-1334340.6236002,1865760.3094572423,16
-1333877.3108836727,1865760.3094572423,16
-1333413.998167145,1865760.3094572423,16
-1332950.6854506177,1865760.3094572423,16
-1332487.37273409,1865760.3094572423,16
-1332024.0600175627,1865760.3094572423,16
-1331560.747301035,1865760.3094572423,16
-1331097.4345845077,1865760.3094572423,16
-1330634.12186798,1865760.3094572423,16
-1330170.8091514525,1865760.3094572423,16
-1329707.4964349251,1865760.3094572423,16
-1329244.1837183975,1865760.3094572423,16
-1328780.8710018701,1865760.3094572423,16
-1328317.5582853425,1865760.3094572423,16
-1327854.2455688152,1865760.3094572423,16
-1327390.9328522875,1865760.3094572423,16
-1326927.6201357602,1865760.3094572423,16
-1326464.3074192326,1865760.3094572423,16
-1326000.9947027052,1865760.3094572423,16
-1325537.6819861776,1865760.3094572423,16
-1325074.3692696502,1865760.3094572423,16
-1324611.0565531226,1865760.3094572423,16
-1324147.7438365952,1865760.3094572423,16
-1323684.4311200676,1865760.3094572423,16
-1323221.11840354,1865760.3094572423,16
-1322757.8056870126,1865760.3094572423,16
-1322294.492970485,1865760.3094572423,16
-1321831.1802539576,1865760.3094572423,16
-1321367.86753743,1865760.3094572423,16
-1320904.5548209026,1865760.3094572423,16
-1320441.242104375,1865760.3094572423,16
-1319977.9293878477,1865760.3094572423,16
-1319514.61667132,1865760.3094572423,16
-1319051.3039547927,1865760.3094572423,16
-1318587.991238265,1865760.3094572423,16
-1318124.6785217377,1865760.3094572423,10
-1317661.36580521,1865760.3094572423,10
-1317198.0530886827,1865760.3094572423,10
-1316734.740372155,1865760.3094572423,16
-1316271.4276556277,1865760.3094572423,16
-1315808.1149391,1865760.3094572423,16
-1315344.8022225727,1865760.3094572423,16
-1314881.4895060451,1865760.3094572423,16
-1314418.1767895175,1865760.3094572423,16
-1313954.8640729901,1865760.3094572423,16
-1313491.5513564625,1865760.3094572423,16
-1313028.2386399352,1865760.3094572423,16
-1312564.9259234075,1865760.3094572423,16
-1312101.6132068802,1865760.3094572423,16
-1311638.3004903526,1865760.3094572423,16
-1311174.9877738252,1865760.3094572423,16
-1310711.6750572976,1865760.3094572423,16
-1310248.3623407702,1865760.3094572423,16
-1309785.0496242426,1865760.3094572423,16
-1309321.7369077152,1865760.3094572423,16
-1308858.4241911876,1865760.3094572423,16
-1308395.1114746602,1865760.3094572423,16
-1307931.7987581326,1865760.3094572423,16
-1307468.486041605,1865760.3094572423,16
-1307005.1733250776,1865760.3094572423,16
-1306541.86060855,1865760.3094572423,16
-1306078.5478920226,1865760.3094572423,16
-1305615.235175495,1865760.3094572423,16
-1305151.9224589677,1865760.3094572423,16
-1304688.60974244,1865760.3094572423,16
-1304225.2970259127,1865760.3094572423,16
-1303761.984309385,1865760.3094572423,16
-1303298.6715928577,1865760.3094572423,16
-1302835.35887633,1865760.3094572423,16
-1302372.0461598027,1865760.3094572423,16
-1301908.733443275,1865760.3094572423,16
-1301445.4207267477,1865760.3094572423,16
-1300982.10801022,1865760.3094572423,10
-1300518.7952936925,1865760.3094572423,10
-1300055.4825771651,1865760.3094572423,10
-1299592.1698606375,1865760.3094572423,10
-1299128.8571441101,1865760.3094572423,10
-1298665.5444275825,1865760.3094572423,10
-1298202.2317110552,1865760.3094572423,10
-1297738.9189945275,1865760.3094572423,10
-1297275.6062780002,1865760.3094572423,10
-1296812.2935614726,1865760.3094572423,10
-1296348.9808449452,1865760.3094572423,10
-1295885.6681284176,1865760.3094572423,10
-1295422.3554118902,1865760.3094572423,10
-1294959.0426953626,1865760.3094572423,16
-1294495.7299788352,1865760.3094572423,16
-1294032.4172623076,1865760.3094572423,16
-1293569.10454578,1865760.3094572423,10
-1293105.7918292526,1865760.3094572423,10
-1292642.479112725,1865760.3094572423,10
-1292179.1663961976,1865760.3094572423,16
-1291715.85367967,1865760.3094572423,16
-1291252.5409631426,1865760.3094572423,16
-1290789.228246615,1865760.3094572423,16
-1290325.9155300877,1865760.3094572423,16
-1289862.60281356,1865760.3094572423,16
-1289399.2900970327,1865760.3094572423,16
-1288935.977380505,1865760.3094572423,16
-1288472.6646639777,1865760.3094572423,10
-1288009.35194745,1865760.3094572423,10
-1287546.0392309227,1865760.3094572423,10
-1287082.726514395,1865760.3094572423,10
-1286619.4137978677,1865760.3094572423,10
-1286156.10108134,1865760.3094572423,10
-1285692.7883648127,1865760.3094572423,10
-1285229.4756482851,1865760.3094572423,10
-1284766.1629317575,1865760.3094572423,10
-1284302.8502152301,1865760.3094572423,10
-1283839.5374987025,1865760.3094572423,10
-1283376.2247821752,1865760.3094572423,10
-1282912.9120656475,1865760.3094572423,10
-1282449.5993491202,1865760.3094572423,10
-1281986.2866325926,1865760.3094572423,10
-1281522.9739160652,1865760.3094572423,10
-1281059.6611995376,1865760.3094572423,16
-1280596.3484830102,1865760.3094572423,10
-1280133.0357664826,1865760.3094572423,10
-1279669.7230499552,1865760.3094572423,10
-1279206.4103334276,1865760.3094572423,10
-1278743.0976169002,1865760.3094572423,10
-1278279.7849003726,1865760.3094572423,10
-1277816.472183845,1865760.3094572423,10
-1277353.1594673176,1865760.3094572423,10
-1276889.84675079,1865760.3094572423,10
-1276426.5340342626,1865760.3094572423,10
-1275963.221317735,1865760.3094572423,10
-1275499.9086012077,1865760.3094572423,10
-1275036.59588468,1865760.3094572423,10
-1274573.2831681527,1865760.3094572423,10
-1274109.970451625,1865760.3094572423,10
-1273646.6577350977,1865760.3094572423,7
-1273183.34501857,1865760.3094572423,10
-1272720.0323020427,1865760.3094572423,10
-1272256.719585515,1865760.3094572423,10
-1271793.4068689877,1865760.3094572423,10
-1271330.09415246,1865760.3094572423,10
-1270866.7814359325,1865760.3094572423,10
-1270403.4687194051,1865760.3094572423,10
-1269940.1560028775,1865760.3094572423,10
-1269476.8432863501,1865760.3094572423,10
-1269013.5305698225,1865760.3094572423,10
-1268550.2178532952,1865760.3094572423,10
-1268086.9051367675,1865760.3094572423,10
-1267623.5924202402,1865760.3094572423,10
-1267160.2797037126,1865760.3094572423,10
-1266696.9669871852,1865760.3094572423,10
-1266233.6542706576,1865760.3094572423,10
-1265770.3415541302,1865760.3094572423,10
-1265307.0288376026,1865760.3094572423,10
-1264843.7161210752,1865760.3094572423,10
-1264380.4034045476,1865760.3094572423,10
-1263917.09068802,1865760.3094572423,10
-1263453.7779714926,1865760.3094572423,10
-1262990.465254965,1865760.3094572423,10
-1262527.1525384376,1865760.3094572423,10
-1262063.83982191,1865760.3094572423,10
-1261600.5271053826,1865760.3094572423,10
-1261137.214388855,1865760.3094572423,10
-1260673.9016723277,1865760.3094572423,10
-1260210.5889558,1865760.3094572423,10
-1259747.2762392727,1865760.3094572423,10
-1259283.963522745,1865760.3094572423,10
-1258820.6508062177,1865760.3094572423,10
-1258357.33808969,1865760.3094572423,10
-1257894.0253731627,1865760.3094572423,10
-1257430.712656635,1865760.3094572423,10
-1256967.3999401077,1865760.3094572423,10
-1256504.08722358,1865760.3094572423,10
-1256040.7745070527,1865760.3094572423,10
-1255577.4617905251,1865760.3094572423,10
-1255114.1490739975,1865760.3094572423,10
-1254650.8363574701,1865760.3094572423,10
-1254187.5236409425,1865760.3094572423,10
-1253724.2109244152,1865760.3094572423,10
-1253260.8982078875,1865760.3094572423,10
-1252797.5854913602,1865760.3094572423,10
-1252334.2727748326,1865760.3094572423,10
-1251870.9600583052,1865760.3094572423,10
-1251407.6473417776,1865760.3094572423,10
-1250944.3346252502,1865760.3094572423,10
-1250481.0219087226,1865760.3094572423,10
-1250017.7091921952,1865760.3094572423,10
-1249554.3964756676,1865760.3094572423,10
-1249091.0837591402,1865760.3094572423,10
-1248627.7710426126,1865760.3094572423,10
-1248164.458326085,1865760.3094572423,10
-1247701.1456095576,1865760.3094572423,10
-1247237.83289303,1865760.3094572423,10
-1246774.5201765026,1865760.3094572423,10
-1246311.207459975,1865760.3094572423,10
-1245847.8947434477,1865760.3094572423,10
-1245384.58202692,1865760.3094572423,10
-1244921.2693103927,1865760.3094572423,10
-1244457.956593865,1865760.3094572423,10
-1243994.6438773377,1865760.3094572423,10
-1243531.33116081,1865760.3094572423,10
-1243068.0184442827,1865760.3094572423,10
-1242604.705727755,1865760.3094572423,10
-1242141.3930112277,1865760.3094572423,10
-1241678.0802947,1865760.3094572423,10
-1241214.7675781725,1865760.3094572423,10
-1240751.4548616451,1865760.3094572423,10
-1240288.1421451175,1865760.3094572423,10
-1239824.8294285901,1865760.3094572423,10
-1239361.5167120625,1865760.3094572423,10
-1238898.2039955352,1865760.3094572423,10
-1238434.8912790075,1865760.3094572423,10
-1237971.5785624802,1865760.3094572423,10
-1237508.2658459526,1865760.3094572423,10
-1237044.9531294252,1865760.3094572423,10
-1236581.6404128976,1865760.3094572423,10
-1236118.3276963702,1865760.3094572423,10
-1235655.0149798426,1865760.3094572423,10
-1235191.7022633152,1865760.3094572423,10
-1234728.3895467876,1865760.3094572423,10
-1234265.07683026,1865760.3094572423,10
-1233801.7641137326,1865760.3094572423,10
-1233338.4513972052,1865760.3094572423,10
-1232875.1386806776,1865760.3094572423,10
-1232411.82596415,1865760.3094572423,10
-1231948.5132476226,1865760.3094572423,10
-1231485.200531095,1865760.3094572423,10
-1231021.8878145677,1865760.3094572423,10
-1230558.57509804,1865760.3094572423,10
-1230095.2623815127,1865760.3094572423,10
-1229631.949664985,1865760.3094572423,10
-1229168.6369484577,1865760.3094572423,10
-1228705.32423193,1865760.3094572423,10
-1228242.0115154027,1865760.3094572423,10
-1227778.698798875,1865760.3094572423,10
-1227315.3860823475,1865760.3094572423,10
-1226852.07336582,1865760.3094572423,10
-1226388.7606492927,1865760.3094572423,10
-1225925.4479327651,1865760.3094572423,10
-1225462.1352162375,1865760.3094572423,10
-1224998.8224997101,1865760.3094572423,10
-1224535.5097831825,1865760.3094572423,10
-1224072.1970666551,1865760.3094572423,10
-1223608.8843501275,1865760.3094572423,10
-1223145.5716336002,1865760.3094572423,10
-1222682.2589170726,1865760.3094572423,10
-1222218.9462005452,1865760.3094572423,10
-1221755.6334840176,1865760.3094572423,10
-1221292.3207674902,1865760.3094572423,10
-1220829.0080509626,1865760.3094572423,10
-1220365.6953344352,1865760.3094572423,10
-1219902.3826179076,1865760.3094572423,10
-1219439.0699013802,1865760.3094572423,10
-1218975.7571848526,1865760.3094572423,10
-1218512.444468325,1865760.3094572423,10
-1218049.1317517976,1865760.3094572423,10
-1217585.81903527,1865760.3094572423,10
-1217122.5063187426,1865760.3094572423,10
-1216659.193602215,1865760.3094572423,10
-1216195.8808856877,1865760.3094572423,10
-1215732.56816916,1865760.3094572423,10
-1215269.2554526327,1865760.3094572423,10
-1214805.942736105,1865760.3094572423,10
-1214342.6300195777,1865760.3094572423,10
-1213879.31730305,1865760.3094572423,10
-1213416.0045865227,1865760.3094572423,10
-1212952.691869995,1865760.3094572423,10
-1212489.3791534677,1865760.3094572423,10
-1212026.06643694,1865760.3094572423,10
-1211562.7537204125,1865760.3094572423,16
-1211099.4410038851,1865760.3094572423,10
-1210636.1282873575,1865760.3094572423,10
-1210172.8155708301,1865760.3094572423,10
-1209709.5028543025,1865760.3094572423,10
-1209246.1901377751,1865760.3094572423,10
-1208782.8774212475,1865760.3094572423,10
-1208319.5647047202,1865760.3094572423,10
-1207856.2519881926,1865760.3094572423,10
-1207392.9392716652,1865760.3094572423,10
-1206929.6265551376,1865760.3094572423,10
-1206466.3138386102,1865760.3094572423,10
-1206003.0011220826,1865760.3094572423,10
-1205539.6884055552,1865760.3094572423,10
-1205076.3756890276,1865760.3094572423,10
-1204613.0629725,1865760.3094572423,10
-1204149.7502559726,1865760.3094572423,10
-1203686.4375394452,1865760.3094572423,10
-1203223.1248229176,1865760.3094572423,10
-1202759.81210639,1865760.3094572423,10
-1202296.4993898626,1865760.3094572423,10
-1201833.186673335,1865760.3094572423,10
-1201369.8739568077,1865760.3094572423,10
-1200906.56124028,1865760.3094572423,10
-1200443.2485237527,1865760.3094572423,10
-1199979.935807225,1865760.3094572423,10
-1199516.6230906977,1865760.3094572423,10
-1199053.31037417,1865760.3094572423,10
-1198589.9976576427,1865760.3094572423,10
-1198126.684941115,1865760.3094572423,10
-1197663.3722245875,1865760.3094572423,10
-1197200.05950806,1865760.3094572423,10
-1196736.7467915327,1865760.3094572423,10
-1196273.4340750051,1865760.3094572423,10
-1195810.1213584775,1865760.3094572423,10
-1195346.8086419501,1865760.3094572423,10
-1194883.4959254225,1865760.3094572423,10
-1194420.1832088951,1865760.3094572423,10
-1193956.8704923675,1865760.3094572423,10
-1193493.5577758402,1865760.3094572423,10
-1193030.2450593126,1865760.3094572423,10
-1192566.9323427852,1865760.3094572423,10
-1192103.6196262576,1865760.3094572423,10
-1191640.3069097302,1865760.3094572423,10
-1191176.9941932026,1865760.3094572423,10
-1190713.6814766752,1865760.3094572423,10
-1190250.3687601476,1865760.3094572423,10
-1189787.0560436202,1865760.3094572423,10
-1189323.7433270926,1865760.3094572423,10
-1188860.430610565,1865760.3094572423,10
-1188397.1178940376,1865760.3094572423,10
-1187933.80517751,1865760.3094572423,10
-1187470.4924609826,1865760.3094572423,10
-1187007.179744455,1865760.3094572423,10
-1186543.8670279277,1865760.3094572423,10
-1186080.5543114,1865760.3094572423,10
-1185617.2415948727,1865760.3094572423,10
-1185153.928878345,1865760.3094572423,10
-1184690.6161618177,1865760.3094572423,10
-1184227.30344529,1865760.3094572423,10
-1183763.9907287627,1865760.3094572423,10
-1183300.678012235,1865760.3094572423,10
-1182837.3652957077,1865760.3094572423,10
-1182374.05257918,1865760.3094572423,10
-1181910.7398626525,1865760.3094572423,10
-1181447.4271461251,1865760.3094572423,10
-1180984.1144295975,1865760.3094572423,10
-1180520.8017130701,1865760.3094572423,10
-1180057.4889965425,1865760.3094572423,10
-1179594.1762800151,1865760.3094572423,10
-1179130.8635634875,1865760.3094572423,10
-1178667.5508469602,1865760.3094572423,10
-1178204.2381304326,1865760.3094572423,10
-1177740.9254139052,1865760.3094572423,10
-1177277.6126973776,1865760.3094572423,10
-1176814.2999808502,1865760.3094572423,10
-1176350.9872643226,1865760.3094572423,10
-1175887.6745477952,1865760.3094572423,10
-1175424.3618312676,1865760.3094572423,10
-1174961.04911474,1865760.3094572423,10
-1174497.7363982126,1865760.3094572423,10
-1174034.4236816852,1865760.3094572423,10
-1173571.1109651576,1865760.3094572423,10
-1173107.79824863,1865760.3094572423,10
-1172644.4855321026,1865760.3094572423,10
-1172181.172815575,1865760.3094572423,10
-1171717.8600990477,1865760.3094572423,10
-1171254.54738252,1865760.3094572423,10
-1170791.2346659927,1865760.3094572423,10
-1170327.921949465,1865760.3094572423,10
-1169864.6092329377,1865760.3094572423,10
-1169401.29651641,1865760.3094572423,10
-1168937.9837998827,1865760.3094572423,10
-1168474.671083355,1865760.3094572423,10
-1168011.3583668275,1865760.3094572423,10
-1167548.0456503,1865760.3094572423,10
-1167084.7329337727,1865760.3094572423,10
-1166621.4202172451,1865760.3094572423,10
-1166158.1075007175,1865760.3094572423,10
-1165694.7947841901,1865760.3094572423,10
-1165231.4820676625,1865760.3094572423,10
-1364455.9501744877,1865296.9967407146,10
-1363992.63745796,1865296.9967407146,10
-1363529.3247414327,1865296.9967407146,10
-1363066.012024905,1865296.9967407146,10
-1362602.6993083777,1865296.9967407146,16
-1362139.38659185,1865296.9967407146,16
-1361676.0738753227,1865296.9967407146,16
-1361212.761158795,1865296.9967407146,16
-1360749.4484422677,1865296.9967407146,16
-1360286.13572574,1865296.9967407146,16
-1359822.8230092125,1865296.9967407146,10
-1359359.5102926851,1865296.9967407146,10
-1358896.1975761575,1865296.9967407146,10
-1358432.8848596301,1865296.9967407146,10
-1357969.5721431025,1865296.9967407146,10
-1357506.2594265752,1865296.9967407146,10
-1357042.9467100475,1865296.9967407146,10
-1356579.6339935202,1865296.9967407146,10
-1356116.3212769926,1865296.9967407146,10
-1355653.0085604652,1865296.9967407146,10
-1355189.6958439376,1865296.9967407146,10
-1354726.3831274102,1865296.9967407146,10
-1354263.0704108826,1865296.9967407146,10
-1353799.7576943552,1865296.9967407146,10
-1353336.4449778276,1865296.9967407146,10
-1352873.1322613002,1865296.9967407146,10
-1352409.8195447726,1865296.9967407146,10
-1351946.506828245,1865296.9967407146,10
-1351483.1941117176,1865296.9967407146,10
-1351019.88139519,1865296.9967407146,10
-1350556.5686786626,1865296.9967407146,10
-1350093.255962135,1865296.9967407146,10
-1349629.9432456077,1865296.9967407146,10
-1349166.63052908,1865296.9967407146,16
-1348703.3178125527,1865296.9967407146,16
-1348240.005096025,1865296.9967407146,16
-1347776.6923794977,1865296.9967407146,16
-1347313.37966297,1865296.9967407146,10
-1346850.0669464427,1865296.9967407146,10
-1346386.754229915,1865296.9967407146,16
-1345923.4415133877,1865296.9967407146,16
-1345460.12879686,1865296.9967407146,16
-1344996.8160803327,1865296.9967407146,16
-1344533.5033638051,1865296.9967407146,16
-1344070.1906472775,1865296.9967407146,16
-1343606.8779307501,1865296.9967407146,16
-1343143.5652142225,1865296.9967407146,16
-1342680.2524976952,1865296.9967407146,16
-1342216.9397811675,1865296.9967407146,16
-1341753.6270646402,1865296.9967407146,16
-1341290.3143481126,1865296.9967407146,16
-1340827.0016315852,1865296.9967407146,16
-1340363.6889150576,1865296.9967407146,16
-1339900.3761985302,1865296.9967407146,16
-1339437.0634820026,1865296.9967407146,16
-1338973.7507654752,1865296.9967407146,16
-1338510.4380489476,1865296.9967407146,16
-1338047.1253324202,1865296.9967407146,16
-1337583.8126158926,1865296.9967407146,16
-1337120.499899365,1865296.9967407146,16
-1336657.1871828376,1865296.9967407146,16
-1336193.87446631,1865296.9967407146,16
-1335730.5617497826,1865296.9967407146,16
-1335267.249033255,1865296.9967407146,16
-1334803.9363167277,1865296.9967407146,16
-1334340.6236002,1865296.9967407146,16
-1333877.3108836727,1865296.9967407146,16
-1333413.998167145,1865296.9967407146,16
-1332950.6854506177,1865296.9967407146,16
-1332487.37273409,1865296.9967407146,16
-1332024.0600175627,1865296.9967407146,16
-1331560.747301035,1865296.9967407146,16
-1331097.4345845077,1865296.9967407146,16
-1330634.12186798,1865296.9967407146,16
-1330170.8091514525,1865296.9967407146,16
-1329707.4964349251,1865296.9967407146,16
-1329244.1837183975,1865296.9967407146,16
-1328780.8710018701,1865296.9967407146,16
-1328317.5582853425,1865296.9967407146,16
-1327854.2455688152,1865296.9967407146,16
-1327390.9328522875,1865296.9967407146,16
-1326927.6201357602,1865296.9967407146,16
-1326464.3074192326,1865296.9967407146,16
-1326000.9947027052,1865296.9967407146,16
-1325537.6819861776,1865296.9967407146,16
-1325074.3692696502,1865296.9967407146,16
-1324611.0565531226,1865296.9967407146,16
-1324147.7438365952,1865296.9967407146,16
-1323684.4311200676,1865296.9967407146,16
-1323221.11840354,1865296.9967407146,16
-1322757.8056870126,1865296.9967407146,16
-1322294.492970485,1865296.9967407146,16
-1321831.1802539576,1865296.9967407146,16
-1321367.86753743,1865296.9967407146,16
-1320904.5548209026,1865296.9967407146,16
-1320441.242104375,1865296.9967407146,16
-1319977.9293878477,1865296.9967407146,16
-1319514.61667132,1865296.9967407146,16
-1319051.3039547927,1865296.9967407146,16
-1318587.991238265,1865296.9967407146,16
-1318124.6785217377,1865296.9967407146,16
-1317661.36580521,1865296.9967407146,16
-1317198.0530886827,1865296.9967407146,16
-1316734.740372155,1865296.9967407146,16
-1316271.4276556277,1865296.9967407146,16
-1315808.1149391,1865296.9967407146,16
-1315344.8022225727,1865296.9967407146,16
-1314881.4895060451,1865296.9967407146,16
-1314418.1767895175,1865296.9967407146,16
-1313954.8640729901,1865296.9967407146,16
-1313491.5513564625,1865296.9967407146,16
-1313028.2386399352,1865296.9967407146,16
-1312564.9259234075,1865296.9967407146,16
-1312101.6132068802,1865296.9967407146,16
-1311638.3004903526,1865296.9967407146,16
-1311174.9877738252,1865296.9967407146,16
-1310711.6750572976,1865296.9967407146,16
-1310248.3623407702,1865296.9967407146,16
-1309785.0496242426,1865296.9967407146,16
-1309321.7369077152,1865296.9967407146,16
-1308858.4241911876,1865296.9967407146,16
-1308395.1114746602,1865296.9967407146,16
-1307931.7987581326,1865296.9967407146,16
-1307468.486041605,1865296.9967407146,16
-1307005.1733250776,1865296.9967407146,16
-1306541.86060855,1865296.9967407146,16
-1306078.5478920226,1865296.9967407146,16
-1305615.235175495,1865296.9967407146,16
-1305151.9224589677,1865296.9967407146,16
-1304688.60974244,1865296.9967407146,16
-1304225.2970259127,1865296.9967407146,16
-1303761.984309385,1865296.9967407146,16
-1303298.6715928577,1865296.9967407146,16
-1302835.35887633,1865296.9967407146,16
-1302372.0461598027,1865296.9967407146,16
-1301908.733443275,1865296.9967407146,16
-1301445.4207267477,1865296.9967407146,16
-1300982.10801022,1865296.9967407146,16
-1300518.7952936925,1865296.9967407146,16
-1300055.4825771651,1865296.9967407146,10
-1299592.1698606375,1865296.9967407146,10
-1299128.8571441101,1865296.9967407146,10
-1298665.5444275825,1865296.9967407146,10
-1298202.2317110552,1865296.9967407146,10
-1297738.9189945275,1865296.9967407146,10
-1297275.6062780002,1865296.9967407146,10
-1296812.2935614726,1865296.9967407146,10
-1296348.9808449452,1865296.9967407146,10
-1295885.6681284176,1865296.9967407146,10
-1295422.3554118902,1865296.9967407146,10
-1294959.0426953626,1865296.9967407146,10
-1294495.7299788352,1865296.9967407146,16
-1294032.4172623076,1865296.9967407146,16
-1293569.10454578,1865296.9967407146,16
-1293105.7918292526,1865296.9967407146,10
-1292642.479112725,1865296.9967407146,10
-1292179.1663961976,1865296.9967407146,10
-1291715.85367967,1865296.9967407146,10
-1291252.5409631426,1865296.9967407146,10
-1290789.228246615,1865296.9967407146,10
-1290325.9155300877,1865296.9967407146,10
-1289862.60281356,1865296.9967407146,10
-1289399.2900970327,1865296.9967407146,10
-1288935.977380505,1865296.9967407146,10
-1288472.6646639777,1865296.9967407146,10
-1288009.35194745,1865296.9967407146,10
-1287546.0392309227,1865296.9967407146,10
-1287082.726514395,1865296.9967407146,10
-1286619.4137978677,1865296.9967407146,10
-1286156.10108134,1865296.9967407146,10
-1285692.7883648127,1865296.9967407146,10
-1285229.4756482851,1865296.9967407146,10
-1284766.1629317575,1865296.9967407146,10
-1284302.8502152301,1865296.9967407146,10
-1283839.5374987025,1865296.9967407146,10
-1283376.2247821752,1865296.9967407146,10
-1282912.9120656475,1865296.9967407146,10
-1282449.5993491202,1865296.9967407146,10
-1281986.2866325926,1865296.9967407146,10
-1281522.9739160652,1865296.9967407146,10
-1281059.6611995376,1865296.9967407146,10
-1280596.3484830102,1865296.9967407146,10
-1280133.0357664826,1865296.9967407146,10
-1279669.7230499552,1865296.9967407146,10
-1279206.4103334276,1865296.9967407146,10
-1278743.0976169002,1865296.9967407146,10
-1278279.7849003726,1865296.9967407146,10
-1277816.472183845,1865296.9967407146,10
-1277353.1594673176,1865296.9967407146,10
-1276889.84675079,1865296.9967407146,10
-1276426.5340342626,1865296.9967407146,10
-1275963.221317735,1865296.9967407146,10
-1275499.9086012077,1865296.9967407146,10
-1275036.59588468,1865296.9967407146,10
-1274573.2831681527,1865296.9967407146,10
-1274109.970451625,1865296.9967407146,10
-1273646.6577350977,1865296.9967407146,10
-1273183.34501857,1865296.9967407146,10
-1272720.0323020427,1865296.9967407146,10
-1272256.719585515,1865296.9967407146,10
-1271793.4068689877,1865296.9967407146,10
-1271330.09415246,1865296.9967407146,10
-1270866.7814359325,1865296.9967407146,10
-1270403.4687194051,1865296.9967407146,10
-1269940.1560028775,1865296.9967407146,10
-1269476.8432863501,1865296.9967407146,10
-1269013.5305698225,1865296.9967407146,10
-1268550.2178532952,1865296.9967407146,10
-1268086.9051367675,1865296.9967407146,10
-1267623.5924202402,1865296.9967407146,10
-1267160.2797037126,1865296.9967407146,10
-1266696.9669871852,1865296.9967407146,10
-1266233.6542706576,1865296.9967407146,10
-1265770.3415541302,1865296.9967407146,10
-1265307.0288376026,1865296.9967407146,10
-1264843.7161210752,1865296.9967407146,10
-1264380.4034045476,1865296.9967407146,10
-1263917.09068802,1865296.9967407146,10
-1263453.7779714926,1865296.9967407146,16
-1262990.465254965,1865296.9967407146,10
-1262527.1525384376,1865296.9967407146,10
-1262063.83982191,1865296.9967407146,10
-1261600.5271053826,1865296.9967407146,10
-1261137.214388855,1865296.9967407146,10
-1260673.9016723277,1865296.9967407146,10
-1260210.5889558,1865296.9967407146,10
-1259747.2762392727,1865296.9967407146,10
-1259283.963522745,1865296.9967407146,10
-1258820.6508062177,1865296.9967407146,10
-1258357.33808969,1865296.9967407146,10
-1257894.0253731627,1865296.9967407146,10
-1257430.712656635,1865296.9967407146,10
-1256967.3999401077,1865296.9967407146,10
-1256504.08722358,1865296.9967407146,10
-1256040.7745070527,1865296.9967407146,10
-1255577.4617905251,1865296.9967407146,10
-1255114.1490739975,1865296.9967407146,10
-1254650.8363574701,1865296.9967407146,10
-1254187.5236409425,1865296.9967407146,10
-1253724.2109244152,1865296.9967407146,10
-1253260.8982078875,1865296.9967407146,10
-1252797.5854913602,1865296.9967407146,10
-1252334.2727748326,1865296.9967407146,10
-1251870.9600583052,1865296.9967407146,10
-1251407.6473417776,1865296.9967407146,10
-1250944.3346252502,1865296.9967407146,10
-1250481.0219087226,1865296.9967407146,10
-1250017.7091921952,1865296.9967407146,10
-1249554.3964756676,1865296.9967407146,10
-1249091.0837591402,1865296.9967407146,10
-1248627.7710426126,1865296.9967407146,10
-1248164.458326085,1865296.9967407146,10
-1247701.1456095576,1865296.9967407146,10
-1247237.83289303,1865296.9967407146,10
-1246774.5201765026,1865296.9967407146,10
-1246311.207459975,1865296.9967407146,10
-1245847.8947434477,1865296.9967407146,10
-1245384.58202692,1865296.9967407146,10
-1244921.2693103927,1865296.9967407146,10
-1244457.956593865,1865296.9967407146,10
-1243994.6438773377,1865296.9967407146,10
-1243531.33116081,1865296.9967407146,10
-1243068.0184442827,1865296.9967407146,10
-1242604.705727755,1865296.9967407146,10
-1242141.3930112277,1865296.9967407146,10
-1241678.0802947,1865296.9967407146,10
-1241214.7675781725,1865296.9967407146,10
-1240751.4548616451,1865296.9967407146,10
-1240288.1421451175,1865296.9967407146,10
-1239824.8294285901,1865296.9967407146,10
-1239361.5167120625,1865296.9967407146,10
-1238898.2039955352,1865296.9967407146,10
-1238434.8912790075,1865296.9967407146,10
-1237971.5785624802,1865296.9967407146,10
-1237508.2658459526,1865296.9967407146,10
-1237044.9531294252,1865296.9967407146,10
-1236581.6404128976,1865296.9967407146,10
-1236118.3276963702,1865296.9967407146,10
-1235655.0149798426,1865296.9967407146,10
-1235191.7022633152,1865296.9967407146,10
-1234728.3895467876,1865296.9967407146,10
-1234265.07683026,1865296.9967407146,10
-1233801.7641137326,1865296.9967407146,10
-1233338.4513972052,1865296.9967407146,10
-1232875.1386806776,1865296.9967407146,10
-1232411.82596415,1865296.9967407146,10
-1231948.5132476226,1865296.9967407146,10
-1231485.200531095,1865296.9967407146,10
-1231021.8878145677,1865296.9967407146,10
-1230558.57509804,1865296.9967407146,10
-1230095.2623815127,1865296.9967407146,10
-1229631.949664985,1865296.9967407146,10
-1229168.6369484577,1865296.9967407146,10
-1228705.32423193,1865296.9967407146,10
-1228242.0115154027,1865296.9967407146,10
-1227778.698798875,1865296.9967407146,10
-1227315.3860823475,1865296.9967407146,10
-1226852.07336582,1865296.9967407146,10
-1226388.7606492927,1865296.9967407146,10
-1225925.4479327651,1865296.9967407146,10
-1225462.1352162375,1865296.9967407146,10
-1224998.8224997101,1865296.9967407146,10
-1224535.5097831825,1865296.9967407146,10
-1224072.1970666551,1865296.9967407146,10
-1223608.8843501275,1865296.9967407146,10
-1223145.5716336002,1865296.9967407146,10
-1222682.2589170726,1865296.9967407146,10
-1222218.9462005452,1865296.9967407146,10
-1221755.6334840176,1865296.9967407146,10
-1221292.3207674902,1865296.9967407146,10
-1220829.0080509626,1865296.9967407146,10
-1220365.6953344352,1865296.9967407146,10
-1219902.3826179076,1865296.9967407146,10
-1219439.0699013802,1865296.9967407146,10
-1218975.7571848526,1865296.9967407146,10
-1218512.444468325,1865296.9967407146,10
-1218049.1317517976,1865296.9967407146,10
-1217585.81903527,1865296.9967407146,10
-1217122.5063187426,1865296.9967407146,10
-1216659.193602215,1865296.9967407146,10
-1216195.8808856877,1865296.9967407146,10
-1215732.56816916,1865296.9967407146,10
-1215269.2554526327,1865296.9967407146,10
-1214805.942736105,1865296.9967407146,10
-1214342.6300195777,1865296.9967407146,10
-1213879.31730305,1865296.9967407146,10
-1213416.0045865227,1865296.9967407146,10
-1212952.691869995,1865296.9967407146,10
-1212489.3791534677,1865296.9967407146,10
-1212026.06643694,1865296.9967407146,10
-1211562.7537204125,1865296.9967407146,10
-1211099.4410038851,1865296.9967407146,10
-1210636.1282873575,1865296.9967407146,10
-1210172.8155708301,1865296.9967407146,10
-1209709.5028543025,1865296.9967407146,10
-1209246.1901377751,1865296.9967407146,10
-1208782.8774212475,1865296.9967407146,10
-1208319.5647047202,1865296.9967407146,10
-1207856.2519881926,1865296.9967407146,10
-1207392.9392716652,1865296.9967407146,10
-1206929.6265551376,1865296.9967407146,10
-1206466.3138386102,1865296.9967407146,10
-1206003.0011220826,1865296.9967407146,10
-1205539.6884055552,1865296.9967407146,10
-1205076.3756890276,1865296.9967407146,10
-1204613.0629725,1865296.9967407146,10
-1204149.7502559726,1865296.9967407146,10
-1203686.4375394452,1865296.9967407146,10
-1203223.1248229176,1865296.9967407146,10
-1202759.81210639,1865296.9967407146,10
-1202296.4993898626,1865296.9967407146,10
-1201833.186673335,1865296.9967407146,10
-1201369.8739568077,1865296.9967407146,10
-1200906.56124028,1865296.9967407146,10
-1200443.2485237527,1865296.9967407146,10
-1199979.935807225,1865296.9967407146,10
-1199516.6230906977,1865296.9967407146,10
-1199053.31037417,1865296.9967407146,10
-1198589.9976576427,1865296.9967407146,10
-1198126.684941115,1865296.9967407146,10
-1197663.3722245875,1865296.9967407146,10
-1197200.05950806,1865296.9967407146,10
-1196736.7467915327,1865296.9967407146,10
-1196273.4340750051,1865296.9967407146,10
-1195810.1213584775,1865296.9967407146,10
-1195346.8086419501,1865296.9967407146,10
-1194883.4959254225,1865296.9967407146,10
-1194420.1832088951,1865296.9967407146,10
-1193956.8704923675,1865296.9967407146,10
-1193493.5577758402,1865296.9967407146,10
-1193030.2450593126,1865296.9967407146,10
-1192566.9323427852,1865296.9967407146,10
-1192103.6196262576,1865296.9967407146,10
-1191640.3069097302,1865296.9967407146,10
-1191176.9941932026,1865296.9967407146,10
-1190713.6814766752,1865296.9967407146,10
-1190250.3687601476,1865296.9967407146,10
-1189787.0560436202,1865296.9967407146,10
-1189323.7433270926,1865296.9967407146,10
-1188860.430610565,1865296.9967407146,10
-1188397.1178940376,1865296.9967407146,10
-1187933.80517751,1865296.9967407146,10
-1187470.4924609826,1865296.9967407146,10
-1187007.179744455,1865296.9967407146,10
-1186543.8670279277,1865296.9967407146,10
-1186080.5543114,1865296.9967407146,10
-1185617.2415948727,1865296.9967407146,10
-1185153.928878345,1865296.9967407146,10
-1184690.6161618177,1865296.9967407146,10
-1184227.30344529,1865296.9967407146,10
-1183763.9907287627,1865296.9967407146,10
-1183300.678012235,1865296.9967407146,10
-1182837.3652957077,1865296.9967407146,10
-1182374.05257918,1865296.9967407146,10
-1181910.7398626525,1865296.9967407146,10
-1181447.4271461251,1865296.9967407146,10
-1180984.1144295975,1865296.9967407146,10
-1180520.8017130701,1865296.9967407146,10
-1180057.4889965425,1865296.9967407146,10
-1179594.1762800151,1865296.9967407146,10
-1179130.8635634875,1865296.9967407146,10
-1178667.5508469602,1865296.9967407146,10
-1178204.2381304326,1865296.9967407146,10
-1177740.9254139052,1865296.9967407146,10
-1177277.6126973776,1865296.9967407146,10
-1176814.2999808502,1865296.9967407146,10
-1176350.9872643226,1865296.9967407146,10
-1175887.6745477952,1865296.9967407146,10
-1175424.3618312676,1865296.9967407146,10
-1174961.04911474,1865296.9967407146,10
-1174497.7363982126,1865296.9967407146,10
-1174034.4236816852,1865296.9967407146,10
-1173571.1109651576,1865296.9967407146,10
-1173107.79824863,1865296.9967407146,10
-1172644.4855321026,1865296.9967407146,10
-1172181.172815575,1865296.9967407146,10
-1171717.8600990477,1865296.9967407146,10
-1171254.54738252,1865296.9967407146,10
-1170791.2346659927,1865296.9967407146,10
-1170327.921949465,1865296.9967407146,10
-1169864.6092329377,1865296.9967407146,10
-1169401.29651641,1865296.9967407146,10
-1168937.9837998827,1865296.9967407146,10
-1168474.671083355,1865296.9967407146,10
-1168011.3583668275,1865296.9967407146,10
-1167548.0456503,1865296.9967407146,10
-1167084.7329337727,1865296.9967407146,10
-1166621.4202172451,1865296.9967407146,10
-1166158.1075007175,1865296.9967407146,10
-1165694.7947841901,1865296.9967407146,10
-1165231.4820676625,1865296.9967407146,10
-1364455.9501744877,1864833.6840241873,10
-1363992.63745796,1864833.6840241873,10
-1363529.3247414327,1864833.6840241873,10
-1363066.012024905,1864833.6840241873,10
-1362602.6993083777,1864833.6840241873,10
-1362139.38659185,1864833.6840241873,16
-1361676.0738753227,1864833.6840241873,16
-1361212.761158795,1864833.6840241873,16
-1360749.4484422677,1864833.6840241873,10
-1360286.13572574,1864833.6840241873,10
-1359822.8230092125,1864833.6840241873,10
-1359359.5102926851,1864833.6840241873,10
-1358896.1975761575,1864833.6840241873,10
-1358432.8848596301,1864833.6840241873,10
-1357969.5721431025,1864833.6840241873,10
-1357506.2594265752,1864833.6840241873,10
-1357042.9467100475,1864833.6840241873,10
-1356579.6339935202,1864833.6840241873,10
-1356116.3212769926,1864833.6840241873,10
-1355653.0085604652,1864833.6840241873,10
-1355189.6958439376,1864833.6840241873,10
-1354726.3831274102,1864833.6840241873,10
-1354263.0704108826,1864833.6840241873,10
-1353799.7576943552,1864833.6840241873,10
-1353336.4449778276,1864833.6840241873,10
-1352873.1322613002,1864833.6840241873,10
-1352409.8195447726,1864833.6840241873,10
-1351946.506828245,1864833.6840241873,10
-1351483.1941117176,1864833.6840241873,10
-1351019.88139519,1864833.6840241873,10
-1350556.5686786626,1864833.6840241873,10
-1350093.255962135,1864833.6840241873,10
-1349629.9432456077,1864833.6840241873,16
-1349166.63052908,1864833.6840241873,16
-1348703.3178125527,1864833.6840241873,16
-1348240.005096025,1864833.6840241873,16
-1347776.6923794977,1864833.6840241873,10
-1347313.37966297,1864833.6840241873,10
-1346850.0669464427,1864833.6840241873,10
-1346386.754229915,1864833.6840241873,10
-1345923.4415133877,1864833.6840241873,16
-1345460.12879686,1864833.6840241873,16
-1344996.8160803327,1864833.6840241873,16
-1344533.5033638051,1864833.6840241873,16
-1344070.1906472775,1864833.6840241873,16
-1343606.8779307501,1864833.6840241873,16
-1343143.5652142225,1864833.6840241873,16
-1342680.2524976952,1864833.6840241873,16
-1342216.9397811675,1864833.6840241873,16
-1341753.6270646402,1864833.6840241873,16
-1341290.3143481126,1864833.6840241873,16
-1340827.0016315852,1864833.6840241873,16
-1340363.6889150576,1864833.6840241873,16
-1339900.3761985302,1864833.6840241873,16
-1339437.0634820026,1864833.6840241873,16
-1338973.7507654752,1864833.6840241873,16
-1338510.4380489476,1864833.6840241873,16
-1338047.1253324202,1864833.6840241873,16
-1337583.8126158926,1864833.6840241873,10
-1337120.499899365,1864833.6840241873,10
-1336657.1871828376,1864833.6840241873,16
-1336193.87446631,1864833.6840241873,16
-1335730.5617497826,1864833.6840241873,16
-1335267.249033255,1864833.6840241873,10
-1334803.9363167277,1864833.6840241873,16
-1334340.6236002,1864833.6840241873,16
-1333877.3108836727,1864833.6840241873,16
-1333413.998167145,1864833.6840241873,16
-1332950.6854506177,1864833.6840241873,16
-1332487.37273409,1864833.6840241873,16
-1332024.0600175627,1864833.6840241873,16
-1331560.747301035,1864833.6840241873,16
-1331097.4345845077,1864833.6840241873,16
-1330634.12186798,1864833.6840241873,16
-1330170.8091514525,1864833.6840241873,16
-1329707.4964349251,1864833.6840241873,16
-1329244.1837183975,1864833.6840241873,16
-1328780.8710018701,1864833.6840241873,16
-1328317.5582853425,1864833.6840241873,16
-1327854.2455688152,1864833.6840241873,16
-1327390.9328522875,1864833.6840241873,16
-1326927.6201357602,1864833.6840241873,16
-1326464.3074192326,1864833.6840241873,16
-1326000.9947027052,1864833.6840241873,16
-1325537.6819861776,1864833.6840241873,16
-1325074.3692696502,1864833.6840241873,16
-1324611.0565531226,1864833.6840241873,16
-1324147.7438365952,1864833.6840241873,16
-1323684.4311200676,1864833.6840241873,16
-1323221.11840354,1864833.6840241873,16
-1322757.8056870126,1864833.6840241873,16
-1322294.492970485,1864833.6840241873,16
-1321831.1802539576,1864833.6840241873,16
-1321367.86753743,1864833.6840241873,16
-1320904.5548209026,1864833.6840241873,16
-1320441.242104375,1864833.6840241873,16
-1319977.9293878477,1864833.6840241873,16
-1319514.61667132,1864833.6840241873,16
-1319051.3039547927,1864833.6840241873,16
-1318587.991238265,1864833.6840241873,16
-1318124.6785217377,1864833.6840241873,16
-1317661.36580521,1864833.6840241873,16
-1317198.0530886827,1864833.6840241873,16
-1316734.740372155,1864833.6840241873,16
-1316271.4276556277,1864833.6840241873,16
-1315808.1149391,1864833.6840241873,16
-1315344.8022225727,1864833.6840241873,16
-1314881.4895060451,1864833.6840241873,16
-1314418.1767895175,1864833.6840241873,16
-1313954.8640729901,1864833.6840241873,16
-1313491.5513564625,1864833.6840241873,16
-1313028.2386399352,1864833.6840241873,16
-1312564.9259234075,1864833.6840241873,16
-1312101.6132068802,1864833.6840241873,16
-1311638.3004903526,1864833.6840241873,16
-1311174.9877738252,1864833.6840241873,16
-1310711.6750572976,1864833.6840241873,16
-1310248.3623407702,1864833.6840241873,16
-1309785.0496242426,1864833.6840241873,16
-1309321.7369077152,1864833.6840241873,16
-1308858.4241911876,1864833.6840241873,16
-1308395.1114746602,1864833.6840241873,16
-1307931.7987581326,1864833.6840241873,16
-1307468.486041605,1864833.6840241873,16
-1307005.1733250776,1864833.6840241873,16
-1306541.86060855,1864833.6840241873,16
-1306078.5478920226,1864833.6840241873,16
-1305615.235175495,1864833.6840241873,16
-1305151.9224589677,1864833.6840241873,16
-1304688.60974244,1864833.6840241873,16
-1304225.2970259127,1864833.6840241873,16
-1303761.984309385,1864833.6840241873,16
-1303298.6715928577,1864833.6840241873,16
-1302835.35887633,1864833.6840241873,16
-1302372.0461598027,1864833.6840241873,16
-1301908.733443275,1864833.6840241873,16
-1301445.4207267477,1864833.6840241873,16
-1300982.10801022,1864833.6840241873,16
-1300518.7952936925,1864833.6840241873,16
-1300055.4825771651,1864833.6840241873,10
-1299592.1698606375,1864833.6840241873,10
-1299128.8571441101,1864833.6840241873,10
-1298665.5444275825,1864833.6840241873,10
-1298202.2317110552,1864833.6840241873,10
-1297738.9189945275,1864833.6840241873,10
-1297275.6062780002,1864833.6840241873,10
-1296812.2935614726,1864833.6840241873,10
-1296348.9808449452,1864833.6840241873,10
-1295885.6681284176,1864833.6840241873,10
-1295422.3554118902,1864833.6840241873,10
-1294959.0426953626,1864833.6840241873,10
-1294495.7299788352,1864833.6840241873,10
-1294032.4172623076,1864833.6840241873,16
-1293569.10454578,1864833.6840241873,10
-1293105.7918292526,1864833.6840241873,10
-1292642.479112725,1864833.6840241873,10
-1292179.1663961976,1864833.6840241873,10
-1291715.85367967,1864833.6840241873,10
-1291252.5409631426,1864833.6840241873,10
-1290789.228246615,1864833.6840241873,10
-1290325.9155300877,1864833.6840241873,10
-1289862.60281356,1864833.6840241873,10
-1289399.2900970327,1864833.6840241873,10
-1288935.977380505,1864833.6840241873,10
-1288472.6646639777,1864833.6840241873,10
-1288009.35194745,1864833.6840241873,10
-1287546.0392309227,1864833.6840241873,10
-1287082.726514395,1864833.6840241873,10
-1286619.4137978677,1864833.6840241873,10
-1286156.10108134,1864833.6840241873,10
-1285692.7883648127,1864833.6840241873,10
-1285229.4756482851,1864833.6840241873,10
-1284766.1629317575,1864833.6840241873,10
-1284302.8502152301,1864833.6840241873,10
-1283839.5374987025,1864833.6840241873,10
-1283376.2247821752,1864833.6840241873,10
-1282912.9120656475,1864833.6840241873,10
-1282449.5993491202,1864833.6840241873,10
-1281986.2866325926,1864833.6840241873,10
-1281522.9739160652,1864833.6840241873,10
-1281059.6611995376,1864833.6840241873,10
-1280596.3484830102,1864833.6840241873,10
-1280133.0357664826,1864833.6840241873,10
-1279669.7230499552,1864833.6840241873,10
-1279206.4103334276,1864833.6840241873,10
-1278743.0976169002,1864833.6840241873,10
-1278279.7849003726,1864833.6840241873,10
-1277816.472183845,1864833.6840241873,10
-1277353.1594673176,1864833.6840241873,10
-1276889.84675079,1864833.6840241873,10
-1276426.5340342626,1864833.6840241873,10
-1275963.221317735,1864833.6840241873,10
-1275499.9086012077,1864833.6840241873,10
-1275036.59588468,1864833.6840241873,10
-1274573.2831681527,1864833.6840241873,10
-1274109.970451625,1864833.6840241873,10
-1273646.6577350977,1864833.6840241873,10
-1273183.34501857,1864833.6840241873,10
-1272720.0323020427,1864833.6840241873,10
-1272256.719585515,1864833.6840241873,10
-1271793.4068689877,1864833.6840241873,10
-1271330.09415246,1864833.6840241873,10
-1270866.7814359325,1864833.6840241873,10
-1270403.4687194051,1864833.6840241873,10
-1269940.1560028775,1864833.6840241873,10
-1269476.8432863501,1864833.6840241873,10
-1269013.5305698225,1864833.6840241873,10
-1268550.2178532952,1864833.6840241873,10
-1268086.9051367675,1864833.6840241873,10
-1267623.5924202402,1864833.6840241873,10
-1267160.2797037126,1864833.6840241873,10
-1266696.9669871852,1864833.6840241873,10
-1266233.6542706576,1864833.6840241873,10
-1265770.3415541302,1864833.6840241873,10
-1265307.0288376026,1864833.6840241873,10
-1264843.7161210752,1864833.6840241873,10
-1264380.4034045476,1864833.6840241873,10
-1263917.09068802,1864833.6840241873,10
-1263453.7779714926,1864833.6840241873,10
-1262990.465254965,1864833.6840241873,10
-1262527.1525384376,1864833.6840241873,10
-1262063.83982191,1864833.6840241873,10
-1261600.5271053826,1864833.6840241873,10
-1261137.214388855,1864833.6840241873,10
-1260673.9016723277,1864833.6840241873,10
-1260210.5889558,1864833.6840241873,10
-1259747.2762392727,1864833.6840241873,10
-1259283.963522745,1864833.6840241873,10
-1258820.6508062177,1864833.6840241873,10
-1258357.33808969,1864833.6840241873,10
-1257894.0253731627,1864833.6840241873,10
-1257430.712656635,1864833.6840241873,10
-1256967.3999401077,1864833.6840241873,10
-1256504.08722358,1864833.6840241873,10
-1256040.7745070527,1864833.6840241873,10
-1255577.4617905251,1864833.6840241873,10
-1255114.1490739975,1864833.6840241873,10
-1254650.8363574701,1864833.6840241873,10
-1254187.5236409425,1864833.6840241873,10
-1253724.2109244152,1864833.6840241873,10
-1253260.8982078875,1864833.6840241873,10
-1252797.5854913602,1864833.6840241873,10
-1252334.2727748326,1864833.6840241873,10
-1251870.9600583052,1864833.6840241873,10
-1251407.6473417776,1864833.6840241873,10
-1250944.3346252502,1864833.6840241873,10
-1250481.0219087226,1864833.6840241873,10
-1250017.7091921952,1864833.6840241873,10
-1249554.3964756676,1864833.6840241873,10
-1249091.0837591402,1864833.6840241873,10
-1248627.7710426126,1864833.6840241873,10
-1248164.458326085,1864833.6840241873,10
-1247701.1456095576,1864833.6840241873,10
-1247237.83289303,1864833.6840241873,10
-1246774.5201765026,1864833.6840241873,10
-1246311.207459975,1864833.6840241873,10
-1245847.8947434477,1864833.6840241873,10
-1245384.58202692,1864833.6840241873,10
-1244921.2693103927,1864833.6840241873,10
-1244457.956593865,1864833.6840241873,10
-1243994.6438773377,1864833.6840241873,10
-1243531.33116081,1864833.6840241873,10
-1243068.0184442827,1864833.6840241873,10
-1242604.705727755,1864833.6840241873,10
-1242141.3930112277,1864833.6840241873,10
-1241678.0802947,1864833.6840241873,10
-1241214.7675781725,1864833.6840241873,10
-1240751.4548616451,1864833.6840241873,10
-1240288.1421451175,1864833.6840241873,10
-1239824.8294285901,1864833.6840241873,10
-1239361.5167120625,1864833.6840241873,10
-1238898.2039955352,1864833.6840241873,10
-1238434.8912790075,1864833.6840241873,10
-1237971.5785624802,1864833.6840241873,10
-1237508.2658459526,1864833.6840241873,10
-1237044.9531294252,1864833.6840241873,10
-1236581.6404128976,1864833.6840241873,10
-1236118.3276963702,1864833.6840241873,10
-1235655.0149798426,1864833.6840241873,10
-1235191.7022633152,1864833.6840241873,10
-1234728.3895467876,1864833.6840241873,10
-1234265.07683026,1864833.6840241873,10
-1233801.7641137326,1864833.6840241873,10
-1233338.4513972052,1864833.6840241873,10
-1232875.1386806776,1864833.6840241873,10
-1232411.82596415,1864833.6840241873,10
-1231948.5132476226,1864833.6840241873,10
-1231485.200531095,1864833.6840241873,10
-1231021.8878145677,1864833.6840241873,10
-1230558.57509804,1864833.6840241873,10
-1230095.2623815127,1864833.6840241873,10
-1229631.949664985,1864833.6840241873,10
-1229168.6369484577,1864833.6840241873,10
-1228705.32423193,1864833.6840241873,10
-1228242.0115154027,1864833.6840241873,10
-1227778.698798875,1864833.6840241873,10
-1227315.3860823475,1864833.6840241873,10
-1226852.07336582,1864833.6840241873,10
-1226388.7606492927,1864833.6840241873,10
-1225925.4479327651,1864833.6840241873,10
-1225462.1352162375,1864833.6840241873,10
-1224998.8224997101,1864833.6840241873,10
-1224535.5097831825,1864833.6840241873,10
-1224072.1970666551,1864833.6840241873,10
-1223608.8843501275,1864833.6840241873,10
-1223145.5716336002,1864833.6840241873,10
-1222682.2589170726,1864833.6840241873,10
-1222218.9462005452,1864833.6840241873,10
-1221755.6334840176,1864833.6840241873,10
-1221292.3207674902,1864833.6840241873,10
-1220829.0080509626,1864833.6840241873,10
-1220365.6953344352,1864833.6840241873,10
-1219902.3826179076,1864833.6840241873,10
-1219439.0699013802,1864833.6840241873,10
-1218975.7571848526,1864833.6840241873,10
-1218512.444468325,1864833.6840241873,10
-1218049.1317517976,1864833.6840241873,10
-1217585.81903527,1864833.6840241873,10
-1217122.5063187426,1864833.6840241873,10
-1216659.193602215,1864833.6840241873,10
-1216195.8808856877,1864833.6840241873,10
-1215732.56816916,1864833.6840241873,10
-1215269.2554526327,1864833.6840241873,10
-1214805.942736105,1864833.6840241873,10
-1214342.6300195777,1864833.6840241873,10
-1213879.31730305,1864833.6840241873,10
-1213416.0045865227,1864833.6840241873,10
-1212952.691869995,1864833.6840241873,10
-1212489.3791534677,1864833.6840241873,10
-1212026.06643694,1864833.6840241873,16
-1211562.7537204125,1864833.6840241873,10
-1211099.4410038851,1864833.6840241873,10
-1210636.1282873575,1864833.6840241873,10
-1210172.8155708301,1864833.6840241873,10
-1209709.5028543025,1864833.6840241873,10
-1209246.1901377751,1864833.6840241873,10
-1208782.8774212475,1864833.6840241873,10
-1208319.5647047202,1864833.6840241873,10
-1207856.2519881926,1864833.6840241873,10
-1207392.9392716652,1864833.6840241873,10
-1206929.6265551376,1864833.6840241873,10
-1206466.3138386102,1864833.6840241873,10
-1206003.0011220826,1864833.6840241873,10
-1205539.6884055552,1864833.6840241873,10
-1205076.3756890276,1864833.6840241873,10
-1204613.0629725,1864833.6840241873,10
-1204149.7502559726,1864833.6840241873,10
-1203686.4375394452,1864833.6840241873,10
-1203223.1248229176,1864833.6840241873,10
-1202759.81210639,1864833.6840241873,10
-1202296.4993898626,1864833.6840241873,10
-1201833.186673335,1864833.6840241873,10
-1201369.8739568077,1864833.6840241873,10
-1200906.56124028,1864833.6840241873,10
-1200443.2485237527,1864833.6840241873,10
-1199979.935807225,1864833.6840241873,10
-1199516.6230906977,1864833.6840241873,10
-1199053.31037417,1864833.6840241873,10
-1198589.9976576427,1864833.6840241873,10
-1198126.684941115,1864833.6840241873,10
-1197663.3722245875,1864833.6840241873,10
-1197200.05950806,1864833.6840241873,10
-1196736.7467915327,1864833.6840241873,10
-1196273.4340750051,1864833.6840241873,10
-1195810.1213584775,1864833.6840241873,10
-1195346.8086419501,1864833.6840241873,10
-1194883.4959254225,1864833.6840241873,10
-1194420.1832088951,1864833.6840241873,10
-1193956.8704923675,1864833.6840241873,10
-1193493.5577758402,1864833.6840241873,10
-1193030.2450593126,1864833.6840241873,10
-1192566.9323427852,1864833.6840241873,10
-1192103.6196262576,1864833.6840241873,10
-1191640.3069097302,1864833.6840241873,10
-1191176.9941932026,1864833.6840241873,10
-1190713.6814766752,1864833.6840241873,10
-1190250.3687601476,1864833.6840241873,10
-1189787.0560436202,1864833.6840241873,10
-1189323.7433270926,1864833.6840241873,10
-1188860.430610565,1864833.6840241873,10
-1188397.1178940376,1864833.6840241873,10
-1187933.80517751,1864833.6840241873,10
-1187470.4924609826,1864833.6840241873,10
-1187007.179744455,1864833.6840241873,10
-1186543.8670279277,1864833.6840241873,10
-1186080.5543114,1864833.6840241873,10
-1185617.2415948727,1864833.6840241873,10
-1185153.928878345,1864833.6840241873,10
-1184690.6161618177,1864833.6840241873,10
-1184227.30344529,1864833.6840241873,10
-1183763.9907287627,1864833.6840241873,10
-1183300.678012235,1864833.6840241873,10
-1182837.3652957077,1864833.6840241873,10
-1182374.05257918,1864833.6840241873,10
-1181910.7398626525,1864833.6840241873,10
-1181447.4271461251,1864833.6840241873,10
-1180984.1144295975,1864833.6840241873,10
-1180520.8017130701,1864833.6840241873,10
-1180057.4889965425,1864833.6840241873,10
-1179594.1762800151,1864833.6840241873,10
-1179130.8635634875,1864833.6840241873,10
-1178667.5508469602,1864833.6840241873,10
-1178204.2381304326,1864833.6840241873,10
-1177740.9254139052,1864833.6840241873,10
-1177277.6126973776,1864833.6840241873,10
-1176814.2999808502,1864833.6840241873,10
-1176350.9872643226,1864833.6840241873,10
-1175887.6745477952,1864833.6840241873,10
-1175424.3618312676,1864833.6840241873,10
-1174961.04911474,1864833.6840241873,10
-1174497.7363982126,1864833.6840241873,10
-1174034.4236816852,1864833.6840241873,10
-1173571.1109651576,1864833.6840241873,10
-1173107.79824863,1864833.6840241873,10
-1172644.4855321026,1864833.6840241873,10
-1172181.172815575,1864833.6840241873,10
-1171717.8600990477,1864833.6840241873,10
-1171254.54738252,1864833.6840241873,10
-1170791.2346659927,1864833.6840241873,10
-1170327.921949465,1864833.6840241873,10
-1169864.6092329377,1864833.6840241873,10
-1169401.29651641,1864833.6840241873,10
-1168937.9837998827,1864833.6840241873,10
-1168474.671083355,1864833.6840241873,10
-1168011.3583668275,1864833.6840241873,10
-1167548.0456503,1864833.6840241873,10
-1167084.7329337727,1864833.6840241873,10
-1166621.4202172451,1864833.6840241873,10
-1166158.1075007175,1864833.6840241873,10
-1165694.7947841901,1864833.6840241873,10
-1165231.4820676625,1864833.6840241873,10
-1364919.262891015,1864370.3713076597,10
-1364455.9501744877,1864370.3713076597,10
-1363992.63745796,1864370.3713076597,10
-1363529.3247414327,1864370.3713076597,10
-1363066.012024905,1864370.3713076597,10
-1362602.6993083777,1864370.3713076597,10
-1362139.38659185,1864370.3713076597,10
-1361676.0738753227,1864370.3713076597,10
-1361212.761158795,1864370.3713076597,10
-1360749.4484422677,1864370.3713076597,10
-1360286.13572574,1864370.3713076597,10
-1359822.8230092125,1864370.3713076597,10
-1359359.5102926851,1864370.3713076597,10
-1358896.1975761575,1864370.3713076597,10
-1358432.8848596301,1864370.3713076597,10
-1357969.5721431025,1864370.3713076597,10
-1357506.2594265752,1864370.3713076597,10
-1357042.9467100475,1864370.3713076597,10
-1356579.6339935202,1864370.3713076597,10
-1356116.3212769926,1864370.3713076597,10
-1355653.0085604652,1864370.3713076597,10
-1355189.6958439376,1864370.3713076597,10
-1354726.3831274102,1864370.3713076597,10
-1354263.0704108826,1864370.3713076597,10
-1353799.7576943552,1864370.3713076597,10
-1353336.4449778276,1864370.3713076597,10
-1352873.1322613002,1864370.3713076597,10
-1352409.8195447726,1864370.3713076597,10
-1351946.506828245,1864370.3713076597,10
-1351483.1941117176,1864370.3713076597,10
-1351019.88139519,1864370.3713076597,10
-1350556.5686786626,1864370.3713076597,10
-1350093.255962135,1864370.3713076597,10
-1349629.9432456077,1864370.3713076597,16
-1349166.63052908,1864370.3713076597,16
-1348703.3178125527,1864370.3713076597,16
-1348240.005096025,1864370.3713076597,16
-1347776.6923794977,1864370.3713076597,10
-1347313.37966297,1864370.3713076597,10
-1346850.0669464427,1864370.3713076597,10
-1346386.754229915,1864370.3713076597,16
-1345923.4415133877,1864370.3713076597,16
-1345460.12879686,1864370.3713076597,16
-1344996.8160803327,1864370.3713076597,16
-1344533.5033638051,1864370.3713076597,16
-1344070.1906472775,1864370.3713076597,16
-1343606.8779307501,1864370.3713076597,16
-1343143.5652142225,1864370.3713076597,16
-1342680.2524976952,1864370.3713076597,16
-1342216.9397811675,1864370.3713076597,16
-1341753.6270646402,1864370.3713076597,16
-1341290.3143481126,1864370.3713076597,16
-1340827.0016315852,1864370.3713076597,16
-1340363.6889150576,1864370.3713076597,16
-1339900.3761985302,1864370.3713076597,16
-1339437.0634820026,1864370.3713076597,16
-1338973.7507654752,1864370.3713076597,16
-1338510.4380489476,1864370.3713076597,16
-1338047.1253324202,1864370.3713076597,16
-1337583.8126158926,1864370.3713076597,10
-1337120.499899365,1864370.3713076597,16
-1336657.1871828376,1864370.3713076597,16
-1336193.87446631,1864370.3713076597,16
-1335730.5617497826,1864370.3713076597,16
-1335267.249033255,1864370.3713076597,10
-1334803.9363167277,1864370.3713076597,10
-1334340.6236002,1864370.3713076597,10
-1333877.3108836727,1864370.3713076597,16
-1333413.998167145,1864370.3713076597,16
-1332950.6854506177,1864370.3713076597,16
-1332487.37273409,1864370.3713076597,16
-1332024.0600175627,1864370.3713076597,16
-1331560.747301035,1864370.3713076597,16
-1331097.4345845077,1864370.3713076597,16
-1330634.12186798,1864370.3713076597,16
-1330170.8091514525,1864370.3713076597,16
-1329707.4964349251,1864370.3713076597,16
-1329244.1837183975,1864370.3713076597,16
-1328780.8710018701,1864370.3713076597,16
-1328317.5582853425,1864370.3713076597,16
-1327854.2455688152,1864370.3713076597,16
-1327390.9328522875,1864370.3713076597,16
-1326927.6201357602,1864370.3713076597,16
-1326464.3074192326,1864370.3713076597,16
-1326000.9947027052,1864370.3713076597,16
-1325537.6819861776,1864370.3713076597,16
-1325074.3692696502,1864370.3713076597,16
-1324611.0565531226,1864370.3713076597,16
-1324147.7438365952,1864370.3713076597,16
-1323684.4311200676,1864370.3713076597,16
-1323221.11840354,1864370.3713076597,16
-1322757.8056870126,1864370.3713076597,16
-1322294.492970485,1864370.3713076597,16
-1321831.1802539576,1864370.3713076597,16
-1321367.86753743,1864370.3713076597,16
-1320904.5548209026,1864370.3713076597,16
-1320441.242104375,1864370.3713076597,16
-1319977.9293878477,1864370.3713076597,16
-1319514.61667132,1864370.3713076597,16
-1319051.3039547927,1864370.3713076597,16
-1318587.991238265,1864370.3713076597,16
-1318124.6785217377,1864370.3713076597,16
-1317661.36580521,1864370.3713076597,16
-1317198.0530886827,1864370.3713076597,16
-1316734.740372155,1864370.3713076597,16
-1316271.4276556277,1864370.3713076597,16
-1315808.1149391,1864370.3713076597,16
-1315344.8022225727,1864370.3713076597,16
-1314881.4895060451,1864370.3713076597,16
-1314418.1767895175,1864370.3713076597,16
-1313954.8640729901,1864370.3713076597,16
-1313491.5513564625,1864370.3713076597,16
-1313028.2386399352,1864370.3713076597,16
-1312564.9259234075,1864370.3713076597,16
-1312101.6132068802,1864370.3713076597,16
-1311638.3004903526,1864370.3713076597,16
-1311174.9877738252,1864370.3713076597,16
-1310711.6750572976,1864370.3713076597,16
-1310248.3623407702,1864370.3713076597,16
-1309785.0496242426,1864370.3713076597,16
-1309321.7369077152,1864370.3713076597,16
-1308858.4241911876,1864370.3713076597,16
-1308395.1114746602,1864370.3713076597,16
-1307931.7987581326,1864370.3713076597,16
-1307468.486041605,1864370.3713076597,16
-1307005.1733250776,1864370.3713076597,16
-1306541.86060855,1864370.3713076597,16
-1306078.5478920226,1864370.3713076597,16
-1305615.235175495,1864370.3713076597,16
-1305151.9224589677,1864370.3713076597,16
-1304688.60974244,1864370.3713076597,16
-1304225.2970259127,1864370.3713076597,16
-1303761.984309385,1864370.3713076597,16
-1303298.6715928577,1864370.3713076597,16
-1302835.35887633,1864370.3713076597,16
-1302372.0461598027,1864370.3713076597,16
-1301908.733443275,1864370.3713076597,16
-1301445.4207267477,1864370.3713076597,16
-1300982.10801022,1864370.3713076597,16
-1300518.7952936925,1864370.3713076597,10
-1300055.4825771651,1864370.3713076597,10
-1299592.1698606375,1864370.3713076597,10
-1299128.8571441101,1864370.3713076597,10
-1298665.5444275825,1864370.3713076597,10
-1298202.2317110552,1864370.3713076597,10
-1297738.9189945275,1864370.3713076597,10
-1297275.6062780002,1864370.3713076597,10
-1296812.2935614726,1864370.3713076597,10
-1296348.9808449452,1864370.3713076597,10
-1295885.6681284176,1864370.3713076597,10
-1295422.3554118902,1864370.3713076597,16
-1294959.0426953626,1864370.3713076597,16
-1294495.7299788352,1864370.3713076597,16
-1294032.4172623076,1864370.3713076597,16
-1293569.10454578,1864370.3713076597,10
-1293105.7918292526,1864370.3713076597,10
-1292642.479112725,1864370.3713076597,10
-1292179.1663961976,1864370.3713076597,10
-1291715.85367967,1864370.3713076597,10
-1291252.5409631426,1864370.3713076597,10
-1290789.228246615,1864370.3713076597,10
-1290325.9155300877,1864370.3713076597,10
-1289862.60281356,1864370.3713076597,10
-1289399.2900970327,1864370.3713076597,10
-1288935.977380505,1864370.3713076597,10
-1288472.6646639777,1864370.3713076597,10
-1288009.35194745,1864370.3713076597,10
-1287546.0392309227,1864370.3713076597,10
-1287082.726514395,1864370.3713076597,10
-1286619.4137978677,1864370.3713076597,10
-1286156.10108134,1864370.3713076597,10
-1285692.7883648127,1864370.3713076597,10
-1285229.4756482851,1864370.3713076597,10
-1284766.1629317575,1864370.3713076597,7
-1284302.8502152301,1864370.3713076597,10
-1283839.5374987025,1864370.3713076597,10
-1283376.2247821752,1864370.3713076597,10
-1282912.9120656475,1864370.3713076597,10
-1282449.5993491202,1864370.3713076597,10
-1281986.2866325926,1864370.3713076597,10
-1281522.9739160652,1864370.3713076597,10
-1281059.6611995376,1864370.3713076597,10
-1280596.3484830102,1864370.3713076597,10
-1280133.0357664826,1864370.3713076597,10
-1279669.7230499552,1864370.3713076597,10
-1279206.4103334276,1864370.3713076597,10
-1278743.0976169002,1864370.3713076597,10
-1278279.7849003726,1864370.3713076597,10
-1277816.472183845,1864370.3713076597,10
-1277353.1594673176,1864370.3713076597,10
-1276889.84675079,1864370.3713076597,10
-1276426.5340342626,1864370.3713076597,10
-1275963.221317735,1864370.3713076597,10
-1275499.9086012077,1864370.3713076597,10
-1275036.59588468,1864370.3713076597,10
-1274573.2831681527,1864370.3713076597,10
-1274109.970451625,1864370.3713076597,16
-1273646.6577350977,1864370.3713076597,16
-1273183.34501857,1864370.3713076597,10
-1272720.0323020427,1864370.3713076597,10
-1272256.719585515,1864370.3713076597,10
-1271793.4068689877,1864370.3713076597,10
-1271330.09415246,1864370.3713076597,10
-1270866.7814359325,1864370.3713076597,10
-1270403.4687194051,1864370.3713076597,10
-1269940.1560028775,1864370.3713076597,10
-1269476.8432863501,1864370.3713076597,10
-1269013.5305698225,1864370.3713076597,10
-1268550.2178532952,1864370.3713076597,10
-1268086.9051367675,1864370.3713076597,10
-1267623.5924202402,1864370.3713076597,10
-1267160.2797037126,1864370.3713076597,10
-1266696.9669871852,1864370.3713076597,10
-1266233.6542706576,1864370.3713076597,10
-1265770.3415541302,1864370.3713076597,10
-1265307.0288376026,1864370.3713076597,10
-1264843.7161210752,1864370.3713076597,10
-1264380.4034045476,1864370.3713076597,10
-1263917.09068802,1864370.3713076597,10
-1263453.7779714926,1864370.3713076597,10
-1262990.465254965,1864370.3713076597,10
-1262527.1525384376,1864370.3713076597,10
-1262063.83982191,1864370.3713076597,10
-1261600.5271053826,1864370.3713076597,10
-1261137.214388855,1864370.3713076597,10
-1260673.9016723277,1864370.3713076597,10
-1260210.5889558,1864370.3713076597,10
-1259747.2762392727,1864370.3713076597,10
-1259283.963522745,1864370.3713076597,10
-1258820.6508062177,1864370.3713076597,10
-1258357.33808969,1864370.3713076597,10
-1257894.0253731627,1864370.3713076597,10
-1257430.712656635,1864370.3713076597,10
-1256967.3999401077,1864370.3713076597,10
-1256504.08722358,1864370.3713076597,10
-1256040.7745070527,1864370.3713076597,10
-1255577.4617905251,1864370.3713076597,10
-1255114.1490739975,1864370.3713076597,10
-1254650.8363574701,1864370.3713076597,10
-1254187.5236409425,1864370.3713076597,10
-1253724.2109244152,1864370.3713076597,10
-1253260.8982078875,1864370.3713076597,10
-1252797.5854913602,1864370.3713076597,10
-1252334.2727748326,1864370.3713076597,10
-1251870.9600583052,1864370.3713076597,10
-1251407.6473417776,1864370.3713076597,10
-1250944.3346252502,1864370.3713076597,10
-1250481.0219087226,1864370.3713076597,10
-1250017.7091921952,1864370.3713076597,10
-1249554.3964756676,1864370.3713076597,10
-1249091.0837591402,1864370.3713076597,10
-1248627.7710426126,1864370.3713076597,10
-1248164.458326085,1864370.3713076597,10
-1247701.1456095576,1864370.3713076597,10
-1247237.83289303,1864370.3713076597,10
-1246774.5201765026,1864370.3713076597,10
-1246311.207459975,1864370.3713076597,10
-1245847.8947434477,1864370.3713076597,10
-1245384.58202692,1864370.3713076597,10
-1244921.2693103927,1864370.3713076597,10
-1244457.956593865,1864370.3713076597,10
-1243994.6438773377,1864370.3713076597,10
-1243531.33116081,1864370.3713076597,10
-1243068.0184442827,1864370.3713076597,10
-1242604.705727755,1864370.3713076597,10
-1242141.3930112277,1864370.3713076597,10
-1241678.0802947,1864370.3713076597,10
-1241214.7675781725,1864370.3713076597,10
-1240751.4548616451,1864370.3713076597,10
-1240288.1421451175,1864370.3713076597,10
-1239824.8294285901,1864370.3713076597,10
-1239361.5167120625,1864370.3713076597,10
-1238898.2039955352,1864370.3713076597,10
-1238434.8912790075,1864370.3713076597,10
-1237971.5785624802,1864370.3713076597,10
-1237508.2658459526,1864370.3713076597,10
-1237044.9531294252,1864370.3713076597,10
-1236581.6404128976,1864370.3713076597,10
-1236118.3276963702,1864370.3713076597,10
-1235655.0149798426,1864370.3713076597,10
-1235191.7022633152,1864370.3713076597,10
-1234728.3895467876,1864370.3713076597,10
-1234265.07683026,1864370.3713076597,10
-1233801.7641137326,1864370.3713076597,10
-1233338.4513972052,1864370.3713076597,10
-1232875.1386806776,1864370.3713076597,10
-1232411.82596415,1864370.3713076597,10
-1231948.5132476226,1864370.3713076597,10
-1231485.200531095,1864370.3713076597,10
-1231021.8878145677,1864370.3713076597,10
-1230558.57509804,1864370.3713076597,10
-1230095.2623815127,1864370.3713076597,10
-1229631.949664985,1864370.3713076597,10
-1229168.6369484577,1864370.3713076597,10
-1228705.32423193,1864370.3713076597,10
-1228242.0115154027,1864370.3713076597,10
-1227778.698798875,1864370.3713076597,10
-1227315.3860823475,1864370.3713076597,10
-1226852.07336582,1864370.3713076597,10
-1226388.7606492927,1864370.3713076597,10
-1225925.4479327651,1864370.3713076597,10
-1225462.1352162375,1864370.3713076597,10
-1224998.8224997101,1864370.3713076597,10
-1224535.5097831825,1864370.3713076597,10
-1224072.1970666551,1864370.3713076597,10
-1223608.8843501275,1864370.3713076597,10
-1223145.5716336002,1864370.3713076597,10
-1222682.2589170726,1864370.3713076597,10
-1222218.9462005452,1864370.3713076597,10
-1221755.6334840176,1864370.3713076597,10
-1221292.3207674902,1864370.3713076597,10
-1220829.0080509626,1864370.3713076597,10
-1220365.6953344352,1864370.3713076597,10
-1219902.3826179076,1864370.3713076597,10
-1219439.0699013802,1864370.3713076597,10
-1218975.7571848526,1864370.3713076597,10
-1218512.444468325,1864370.3713076597,10
-1218049.1317517976,1864370.3713076597,10
-1217585.81903527,1864370.3713076597,10
-1217122.5063187426,1864370.3713076597,10
-1216659.193602215,1864370.3713076597,10
-1216195.8808856877,1864370.3713076597,10
-1215732.56816916,1864370.3713076597,10
-1215269.2554526327,1864370.3713076597,10
-1214805.942736105,1864370.3713076597,10
-1214342.6300195777,1864370.3713076597,10
-1213879.31730305,1864370.3713076597,10
-1213416.0045865227,1864370.3713076597,10
-1212952.691869995,1864370.3713076597,10
-1212489.3791534677,1864370.3713076597,16
-1212026.06643694,1864370.3713076597,16
-1211562.7537204125,1864370.3713076597,10
-1211099.4410038851,1864370.3713076597,10
-1210636.1282873575,1864370.3713076597,10
-1210172.8155708301,1864370.3713076597,10
-1209709.5028543025,1864370.3713076597,10
-1209246.1901377751,1864370.3713076597,10
-1208782.8774212475,1864370.3713076597,10
-1208319.5647047202,1864370.3713076597,10
-1207856.2519881926,1864370.3713076597,10
-1207392.9392716652,1864370.3713076597,10
-1206929.6265551376,1864370.3713076597,10
-1206466.3138386102,1864370.3713076597,10
-1206003.0011220826,1864370.3713076597,10
-1205539.6884055552,1864370.3713076597,10
-1205076.3756890276,1864370.3713076597,10
-1204613.0629725,1864370.3713076597,10
-1204149.7502559726,1864370.3713076597,10
-1203686.4375394452,1864370.3713076597,10
-1203223.1248229176,1864370.3713076597,10
-1202759.81210639,1864370.3713076597,10
-1202296.4993898626,1864370.3713076597,10
-1201833.186673335,1864370.3713076597,10
-1201369.8739568077,1864370.3713076597,10
-1200906.56124028,1864370.3713076597,10
-1200443.2485237527,1864370.3713076597,10
-1199979.935807225,1864370.3713076597,10
-1199516.6230906977,1864370.3713076597,10
-1199053.31037417,1864370.3713076597,10
-1198589.9976576427,1864370.3713076597,10
-1198126.684941115,1864370.3713076597,10
-1197663.3722245875,1864370.3713076597,10
-1197200.05950806,1864370.3713076597,10
-1196736.7467915327,1864370.3713076597,10
-1196273.4340750051,1864370.3713076597,10
-1195810.1213584775,1864370.3713076597,10
-1195346.8086419501,1864370.3713076597,10
-1194883.4959254225,1864370.3713076597,10
-1194420.1832088951,1864370.3713076597,10
-1193956.8704923675,1864370.3713076597,10
-1193493.5577758402,1864370.3713076597,10
-1193030.2450593126,1864370.3713076597,10
-1192566.9323427852,1864370.3713076597,10
-1192103.6196262576,1864370.3713076597,10
-1191640.3069097302,1864370.3713076597,10
-1191176.9941932026,1864370.3713076597,10
-1190713.6814766752,1864370.3713076597,10
-1190250.3687601476,1864370.3713076597,10
-1189787.0560436202,1864370.3713076597,10
-1189323.7433270926,1864370.3713076597,10
-1188860.430610565,1864370.3713076597,10
-1188397.1178940376,1864370.3713076597,10
-1187933.80517751,1864370.3713076597,10
-1187470.4924609826,1864370.3713076597,10
-1187007.179744455,1864370.3713076597,10
-1186543.8670279277,1864370.3713076597,10
-1186080.5543114,1864370.3713076597,10
-1185617.2415948727,1864370.3713076597,10
-1185153.928878345,1864370.3713076597,10
-1184690.6161618177,1864370.3713076597,10
-1184227.30344529,1864370.3713076597,10
-1183763.9907287627,1864370.3713076597,10
-1183300.678012235,1864370.3713076597,10
-1182837.3652957077,1864370.3713076597,10
-1182374.05257918,1864370.3713076597,10
-1181910.7398626525,1864370.3713076597,10
-1181447.4271461251,1864370.3713076597,10
-1180984.1144295975,1864370.3713076597,10
-1180520.8017130701,1864370.3713076597,10
-1180057.4889965425,1864370.3713076597,10
-1179594.1762800151,1864370.3713076597,10
-1179130.8635634875,1864370.3713076597,10
-1178667.5508469602,1864370.3713076597,10
-1178204.2381304326,1864370.3713076597,10
-1177740.9254139052,1864370.3713076597,10
-1177277.6126973776,1864370.3713076597,10
-1176814.2999808502,1864370.3713076597,10
-1176350.9872643226,1864370.3713076597,10
-1175887.6745477952,1864370.3713076597,10
-1175424.3618312676,1864370.3713076597,10
-1174961.04911474,1864370.3713076597,10
-1174497.7363982126,1864370.3713076597,10
-1174034.4236816852,1864370.3713076597,10
-1173571.1109651576,1864370.3713076597,10
-1173107.79824863,1864370.3713076597,10
-1172644.4855321026,1864370.3713076597,10
-1172181.172815575,1864370.3713076597,10
-1171717.8600990477,1864370.3713076597,10
-1171254.54738252,1864370.3713076597,10
-1170791.2346659927,1864370.3713076597,10
-1170327.921949465,1864370.3713076597,10
-1169864.6092329377,1864370.3713076597,10
-1169401.29651641,1864370.3713076597,10
-1168937.9837998827,1864370.3713076597,10
-1168474.671083355,1864370.3713076597,10
-1168011.3583668275,1864370.3713076597,10
-1167548.0456503,1864370.3713076597,10
-1167084.7329337727,1864370.3713076597,10
-1166621.4202172451,1864370.3713076597,10
-1166158.1075007175,1864370.3713076597,10
-1165694.7947841901,1864370.3713076597,10
-1165231.4820676625,1864370.3713076597,10
-1164768.1693511351,1864370.3713076597,10
-1364919.262891015,1863907.0585911323,10
-1364455.9501744877,1863907.0585911323,10
-1363992.63745796,1863907.0585911323,10
-1363529.3247414327,1863907.0585911323,10
-1363066.012024905,1863907.0585911323,10
-1362602.6993083777,1863907.0585911323,10
-1362139.38659185,1863907.0585911323,10
-1361676.0738753227,1863907.0585911323,10
-1361212.761158795,1863907.0585911323,10
-1360749.4484422677,1863907.0585911323,10
-1360286.13572574,1863907.0585911323,10
-1359822.8230092125,1863907.0585911323,16
-1359359.5102926851,1863907.0585911323,10
-1358896.1975761575,1863907.0585911323,10
-1358432.8848596301,1863907.0585911323,10
-1357969.5721431025,1863907.0585911323,10
-1357506.2594265752,1863907.0585911323,10
-1357042.9467100475,1863907.0585911323,10
-1356579.6339935202,1863907.0585911323,10
-1356116.3212769926,1863907.0585911323,10
-1355653.0085604652,1863907.0585911323,10
-1355189.6958439376,1863907.0585911323,10
-1354726.3831274102,1863907.0585911323,10
-1354263.0704108826,1863907.0585911323,10
-1353799.7576943552,1863907.0585911323,10
-1353336.4449778276,1863907.0585911323,10
-1352873.1322613002,1863907.0585911323,10
-1352409.8195447726,1863907.0585911323,10
-1351946.506828245,1863907.0585911323,10
-1351483.1941117176,1863907.0585911323,10
-1351019.88139519,1863907.0585911323,10
-1350556.5686786626,1863907.0585911323,10
-1350093.255962135,1863907.0585911323,10
-1349629.9432456077,1863907.0585911323,10
-1349166.63052908,1863907.0585911323,16
-1348703.3178125527,1863907.0585911323,16
-1348240.005096025,1863907.0585911323,16
-1347776.6923794977,1863907.0585911323,10
-1347313.37966297,1863907.0585911323,10
-1346850.0669464427,1863907.0585911323,16
-1346386.754229915,1863907.0585911323,16
-1345923.4415133877,1863907.0585911323,16
-1345460.12879686,1863907.0585911323,16
-1344996.8160803327,1863907.0585911323,16
-1344533.5033638051,1863907.0585911323,16
-1344070.1906472775,1863907.0585911323,16
-1343606.8779307501,1863907.0585911323,16
-1343143.5652142225,1863907.0585911323,16
-1342680.2524976952,1863907.0585911323,16
-1342216.9397811675,1863907.0585911323,16
-1341753.6270646402,1863907.0585911323,16
-1341290.3143481126,1863907.0585911323,16
-1340827.0016315852,1863907.0585911323,16
-1340363.6889150576,1863907.0585911323,16
-1339900.3761985302,1863907.0585911323,16
-1339437.0634820026,1863907.0585911323,16
-1338973.7507654752,1863907.0585911323,16
-1338510.4380489476,1863907.0585911323,16
-1338047.1253324202,1863907.0585911323,16
-1337583.8126158926,1863907.0585911323,16
-1337120.499899365,1863907.0585911323,16
-1336657.1871828376,1863907.0585911323,16
-1336193.87446631,1863907.0585911323,16
-1335730.5617497826,1863907.0585911323,16
-1335267.249033255,1863907.0585911323,16
-1334803.9363167277,1863907.0585911323,16
-1334340.6236002,1863907.0585911323,16
-1333877.3108836727,1863907.0585911323,16
-1333413.998167145,1863907.0585911323,16
-1332950.6854506177,1863907.0585911323,16
-1332487.37273409,1863907.0585911323,16
-1332024.0600175627,1863907.0585911323,16
-1331560.747301035,1863907.0585911323,16
-1331097.4345845077,1863907.0585911323,16
-1330634.12186798,1863907.0585911323,16
-1330170.8091514525,1863907.0585911323,16
-1329707.4964349251,1863907.0585911323,16
-1329244.1837183975,1863907.0585911323,10
-1328780.8710018701,1863907.0585911323,16
-1328317.5582853425,1863907.0585911323,16
-1327854.2455688152,1863907.0585911323,16
-1327390.9328522875,1863907.0585911323,16
-1326927.6201357602,1863907.0585911323,16
-1326464.3074192326,1863907.0585911323,16
-1326000.9947027052,1863907.0585911323,16
-1325537.6819861776,1863907.0585911323,16
-1325074.3692696502,1863907.0585911323,16
-1324611.0565531226,1863907.0585911323,16
-1324147.7438365952,1863907.0585911323,16
-1323684.4311200676,1863907.0585911323,16
-1323221.11840354,1863907.0585911323,16
-1322757.8056870126,1863907.0585911323,16
-1322294.492970485,1863907.0585911323,16
-1321831.1802539576,1863907.0585911323,16
-1321367.86753743,1863907.0585911323,16
-1320904.5548209026,1863907.0585911323,16
-1320441.242104375,1863907.0585911323,16
-1319977.9293878477,1863907.0585911323,16
-1319514.61667132,1863907.0585911323,16
-1319051.3039547927,1863907.0585911323,16
-1318587.991238265,1863907.0585911323,16
-1318124.6785217377,1863907.0585911323,16
-1317661.36580521,1863907.0585911323,16
-1317198.0530886827,1863907.0585911323,16
-1316734.740372155,1863907.0585911323,16
-1316271.4276556277,1863907.0585911323,16
-1315808.1149391,1863907.0585911323,16
-1315344.8022225727,1863907.0585911323,16
-1314881.4895060451,1863907.0585911323,16
-1314418.1767895175,1863907.0585911323,16
-1313954.8640729901,1863907.0585911323,16
-1313491.5513564625,1863907.0585911323,16
-1313028.2386399352,1863907.0585911323,16
-1312564.9259234075,1863907.0585911323,16
-1312101.6132068802,1863907.0585911323,16
-1311638.3004903526,1863907.0585911323,16
-1311174.9877738252,1863907.0585911323,16
-1310711.6750572976,1863907.0585911323,16
-1310248.3623407702,1863907.0585911323,16
-1309785.0496242426,1863907.0585911323,16
-1309321.7369077152,1863907.0585911323,16
-1308858.4241911876,1863907.0585911323,16
-1308395.1114746602,1863907.0585911323,16
-1307931.7987581326,1863907.0585911323,16
-1307468.486041605,1863907.0585911323,16
-1307005.1733250776,1863907.0585911323,16
-1306541.86060855,1863907.0585911323,16
-1306078.5478920226,1863907.0585911323,16
-1305615.235175495,1863907.0585911323,16
-1305151.9224589677,1863907.0585911323,16
-1304688.60974244,1863907.0585911323,16
-1304225.2970259127,1863907.0585911323,16
-1303761.984309385,1863907.0585911323,16
-1303298.6715928577,1863907.0585911323,16
-1302835.35887633,1863907.0585911323,16
-1302372.0461598027,1863907.0585911323,16
-1301908.733443275,1863907.0585911323,16
-1301445.4207267477,1863907.0585911323,16
-1300982.10801022,1863907.0585911323,16
-1300518.7952936925,1863907.0585911323,10
-1300055.4825771651,1863907.0585911323,10
-1299592.1698606375,1863907.0585911323,10
-1299128.8571441101,1863907.0585911323,10
-1298665.5444275825,1863907.0585911323,10
-1298202.2317110552,1863907.0585911323,10
-1297738.9189945275,1863907.0585911323,10
-1297275.6062780002,1863907.0585911323,10
-1296812.2935614726,1863907.0585911323,10
-1296348.9808449452,1863907.0585911323,10
-1295885.6681284176,1863907.0585911323,10
-1295422.3554118902,1863907.0585911323,16
-1294959.0426953626,1863907.0585911323,16
-1294495.7299788352,1863907.0585911323,16
-1294032.4172623076,1863907.0585911323,16
-1293569.10454578,1863907.0585911323,10
-1293105.7918292526,1863907.0585911323,10
-1292642.479112725,1863907.0585911323,10
-1292179.1663961976,1863907.0585911323,10
-1291715.85367967,1863907.0585911323,10
-1291252.5409631426,1863907.0585911323,10
-1290789.228246615,1863907.0585911323,10
-1290325.9155300877,1863907.0585911323,10
-1289862.60281356,1863907.0585911323,10
-1289399.2900970327,1863907.0585911323,10
-1288935.977380505,1863907.0585911323,10
-1288472.6646639777,1863907.0585911323,10
-1288009.35194745,1863907.0585911323,10
-1287546.0392309227,1863907.0585911323,10
-1287082.726514395,1863907.0585911323,10
-1286619.4137978677,1863907.0585911323,10
-1286156.10108134,1863907.0585911323,10
-1285692.7883648127,1863907.0585911323,10
-1285229.4756482851,1863907.0585911323,10
-1284766.1629317575,1863907.0585911323,10
-1284302.8502152301,1863907.0585911323,10
-1283839.5374987025,1863907.0585911323,10
-1283376.2247821752,1863907.0585911323,10
-1282912.9120656475,1863907.0585911323,10
-1282449.5993491202,1863907.0585911323,10
-1281986.2866325926,1863907.0585911323,10
-1281522.9739160652,1863907.0585911323,10
-1281059.6611995376,1863907.0585911323,10
-1280596.3484830102,1863907.0585911323,10
-1280133.0357664826,1863907.0585911323,10
-1279669.7230499552,1863907.0585911323,10
-1279206.4103334276,1863907.0585911323,10
-1278743.0976169002,1863907.0585911323,10
-1278279.7849003726,1863907.0585911323,10
-1277816.472183845,1863907.0585911323,10
-1277353.1594673176,1863907.0585911323,10
-1276889.84675079,1863907.0585911323,10
-1276426.5340342626,1863907.0585911323,10
-1275963.221317735,1863907.0585911323,10
-1275499.9086012077,1863907.0585911323,10
-1275036.59588468,1863907.0585911323,10
-1274573.2831681527,1863907.0585911323,10
-1274109.970451625,1863907.0585911323,16
-1273646.6577350977,1863907.0585911323,16
-1273183.34501857,1863907.0585911323,10
-1272720.0323020427,1863907.0585911323,10
-1272256.719585515,1863907.0585911323,10
-1271793.4068689877,1863907.0585911323,10
-1271330.09415246,1863907.0585911323,10
-1270866.7814359325,1863907.0585911323,10
-1270403.4687194051,1863907.0585911323,10
-1269940.1560028775,1863907.0585911323,10
-1269476.8432863501,1863907.0585911323,10
-1269013.5305698225,1863907.0585911323,10
-1268550.2178532952,1863907.0585911323,10
-1268086.9051367675,1863907.0585911323,10
-1267623.5924202402,1863907.0585911323,10
-1267160.2797037126,1863907.0585911323,10
-1266696.9669871852,1863907.0585911323,10
-1266233.6542706576,1863907.0585911323,10
-1265770.3415541302,1863907.0585911323,10
-1265307.0288376026,1863907.0585911323,10
-1264843.7161210752,1863907.0585911323,10
-1264380.4034045476,1863907.0585911323,10
-1263917.09068802,1863907.0585911323,10
-1263453.7779714926,1863907.0585911323,10
-1262990.465254965,1863907.0585911323,10
-1262527.1525384376,1863907.0585911323,10
-1262063.83982191,1863907.0585911323,10
-1261600.5271053826,1863907.0585911323,10
-1261137.214388855,1863907.0585911323,10
-1260673.9016723277,1863907.0585911323,10
-1260210.5889558,1863907.0585911323,10
-1259747.2762392727,1863907.0585911323,10
-1259283.963522745,1863907.0585911323,10
-1258820.6508062177,1863907.0585911323,10
-1258357.33808969,1863907.0585911323,10
-1257894.0253731627,1863907.0585911323,10
-1257430.712656635,1863907.0585911323,10
-1256967.3999401077,1863907.0585911323,10
-1256504.08722358,1863907.0585911323,10
-1256040.7745070527,1863907.0585911323,10
-1255577.4617905251,1863907.0585911323,10
-1255114.1490739975,1863907.0585911323,10
-1254650.8363574701,1863907.0585911323,10
-1254187.5236409425,1863907.0585911323,10
-1253724.2109244152,1863907.0585911323,10
-1253260.8982078875,1863907.0585911323,10
-1252797.5854913602,1863907.0585911323,10
-1252334.2727748326,1863907.0585911323,10
-1251870.9600583052,1863907.0585911323,10
-1251407.6473417776,1863907.0585911323,10
-1250944.3346252502,1863907.0585911323,10
-1250481.0219087226,1863907.0585911323,10
-1250017.7091921952,1863907.0585911323,10
-1249554.3964756676,1863907.0585911323,10
-1249091.0837591402,1863907.0585911323,10
-1248627.7710426126,1863907.0585911323,10
-1248164.458326085,1863907.0585911323,10
-1247701.1456095576,1863907.0585911323,10
-1247237.83289303,1863907.0585911323,10
-1246774.5201765026,1863907.0585911323,10
-1246311.207459975,1863907.0585911323,10
-1245847.8947434477,1863907.0585911323,10
-1245384.58202692,1863907.0585911323,10
-1244921.2693103927,1863907.0585911323,10
-1244457.956593865,1863907.0585911323,10
-1243994.6438773377,1863907.0585911323,10
-1243531.33116081,1863907.0585911323,10
-1243068.0184442827,1863907.0585911323,10
-1242604.705727755,1863907.0585911323,10
-1242141.3930112277,1863907.0585911323,10
-1241678.0802947,1863907.0585911323,10
-1241214.7675781725,1863907.0585911323,10
-1240751.4548616451,1863907.0585911323,10
-1240288.1421451175,1863907.0585911323,10
-1239824.8294285901,1863907.0585911323,10
-1239361.5167120625,1863907.0585911323,10
-1238898.2039955352,1863907.0585911323,10
-1238434.8912790075,1863907.0585911323,10
-1237971.5785624802,1863907.0585911323,10
-1237508.2658459526,1863907.0585911323,10
-1237044.9531294252,1863907.0585911323,10
-1236581.6404128976,1863907.0585911323,10
-1236118.3276963702,1863907.0585911323,10
-1235655.0149798426,1863907.0585911323,10
-1235191.7022633152,1863907.0585911323,10
-1234728.3895467876,1863907.0585911323,10
-1234265.07683026,1863907.0585911323,10
-1233801.7641137326,1863907.0585911323,10
-1233338.4513972052,1863907.0585911323,10
-1232875.1386806776,1863907.0585911323,10
-1232411.82596415,1863907.0585911323,10
-1231948.5132476226,1863907.0585911323,10
-1231485.200531095,1863907.0585911323,10
-1231021.8878145677,1863907.0585911323,10
-1230558.57509804,1863907.0585911323,10
-1230095.2623815127,1863907.0585911323,10
-1229631.949664985,1863907.0585911323,10
-1229168.6369484577,1863907.0585911323,10
-1228705.32423193,1863907.0585911323,10
-1228242.0115154027,1863907.0585911323,10
-1227778.698798875,1863907.0585911323,10
-1227315.3860823475,1863907.0585911323,10
-1226852.07336582,1863907.0585911323,10
-1226388.7606492927,1863907.0585911323,10
-1225925.4479327651,1863907.0585911323,10
-1225462.1352162375,1863907.0585911323,10
-1224998.8224997101,1863907.0585911323,10
-1224535.5097831825,1863907.0585911323,10
-1224072.1970666551,1863907.0585911323,10
-1223608.8843501275,1863907.0585911323,10
-1223145.5716336002,1863907.0585911323,10
-1222682.2589170726,1863907.0585911323,10
-1222218.9462005452,1863907.0585911323,10
-1221755.6334840176,1863907.0585911323,10
-1221292.3207674902,1863907.0585911323,10
-1220829.0080509626,1863907.0585911323,10
-1220365.6953344352,1863907.0585911323,10
-1219902.3826179076,1863907.0585911323,10
-1219439.0699013802,1863907.0585911323,10
-1218975.7571848526,1863907.0585911323,10
-1218512.444468325,1863907.0585911323,10
-1218049.1317517976,1863907.0585911323,10
-1217585.81903527,1863907.0585911323,10
-1217122.5063187426,1863907.0585911323,10
-1216659.193602215,1863907.0585911323,10
-1216195.8808856877,1863907.0585911323,10
-1215732.56816916,1863907.0585911323,10
-1215269.2554526327,1863907.0585911323,10
-1214805.942736105,1863907.0585911323,16
-1214342.6300195777,1863907.0585911323,10
-1213879.31730305,1863907.0585911323,10
-1213416.0045865227,1863907.0585911323,10
-1212952.691869995,1863907.0585911323,10
-1212489.3791534677,1863907.0585911323,10
-1212026.06643694,1863907.0585911323,10
-1211562.7537204125,1863907.0585911323,10
-1211099.4410038851,1863907.0585911323,10
-1210636.1282873575,1863907.0585911323,10
-1210172.8155708301,1863907.0585911323,10
-1209709.5028543025,1863907.0585911323,10
-1209246.1901377751,1863907.0585911323,10
-1208782.8774212475,1863907.0585911323,10
-1208319.5647047202,1863907.0585911323,10
-1207856.2519881926,1863907.0585911323,10
-1207392.9392716652,1863907.0585911323,10
-1206929.6265551376,1863907.0585911323,10
-1206466.3138386102,1863907.0585911323,10
-1206003.0011220826,1863907.0585911323,10
-1205539.6884055552,1863907.0585911323,10
-1205076.3756890276,1863907.0585911323,10
-1204613.0629725,1863907.0585911323,10
-1204149.7502559726,1863907.0585911323,10
-1203686.4375394452,1863907.0585911323,10
-1203223.1248229176,1863907.0585911323,10
-1202759.81210639,1863907.0585911323,10
-1202296.4993898626,1863907.0585911323,10
-1201833.186673335,1863907.0585911323,10
-1201369.8739568077,1863907.0585911323,10
-1200906.56124028,1863907.0585911323,10
-1200443.2485237527,1863907.0585911323,10
-1199979.935807225,1863907.0585911323,10
-1199516.6230906977,1863907.0585911323,10
-1199053.31037417,1863907.0585911323,10
-1198589.9976576427,1863907.0585911323,10
-1198126.684941115,1863907.0585911323,10
-1197663.3722245875,1863907.0585911323,10
-1197200.05950806,1863907.0585911323,10
-1196736.7467915327,1863907.0585911323,10
-1196273.4340750051,1863907.0585911323,10
-1195810.1213584775,1863907.0585911323,10
-1195346.8086419501,1863907.0585911323,10
-1194883.4959254225,1863907.0585911323,10
-1194420.1832088951,1863907.0585911323,10
-1193956.8704923675,1863907.0585911323,10
-1193493.5577758402,1863907.0585911323,10
-1193030.2450593126,1863907.0585911323,10
-1192566.9323427852,1863907.0585911323,10
-1192103.6196262576,1863907.0585911323,10
-1191640.3069097302,1863907.0585911323,10
-1191176.9941932026,1863907.0585911323,10
-1190713.6814766752,1863907.0585911323,10
-1190250.3687601476,1863907.0585911323,10
-1189787.0560436202,1863907.0585911323,10
-1189323.7433270926,1863907.0585911323,10
-1188860.430610565,1863907.0585911323,10
-1188397.1178940376,1863907.0585911323,10
-1187933.80517751,1863907.0585911323,10
-1187470.4924609826,1863907.0585911323,10
-1187007.179744455,1863907.0585911323,10
-1186543.8670279277,1863907.0585911323,10
-1186080.5543114,1863907.0585911323,10
-1185617.2415948727,1863907.0585911323,10
-1185153.928878345,1863907.0585911323,10
-1184690.6161618177,1863907.0585911323,10
-1184227.30344529,1863907.0585911323,10
-1183763.9907287627,1863907.0585911323,10
-1183300.678012235,1863907.0585911323,10
-1182837.3652957077,1863907.0585911323,10
-1182374.05257918,1863907.0585911323,10
-1181910.7398626525,1863907.0585911323,10
-1181447.4271461251,1863907.0585911323,10
-1180984.1144295975,1863907.0585911323,10
-1180520.8017130701,1863907.0585911323,10
-1180057.4889965425,1863907.0585911323,10
-1179594.1762800151,1863907.0585911323,10
-1179130.8635634875,1863907.0585911323,10
-1178667.5508469602,1863907.0585911323,10
-1178204.2381304326,1863907.0585911323,10
-1177740.9254139052,1863907.0585911323,10
-1177277.6126973776,1863907.0585911323,10
-1176814.2999808502,1863907.0585911323,10
-1176350.9872643226,1863907.0585911323,10
-1175887.6745477952,1863907.0585911323,10
-1175424.3618312676,1863907.0585911323,10
-1174961.04911474,1863907.0585911323,10
-1174497.7363982126,1863907.0585911323,10
-1174034.4236816852,1863907.0585911323,10
-1173571.1109651576,1863907.0585911323,10
-1173107.79824863,1863907.0585911323,10
-1172644.4855321026,1863907.0585911323,10
-1172181.172815575,1863907.0585911323,10
-1171717.8600990477,1863907.0585911323,10
-1171254.54738252,1863907.0585911323,10
-1170791.2346659927,1863907.0585911323,10
-1170327.921949465,1863907.0585911323,10
-1169864.6092329377,1863907.0585911323,10
-1169401.29651641,1863907.0585911323,10
-1168937.9837998827,1863907.0585911323,10
-1168474.671083355,1863907.0585911323,10
-1168011.3583668275,1863907.0585911323,10
-1167548.0456503,1863907.0585911323,10
-1167084.7329337727,1863907.0585911323,10
-1166621.4202172451,1863907.0585911323,10
-1166158.1075007175,1863907.0585911323,10
-1165694.7947841901,1863907.0585911323,10
-1165231.4820676625,1863907.0585911323,10
-1164768.1693511351,1863907.0585911323,10
-1364919.262891015,1863443.7458746047,10
-1364455.9501744877,1863443.7458746047,10
-1363992.63745796,1863443.7458746047,10
-1363529.3247414327,1863443.7458746047,10
-1363066.012024905,1863443.7458746047,10
-1362602.6993083777,1863443.7458746047,10
-1362139.38659185,1863443.7458746047,10
-1361676.0738753227,1863443.7458746047,10
-1361212.761158795,1863443.7458746047,10
-1360749.4484422677,1863443.7458746047,10
-1360286.13572574,1863443.7458746047,10
-1359822.8230092125,1863443.7458746047,10
-1359359.5102926851,1863443.7458746047,10
-1358896.1975761575,1863443.7458746047,10
-1358432.8848596301,1863443.7458746047,10
-1357969.5721431025,1863443.7458746047,10
-1357506.2594265752,1863443.7458746047,10
-1357042.9467100475,1863443.7458746047,10
-1356579.6339935202,1863443.7458746047,10
-1356116.3212769926,1863443.7458746047,10
-1355653.0085604652,1863443.7458746047,10
-1355189.6958439376,1863443.7458746047,10
-1354726.3831274102,1863443.7458746047,10
-1354263.0704108826,1863443.7458746047,10
-1353799.7576943552,1863443.7458746047,10
-1353336.4449778276,1863443.7458746047,10
-1352873.1322613002,1863443.7458746047,10
-1352409.8195447726,1863443.7458746047,10
-1351946.506828245,1863443.7458746047,10
-1351483.1941117176,1863443.7458746047,10
-1351019.88139519,1863443.7458746047,10
-1350556.5686786626,1863443.7458746047,10
-1350093.255962135,1863443.7458746047,10
-1349629.9432456077,1863443.7458746047,10
-1349166.63052908,1863443.7458746047,16
-1348703.3178125527,1863443.7458746047,10
-1348240.005096025,1863443.7458746047,10
-1347776.6923794977,1863443.7458746047,10
-1347313.37966297,1863443.7458746047,10
-1346850.0669464427,1863443.7458746047,10
-1346386.754229915,1863443.7458746047,16
-1345923.4415133877,1863443.7458746047,16
-1345460.12879686,1863443.7458746047,16
-1344996.8160803327,1863443.7458746047,16
-1344533.5033638051,1863443.7458746047,16
-1344070.1906472775,1863443.7458746047,16
-1343606.8779307501,1863443.7458746047,10
-1343143.5652142225,1863443.7458746047,10
-1342680.2524976952,1863443.7458746047,10
-1342216.9397811675,1863443.7458746047,16
-1341753.6270646402,1863443.7458746047,16
-1341290.3143481126,1863443.7458746047,16
-1340827.0016315852,1863443.7458746047,16
-1340363.6889150576,1863443.7458746047,16
-1339900.3761985302,1863443.7458746047,16
-1339437.0634820026,1863443.7458746047,16
-1338973.7507654752,1863443.7458746047,16
-1338510.4380489476,1863443.7458746047,10
-1338047.1253324202,1863443.7458746047,16
-1337583.8126158926,1863443.7458746047,16
-1337120.499899365,1863443.7458746047,16
-1336657.1871828376,1863443.7458746047,16
-1336193.87446631,1863443.7458746047,16
-1335730.5617497826,1863443.7458746047,16
-1335267.249033255,1863443.7458746047,16
-1334803.9363167277,1863443.7458746047,16
-1334340.6236002,1863443.7458746047,16
-1333877.3108836727,1863443.7458746047,16
-1333413.998167145,1863443.7458746047,16
-1332950.6854506177,1863443.7458746047,16
-1332487.37273409,1863443.7458746047,16
-1332024.0600175627,1863443.7458746047,16
-1331560.747301035,1863443.7458746047,16
-1331097.4345845077,1863443.7458746047,16
-1330634.12186798,1863443.7458746047,16
-1330170.8091514525,1863443.7458746047,16
-1329707.4964349251,1863443.7458746047,16
-1329244.1837183975,1863443.7458746047,16
-1328780.8710018701,1863443.7458746047,16
-1328317.5582853425,1863443.7458746047,16
-1327854.2455688152,1863443.7458746047,16
-1327390.9328522875,1863443.7458746047,16
-1326927.6201357602,1863443.7458746047,16
-1326464.3074192326,1863443.7458746047,16
-1326000.9947027052,1863443.7458746047,16
-1325537.6819861776,1863443.7458746047,16
-1325074.3692696502,1863443.7458746047,16
-1324611.0565531226,1863443.7458746047,16
-1324147.7438365952,1863443.7458746047,16
-1323684.4311200676,1863443.7458746047,16
-1323221.11840354,1863443.7458746047,16
-1322757.8056870126,1863443.7458746047,16
-1322294.492970485,1863443.7458746047,16
-1321831.1802539576,1863443.7458746047,16
-1321367.86753743,1863443.7458746047,16
-1320904.5548209026,1863443.7458746047,16
-1320441.242104375,1863443.7458746047,16
-1319977.9293878477,1863443.7458746047,16
-1319514.61667132,1863443.7458746047,16
-1319051.3039547927,1863443.7458746047,16
-1318587.991238265,1863443.7458746047,16
-1318124.6785217377,1863443.7458746047,16
-1317661.36580521,1863443.7458746047,16
-1317198.0530886827,1863443.7458746047,16
-1316734.740372155,1863443.7458746047,16
-1316271.4276556277,1863443.7458746047,16
-1315808.1149391,1863443.7458746047,16
-1315344.8022225727,1863443.7458746047,16
-1314881.4895060451,1863443.7458746047,16
-1314418.1767895175,1863443.7458746047,16
-1313954.8640729901,1863443.7458746047,16
-1313491.5513564625,1863443.7458746047,16
-1313028.2386399352,1863443.7458746047,16
-1312564.9259234075,1863443.7458746047,16
-1312101.6132068802,1863443.7458746047,16
-1311638.3004903526,1863443.7458746047,16
-1311174.9877738252,1863443.7458746047,16
-1310711.6750572976,1863443.7458746047,16
-1310248.3623407702,1863443.7458746047,16
-1309785.0496242426,1863443.7458746047,16
-1309321.7369077152,1863443.7458746047,16
-1308858.4241911876,1863443.7458746047,16
-1308395.1114746602,1863443.7458746047,16
-1307931.7987581326,1863443.7458746047,16
-1307468.486041605,1863443.7458746047,16
-1307005.1733250776,1863443.7458746047,16
-1306541.86060855,1863443.7458746047,16
-1306078.5478920226,1863443.7458746047,16
-1305615.235175495,1863443.7458746047,16
-1305151.9224589677,1863443.7458746047,16
-1304688.60974244,1863443.7458746047,16
-1304225.2970259127,1863443.7458746047,16
-1303761.984309385,1863443.7458746047,16
-1303298.6715928577,1863443.7458746047,16
-1302835.35887633,1863443.7458746047,16
-1302372.0461598027,1863443.7458746047,16
-1301908.733443275,1863443.7458746047,16
-1301445.4207267477,1863443.7458746047,16
-1300982.10801022,1863443.7458746047,10
-1300518.7952936925,1863443.7458746047,10
-1300055.4825771651,1863443.7458746047,10
-1299592.1698606375,1863443.7458746047,10
-1299128.8571441101,1863443.7458746047,10
-1298665.5444275825,1863443.7458746047,10
-1298202.2317110552,1863443.7458746047,10
-1297738.9189945275,1863443.7458746047,10
-1297275.6062780002,1863443.7458746047,10
-1296812.2935614726,1863443.7458746047,10
-1296348.9808449452,1863443.7458746047,16
-1295885.6681284176,1863443.7458746047,16
-1295422.3554118902,1863443.7458746047,16
-1294959.0426953626,1863443.7458746047,16
-1294495.7299788352,1863443.7458746047,10
-1294032.4172623076,1863443.7458746047,16
-1293569.10454578,1863443.7458746047,16
-1293105.7918292526,1863443.7458746047,10
-1292642.479112725,1863443.7458746047,10
-1292179.1663961976,1863443.7458746047,10
-1291715.85367967,1863443.7458746047,10
-1291252.5409631426,1863443.7458746047,10
-1290789.228246615,1863443.7458746047,10
-1290325.9155300877,1863443.7458746047,10
-1289862.60281356,1863443.7458746047,10
-1289399.2900970327,1863443.7458746047,10
-1288935.977380505,1863443.7458746047,10
-1288472.6646639777,1863443.7458746047,10
-1288009.35194745,1863443.7458746047,10
-1287546.0392309227,1863443.7458746047,10
-1287082.726514395,1863443.7458746047,10
-1286619.4137978677,1863443.7458746047,10
-1286156.10108134,1863443.7458746047,10
-1285692.7883648127,1863443.7458746047,10
-1285229.4756482851,1863443.7458746047,10
-1284766.1629317575,1863443.7458746047,10
-1284302.8502152301,1863443.7458746047,10
-1283839.5374987025,1863443.7458746047,10
-1283376.2247821752,1863443.7458746047,10
-1282912.9120656475,1863443.7458746047,10
-1282449.5993491202,1863443.7458746047,10
-1281986.2866325926,1863443.7458746047,10
-1281522.9739160652,1863443.7458746047,10
-1281059.6611995376,1863443.7458746047,10
-1280596.3484830102,1863443.7458746047,10
-1280133.0357664826,1863443.7458746047,10
-1279669.7230499552,1863443.7458746047,10
-1279206.4103334276,1863443.7458746047,10
-1278743.0976169002,1863443.7458746047,10
-1278279.7849003726,1863443.7458746047,10
-1277816.472183845,1863443.7458746047,10
-1277353.1594673176,1863443.7458746047,10
-1276889.84675079,1863443.7458746047,10
-1276426.5340342626,1863443.7458746047,10
-1275963.221317735,1863443.7458746047,10
-1275499.9086012077,1863443.7458746047,10
-1275036.59588468,1863443.7458746047,10
-1274573.2831681527,1863443.7458746047,10
-1274109.970451625,1863443.7458746047,10
-1273646.6577350977,1863443.7458746047,10
-1273183.34501857,1863443.7458746047,10
-1272720.0323020427,1863443.7458746047,10
-1272256.719585515,1863443.7458746047,10
-1271793.4068689877,1863443.7458746047,10
-1271330.09415246,1863443.7458746047,10
-1270866.7814359325,1863443.7458746047,10
-1270403.4687194051,1863443.7458746047,10
-1269940.1560028775,1863443.7458746047,10
-1269476.8432863501,1863443.7458746047,10
-1269013.5305698225,1863443.7458746047,10
-1268550.2178532952,1863443.7458746047,10
-1268086.9051367675,1863443.7458746047,10
-1267623.5924202402,1863443.7458746047,10
-1267160.2797037126,1863443.7458746047,10
-1266696.9669871852,1863443.7458746047,10
-1266233.6542706576,1863443.7458746047,10
-1265770.3415541302,1863443.7458746047,10
-1265307.0288376026,1863443.7458746047,10
-1264843.7161210752,1863443.7458746047,10
-1264380.4034045476,1863443.7458746047,10
-1263917.09068802,1863443.7458746047,10
-1263453.7779714926,1863443.7458746047,10
-1262990.465254965,1863443.7458746047,10
-1262527.1525384376,1863443.7458746047,10
-1262063.83982191,1863443.7458746047,10
-1261600.5271053826,1863443.7458746047,10
-1261137.214388855,1863443.7458746047,10
-1260673.9016723277,1863443.7458746047,10
-1260210.5889558,1863443.7458746047,10
-1259747.2762392727,1863443.7458746047,10
-1259283.963522745,1863443.7458746047,10
-1258820.6508062177,1863443.7458746047,10
-1258357.33808969,1863443.7458746047,10
-1257894.0253731627,1863443.7458746047,10
-1257430.712656635,1863443.7458746047,10
-1256967.3999401077,1863443.7458746047,10
-1256504.08722358,1863443.7458746047,10
-1256040.7745070527,1863443.7458746047,10
-1255577.4617905251,1863443.7458746047,10
-1255114.1490739975,1863443.7458746047,10
-1254650.8363574701,1863443.7458746047,10
-1254187.5236409425,1863443.7458746047,10
-1253724.2109244152,1863443.7458746047,10
-1253260.8982078875,1863443.7458746047,10
-1252797.5854913602,1863443.7458746047,10
-1252334.2727748326,1863443.7458746047,10
-1251870.9600583052,1863443.7458746047,10
-1251407.6473417776,1863443.7458746047,10
-1250944.3346252502,1863443.7458746047,10
-1250481.0219087226,1863443.7458746047,10
-1250017.7091921952,1863443.7458746047,10
-1249554.3964756676,1863443.7458746047,10
-1249091.0837591402,1863443.7458746047,10
-1248627.7710426126,1863443.7458746047,10
-1248164.458326085,1863443.7458746047,10
-1247701.1456095576,1863443.7458746047,10
-1247237.83289303,1863443.7458746047,10
-1246774.5201765026,1863443.7458746047,10
-1246311.207459975,1863443.7458746047,10
-1245847.8947434477,1863443.7458746047,10
-1245384.58202692,1863443.7458746047,10
-1244921.2693103927,1863443.7458746047,10
-1244457.956593865,1863443.7458746047,10
-1243994.6438773377,1863443.7458746047,10
-1243531.33116081,1863443.7458746047,10
-1243068.0184442827,1863443.7458746047,10
-1242604.705727755,1863443.7458746047,10
-1242141.3930112277,1863443.7458746047,10
-1241678.0802947,1863443.7458746047,10
-1241214.7675781725,1863443.7458746047,10
-1240751.4548616451,1863443.7458746047,10
-1240288.1421451175,1863443.7458746047,10
-1239824.8294285901,1863443.7458746047,10
-1239361.5167120625,1863443.7458746047,10
-1238898.2039955352,1863443.7458746047,10
-1238434.8912790075,1863443.7458746047,10
-1237971.5785624802,1863443.7458746047,10
-1237508.2658459526,1863443.7458746047,10
-1237044.9531294252,1863443.7458746047,10
-1236581.6404128976,1863443.7458746047,10
-1236118.3276963702,1863443.7458746047,10
-1235655.0149798426,1863443.7458746047,10
-1235191.7022633152,1863443.7458746047,10
-1234728.3895467876,1863443.7458746047,10
-1234265.07683026,1863443.7458746047,10
-1233801.7641137326,1863443.7458746047,10
-1233338.4513972052,1863443.7458746047,10
-1232875.1386806776,1863443.7458746047,10
-1232411.82596415,1863443.7458746047,10
-1231948.5132476226,1863443.7458746047,10
-1231485.200531095,1863443.7458746047,10
-1231021.8878145677,1863443.7458746047,10
-1230558.57509804,1863443.7458746047,10
-1230095.2623815127,1863443.7458746047,10
-1229631.949664985,1863443.7458746047,10
-1229168.6369484577,1863443.7458746047,10
-1228705.32423193,1863443.7458746047,10
-1228242.0115154027,1863443.7458746047,10
-1227778.698798875,1863443.7458746047,10
-1227315.3860823475,1863443.7458746047,10
-1226852.07336582,1863443.7458746047,10
-1226388.7606492927,1863443.7458746047,10
-1225925.4479327651,1863443.7458746047,10
-1225462.1352162375,1863443.7458746047,10
-1224998.8224997101,1863443.7458746047,10
-1224535.5097831825,1863443.7458746047,10
-1224072.1970666551,1863443.7458746047,10
-1223608.8843501275,1863443.7458746047,10
-1223145.5716336002,1863443.7458746047,10
-1222682.2589170726,1863443.7458746047,10
-1222218.9462005452,1863443.7458746047,10
-1221755.6334840176,1863443.7458746047,10
-1221292.3207674902,1863443.7458746047,10
-1220829.0080509626,1863443.7458746047,10
-1220365.6953344352,1863443.7458746047,10
-1219902.3826179076,1863443.7458746047,10
-1219439.0699013802,1863443.7458746047,10
-1218975.7571848526,1863443.7458746047,10
-1218512.444468325,1863443.7458746047,10
-1218049.1317517976,1863443.7458746047,10
-1217585.81903527,1863443.7458746047,10
-1217122.5063187426,1863443.7458746047,10
-1216659.193602215,1863443.7458746047,10
-1216195.8808856877,1863443.7458746047,10
-1215732.56816916,1863443.7458746047,10
-1215269.2554526327,1863443.7458746047,10
-1214805.942736105,1863443.7458746047,10
-1214342.6300195777,1863443.7458746047,10
-1213879.31730305,1863443.7458746047,10
-1213416.0045865227,1863443.7458746047,10
-1212952.691869995,1863443.7458746047,10
-1212489.3791534677,1863443.7458746047,10
-1212026.06643694,1863443.7458746047,10
-1211562.7537204125,1863443.7458746047,10
-1211099.4410038851,1863443.7458746047,10
-1210636.1282873575,1863443.7458746047,10
-1210172.8155708301,1863443.7458746047,10
-1209709.5028543025,1863443.7458746047,10
-1209246.1901377751,1863443.7458746047,10
-1208782.8774212475,1863443.7458746047,10
-1208319.5647047202,1863443.7458746047,10
-1207856.2519881926,1863443.7458746047,10
-1207392.9392716652,1863443.7458746047,10
-1206929.6265551376,1863443.7458746047,10
-1206466.3138386102,1863443.7458746047,10
-1206003.0011220826,1863443.7458746047,10
-1205539.6884055552,1863443.7458746047,10
-1205076.3756890276,1863443.7458746047,10
-1204613.0629725,1863443.7458746047,10
-1204149.7502559726,1863443.7458746047,10
-1203686.4375394452,1863443.7458746047,10
-1203223.1248229176,1863443.7458746047,10
-1202759.81210639,1863443.7458746047,10
-1202296.4993898626,1863443.7458746047,10
-1201833.186673335,1863443.7458746047,10
-1201369.8739568077,1863443.7458746047,10
-1200906.56124028,1863443.7458746047,10
-1200443.2485237527,1863443.7458746047,10
-1199979.935807225,1863443.7458746047,10
-1199516.6230906977,1863443.7458746047,10
-1199053.31037417,1863443.7458746047,10
-1198589.9976576427,1863443.7458746047,10
-1198126.684941115,1863443.7458746047,10
-1197663.3722245875,1863443.7458746047,10
-1197200.05950806,1863443.7458746047,10
-1196736.7467915327,1863443.7458746047,10
-1196273.4340750051,1863443.7458746047,10
-1195810.1213584775,1863443.7458746047,10
-1195346.8086419501,1863443.7458746047,10
-1194883.4959254225,1863443.7458746047,10
-1194420.1832088951,1863443.7458746047,10
-1193956.8704923675,1863443.7458746047,10
-1193493.5577758402,1863443.7458746047,10
-1193030.2450593126,1863443.7458746047,10
-1192566.9323427852,1863443.7458746047,10
-1192103.6196262576,1863443.7458746047,10
-1191640.3069097302,1863443.7458746047,10
-1191176.9941932026,1863443.7458746047,10
-1190713.6814766752,1863443.7458746047,10
-1190250.3687601476,1863443.7458746047,10
-1189787.0560436202,1863443.7458746047,10
-1189323.7433270926,1863443.7458746047,10
-1188860.430610565,1863443.7458746047,10
-1188397.1178940376,1863443.7458746047,10
-1187933.80517751,1863443.7458746047,10
-1187470.4924609826,1863443.7458746047,10
-1187007.179744455,1863443.7458746047,10
-1186543.8670279277,1863443.7458746047,10
-1186080.5543114,1863443.7458746047,10
-1185617.2415948727,1863443.7458746047,10
-1185153.928878345,1863443.7458746047,10
-1184690.6161618177,1863443.7458746047,10
-1184227.30344529,1863443.7458746047,10
-1183763.9907287627,1863443.7458746047,10
-1183300.678012235,1863443.7458746047,10
-1182837.3652957077,1863443.7458746047,10
-1182374.05257918,1863443.7458746047,10
-1181910.7398626525,1863443.7458746047,10
-1181447.4271461251,1863443.7458746047,10
-1180984.1144295975,1863443.7458746047,10
-1180520.8017130701,1863443.7458746047,10
-1180057.4889965425,1863443.7458746047,10
-1179594.1762800151,1863443.7458746047,10
-1179130.8635634875,1863443.7458746047,10
-1178667.5508469602,1863443.7458746047,10
-1178204.2381304326,1863443.7458746047,10
-1177740.9254139052,1863443.7458746047,10
-1177277.6126973776,1863443.7458746047,10
-1176814.2999808502,1863443.7458746047,10
-1176350.9872643226,1863443.7458746047,10
-1175887.6745477952,1863443.7458746047,10
-1175424.3618312676,1863443.7458746047,10
-1174961.04911474,1863443.7458746047,10
-1174497.7363982126,1863443.7458746047,10
-1174034.4236816852,1863443.7458746047,10
-1173571.1109651576,1863443.7458746047,10
-1173107.79824863,1863443.7458746047,10
-1172644.4855321026,1863443.7458746047,10
-1172181.172815575,1863443.7458746047,10
-1171717.8600990477,1863443.7458746047,10
-1171254.54738252,1863443.7458746047,10
-1170791.2346659927,1863443.7458746047,10
-1170327.921949465,1863443.7458746047,10
-1169864.6092329377,1863443.7458746047,10
-1169401.29651641,1863443.7458746047,10
-1168937.9837998827,1863443.7458746047,10
-1168474.671083355,1863443.7458746047,10
-1168011.3583668275,1863443.7458746047,10
-1167548.0456503,1863443.7458746047,10
-1167084.7329337727,1863443.7458746047,10
-1166621.4202172451,1863443.7458746047,10
-1166158.1075007175,1863443.7458746047,10
-1165694.7947841901,1863443.7458746047,10
-1165231.4820676625,1863443.7458746047,10
-1164768.1693511351,1863443.7458746047,10
-1365845.88832407,1862980.4331580773,10
-1365382.5756075426,1862980.4331580773,10
-1364919.262891015,1862980.4331580773,10
-1364455.9501744877,1862980.4331580773,10
-1363992.63745796,1862980.4331580773,10
-1363529.3247414327,1862980.4331580773,10
-1363066.012024905,1862980.4331580773,10
-1362602.6993083777,1862980.4331580773,10
-1362139.38659185,1862980.4331580773,10
-1361676.0738753227,1862980.4331580773,10
-1361212.761158795,1862980.4331580773,10
-1360749.4484422677,1862980.4331580773,16
-1360286.13572574,1862980.4331580773,10
-1359822.8230092125,1862980.4331580773,10
-1359359.5102926851,1862980.4331580773,10
-1358896.1975761575,1862980.4331580773,10
-1358432.8848596301,1862980.4331580773,10
-1357969.5721431025,1862980.4331580773,10
-1357506.2594265752,1862980.4331580773,10
-1357042.9467100475,1862980.4331580773,10
-1356579.6339935202,1862980.4331580773,10
-1356116.3212769926,1862980.4331580773,10
-1355653.0085604652,1862980.4331580773,10
-1355189.6958439376,1862980.4331580773,10
-1354726.3831274102,1862980.4331580773,10
-1354263.0704108826,1862980.4331580773,10
-1353799.7576943552,1862980.4331580773,10
-1353336.4449778276,1862980.4331580773,10
-1352873.1322613002,1862980.4331580773,10
-1352409.8195447726,1862980.4331580773,10
-1351946.506828245,1862980.4331580773,10
-1351483.1941117176,1862980.4331580773,10
-1351019.88139519,1862980.4331580773,10
-1350556.5686786626,1862980.4331580773,10
-1350093.255962135,1862980.4331580773,10
-1349629.9432456077,1862980.4331580773,10
-1349166.63052908,1862980.4331580773,10
-1348703.3178125527,1862980.4331580773,10
-1348240.005096025,1862980.4331580773,10
-1347776.6923794977,1862980.4331580773,10
-1347313.37966297,1862980.4331580773,10
-1346850.0669464427,1862980.4331580773,16
-1346386.754229915,1862980.4331580773,16
-1345923.4415133877,1862980.4331580773,10
-1345460.12879686,1862980.4331580773,10
-1344996.8160803327,1862980.4331580773,10
-1344533.5033638051,1862980.4331580773,10
-1344070.1906472775,1862980.4331580773,10
-1343606.8779307501,1862980.4331580773,10
-1343143.5652142225,1862980.4331580773,10
-1342680.2524976952,1862980.4331580773,10
-1342216.9397811675,1862980.4331580773,16
-1341753.6270646402,1862980.4331580773,16
-1341290.3143481126,1862980.4331580773,16
-1340827.0016315852,1862980.4331580773,16
-1340363.6889150576,1862980.4331580773,16
-1339900.3761985302,1862980.4331580773,16
-1339437.0634820026,1862980.4331580773,16
-1338973.7507654752,1862980.4331580773,16
-1338510.4380489476,1862980.4331580773,10
-1338047.1253324202,1862980.4331580773,16
-1337583.8126158926,1862980.4331580773,16
-1337120.499899365,1862980.4331580773,16
-1336657.1871828376,1862980.4331580773,16
-1336193.87446631,1862980.4331580773,16
-1335730.5617497826,1862980.4331580773,16
-1335267.249033255,1862980.4331580773,16
-1334803.9363167277,1862980.4331580773,16
-1334340.6236002,1862980.4331580773,16
-1333877.3108836727,1862980.4331580773,16
-1333413.998167145,1862980.4331580773,16
-1332950.6854506177,1862980.4331580773,16
-1332487.37273409,1862980.4331580773,16
-1332024.0600175627,1862980.4331580773,16
-1331560.747301035,1862980.4331580773,16
-1331097.4345845077,1862980.4331580773,16
-1330634.12186798,1862980.4331580773,16
-1330170.8091514525,1862980.4331580773,16
-1329707.4964349251,1862980.4331580773,16
-1329244.1837183975,1862980.4331580773,16
-1328780.8710018701,1862980.4331580773,16
-1328317.5582853425,1862980.4331580773,16
-1327854.2455688152,1862980.4331580773,16
-1327390.9328522875,1862980.4331580773,16
-1326927.6201357602,1862980.4331580773,16
-1326464.3074192326,1862980.4331580773,16
-1326000.9947027052,1862980.4331580773,10
-1325537.6819861776,1862980.4331580773,16
-1325074.3692696502,1862980.4331580773,16
-1324611.0565531226,1862980.4331580773,16
-1324147.7438365952,1862980.4331580773,16
-1323684.4311200676,1862980.4331580773,16
-1323221.11840354,1862980.4331580773,16
-1322757.8056870126,1862980.4331580773,16
-1322294.492970485,1862980.4331580773,16
-1321831.1802539576,1862980.4331580773,16
-1321367.86753743,1862980.4331580773,16
-1320904.5548209026,1862980.4331580773,16
-1320441.242104375,1862980.4331580773,16
-1319977.9293878477,1862980.4331580773,16
-1319514.61667132,1862980.4331580773,16
-1319051.3039547927,1862980.4331580773,16
-1318587.991238265,1862980.4331580773,16
-1318124.6785217377,1862980.4331580773,16
-1317661.36580521,1862980.4331580773,16
-1317198.0530886827,1862980.4331580773,16
-1316734.740372155,1862980.4331580773,16
-1316271.4276556277,1862980.4331580773,16
-1315808.1149391,1862980.4331580773,16
-1315344.8022225727,1862980.4331580773,16
-1314881.4895060451,1862980.4331580773,16
-1314418.1767895175,1862980.4331580773,16
-1313954.8640729901,1862980.4331580773,16
-1313491.5513564625,1862980.4331580773,16
-1313028.2386399352,1862980.4331580773,16
-1312564.9259234075,1862980.4331580773,16
-1312101.6132068802,1862980.4331580773,16
-1311638.3004903526,1862980.4331580773,16
-1311174.9877738252,1862980.4331580773,16
-1310711.6750572976,1862980.4331580773,16
-1310248.3623407702,1862980.4331580773,16
-1309785.0496242426,1862980.4331580773,16
-1309321.7369077152,1862980.4331580773,16
-1308858.4241911876,1862980.4331580773,16
-1308395.1114746602,1862980.4331580773,16
-1307931.7987581326,1862980.4331580773,16
-1307468.486041605,1862980.4331580773,16
-1307005.1733250776,1862980.4331580773,16
-1306541.86060855,1862980.4331580773,16
-1306078.5478920226,1862980.4331580773,16
-1305615.235175495,1862980.4331580773,16
-1305151.9224589677,1862980.4331580773,16
-1304688.60974244,1862980.4331580773,16
-1304225.2970259127,1862980.4331580773,16
-1303761.984309385,1862980.4331580773,16
-1303298.6715928577,1862980.4331580773,16
-1302835.35887633,1862980.4331580773,16
-1302372.0461598027,1862980.4331580773,16
-1301908.733443275,1862980.4331580773,16
-1301445.4207267477,1862980.4331580773,16
-1300982.10801022,1862980.4331580773,16
-1300518.7952936925,1862980.4331580773,10
-1300055.4825771651,1862980.4331580773,10
-1299592.1698606375,1862980.4331580773,10
-1299128.8571441101,1862980.4331580773,10
-1298665.5444275825,1862980.4331580773,10
-1298202.2317110552,1862980.4331580773,10
-1297738.9189945275,1862980.4331580773,16
-1297275.6062780002,1862980.4331580773,16
-1296812.2935614726,1862980.4331580773,16
-1296348.9808449452,1862980.4331580773,16
-1295885.6681284176,1862980.4331580773,16
-1295422.3554118902,1862980.4331580773,10
-1294959.0426953626,1862980.4331580773,10
-1294495.7299788352,1862980.4331580773,10
-1294032.4172623076,1862980.4331580773,10
-1293569.10454578,1862980.4331580773,10
-1293105.7918292526,1862980.4331580773,10
-1292642.479112725,1862980.4331580773,10
-1292179.1663961976,1862980.4331580773,10
-1291715.85367967,1862980.4331580773,10
-1291252.5409631426,1862980.4331580773,10
-1290789.228246615,1862980.4331580773,10
-1290325.9155300877,1862980.4331580773,10
-1289862.60281356,1862980.4331580773,10
-1289399.2900970327,1862980.4331580773,10
-1288935.977380505,1862980.4331580773,10
-1288472.6646639777,1862980.4331580773,10
-1288009.35194745,1862980.4331580773,10
-1287546.0392309227,1862980.4331580773,10
-1287082.726514395,1862980.4331580773,10
-1286619.4137978677,1862980.4331580773,10
-1286156.10108134,1862980.4331580773,10
-1285692.7883648127,1862980.4331580773,16
-1285229.4756482851,1862980.4331580773,16
-1284766.1629317575,1862980.4331580773,10
-1284302.8502152301,1862980.4331580773,10
-1283839.5374987025,1862980.4331580773,10
-1283376.2247821752,1862980.4331580773,10
-1282912.9120656475,1862980.4331580773,10
-1282449.5993491202,1862980.4331580773,10
-1281986.2866325926,1862980.4331580773,10
-1281522.9739160652,1862980.4331580773,10
-1281059.6611995376,1862980.4331580773,10
-1280596.3484830102,1862980.4331580773,10
-1280133.0357664826,1862980.4331580773,10
-1279669.7230499552,1862980.4331580773,10
-1279206.4103334276,1862980.4331580773,10
-1278743.0976169002,1862980.4331580773,10
-1278279.7849003726,1862980.4331580773,10
-1277816.472183845,1862980.4331580773,10
-1277353.1594673176,1862980.4331580773,10
-1276889.84675079,1862980.4331580773,10
-1276426.5340342626,1862980.4331580773,10
-1275963.221317735,1862980.4331580773,10
-1275499.9086012077,1862980.4331580773,10
-1275036.59588468,1862980.4331580773,10
-1274573.2831681527,1862980.4331580773,10
-1274109.970451625,1862980.4331580773,10
-1273646.6577350977,1862980.4331580773,10
-1273183.34501857,1862980.4331580773,10
-1272720.0323020427,1862980.4331580773,10
-1272256.719585515,1862980.4331580773,10
-1271793.4068689877,1862980.4331580773,10
-1271330.09415246,1862980.4331580773,10
-1270866.7814359325,1862980.4331580773,10
-1270403.4687194051,1862980.4331580773,10
-1269940.1560028775,1862980.4331580773,10
-1269476.8432863501,1862980.4331580773,10
-1269013.5305698225,1862980.4331580773,10
-1268550.2178532952,1862980.4331580773,10
-1268086.9051367675,1862980.4331580773,10
-1267623.5924202402,1862980.4331580773,10
-1267160.2797037126,1862980.4331580773,10
-1266696.9669871852,1862980.4331580773,10
-1266233.6542706576,1862980.4331580773,10
-1265770.3415541302,1862980.4331580773,10
-1265307.0288376026,1862980.4331580773,10
-1264843.7161210752,1862980.4331580773,10
-1264380.4034045476,1862980.4331580773,10
-1263917.09068802,1862980.4331580773,10
-1263453.7779714926,1862980.4331580773,10
-1262990.465254965,1862980.4331580773,10
-1262527.1525384376,1862980.4331580773,10
-1262063.83982191,1862980.4331580773,10
-1261600.5271053826,1862980.4331580773,10
-1261137.214388855,1862980.4331580773,10
-1260673.9016723277,1862980.4331580773,10
-1260210.5889558,1862980.4331580773,10
-1259747.2762392727,1862980.4331580773,10
-1259283.963522745,1862980.4331580773,10
-1258820.6508062177,1862980.4331580773,10
-1258357.33808969,1862980.4331580773,10
-1257894.0253731627,1862980.4331580773,10
-1257430.712656635,1862980.4331580773,10
-1256967.3999401077,1862980.4331580773,10
-1256504.08722358,1862980.4331580773,10
-1256040.7745070527,1862980.4331580773,10
-1255577.4617905251,1862980.4331580773,10
-1255114.1490739975,1862980.4331580773,10
-1254650.8363574701,1862980.4331580773,10
-1254187.5236409425,1862980.4331580773,10
-1253724.2109244152,1862980.4331580773,10
-1253260.8982078875,1862980.4331580773,10
-1252797.5854913602,1862980.4331580773,10
-1252334.2727748326,1862980.4331580773,10
-1251870.9600583052,1862980.4331580773,10
-1251407.6473417776,1862980.4331580773,10
-1250944.3346252502,1862980.4331580773,10
-1250481.0219087226,1862980.4331580773,10
-1250017.7091921952,1862980.4331580773,10
-1249554.3964756676,1862980.4331580773,10
-1249091.0837591402,1862980.4331580773,10
-1248627.7710426126,1862980.4331580773,10
-1248164.458326085,1862980.4331580773,10
-1247701.1456095576,1862980.4331580773,10
-1247237.83289303,1862980.4331580773,10
-1246774.5201765026,1862980.4331580773,10
-1246311.207459975,1862980.4331580773,10
-1245847.8947434477,1862980.4331580773,10
-1245384.58202692,1862980.4331580773,10
-1244921.2693103927,1862980.4331580773,10
-1244457.956593865,1862980.4331580773,10
-1243994.6438773377,1862980.4331580773,10
-1243531.33116081,1862980.4331580773,10
-1243068.0184442827,1862980.4331580773,10
-1242604.705727755,1862980.4331580773,10
-1242141.3930112277,1862980.4331580773,10
-1241678.0802947,1862980.4331580773,10
-1241214.7675781725,1862980.4331580773,10
-1240751.4548616451,1862980.4331580773,10
-1240288.1421451175,1862980.4331580773,10
-1239824.8294285901,1862980.4331580773,10
-1239361.5167120625,1862980.4331580773,10
-1238898.2039955352,1862980.4331580773,10
-1238434.8912790075,1862980.4331580773,10
-1237971.5785624802,1862980.4331580773,10
-1237508.2658459526,1862980.4331580773,10
-1237044.9531294252,1862980.4331580773,10
-1236581.6404128976,1862980.4331580773,10
-1236118.3276963702,1862980.4331580773,10
-1235655.0149798426,1862980.4331580773,10
-1235191.7022633152,1862980.4331580773,10
-1234728.3895467876,1862980.4331580773,10
-1234265.07683026,1862980.4331580773,10
-1233801.7641137326,1862980.4331580773,10
-1233338.4513972052,1862980.4331580773,10
-1232875.1386806776,1862980.4331580773,10
-1232411.82596415,1862980.4331580773,10
-1231948.5132476226,1862980.4331580773,10
-1231485.200531095,1862980.4331580773,10
-1231021.8878145677,1862980.4331580773,10
-1230558.57509804,1862980.4331580773,10
-1230095.2623815127,1862980.4331580773,10
-1229631.949664985,1862980.4331580773,10
-1229168.6369484577,1862980.4331580773,10
-1228705.32423193,1862980.4331580773,10
-1228242.0115154027,1862980.4331580773,10
-1227778.698798875,1862980.4331580773,10
-1227315.3860823475,1862980.4331580773,10
-1226852.07336582,1862980.4331580773,10
-1226388.7606492927,1862980.4331580773,10
-1225925.4479327651,1862980.4331580773,10
-1225462.1352162375,1862980.4331580773,10
-1224998.8224997101,1862980.4331580773,10
-1224535.5097831825,1862980.4331580773,10
-1224072.1970666551,1862980.4331580773,10
-1223608.8843501275,1862980.4331580773,10
-1223145.5716336002,1862980.4331580773,10
-1222682.2589170726,1862980.4331580773,10
-1222218.9462005452,1862980.4331580773,10
-1221755.6334840176,1862980.4331580773,10
-1221292.3207674902,1862980.4331580773,10
-1220829.0080509626,1862980.4331580773,10
-1220365.6953344352,1862980.4331580773,10
-1219902.3826179076,1862980.4331580773,10
-1219439.0699013802,1862980.4331580773,10
-1218975.7571848526,1862980.4331580773,10
-1218512.444468325,1862980.4331580773,10
-1218049.1317517976,1862980.4331580773,10
-1217585.81903527,1862980.4331580773,10
-1217122.5063187426,1862980.4331580773,10
-1216659.193602215,1862980.4331580773,10
-1216195.8808856877,1862980.4331580773,10
-1215732.56816916,1862980.4331580773,10
-1215269.2554526327,1862980.4331580773,10
-1214805.942736105,1862980.4331580773,10
-1214342.6300195777,1862980.4331580773,10
-1213879.31730305,1862980.4331580773,10
-1213416.0045865227,1862980.4331580773,10
-1212952.691869995,1862980.4331580773,10
-1212489.3791534677,1862980.4331580773,10
-1212026.06643694,1862980.4331580773,10
-1211562.7537204125,1862980.4331580773,10
-1211099.4410038851,1862980.4331580773,10
-1210636.1282873575,1862980.4331580773,10
-1210172.8155708301,1862980.4331580773,10
-1209709.5028543025,1862980.4331580773,10
-1209246.1901377751,1862980.4331580773,10
-1208782.8774212475,1862980.4331580773,10
-1208319.5647047202,1862980.4331580773,10
-1207856.2519881926,1862980.4331580773,10
-1207392.9392716652,1862980.4331580773,10
-1206929.6265551376,1862980.4331580773,10
-1206466.3138386102,1862980.4331580773,10
-1206003.0011220826,1862980.4331580773,10
-1205539.6884055552,1862980.4331580773,10
-1205076.3756890276,1862980.4331580773,10
-1204613.0629725,1862980.4331580773,10
-1204149.7502559726,1862980.4331580773,10
-1203686.4375394452,1862980.4331580773,10
-1203223.1248229176,1862980.4331580773,10
-1202759.81210639,1862980.4331580773,10
-1202296.4993898626,1862980.4331580773,10
-1201833.186673335,1862980.4331580773,10
-1201369.8739568077,1862980.4331580773,10
-1200906.56124028,1862980.4331580773,10
-1200443.2485237527,1862980.4331580773,10
-1199979.935807225,1862980.4331580773,10
-1199516.6230906977,1862980.4331580773,10
-1199053.31037417,1862980.4331580773,10
-1198589.9976576427,1862980.4331580773,10
-1198126.684941115,1862980.4331580773,10
-1197663.3722245875,1862980.4331580773,10
-1197200.05950806,1862980.4331580773,10
-1196736.7467915327,1862980.4331580773,10
-1196273.4340750051,1862980.4331580773,10
-1195810.1213584775,1862980.4331580773,10
-1195346.8086419501,1862980.4331580773,10
-1194883.4959254225,1862980.4331580773,10
-1194420.1832088951,1862980.4331580773,10
-1193956.8704923675,1862980.4331580773,10
-1193493.5577758402,1862980.4331580773,10
-1193030.2450593126,1862980.4331580773,10
-1192566.9323427852,1862980.4331580773,10
-1192103.6196262576,1862980.4331580773,10
-1191640.3069097302,1862980.4331580773,10
-1191176.9941932026,1862980.4331580773,10
-1190713.6814766752,1862980.4331580773,10
-1190250.3687601476,1862980.4331580773,10
-1189787.0560436202,1862980.4331580773,10
-1189323.7433270926,1862980.4331580773,10
-1188860.430610565,1862980.4331580773,10
-1188397.1178940376,1862980.4331580773,10
-1187933.80517751,1862980.4331580773,10
-1187470.4924609826,1862980.4331580773,10
-1187007.179744455,1862980.4331580773,10
-1186543.8670279277,1862980.4331580773,10
-1186080.5543114,1862980.4331580773,10
-1185617.2415948727,1862980.4331580773,10
-1185153.928878345,1862980.4331580773,10
-1184690.6161618177,1862980.4331580773,10
-1184227.30344529,1862980.4331580773,10
-1183763.9907287627,1862980.4331580773,10
-1183300.678012235,1862980.4331580773,10
-1182837.3652957077,1862980.4331580773,10
-1182374.05257918,1862980.4331580773,10
-1181910.7398626525,1862980.4331580773,10
-1181447.4271461251,1862980.4331580773,10
-1180984.1144295975,1862980.4331580773,10
-1180520.8017130701,1862980.4331580773,10
-1180057.4889965425,1862980.4331580773,10
-1179594.1762800151,1862980.4331580773,10
-1179130.8635634875,1862980.4331580773,10
-1178667.5508469602,1862980.4331580773,10
-1178204.2381304326,1862980.4331580773,10
-1177740.9254139052,1862980.4331580773,10
-1177277.6126973776,1862980.4331580773,10
-1176814.2999808502,1862980.4331580773,10
-1176350.9872643226,1862980.4331580773,10
-1175887.6745477952,1862980.4331580773,10
-1175424.3618312676,1862980.4331580773,10
-1174961.04911474,1862980.4331580773,10
-1174497.7363982126,1862980.4331580773,10
-1174034.4236816852,1862980.4331580773,10
-1173571.1109651576,1862980.4331580773,10
-1173107.79824863,1862980.4331580773,10
-1172644.4855321026,1862980.4331580773,10
-1172181.172815575,1862980.4331580773,10
-1171717.8600990477,1862980.4331580773,10
-1171254.54738252,1862980.4331580773,10
-1170791.2346659927,1862980.4331580773,10
-1170327.921949465,1862980.4331580773,10
-1169864.6092329377,1862980.4331580773,10
-1169401.29651641,1862980.4331580773,10
-1168937.9837998827,1862980.4331580773,10
-1168474.671083355,1862980.4331580773,10
-1168011.3583668275,1862980.4331580773,10
-1167548.0456503,1862980.4331580773,10
-1167084.7329337727,1862980.4331580773,10
-1166621.4202172451,1862980.4331580773,10
-1166158.1075007175,1862980.4331580773,10
-1165694.7947841901,1862980.4331580773,10
-1165231.4820676625,1862980.4331580773,10
-1164768.1693511351,1862980.4331580773,10
-1164304.8566346075,1862980.4331580773,10
-1163841.5439180802,1862980.4331580773,10
-1163378.2312015526,1862980.4331580773,10
-1162914.9184850252,1862980.4331580773,10
-1162451.6057684976,1862980.4331580773,10
-1365845.88832407,1862517.1204415497,10
-1365382.5756075426,1862517.1204415497,10
-1364919.262891015,1862517.1204415497,10
-1364455.9501744877,1862517.1204415497,10
-1363992.63745796,1862517.1204415497,10
-1363529.3247414327,1862517.1204415497,10
-1363066.012024905,1862517.1204415497,10
-1362602.6993083777,1862517.1204415497,10
-1362139.38659185,1862517.1204415497,10
-1361676.0738753227,1862517.1204415497,10
-1361212.761158795,1862517.1204415497,10
-1360749.4484422677,1862517.1204415497,10
-1360286.13572574,1862517.1204415497,10
-1359822.8230092125,1862517.1204415497,10
-1359359.5102926851,1862517.1204415497,10
-1358896.1975761575,1862517.1204415497,16
-1358432.8848596301,1862517.1204415497,10
-1357969.5721431025,1862517.1204415497,10
-1357506.2594265752,1862517.1204415497,10
-1357042.9467100475,1862517.1204415497,10
-1356579.6339935202,1862517.1204415497,10
-1356116.3212769926,1862517.1204415497,10
-1355653.0085604652,1862517.1204415497,10
-1355189.6958439376,1862517.1204415497,10
-1354726.3831274102,1862517.1204415497,10
-1354263.0704108826,1862517.1204415497,10
-1353799.7576943552,1862517.1204415497,10
-1353336.4449778276,1862517.1204415497,10
-1352873.1322613002,1862517.1204415497,10
-1352409.8195447726,1862517.1204415497,10
-1351946.506828245,1862517.1204415497,10
-1351483.1941117176,1862517.1204415497,10
-1351019.88139519,1862517.1204415497,10
-1350556.5686786626,1862517.1204415497,10
-1350093.255962135,1862517.1204415497,10
-1349629.9432456077,1862517.1204415497,10
-1349166.63052908,1862517.1204415497,10
-1348703.3178125527,1862517.1204415497,10
-1348240.005096025,1862517.1204415497,10
-1347776.6923794977,1862517.1204415497,10
-1347313.37966297,1862517.1204415497,16
-1346850.0669464427,1862517.1204415497,16
-1346386.754229915,1862517.1204415497,16
-1345923.4415133877,1862517.1204415497,16
-1345460.12879686,1862517.1204415497,10
-1344996.8160803327,1862517.1204415497,10
-1344533.5033638051,1862517.1204415497,10
-1344070.1906472775,1862517.1204415497,10
-1343606.8779307501,1862517.1204415497,10
-1343143.5652142225,1862517.1204415497,16
-1342680.2524976952,1862517.1204415497,16
-1342216.9397811675,1862517.1204415497,16
-1341753.6270646402,1862517.1204415497,16
-1341290.3143481126,1862517.1204415497,16
-1340827.0016315852,1862517.1204415497,16
-1340363.6889150576,1862517.1204415497,16
-1339900.3761985302,1862517.1204415497,16
-1339437.0634820026,1862517.1204415497,16
-1338973.7507654752,1862517.1204415497,16
-1338510.4380489476,1862517.1204415497,10
-1338047.1253324202,1862517.1204415497,16
-1337583.8126158926,1862517.1204415497,16
-1337120.499899365,1862517.1204415497,16
-1336657.1871828376,1862517.1204415497,16
-1336193.87446631,1862517.1204415497,16
-1335730.5617497826,1862517.1204415497,16
-1335267.249033255,1862517.1204415497,16
-1334803.9363167277,1862517.1204415497,16
-1334340.6236002,1862517.1204415497,16
-1333877.3108836727,1862517.1204415497,16
-1333413.998167145,1862517.1204415497,16
-1332950.6854506177,1862517.1204415497,16
-1332487.37273409,1862517.1204415497,16
-1332024.0600175627,1862517.1204415497,16
-1331560.747301035,1862517.1204415497,16
-1331097.4345845077,1862517.1204415497,16
-1330634.12186798,1862517.1204415497,16
-1330170.8091514525,1862517.1204415497,16
-1329707.4964349251,1862517.1204415497,16
-1329244.1837183975,1862517.1204415497,16
-1328780.8710018701,1862517.1204415497,16
-1328317.5582853425,1862517.1204415497,16
-1327854.2455688152,1862517.1204415497,16
-1327390.9328522875,1862517.1204415497,16
-1326927.6201357602,1862517.1204415497,16
-1326464.3074192326,1862517.1204415497,16
-1326000.9947027052,1862517.1204415497,10
-1325537.6819861776,1862517.1204415497,7
-1325074.3692696502,1862517.1204415497,16
-1324611.0565531226,1862517.1204415497,16
-1324147.7438365952,1862517.1204415497,16
-1323684.4311200676,1862517.1204415497,16
-1323221.11840354,1862517.1204415497,16
-1322757.8056870126,1862517.1204415497,16
-1322294.492970485,1862517.1204415497,16
-1321831.1802539576,1862517.1204415497,16
-1321367.86753743,1862517.1204415497,16
-1320904.5548209026,1862517.1204415497,16
-1320441.242104375,1862517.1204415497,16
-1319977.9293878477,1862517.1204415497,16
-1319514.61667132,1862517.1204415497,16
-1319051.3039547927,1862517.1204415497,16
-1318587.991238265,1862517.1204415497,16
-1318124.6785217377,1862517.1204415497,16
-1317661.36580521,1862517.1204415497,16
-1317198.0530886827,1862517.1204415497,16
-1316734.740372155,1862517.1204415497,16
-1316271.4276556277,1862517.1204415497,16
-1315808.1149391,1862517.1204415497,16
-1315344.8022225727,1862517.1204415497,16
-1314881.4895060451,1862517.1204415497,16
-1314418.1767895175,1862517.1204415497,16
-1313954.8640729901,1862517.1204415497,16
-1313491.5513564625,1862517.1204415497,16
-1313028.2386399352,1862517.1204415497,16
-1312564.9259234075,1862517.1204415497,16
-1312101.6132068802,1862517.1204415497,16
-1311638.3004903526,1862517.1204415497,16
-1311174.9877738252,1862517.1204415497,16
-1310711.6750572976,1862517.1204415497,16
-1310248.3623407702,1862517.1204415497,16
-1309785.0496242426,1862517.1204415497,16
-1309321.7369077152,1862517.1204415497,16
-1308858.4241911876,1862517.1204415497,16
-1308395.1114746602,1862517.1204415497,16
-1307931.7987581326,1862517.1204415497,16
-1307468.486041605,1862517.1204415497,16
-1307005.1733250776,1862517.1204415497,16
-1306541.86060855,1862517.1204415497,16
-1306078.5478920226,1862517.1204415497,16
-1305615.235175495,1862517.1204415497,16
-1305151.9224589677,1862517.1204415497,16
-1304688.60974244,1862517.1204415497,16
-1304225.2970259127,1862517.1204415497,16
-1303761.984309385,1862517.1204415497,16
-1303298.6715928577,1862517.1204415497,16
-1302835.35887633,1862517.1204415497,16
-1302372.0461598027,1862517.1204415497,16
-1301908.733443275,1862517.1204415497,16
-1301445.4207267477,1862517.1204415497,16
-1300982.10801022,1862517.1204415497,16
-1300518.7952936925,1862517.1204415497,10
-1300055.4825771651,1862517.1204415497,10
-1299592.1698606375,1862517.1204415497,10
-1299128.8571441101,1862517.1204415497,16
-1298665.5444275825,1862517.1204415497,16
-1298202.2317110552,1862517.1204415497,16
-1297738.9189945275,1862517.1204415497,10
-1297275.6062780002,1862517.1204415497,16
-1296812.2935614726,1862517.1204415497,16
-1296348.9808449452,1862517.1204415497,16
-1295885.6681284176,1862517.1204415497,10
-1295422.3554118902,1862517.1204415497,10
-1294959.0426953626,1862517.1204415497,10
-1294495.7299788352,1862517.1204415497,10
-1294032.4172623076,1862517.1204415497,10
-1293569.10454578,1862517.1204415497,10
-1293105.7918292526,1862517.1204415497,10
-1292642.479112725,1862517.1204415497,10
-1292179.1663961976,1862517.1204415497,10
-1291715.85367967,1862517.1204415497,10
-1291252.5409631426,1862517.1204415497,10
-1290789.228246615,1862517.1204415497,10
-1290325.9155300877,1862517.1204415497,10
-1289862.60281356,1862517.1204415497,10
-1289399.2900970327,1862517.1204415497,10
-1288935.977380505,1862517.1204415497,10
-1288472.6646639777,1862517.1204415497,16
-1288009.35194745,1862517.1204415497,16
-1287546.0392309227,1862517.1204415497,10
-1287082.726514395,1862517.1204415497,10
-1286619.4137978677,1862517.1204415497,10
-1286156.10108134,1862517.1204415497,10
-1285692.7883648127,1862517.1204415497,16
-1285229.4756482851,1862517.1204415497,10
-1284766.1629317575,1862517.1204415497,10
-1284302.8502152301,1862517.1204415497,10
-1283839.5374987025,1862517.1204415497,10
-1283376.2247821752,1862517.1204415497,10
-1282912.9120656475,1862517.1204415497,10
-1282449.5993491202,1862517.1204415497,10
-1281986.2866325926,1862517.1204415497,10
-1281522.9739160652,1862517.1204415497,10
-1281059.6611995376,1862517.1204415497,10
-1280596.3484830102,1862517.1204415497,10
-1280133.0357664826,1862517.1204415497,10
-1279669.7230499552,1862517.1204415497,10
-1279206.4103334276,1862517.1204415497,10
-1278743.0976169002,1862517.1204415497,10
-1278279.7849003726,1862517.1204415497,10
-1277816.472183845,1862517.1204415497,10
-1277353.1594673176,1862517.1204415497,10
-1276889.84675079,1862517.1204415497,10
-1276426.5340342626,1862517.1204415497,10
-1275963.221317735,1862517.1204415497,10
-1275499.9086012077,1862517.1204415497,10
-1275036.59588468,1862517.1204415497,10
-1274573.2831681527,1862517.1204415497,10
-1274109.970451625,1862517.1204415497,10
-1273646.6577350977,1862517.1204415497,10
-1273183.34501857,1862517.1204415497,10
-1272720.0323020427,1862517.1204415497,10
-1272256.719585515,1862517.1204415497,10
-1271793.4068689877,1862517.1204415497,10
-1271330.09415246,1862517.1204415497,10
-1270866.7814359325,1862517.1204415497,10
-1270403.4687194051,1862517.1204415497,10
-1269940.1560028775,1862517.1204415497,10
-1269476.8432863501,1862517.1204415497,10
-1269013.5305698225,1862517.1204415497,10
-1268550.2178532952,1862517.1204415497,10
-1268086.9051367675,1862517.1204415497,10
-1267623.5924202402,1862517.1204415497,10
-1267160.2797037126,1862517.1204415497,10
-1266696.9669871852,1862517.1204415497,10
-1266233.6542706576,1862517.1204415497,10
-1265770.3415541302,1862517.1204415497,10
-1265307.0288376026,1862517.1204415497,10
-1264843.7161210752,1862517.1204415497,10
-1264380.4034045476,1862517.1204415497,10
-1263917.09068802,1862517.1204415497,10
-1263453.7779714926,1862517.1204415497,10
-1262990.465254965,1862517.1204415497,10
-1262527.1525384376,1862517.1204415497,10
-1262063.83982191,1862517.1204415497,10
-1261600.5271053826,1862517.1204415497,10
-1261137.214388855,1862517.1204415497,10
-1260673.9016723277,1862517.1204415497,10
-1260210.5889558,1862517.1204415497,10
-1259747.2762392727,1862517.1204415497,10
-1259283.963522745,1862517.1204415497,10
-1258820.6508062177,1862517.1204415497,10
-1258357.33808969,1862517.1204415497,10
-1257894.0253731627,1862517.1204415497,10
-1257430.712656635,1862517.1204415497,10
-1256967.3999401077,1862517.1204415497,10
-1256504.08722358,1862517.1204415497,10
-1256040.7745070527,1862517.1204415497,10
-1255577.4617905251,1862517.1204415497,10
-1255114.1490739975,1862517.1204415497,10
-1254650.8363574701,1862517.1204415497,10
-1254187.5236409425,1862517.1204415497,10
-1253724.2109244152,1862517.1204415497,10
-1253260.8982078875,1862517.1204415497,10
-1252797.5854913602,1862517.1204415497,10
-1252334.2727748326,1862517.1204415497,10
-1251870.9600583052,1862517.1204415497,10
-1251407.6473417776,1862517.1204415497,10
-1250944.3346252502,1862517.1204415497,10
-1250481.0219087226,1862517.1204415497,10
-1250017.7091921952,1862517.1204415497,10
-1249554.3964756676,1862517.1204415497,10
-1249091.0837591402,1862517.1204415497,10
-1248627.7710426126,1862517.1204415497,10
-1248164.458326085,1862517.1204415497,10
-1247701.1456095576,1862517.1204415497,10
-1247237.83289303,1862517.1204415497,10
-1246774.5201765026,1862517.1204415497,10
-1246311.207459975,1862517.1204415497,10
-1245847.8947434477,1862517.1204415497,10
-1245384.58202692,1862517.1204415497,10
-1244921.2693103927,1862517.1204415497,10
-1244457.956593865,1862517.1204415497,10
-1243994.6438773377,1862517.1204415497,10
-1243531.33116081,1862517.1204415497,10
-1243068.0184442827,1862517.1204415497,10
-1242604.705727755,1862517.1204415497,10
-1242141.3930112277,1862517.1204415497,10
-1241678.0802947,1862517.1204415497,10
-1241214.7675781725,1862517.1204415497,10
-1240751.4548616451,1862517.1204415497,10
-1240288.1421451175,1862517.1204415497,10
-1239824.8294285901,1862517.1204415497,10
-1239361.5167120625,1862517.1204415497,10
-1238898.2039955352,1862517.1204415497,10
-1238434.8912790075,1862517.1204415497,10
-1237971.5785624802,1862517.1204415497,10
-1237508.2658459526,1862517.1204415497,10
-1237044.9531294252,1862517.1204415497,10
-1236581.6404128976,1862517.1204415497,10
-1236118.3276963702,1862517.1204415497,10
-1235655.0149798426,1862517.1204415497,10
-1235191.7022633152,1862517.1204415497,10
-1234728.3895467876,1862517.1204415497,10
-1234265.07683026,1862517.1204415497,10
-1233801.7641137326,1862517.1204415497,10
-1233338.4513972052,1862517.1204415497,10
-1232875.1386806776,1862517.1204415497,10
-1232411.82596415,1862517.1204415497,10
-1231948.5132476226,1862517.1204415497,10
-1231485.200531095,1862517.1204415497,10
-1231021.8878145677,1862517.1204415497,10
-1230558.57509804,1862517.1204415497,10
-1230095.2623815127,1862517.1204415497,10
-1229631.949664985,1862517.1204415497,10
-1229168.6369484577,1862517.1204415497,10
-1228705.32423193,1862517.1204415497,10
-1228242.0115154027,1862517.1204415497,10
-1227778.698798875,1862517.1204415497,10
-1227315.3860823475,1862517.1204415497,10
-1226852.07336582,1862517.1204415497,10
-1226388.7606492927,1862517.1204415497,10
-1225925.4479327651,1862517.1204415497,10
-1225462.1352162375,1862517.1204415497,10
-1224998.8224997101,1862517.1204415497,10
-1224535.5097831825,1862517.1204415497,10
-1224072.1970666551,1862517.1204415497,10
-1223608.8843501275,1862517.1204415497,10
-1223145.5716336002,1862517.1204415497,10
-1222682.2589170726,1862517.1204415497,10
-1222218.9462005452,1862517.1204415497,10
-1221755.6334840176,1862517.1204415497,10
-1221292.3207674902,1862517.1204415497,10
-1220829.0080509626,1862517.1204415497,10
-1220365.6953344352,1862517.1204415497,10
-1219902.3826179076,1862517.1204415497,10
-1219439.0699013802,1862517.1204415497,10
-1218975.7571848526,1862517.1204415497,10
-1218512.444468325,1862517.1204415497,10
-1218049.1317517976,1862517.1204415497,10
-1217585.81903527,1862517.1204415497,10
-1217122.5063187426,1862517.1204415497,10
-1216659.193602215,1862517.1204415497,10
-1216195.8808856877,1862517.1204415497,10
-1215732.56816916,1862517.1204415497,10
-1215269.2554526327,1862517.1204415497,10
-1214805.942736105,1862517.1204415497,10
-1214342.6300195777,1862517.1204415497,10
-1213879.31730305,1862517.1204415497,10
-1213416.0045865227,1862517.1204415497,10
-1212952.691869995,1862517.1204415497,10
-1212489.3791534677,1862517.1204415497,10
-1212026.06643694,1862517.1204415497,10
-1211562.7537204125,1862517.1204415497,10
-1211099.4410038851,1862517.1204415497,10
-1210636.1282873575,1862517.1204415497,10
-1210172.8155708301,1862517.1204415497,10
-1209709.5028543025,1862517.1204415497,10
-1209246.1901377751,1862517.1204415497,10
-1208782.8774212475,1862517.1204415497,10
-1208319.5647047202,1862517.1204415497,10
-1207856.2519881926,1862517.1204415497,10
-1207392.9392716652,1862517.1204415497,10
-1206929.6265551376,1862517.1204415497,10
-1206466.3138386102,1862517.1204415497,10
-1206003.0011220826,1862517.1204415497,10
-1205539.6884055552,1862517.1204415497,10
-1205076.3756890276,1862517.1204415497,10
-1204613.0629725,1862517.1204415497,10
-1204149.7502559726,1862517.1204415497,10
-1203686.4375394452,1862517.1204415497,10
-1203223.1248229176,1862517.1204415497,10
-1202759.81210639,1862517.1204415497,10
-1202296.4993898626,1862517.1204415497,10
-1201833.186673335,1862517.1204415497,10
-1201369.8739568077,1862517.1204415497,10
-1200906.56124028,1862517.1204415497,10
-1200443.2485237527,1862517.1204415497,10
-1199979.935807225,1862517.1204415497,10
-1199516.6230906977,1862517.1204415497,10
-1199053.31037417,1862517.1204415497,10
-1198589.9976576427,1862517.1204415497,10
-1198126.684941115,1862517.1204415497,10
-1197663.3722245875,1862517.1204415497,10
-1197200.05950806,1862517.1204415497,10
-1196736.7467915327,1862517.1204415497,10
-1196273.4340750051,1862517.1204415497,10
-1195810.1213584775,1862517.1204415497,10
-1195346.8086419501,1862517.1204415497,10
-1194883.4959254225,1862517.1204415497,10
-1194420.1832088951,1862517.1204415497,10
-1193956.8704923675,1862517.1204415497,10
-1193493.5577758402,1862517.1204415497,10
-1193030.2450593126,1862517.1204415497,10
-1192566.9323427852,1862517.1204415497,10
-1192103.6196262576,1862517.1204415497,10
-1191640.3069097302,1862517.1204415497,10
-1191176.9941932026,1862517.1204415497,10
-1190713.6814766752,1862517.1204415497,10
-1190250.3687601476,1862517.1204415497,10
-1189787.0560436202,1862517.1204415497,10
-1189323.7433270926,1862517.1204415497,10
-1188860.430610565,1862517.1204415497,10
-1188397.1178940376,1862517.1204415497,10
-1187933.80517751,1862517.1204415497,10
-1187470.4924609826,1862517.1204415497,10
-1187007.179744455,1862517.1204415497,10
-1186543.8670279277,1862517.1204415497,10
-1186080.5543114,1862517.1204415497,10
-1185617.2415948727,1862517.1204415497,10
-1185153.928878345,1862517.1204415497,10
-1184690.6161618177,1862517.1204415497,10
-1184227.30344529,1862517.1204415497,10
-1183763.9907287627,1862517.1204415497,10
-1183300.678012235,1862517.1204415497,10
-1182837.3652957077,1862517.1204415497,10
-1182374.05257918,1862517.1204415497,10
-1181910.7398626525,1862517.1204415497,10
-1181447.4271461251,1862517.1204415497,10
-1180984.1144295975,1862517.1204415497,10
-1180520.8017130701,1862517.1204415497,10
-1180057.4889965425,1862517.1204415497,10
-1179594.1762800151,1862517.1204415497,10
-1179130.8635634875,1862517.1204415497,10
-1178667.5508469602,1862517.1204415497,10
-1178204.2381304326,1862517.1204415497,10
-1177740.9254139052,1862517.1204415497,10
-1177277.6126973776,1862517.1204415497,10
-1176814.2999808502,1862517.1204415497,10
-1176350.9872643226,1862517.1204415497,10
-1175887.6745477952,1862517.1204415497,10
-1175424.3618312676,1862517.1204415497,10
-1174961.04911474,1862517.1204415497,10
-1174497.7363982126,1862517.1204415497,10
-1174034.4236816852,1862517.1204415497,10
-1173571.1109651576,1862517.1204415497,10
-1173107.79824863,1862517.1204415497,10
-1172644.4855321026,1862517.1204415497,10
-1172181.172815575,1862517.1204415497,10
-1171717.8600990477,1862517.1204415497,10
-1171254.54738252,1862517.1204415497,10
-1170791.2346659927,1862517.1204415497,10
-1170327.921949465,1862517.1204415497,10
-1169864.6092329377,1862517.1204415497,10
-1169401.29651641,1862517.1204415497,10
-1168937.9837998827,1862517.1204415497,10
-1168474.671083355,1862517.1204415497,10
-1168011.3583668275,1862517.1204415497,10
-1167548.0456503,1862517.1204415497,10
-1167084.7329337727,1862517.1204415497,10
-1166621.4202172451,1862517.1204415497,10
-1166158.1075007175,1862517.1204415497,10
-1165694.7947841901,1862517.1204415497,10
-1165231.4820676625,1862517.1204415497,10
-1164768.1693511351,1862517.1204415497,10
-1164304.8566346075,1862517.1204415497,10
-1163841.5439180802,1862517.1204415497,10
-1163378.2312015526,1862517.1204415497,10
-1162914.9184850252,1862517.1204415497,10
-1162451.6057684976,1862517.1204415497,10
-1161988.2930519702,1862517.1204415497,10
-1161524.9803354426,1862517.1204415497,10
-1161061.6676189152,1862517.1204415497,10
-1365845.88832407,1862053.807725022,10
-1365382.5756075426,1862053.807725022,10
-1364919.262891015,1862053.807725022,10
-1364455.9501744877,1862053.807725022,10
-1363992.63745796,1862053.807725022,10
-1363529.3247414327,1862053.807725022,10
-1363066.012024905,1862053.807725022,10
-1362602.6993083777,1862053.807725022,10
-1362139.38659185,1862053.807725022,10
-1361676.0738753227,1862053.807725022,10
-1361212.761158795,1862053.807725022,10
-1360749.4484422677,1862053.807725022,10
-1360286.13572574,1862053.807725022,16
-1359822.8230092125,1862053.807725022,16
-1359359.5102926851,1862053.807725022,16
-1358896.1975761575,1862053.807725022,16
-1358432.8848596301,1862053.807725022,16
-1357969.5721431025,1862053.807725022,16
-1357506.2594265752,1862053.807725022,10
-1357042.9467100475,1862053.807725022,10
-1356579.6339935202,1862053.807725022,10
-1356116.3212769926,1862053.807725022,10
-1355653.0085604652,1862053.807725022,10
-1355189.6958439376,1862053.807725022,10
-1354726.3831274102,1862053.807725022,10
-1354263.0704108826,1862053.807725022,10
-1353799.7576943552,1862053.807725022,10
-1353336.4449778276,1862053.807725022,10
-1352873.1322613002,1862053.807725022,10
-1352409.8195447726,1862053.807725022,10
-1351946.506828245,1862053.807725022,10
-1351483.1941117176,1862053.807725022,10
-1351019.88139519,1862053.807725022,10
-1350556.5686786626,1862053.807725022,10
-1350093.255962135,1862053.807725022,10
-1349629.9432456077,1862053.807725022,10
-1349166.63052908,1862053.807725022,10
-1348703.3178125527,1862053.807725022,10
-1348240.005096025,1862053.807725022,10
-1347776.6923794977,1862053.807725022,16
-1347313.37966297,1862053.807725022,16
-1346850.0669464427,1862053.807725022,10
-1346386.754229915,1862053.807725022,10
-1345923.4415133877,1862053.807725022,10
-1345460.12879686,1862053.807725022,10
-1344996.8160803327,1862053.807725022,10
-1344533.5033638051,1862053.807725022,10
-1344070.1906472775,1862053.807725022,10
-1343606.8779307501,1862053.807725022,10
-1343143.5652142225,1862053.807725022,16
-1342680.2524976952,1862053.807725022,16
-1342216.9397811675,1862053.807725022,16
-1341753.6270646402,1862053.807725022,16
-1341290.3143481126,1862053.807725022,16
-1340827.0016315852,1862053.807725022,16
-1340363.6889150576,1862053.807725022,16
-1339900.3761985302,1862053.807725022,16
-1339437.0634820026,1862053.807725022,16
-1338973.7507654752,1862053.807725022,16
-1338510.4380489476,1862053.807725022,10
-1338047.1253324202,1862053.807725022,16
-1337583.8126158926,1862053.807725022,16
-1337120.499899365,1862053.807725022,16
-1336657.1871828376,1862053.807725022,16
-1336193.87446631,1862053.807725022,16
-1335730.5617497826,1862053.807725022,16
-1335267.249033255,1862053.807725022,16
-1334803.9363167277,1862053.807725022,16
-1334340.6236002,1862053.807725022,16
-1333877.3108836727,1862053.807725022,16
-1333413.998167145,1862053.807725022,16
-1332950.6854506177,1862053.807725022,16
-1332487.37273409,1862053.807725022,16
-1332024.0600175627,1862053.807725022,16
-1331560.747301035,1862053.807725022,16
-1331097.4345845077,1862053.807725022,16
-1330634.12186798,1862053.807725022,16
-1330170.8091514525,1862053.807725022,16
-1329707.4964349251,1862053.807725022,16
-1329244.1837183975,1862053.807725022,16
-1328780.8710018701,1862053.807725022,16
-1328317.5582853425,1862053.807725022,16
-1327854.2455688152,1862053.807725022,16
-1327390.9328522875,1862053.807725022,16
-1326927.6201357602,1862053.807725022,16
-1326464.3074192326,1862053.807725022,16
-1326000.9947027052,1862053.807725022,10
-1325537.6819861776,1862053.807725022,16
-1325074.3692696502,1862053.807725022,16
-1324611.0565531226,1862053.807725022,16
-1324147.7438365952,1862053.807725022,16
-1323684.4311200676,1862053.807725022,16
-1323221.11840354,1862053.807725022,16
-1322757.8056870126,1862053.807725022,16
-1322294.492970485,1862053.807725022,16
-1321831.1802539576,1862053.807725022,16
-1321367.86753743,1862053.807725022,16
-1320904.5548209026,1862053.807725022,16
-1320441.242104375,1862053.807725022,16
-1319977.9293878477,1862053.807725022,16
-1319514.61667132,1862053.807725022,16
-1319051.3039547927,1862053.807725022,16
-1318587.991238265,1862053.807725022,16
-1318124.6785217377,1862053.807725022,16
-1317661.36580521,1862053.807725022,16
-1317198.0530886827,1862053.807725022,16
-1316734.740372155,1862053.807725022,16
-1316271.4276556277,1862053.807725022,16
-1315808.1149391,1862053.807725022,16
-1315344.8022225727,1862053.807725022,16
-1314881.4895060451,1862053.807725022,16
-1314418.1767895175,1862053.807725022,16
-1313954.8640729901,1862053.807725022,16
-1313491.5513564625,1862053.807725022,16
-1313028.2386399352,1862053.807725022,10
-1312564.9259234075,1862053.807725022,16
-1312101.6132068802,1862053.807725022,16
-1311638.3004903526,1862053.807725022,16
-1311174.9877738252,1862053.807725022,16
-1310711.6750572976,1862053.807725022,16
-1310248.3623407702,1862053.807725022,16
-1309785.0496242426,1862053.807725022,16
-1309321.7369077152,1862053.807725022,16
-1308858.4241911876,1862053.807725022,16
-1308395.1114746602,1862053.807725022,16
-1307931.7987581326,1862053.807725022,16
-1307468.486041605,1862053.807725022,16
-1307005.1733250776,1862053.807725022,16
-1306541.86060855,1862053.807725022,16
-1306078.5478920226,1862053.807725022,16
-1305615.235175495,1862053.807725022,16
-1305151.9224589677,1862053.807725022,16
-1304688.60974244,1862053.807725022,16
-1304225.2970259127,1862053.807725022,16
-1303761.984309385,1862053.807725022,16
-1303298.6715928577,1862053.807725022,16
-1302835.35887633,1862053.807725022,16
-1302372.0461598027,1862053.807725022,16
-1301908.733443275,1862053.807725022,16
-1301445.4207267477,1862053.807725022,16
-1300982.10801022,1862053.807725022,16
-1300518.7952936925,1862053.807725022,10
-1300055.4825771651,1862053.807725022,10
-1299592.1698606375,1862053.807725022,10
-1299128.8571441101,1862053.807725022,16
-1298665.5444275825,1862053.807725022,16
-1298202.2317110552,1862053.807725022,16
-1297738.9189945275,1862053.807725022,10
-1297275.6062780002,1862053.807725022,16
-1296812.2935614726,1862053.807725022,16
-1296348.9808449452,1862053.807725022,16
-1295885.6681284176,1862053.807725022,10
-1295422.3554118902,1862053.807725022,10
-1294959.0426953626,1862053.807725022,7
-1294495.7299788352,1862053.807725022,10
-1294032.4172623076,1862053.807725022,10
-1293569.10454578,1862053.807725022,10
-1293105.7918292526,1862053.807725022,10
-1292642.479112725,1862053.807725022,10
-1292179.1663961976,1862053.807725022,10
-1291715.85367967,1862053.807725022,10
-1291252.5409631426,1862053.807725022,10
-1290789.228246615,1862053.807725022,10
-1290325.9155300877,1862053.807725022,10
-1289862.60281356,1862053.807725022,10
-1289399.2900970327,1862053.807725022,10
-1288935.977380505,1862053.807725022,10
-1288472.6646639777,1862053.807725022,16
-1288009.35194745,1862053.807725022,16
-1287546.0392309227,1862053.807725022,10
-1287082.726514395,1862053.807725022,16
-1286619.4137978677,1862053.807725022,16
-1286156.10108134,1862053.807725022,10
-1285692.7883648127,1862053.807725022,10
-1285229.4756482851,1862053.807725022,10
-1284766.1629317575,1862053.807725022,10
-1284302.8502152301,1862053.807725022,10
-1283839.5374987025,1862053.807725022,10
-1283376.2247821752,1862053.807725022,10
-1282912.9120656475,1862053.807725022,10
-1282449.5993491202,1862053.807725022,10
-1281986.2866325926,1862053.807725022,10
-1281522.9739160652,1862053.807725022,10
-1281059.6611995376,1862053.807725022,10
-1280596.3484830102,1862053.807725022,10
-1280133.0357664826,1862053.807725022,10
-1279669.7230499552,1862053.807725022,10
-1279206.4103334276,1862053.807725022,10
-1278743.0976169002,1862053.807725022,10
-1278279.7849003726,1862053.807725022,10
-1277816.472183845,1862053.807725022,10
-1277353.1594673176,1862053.807725022,10
-1276889.84675079,1862053.807725022,10
-1276426.5340342626,1862053.807725022,10
-1275963.221317735,1862053.807725022,10
-1275499.9086012077,1862053.807725022,10
-1275036.59588468,1862053.807725022,10
-1274573.2831681527,1862053.807725022,10
-1274109.970451625,1862053.807725022,10
-1273646.6577350977,1862053.807725022,10
-1273183.34501857,1862053.807725022,10
-1272720.0323020427,1862053.807725022,10
-1272256.719585515,1862053.807725022,10
-1271793.4068689877,1862053.807725022,10
-1271330.09415246,1862053.807725022,10
-1270866.7814359325,1862053.807725022,10
-1270403.4687194051,1862053.807725022,10
-1269940.1560028775,1862053.807725022,10
-1269476.8432863501,1862053.807725022,10
-1269013.5305698225,1862053.807725022,10
-1268550.2178532952,1862053.807725022,10
-1268086.9051367675,1862053.807725022,10
-1267623.5924202402,1862053.807725022,10
-1267160.2797037126,1862053.807725022,10
-1266696.9669871852,1862053.807725022,10
-1266233.6542706576,1862053.807725022,10
-1265770.3415541302,1862053.807725022,10
-1265307.0288376026,1862053.807725022,10
-1264843.7161210752,1862053.807725022,10
-1264380.4034045476,1862053.807725022,10
-1263917.09068802,1862053.807725022,10
-1263453.7779714926,1862053.807725022,10
-1262990.465254965,1862053.807725022,10
-1262527.1525384376,1862053.807725022,10
-1262063.83982191,1862053.807725022,10
-1261600.5271053826,1862053.807725022,10
-1261137.214388855,1862053.807725022,10
-1260673.9016723277,1862053.807725022,10
-1260210.5889558,1862053.807725022,10
-1259747.2762392727,1862053.807725022,10
-1259283.963522745,1862053.807725022,10
-1258820.6508062177,1862053.807725022,10
-1258357.33808969,1862053.807725022,10
-1257894.0253731627,1862053.807725022,10
-1257430.712656635,1862053.807725022,10
-1256967.3999401077,1862053.807725022,10
-1256504.08722358,1862053.807725022,10
-1256040.7745070527,1862053.807725022,10
-1255577.4617905251,1862053.807725022,10
-1255114.1490739975,1862053.807725022,10
-1254650.8363574701,1862053.807725022,10
-1254187.5236409425,1862053.807725022,10
-1253724.2109244152,1862053.807725022,10
-1253260.8982078875,1862053.807725022,10
-1252797.5854913602,1862053.807725022,10
-1252334.2727748326,1862053.807725022,10
-1251870.9600583052,1862053.807725022,10
-1251407.6473417776,1862053.807725022,10
-1250944.3346252502,1862053.807725022,10
-1250481.0219087226,1862053.807725022,10
-1250017.7091921952,1862053.807725022,10
-1249554.3964756676,1862053.807725022,10
-1249091.0837591402,1862053.807725022,10
-1248627.7710426126,1862053.807725022,10
-1248164.458326085,1862053.807725022,10
-1247701.1456095576,1862053.807725022,10
-1247237.83289303,1862053.807725022,10
-1246774.5201765026,1862053.807725022,10
-1246311.207459975,1862053.807725022,10
-1245847.8947434477,1862053.807725022,10
-1245384.58202692,1862053.807725022,10
-1244921.2693103927,1862053.807725022,10
-1244457.956593865,1862053.807725022,10
-1243994.6438773377,1862053.807725022,10
-1243531.33116081,1862053.807725022,10
-1243068.0184442827,1862053.807725022,10
-1242604.705727755,1862053.807725022,10
-1242141.3930112277,1862053.807725022,10
-1241678.0802947,1862053.807725022,10
-1241214.7675781725,1862053.807725022,10
-1240751.4548616451,1862053.807725022,10
-1240288.1421451175,1862053.807725022,10
-1239824.8294285901,1862053.807725022,10
-1239361.5167120625,1862053.807725022,10
-1238898.2039955352,1862053.807725022,10
-1238434.8912790075,1862053.807725022,10
-1237971.5785624802,1862053.807725022,10
-1237508.2658459526,1862053.807725022,10
-1237044.9531294252,1862053.807725022,10
-1236581.6404128976,1862053.807725022,10
-1236118.3276963702,1862053.807725022,10
-1235655.0149798426,1862053.807725022,10
-1235191.7022633152,1862053.807725022,10
-1234728.3895467876,1862053.807725022,10
-1234265.07683026,1862053.807725022,10
-1233801.7641137326,1862053.807725022,10
-1233338.4513972052,1862053.807725022,10
-1232875.1386806776,1862053.807725022,10
-1232411.82596415,1862053.807725022,10
-1231948.5132476226,1862053.807725022,10
-1231485.200531095,1862053.807725022,10
-1231021.8878145677,1862053.807725022,10
-1230558.57509804,1862053.807725022,10
-1230095.2623815127,1862053.807725022,10
-1229631.949664985,1862053.807725022,10
-1229168.6369484577,1862053.807725022,10
-1228705.32423193,1862053.807725022,10
-1228242.0115154027,1862053.807725022,10
-1227778.698798875,1862053.807725022,10
-1227315.3860823475,1862053.807725022,10
-1226852.07336582,1862053.807725022,10
-1226388.7606492927,1862053.807725022,10
-1225925.4479327651,1862053.807725022,10
-1225462.1352162375,1862053.807725022,10
-1224998.8224997101,1862053.807725022,10
-1224535.5097831825,1862053.807725022,10
-1224072.1970666551,1862053.807725022,10
-1223608.8843501275,1862053.807725022,10
-1223145.5716336002,1862053.807725022,10
-1222682.2589170726,1862053.807725022,10
-1222218.9462005452,1862053.807725022,10
-1221755.6334840176,1862053.807725022,10
-1221292.3207674902,1862053.807725022,10
-1220829.0080509626,1862053.807725022,10
-1220365.6953344352,1862053.807725022,10
-1219902.3826179076,1862053.807725022,10
-1219439.0699013802,1862053.807725022,10
-1218975.7571848526,1862053.807725022,10
-1218512.444468325,1862053.807725022,10
-1218049.1317517976,1862053.807725022,10
-1217585.81903527,1862053.807725022,10
-1217122.5063187426,1862053.807725022,10
-1216659.193602215,1862053.807725022,10
-1216195.8808856877,1862053.807725022,10
-1215732.56816916,1862053.807725022,10
-1215269.2554526327,1862053.807725022,10
-1214805.942736105,1862053.807725022,10
-1214342.6300195777,1862053.807725022,16
-1213879.31730305,1862053.807725022,10
-1213416.0045865227,1862053.807725022,10
-1212952.691869995,1862053.807725022,10
-1212489.3791534677,1862053.807725022,10
-1212026.06643694,1862053.807725022,10
-1211562.7537204125,1862053.807725022,10
-1211099.4410038851,1862053.807725022,10
-1210636.1282873575,1862053.807725022,10
-1210172.8155708301,1862053.807725022,10
-1209709.5028543025,1862053.807725022,10
-1209246.1901377751,1862053.807725022,10
-1208782.8774212475,1862053.807725022,10
-1208319.5647047202,1862053.807725022,10
-1207856.2519881926,1862053.807725022,10
-1207392.9392716652,1862053.807725022,10
-1206929.6265551376,1862053.807725022,10
-1206466.3138386102,1862053.807725022,10
-1206003.0011220826,1862053.807725022,10
-1205539.6884055552,1862053.807725022,10
-1205076.3756890276,1862053.807725022,10
-1204613.0629725,1862053.807725022,10
-1204149.7502559726,1862053.807725022,10
-1203686.4375394452,1862053.807725022,10
-1203223.1248229176,1862053.807725022,10
-1202759.81210639,1862053.807725022,10
-1202296.4993898626,1862053.807725022,10
-1201833.186673335,1862053.807725022,10
-1201369.8739568077,1862053.807725022,10
-1200906.56124028,1862053.807725022,10
-1200443.2485237527,1862053.807725022,10
-1199979.935807225,1862053.807725022,10
-1199516.6230906977,1862053.807725022,10
-1199053.31037417,1862053.807725022,10
-1198589.9976576427,1862053.807725022,10
-1198126.684941115,1862053.807725022,10
-1197663.3722245875,1862053.807725022,10
-1197200.05950806,1862053.807725022,10
-1196736.7467915327,1862053.807725022,10
-1196273.4340750051,1862053.807725022,10
-1195810.1213584775,1862053.807725022,10
-1195346.8086419501,1862053.807725022,10
-1194883.4959254225,1862053.807725022,10
-1194420.1832088951,1862053.807725022,10
-1193956.8704923675,1862053.807725022,10
-1193493.5577758402,1862053.807725022,10
-1193030.2450593126,1862053.807725022,10
-1192566.9323427852,1862053.807725022,10
-1192103.6196262576,1862053.807725022,10
-1191640.3069097302,1862053.807725022,10
-1191176.9941932026,1862053.807725022,10
-1190713.6814766752,1862053.807725022,10
-1190250.3687601476,1862053.807725022,10
-1189787.0560436202,1862053.807725022,10
-1189323.7433270926,1862053.807725022,10
-1188860.430610565,1862053.807725022,10
-1188397.1178940376,1862053.807725022,10
-1187933.80517751,1862053.807725022,10
-1187470.4924609826,1862053.807725022,10
-1187007.179744455,1862053.807725022,10
-1186543.8670279277,1862053.807725022,10
-1186080.5543114,1862053.807725022,10
-1185617.2415948727,1862053.807725022,10
-1185153.928878345,1862053.807725022,10
-1184690.6161618177,1862053.807725022,10
-1184227.30344529,1862053.807725022,10
-1183763.9907287627,1862053.807725022,10
-1183300.678012235,1862053.807725022,10
-1182837.3652957077,1862053.807725022,10
-1182374.05257918,1862053.807725022,10
-1181910.7398626525,1862053.807725022,10
-1181447.4271461251,1862053.807725022,10
-1180984.1144295975,1862053.807725022,10
-1180520.8017130701,1862053.807725022,10
-1180057.4889965425,1862053.807725022,10
-1179594.1762800151,1862053.807725022,10
-1179130.8635634875,1862053.807725022,10
-1178667.5508469602,1862053.807725022,10
-1178204.2381304326,1862053.807725022,10
-1177740.9254139052,1862053.807725022,10
-1177277.6126973776,1862053.807725022,10
-1176814.2999808502,1862053.807725022,10
-1176350.9872643226,1862053.807725022,10
-1175887.6745477952,1862053.807725022,10
-1175424.3618312676,1862053.807725022,10
-1174961.04911474,1862053.807725022,10
-1174497.7363982126,1862053.807725022,10
-1174034.4236816852,1862053.807725022,10
-1173571.1109651576,1862053.807725022,10
-1173107.79824863,1862053.807725022,10
-1172644.4855321026,1862053.807725022,10
-1172181.172815575,1862053.807725022,10
-1171717.8600990477,1862053.807725022,10
-1171254.54738252,1862053.807725022,10
-1170791.2346659927,1862053.807725022,10
-1170327.921949465,1862053.807725022,10
-1169864.6092329377,1862053.807725022,10
-1169401.29651641,1862053.807725022,10
-1168937.9837998827,1862053.807725022,10
-1168474.671083355,1862053.807725022,10
-1168011.3583668275,1862053.807725022,10
-1167548.0456503,1862053.807725022,10
-1167084.7329337727,1862053.807725022,7
-1166621.4202172451,1862053.807725022,7
-1166158.1075007175,1862053.807725022,10
-1165694.7947841901,1862053.807725022,10
-1165231.4820676625,1862053.807725022,10
-1164768.1693511351,1862053.807725022,10
-1164304.8566346075,1862053.807725022,10
-1163841.5439180802,1862053.807725022,10
-1163378.2312015526,1862053.807725022,10
-1162914.9184850252,1862053.807725022,10
-1162451.6057684976,1862053.807725022,10
-1161988.2930519702,1862053.807725022,10
-1161524.9803354426,1862053.807725022,10
-1161061.6676189152,1862053.807725022,10
-1160598.3549023876,1862053.807725022,10
-1365845.88832407,1861590.4950084947,10
-1365382.5756075426,1861590.4950084947,10
-1364919.262891015,1861590.4950084947,10
-1364455.9501744877,1861590.4950084947,10
-1363992.63745796,1861590.4950084947,10
-1363529.3247414327,1861590.4950084947,16
-1363066.012024905,1861590.4950084947,16
-1362602.6993083777,1861590.4950084947,16
-1362139.38659185,1861590.4950084947,10
-1361676.0738753227,1861590.4950084947,10
-1361212.761158795,1861590.4950084947,10
-1360749.4484422677,1861590.4950084947,10
-1360286.13572574,1861590.4950084947,16
-1359822.8230092125,1861590.4950084947,16
-1359359.5102926851,1861590.4950084947,16
-1358896.1975761575,1861590.4950084947,16
-1358432.8848596301,1861590.4950084947,16
-1357969.5721431025,1861590.4950084947,16
-1357506.2594265752,1861590.4950084947,16
-1357042.9467100475,1861590.4950084947,16
-1356579.6339935202,1861590.4950084947,10
-1356116.3212769926,1861590.4950084947,10
-1355653.0085604652,1861590.4950084947,10
-1355189.6958439376,1861590.4950084947,10
-1354726.3831274102,1861590.4950084947,10
-1354263.0704108826,1861590.4950084947,10
-1353799.7576943552,1861590.4950084947,10
-1353336.4449778276,1861590.4950084947,10
-1352873.1322613002,1861590.4950084947,10
-1352409.8195447726,1861590.4950084947,10
-1351946.506828245,1861590.4950084947,10
-1351483.1941117176,1861590.4950084947,10
-1351019.88139519,1861590.4950084947,10
-1350556.5686786626,1861590.4950084947,10
-1350093.255962135,1861590.4950084947,10
-1349629.9432456077,1861590.4950084947,10
-1349166.63052908,1861590.4950084947,10
-1348703.3178125527,1861590.4950084947,10
-1348240.005096025,1861590.4950084947,16
-1347776.6923794977,1861590.4950084947,10
-1347313.37966297,1861590.4950084947,10
-1346850.0669464427,1861590.4950084947,10
-1346386.754229915,1861590.4950084947,10
-1345923.4415133877,1861590.4950084947,10
-1345460.12879686,1861590.4950084947,10
-1344996.8160803327,1861590.4950084947,10
-1344533.5033638051,1861590.4950084947,10
-1344070.1906472775,1861590.4950084947,10
-1343606.8779307501,1861590.4950084947,16
-1343143.5652142225,1861590.4950084947,16
-1342680.2524976952,1861590.4950084947,16
-1342216.9397811675,1861590.4950084947,16
-1341753.6270646402,1861590.4950084947,16
-1341290.3143481126,1861590.4950084947,16
-1340827.0016315852,1861590.4950084947,16
-1340363.6889150576,1861590.4950084947,16
-1339900.3761985302,1861590.4950084947,16
-1339437.0634820026,1861590.4950084947,16
-1338973.7507654752,1861590.4950084947,10
-1338510.4380489476,1861590.4950084947,10
-1338047.1253324202,1861590.4950084947,16
-1337583.8126158926,1861590.4950084947,16
-1337120.499899365,1861590.4950084947,16
-1336657.1871828376,1861590.4950084947,16
-1336193.87446631,1861590.4950084947,16
-1335730.5617497826,1861590.4950084947,16
-1335267.249033255,1861590.4950084947,16
-1334803.9363167277,1861590.4950084947,16
-1334340.6236002,1861590.4950084947,16
-1333877.3108836727,1861590.4950084947,16
-1333413.998167145,1861590.4950084947,16
-1332950.6854506177,1861590.4950084947,16
-1332487.37273409,1861590.4950084947,16
-1332024.0600175627,1861590.4950084947,16
-1331560.747301035,1861590.4950084947,16
-1331097.4345845077,1861590.4950084947,16
-1330634.12186798,1861590.4950084947,16
-1330170.8091514525,1861590.4950084947,16
-1329707.4964349251,1861590.4950084947,16
-1329244.1837183975,1861590.4950084947,16
-1328780.8710018701,1861590.4950084947,16
-1328317.5582853425,1861590.4950084947,16
-1327854.2455688152,1861590.4950084947,16
-1327390.9328522875,1861590.4950084947,16
-1326927.6201357602,1861590.4950084947,16
-1326464.3074192326,1861590.4950084947,7
-1326000.9947027052,1861590.4950084947,16
-1325537.6819861776,1861590.4950084947,16
-1325074.3692696502,1861590.4950084947,16
-1324611.0565531226,1861590.4950084947,16
-1324147.7438365952,1861590.4950084947,16
-1323684.4311200676,1861590.4950084947,16
-1323221.11840354,1861590.4950084947,16
-1322757.8056870126,1861590.4950084947,16
-1322294.492970485,1861590.4950084947,16
-1321831.1802539576,1861590.4950084947,16
-1321367.86753743,1861590.4950084947,16
-1320904.5548209026,1861590.4950084947,16
-1320441.242104375,1861590.4950084947,16
-1319977.9293878477,1861590.4950084947,16
-1319514.61667132,1861590.4950084947,16
-1319051.3039547927,1861590.4950084947,16
-1318587.991238265,1861590.4950084947,16
-1318124.6785217377,1861590.4950084947,16
-1317661.36580521,1861590.4950084947,16
-1317198.0530886827,1861590.4950084947,16
-1316734.740372155,1861590.4950084947,16
-1316271.4276556277,1861590.4950084947,16
-1315808.1149391,1861590.4950084947,16
-1315344.8022225727,1861590.4950084947,16
-1314881.4895060451,1861590.4950084947,16
-1314418.1767895175,1861590.4950084947,16
-1313954.8640729901,1861590.4950084947,16
-1313491.5513564625,1861590.4950084947,16
-1313028.2386399352,1861590.4950084947,16
-1312564.9259234075,1861590.4950084947,16
-1312101.6132068802,1861590.4950084947,16
-1311638.3004903526,1861590.4950084947,16
-1311174.9877738252,1861590.4950084947,16
-1310711.6750572976,1861590.4950084947,16
-1310248.3623407702,1861590.4950084947,16
-1309785.0496242426,1861590.4950084947,16
-1309321.7369077152,1861590.4950084947,16
-1308858.4241911876,1861590.4950084947,16
-1308395.1114746602,1861590.4950084947,16
-1307931.7987581326,1861590.4950084947,16
-1307468.486041605,1861590.4950084947,16
-1307005.1733250776,1861590.4950084947,16
-1306541.86060855,1861590.4950084947,16
-1306078.5478920226,1861590.4950084947,16
-1305615.235175495,1861590.4950084947,16
-1305151.9224589677,1861590.4950084947,16
-1304688.60974244,1861590.4950084947,16
-1304225.2970259127,1861590.4950084947,16
-1303761.984309385,1861590.4950084947,16
-1303298.6715928577,1861590.4950084947,16
-1302835.35887633,1861590.4950084947,16
-1302372.0461598027,1861590.4950084947,16
-1301908.733443275,1861590.4950084947,16
-1301445.4207267477,1861590.4950084947,16
-1300982.10801022,1861590.4950084947,16
-1300518.7952936925,1861590.4950084947,10
-1300055.4825771651,1861590.4950084947,10
-1299592.1698606375,1861590.4950084947,10
-1299128.8571441101,1861590.4950084947,16
-1298665.5444275825,1861590.4950084947,16
-1298202.2317110552,1861590.4950084947,16
-1297738.9189945275,1861590.4950084947,16
-1297275.6062780002,1861590.4950084947,10
-1296812.2935614726,1861590.4950084947,10
-1296348.9808449452,1861590.4950084947,10
-1295885.6681284176,1861590.4950084947,10
-1295422.3554118902,1861590.4950084947,10
-1294959.0426953626,1861590.4950084947,10
-1294495.7299788352,1861590.4950084947,10
-1294032.4172623076,1861590.4950084947,10
-1293569.10454578,1861590.4950084947,10
-1293105.7918292526,1861590.4950084947,10
-1292642.479112725,1861590.4950084947,10
-1292179.1663961976,1861590.4950084947,10
-1291715.85367967,1861590.4950084947,10
-1291252.5409631426,1861590.4950084947,10
-1290789.228246615,1861590.4950084947,10
-1290325.9155300877,1861590.4950084947,10
-1289862.60281356,1861590.4950084947,10
-1289399.2900970327,1861590.4950084947,10
-1288935.977380505,1861590.4950084947,10
-1288472.6646639777,1861590.4950084947,10
-1288009.35194745,1861590.4950084947,10
-1287546.0392309227,1861590.4950084947,10
-1287082.726514395,1861590.4950084947,10
-1286619.4137978677,1861590.4950084947,10
-1286156.10108134,1861590.4950084947,10
-1285692.7883648127,1861590.4950084947,10
-1285229.4756482851,1861590.4950084947,10
-1284766.1629317575,1861590.4950084947,10
-1284302.8502152301,1861590.4950084947,10
-1283839.5374987025,1861590.4950084947,10
-1283376.2247821752,1861590.4950084947,10
-1282912.9120656475,1861590.4950084947,10
-1282449.5993491202,1861590.4950084947,10
-1281986.2866325926,1861590.4950084947,10
-1281522.9739160652,1861590.4950084947,10
-1281059.6611995376,1861590.4950084947,10
-1280596.3484830102,1861590.4950084947,10
-1280133.0357664826,1861590.4950084947,10
-1279669.7230499552,1861590.4950084947,10
-1279206.4103334276,1861590.4950084947,10
-1278743.0976169002,1861590.4950084947,10
-1278279.7849003726,1861590.4950084947,10
-1277816.472183845,1861590.4950084947,10
-1277353.1594673176,1861590.4950084947,10
-1276889.84675079,1861590.4950084947,10
-1276426.5340342626,1861590.4950084947,10
-1275963.221317735,1861590.4950084947,10
-1275499.9086012077,1861590.4950084947,10
-1275036.59588468,1861590.4950084947,10
-1274573.2831681527,1861590.4950084947,10
-1274109.970451625,1861590.4950084947,10
-1273646.6577350977,1861590.4950084947,10
-1273183.34501857,1861590.4950084947,10
-1272720.0323020427,1861590.4950084947,10
-1272256.719585515,1861590.4950084947,10
-1271793.4068689877,1861590.4950084947,10
-1271330.09415246,1861590.4950084947,10
-1270866.7814359325,1861590.4950084947,10
-1270403.4687194051,1861590.4950084947,10
-1269940.1560028775,1861590.4950084947,10
-1269476.8432863501,1861590.4950084947,10
-1269013.5305698225,1861590.4950084947,10
-1268550.2178532952,1861590.4950084947,10
-1268086.9051367675,1861590.4950084947,10
-1267623.5924202402,1861590.4950084947,10
-1267160.2797037126,1861590.4950084947,10
-1266696.9669871852,1861590.4950084947,10
-1266233.6542706576,1861590.4950084947,10
-1265770.3415541302,1861590.4950084947,10
-1265307.0288376026,1861590.4950084947,10
-1264843.7161210752,1861590.4950084947,10
-1264380.4034045476,1861590.4950084947,10
-1263917.09068802,1861590.4950084947,10
-1263453.7779714926,1861590.4950084947,10
-1262990.465254965,1861590.4950084947,10
-1262527.1525384376,1861590.4950084947,10
-1262063.83982191,1861590.4950084947,10
-1261600.5271053826,1861590.4950084947,10
-1261137.214388855,1861590.4950084947,10
-1260673.9016723277,1861590.4950084947,10
-1260210.5889558,1861590.4950084947,10
-1259747.2762392727,1861590.4950084947,10
-1259283.963522745,1861590.4950084947,10
-1258820.6508062177,1861590.4950084947,10
-1258357.33808969,1861590.4950084947,10
-1257894.0253731627,1861590.4950084947,10
-1257430.712656635,1861590.4950084947,10
-1256967.3999401077,1861590.4950084947,10
-1256504.08722358,1861590.4950084947,10
-1256040.7745070527,1861590.4950084947,10
-1255577.4617905251,1861590.4950084947,10
-1255114.1490739975,1861590.4950084947,10
-1254650.8363574701,1861590.4950084947,10
-1254187.5236409425,1861590.4950084947,10
-1253724.2109244152,1861590.4950084947,10
-1253260.8982078875,1861590.4950084947,10
-1252797.5854913602,1861590.4950084947,10
-1252334.2727748326,1861590.4950084947,10
-1251870.9600583052,1861590.4950084947,10
-1251407.6473417776,1861590.4950084947,10
-1250944.3346252502,1861590.4950084947,10
-1250481.0219087226,1861590.4950084947,10
-1250017.7091921952,1861590.4950084947,10
-1249554.3964756676,1861590.4950084947,10
-1249091.0837591402,1861590.4950084947,10
-1248627.7710426126,1861590.4950084947,10
-1248164.458326085,1861590.4950084947,10
-1247701.1456095576,1861590.4950084947,10
-1247237.83289303,1861590.4950084947,10
-1246774.5201765026,1861590.4950084947,10
-1246311.207459975,1861590.4950084947,10
-1245847.8947434477,1861590.4950084947,10
-1245384.58202692,1861590.4950084947,10
-1244921.2693103927,1861590.4950084947,10
-1244457.956593865,1861590.4950084947,10
-1243994.6438773377,1861590.4950084947,10
-1243531.33116081,1861590.4950084947,10
-1243068.0184442827,1861590.4950084947,10
-1242604.705727755,1861590.4950084947,10
-1242141.3930112277,1861590.4950084947,10
-1241678.0802947,1861590.4950084947,10
-1241214.7675781725,1861590.4950084947,10
-1240751.4548616451,1861590.4950084947,10
-1240288.1421451175,1861590.4950084947,10
-1239824.8294285901,1861590.4950084947,10
-1239361.5167120625,1861590.4950084947,10
-1238898.2039955352,1861590.4950084947,10
-1238434.8912790075,1861590.4950084947,10
-1237971.5785624802,1861590.4950084947,10
-1237508.2658459526,1861590.4950084947,10
-1237044.9531294252,1861590.4950084947,10
-1236581.6404128976,1861590.4950084947,10
-1236118.3276963702,1861590.4950084947,10
-1235655.0149798426,1861590.4950084947,10
-1235191.7022633152,1861590.4950084947,10
-1234728.3895467876,1861590.4950084947,10
-1234265.07683026,1861590.4950084947,10
-1233801.7641137326,1861590.4950084947,10
-1233338.4513972052,1861590.4950084947,10
-1232875.1386806776,1861590.4950084947,10
-1232411.82596415,1861590.4950084947,10
-1231948.5132476226,1861590.4950084947,10
-1231485.200531095,1861590.4950084947,10
-1231021.8878145677,1861590.4950084947,10
-1230558.57509804,1861590.4950084947,10
-1230095.2623815127,1861590.4950084947,10
-1229631.949664985,1861590.4950084947,10
-1229168.6369484577,1861590.4950084947,10
-1228705.32423193,1861590.4950084947,10
-1228242.0115154027,1861590.4950084947,10
-1227778.698798875,1861590.4950084947,10
-1227315.3860823475,1861590.4950084947,10
-1226852.07336582,1861590.4950084947,10
-1226388.7606492927,1861590.4950084947,10
-1225925.4479327651,1861590.4950084947,10
-1225462.1352162375,1861590.4950084947,10
-1224998.8224997101,1861590.4950084947,10
-1224535.5097831825,1861590.4950084947,10
-1224072.1970666551,1861590.4950084947,10
-1223608.8843501275,1861590.4950084947,10
-1223145.5716336002,1861590.4950084947,10
-1222682.2589170726,1861590.4950084947,10
-1222218.9462005452,1861590.4950084947,10
-1221755.6334840176,1861590.4950084947,10
-1221292.3207674902,1861590.4950084947,10
-1220829.0080509626,1861590.4950084947,10
-1220365.6953344352,1861590.4950084947,10
-1219902.3826179076,1861590.4950084947,10
-1219439.0699013802,1861590.4950084947,10
-1218975.7571848526,1861590.4950084947,10
-1218512.444468325,1861590.4950084947,10
-1218049.1317517976,1861590.4950084947,10
-1217585.81903527,1861590.4950084947,10
-1217122.5063187426,1861590.4950084947,10
-1216659.193602215,1861590.4950084947,10
-1216195.8808856877,1861590.4950084947,10
-1215732.56816916,1861590.4950084947,10
-1215269.2554526327,1861590.4950084947,10
-1214805.942736105,1861590.4950084947,10
-1214342.6300195777,1861590.4950084947,10
-1213879.31730305,1861590.4950084947,16
-1213416.0045865227,1861590.4950084947,10
-1212952.691869995,1861590.4950084947,10
-1212489.3791534677,1861590.4950084947,10
-1212026.06643694,1861590.4950084947,10
-1211562.7537204125,1861590.4950084947,10
-1211099.4410038851,1861590.4950084947,10
-1210636.1282873575,1861590.4950084947,10
-1210172.8155708301,1861590.4950084947,10
-1209709.5028543025,1861590.4950084947,10
-1209246.1901377751,1861590.4950084947,10
-1208782.8774212475,1861590.4950084947,10
-1208319.5647047202,1861590.4950084947,10
-1207856.2519881926,1861590.4950084947,10
-1207392.9392716652,1861590.4950084947,10
-1206929.6265551376,1861590.4950084947,10
-1206466.3138386102,1861590.4950084947,10
-1206003.0011220826,1861590.4950084947,10
-1205539.6884055552,1861590.4950084947,10
-1205076.3756890276,1861590.4950084947,10
-1204613.0629725,1861590.4950084947,10
-1204149.7502559726,1861590.4950084947,10
-1203686.4375394452,1861590.4950084947,10
-1203223.1248229176,1861590.4950084947,10
-1202759.81210639,1861590.4950084947,10
-1202296.4993898626,1861590.4950084947,10
-1201833.186673335,1861590.4950084947,10
-1201369.8739568077,1861590.4950084947,10
-1200906.56124028,1861590.4950084947,10
-1200443.2485237527,1861590.4950084947,10
-1199979.935807225,1861590.4950084947,10
-1199516.6230906977,1861590.4950084947,10
-1199053.31037417,1861590.4950084947,10
-1198589.9976576427,1861590.4950084947,10
-1198126.684941115,1861590.4950084947,10
-1197663.3722245875,1861590.4950084947,10
-1197200.05950806,1861590.4950084947,10
-1196736.7467915327,1861590.4950084947,10
-1196273.4340750051,1861590.4950084947,10
-1195810.1213584775,1861590.4950084947,10
-1195346.8086419501,1861590.4950084947,10
-1194883.4959254225,1861590.4950084947,10
-1194420.1832088951,1861590.4950084947,10
-1193956.8704923675,1861590.4950084947,10
-1193493.5577758402,1861590.4950084947,10
-1193030.2450593126,1861590.4950084947,10
-1192566.9323427852,1861590.4950084947,10
-1192103.6196262576,1861590.4950084947,10
-1191640.3069097302,1861590.4950084947,10
-1191176.9941932026,1861590.4950084947,10
-1190713.6814766752,1861590.4950084947,10
-1190250.3687601476,1861590.4950084947,10
-1189787.0560436202,1861590.4950084947,10
-1189323.7433270926,1861590.4950084947,10
-1188860.430610565,1861590.4950084947,10
-1188397.1178940376,1861590.4950084947,10
-1187933.80517751,1861590.4950084947,10
-1187470.4924609826,1861590.4950084947,10
-1187007.179744455,1861590.4950084947,10
-1186543.8670279277,1861590.4950084947,10
-1186080.5543114,1861590.4950084947,10
-1185617.2415948727,1861590.4950084947,10
-1185153.928878345,1861590.4950084947,10
-1184690.6161618177,1861590.4950084947,10
-1184227.30344529,1861590.4950084947,10
-1183763.9907287627,1861590.4950084947,10
-1183300.678012235,1861590.4950084947,10
-1182837.3652957077,1861590.4950084947,10
-1182374.05257918,1861590.4950084947,10
-1181910.7398626525,1861590.4950084947,10
-1181447.4271461251,1861590.4950084947,10
-1180984.1144295975,1861590.4950084947,10
-1180520.8017130701,1861590.4950084947,10
-1180057.4889965425,1861590.4950084947,10
-1179594.1762800151,1861590.4950084947,10
-1179130.8635634875,1861590.4950084947,10
-1178667.5508469602,1861590.4950084947,10
-1178204.2381304326,1861590.4950084947,10
-1177740.9254139052,1861590.4950084947,10
-1177277.6126973776,1861590.4950084947,10
-1176814.2999808502,1861590.4950084947,10
-1176350.9872643226,1861590.4950084947,10
-1175887.6745477952,1861590.4950084947,10
-1175424.3618312676,1861590.4950084947,10
-1174961.04911474,1861590.4950084947,10
-1174497.7363982126,1861590.4950084947,10
-1174034.4236816852,1861590.4950084947,10
-1173571.1109651576,1861590.4950084947,10
-1173107.79824863,1861590.4950084947,10
-1172644.4855321026,1861590.4950084947,10
-1172181.172815575,1861590.4950084947,10
-1171717.8600990477,1861590.4950084947,10
-1171254.54738252,1861590.4950084947,10
-1170791.2346659927,1861590.4950084947,10
-1170327.921949465,1861590.4950084947,10
-1169864.6092329377,1861590.4950084947,10
-1169401.29651641,1861590.4950084947,10
-1168937.9837998827,1861590.4950084947,10
-1168474.671083355,1861590.4950084947,10
-1168011.3583668275,1861590.4950084947,10
-1167548.0456503,1861590.4950084947,10
-1167084.7329337727,1861590.4950084947,10
-1166621.4202172451,1861590.4950084947,10
-1166158.1075007175,1861590.4950084947,10
-1165694.7947841901,1861590.4950084947,10
-1165231.4820676625,1861590.4950084947,10
-1164768.1693511351,1861590.4950084947,10
-1164304.8566346075,1861590.4950084947,10
-1163841.5439180802,1861590.4950084947,10
-1163378.2312015526,1861590.4950084947,10
-1162914.9184850252,1861590.4950084947,10
-1162451.6057684976,1861590.4950084947,10
-1161988.2930519702,1861590.4950084947,10
-1161524.9803354426,1861590.4950084947,10
-1161061.6676189152,1861590.4950084947,10
-1160598.3549023876,1861590.4950084947,10
-1160135.0421858602,1861590.4950084947,10
-1365845.88832407,1861127.1822919673,10
-1365382.5756075426,1861127.1822919673,10
-1364919.262891015,1861127.1822919673,10
-1364455.9501744877,1861127.1822919673,10
-1363992.63745796,1861127.1822919673,10
-1363529.3247414327,1861127.1822919673,10
-1363066.012024905,1861127.1822919673,10
-1362602.6993083777,1861127.1822919673,10
-1362139.38659185,1861127.1822919673,10
-1361676.0738753227,1861127.1822919673,10
-1361212.761158795,1861127.1822919673,10
-1360749.4484422677,1861127.1822919673,10
-1360286.13572574,1861127.1822919673,10
-1359822.8230092125,1861127.1822919673,10
-1359359.5102926851,1861127.1822919673,10
-1358896.1975761575,1861127.1822919673,16
-1358432.8848596301,1861127.1822919673,10
-1357969.5721431025,1861127.1822919673,10
-1357506.2594265752,1861127.1822919673,10
-1357042.9467100475,1861127.1822919673,16
-1356579.6339935202,1861127.1822919673,10
-1356116.3212769926,1861127.1822919673,10
-1355653.0085604652,1861127.1822919673,10
-1355189.6958439376,1861127.1822919673,10
-1354726.3831274102,1861127.1822919673,10
-1354263.0704108826,1861127.1822919673,10
-1353799.7576943552,1861127.1822919673,10
-1353336.4449778276,1861127.1822919673,10
-1352873.1322613002,1861127.1822919673,10
-1352409.8195447726,1861127.1822919673,16
-1351946.506828245,1861127.1822919673,16
-1351483.1941117176,1861127.1822919673,16
-1351019.88139519,1861127.1822919673,10
-1350556.5686786626,1861127.1822919673,16
-1350093.255962135,1861127.1822919673,16
-1349629.9432456077,1861127.1822919673,10
-1349166.63052908,1861127.1822919673,10
-1348703.3178125527,1861127.1822919673,10
-1348240.005096025,1861127.1822919673,10
-1347776.6923794977,1861127.1822919673,10
-1347313.37966297,1861127.1822919673,10
-1346850.0669464427,1861127.1822919673,10
-1346386.754229915,1861127.1822919673,10
-1345923.4415133877,1861127.1822919673,16
-1345460.12879686,1861127.1822919673,16
-1344996.8160803327,1861127.1822919673,16
-1344533.5033638051,1861127.1822919673,16
-1344070.1906472775,1861127.1822919673,16
-1343606.8779307501,1861127.1822919673,16
-1343143.5652142225,1861127.1822919673,16
-1342680.2524976952,1861127.1822919673,16
-1342216.9397811675,1861127.1822919673,16
-1341753.6270646402,1861127.1822919673,16
-1341290.3143481126,1861127.1822919673,16
-1340827.0016315852,1861127.1822919673,16
-1340363.6889150576,1861127.1822919673,16
-1339900.3761985302,1861127.1822919673,16
-1339437.0634820026,1861127.1822919673,16
-1338973.7507654752,1861127.1822919673,10
-1338510.4380489476,1861127.1822919673,16
-1338047.1253324202,1861127.1822919673,16
-1337583.8126158926,1861127.1822919673,16
-1337120.499899365,1861127.1822919673,16
-1336657.1871828376,1861127.1822919673,16
-1336193.87446631,1861127.1822919673,16
-1335730.5617497826,1861127.1822919673,16
-1335267.249033255,1861127.1822919673,16
-1334803.9363167277,1861127.1822919673,16
-1334340.6236002,1861127.1822919673,16
-1333877.3108836727,1861127.1822919673,16
-1333413.998167145,1861127.1822919673,16
-1332950.6854506177,1861127.1822919673,16
-1332487.37273409,1861127.1822919673,16
-1332024.0600175627,1861127.1822919673,16
-1331560.747301035,1861127.1822919673,16
-1331097.4345845077,1861127.1822919673,16
-1330634.12186798,1861127.1822919673,16
-1330170.8091514525,1861127.1822919673,16
-1329707.4964349251,1861127.1822919673,16
-1329244.1837183975,1861127.1822919673,16
-1328780.8710018701,1861127.1822919673,16
-1328317.5582853425,1861127.1822919673,16
-1327854.2455688152,1861127.1822919673,16
-1327390.9328522875,1861127.1822919673,16
-1326927.6201357602,1861127.1822919673,16
-1326464.3074192326,1861127.1822919673,16
-1326000.9947027052,1861127.1822919673,16
-1325537.6819861776,1861127.1822919673,16
-1325074.3692696502,1861127.1822919673,16
-1324611.0565531226,1861127.1822919673,16
-1324147.7438365952,1861127.1822919673,16
-1323684.4311200676,1861127.1822919673,16
-1323221.11840354,1861127.1822919673,16
-1322757.8056870126,1861127.1822919673,16
-1322294.492970485,1861127.1822919673,16
-1321831.1802539576,1861127.1822919673,16
-1321367.86753743,1861127.1822919673,16
-1320904.5548209026,1861127.1822919673,16
-1320441.242104375,1861127.1822919673,16
-1319977.9293878477,1861127.1822919673,16
-1319514.61667132,1861127.1822919673,16
-1319051.3039547927,1861127.1822919673,16
-1318587.991238265,1861127.1822919673,16
-1318124.6785217377,1861127.1822919673,16
-1317661.36580521,1861127.1822919673,16
-1317198.0530886827,1861127.1822919673,16
-1316734.740372155,1861127.1822919673,16
-1316271.4276556277,1861127.1822919673,16
-1315808.1149391,1861127.1822919673,16
-1315344.8022225727,1861127.1822919673,16
-1314881.4895060451,1861127.1822919673,16
-1314418.1767895175,1861127.1822919673,16
-1313954.8640729901,1861127.1822919673,16
-1313491.5513564625,1861127.1822919673,16
-1313028.2386399352,1861127.1822919673,16
-1312564.9259234075,1861127.1822919673,16
-1312101.6132068802,1861127.1822919673,16
-1311638.3004903526,1861127.1822919673,16
-1311174.9877738252,1861127.1822919673,16
-1310711.6750572976,1861127.1822919673,16
-1310248.3623407702,1861127.1822919673,16
-1309785.0496242426,1861127.1822919673,16
-1309321.7369077152,1861127.1822919673,16
-1308858.4241911876,1861127.1822919673,16
-1308395.1114746602,1861127.1822919673,16
-1307931.7987581326,1861127.1822919673,16
-1307468.486041605,1861127.1822919673,16
-1307005.1733250776,1861127.1822919673,16
-1306541.86060855,1861127.1822919673,16
-1306078.5478920226,1861127.1822919673,16
-1305615.235175495,1861127.1822919673,16
-1305151.9224589677,1861127.1822919673,16
-1304688.60974244,1861127.1822919673,16
-1304225.2970259127,1861127.1822919673,16
-1303761.984309385,1861127.1822919673,16
-1303298.6715928577,1861127.1822919673,16
-1302835.35887633,1861127.1822919673,16
-1302372.0461598027,1861127.1822919673,16
-1301908.733443275,1861127.1822919673,16
-1301445.4207267477,1861127.1822919673,16
-1300982.10801022,1861127.1822919673,16
-1300518.7952936925,1861127.1822919673,10
-1300055.4825771651,1861127.1822919673,10
-1299592.1698606375,1861127.1822919673,10
-1299128.8571441101,1861127.1822919673,16
-1298665.5444275825,1861127.1822919673,16
-1298202.2317110552,1861127.1822919673,16
-1297738.9189945275,1861127.1822919673,16
-1297275.6062780002,1861127.1822919673,10
-1296812.2935614726,1861127.1822919673,10
-1296348.9808449452,1861127.1822919673,10
-1295885.6681284176,1861127.1822919673,10
-1295422.3554118902,1861127.1822919673,10
-1294959.0426953626,1861127.1822919673,10
-1294495.7299788352,1861127.1822919673,10
-1294032.4172623076,1861127.1822919673,10
-1293569.10454578,1861127.1822919673,10
-1293105.7918292526,1861127.1822919673,10
-1292642.479112725,1861127.1822919673,10
-1292179.1663961976,1861127.1822919673,10
-1291715.85367967,1861127.1822919673,10
-1291252.5409631426,1861127.1822919673,10
-1290789.228246615,1861127.1822919673,10
-1290325.9155300877,1861127.1822919673,10
-1289862.60281356,1861127.1822919673,10
-1289399.2900970327,1861127.1822919673,10
-1288935.977380505,1861127.1822919673,10
-1288472.6646639777,1861127.1822919673,10
-1288009.35194745,1861127.1822919673,10
-1287546.0392309227,1861127.1822919673,10
-1287082.726514395,1861127.1822919673,10
-1286619.4137978677,1861127.1822919673,10
-1286156.10108134,1861127.1822919673,10
-1285692.7883648127,1861127.1822919673,7
-1285229.4756482851,1861127.1822919673,7
-1284766.1629317575,1861127.1822919673,7
-1284302.8502152301,1861127.1822919673,7
-1283839.5374987025,1861127.1822919673,7
-1283376.2247821752,1861127.1822919673,7
-1282912.9120656475,1861127.1822919673,10
-1282449.5993491202,1861127.1822919673,10
-1281986.2866325926,1861127.1822919673,10
-1281522.9739160652,1861127.1822919673,10
-1281059.6611995376,1861127.1822919673,10
-1280596.3484830102,1861127.1822919673,10
-1280133.0357664826,1861127.1822919673,10
-1279669.7230499552,1861127.1822919673,10
-1279206.4103334276,1861127.1822919673,10
-1278743.0976169002,1861127.1822919673,10
-1278279.7849003726,1861127.1822919673,10
-1277816.472183845,1861127.1822919673,10
-1277353.1594673176,1861127.1822919673,10
-1276889.84675079,1861127.1822919673,10
-1276426.5340342626,1861127.1822919673,10
-1275963.221317735,1861127.1822919673,10
-1275499.9086012077,1861127.1822919673,10
-1275036.59588468,1861127.1822919673,10
-1274573.2831681527,1861127.1822919673,10
-1274109.970451625,1861127.1822919673,10
-1273646.6577350977,1861127.1822919673,10
-1273183.34501857,1861127.1822919673,10
-1272720.0323020427,1861127.1822919673,10
-1272256.719585515,1861127.1822919673,10
-1271793.4068689877,1861127.1822919673,10
-1271330.09415246,1861127.1822919673,10
-1270866.7814359325,1861127.1822919673,10
-1270403.4687194051,1861127.1822919673,10
-1269940.1560028775,1861127.1822919673,10
-1269476.8432863501,1861127.1822919673,10
-1269013.5305698225,1861127.1822919673,10
-1268550.2178532952,1861127.1822919673,10
-1268086.9051367675,1861127.1822919673,10
-1267623.5924202402,1861127.1822919673,10
-1267160.2797037126,1861127.1822919673,10
-1266696.9669871852,1861127.1822919673,10
-1266233.6542706576,1861127.1822919673,10
-1265770.3415541302,1861127.1822919673,10
-1265307.0288376026,1861127.1822919673,10
-1264843.7161210752,1861127.1822919673,10
-1264380.4034045476,1861127.1822919673,10
-1263917.09068802,1861127.1822919673,10
-1263453.7779714926,1861127.1822919673,10
-1262990.465254965,1861127.1822919673,10
-1262527.1525384376,1861127.1822919673,10
-1262063.83982191,1861127.1822919673,10
-1261600.5271053826,1861127.1822919673,10
-1261137.214388855,1861127.1822919673,10
-1260673.9016723277,1861127.1822919673,10
-1260210.5889558,1861127.1822919673,10
-1259747.2762392727,1861127.1822919673,10
-1259283.963522745,1861127.1822919673,10
-1258820.6508062177,1861127.1822919673,10
-1258357.33808969,1861127.1822919673,10
-1257894.0253731627,1861127.1822919673,10
-1257430.712656635,1861127.1822919673,10
-1256967.3999401077,1861127.1822919673,10
-1256504.08722358,1861127.1822919673,10
-1256040.7745070527,1861127.1822919673,10
-1255577.4617905251,1861127.1822919673,10
-1255114.1490739975,1861127.1822919673,10
-1254650.8363574701,1861127.1822919673,10
-1254187.5236409425,1861127.1822919673,10
-1253724.2109244152,1861127.1822919673,10
-1253260.8982078875,1861127.1822919673,10
-1252797.5854913602,1861127.1822919673,10
-1252334.2727748326,1861127.1822919673,10
-1251870.9600583052,1861127.1822919673,10
-1251407.6473417776,1861127.1822919673,10
-1250944.3346252502,1861127.1822919673,10
-1250481.0219087226,1861127.1822919673,10
-1250017.7091921952,1861127.1822919673,10
-1249554.3964756676,1861127.1822919673,10
-1249091.0837591402,1861127.1822919673,10
-1248627.7710426126,1861127.1822919673,10
-1248164.458326085,1861127.1822919673,10
-1247701.1456095576,1861127.1822919673,10
-1247237.83289303,1861127.1822919673,10
-1246774.5201765026,1861127.1822919673,10
-1246311.207459975,1861127.1822919673,10
-1245847.8947434477,1861127.1822919673,10
-1245384.58202692,1861127.1822919673,10
-1244921.2693103927,1861127.1822919673,10
-1244457.956593865,1861127.1822919673,10
-1243994.6438773377,1861127.1822919673,10
-1243531.33116081,1861127.1822919673,10
-1243068.0184442827,1861127.1822919673,10
-1242604.705727755,1861127.1822919673,10
-1242141.3930112277,1861127.1822919673,10
-1241678.0802947,1861127.1822919673,10
-1241214.7675781725,1861127.1822919673,10
-1240751.4548616451,1861127.1822919673,10
-1240288.1421451175,1861127.1822919673,10
-1239824.8294285901,1861127.1822919673,10
-1239361.5167120625,1861127.1822919673,10
-1238898.2039955352,1861127.1822919673,10
-1238434.8912790075,1861127.1822919673,10
-1237971.5785624802,1861127.1822919673,10
-1237508.2658459526,1861127.1822919673,10
-1237044.9531294252,1861127.1822919673,10
-1236581.6404128976,1861127.1822919673,10
-1236118.3276963702,1861127.1822919673,10
-1235655.0149798426,1861127.1822919673,10
-1235191.7022633152,1861127.1822919673,10
-1234728.3895467876,1861127.1822919673,10
-1234265.07683026,1861127.1822919673,10
-1233801.7641137326,1861127.1822919673,10
-1233338.4513972052,1861127.1822919673,10
-1232875.1386806776,1861127.1822919673,10
-1232411.82596415,1861127.1822919673,10
-1231948.5132476226,1861127.1822919673,10
-1231485.200531095,1861127.1822919673,10
-1231021.8878145677,1861127.1822919673,10
-1230558.57509804,1861127.1822919673,10
-1230095.2623815127,1861127.1822919673,10
-1229631.949664985,1861127.1822919673,10
-1229168.6369484577,1861127.1822919673,10
-1228705.32423193,1861127.1822919673,10
-1228242.0115154027,1861127.1822919673,10
-1227778.698798875,1861127.1822919673,10
-1227315.3860823475,1861127.1822919673,10
-1226852.07336582,1861127.1822919673,10
-1226388.7606492927,1861127.1822919673,10
-1225925.4479327651,1861127.1822919673,10
-1225462.1352162375,1861127.1822919673,10
-1224998.8224997101,1861127.1822919673,10
-1224535.5097831825,1861127.1822919673,10
-1224072.1970666551,1861127.1822919673,10
-1223608.8843501275,1861127.1822919673,10
-1223145.5716336002,1861127.1822919673,10
-1222682.2589170726,1861127.1822919673,10
-1222218.9462005452,1861127.1822919673,10
-1221755.6334840176,1861127.1822919673,10
-1221292.3207674902,1861127.1822919673,10
-1220829.0080509626,1861127.1822919673,10
-1220365.6953344352,1861127.1822919673,10
-1219902.3826179076,1861127.1822919673,10
-1219439.0699013802,1861127.1822919673,10
-1218975.7571848526,1861127.1822919673,10
-1218512.444468325,1861127.1822919673,10
-1218049.1317517976,1861127.1822919673,10
-1217585.81903527,1861127.1822919673,10
-1217122.5063187426,1861127.1822919673,10
-1216659.193602215,1861127.1822919673,10
-1216195.8808856877,1861127.1822919673,10
-1215732.56816916,1861127.1822919673,10
-1215269.2554526327,1861127.1822919673,10
-1214805.942736105,1861127.1822919673,10
-1214342.6300195777,1861127.1822919673,10
-1213879.31730305,1861127.1822919673,16
-1213416.0045865227,1861127.1822919673,10
-1212952.691869995,1861127.1822919673,10
-1212489.3791534677,1861127.1822919673,10
-1212026.06643694,1861127.1822919673,10
-1211562.7537204125,1861127.1822919673,10
-1211099.4410038851,1861127.1822919673,10
-1210636.1282873575,1861127.1822919673,10
-1210172.8155708301,1861127.1822919673,10
-1209709.5028543025,1861127.1822919673,10
-1209246.1901377751,1861127.1822919673,10
-1208782.8774212475,1861127.1822919673,10
-1208319.5647047202,1861127.1822919673,10
-1207856.2519881926,1861127.1822919673,10
-1207392.9392716652,1861127.1822919673,10
-1206929.6265551376,1861127.1822919673,10
-1206466.3138386102,1861127.1822919673,10
-1206003.0011220826,1861127.1822919673,10
-1205539.6884055552,1861127.1822919673,10
-1205076.3756890276,1861127.1822919673,10
-1204613.0629725,1861127.1822919673,10
-1204149.7502559726,1861127.1822919673,10
-1203686.4375394452,1861127.1822919673,10
-1203223.1248229176,1861127.1822919673,10
-1202759.81210639,1861127.1822919673,10
-1202296.4993898626,1861127.1822919673,10
-1201833.186673335,1861127.1822919673,10
-1201369.8739568077,1861127.1822919673,10
-1200906.56124028,1861127.1822919673,10
-1200443.2485237527,1861127.1822919673,10
-1199979.935807225,1861127.1822919673,10
-1199516.6230906977,1861127.1822919673,10
-1199053.31037417,1861127.1822919673,10
-1198589.9976576427,1861127.1822919673,10
-1198126.684941115,1861127.1822919673,10
-1197663.3722245875,1861127.1822919673,10
-1197200.05950806,1861127.1822919673,10
-1196736.7467915327,1861127.1822919673,10
-1196273.4340750051,1861127.1822919673,10
-1195810.1213584775,1861127.1822919673,10
-1195346.8086419501,1861127.1822919673,10
-1194883.4959254225,1861127.1822919673,10
-1194420.1832088951,1861127.1822919673,10
-1193956.8704923675,1861127.1822919673,10
-1193493.5577758402,1861127.1822919673,10
-1193030.2450593126,1861127.1822919673,10
-1192566.9323427852,1861127.1822919673,10
-1192103.6196262576,1861127.1822919673,10
-1191640.3069097302,1861127.1822919673,10
-1191176.9941932026,1861127.1822919673,10
-1190713.6814766752,1861127.1822919673,10
-1190250.3687601476,1861127.1822919673,10
-1189787.0560436202,1861127.1822919673,10
-1189323.7433270926,1861127.1822919673,10
-1188860.430610565,1861127.1822919673,10
-1188397.1178940376,1861127.1822919673,10
-1187933.80517751,1861127.1822919673,10
-1187470.4924609826,1861127.1822919673,10
-1187007.179744455,1861127.1822919673,10
-1186543.8670279277,1861127.1822919673,10
-1186080.5543114,1861127.1822919673,10
-1185617.2415948727,1861127.1822919673,10
-1185153.928878345,1861127.1822919673,10
-1184690.6161618177,1861127.1822919673,10
-1184227.30344529,1861127.1822919673,10
-1183763.9907287627,1861127.1822919673,10
-1183300.678012235,1861127.1822919673,10
-1182837.3652957077,1861127.1822919673,10
-1182374.05257918,1861127.1822919673,10
-1181910.7398626525,1861127.1822919673,10
-1181447.4271461251,1861127.1822919673,10
-1180984.1144295975,1861127.1822919673,10
-1180520.8017130701,1861127.1822919673,10
-1180057.4889965425,1861127.1822919673,10
-1179594.1762800151,1861127.1822919673,10
-1179130.8635634875,1861127.1822919673,10
-1178667.5508469602,1861127.1822919673,10
-1178204.2381304326,1861127.1822919673,10
-1177740.9254139052,1861127.1822919673,10
-1177277.6126973776,1861127.1822919673,10
-1176814.2999808502,1861127.1822919673,10
-1176350.9872643226,1861127.1822919673,10
-1175887.6745477952,1861127.1822919673,10
-1175424.3618312676,1861127.1822919673,10
-1174961.04911474,1861127.1822919673,10
-1174497.7363982126,1861127.1822919673,10
-1174034.4236816852,1861127.1822919673,10
-1173571.1109651576,1861127.1822919673,10
-1173107.79824863,1861127.1822919673,10
-1172644.4855321026,1861127.1822919673,10
-1172181.172815575,1861127.1822919673,10
-1171717.8600990477,1861127.1822919673,10
-1171254.54738252,1861127.1822919673,10
-1170791.2346659927,1861127.1822919673,10
-1170327.921949465,1861127.1822919673,10
-1169864.6092329377,1861127.1822919673,10
-1169401.29651641,1861127.1822919673,10
-1168937.9837998827,1861127.1822919673,10
-1168474.671083355,1861127.1822919673,10
-1168011.3583668275,1861127.1822919673,10
-1167548.0456503,1861127.1822919673,10
-1167084.7329337727,1861127.1822919673,10
-1166621.4202172451,1861127.1822919673,10
-1166158.1075007175,1861127.1822919673,10
-1165694.7947841901,1861127.1822919673,10
-1165231.4820676625,1861127.1822919673,10
-1164768.1693511351,1861127.1822919673,10
-1164304.8566346075,1861127.1822919673,10
-1163841.5439180802,1861127.1822919673,10
-1163378.2312015526,1861127.1822919673,10
-1162914.9184850252,1861127.1822919673,10
-1162451.6057684976,1861127.1822919673,10
-1161988.2930519702,1861127.1822919673,10
-1161524.9803354426,1861127.1822919673,10
-1161061.6676189152,1861127.1822919673,10
-1160598.3549023876,1861127.1822919673,10
-1160135.0421858602,1861127.1822919673,10
-1159671.7294693326,1861127.1822919673,10
-1365845.88832407,1860663.8695754397,10
-1365382.5756075426,1860663.8695754397,10
-1364919.262891015,1860663.8695754397,10
-1364455.9501744877,1860663.8695754397,10
-1363992.63745796,1860663.8695754397,10
-1363529.3247414327,1860663.8695754397,10
-1363066.012024905,1860663.8695754397,10
-1362602.6993083777,1860663.8695754397,10
-1362139.38659185,1860663.8695754397,10
-1361676.0738753227,1860663.8695754397,10
-1361212.761158795,1860663.8695754397,10
-1360749.4484422677,1860663.8695754397,10
-1360286.13572574,1860663.8695754397,10
-1359822.8230092125,1860663.8695754397,10
-1359359.5102926851,1860663.8695754397,10
-1358896.1975761575,1860663.8695754397,10
-1358432.8848596301,1860663.8695754397,10
-1357969.5721431025,1860663.8695754397,10
-1357506.2594265752,1860663.8695754397,10
-1357042.9467100475,1860663.8695754397,10
-1356579.6339935202,1860663.8695754397,10
-1356116.3212769926,1860663.8695754397,10
-1355653.0085604652,1860663.8695754397,10
-1355189.6958439376,1860663.8695754397,10
-1354726.3831274102,1860663.8695754397,10
-1354263.0704108826,1860663.8695754397,16
-1353799.7576943552,1860663.8695754397,16
-1353336.4449778276,1860663.8695754397,10
-1352873.1322613002,1860663.8695754397,16
-1352409.8195447726,1860663.8695754397,10
-1351946.506828245,1860663.8695754397,10
-1351483.1941117176,1860663.8695754397,16
-1351019.88139519,1860663.8695754397,16
-1350556.5686786626,1860663.8695754397,10
-1350093.255962135,1860663.8695754397,16
-1349629.9432456077,1860663.8695754397,10
-1349166.63052908,1860663.8695754397,10
-1348703.3178125527,1860663.8695754397,10
-1348240.005096025,1860663.8695754397,10
-1347776.6923794977,1860663.8695754397,10
-1347313.37966297,1860663.8695754397,10
-1346850.0669464427,1860663.8695754397,10
-1346386.754229915,1860663.8695754397,10
-1345923.4415133877,1860663.8695754397,16
-1345460.12879686,1860663.8695754397,16
-1344996.8160803327,1860663.8695754397,16
-1344533.5033638051,1860663.8695754397,16
-1344070.1906472775,1860663.8695754397,16
-1343606.8779307501,1860663.8695754397,16
-1343143.5652142225,1860663.8695754397,16
-1342680.2524976952,1860663.8695754397,16
-1342216.9397811675,1860663.8695754397,16
-1341753.6270646402,1860663.8695754397,16
-1341290.3143481126,1860663.8695754397,16
-1340827.0016315852,1860663.8695754397,16
-1340363.6889150576,1860663.8695754397,16
-1339900.3761985302,1860663.8695754397,16
-1339437.0634820026,1860663.8695754397,16
-1338973.7507654752,1860663.8695754397,16
-1338510.4380489476,1860663.8695754397,16
-1338047.1253324202,1860663.8695754397,16
-1337583.8126158926,1860663.8695754397,16
-1337120.499899365,1860663.8695754397,16
-1336657.1871828376,1860663.8695754397,16
-1336193.87446631,1860663.8695754397,16
-1335730.5617497826,1860663.8695754397,16
-1335267.249033255,1860663.8695754397,16
-1334803.9363167277,1860663.8695754397,16
-1334340.6236002,1860663.8695754397,16
-1333877.3108836727,1860663.8695754397,16
-1333413.998167145,1860663.8695754397,16
-1332950.6854506177,1860663.8695754397,16
-1332487.37273409,1860663.8695754397,16
-1332024.0600175627,1860663.8695754397,16
-1331560.747301035,1860663.8695754397,16
-1331097.4345845077,1860663.8695754397,16
-1330634.12186798,1860663.8695754397,16
-1330170.8091514525,1860663.8695754397,16
-1329707.4964349251,1860663.8695754397,16
-1329244.1837183975,1860663.8695754397,16
-1328780.8710018701,1860663.8695754397,16
-1328317.5582853425,1860663.8695754397,16
-1327854.2455688152,1860663.8695754397,16
-1327390.9328522875,1860663.8695754397,16
-1326927.6201357602,1860663.8695754397,16
-1326464.3074192326,1860663.8695754397,16
-1326000.9947027052,1860663.8695754397,16
-1325537.6819861776,1860663.8695754397,16
-1325074.3692696502,1860663.8695754397,16
-1324611.0565531226,1860663.8695754397,16
-1324147.7438365952,1860663.8695754397,16
-1323684.4311200676,1860663.8695754397,16
-1323221.11840354,1860663.8695754397,16
-1322757.8056870126,1860663.8695754397,16
-1322294.492970485,1860663.8695754397,16
-1321831.1802539576,1860663.8695754397,16
-1321367.86753743,1860663.8695754397,16
-1320904.5548209026,1860663.8695754397,16
-1320441.242104375,1860663.8695754397,16
-1319977.9293878477,1860663.8695754397,16
-1319514.61667132,1860663.8695754397,16
-1319051.3039547927,1860663.8695754397,16
-1318587.991238265,1860663.8695754397,16
-1318124.6785217377,1860663.8695754397,16
-1317661.36580521,1860663.8695754397,16
-1317198.0530886827,1860663.8695754397,16
-1316734.740372155,1860663.8695754397,16
-1316271.4276556277,1860663.8695754397,16
-1315808.1149391,1860663.8695754397,16
-1315344.8022225727,1860663.8695754397,16
-1314881.4895060451,1860663.8695754397,16
-1314418.1767895175,1860663.8695754397,16
-1313954.8640729901,1860663.8695754397,16
-1313491.5513564625,1860663.8695754397,16
-1313028.2386399352,1860663.8695754397,16
-1312564.9259234075,1860663.8695754397,16
-1312101.6132068802,1860663.8695754397,16
-1311638.3004903526,1860663.8695754397,16
-1311174.9877738252,1860663.8695754397,16
-1310711.6750572976,1860663.8695754397,16
-1310248.3623407702,1860663.8695754397,16
-1309785.0496242426,1860663.8695754397,16
-1309321.7369077152,1860663.8695754397,16
-1308858.4241911876,1860663.8695754397,16
-1308395.1114746602,1860663.8695754397,16
-1307931.7987581326,1860663.8695754397,16
-1307468.486041605,1860663.8695754397,16
-1307005.1733250776,1860663.8695754397,16
-1306541.86060855,1860663.8695754397,16
-1306078.5478920226,1860663.8695754397,16
-1305615.235175495,1860663.8695754397,16
-1305151.9224589677,1860663.8695754397,16
-1304688.60974244,1860663.8695754397,16
-1304225.2970259127,1860663.8695754397,16
-1303761.984309385,1860663.8695754397,16
-1303298.6715928577,1860663.8695754397,16
-1302835.35887633,1860663.8695754397,16
-1302372.0461598027,1860663.8695754397,16
-1301908.733443275,1860663.8695754397,10
-1301445.4207267477,1860663.8695754397,10
-1300982.10801022,1860663.8695754397,16
-1300518.7952936925,1860663.8695754397,10
-1300055.4825771651,1860663.8695754397,10
-1299592.1698606375,1860663.8695754397,10
-1299128.8571441101,1860663.8695754397,16
-1298665.5444275825,1860663.8695754397,16
-1298202.2317110552,1860663.8695754397,16
-1297738.9189945275,1860663.8695754397,16
-1297275.6062780002,1860663.8695754397,10
-1296812.2935614726,1860663.8695754397,10
-1296348.9808449452,1860663.8695754397,10
-1295885.6681284176,1860663.8695754397,10
-1295422.3554118902,1860663.8695754397,10
-1294959.0426953626,1860663.8695754397,10
-1294495.7299788352,1860663.8695754397,10
-1294032.4172623076,1860663.8695754397,10
-1293569.10454578,1860663.8695754397,10
-1293105.7918292526,1860663.8695754397,10
-1292642.479112725,1860663.8695754397,10
-1292179.1663961976,1860663.8695754397,10
-1291715.85367967,1860663.8695754397,10
-1291252.5409631426,1860663.8695754397,10
-1290789.228246615,1860663.8695754397,10
-1290325.9155300877,1860663.8695754397,10
-1289862.60281356,1860663.8695754397,10
-1289399.2900970327,1860663.8695754397,10
-1288935.977380505,1860663.8695754397,10
-1288472.6646639777,1860663.8695754397,10
-1288009.35194745,1860663.8695754397,10
-1287546.0392309227,1860663.8695754397,10
-1287082.726514395,1860663.8695754397,10
-1286619.4137978677,1860663.8695754397,10
-1286156.10108134,1860663.8695754397,7
-1285692.7883648127,1860663.8695754397,7
-1285229.4756482851,1860663.8695754397,7
-1284766.1629317575,1860663.8695754397,7
-1284302.8502152301,1860663.8695754397,7
-1283839.5374987025,1860663.8695754397,10
-1283376.2247821752,1860663.8695754397,10
-1282912.9120656475,1860663.8695754397,10
-1282449.5993491202,1860663.8695754397,10
-1281986.2866325926,1860663.8695754397,10
-1281522.9739160652,1860663.8695754397,10
-1281059.6611995376,1860663.8695754397,10
-1280596.3484830102,1860663.8695754397,10
-1280133.0357664826,1860663.8695754397,10
-1279669.7230499552,1860663.8695754397,10
-1279206.4103334276,1860663.8695754397,16
-1278743.0976169002,1860663.8695754397,16
-1278279.7849003726,1860663.8695754397,10
-1277816.472183845,1860663.8695754397,10
-1277353.1594673176,1860663.8695754397,10
-1276889.84675079,1860663.8695754397,10
-1276426.5340342626,1860663.8695754397,10
-1275963.221317735,1860663.8695754397,10
-1275499.9086012077,1860663.8695754397,10
-1275036.59588468,1860663.8695754397,16
-1274573.2831681527,1860663.8695754397,10
-1274109.970451625,1860663.8695754397,10
-1273646.6577350977,1860663.8695754397,10
-1273183.34501857,1860663.8695754397,10
-1272720.0323020427,1860663.8695754397,10
-1272256.719585515,1860663.8695754397,10
-1271793.4068689877,1860663.8695754397,10
-1271330.09415246,1860663.8695754397,10
-1270866.7814359325,1860663.8695754397,10
-1270403.4687194051,1860663.8695754397,10
-1269940.1560028775,1860663.8695754397,10
-1269476.8432863501,1860663.8695754397,10
-1269013.5305698225,1860663.8695754397,10
-1268550.2178532952,1860663.8695754397,10
-1268086.9051367675,1860663.8695754397,10
-1267623.5924202402,1860663.8695754397,10
-1267160.2797037126,1860663.8695754397,10
-1266696.9669871852,1860663.8695754397,10
-1266233.6542706576,1860663.8695754397,10
-1265770.3415541302,1860663.8695754397,10
-1265307.0288376026,1860663.8695754397,10
-1264843.7161210752,1860663.8695754397,10
-1264380.4034045476,1860663.8695754397,10
-1263917.09068802,1860663.8695754397,10
-1263453.7779714926,1860663.8695754397,10
-1262990.465254965,1860663.8695754397,10
-1262527.1525384376,1860663.8695754397,10
-1262063.83982191,1860663.8695754397,10
-1261600.5271053826,1860663.8695754397,10
-1261137.214388855,1860663.8695754397,10
-1260673.9016723277,1860663.8695754397,10
-1260210.5889558,1860663.8695754397,10
-1259747.2762392727,1860663.8695754397,10
-1259283.963522745,1860663.8695754397,10
-1258820.6508062177,1860663.8695754397,10
-1258357.33808969,1860663.8695754397,10
-1257894.0253731627,1860663.8695754397,10
-1257430.712656635,1860663.8695754397,10
-1256967.3999401077,1860663.8695754397,10
-1256504.08722358,1860663.8695754397,10
-1256040.7745070527,1860663.8695754397,10
-1255577.4617905251,1860663.8695754397,10
-1255114.1490739975,1860663.8695754397,10
-1254650.8363574701,1860663.8695754397,10
-1254187.5236409425,1860663.8695754397,10
-1253724.2109244152,1860663.8695754397,10
-1253260.8982078875,1860663.8695754397,10
-1252797.5854913602,1860663.8695754397,10
-1252334.2727748326,1860663.8695754397,10
-1251870.9600583052,1860663.8695754397,10
-1251407.6473417776,1860663.8695754397,10
-1250944.3346252502,1860663.8695754397,10
-1250481.0219087226,1860663.8695754397,10
-1250017.7091921952,1860663.8695754397,10
-1249554.3964756676,1860663.8695754397,10
-1249091.0837591402,1860663.8695754397,10
-1248627.7710426126,1860663.8695754397,10
-1248164.458326085,1860663.8695754397,10
-1247701.1456095576,1860663.8695754397,10
-1247237.83289303,1860663.8695754397,10
-1246774.5201765026,1860663.8695754397,10
-1246311.207459975,1860663.8695754397,10
-1245847.8947434477,1860663.8695754397,10
-1245384.58202692,1860663.8695754397,10
-1244921.2693103927,1860663.8695754397,10
-1244457.956593865,1860663.8695754397,10
-1243994.6438773377,1860663.8695754397,10
-1243531.33116081,1860663.8695754397,10
-1243068.0184442827,1860663.8695754397,10
-1242604.705727755,1860663.8695754397,10
-1242141.3930112277,1860663.8695754397,10
-1241678.0802947,1860663.8695754397,10
-1241214.7675781725,1860663.8695754397,10
-1240751.4548616451,1860663.8695754397,10
-1240288.1421451175,1860663.8695754397,10
-1239824.8294285901,1860663.8695754397,10
-1239361.5167120625,1860663.8695754397,10
-1238898.2039955352,1860663.8695754397,10
-1238434.8912790075,1860663.8695754397,10
-1237971.5785624802,1860663.8695754397,10
-1237508.2658459526,1860663.8695754397,10
-1237044.9531294252,1860663.8695754397,10
-1236581.6404128976,1860663.8695754397,10
-1236118.3276963702,1860663.8695754397,10
-1235655.0149798426,1860663.8695754397,10
-1235191.7022633152,1860663.8695754397,10
-1234728.3895467876,1860663.8695754397,10
-1234265.07683026,1860663.8695754397,10
-1233801.7641137326,1860663.8695754397,10
-1233338.4513972052,1860663.8695754397,10
-1232875.1386806776,1860663.8695754397,10
-1232411.82596415,1860663.8695754397,10
-1231948.5132476226,1860663.8695754397,10
-1231485.200531095,1860663.8695754397,10
-1231021.8878145677,1860663.8695754397,10
-1230558.57509804,1860663.8695754397,10
-1230095.2623815127,1860663.8695754397,10
-1229631.949664985,1860663.8695754397,10
-1229168.6369484577,1860663.8695754397,10
-1228705.32423193,1860663.8695754397,10
-1228242.0115154027,1860663.8695754397,10
-1227778.698798875,1860663.8695754397,10
-1227315.3860823475,1860663.8695754397,10
-1226852.07336582,1860663.8695754397,10
-1226388.7606492927,1860663.8695754397,10
-1225925.4479327651,1860663.8695754397,10
-1225462.1352162375,1860663.8695754397,10
-1224998.8224997101,1860663.8695754397,10
-1224535.5097831825,1860663.8695754397,10
-1224072.1970666551,1860663.8695754397,10
-1223608.8843501275,1860663.8695754397,10
-1223145.5716336002,1860663.8695754397,10
-1222682.2589170726,1860663.8695754397,10
-1222218.9462005452,1860663.8695754397,10
-1221755.6334840176,1860663.8695754397,10
-1221292.3207674902,1860663.8695754397,10
-1220829.0080509626,1860663.8695754397,10
-1220365.6953344352,1860663.8695754397,10
-1219902.3826179076,1860663.8695754397,10
-1219439.0699013802,1860663.8695754397,10
-1218975.7571848526,1860663.8695754397,10
-1218512.444468325,1860663.8695754397,10
-1218049.1317517976,1860663.8695754397,10
-1217585.81903527,1860663.8695754397,10
-1217122.5063187426,1860663.8695754397,10
-1216659.193602215,1860663.8695754397,10
-1216195.8808856877,1860663.8695754397,10
-1215732.56816916,1860663.8695754397,10
-1215269.2554526327,1860663.8695754397,10
-1214805.942736105,1860663.8695754397,10
-1214342.6300195777,1860663.8695754397,10
-1213879.31730305,1860663.8695754397,16
-1213416.0045865227,1860663.8695754397,16
-1212952.691869995,1860663.8695754397,10
-1212489.3791534677,1860663.8695754397,10
-1212026.06643694,1860663.8695754397,10
-1211562.7537204125,1860663.8695754397,10
-1211099.4410038851,1860663.8695754397,10
-1210636.1282873575,1860663.8695754397,10
-1210172.8155708301,1860663.8695754397,10
-1209709.5028543025,1860663.8695754397,10
-1209246.1901377751,1860663.8695754397,10
-1208782.8774212475,1860663.8695754397,10
-1208319.5647047202,1860663.8695754397,10
-1207856.2519881926,1860663.8695754397,10
-1207392.9392716652,1860663.8695754397,10
-1206929.6265551376,1860663.8695754397,10
-1206466.3138386102,1860663.8695754397,10
-1206003.0011220826,1860663.8695754397,10
-1205539.6884055552,1860663.8695754397,10
-1205076.3756890276,1860663.8695754397,10
-1204613.0629725,1860663.8695754397,10
-1204149.7502559726,1860663.8695754397,10
-1203686.4375394452,1860663.8695754397,10
-1203223.1248229176,1860663.8695754397,10
-1202759.81210639,1860663.8695754397,10
-1202296.4993898626,1860663.8695754397,10
-1201833.186673335,1860663.8695754397,10
-1201369.8739568077,1860663.8695754397,10
-1200906.56124028,1860663.8695754397,10
-1200443.2485237527,1860663.8695754397,10
-1199979.935807225,1860663.8695754397,10
-1199516.6230906977,1860663.8695754397,10
-1199053.31037417,1860663.8695754397,10
-1198589.9976576427,1860663.8695754397,10
-1198126.684941115,1860663.8695754397,10
-1197663.3722245875,1860663.8695754397,10
-1197200.05950806,1860663.8695754397,10
-1196736.7467915327,1860663.8695754397,10
-1196273.4340750051,1860663.8695754397,10
-1195810.1213584775,1860663.8695754397,10
-1195346.8086419501,1860663.8695754397,10
-1194883.4959254225,1860663.8695754397,10
-1194420.1832088951,1860663.8695754397,10
-1193956.8704923675,1860663.8695754397,10
-1193493.5577758402,1860663.8695754397,10
-1193030.2450593126,1860663.8695754397,10
-1192566.9323427852,1860663.8695754397,10
-1192103.6196262576,1860663.8695754397,10
-1191640.3069097302,1860663.8695754397,10
-1191176.9941932026,1860663.8695754397,10
-1190713.6814766752,1860663.8695754397,10
-1190250.3687601476,1860663.8695754397,10
-1189787.0560436202,1860663.8695754397,10
-1189323.7433270926,1860663.8695754397,10
-1188860.430610565,1860663.8695754397,10
-1188397.1178940376,1860663.8695754397,10
-1187933.80517751,1860663.8695754397,10
-1187470.4924609826,1860663.8695754397,10
-1187007.179744455,1860663.8695754397,10
-1186543.8670279277,1860663.8695754397,10
-1186080.5543114,1860663.8695754397,10
-1185617.2415948727,1860663.8695754397,10
-1185153.928878345,1860663.8695754397,10
-1184690.6161618177,1860663.8695754397,10
-1184227.30344529,1860663.8695754397,10
-1183763.9907287627,1860663.8695754397,10
-1183300.678012235,1860663.8695754397,10
-1182837.3652957077,1860663.8695754397,10
-1182374.05257918,1860663.8695754397,10
-1181910.7398626525,1860663.8695754397,10
-1181447.4271461251,1860663.8695754397,10
-1180984.1144295975,1860663.8695754397,10
-1180520.8017130701,1860663.8695754397,10
-1180057.4889965425,1860663.8695754397,10
-1179594.1762800151,1860663.8695754397,10
-1179130.8635634875,1860663.8695754397,10
-1178667.5508469602,1860663.8695754397,10
-1178204.2381304326,1860663.8695754397,10
-1177740.9254139052,1860663.8695754397,10
-1177277.6126973776,1860663.8695754397,10
-1176814.2999808502,1860663.8695754397,10
-1176350.9872643226,1860663.8695754397,10
-1175887.6745477952,1860663.8695754397,10
-1175424.3618312676,1860663.8695754397,10
-1174961.04911474,1860663.8695754397,10
-1174497.7363982126,1860663.8695754397,10
-1174034.4236816852,1860663.8695754397,10
-1173571.1109651576,1860663.8695754397,10
-1173107.79824863,1860663.8695754397,10
-1172644.4855321026,1860663.8695754397,10
-1172181.172815575,1860663.8695754397,10
-1171717.8600990477,1860663.8695754397,10
-1171254.54738252,1860663.8695754397,10
-1170791.2346659927,1860663.8695754397,10
-1170327.921949465,1860663.8695754397,10
-1169864.6092329377,1860663.8695754397,10
-1169401.29651641,1860663.8695754397,10
-1168937.9837998827,1860663.8695754397,10
-1168474.671083355,1860663.8695754397,10
-1168011.3583668275,1860663.8695754397,10
-1167548.0456503,1860663.8695754397,10
-1167084.7329337727,1860663.8695754397,10
-1166621.4202172451,1860663.8695754397,10
-1166158.1075007175,1860663.8695754397,10
-1165694.7947841901,1860663.8695754397,10
-1165231.4820676625,1860663.8695754397,10
-1164768.1693511351,1860663.8695754397,10
-1164304.8566346075,1860663.8695754397,10
-1163841.5439180802,1860663.8695754397,10
-1163378.2312015526,1860663.8695754397,10
-1162914.9184850252,1860663.8695754397,10
-1162451.6057684976,1860663.8695754397,10
-1161988.2930519702,1860663.8695754397,10
-1161524.9803354426,1860663.8695754397,10
-1161061.6676189152,1860663.8695754397,10
-1160598.3549023876,1860663.8695754397,10
-1160135.0421858602,1860663.8695754397,10
-1159671.7294693326,1860663.8695754397,10
-1366309.2010405976,1860200.556858912,10
-1365845.88832407,1860200.556858912,10
-1365382.5756075426,1860200.556858912,10
-1364919.262891015,1860200.556858912,10
-1364455.9501744877,1860200.556858912,10
-1363992.63745796,1860200.556858912,10
-1363529.3247414327,1860200.556858912,10
-1363066.012024905,1860200.556858912,10
-1362602.6993083777,1860200.556858912,10
-1362139.38659185,1860200.556858912,10
-1361676.0738753227,1860200.556858912,10
-1361212.761158795,1860200.556858912,10
-1360749.4484422677,1860200.556858912,10
-1360286.13572574,1860200.556858912,10
-1359822.8230092125,1860200.556858912,10
-1359359.5102926851,1860200.556858912,10
-1358896.1975761575,1860200.556858912,16
-1358432.8848596301,1860200.556858912,16
-1357969.5721431025,1860200.556858912,10
-1357506.2594265752,1860200.556858912,10
-1357042.9467100475,1860200.556858912,10
-1356579.6339935202,1860200.556858912,10
-1356116.3212769926,1860200.556858912,10
-1355653.0085604652,1860200.556858912,10
-1355189.6958439376,1860200.556858912,10
-1354726.3831274102,1860200.556858912,10
-1354263.0704108826,1860200.556858912,16
-1353799.7576943552,1860200.556858912,16
-1353336.4449778276,1860200.556858912,10
-1352873.1322613002,1860200.556858912,16
-1352409.8195447726,1860200.556858912,16
-1351946.506828245,1860200.556858912,10
-1351483.1941117176,1860200.556858912,16
-1351019.88139519,1860200.556858912,16
-1350556.5686786626,1860200.556858912,16
-1350093.255962135,1860200.556858912,16
-1349629.9432456077,1860200.556858912,10
-1349166.63052908,1860200.556858912,10
-1348703.3178125527,1860200.556858912,10
-1348240.005096025,1860200.556858912,10
-1347776.6923794977,1860200.556858912,16
-1347313.37966297,1860200.556858912,16
-1346850.0669464427,1860200.556858912,16
-1346386.754229915,1860200.556858912,10
-1345923.4415133877,1860200.556858912,16
-1345460.12879686,1860200.556858912,16
-1344996.8160803327,1860200.556858912,16
-1344533.5033638051,1860200.556858912,16
-1344070.1906472775,1860200.556858912,16
-1343606.8779307501,1860200.556858912,16
-1343143.5652142225,1860200.556858912,16
-1342680.2524976952,1860200.556858912,16
-1342216.9397811675,1860200.556858912,16
-1341753.6270646402,1860200.556858912,16
-1341290.3143481126,1860200.556858912,16
-1340827.0016315852,1860200.556858912,16
-1340363.6889150576,1860200.556858912,10
-1339900.3761985302,1860200.556858912,16
-1339437.0634820026,1860200.556858912,16
-1338973.7507654752,1860200.556858912,16
-1338510.4380489476,1860200.556858912,16
-1338047.1253324202,1860200.556858912,16
-1337583.8126158926,1860200.556858912,16
-1337120.499899365,1860200.556858912,16
-1336657.1871828376,1860200.556858912,16
-1336193.87446631,1860200.556858912,16
-1335730.5617497826,1860200.556858912,16
-1335267.249033255,1860200.556858912,16
-1334803.9363167277,1860200.556858912,16
-1334340.6236002,1860200.556858912,16
-1333877.3108836727,1860200.556858912,16
-1333413.998167145,1860200.556858912,16
-1332950.6854506177,1860200.556858912,16
-1332487.37273409,1860200.556858912,16
-1332024.0600175627,1860200.556858912,16
-1331560.747301035,1860200.556858912,16
-1331097.4345845077,1860200.556858912,16
-1330634.12186798,1860200.556858912,16
-1330170.8091514525,1860200.556858912,16
-1329707.4964349251,1860200.556858912,16
-1329244.1837183975,1860200.556858912,16
-1328780.8710018701,1860200.556858912,16
-1328317.5582853425,1860200.556858912,16
-1327854.2455688152,1860200.556858912,16
-1327390.9328522875,1860200.556858912,16
-1326927.6201357602,1860200.556858912,16
-1326464.3074192326,1860200.556858912,16
-1326000.9947027052,1860200.556858912,16
-1325537.6819861776,1860200.556858912,16
-1325074.3692696502,1860200.556858912,16
-1324611.0565531226,1860200.556858912,16
-1324147.7438365952,1860200.556858912,16
-1323684.4311200676,1860200.556858912,16
-1323221.11840354,1860200.556858912,16
-1322757.8056870126,1860200.556858912,16
-1322294.492970485,1860200.556858912,16
-1321831.1802539576,1860200.556858912,16
-1321367.86753743,1860200.556858912,16
-1320904.5548209026,1860200.556858912,16
-1320441.242104375,1860200.556858912,16
-1319977.9293878477,1860200.556858912,16
-1319514.61667132,1860200.556858912,16
-1319051.3039547927,1860200.556858912,16
-1318587.991238265,1860200.556858912,16
-1318124.6785217377,1860200.556858912,16
-1317661.36580521,1860200.556858912,16
-1317198.0530886827,1860200.556858912,16
-1316734.740372155,1860200.556858912,16
-1316271.4276556277,1860200.556858912,16
-1315808.1149391,1860200.556858912,16
-1315344.8022225727,1860200.556858912,16
-1314881.4895060451,1860200.556858912,16
-1314418.1767895175,1860200.556858912,16
-1313954.8640729901,1860200.556858912,16
-1313491.5513564625,1860200.556858912,16
-1313028.2386399352,1860200.556858912,16
-1312564.9259234075,1860200.556858912,16
-1312101.6132068802,1860200.556858912,16
-1311638.3004903526,1860200.556858912,16
-1311174.9877738252,1860200.556858912,16
-1310711.6750572976,1860200.556858912,16
-1310248.3623407702,1860200.556858912,16
-1309785.0496242426,1860200.556858912,16
-1309321.7369077152,1860200.556858912,16
-1308858.4241911876,1860200.556858912,16
-1308395.1114746602,1860200.556858912,16
-1307931.7987581326,1860200.556858912,16
-1307468.486041605,1860200.556858912,16
-1307005.1733250776,1860200.556858912,10
-1306541.86060855,1860200.556858912,16
-1306078.5478920226,1860200.556858912,16
-1305615.235175495,1860200.556858912,16
-1305151.9224589677,1860200.556858912,16
-1304688.60974244,1860200.556858912,16
-1304225.2970259127,1860200.556858912,16
-1303761.984309385,1860200.556858912,16
-1303298.6715928577,1860200.556858912,16
-1302835.35887633,1860200.556858912,16
-1302372.0461598027,1860200.556858912,16
-1301908.733443275,1860200.556858912,16
-1301445.4207267477,1860200.556858912,10
-1300982.10801022,1860200.556858912,10
-1300518.7952936925,1860200.556858912,10
-1300055.4825771651,1860200.556858912,10
-1299592.1698606375,1860200.556858912,16
-1299128.8571441101,1860200.556858912,16
-1298665.5444275825,1860200.556858912,16
-1298202.2317110552,1860200.556858912,16
-1297738.9189945275,1860200.556858912,10
-1297275.6062780002,1860200.556858912,10
-1296812.2935614726,1860200.556858912,10
-1296348.9808449452,1860200.556858912,10
-1295885.6681284176,1860200.556858912,10
-1295422.3554118902,1860200.556858912,10
-1294959.0426953626,1860200.556858912,10
-1294495.7299788352,1860200.556858912,10
-1294032.4172623076,1860200.556858912,10
-1293569.10454578,1860200.556858912,10
-1293105.7918292526,1860200.556858912,10
-1292642.479112725,1860200.556858912,10
-1292179.1663961976,1860200.556858912,10
-1291715.85367967,1860200.556858912,10
-1291252.5409631426,1860200.556858912,10
-1290789.228246615,1860200.556858912,10
-1290325.9155300877,1860200.556858912,10
-1289862.60281356,1860200.556858912,10
-1289399.2900970327,1860200.556858912,10
-1288935.977380505,1860200.556858912,10
-1288472.6646639777,1860200.556858912,10
-1288009.35194745,1860200.556858912,10
-1287546.0392309227,1860200.556858912,10
-1287082.726514395,1860200.556858912,10
-1286619.4137978677,1860200.556858912,10
-1286156.10108134,1860200.556858912,10
-1285692.7883648127,1860200.556858912,10
-1285229.4756482851,1860200.556858912,10
-1284766.1629317575,1860200.556858912,10
-1284302.8502152301,1860200.556858912,10
-1283839.5374987025,1860200.556858912,10
-1283376.2247821752,1860200.556858912,10
-1282912.9120656475,1860200.556858912,10
-1282449.5993491202,1860200.556858912,10
-1281986.2866325926,1860200.556858912,10
-1281522.9739160652,1860200.556858912,10
-1281059.6611995376,1860200.556858912,10
-1280596.3484830102,1860200.556858912,10
-1280133.0357664826,1860200.556858912,10
-1279669.7230499552,1860200.556858912,16
-1279206.4103334276,1860200.556858912,16
-1278743.0976169002,1860200.556858912,16
-1278279.7849003726,1860200.556858912,10
-1277816.472183845,1860200.556858912,10
-1277353.1594673176,1860200.556858912,10
-1276889.84675079,1860200.556858912,10
-1276426.5340342626,1860200.556858912,10
-1275963.221317735,1860200.556858912,10
-1275499.9086012077,1860200.556858912,10
-1275036.59588468,1860200.556858912,10
-1274573.2831681527,1860200.556858912,10
-1274109.970451625,1860200.556858912,10
-1273646.6577350977,1860200.556858912,10
-1273183.34501857,1860200.556858912,10
-1272720.0323020427,1860200.556858912,10
-1272256.719585515,1860200.556858912,10
-1271793.4068689877,1860200.556858912,10
-1271330.09415246,1860200.556858912,10
-1270866.7814359325,1860200.556858912,10
-1270403.4687194051,1860200.556858912,10
-1269940.1560028775,1860200.556858912,10
-1269476.8432863501,1860200.556858912,10
-1269013.5305698225,1860200.556858912,10
-1268550.2178532952,1860200.556858912,10
-1268086.9051367675,1860200.556858912,10
-1267623.5924202402,1860200.556858912,10
-1267160.2797037126,1860200.556858912,10
-1266696.9669871852,1860200.556858912,10
-1266233.6542706576,1860200.556858912,10
-1265770.3415541302,1860200.556858912,10
-1265307.0288376026,1860200.556858912,10
-1264843.7161210752,1860200.556858912,10
-1264380.4034045476,1860200.556858912,10
-1263917.09068802,1860200.556858912,10
-1263453.7779714926,1860200.556858912,10
-1262990.465254965,1860200.556858912,10
-1262527.1525384376,1860200.556858912,7
-1262063.83982191,1860200.556858912,7
-1261600.5271053826,1860200.556858912,7
-1261137.214388855,1860200.556858912,7
-1260673.9016723277,1860200.556858912,7
-1260210.5889558,1860200.556858912,7
-1259747.2762392727,1860200.556858912,7
-1259283.963522745,1860200.556858912,7
-1258820.6508062177,1860200.556858912,10
-1258357.33808969,1860200.556858912,10
-1257894.0253731627,1860200.556858912,10
-1257430.712656635,1860200.556858912,10
-1256967.3999401077,1860200.556858912,10
-1256504.08722358,1860200.556858912,10
-1256040.7745070527,1860200.556858912,10
-1255577.4617905251,1860200.556858912,10
-1255114.1490739975,1860200.556858912,10
-1254650.8363574701,1860200.556858912,10
-1254187.5236409425,1860200.556858912,10
-1253724.2109244152,1860200.556858912,10
-1253260.8982078875,1860200.556858912,10
-1252797.5854913602,1860200.556858912,10
-1252334.2727748326,1860200.556858912,10
-1251870.9600583052,1860200.556858912,10
-1251407.6473417776,1860200.556858912,10
-1250944.3346252502,1860200.556858912,10
-1250481.0219087226,1860200.556858912,10
-1250017.7091921952,1860200.556858912,10
-1249554.3964756676,1860200.556858912,10
-1249091.0837591402,1860200.556858912,10
-1248627.7710426126,1860200.556858912,10
-1248164.458326085,1860200.556858912,10
-1247701.1456095576,1860200.556858912,10
-1247237.83289303,1860200.556858912,10
-1246774.5201765026,1860200.556858912,10
-1246311.207459975,1860200.556858912,10
-1245847.8947434477,1860200.556858912,10
-1245384.58202692,1860200.556858912,10
-1244921.2693103927,1860200.556858912,10
-1244457.956593865,1860200.556858912,10
-1243994.6438773377,1860200.556858912,10
-1243531.33116081,1860200.556858912,10
-1243068.0184442827,1860200.556858912,10
-1242604.705727755,1860200.556858912,10
-1242141.3930112277,1860200.556858912,10
-1241678.0802947,1860200.556858912,10
-1241214.7675781725,1860200.556858912,10
-1240751.4548616451,1860200.556858912,10
-1240288.1421451175,1860200.556858912,10
-1239824.8294285901,1860200.556858912,10
-1239361.5167120625,1860200.556858912,10
-1238898.2039955352,1860200.556858912,10
-1238434.8912790075,1860200.556858912,10
-1237971.5785624802,1860200.556858912,10
-1237508.2658459526,1860200.556858912,10
-1237044.9531294252,1860200.556858912,10
-1236581.6404128976,1860200.556858912,10
-1236118.3276963702,1860200.556858912,10
-1235655.0149798426,1860200.556858912,10
-1235191.7022633152,1860200.556858912,10
-1234728.3895467876,1860200.556858912,10
-1234265.07683026,1860200.556858912,10
-1233801.7641137326,1860200.556858912,10
-1233338.4513972052,1860200.556858912,10
-1232875.1386806776,1860200.556858912,10
-1232411.82596415,1860200.556858912,10
-1231948.5132476226,1860200.556858912,10
-1231485.200531095,1860200.556858912,10
-1231021.8878145677,1860200.556858912,10
-1230558.57509804,1860200.556858912,10
-1230095.2623815127,1860200.556858912,10
-1229631.949664985,1860200.556858912,10
-1229168.6369484577,1860200.556858912,10
-1228705.32423193,1860200.556858912,10
-1228242.0115154027,1860200.556858912,10
-1227778.698798875,1860200.556858912,10
-1227315.3860823475,1860200.556858912,10
-1226852.07336582,1860200.556858912,10
-1226388.7606492927,1860200.556858912,10
-1225925.4479327651,1860200.556858912,10
-1225462.1352162375,1860200.556858912,10
-1224998.8224997101,1860200.556858912,10
-1224535.5097831825,1860200.556858912,10
-1224072.1970666551,1860200.556858912,10
-1223608.8843501275,1860200.556858912,10
-1223145.5716336002,1860200.556858912,10
-1222682.2589170726,1860200.556858912,10
-1222218.9462005452,1860200.556858912,10
-1221755.6334840176,1860200.556858912,10
-1221292.3207674902,1860200.556858912,10
-1220829.0080509626,1860200.556858912,10
-1220365.6953344352,1860200.556858912,10
-1219902.3826179076,1860200.556858912,10
-1219439.0699013802,1860200.556858912,10
-1218975.7571848526,1860200.556858912,10
-1218512.444468325,1860200.556858912,10
-1218049.1317517976,1860200.556858912,10
-1217585.81903527,1860200.556858912,10
-1217122.5063187426,1860200.556858912,10
-1216659.193602215,1860200.556858912,10
-1216195.8808856877,1860200.556858912,10
-1215732.56816916,1860200.556858912,10
-1215269.2554526327,1860200.556858912,10
-1214805.942736105,1860200.556858912,10
-1214342.6300195777,1860200.556858912,10
-1213879.31730305,1860200.556858912,16
-1213416.0045865227,1860200.556858912,16
-1212952.691869995,1860200.556858912,10
-1212489.3791534677,1860200.556858912,10
-1212026.06643694,1860200.556858912,10
-1211562.7537204125,1860200.556858912,10
-1211099.4410038851,1860200.556858912,10
-1210636.1282873575,1860200.556858912,10
-1210172.8155708301,1860200.556858912,10
-1209709.5028543025,1860200.556858912,10
-1209246.1901377751,1860200.556858912,10
-1208782.8774212475,1860200.556858912,10
-1208319.5647047202,1860200.556858912,10
-1207856.2519881926,1860200.556858912,10
-1207392.9392716652,1860200.556858912,10
-1206929.6265551376,1860200.556858912,10
-1206466.3138386102,1860200.556858912,10
-1206003.0011220826,1860200.556858912,10
-1205539.6884055552,1860200.556858912,10
-1205076.3756890276,1860200.556858912,10
-1204613.0629725,1860200.556858912,10
-1204149.7502559726,1860200.556858912,10
-1203686.4375394452,1860200.556858912,10
-1203223.1248229176,1860200.556858912,10
-1202759.81210639,1860200.556858912,10
-1202296.4993898626,1860200.556858912,10
-1201833.186673335,1860200.556858912,10
-1201369.8739568077,1860200.556858912,10
-1200906.56124028,1860200.556858912,10
-1200443.2485237527,1860200.556858912,10
-1199979.935807225,1860200.556858912,10
-1199516.6230906977,1860200.556858912,10
-1199053.31037417,1860200.556858912,10
-1198589.9976576427,1860200.556858912,10
-1198126.684941115,1860200.556858912,10
-1197663.3722245875,1860200.556858912,10
-1197200.05950806,1860200.556858912,10
-1196736.7467915327,1860200.556858912,10
-1196273.4340750051,1860200.556858912,10
-1195810.1213584775,1860200.556858912,10
-1195346.8086419501,1860200.556858912,10
-1194883.4959254225,1860200.556858912,10
-1194420.1832088951,1860200.556858912,10
-1193956.8704923675,1860200.556858912,10
-1193493.5577758402,1860200.556858912,10
-1193030.2450593126,1860200.556858912,10
-1192566.9323427852,1860200.556858912,10
-1192103.6196262576,1860200.556858912,10
-1191640.3069097302,1860200.556858912,10
-1191176.9941932026,1860200.556858912,10
-1190713.6814766752,1860200.556858912,10
-1190250.3687601476,1860200.556858912,10
-1189787.0560436202,1860200.556858912,10
-1189323.7433270926,1860200.556858912,10
-1188860.430610565,1860200.556858912,10
-1188397.1178940376,1860200.556858912,10
-1187933.80517751,1860200.556858912,10
-1187470.4924609826,1860200.556858912,10
-1187007.179744455,1860200.556858912,10
-1186543.8670279277,1860200.556858912,10
-1186080.5543114,1860200.556858912,10
-1185617.2415948727,1860200.556858912,10
-1185153.928878345,1860200.556858912,10
-1184690.6161618177,1860200.556858912,10
-1184227.30344529,1860200.556858912,10
-1183763.9907287627,1860200.556858912,10
-1183300.678012235,1860200.556858912,10
-1182837.3652957077,1860200.556858912,10
-1182374.05257918,1860200.556858912,10
-1181910.7398626525,1860200.556858912,10
-1181447.4271461251,1860200.556858912,10
-1180984.1144295975,1860200.556858912,10
-1180520.8017130701,1860200.556858912,10
-1180057.4889965425,1860200.556858912,10
-1179594.1762800151,1860200.556858912,10
-1179130.8635634875,1860200.556858912,10
-1178667.5508469602,1860200.556858912,10
-1178204.2381304326,1860200.556858912,10
-1177740.9254139052,1860200.556858912,10
-1177277.6126973776,1860200.556858912,10
-1176814.2999808502,1860200.556858912,10
-1176350.9872643226,1860200.556858912,10
-1175887.6745477952,1860200.556858912,10
-1175424.3618312676,1860200.556858912,10
-1174961.04911474,1860200.556858912,10
-1174497.7363982126,1860200.556858912,10
-1174034.4236816852,1860200.556858912,10
-1173571.1109651576,1860200.556858912,10
-1173107.79824863,1860200.556858912,10
-1172644.4855321026,1860200.556858912,10
-1172181.172815575,1860200.556858912,10
-1171717.8600990477,1860200.556858912,10
-1171254.54738252,1860200.556858912,10
-1170791.2346659927,1860200.556858912,10
-1170327.921949465,1860200.556858912,10
-1169864.6092329377,1860200.556858912,10
-1169401.29651641,1860200.556858912,10
-1168937.9837998827,1860200.556858912,10
-1168474.671083355,1860200.556858912,10
-1168011.3583668275,1860200.556858912,10
-1167548.0456503,1860200.556858912,10
-1167084.7329337727,1860200.556858912,10
-1166621.4202172451,1860200.556858912,10
-1166158.1075007175,1860200.556858912,10
-1165694.7947841901,1860200.556858912,10
-1165231.4820676625,1860200.556858912,10
-1164768.1693511351,1860200.556858912,10
-1164304.8566346075,1860200.556858912,10
-1163841.5439180802,1860200.556858912,10
-1163378.2312015526,1860200.556858912,10
-1162914.9184850252,1860200.556858912,10
-1162451.6057684976,1860200.556858912,10
-1161988.2930519702,1860200.556858912,10
-1161524.9803354426,1860200.556858912,10
-1161061.6676189152,1860200.556858912,10
-1160598.3549023876,1860200.556858912,10
-1160135.0421858602,1860200.556858912,10
-1159671.7294693326,1860200.556858912,10
-1159208.416752805,1860200.556858912,10
-1366309.2010405976,1859737.2441423847,10
-1365845.88832407,1859737.2441423847,10
-1365382.5756075426,1859737.2441423847,10
-1364919.262891015,1859737.2441423847,10
-1364455.9501744877,1859737.2441423847,10
-1363992.63745796,1859737.2441423847,10
-1363529.3247414327,1859737.2441423847,10
-1363066.012024905,1859737.2441423847,10
-1362602.6993083777,1859737.2441423847,10
-1362139.38659185,1859737.2441423847,10
-1361676.0738753227,1859737.2441423847,10
-1361212.761158795,1859737.2441423847,10
-1360749.4484422677,1859737.2441423847,10
-1360286.13572574,1859737.2441423847,10
-1359822.8230092125,1859737.2441423847,10
-1359359.5102926851,1859737.2441423847,10
-1358896.1975761575,1859737.2441423847,16
-1358432.8848596301,1859737.2441423847,16
-1357969.5721431025,1859737.2441423847,16
-1357506.2594265752,1859737.2441423847,10
-1357042.9467100475,1859737.2441423847,10
-1356579.6339935202,1859737.2441423847,10
-1356116.3212769926,1859737.2441423847,10
-1355653.0085604652,1859737.2441423847,10
-1355189.6958439376,1859737.2441423847,10
-1354726.3831274102,1859737.2441423847,10
-1354263.0704108826,1859737.2441423847,16
-1353799.7576943552,1859737.2441423847,16
-1353336.4449778276,1859737.2441423847,10
-1352873.1322613002,1859737.2441423847,16
-1352409.8195447726,1859737.2441423847,16
-1351946.506828245,1859737.2441423847,10
-1351483.1941117176,1859737.2441423847,10
-1351019.88139519,1859737.2441423847,16
-1350556.5686786626,1859737.2441423847,16
-1350093.255962135,1859737.2441423847,10
-1349629.9432456077,1859737.2441423847,10
-1349166.63052908,1859737.2441423847,10
-1348703.3178125527,1859737.2441423847,10
-1348240.005096025,1859737.2441423847,10
-1347776.6923794977,1859737.2441423847,16
-1347313.37966297,1859737.2441423847,16
-1346850.0669464427,1859737.2441423847,10
-1346386.754229915,1859737.2441423847,10
-1345923.4415133877,1859737.2441423847,10
-1345460.12879686,1859737.2441423847,16
-1344996.8160803327,1859737.2441423847,16
-1344533.5033638051,1859737.2441423847,16
-1344070.1906472775,1859737.2441423847,16
-1343606.8779307501,1859737.2441423847,16
-1343143.5652142225,1859737.2441423847,16
-1342680.2524976952,1859737.2441423847,16
-1342216.9397811675,1859737.2441423847,16
-1341753.6270646402,1859737.2441423847,16
-1341290.3143481126,1859737.2441423847,16
-1340827.0016315852,1859737.2441423847,10
-1340363.6889150576,1859737.2441423847,16
-1339900.3761985302,1859737.2441423847,16
-1339437.0634820026,1859737.2441423847,16
-1338973.7507654752,1859737.2441423847,16
-1338510.4380489476,1859737.2441423847,16
-1338047.1253324202,1859737.2441423847,16
-1337583.8126158926,1859737.2441423847,16
-1337120.499899365,1859737.2441423847,16
-1336657.1871828376,1859737.2441423847,16
-1336193.87446631,1859737.2441423847,16
-1335730.5617497826,1859737.2441423847,16
-1335267.249033255,1859737.2441423847,16
-1334803.9363167277,1859737.2441423847,16
-1334340.6236002,1859737.2441423847,16
-1333877.3108836727,1859737.2441423847,16
-1333413.998167145,1859737.2441423847,16
-1332950.6854506177,1859737.2441423847,16
-1332487.37273409,1859737.2441423847,16
-1332024.0600175627,1859737.2441423847,16
-1331560.747301035,1859737.2441423847,16
-1331097.4345845077,1859737.2441423847,16
-1330634.12186798,1859737.2441423847,16
-1330170.8091514525,1859737.2441423847,16
-1329707.4964349251,1859737.2441423847,16
-1329244.1837183975,1859737.2441423847,16
-1328780.8710018701,1859737.2441423847,16
-1328317.5582853425,1859737.2441423847,16
-1327854.2455688152,1859737.2441423847,16
-1327390.9328522875,1859737.2441423847,16
-1326927.6201357602,1859737.2441423847,16
-1326464.3074192326,1859737.2441423847,16
-1326000.9947027052,1859737.2441423847,16
-1325537.6819861776,1859737.2441423847,16
-1325074.3692696502,1859737.2441423847,16
-1324611.0565531226,1859737.2441423847,16
-1324147.7438365952,1859737.2441423847,16
-1323684.4311200676,1859737.2441423847,16
-1323221.11840354,1859737.2441423847,16
-1322757.8056870126,1859737.2441423847,16
-1322294.492970485,1859737.2441423847,16
-1321831.1802539576,1859737.2441423847,16
-1321367.86753743,1859737.2441423847,16
-1320904.5548209026,1859737.2441423847,16
-1320441.242104375,1859737.2441423847,16
-1319977.9293878477,1859737.2441423847,16
-1319514.61667132,1859737.2441423847,16
-1319051.3039547927,1859737.2441423847,16
-1318587.991238265,1859737.2441423847,16
-1318124.6785217377,1859737.2441423847,16
-1317661.36580521,1859737.2441423847,16
-1317198.0530886827,1859737.2441423847,16
-1316734.740372155,1859737.2441423847,16
-1316271.4276556277,1859737.2441423847,16
-1315808.1149391,1859737.2441423847,16
-1315344.8022225727,1859737.2441423847,16
-1314881.4895060451,1859737.2441423847,16
-1314418.1767895175,1859737.2441423847,16
-1313954.8640729901,1859737.2441423847,16
-1313491.5513564625,1859737.2441423847,16
-1313028.2386399352,1859737.2441423847,16
-1312564.9259234075,1859737.2441423847,16
-1312101.6132068802,1859737.2441423847,16
-1311638.3004903526,1859737.2441423847,10
-1311174.9877738252,1859737.2441423847,16
-1310711.6750572976,1859737.2441423847,16
-1310248.3623407702,1859737.2441423847,16
-1309785.0496242426,1859737.2441423847,16
-1309321.7369077152,1859737.2441423847,16
-1308858.4241911876,1859737.2441423847,16
-1308395.1114746602,1859737.2441423847,16
-1307931.7987581326,1859737.2441423847,10
-1307468.486041605,1859737.2441423847,16
-1307005.1733250776,1859737.2441423847,10
-1306541.86060855,1859737.2441423847,10
-1306078.5478920226,1859737.2441423847,16
-1305615.235175495,1859737.2441423847,16
-1305151.9224589677,1859737.2441423847,16
-1304688.60974244,1859737.2441423847,16
-1304225.2970259127,1859737.2441423847,16
-1303761.984309385,1859737.2441423847,16
-1303298.6715928577,1859737.2441423847,16
-1302835.35887633,1859737.2441423847,16
-1302372.0461598027,1859737.2441423847,16
-1301908.733443275,1859737.2441423847,16
-1301445.4207267477,1859737.2441423847,16
-1300982.10801022,1859737.2441423847,10
-1300518.7952936925,1859737.2441423847,10
-1300055.4825771651,1859737.2441423847,10
-1299592.1698606375,1859737.2441423847,16
-1299128.8571441101,1859737.2441423847,16
-1298665.5444275825,1859737.2441423847,10
-1298202.2317110552,1859737.2441423847,10
-1297738.9189945275,1859737.2441423847,10
-1297275.6062780002,1859737.2441423847,10
-1296812.2935614726,1859737.2441423847,10
-1296348.9808449452,1859737.2441423847,10
-1295885.6681284176,1859737.2441423847,10
-1295422.3554118902,1859737.2441423847,10
-1294959.0426953626,1859737.2441423847,10
-1294495.7299788352,1859737.2441423847,10
-1294032.4172623076,1859737.2441423847,10
-1293569.10454578,1859737.2441423847,10
-1293105.7918292526,1859737.2441423847,10
-1292642.479112725,1859737.2441423847,10
-1292179.1663961976,1859737.2441423847,10
-1291715.85367967,1859737.2441423847,10
-1291252.5409631426,1859737.2441423847,10
-1290789.228246615,1859737.2441423847,10
-1290325.9155300877,1859737.2441423847,10
-1289862.60281356,1859737.2441423847,10
-1289399.2900970327,1859737.2441423847,10
-1288935.977380505,1859737.2441423847,10
-1288472.6646639777,1859737.2441423847,10
-1288009.35194745,1859737.2441423847,10
-1287546.0392309227,1859737.2441423847,10
-1287082.726514395,1859737.2441423847,10
-1286619.4137978677,1859737.2441423847,10
-1286156.10108134,1859737.2441423847,10
-1285692.7883648127,1859737.2441423847,10
-1285229.4756482851,1859737.2441423847,10
-1284766.1629317575,1859737.2441423847,10
-1284302.8502152301,1859737.2441423847,10
-1283839.5374987025,1859737.2441423847,10
-1283376.2247821752,1859737.2441423847,10
-1282912.9120656475,1859737.2441423847,10
-1282449.5993491202,1859737.2441423847,10
-1281986.2866325926,1859737.2441423847,10
-1281522.9739160652,1859737.2441423847,10
-1281059.6611995376,1859737.2441423847,10
-1280596.3484830102,1859737.2441423847,10
-1280133.0357664826,1859737.2441423847,10
-1279669.7230499552,1859737.2441423847,16
-1279206.4103334276,1859737.2441423847,16
-1278743.0976169002,1859737.2441423847,16
-1278279.7849003726,1859737.2441423847,10
-1277816.472183845,1859737.2441423847,10
-1277353.1594673176,1859737.2441423847,10
-1276889.84675079,1859737.2441423847,10
-1276426.5340342626,1859737.2441423847,10
-1275963.221317735,1859737.2441423847,10
-1275499.9086012077,1859737.2441423847,10
-1275036.59588468,1859737.2441423847,10
-1274573.2831681527,1859737.2441423847,10
-1274109.970451625,1859737.2441423847,10
-1273646.6577350977,1859737.2441423847,10
-1273183.34501857,1859737.2441423847,10
-1272720.0323020427,1859737.2441423847,10
-1272256.719585515,1859737.2441423847,10
-1271793.4068689877,1859737.2441423847,10
-1271330.09415246,1859737.2441423847,10
-1270866.7814359325,1859737.2441423847,10
-1270403.4687194051,1859737.2441423847,10
-1269940.1560028775,1859737.2441423847,10
-1269476.8432863501,1859737.2441423847,10
-1269013.5305698225,1859737.2441423847,10
-1268550.2178532952,1859737.2441423847,10
-1268086.9051367675,1859737.2441423847,10
-1267623.5924202402,1859737.2441423847,10
-1267160.2797037126,1859737.2441423847,10
-1266696.9669871852,1859737.2441423847,10
-1266233.6542706576,1859737.2441423847,10
-1265770.3415541302,1859737.2441423847,10
-1265307.0288376026,1859737.2441423847,10
-1264843.7161210752,1859737.2441423847,10
-1264380.4034045476,1859737.2441423847,10
-1263917.09068802,1859737.2441423847,10
-1263453.7779714926,1859737.2441423847,10
-1262990.465254965,1859737.2441423847,10
-1262527.1525384376,1859737.2441423847,10
-1262063.83982191,1859737.2441423847,10
-1261600.5271053826,1859737.2441423847,10
-1261137.214388855,1859737.2441423847,7
-1260673.9016723277,1859737.2441423847,7
-1260210.5889558,1859737.2441423847,7
-1259747.2762392727,1859737.2441423847,7
-1259283.963522745,1859737.2441423847,7
-1258820.6508062177,1859737.2441423847,7
-1258357.33808969,1859737.2441423847,10
-1257894.0253731627,1859737.2441423847,10
-1257430.712656635,1859737.2441423847,10
-1256967.3999401077,1859737.2441423847,10
-1256504.08722358,1859737.2441423847,10
-1256040.7745070527,1859737.2441423847,10
-1255577.4617905251,1859737.2441423847,10
-1255114.1490739975,1859737.2441423847,10
-1254650.8363574701,1859737.2441423847,10
-1254187.5236409425,1859737.2441423847,10
-1253724.2109244152,1859737.2441423847,10
-1253260.8982078875,1859737.2441423847,10
-1252797.5854913602,1859737.2441423847,10
-1252334.2727748326,1859737.2441423847,10
-1251870.9600583052,1859737.2441423847,10
-1251407.6473417776,1859737.2441423847,10
-1250944.3346252502,1859737.2441423847,10
-1250481.0219087226,1859737.2441423847,10
-1250017.7091921952,1859737.2441423847,10
-1249554.3964756676,1859737.2441423847,10
-1249091.0837591402,1859737.2441423847,10
-1248627.7710426126,1859737.2441423847,10
-1248164.458326085,1859737.2441423847,10
-1247701.1456095576,1859737.2441423847,10
-1247237.83289303,1859737.2441423847,10
-1246774.5201765026,1859737.2441423847,10
-1246311.207459975,1859737.2441423847,10
-1245847.8947434477,1859737.2441423847,10
-1245384.58202692,1859737.2441423847,10
-1244921.2693103927,1859737.2441423847,10
-1244457.956593865,1859737.2441423847,10
-1243994.6438773377,1859737.2441423847,10
-1243531.33116081,1859737.2441423847,10
-1243068.0184442827,1859737.2441423847,10
-1242604.705727755,1859737.2441423847,10
-1242141.3930112277,1859737.2441423847,10
-1241678.0802947,1859737.2441423847,10
-1241214.7675781725,1859737.2441423847,10
-1240751.4548616451,1859737.2441423847,10
-1240288.1421451175,1859737.2441423847,10
-1239824.8294285901,1859737.2441423847,10
-1239361.5167120625,1859737.2441423847,10
-1238898.2039955352,1859737.2441423847,10
-1238434.8912790075,1859737.2441423847,10
-1237971.5785624802,1859737.2441423847,10
-1237508.2658459526,1859737.2441423847,10
-1237044.9531294252,1859737.2441423847,10
-1236581.6404128976,1859737.2441423847,10
-1236118.3276963702,1859737.2441423847,10
-1235655.0149798426,1859737.2441423847,10
-1235191.7022633152,1859737.2441423847,10
-1234728.3895467876,1859737.2441423847,10
-1234265.07683026,1859737.2441423847,10
-1233801.7641137326,1859737.2441423847,10
-1233338.4513972052,1859737.2441423847,10
-1232875.1386806776,1859737.2441423847,10
-1232411.82596415,1859737.2441423847,10
-1231948.5132476226,1859737.2441423847,10
-1231485.200531095,1859737.2441423847,10
-1231021.8878145677,1859737.2441423847,10
-1230558.57509804,1859737.2441423847,10
-1230095.2623815127,1859737.2441423847,10
-1229631.949664985,1859737.2441423847,10
-1229168.6369484577,1859737.2441423847,10
-1228705.32423193,1859737.2441423847,10
-1228242.0115154027,1859737.2441423847,10
-1227778.698798875,1859737.2441423847,10
-1227315.3860823475,1859737.2441423847,10
-1226852.07336582,1859737.2441423847,10
-1226388.7606492927,1859737.2441423847,10
-1225925.4479327651,1859737.2441423847,10
-1225462.1352162375,1859737.2441423847,10
-1224998.8224997101,1859737.2441423847,10
-1224535.5097831825,1859737.2441423847,10
-1224072.1970666551,1859737.2441423847,10
-1223608.8843501275,1859737.2441423847,10
-1223145.5716336002,1859737.2441423847,10
-1222682.2589170726,1859737.2441423847,10
-1222218.9462005452,1859737.2441423847,10
-1221755.6334840176,1859737.2441423847,10
-1221292.3207674902,1859737.2441423847,10
-1220829.0080509626,1859737.2441423847,10
-1220365.6953344352,1859737.2441423847,10
-1219902.3826179076,1859737.2441423847,10
-1219439.0699013802,1859737.2441423847,10
-1218975.7571848526,1859737.2441423847,10
-1218512.444468325,1859737.2441423847,10
-1218049.1317517976,1859737.2441423847,10
-1217585.81903527,1859737.2441423847,10
-1217122.5063187426,1859737.2441423847,10
-1216659.193602215,1859737.2441423847,10
-1216195.8808856877,1859737.2441423847,10
-1215732.56816916,1859737.2441423847,10
-1215269.2554526327,1859737.2441423847,10
-1214805.942736105,1859737.2441423847,10
-1214342.6300195777,1859737.2441423847,10
-1213879.31730305,1859737.2441423847,10
-1213416.0045865227,1859737.2441423847,16
-1212952.691869995,1859737.2441423847,10
-1212489.3791534677,1859737.2441423847,10
-1212026.06643694,1859737.2441423847,10
-1211562.7537204125,1859737.2441423847,10
-1211099.4410038851,1859737.2441423847,10
-1210636.1282873575,1859737.2441423847,10
-1210172.8155708301,1859737.2441423847,10
-1209709.5028543025,1859737.2441423847,10
-1209246.1901377751,1859737.2441423847,10
-1208782.8774212475,1859737.2441423847,10
-1208319.5647047202,1859737.2441423847,10
-1207856.2519881926,1859737.2441423847,10
-1207392.9392716652,1859737.2441423847,10
-1206929.6265551376,1859737.2441423847,10
-1206466.3138386102,1859737.2441423847,10
-1206003.0011220826,1859737.2441423847,10
-1205539.6884055552,1859737.2441423847,10
-1205076.3756890276,1859737.2441423847,10
-1204613.0629725,1859737.2441423847,10
-1204149.7502559726,1859737.2441423847,10
-1203686.4375394452,1859737.2441423847,10
-1203223.1248229176,1859737.2441423847,10
-1202759.81210639,1859737.2441423847,10
-1202296.4993898626,1859737.2441423847,10
-1201833.186673335,1859737.2441423847,10
-1201369.8739568077,1859737.2441423847,10
-1200906.56124028,1859737.2441423847,10
-1200443.2485237527,1859737.2441423847,10
-1199979.935807225,1859737.2441423847,10
-1199516.6230906977,1859737.2441423847,10
-1199053.31037417,1859737.2441423847,10
-1198589.9976576427,1859737.2441423847,10
-1198126.684941115,1859737.2441423847,10
-1197663.3722245875,1859737.2441423847,10
-1197200.05950806,1859737.2441423847,10
-1196736.7467915327,1859737.2441423847,10
-1196273.4340750051,1859737.2441423847,10
-1195810.1213584775,1859737.2441423847,10
-1195346.8086419501,1859737.2441423847,10
-1194883.4959254225,1859737.2441423847,10
-1194420.1832088951,1859737.2441423847,10
-1193956.8704923675,1859737.2441423847,10
-1193493.5577758402,1859737.2441423847,10
-1193030.2450593126,1859737.2441423847,10
-1192566.9323427852,1859737.2441423847,10
-1192103.6196262576,1859737.2441423847,10
-1191640.3069097302,1859737.2441423847,10
-1191176.9941932026,1859737.2441423847,10
-1190713.6814766752,1859737.2441423847,10
-1190250.3687601476,1859737.2441423847,10
-1189787.0560436202,1859737.2441423847,10
-1189323.7433270926,1859737.2441423847,10
-1188860.430610565,1859737.2441423847,10
-1188397.1178940376,1859737.2441423847,10
-1187933.80517751,1859737.2441423847,10
-1187470.4924609826,1859737.2441423847,10
-1187007.179744455,1859737.2441423847,10
-1186543.8670279277,1859737.2441423847,10
-1186080.5543114,1859737.2441423847,10
-1185617.2415948727,1859737.2441423847,10
-1185153.928878345,1859737.2441423847,10
-1184690.6161618177,1859737.2441423847,10
-1184227.30344529,1859737.2441423847,10
-1183763.9907287627,1859737.2441423847,10
-1183300.678012235,1859737.2441423847,10
-1182837.3652957077,1859737.2441423847,10
-1182374.05257918,1859737.2441423847,10
-1181910.7398626525,1859737.2441423847,10
-1181447.4271461251,1859737.2441423847,10
-1180984.1144295975,1859737.2441423847,10
-1180520.8017130701,1859737.2441423847,10
-1180057.4889965425,1859737.2441423847,10
-1179594.1762800151,1859737.2441423847,10
-1179130.8635634875,1859737.2441423847,10
-1178667.5508469602,1859737.2441423847,10
-1178204.2381304326,1859737.2441423847,10
-1177740.9254139052,1859737.2441423847,10
-1177277.6126973776,1859737.2441423847,10
-1176814.2999808502,1859737.2441423847,10
-1176350.9872643226,1859737.2441423847,10
-1175887.6745477952,1859737.2441423847,10
-1175424.3618312676,1859737.2441423847,10
-1174961.04911474,1859737.2441423847,10
-1174497.7363982126,1859737.2441423847,10
-1174034.4236816852,1859737.2441423847,10
-1173571.1109651576,1859737.2441423847,10
-1173107.79824863,1859737.2441423847,10
-1172644.4855321026,1859737.2441423847,10
-1172181.172815575,1859737.2441423847,10
-1171717.8600990477,1859737.2441423847,10
-1171254.54738252,1859737.2441423847,10
-1170791.2346659927,1859737.2441423847,10
-1170327.921949465,1859737.2441423847,10
-1169864.6092329377,1859737.2441423847,10
-1169401.29651641,1859737.2441423847,10
-1168937.9837998827,1859737.2441423847,10
-1168474.671083355,1859737.2441423847,10
-1168011.3583668275,1859737.2441423847,10
-1167548.0456503,1859737.2441423847,10
-1167084.7329337727,1859737.2441423847,10
-1166621.4202172451,1859737.2441423847,10
-1166158.1075007175,1859737.2441423847,10
-1165694.7947841901,1859737.2441423847,10
-1165231.4820676625,1859737.2441423847,10
-1164768.1693511351,1859737.2441423847,10
-1164304.8566346075,1859737.2441423847,10
-1163841.5439180802,1859737.2441423847,10
-1163378.2312015526,1859737.2441423847,10
-1162914.9184850252,1859737.2441423847,10
-1162451.6057684976,1859737.2441423847,10
-1161988.2930519702,1859737.2441423847,10
-1161524.9803354426,1859737.2441423847,10
-1161061.6676189152,1859737.2441423847,10
-1160598.3549023876,1859737.2441423847,10
-1160135.0421858602,1859737.2441423847,10
-1159671.7294693326,1859737.2441423847,10
-1159208.416752805,1859737.2441423847,10
-1366772.513757125,1859273.9314258571,10
-1366309.2010405976,1859273.9314258571,10
-1365845.88832407,1859273.9314258571,10
-1365382.5756075426,1859273.9314258571,10
-1364919.262891015,1859273.9314258571,10
-1364455.9501744877,1859273.9314258571,10
-1363992.63745796,1859273.9314258571,10
-1363529.3247414327,1859273.9314258571,10
-1363066.012024905,1859273.9314258571,10
-1362602.6993083777,1859273.9314258571,10
-1362139.38659185,1859273.9314258571,10
-1361676.0738753227,1859273.9314258571,10
-1361212.761158795,1859273.9314258571,10
-1360749.4484422677,1859273.9314258571,10
-1360286.13572574,1859273.9314258571,16
-1359822.8230092125,1859273.9314258571,16
-1359359.5102926851,1859273.9314258571,10
-1358896.1975761575,1859273.9314258571,16
-1358432.8848596301,1859273.9314258571,16
-1357969.5721431025,1859273.9314258571,16
-1357506.2594265752,1859273.9314258571,10
-1357042.9467100475,1859273.9314258571,10
-1356579.6339935202,1859273.9314258571,10
-1356116.3212769926,1859273.9314258571,10
-1355653.0085604652,1859273.9314258571,10
-1355189.6958439376,1859273.9314258571,10
-1354726.3831274102,1859273.9314258571,10
-1354263.0704108826,1859273.9314258571,16
-1353799.7576943552,1859273.9314258571,16
-1353336.4449778276,1859273.9314258571,10
-1352873.1322613002,1859273.9314258571,16
-1352409.8195447726,1859273.9314258571,16
-1351946.506828245,1859273.9314258571,10
-1351483.1941117176,1859273.9314258571,10
-1351019.88139519,1859273.9314258571,16
-1350556.5686786626,1859273.9314258571,16
-1350093.255962135,1859273.9314258571,10
-1349629.9432456077,1859273.9314258571,10
-1349166.63052908,1859273.9314258571,10
-1348703.3178125527,1859273.9314258571,10
-1348240.005096025,1859273.9314258571,10
-1347776.6923794977,1859273.9314258571,10
-1347313.37966297,1859273.9314258571,10
-1346850.0669464427,1859273.9314258571,10
-1346386.754229915,1859273.9314258571,10
-1345923.4415133877,1859273.9314258571,10
-1345460.12879686,1859273.9314258571,16
-1344996.8160803327,1859273.9314258571,16
-1344533.5033638051,1859273.9314258571,16
-1344070.1906472775,1859273.9314258571,16
-1343606.8779307501,1859273.9314258571,16
-1343143.5652142225,1859273.9314258571,16
-1342680.2524976952,1859273.9314258571,16
-1342216.9397811675,1859273.9314258571,10
-1341753.6270646402,1859273.9314258571,10
-1341290.3143481126,1859273.9314258571,10
-1340827.0016315852,1859273.9314258571,10
-1340363.6889150576,1859273.9314258571,16
-1339900.3761985302,1859273.9314258571,16
-1339437.0634820026,1859273.9314258571,16
-1338973.7507654752,1859273.9314258571,16
-1338510.4380489476,1859273.9314258571,16
-1338047.1253324202,1859273.9314258571,16
-1337583.8126158926,1859273.9314258571,16
-1337120.499899365,1859273.9314258571,16
-1336657.1871828376,1859273.9314258571,16
-1336193.87446631,1859273.9314258571,16
-1335730.5617497826,1859273.9314258571,16
-1335267.249033255,1859273.9314258571,16
-1334803.9363167277,1859273.9314258571,16
-1334340.6236002,1859273.9314258571,16
-1333877.3108836727,1859273.9314258571,16
-1333413.998167145,1859273.9314258571,16
-1332950.6854506177,1859273.9314258571,16
-1332487.37273409,1859273.9314258571,16
-1332024.0600175627,1859273.9314258571,16
-1331560.747301035,1859273.9314258571,16
-1331097.4345845077,1859273.9314258571,16
-1330634.12186798,1859273.9314258571,16
-1330170.8091514525,1859273.9314258571,16
-1329707.4964349251,1859273.9314258571,16
-1329244.1837183975,1859273.9314258571,16
-1328780.8710018701,1859273.9314258571,16
-1328317.5582853425,1859273.9314258571,16
-1327854.2455688152,1859273.9314258571,16
-1327390.9328522875,1859273.9314258571,16
-1326927.6201357602,1859273.9314258571,16
-1326464.3074192326,1859273.9314258571,16
-1326000.9947027052,1859273.9314258571,16
-1325537.6819861776,1859273.9314258571,16
-1325074.3692696502,1859273.9314258571,16
-1324611.0565531226,1859273.9314258571,16
-1324147.7438365952,1859273.9314258571,16
-1323684.4311200676,1859273.9314258571,16
-1323221.11840354,1859273.9314258571,16
-1322757.8056870126,1859273.9314258571,16
-1322294.492970485,1859273.9314258571,16
-1321831.1802539576,1859273.9314258571,16
-1321367.86753743,1859273.9314258571,16
-1320904.5548209026,1859273.9314258571,16
-1320441.242104375,1859273.9314258571,16
-1319977.9293878477,1859273.9314258571,16
-1319514.61667132,1859273.9314258571,16
-1319051.3039547927,1859273.9314258571,16
-1318587.991238265,1859273.9314258571,16
-1318124.6785217377,1859273.9314258571,16
-1317661.36580521,1859273.9314258571,16
-1317198.0530886827,1859273.9314258571,16
-1316734.740372155,1859273.9314258571,16
-1316271.4276556277,1859273.9314258571,16
-1315808.1149391,1859273.9314258571,16
-1315344.8022225727,1859273.9314258571,16
-1314881.4895060451,1859273.9314258571,16
-1314418.1767895175,1859273.9314258571,16
-1313954.8640729901,1859273.9314258571,16
-1313491.5513564625,1859273.9314258571,16
-1313028.2386399352,1859273.9314258571,16
-1312564.9259234075,1859273.9314258571,16
-1312101.6132068802,1859273.9314258571,16
-1311638.3004903526,1859273.9314258571,16
-1311174.9877738252,1859273.9314258571,16
-1310711.6750572976,1859273.9314258571,16
-1310248.3623407702,1859273.9314258571,16
-1309785.0496242426,1859273.9314258571,16
-1309321.7369077152,1859273.9314258571,16
-1308858.4241911876,1859273.9314258571,16
-1308395.1114746602,1859273.9314258571,10
-1307931.7987581326,1859273.9314258571,7
-1307468.486041605,1859273.9314258571,7
-1307005.1733250776,1859273.9314258571,16
-1306541.86060855,1859273.9314258571,10
-1306078.5478920226,1859273.9314258571,10
-1305615.235175495,1859273.9314258571,10
-1305151.9224589677,1859273.9314258571,16
-1304688.60974244,1859273.9314258571,16
-1304225.2970259127,1859273.9314258571,16
-1303761.984309385,1859273.9314258571,16
-1303298.6715928577,1859273.9314258571,16
-1302835.35887633,1859273.9314258571,16
-1302372.0461598027,1859273.9314258571,16
-1301908.733443275,1859273.9314258571,16
-1301445.4207267477,1859273.9314258571,16
-1300982.10801022,1859273.9314258571,10
-1300518.7952936925,1859273.9314258571,10
-1300055.4825771651,1859273.9314258571,10
-1299592.1698606375,1859273.9314258571,10
-1299128.8571441101,1859273.9314258571,10
-1298665.5444275825,1859273.9314258571,10
-1298202.2317110552,1859273.9314258571,10
-1297738.9189945275,1859273.9314258571,10
-1297275.6062780002,1859273.9314258571,10
-1296812.2935614726,1859273.9314258571,10
-1296348.9808449452,1859273.9314258571,10
-1295885.6681284176,1859273.9314258571,10
-1295422.3554118902,1859273.9314258571,10
-1294959.0426953626,1859273.9314258571,16
-1294495.7299788352,1859273.9314258571,10
-1294032.4172623076,1859273.9314258571,10
-1293569.10454578,1859273.9314258571,10
-1293105.7918292526,1859273.9314258571,10
-1292642.479112725,1859273.9314258571,10
-1292179.1663961976,1859273.9314258571,10
-1291715.85367967,1859273.9314258571,10
-1291252.5409631426,1859273.9314258571,10
-1290789.228246615,1859273.9314258571,16
-1290325.9155300877,1859273.9314258571,10
-1289862.60281356,1859273.9314258571,10
-1289399.2900970327,1859273.9314258571,10
-1288935.977380505,1859273.9314258571,10
-1288472.6646639777,1859273.9314258571,10
-1288009.35194745,1859273.9314258571,10
-1287546.0392309227,1859273.9314258571,10
-1287082.726514395,1859273.9314258571,10
-1286619.4137978677,1859273.9314258571,10
-1286156.10108134,1859273.9314258571,10
-1285692.7883648127,1859273.9314258571,10
-1285229.4756482851,1859273.9314258571,10
-1284766.1629317575,1859273.9314258571,10
-1284302.8502152301,1859273.9314258571,10
-1283839.5374987025,1859273.9314258571,10
-1283376.2247821752,1859273.9314258571,10
-1282912.9120656475,1859273.9314258571,10
-1282449.5993491202,1859273.9314258571,10
-1281986.2866325926,1859273.9314258571,10
-1281522.9739160652,1859273.9314258571,10
-1281059.6611995376,1859273.9314258571,10
-1280596.3484830102,1859273.9314258571,10
-1280133.0357664826,1859273.9314258571,10
-1279669.7230499552,1859273.9314258571,16
-1279206.4103334276,1859273.9314258571,16
-1278743.0976169002,1859273.9314258571,10
-1278279.7849003726,1859273.9314258571,10
-1277816.472183845,1859273.9314258571,10
-1277353.1594673176,1859273.9314258571,10
-1276889.84675079,1859273.9314258571,10
-1276426.5340342626,1859273.9314258571,10
-1275963.221317735,1859273.9314258571,10
-1275499.9086012077,1859273.9314258571,10
-1275036.59588468,1859273.9314258571,10
-1274573.2831681527,1859273.9314258571,10
-1274109.970451625,1859273.9314258571,10
-1273646.6577350977,1859273.9314258571,10
-1273183.34501857,1859273.9314258571,10
-1272720.0323020427,1859273.9314258571,10
-1272256.719585515,1859273.9314258571,10
-1271793.4068689877,1859273.9314258571,10
-1271330.09415246,1859273.9314258571,10
-1270866.7814359325,1859273.9314258571,10
-1270403.4687194051,1859273.9314258571,10
-1269940.1560028775,1859273.9314258571,10
-1269476.8432863501,1859273.9314258571,10
-1269013.5305698225,1859273.9314258571,10
-1268550.2178532952,1859273.9314258571,10
-1268086.9051367675,1859273.9314258571,10
-1267623.5924202402,1859273.9314258571,10
-1267160.2797037126,1859273.9314258571,10
-1266696.9669871852,1859273.9314258571,16
-1266233.6542706576,1859273.9314258571,16
-1265770.3415541302,1859273.9314258571,16
-1265307.0288376026,1859273.9314258571,16
-1264843.7161210752,1859273.9314258571,10
-1264380.4034045476,1859273.9314258571,10
-1263917.09068802,1859273.9314258571,10
-1263453.7779714926,1859273.9314258571,10
-1262990.465254965,1859273.9314258571,10
-1262527.1525384376,1859273.9314258571,10
-1262063.83982191,1859273.9314258571,10
-1261600.5271053826,1859273.9314258571,10
-1261137.214388855,1859273.9314258571,10
-1260673.9016723277,1859273.9314258571,10
-1260210.5889558,1859273.9314258571,10
-1259747.2762392727,1859273.9314258571,7
-1259283.963522745,1859273.9314258571,10
-1258820.6508062177,1859273.9314258571,10
-1258357.33808969,1859273.9314258571,10
-1257894.0253731627,1859273.9314258571,10
-1257430.712656635,1859273.9314258571,10
-1256967.3999401077,1859273.9314258571,10
-1256504.08722358,1859273.9314258571,10
-1256040.7745070527,1859273.9314258571,10
-1255577.4617905251,1859273.9314258571,10
-1255114.1490739975,1859273.9314258571,10
-1254650.8363574701,1859273.9314258571,10
-1254187.5236409425,1859273.9314258571,10
-1253724.2109244152,1859273.9314258571,10
-1253260.8982078875,1859273.9314258571,10
-1252797.5854913602,1859273.9314258571,10
-1252334.2727748326,1859273.9314258571,10
-1251870.9600583052,1859273.9314258571,10
-1251407.6473417776,1859273.9314258571,10
-1250944.3346252502,1859273.9314258571,10
-1250481.0219087226,1859273.9314258571,10
-1250017.7091921952,1859273.9314258571,10
-1249554.3964756676,1859273.9314258571,10
-1249091.0837591402,1859273.9314258571,10
-1248627.7710426126,1859273.9314258571,10
-1248164.458326085,1859273.9314258571,10
-1247701.1456095576,1859273.9314258571,10
-1247237.83289303,1859273.9314258571,10
-1246774.5201765026,1859273.9314258571,10
-1246311.207459975,1859273.9314258571,10
-1245847.8947434477,1859273.9314258571,10
-1245384.58202692,1859273.9314258571,10
-1244921.2693103927,1859273.9314258571,10
-1244457.956593865,1859273.9314258571,10
-1243994.6438773377,1859273.9314258571,10
-1243531.33116081,1859273.9314258571,10
-1243068.0184442827,1859273.9314258571,10
-1242604.705727755,1859273.9314258571,10
-1242141.3930112277,1859273.9314258571,10
-1241678.0802947,1859273.9314258571,10
-1241214.7675781725,1859273.9314258571,10
-1240751.4548616451,1859273.9314258571,10
-1240288.1421451175,1859273.9314258571,10
-1239824.8294285901,1859273.9314258571,10
-1239361.5167120625,1859273.9314258571,10
-1238898.2039955352,1859273.9314258571,10
-1238434.8912790075,1859273.9314258571,10
-1237971.5785624802,1859273.9314258571,10
-1237508.2658459526,1859273.9314258571,10
-1237044.9531294252,1859273.9314258571,10
-1236581.6404128976,1859273.9314258571,10
-1236118.3276963702,1859273.9314258571,10
-1235655.0149798426,1859273.9314258571,10
-1235191.7022633152,1859273.9314258571,10
-1234728.3895467876,1859273.9314258571,10
-1234265.07683026,1859273.9314258571,10
-1233801.7641137326,1859273.9314258571,10
-1233338.4513972052,1859273.9314258571,10
-1232875.1386806776,1859273.9314258571,10
-1232411.82596415,1859273.9314258571,10
-1231948.5132476226,1859273.9314258571,10
-1231485.200531095,1859273.9314258571,10
-1231021.8878145677,1859273.9314258571,10
-1230558.57509804,1859273.9314258571,10
-1230095.2623815127,1859273.9314258571,10
-1229631.949664985,1859273.9314258571,10
-1229168.6369484577,1859273.9314258571,10
-1228705.32423193,1859273.9314258571,10
-1228242.0115154027,1859273.9314258571,10
-1227778.698798875,1859273.9314258571,10
-1227315.3860823475,1859273.9314258571,10
-1226852.07336582,1859273.9314258571,10
-1226388.7606492927,1859273.9314258571,10
-1225925.4479327651,1859273.9314258571,10
-1225462.1352162375,1859273.9314258571,10
-1224998.8224997101,1859273.9314258571,10
-1224535.5097831825,1859273.9314258571,10
-1224072.1970666551,1859273.9314258571,10
-1223608.8843501275,1859273.9314258571,10
-1223145.5716336002,1859273.9314258571,10
-1222682.2589170726,1859273.9314258571,10
-1222218.9462005452,1859273.9314258571,10
-1221755.6334840176,1859273.9314258571,10
-1221292.3207674902,1859273.9314258571,10
-1220829.0080509626,1859273.9314258571,10
-1220365.6953344352,1859273.9314258571,10
-1219902.3826179076,1859273.9314258571,10
-1219439.0699013802,1859273.9314258571,10
-1218975.7571848526,1859273.9314258571,10
-1218512.444468325,1859273.9314258571,10
-1218049.1317517976,1859273.9314258571,10
-1217585.81903527,1859273.9314258571,10
-1217122.5063187426,1859273.9314258571,10
-1216659.193602215,1859273.9314258571,10
-1216195.8808856877,1859273.9314258571,10
-1215732.56816916,1859273.9314258571,10
-1215269.2554526327,1859273.9314258571,10
-1214805.942736105,1859273.9314258571,10
-1214342.6300195777,1859273.9314258571,10
-1213879.31730305,1859273.9314258571,10
-1213416.0045865227,1859273.9314258571,16
-1212952.691869995,1859273.9314258571,10
-1212489.3791534677,1859273.9314258571,10
-1212026.06643694,1859273.9314258571,10
-1211562.7537204125,1859273.9314258571,10
-1211099.4410038851,1859273.9314258571,10
-1210636.1282873575,1859273.9314258571,10
-1210172.8155708301,1859273.9314258571,10
-1209709.5028543025,1859273.9314258571,10
-1209246.1901377751,1859273.9314258571,10
-1208782.8774212475,1859273.9314258571,10
-1208319.5647047202,1859273.9314258571,10
-1207856.2519881926,1859273.9314258571,10
-1207392.9392716652,1859273.9314258571,10
-1206929.6265551376,1859273.9314258571,10
-1206466.3138386102,1859273.9314258571,10
-1206003.0011220826,1859273.9314258571,10
-1205539.6884055552,1859273.9314258571,10
-1205076.3756890276,1859273.9314258571,10
-1204613.0629725,1859273.9314258571,10
-1204149.7502559726,1859273.9314258571,10
-1203686.4375394452,1859273.9314258571,10
-1203223.1248229176,1859273.9314258571,10
-1202759.81210639,1859273.9314258571,10
-1202296.4993898626,1859273.9314258571,10
-1201833.186673335,1859273.9314258571,10
-1201369.8739568077,1859273.9314258571,10
-1200906.56124028,1859273.9314258571,10
-1200443.2485237527,1859273.9314258571,10
-1199979.935807225,1859273.9314258571,10
-1199516.6230906977,1859273.9314258571,10
-1199053.31037417,1859273.9314258571,10
-1198589.9976576427,1859273.9314258571,10
-1198126.684941115,1859273.9314258571,10
-1197663.3722245875,1859273.9314258571,10
-1197200.05950806,1859273.9314258571,10
-1196736.7467915327,1859273.9314258571,10
-1196273.4340750051,1859273.9314258571,10
-1195810.1213584775,1859273.9314258571,10
-1195346.8086419501,1859273.9314258571,10
-1194883.4959254225,1859273.9314258571,10
-1194420.1832088951,1859273.9314258571,10
-1193956.8704923675,1859273.9314258571,10
-1193493.5577758402,1859273.9314258571,10
-1193030.2450593126,1859273.9314258571,10
-1192566.9323427852,1859273.9314258571,10
-1192103.6196262576,1859273.9314258571,10
-1191640.3069097302,1859273.9314258571,10
-1191176.9941932026,1859273.9314258571,10
-1190713.6814766752,1859273.9314258571,10
-1190250.3687601476,1859273.9314258571,10
-1189787.0560436202,1859273.9314258571,10
-1189323.7433270926,1859273.9314258571,10
-1188860.430610565,1859273.9314258571,10
-1188397.1178940376,1859273.9314258571,10
-1187933.80517751,1859273.9314258571,10
-1187470.4924609826,1859273.9314258571,10
-1187007.179744455,1859273.9314258571,10
-1186543.8670279277,1859273.9314258571,10
-1186080.5543114,1859273.9314258571,10
-1185617.2415948727,1859273.9314258571,10
-1185153.928878345,1859273.9314258571,10
-1184690.6161618177,1859273.9314258571,10
-1184227.30344529,1859273.9314258571,10
-1183763.9907287627,1859273.9314258571,10
-1183300.678012235,1859273.9314258571,10
-1182837.3652957077,1859273.9314258571,10
-1182374.05257918,1859273.9314258571,10
-1181910.7398626525,1859273.9314258571,10
-1181447.4271461251,1859273.9314258571,10
-1180984.1144295975,1859273.9314258571,10
-1180520.8017130701,1859273.9314258571,10
-1180057.4889965425,1859273.9314258571,10
-1179594.1762800151,1859273.9314258571,10
-1179130.8635634875,1859273.9314258571,10
-1178667.5508469602,1859273.9314258571,10
-1178204.2381304326,1859273.9314258571,10
-1177740.9254139052,1859273.9314258571,10
-1177277.6126973776,1859273.9314258571,10
-1176814.2999808502,1859273.9314258571,10
-1176350.9872643226,1859273.9314258571,10
-1175887.6745477952,1859273.9314258571,10
-1175424.3618312676,1859273.9314258571,10
-1174961.04911474,1859273.9314258571,10
-1174497.7363982126,1859273.9314258571,10
-1174034.4236816852,1859273.9314258571,10
-1173571.1109651576,1859273.9314258571,10
-1173107.79824863,1859273.9314258571,10
-1172644.4855321026,1859273.9314258571,10
-1172181.172815575,1859273.9314258571,10
-1171717.8600990477,1859273.9314258571,10
-1171254.54738252,1859273.9314258571,10
-1170791.2346659927,1859273.9314258571,10
-1170327.921949465,1859273.9314258571,10
-1169864.6092329377,1859273.9314258571,10
-1169401.29651641,1859273.9314258571,10
-1168937.9837998827,1859273.9314258571,10
-1168474.671083355,1859273.9314258571,10
-1168011.3583668275,1859273.9314258571,10
-1167548.0456503,1859273.9314258571,10
-1167084.7329337727,1859273.9314258571,10
-1166621.4202172451,1859273.9314258571,10
-1166158.1075007175,1859273.9314258571,10
-1165694.7947841901,1859273.9314258571,10
-1165231.4820676625,1859273.9314258571,10
-1164768.1693511351,1859273.9314258571,10
-1164304.8566346075,1859273.9314258571,10
-1163841.5439180802,1859273.9314258571,10
-1163378.2312015526,1859273.9314258571,10
-1162914.9184850252,1859273.9314258571,10
-1162451.6057684976,1859273.9314258571,10
-1161988.2930519702,1859273.9314258571,10
-1161524.9803354426,1859273.9314258571,10
-1161061.6676189152,1859273.9314258571,10
-1160598.3549023876,1859273.9314258571,10
-1160135.0421858602,1859273.9314258571,10
-1159671.7294693326,1859273.9314258571,10
-1159208.416752805,1859273.9314258571,10
-1366772.513757125,1858810.6187093297,10
-1366309.2010405976,1858810.6187093297,10
-1365845.88832407,1858810.6187093297,10
-1365382.5756075426,1858810.6187093297,10
-1364919.262891015,1858810.6187093297,10
-1364455.9501744877,1858810.6187093297,10
-1363992.63745796,1858810.6187093297,10
-1363529.3247414327,1858810.6187093297,10
-1363066.012024905,1858810.6187093297,10
-1362602.6993083777,1858810.6187093297,10
-1362139.38659185,1858810.6187093297,10
-1361676.0738753227,1858810.6187093297,10
-1361212.761158795,1858810.6187093297,10
-1360749.4484422677,1858810.6187093297,16
-1360286.13572574,1858810.6187093297,16
-1359822.8230092125,1858810.6187093297,16
-1359359.5102926851,1858810.6187093297,16
-1358896.1975761575,1858810.6187093297,10
-1358432.8848596301,1858810.6187093297,16
-1357969.5721431025,1858810.6187093297,16
-1357506.2594265752,1858810.6187093297,16
-1357042.9467100475,1858810.6187093297,16
-1356579.6339935202,1858810.6187093297,10
-1356116.3212769926,1858810.6187093297,10
-1355653.0085604652,1858810.6187093297,10
-1355189.6958439376,1858810.6187093297,10
-1354726.3831274102,1858810.6187093297,10
-1354263.0704108826,1858810.6187093297,16
-1353799.7576943552,1858810.6187093297,16
-1353336.4449778276,1858810.6187093297,16
-1352873.1322613002,1858810.6187093297,16
-1352409.8195447726,1858810.6187093297,16
-1351946.506828245,1858810.6187093297,10
-1351483.1941117176,1858810.6187093297,10
-1351019.88139519,1858810.6187093297,10
-1350556.5686786626,1858810.6187093297,16
-1350093.255962135,1858810.6187093297,10
-1349629.9432456077,1858810.6187093297,10
-1349166.63052908,1858810.6187093297,10
-1348703.3178125527,1858810.6187093297,10
-1348240.005096025,1858810.6187093297,10
-1347776.6923794977,1858810.6187093297,10
-1347313.37966297,1858810.6187093297,10
-1346850.0669464427,1858810.6187093297,10
-1346386.754229915,1858810.6187093297,10
-1345923.4415133877,1858810.6187093297,10
-1345460.12879686,1858810.6187093297,16
-1344996.8160803327,1858810.6187093297,16
-1344533.5033638051,1858810.6187093297,16
-1344070.1906472775,1858810.6187093297,16
-1343606.8779307501,1858810.6187093297,16
-1343143.5652142225,1858810.6187093297,16
-1342680.2524976952,1858810.6187093297,16
-1342216.9397811675,1858810.6187093297,10
-1341753.6270646402,1858810.6187093297,10
-1341290.3143481126,1858810.6187093297,10
-1340827.0016315852,1858810.6187093297,16
-1340363.6889150576,1858810.6187093297,16
-1339900.3761985302,1858810.6187093297,16
-1339437.0634820026,1858810.6187093297,16
-1338973.7507654752,1858810.6187093297,16
-1338510.4380489476,1858810.6187093297,16
-1338047.1253324202,1858810.6187093297,16
-1337583.8126158926,1858810.6187093297,16
-1337120.499899365,1858810.6187093297,16
-1336657.1871828376,1858810.6187093297,16
-1336193.87446631,1858810.6187093297,16
-1335730.5617497826,1858810.6187093297,16
-1335267.249033255,1858810.6187093297,16
-1334803.9363167277,1858810.6187093297,16
-1334340.6236002,1858810.6187093297,16
-1333877.3108836727,1858810.6187093297,16
-1333413.998167145,1858810.6187093297,16
-1332950.6854506177,1858810.6187093297,16
-1332487.37273409,1858810.6187093297,16
-1332024.0600175627,1858810.6187093297,16
-1331560.747301035,1858810.6187093297,16
-1331097.4345845077,1858810.6187093297,16
-1330634.12186798,1858810.6187093297,16
-1330170.8091514525,1858810.6187093297,16
-1329707.4964349251,1858810.6187093297,16
-1329244.1837183975,1858810.6187093297,16
-1328780.8710018701,1858810.6187093297,16
-1328317.5582853425,1858810.6187093297,16
-1327854.2455688152,1858810.6187093297,16
-1327390.9328522875,1858810.6187093297,16
-1326927.6201357602,1858810.6187093297,16
-1326464.3074192326,1858810.6187093297,16
-1326000.9947027052,1858810.6187093297,16
-1325537.6819861776,1858810.6187093297,16
-1325074.3692696502,1858810.6187093297,16
-1324611.0565531226,1858810.6187093297,16
-1324147.7438365952,1858810.6187093297,16
-1323684.4311200676,1858810.6187093297,16
-1323221.11840354,1858810.6187093297,16
-1322757.8056870126,1858810.6187093297,16
-1322294.492970485,1858810.6187093297,16
-1321831.1802539576,1858810.6187093297,16
-1321367.86753743,1858810.6187093297,16
-1320904.5548209026,1858810.6187093297,16
-1320441.242104375,1858810.6187093297,16
-1319977.9293878477,1858810.6187093297,16
-1319514.61667132,1858810.6187093297,16
-1319051.3039547927,1858810.6187093297,16
-1318587.991238265,1858810.6187093297,16
-1318124.6785217377,1858810.6187093297,16
-1317661.36580521,1858810.6187093297,16
-1317198.0530886827,1858810.6187093297,16
-1316734.740372155,1858810.6187093297,16
-1316271.4276556277,1858810.6187093297,16
-1315808.1149391,1858810.6187093297,16
-1315344.8022225727,1858810.6187093297,16
-1314881.4895060451,1858810.6187093297,16
-1314418.1767895175,1858810.6187093297,16
-1313954.8640729901,1858810.6187093297,16
-1313491.5513564625,1858810.6187093297,16
-1313028.2386399352,1858810.6187093297,16
-1312564.9259234075,1858810.6187093297,16
-1312101.6132068802,1858810.6187093297,16
-1311638.3004903526,1858810.6187093297,16
-1311174.9877738252,1858810.6187093297,16
-1310711.6750572976,1858810.6187093297,16
-1310248.3623407702,1858810.6187093297,16
-1309785.0496242426,1858810.6187093297,16
-1309321.7369077152,1858810.6187093297,16
-1308858.4241911876,1858810.6187093297,16
-1308395.1114746602,1858810.6187093297,16
-1307931.7987581326,1858810.6187093297,16
-1307468.486041605,1858810.6187093297,16
-1307005.1733250776,1858810.6187093297,16
-1306541.86060855,1858810.6187093297,16
-1306078.5478920226,1858810.6187093297,16
-1305615.235175495,1858810.6187093297,16
-1305151.9224589677,1858810.6187093297,16
-1304688.60974244,1858810.6187093297,16
-1304225.2970259127,1858810.6187093297,16
-1303761.984309385,1858810.6187093297,16
-1303298.6715928577,1858810.6187093297,16
-1302835.35887633,1858810.6187093297,16
-1302372.0461598027,1858810.6187093297,16
-1301908.733443275,1858810.6187093297,16
-1301445.4207267477,1858810.6187093297,10
-1300982.10801022,1858810.6187093297,10
-1300518.7952936925,1858810.6187093297,10
-1300055.4825771651,1858810.6187093297,10
-1299592.1698606375,1858810.6187093297,10
-1299128.8571441101,1858810.6187093297,10
-1298665.5444275825,1858810.6187093297,10
-1298202.2317110552,1858810.6187093297,10
-1297738.9189945275,1858810.6187093297,10
-1297275.6062780002,1858810.6187093297,10
-1296812.2935614726,1858810.6187093297,10
-1296348.9808449452,1858810.6187093297,10
-1295885.6681284176,1858810.6187093297,10
-1295422.3554118902,1858810.6187093297,16
-1294959.0426953626,1858810.6187093297,16
-1294495.7299788352,1858810.6187093297,16
-1294032.4172623076,1858810.6187093297,16
-1293569.10454578,1858810.6187093297,10
-1293105.7918292526,1858810.6187093297,10
-1292642.479112725,1858810.6187093297,10
-1292179.1663961976,1858810.6187093297,10
-1291715.85367967,1858810.6187093297,10
-1291252.5409631426,1858810.6187093297,10
-1290789.228246615,1858810.6187093297,16
-1290325.9155300877,1858810.6187093297,10
-1289862.60281356,1858810.6187093297,10
-1289399.2900970327,1858810.6187093297,10
-1288935.977380505,1858810.6187093297,10
-1288472.6646639777,1858810.6187093297,10
-1288009.35194745,1858810.6187093297,10
-1287546.0392309227,1858810.6187093297,10
-1287082.726514395,1858810.6187093297,10
-1286619.4137978677,1858810.6187093297,10
-1286156.10108134,1858810.6187093297,10
-1285692.7883648127,1858810.6187093297,10
-1285229.4756482851,1858810.6187093297,10
-1284766.1629317575,1858810.6187093297,10
-1284302.8502152301,1858810.6187093297,10
-1283839.5374987025,1858810.6187093297,10
-1283376.2247821752,1858810.6187093297,10
-1282912.9120656475,1858810.6187093297,10
-1282449.5993491202,1858810.6187093297,10
-1281986.2866325926,1858810.6187093297,10
-1281522.9739160652,1858810.6187093297,10
-1281059.6611995376,1858810.6187093297,10
-1280596.3484830102,1858810.6187093297,10
-1280133.0357664826,1858810.6187093297,16
-1279669.7230499552,1858810.6187093297,16
-1279206.4103334276,1858810.6187093297,10
-1278743.0976169002,1858810.6187093297,10
-1278279.7849003726,1858810.6187093297,10
-1277816.472183845,1858810.6187093297,10
-1277353.1594673176,1858810.6187093297,10
-1276889.84675079,1858810.6187093297,10
-1276426.5340342626,1858810.6187093297,10
-1275963.221317735,1858810.6187093297,10
-1275499.9086012077,1858810.6187093297,10
-1275036.59588468,1858810.6187093297,10
-1274573.2831681527,1858810.6187093297,10
-1274109.970451625,1858810.6187093297,10
-1273646.6577350977,1858810.6187093297,10
-1273183.34501857,1858810.6187093297,10
-1272720.0323020427,1858810.6187093297,16
-1272256.719585515,1858810.6187093297,16
-1271793.4068689877,1858810.6187093297,16
-1271330.09415246,1858810.6187093297,10
-1270866.7814359325,1858810.6187093297,10
-1270403.4687194051,1858810.6187093297,10
-1269940.1560028775,1858810.6187093297,10
-1269476.8432863501,1858810.6187093297,10
-1269013.5305698225,1858810.6187093297,10
-1268550.2178532952,1858810.6187093297,10
-1268086.9051367675,1858810.6187093297,10
-1267623.5924202402,1858810.6187093297,10
-1267160.2797037126,1858810.6187093297,10
-1266696.9669871852,1858810.6187093297,16
-1266233.6542706576,1858810.6187093297,16
-1265770.3415541302,1858810.6187093297,16
-1265307.0288376026,1858810.6187093297,16
-1264843.7161210752,1858810.6187093297,16
-1264380.4034045476,1858810.6187093297,10
-1263917.09068802,1858810.6187093297,10
-1263453.7779714926,1858810.6187093297,10
-1262990.465254965,1858810.6187093297,10
-1262527.1525384376,1858810.6187093297,10
-1262063.83982191,1858810.6187093297,10
-1261600.5271053826,1858810.6187093297,10
-1261137.214388855,1858810.6187093297,10
-1260673.9016723277,1858810.6187093297,10
-1260210.5889558,1858810.6187093297,10
-1259747.2762392727,1858810.6187093297,10
-1259283.963522745,1858810.6187093297,10
-1258820.6508062177,1858810.6187093297,10
-1258357.33808969,1858810.6187093297,10
-1257894.0253731627,1858810.6187093297,10
-1257430.712656635,1858810.6187093297,10
-1256967.3999401077,1858810.6187093297,10
-1256504.08722358,1858810.6187093297,10
-1256040.7745070527,1858810.6187093297,10
-1255577.4617905251,1858810.6187093297,10
-1255114.1490739975,1858810.6187093297,10
-1254650.8363574701,1858810.6187093297,10
-1254187.5236409425,1858810.6187093297,10
-1253724.2109244152,1858810.6187093297,10
-1253260.8982078875,1858810.6187093297,10
-1252797.5854913602,1858810.6187093297,10
-1252334.2727748326,1858810.6187093297,10
-1251870.9600583052,1858810.6187093297,10
-1251407.6473417776,1858810.6187093297,10
-1250944.3346252502,1858810.6187093297,10
-1250481.0219087226,1858810.6187093297,10
-1250017.7091921952,1858810.6187093297,10
-1249554.3964756676,1858810.6187093297,10
-1249091.0837591402,1858810.6187093297,10
-1248627.7710426126,1858810.6187093297,10
-1248164.458326085,1858810.6187093297,10
-1247701.1456095576,1858810.6187093297,10
-1247237.83289303,1858810.6187093297,10
-1246774.5201765026,1858810.6187093297,10
-1246311.207459975,1858810.6187093297,10
-1245847.8947434477,1858810.6187093297,10
-1245384.58202692,1858810.6187093297,10
-1244921.2693103927,1858810.6187093297,10
-1244457.956593865,1858810.6187093297,10
-1243994.6438773377,1858810.6187093297,10
-1243531.33116081,1858810.6187093297,10
-1243068.0184442827,1858810.6187093297,10
-1242604.705727755,1858810.6187093297,10
-1242141.3930112277,1858810.6187093297,10
-1241678.0802947,1858810.6187093297,10
-1241214.7675781725,1858810.6187093297,10
-1240751.4548616451,1858810.6187093297,10
-1240288.1421451175,1858810.6187093297,10
-1239824.8294285901,1858810.6187093297,10
-1239361.5167120625,1858810.6187093297,10
-1238898.2039955352,1858810.6187093297,10
-1238434.8912790075,1858810.6187093297,10
-1237971.5785624802,1858810.6187093297,10
-1237508.2658459526,1858810.6187093297,10
-1237044.9531294252,1858810.6187093297,10
-1236581.6404128976,1858810.6187093297,10
-1236118.3276963702,1858810.6187093297,10
-1235655.0149798426,1858810.6187093297,10
-1235191.7022633152,1858810.6187093297,10
-1234728.3895467876,1858810.6187093297,10
-1234265.07683026,1858810.6187093297,10
-1233801.7641137326,1858810.6187093297,10
-1233338.4513972052,1858810.6187093297,10
-1232875.1386806776,1858810.6187093297,10
-1232411.82596415,1858810.6187093297,10
-1231948.5132476226,1858810.6187093297,10
-1231485.200531095,1858810.6187093297,10
-1231021.8878145677,1858810.6187093297,10
-1230558.57509804,1858810.6187093297,10
-1230095.2623815127,1858810.6187093297,10
-1229631.949664985,1858810.6187093297,10
-1229168.6369484577,1858810.6187093297,10
-1228705.32423193,1858810.6187093297,10
-1228242.0115154027,1858810.6187093297,10
-1227778.698798875,1858810.6187093297,10
-1227315.3860823475,1858810.6187093297,10
-1226852.07336582,1858810.6187093297,10
-1226388.7606492927,1858810.6187093297,10
-1225925.4479327651,1858810.6187093297,10
-1225462.1352162375,1858810.6187093297,10
-1224998.8224997101,1858810.6187093297,10
-1224535.5097831825,1858810.6187093297,10
-1224072.1970666551,1858810.6187093297,10
-1223608.8843501275,1858810.6187093297,10
-1223145.5716336002,1858810.6187093297,10
-1222682.2589170726,1858810.6187093297,10
-1222218.9462005452,1858810.6187093297,10
-1221755.6334840176,1858810.6187093297,10
-1221292.3207674902,1858810.6187093297,10
-1220829.0080509626,1858810.6187093297,10
-1220365.6953344352,1858810.6187093297,10
-1219902.3826179076,1858810.6187093297,10
-1219439.0699013802,1858810.6187093297,10
-1218975.7571848526,1858810.6187093297,10
-1218512.444468325,1858810.6187093297,10
-1218049.1317517976,1858810.6187093297,10
-1217585.81903527,1858810.6187093297,10
-1217122.5063187426,1858810.6187093297,10
-1216659.193602215,1858810.6187093297,10
-1216195.8808856877,1858810.6187093297,10
-1215732.56816916,1858810.6187093297,10
-1215269.2554526327,1858810.6187093297,10
-1214805.942736105,1858810.6187093297,10
-1214342.6300195777,1858810.6187093297,10
-1213879.31730305,1858810.6187093297,10
-1213416.0045865227,1858810.6187093297,10
-1212952.691869995,1858810.6187093297,10
-1212489.3791534677,1858810.6187093297,10
-1212026.06643694,1858810.6187093297,10
-1211562.7537204125,1858810.6187093297,10
-1211099.4410038851,1858810.6187093297,10
-1210636.1282873575,1858810.6187093297,10
-1210172.8155708301,1858810.6187093297,10
-1209709.5028543025,1858810.6187093297,10
-1209246.1901377751,1858810.6187093297,10
-1208782.8774212475,1858810.6187093297,10
-1208319.5647047202,1858810.6187093297,10
-1207856.2519881926,1858810.6187093297,10
-1207392.9392716652,1858810.6187093297,10
-1206929.6265551376,1858810.6187093297,10
-1206466.3138386102,1858810.6187093297,10
-1206003.0011220826,1858810.6187093297,10
-1205539.6884055552,1858810.6187093297,10
-1205076.3756890276,1858810.6187093297,10
-1204613.0629725,1858810.6187093297,10
-1204149.7502559726,1858810.6187093297,10
-1203686.4375394452,1858810.6187093297,10
-1203223.1248229176,1858810.6187093297,10
-1202759.81210639,1858810.6187093297,10
-1202296.4993898626,1858810.6187093297,10
-1201833.186673335,1858810.6187093297,10
-1201369.8739568077,1858810.6187093297,10
-1200906.56124028,1858810.6187093297,10
-1200443.2485237527,1858810.6187093297,10
-1199979.935807225,1858810.6187093297,10
-1199516.6230906977,1858810.6187093297,10
-1199053.31037417,1858810.6187093297,10
-1198589.9976576427,1858810.6187093297,10
-1198126.684941115,1858810.6187093297,10
-1197663.3722245875,1858810.6187093297,10
-1197200.05950806,1858810.6187093297,10
-1196736.7467915327,1858810.6187093297,10
-1196273.4340750051,1858810.6187093297,10
-1195810.1213584775,1858810.6187093297,10
-1195346.8086419501,1858810.6187093297,10
-1194883.4959254225,1858810.6187093297,10
-1194420.1832088951,1858810.6187093297,10
-1193956.8704923675,1858810.6187093297,10
-1193493.5577758402,1858810.6187093297,10
-1193030.2450593126,1858810.6187093297,10
-1192566.9323427852,1858810.6187093297,10
-1192103.6196262576,1858810.6187093297,10
-1191640.3069097302,1858810.6187093297,10
-1191176.9941932026,1858810.6187093297,10
-1190713.6814766752,1858810.6187093297,10
-1190250.3687601476,1858810.6187093297,10
-1189787.0560436202,1858810.6187093297,10
-1189323.7433270926,1858810.6187093297,10
-1188860.430610565,1858810.6187093297,10
-1188397.1178940376,1858810.6187093297,10
-1187933.80517751,1858810.6187093297,10
-1187470.4924609826,1858810.6187093297,10
-1187007.179744455,1858810.6187093297,10
-1186543.8670279277,1858810.6187093297,10
-1186080.5543114,1858810.6187093297,10
-1185617.2415948727,1858810.6187093297,10
-1185153.928878345,1858810.6187093297,10
-1184690.6161618177,1858810.6187093297,10
-1184227.30344529,1858810.6187093297,10
-1183763.9907287627,1858810.6187093297,10
-1183300.678012235,1858810.6187093297,10
-1182837.3652957077,1858810.6187093297,10
-1182374.05257918,1858810.6187093297,10
-1181910.7398626525,1858810.6187093297,10
-1181447.4271461251,1858810.6187093297,10
-1180984.1144295975,1858810.6187093297,10
-1180520.8017130701,1858810.6187093297,10
-1180057.4889965425,1858810.6187093297,10
-1179594.1762800151,1858810.6187093297,10
-1179130.8635634875,1858810.6187093297,10
-1178667.5508469602,1858810.6187093297,10
-1178204.2381304326,1858810.6187093297,10
-1177740.9254139052,1858810.6187093297,10
-1177277.6126973776,1858810.6187093297,10
-1176814.2999808502,1858810.6187093297,10
-1176350.9872643226,1858810.6187093297,10
-1175887.6745477952,1858810.6187093297,10
-1175424.3618312676,1858810.6187093297,10
-1174961.04911474,1858810.6187093297,10
-1174497.7363982126,1858810.6187093297,10
-1174034.4236816852,1858810.6187093297,10
-1173571.1109651576,1858810.6187093297,10
-1173107.79824863,1858810.6187093297,10
-1172644.4855321026,1858810.6187093297,10
-1172181.172815575,1858810.6187093297,10
-1171717.8600990477,1858810.6187093297,10
-1171254.54738252,1858810.6187093297,10
-1170791.2346659927,1858810.6187093297,10
-1170327.921949465,1858810.6187093297,10
-1169864.6092329377,1858810.6187093297,10
-1169401.29651641,1858810.6187093297,10
-1168937.9837998827,1858810.6187093297,10
-1168474.671083355,1858810.6187093297,10
-1168011.3583668275,1858810.6187093297,10
-1167548.0456503,1858810.6187093297,10
-1167084.7329337727,1858810.6187093297,10
-1166621.4202172451,1858810.6187093297,10
-1166158.1075007175,1858810.6187093297,10
-1165694.7947841901,1858810.6187093297,10
-1165231.4820676625,1858810.6187093297,10
-1164768.1693511351,1858810.6187093297,10
-1164304.8566346075,1858810.6187093297,10
-1163841.5439180802,1858810.6187093297,10
-1163378.2312015526,1858810.6187093297,10
-1162914.9184850252,1858810.6187093297,10
-1162451.6057684976,1858810.6187093297,10
-1161988.2930519702,1858810.6187093297,10
-1161524.9803354426,1858810.6187093297,10
-1161061.6676189152,1858810.6187093297,10
-1160598.3549023876,1858810.6187093297,10
-1160135.0421858602,1858810.6187093297,10
-1159671.7294693326,1858810.6187093297,10
-1159208.416752805,1858810.6187093297,10
-1158745.1040362776,1858810.6187093297,10
-1366772.513757125,1858347.3059928021,10
-1366309.2010405976,1858347.3059928021,10
-1365845.88832407,1858347.3059928021,10
-1365382.5756075426,1858347.3059928021,10
-1364919.262891015,1858347.3059928021,10
-1364455.9501744877,1858347.3059928021,10
-1363992.63745796,1858347.3059928021,10
-1363529.3247414327,1858347.3059928021,10
-1363066.012024905,1858347.3059928021,10
-1362602.6993083777,1858347.3059928021,10
-1362139.38659185,1858347.3059928021,10
-1361676.0738753227,1858347.3059928021,10
-1361212.761158795,1858347.3059928021,10
-1360749.4484422677,1858347.3059928021,10
-1360286.13572574,1858347.3059928021,10
-1359822.8230092125,1858347.3059928021,10
-1359359.5102926851,1858347.3059928021,10
-1358896.1975761575,1858347.3059928021,10
-1358432.8848596301,1858347.3059928021,10
-1357969.5721431025,1858347.3059928021,16
-1357506.2594265752,1858347.3059928021,16
-1357042.9467100475,1858347.3059928021,10
-1356579.6339935202,1858347.3059928021,10
-1356116.3212769926,1858347.3059928021,10
-1355653.0085604652,1858347.3059928021,10
-1355189.6958439376,1858347.3059928021,10
-1354726.3831274102,1858347.3059928021,10
-1354263.0704108826,1858347.3059928021,10
-1353799.7576943552,1858347.3059928021,16
-1353336.4449778276,1858347.3059928021,16
-1352873.1322613002,1858347.3059928021,16
-1352409.8195447726,1858347.3059928021,16
-1351946.506828245,1858347.3059928021,10
-1351483.1941117176,1858347.3059928021,10
-1351019.88139519,1858347.3059928021,10
-1350556.5686786626,1858347.3059928021,16
-1350093.255962135,1858347.3059928021,10
-1349629.9432456077,1858347.3059928021,10
-1349166.63052908,1858347.3059928021,10
-1348703.3178125527,1858347.3059928021,10
-1348240.005096025,1858347.3059928021,10
-1347776.6923794977,1858347.3059928021,16
-1347313.37966297,1858347.3059928021,16
-1346850.0669464427,1858347.3059928021,16
-1346386.754229915,1858347.3059928021,16
-1345923.4415133877,1858347.3059928021,16
-1345460.12879686,1858347.3059928021,16
-1344996.8160803327,1858347.3059928021,16
-1344533.5033638051,1858347.3059928021,16
-1344070.1906472775,1858347.3059928021,16
-1343606.8779307501,1858347.3059928021,16
-1343143.5652142225,1858347.3059928021,16
-1342680.2524976952,1858347.3059928021,16
-1342216.9397811675,1858347.3059928021,16
-1341753.6270646402,1858347.3059928021,10
-1341290.3143481126,1858347.3059928021,10
-1340827.0016315852,1858347.3059928021,16
-1340363.6889150576,1858347.3059928021,16
-1339900.3761985302,1858347.3059928021,16
-1339437.0634820026,1858347.3059928021,16
-1338973.7507654752,1858347.3059928021,16
-1338510.4380489476,1858347.3059928021,16
-1338047.1253324202,1858347.3059928021,16
-1337583.8126158926,1858347.3059928021,16
-1337120.499899365,1858347.3059928021,16
-1336657.1871828376,1858347.3059928021,16
-1336193.87446631,1858347.3059928021,16
-1335730.5617497826,1858347.3059928021,16
-1335267.249033255,1858347.3059928021,16
-1334803.9363167277,1858347.3059928021,16
-1334340.6236002,1858347.3059928021,16
-1333877.3108836727,1858347.3059928021,16
-1333413.998167145,1858347.3059928021,16
-1332950.6854506177,1858347.3059928021,16
-1332487.37273409,1858347.3059928021,16
-1332024.0600175627,1858347.3059928021,16
-1331560.747301035,1858347.3059928021,16
-1331097.4345845077,1858347.3059928021,16
-1330634.12186798,1858347.3059928021,16
-1330170.8091514525,1858347.3059928021,16
-1329707.4964349251,1858347.3059928021,16
-1329244.1837183975,1858347.3059928021,16
-1328780.8710018701,1858347.3059928021,16
-1328317.5582853425,1858347.3059928021,16
-1327854.2455688152,1858347.3059928021,16
-1327390.9328522875,1858347.3059928021,16
-1326927.6201357602,1858347.3059928021,16
-1326464.3074192326,1858347.3059928021,16
-1326000.9947027052,1858347.3059928021,16
-1325537.6819861776,1858347.3059928021,16
-1325074.3692696502,1858347.3059928021,16
-1324611.0565531226,1858347.3059928021,16
-1324147.7438365952,1858347.3059928021,16
-1323684.4311200676,1858347.3059928021,16
-1323221.11840354,1858347.3059928021,16
-1322757.8056870126,1858347.3059928021,16
-1322294.492970485,1858347.3059928021,16
-1321831.1802539576,1858347.3059928021,16
-1321367.86753743,1858347.3059928021,16
-1320904.5548209026,1858347.3059928021,16
-1320441.242104375,1858347.3059928021,16
-1319977.9293878477,1858347.3059928021,16
-1319514.61667132,1858347.3059928021,16
-1319051.3039547927,1858347.3059928021,16
-1318587.991238265,1858347.3059928021,16
-1318124.6785217377,1858347.3059928021,16
-1317661.36580521,1858347.3059928021,16
-1317198.0530886827,1858347.3059928021,16
-1316734.740372155,1858347.3059928021,16
-1316271.4276556277,1858347.3059928021,16
-1315808.1149391,1858347.3059928021,16
-1315344.8022225727,1858347.3059928021,16
-1314881.4895060451,1858347.3059928021,16
-1314418.1767895175,1858347.3059928021,16
-1313954.8640729901,1858347.3059928021,16
-1313491.5513564625,1858347.3059928021,16
-1313028.2386399352,1858347.3059928021,16
-1312564.9259234075,1858347.3059928021,16
-1312101.6132068802,1858347.3059928021,16
-1311638.3004903526,1858347.3059928021,16
-1311174.9877738252,1858347.3059928021,16
-1310711.6750572976,1858347.3059928021,16
-1310248.3623407702,1858347.3059928021,16
-1309785.0496242426,1858347.3059928021,16
-1309321.7369077152,1858347.3059928021,16
-1308858.4241911876,1858347.3059928021,16
-1308395.1114746602,1858347.3059928021,16
-1307931.7987581326,1858347.3059928021,16
-1307468.486041605,1858347.3059928021,16
-1307005.1733250776,1858347.3059928021,16
-1306541.86060855,1858347.3059928021,16
-1306078.5478920226,1858347.3059928021,16
-1305615.235175495,1858347.3059928021,16
-1305151.9224589677,1858347.3059928021,16
-1304688.60974244,1858347.3059928021,16
-1304225.2970259127,1858347.3059928021,16
-1303761.984309385,1858347.3059928021,16
-1303298.6715928577,1858347.3059928021,16
-1302835.35887633,1858347.3059928021,16
-1302372.0461598027,1858347.3059928021,16
-1301908.733443275,1858347.3059928021,16
-1301445.4207267477,1858347.3059928021,10
-1300982.10801022,1858347.3059928021,10
-1300518.7952936925,1858347.3059928021,16
-1300055.4825771651,1858347.3059928021,16
-1299592.1698606375,1858347.3059928021,16
-1299128.8571441101,1858347.3059928021,16
-1298665.5444275825,1858347.3059928021,16
-1298202.2317110552,1858347.3059928021,16
-1297738.9189945275,1858347.3059928021,16
-1297275.6062780002,1858347.3059928021,10
-1296812.2935614726,1858347.3059928021,10
-1296348.9808449452,1858347.3059928021,10
-1295885.6681284176,1858347.3059928021,10
-1295422.3554118902,1858347.3059928021,10
-1294959.0426953626,1858347.3059928021,10
-1294495.7299788352,1858347.3059928021,10
-1294032.4172623076,1858347.3059928021,10
-1293569.10454578,1858347.3059928021,10
-1293105.7918292526,1858347.3059928021,10
-1292642.479112725,1858347.3059928021,10
-1292179.1663961976,1858347.3059928021,10
-1291715.85367967,1858347.3059928021,10
-1291252.5409631426,1858347.3059928021,10
-1290789.228246615,1858347.3059928021,10
-1290325.9155300877,1858347.3059928021,10
-1289862.60281356,1858347.3059928021,10
-1289399.2900970327,1858347.3059928021,10
-1288935.977380505,1858347.3059928021,10
-1288472.6646639777,1858347.3059928021,10
-1288009.35194745,1858347.3059928021,10
-1287546.0392309227,1858347.3059928021,10
-1287082.726514395,1858347.3059928021,10
-1286619.4137978677,1858347.3059928021,10
-1286156.10108134,1858347.3059928021,10
-1285692.7883648127,1858347.3059928021,10
-1285229.4756482851,1858347.3059928021,10
-1284766.1629317575,1858347.3059928021,10
-1284302.8502152301,1858347.3059928021,10
-1283839.5374987025,1858347.3059928021,10
-1283376.2247821752,1858347.3059928021,10
-1282912.9120656475,1858347.3059928021,10
-1282449.5993491202,1858347.3059928021,10
-1281986.2866325926,1858347.3059928021,10
-1281522.9739160652,1858347.3059928021,10
-1281059.6611995376,1858347.3059928021,10
-1280596.3484830102,1858347.3059928021,10
-1280133.0357664826,1858347.3059928021,16
-1279669.7230499552,1858347.3059928021,10
-1279206.4103334276,1858347.3059928021,10
-1278743.0976169002,1858347.3059928021,10
-1278279.7849003726,1858347.3059928021,10
-1277816.472183845,1858347.3059928021,10
-1277353.1594673176,1858347.3059928021,16
-1276889.84675079,1858347.3059928021,16
-1276426.5340342626,1858347.3059928021,16
-1275963.221317735,1858347.3059928021,16
-1275499.9086012077,1858347.3059928021,10
-1275036.59588468,1858347.3059928021,10
-1274573.2831681527,1858347.3059928021,10
-1274109.970451625,1858347.3059928021,10
-1273646.6577350977,1858347.3059928021,16
-1273183.34501857,1858347.3059928021,10
-1272720.0323020427,1858347.3059928021,10
-1272256.719585515,1858347.3059928021,10
-1271793.4068689877,1858347.3059928021,10
-1271330.09415246,1858347.3059928021,10
-1270866.7814359325,1858347.3059928021,10
-1270403.4687194051,1858347.3059928021,10
-1269940.1560028775,1858347.3059928021,10
-1269476.8432863501,1858347.3059928021,10
-1269013.5305698225,1858347.3059928021,10
-1268550.2178532952,1858347.3059928021,10
-1268086.9051367675,1858347.3059928021,10
-1267623.5924202402,1858347.3059928021,10
-1267160.2797037126,1858347.3059928021,10
-1266696.9669871852,1858347.3059928021,16
-1266233.6542706576,1858347.3059928021,16
-1265770.3415541302,1858347.3059928021,16
-1265307.0288376026,1858347.3059928021,16
-1264843.7161210752,1858347.3059928021,16
-1264380.4034045476,1858347.3059928021,10
-1263917.09068802,1858347.3059928021,10
-1263453.7779714926,1858347.3059928021,10
-1262990.465254965,1858347.3059928021,10
-1262527.1525384376,1858347.3059928021,10
-1262063.83982191,1858347.3059928021,10
-1261600.5271053826,1858347.3059928021,10
-1261137.214388855,1858347.3059928021,10
-1260673.9016723277,1858347.3059928021,10
-1260210.5889558,1858347.3059928021,10
-1259747.2762392727,1858347.3059928021,10
-1259283.963522745,1858347.3059928021,10
-1258820.6508062177,1858347.3059928021,10
-1258357.33808969,1858347.3059928021,10
-1257894.0253731627,1858347.3059928021,10
-1257430.712656635,1858347.3059928021,10
-1256967.3999401077,1858347.3059928021,10
-1256504.08722358,1858347.3059928021,10
-1256040.7745070527,1858347.3059928021,10
-1255577.4617905251,1858347.3059928021,10
-1255114.1490739975,1858347.3059928021,10
-1254650.8363574701,1858347.3059928021,10
-1254187.5236409425,1858347.3059928021,10
-1253724.2109244152,1858347.3059928021,10
-1253260.8982078875,1858347.3059928021,10
-1252797.5854913602,1858347.3059928021,10
-1252334.2727748326,1858347.3059928021,10
-1251870.9600583052,1858347.3059928021,10
-1251407.6473417776,1858347.3059928021,10
-1250944.3346252502,1858347.3059928021,10
-1250481.0219087226,1858347.3059928021,10
-1250017.7091921952,1858347.3059928021,10
-1249554.3964756676,1858347.3059928021,10
-1249091.0837591402,1858347.3059928021,10
-1248627.7710426126,1858347.3059928021,10
-1248164.458326085,1858347.3059928021,10
-1247701.1456095576,1858347.3059928021,10
-1247237.83289303,1858347.3059928021,10
-1246774.5201765026,1858347.3059928021,10
-1246311.207459975,1858347.3059928021,10
-1245847.8947434477,1858347.3059928021,10
-1245384.58202692,1858347.3059928021,10
-1244921.2693103927,1858347.3059928021,10
-1244457.956593865,1858347.3059928021,10
-1243994.6438773377,1858347.3059928021,10
-1243531.33116081,1858347.3059928021,10
-1243068.0184442827,1858347.3059928021,10
-1242604.705727755,1858347.3059928021,10
-1242141.3930112277,1858347.3059928021,10
-1241678.0802947,1858347.3059928021,10
-1241214.7675781725,1858347.3059928021,10
-1240751.4548616451,1858347.3059928021,10
-1240288.1421451175,1858347.3059928021,10
-1239824.8294285901,1858347.3059928021,10
-1239361.5167120625,1858347.3059928021,10
-1238898.2039955352,1858347.3059928021,10
-1238434.8912790075,1858347.3059928021,10
-1237971.5785624802,1858347.3059928021,10
-1237508.2658459526,1858347.3059928021,10
-1237044.9531294252,1858347.3059928021,10
-1236581.6404128976,1858347.3059928021,10
-1236118.3276963702,1858347.3059928021,10
-1235655.0149798426,1858347.3059928021,10
-1235191.7022633152,1858347.3059928021,10
-1234728.3895467876,1858347.3059928021,10
-1234265.07683026,1858347.3059928021,10
-1233801.7641137326,1858347.3059928021,10
-1233338.4513972052,1858347.3059928021,10
-1232875.1386806776,1858347.3059928021,10
-1232411.82596415,1858347.3059928021,10
-1231948.5132476226,1858347.3059928021,10
-1231485.200531095,1858347.3059928021,10
-1231021.8878145677,1858347.3059928021,10
-1230558.57509804,1858347.3059928021,10
-1230095.2623815127,1858347.3059928021,10
-1229631.949664985,1858347.3059928021,10
-1229168.6369484577,1858347.3059928021,10
-1228705.32423193,1858347.3059928021,10
-1228242.0115154027,1858347.3059928021,10
-1227778.698798875,1858347.3059928021,10
-1227315.3860823475,1858347.3059928021,10
-1226852.07336582,1858347.3059928021,10
-1226388.7606492927,1858347.3059928021,10
-1225925.4479327651,1858347.3059928021,10
-1225462.1352162375,1858347.3059928021,10
-1224998.8224997101,1858347.3059928021,10
-1224535.5097831825,1858347.3059928021,10
-1224072.1970666551,1858347.3059928021,10
-1223608.8843501275,1858347.3059928021,10
-1223145.5716336002,1858347.3059928021,10
-1222682.2589170726,1858347.3059928021,10
-1222218.9462005452,1858347.3059928021,10
-1221755.6334840176,1858347.3059928021,10
-1221292.3207674902,1858347.3059928021,10
-1220829.0080509626,1858347.3059928021,10
-1220365.6953344352,1858347.3059928021,10
-1219902.3826179076,1858347.3059928021,10
-1219439.0699013802,1858347.3059928021,10
-1218975.7571848526,1858347.3059928021,10
-1218512.444468325,1858347.3059928021,10
-1218049.1317517976,1858347.3059928021,10
-1217585.81903527,1858347.3059928021,10
-1217122.5063187426,1858347.3059928021,10
-1216659.193602215,1858347.3059928021,10
-1216195.8808856877,1858347.3059928021,10
-1215732.56816916,1858347.3059928021,10
-1215269.2554526327,1858347.3059928021,10
-1214805.942736105,1858347.3059928021,10
-1214342.6300195777,1858347.3059928021,10
-1213879.31730305,1858347.3059928021,10
-1213416.0045865227,1858347.3059928021,10
-1212952.691869995,1858347.3059928021,10
-1212489.3791534677,1858347.3059928021,10
-1212026.06643694,1858347.3059928021,10
-1211562.7537204125,1858347.3059928021,10
-1211099.4410038851,1858347.3059928021,10
-1210636.1282873575,1858347.3059928021,10
-1210172.8155708301,1858347.3059928021,10
-1209709.5028543025,1858347.3059928021,10
-1209246.1901377751,1858347.3059928021,10
-1208782.8774212475,1858347.3059928021,10
-1208319.5647047202,1858347.3059928021,10
-1207856.2519881926,1858347.3059928021,10
-1207392.9392716652,1858347.3059928021,10
-1206929.6265551376,1858347.3059928021,10
-1206466.3138386102,1858347.3059928021,10
-1206003.0011220826,1858347.3059928021,10
-1205539.6884055552,1858347.3059928021,10
-1205076.3756890276,1858347.3059928021,10
-1204613.0629725,1858347.3059928021,10
-1204149.7502559726,1858347.3059928021,10
-1203686.4375394452,1858347.3059928021,10
-1203223.1248229176,1858347.3059928021,10
-1202759.81210639,1858347.3059928021,10
-1202296.4993898626,1858347.3059928021,10
-1201833.186673335,1858347.3059928021,10
-1201369.8739568077,1858347.3059928021,10
-1200906.56124028,1858347.3059928021,10
-1200443.2485237527,1858347.3059928021,10
-1199979.935807225,1858347.3059928021,10
-1199516.6230906977,1858347.3059928021,10
-1199053.31037417,1858347.3059928021,10
-1198589.9976576427,1858347.3059928021,10
-1198126.684941115,1858347.3059928021,10
-1197663.3722245875,1858347.3059928021,10
-1197200.05950806,1858347.3059928021,10
-1196736.7467915327,1858347.3059928021,10
-1196273.4340750051,1858347.3059928021,10
-1195810.1213584775,1858347.3059928021,10
-1195346.8086419501,1858347.3059928021,10
-1194883.4959254225,1858347.3059928021,10
-1194420.1832088951,1858347.3059928021,10
-1193956.8704923675,1858347.3059928021,10
-1193493.5577758402,1858347.3059928021,10
-1193030.2450593126,1858347.3059928021,10
-1192566.9323427852,1858347.3059928021,10
-1192103.6196262576,1858347.3059928021,10
-1191640.3069097302,1858347.3059928021,10
-1191176.9941932026,1858347.3059928021,10
-1190713.6814766752,1858347.3059928021,10
-1190250.3687601476,1858347.3059928021,10
-1189787.0560436202,1858347.3059928021,10
-1189323.7433270926,1858347.3059928021,10
-1188860.430610565,1858347.3059928021,10
-1188397.1178940376,1858347.3059928021,10
-1187933.80517751,1858347.3059928021,10
-1187470.4924609826,1858347.3059928021,10
-1187007.179744455,1858347.3059928021,10
-1186543.8670279277,1858347.3059928021,10
-1186080.5543114,1858347.3059928021,10
-1185617.2415948727,1858347.3059928021,10
-1185153.928878345,1858347.3059928021,10
-1184690.6161618177,1858347.3059928021,10
-1184227.30344529,1858347.3059928021,10
-1183763.9907287627,1858347.3059928021,10
-1183300.678012235,1858347.3059928021,10
-1182837.3652957077,1858347.3059928021,10
-1182374.05257918,1858347.3059928021,10
-1181910.7398626525,1858347.3059928021,10
-1181447.4271461251,1858347.3059928021,10
-1180984.1144295975,1858347.3059928021,10
-1180520.8017130701,1858347.3059928021,10
-1180057.4889965425,1858347.3059928021,10
-1179594.1762800151,1858347.3059928021,10
-1179130.8635634875,1858347.3059928021,10
-1178667.5508469602,1858347.3059928021,10
-1178204.2381304326,1858347.3059928021,10
-1177740.9254139052,1858347.3059928021,10
-1177277.6126973776,1858347.3059928021,10
-1176814.2999808502,1858347.3059928021,10
-1176350.9872643226,1858347.3059928021,10
-1175887.6745477952,1858347.3059928021,10
-1175424.3618312676,1858347.3059928021,10
-1174961.04911474,1858347.3059928021,10
-1174497.7363982126,1858347.3059928021,10
-1174034.4236816852,1858347.3059928021,10
-1173571.1109651576,1858347.3059928021,10
-1173107.79824863,1858347.3059928021,10
-1172644.4855321026,1858347.3059928021,10
-1172181.172815575,1858347.3059928021,10
-1171717.8600990477,1858347.3059928021,10
-1171254.54738252,1858347.3059928021,10
-1170791.2346659927,1858347.3059928021,10
-1170327.921949465,1858347.3059928021,10
-1169864.6092329377,1858347.3059928021,10
-1169401.29651641,1858347.3059928021,10
-1168937.9837998827,1858347.3059928021,10
-1168474.671083355,1858347.3059928021,10
-1168011.3583668275,1858347.3059928021,10
-1167548.0456503,1858347.3059928021,10
-1167084.7329337727,1858347.3059928021,10
-1166621.4202172451,1858347.3059928021,10
-1166158.1075007175,1858347.3059928021,10
-1165694.7947841901,1858347.3059928021,10
-1165231.4820676625,1858347.3059928021,10
-1164768.1693511351,1858347.3059928021,10
-1164304.8566346075,1858347.3059928021,10
-1163841.5439180802,1858347.3059928021,10
-1163378.2312015526,1858347.3059928021,10
-1162914.9184850252,1858347.3059928021,10
-1162451.6057684976,1858347.3059928021,10
-1161988.2930519702,1858347.3059928021,10
-1161524.9803354426,1858347.3059928021,10
-1161061.6676189152,1858347.3059928021,10
-1160598.3549023876,1858347.3059928021,10
-1160135.0421858602,1858347.3059928021,10
-1159671.7294693326,1858347.3059928021,10
-1159208.416752805,1858347.3059928021,10
-1158745.1040362776,1858347.3059928021,10
-1158281.79131975,1858347.3059928021,10
-1157818.4786032226,1858347.3059928021,10
-1367235.8264736526,1857883.9932762748,10
-1366772.513757125,1857883.9932762748,10
-1366309.2010405976,1857883.9932762748,10
-1365845.88832407,1857883.9932762748,10
-1365382.5756075426,1857883.9932762748,10
-1364919.262891015,1857883.9932762748,10
-1364455.9501744877,1857883.9932762748,10
-1363992.63745796,1857883.9932762748,10
-1363529.3247414327,1857883.9932762748,10
-1363066.012024905,1857883.9932762748,10
-1362602.6993083777,1857883.9932762748,10
-1362139.38659185,1857883.9932762748,10
-1361676.0738753227,1857883.9932762748,10
-1361212.761158795,1857883.9932762748,10
-1360749.4484422677,1857883.9932762748,10
-1360286.13572574,1857883.9932762748,10
-1359822.8230092125,1857883.9932762748,16
-1359359.5102926851,1857883.9932762748,16
-1358896.1975761575,1857883.9932762748,16
-1358432.8848596301,1857883.9932762748,16
-1357969.5721431025,1857883.9932762748,16
-1357506.2594265752,1857883.9932762748,16
-1357042.9467100475,1857883.9932762748,10
-1356579.6339935202,1857883.9932762748,10
-1356116.3212769926,1857883.9932762748,10
-1355653.0085604652,1857883.9932762748,10
-1355189.6958439376,1857883.9932762748,10
-1354726.3831274102,1857883.9932762748,10
-1354263.0704108826,1857883.9932762748,10
-1353799.7576943552,1857883.9932762748,10
-1353336.4449778276,1857883.9932762748,16
-1352873.1322613002,1857883.9932762748,16
-1352409.8195447726,1857883.9932762748,16
-1351946.506828245,1857883.9932762748,16
-1351483.1941117176,1857883.9932762748,10
-1351019.88139519,1857883.9932762748,10
-1350556.5686786626,1857883.9932762748,10
-1350093.255962135,1857883.9932762748,10
-1349629.9432456077,1857883.9932762748,10
-1349166.63052908,1857883.9932762748,10
-1348703.3178125527,1857883.9932762748,10
-1348240.005096025,1857883.9932762748,10
-1347776.6923794977,1857883.9932762748,10
-1347313.37966297,1857883.9932762748,16
-1346850.0669464427,1857883.9932762748,16
-1346386.754229915,1857883.9932762748,16
-1345923.4415133877,1857883.9932762748,16
-1345460.12879686,1857883.9932762748,16
-1344996.8160803327,1857883.9932762748,16
-1344533.5033638051,1857883.9932762748,16
-1344070.1906472775,1857883.9932762748,16
-1343606.8779307501,1857883.9932762748,16
-1343143.5652142225,1857883.9932762748,16
-1342680.2524976952,1857883.9932762748,16
-1342216.9397811675,1857883.9932762748,16
-1341753.6270646402,1857883.9932762748,10
-1341290.3143481126,1857883.9932762748,10
-1340827.0016315852,1857883.9932762748,10
-1340363.6889150576,1857883.9932762748,10
-1339900.3761985302,1857883.9932762748,16
-1339437.0634820026,1857883.9932762748,16
-1338973.7507654752,1857883.9932762748,16
-1338510.4380489476,1857883.9932762748,16
-1338047.1253324202,1857883.9932762748,16
-1337583.8126158926,1857883.9932762748,16
-1337120.499899365,1857883.9932762748,16
-1336657.1871828376,1857883.9932762748,16
-1336193.87446631,1857883.9932762748,16
-1335730.5617497826,1857883.9932762748,16
-1335267.249033255,1857883.9932762748,16
-1334803.9363167277,1857883.9932762748,16
-1334340.6236002,1857883.9932762748,16
-1333877.3108836727,1857883.9932762748,16
-1333413.998167145,1857883.9932762748,16
-1332950.6854506177,1857883.9932762748,16
-1332487.37273409,1857883.9932762748,16
-1332024.0600175627,1857883.9932762748,16
-1331560.747301035,1857883.9932762748,16
-1331097.4345845077,1857883.9932762748,16
-1330634.12186798,1857883.9932762748,16
-1330170.8091514525,1857883.9932762748,16
-1329707.4964349251,1857883.9932762748,16
-1329244.1837183975,1857883.9932762748,16
-1328780.8710018701,1857883.9932762748,16
-1328317.5582853425,1857883.9932762748,16
-1327854.2455688152,1857883.9932762748,16
-1327390.9328522875,1857883.9932762748,16
-1326927.6201357602,1857883.9932762748,16
-1326464.3074192326,1857883.9932762748,16
-1326000.9947027052,1857883.9932762748,16
-1325537.6819861776,1857883.9932762748,16
-1325074.3692696502,1857883.9932762748,16
-1324611.0565531226,1857883.9932762748,16
-1324147.7438365952,1857883.9932762748,16
-1323684.4311200676,1857883.9932762748,16
-1323221.11840354,1857883.9932762748,16
-1322757.8056870126,1857883.9932762748,16
-1322294.492970485,1857883.9932762748,16
-1321831.1802539576,1857883.9932762748,16
-1321367.86753743,1857883.9932762748,16
-1320904.5548209026,1857883.9932762748,16
-1320441.242104375,1857883.9932762748,16
-1319977.9293878477,1857883.9932762748,16
-1319514.61667132,1857883.9932762748,16
-1319051.3039547927,1857883.9932762748,16
-1318587.991238265,1857883.9932762748,16
-1318124.6785217377,1857883.9932762748,16
-1317661.36580521,1857883.9932762748,16
-1317198.0530886827,1857883.9932762748,16
-1316734.740372155,1857883.9932762748,16
-1316271.4276556277,1857883.9932762748,16
-1315808.1149391,1857883.9932762748,16
-1315344.8022225727,1857883.9932762748,16
-1314881.4895060451,1857883.9932762748,16
-1314418.1767895175,1857883.9932762748,16
-1313954.8640729901,1857883.9932762748,16
-1313491.5513564625,1857883.9932762748,16
-1313028.2386399352,1857883.9932762748,10
-1312564.9259234075,1857883.9932762748,16
-1312101.6132068802,1857883.9932762748,16
-1311638.3004903526,1857883.9932762748,16
-1311174.9877738252,1857883.9932762748,16
-1310711.6750572976,1857883.9932762748,16
-1310248.3623407702,1857883.9932762748,16
-1309785.0496242426,1857883.9932762748,16
-1309321.7369077152,1857883.9932762748,16
-1308858.4241911876,1857883.9932762748,16
-1308395.1114746602,1857883.9932762748,16
-1307931.7987581326,1857883.9932762748,10
-1307468.486041605,1857883.9932762748,10
-1307005.1733250776,1857883.9932762748,16
-1306541.86060855,1857883.9932762748,16
-1306078.5478920226,1857883.9932762748,16
-1305615.235175495,1857883.9932762748,16
-1305151.9224589677,1857883.9932762748,10
-1304688.60974244,1857883.9932762748,10
-1304225.2970259127,1857883.9932762748,16
-1303761.984309385,1857883.9932762748,16
-1303298.6715928577,1857883.9932762748,16
-1302835.35887633,1857883.9932762748,16
-1302372.0461598027,1857883.9932762748,16
-1301908.733443275,1857883.9932762748,16
-1301445.4207267477,1857883.9932762748,10
-1300982.10801022,1857883.9932762748,10
-1300518.7952936925,1857883.9932762748,16
-1300055.4825771651,1857883.9932762748,16
-1299592.1698606375,1857883.9932762748,16
-1299128.8571441101,1857883.9932762748,16
-1298665.5444275825,1857883.9932762748,16
-1298202.2317110552,1857883.9932762748,16
-1297738.9189945275,1857883.9932762748,16
-1297275.6062780002,1857883.9932762748,16
-1296812.2935614726,1857883.9932762748,16
-1296348.9808449452,1857883.9932762748,10
-1295885.6681284176,1857883.9932762748,10
-1295422.3554118902,1857883.9932762748,10
-1294959.0426953626,1857883.9932762748,10
-1294495.7299788352,1857883.9932762748,10
-1294032.4172623076,1857883.9932762748,10
-1293569.10454578,1857883.9932762748,10
-1293105.7918292526,1857883.9932762748,10
-1292642.479112725,1857883.9932762748,10
-1292179.1663961976,1857883.9932762748,10
-1291715.85367967,1857883.9932762748,10
-1291252.5409631426,1857883.9932762748,10
-1290789.228246615,1857883.9932762748,10
-1290325.9155300877,1857883.9932762748,10
-1289862.60281356,1857883.9932762748,10
-1289399.2900970327,1857883.9932762748,10
-1288935.977380505,1857883.9932762748,10
-1288472.6646639777,1857883.9932762748,10
-1288009.35194745,1857883.9932762748,10
-1287546.0392309227,1857883.9932762748,10
-1287082.726514395,1857883.9932762748,10
-1286619.4137978677,1857883.9932762748,10
-1286156.10108134,1857883.9932762748,10
-1285692.7883648127,1857883.9932762748,10
-1285229.4756482851,1857883.9932762748,10
-1284766.1629317575,1857883.9932762748,16
-1284302.8502152301,1857883.9932762748,16
-1283839.5374987025,1857883.9932762748,16
-1283376.2247821752,1857883.9932762748,16
-1282912.9120656475,1857883.9932762748,16
-1282449.5993491202,1857883.9932762748,16
-1281986.2866325926,1857883.9932762748,16
-1281522.9739160652,1857883.9932762748,10
-1281059.6611995376,1857883.9932762748,10
-1280596.3484830102,1857883.9932762748,10
-1280133.0357664826,1857883.9932762748,10
-1279669.7230499552,1857883.9932762748,10
-1279206.4103334276,1857883.9932762748,10
-1278743.0976169002,1857883.9932762748,10
-1278279.7849003726,1857883.9932762748,10
-1277816.472183845,1857883.9932762748,10
-1277353.1594673176,1857883.9932762748,10
-1276889.84675079,1857883.9932762748,16
-1276426.5340342626,1857883.9932762748,16
-1275963.221317735,1857883.9932762748,16
-1275499.9086012077,1857883.9932762748,16
-1275036.59588468,1857883.9932762748,10
-1274573.2831681527,1857883.9932762748,10
-1274109.970451625,1857883.9932762748,10
-1273646.6577350977,1857883.9932762748,10
-1273183.34501857,1857883.9932762748,10
-1272720.0323020427,1857883.9932762748,10
-1272256.719585515,1857883.9932762748,10
-1271793.4068689877,1857883.9932762748,10
-1271330.09415246,1857883.9932762748,10
-1270866.7814359325,1857883.9932762748,10
-1270403.4687194051,1857883.9932762748,10
-1269940.1560028775,1857883.9932762748,10
-1269476.8432863501,1857883.9932762748,10
-1269013.5305698225,1857883.9932762748,10
-1268550.2178532952,1857883.9932762748,10
-1268086.9051367675,1857883.9932762748,10
-1267623.5924202402,1857883.9932762748,16
-1267160.2797037126,1857883.9932762748,16
-1266696.9669871852,1857883.9932762748,16
-1266233.6542706576,1857883.9932762748,16
-1265770.3415541302,1857883.9932762748,16
-1265307.0288376026,1857883.9932762748,10
-1264843.7161210752,1857883.9932762748,10
-1264380.4034045476,1857883.9932762748,10
-1263917.09068802,1857883.9932762748,10
-1263453.7779714926,1857883.9932762748,10
-1262990.465254965,1857883.9932762748,10
-1262527.1525384376,1857883.9932762748,10
-1262063.83982191,1857883.9932762748,10
-1261600.5271053826,1857883.9932762748,10
-1261137.214388855,1857883.9932762748,10
-1260673.9016723277,1857883.9932762748,10
-1260210.5889558,1857883.9932762748,10
-1259747.2762392727,1857883.9932762748,10
-1259283.963522745,1857883.9932762748,10
-1258820.6508062177,1857883.9932762748,10
-1258357.33808969,1857883.9932762748,10
-1257894.0253731627,1857883.9932762748,10
-1257430.712656635,1857883.9932762748,10
-1256967.3999401077,1857883.9932762748,10
-1256504.08722358,1857883.9932762748,10
-1256040.7745070527,1857883.9932762748,10
-1255577.4617905251,1857883.9932762748,10
-1255114.1490739975,1857883.9932762748,10
-1254650.8363574701,1857883.9932762748,10
-1254187.5236409425,1857883.9932762748,10
-1253724.2109244152,1857883.9932762748,10
-1253260.8982078875,1857883.9932762748,10
-1252797.5854913602,1857883.9932762748,10
-1252334.2727748326,1857883.9932762748,10
-1251870.9600583052,1857883.9932762748,10
-1251407.6473417776,1857883.9932762748,10
-1250944.3346252502,1857883.9932762748,10
-1250481.0219087226,1857883.9932762748,10
-1250017.7091921952,1857883.9932762748,10
-1249554.3964756676,1857883.9932762748,10
-1249091.0837591402,1857883.9932762748,10
-1248627.7710426126,1857883.9932762748,10
-1248164.458326085,1857883.9932762748,10
-1247701.1456095576,1857883.9932762748,10
-1247237.83289303,1857883.9932762748,10
-1246774.5201765026,1857883.9932762748,10
-1246311.207459975,1857883.9932762748,10
-1245847.8947434477,1857883.9932762748,10
-1245384.58202692,1857883.9932762748,10
-1244921.2693103927,1857883.9932762748,10
-1244457.956593865,1857883.9932762748,10
-1243994.6438773377,1857883.9932762748,10
-1243531.33116081,1857883.9932762748,10
-1243068.0184442827,1857883.9932762748,10
-1242604.705727755,1857883.9932762748,10
-1242141.3930112277,1857883.9932762748,10
-1241678.0802947,1857883.9932762748,10
-1241214.7675781725,1857883.9932762748,10
-1240751.4548616451,1857883.9932762748,10
-1240288.1421451175,1857883.9932762748,10
-1239824.8294285901,1857883.9932762748,10
-1239361.5167120625,1857883.9932762748,10
-1238898.2039955352,1857883.9932762748,10
-1238434.8912790075,1857883.9932762748,10
-1237971.5785624802,1857883.9932762748,10
-1237508.2658459526,1857883.9932762748,10
-1237044.9531294252,1857883.9932762748,10
-1236581.6404128976,1857883.9932762748,10
-1236118.3276963702,1857883.9932762748,10
-1235655.0149798426,1857883.9932762748,10
-1235191.7022633152,1857883.9932762748,10
-1234728.3895467876,1857883.9932762748,10
-1234265.07683026,1857883.9932762748,10
-1233801.7641137326,1857883.9932762748,10
-1233338.4513972052,1857883.9932762748,10
-1232875.1386806776,1857883.9932762748,10
-1232411.82596415,1857883.9932762748,10
-1231948.5132476226,1857883.9932762748,10
-1231485.200531095,1857883.9932762748,10
-1231021.8878145677,1857883.9932762748,10
-1230558.57509804,1857883.9932762748,10
-1230095.2623815127,1857883.9932762748,10
-1229631.949664985,1857883.9932762748,10
-1229168.6369484577,1857883.9932762748,10
-1228705.32423193,1857883.9932762748,10
-1228242.0115154027,1857883.9932762748,10
-1227778.698798875,1857883.9932762748,10
-1227315.3860823475,1857883.9932762748,10
-1226852.07336582,1857883.9932762748,10
-1226388.7606492927,1857883.9932762748,10
-1225925.4479327651,1857883.9932762748,10
-1225462.1352162375,1857883.9932762748,10
-1224998.8224997101,1857883.9932762748,10
-1224535.5097831825,1857883.9932762748,10
-1224072.1970666551,1857883.9932762748,10
-1223608.8843501275,1857883.9932762748,10
-1223145.5716336002,1857883.9932762748,10
-1222682.2589170726,1857883.9932762748,10
-1222218.9462005452,1857883.9932762748,10
-1221755.6334840176,1857883.9932762748,10
-1221292.3207674902,1857883.9932762748,10
-1220829.0080509626,1857883.9932762748,10
-1220365.6953344352,1857883.9932762748,10
-1219902.3826179076,1857883.9932762748,10
-1219439.0699013802,1857883.9932762748,10
-1218975.7571848526,1857883.9932762748,10
-1218512.444468325,1857883.9932762748,10
-1218049.1317517976,1857883.9932762748,10
-1217585.81903527,1857883.9932762748,10
-1217122.5063187426,1857883.9932762748,10
-1216659.193602215,1857883.9932762748,10
-1216195.8808856877,1857883.9932762748,10
-1215732.56816916,1857883.9932762748,10
-1215269.2554526327,1857883.9932762748,10
-1214805.942736105,1857883.9932762748,10
-1214342.6300195777,1857883.9932762748,10
-1213879.31730305,1857883.9932762748,10
-1213416.0045865227,1857883.9932762748,10
-1212952.691869995,1857883.9932762748,10
-1212489.3791534677,1857883.9932762748,10
-1212026.06643694,1857883.9932762748,10
-1211562.7537204125,1857883.9932762748,10
-1211099.4410038851,1857883.9932762748,10
-1210636.1282873575,1857883.9932762748,10
-1210172.8155708301,1857883.9932762748,10
-1209709.5028543025,1857883.9932762748,10
-1209246.1901377751,1857883.9932762748,10
-1208782.8774212475,1857883.9932762748,10
-1208319.5647047202,1857883.9932762748,10
-1207856.2519881926,1857883.9932762748,10
-1207392.9392716652,1857883.9932762748,10
-1206929.6265551376,1857883.9932762748,10
-1206466.3138386102,1857883.9932762748,10
-1206003.0011220826,1857883.9932762748,10
-1205539.6884055552,1857883.9932762748,10
-1205076.3756890276,1857883.9932762748,10
-1204613.0629725,1857883.9932762748,10
-1204149.7502559726,1857883.9932762748,10
-1203686.4375394452,1857883.9932762748,10
-1203223.1248229176,1857883.9932762748,10
-1202759.81210639,1857883.9932762748,10
-1202296.4993898626,1857883.9932762748,10
-1201833.186673335,1857883.9932762748,10
-1201369.8739568077,1857883.9932762748,10
-1200906.56124028,1857883.9932762748,10
-1200443.2485237527,1857883.9932762748,10
-1199979.935807225,1857883.9932762748,10
-1199516.6230906977,1857883.9932762748,10
-1199053.31037417,1857883.9932762748,10
-1198589.9976576427,1857883.9932762748,10
-1198126.684941115,1857883.9932762748,10
-1197663.3722245875,1857883.9932762748,10
-1197200.05950806,1857883.9932762748,10
-1196736.7467915327,1857883.9932762748,10
-1196273.4340750051,1857883.9932762748,10
-1195810.1213584775,1857883.9932762748,10
-1195346.8086419501,1857883.9932762748,10
-1194883.4959254225,1857883.9932762748,10
-1194420.1832088951,1857883.9932762748,10
-1193956.8704923675,1857883.9932762748,10
-1193493.5577758402,1857883.9932762748,10
-1193030.2450593126,1857883.9932762748,10
-1192566.9323427852,1857883.9932762748,10
-1192103.6196262576,1857883.9932762748,10
-1191640.3069097302,1857883.9932762748,10
-1191176.9941932026,1857883.9932762748,10
-1190713.6814766752,1857883.9932762748,10
-1190250.3687601476,1857883.9932762748,10
-1189787.0560436202,1857883.9932762748,10
-1189323.7433270926,1857883.9932762748,10
-1188860.430610565,1857883.9932762748,10
-1188397.1178940376,1857883.9932762748,10
-1187933.80517751,1857883.9932762748,10
-1187470.4924609826,1857883.9932762748,10
-1187007.179744455,1857883.9932762748,10
-1186543.8670279277,1857883.9932762748,10
-1186080.5543114,1857883.9932762748,10
-1185617.2415948727,1857883.9932762748,10
-1185153.928878345,1857883.9932762748,10
-1184690.6161618177,1857883.9932762748,10
-1184227.30344529,1857883.9932762748,10
-1183763.9907287627,1857883.9932762748,10
-1183300.678012235,1857883.9932762748,10
-1182837.3652957077,1857883.9932762748,10
-1182374.05257918,1857883.9932762748,10
-1181910.7398626525,1857883.9932762748,10
-1181447.4271461251,1857883.9932762748,10
-1180984.1144295975,1857883.9932762748,10
-1180520.8017130701,1857883.9932762748,10
-1180057.4889965425,1857883.9932762748,10
-1179594.1762800151,1857883.9932762748,10
-1179130.8635634875,1857883.9932762748,10
-1178667.5508469602,1857883.9932762748,10
-1178204.2381304326,1857883.9932762748,10
-1177740.9254139052,1857883.9932762748,10
-1177277.6126973776,1857883.9932762748,10
-1176814.2999808502,1857883.9932762748,10
-1176350.9872643226,1857883.9932762748,10
-1175887.6745477952,1857883.9932762748,10
-1175424.3618312676,1857883.9932762748,10
-1174961.04911474,1857883.9932762748,10
-1174497.7363982126,1857883.9932762748,10
-1174034.4236816852,1857883.9932762748,10
-1173571.1109651576,1857883.9932762748,10
-1173107.79824863,1857883.9932762748,10
-1172644.4855321026,1857883.9932762748,10
-1172181.172815575,1857883.9932762748,10
-1171717.8600990477,1857883.9932762748,10
-1171254.54738252,1857883.9932762748,10
-1170791.2346659927,1857883.9932762748,10
-1170327.921949465,1857883.9932762748,10
-1169864.6092329377,1857883.9932762748,10
-1169401.29651641,1857883.9932762748,10
-1168937.9837998827,1857883.9932762748,10
-1168474.671083355,1857883.9932762748,10
-1168011.3583668275,1857883.9932762748,10
-1167548.0456503,1857883.9932762748,10
-1167084.7329337727,1857883.9932762748,10
-1166621.4202172451,1857883.9932762748,10
-1166158.1075007175,1857883.9932762748,10
-1165694.7947841901,1857883.9932762748,10
-1165231.4820676625,1857883.9932762748,10
-1164768.1693511351,1857883.9932762748,10
-1164304.8566346075,1857883.9932762748,10
-1163841.5439180802,1857883.9932762748,10
-1163378.2312015526,1857883.9932762748,10
-1162914.9184850252,1857883.9932762748,10
-1162451.6057684976,1857883.9932762748,10
-1161988.2930519702,1857883.9932762748,10
-1161524.9803354426,1857883.9932762748,10
-1161061.6676189152,1857883.9932762748,10
-1160598.3549023876,1857883.9932762748,10
-1160135.0421858602,1857883.9932762748,10
-1159671.7294693326,1857883.9932762748,10
-1159208.416752805,1857883.9932762748,10
-1158745.1040362776,1857883.9932762748,10
-1158281.79131975,1857883.9932762748,10
-1157818.4786032226,1857883.9932762748,10
-1157355.165886695,1857883.9932762748,10
-1367235.8264736526,1857420.6805597472,10
-1366772.513757125,1857420.6805597472,10
-1366309.2010405976,1857420.6805597472,16
-1365845.88832407,1857420.6805597472,10
-1365382.5756075426,1857420.6805597472,10
-1364919.262891015,1857420.6805597472,10
-1364455.9501744877,1857420.6805597472,10
-1363992.63745796,1857420.6805597472,10
-1363529.3247414327,1857420.6805597472,10
-1363066.012024905,1857420.6805597472,10
-1362602.6993083777,1857420.6805597472,10
-1362139.38659185,1857420.6805597472,10
-1361676.0738753227,1857420.6805597472,10
-1361212.761158795,1857420.6805597472,10
-1360749.4484422677,1857420.6805597472,10
-1360286.13572574,1857420.6805597472,10
-1359822.8230092125,1857420.6805597472,16
-1359359.5102926851,1857420.6805597472,16
-1358896.1975761575,1857420.6805597472,16
-1358432.8848596301,1857420.6805597472,16
-1357969.5721431025,1857420.6805597472,16
-1357506.2594265752,1857420.6805597472,16
-1357042.9467100475,1857420.6805597472,16
-1356579.6339935202,1857420.6805597472,16
-1356116.3212769926,1857420.6805597472,10
-1355653.0085604652,1857420.6805597472,10
-1355189.6958439376,1857420.6805597472,10
-1354726.3831274102,1857420.6805597472,10
-1354263.0704108826,1857420.6805597472,10
-1353799.7576943552,1857420.6805597472,10
-1353336.4449778276,1857420.6805597472,16
-1352873.1322613002,1857420.6805597472,16
-1352409.8195447726,1857420.6805597472,16
-1351946.506828245,1857420.6805597472,16
-1351483.1941117176,1857420.6805597472,10
-1351019.88139519,1857420.6805597472,10
-1350556.5686786626,1857420.6805597472,10
-1350093.255962135,1857420.6805597472,10
-1349629.9432456077,1857420.6805597472,10
-1349166.63052908,1857420.6805597472,10
-1348703.3178125527,1857420.6805597472,10
-1348240.005096025,1857420.6805597472,16
-1347776.6923794977,1857420.6805597472,10
-1347313.37966297,1857420.6805597472,10
-1346850.0669464427,1857420.6805597472,16
-1346386.754229915,1857420.6805597472,16
-1345923.4415133877,1857420.6805597472,16
-1345460.12879686,1857420.6805597472,16
-1344996.8160803327,1857420.6805597472,16
-1344533.5033638051,1857420.6805597472,16
-1344070.1906472775,1857420.6805597472,16
-1343606.8779307501,1857420.6805597472,16
-1343143.5652142225,1857420.6805597472,16
-1342680.2524976952,1857420.6805597472,16
-1342216.9397811675,1857420.6805597472,10
-1341753.6270646402,1857420.6805597472,10
-1341290.3143481126,1857420.6805597472,10
-1340827.0016315852,1857420.6805597472,10
-1340363.6889150576,1857420.6805597472,16
-1339900.3761985302,1857420.6805597472,16
-1339437.0634820026,1857420.6805597472,16
-1338973.7507654752,1857420.6805597472,16
-1338510.4380489476,1857420.6805597472,16
-1338047.1253324202,1857420.6805597472,16
-1337583.8126158926,1857420.6805597472,16
-1337120.499899365,1857420.6805597472,16
-1336657.1871828376,1857420.6805597472,16
-1336193.87446631,1857420.6805597472,16
-1335730.5617497826,1857420.6805597472,16
-1335267.249033255,1857420.6805597472,16
-1334803.9363167277,1857420.6805597472,16
-1334340.6236002,1857420.6805597472,16
-1333877.3108836727,1857420.6805597472,16
-1333413.998167145,1857420.6805597472,16
-1332950.6854506177,1857420.6805597472,16
-1332487.37273409,1857420.6805597472,16
-1332024.0600175627,1857420.6805597472,16
-1331560.747301035,1857420.6805597472,16
-1331097.4345845077,1857420.6805597472,16
-1330634.12186798,1857420.6805597472,16
-1330170.8091514525,1857420.6805597472,16
-1329707.4964349251,1857420.6805597472,16
-1329244.1837183975,1857420.6805597472,16
-1328780.8710018701,1857420.6805597472,16
-1328317.5582853425,1857420.6805597472,16
-1327854.2455688152,1857420.6805597472,16
-1327390.9328522875,1857420.6805597472,16
-1326927.6201357602,1857420.6805597472,16
-1326464.3074192326,1857420.6805597472,16
-1326000.9947027052,1857420.6805597472,16
-1325537.6819861776,1857420.6805597472,16
-1325074.3692696502,1857420.6805597472,16
-1324611.0565531226,1857420.6805597472,16
-1324147.7438365952,1857420.6805597472,16
-1323684.4311200676,1857420.6805597472,16
-1323221.11840354,1857420.6805597472,16
-1322757.8056870126,1857420.6805597472,16
-1322294.492970485,1857420.6805597472,16
-1321831.1802539576,1857420.6805597472,16
-1321367.86753743,1857420.6805597472,16
-1320904.5548209026,1857420.6805597472,16
-1320441.242104375,1857420.6805597472,16
-1319977.9293878477,1857420.6805597472,16
-1319514.61667132,1857420.6805597472,16
-1319051.3039547927,1857420.6805597472,16
-1318587.991238265,1857420.6805597472,16
-1318124.6785217377,1857420.6805597472,16
-1317661.36580521,1857420.6805597472,16
-1317198.0530886827,1857420.6805597472,16
-1316734.740372155,1857420.6805597472,16
-1316271.4276556277,1857420.6805597472,16
-1315808.1149391,1857420.6805597472,16
-1315344.8022225727,1857420.6805597472,16
-1314881.4895060451,1857420.6805597472,16
-1314418.1767895175,1857420.6805597472,16
-1313954.8640729901,1857420.6805597472,16
-1313491.5513564625,1857420.6805597472,10
-1313028.2386399352,1857420.6805597472,10
-1312564.9259234075,1857420.6805597472,16
-1312101.6132068802,1857420.6805597472,16
-1311638.3004903526,1857420.6805597472,16
-1311174.9877738252,1857420.6805597472,16
-1310711.6750572976,1857420.6805597472,16
-1310248.3623407702,1857420.6805597472,16
-1309785.0496242426,1857420.6805597472,16
-1309321.7369077152,1857420.6805597472,16
-1308858.4241911876,1857420.6805597472,10
-1308395.1114746602,1857420.6805597472,16
-1307931.7987581326,1857420.6805597472,10
-1307468.486041605,1857420.6805597472,16
-1307005.1733250776,1857420.6805597472,10
-1306541.86060855,1857420.6805597472,10
-1306078.5478920226,1857420.6805597472,16
-1305615.235175495,1857420.6805597472,16
-1305151.9224589677,1857420.6805597472,16
-1304688.60974244,1857420.6805597472,10
-1304225.2970259127,1857420.6805597472,10
-1303761.984309385,1857420.6805597472,10
-1303298.6715928577,1857420.6805597472,16
-1302835.35887633,1857420.6805597472,16
-1302372.0461598027,1857420.6805597472,16
-1301908.733443275,1857420.6805597472,16
-1301445.4207267477,1857420.6805597472,10
-1300982.10801022,1857420.6805597472,10
-1300518.7952936925,1857420.6805597472,16
-1300055.4825771651,1857420.6805597472,16
-1299592.1698606375,1857420.6805597472,16
-1299128.8571441101,1857420.6805597472,16
-1298665.5444275825,1857420.6805597472,16
-1298202.2317110552,1857420.6805597472,16
-1297738.9189945275,1857420.6805597472,16
-1297275.6062780002,1857420.6805597472,16
-1296812.2935614726,1857420.6805597472,16
-1296348.9808449452,1857420.6805597472,16
-1295885.6681284176,1857420.6805597472,16
-1295422.3554118902,1857420.6805597472,10
-1294959.0426953626,1857420.6805597472,10
-1294495.7299788352,1857420.6805597472,10
-1294032.4172623076,1857420.6805597472,10
-1293569.10454578,1857420.6805597472,10
-1293105.7918292526,1857420.6805597472,10
-1292642.479112725,1857420.6805597472,10
-1292179.1663961976,1857420.6805597472,10
-1291715.85367967,1857420.6805597472,10
-1291252.5409631426,1857420.6805597472,10
-1290789.228246615,1857420.6805597472,10
-1290325.9155300877,1857420.6805597472,10
-1289862.60281356,1857420.6805597472,10
-1289399.2900970327,1857420.6805597472,10
-1288935.977380505,1857420.6805597472,10
-1288472.6646639777,1857420.6805597472,10
-1288009.35194745,1857420.6805597472,10
-1287546.0392309227,1857420.6805597472,10
-1287082.726514395,1857420.6805597472,10
-1286619.4137978677,1857420.6805597472,10
-1286156.10108134,1857420.6805597472,10
-1285692.7883648127,1857420.6805597472,10
-1285229.4756482851,1857420.6805597472,10
-1284766.1629317575,1857420.6805597472,10
-1284302.8502152301,1857420.6805597472,10
-1283839.5374987025,1857420.6805597472,16
-1283376.2247821752,1857420.6805597472,16
-1282912.9120656475,1857420.6805597472,10
-1282449.5993491202,1857420.6805597472,16
-1281986.2866325926,1857420.6805597472,16
-1281522.9739160652,1857420.6805597472,10
-1281059.6611995376,1857420.6805597472,10
-1280596.3484830102,1857420.6805597472,10
-1280133.0357664826,1857420.6805597472,10
-1279669.7230499552,1857420.6805597472,10
-1279206.4103334276,1857420.6805597472,10
-1278743.0976169002,1857420.6805597472,16
-1278279.7849003726,1857420.6805597472,10
-1277816.472183845,1857420.6805597472,10
-1277353.1594673176,1857420.6805597472,10
-1276889.84675079,1857420.6805597472,16
-1276426.5340342626,1857420.6805597472,16
-1275963.221317735,1857420.6805597472,16
-1275499.9086012077,1857420.6805597472,10
-1275036.59588468,1857420.6805597472,10
-1274573.2831681527,1857420.6805597472,10
-1274109.970451625,1857420.6805597472,10
-1273646.6577350977,1857420.6805597472,10
-1273183.34501857,1857420.6805597472,10
-1272720.0323020427,1857420.6805597472,10
-1272256.719585515,1857420.6805597472,10
-1271793.4068689877,1857420.6805597472,10
-1271330.09415246,1857420.6805597472,10
-1270866.7814359325,1857420.6805597472,10
-1270403.4687194051,1857420.6805597472,10
-1269940.1560028775,1857420.6805597472,10
-1269476.8432863501,1857420.6805597472,10
-1269013.5305698225,1857420.6805597472,10
-1268550.2178532952,1857420.6805597472,10
-1268086.9051367675,1857420.6805597472,16
-1267623.5924202402,1857420.6805597472,16
-1267160.2797037126,1857420.6805597472,16
-1266696.9669871852,1857420.6805597472,16
-1266233.6542706576,1857420.6805597472,16
-1265770.3415541302,1857420.6805597472,16
-1265307.0288376026,1857420.6805597472,16
-1264843.7161210752,1857420.6805597472,10
-1264380.4034045476,1857420.6805597472,10
-1263917.09068802,1857420.6805597472,10
-1263453.7779714926,1857420.6805597472,10
-1262990.465254965,1857420.6805597472,10
-1262527.1525384376,1857420.6805597472,10
-1262063.83982191,1857420.6805597472,10
-1261600.5271053826,1857420.6805597472,10
-1261137.214388855,1857420.6805597472,10
-1260673.9016723277,1857420.6805597472,10
-1260210.5889558,1857420.6805597472,10
-1259747.2762392727,1857420.6805597472,10
-1259283.963522745,1857420.6805597472,10
-1258820.6508062177,1857420.6805597472,10
-1258357.33808969,1857420.6805597472,10
-1257894.0253731627,1857420.6805597472,10
-1257430.712656635,1857420.6805597472,10
-1256967.3999401077,1857420.6805597472,10
-1256504.08722358,1857420.6805597472,10
-1256040.7745070527,1857420.6805597472,10
-1255577.4617905251,1857420.6805597472,10
-1255114.1490739975,1857420.6805597472,10
-1254650.8363574701,1857420.6805597472,10
-1254187.5236409425,1857420.6805597472,10
-1253724.2109244152,1857420.6805597472,10
-1253260.8982078875,1857420.6805597472,10
-1252797.5854913602,1857420.6805597472,10
-1252334.2727748326,1857420.6805597472,10
-1251870.9600583052,1857420.6805597472,10
-1251407.6473417776,1857420.6805597472,10
-1250944.3346252502,1857420.6805597472,10
-1250481.0219087226,1857420.6805597472,10
-1250017.7091921952,1857420.6805597472,10
-1249554.3964756676,1857420.6805597472,10
-1249091.0837591402,1857420.6805597472,10
-1248627.7710426126,1857420.6805597472,10
-1248164.458326085,1857420.6805597472,10
-1247701.1456095576,1857420.6805597472,10
-1247237.83289303,1857420.6805597472,10
-1246774.5201765026,1857420.6805597472,10
-1246311.207459975,1857420.6805597472,10
-1245847.8947434477,1857420.6805597472,10
-1245384.58202692,1857420.6805597472,10
-1244921.2693103927,1857420.6805597472,10
-1244457.956593865,1857420.6805597472,10
-1243994.6438773377,1857420.6805597472,10
-1243531.33116081,1857420.6805597472,10
-1243068.0184442827,1857420.6805597472,10
-1242604.705727755,1857420.6805597472,10
-1242141.3930112277,1857420.6805597472,10
-1241678.0802947,1857420.6805597472,10
-1241214.7675781725,1857420.6805597472,10
-1240751.4548616451,1857420.6805597472,10
-1240288.1421451175,1857420.6805597472,10
-1239824.8294285901,1857420.6805597472,10
-1239361.5167120625,1857420.6805597472,10
-1238898.2039955352,1857420.6805597472,10
-1238434.8912790075,1857420.6805597472,10
-1237971.5785624802,1857420.6805597472,10
-1237508.2658459526,1857420.6805597472,10
-1237044.9531294252,1857420.6805597472,10
-1236581.6404128976,1857420.6805597472,10
-1236118.3276963702,1857420.6805597472,10
-1235655.0149798426,1857420.6805597472,10
-1235191.7022633152,1857420.6805597472,10
-1234728.3895467876,1857420.6805597472,10
-1234265.07683026,1857420.6805597472,10
-1233801.7641137326,1857420.6805597472,10
-1233338.4513972052,1857420.6805597472,10
-1232875.1386806776,1857420.6805597472,10
-1232411.82596415,1857420.6805597472,10
-1231948.5132476226,1857420.6805597472,10
-1231485.200531095,1857420.6805597472,10
-1231021.8878145677,1857420.6805597472,10
-1230558.57509804,1857420.6805597472,10
-1230095.2623815127,1857420.6805597472,10
-1229631.949664985,1857420.6805597472,10
-1229168.6369484577,1857420.6805597472,10
-1228705.32423193,1857420.6805597472,10
-1228242.0115154027,1857420.6805597472,10
-1227778.698798875,1857420.6805597472,10
-1227315.3860823475,1857420.6805597472,10
-1226852.07336582,1857420.6805597472,10
-1226388.7606492927,1857420.6805597472,10
-1225925.4479327651,1857420.6805597472,10
-1225462.1352162375,1857420.6805597472,10
-1224998.8224997101,1857420.6805597472,10
-1224535.5097831825,1857420.6805597472,10
-1224072.1970666551,1857420.6805597472,10
-1223608.8843501275,1857420.6805597472,10
-1223145.5716336002,1857420.6805597472,10
-1222682.2589170726,1857420.6805597472,10
-1222218.9462005452,1857420.6805597472,10
-1221755.6334840176,1857420.6805597472,10
-1221292.3207674902,1857420.6805597472,10
-1220829.0080509626,1857420.6805597472,16
-1220365.6953344352,1857420.6805597472,16
-1219902.3826179076,1857420.6805597472,16
-1219439.0699013802,1857420.6805597472,10
-1218975.7571848526,1857420.6805597472,10
-1218512.444468325,1857420.6805597472,10
-1218049.1317517976,1857420.6805597472,10
-1217585.81903527,1857420.6805597472,10
-1217122.5063187426,1857420.6805597472,10
-1216659.193602215,1857420.6805597472,10
-1216195.8808856877,1857420.6805597472,10
-1215732.56816916,1857420.6805597472,10
-1215269.2554526327,1857420.6805597472,10
-1214805.942736105,1857420.6805597472,10
-1214342.6300195777,1857420.6805597472,10
-1213879.31730305,1857420.6805597472,10
-1213416.0045865227,1857420.6805597472,10
-1212952.691869995,1857420.6805597472,10
-1212489.3791534677,1857420.6805597472,10
-1212026.06643694,1857420.6805597472,10
-1211562.7537204125,1857420.6805597472,10
-1211099.4410038851,1857420.6805597472,10
-1210636.1282873575,1857420.6805597472,10
-1210172.8155708301,1857420.6805597472,10
-1209709.5028543025,1857420.6805597472,10
-1209246.1901377751,1857420.6805597472,10
-1208782.8774212475,1857420.6805597472,10
-1208319.5647047202,1857420.6805597472,10
-1207856.2519881926,1857420.6805597472,10
-1207392.9392716652,1857420.6805597472,10
-1206929.6265551376,1857420.6805597472,10
-1206466.3138386102,1857420.6805597472,10
-1206003.0011220826,1857420.6805597472,10
-1205539.6884055552,1857420.6805597472,10
-1205076.3756890276,1857420.6805597472,10
-1204613.0629725,1857420.6805597472,10
-1204149.7502559726,1857420.6805597472,10
-1203686.4375394452,1857420.6805597472,10
-1203223.1248229176,1857420.6805597472,10
-1202759.81210639,1857420.6805597472,10
-1202296.4993898626,1857420.6805597472,10
-1201833.186673335,1857420.6805597472,10
-1201369.8739568077,1857420.6805597472,10
-1200906.56124028,1857420.6805597472,10
-1200443.2485237527,1857420.6805597472,10
-1199979.935807225,1857420.6805597472,10
-1199516.6230906977,1857420.6805597472,10
-1199053.31037417,1857420.6805597472,10
-1198589.9976576427,1857420.6805597472,10
-1198126.684941115,1857420.6805597472,10
-1197663.3722245875,1857420.6805597472,10
-1197200.05950806,1857420.6805597472,10
-1196736.7467915327,1857420.6805597472,10
-1196273.4340750051,1857420.6805597472,10
-1195810.1213584775,1857420.6805597472,10
-1195346.8086419501,1857420.6805597472,10
-1194883.4959254225,1857420.6805597472,10
-1194420.1832088951,1857420.6805597472,10
-1193956.8704923675,1857420.6805597472,10
-1193493.5577758402,1857420.6805597472,10
-1193030.2450593126,1857420.6805597472,10
-1192566.9323427852,1857420.6805597472,10
-1192103.6196262576,1857420.6805597472,10
-1191640.3069097302,1857420.6805597472,10
-1191176.9941932026,1857420.6805597472,10
-1190713.6814766752,1857420.6805597472,10
-1190250.3687601476,1857420.6805597472,10
-1189787.0560436202,1857420.6805597472,10
-1189323.7433270926,1857420.6805597472,10
-1188860.430610565,1857420.6805597472,10
-1188397.1178940376,1857420.6805597472,10
-1187933.80517751,1857420.6805597472,10
-1187470.4924609826,1857420.6805597472,10
-1187007.179744455,1857420.6805597472,10
-1186543.8670279277,1857420.6805597472,10
-1186080.5543114,1857420.6805597472,10
-1185617.2415948727,1857420.6805597472,10
-1185153.928878345,1857420.6805597472,10
-1184690.6161618177,1857420.6805597472,10
-1184227.30344529,1857420.6805597472,10
-1183763.9907287627,1857420.6805597472,10
-1183300.678012235,1857420.6805597472,10
-1182837.3652957077,1857420.6805597472,10
-1182374.05257918,1857420.6805597472,10
-1181910.7398626525,1857420.6805597472,10
-1181447.4271461251,1857420.6805597472,10
-1180984.1144295975,1857420.6805597472,10
-1180520.8017130701,1857420.6805597472,10
-1180057.4889965425,1857420.6805597472,10
-1179594.1762800151,1857420.6805597472,10
-1179130.8635634875,1857420.6805597472,10
-1178667.5508469602,1857420.6805597472,10
-1178204.2381304326,1857420.6805597472,10
-1177740.9254139052,1857420.6805597472,10
-1177277.6126973776,1857420.6805597472,10
-1176814.2999808502,1857420.6805597472,10
-1176350.9872643226,1857420.6805597472,10
-1175887.6745477952,1857420.6805597472,10
-1175424.3618312676,1857420.6805597472,10
-1174961.04911474,1857420.6805597472,10
-1174497.7363982126,1857420.6805597472,10
-1174034.4236816852,1857420.6805597472,10
-1173571.1109651576,1857420.6805597472,10
-1173107.79824863,1857420.6805597472,10
-1172644.4855321026,1857420.6805597472,10
-1172181.172815575,1857420.6805597472,10
-1171717.8600990477,1857420.6805597472,10
-1171254.54738252,1857420.6805597472,10
-1170791.2346659927,1857420.6805597472,10
-1170327.921949465,1857420.6805597472,10
-1169864.6092329377,1857420.6805597472,10
-1169401.29651641,1857420.6805597472,10
-1168937.9837998827,1857420.6805597472,10
-1168474.671083355,1857420.6805597472,10
-1168011.3583668275,1857420.6805597472,10
-1167548.0456503,1857420.6805597472,10
-1167084.7329337727,1857420.6805597472,10
-1166621.4202172451,1857420.6805597472,10
-1166158.1075007175,1857420.6805597472,10
-1165694.7947841901,1857420.6805597472,10
-1165231.4820676625,1857420.6805597472,10
-1164768.1693511351,1857420.6805597472,10
-1164304.8566346075,1857420.6805597472,10
-1163841.5439180802,1857420.6805597472,10
-1163378.2312015526,1857420.6805597472,10
-1162914.9184850252,1857420.6805597472,10
-1162451.6057684976,1857420.6805597472,10
-1161988.2930519702,1857420.6805597472,10
-1161524.9803354426,1857420.6805597472,10
-1161061.6676189152,1857420.6805597472,10
-1160598.3549023876,1857420.6805597472,10
-1160135.0421858602,1857420.6805597472,10
-1159671.7294693326,1857420.6805597472,10
-1159208.416752805,1857420.6805597472,10
-1158745.1040362776,1857420.6805597472,10
-1158281.79131975,1857420.6805597472,10
-1157818.4786032226,1857420.6805597472,10
-1157355.165886695,1857420.6805597472,10
-1367235.8264736526,1856957.3678432198,10
-1366772.513757125,1856957.3678432198,10
-1366309.2010405976,1856957.3678432198,16
-1365845.88832407,1856957.3678432198,16
-1365382.5756075426,1856957.3678432198,10
-1364919.262891015,1856957.3678432198,10
-1364455.9501744877,1856957.3678432198,10
-1363992.63745796,1856957.3678432198,10
-1363529.3247414327,1856957.3678432198,10
-1363066.012024905,1856957.3678432198,10
-1362602.6993083777,1856957.3678432198,10
-1362139.38659185,1856957.3678432198,10
-1361676.0738753227,1856957.3678432198,10
-1361212.761158795,1856957.3678432198,10
-1360749.4484422677,1856957.3678432198,10
-1360286.13572574,1856957.3678432198,16
-1359822.8230092125,1856957.3678432198,10
-1359359.5102926851,1856957.3678432198,16
-1358896.1975761575,1856957.3678432198,16
-1358432.8848596301,1856957.3678432198,16
-1357969.5721431025,1856957.3678432198,16
-1357506.2594265752,1856957.3678432198,16
-1357042.9467100475,1856957.3678432198,16
-1356579.6339935202,1856957.3678432198,16
-1356116.3212769926,1856957.3678432198,10
-1355653.0085604652,1856957.3678432198,10
-1355189.6958439376,1856957.3678432198,10
-1354726.3831274102,1856957.3678432198,10
-1354263.0704108826,1856957.3678432198,10
-1353799.7576943552,1856957.3678432198,10
-1353336.4449778276,1856957.3678432198,16
-1352873.1322613002,1856957.3678432198,16
-1352409.8195447726,1856957.3678432198,16
-1351946.506828245,1856957.3678432198,16
-1351483.1941117176,1856957.3678432198,10
-1351019.88139519,1856957.3678432198,10
-1350556.5686786626,1856957.3678432198,10
-1350093.255962135,1856957.3678432198,10
-1349629.9432456077,1856957.3678432198,10
-1349166.63052908,1856957.3678432198,10
-1348703.3178125527,1856957.3678432198,16
-1348240.005096025,1856957.3678432198,16
-1347776.6923794977,1856957.3678432198,16
-1347313.37966297,1856957.3678432198,16
-1346850.0669464427,1856957.3678432198,16
-1346386.754229915,1856957.3678432198,16
-1345923.4415133877,1856957.3678432198,16
-1345460.12879686,1856957.3678432198,16
-1344996.8160803327,1856957.3678432198,16
-1344533.5033638051,1856957.3678432198,16
-1344070.1906472775,1856957.3678432198,16
-1343606.8779307501,1856957.3678432198,16
-1343143.5652142225,1856957.3678432198,16
-1342680.2524976952,1856957.3678432198,16
-1342216.9397811675,1856957.3678432198,10
-1341753.6270646402,1856957.3678432198,10
-1341290.3143481126,1856957.3678432198,10
-1340827.0016315852,1856957.3678432198,16
-1340363.6889150576,1856957.3678432198,16
-1339900.3761985302,1856957.3678432198,16
-1339437.0634820026,1856957.3678432198,16
-1338973.7507654752,1856957.3678432198,16
-1338510.4380489476,1856957.3678432198,16
-1338047.1253324202,1856957.3678432198,16
-1337583.8126158926,1856957.3678432198,16
-1337120.499899365,1856957.3678432198,16
-1336657.1871828376,1856957.3678432198,16
-1336193.87446631,1856957.3678432198,16
-1335730.5617497826,1856957.3678432198,16
-1335267.249033255,1856957.3678432198,16
-1334803.9363167277,1856957.3678432198,16
-1334340.6236002,1856957.3678432198,16
-1333877.3108836727,1856957.3678432198,16
-1333413.998167145,1856957.3678432198,16
-1332950.6854506177,1856957.3678432198,16
-1332487.37273409,1856957.3678432198,16
-1332024.0600175627,1856957.3678432198,16
-1331560.747301035,1856957.3678432198,16
-1331097.4345845077,1856957.3678432198,16
-1330634.12186798,1856957.3678432198,16
-1330170.8091514525,1856957.3678432198,16
-1329707.4964349251,1856957.3678432198,16
-1329244.1837183975,1856957.3678432198,16
-1328780.8710018701,1856957.3678432198,16
-1328317.5582853425,1856957.3678432198,16
-1327854.2455688152,1856957.3678432198,16
-1327390.9328522875,1856957.3678432198,16
-1326927.6201357602,1856957.3678432198,16
-1326464.3074192326,1856957.3678432198,16
-1326000.9947027052,1856957.3678432198,16
-1325537.6819861776,1856957.3678432198,16
-1325074.3692696502,1856957.3678432198,16
-1324611.0565531226,1856957.3678432198,16
-1324147.7438365952,1856957.3678432198,16
-1323684.4311200676,1856957.3678432198,16
-1323221.11840354,1856957.3678432198,16
-1322757.8056870126,1856957.3678432198,16
-1322294.492970485,1856957.3678432198,16
-1321831.1802539576,1856957.3678432198,16
-1321367.86753743,1856957.3678432198,16
-1320904.5548209026,1856957.3678432198,16
-1320441.242104375,1856957.3678432198,16
-1319977.9293878477,1856957.3678432198,16
-1319514.61667132,1856957.3678432198,16
-1319051.3039547927,1856957.3678432198,16
-1318587.991238265,1856957.3678432198,16
-1318124.6785217377,1856957.3678432198,16
-1317661.36580521,1856957.3678432198,16
-1317198.0530886827,1856957.3678432198,16
-1316734.740372155,1856957.3678432198,16
-1316271.4276556277,1856957.3678432198,16
-1315808.1149391,1856957.3678432198,16
-1315344.8022225727,1856957.3678432198,16
-1314881.4895060451,1856957.3678432198,16
-1314418.1767895175,1856957.3678432198,16
-1313954.8640729901,1856957.3678432198,10
-1313491.5513564625,1856957.3678432198,10
-1313028.2386399352,1856957.3678432198,10
-1312564.9259234075,1856957.3678432198,16
-1312101.6132068802,1856957.3678432198,16
-1311638.3004903526,1856957.3678432198,16
-1311174.9877738252,1856957.3678432198,16
-1310711.6750572976,1856957.3678432198,16
-1310248.3623407702,1856957.3678432198,10
-1309785.0496242426,1856957.3678432198,7
-1309321.7369077152,1856957.3678432198,16
-1308858.4241911876,1856957.3678432198,10
-1308395.1114746602,1856957.3678432198,10
-1307931.7987581326,1856957.3678432198,16
-1307468.486041605,1856957.3678432198,16
-1307005.1733250776,1856957.3678432198,10
-1306541.86060855,1856957.3678432198,10
-1306078.5478920226,1856957.3678432198,16
-1305615.235175495,1856957.3678432198,16
-1305151.9224589677,1856957.3678432198,16
-1304688.60974244,1856957.3678432198,16
-1304225.2970259127,1856957.3678432198,16
-1303761.984309385,1856957.3678432198,10
-1303298.6715928577,1856957.3678432198,16
-1302835.35887633,1856957.3678432198,16
-1302372.0461598027,1856957.3678432198,16
-1301908.733443275,1856957.3678432198,16
-1301445.4207267477,1856957.3678432198,10
-1300982.10801022,1856957.3678432198,10
-1300518.7952936925,1856957.3678432198,10
-1300055.4825771651,1856957.3678432198,16
-1299592.1698606375,1856957.3678432198,16
-1299128.8571441101,1856957.3678432198,16
-1298665.5444275825,1856957.3678432198,16
-1298202.2317110552,1856957.3678432198,16
-1297738.9189945275,1856957.3678432198,16
-1297275.6062780002,1856957.3678432198,16
-1296812.2935614726,1856957.3678432198,16
-1296348.9808449452,1856957.3678432198,16
-1295885.6681284176,1856957.3678432198,16
-1295422.3554118902,1856957.3678432198,16
-1294959.0426953626,1856957.3678432198,10
-1294495.7299788352,1856957.3678432198,10
-1294032.4172623076,1856957.3678432198,10
-1293569.10454578,1856957.3678432198,10
-1293105.7918292526,1856957.3678432198,10
-1292642.479112725,1856957.3678432198,10
-1292179.1663961976,1856957.3678432198,10
-1291715.85367967,1856957.3678432198,10
-1291252.5409631426,1856957.3678432198,10
-1290789.228246615,1856957.3678432198,10
-1290325.9155300877,1856957.3678432198,10
-1289862.60281356,1856957.3678432198,10
-1289399.2900970327,1856957.3678432198,10
-1288935.977380505,1856957.3678432198,10
-1288472.6646639777,1856957.3678432198,10
-1288009.35194745,1856957.3678432198,10
-1287546.0392309227,1856957.3678432198,10
-1287082.726514395,1856957.3678432198,10
-1286619.4137978677,1856957.3678432198,10
-1286156.10108134,1856957.3678432198,10
-1285692.7883648127,1856957.3678432198,10
-1285229.4756482851,1856957.3678432198,10
-1284766.1629317575,1856957.3678432198,10
-1284302.8502152301,1856957.3678432198,16
-1283839.5374987025,1856957.3678432198,16
-1283376.2247821752,1856957.3678432198,10
-1282912.9120656475,1856957.3678432198,10
-1282449.5993491202,1856957.3678432198,10
-1281986.2866325926,1856957.3678432198,10
-1281522.9739160652,1856957.3678432198,10
-1281059.6611995376,1856957.3678432198,10
-1280596.3484830102,1856957.3678432198,10
-1280133.0357664826,1856957.3678432198,10
-1279669.7230499552,1856957.3678432198,16
-1279206.4103334276,1856957.3678432198,10
-1278743.0976169002,1856957.3678432198,16
-1278279.7849003726,1856957.3678432198,16
-1277816.472183845,1856957.3678432198,10
-1277353.1594673176,1856957.3678432198,10
-1276889.84675079,1856957.3678432198,10
-1276426.5340342626,1856957.3678432198,16
-1275963.221317735,1856957.3678432198,16
-1275499.9086012077,1856957.3678432198,10
-1275036.59588468,1856957.3678432198,10
-1274573.2831681527,1856957.3678432198,10
-1274109.970451625,1856957.3678432198,10
-1273646.6577350977,1856957.3678432198,10
-1273183.34501857,1856957.3678432198,10
-1272720.0323020427,1856957.3678432198,10
-1272256.719585515,1856957.3678432198,10
-1271793.4068689877,1856957.3678432198,10
-1271330.09415246,1856957.3678432198,10
-1270866.7814359325,1856957.3678432198,10
-1270403.4687194051,1856957.3678432198,10
-1269940.1560028775,1856957.3678432198,10
-1269476.8432863501,1856957.3678432198,10
-1269013.5305698225,1856957.3678432198,10
-1268550.2178532952,1856957.3678432198,10
-1268086.9051367675,1856957.3678432198,16
-1267623.5924202402,1856957.3678432198,16
-1267160.2797037126,1856957.3678432198,16
-1266696.9669871852,1856957.3678432198,10
-1266233.6542706576,1856957.3678432198,10
-1265770.3415541302,1856957.3678432198,10
-1265307.0288376026,1856957.3678432198,16
-1264843.7161210752,1856957.3678432198,10
-1264380.4034045476,1856957.3678432198,10
-1263917.09068802,1856957.3678432198,10
-1263453.7779714926,1856957.3678432198,10
-1262990.465254965,1856957.3678432198,10
-1262527.1525384376,1856957.3678432198,10
-1262063.83982191,1856957.3678432198,10
-1261600.5271053826,1856957.3678432198,10
-1261137.214388855,1856957.3678432198,10
-1260673.9016723277,1856957.3678432198,10
-1260210.5889558,1856957.3678432198,10
-1259747.2762392727,1856957.3678432198,10
-1259283.963522745,1856957.3678432198,10
-1258820.6508062177,1856957.3678432198,10
-1258357.33808969,1856957.3678432198,10
-1257894.0253731627,1856957.3678432198,10
-1257430.712656635,1856957.3678432198,10
-1256967.3999401077,1856957.3678432198,10
-1256504.08722358,1856957.3678432198,10
-1256040.7745070527,1856957.3678432198,10
-1255577.4617905251,1856957.3678432198,10
-1255114.1490739975,1856957.3678432198,10
-1254650.8363574701,1856957.3678432198,10
-1254187.5236409425,1856957.3678432198,10
-1253724.2109244152,1856957.3678432198,10
-1253260.8982078875,1856957.3678432198,10
-1252797.5854913602,1856957.3678432198,10
-1252334.2727748326,1856957.3678432198,10
-1251870.9600583052,1856957.3678432198,10
-1251407.6473417776,1856957.3678432198,10
-1250944.3346252502,1856957.3678432198,10
-1250481.0219087226,1856957.3678432198,10
-1250017.7091921952,1856957.3678432198,10
-1249554.3964756676,1856957.3678432198,10
-1249091.0837591402,1856957.3678432198,10
-1248627.7710426126,1856957.3678432198,10
-1248164.458326085,1856957.3678432198,10
-1247701.1456095576,1856957.3678432198,10
-1247237.83289303,1856957.3678432198,10
-1246774.5201765026,1856957.3678432198,10
-1246311.207459975,1856957.3678432198,10
-1245847.8947434477,1856957.3678432198,10
-1245384.58202692,1856957.3678432198,10
-1244921.2693103927,1856957.3678432198,10
-1244457.956593865,1856957.3678432198,10
-1243994.6438773377,1856957.3678432198,10
-1243531.33116081,1856957.3678432198,10
-1243068.0184442827,1856957.3678432198,10
-1242604.705727755,1856957.3678432198,10
-1242141.3930112277,1856957.3678432198,10
-1241678.0802947,1856957.3678432198,10
-1241214.7675781725,1856957.3678432198,10
-1240751.4548616451,1856957.3678432198,10
-1240288.1421451175,1856957.3678432198,10
-1239824.8294285901,1856957.3678432198,10
-1239361.5167120625,1856957.3678432198,10
-1238898.2039955352,1856957.3678432198,10
-1238434.8912790075,1856957.3678432198,10
-1237971.5785624802,1856957.3678432198,10
-1237508.2658459526,1856957.3678432198,10
-1237044.9531294252,1856957.3678432198,10
-1236581.6404128976,1856957.3678432198,10
-1236118.3276963702,1856957.3678432198,10
-1235655.0149798426,1856957.3678432198,10
-1235191.7022633152,1856957.3678432198,10
-1234728.3895467876,1856957.3678432198,10
-1234265.07683026,1856957.3678432198,10
-1233801.7641137326,1856957.3678432198,10
-1233338.4513972052,1856957.3678432198,10
-1232875.1386806776,1856957.3678432198,10
-1232411.82596415,1856957.3678432198,10
-1231948.5132476226,1856957.3678432198,10
-1231485.200531095,1856957.3678432198,10
-1231021.8878145677,1856957.3678432198,10
-1230558.57509804,1856957.3678432198,10
-1230095.2623815127,1856957.3678432198,10
-1229631.949664985,1856957.3678432198,10
-1229168.6369484577,1856957.3678432198,10
-1228705.32423193,1856957.3678432198,10
-1228242.0115154027,1856957.3678432198,10
-1227778.698798875,1856957.3678432198,10
-1227315.3860823475,1856957.3678432198,10
-1226852.07336582,1856957.3678432198,10
-1226388.7606492927,1856957.3678432198,10
-1225925.4479327651,1856957.3678432198,10
-1225462.1352162375,1856957.3678432198,10
-1224998.8224997101,1856957.3678432198,10
-1224535.5097831825,1856957.3678432198,10
-1224072.1970666551,1856957.3678432198,16
-1223608.8843501275,1856957.3678432198,16
-1223145.5716336002,1856957.3678432198,16
-1222682.2589170726,1856957.3678432198,10
-1222218.9462005452,1856957.3678432198,10
-1221755.6334840176,1856957.3678432198,10
-1221292.3207674902,1856957.3678432198,16
-1220829.0080509626,1856957.3678432198,10
-1220365.6953344352,1856957.3678432198,10
-1219902.3826179076,1856957.3678432198,10
-1219439.0699013802,1856957.3678432198,10
-1218975.7571848526,1856957.3678432198,10
-1218512.444468325,1856957.3678432198,10
-1218049.1317517976,1856957.3678432198,10
-1217585.81903527,1856957.3678432198,10
-1217122.5063187426,1856957.3678432198,10
-1216659.193602215,1856957.3678432198,10
-1216195.8808856877,1856957.3678432198,10
-1215732.56816916,1856957.3678432198,10
-1215269.2554526327,1856957.3678432198,10
-1214805.942736105,1856957.3678432198,10
-1214342.6300195777,1856957.3678432198,10
-1213879.31730305,1856957.3678432198,10
-1213416.0045865227,1856957.3678432198,10
-1212952.691869995,1856957.3678432198,10
-1212489.3791534677,1856957.3678432198,10
-1212026.06643694,1856957.3678432198,10
-1211562.7537204125,1856957.3678432198,10
-1211099.4410038851,1856957.3678432198,10
-1210636.1282873575,1856957.3678432198,10
-1210172.8155708301,1856957.3678432198,10
-1209709.5028543025,1856957.3678432198,10
-1209246.1901377751,1856957.3678432198,10
-1208782.8774212475,1856957.3678432198,10
-1208319.5647047202,1856957.3678432198,10
-1207856.2519881926,1856957.3678432198,10
-1207392.9392716652,1856957.3678432198,10
-1206929.6265551376,1856957.3678432198,10
-1206466.3138386102,1856957.3678432198,10
-1206003.0011220826,1856957.3678432198,10
-1205539.6884055552,1856957.3678432198,10
-1205076.3756890276,1856957.3678432198,10
-1204613.0629725,1856957.3678432198,10
-1204149.7502559726,1856957.3678432198,10
-1203686.4375394452,1856957.3678432198,10
-1203223.1248229176,1856957.3678432198,10
-1202759.81210639,1856957.3678432198,10
-1202296.4993898626,1856957.3678432198,10
-1201833.186673335,1856957.3678432198,10
-1201369.8739568077,1856957.3678432198,10
-1200906.56124028,1856957.3678432198,10
-1200443.2485237527,1856957.3678432198,10
-1199979.935807225,1856957.3678432198,10
-1199516.6230906977,1856957.3678432198,10
-1199053.31037417,1856957.3678432198,10
-1198589.9976576427,1856957.3678432198,10
-1198126.684941115,1856957.3678432198,10
-1197663.3722245875,1856957.3678432198,10
-1197200.05950806,1856957.3678432198,10
-1196736.7467915327,1856957.3678432198,10
-1196273.4340750051,1856957.3678432198,10
-1195810.1213584775,1856957.3678432198,10
-1195346.8086419501,1856957.3678432198,10
-1194883.4959254225,1856957.3678432198,10
-1194420.1832088951,1856957.3678432198,10
-1193956.8704923675,1856957.3678432198,10
-1193493.5577758402,1856957.3678432198,10
-1193030.2450593126,1856957.3678432198,10
-1192566.9323427852,1856957.3678432198,10
-1192103.6196262576,1856957.3678432198,10
-1191640.3069097302,1856957.3678432198,10
-1191176.9941932026,1856957.3678432198,10
-1190713.6814766752,1856957.3678432198,10
-1190250.3687601476,1856957.3678432198,10
-1189787.0560436202,1856957.3678432198,10
-1189323.7433270926,1856957.3678432198,10
-1188860.430610565,1856957.3678432198,10
-1188397.1178940376,1856957.3678432198,10
-1187933.80517751,1856957.3678432198,10
-1187470.4924609826,1856957.3678432198,10
-1187007.179744455,1856957.3678432198,10
-1186543.8670279277,1856957.3678432198,10
-1186080.5543114,1856957.3678432198,10
-1185617.2415948727,1856957.3678432198,10
-1185153.928878345,1856957.3678432198,10
-1184690.6161618177,1856957.3678432198,10
-1184227.30344529,1856957.3678432198,10
-1183763.9907287627,1856957.3678432198,10
-1183300.678012235,1856957.3678432198,10
-1182837.3652957077,1856957.3678432198,10
-1182374.05257918,1856957.3678432198,10
-1181910.7398626525,1856957.3678432198,10
-1181447.4271461251,1856957.3678432198,10
-1180984.1144295975,1856957.3678432198,10
-1180520.8017130701,1856957.3678432198,10
-1180057.4889965425,1856957.3678432198,10
-1179594.1762800151,1856957.3678432198,10
-1179130.8635634875,1856957.3678432198,10
-1178667.5508469602,1856957.3678432198,10
-1178204.2381304326,1856957.3678432198,10
-1177740.9254139052,1856957.3678432198,10
-1177277.6126973776,1856957.3678432198,10
-1176814.2999808502,1856957.3678432198,10
-1176350.9872643226,1856957.3678432198,10
-1175887.6745477952,1856957.3678432198,10
-1175424.3618312676,1856957.3678432198,10
-1174961.04911474,1856957.3678432198,10
-1174497.7363982126,1856957.3678432198,10
-1174034.4236816852,1856957.3678432198,10
-1173571.1109651576,1856957.3678432198,10
-1173107.79824863,1856957.3678432198,10
-1172644.4855321026,1856957.3678432198,10
-1172181.172815575,1856957.3678432198,10
-1171717.8600990477,1856957.3678432198,10
-1171254.54738252,1856957.3678432198,10
-1170791.2346659927,1856957.3678432198,10
-1170327.921949465,1856957.3678432198,10
-1169864.6092329377,1856957.3678432198,10
-1169401.29651641,1856957.3678432198,10
-1168937.9837998827,1856957.3678432198,10
-1168474.671083355,1856957.3678432198,10
-1168011.3583668275,1856957.3678432198,10
-1167548.0456503,1856957.3678432198,10
-1167084.7329337727,1856957.3678432198,10
-1166621.4202172451,1856957.3678432198,10
-1166158.1075007175,1856957.3678432198,10
-1165694.7947841901,1856957.3678432198,10
-1165231.4820676625,1856957.3678432198,10
-1164768.1693511351,1856957.3678432198,10
-1164304.8566346075,1856957.3678432198,10
-1163841.5439180802,1856957.3678432198,10
-1163378.2312015526,1856957.3678432198,10
-1162914.9184850252,1856957.3678432198,10
-1162451.6057684976,1856957.3678432198,10
-1161988.2930519702,1856957.3678432198,10
-1161524.9803354426,1856957.3678432198,10
-1161061.6676189152,1856957.3678432198,10
-1160598.3549023876,1856957.3678432198,10
-1160135.0421858602,1856957.3678432198,10
-1159671.7294693326,1856957.3678432198,10
-1159208.416752805,1856957.3678432198,10
-1158745.1040362776,1856957.3678432198,10
-1158281.79131975,1856957.3678432198,10
-1157818.4786032226,1856957.3678432198,10
-1367235.8264736526,1856494.0551266922,10
-1366772.513757125,1856494.0551266922,10
-1366309.2010405976,1856494.0551266922,10
-1365845.88832407,1856494.0551266922,10
-1365382.5756075426,1856494.0551266922,10
-1364919.262891015,1856494.0551266922,10
-1364455.9501744877,1856494.0551266922,10
-1363992.63745796,1856494.0551266922,10
-1363529.3247414327,1856494.0551266922,10
-1363066.012024905,1856494.0551266922,10
-1362602.6993083777,1856494.0551266922,10
-1362139.38659185,1856494.0551266922,10
-1361676.0738753227,1856494.0551266922,10
-1361212.761158795,1856494.0551266922,10
-1360749.4484422677,1856494.0551266922,10
-1360286.13572574,1856494.0551266922,10
-1359822.8230092125,1856494.0551266922,10
-1359359.5102926851,1856494.0551266922,16
-1358896.1975761575,1856494.0551266922,16
-1358432.8848596301,1856494.0551266922,16
-1357969.5721431025,1856494.0551266922,16
-1357506.2594265752,1856494.0551266922,16
-1357042.9467100475,1856494.0551266922,16
-1356579.6339935202,1856494.0551266922,16
-1356116.3212769926,1856494.0551266922,16
-1355653.0085604652,1856494.0551266922,16
-1355189.6958439376,1856494.0551266922,10
-1354726.3831274102,1856494.0551266922,10
-1354263.0704108826,1856494.0551266922,10
-1353799.7576943552,1856494.0551266922,10
-1353336.4449778276,1856494.0551266922,16
-1352873.1322613002,1856494.0551266922,16
-1352409.8195447726,1856494.0551266922,16
-1351946.506828245,1856494.0551266922,16
-1351483.1941117176,1856494.0551266922,10
-1351019.88139519,1856494.0551266922,10
-1350556.5686786626,1856494.0551266922,10
-1350093.255962135,1856494.0551266922,10
-1349629.9432456077,1856494.0551266922,10
-1349166.63052908,1856494.0551266922,10
-1348703.3178125527,1856494.0551266922,16
-1348240.005096025,1856494.0551266922,16
-1347776.6923794977,1856494.0551266922,16
-1347313.37966297,1856494.0551266922,16
-1346850.0669464427,1856494.0551266922,16
-1346386.754229915,1856494.0551266922,16
-1345923.4415133877,1856494.0551266922,16
-1345460.12879686,1856494.0551266922,16
-1344996.8160803327,1856494.0551266922,16
-1344533.5033638051,1856494.0551266922,16
-1344070.1906472775,1856494.0551266922,16
-1343606.8779307501,1856494.0551266922,16
-1343143.5652142225,1856494.0551266922,16
-1342680.2524976952,1856494.0551266922,10
-1342216.9397811675,1856494.0551266922,10
-1341753.6270646402,1856494.0551266922,10
-1341290.3143481126,1856494.0551266922,10
-1340827.0016315852,1856494.0551266922,16
-1340363.6889150576,1856494.0551266922,10
-1339900.3761985302,1856494.0551266922,10
-1339437.0634820026,1856494.0551266922,16
-1338973.7507654752,1856494.0551266922,16
-1338510.4380489476,1856494.0551266922,16
-1338047.1253324202,1856494.0551266922,16
-1337583.8126158926,1856494.0551266922,16
-1337120.499899365,1856494.0551266922,16
-1336657.1871828376,1856494.0551266922,16
-1336193.87446631,1856494.0551266922,16
-1335730.5617497826,1856494.0551266922,16
-1335267.249033255,1856494.0551266922,16
-1334803.9363167277,1856494.0551266922,16
-1334340.6236002,1856494.0551266922,16
-1333877.3108836727,1856494.0551266922,16
-1333413.998167145,1856494.0551266922,16
-1332950.6854506177,1856494.0551266922,16
-1332487.37273409,1856494.0551266922,16
-1332024.0600175627,1856494.0551266922,16
-1331560.747301035,1856494.0551266922,16
-1331097.4345845077,1856494.0551266922,16
-1330634.12186798,1856494.0551266922,16
-1330170.8091514525,1856494.0551266922,16
-1329707.4964349251,1856494.0551266922,16
-1329244.1837183975,1856494.0551266922,16
-1328780.8710018701,1856494.0551266922,16
-1328317.5582853425,1856494.0551266922,16
-1327854.2455688152,1856494.0551266922,16
-1327390.9328522875,1856494.0551266922,16
-1326927.6201357602,1856494.0551266922,16
-1326464.3074192326,1856494.0551266922,16
-1326000.9947027052,1856494.0551266922,16
-1325537.6819861776,1856494.0551266922,16
-1325074.3692696502,1856494.0551266922,16
-1324611.0565531226,1856494.0551266922,16
-1324147.7438365952,1856494.0551266922,16
-1323684.4311200676,1856494.0551266922,16
-1323221.11840354,1856494.0551266922,16
-1322757.8056870126,1856494.0551266922,16
-1322294.492970485,1856494.0551266922,16
-1321831.1802539576,1856494.0551266922,16
-1321367.86753743,1856494.0551266922,16
-1320904.5548209026,1856494.0551266922,16
-1320441.242104375,1856494.0551266922,16
-1319977.9293878477,1856494.0551266922,16
-1319514.61667132,1856494.0551266922,16
-1319051.3039547927,1856494.0551266922,16
-1318587.991238265,1856494.0551266922,16
-1318124.6785217377,1856494.0551266922,16
-1317661.36580521,1856494.0551266922,16
-1317198.0530886827,1856494.0551266922,16
-1316734.740372155,1856494.0551266922,16
-1316271.4276556277,1856494.0551266922,10
-1315808.1149391,1856494.0551266922,10
-1315344.8022225727,1856494.0551266922,16
-1314881.4895060451,1856494.0551266922,16
-1314418.1767895175,1856494.0551266922,16
-1313954.8640729901,1856494.0551266922,10
-1313491.5513564625,1856494.0551266922,10
-1313028.2386399352,1856494.0551266922,16
-1312564.9259234075,1856494.0551266922,16
-1312101.6132068802,1856494.0551266922,16
-1311638.3004903526,1856494.0551266922,16
-1311174.9877738252,1856494.0551266922,16
-1310711.6750572976,1856494.0551266922,16
-1310248.3623407702,1856494.0551266922,7
-1309785.0496242426,1856494.0551266922,10
-1309321.7369077152,1856494.0551266922,16
-1308858.4241911876,1856494.0551266922,10
-1308395.1114746602,1856494.0551266922,10
-1307931.7987581326,1856494.0551266922,10
-1307468.486041605,1856494.0551266922,16
-1307005.1733250776,1856494.0551266922,16
-1306541.86060855,1856494.0551266922,16
-1306078.5478920226,1856494.0551266922,16
-1305615.235175495,1856494.0551266922,16
-1305151.9224589677,1856494.0551266922,16
-1304688.60974244,1856494.0551266922,16
-1304225.2970259127,1856494.0551266922,16
-1303761.984309385,1856494.0551266922,16
-1303298.6715928577,1856494.0551266922,10
-1302835.35887633,1856494.0551266922,16
-1302372.0461598027,1856494.0551266922,16
-1301908.733443275,1856494.0551266922,16
-1301445.4207267477,1856494.0551266922,10
-1300982.10801022,1856494.0551266922,10
-1300518.7952936925,1856494.0551266922,10
-1300055.4825771651,1856494.0551266922,10
-1299592.1698606375,1856494.0551266922,16
-1299128.8571441101,1856494.0551266922,16
-1298665.5444275825,1856494.0551266922,16
-1298202.2317110552,1856494.0551266922,16
-1297738.9189945275,1856494.0551266922,16
-1297275.6062780002,1856494.0551266922,16
-1296812.2935614726,1856494.0551266922,16
-1296348.9808449452,1856494.0551266922,16
-1295885.6681284176,1856494.0551266922,16
-1295422.3554118902,1856494.0551266922,16
-1294959.0426953626,1856494.0551266922,10
-1294495.7299788352,1856494.0551266922,10
-1294032.4172623076,1856494.0551266922,10
-1293569.10454578,1856494.0551266922,10
-1293105.7918292526,1856494.0551266922,16
-1292642.479112725,1856494.0551266922,16
-1292179.1663961976,1856494.0551266922,16
-1291715.85367967,1856494.0551266922,10
-1291252.5409631426,1856494.0551266922,10
-1290789.228246615,1856494.0551266922,10
-1290325.9155300877,1856494.0551266922,10
-1289862.60281356,1856494.0551266922,10
-1289399.2900970327,1856494.0551266922,10
-1288935.977380505,1856494.0551266922,10
-1288472.6646639777,1856494.0551266922,10
-1288009.35194745,1856494.0551266922,10
-1287546.0392309227,1856494.0551266922,7
-1287082.726514395,1856494.0551266922,7
-1286619.4137978677,1856494.0551266922,7
-1286156.10108134,1856494.0551266922,7
-1285692.7883648127,1856494.0551266922,7
-1285229.4756482851,1856494.0551266922,10
-1284766.1629317575,1856494.0551266922,10
-1284302.8502152301,1856494.0551266922,10
-1283839.5374987025,1856494.0551266922,10
-1283376.2247821752,1856494.0551266922,10
-1282912.9120656475,1856494.0551266922,10
-1282449.5993491202,1856494.0551266922,10
-1281986.2866325926,1856494.0551266922,10
-1281522.9739160652,1856494.0551266922,10
-1281059.6611995376,1856494.0551266922,10
-1280596.3484830102,1856494.0551266922,10
-1280133.0357664826,1856494.0551266922,10
-1279669.7230499552,1856494.0551266922,10
-1279206.4103334276,1856494.0551266922,10
-1278743.0976169002,1856494.0551266922,16
-1278279.7849003726,1856494.0551266922,16
-1277816.472183845,1856494.0551266922,16
-1277353.1594673176,1856494.0551266922,10
-1276889.84675079,1856494.0551266922,10
-1276426.5340342626,1856494.0551266922,16
-1275963.221317735,1856494.0551266922,16
-1275499.9086012077,1856494.0551266922,10
-1275036.59588468,1856494.0551266922,16
-1274573.2831681527,1856494.0551266922,10
-1274109.970451625,1856494.0551266922,10
-1273646.6577350977,1856494.0551266922,10
-1273183.34501857,1856494.0551266922,10
-1272720.0323020427,1856494.0551266922,10
-1272256.719585515,1856494.0551266922,10
-1271793.4068689877,1856494.0551266922,10
-1271330.09415246,1856494.0551266922,10
-1270866.7814359325,1856494.0551266922,10
-1270403.4687194051,1856494.0551266922,10
-1269940.1560028775,1856494.0551266922,10
-1269476.8432863501,1856494.0551266922,10
-1269013.5305698225,1856494.0551266922,10
-1268550.2178532952,1856494.0551266922,16
-1268086.9051367675,1856494.0551266922,16
-1267623.5924202402,1856494.0551266922,16
-1267160.2797037126,1856494.0551266922,10
-1266696.9669871852,1856494.0551266922,10
-1266233.6542706576,1856494.0551266922,10
-1265770.3415541302,1856494.0551266922,10
-1265307.0288376026,1856494.0551266922,10
-1264843.7161210752,1856494.0551266922,10
-1264380.4034045476,1856494.0551266922,10
-1263917.09068802,1856494.0551266922,10
-1263453.7779714926,1856494.0551266922,10
-1262990.465254965,1856494.0551266922,10
-1262527.1525384376,1856494.0551266922,10
-1262063.83982191,1856494.0551266922,10
-1261600.5271053826,1856494.0551266922,10
-1261137.214388855,1856494.0551266922,10
-1260673.9016723277,1856494.0551266922,10
-1260210.5889558,1856494.0551266922,10
-1259747.2762392727,1856494.0551266922,10
-1259283.963522745,1856494.0551266922,10
-1258820.6508062177,1856494.0551266922,10
-1258357.33808969,1856494.0551266922,10
-1257894.0253731627,1856494.0551266922,10
-1257430.712656635,1856494.0551266922,10
-1256967.3999401077,1856494.0551266922,10
-1256504.08722358,1856494.0551266922,10
-1256040.7745070527,1856494.0551266922,10
-1255577.4617905251,1856494.0551266922,10
-1255114.1490739975,1856494.0551266922,10
-1254650.8363574701,1856494.0551266922,10
-1254187.5236409425,1856494.0551266922,10
-1253724.2109244152,1856494.0551266922,10
-1253260.8982078875,1856494.0551266922,10
-1252797.5854913602,1856494.0551266922,10
-1252334.2727748326,1856494.0551266922,10
-1251870.9600583052,1856494.0551266922,10
-1251407.6473417776,1856494.0551266922,10
-1250944.3346252502,1856494.0551266922,10
-1250481.0219087226,1856494.0551266922,10
-1250017.7091921952,1856494.0551266922,10
-1249554.3964756676,1856494.0551266922,10
-1249091.0837591402,1856494.0551266922,10
-1248627.7710426126,1856494.0551266922,10
-1248164.458326085,1856494.0551266922,10
-1247701.1456095576,1856494.0551266922,10
-1247237.83289303,1856494.0551266922,10
-1246774.5201765026,1856494.0551266922,10
-1246311.207459975,1856494.0551266922,10
-1245847.8947434477,1856494.0551266922,10
-1245384.58202692,1856494.0551266922,10
-1244921.2693103927,1856494.0551266922,10
-1244457.956593865,1856494.0551266922,10
-1243994.6438773377,1856494.0551266922,10
-1243531.33116081,1856494.0551266922,10
-1243068.0184442827,1856494.0551266922,10
-1242604.705727755,1856494.0551266922,10
-1242141.3930112277,1856494.0551266922,10
-1241678.0802947,1856494.0551266922,10
-1241214.7675781725,1856494.0551266922,10
-1240751.4548616451,1856494.0551266922,10
-1240288.1421451175,1856494.0551266922,10
-1239824.8294285901,1856494.0551266922,10
-1239361.5167120625,1856494.0551266922,10
-1238898.2039955352,1856494.0551266922,10
-1238434.8912790075,1856494.0551266922,10
-1237971.5785624802,1856494.0551266922,10
-1237508.2658459526,1856494.0551266922,10
-1237044.9531294252,1856494.0551266922,10
-1236581.6404128976,1856494.0551266922,10
-1236118.3276963702,1856494.0551266922,10
-1235655.0149798426,1856494.0551266922,10
-1235191.7022633152,1856494.0551266922,10
-1234728.3895467876,1856494.0551266922,10
-1234265.07683026,1856494.0551266922,10
-1233801.7641137326,1856494.0551266922,10
-1233338.4513972052,1856494.0551266922,10
-1232875.1386806776,1856494.0551266922,10
-1232411.82596415,1856494.0551266922,10
-1231948.5132476226,1856494.0551266922,10
-1231485.200531095,1856494.0551266922,10
-1231021.8878145677,1856494.0551266922,10
-1230558.57509804,1856494.0551266922,10
-1230095.2623815127,1856494.0551266922,10
-1229631.949664985,1856494.0551266922,10
-1229168.6369484577,1856494.0551266922,10
-1228705.32423193,1856494.0551266922,10
-1228242.0115154027,1856494.0551266922,10
-1227778.698798875,1856494.0551266922,10
-1227315.3860823475,1856494.0551266922,10
-1226852.07336582,1856494.0551266922,10
-1226388.7606492927,1856494.0551266922,10
-1225925.4479327651,1856494.0551266922,10
-1225462.1352162375,1856494.0551266922,10
-1224998.8224997101,1856494.0551266922,16
-1224535.5097831825,1856494.0551266922,16
-1224072.1970666551,1856494.0551266922,16
-1223608.8843501275,1856494.0551266922,16
-1223145.5716336002,1856494.0551266922,16
-1222682.2589170726,1856494.0551266922,10
-1222218.9462005452,1856494.0551266922,10
-1221755.6334840176,1856494.0551266922,10
-1221292.3207674902,1856494.0551266922,16
-1220829.0080509626,1856494.0551266922,10
-1220365.6953344352,1856494.0551266922,10
-1219902.3826179076,1856494.0551266922,10
-1219439.0699013802,1856494.0551266922,10
-1218975.7571848526,1856494.0551266922,10
-1218512.444468325,1856494.0551266922,10
-1218049.1317517976,1856494.0551266922,10
-1217585.81903527,1856494.0551266922,10
-1217122.5063187426,1856494.0551266922,10
-1216659.193602215,1856494.0551266922,10
-1216195.8808856877,1856494.0551266922,10
-1215732.56816916,1856494.0551266922,10
-1215269.2554526327,1856494.0551266922,10
-1214805.942736105,1856494.0551266922,10
-1214342.6300195777,1856494.0551266922,10
-1213879.31730305,1856494.0551266922,10
-1213416.0045865227,1856494.0551266922,10
-1212952.691869995,1856494.0551266922,10
-1212489.3791534677,1856494.0551266922,10
-1212026.06643694,1856494.0551266922,10
-1211562.7537204125,1856494.0551266922,10
-1211099.4410038851,1856494.0551266922,10
-1210636.1282873575,1856494.0551266922,10
-1210172.8155708301,1856494.0551266922,10
-1209709.5028543025,1856494.0551266922,10
-1209246.1901377751,1856494.0551266922,10
-1208782.8774212475,1856494.0551266922,10
-1208319.5647047202,1856494.0551266922,10
-1207856.2519881926,1856494.0551266922,10
-1207392.9392716652,1856494.0551266922,10
-1206929.6265551376,1856494.0551266922,10
-1206466.3138386102,1856494.0551266922,10
-1206003.0011220826,1856494.0551266922,10
-1205539.6884055552,1856494.0551266922,10
-1205076.3756890276,1856494.0551266922,10
-1204613.0629725,1856494.0551266922,10
-1204149.7502559726,1856494.0551266922,10
-1203686.4375394452,1856494.0551266922,10
-1203223.1248229176,1856494.0551266922,10
-1202759.81210639,1856494.0551266922,10
-1202296.4993898626,1856494.0551266922,10
-1201833.186673335,1856494.0551266922,10
-1201369.8739568077,1856494.0551266922,10
-1200906.56124028,1856494.0551266922,10
-1200443.2485237527,1856494.0551266922,10
-1199979.935807225,1856494.0551266922,10
-1199516.6230906977,1856494.0551266922,10
-1199053.31037417,1856494.0551266922,10
-1198589.9976576427,1856494.0551266922,10
-1198126.684941115,1856494.0551266922,10
-1197663.3722245875,1856494.0551266922,10
-1197200.05950806,1856494.0551266922,10
-1196736.7467915327,1856494.0551266922,10
-1196273.4340750051,1856494.0551266922,10
-1195810.1213584775,1856494.0551266922,10
-1195346.8086419501,1856494.0551266922,10
-1194883.4959254225,1856494.0551266922,10
-1194420.1832088951,1856494.0551266922,10
-1193956.8704923675,1856494.0551266922,10
-1193493.5577758402,1856494.0551266922,10
-1193030.2450593126,1856494.0551266922,10
-1192566.9323427852,1856494.0551266922,10
-1192103.6196262576,1856494.0551266922,10
-1191640.3069097302,1856494.0551266922,10
-1191176.9941932026,1856494.0551266922,10
-1190713.6814766752,1856494.0551266922,10
-1190250.3687601476,1856494.0551266922,10
-1189787.0560436202,1856494.0551266922,10
-1189323.7433270926,1856494.0551266922,10
-1188860.430610565,1856494.0551266922,10
-1188397.1178940376,1856494.0551266922,10
-1187933.80517751,1856494.0551266922,10
-1187470.4924609826,1856494.0551266922,10
-1187007.179744455,1856494.0551266922,10
-1186543.8670279277,1856494.0551266922,10
-1186080.5543114,1856494.0551266922,10
-1185617.2415948727,1856494.0551266922,10
-1185153.928878345,1856494.0551266922,10
-1184690.6161618177,1856494.0551266922,10
-1184227.30344529,1856494.0551266922,10
-1183763.9907287627,1856494.0551266922,10
-1183300.678012235,1856494.0551266922,10
-1182837.3652957077,1856494.0551266922,10
-1182374.05257918,1856494.0551266922,10
-1181910.7398626525,1856494.0551266922,10
-1181447.4271461251,1856494.0551266922,10
-1180984.1144295975,1856494.0551266922,10
-1180520.8017130701,1856494.0551266922,10
-1180057.4889965425,1856494.0551266922,10
-1179594.1762800151,1856494.0551266922,10
-1179130.8635634875,1856494.0551266922,10
-1178667.5508469602,1856494.0551266922,10
-1178204.2381304326,1856494.0551266922,10
-1177740.9254139052,1856494.0551266922,10
-1177277.6126973776,1856494.0551266922,10
-1176814.2999808502,1856494.0551266922,10
-1176350.9872643226,1856494.0551266922,10
-1175887.6745477952,1856494.0551266922,10
-1175424.3618312676,1856494.0551266922,10
-1174961.04911474,1856494.0551266922,10
-1174497.7363982126,1856494.0551266922,10
-1174034.4236816852,1856494.0551266922,10
-1173571.1109651576,1856494.0551266922,10
-1173107.79824863,1856494.0551266922,10
-1172644.4855321026,1856494.0551266922,10
-1172181.172815575,1856494.0551266922,10
-1171717.8600990477,1856494.0551266922,10
-1171254.54738252,1856494.0551266922,10
-1170791.2346659927,1856494.0551266922,10
-1170327.921949465,1856494.0551266922,10
-1169864.6092329377,1856494.0551266922,10
-1169401.29651641,1856494.0551266922,10
-1168937.9837998827,1856494.0551266922,10
-1168474.671083355,1856494.0551266922,10
-1168011.3583668275,1856494.0551266922,10
-1167548.0456503,1856494.0551266922,10
-1167084.7329337727,1856494.0551266922,10
-1166621.4202172451,1856494.0551266922,10
-1166158.1075007175,1856494.0551266922,10
-1165694.7947841901,1856494.0551266922,10
-1165231.4820676625,1856494.0551266922,10
-1164768.1693511351,1856494.0551266922,10
-1164304.8566346075,1856494.0551266922,10
-1163841.5439180802,1856494.0551266922,10
-1163378.2312015526,1856494.0551266922,10
-1162914.9184850252,1856494.0551266922,10
-1162451.6057684976,1856494.0551266922,10
-1161988.2930519702,1856494.0551266922,10
-1161524.9803354426,1856494.0551266922,10
-1161061.6676189152,1856494.0551266922,10
-1160598.3549023876,1856494.0551266922,10
-1160135.0421858602,1856494.0551266922,10
-1159671.7294693326,1856494.0551266922,10
-1159208.416752805,1856494.0551266922,10
-1158745.1040362776,1856494.0551266922,10
-1158281.79131975,1856494.0551266922,10
-1157818.4786032226,1856494.0551266922,10
-1367235.8264736526,1856030.7424101648,10
-1366772.513757125,1856030.7424101648,10
-1366309.2010405976,1856030.7424101648,10
-1365845.88832407,1856030.7424101648,10
-1365382.5756075426,1856030.7424101648,10
-1364919.262891015,1856030.7424101648,10
-1364455.9501744877,1856030.7424101648,10
-1363992.63745796,1856030.7424101648,10
-1363529.3247414327,1856030.7424101648,10
-1363066.012024905,1856030.7424101648,16
-1362602.6993083777,1856030.7424101648,10
-1362139.38659185,1856030.7424101648,10
-1361676.0738753227,1856030.7424101648,10
-1361212.761158795,1856030.7424101648,10
-1360749.4484422677,1856030.7424101648,10
-1360286.13572574,1856030.7424101648,10
-1359822.8230092125,1856030.7424101648,10
-1359359.5102926851,1856030.7424101648,16
-1358896.1975761575,1856030.7424101648,16
-1358432.8848596301,1856030.7424101648,16
-1357969.5721431025,1856030.7424101648,16
-1357506.2594265752,1856030.7424101648,16
-1357042.9467100475,1856030.7424101648,16
-1356579.6339935202,1856030.7424101648,10
-1356116.3212769926,1856030.7424101648,16
-1355653.0085604652,1856030.7424101648,16
-1355189.6958439376,1856030.7424101648,10
-1354726.3831274102,1856030.7424101648,10
-1354263.0704108826,1856030.7424101648,10
-1353799.7576943552,1856030.7424101648,10
-1353336.4449778276,1856030.7424101648,16
-1352873.1322613002,1856030.7424101648,16
-1352409.8195447726,1856030.7424101648,16
-1351946.506828245,1856030.7424101648,16
-1351483.1941117176,1856030.7424101648,10
-1351019.88139519,1856030.7424101648,10
-1350556.5686786626,1856030.7424101648,10
-1350093.255962135,1856030.7424101648,10
-1349629.9432456077,1856030.7424101648,10
-1349166.63052908,1856030.7424101648,10
-1348703.3178125527,1856030.7424101648,10
-1348240.005096025,1856030.7424101648,16
-1347776.6923794977,1856030.7424101648,16
-1347313.37966297,1856030.7424101648,16
-1346850.0669464427,1856030.7424101648,16
-1346386.754229915,1856030.7424101648,16
-1345923.4415133877,1856030.7424101648,16
-1345460.12879686,1856030.7424101648,16
-1344996.8160803327,1856030.7424101648,16
-1344533.5033638051,1856030.7424101648,16
-1344070.1906472775,1856030.7424101648,16
-1343606.8779307501,1856030.7424101648,16
-1343143.5652142225,1856030.7424101648,10
-1342680.2524976952,1856030.7424101648,10
-1342216.9397811675,1856030.7424101648,10
-1341753.6270646402,1856030.7424101648,16
-1341290.3143481126,1856030.7424101648,16
-1340827.0016315852,1856030.7424101648,10
-1340363.6889150576,1856030.7424101648,10
-1339900.3761985302,1856030.7424101648,10
-1339437.0634820026,1856030.7424101648,16
-1338973.7507654752,1856030.7424101648,16
-1338510.4380489476,1856030.7424101648,16
-1338047.1253324202,1856030.7424101648,16
-1337583.8126158926,1856030.7424101648,16
-1337120.499899365,1856030.7424101648,16
-1336657.1871828376,1856030.7424101648,16
-1336193.87446631,1856030.7424101648,16
-1335730.5617497826,1856030.7424101648,16
-1335267.249033255,1856030.7424101648,16
-1334803.9363167277,1856030.7424101648,16
-1334340.6236002,1856030.7424101648,16
-1333877.3108836727,1856030.7424101648,16
-1333413.998167145,1856030.7424101648,16
-1332950.6854506177,1856030.7424101648,16
-1332487.37273409,1856030.7424101648,16
-1332024.0600175627,1856030.7424101648,16
-1331560.747301035,1856030.7424101648,16
-1331097.4345845077,1856030.7424101648,16
-1330634.12186798,1856030.7424101648,16
-1330170.8091514525,1856030.7424101648,16
-1329707.4964349251,1856030.7424101648,16
-1329244.1837183975,1856030.7424101648,16
-1328780.8710018701,1856030.7424101648,16
-1328317.5582853425,1856030.7424101648,16
-1327854.2455688152,1856030.7424101648,16
-1327390.9328522875,1856030.7424101648,16
-1326927.6201357602,1856030.7424101648,16
-1326464.3074192326,1856030.7424101648,16
-1326000.9947027052,1856030.7424101648,16
-1325537.6819861776,1856030.7424101648,16
-1325074.3692696502,1856030.7424101648,16
-1324611.0565531226,1856030.7424101648,16
-1324147.7438365952,1856030.7424101648,16
-1323684.4311200676,1856030.7424101648,16
-1323221.11840354,1856030.7424101648,16
-1322757.8056870126,1856030.7424101648,16
-1322294.492970485,1856030.7424101648,16
-1321831.1802539576,1856030.7424101648,16
-1321367.86753743,1856030.7424101648,16
-1320904.5548209026,1856030.7424101648,16
-1320441.242104375,1856030.7424101648,16
-1319977.9293878477,1856030.7424101648,16
-1319514.61667132,1856030.7424101648,16
-1319051.3039547927,1856030.7424101648,16
-1318587.991238265,1856030.7424101648,16
-1318124.6785217377,1856030.7424101648,16
-1317661.36580521,1856030.7424101648,16
-1317198.0530886827,1856030.7424101648,16
-1316734.740372155,1856030.7424101648,16
-1316271.4276556277,1856030.7424101648,16
-1315808.1149391,1856030.7424101648,10
-1315344.8022225727,1856030.7424101648,16
-1314881.4895060451,1856030.7424101648,16
-1314418.1767895175,1856030.7424101648,16
-1313954.8640729901,1856030.7424101648,16
-1313491.5513564625,1856030.7424101648,16
-1313028.2386399352,1856030.7424101648,16
-1312564.9259234075,1856030.7424101648,16
-1312101.6132068802,1856030.7424101648,16
-1311638.3004903526,1856030.7424101648,16
-1311174.9877738252,1856030.7424101648,16
-1310711.6750572976,1856030.7424101648,16
-1310248.3623407702,1856030.7424101648,16
-1309785.0496242426,1856030.7424101648,16
-1309321.7369077152,1856030.7424101648,10
-1308858.4241911876,1856030.7424101648,10
-1308395.1114746602,1856030.7424101648,10
-1307931.7987581326,1856030.7424101648,10
-1307468.486041605,1856030.7424101648,16
-1307005.1733250776,1856030.7424101648,16
-1306541.86060855,1856030.7424101648,16
-1306078.5478920226,1856030.7424101648,16
-1305615.235175495,1856030.7424101648,16
-1305151.9224589677,1856030.7424101648,16
-1304688.60974244,1856030.7424101648,16
-1304225.2970259127,1856030.7424101648,16
-1303761.984309385,1856030.7424101648,16
-1303298.6715928577,1856030.7424101648,16
-1302835.35887633,1856030.7424101648,16
-1302372.0461598027,1856030.7424101648,10
-1301908.733443275,1856030.7424101648,10
-1301445.4207267477,1856030.7424101648,10
-1300982.10801022,1856030.7424101648,10
-1300518.7952936925,1856030.7424101648,10
-1300055.4825771651,1856030.7424101648,16
-1299592.1698606375,1856030.7424101648,16
-1299128.8571441101,1856030.7424101648,16
-1298665.5444275825,1856030.7424101648,16
-1298202.2317110552,1856030.7424101648,16
-1297738.9189945275,1856030.7424101648,16
-1297275.6062780002,1856030.7424101648,16
-1296812.2935614726,1856030.7424101648,16
-1296348.9808449452,1856030.7424101648,16
-1295885.6681284176,1856030.7424101648,16
-1295422.3554118902,1856030.7424101648,16
-1294959.0426953626,1856030.7424101648,10
-1294495.7299788352,1856030.7424101648,10
-1294032.4172623076,1856030.7424101648,10
-1293569.10454578,1856030.7424101648,16
-1293105.7918292526,1856030.7424101648,16
-1292642.479112725,1856030.7424101648,16
-1292179.1663961976,1856030.7424101648,16
-1291715.85367967,1856030.7424101648,10
-1291252.5409631426,1856030.7424101648,10
-1290789.228246615,1856030.7424101648,10
-1290325.9155300877,1856030.7424101648,10
-1289862.60281356,1856030.7424101648,10
-1289399.2900970327,1856030.7424101648,10
-1288935.977380505,1856030.7424101648,10
-1288472.6646639777,1856030.7424101648,10
-1288009.35194745,1856030.7424101648,7
-1287546.0392309227,1856030.7424101648,7
-1287082.726514395,1856030.7424101648,7
-1286619.4137978677,1856030.7424101648,10
-1286156.10108134,1856030.7424101648,10
-1285692.7883648127,1856030.7424101648,10
-1285229.4756482851,1856030.7424101648,10
-1284766.1629317575,1856030.7424101648,10
-1284302.8502152301,1856030.7424101648,10
-1283839.5374987025,1856030.7424101648,10
-1283376.2247821752,1856030.7424101648,10
-1282912.9120656475,1856030.7424101648,10
-1282449.5993491202,1856030.7424101648,10
-1281986.2866325926,1856030.7424101648,10
-1281522.9739160652,1856030.7424101648,10
-1281059.6611995376,1856030.7424101648,10
-1280596.3484830102,1856030.7424101648,10
-1280133.0357664826,1856030.7424101648,10
-1279669.7230499552,1856030.7424101648,16
-1279206.4103334276,1856030.7424101648,10
-1278743.0976169002,1856030.7424101648,10
-1278279.7849003726,1856030.7424101648,16
-1277816.472183845,1856030.7424101648,16
-1277353.1594673176,1856030.7424101648,10
-1276889.84675079,1856030.7424101648,10
-1276426.5340342626,1856030.7424101648,10
-1275963.221317735,1856030.7424101648,16
-1275499.9086012077,1856030.7424101648,16
-1275036.59588468,1856030.7424101648,16
-1274573.2831681527,1856030.7424101648,10
-1274109.970451625,1856030.7424101648,10
-1273646.6577350977,1856030.7424101648,10
-1273183.34501857,1856030.7424101648,10
-1272720.0323020427,1856030.7424101648,10
-1272256.719585515,1856030.7424101648,10
-1271793.4068689877,1856030.7424101648,10
-1271330.09415246,1856030.7424101648,10
-1270866.7814359325,1856030.7424101648,10
-1270403.4687194051,1856030.7424101648,10
-1269940.1560028775,1856030.7424101648,10
-1269476.8432863501,1856030.7424101648,10
-1269013.5305698225,1856030.7424101648,10
-1268550.2178532952,1856030.7424101648,16
-1268086.9051367675,1856030.7424101648,16
-1267623.5924202402,1856030.7424101648,16
-1267160.2797037126,1856030.7424101648,10
-1266696.9669871852,1856030.7424101648,10
-1266233.6542706576,1856030.7424101648,10
-1265770.3415541302,1856030.7424101648,10
-1265307.0288376026,1856030.7424101648,10
-1264843.7161210752,1856030.7424101648,10
-1264380.4034045476,1856030.7424101648,10
-1263917.09068802,1856030.7424101648,10
-1263453.7779714926,1856030.7424101648,10
-1262990.465254965,1856030.7424101648,10
-1262527.1525384376,1856030.7424101648,10
-1262063.83982191,1856030.7424101648,10
-1261600.5271053826,1856030.7424101648,10
-1261137.214388855,1856030.7424101648,10
-1260673.9016723277,1856030.7424101648,10
-1260210.5889558,1856030.7424101648,10
-1259747.2762392727,1856030.7424101648,10
-1259283.963522745,1856030.7424101648,10
-1258820.6508062177,1856030.7424101648,10
-1258357.33808969,1856030.7424101648,10
-1257894.0253731627,1856030.7424101648,10
-1257430.712656635,1856030.7424101648,10
-1256967.3999401077,1856030.7424101648,10
-1256504.08722358,1856030.7424101648,10
-1256040.7745070527,1856030.7424101648,10
-1255577.4617905251,1856030.7424101648,10
-1255114.1490739975,1856030.7424101648,10
-1254650.8363574701,1856030.7424101648,10
-1254187.5236409425,1856030.7424101648,10
-1253724.2109244152,1856030.7424101648,10
-1253260.8982078875,1856030.7424101648,10
-1252797.5854913602,1856030.7424101648,10
-1252334.2727748326,1856030.7424101648,10
-1251870.9600583052,1856030.7424101648,10
-1251407.6473417776,1856030.7424101648,10
-1250944.3346252502,1856030.7424101648,10
-1250481.0219087226,1856030.7424101648,10
-1250017.7091921952,1856030.7424101648,10
-1249554.3964756676,1856030.7424101648,10
-1249091.0837591402,1856030.7424101648,10
-1248627.7710426126,1856030.7424101648,10
-1248164.458326085,1856030.7424101648,10
-1247701.1456095576,1856030.7424101648,10
-1247237.83289303,1856030.7424101648,10
-1246774.5201765026,1856030.7424101648,10
-1246311.207459975,1856030.7424101648,10
-1245847.8947434477,1856030.7424101648,10
-1245384.58202692,1856030.7424101648,10
-1244921.2693103927,1856030.7424101648,10
-1244457.956593865,1856030.7424101648,10
-1243994.6438773377,1856030.7424101648,10
-1243531.33116081,1856030.7424101648,10
-1243068.0184442827,1856030.7424101648,10
-1242604.705727755,1856030.7424101648,10
-1242141.3930112277,1856030.7424101648,10
-1241678.0802947,1856030.7424101648,10
-1241214.7675781725,1856030.7424101648,10
-1240751.4548616451,1856030.7424101648,10
-1240288.1421451175,1856030.7424101648,10
-1239824.8294285901,1856030.7424101648,10
-1239361.5167120625,1856030.7424101648,10
-1238898.2039955352,1856030.7424101648,10
-1238434.8912790075,1856030.7424101648,10
-1237971.5785624802,1856030.7424101648,10
-1237508.2658459526,1856030.7424101648,10
-1237044.9531294252,1856030.7424101648,10
-1236581.6404128976,1856030.7424101648,10
-1236118.3276963702,1856030.7424101648,10
-1235655.0149798426,1856030.7424101648,10
-1235191.7022633152,1856030.7424101648,10
-1234728.3895467876,1856030.7424101648,10
-1234265.07683026,1856030.7424101648,10
-1233801.7641137326,1856030.7424101648,10
-1233338.4513972052,1856030.7424101648,10
-1232875.1386806776,1856030.7424101648,10
-1232411.82596415,1856030.7424101648,10
-1231948.5132476226,1856030.7424101648,10
-1231485.200531095,1856030.7424101648,10
-1231021.8878145677,1856030.7424101648,10
-1230558.57509804,1856030.7424101648,10
-1230095.2623815127,1856030.7424101648,10
-1229631.949664985,1856030.7424101648,10
-1229168.6369484577,1856030.7424101648,10
-1228705.32423193,1856030.7424101648,10
-1228242.0115154027,1856030.7424101648,10
-1227778.698798875,1856030.7424101648,10
-1227315.3860823475,1856030.7424101648,10
-1226852.07336582,1856030.7424101648,10
-1226388.7606492927,1856030.7424101648,10
-1225925.4479327651,1856030.7424101648,10
-1225462.1352162375,1856030.7424101648,10
-1224998.8224997101,1856030.7424101648,10
-1224535.5097831825,1856030.7424101648,16
-1224072.1970666551,1856030.7424101648,16
-1223608.8843501275,1856030.7424101648,16
-1223145.5716336002,1856030.7424101648,16
-1222682.2589170726,1856030.7424101648,16
-1222218.9462005452,1856030.7424101648,10
-1221755.6334840176,1856030.7424101648,10
-1221292.3207674902,1856030.7424101648,10
-1220829.0080509626,1856030.7424101648,10
-1220365.6953344352,1856030.7424101648,10
-1219902.3826179076,1856030.7424101648,10
-1219439.0699013802,1856030.7424101648,10
-1218975.7571848526,1856030.7424101648,10
-1218512.444468325,1856030.7424101648,10
-1218049.1317517976,1856030.7424101648,10
-1217585.81903527,1856030.7424101648,10
-1217122.5063187426,1856030.7424101648,10
-1216659.193602215,1856030.7424101648,10
-1216195.8808856877,1856030.7424101648,10
-1215732.56816916,1856030.7424101648,10
-1215269.2554526327,1856030.7424101648,10
-1214805.942736105,1856030.7424101648,10
-1214342.6300195777,1856030.7424101648,10
-1213879.31730305,1856030.7424101648,10
-1213416.0045865227,1856030.7424101648,10
-1212952.691869995,1856030.7424101648,10
-1212489.3791534677,1856030.7424101648,10
-1212026.06643694,1856030.7424101648,10
-1211562.7537204125,1856030.7424101648,10
-1211099.4410038851,1856030.7424101648,10
-1210636.1282873575,1856030.7424101648,10
-1210172.8155708301,1856030.7424101648,10
-1209709.5028543025,1856030.7424101648,10
-1209246.1901377751,1856030.7424101648,10
-1208782.8774212475,1856030.7424101648,10
-1208319.5647047202,1856030.7424101648,10
-1207856.2519881926,1856030.7424101648,10
-1207392.9392716652,1856030.7424101648,10
-1206929.6265551376,1856030.7424101648,10
-1206466.3138386102,1856030.7424101648,10
-1206003.0011220826,1856030.7424101648,10
-1205539.6884055552,1856030.7424101648,10
-1205076.3756890276,1856030.7424101648,10
-1204613.0629725,1856030.7424101648,10
-1204149.7502559726,1856030.7424101648,10
-1203686.4375394452,1856030.7424101648,10
-1203223.1248229176,1856030.7424101648,10
-1202759.81210639,1856030.7424101648,10
-1202296.4993898626,1856030.7424101648,10
-1201833.186673335,1856030.7424101648,10
-1201369.8739568077,1856030.7424101648,10
-1200906.56124028,1856030.7424101648,10
-1200443.2485237527,1856030.7424101648,10
-1199979.935807225,1856030.7424101648,10
-1199516.6230906977,1856030.7424101648,10
-1199053.31037417,1856030.7424101648,10
-1198589.9976576427,1856030.7424101648,10
-1198126.684941115,1856030.7424101648,10
-1197663.3722245875,1856030.7424101648,10
-1197200.05950806,1856030.7424101648,10
-1196736.7467915327,1856030.7424101648,10
-1196273.4340750051,1856030.7424101648,10
-1195810.1213584775,1856030.7424101648,10
-1195346.8086419501,1856030.7424101648,10
-1194883.4959254225,1856030.7424101648,10
-1194420.1832088951,1856030.7424101648,10
-1193956.8704923675,1856030.7424101648,10
-1193493.5577758402,1856030.7424101648,10
-1193030.2450593126,1856030.7424101648,10
-1192566.9323427852,1856030.7424101648,10
-1192103.6196262576,1856030.7424101648,10
-1191640.3069097302,1856030.7424101648,10
-1191176.9941932026,1856030.7424101648,10
-1190713.6814766752,1856030.7424101648,10
-1190250.3687601476,1856030.7424101648,10
-1189787.0560436202,1856030.7424101648,10
-1189323.7433270926,1856030.7424101648,10
-1188860.430610565,1856030.7424101648,10
-1188397.1178940376,1856030.7424101648,10
-1187933.80517751,1856030.7424101648,10
-1187470.4924609826,1856030.7424101648,10
-1187007.179744455,1856030.7424101648,10
-1186543.8670279277,1856030.7424101648,10
-1186080.5543114,1856030.7424101648,10
-1185617.2415948727,1856030.7424101648,10
-1185153.928878345,1856030.7424101648,10
-1184690.6161618177,1856030.7424101648,10
-1184227.30344529,1856030.7424101648,10
-1183763.9907287627,1856030.7424101648,10
-1183300.678012235,1856030.7424101648,10
-1182837.3652957077,1856030.7424101648,10
-1182374.05257918,1856030.7424101648,10
-1181910.7398626525,1856030.7424101648,10
-1181447.4271461251,1856030.7424101648,10
-1180984.1144295975,1856030.7424101648,10
-1180520.8017130701,1856030.7424101648,10
-1180057.4889965425,1856030.7424101648,10
-1179594.1762800151,1856030.7424101648,10
-1179130.8635634875,1856030.7424101648,10
-1178667.5508469602,1856030.7424101648,10
-1178204.2381304326,1856030.7424101648,10
-1177740.9254139052,1856030.7424101648,10
-1177277.6126973776,1856030.7424101648,10
-1176814.2999808502,1856030.7424101648,10
-1176350.9872643226,1856030.7424101648,10
-1175887.6745477952,1856030.7424101648,10
-1175424.3618312676,1856030.7424101648,10
-1174961.04911474,1856030.7424101648,10
-1174497.7363982126,1856030.7424101648,10
-1174034.4236816852,1856030.7424101648,10
-1173571.1109651576,1856030.7424101648,10
-1173107.79824863,1856030.7424101648,10
-1172644.4855321026,1856030.7424101648,10
-1172181.172815575,1856030.7424101648,10
-1171717.8600990477,1856030.7424101648,10
-1171254.54738252,1856030.7424101648,10
-1170791.2346659927,1856030.7424101648,10
-1170327.921949465,1856030.7424101648,10
-1169864.6092329377,1856030.7424101648,10
-1169401.29651641,1856030.7424101648,10
-1168937.9837998827,1856030.7424101648,10
-1168474.671083355,1856030.7424101648,10
-1168011.3583668275,1856030.7424101648,10
-1167548.0456503,1856030.7424101648,10
-1167084.7329337727,1856030.7424101648,10
-1166621.4202172451,1856030.7424101648,10
-1166158.1075007175,1856030.7424101648,10
-1165694.7947841901,1856030.7424101648,10
-1165231.4820676625,1856030.7424101648,10
-1164768.1693511351,1856030.7424101648,10
-1164304.8566346075,1856030.7424101648,10
-1163841.5439180802,1856030.7424101648,10
-1163378.2312015526,1856030.7424101648,10
-1162914.9184850252,1856030.7424101648,10
-1162451.6057684976,1856030.7424101648,10
-1161988.2930519702,1856030.7424101648,10
-1161524.9803354426,1856030.7424101648,10
-1161061.6676189152,1856030.7424101648,10
-1160598.3549023876,1856030.7424101648,10
-1160135.0421858602,1856030.7424101648,10
-1159671.7294693326,1856030.7424101648,10
-1159208.416752805,1856030.7424101648,10
-1158745.1040362776,1856030.7424101648,10
-1158281.79131975,1856030.7424101648,10
-1157818.4786032226,1856030.7424101648,10
-1367235.8264736526,1855567.4296936372,10
-1366772.513757125,1855567.4296936372,10
-1366309.2010405976,1855567.4296936372,10
-1365845.88832407,1855567.4296936372,10
-1365382.5756075426,1855567.4296936372,10
-1364919.262891015,1855567.4296936372,10
-1364455.9501744877,1855567.4296936372,10
-1363992.63745796,1855567.4296936372,10
-1363529.3247414327,1855567.4296936372,10
-1363066.012024905,1855567.4296936372,10
-1362602.6993083777,1855567.4296936372,16
-1362139.38659185,1855567.4296936372,10
-1361676.0738753227,1855567.4296936372,10
-1361212.761158795,1855567.4296936372,10
-1360749.4484422677,1855567.4296936372,10
-1360286.13572574,1855567.4296936372,10
-1359822.8230092125,1855567.4296936372,10
-1359359.5102926851,1855567.4296936372,16
-1358896.1975761575,1855567.4296936372,16
-1358432.8848596301,1855567.4296936372,16
-1357969.5721431025,1855567.4296936372,16
-1357506.2594265752,1855567.4296936372,16
-1357042.9467100475,1855567.4296936372,16
-1356579.6339935202,1855567.4296936372,10
-1356116.3212769926,1855567.4296936372,10
-1355653.0085604652,1855567.4296936372,10
-1355189.6958439376,1855567.4296936372,10
-1354726.3831274102,1855567.4296936372,10
-1354263.0704108826,1855567.4296936372,10
-1353799.7576943552,1855567.4296936372,10
-1353336.4449778276,1855567.4296936372,16
-1352873.1322613002,1855567.4296936372,16
-1352409.8195447726,1855567.4296936372,16
-1351946.506828245,1855567.4296936372,16
-1351483.1941117176,1855567.4296936372,10
-1351019.88139519,1855567.4296936372,10
-1350556.5686786626,1855567.4296936372,10
-1350093.255962135,1855567.4296936372,10
-1349629.9432456077,1855567.4296936372,16
-1349166.63052908,1855567.4296936372,16
-1348703.3178125527,1855567.4296936372,16
-1348240.005096025,1855567.4296936372,16
-1347776.6923794977,1855567.4296936372,16
-1347313.37966297,1855567.4296936372,16
-1346850.0669464427,1855567.4296936372,16
-1346386.754229915,1855567.4296936372,16
-1345923.4415133877,1855567.4296936372,16
-1345460.12879686,1855567.4296936372,16
-1344996.8160803327,1855567.4296936372,16
-1344533.5033638051,1855567.4296936372,16
-1344070.1906472775,1855567.4296936372,16
-1343606.8779307501,1855567.4296936372,10
-1343143.5652142225,1855567.4296936372,10
-1342680.2524976952,1855567.4296936372,10
-1342216.9397811675,1855567.4296936372,16
-1341753.6270646402,1855567.4296936372,16
-1341290.3143481126,1855567.4296936372,16
-1340827.0016315852,1855567.4296936372,16
-1340363.6889150576,1855567.4296936372,16
-1339900.3761985302,1855567.4296936372,16
-1339437.0634820026,1855567.4296936372,16
-1338973.7507654752,1855567.4296936372,16
-1338510.4380489476,1855567.4296936372,16
-1338047.1253324202,1855567.4296936372,16
-1337583.8126158926,1855567.4296936372,16
-1337120.499899365,1855567.4296936372,16
-1336657.1871828376,1855567.4296936372,16
-1336193.87446631,1855567.4296936372,16
-1335730.5617497826,1855567.4296936372,16
-1335267.249033255,1855567.4296936372,16
-1334803.9363167277,1855567.4296936372,16
-1334340.6236002,1855567.4296936372,16
-1333877.3108836727,1855567.4296936372,16
-1333413.998167145,1855567.4296936372,16
-1332950.6854506177,1855567.4296936372,16
-1332487.37273409,1855567.4296936372,16
-1332024.0600175627,1855567.4296936372,16
-1331560.747301035,1855567.4296936372,16
-1331097.4345845077,1855567.4296936372,16
-1330634.12186798,1855567.4296936372,16
-1330170.8091514525,1855567.4296936372,16
-1329707.4964349251,1855567.4296936372,16
-1329244.1837183975,1855567.4296936372,16
-1328780.8710018701,1855567.4296936372,16
-1328317.5582853425,1855567.4296936372,16
-1327854.2455688152,1855567.4296936372,16
-1327390.9328522875,1855567.4296936372,16
-1326927.6201357602,1855567.4296936372,16
-1326464.3074192326,1855567.4296936372,16
-1326000.9947027052,1855567.4296936372,16
-1325537.6819861776,1855567.4296936372,16
-1325074.3692696502,1855567.4296936372,16
-1324611.0565531226,1855567.4296936372,16
-1324147.7438365952,1855567.4296936372,16
-1323684.4311200676,1855567.4296936372,16
-1323221.11840354,1855567.4296936372,16
-1322757.8056870126,1855567.4296936372,16
-1322294.492970485,1855567.4296936372,16
-1321831.1802539576,1855567.4296936372,16
-1321367.86753743,1855567.4296936372,16
-1320904.5548209026,1855567.4296936372,16
-1320441.242104375,1855567.4296936372,16
-1319977.9293878477,1855567.4296936372,16
-1319514.61667132,1855567.4296936372,16
-1319051.3039547927,1855567.4296936372,16
-1318587.991238265,1855567.4296936372,16
-1318124.6785217377,1855567.4296936372,16
-1317661.36580521,1855567.4296936372,16
-1317198.0530886827,1855567.4296936372,16
-1316734.740372155,1855567.4296936372,16
-1316271.4276556277,1855567.4296936372,16
-1315808.1149391,1855567.4296936372,10
-1315344.8022225727,1855567.4296936372,16
-1314881.4895060451,1855567.4296936372,16
-1314418.1767895175,1855567.4296936372,16
-1313954.8640729901,1855567.4296936372,10
-1313491.5513564625,1855567.4296936372,10
-1313028.2386399352,1855567.4296936372,16
-1312564.9259234075,1855567.4296936372,16
-1312101.6132068802,1855567.4296936372,16
-1311638.3004903526,1855567.4296936372,16
-1311174.9877738252,1855567.4296936372,16
-1310711.6750572976,1855567.4296936372,10
-1310248.3623407702,1855567.4296936372,16
-1309785.0496242426,1855567.4296936372,10
-1309321.7369077152,1855567.4296936372,10
-1308858.4241911876,1855567.4296936372,10
-1308395.1114746602,1855567.4296936372,10
-1307931.7987581326,1855567.4296936372,10
-1307468.486041605,1855567.4296936372,16
-1307005.1733250776,1855567.4296936372,16
-1306541.86060855,1855567.4296936372,16
-1306078.5478920226,1855567.4296936372,16
-1305615.235175495,1855567.4296936372,16
-1305151.9224589677,1855567.4296936372,16
-1304688.60974244,1855567.4296936372,16
-1304225.2970259127,1855567.4296936372,16
-1303761.984309385,1855567.4296936372,16
-1303298.6715928577,1855567.4296936372,16
-1302835.35887633,1855567.4296936372,16
-1302372.0461598027,1855567.4296936372,10
-1301908.733443275,1855567.4296936372,10
-1301445.4207267477,1855567.4296936372,10
-1300982.10801022,1855567.4296936372,10
-1300518.7952936925,1855567.4296936372,10
-1300055.4825771651,1855567.4296936372,16
-1299592.1698606375,1855567.4296936372,16
-1299128.8571441101,1855567.4296936372,16
-1298665.5444275825,1855567.4296936372,16
-1298202.2317110552,1855567.4296936372,16
-1297738.9189945275,1855567.4296936372,16
-1297275.6062780002,1855567.4296936372,16
-1296812.2935614726,1855567.4296936372,16
-1296348.9808449452,1855567.4296936372,16
-1295885.6681284176,1855567.4296936372,10
-1295422.3554118902,1855567.4296936372,16
-1294959.0426953626,1855567.4296936372,10
-1294495.7299788352,1855567.4296936372,10
-1294032.4172623076,1855567.4296936372,10
-1293569.10454578,1855567.4296936372,16
-1293105.7918292526,1855567.4296936372,16
-1292642.479112725,1855567.4296936372,16
-1292179.1663961976,1855567.4296936372,16
-1291715.85367967,1855567.4296936372,16
-1291252.5409631426,1855567.4296936372,10
-1290789.228246615,1855567.4296936372,10
-1290325.9155300877,1855567.4296936372,10
-1289862.60281356,1855567.4296936372,10
-1289399.2900970327,1855567.4296936372,10
-1288935.977380505,1855567.4296936372,10
-1288472.6646639777,1855567.4296936372,7
-1288009.35194745,1855567.4296936372,7
-1287546.0392309227,1855567.4296936372,7
-1287082.726514395,1855567.4296936372,10
-1286619.4137978677,1855567.4296936372,10
-1286156.10108134,1855567.4296936372,10
-1285692.7883648127,1855567.4296936372,10
-1285229.4756482851,1855567.4296936372,10
-1284766.1629317575,1855567.4296936372,10
-1284302.8502152301,1855567.4296936372,10
-1283839.5374987025,1855567.4296936372,10
-1283376.2247821752,1855567.4296936372,10
-1282912.9120656475,1855567.4296936372,10
-1282449.5993491202,1855567.4296936372,10
-1281986.2866325926,1855567.4296936372,10
-1281522.9739160652,1855567.4296936372,10
-1281059.6611995376,1855567.4296936372,10
-1280596.3484830102,1855567.4296936372,10
-1280133.0357664826,1855567.4296936372,10
-1279669.7230499552,1855567.4296936372,16
-1279206.4103334276,1855567.4296936372,10
-1278743.0976169002,1855567.4296936372,16
-1278279.7849003726,1855567.4296936372,16
-1277816.472183845,1855567.4296936372,16
-1277353.1594673176,1855567.4296936372,10
-1276889.84675079,1855567.4296936372,10
-1276426.5340342626,1855567.4296936372,10
-1275963.221317735,1855567.4296936372,10
-1275499.9086012077,1855567.4296936372,16
-1275036.59588468,1855567.4296936372,16
-1274573.2831681527,1855567.4296936372,10
-1274109.970451625,1855567.4296936372,10
-1273646.6577350977,1855567.4296936372,10
-1273183.34501857,1855567.4296936372,10
-1272720.0323020427,1855567.4296936372,10
-1272256.719585515,1855567.4296936372,10
-1271793.4068689877,1855567.4296936372,10
-1271330.09415246,1855567.4296936372,10
-1270866.7814359325,1855567.4296936372,10
-1270403.4687194051,1855567.4296936372,10
-1269940.1560028775,1855567.4296936372,10
-1269476.8432863501,1855567.4296936372,10
-1269013.5305698225,1855567.4296936372,16
-1268550.2178532952,1855567.4296936372,16
-1268086.9051367675,1855567.4296936372,16
-1267623.5924202402,1855567.4296936372,10
-1267160.2797037126,1855567.4296936372,10
-1266696.9669871852,1855567.4296936372,10
-1266233.6542706576,1855567.4296936372,10
-1265770.3415541302,1855567.4296936372,10
-1265307.0288376026,1855567.4296936372,10
-1264843.7161210752,1855567.4296936372,10
-1264380.4034045476,1855567.4296936372,10
-1263917.09068802,1855567.4296936372,10
-1263453.7779714926,1855567.4296936372,10
-1262990.465254965,1855567.4296936372,10
-1262527.1525384376,1855567.4296936372,10
-1262063.83982191,1855567.4296936372,10
-1261600.5271053826,1855567.4296936372,10
-1261137.214388855,1855567.4296936372,10
-1260673.9016723277,1855567.4296936372,10
-1260210.5889558,1855567.4296936372,10
-1259747.2762392727,1855567.4296936372,10
-1259283.963522745,1855567.4296936372,10
-1258820.6508062177,1855567.4296936372,10
-1258357.33808969,1855567.4296936372,10
-1257894.0253731627,1855567.4296936372,10
-1257430.712656635,1855567.4296936372,10
-1256967.3999401077,1855567.4296936372,10
-1256504.08722358,1855567.4296936372,10
-1256040.7745070527,1855567.4296936372,10
-1255577.4617905251,1855567.4296936372,10
-1255114.1490739975,1855567.4296936372,10
-1254650.8363574701,1855567.4296936372,10
-1254187.5236409425,1855567.4296936372,10
-1253724.2109244152,1855567.4296936372,10
-1253260.8982078875,1855567.4296936372,10
-1252797.5854913602,1855567.4296936372,10
-1252334.2727748326,1855567.4296936372,10
-1251870.9600583052,1855567.4296936372,10
-1251407.6473417776,1855567.4296936372,10
-1250944.3346252502,1855567.4296936372,10
-1250481.0219087226,1855567.4296936372,10
-1250017.7091921952,1855567.4296936372,10
-1249554.3964756676,1855567.4296936372,10
-1249091.0837591402,1855567.4296936372,10
-1248627.7710426126,1855567.4296936372,10
-1248164.458326085,1855567.4296936372,10
-1247701.1456095576,1855567.4296936372,10
-1247237.83289303,1855567.4296936372,10
-1246774.5201765026,1855567.4296936372,10
-1246311.207459975,1855567.4296936372,10
-1245847.8947434477,1855567.4296936372,10
-1245384.58202692,1855567.4296936372,10
-1244921.2693103927,1855567.4296936372,10
-1244457.956593865,1855567.4296936372,10
-1243994.6438773377,1855567.4296936372,10
-1243531.33116081,1855567.4296936372,10
-1243068.0184442827,1855567.4296936372,10
-1242604.705727755,1855567.4296936372,10
-1242141.3930112277,1855567.4296936372,10
-1241678.0802947,1855567.4296936372,10
-1241214.7675781725,1855567.4296936372,10
-1240751.4548616451,1855567.4296936372,10
-1240288.1421451175,1855567.4296936372,10
-1239824.8294285901,1855567.4296936372,10
-1239361.5167120625,1855567.4296936372,10
-1238898.2039955352,1855567.4296936372,10
-1238434.8912790075,1855567.4296936372,10
-1237971.5785624802,1855567.4296936372,10
-1237508.2658459526,1855567.4296936372,10
-1237044.9531294252,1855567.4296936372,10
-1236581.6404128976,1855567.4296936372,10
-1236118.3276963702,1855567.4296936372,10
-1235655.0149798426,1855567.4296936372,10
-1235191.7022633152,1855567.4296936372,10
-1234728.3895467876,1855567.4296936372,10
-1234265.07683026,1855567.4296936372,10
-1233801.7641137326,1855567.4296936372,10
-1233338.4513972052,1855567.4296936372,10
-1232875.1386806776,1855567.4296936372,10
-1232411.82596415,1855567.4296936372,10
-1231948.5132476226,1855567.4296936372,10
-1231485.200531095,1855567.4296936372,10
-1231021.8878145677,1855567.4296936372,10
-1230558.57509804,1855567.4296936372,10
-1230095.2623815127,1855567.4296936372,10
-1229631.949664985,1855567.4296936372,10
-1229168.6369484577,1855567.4296936372,10
-1228705.32423193,1855567.4296936372,10
-1228242.0115154027,1855567.4296936372,10
-1227778.698798875,1855567.4296936372,10
-1227315.3860823475,1855567.4296936372,10
-1226852.07336582,1855567.4296936372,10
-1226388.7606492927,1855567.4296936372,10
-1225925.4479327651,1855567.4296936372,10
-1225462.1352162375,1855567.4296936372,10
-1224998.8224997101,1855567.4296936372,10
-1224535.5097831825,1855567.4296936372,10
-1224072.1970666551,1855567.4296936372,10
-1223608.8843501275,1855567.4296936372,10
-1223145.5716336002,1855567.4296936372,10
-1222682.2589170726,1855567.4296936372,16
-1222218.9462005452,1855567.4296936372,16
-1221755.6334840176,1855567.4296936372,10
-1221292.3207674902,1855567.4296936372,10
-1220829.0080509626,1855567.4296936372,10
-1220365.6953344352,1855567.4296936372,10
-1219902.3826179076,1855567.4296936372,10
-1219439.0699013802,1855567.4296936372,10
-1218975.7571848526,1855567.4296936372,10
-1218512.444468325,1855567.4296936372,10
-1218049.1317517976,1855567.4296936372,10
-1217585.81903527,1855567.4296936372,10
-1217122.5063187426,1855567.4296936372,10
-1216659.193602215,1855567.4296936372,10
-1216195.8808856877,1855567.4296936372,10
-1215732.56816916,1855567.4296936372,10
-1215269.2554526327,1855567.4296936372,10
-1214805.942736105,1855567.4296936372,10
-1214342.6300195777,1855567.4296936372,10
-1213879.31730305,1855567.4296936372,10
-1213416.0045865227,1855567.4296936372,10
-1212952.691869995,1855567.4296936372,10
-1212489.3791534677,1855567.4296936372,10
-1212026.06643694,1855567.4296936372,10
-1211562.7537204125,1855567.4296936372,10
-1211099.4410038851,1855567.4296936372,10
-1210636.1282873575,1855567.4296936372,10
-1210172.8155708301,1855567.4296936372,10
-1209709.5028543025,1855567.4296936372,10
-1209246.1901377751,1855567.4296936372,10
-1208782.8774212475,1855567.4296936372,10
-1208319.5647047202,1855567.4296936372,10
-1207856.2519881926,1855567.4296936372,10
-1207392.9392716652,1855567.4296936372,10
-1206929.6265551376,1855567.4296936372,10
-1206466.3138386102,1855567.4296936372,10
-1206003.0011220826,1855567.4296936372,10
-1205539.6884055552,1855567.4296936372,10
-1205076.3756890276,1855567.4296936372,10
-1204613.0629725,1855567.4296936372,10
-1204149.7502559726,1855567.4296936372,10
-1203686.4375394452,1855567.4296936372,10
-1203223.1248229176,1855567.4296936372,10
-1202759.81210639,1855567.4296936372,10
-1202296.4993898626,1855567.4296936372,10
-1201833.186673335,1855567.4296936372,10
-1201369.8739568077,1855567.4296936372,10
-1200906.56124028,1855567.4296936372,10
-1200443.2485237527,1855567.4296936372,10
-1199979.935807225,1855567.4296936372,10
-1199516.6230906977,1855567.4296936372,10
-1199053.31037417,1855567.4296936372,10
-1198589.9976576427,1855567.4296936372,10
-1198126.684941115,1855567.4296936372,10
-1197663.3722245875,1855567.4296936372,10
-1197200.05950806,1855567.4296936372,10
-1196736.7467915327,1855567.4296936372,10
-1196273.4340750051,1855567.4296936372,10
-1195810.1213584775,1855567.4296936372,10
-1195346.8086419501,1855567.4296936372,10
-1194883.4959254225,1855567.4296936372,10
-1194420.1832088951,1855567.4296936372,10
-1193956.8704923675,1855567.4296936372,10
-1193493.5577758402,1855567.4296936372,10
-1193030.2450593126,1855567.4296936372,10
-1192566.9323427852,1855567.4296936372,10
-1192103.6196262576,1855567.4296936372,10
-1191640.3069097302,1855567.4296936372,10
-1191176.9941932026,1855567.4296936372,10
-1190713.6814766752,1855567.4296936372,10
-1190250.3687601476,1855567.4296936372,10
-1189787.0560436202,1855567.4296936372,10
-1189323.7433270926,1855567.4296936372,10
-1188860.430610565,1855567.4296936372,10
-1188397.1178940376,1855567.4296936372,10
-1187933.80517751,1855567.4296936372,10
-1187470.4924609826,1855567.4296936372,10
-1187007.179744455,1855567.4296936372,10
-1186543.8670279277,1855567.4296936372,10
-1186080.5543114,1855567.4296936372,10
-1185617.2415948727,1855567.4296936372,10
-1185153.928878345,1855567.4296936372,10
-1184690.6161618177,1855567.4296936372,10
-1184227.30344529,1855567.4296936372,10
-1183763.9907287627,1855567.4296936372,10
-1183300.678012235,1855567.4296936372,10
-1182837.3652957077,1855567.4296936372,10
-1182374.05257918,1855567.4296936372,10
-1181910.7398626525,1855567.4296936372,10
-1181447.4271461251,1855567.4296936372,10
-1180984.1144295975,1855567.4296936372,10
-1180520.8017130701,1855567.4296936372,10
-1180057.4889965425,1855567.4296936372,10
-1179594.1762800151,1855567.4296936372,10
-1179130.8635634875,1855567.4296936372,10
-1178667.5508469602,1855567.4296936372,10
-1178204.2381304326,1855567.4296936372,10
-1177740.9254139052,1855567.4296936372,10
-1177277.6126973776,1855567.4296936372,10
-1176814.2999808502,1855567.4296936372,10
-1176350.9872643226,1855567.4296936372,10
-1175887.6745477952,1855567.4296936372,10
-1175424.3618312676,1855567.4296936372,10
-1174961.04911474,1855567.4296936372,10
-1174497.7363982126,1855567.4296936372,10
-1174034.4236816852,1855567.4296936372,10
-1173571.1109651576,1855567.4296936372,10
-1173107.79824863,1855567.4296936372,10
-1172644.4855321026,1855567.4296936372,10
-1172181.172815575,1855567.4296936372,10
-1171717.8600990477,1855567.4296936372,10
-1171254.54738252,1855567.4296936372,10
-1170791.2346659927,1855567.4296936372,10
-1170327.921949465,1855567.4296936372,10
-1169864.6092329377,1855567.4296936372,10
-1169401.29651641,1855567.4296936372,10
-1168937.9837998827,1855567.4296936372,10
-1168474.671083355,1855567.4296936372,10
-1168011.3583668275,1855567.4296936372,10
-1167548.0456503,1855567.4296936372,10
-1167084.7329337727,1855567.4296936372,10
-1166621.4202172451,1855567.4296936372,10
-1166158.1075007175,1855567.4296936372,10
-1165694.7947841901,1855567.4296936372,10
-1165231.4820676625,1855567.4296936372,10
-1164768.1693511351,1855567.4296936372,10
-1164304.8566346075,1855567.4296936372,10
-1163841.5439180802,1855567.4296936372,10
-1163378.2312015526,1855567.4296936372,10
-1162914.9184850252,1855567.4296936372,10
-1162451.6057684976,1855567.4296936372,10
-1161988.2930519702,1855567.4296936372,10
-1161524.9803354426,1855567.4296936372,10
-1161061.6676189152,1855567.4296936372,10
-1160598.3549023876,1855567.4296936372,10
-1160135.0421858602,1855567.4296936372,10
-1159671.7294693326,1855567.4296936372,10
-1159208.416752805,1855567.4296936372,10
-1158745.1040362776,1855567.4296936372,10
-1158281.79131975,1855567.4296936372,10
-1367235.8264736526,1855104.1169771096,10
-1366772.513757125,1855104.1169771096,10
-1366309.2010405976,1855104.1169771096,10
-1365845.88832407,1855104.1169771096,10
-1365382.5756075426,1855104.1169771096,10
-1364919.262891015,1855104.1169771096,10
-1364455.9501744877,1855104.1169771096,10
-1363992.63745796,1855104.1169771096,10
-1363529.3247414327,1855104.1169771096,10
-1363066.012024905,1855104.1169771096,10
-1362602.6993083777,1855104.1169771096,16
-1362139.38659185,1855104.1169771096,10
-1361676.0738753227,1855104.1169771096,10
-1361212.761158795,1855104.1169771096,10
-1360749.4484422677,1855104.1169771096,10
-1360286.13572574,1855104.1169771096,10
-1359822.8230092125,1855104.1169771096,16
-1359359.5102926851,1855104.1169771096,16
-1358896.1975761575,1855104.1169771096,16
-1358432.8848596301,1855104.1169771096,16
-1357969.5721431025,1855104.1169771096,16
-1357506.2594265752,1855104.1169771096,16
-1357042.9467100475,1855104.1169771096,16
-1356579.6339935202,1855104.1169771096,16
-1356116.3212769926,1855104.1169771096,16
-1355653.0085604652,1855104.1169771096,16
-1355189.6958439376,1855104.1169771096,10
-1354726.3831274102,1855104.1169771096,10
-1354263.0704108826,1855104.1169771096,10
-1353799.7576943552,1855104.1169771096,10
-1353336.4449778276,1855104.1169771096,16
-1352873.1322613002,1855104.1169771096,16
-1352409.8195447726,1855104.1169771096,16
-1351946.506828245,1855104.1169771096,16
-1351483.1941117176,1855104.1169771096,10
-1351019.88139519,1855104.1169771096,10
-1350556.5686786626,1855104.1169771096,10
-1350093.255962135,1855104.1169771096,10
-1349629.9432456077,1855104.1169771096,16
-1349166.63052908,1855104.1169771096,16
-1348703.3178125527,1855104.1169771096,16
-1348240.005096025,1855104.1169771096,16
-1347776.6923794977,1855104.1169771096,16
-1347313.37966297,1855104.1169771096,16
-1346850.0669464427,1855104.1169771096,16
-1346386.754229915,1855104.1169771096,16
-1345923.4415133877,1855104.1169771096,16
-1345460.12879686,1855104.1169771096,16
-1344996.8160803327,1855104.1169771096,16
-1344533.5033638051,1855104.1169771096,16
-1344070.1906472775,1855104.1169771096,10
-1343606.8779307501,1855104.1169771096,10
-1343143.5652142225,1855104.1169771096,10
-1342680.2524976952,1855104.1169771096,10
-1342216.9397811675,1855104.1169771096,16
-1341753.6270646402,1855104.1169771096,16
-1341290.3143481126,1855104.1169771096,16
-1340827.0016315852,1855104.1169771096,16
-1340363.6889150576,1855104.1169771096,16
-1339900.3761985302,1855104.1169771096,16
-1339437.0634820026,1855104.1169771096,16
-1338973.7507654752,1855104.1169771096,16
-1338510.4380489476,1855104.1169771096,16
-1338047.1253324202,1855104.1169771096,16
-1337583.8126158926,1855104.1169771096,16
-1337120.499899365,1855104.1169771096,16
-1336657.1871828376,1855104.1169771096,16
-1336193.87446631,1855104.1169771096,16
-1335730.5617497826,1855104.1169771096,16
-1335267.249033255,1855104.1169771096,16
-1334803.9363167277,1855104.1169771096,16
-1334340.6236002,1855104.1169771096,16
-1333877.3108836727,1855104.1169771096,16
-1333413.998167145,1855104.1169771096,16
-1332950.6854506177,1855104.1169771096,16
-1332487.37273409,1855104.1169771096,16
-1332024.0600175627,1855104.1169771096,16
-1331560.747301035,1855104.1169771096,16
-1331097.4345845077,1855104.1169771096,16
-1330634.12186798,1855104.1169771096,16
-1330170.8091514525,1855104.1169771096,16
-1329707.4964349251,1855104.1169771096,16
-1329244.1837183975,1855104.1169771096,16
-1328780.8710018701,1855104.1169771096,16
-1328317.5582853425,1855104.1169771096,16
-1327854.2455688152,1855104.1169771096,16
-1327390.9328522875,1855104.1169771096,16
-1326927.6201357602,1855104.1169771096,16
-1326464.3074192326,1855104.1169771096,16
-1326000.9947027052,1855104.1169771096,16
-1325537.6819861776,1855104.1169771096,16
-1325074.3692696502,1855104.1169771096,16
-1324611.0565531226,1855104.1169771096,16
-1324147.7438365952,1855104.1169771096,16
-1323684.4311200676,1855104.1169771096,16
-1323221.11840354,1855104.1169771096,16
-1322757.8056870126,1855104.1169771096,16
-1322294.492970485,1855104.1169771096,16
-1321831.1802539576,1855104.1169771096,16
-1321367.86753743,1855104.1169771096,16
-1320904.5548209026,1855104.1169771096,16
-1320441.242104375,1855104.1169771096,16
-1319977.9293878477,1855104.1169771096,16
-1319514.61667132,1855104.1169771096,16
-1319051.3039547927,1855104.1169771096,16
-1318587.991238265,1855104.1169771096,16
-1318124.6785217377,1855104.1169771096,16
-1317661.36580521,1855104.1169771096,16
-1317198.0530886827,1855104.1169771096,16
-1316734.740372155,1855104.1169771096,16
-1316271.4276556277,1855104.1169771096,16
-1315808.1149391,1855104.1169771096,10
-1315344.8022225727,1855104.1169771096,10
-1314881.4895060451,1855104.1169771096,10
-1314418.1767895175,1855104.1169771096,16
-1313954.8640729901,1855104.1169771096,10
-1313491.5513564625,1855104.1169771096,10
-1313028.2386399352,1855104.1169771096,16
-1312564.9259234075,1855104.1169771096,16
-1312101.6132068802,1855104.1169771096,16
-1311638.3004903526,1855104.1169771096,16
-1311174.9877738252,1855104.1169771096,16
-1310711.6750572976,1855104.1169771096,16
-1310248.3623407702,1855104.1169771096,16
-1309785.0496242426,1855104.1169771096,16
-1309321.7369077152,1855104.1169771096,16
-1308858.4241911876,1855104.1169771096,16
-1308395.1114746602,1855104.1169771096,10
-1307931.7987581326,1855104.1169771096,16
-1307468.486041605,1855104.1169771096,16
-1307005.1733250776,1855104.1169771096,16
-1306541.86060855,1855104.1169771096,10
-1306078.5478920226,1855104.1169771096,10
-1305615.235175495,1855104.1169771096,16
-1305151.9224589677,1855104.1169771096,16
-1304688.60974244,1855104.1169771096,16
-1304225.2970259127,1855104.1169771096,16
-1303761.984309385,1855104.1169771096,16
-1303298.6715928577,1855104.1169771096,16
-1302835.35887633,1855104.1169771096,16
-1302372.0461598027,1855104.1169771096,10
-1301908.733443275,1855104.1169771096,10
-1301445.4207267477,1855104.1169771096,10
-1300982.10801022,1855104.1169771096,10
-1300518.7952936925,1855104.1169771096,16
-1300055.4825771651,1855104.1169771096,10
-1299592.1698606375,1855104.1169771096,10
-1299128.8571441101,1855104.1169771096,16
-1298665.5444275825,1855104.1169771096,16
-1298202.2317110552,1855104.1169771096,16
-1297738.9189945275,1855104.1169771096,16
-1297275.6062780002,1855104.1169771096,16
-1296812.2935614726,1855104.1169771096,16
-1296348.9808449452,1855104.1169771096,16
-1295885.6681284176,1855104.1169771096,10
-1295422.3554118902,1855104.1169771096,16
-1294959.0426953626,1855104.1169771096,10
-1294495.7299788352,1855104.1169771096,10
-1294032.4172623076,1855104.1169771096,10
-1293569.10454578,1855104.1169771096,10
-1293105.7918292526,1855104.1169771096,16
-1292642.479112725,1855104.1169771096,16
-1292179.1663961976,1855104.1169771096,16
-1291715.85367967,1855104.1169771096,16
-1291252.5409631426,1855104.1169771096,16
-1290789.228246615,1855104.1169771096,10
-1290325.9155300877,1855104.1169771096,10
-1289862.60281356,1855104.1169771096,10
-1289399.2900970327,1855104.1169771096,10
-1288935.977380505,1855104.1169771096,10
-1288472.6646639777,1855104.1169771096,7
-1288009.35194745,1855104.1169771096,10
-1287546.0392309227,1855104.1169771096,10
-1287082.726514395,1855104.1169771096,10
-1286619.4137978677,1855104.1169771096,10
-1286156.10108134,1855104.1169771096,10
-1285692.7883648127,1855104.1169771096,10
-1285229.4756482851,1855104.1169771096,10
-1284766.1629317575,1855104.1169771096,10
-1284302.8502152301,1855104.1169771096,16
-1283839.5374987025,1855104.1169771096,16
-1283376.2247821752,1855104.1169771096,16
-1282912.9120656475,1855104.1169771096,10
-1282449.5993491202,1855104.1169771096,10
-1281986.2866325926,1855104.1169771096,10
-1281522.9739160652,1855104.1169771096,10
-1281059.6611995376,1855104.1169771096,10
-1280596.3484830102,1855104.1169771096,10
-1280133.0357664826,1855104.1169771096,10
-1279669.7230499552,1855104.1169771096,16
-1279206.4103334276,1855104.1169771096,10
-1278743.0976169002,1855104.1169771096,10
-1278279.7849003726,1855104.1169771096,16
-1277816.472183845,1855104.1169771096,10
-1277353.1594673176,1855104.1169771096,10
-1276889.84675079,1855104.1169771096,10
-1276426.5340342626,1855104.1169771096,10
-1275963.221317735,1855104.1169771096,10
-1275499.9086012077,1855104.1169771096,10
-1275036.59588468,1855104.1169771096,16
-1274573.2831681527,1855104.1169771096,10
-1274109.970451625,1855104.1169771096,10
-1273646.6577350977,1855104.1169771096,10
-1273183.34501857,1855104.1169771096,10
-1272720.0323020427,1855104.1169771096,10
-1272256.719585515,1855104.1169771096,10
-1271793.4068689877,1855104.1169771096,10
-1271330.09415246,1855104.1169771096,10
-1270866.7814359325,1855104.1169771096,10
-1270403.4687194051,1855104.1169771096,16
-1269940.1560028775,1855104.1169771096,16
-1269476.8432863501,1855104.1169771096,16
-1269013.5305698225,1855104.1169771096,16
-1268550.2178532952,1855104.1169771096,10
-1268086.9051367675,1855104.1169771096,10
-1267623.5924202402,1855104.1169771096,10
-1267160.2797037126,1855104.1169771096,10
-1266696.9669871852,1855104.1169771096,10
-1266233.6542706576,1855104.1169771096,16
-1265770.3415541302,1855104.1169771096,16
-1265307.0288376026,1855104.1169771096,10
-1264843.7161210752,1855104.1169771096,10
-1264380.4034045476,1855104.1169771096,10
-1263917.09068802,1855104.1169771096,10
-1263453.7779714926,1855104.1169771096,10
-1262990.465254965,1855104.1169771096,10
-1262527.1525384376,1855104.1169771096,10
-1262063.83982191,1855104.1169771096,10
-1261600.5271053826,1855104.1169771096,10
-1261137.214388855,1855104.1169771096,10
-1260673.9016723277,1855104.1169771096,10
-1260210.5889558,1855104.1169771096,10
-1259747.2762392727,1855104.1169771096,10
-1259283.963522745,1855104.1169771096,10
-1258820.6508062177,1855104.1169771096,10
-1258357.33808969,1855104.1169771096,10
-1257894.0253731627,1855104.1169771096,10
-1257430.712656635,1855104.1169771096,10
-1256967.3999401077,1855104.1169771096,10
-1256504.08722358,1855104.1169771096,10
-1256040.7745070527,1855104.1169771096,10
-1255577.4617905251,1855104.1169771096,10
-1255114.1490739975,1855104.1169771096,10
-1254650.8363574701,1855104.1169771096,10
-1254187.5236409425,1855104.1169771096,10
-1253724.2109244152,1855104.1169771096,10
-1253260.8982078875,1855104.1169771096,10
-1252797.5854913602,1855104.1169771096,10
-1252334.2727748326,1855104.1169771096,10
-1251870.9600583052,1855104.1169771096,10
-1251407.6473417776,1855104.1169771096,10
-1250944.3346252502,1855104.1169771096,10
-1250481.0219087226,1855104.1169771096,10
-1250017.7091921952,1855104.1169771096,10
-1249554.3964756676,1855104.1169771096,10
-1249091.0837591402,1855104.1169771096,10
-1248627.7710426126,1855104.1169771096,10
-1248164.458326085,1855104.1169771096,10
-1247701.1456095576,1855104.1169771096,10
-1247237.83289303,1855104.1169771096,10
-1246774.5201765026,1855104.1169771096,10
-1246311.207459975,1855104.1169771096,10
-1245847.8947434477,1855104.1169771096,10
-1245384.58202692,1855104.1169771096,10
-1244921.2693103927,1855104.1169771096,10
-1244457.956593865,1855104.1169771096,10
-1243994.6438773377,1855104.1169771096,10
-1243531.33116081,1855104.1169771096,10
-1243068.0184442827,1855104.1169771096,10
-1242604.705727755,1855104.1169771096,10
-1242141.3930112277,1855104.1169771096,10
-1241678.0802947,1855104.1169771096,10
-1241214.7675781725,1855104.1169771096,10
-1240751.4548616451,1855104.1169771096,10
-1240288.1421451175,1855104.1169771096,10
-1239824.8294285901,1855104.1169771096,10
-1239361.5167120625,1855104.1169771096,10
-1238898.2039955352,1855104.1169771096,10
-1238434.8912790075,1855104.1169771096,10
-1237971.5785624802,1855104.1169771096,10
-1237508.2658459526,1855104.1169771096,10
-1237044.9531294252,1855104.1169771096,10
-1236581.6404128976,1855104.1169771096,10
-1236118.3276963702,1855104.1169771096,10
-1235655.0149798426,1855104.1169771096,10
-1235191.7022633152,1855104.1169771096,10
-1234728.3895467876,1855104.1169771096,10
-1234265.07683026,1855104.1169771096,10
-1233801.7641137326,1855104.1169771096,10
-1233338.4513972052,1855104.1169771096,10
-1232875.1386806776,1855104.1169771096,10
-1232411.82596415,1855104.1169771096,10
-1231948.5132476226,1855104.1169771096,10
-1231485.200531095,1855104.1169771096,10
-1231021.8878145677,1855104.1169771096,10
-1230558.57509804,1855104.1169771096,10
-1230095.2623815127,1855104.1169771096,10
-1229631.949664985,1855104.1169771096,10
-1229168.6369484577,1855104.1169771096,10
-1228705.32423193,1855104.1169771096,10
-1228242.0115154027,1855104.1169771096,10
-1227778.698798875,1855104.1169771096,10
-1227315.3860823475,1855104.1169771096,10
-1226852.07336582,1855104.1169771096,10
-1226388.7606492927,1855104.1169771096,10
-1225925.4479327651,1855104.1169771096,10
-1225462.1352162375,1855104.1169771096,10
-1224998.8224997101,1855104.1169771096,10
-1224535.5097831825,1855104.1169771096,10
-1224072.1970666551,1855104.1169771096,10
-1223608.8843501275,1855104.1169771096,10
-1223145.5716336002,1855104.1169771096,10
-1222682.2589170726,1855104.1169771096,10
-1222218.9462005452,1855104.1169771096,10
-1221755.6334840176,1855104.1169771096,10
-1221292.3207674902,1855104.1169771096,10
-1220829.0080509626,1855104.1169771096,10
-1220365.6953344352,1855104.1169771096,10
-1219902.3826179076,1855104.1169771096,10
-1219439.0699013802,1855104.1169771096,10
-1218975.7571848526,1855104.1169771096,10
-1218512.444468325,1855104.1169771096,10
-1218049.1317517976,1855104.1169771096,10
-1217585.81903527,1855104.1169771096,10
-1217122.5063187426,1855104.1169771096,10
-1216659.193602215,1855104.1169771096,10
-1216195.8808856877,1855104.1169771096,10
-1215732.56816916,1855104.1169771096,10
-1215269.2554526327,1855104.1169771096,10
-1214805.942736105,1855104.1169771096,10
-1214342.6300195777,1855104.1169771096,10
-1213879.31730305,1855104.1169771096,10
-1213416.0045865227,1855104.1169771096,10
-1212952.691869995,1855104.1169771096,10
-1212489.3791534677,1855104.1169771096,10
-1212026.06643694,1855104.1169771096,10
-1211562.7537204125,1855104.1169771096,10
-1211099.4410038851,1855104.1169771096,10
-1210636.1282873575,1855104.1169771096,10
-1210172.8155708301,1855104.1169771096,10
-1209709.5028543025,1855104.1169771096,10
-1209246.1901377751,1855104.1169771096,10
-1208782.8774212475,1855104.1169771096,10
-1208319.5647047202,1855104.1169771096,10
-1207856.2519881926,1855104.1169771096,10
-1207392.9392716652,1855104.1169771096,10
-1206929.6265551376,1855104.1169771096,10
-1206466.3138386102,1855104.1169771096,10
-1206003.0011220826,1855104.1169771096,10
-1205539.6884055552,1855104.1169771096,10
-1205076.3756890276,1855104.1169771096,10
-1204613.0629725,1855104.1169771096,10
-1204149.7502559726,1855104.1169771096,10
-1203686.4375394452,1855104.1169771096,10
-1203223.1248229176,1855104.1169771096,10
-1202759.81210639,1855104.1169771096,10
-1202296.4993898626,1855104.1169771096,10
-1201833.186673335,1855104.1169771096,10
-1201369.8739568077,1855104.1169771096,10
-1200906.56124028,1855104.1169771096,10
-1200443.2485237527,1855104.1169771096,10
-1199979.935807225,1855104.1169771096,10
-1199516.6230906977,1855104.1169771096,10
-1199053.31037417,1855104.1169771096,10
-1198589.9976576427,1855104.1169771096,10
-1198126.684941115,1855104.1169771096,10
-1197663.3722245875,1855104.1169771096,10
-1197200.05950806,1855104.1169771096,10
-1196736.7467915327,1855104.1169771096,10
-1196273.4340750051,1855104.1169771096,10
-1195810.1213584775,1855104.1169771096,10
-1195346.8086419501,1855104.1169771096,10
-1194883.4959254225,1855104.1169771096,10
-1194420.1832088951,1855104.1169771096,10
-1193956.8704923675,1855104.1169771096,10
-1193493.5577758402,1855104.1169771096,10
-1193030.2450593126,1855104.1169771096,10
-1192566.9323427852,1855104.1169771096,10
-1192103.6196262576,1855104.1169771096,10
-1191640.3069097302,1855104.1169771096,10
-1191176.9941932026,1855104.1169771096,10
-1190713.6814766752,1855104.1169771096,10
-1190250.3687601476,1855104.1169771096,10
-1189787.0560436202,1855104.1169771096,10
-1189323.7433270926,1855104.1169771096,10
-1188860.430610565,1855104.1169771096,10
-1188397.1178940376,1855104.1169771096,10
-1187933.80517751,1855104.1169771096,10
-1187470.4924609826,1855104.1169771096,10
-1187007.179744455,1855104.1169771096,10
-1186543.8670279277,1855104.1169771096,10
-1186080.5543114,1855104.1169771096,10
-1185617.2415948727,1855104.1169771096,10
-1185153.928878345,1855104.1169771096,10
-1184690.6161618177,1855104.1169771096,10
-1184227.30344529,1855104.1169771096,10
-1183763.9907287627,1855104.1169771096,10
-1183300.678012235,1855104.1169771096,10
-1182837.3652957077,1855104.1169771096,10
-1182374.05257918,1855104.1169771096,10
-1181910.7398626525,1855104.1169771096,10
-1181447.4271461251,1855104.1169771096,10
-1180984.1144295975,1855104.1169771096,10
-1180520.8017130701,1855104.1169771096,10
-1180057.4889965425,1855104.1169771096,10
-1179594.1762800151,1855104.1169771096,10
-1179130.8635634875,1855104.1169771096,10
-1178667.5508469602,1855104.1169771096,10
-1178204.2381304326,1855104.1169771096,10
-1177740.9254139052,1855104.1169771096,10
-1177277.6126973776,1855104.1169771096,10
-1176814.2999808502,1855104.1169771096,10
-1176350.9872643226,1855104.1169771096,10
-1175887.6745477952,1855104.1169771096,10
-1175424.3618312676,1855104.1169771096,10
-1174961.04911474,1855104.1169771096,10
-1174497.7363982126,1855104.1169771096,10
-1174034.4236816852,1855104.1169771096,10
-1173571.1109651576,1855104.1169771096,10
-1173107.79824863,1855104.1169771096,10
-1172644.4855321026,1855104.1169771096,10
-1172181.172815575,1855104.1169771096,10
-1171717.8600990477,1855104.1169771096,10
-1171254.54738252,1855104.1169771096,10
-1170791.2346659927,1855104.1169771096,10
-1170327.921949465,1855104.1169771096,10
-1169864.6092329377,1855104.1169771096,10
-1169401.29651641,1855104.1169771096,10
-1168937.9837998827,1855104.1169771096,10
-1168474.671083355,1855104.1169771096,10
-1168011.3583668275,1855104.1169771096,10
-1167548.0456503,1855104.1169771096,10
-1167084.7329337727,1855104.1169771096,10
-1166621.4202172451,1855104.1169771096,10
-1166158.1075007175,1855104.1169771096,10
-1165694.7947841901,1855104.1169771096,10
-1165231.4820676625,1855104.1169771096,10
-1164768.1693511351,1855104.1169771096,10
-1164304.8566346075,1855104.1169771096,10
-1163841.5439180802,1855104.1169771096,10
-1163378.2312015526,1855104.1169771096,10
-1162914.9184850252,1855104.1169771096,10
-1162451.6057684976,1855104.1169771096,10
-1161988.2930519702,1855104.1169771096,10
-1161524.9803354426,1855104.1169771096,10
-1161061.6676189152,1855104.1169771096,10
-1160598.3549023876,1855104.1169771096,10
-1160135.0421858602,1855104.1169771096,10
-1159671.7294693326,1855104.1169771096,10
-1159208.416752805,1855104.1169771096,10
-1158745.1040362776,1855104.1169771096,10
-1158281.79131975,1855104.1169771096,10
-1367235.8264736526,1854640.8042605822,10
-1366772.513757125,1854640.8042605822,10
-1366309.2010405976,1854640.8042605822,10
-1365845.88832407,1854640.8042605822,10
-1365382.5756075426,1854640.8042605822,16
-1364919.262891015,1854640.8042605822,10
-1364455.9501744877,1854640.8042605822,10
-1363992.63745796,1854640.8042605822,10
-1363529.3247414327,1854640.8042605822,10
-1363066.012024905,1854640.8042605822,10
-1362602.6993083777,1854640.8042605822,10
-1362139.38659185,1854640.8042605822,10
-1361676.0738753227,1854640.8042605822,10
-1361212.761158795,1854640.8042605822,10
-1360749.4484422677,1854640.8042605822,10
-1360286.13572574,1854640.8042605822,10
-1359822.8230092125,1854640.8042605822,16
-1359359.5102926851,1854640.8042605822,16
-1358896.1975761575,1854640.8042605822,16
-1358432.8848596301,1854640.8042605822,16
-1357969.5721431025,1854640.8042605822,16
-1357506.2594265752,1854640.8042605822,16
-1357042.9467100475,1854640.8042605822,16
-1356579.6339935202,1854640.8042605822,16
-1356116.3212769926,1854640.8042605822,16
-1355653.0085604652,1854640.8042605822,10
-1355189.6958439376,1854640.8042605822,10
-1354726.3831274102,1854640.8042605822,10
-1354263.0704108826,1854640.8042605822,10
-1353799.7576943552,1854640.8042605822,10
-1353336.4449778276,1854640.8042605822,10
-1352873.1322613002,1854640.8042605822,16
-1352409.8195447726,1854640.8042605822,16
-1351946.506828245,1854640.8042605822,10
-1351483.1941117176,1854640.8042605822,10
-1351019.88139519,1854640.8042605822,10
-1350556.5686786626,1854640.8042605822,10
-1350093.255962135,1854640.8042605822,16
-1349629.9432456077,1854640.8042605822,16
-1349166.63052908,1854640.8042605822,16
-1348703.3178125527,1854640.8042605822,16
-1348240.005096025,1854640.8042605822,16
-1347776.6923794977,1854640.8042605822,16
-1347313.37966297,1854640.8042605822,16
-1346850.0669464427,1854640.8042605822,16
-1346386.754229915,1854640.8042605822,10
-1345923.4415133877,1854640.8042605822,10
-1345460.12879686,1854640.8042605822,16
-1344996.8160803327,1854640.8042605822,10
-1344533.5033638051,1854640.8042605822,10
-1344070.1906472775,1854640.8042605822,10
-1343606.8779307501,1854640.8042605822,16
-1343143.5652142225,1854640.8042605822,16
-1342680.2524976952,1854640.8042605822,16
-1342216.9397811675,1854640.8042605822,16
-1341753.6270646402,1854640.8042605822,16
-1341290.3143481126,1854640.8042605822,16
-1340827.0016315852,1854640.8042605822,16
-1340363.6889150576,1854640.8042605822,16
-1339900.3761985302,1854640.8042605822,16
-1339437.0634820026,1854640.8042605822,16
-1338973.7507654752,1854640.8042605822,16
-1338510.4380489476,1854640.8042605822,16
-1338047.1253324202,1854640.8042605822,16
-1337583.8126158926,1854640.8042605822,16
-1337120.499899365,1854640.8042605822,16
-1336657.1871828376,1854640.8042605822,16
-1336193.87446631,1854640.8042605822,16
-1335730.5617497826,1854640.8042605822,16
-1335267.249033255,1854640.8042605822,16
-1334803.9363167277,1854640.8042605822,16
-1334340.6236002,1854640.8042605822,16
-1333877.3108836727,1854640.8042605822,16
-1333413.998167145,1854640.8042605822,16
-1332950.6854506177,1854640.8042605822,16
-1332487.37273409,1854640.8042605822,16
-1332024.0600175627,1854640.8042605822,16
-1331560.747301035,1854640.8042605822,16
-1331097.4345845077,1854640.8042605822,16
-1330634.12186798,1854640.8042605822,16
-1330170.8091514525,1854640.8042605822,16
-1329707.4964349251,1854640.8042605822,16
-1329244.1837183975,1854640.8042605822,16
-1328780.8710018701,1854640.8042605822,16
-1328317.5582853425,1854640.8042605822,16
-1327854.2455688152,1854640.8042605822,10
-1327390.9328522875,1854640.8042605822,16
-1326927.6201357602,1854640.8042605822,16
-1326464.3074192326,1854640.8042605822,16
-1326000.9947027052,1854640.8042605822,16
-1325537.6819861776,1854640.8042605822,16
-1325074.3692696502,1854640.8042605822,16
-1324611.0565531226,1854640.8042605822,16
-1324147.7438365952,1854640.8042605822,16
-1323684.4311200676,1854640.8042605822,16
-1323221.11840354,1854640.8042605822,16
-1322757.8056870126,1854640.8042605822,16
-1322294.492970485,1854640.8042605822,16
-1321831.1802539576,1854640.8042605822,16
-1321367.86753743,1854640.8042605822,16
-1320904.5548209026,1854640.8042605822,10
-1320441.242104375,1854640.8042605822,10
-1319977.9293878477,1854640.8042605822,16
-1319514.61667132,1854640.8042605822,16
-1319051.3039547927,1854640.8042605822,16
-1318587.991238265,1854640.8042605822,16
-1318124.6785217377,1854640.8042605822,10
-1317661.36580521,1854640.8042605822,10
-1317198.0530886827,1854640.8042605822,10
-1316734.740372155,1854640.8042605822,10
-1316271.4276556277,1854640.8042605822,10
-1315808.1149391,1854640.8042605822,10
-1315344.8022225727,1854640.8042605822,10
-1314881.4895060451,1854640.8042605822,10
-1314418.1767895175,1854640.8042605822,16
-1313954.8640729901,1854640.8042605822,16
-1313491.5513564625,1854640.8042605822,16
-1313028.2386399352,1854640.8042605822,16
-1312564.9259234075,1854640.8042605822,16
-1312101.6132068802,1854640.8042605822,16
-1311638.3004903526,1854640.8042605822,16
-1311174.9877738252,1854640.8042605822,16
-1310711.6750572976,1854640.8042605822,16
-1310248.3623407702,1854640.8042605822,16
-1309785.0496242426,1854640.8042605822,10
-1309321.7369077152,1854640.8042605822,10
-1308858.4241911876,1854640.8042605822,10
-1308395.1114746602,1854640.8042605822,16
-1307931.7987581326,1854640.8042605822,16
-1307468.486041605,1854640.8042605822,16
-1307005.1733250776,1854640.8042605822,16
-1306541.86060855,1854640.8042605822,10
-1306078.5478920226,1854640.8042605822,10
-1305615.235175495,1854640.8042605822,10
-1305151.9224589677,1854640.8042605822,16
-1304688.60974244,1854640.8042605822,16
-1304225.2970259127,1854640.8042605822,16
-1303761.984309385,1854640.8042605822,16
-1303298.6715928577,1854640.8042605822,10
-1302835.35887633,1854640.8042605822,10
-1302372.0461598027,1854640.8042605822,10
-1301908.733443275,1854640.8042605822,10
-1301445.4207267477,1854640.8042605822,10
-1300982.10801022,1854640.8042605822,16
-1300518.7952936925,1854640.8042605822,16
-1300055.4825771651,1854640.8042605822,16
-1299592.1698606375,1854640.8042605822,16
-1299128.8571441101,1854640.8042605822,16
-1298665.5444275825,1854640.8042605822,16
-1298202.2317110552,1854640.8042605822,16
-1297738.9189945275,1854640.8042605822,16
-1297275.6062780002,1854640.8042605822,16
-1296812.2935614726,1854640.8042605822,16
-1296348.9808449452,1854640.8042605822,16
-1295885.6681284176,1854640.8042605822,16
-1295422.3554118902,1854640.8042605822,16
-1294959.0426953626,1854640.8042605822,10
-1294495.7299788352,1854640.8042605822,10
-1294032.4172623076,1854640.8042605822,10
-1293569.10454578,1854640.8042605822,10
-1293105.7918292526,1854640.8042605822,10
-1292642.479112725,1854640.8042605822,16
-1292179.1663961976,1854640.8042605822,16
-1291715.85367967,1854640.8042605822,16
-1291252.5409631426,1854640.8042605822,16
-1290789.228246615,1854640.8042605822,10
-1290325.9155300877,1854640.8042605822,10
-1289862.60281356,1854640.8042605822,10
-1289399.2900970327,1854640.8042605822,10
-1288935.977380505,1854640.8042605822,10
-1288472.6646639777,1854640.8042605822,10
-1288009.35194745,1854640.8042605822,10
-1287546.0392309227,1854640.8042605822,10
-1287082.726514395,1854640.8042605822,16
-1286619.4137978677,1854640.8042605822,10
-1286156.10108134,1854640.8042605822,10
-1285692.7883648127,1854640.8042605822,10
-1285229.4756482851,1854640.8042605822,10
-1284766.1629317575,1854640.8042605822,10
-1284302.8502152301,1854640.8042605822,16
-1283839.5374987025,1854640.8042605822,10
-1283376.2247821752,1854640.8042605822,16
-1282912.9120656475,1854640.8042605822,10
-1282449.5993491202,1854640.8042605822,10
-1281986.2866325926,1854640.8042605822,10
-1281522.9739160652,1854640.8042605822,10
-1281059.6611995376,1854640.8042605822,10
-1280596.3484830102,1854640.8042605822,10
-1280133.0357664826,1854640.8042605822,10
-1279669.7230499552,1854640.8042605822,10
-1279206.4103334276,1854640.8042605822,16
-1278743.0976169002,1854640.8042605822,16
-1278279.7849003726,1854640.8042605822,16
-1277816.472183845,1854640.8042605822,10
-1277353.1594673176,1854640.8042605822,10
-1276889.84675079,1854640.8042605822,10
-1276426.5340342626,1854640.8042605822,10
-1275963.221317735,1854640.8042605822,10
-1275499.9086012077,1854640.8042605822,10
-1275036.59588468,1854640.8042605822,10
-1274573.2831681527,1854640.8042605822,10
-1274109.970451625,1854640.8042605822,10
-1273646.6577350977,1854640.8042605822,10
-1273183.34501857,1854640.8042605822,10
-1272720.0323020427,1854640.8042605822,10
-1272256.719585515,1854640.8042605822,10
-1271793.4068689877,1854640.8042605822,10
-1271330.09415246,1854640.8042605822,10
-1270866.7814359325,1854640.8042605822,16
-1270403.4687194051,1854640.8042605822,16
-1269940.1560028775,1854640.8042605822,16
-1269476.8432863501,1854640.8042605822,16
-1269013.5305698225,1854640.8042605822,16
-1268550.2178532952,1854640.8042605822,10
-1268086.9051367675,1854640.8042605822,10
-1267623.5924202402,1854640.8042605822,10
-1267160.2797037126,1854640.8042605822,16
-1266696.9669871852,1854640.8042605822,16
-1266233.6542706576,1854640.8042605822,16
-1265770.3415541302,1854640.8042605822,16
-1265307.0288376026,1854640.8042605822,10
-1264843.7161210752,1854640.8042605822,10
-1264380.4034045476,1854640.8042605822,10
-1263917.09068802,1854640.8042605822,10
-1263453.7779714926,1854640.8042605822,10
-1262990.465254965,1854640.8042605822,10
-1262527.1525384376,1854640.8042605822,10
-1262063.83982191,1854640.8042605822,10
-1261600.5271053826,1854640.8042605822,10
-1261137.214388855,1854640.8042605822,10
-1260673.9016723277,1854640.8042605822,10
-1260210.5889558,1854640.8042605822,10
-1259747.2762392727,1854640.8042605822,10
-1259283.963522745,1854640.8042605822,10
-1258820.6508062177,1854640.8042605822,10
-1258357.33808969,1854640.8042605822,10
-1257894.0253731627,1854640.8042605822,10
-1257430.712656635,1854640.8042605822,10
-1256967.3999401077,1854640.8042605822,10
-1256504.08722358,1854640.8042605822,10
-1256040.7745070527,1854640.8042605822,10
-1255577.4617905251,1854640.8042605822,10
-1255114.1490739975,1854640.8042605822,10
-1254650.8363574701,1854640.8042605822,10
-1254187.5236409425,1854640.8042605822,10
-1253724.2109244152,1854640.8042605822,10
-1253260.8982078875,1854640.8042605822,10
-1252797.5854913602,1854640.8042605822,10
-1252334.2727748326,1854640.8042605822,10
-1251870.9600583052,1854640.8042605822,10
-1251407.6473417776,1854640.8042605822,10
-1250944.3346252502,1854640.8042605822,10
-1250481.0219087226,1854640.8042605822,10
-1250017.7091921952,1854640.8042605822,10
-1249554.3964756676,1854640.8042605822,10
-1249091.0837591402,1854640.8042605822,10
-1248627.7710426126,1854640.8042605822,10
-1248164.458326085,1854640.8042605822,10
-1247701.1456095576,1854640.8042605822,10
-1247237.83289303,1854640.8042605822,10
-1246774.5201765026,1854640.8042605822,10
-1246311.207459975,1854640.8042605822,10
-1245847.8947434477,1854640.8042605822,10
-1245384.58202692,1854640.8042605822,10
-1244921.2693103927,1854640.8042605822,10
-1244457.956593865,1854640.8042605822,10
-1243994.6438773377,1854640.8042605822,10
-1243531.33116081,1854640.8042605822,10
-1243068.0184442827,1854640.8042605822,10
-1242604.705727755,1854640.8042605822,10
-1242141.3930112277,1854640.8042605822,10
-1241678.0802947,1854640.8042605822,10
-1241214.7675781725,1854640.8042605822,10
-1240751.4548616451,1854640.8042605822,10
-1240288.1421451175,1854640.8042605822,10
-1239824.8294285901,1854640.8042605822,10
-1239361.5167120625,1854640.8042605822,10
-1238898.2039955352,1854640.8042605822,10
-1238434.8912790075,1854640.8042605822,10
-1237971.5785624802,1854640.8042605822,10
-1237508.2658459526,1854640.8042605822,10
-1237044.9531294252,1854640.8042605822,10
-1236581.6404128976,1854640.8042605822,10
-1236118.3276963702,1854640.8042605822,10
-1235655.0149798426,1854640.8042605822,10
-1235191.7022633152,1854640.8042605822,10
-1234728.3895467876,1854640.8042605822,10
-1234265.07683026,1854640.8042605822,10
-1233801.7641137326,1854640.8042605822,10
-1233338.4513972052,1854640.8042605822,10
-1232875.1386806776,1854640.8042605822,10
-1232411.82596415,1854640.8042605822,10
-1231948.5132476226,1854640.8042605822,10
-1231485.200531095,1854640.8042605822,10
-1231021.8878145677,1854640.8042605822,10
-1230558.57509804,1854640.8042605822,10
-1230095.2623815127,1854640.8042605822,10
-1229631.949664985,1854640.8042605822,10
-1229168.6369484577,1854640.8042605822,10
-1228705.32423193,1854640.8042605822,10
-1228242.0115154027,1854640.8042605822,10
-1227778.698798875,1854640.8042605822,10
-1227315.3860823475,1854640.8042605822,10
-1226852.07336582,1854640.8042605822,10
-1226388.7606492927,1854640.8042605822,10
-1225925.4479327651,1854640.8042605822,10
-1225462.1352162375,1854640.8042605822,10
-1224998.8224997101,1854640.8042605822,10
-1224535.5097831825,1854640.8042605822,10
-1224072.1970666551,1854640.8042605822,10
-1223608.8843501275,1854640.8042605822,10
-1223145.5716336002,1854640.8042605822,10
-1222682.2589170726,1854640.8042605822,10
-1222218.9462005452,1854640.8042605822,10
-1221755.6334840176,1854640.8042605822,10
-1221292.3207674902,1854640.8042605822,10
-1220829.0080509626,1854640.8042605822,10
-1220365.6953344352,1854640.8042605822,10
-1219902.3826179076,1854640.8042605822,10
-1219439.0699013802,1854640.8042605822,10
-1218975.7571848526,1854640.8042605822,10
-1218512.444468325,1854640.8042605822,10
-1218049.1317517976,1854640.8042605822,10
-1217585.81903527,1854640.8042605822,10
-1217122.5063187426,1854640.8042605822,10
-1216659.193602215,1854640.8042605822,10
-1216195.8808856877,1854640.8042605822,10
-1215732.56816916,1854640.8042605822,10
-1215269.2554526327,1854640.8042605822,10
-1214805.942736105,1854640.8042605822,10
-1214342.6300195777,1854640.8042605822,10
-1213879.31730305,1854640.8042605822,10
-1213416.0045865227,1854640.8042605822,10
-1212952.691869995,1854640.8042605822,10
-1212489.3791534677,1854640.8042605822,10
-1212026.06643694,1854640.8042605822,10
-1211562.7537204125,1854640.8042605822,10
-1211099.4410038851,1854640.8042605822,10
-1210636.1282873575,1854640.8042605822,10
-1210172.8155708301,1854640.8042605822,10
-1209709.5028543025,1854640.8042605822,10
-1209246.1901377751,1854640.8042605822,10
-1208782.8774212475,1854640.8042605822,10
-1208319.5647047202,1854640.8042605822,10
-1207856.2519881926,1854640.8042605822,10
-1207392.9392716652,1854640.8042605822,10
-1206929.6265551376,1854640.8042605822,10
-1206466.3138386102,1854640.8042605822,10
-1206003.0011220826,1854640.8042605822,10
-1205539.6884055552,1854640.8042605822,10
-1205076.3756890276,1854640.8042605822,10
-1204613.0629725,1854640.8042605822,10
-1204149.7502559726,1854640.8042605822,10
-1203686.4375394452,1854640.8042605822,10
-1203223.1248229176,1854640.8042605822,10
-1202759.81210639,1854640.8042605822,10
-1202296.4993898626,1854640.8042605822,10
-1201833.186673335,1854640.8042605822,10
-1201369.8739568077,1854640.8042605822,10
-1200906.56124028,1854640.8042605822,10
-1200443.2485237527,1854640.8042605822,10
-1199979.935807225,1854640.8042605822,10
-1199516.6230906977,1854640.8042605822,10
-1199053.31037417,1854640.8042605822,10
-1198589.9976576427,1854640.8042605822,10
-1198126.684941115,1854640.8042605822,10
-1197663.3722245875,1854640.8042605822,10
-1197200.05950806,1854640.8042605822,10
-1196736.7467915327,1854640.8042605822,10
-1196273.4340750051,1854640.8042605822,10
-1195810.1213584775,1854640.8042605822,10
-1195346.8086419501,1854640.8042605822,10
-1194883.4959254225,1854640.8042605822,10
-1194420.1832088951,1854640.8042605822,10
-1193956.8704923675,1854640.8042605822,10
-1193493.5577758402,1854640.8042605822,10
-1193030.2450593126,1854640.8042605822,10
-1192566.9323427852,1854640.8042605822,10
-1192103.6196262576,1854640.8042605822,10
-1191640.3069097302,1854640.8042605822,10
-1191176.9941932026,1854640.8042605822,10
-1190713.6814766752,1854640.8042605822,10
-1190250.3687601476,1854640.8042605822,10
-1189787.0560436202,1854640.8042605822,10
-1189323.7433270926,1854640.8042605822,10
-1188860.430610565,1854640.8042605822,10
-1188397.1178940376,1854640.8042605822,10
-1187933.80517751,1854640.8042605822,10
-1187470.4924609826,1854640.8042605822,10
-1187007.179744455,1854640.8042605822,10
-1186543.8670279277,1854640.8042605822,10
-1186080.5543114,1854640.8042605822,10
-1185617.2415948727,1854640.8042605822,10
-1185153.928878345,1854640.8042605822,10
-1184690.6161618177,1854640.8042605822,10
-1184227.30344529,1854640.8042605822,10
-1183763.9907287627,1854640.8042605822,10
-1183300.678012235,1854640.8042605822,10
-1182837.3652957077,1854640.8042605822,10
-1182374.05257918,1854640.8042605822,10
-1181910.7398626525,1854640.8042605822,10
-1181447.4271461251,1854640.8042605822,10
-1180984.1144295975,1854640.8042605822,10
-1180520.8017130701,1854640.8042605822,10
-1180057.4889965425,1854640.8042605822,10
-1179594.1762800151,1854640.8042605822,10
-1179130.8635634875,1854640.8042605822,10
-1178667.5508469602,1854640.8042605822,10
-1178204.2381304326,1854640.8042605822,10
-1177740.9254139052,1854640.8042605822,10
-1177277.6126973776,1854640.8042605822,10
-1176814.2999808502,1854640.8042605822,10
-1176350.9872643226,1854640.8042605822,10
-1175887.6745477952,1854640.8042605822,10
-1175424.3618312676,1854640.8042605822,10
-1174961.04911474,1854640.8042605822,10
-1174497.7363982126,1854640.8042605822,10
-1174034.4236816852,1854640.8042605822,10
-1173571.1109651576,1854640.8042605822,10
-1173107.79824863,1854640.8042605822,10
-1172644.4855321026,1854640.8042605822,10
-1172181.172815575,1854640.8042605822,10
-1171717.8600990477,1854640.8042605822,10
-1171254.54738252,1854640.8042605822,10
-1170791.2346659927,1854640.8042605822,10
-1170327.921949465,1854640.8042605822,10
-1169864.6092329377,1854640.8042605822,10
-1169401.29651641,1854640.8042605822,10
-1168937.9837998827,1854640.8042605822,10
-1168474.671083355,1854640.8042605822,10
-1168011.3583668275,1854640.8042605822,10
-1167548.0456503,1854640.8042605822,10
-1167084.7329337727,1854640.8042605822,10
-1166621.4202172451,1854640.8042605822,10
-1166158.1075007175,1854640.8042605822,10
-1165694.7947841901,1854640.8042605822,10
-1165231.4820676625,1854640.8042605822,10
-1164768.1693511351,1854640.8042605822,10
-1164304.8566346075,1854640.8042605822,10
-1163841.5439180802,1854640.8042605822,10
-1163378.2312015526,1854640.8042605822,10
-1162914.9184850252,1854640.8042605822,10
-1162451.6057684976,1854640.8042605822,10
-1161988.2930519702,1854640.8042605822,10
-1161524.9803354426,1854640.8042605822,10
-1161061.6676189152,1854640.8042605822,10
-1160598.3549023876,1854640.8042605822,10
-1160135.0421858602,1854640.8042605822,10
-1159671.7294693326,1854640.8042605822,10
-1159208.416752805,1854640.8042605822,10
-1158745.1040362776,1854640.8042605822,10
-1158281.79131975,1854640.8042605822,10
-1366772.513757125,1854177.4915440548,10
-1366309.2010405976,1854177.4915440548,10
-1365845.88832407,1854177.4915440548,10
-1365382.5756075426,1854177.4915440548,10
-1364919.262891015,1854177.4915440548,10
-1364455.9501744877,1854177.4915440548,10
-1363992.63745796,1854177.4915440548,10
-1363529.3247414327,1854177.4915440548,10
-1363066.012024905,1854177.4915440548,10
-1362602.6993083777,1854177.4915440548,10
-1362139.38659185,1854177.4915440548,10
-1361676.0738753227,1854177.4915440548,10
-1361212.761158795,1854177.4915440548,10
-1360749.4484422677,1854177.4915440548,16
-1360286.13572574,1854177.4915440548,16
-1359822.8230092125,1854177.4915440548,16
-1359359.5102926851,1854177.4915440548,16
-1358896.1975761575,1854177.4915440548,16
-1358432.8848596301,1854177.4915440548,16
-1357969.5721431025,1854177.4915440548,16
-1357506.2594265752,1854177.4915440548,16
-1357042.9467100475,1854177.4915440548,16
-1356579.6339935202,1854177.4915440548,16
-1356116.3212769926,1854177.4915440548,10
-1355653.0085604652,1854177.4915440548,10
-1355189.6958439376,1854177.4915440548,10
-1354726.3831274102,1854177.4915440548,10
-1354263.0704108826,1854177.4915440548,10
-1353799.7576943552,1854177.4915440548,10
-1353336.4449778276,1854177.4915440548,10
-1352873.1322613002,1854177.4915440548,16
-1352409.8195447726,1854177.4915440548,16
-1351946.506828245,1854177.4915440548,10
-1351483.1941117176,1854177.4915440548,10
-1351019.88139519,1854177.4915440548,10
-1350556.5686786626,1854177.4915440548,10
-1350093.255962135,1854177.4915440548,10
-1349629.9432456077,1854177.4915440548,16
-1349166.63052908,1854177.4915440548,10
-1348703.3178125527,1854177.4915440548,10
-1348240.005096025,1854177.4915440548,16
-1347776.6923794977,1854177.4915440548,16
-1347313.37966297,1854177.4915440548,16
-1346850.0669464427,1854177.4915440548,16
-1346386.754229915,1854177.4915440548,10
-1345923.4415133877,1854177.4915440548,10
-1345460.12879686,1854177.4915440548,10
-1344996.8160803327,1854177.4915440548,10
-1344533.5033638051,1854177.4915440548,10
-1344070.1906472775,1854177.4915440548,16
-1343606.8779307501,1854177.4915440548,16
-1343143.5652142225,1854177.4915440548,16
-1342680.2524976952,1854177.4915440548,16
-1342216.9397811675,1854177.4915440548,16
-1341753.6270646402,1854177.4915440548,16
-1341290.3143481126,1854177.4915440548,16
-1340827.0016315852,1854177.4915440548,16
-1340363.6889150576,1854177.4915440548,16
-1339900.3761985302,1854177.4915440548,16
-1339437.0634820026,1854177.4915440548,10
-1338973.7507654752,1854177.4915440548,16
-1338510.4380489476,1854177.4915440548,16
-1338047.1253324202,1854177.4915440548,16
-1337583.8126158926,1854177.4915440548,16
-1337120.499899365,1854177.4915440548,16
-1336657.1871828376,1854177.4915440548,16
-1336193.87446631,1854177.4915440548,16
-1335730.5617497826,1854177.4915440548,16
-1335267.249033255,1854177.4915440548,16
-1334803.9363167277,1854177.4915440548,16
-1334340.6236002,1854177.4915440548,16
-1333877.3108836727,1854177.4915440548,16
-1333413.998167145,1854177.4915440548,16
-1332950.6854506177,1854177.4915440548,16
-1332487.37273409,1854177.4915440548,16
-1332024.0600175627,1854177.4915440548,16
-1331560.747301035,1854177.4915440548,16
-1331097.4345845077,1854177.4915440548,16
-1330634.12186798,1854177.4915440548,16
-1330170.8091514525,1854177.4915440548,16
-1329707.4964349251,1854177.4915440548,16
-1329244.1837183975,1854177.4915440548,16
-1328780.8710018701,1854177.4915440548,16
-1328317.5582853425,1854177.4915440548,16
-1327854.2455688152,1854177.4915440548,16
-1327390.9328522875,1854177.4915440548,10
-1326927.6201357602,1854177.4915440548,16
-1326464.3074192326,1854177.4915440548,16
-1326000.9947027052,1854177.4915440548,16
-1325537.6819861776,1854177.4915440548,16
-1325074.3692696502,1854177.4915440548,16
-1324611.0565531226,1854177.4915440548,16
-1324147.7438365952,1854177.4915440548,10
-1323684.4311200676,1854177.4915440548,10
-1323221.11840354,1854177.4915440548,16
-1322757.8056870126,1854177.4915440548,16
-1322294.492970485,1854177.4915440548,16
-1321831.1802539576,1854177.4915440548,16
-1321367.86753743,1854177.4915440548,10
-1320904.5548209026,1854177.4915440548,10
-1320441.242104375,1854177.4915440548,16
-1319977.9293878477,1854177.4915440548,16
-1319514.61667132,1854177.4915440548,16
-1319051.3039547927,1854177.4915440548,10
-1318587.991238265,1854177.4915440548,10
-1318124.6785217377,1854177.4915440548,10
-1317661.36580521,1854177.4915440548,10
-1317198.0530886827,1854177.4915440548,10
-1316734.740372155,1854177.4915440548,10
-1316271.4276556277,1854177.4915440548,10
-1315808.1149391,1854177.4915440548,10
-1315344.8022225727,1854177.4915440548,10
-1314881.4895060451,1854177.4915440548,16
-1314418.1767895175,1854177.4915440548,16
-1313954.8640729901,1854177.4915440548,16
-1313491.5513564625,1854177.4915440548,16
-1313028.2386399352,1854177.4915440548,16
-1312564.9259234075,1854177.4915440548,16
-1312101.6132068802,1854177.4915440548,16
-1311638.3004903526,1854177.4915440548,16
-1311174.9877738252,1854177.4915440548,16
-1310711.6750572976,1854177.4915440548,16
-1310248.3623407702,1854177.4915440548,16
-1309785.0496242426,1854177.4915440548,10
-1309321.7369077152,1854177.4915440548,10
-1308858.4241911876,1854177.4915440548,10
-1308395.1114746602,1854177.4915440548,10
-1307931.7987581326,1854177.4915440548,16
-1307468.486041605,1854177.4915440548,16
-1307005.1733250776,1854177.4915440548,10
-1306541.86060855,1854177.4915440548,10
-1306078.5478920226,1854177.4915440548,16
-1305615.235175495,1854177.4915440548,16
-1305151.9224589677,1854177.4915440548,16
-1304688.60974244,1854177.4915440548,16
-1304225.2970259127,1854177.4915440548,10
-1303761.984309385,1854177.4915440548,10
-1303298.6715928577,1854177.4915440548,10
-1302835.35887633,1854177.4915440548,10
-1302372.0461598027,1854177.4915440548,10
-1301908.733443275,1854177.4915440548,10
-1301445.4207267477,1854177.4915440548,10
-1300982.10801022,1854177.4915440548,16
-1300518.7952936925,1854177.4915440548,16
-1300055.4825771651,1854177.4915440548,16
-1299592.1698606375,1854177.4915440548,16
-1299128.8571441101,1854177.4915440548,16
-1298665.5444275825,1854177.4915440548,16
-1298202.2317110552,1854177.4915440548,16
-1297738.9189945275,1854177.4915440548,16
-1297275.6062780002,1854177.4915440548,16
-1296812.2935614726,1854177.4915440548,16
-1296348.9808449452,1854177.4915440548,16
-1295885.6681284176,1854177.4915440548,16
-1295422.3554118902,1854177.4915440548,16
-1294959.0426953626,1854177.4915440548,16
-1294495.7299788352,1854177.4915440548,10
-1294032.4172623076,1854177.4915440548,10
-1293569.10454578,1854177.4915440548,10
-1293105.7918292526,1854177.4915440548,10
-1292642.479112725,1854177.4915440548,16
-1292179.1663961976,1854177.4915440548,16
-1291715.85367967,1854177.4915440548,16
-1291252.5409631426,1854177.4915440548,16
-1290789.228246615,1854177.4915440548,10
-1290325.9155300877,1854177.4915440548,10
-1289862.60281356,1854177.4915440548,10
-1289399.2900970327,1854177.4915440548,10
-1288935.977380505,1854177.4915440548,10
-1288472.6646639777,1854177.4915440548,10
-1288009.35194745,1854177.4915440548,10
-1287546.0392309227,1854177.4915440548,10
-1287082.726514395,1854177.4915440548,10
-1286619.4137978677,1854177.4915440548,10
-1286156.10108134,1854177.4915440548,10
-1285692.7883648127,1854177.4915440548,10
-1285229.4756482851,1854177.4915440548,10
-1284766.1629317575,1854177.4915440548,10
-1284302.8502152301,1854177.4915440548,10
-1283839.5374987025,1854177.4915440548,10
-1283376.2247821752,1854177.4915440548,10
-1282912.9120656475,1854177.4915440548,10
-1282449.5993491202,1854177.4915440548,10
-1281986.2866325926,1854177.4915440548,10
-1281522.9739160652,1854177.4915440548,10
-1281059.6611995376,1854177.4915440548,10
-1280596.3484830102,1854177.4915440548,10
-1280133.0357664826,1854177.4915440548,10
-1279669.7230499552,1854177.4915440548,10
-1279206.4103334276,1854177.4915440548,10
-1278743.0976169002,1854177.4915440548,10
-1278279.7849003726,1854177.4915440548,10
-1277816.472183845,1854177.4915440548,10
-1277353.1594673176,1854177.4915440548,10
-1276889.84675079,1854177.4915440548,10
-1276426.5340342626,1854177.4915440548,10
-1275963.221317735,1854177.4915440548,10
-1275499.9086012077,1854177.4915440548,10
-1275036.59588468,1854177.4915440548,10
-1274573.2831681527,1854177.4915440548,10
-1274109.970451625,1854177.4915440548,10
-1273646.6577350977,1854177.4915440548,10
-1273183.34501857,1854177.4915440548,10
-1272720.0323020427,1854177.4915440548,10
-1272256.719585515,1854177.4915440548,10
-1271793.4068689877,1854177.4915440548,10
-1271330.09415246,1854177.4915440548,16
-1270866.7814359325,1854177.4915440548,16
-1270403.4687194051,1854177.4915440548,16
-1269940.1560028775,1854177.4915440548,16
-1269476.8432863501,1854177.4915440548,16
-1269013.5305698225,1854177.4915440548,10
-1268550.2178532952,1854177.4915440548,10
-1268086.9051367675,1854177.4915440548,10
-1267623.5924202402,1854177.4915440548,10
-1267160.2797037126,1854177.4915440548,10
-1266696.9669871852,1854177.4915440548,10
-1266233.6542706576,1854177.4915440548,10
-1265770.3415541302,1854177.4915440548,10
-1265307.0288376026,1854177.4915440548,10
-1264843.7161210752,1854177.4915440548,10
-1264380.4034045476,1854177.4915440548,10
-1263917.09068802,1854177.4915440548,10
-1263453.7779714926,1854177.4915440548,10
-1262990.465254965,1854177.4915440548,10
-1262527.1525384376,1854177.4915440548,10
-1262063.83982191,1854177.4915440548,10
-1261600.5271053826,1854177.4915440548,10
-1261137.214388855,1854177.4915440548,10
-1260673.9016723277,1854177.4915440548,10
-1260210.5889558,1854177.4915440548,10
-1259747.2762392727,1854177.4915440548,10
-1259283.963522745,1854177.4915440548,10
-1258820.6508062177,1854177.4915440548,10
-1258357.33808969,1854177.4915440548,10
-1257894.0253731627,1854177.4915440548,10
-1257430.712656635,1854177.4915440548,10
-1256967.3999401077,1854177.4915440548,10
-1256504.08722358,1854177.4915440548,10
-1256040.7745070527,1854177.4915440548,10
-1255577.4617905251,1854177.4915440548,10
-1255114.1490739975,1854177.4915440548,10
-1254650.8363574701,1854177.4915440548,10
-1254187.5236409425,1854177.4915440548,10
-1253724.2109244152,1854177.4915440548,10
-1253260.8982078875,1854177.4915440548,10
-1252797.5854913602,1854177.4915440548,10
-1252334.2727748326,1854177.4915440548,10
-1251870.9600583052,1854177.4915440548,10
-1251407.6473417776,1854177.4915440548,10
-1250944.3346252502,1854177.4915440548,10
-1250481.0219087226,1854177.4915440548,10
-1250017.7091921952,1854177.4915440548,10
-1249554.3964756676,1854177.4915440548,10
-1249091.0837591402,1854177.4915440548,10
-1248627.7710426126,1854177.4915440548,10
-1248164.458326085,1854177.4915440548,10
-1247701.1456095576,1854177.4915440548,10
-1247237.83289303,1854177.4915440548,10
-1246774.5201765026,1854177.4915440548,10
-1246311.207459975,1854177.4915440548,10
-1245847.8947434477,1854177.4915440548,10
-1245384.58202692,1854177.4915440548,10
-1244921.2693103927,1854177.4915440548,10
-1244457.956593865,1854177.4915440548,10
-1243994.6438773377,1854177.4915440548,10
-1243531.33116081,1854177.4915440548,10
-1243068.0184442827,1854177.4915440548,10
-1242604.705727755,1854177.4915440548,10
-1242141.3930112277,1854177.4915440548,10
-1241678.0802947,1854177.4915440548,10
-1241214.7675781725,1854177.4915440548,10
-1240751.4548616451,1854177.4915440548,10
-1240288.1421451175,1854177.4915440548,10
-1239824.8294285901,1854177.4915440548,10
-1239361.5167120625,1854177.4915440548,10
-1238898.2039955352,1854177.4915440548,10
-1238434.8912790075,1854177.4915440548,10
-1237971.5785624802,1854177.4915440548,10
-1237508.2658459526,1854177.4915440548,10
-1237044.9531294252,1854177.4915440548,10
-1236581.6404128976,1854177.4915440548,10
-1236118.3276963702,1854177.4915440548,10
-1235655.0149798426,1854177.4915440548,10
-1235191.7022633152,1854177.4915440548,10
-1234728.3895467876,1854177.4915440548,10
-1234265.07683026,1854177.4915440548,10
-1233801.7641137326,1854177.4915440548,10
-1233338.4513972052,1854177.4915440548,10
-1232875.1386806776,1854177.4915440548,10
-1232411.82596415,1854177.4915440548,10
-1231948.5132476226,1854177.4915440548,10
-1231485.200531095,1854177.4915440548,10
-1231021.8878145677,1854177.4915440548,10
-1230558.57509804,1854177.4915440548,10
-1230095.2623815127,1854177.4915440548,10
-1229631.949664985,1854177.4915440548,10
-1229168.6369484577,1854177.4915440548,10
-1228705.32423193,1854177.4915440548,10
-1228242.0115154027,1854177.4915440548,10
-1227778.698798875,1854177.4915440548,10
-1227315.3860823475,1854177.4915440548,10
-1226852.07336582,1854177.4915440548,10
-1226388.7606492927,1854177.4915440548,10
-1225925.4479327651,1854177.4915440548,10
-1225462.1352162375,1854177.4915440548,10
-1224998.8224997101,1854177.4915440548,10
-1224535.5097831825,1854177.4915440548,10
-1224072.1970666551,1854177.4915440548,10
-1223608.8843501275,1854177.4915440548,10
-1223145.5716336002,1854177.4915440548,10
-1222682.2589170726,1854177.4915440548,10
-1222218.9462005452,1854177.4915440548,10
-1221755.6334840176,1854177.4915440548,10
-1221292.3207674902,1854177.4915440548,10
-1220829.0080509626,1854177.4915440548,10
-1220365.6953344352,1854177.4915440548,10
-1219902.3826179076,1854177.4915440548,10
-1219439.0699013802,1854177.4915440548,10
-1218975.7571848526,1854177.4915440548,10
-1218512.444468325,1854177.4915440548,10
-1218049.1317517976,1854177.4915440548,10
-1217585.81903527,1854177.4915440548,10
-1217122.5063187426,1854177.4915440548,10
-1216659.193602215,1854177.4915440548,10
-1216195.8808856877,1854177.4915440548,10
-1215732.56816916,1854177.4915440548,10
-1215269.2554526327,1854177.4915440548,10
-1214805.942736105,1854177.4915440548,10
-1214342.6300195777,1854177.4915440548,10
-1213879.31730305,1854177.4915440548,10
-1213416.0045865227,1854177.4915440548,10
-1212952.691869995,1854177.4915440548,10
-1212489.3791534677,1854177.4915440548,10
-1212026.06643694,1854177.4915440548,10
-1211562.7537204125,1854177.4915440548,10
-1211099.4410038851,1854177.4915440548,10
-1210636.1282873575,1854177.4915440548,10
-1210172.8155708301,1854177.4915440548,10
-1209709.5028543025,1854177.4915440548,10
-1209246.1901377751,1854177.4915440548,10
-1208782.8774212475,1854177.4915440548,10
-1208319.5647047202,1854177.4915440548,10
-1207856.2519881926,1854177.4915440548,10
-1207392.9392716652,1854177.4915440548,10
-1206929.6265551376,1854177.4915440548,10
-1206466.3138386102,1854177.4915440548,10
-1206003.0011220826,1854177.4915440548,10
-1205539.6884055552,1854177.4915440548,10
-1205076.3756890276,1854177.4915440548,10
-1204613.0629725,1854177.4915440548,10
-1204149.7502559726,1854177.4915440548,10
-1203686.4375394452,1854177.4915440548,10
-1203223.1248229176,1854177.4915440548,10
-1202759.81210639,1854177.4915440548,10
-1202296.4993898626,1854177.4915440548,10
-1201833.186673335,1854177.4915440548,10
-1201369.8739568077,1854177.4915440548,10
-1200906.56124028,1854177.4915440548,10
-1200443.2485237527,1854177.4915440548,10
-1199979.935807225,1854177.4915440548,10
-1199516.6230906977,1854177.4915440548,10
-1199053.31037417,1854177.4915440548,10
-1198589.9976576427,1854177.4915440548,10
-1198126.684941115,1854177.4915440548,10
-1197663.3722245875,1854177.4915440548,10
-1197200.05950806,1854177.4915440548,10
-1196736.7467915327,1854177.4915440548,10
-1196273.4340750051,1854177.4915440548,10
-1195810.1213584775,1854177.4915440548,10
-1195346.8086419501,1854177.4915440548,10
-1194883.4959254225,1854177.4915440548,10
-1194420.1832088951,1854177.4915440548,10
-1193956.8704923675,1854177.4915440548,10
-1193493.5577758402,1854177.4915440548,10
-1193030.2450593126,1854177.4915440548,10
-1192566.9323427852,1854177.4915440548,10
-1192103.6196262576,1854177.4915440548,10
-1191640.3069097302,1854177.4915440548,10
-1191176.9941932026,1854177.4915440548,10
-1190713.6814766752,1854177.4915440548,10
-1190250.3687601476,1854177.4915440548,10
-1189787.0560436202,1854177.4915440548,10
-1189323.7433270926,1854177.4915440548,10
-1188860.430610565,1854177.4915440548,10
-1188397.1178940376,1854177.4915440548,10
-1187933.80517751,1854177.4915440548,10
-1187470.4924609826,1854177.4915440548,10
-1187007.179744455,1854177.4915440548,10
-1186543.8670279277,1854177.4915440548,10
-1186080.5543114,1854177.4915440548,10
-1185617.2415948727,1854177.4915440548,10
-1185153.928878345,1854177.4915440548,10
-1184690.6161618177,1854177.4915440548,10
-1184227.30344529,1854177.4915440548,10
-1183763.9907287627,1854177.4915440548,10
-1183300.678012235,1854177.4915440548,10
-1182837.3652957077,1854177.4915440548,10
-1182374.05257918,1854177.4915440548,10
-1181910.7398626525,1854177.4915440548,10
-1181447.4271461251,1854177.4915440548,10
-1180984.1144295975,1854177.4915440548,10
-1180520.8017130701,1854177.4915440548,10
-1180057.4889965425,1854177.4915440548,10
-1179594.1762800151,1854177.4915440548,10
-1179130.8635634875,1854177.4915440548,10
-1178667.5508469602,1854177.4915440548,10
-1178204.2381304326,1854177.4915440548,10
-1177740.9254139052,1854177.4915440548,10
-1177277.6126973776,1854177.4915440548,10
-1176814.2999808502,1854177.4915440548,10
-1176350.9872643226,1854177.4915440548,10
-1175887.6745477952,1854177.4915440548,10
-1175424.3618312676,1854177.4915440548,10
-1174961.04911474,1854177.4915440548,10
-1174497.7363982126,1854177.4915440548,10
-1174034.4236816852,1854177.4915440548,10
-1173571.1109651576,1854177.4915440548,10
-1173107.79824863,1854177.4915440548,10
-1172644.4855321026,1854177.4915440548,10
-1172181.172815575,1854177.4915440548,10
-1171717.8600990477,1854177.4915440548,10
-1171254.54738252,1854177.4915440548,10
-1170791.2346659927,1854177.4915440548,10
-1170327.921949465,1854177.4915440548,10
-1169864.6092329377,1854177.4915440548,10
-1169401.29651641,1854177.4915440548,10
-1168937.9837998827,1854177.4915440548,10
-1168474.671083355,1854177.4915440548,10
-1168011.3583668275,1854177.4915440548,10
-1167548.0456503,1854177.4915440548,10
-1167084.7329337727,1854177.4915440548,10
-1366309.2010405976,1853714.1788275272,10
-1365845.88832407,1853714.1788275272,10
-1365382.5756075426,1853714.1788275272,10
-1364919.262891015,1853714.1788275272,10
-1364455.9501744877,1853714.1788275272,10
-1363992.63745796,1853714.1788275272,10
-1363529.3247414327,1853714.1788275272,10
-1363066.012024905,1853714.1788275272,10
-1362602.6993083777,1853714.1788275272,10
-1362139.38659185,1853714.1788275272,10
-1361676.0738753227,1853714.1788275272,10
-1361212.761158795,1853714.1788275272,10
-1360749.4484422677,1853714.1788275272,16
-1360286.13572574,1853714.1788275272,16
-1359822.8230092125,1853714.1788275272,16
-1359359.5102926851,1853714.1788275272,16
-1358896.1975761575,1853714.1788275272,16
-1358432.8848596301,1853714.1788275272,16
-1357969.5721431025,1853714.1788275272,10
-1357506.2594265752,1853714.1788275272,16
-1357042.9467100475,1853714.1788275272,16
-1356579.6339935202,1853714.1788275272,10
-1356116.3212769926,1853714.1788275272,10
-1355653.0085604652,1853714.1788275272,10
-1355189.6958439376,1853714.1788275272,10
-1354726.3831274102,1853714.1788275272,10
-1354263.0704108826,1853714.1788275272,10
-1353799.7576943552,1853714.1788275272,10
-1353336.4449778276,1853714.1788275272,10
-1352873.1322613002,1853714.1788275272,16
-1352409.8195447726,1853714.1788275272,16
-1351946.506828245,1853714.1788275272,10
-1351483.1941117176,1853714.1788275272,10
-1351019.88139519,1853714.1788275272,10
-1350556.5686786626,1853714.1788275272,10
-1350093.255962135,1853714.1788275272,16
-1349629.9432456077,1853714.1788275272,16
-1349166.63052908,1853714.1788275272,16
-1348703.3178125527,1853714.1788275272,16
-1348240.005096025,1853714.1788275272,16
-1347776.6923794977,1853714.1788275272,16
-1347313.37966297,1853714.1788275272,16
-1346850.0669464427,1853714.1788275272,10
-1346386.754229915,1853714.1788275272,10
-1345923.4415133877,1853714.1788275272,10
-1345460.12879686,1853714.1788275272,10
-1344996.8160803327,1853714.1788275272,16
-1344533.5033638051,1853714.1788275272,16
-1344070.1906472775,1853714.1788275272,16
-1343606.8779307501,1853714.1788275272,16
-1343143.5652142225,1853714.1788275272,16
-1342680.2524976952,1853714.1788275272,16
-1342216.9397811675,1853714.1788275272,16
-1341753.6270646402,1853714.1788275272,16
-1341290.3143481126,1853714.1788275272,16
-1340827.0016315852,1853714.1788275272,16
-1340363.6889150576,1853714.1788275272,16
-1339900.3761985302,1853714.1788275272,16
-1339437.0634820026,1853714.1788275272,10
-1338973.7507654752,1853714.1788275272,16
-1338510.4380489476,1853714.1788275272,16
-1338047.1253324202,1853714.1788275272,16
-1337583.8126158926,1853714.1788275272,16
-1337120.499899365,1853714.1788275272,16
-1336657.1871828376,1853714.1788275272,16
-1336193.87446631,1853714.1788275272,16
-1335730.5617497826,1853714.1788275272,16
-1335267.249033255,1853714.1788275272,16
-1334803.9363167277,1853714.1788275272,16
-1334340.6236002,1853714.1788275272,16
-1333877.3108836727,1853714.1788275272,16
-1333413.998167145,1853714.1788275272,16
-1332950.6854506177,1853714.1788275272,16
-1332487.37273409,1853714.1788275272,16
-1332024.0600175627,1853714.1788275272,16
-1331560.747301035,1853714.1788275272,16
-1331097.4345845077,1853714.1788275272,16
-1330634.12186798,1853714.1788275272,16
-1330170.8091514525,1853714.1788275272,16
-1329707.4964349251,1853714.1788275272,16
-1329244.1837183975,1853714.1788275272,16
-1328780.8710018701,1853714.1788275272,16
-1328317.5582853425,1853714.1788275272,16
-1327854.2455688152,1853714.1788275272,16
-1327390.9328522875,1853714.1788275272,16
-1326927.6201357602,1853714.1788275272,16
-1326464.3074192326,1853714.1788275272,16
-1326000.9947027052,1853714.1788275272,16
-1325537.6819861776,1853714.1788275272,16
-1325074.3692696502,1853714.1788275272,16
-1324611.0565531226,1853714.1788275272,16
-1324147.7438365952,1853714.1788275272,10
-1323684.4311200676,1853714.1788275272,10
-1323221.11840354,1853714.1788275272,16
-1322757.8056870126,1853714.1788275272,16
-1322294.492970485,1853714.1788275272,16
-1321831.1802539576,1853714.1788275272,10
-1321367.86753743,1853714.1788275272,10
-1320904.5548209026,1853714.1788275272,10
-1320441.242104375,1853714.1788275272,10
-1319977.9293878477,1853714.1788275272,16
-1319514.61667132,1853714.1788275272,16
-1319051.3039547927,1853714.1788275272,10
-1318587.991238265,1853714.1788275272,10
-1318124.6785217377,1853714.1788275272,10
-1317661.36580521,1853714.1788275272,10
-1317198.0530886827,1853714.1788275272,10
-1316734.740372155,1853714.1788275272,10
-1316271.4276556277,1853714.1788275272,16
-1315808.1149391,1853714.1788275272,16
-1315344.8022225727,1853714.1788275272,16
-1314881.4895060451,1853714.1788275272,16
-1314418.1767895175,1853714.1788275272,16
-1313954.8640729901,1853714.1788275272,16
-1313491.5513564625,1853714.1788275272,16
-1313028.2386399352,1853714.1788275272,10
-1312564.9259234075,1853714.1788275272,16
-1312101.6132068802,1853714.1788275272,16
-1311638.3004903526,1853714.1788275272,16
-1311174.9877738252,1853714.1788275272,16
-1310711.6750572976,1853714.1788275272,16
-1310248.3623407702,1853714.1788275272,16
-1309785.0496242426,1853714.1788275272,16
-1309321.7369077152,1853714.1788275272,10
-1308858.4241911876,1853714.1788275272,10
-1308395.1114746602,1853714.1788275272,10
-1307931.7987581326,1853714.1788275272,16
-1307468.486041605,1853714.1788275272,16
-1307005.1733250776,1853714.1788275272,16
-1306541.86060855,1853714.1788275272,10
-1306078.5478920226,1853714.1788275272,10
-1305615.235175495,1853714.1788275272,16
-1305151.9224589677,1853714.1788275272,10
-1304688.60974244,1853714.1788275272,10
-1304225.2970259127,1853714.1788275272,10
-1303761.984309385,1853714.1788275272,10
-1303298.6715928577,1853714.1788275272,10
-1302835.35887633,1853714.1788275272,10
-1302372.0461598027,1853714.1788275272,16
-1301908.733443275,1853714.1788275272,16
-1301445.4207267477,1853714.1788275272,16
-1300982.10801022,1853714.1788275272,10
-1300518.7952936925,1853714.1788275272,16
-1300055.4825771651,1853714.1788275272,16
-1299592.1698606375,1853714.1788275272,16
-1299128.8571441101,1853714.1788275272,16
-1298665.5444275825,1853714.1788275272,16
-1298202.2317110552,1853714.1788275272,16
-1297738.9189945275,1853714.1788275272,16
-1297275.6062780002,1853714.1788275272,16
-1296812.2935614726,1853714.1788275272,16
-1296348.9808449452,1853714.1788275272,16
-1295885.6681284176,1853714.1788275272,16
-1295422.3554118902,1853714.1788275272,16
-1294959.0426953626,1853714.1788275272,16
-1294495.7299788352,1853714.1788275272,16
-1294032.4172623076,1853714.1788275272,16
-1293569.10454578,1853714.1788275272,16
-1293105.7918292526,1853714.1788275272,16
-1292642.479112725,1853714.1788275272,16
-1292179.1663961976,1853714.1788275272,16
-1291715.85367967,1853714.1788275272,16
-1291252.5409631426,1853714.1788275272,16
-1290789.228246615,1853714.1788275272,16
-1290325.9155300877,1853714.1788275272,10
-1289862.60281356,1853714.1788275272,10
-1289399.2900970327,1853714.1788275272,10
-1288935.977380505,1853714.1788275272,10
-1288472.6646639777,1853714.1788275272,10
-1288009.35194745,1853714.1788275272,10
-1287546.0392309227,1853714.1788275272,10
-1287082.726514395,1853714.1788275272,10
-1286619.4137978677,1853714.1788275272,10
-1286156.10108134,1853714.1788275272,10
-1285692.7883648127,1853714.1788275272,10
-1285229.4756482851,1853714.1788275272,10
-1284766.1629317575,1853714.1788275272,10
-1284302.8502152301,1853714.1788275272,10
-1283839.5374987025,1853714.1788275272,10
-1283376.2247821752,1853714.1788275272,10
-1282912.9120656475,1853714.1788275272,10
-1282449.5993491202,1853714.1788275272,10
-1281986.2866325926,1853714.1788275272,10
-1281522.9739160652,1853714.1788275272,10
-1281059.6611995376,1853714.1788275272,10
-1280596.3484830102,1853714.1788275272,10
-1280133.0357664826,1853714.1788275272,10
-1279669.7230499552,1853714.1788275272,10
-1279206.4103334276,1853714.1788275272,10
-1278743.0976169002,1853714.1788275272,10
-1278279.7849003726,1853714.1788275272,10
-1277816.472183845,1853714.1788275272,10
-1277353.1594673176,1853714.1788275272,10
-1276889.84675079,1853714.1788275272,10
-1276426.5340342626,1853714.1788275272,10
-1275963.221317735,1853714.1788275272,10
-1275499.9086012077,1853714.1788275272,10
-1275036.59588468,1853714.1788275272,10
-1274573.2831681527,1853714.1788275272,10
-1274109.970451625,1853714.1788275272,10
-1273646.6577350977,1853714.1788275272,10
-1273183.34501857,1853714.1788275272,10
-1272720.0323020427,1853714.1788275272,10
-1272256.719585515,1853714.1788275272,10
-1271793.4068689877,1853714.1788275272,10
-1271330.09415246,1853714.1788275272,16
-1270866.7814359325,1853714.1788275272,16
-1270403.4687194051,1853714.1788275272,16
-1269940.1560028775,1853714.1788275272,16
-1269476.8432863501,1853714.1788275272,10
-1269013.5305698225,1853714.1788275272,10
-1268550.2178532952,1853714.1788275272,10
-1268086.9051367675,1853714.1788275272,10
-1267623.5924202402,1853714.1788275272,10
-1267160.2797037126,1853714.1788275272,10
-1266696.9669871852,1853714.1788275272,10
-1266233.6542706576,1853714.1788275272,10
-1265770.3415541302,1853714.1788275272,10
-1265307.0288376026,1853714.1788275272,10
-1264843.7161210752,1853714.1788275272,10
-1264380.4034045476,1853714.1788275272,10
-1263917.09068802,1853714.1788275272,10
-1263453.7779714926,1853714.1788275272,10
-1262990.465254965,1853714.1788275272,10
-1262527.1525384376,1853714.1788275272,10
-1262063.83982191,1853714.1788275272,10
-1261600.5271053826,1853714.1788275272,10
-1261137.214388855,1853714.1788275272,10
-1260673.9016723277,1853714.1788275272,10
-1260210.5889558,1853714.1788275272,10
-1259747.2762392727,1853714.1788275272,10
-1259283.963522745,1853714.1788275272,10
-1258820.6508062177,1853714.1788275272,10
-1258357.33808969,1853714.1788275272,10
-1257894.0253731627,1853714.1788275272,10
-1257430.712656635,1853714.1788275272,10
-1256967.3999401077,1853714.1788275272,10
-1256504.08722358,1853714.1788275272,10
-1256040.7745070527,1853714.1788275272,10
-1255577.4617905251,1853714.1788275272,10
-1255114.1490739975,1853714.1788275272,10
-1254650.8363574701,1853714.1788275272,10
-1254187.5236409425,1853714.1788275272,10
-1253724.2109244152,1853714.1788275272,10
-1253260.8982078875,1853714.1788275272,10
-1252797.5854913602,1853714.1788275272,10
-1252334.2727748326,1853714.1788275272,10
-1251870.9600583052,1853714.1788275272,10
-1251407.6473417776,1853714.1788275272,10
-1250944.3346252502,1853714.1788275272,10
-1250481.0219087226,1853714.1788275272,10
-1250017.7091921952,1853714.1788275272,10
-1249554.3964756676,1853714.1788275272,10
-1249091.0837591402,1853714.1788275272,10
-1248627.7710426126,1853714.1788275272,10
-1248164.458326085,1853714.1788275272,10
-1247701.1456095576,1853714.1788275272,10
-1247237.83289303,1853714.1788275272,10
-1246774.5201765026,1853714.1788275272,10
-1246311.207459975,1853714.1788275272,10
-1245847.8947434477,1853714.1788275272,10
-1245384.58202692,1853714.1788275272,10
-1244921.2693103927,1853714.1788275272,10
-1244457.956593865,1853714.1788275272,10
-1243994.6438773377,1853714.1788275272,10
-1243531.33116081,1853714.1788275272,10
-1243068.0184442827,1853714.1788275272,10
-1242604.705727755,1853714.1788275272,10
-1242141.3930112277,1853714.1788275272,10
-1241678.0802947,1853714.1788275272,10
-1241214.7675781725,1853714.1788275272,10
-1240751.4548616451,1853714.1788275272,10
-1240288.1421451175,1853714.1788275272,10
-1239824.8294285901,1853714.1788275272,10
-1239361.5167120625,1853714.1788275272,10
-1238898.2039955352,1853714.1788275272,10
-1238434.8912790075,1853714.1788275272,10
-1237971.5785624802,1853714.1788275272,10
-1237508.2658459526,1853714.1788275272,10
-1237044.9531294252,1853714.1788275272,10
-1236581.6404128976,1853714.1788275272,10
-1236118.3276963702,1853714.1788275272,10
-1235655.0149798426,1853714.1788275272,10
-1235191.7022633152,1853714.1788275272,10
-1234728.3895467876,1853714.1788275272,10
-1234265.07683026,1853714.1788275272,10
-1233801.7641137326,1853714.1788275272,10
-1233338.4513972052,1853714.1788275272,10
-1232875.1386806776,1853714.1788275272,10
-1232411.82596415,1853714.1788275272,10
-1231948.5132476226,1853714.1788275272,10
-1231485.200531095,1853714.1788275272,10
-1231021.8878145677,1853714.1788275272,10
-1230558.57509804,1853714.1788275272,10
-1230095.2623815127,1853714.1788275272,10
-1229631.949664985,1853714.1788275272,10
-1229168.6369484577,1853714.1788275272,10
-1228705.32423193,1853714.1788275272,10
-1228242.0115154027,1853714.1788275272,10
-1227778.698798875,1853714.1788275272,10
-1227315.3860823475,1853714.1788275272,10
-1226852.07336582,1853714.1788275272,10
-1226388.7606492927,1853714.1788275272,10
-1225925.4479327651,1853714.1788275272,10
-1225462.1352162375,1853714.1788275272,10
-1224998.8224997101,1853714.1788275272,10
-1224535.5097831825,1853714.1788275272,10
-1224072.1970666551,1853714.1788275272,10
-1223608.8843501275,1853714.1788275272,16
-1223145.5716336002,1853714.1788275272,10
-1222682.2589170726,1853714.1788275272,10
-1222218.9462005452,1853714.1788275272,10
-1221755.6334840176,1853714.1788275272,10
-1221292.3207674902,1853714.1788275272,10
-1220829.0080509626,1853714.1788275272,10
-1220365.6953344352,1853714.1788275272,10
-1219902.3826179076,1853714.1788275272,10
-1219439.0699013802,1853714.1788275272,10
-1218975.7571848526,1853714.1788275272,10
-1218512.444468325,1853714.1788275272,10
-1218049.1317517976,1853714.1788275272,10
-1217585.81903527,1853714.1788275272,10
-1217122.5063187426,1853714.1788275272,10
-1216659.193602215,1853714.1788275272,10
-1216195.8808856877,1853714.1788275272,10
-1215732.56816916,1853714.1788275272,10
-1215269.2554526327,1853714.1788275272,10
-1214805.942736105,1853714.1788275272,10
-1214342.6300195777,1853714.1788275272,10
-1213879.31730305,1853714.1788275272,10
-1213416.0045865227,1853714.1788275272,10
-1212952.691869995,1853714.1788275272,10
-1212489.3791534677,1853714.1788275272,10
-1212026.06643694,1853714.1788275272,10
-1211562.7537204125,1853714.1788275272,10
-1211099.4410038851,1853714.1788275272,10
-1210636.1282873575,1853714.1788275272,10
-1210172.8155708301,1853714.1788275272,10
-1209709.5028543025,1853714.1788275272,10
-1209246.1901377751,1853714.1788275272,10
-1208782.8774212475,1853714.1788275272,10
-1208319.5647047202,1853714.1788275272,10
-1207856.2519881926,1853714.1788275272,10
-1207392.9392716652,1853714.1788275272,10
-1206929.6265551376,1853714.1788275272,10
-1206466.3138386102,1853714.1788275272,10
-1206003.0011220826,1853714.1788275272,10
-1205539.6884055552,1853714.1788275272,10
-1205076.3756890276,1853714.1788275272,10
-1204613.0629725,1853714.1788275272,10
-1204149.7502559726,1853714.1788275272,10
-1203686.4375394452,1853714.1788275272,10
-1203223.1248229176,1853714.1788275272,10
-1202759.81210639,1853714.1788275272,10
-1202296.4993898626,1853714.1788275272,10
-1201833.186673335,1853714.1788275272,10
-1201369.8739568077,1853714.1788275272,10
-1200906.56124028,1853714.1788275272,10
-1200443.2485237527,1853714.1788275272,10
-1199979.935807225,1853714.1788275272,10
-1199516.6230906977,1853714.1788275272,10
-1199053.31037417,1853714.1788275272,10
-1198589.9976576427,1853714.1788275272,10
-1198126.684941115,1853714.1788275272,10
-1197663.3722245875,1853714.1788275272,10
-1197200.05950806,1853714.1788275272,10
-1196736.7467915327,1853714.1788275272,10
-1196273.4340750051,1853714.1788275272,10
-1195810.1213584775,1853714.1788275272,10
-1195346.8086419501,1853714.1788275272,10
-1194883.4959254225,1853714.1788275272,10
-1194420.1832088951,1853714.1788275272,10
-1193956.8704923675,1853714.1788275272,10
-1193493.5577758402,1853714.1788275272,10
-1193030.2450593126,1853714.1788275272,10
-1192566.9323427852,1853714.1788275272,10
-1192103.6196262576,1853714.1788275272,10
-1191640.3069097302,1853714.1788275272,10
-1191176.9941932026,1853714.1788275272,10
-1190713.6814766752,1853714.1788275272,10
-1190250.3687601476,1853714.1788275272,10
-1189787.0560436202,1853714.1788275272,10
-1189323.7433270926,1853714.1788275272,10
-1188860.430610565,1853714.1788275272,10
-1188397.1178940376,1853714.1788275272,10
-1187933.80517751,1853714.1788275272,10
-1187470.4924609826,1853714.1788275272,10
-1187007.179744455,1853714.1788275272,10
-1186543.8670279277,1853714.1788275272,10
-1186080.5543114,1853714.1788275272,10
-1185617.2415948727,1853714.1788275272,10
-1185153.928878345,1853714.1788275272,10
-1184690.6161618177,1853714.1788275272,10
-1184227.30344529,1853714.1788275272,10
-1183763.9907287627,1853714.1788275272,10
-1183300.678012235,1853714.1788275272,10
-1182837.3652957077,1853714.1788275272,10
-1182374.05257918,1853714.1788275272,10
-1181910.7398626525,1853714.1788275272,10
-1181447.4271461251,1853714.1788275272,10
-1180984.1144295975,1853714.1788275272,10
-1180520.8017130701,1853714.1788275272,10
-1180057.4889965425,1853714.1788275272,10
-1179594.1762800151,1853714.1788275272,10
-1179130.8635634875,1853714.1788275272,10
-1178667.5508469602,1853714.1788275272,10
-1178204.2381304326,1853714.1788275272,10
-1177740.9254139052,1853714.1788275272,10
-1177277.6126973776,1853714.1788275272,10
-1176814.2999808502,1853714.1788275272,10
-1176350.9872643226,1853714.1788275272,10
-1175887.6745477952,1853714.1788275272,10
-1175424.3618312676,1853714.1788275272,10
-1174961.04911474,1853714.1788275272,10
-1174497.7363982126,1853714.1788275272,10
-1174034.4236816852,1853714.1788275272,10
-1173571.1109651576,1853714.1788275272,10
-1173107.79824863,1853714.1788275272,10
-1172644.4855321026,1853714.1788275272,10
-1172181.172815575,1853714.1788275272,10
-1171717.8600990477,1853714.1788275272,10
-1171254.54738252,1853714.1788275272,10
-1170791.2346659927,1853714.1788275272,10
-1170327.921949465,1853714.1788275272,10
-1169864.6092329377,1853714.1788275272,10
-1169401.29651641,1853714.1788275272,10
-1168937.9837998827,1853714.1788275272,10
-1168474.671083355,1853714.1788275272,10
-1168011.3583668275,1853714.1788275272,10
-1167548.0456503,1853714.1788275272,10
-1365845.88832407,1853250.8661109996,10
-1365382.5756075426,1853250.8661109996,10
-1364919.262891015,1853250.8661109996,10
-1364455.9501744877,1853250.8661109996,10
-1363992.63745796,1853250.8661109996,10
-1363529.3247414327,1853250.8661109996,10
-1363066.012024905,1853250.8661109996,10
-1362602.6993083777,1853250.8661109996,10
-1362139.38659185,1853250.8661109996,10
-1361676.0738753227,1853250.8661109996,10
-1361212.761158795,1853250.8661109996,16
-1360749.4484422677,1853250.8661109996,16
-1360286.13572574,1853250.8661109996,16
-1359822.8230092125,1853250.8661109996,10
-1359359.5102926851,1853250.8661109996,16
-1358896.1975761575,1853250.8661109996,16
-1358432.8848596301,1853250.8661109996,16
-1357969.5721431025,1853250.8661109996,10
-1357506.2594265752,1853250.8661109996,10
-1357042.9467100475,1853250.8661109996,10
-1356579.6339935202,1853250.8661109996,10
-1356116.3212769926,1853250.8661109996,10
-1355653.0085604652,1853250.8661109996,10
-1355189.6958439376,1853250.8661109996,10
-1354726.3831274102,1853250.8661109996,10
-1354263.0704108826,1853250.8661109996,10
-1353799.7576943552,1853250.8661109996,10
-1353336.4449778276,1853250.8661109996,10
-1352873.1322613002,1853250.8661109996,16
-1352409.8195447726,1853250.8661109996,10
-1351946.506828245,1853250.8661109996,10
-1351483.1941117176,1853250.8661109996,10
-1351019.88139519,1853250.8661109996,10
-1350556.5686786626,1853250.8661109996,16
-1350093.255962135,1853250.8661109996,16
-1349629.9432456077,1853250.8661109996,16
-1349166.63052908,1853250.8661109996,16
-1348703.3178125527,1853250.8661109996,16
-1348240.005096025,1853250.8661109996,16
-1347776.6923794977,1853250.8661109996,16
-1347313.37966297,1853250.8661109996,16
-1346850.0669464427,1853250.8661109996,10
-1346386.754229915,1853250.8661109996,10
-1345923.4415133877,1853250.8661109996,10
-1345460.12879686,1853250.8661109996,10
-1344996.8160803327,1853250.8661109996,16
-1344533.5033638051,1853250.8661109996,16
-1344070.1906472775,1853250.8661109996,16
-1343606.8779307501,1853250.8661109996,16
-1343143.5652142225,1853250.8661109996,16
-1342680.2524976952,1853250.8661109996,16
-1342216.9397811675,1853250.8661109996,16
-1341753.6270646402,1853250.8661109996,16
-1341290.3143481126,1853250.8661109996,16
-1340827.0016315852,1853250.8661109996,16
-1340363.6889150576,1853250.8661109996,16
-1339900.3761985302,1853250.8661109996,16
-1339437.0634820026,1853250.8661109996,16
-1338973.7507654752,1853250.8661109996,16
-1338510.4380489476,1853250.8661109996,16
-1338047.1253324202,1853250.8661109996,16
-1337583.8126158926,1853250.8661109996,16
-1337120.499899365,1853250.8661109996,16
-1336657.1871828376,1853250.8661109996,16
-1336193.87446631,1853250.8661109996,16
-1335730.5617497826,1853250.8661109996,16
-1335267.249033255,1853250.8661109996,16
-1334803.9363167277,1853250.8661109996,16
-1334340.6236002,1853250.8661109996,16
-1333877.3108836727,1853250.8661109996,16
-1333413.998167145,1853250.8661109996,16
-1332950.6854506177,1853250.8661109996,16
-1332487.37273409,1853250.8661109996,16
-1332024.0600175627,1853250.8661109996,16
-1331560.747301035,1853250.8661109996,16
-1331097.4345845077,1853250.8661109996,16
-1330634.12186798,1853250.8661109996,16
-1330170.8091514525,1853250.8661109996,16
-1329707.4964349251,1853250.8661109996,16
-1329244.1837183975,1853250.8661109996,16
-1328780.8710018701,1853250.8661109996,16
-1328317.5582853425,1853250.8661109996,16
-1327854.2455688152,1853250.8661109996,10
-1327390.9328522875,1853250.8661109996,10
-1326927.6201357602,1853250.8661109996,16
-1326464.3074192326,1853250.8661109996,16
-1326000.9947027052,1853250.8661109996,16
-1325537.6819861776,1853250.8661109996,16
-1325074.3692696502,1853250.8661109996,16
-1324611.0565531226,1853250.8661109996,16
-1324147.7438365952,1853250.8661109996,10
-1323684.4311200676,1853250.8661109996,10
-1323221.11840354,1853250.8661109996,10
-1322757.8056870126,1853250.8661109996,10
-1322294.492970485,1853250.8661109996,10
-1321831.1802539576,1853250.8661109996,10
-1321367.86753743,1853250.8661109996,10
-1320904.5548209026,1853250.8661109996,10
-1320441.242104375,1853250.8661109996,16
-1319977.9293878477,1853250.8661109996,16
-1319514.61667132,1853250.8661109996,10
-1319051.3039547927,1853250.8661109996,10
-1318587.991238265,1853250.8661109996,10
-1318124.6785217377,1853250.8661109996,10
-1317661.36580521,1853250.8661109996,10
-1317198.0530886827,1853250.8661109996,16
-1316734.740372155,1853250.8661109996,16
-1316271.4276556277,1853250.8661109996,16
-1315808.1149391,1853250.8661109996,16
-1315344.8022225727,1853250.8661109996,16
-1314881.4895060451,1853250.8661109996,16
-1314418.1767895175,1853250.8661109996,16
-1313954.8640729901,1853250.8661109996,16
-1313491.5513564625,1853250.8661109996,16
-1313028.2386399352,1853250.8661109996,16
-1312564.9259234075,1853250.8661109996,16
-1312101.6132068802,1853250.8661109996,16
-1311638.3004903526,1853250.8661109996,16
-1311174.9877738252,1853250.8661109996,16
-1310711.6750572976,1853250.8661109996,16
-1310248.3623407702,1853250.8661109996,16
-1309785.0496242426,1853250.8661109996,10
-1309321.7369077152,1853250.8661109996,10
-1308858.4241911876,1853250.8661109996,10
-1308395.1114746602,1853250.8661109996,10
-1307931.7987581326,1853250.8661109996,16
-1307468.486041605,1853250.8661109996,16
-1307005.1733250776,1853250.8661109996,16
-1306541.86060855,1853250.8661109996,16
-1306078.5478920226,1853250.8661109996,16
-1305615.235175495,1853250.8661109996,10
-1305151.9224589677,1853250.8661109996,10
-1304688.60974244,1853250.8661109996,10
-1304225.2970259127,1853250.8661109996,10
-1303761.984309385,1853250.8661109996,10
-1303298.6715928577,1853250.8661109996,10
-1302835.35887633,1853250.8661109996,10
-1302372.0461598027,1853250.8661109996,16
-1301908.733443275,1853250.8661109996,16
-1301445.4207267477,1853250.8661109996,16
-1300982.10801022,1853250.8661109996,16
-1300518.7952936925,1853250.8661109996,16
-1300055.4825771651,1853250.8661109996,16
-1299592.1698606375,1853250.8661109996,16
-1299128.8571441101,1853250.8661109996,16
-1298665.5444275825,1853250.8661109996,16
-1298202.2317110552,1853250.8661109996,16
-1297738.9189945275,1853250.8661109996,16
-1297275.6062780002,1853250.8661109996,16
-1296812.2935614726,1853250.8661109996,16
-1296348.9808449452,1853250.8661109996,16
-1295885.6681284176,1853250.8661109996,16
-1295422.3554118902,1853250.8661109996,16
-1294959.0426953626,1853250.8661109996,16
-1294495.7299788352,1853250.8661109996,16
-1294032.4172623076,1853250.8661109996,16
-1293569.10454578,1853250.8661109996,16
-1293105.7918292526,1853250.8661109996,16
-1292642.479112725,1853250.8661109996,16
-1292179.1663961976,1853250.8661109996,16
-1291715.85367967,1853250.8661109996,16
-1291252.5409631426,1853250.8661109996,16
-1290789.228246615,1853250.8661109996,16
-1290325.9155300877,1853250.8661109996,10
-1289862.60281356,1853250.8661109996,10
-1289399.2900970327,1853250.8661109996,10
-1288935.977380505,1853250.8661109996,10
-1288472.6646639777,1853250.8661109996,10
-1288009.35194745,1853250.8661109996,10
-1287546.0392309227,1853250.8661109996,10
-1287082.726514395,1853250.8661109996,10
-1286619.4137978677,1853250.8661109996,10
-1286156.10108134,1853250.8661109996,16
-1285692.7883648127,1853250.8661109996,16
-1285229.4756482851,1853250.8661109996,16
-1284766.1629317575,1853250.8661109996,10
-1284302.8502152301,1853250.8661109996,10
-1283839.5374987025,1853250.8661109996,10
-1283376.2247821752,1853250.8661109996,10
-1282912.9120656475,1853250.8661109996,10
-1282449.5993491202,1853250.8661109996,10
-1281986.2866325926,1853250.8661109996,10
-1281522.9739160652,1853250.8661109996,10
-1281059.6611995376,1853250.8661109996,10
-1280596.3484830102,1853250.8661109996,10
-1280133.0357664826,1853250.8661109996,10
-1279669.7230499552,1853250.8661109996,10
-1279206.4103334276,1853250.8661109996,10
-1278743.0976169002,1853250.8661109996,10
-1278279.7849003726,1853250.8661109996,10
-1277816.472183845,1853250.8661109996,10
-1277353.1594673176,1853250.8661109996,10
-1276889.84675079,1853250.8661109996,10
-1276426.5340342626,1853250.8661109996,10
-1275963.221317735,1853250.8661109996,10
-1275499.9086012077,1853250.8661109996,10
-1275036.59588468,1853250.8661109996,10
-1274573.2831681527,1853250.8661109996,10
-1274109.970451625,1853250.8661109996,10
-1273646.6577350977,1853250.8661109996,10
-1273183.34501857,1853250.8661109996,16
-1272720.0323020427,1853250.8661109996,16
-1272256.719585515,1853250.8661109996,10
-1271793.4068689877,1853250.8661109996,16
-1271330.09415246,1853250.8661109996,16
-1270866.7814359325,1853250.8661109996,10
-1270403.4687194051,1853250.8661109996,10
-1269940.1560028775,1853250.8661109996,10
-1269476.8432863501,1853250.8661109996,10
-1269013.5305698225,1853250.8661109996,10
-1268550.2178532952,1853250.8661109996,10
-1268086.9051367675,1853250.8661109996,10
-1267623.5924202402,1853250.8661109996,10
-1267160.2797037126,1853250.8661109996,16
-1266696.9669871852,1853250.8661109996,16
-1266233.6542706576,1853250.8661109996,10
-1265770.3415541302,1853250.8661109996,10
-1265307.0288376026,1853250.8661109996,10
-1264843.7161210752,1853250.8661109996,10
-1264380.4034045476,1853250.8661109996,10
-1263917.09068802,1853250.8661109996,10
-1263453.7779714926,1853250.8661109996,10
-1262990.465254965,1853250.8661109996,10
-1262527.1525384376,1853250.8661109996,10
-1262063.83982191,1853250.8661109996,10
-1261600.5271053826,1853250.8661109996,10
-1261137.214388855,1853250.8661109996,10
-1260673.9016723277,1853250.8661109996,10
-1260210.5889558,1853250.8661109996,10
-1259747.2762392727,1853250.8661109996,10
-1259283.963522745,1853250.8661109996,10
-1258820.6508062177,1853250.8661109996,10
-1258357.33808969,1853250.8661109996,10
-1257894.0253731627,1853250.8661109996,10
-1257430.712656635,1853250.8661109996,10
-1256967.3999401077,1853250.8661109996,10
-1256504.08722358,1853250.8661109996,10
-1256040.7745070527,1853250.8661109996,10
-1255577.4617905251,1853250.8661109996,10
-1255114.1490739975,1853250.8661109996,10
-1254650.8363574701,1853250.8661109996,10
-1254187.5236409425,1853250.8661109996,10
-1253724.2109244152,1853250.8661109996,10
-1253260.8982078875,1853250.8661109996,10
-1252797.5854913602,1853250.8661109996,10
-1252334.2727748326,1853250.8661109996,10
-1251870.9600583052,1853250.8661109996,10
-1251407.6473417776,1853250.8661109996,10
-1250944.3346252502,1853250.8661109996,10
-1250481.0219087226,1853250.8661109996,10
-1250017.7091921952,1853250.8661109996,10
-1249554.3964756676,1853250.8661109996,10
-1249091.0837591402,1853250.8661109996,10
-1248627.7710426126,1853250.8661109996,10
-1248164.458326085,1853250.8661109996,10
-1247701.1456095576,1853250.8661109996,10
-1247237.83289303,1853250.8661109996,10
-1246774.5201765026,1853250.8661109996,10
-1246311.207459975,1853250.8661109996,10
-1245847.8947434477,1853250.8661109996,10
-1245384.58202692,1853250.8661109996,10
-1244921.2693103927,1853250.8661109996,10
-1244457.956593865,1853250.8661109996,10
-1243994.6438773377,1853250.8661109996,10
-1243531.33116081,1853250.8661109996,10
-1243068.0184442827,1853250.8661109996,10
-1242604.705727755,1853250.8661109996,10
-1242141.3930112277,1853250.8661109996,10
-1241678.0802947,1853250.8661109996,10
-1241214.7675781725,1853250.8661109996,10
-1240751.4548616451,1853250.8661109996,10
-1240288.1421451175,1853250.8661109996,10
-1239824.8294285901,1853250.8661109996,10
-1239361.5167120625,1853250.8661109996,10
-1238898.2039955352,1853250.8661109996,10
-1238434.8912790075,1853250.8661109996,10
-1237971.5785624802,1853250.8661109996,10
-1237508.2658459526,1853250.8661109996,10
-1237044.9531294252,1853250.8661109996,10
-1236581.6404128976,1853250.8661109996,10
-1236118.3276963702,1853250.8661109996,10
-1235655.0149798426,1853250.8661109996,10
-1235191.7022633152,1853250.8661109996,10
-1234728.3895467876,1853250.8661109996,10
-1234265.07683026,1853250.8661109996,10
-1233801.7641137326,1853250.8661109996,10
-1233338.4513972052,1853250.8661109996,10
-1232875.1386806776,1853250.8661109996,10
-1232411.82596415,1853250.8661109996,10
-1231948.5132476226,1853250.8661109996,10
-1231485.200531095,1853250.8661109996,10
-1231021.8878145677,1853250.8661109996,10
-1230558.57509804,1853250.8661109996,10
-1230095.2623815127,1853250.8661109996,10
-1229631.949664985,1853250.8661109996,10
-1229168.6369484577,1853250.8661109996,10
-1228705.32423193,1853250.8661109996,10
-1228242.0115154027,1853250.8661109996,10
-1227778.698798875,1853250.8661109996,10
-1227315.3860823475,1853250.8661109996,10
-1226852.07336582,1853250.8661109996,10
-1226388.7606492927,1853250.8661109996,10
-1225925.4479327651,1853250.8661109996,10
-1225462.1352162375,1853250.8661109996,10
-1224998.8224997101,1853250.8661109996,10
-1224535.5097831825,1853250.8661109996,10
-1224072.1970666551,1853250.8661109996,10
-1223608.8843501275,1853250.8661109996,10
-1223145.5716336002,1853250.8661109996,10
-1222682.2589170726,1853250.8661109996,10
-1222218.9462005452,1853250.8661109996,10
-1221755.6334840176,1853250.8661109996,10
-1221292.3207674902,1853250.8661109996,10
-1220829.0080509626,1853250.8661109996,10
-1220365.6953344352,1853250.8661109996,10
-1219902.3826179076,1853250.8661109996,10
-1219439.0699013802,1853250.8661109996,10
-1218975.7571848526,1853250.8661109996,10
-1218512.444468325,1853250.8661109996,10
-1218049.1317517976,1853250.8661109996,10
-1217585.81903527,1853250.8661109996,10
-1217122.5063187426,1853250.8661109996,10
-1216659.193602215,1853250.8661109996,10
-1216195.8808856877,1853250.8661109996,10
-1215732.56816916,1853250.8661109996,10
-1215269.2554526327,1853250.8661109996,10
-1214805.942736105,1853250.8661109996,10
-1214342.6300195777,1853250.8661109996,10
-1213879.31730305,1853250.8661109996,10
-1213416.0045865227,1853250.8661109996,10
-1212952.691869995,1853250.8661109996,10
-1212489.3791534677,1853250.8661109996,10
-1212026.06643694,1853250.8661109996,10
-1211562.7537204125,1853250.8661109996,10
-1211099.4410038851,1853250.8661109996,10
-1210636.1282873575,1853250.8661109996,10
-1210172.8155708301,1853250.8661109996,10
-1209709.5028543025,1853250.8661109996,10
-1209246.1901377751,1853250.8661109996,10
-1208782.8774212475,1853250.8661109996,10
-1208319.5647047202,1853250.8661109996,10
-1207856.2519881926,1853250.8661109996,10
-1207392.9392716652,1853250.8661109996,10
-1206929.6265551376,1853250.8661109996,10
-1206466.3138386102,1853250.8661109996,10
-1206003.0011220826,1853250.8661109996,10
-1205539.6884055552,1853250.8661109996,10
-1205076.3756890276,1853250.8661109996,10
-1204613.0629725,1853250.8661109996,10
-1204149.7502559726,1853250.8661109996,10
-1203686.4375394452,1853250.8661109996,10
-1203223.1248229176,1853250.8661109996,10
-1202759.81210639,1853250.8661109996,10
-1202296.4993898626,1853250.8661109996,10
-1201833.186673335,1853250.8661109996,10
-1201369.8739568077,1853250.8661109996,10
-1200906.56124028,1853250.8661109996,10
-1200443.2485237527,1853250.8661109996,10
-1199979.935807225,1853250.8661109996,10
-1199516.6230906977,1853250.8661109996,10
-1199053.31037417,1853250.8661109996,10
-1198589.9976576427,1853250.8661109996,10
-1198126.684941115,1853250.8661109996,10
-1197663.3722245875,1853250.8661109996,10
-1197200.05950806,1853250.8661109996,10
-1196736.7467915327,1853250.8661109996,10
-1196273.4340750051,1853250.8661109996,10
-1195810.1213584775,1853250.8661109996,10
-1195346.8086419501,1853250.8661109996,10
-1194883.4959254225,1853250.8661109996,10
-1194420.1832088951,1853250.8661109996,10
-1193956.8704923675,1853250.8661109996,10
-1193493.5577758402,1853250.8661109996,10
-1193030.2450593126,1853250.8661109996,10
-1192566.9323427852,1853250.8661109996,10
-1192103.6196262576,1853250.8661109996,10
-1191640.3069097302,1853250.8661109996,10
-1191176.9941932026,1853250.8661109996,10
-1190713.6814766752,1853250.8661109996,10
-1190250.3687601476,1853250.8661109996,10
-1189787.0560436202,1853250.8661109996,10
-1189323.7433270926,1853250.8661109996,10
-1188860.430610565,1853250.8661109996,10
-1188397.1178940376,1853250.8661109996,10
-1187933.80517751,1853250.8661109996,10
-1187470.4924609826,1853250.8661109996,10
-1187007.179744455,1853250.8661109996,10
-1186543.8670279277,1853250.8661109996,10
-1186080.5543114,1853250.8661109996,10
-1185617.2415948727,1853250.8661109996,10
-1185153.928878345,1853250.8661109996,10
-1184690.6161618177,1853250.8661109996,10
-1184227.30344529,1853250.8661109996,10
-1183763.9907287627,1853250.8661109996,10
-1183300.678012235,1853250.8661109996,10
-1182837.3652957077,1853250.8661109996,10
-1182374.05257918,1853250.8661109996,10
-1181910.7398626525,1853250.8661109996,10
-1181447.4271461251,1853250.8661109996,10
-1180984.1144295975,1853250.8661109996,10
-1180520.8017130701,1853250.8661109996,10
-1180057.4889965425,1853250.8661109996,10
-1179594.1762800151,1853250.8661109996,10
-1179130.8635634875,1853250.8661109996,10
-1178667.5508469602,1853250.8661109996,10
-1178204.2381304326,1853250.8661109996,10
-1177740.9254139052,1853250.8661109996,10
-1177277.6126973776,1853250.8661109996,10
-1176814.2999808502,1853250.8661109996,10
-1176350.9872643226,1853250.8661109996,10
-1175887.6745477952,1853250.8661109996,10
-1175424.3618312676,1853250.8661109996,10
-1174961.04911474,1853250.8661109996,10
-1174497.7363982126,1853250.8661109996,10
-1174034.4236816852,1853250.8661109996,10
-1173571.1109651576,1853250.8661109996,10
-1173107.79824863,1853250.8661109996,10
-1172644.4855321026,1853250.8661109996,10
-1172181.172815575,1853250.8661109996,10
-1171717.8600990477,1853250.8661109996,10
-1171254.54738252,1853250.8661109996,10
-1170791.2346659927,1853250.8661109996,10
-1170327.921949465,1853250.8661109996,10
-1169864.6092329377,1853250.8661109996,10
-1169401.29651641,1853250.8661109996,10
-1168937.9837998827,1853250.8661109996,10
-1168474.671083355,1853250.8661109996,10
-1168011.3583668275,1853250.8661109996,10
-1167548.0456503,1853250.8661109996,10
-1167084.7329337727,1853250.8661109996,10
-1166621.4202172451,1853250.8661109996,10
-1365382.5756075426,1852787.5533944722,10
-1364919.262891015,1852787.5533944722,10
-1364455.9501744877,1852787.5533944722,10
-1363992.63745796,1852787.5533944722,10
-1363529.3247414327,1852787.5533944722,10
-1363066.012024905,1852787.5533944722,10
-1362602.6993083777,1852787.5533944722,16
-1362139.38659185,1852787.5533944722,16
-1361676.0738753227,1852787.5533944722,10
-1361212.761158795,1852787.5533944722,10
-1360749.4484422677,1852787.5533944722,16
-1360286.13572574,1852787.5533944722,16
-1359822.8230092125,1852787.5533944722,10
-1359359.5102926851,1852787.5533944722,10
-1358896.1975761575,1852787.5533944722,16
-1358432.8848596301,1852787.5533944722,16
-1357969.5721431025,1852787.5533944722,10
-1357506.2594265752,1852787.5533944722,10
-1357042.9467100475,1852787.5533944722,10
-1356579.6339935202,1852787.5533944722,10
-1356116.3212769926,1852787.5533944722,16
-1355653.0085604652,1852787.5533944722,10
-1355189.6958439376,1852787.5533944722,10
-1354726.3831274102,1852787.5533944722,10
-1354263.0704108826,1852787.5533944722,10
-1353799.7576943552,1852787.5533944722,10
-1353336.4449778276,1852787.5533944722,10
-1352873.1322613002,1852787.5533944722,10
-1352409.8195447726,1852787.5533944722,10
-1351946.506828245,1852787.5533944722,10
-1351483.1941117176,1852787.5533944722,10
-1351019.88139519,1852787.5533944722,10
-1350556.5686786626,1852787.5533944722,10
-1350093.255962135,1852787.5533944722,10
-1349629.9432456077,1852787.5533944722,10
-1349166.63052908,1852787.5533944722,10
-1348703.3178125527,1852787.5533944722,10
-1348240.005096025,1852787.5533944722,10
-1347776.6923794977,1852787.5533944722,16
-1347313.37966297,1852787.5533944722,10
-1346850.0669464427,1852787.5533944722,10
-1346386.754229915,1852787.5533944722,10
-1345923.4415133877,1852787.5533944722,10
-1345460.12879686,1852787.5533944722,10
-1344996.8160803327,1852787.5533944722,10
-1344533.5033638051,1852787.5533944722,10
-1344070.1906472775,1852787.5533944722,10
-1343606.8779307501,1852787.5533944722,16
-1343143.5652142225,1852787.5533944722,16
-1342680.2524976952,1852787.5533944722,16
-1342216.9397811675,1852787.5533944722,16
-1341753.6270646402,1852787.5533944722,16
-1341290.3143481126,1852787.5533944722,16
-1340827.0016315852,1852787.5533944722,10
-1340363.6889150576,1852787.5533944722,10
-1339900.3761985302,1852787.5533944722,10
-1339437.0634820026,1852787.5533944722,16
-1338973.7507654752,1852787.5533944722,16
-1338510.4380489476,1852787.5533944722,10
-1338047.1253324202,1852787.5533944722,16
-1337583.8126158926,1852787.5533944722,16
-1337120.499899365,1852787.5533944722,16
-1336657.1871828376,1852787.5533944722,16
-1336193.87446631,1852787.5533944722,16
-1335730.5617497826,1852787.5533944722,16
-1335267.249033255,1852787.5533944722,16
-1334803.9363167277,1852787.5533944722,16
-1334340.6236002,1852787.5533944722,16
-1333877.3108836727,1852787.5533944722,16
-1333413.998167145,1852787.5533944722,16
-1332950.6854506177,1852787.5533944722,16
-1332487.37273409,1852787.5533944722,16
-1332024.0600175627,1852787.5533944722,16
-1331560.747301035,1852787.5533944722,16
-1331097.4345845077,1852787.5533944722,16
-1330634.12186798,1852787.5533944722,16
-1330170.8091514525,1852787.5533944722,16
-1329707.4964349251,1852787.5533944722,16
-1329244.1837183975,1852787.5533944722,16
-1328780.8710018701,1852787.5533944722,16
-1328317.5582853425,1852787.5533944722,16
-1327854.2455688152,1852787.5533944722,10
-1327390.9328522875,1852787.5533944722,10
-1326927.6201357602,1852787.5533944722,16
-1326464.3074192326,1852787.5533944722,16
-1326000.9947027052,1852787.5533944722,16
-1325537.6819861776,1852787.5533944722,16
-1325074.3692696502,1852787.5533944722,16
-1324611.0565531226,1852787.5533944722,10
-1324147.7438365952,1852787.5533944722,10
-1323684.4311200676,1852787.5533944722,10
-1323221.11840354,1852787.5533944722,10
-1322757.8056870126,1852787.5533944722,10
-1322294.492970485,1852787.5533944722,10
-1321831.1802539576,1852787.5533944722,10
-1321367.86753743,1852787.5533944722,10
-1320904.5548209026,1852787.5533944722,10
-1320441.242104375,1852787.5533944722,16
-1319977.9293878477,1852787.5533944722,16
-1319514.61667132,1852787.5533944722,16
-1319051.3039547927,1852787.5533944722,16
-1318587.991238265,1852787.5533944722,16
-1318124.6785217377,1852787.5533944722,16
-1317661.36580521,1852787.5533944722,16
-1317198.0530886827,1852787.5533944722,16
-1316734.740372155,1852787.5533944722,16
-1316271.4276556277,1852787.5533944722,16
-1315808.1149391,1852787.5533944722,16
-1315344.8022225727,1852787.5533944722,16
-1314881.4895060451,1852787.5533944722,16
-1314418.1767895175,1852787.5533944722,16
-1313954.8640729901,1852787.5533944722,10
-1313491.5513564625,1852787.5533944722,10
-1313028.2386399352,1852787.5533944722,10
-1312564.9259234075,1852787.5533944722,16
-1312101.6132068802,1852787.5533944722,16
-1311638.3004903526,1852787.5533944722,16
-1311174.9877738252,1852787.5533944722,16
-1310711.6750572976,1852787.5533944722,16
-1310248.3623407702,1852787.5533944722,16
-1309785.0496242426,1852787.5533944722,10
-1309321.7369077152,1852787.5533944722,10
-1308858.4241911876,1852787.5533944722,16
-1308395.1114746602,1852787.5533944722,10
-1307931.7987581326,1852787.5533944722,16
-1307468.486041605,1852787.5533944722,16
-1307005.1733250776,1852787.5533944722,16
-1306541.86060855,1852787.5533944722,16
-1306078.5478920226,1852787.5533944722,10
-1305615.235175495,1852787.5533944722,10
-1305151.9224589677,1852787.5533944722,10
-1304688.60974244,1852787.5533944722,16
-1304225.2970259127,1852787.5533944722,16
-1303761.984309385,1852787.5533944722,10
-1303298.6715928577,1852787.5533944722,10
-1302835.35887633,1852787.5533944722,10
-1302372.0461598027,1852787.5533944722,16
-1301908.733443275,1852787.5533944722,16
-1301445.4207267477,1852787.5533944722,16
-1300982.10801022,1852787.5533944722,16
-1300518.7952936925,1852787.5533944722,16
-1300055.4825771651,1852787.5533944722,16
-1299592.1698606375,1852787.5533944722,16
-1299128.8571441101,1852787.5533944722,16
-1298665.5444275825,1852787.5533944722,16
-1298202.2317110552,1852787.5533944722,16
-1297738.9189945275,1852787.5533944722,16
-1297275.6062780002,1852787.5533944722,10
-1296812.2935614726,1852787.5533944722,16
-1296348.9808449452,1852787.5533944722,16
-1295885.6681284176,1852787.5533944722,16
-1295422.3554118902,1852787.5533944722,16
-1294959.0426953626,1852787.5533944722,16
-1294495.7299788352,1852787.5533944722,16
-1294032.4172623076,1852787.5533944722,16
-1293569.10454578,1852787.5533944722,16
-1293105.7918292526,1852787.5533944722,16
-1292642.479112725,1852787.5533944722,16
-1292179.1663961976,1852787.5533944722,16
-1291715.85367967,1852787.5533944722,16
-1291252.5409631426,1852787.5533944722,16
-1290789.228246615,1852787.5533944722,10
-1290325.9155300877,1852787.5533944722,10
-1289862.60281356,1852787.5533944722,10
-1289399.2900970327,1852787.5533944722,10
-1288935.977380505,1852787.5533944722,10
-1288472.6646639777,1852787.5533944722,10
-1288009.35194745,1852787.5533944722,10
-1287546.0392309227,1852787.5533944722,10
-1287082.726514395,1852787.5533944722,10
-1286619.4137978677,1852787.5533944722,10
-1286156.10108134,1852787.5533944722,16
-1285692.7883648127,1852787.5533944722,16
-1285229.4756482851,1852787.5533944722,16
-1284766.1629317575,1852787.5533944722,10
-1284302.8502152301,1852787.5533944722,10
-1283839.5374987025,1852787.5533944722,10
-1283376.2247821752,1852787.5533944722,10
-1282912.9120656475,1852787.5533944722,10
-1282449.5993491202,1852787.5533944722,10
-1281986.2866325926,1852787.5533944722,10
-1281522.9739160652,1852787.5533944722,10
-1281059.6611995376,1852787.5533944722,10
-1280596.3484830102,1852787.5533944722,10
-1280133.0357664826,1852787.5533944722,10
-1279669.7230499552,1852787.5533944722,10
-1279206.4103334276,1852787.5533944722,10
-1278743.0976169002,1852787.5533944722,10
-1278279.7849003726,1852787.5533944722,10
-1277816.472183845,1852787.5533944722,16
-1277353.1594673176,1852787.5533944722,16
-1276889.84675079,1852787.5533944722,10
-1276426.5340342626,1852787.5533944722,10
-1275963.221317735,1852787.5533944722,10
-1275499.9086012077,1852787.5533944722,10
-1275036.59588468,1852787.5533944722,10
-1274573.2831681527,1852787.5533944722,10
-1274109.970451625,1852787.5533944722,10
-1273646.6577350977,1852787.5533944722,10
-1273183.34501857,1852787.5533944722,16
-1272720.0323020427,1852787.5533944722,16
-1272256.719585515,1852787.5533944722,10
-1271793.4068689877,1852787.5533944722,10
-1271330.09415246,1852787.5533944722,10
-1270866.7814359325,1852787.5533944722,10
-1270403.4687194051,1852787.5533944722,10
-1269940.1560028775,1852787.5533944722,10
-1269476.8432863501,1852787.5533944722,10
-1269013.5305698225,1852787.5533944722,10
-1268550.2178532952,1852787.5533944722,10
-1268086.9051367675,1852787.5533944722,10
-1267623.5924202402,1852787.5533944722,16
-1267160.2797037126,1852787.5533944722,16
-1266696.9669871852,1852787.5533944722,10
-1266233.6542706576,1852787.5533944722,10
-1265770.3415541302,1852787.5533944722,10
-1265307.0288376026,1852787.5533944722,10
-1264843.7161210752,1852787.5533944722,10
-1264380.4034045476,1852787.5533944722,10
-1263917.09068802,1852787.5533944722,10
-1263453.7779714926,1852787.5533944722,10
-1262990.465254965,1852787.5533944722,10
-1262527.1525384376,1852787.5533944722,10
-1262063.83982191,1852787.5533944722,10
-1261600.5271053826,1852787.5533944722,10
-1261137.214388855,1852787.5533944722,10
-1260673.9016723277,1852787.5533944722,10
-1260210.5889558,1852787.5533944722,10
-1259747.2762392727,1852787.5533944722,10
-1259283.963522745,1852787.5533944722,10
-1258820.6508062177,1852787.5533944722,10
-1258357.33808969,1852787.5533944722,10
-1257894.0253731627,1852787.5533944722,10
-1257430.712656635,1852787.5533944722,10
-1256967.3999401077,1852787.5533944722,10
-1256504.08722358,1852787.5533944722,10
-1256040.7745070527,1852787.5533944722,10
-1255577.4617905251,1852787.5533944722,10
-1255114.1490739975,1852787.5533944722,10
-1254650.8363574701,1852787.5533944722,10
-1254187.5236409425,1852787.5533944722,10
-1253724.2109244152,1852787.5533944722,10
-1253260.8982078875,1852787.5533944722,10
-1252797.5854913602,1852787.5533944722,10
-1252334.2727748326,1852787.5533944722,10
-1251870.9600583052,1852787.5533944722,10
-1251407.6473417776,1852787.5533944722,10
-1250944.3346252502,1852787.5533944722,10
-1250481.0219087226,1852787.5533944722,10
-1250017.7091921952,1852787.5533944722,10
-1249554.3964756676,1852787.5533944722,10
-1249091.0837591402,1852787.5533944722,10
-1248627.7710426126,1852787.5533944722,10
-1248164.458326085,1852787.5533944722,10
-1247701.1456095576,1852787.5533944722,10
-1247237.83289303,1852787.5533944722,10
-1246774.5201765026,1852787.5533944722,10
-1246311.207459975,1852787.5533944722,10
-1245847.8947434477,1852787.5533944722,10
-1245384.58202692,1852787.5533944722,10
-1244921.2693103927,1852787.5533944722,10
-1244457.956593865,1852787.5533944722,10
-1243994.6438773377,1852787.5533944722,10
-1243531.33116081,1852787.5533944722,10
-1243068.0184442827,1852787.5533944722,10
-1242604.705727755,1852787.5533944722,10
-1242141.3930112277,1852787.5533944722,10
-1241678.0802947,1852787.5533944722,10
-1241214.7675781725,1852787.5533944722,10
-1240751.4548616451,1852787.5533944722,10
-1240288.1421451175,1852787.5533944722,10
-1239824.8294285901,1852787.5533944722,10
-1239361.5167120625,1852787.5533944722,10
-1238898.2039955352,1852787.5533944722,10
-1238434.8912790075,1852787.5533944722,10
-1237971.5785624802,1852787.5533944722,10
-1237508.2658459526,1852787.5533944722,10
-1237044.9531294252,1852787.5533944722,10
-1236581.6404128976,1852787.5533944722,10
-1236118.3276963702,1852787.5533944722,10
-1235655.0149798426,1852787.5533944722,10
-1235191.7022633152,1852787.5533944722,10
-1234728.3895467876,1852787.5533944722,10
-1234265.07683026,1852787.5533944722,10
-1233801.7641137326,1852787.5533944722,10
-1233338.4513972052,1852787.5533944722,10
-1232875.1386806776,1852787.5533944722,10
-1232411.82596415,1852787.5533944722,10
-1231948.5132476226,1852787.5533944722,10
-1231485.200531095,1852787.5533944722,10
-1231021.8878145677,1852787.5533944722,10
-1230558.57509804,1852787.5533944722,10
-1230095.2623815127,1852787.5533944722,10
-1229631.949664985,1852787.5533944722,10
-1229168.6369484577,1852787.5533944722,10
-1228705.32423193,1852787.5533944722,10
-1228242.0115154027,1852787.5533944722,10
-1227778.698798875,1852787.5533944722,10
-1227315.3860823475,1852787.5533944722,10
-1226852.07336582,1852787.5533944722,10
-1226388.7606492927,1852787.5533944722,10
-1225925.4479327651,1852787.5533944722,10
-1225462.1352162375,1852787.5533944722,10
-1224998.8224997101,1852787.5533944722,10
-1224535.5097831825,1852787.5533944722,10
-1224072.1970666551,1852787.5533944722,10
-1223608.8843501275,1852787.5533944722,10
-1223145.5716336002,1852787.5533944722,10
-1222682.2589170726,1852787.5533944722,10
-1222218.9462005452,1852787.5533944722,10
-1221755.6334840176,1852787.5533944722,10
-1221292.3207674902,1852787.5533944722,10
-1220829.0080509626,1852787.5533944722,10
-1220365.6953344352,1852787.5533944722,10
-1219902.3826179076,1852787.5533944722,10
-1219439.0699013802,1852787.5533944722,10
-1218975.7571848526,1852787.5533944722,10
-1218512.444468325,1852787.5533944722,10
-1218049.1317517976,1852787.5533944722,10
-1217585.81903527,1852787.5533944722,10
-1217122.5063187426,1852787.5533944722,10
-1216659.193602215,1852787.5533944722,10
-1216195.8808856877,1852787.5533944722,10
-1215732.56816916,1852787.5533944722,10
-1215269.2554526327,1852787.5533944722,10
-1214805.942736105,1852787.5533944722,10
-1214342.6300195777,1852787.5533944722,10
-1213879.31730305,1852787.5533944722,10
-1213416.0045865227,1852787.5533944722,10
-1212952.691869995,1852787.5533944722,10
-1212489.3791534677,1852787.5533944722,10
-1212026.06643694,1852787.5533944722,10
-1211562.7537204125,1852787.5533944722,10
-1211099.4410038851,1852787.5533944722,10
-1210636.1282873575,1852787.5533944722,10
-1210172.8155708301,1852787.5533944722,10
-1209709.5028543025,1852787.5533944722,10
-1209246.1901377751,1852787.5533944722,10
-1208782.8774212475,1852787.5533944722,10
-1208319.5647047202,1852787.5533944722,10
-1207856.2519881926,1852787.5533944722,10
-1207392.9392716652,1852787.5533944722,10
-1206929.6265551376,1852787.5533944722,10
-1206466.3138386102,1852787.5533944722,10
-1206003.0011220826,1852787.5533944722,10
-1205539.6884055552,1852787.5533944722,10
-1205076.3756890276,1852787.5533944722,10
-1204613.0629725,1852787.5533944722,10
-1204149.7502559726,1852787.5533944722,10
-1203686.4375394452,1852787.5533944722,10
-1203223.1248229176,1852787.5533944722,10
-1202759.81210639,1852787.5533944722,10
-1202296.4993898626,1852787.5533944722,10
-1201833.186673335,1852787.5533944722,10
-1201369.8739568077,1852787.5533944722,10
-1200906.56124028,1852787.5533944722,10
-1200443.2485237527,1852787.5533944722,10
-1199979.935807225,1852787.5533944722,10
-1199516.6230906977,1852787.5533944722,10
-1199053.31037417,1852787.5533944722,10
-1198589.9976576427,1852787.5533944722,10
-1198126.684941115,1852787.5533944722,10
-1197663.3722245875,1852787.5533944722,10
-1197200.05950806,1852787.5533944722,10
-1196736.7467915327,1852787.5533944722,10
-1196273.4340750051,1852787.5533944722,10
-1195810.1213584775,1852787.5533944722,10
-1195346.8086419501,1852787.5533944722,10
-1194883.4959254225,1852787.5533944722,10
-1194420.1832088951,1852787.5533944722,10
-1193956.8704923675,1852787.5533944722,10
-1193493.5577758402,1852787.5533944722,10
-1193030.2450593126,1852787.5533944722,10
-1192566.9323427852,1852787.5533944722,10
-1192103.6196262576,1852787.5533944722,10
-1191640.3069097302,1852787.5533944722,10
-1191176.9941932026,1852787.5533944722,10
-1190713.6814766752,1852787.5533944722,10
-1190250.3687601476,1852787.5533944722,10
-1189787.0560436202,1852787.5533944722,10
-1189323.7433270926,1852787.5533944722,10
-1188860.430610565,1852787.5533944722,10
-1188397.1178940376,1852787.5533944722,10
-1187933.80517751,1852787.5533944722,10
-1187470.4924609826,1852787.5533944722,10
-1187007.179744455,1852787.5533944722,10
-1186543.8670279277,1852787.5533944722,10
-1186080.5543114,1852787.5533944722,10
-1185617.2415948727,1852787.5533944722,10
-1185153.928878345,1852787.5533944722,10
-1184690.6161618177,1852787.5533944722,10
-1184227.30344529,1852787.5533944722,10
-1183763.9907287627,1852787.5533944722,10
-1183300.678012235,1852787.5533944722,10
-1182837.3652957077,1852787.5533944722,10
-1182374.05257918,1852787.5533944722,10
-1181910.7398626525,1852787.5533944722,10
-1181447.4271461251,1852787.5533944722,10
-1180984.1144295975,1852787.5533944722,10
-1180520.8017130701,1852787.5533944722,10
-1180057.4889965425,1852787.5533944722,10
-1179594.1762800151,1852787.5533944722,10
-1179130.8635634875,1852787.5533944722,10
-1178667.5508469602,1852787.5533944722,10
-1178204.2381304326,1852787.5533944722,10
-1177740.9254139052,1852787.5533944722,10
-1177277.6126973776,1852787.5533944722,10
-1176814.2999808502,1852787.5533944722,10
-1176350.9872643226,1852787.5533944722,10
-1175887.6745477952,1852787.5533944722,10
-1175424.3618312676,1852787.5533944722,10
-1174961.04911474,1852787.5533944722,10
-1174497.7363982126,1852787.5533944722,10
-1174034.4236816852,1852787.5533944722,10
-1173571.1109651576,1852787.5533944722,10
-1173107.79824863,1852787.5533944722,10
-1172644.4855321026,1852787.5533944722,10
-1172181.172815575,1852787.5533944722,10
-1171717.8600990477,1852787.5533944722,10
-1171254.54738252,1852787.5533944722,10
-1170791.2346659927,1852787.5533944722,10
-1170327.921949465,1852787.5533944722,10
-1169864.6092329377,1852787.5533944722,10
-1169401.29651641,1852787.5533944722,10
-1168937.9837998827,1852787.5533944722,10
-1168474.671083355,1852787.5533944722,10
-1168011.3583668275,1852787.5533944722,10
-1167548.0456503,1852787.5533944722,10
-1167084.7329337727,1852787.5533944722,10
-1166621.4202172451,1852787.5533944722,10
-1166158.1075007175,1852787.5533944722,10
-1364919.262891015,1852324.2406779446,10
-1364455.9501744877,1852324.2406779446,10
-1363992.63745796,1852324.2406779446,10
-1363529.3247414327,1852324.2406779446,10
-1363066.012024905,1852324.2406779446,10
-1362602.6993083777,1852324.2406779446,10
-1362139.38659185,1852324.2406779446,16
-1361676.0738753227,1852324.2406779446,10
-1361212.761158795,1852324.2406779446,10
-1360749.4484422677,1852324.2406779446,10
-1360286.13572574,1852324.2406779446,10
-1359822.8230092125,1852324.2406779446,10
-1359359.5102926851,1852324.2406779446,10
-1358896.1975761575,1852324.2406779446,10
-1358432.8848596301,1852324.2406779446,10
-1357969.5721431025,1852324.2406779446,10
-1357506.2594265752,1852324.2406779446,10
-1357042.9467100475,1852324.2406779446,10
-1356579.6339935202,1852324.2406779446,10
-1356116.3212769926,1852324.2406779446,16
-1355653.0085604652,1852324.2406779446,10
-1355189.6958439376,1852324.2406779446,10
-1354726.3831274102,1852324.2406779446,10
-1354263.0704108826,1852324.2406779446,10
-1353799.7576943552,1852324.2406779446,10
-1353336.4449778276,1852324.2406779446,10
-1352873.1322613002,1852324.2406779446,10
-1352409.8195447726,1852324.2406779446,10
-1351946.506828245,1852324.2406779446,10
-1351483.1941117176,1852324.2406779446,10
-1351019.88139519,1852324.2406779446,10
-1350556.5686786626,1852324.2406779446,10
-1350093.255962135,1852324.2406779446,10
-1349629.9432456077,1852324.2406779446,10
-1349166.63052908,1852324.2406779446,10
-1348703.3178125527,1852324.2406779446,10
-1348240.005096025,1852324.2406779446,10
-1347776.6923794977,1852324.2406779446,10
-1347313.37966297,1852324.2406779446,10
-1346850.0669464427,1852324.2406779446,10
-1346386.754229915,1852324.2406779446,10
-1345923.4415133877,1852324.2406779446,10
-1345460.12879686,1852324.2406779446,10
-1344996.8160803327,1852324.2406779446,16
-1344533.5033638051,1852324.2406779446,16
-1344070.1906472775,1852324.2406779446,10
-1343606.8779307501,1852324.2406779446,10
-1343143.5652142225,1852324.2406779446,16
-1342680.2524976952,1852324.2406779446,16
-1342216.9397811675,1852324.2406779446,10
-1341753.6270646402,1852324.2406779446,10
-1341290.3143481126,1852324.2406779446,10
-1340827.0016315852,1852324.2406779446,10
-1340363.6889150576,1852324.2406779446,10
-1339900.3761985302,1852324.2406779446,16
-1339437.0634820026,1852324.2406779446,16
-1338973.7507654752,1852324.2406779446,16
-1338510.4380489476,1852324.2406779446,10
-1338047.1253324202,1852324.2406779446,16
-1337583.8126158926,1852324.2406779446,16
-1337120.499899365,1852324.2406779446,16
-1336657.1871828376,1852324.2406779446,16
-1336193.87446631,1852324.2406779446,16
-1335730.5617497826,1852324.2406779446,16
-1335267.249033255,1852324.2406779446,16
-1334803.9363167277,1852324.2406779446,16
-1334340.6236002,1852324.2406779446,16
-1333877.3108836727,1852324.2406779446,16
-1333413.998167145,1852324.2406779446,16
-1332950.6854506177,1852324.2406779446,16
-1332487.37273409,1852324.2406779446,16
-1332024.0600175627,1852324.2406779446,16
-1331560.747301035,1852324.2406779446,16
-1331097.4345845077,1852324.2406779446,16
-1330634.12186798,1852324.2406779446,16
-1330170.8091514525,1852324.2406779446,16
-1329707.4964349251,1852324.2406779446,16
-1329244.1837183975,1852324.2406779446,16
-1328780.8710018701,1852324.2406779446,16
-1328317.5582853425,1852324.2406779446,16
-1327854.2455688152,1852324.2406779446,10
-1327390.9328522875,1852324.2406779446,10
-1326927.6201357602,1852324.2406779446,16
-1326464.3074192326,1852324.2406779446,16
-1326000.9947027052,1852324.2406779446,16
-1325537.6819861776,1852324.2406779446,16
-1325074.3692696502,1852324.2406779446,16
-1324611.0565531226,1852324.2406779446,10
-1324147.7438365952,1852324.2406779446,10
-1323684.4311200676,1852324.2406779446,10
-1323221.11840354,1852324.2406779446,10
-1322757.8056870126,1852324.2406779446,10
-1322294.492970485,1852324.2406779446,10
-1321831.1802539576,1852324.2406779446,10
-1321367.86753743,1852324.2406779446,10
-1320904.5548209026,1852324.2406779446,16
-1320441.242104375,1852324.2406779446,16
-1319977.9293878477,1852324.2406779446,16
-1319514.61667132,1852324.2406779446,16
-1319051.3039547927,1852324.2406779446,16
-1318587.991238265,1852324.2406779446,16
-1318124.6785217377,1852324.2406779446,16
-1317661.36580521,1852324.2406779446,16
-1317198.0530886827,1852324.2406779446,16
-1316734.740372155,1852324.2406779446,16
-1316271.4276556277,1852324.2406779446,16
-1315808.1149391,1852324.2406779446,16
-1315344.8022225727,1852324.2406779446,16
-1314881.4895060451,1852324.2406779446,16
-1314418.1767895175,1852324.2406779446,16
-1313954.8640729901,1852324.2406779446,16
-1313491.5513564625,1852324.2406779446,10
-1313028.2386399352,1852324.2406779446,10
-1312564.9259234075,1852324.2406779446,16
-1312101.6132068802,1852324.2406779446,16
-1311638.3004903526,1852324.2406779446,16
-1311174.9877738252,1852324.2406779446,16
-1310711.6750572976,1852324.2406779446,16
-1310248.3623407702,1852324.2406779446,16
-1309785.0496242426,1852324.2406779446,16
-1309321.7369077152,1852324.2406779446,16
-1308858.4241911876,1852324.2406779446,16
-1308395.1114746602,1852324.2406779446,16
-1307931.7987581326,1852324.2406779446,16
-1307468.486041605,1852324.2406779446,16
-1307005.1733250776,1852324.2406779446,16
-1306541.86060855,1852324.2406779446,10
-1306078.5478920226,1852324.2406779446,10
-1305615.235175495,1852324.2406779446,10
-1305151.9224589677,1852324.2406779446,10
-1304688.60974244,1852324.2406779446,10
-1304225.2970259127,1852324.2406779446,16
-1303761.984309385,1852324.2406779446,16
-1303298.6715928577,1852324.2406779446,10
-1302835.35887633,1852324.2406779446,10
-1302372.0461598027,1852324.2406779446,10
-1301908.733443275,1852324.2406779446,10
-1301445.4207267477,1852324.2406779446,16
-1300982.10801022,1852324.2406779446,16
-1300518.7952936925,1852324.2406779446,16
-1300055.4825771651,1852324.2406779446,16
-1299592.1698606375,1852324.2406779446,16
-1299128.8571441101,1852324.2406779446,16
-1298665.5444275825,1852324.2406779446,16
-1298202.2317110552,1852324.2406779446,16
-1297738.9189945275,1852324.2406779446,10
-1297275.6062780002,1852324.2406779446,16
-1296812.2935614726,1852324.2406779446,16
-1296348.9808449452,1852324.2406779446,16
-1295885.6681284176,1852324.2406779446,16
-1295422.3554118902,1852324.2406779446,16
-1294959.0426953626,1852324.2406779446,16
-1294495.7299788352,1852324.2406779446,16
-1294032.4172623076,1852324.2406779446,16
-1293569.10454578,1852324.2406779446,16
-1293105.7918292526,1852324.2406779446,10
-1292642.479112725,1852324.2406779446,10
-1292179.1663961976,1852324.2406779446,10
-1291715.85367967,1852324.2406779446,16
-1291252.5409631426,1852324.2406779446,16
-1290789.228246615,1852324.2406779446,16
-1290325.9155300877,1852324.2406779446,10
-1289862.60281356,1852324.2406779446,10
-1289399.2900970327,1852324.2406779446,10
-1288935.977380505,1852324.2406779446,10
-1288472.6646639777,1852324.2406779446,10
-1288009.35194745,1852324.2406779446,10
-1287546.0392309227,1852324.2406779446,10
-1287082.726514395,1852324.2406779446,10
-1286619.4137978677,1852324.2406779446,10
-1286156.10108134,1852324.2406779446,10
-1285692.7883648127,1852324.2406779446,10
-1285229.4756482851,1852324.2406779446,10
-1284766.1629317575,1852324.2406779446,16
-1284302.8502152301,1852324.2406779446,10
-1283839.5374987025,1852324.2406779446,16
-1283376.2247821752,1852324.2406779446,16
-1282912.9120656475,1852324.2406779446,10
-1282449.5993491202,1852324.2406779446,10
-1281986.2866325926,1852324.2406779446,10
-1281522.9739160652,1852324.2406779446,10
-1281059.6611995376,1852324.2406779446,10
-1280596.3484830102,1852324.2406779446,10
-1280133.0357664826,1852324.2406779446,16
-1279669.7230499552,1852324.2406779446,10
-1279206.4103334276,1852324.2406779446,10
-1278743.0976169002,1852324.2406779446,10
-1278279.7849003726,1852324.2406779446,10
-1277816.472183845,1852324.2406779446,16
-1277353.1594673176,1852324.2406779446,16
-1276889.84675079,1852324.2406779446,10
-1276426.5340342626,1852324.2406779446,10
-1275963.221317735,1852324.2406779446,10
-1275499.9086012077,1852324.2406779446,10
-1275036.59588468,1852324.2406779446,10
-1274573.2831681527,1852324.2406779446,10
-1274109.970451625,1852324.2406779446,10
-1273646.6577350977,1852324.2406779446,10
-1273183.34501857,1852324.2406779446,16
-1272720.0323020427,1852324.2406779446,16
-1272256.719585515,1852324.2406779446,10
-1271793.4068689877,1852324.2406779446,10
-1271330.09415246,1852324.2406779446,10
-1270866.7814359325,1852324.2406779446,10
-1270403.4687194051,1852324.2406779446,10
-1269940.1560028775,1852324.2406779446,10
-1269476.8432863501,1852324.2406779446,10
-1269013.5305698225,1852324.2406779446,10
-1268550.2178532952,1852324.2406779446,10
-1268086.9051367675,1852324.2406779446,16
-1267623.5924202402,1852324.2406779446,16
-1267160.2797037126,1852324.2406779446,16
-1266696.9669871852,1852324.2406779446,10
-1266233.6542706576,1852324.2406779446,10
-1265770.3415541302,1852324.2406779446,10
-1265307.0288376026,1852324.2406779446,10
-1264843.7161210752,1852324.2406779446,10
-1264380.4034045476,1852324.2406779446,10
-1263917.09068802,1852324.2406779446,10
-1263453.7779714926,1852324.2406779446,10
-1262990.465254965,1852324.2406779446,10
-1262527.1525384376,1852324.2406779446,10
-1262063.83982191,1852324.2406779446,10
-1261600.5271053826,1852324.2406779446,10
-1261137.214388855,1852324.2406779446,10
-1260673.9016723277,1852324.2406779446,10
-1260210.5889558,1852324.2406779446,10
-1259747.2762392727,1852324.2406779446,10
-1259283.963522745,1852324.2406779446,10
-1258820.6508062177,1852324.2406779446,10
-1258357.33808969,1852324.2406779446,10
-1257894.0253731627,1852324.2406779446,10
-1257430.712656635,1852324.2406779446,10
-1256967.3999401077,1852324.2406779446,10
-1256504.08722358,1852324.2406779446,10
-1256040.7745070527,1852324.2406779446,10
-1255577.4617905251,1852324.2406779446,10
-1255114.1490739975,1852324.2406779446,10
-1254650.8363574701,1852324.2406779446,10
-1254187.5236409425,1852324.2406779446,10
-1253724.2109244152,1852324.2406779446,10
-1253260.8982078875,1852324.2406779446,10
-1252797.5854913602,1852324.2406779446,10
-1252334.2727748326,1852324.2406779446,10
-1251870.9600583052,1852324.2406779446,10
-1251407.6473417776,1852324.2406779446,10
-1250944.3346252502,1852324.2406779446,10
-1250481.0219087226,1852324.2406779446,10
-1250017.7091921952,1852324.2406779446,10
-1249554.3964756676,1852324.2406779446,10
-1249091.0837591402,1852324.2406779446,10
-1248627.7710426126,1852324.2406779446,10
-1248164.458326085,1852324.2406779446,10
-1247701.1456095576,1852324.2406779446,10
-1247237.83289303,1852324.2406779446,10
-1246774.5201765026,1852324.2406779446,10
-1246311.207459975,1852324.2406779446,10
-1245847.8947434477,1852324.2406779446,10
-1245384.58202692,1852324.2406779446,10
-1244921.2693103927,1852324.2406779446,10
-1244457.956593865,1852324.2406779446,10
-1243994.6438773377,1852324.2406779446,10
-1243531.33116081,1852324.2406779446,10
-1243068.0184442827,1852324.2406779446,10
-1242604.705727755,1852324.2406779446,10
-1242141.3930112277,1852324.2406779446,10
-1241678.0802947,1852324.2406779446,10
-1241214.7675781725,1852324.2406779446,10
-1240751.4548616451,1852324.2406779446,10
-1240288.1421451175,1852324.2406779446,10
-1239824.8294285901,1852324.2406779446,10
-1239361.5167120625,1852324.2406779446,10
-1238898.2039955352,1852324.2406779446,10
-1238434.8912790075,1852324.2406779446,10
-1237971.5785624802,1852324.2406779446,10
-1237508.2658459526,1852324.2406779446,10
-1237044.9531294252,1852324.2406779446,10
-1236581.6404128976,1852324.2406779446,10
-1236118.3276963702,1852324.2406779446,10
-1235655.0149798426,1852324.2406779446,10
-1235191.7022633152,1852324.2406779446,10
-1234728.3895467876,1852324.2406779446,10
-1234265.07683026,1852324.2406779446,10
-1233801.7641137326,1852324.2406779446,10
-1233338.4513972052,1852324.2406779446,10
-1232875.1386806776,1852324.2406779446,10
-1232411.82596415,1852324.2406779446,10
-1231948.5132476226,1852324.2406779446,10
-1231485.200531095,1852324.2406779446,10
-1231021.8878145677,1852324.2406779446,10
-1230558.57509804,1852324.2406779446,10
-1230095.2623815127,1852324.2406779446,10
-1229631.949664985,1852324.2406779446,10
-1229168.6369484577,1852324.2406779446,10
-1228705.32423193,1852324.2406779446,10
-1228242.0115154027,1852324.2406779446,10
-1227778.698798875,1852324.2406779446,10
-1227315.3860823475,1852324.2406779446,10
-1226852.07336582,1852324.2406779446,10
-1226388.7606492927,1852324.2406779446,10
-1225925.4479327651,1852324.2406779446,10
-1225462.1352162375,1852324.2406779446,10
-1224998.8224997101,1852324.2406779446,10
-1224535.5097831825,1852324.2406779446,10
-1224072.1970666551,1852324.2406779446,10
-1223608.8843501275,1852324.2406779446,10
-1223145.5716336002,1852324.2406779446,10
-1222682.2589170726,1852324.2406779446,10
-1222218.9462005452,1852324.2406779446,10
-1221755.6334840176,1852324.2406779446,10
-1221292.3207674902,1852324.2406779446,10
-1220829.0080509626,1852324.2406779446,10
-1220365.6953344352,1852324.2406779446,10
-1219902.3826179076,1852324.2406779446,10
-1219439.0699013802,1852324.2406779446,10
-1218975.7571848526,1852324.2406779446,10
-1218512.444468325,1852324.2406779446,10
-1218049.1317517976,1852324.2406779446,10
-1217585.81903527,1852324.2406779446,10
-1217122.5063187426,1852324.2406779446,10
-1216659.193602215,1852324.2406779446,10
-1216195.8808856877,1852324.2406779446,10
-1215732.56816916,1852324.2406779446,10
-1215269.2554526327,1852324.2406779446,10
-1214805.942736105,1852324.2406779446,10
-1214342.6300195777,1852324.2406779446,10
-1213879.31730305,1852324.2406779446,10
-1213416.0045865227,1852324.2406779446,10
-1212952.691869995,1852324.2406779446,10
-1212489.3791534677,1852324.2406779446,10
-1212026.06643694,1852324.2406779446,10
-1211562.7537204125,1852324.2406779446,10
-1211099.4410038851,1852324.2406779446,10
-1210636.1282873575,1852324.2406779446,10
-1210172.8155708301,1852324.2406779446,10
-1209709.5028543025,1852324.2406779446,10
-1209246.1901377751,1852324.2406779446,10
-1208782.8774212475,1852324.2406779446,10
-1208319.5647047202,1852324.2406779446,10
-1207856.2519881926,1852324.2406779446,10
-1207392.9392716652,1852324.2406779446,10
-1206929.6265551376,1852324.2406779446,10
-1206466.3138386102,1852324.2406779446,10
-1206003.0011220826,1852324.2406779446,10
-1205539.6884055552,1852324.2406779446,10
-1205076.3756890276,1852324.2406779446,10
-1204613.0629725,1852324.2406779446,10
-1204149.7502559726,1852324.2406779446,10
-1203686.4375394452,1852324.2406779446,10
-1203223.1248229176,1852324.2406779446,10
-1202759.81210639,1852324.2406779446,10
-1202296.4993898626,1852324.2406779446,10
-1201833.186673335,1852324.2406779446,10
-1201369.8739568077,1852324.2406779446,10
-1200906.56124028,1852324.2406779446,10
-1200443.2485237527,1852324.2406779446,10
-1199979.935807225,1852324.2406779446,10
-1199516.6230906977,1852324.2406779446,10
-1199053.31037417,1852324.2406779446,10
-1198589.9976576427,1852324.2406779446,10
-1198126.684941115,1852324.2406779446,10
-1197663.3722245875,1852324.2406779446,10
-1197200.05950806,1852324.2406779446,10
-1196736.7467915327,1852324.2406779446,10
-1196273.4340750051,1852324.2406779446,10
-1195810.1213584775,1852324.2406779446,10
-1195346.8086419501,1852324.2406779446,10
-1194883.4959254225,1852324.2406779446,10
-1194420.1832088951,1852324.2406779446,10
-1193956.8704923675,1852324.2406779446,10
-1193493.5577758402,1852324.2406779446,10
-1193030.2450593126,1852324.2406779446,10
-1192566.9323427852,1852324.2406779446,10
-1192103.6196262576,1852324.2406779446,10
-1191640.3069097302,1852324.2406779446,10
-1191176.9941932026,1852324.2406779446,10
-1190713.6814766752,1852324.2406779446,10
-1190250.3687601476,1852324.2406779446,10
-1189787.0560436202,1852324.2406779446,10
-1189323.7433270926,1852324.2406779446,10
-1188860.430610565,1852324.2406779446,10
-1188397.1178940376,1852324.2406779446,10
-1187933.80517751,1852324.2406779446,10
-1187470.4924609826,1852324.2406779446,10
-1187007.179744455,1852324.2406779446,10
-1186543.8670279277,1852324.2406779446,10
-1186080.5543114,1852324.2406779446,10
-1185617.2415948727,1852324.2406779446,10
-1185153.928878345,1852324.2406779446,10
-1184690.6161618177,1852324.2406779446,10
-1184227.30344529,1852324.2406779446,10
-1183763.9907287627,1852324.2406779446,10
-1183300.678012235,1852324.2406779446,10
-1182837.3652957077,1852324.2406779446,10
-1182374.05257918,1852324.2406779446,10
-1181910.7398626525,1852324.2406779446,10
-1181447.4271461251,1852324.2406779446,10
-1180984.1144295975,1852324.2406779446,10
-1180520.8017130701,1852324.2406779446,10
-1180057.4889965425,1852324.2406779446,10
-1179594.1762800151,1852324.2406779446,10
-1179130.8635634875,1852324.2406779446,10
-1178667.5508469602,1852324.2406779446,10
-1178204.2381304326,1852324.2406779446,10
-1177740.9254139052,1852324.2406779446,10
-1177277.6126973776,1852324.2406779446,10
-1176814.2999808502,1852324.2406779446,10
-1176350.9872643226,1852324.2406779446,10
-1175887.6745477952,1852324.2406779446,10
-1175424.3618312676,1852324.2406779446,10
-1174961.04911474,1852324.2406779446,10
-1174497.7363982126,1852324.2406779446,10
-1174034.4236816852,1852324.2406779446,10
-1173571.1109651576,1852324.2406779446,10
-1173107.79824863,1852324.2406779446,10
-1172644.4855321026,1852324.2406779446,10
-1172181.172815575,1852324.2406779446,10
-1171717.8600990477,1852324.2406779446,10
-1171254.54738252,1852324.2406779446,10
-1170791.2346659927,1852324.2406779446,10
-1170327.921949465,1852324.2406779446,10
-1169864.6092329377,1852324.2406779446,10
-1169401.29651641,1852324.2406779446,10
-1168937.9837998827,1852324.2406779446,10
-1168474.671083355,1852324.2406779446,10
-1168011.3583668275,1852324.2406779446,10
-1167548.0456503,1852324.2406779446,10
-1167084.7329337727,1852324.2406779446,10
-1166621.4202172451,1852324.2406779446,10
-1166158.1075007175,1852324.2406779446,10
-1165694.7947841901,1852324.2406779446,10
-1165231.4820676625,1852324.2406779446,10
-1362602.6993083777,1851860.9279614172,10
-1362139.38659185,1851860.9279614172,10
-1361676.0738753227,1851860.9279614172,10
-1361212.761158795,1851860.9279614172,10
-1360749.4484422677,1851860.9279614172,10
-1360286.13572574,1851860.9279614172,10
-1359822.8230092125,1851860.9279614172,10
-1359359.5102926851,1851860.9279614172,10
-1358896.1975761575,1851860.9279614172,10
-1358432.8848596301,1851860.9279614172,16
-1357969.5721431025,1851860.9279614172,10
-1357506.2594265752,1851860.9279614172,10
-1357042.9467100475,1851860.9279614172,10
-1356579.6339935202,1851860.9279614172,10
-1356116.3212769926,1851860.9279614172,16
-1355653.0085604652,1851860.9279614172,10
-1355189.6958439376,1851860.9279614172,10
-1354726.3831274102,1851860.9279614172,10
-1354263.0704108826,1851860.9279614172,10
-1353799.7576943552,1851860.9279614172,10
-1353336.4449778276,1851860.9279614172,10
-1352873.1322613002,1851860.9279614172,10
-1352409.8195447726,1851860.9279614172,10
-1351946.506828245,1851860.9279614172,10
-1351483.1941117176,1851860.9279614172,10
-1351019.88139519,1851860.9279614172,10
-1350556.5686786626,1851860.9279614172,10
-1350093.255962135,1851860.9279614172,10
-1349629.9432456077,1851860.9279614172,10
-1349166.63052908,1851860.9279614172,10
-1348703.3178125527,1851860.9279614172,10
-1348240.005096025,1851860.9279614172,10
-1347776.6923794977,1851860.9279614172,10
-1347313.37966297,1851860.9279614172,10
-1346850.0669464427,1851860.9279614172,10
-1346386.754229915,1851860.9279614172,10
-1345923.4415133877,1851860.9279614172,10
-1345460.12879686,1851860.9279614172,16
-1344996.8160803327,1851860.9279614172,16
-1344533.5033638051,1851860.9279614172,16
-1344070.1906472775,1851860.9279614172,16
-1343606.8779307501,1851860.9279614172,10
-1343143.5652142225,1851860.9279614172,10
-1342680.2524976952,1851860.9279614172,10
-1342216.9397811675,1851860.9279614172,10
-1341753.6270646402,1851860.9279614172,10
-1341290.3143481126,1851860.9279614172,10
-1340827.0016315852,1851860.9279614172,16
-1340363.6889150576,1851860.9279614172,16
-1339900.3761985302,1851860.9279614172,16
-1339437.0634820026,1851860.9279614172,16
-1338973.7507654752,1851860.9279614172,16
-1338510.4380489476,1851860.9279614172,16
-1338047.1253324202,1851860.9279614172,16
-1337583.8126158926,1851860.9279614172,16
-1337120.499899365,1851860.9279614172,16
-1336657.1871828376,1851860.9279614172,16
-1336193.87446631,1851860.9279614172,16
-1335730.5617497826,1851860.9279614172,16
-1335267.249033255,1851860.9279614172,16
-1334803.9363167277,1851860.9279614172,16
-1334340.6236002,1851860.9279614172,16
-1333877.3108836727,1851860.9279614172,16
-1333413.998167145,1851860.9279614172,16
-1332950.6854506177,1851860.9279614172,16
-1332487.37273409,1851860.9279614172,16
-1332024.0600175627,1851860.9279614172,16
-1331560.747301035,1851860.9279614172,16
-1331097.4345845077,1851860.9279614172,16
-1330634.12186798,1851860.9279614172,16
-1330170.8091514525,1851860.9279614172,16
-1329707.4964349251,1851860.9279614172,16
-1329244.1837183975,1851860.9279614172,16
-1328780.8710018701,1851860.9279614172,16
-1328317.5582853425,1851860.9279614172,16
-1327854.2455688152,1851860.9279614172,10
-1327390.9328522875,1851860.9279614172,10
-1326927.6201357602,1851860.9279614172,10
-1326464.3074192326,1851860.9279614172,16
-1326000.9947027052,1851860.9279614172,16
-1325537.6819861776,1851860.9279614172,16
-1325074.3692696502,1851860.9279614172,10
-1324611.0565531226,1851860.9279614172,10
-1324147.7438365952,1851860.9279614172,10
-1323684.4311200676,1851860.9279614172,10
-1323221.11840354,1851860.9279614172,10
-1322757.8056870126,1851860.9279614172,10
-1322294.492970485,1851860.9279614172,10
-1321831.1802539576,1851860.9279614172,16
-1321367.86753743,1851860.9279614172,16
-1320904.5548209026,1851860.9279614172,16
-1320441.242104375,1851860.9279614172,16
-1319977.9293878477,1851860.9279614172,16
-1319514.61667132,1851860.9279614172,16
-1319051.3039547927,1851860.9279614172,16
-1318587.991238265,1851860.9279614172,16
-1318124.6785217377,1851860.9279614172,16
-1317661.36580521,1851860.9279614172,16
-1317198.0530886827,1851860.9279614172,16
-1316734.740372155,1851860.9279614172,16
-1316271.4276556277,1851860.9279614172,16
-1315808.1149391,1851860.9279614172,16
-1315344.8022225727,1851860.9279614172,16
-1314881.4895060451,1851860.9279614172,16
-1314418.1767895175,1851860.9279614172,16
-1313954.8640729901,1851860.9279614172,16
-1313491.5513564625,1851860.9279614172,10
-1313028.2386399352,1851860.9279614172,10
-1312564.9259234075,1851860.9279614172,16
-1312101.6132068802,1851860.9279614172,16
-1311638.3004903526,1851860.9279614172,16
-1311174.9877738252,1851860.9279614172,16
-1310711.6750572976,1851860.9279614172,16
-1310248.3623407702,1851860.9279614172,16
-1309785.0496242426,1851860.9279614172,16
-1309321.7369077152,1851860.9279614172,16
-1308858.4241911876,1851860.9279614172,16
-1308395.1114746602,1851860.9279614172,16
-1307931.7987581326,1851860.9279614172,16
-1307468.486041605,1851860.9279614172,16
-1307005.1733250776,1851860.9279614172,16
-1306541.86060855,1851860.9279614172,16
-1306078.5478920226,1851860.9279614172,16
-1305615.235175495,1851860.9279614172,10
-1305151.9224589677,1851860.9279614172,10
-1304688.60974244,1851860.9279614172,10
-1304225.2970259127,1851860.9279614172,16
-1303761.984309385,1851860.9279614172,16
-1303298.6715928577,1851860.9279614172,16
-1302835.35887633,1851860.9279614172,16
-1302372.0461598027,1851860.9279614172,10
-1301908.733443275,1851860.9279614172,10
-1301445.4207267477,1851860.9279614172,10
-1300982.10801022,1851860.9279614172,16
-1300518.7952936925,1851860.9279614172,16
-1300055.4825771651,1851860.9279614172,16
-1299592.1698606375,1851860.9279614172,10
-1299128.8571441101,1851860.9279614172,10
-1298665.5444275825,1851860.9279614172,10
-1298202.2317110552,1851860.9279614172,10
-1297738.9189945275,1851860.9279614172,10
-1297275.6062780002,1851860.9279614172,16
-1296812.2935614726,1851860.9279614172,16
-1296348.9808449452,1851860.9279614172,16
-1295885.6681284176,1851860.9279614172,16
-1295422.3554118902,1851860.9279614172,16
-1294959.0426953626,1851860.9279614172,16
-1294495.7299788352,1851860.9279614172,16
-1294032.4172623076,1851860.9279614172,16
-1293569.10454578,1851860.9279614172,10
-1293105.7918292526,1851860.9279614172,10
-1292642.479112725,1851860.9279614172,10
-1292179.1663961976,1851860.9279614172,10
-1291715.85367967,1851860.9279614172,16
-1291252.5409631426,1851860.9279614172,16
-1290789.228246615,1851860.9279614172,10
-1290325.9155300877,1851860.9279614172,10
-1289862.60281356,1851860.9279614172,10
-1289399.2900970327,1851860.9279614172,10
-1288935.977380505,1851860.9279614172,10
-1288472.6646639777,1851860.9279614172,10
-1288009.35194745,1851860.9279614172,10
-1287546.0392309227,1851860.9279614172,10
-1287082.726514395,1851860.9279614172,10
-1286619.4137978677,1851860.9279614172,10
-1286156.10108134,1851860.9279614172,10
-1285692.7883648127,1851860.9279614172,10
-1285229.4756482851,1851860.9279614172,10
-1284766.1629317575,1851860.9279614172,10
-1284302.8502152301,1851860.9279614172,10
-1283839.5374987025,1851860.9279614172,10
-1283376.2247821752,1851860.9279614172,16
-1282912.9120656475,1851860.9279614172,10
-1282449.5993491202,1851860.9279614172,10
-1281986.2866325926,1851860.9279614172,10
-1281522.9739160652,1851860.9279614172,10
-1281059.6611995376,1851860.9279614172,10
-1280596.3484830102,1851860.9279614172,10
-1280133.0357664826,1851860.9279614172,10
-1279669.7230499552,1851860.9279614172,10
-1279206.4103334276,1851860.9279614172,10
-1278743.0976169002,1851860.9279614172,10
-1278279.7849003726,1851860.9279614172,10
-1277816.472183845,1851860.9279614172,10
-1277353.1594673176,1851860.9279614172,10
-1276889.84675079,1851860.9279614172,10
-1276426.5340342626,1851860.9279614172,10
-1275963.221317735,1851860.9279614172,10
-1275499.9086012077,1851860.9279614172,10
-1275036.59588468,1851860.9279614172,10
-1274573.2831681527,1851860.9279614172,10
-1274109.970451625,1851860.9279614172,10
-1273646.6577350977,1851860.9279614172,10
-1273183.34501857,1851860.9279614172,16
-1272720.0323020427,1851860.9279614172,10
-1272256.719585515,1851860.9279614172,10
-1271793.4068689877,1851860.9279614172,10
-1271330.09415246,1851860.9279614172,10
-1270866.7814359325,1851860.9279614172,10
-1270403.4687194051,1851860.9279614172,16
-1269940.1560028775,1851860.9279614172,16
-1269476.8432863501,1851860.9279614172,16
-1269013.5305698225,1851860.9279614172,16
-1268550.2178532952,1851860.9279614172,16
-1268086.9051367675,1851860.9279614172,16
-1267623.5924202402,1851860.9279614172,16
-1267160.2797037126,1851860.9279614172,10
-1266696.9669871852,1851860.9279614172,10
-1266233.6542706576,1851860.9279614172,10
-1265770.3415541302,1851860.9279614172,10
-1265307.0288376026,1851860.9279614172,10
-1264843.7161210752,1851860.9279614172,10
-1264380.4034045476,1851860.9279614172,10
-1263917.09068802,1851860.9279614172,10
-1263453.7779714926,1851860.9279614172,10
-1262990.465254965,1851860.9279614172,10
-1262527.1525384376,1851860.9279614172,10
-1262063.83982191,1851860.9279614172,10
-1261600.5271053826,1851860.9279614172,10
-1261137.214388855,1851860.9279614172,10
-1260673.9016723277,1851860.9279614172,10
-1260210.5889558,1851860.9279614172,10
-1259747.2762392727,1851860.9279614172,10
-1259283.963522745,1851860.9279614172,10
-1258820.6508062177,1851860.9279614172,10
-1258357.33808969,1851860.9279614172,10
-1257894.0253731627,1851860.9279614172,10
-1257430.712656635,1851860.9279614172,10
-1256967.3999401077,1851860.9279614172,10
-1256504.08722358,1851860.9279614172,10
-1256040.7745070527,1851860.9279614172,10
-1255577.4617905251,1851860.9279614172,10
-1255114.1490739975,1851860.9279614172,10
-1254650.8363574701,1851860.9279614172,10
-1254187.5236409425,1851860.9279614172,10
-1253724.2109244152,1851860.9279614172,10
-1253260.8982078875,1851860.9279614172,10
-1252797.5854913602,1851860.9279614172,10
-1252334.2727748326,1851860.9279614172,10
-1251870.9600583052,1851860.9279614172,10
-1251407.6473417776,1851860.9279614172,10
-1250944.3346252502,1851860.9279614172,10
-1250481.0219087226,1851860.9279614172,10
-1250017.7091921952,1851860.9279614172,10
-1249554.3964756676,1851860.9279614172,10
-1249091.0837591402,1851860.9279614172,10
-1248627.7710426126,1851860.9279614172,10
-1248164.458326085,1851860.9279614172,10
-1247701.1456095576,1851860.9279614172,10
-1247237.83289303,1851860.9279614172,10
-1246774.5201765026,1851860.9279614172,10
-1246311.207459975,1851860.9279614172,10
-1245847.8947434477,1851860.9279614172,10
-1245384.58202692,1851860.9279614172,10
-1244921.2693103927,1851860.9279614172,10
-1244457.956593865,1851860.9279614172,10
-1243994.6438773377,1851860.9279614172,10
-1243531.33116081,1851860.9279614172,10
-1243068.0184442827,1851860.9279614172,10
-1242604.705727755,1851860.9279614172,10
-1242141.3930112277,1851860.9279614172,10
-1241678.0802947,1851860.9279614172,10
-1241214.7675781725,1851860.9279614172,10
-1240751.4548616451,1851860.9279614172,10
-1240288.1421451175,1851860.9279614172,10
-1239824.8294285901,1851860.9279614172,10
-1239361.5167120625,1851860.9279614172,10
-1238898.2039955352,1851860.9279614172,10
-1238434.8912790075,1851860.9279614172,10
-1237971.5785624802,1851860.9279614172,10
-1237508.2658459526,1851860.9279614172,10
-1237044.9531294252,1851860.9279614172,10
-1236581.6404128976,1851860.9279614172,10
-1236118.3276963702,1851860.9279614172,10
-1235655.0149798426,1851860.9279614172,10
-1235191.7022633152,1851860.9279614172,10
-1234728.3895467876,1851860.9279614172,10
-1234265.07683026,1851860.9279614172,10
-1233801.7641137326,1851860.9279614172,10
-1233338.4513972052,1851860.9279614172,10
-1232875.1386806776,1851860.9279614172,10
-1232411.82596415,1851860.9279614172,10
-1231948.5132476226,1851860.9279614172,10
-1231485.200531095,1851860.9279614172,10
-1231021.8878145677,1851860.9279614172,10
-1230558.57509804,1851860.9279614172,10
-1230095.2623815127,1851860.9279614172,10
-1229631.949664985,1851860.9279614172,10
-1229168.6369484577,1851860.9279614172,10
-1228705.32423193,1851860.9279614172,10
-1228242.0115154027,1851860.9279614172,10
-1227778.698798875,1851860.9279614172,10
-1227315.3860823475,1851860.9279614172,10
-1226852.07336582,1851860.9279614172,10
-1226388.7606492927,1851860.9279614172,10
-1225925.4479327651,1851860.9279614172,10
-1225462.1352162375,1851860.9279614172,10
-1224998.8224997101,1851860.9279614172,10
-1224535.5097831825,1851860.9279614172,10
-1224072.1970666551,1851860.9279614172,10
-1223608.8843501275,1851860.9279614172,10
-1223145.5716336002,1851860.9279614172,10
-1222682.2589170726,1851860.9279614172,10
-1222218.9462005452,1851860.9279614172,10
-1221755.6334840176,1851860.9279614172,10
-1221292.3207674902,1851860.9279614172,10
-1220829.0080509626,1851860.9279614172,10
-1220365.6953344352,1851860.9279614172,10
-1219902.3826179076,1851860.9279614172,10
-1219439.0699013802,1851860.9279614172,10
-1218975.7571848526,1851860.9279614172,10
-1218512.444468325,1851860.9279614172,10
-1218049.1317517976,1851860.9279614172,10
-1217585.81903527,1851860.9279614172,10
-1217122.5063187426,1851860.9279614172,10
-1216659.193602215,1851860.9279614172,10
-1216195.8808856877,1851860.9279614172,10
-1215732.56816916,1851860.9279614172,10
-1215269.2554526327,1851860.9279614172,10
-1214805.942736105,1851860.9279614172,10
-1214342.6300195777,1851860.9279614172,10
-1213879.31730305,1851860.9279614172,10
-1213416.0045865227,1851860.9279614172,10
-1212952.691869995,1851860.9279614172,10
-1212489.3791534677,1851860.9279614172,10
-1212026.06643694,1851860.9279614172,10
-1211562.7537204125,1851860.9279614172,10
-1211099.4410038851,1851860.9279614172,10
-1210636.1282873575,1851860.9279614172,10
-1210172.8155708301,1851860.9279614172,10
-1209709.5028543025,1851860.9279614172,10
-1209246.1901377751,1851860.9279614172,10
-1208782.8774212475,1851860.9279614172,10
-1208319.5647047202,1851860.9279614172,10
-1207856.2519881926,1851860.9279614172,10
-1207392.9392716652,1851860.9279614172,10
-1206929.6265551376,1851860.9279614172,10
-1206466.3138386102,1851860.9279614172,10
-1206003.0011220826,1851860.9279614172,10
-1205539.6884055552,1851860.9279614172,10
-1205076.3756890276,1851860.9279614172,10
-1204613.0629725,1851860.9279614172,10
-1204149.7502559726,1851860.9279614172,10
-1203686.4375394452,1851860.9279614172,10
-1203223.1248229176,1851860.9279614172,10
-1202759.81210639,1851860.9279614172,10
-1202296.4993898626,1851860.9279614172,10
-1201833.186673335,1851860.9279614172,10
-1201369.8739568077,1851860.9279614172,10
-1200906.56124028,1851860.9279614172,10
-1200443.2485237527,1851860.9279614172,10
-1199979.935807225,1851860.9279614172,10
-1199516.6230906977,1851860.9279614172,10
-1199053.31037417,1851860.9279614172,10
-1198589.9976576427,1851860.9279614172,10
-1198126.684941115,1851860.9279614172,10
-1197663.3722245875,1851860.9279614172,10
-1197200.05950806,1851860.9279614172,10
-1196736.7467915327,1851860.9279614172,10
-1196273.4340750051,1851860.9279614172,10
-1195810.1213584775,1851860.9279614172,10
-1195346.8086419501,1851860.9279614172,10
-1194883.4959254225,1851860.9279614172,10
-1194420.1832088951,1851860.9279614172,10
-1193956.8704923675,1851860.9279614172,10
-1193493.5577758402,1851860.9279614172,10
-1193030.2450593126,1851860.9279614172,10
-1192566.9323427852,1851860.9279614172,10
-1192103.6196262576,1851860.9279614172,10
-1191640.3069097302,1851860.9279614172,10
-1191176.9941932026,1851860.9279614172,10
-1190713.6814766752,1851860.9279614172,10
-1190250.3687601476,1851860.9279614172,10
-1189787.0560436202,1851860.9279614172,10
-1189323.7433270926,1851860.9279614172,10
-1188860.430610565,1851860.9279614172,10
-1188397.1178940376,1851860.9279614172,10
-1187933.80517751,1851860.9279614172,10
-1187470.4924609826,1851860.9279614172,10
-1187007.179744455,1851860.9279614172,10
-1186543.8670279277,1851860.9279614172,10
-1186080.5543114,1851860.9279614172,10
-1185617.2415948727,1851860.9279614172,10
-1185153.928878345,1851860.9279614172,10
-1184690.6161618177,1851860.9279614172,10
-1184227.30344529,1851860.9279614172,10
-1183763.9907287627,1851860.9279614172,10
-1183300.678012235,1851860.9279614172,10
-1182837.3652957077,1851860.9279614172,10
-1182374.05257918,1851860.9279614172,10
-1181910.7398626525,1851860.9279614172,10
-1181447.4271461251,1851860.9279614172,10
-1180984.1144295975,1851860.9279614172,10
-1180520.8017130701,1851860.9279614172,10
-1180057.4889965425,1851860.9279614172,10
-1179594.1762800151,1851860.9279614172,10
-1179130.8635634875,1851860.9279614172,10
-1178667.5508469602,1851860.9279614172,10
-1178204.2381304326,1851860.9279614172,10
-1177740.9254139052,1851860.9279614172,10
-1177277.6126973776,1851860.9279614172,10
-1176814.2999808502,1851860.9279614172,10
-1176350.9872643226,1851860.9279614172,10
-1175887.6745477952,1851860.9279614172,10
-1175424.3618312676,1851860.9279614172,10
-1174961.04911474,1851860.9279614172,10
-1174497.7363982126,1851860.9279614172,10
-1174034.4236816852,1851860.9279614172,10
-1173571.1109651576,1851860.9279614172,10
-1173107.79824863,1851860.9279614172,10
-1172644.4855321026,1851860.9279614172,10
-1172181.172815575,1851860.9279614172,10
-1171717.8600990477,1851860.9279614172,10
-1171254.54738252,1851860.9279614172,10
-1170791.2346659927,1851860.9279614172,10
-1170327.921949465,1851860.9279614172,10
-1169864.6092329377,1851860.9279614172,10
-1169401.29651641,1851860.9279614172,10
-1168937.9837998827,1851860.9279614172,10
-1168474.671083355,1851860.9279614172,10
-1168011.3583668275,1851860.9279614172,10
-1167548.0456503,1851860.9279614172,10
-1167084.7329337727,1851860.9279614172,10
-1166621.4202172451,1851860.9279614172,10
-1166158.1075007175,1851860.9279614172,10
-1165694.7947841901,1851860.9279614172,10
-1165231.4820676625,1851860.9279614172,10
-1164768.1693511351,1851860.9279614172,10
-1164304.8566346075,1851860.9279614172,10
-1361676.0738753227,1851397.6152448896,10
-1361212.761158795,1851397.6152448896,10
-1360749.4484422677,1851397.6152448896,10
-1360286.13572574,1851397.6152448896,10
-1359822.8230092125,1851397.6152448896,10
-1359359.5102926851,1851397.6152448896,10
-1358896.1975761575,1851397.6152448896,10
-1358432.8848596301,1851397.6152448896,16
-1357969.5721431025,1851397.6152448896,10
-1357506.2594265752,1851397.6152448896,10
-1357042.9467100475,1851397.6152448896,10
-1356579.6339935202,1851397.6152448896,10
-1356116.3212769926,1851397.6152448896,10
-1355653.0085604652,1851397.6152448896,10
-1355189.6958439376,1851397.6152448896,10
-1354726.3831274102,1851397.6152448896,10
-1354263.0704108826,1851397.6152448896,10
-1353799.7576943552,1851397.6152448896,10
-1353336.4449778276,1851397.6152448896,10
-1352873.1322613002,1851397.6152448896,10
-1352409.8195447726,1851397.6152448896,10
-1351946.506828245,1851397.6152448896,10
-1351483.1941117176,1851397.6152448896,10
-1351019.88139519,1851397.6152448896,10
-1350556.5686786626,1851397.6152448896,10
-1350093.255962135,1851397.6152448896,10
-1349629.9432456077,1851397.6152448896,10
-1349166.63052908,1851397.6152448896,10
-1348703.3178125527,1851397.6152448896,10
-1348240.005096025,1851397.6152448896,10
-1347776.6923794977,1851397.6152448896,10
-1347313.37966297,1851397.6152448896,10
-1346850.0669464427,1851397.6152448896,10
-1346386.754229915,1851397.6152448896,16
-1345923.4415133877,1851397.6152448896,16
-1345460.12879686,1851397.6152448896,16
-1344996.8160803327,1851397.6152448896,16
-1344533.5033638051,1851397.6152448896,16
-1344070.1906472775,1851397.6152448896,16
-1343606.8779307501,1851397.6152448896,16
-1343143.5652142225,1851397.6152448896,16
-1342680.2524976952,1851397.6152448896,10
-1342216.9397811675,1851397.6152448896,10
-1341753.6270646402,1851397.6152448896,10
-1341290.3143481126,1851397.6152448896,10
-1340827.0016315852,1851397.6152448896,16
-1340363.6889150576,1851397.6152448896,16
-1339900.3761985302,1851397.6152448896,10
-1339437.0634820026,1851397.6152448896,10
-1338973.7507654752,1851397.6152448896,16
-1338510.4380489476,1851397.6152448896,16
-1338047.1253324202,1851397.6152448896,16
-1337583.8126158926,1851397.6152448896,16
-1337120.499899365,1851397.6152448896,16
-1336657.1871828376,1851397.6152448896,16
-1336193.87446631,1851397.6152448896,16
-1335730.5617497826,1851397.6152448896,16
-1335267.249033255,1851397.6152448896,10
-1334803.9363167277,1851397.6152448896,16
-1334340.6236002,1851397.6152448896,16
-1333877.3108836727,1851397.6152448896,16
-1333413.998167145,1851397.6152448896,16
-1332950.6854506177,1851397.6152448896,16
-1332487.37273409,1851397.6152448896,10
-1332024.0600175627,1851397.6152448896,10
-1331560.747301035,1851397.6152448896,10
-1331097.4345845077,1851397.6152448896,16
-1330634.12186798,1851397.6152448896,10
-1330170.8091514525,1851397.6152448896,10
-1329707.4964349251,1851397.6152448896,16
-1329244.1837183975,1851397.6152448896,16
-1328780.8710018701,1851397.6152448896,16
-1328317.5582853425,1851397.6152448896,16
-1327854.2455688152,1851397.6152448896,10
-1327390.9328522875,1851397.6152448896,10
-1326927.6201357602,1851397.6152448896,10
-1326464.3074192326,1851397.6152448896,10
-1326000.9947027052,1851397.6152448896,10
-1325537.6819861776,1851397.6152448896,10
-1325074.3692696502,1851397.6152448896,10
-1324611.0565531226,1851397.6152448896,10
-1324147.7438365952,1851397.6152448896,16
-1323684.4311200676,1851397.6152448896,16
-1323221.11840354,1851397.6152448896,16
-1322757.8056870126,1851397.6152448896,16
-1322294.492970485,1851397.6152448896,16
-1321831.1802539576,1851397.6152448896,16
-1321367.86753743,1851397.6152448896,16
-1320904.5548209026,1851397.6152448896,16
-1320441.242104375,1851397.6152448896,16
-1319977.9293878477,1851397.6152448896,16
-1319514.61667132,1851397.6152448896,16
-1319051.3039547927,1851397.6152448896,16
-1318587.991238265,1851397.6152448896,16
-1318124.6785217377,1851397.6152448896,16
-1317661.36580521,1851397.6152448896,16
-1317198.0530886827,1851397.6152448896,16
-1316734.740372155,1851397.6152448896,16
-1316271.4276556277,1851397.6152448896,16
-1315808.1149391,1851397.6152448896,16
-1315344.8022225727,1851397.6152448896,16
-1314881.4895060451,1851397.6152448896,16
-1314418.1767895175,1851397.6152448896,16
-1313954.8640729901,1851397.6152448896,16
-1313491.5513564625,1851397.6152448896,10
-1313028.2386399352,1851397.6152448896,10
-1312564.9259234075,1851397.6152448896,10
-1312101.6132068802,1851397.6152448896,10
-1311638.3004903526,1851397.6152448896,10
-1311174.9877738252,1851397.6152448896,10
-1310711.6750572976,1851397.6152448896,16
-1310248.3623407702,1851397.6152448896,16
-1309785.0496242426,1851397.6152448896,16
-1309321.7369077152,1851397.6152448896,16
-1308858.4241911876,1851397.6152448896,16
-1308395.1114746602,1851397.6152448896,16
-1307931.7987581326,1851397.6152448896,16
-1307468.486041605,1851397.6152448896,16
-1307005.1733250776,1851397.6152448896,16
-1306541.86060855,1851397.6152448896,10
-1306078.5478920226,1851397.6152448896,10
-1305615.235175495,1851397.6152448896,10
-1305151.9224589677,1851397.6152448896,10
-1304688.60974244,1851397.6152448896,10
-1304225.2970259127,1851397.6152448896,16
-1303761.984309385,1851397.6152448896,16
-1303298.6715928577,1851397.6152448896,16
-1302835.35887633,1851397.6152448896,16
-1302372.0461598027,1851397.6152448896,16
-1301908.733443275,1851397.6152448896,10
-1301445.4207267477,1851397.6152448896,10
-1300982.10801022,1851397.6152448896,10
-1300518.7952936925,1851397.6152448896,10
-1300055.4825771651,1851397.6152448896,10
-1299592.1698606375,1851397.6152448896,10
-1299128.8571441101,1851397.6152448896,10
-1298665.5444275825,1851397.6152448896,10
-1298202.2317110552,1851397.6152448896,10
-1297738.9189945275,1851397.6152448896,10
-1297275.6062780002,1851397.6152448896,10
-1296812.2935614726,1851397.6152448896,10
-1296348.9808449452,1851397.6152448896,10
-1295885.6681284176,1851397.6152448896,16
-1295422.3554118902,1851397.6152448896,16
-1294959.0426953626,1851397.6152448896,16
-1294495.7299788352,1851397.6152448896,16
-1294032.4172623076,1851397.6152448896,16
-1293569.10454578,1851397.6152448896,10
-1293105.7918292526,1851397.6152448896,10
-1292642.479112725,1851397.6152448896,10
-1292179.1663961976,1851397.6152448896,10
-1291715.85367967,1851397.6152448896,16
-1291252.5409631426,1851397.6152448896,16
-1290789.228246615,1851397.6152448896,10
-1290325.9155300877,1851397.6152448896,10
-1289862.60281356,1851397.6152448896,10
-1289399.2900970327,1851397.6152448896,10
-1288935.977380505,1851397.6152448896,10
-1288472.6646639777,1851397.6152448896,10
-1288009.35194745,1851397.6152448896,10
-1287546.0392309227,1851397.6152448896,10
-1287082.726514395,1851397.6152448896,10
-1286619.4137978677,1851397.6152448896,10
-1286156.10108134,1851397.6152448896,10
-1285692.7883648127,1851397.6152448896,10
-1285229.4756482851,1851397.6152448896,10
-1284766.1629317575,1851397.6152448896,10
-1284302.8502152301,1851397.6152448896,10
-1283839.5374987025,1851397.6152448896,10
-1283376.2247821752,1851397.6152448896,10
-1282912.9120656475,1851397.6152448896,10
-1282449.5993491202,1851397.6152448896,10
-1281986.2866325926,1851397.6152448896,16
-1281522.9739160652,1851397.6152448896,10
-1281059.6611995376,1851397.6152448896,10
-1280596.3484830102,1851397.6152448896,10
-1280133.0357664826,1851397.6152448896,10
-1279669.7230499552,1851397.6152448896,10
-1279206.4103334276,1851397.6152448896,10
-1278743.0976169002,1851397.6152448896,10
-1278279.7849003726,1851397.6152448896,10
-1277816.472183845,1851397.6152448896,7
-1277353.1594673176,1851397.6152448896,10
-1276889.84675079,1851397.6152448896,10
-1276426.5340342626,1851397.6152448896,10
-1275963.221317735,1851397.6152448896,10
-1275499.9086012077,1851397.6152448896,10
-1275036.59588468,1851397.6152448896,10
-1274573.2831681527,1851397.6152448896,16
-1274109.970451625,1851397.6152448896,10
-1273646.6577350977,1851397.6152448896,10
-1273183.34501857,1851397.6152448896,10
-1272720.0323020427,1851397.6152448896,10
-1272256.719585515,1851397.6152448896,10
-1271793.4068689877,1851397.6152448896,10
-1271330.09415246,1851397.6152448896,10
-1270866.7814359325,1851397.6152448896,10
-1270403.4687194051,1851397.6152448896,16
-1269940.1560028775,1851397.6152448896,16
-1269476.8432863501,1851397.6152448896,16
-1269013.5305698225,1851397.6152448896,16
-1268550.2178532952,1851397.6152448896,10
-1268086.9051367675,1851397.6152448896,16
-1267623.5924202402,1851397.6152448896,10
-1267160.2797037126,1851397.6152448896,10
-1266696.9669871852,1851397.6152448896,10
-1266233.6542706576,1851397.6152448896,10
-1265770.3415541302,1851397.6152448896,10
-1265307.0288376026,1851397.6152448896,10
-1264843.7161210752,1851397.6152448896,10
-1264380.4034045476,1851397.6152448896,10
-1263917.09068802,1851397.6152448896,10
-1263453.7779714926,1851397.6152448896,10
-1262990.465254965,1851397.6152448896,10
-1262527.1525384376,1851397.6152448896,10
-1262063.83982191,1851397.6152448896,10
-1261600.5271053826,1851397.6152448896,10
-1261137.214388855,1851397.6152448896,10
-1260673.9016723277,1851397.6152448896,10
-1260210.5889558,1851397.6152448896,10
-1259747.2762392727,1851397.6152448896,10
-1259283.963522745,1851397.6152448896,10
-1258820.6508062177,1851397.6152448896,10
-1258357.33808969,1851397.6152448896,10
-1257894.0253731627,1851397.6152448896,10
-1257430.712656635,1851397.6152448896,10
-1256967.3999401077,1851397.6152448896,10
-1256504.08722358,1851397.6152448896,10
-1256040.7745070527,1851397.6152448896,10
-1255577.4617905251,1851397.6152448896,10
-1255114.1490739975,1851397.6152448896,10
-1254650.8363574701,1851397.6152448896,10
-1254187.5236409425,1851397.6152448896,10
-1253724.2109244152,1851397.6152448896,10
-1253260.8982078875,1851397.6152448896,10
-1252797.5854913602,1851397.6152448896,10
-1252334.2727748326,1851397.6152448896,10
-1251870.9600583052,1851397.6152448896,10
-1251407.6473417776,1851397.6152448896,10
-1250944.3346252502,1851397.6152448896,10
-1250481.0219087226,1851397.6152448896,10
-1250017.7091921952,1851397.6152448896,10
-1249554.3964756676,1851397.6152448896,10
-1249091.0837591402,1851397.6152448896,10
-1248627.7710426126,1851397.6152448896,10
-1248164.458326085,1851397.6152448896,10
-1247701.1456095576,1851397.6152448896,10
-1247237.83289303,1851397.6152448896,10
-1246774.5201765026,1851397.6152448896,10
-1246311.207459975,1851397.6152448896,10
-1245847.8947434477,1851397.6152448896,10
-1245384.58202692,1851397.6152448896,10
-1244921.2693103927,1851397.6152448896,10
-1244457.956593865,1851397.6152448896,10
-1243994.6438773377,1851397.6152448896,10
-1243531.33116081,1851397.6152448896,10
-1243068.0184442827,1851397.6152448896,10
-1242604.705727755,1851397.6152448896,10
-1242141.3930112277,1851397.6152448896,10
-1241678.0802947,1851397.6152448896,10
-1241214.7675781725,1851397.6152448896,10
-1240751.4548616451,1851397.6152448896,10
-1240288.1421451175,1851397.6152448896,10
-1239824.8294285901,1851397.6152448896,10
-1239361.5167120625,1851397.6152448896,10
-1238898.2039955352,1851397.6152448896,10
-1238434.8912790075,1851397.6152448896,10
-1237971.5785624802,1851397.6152448896,10
-1237508.2658459526,1851397.6152448896,10
-1237044.9531294252,1851397.6152448896,10
-1236581.6404128976,1851397.6152448896,10
-1236118.3276963702,1851397.6152448896,10
-1235655.0149798426,1851397.6152448896,10
-1235191.7022633152,1851397.6152448896,10
-1234728.3895467876,1851397.6152448896,10
-1234265.07683026,1851397.6152448896,10
-1233801.7641137326,1851397.6152448896,10
-1233338.4513972052,1851397.6152448896,10
-1232875.1386806776,1851397.6152448896,10
-1232411.82596415,1851397.6152448896,10
-1231948.5132476226,1851397.6152448896,10
-1231485.200531095,1851397.6152448896,10
-1231021.8878145677,1851397.6152448896,10
-1230558.57509804,1851397.6152448896,10
-1230095.2623815127,1851397.6152448896,10
-1229631.949664985,1851397.6152448896,10
-1229168.6369484577,1851397.6152448896,10
-1228705.32423193,1851397.6152448896,10
-1228242.0115154027,1851397.6152448896,10
-1227778.698798875,1851397.6152448896,10
-1227315.3860823475,1851397.6152448896,10
-1226852.07336582,1851397.6152448896,10
-1226388.7606492927,1851397.6152448896,10
-1225925.4479327651,1851397.6152448896,10
-1225462.1352162375,1851397.6152448896,10
-1224998.8224997101,1851397.6152448896,10
-1224535.5097831825,1851397.6152448896,10
-1224072.1970666551,1851397.6152448896,10
-1223608.8843501275,1851397.6152448896,10
-1223145.5716336002,1851397.6152448896,10
-1222682.2589170726,1851397.6152448896,10
-1222218.9462005452,1851397.6152448896,10
-1221755.6334840176,1851397.6152448896,10
-1221292.3207674902,1851397.6152448896,10
-1220829.0080509626,1851397.6152448896,10
-1220365.6953344352,1851397.6152448896,10
-1219902.3826179076,1851397.6152448896,10
-1219439.0699013802,1851397.6152448896,10
-1218975.7571848526,1851397.6152448896,10
-1218512.444468325,1851397.6152448896,10
-1218049.1317517976,1851397.6152448896,10
-1217585.81903527,1851397.6152448896,10
-1217122.5063187426,1851397.6152448896,10
-1216659.193602215,1851397.6152448896,10
-1216195.8808856877,1851397.6152448896,10
-1215732.56816916,1851397.6152448896,10
-1215269.2554526327,1851397.6152448896,10
-1214805.942736105,1851397.6152448896,10
-1214342.6300195777,1851397.6152448896,10
-1213879.31730305,1851397.6152448896,10
-1213416.0045865227,1851397.6152448896,10
-1212952.691869995,1851397.6152448896,10
-1212489.3791534677,1851397.6152448896,10
-1212026.06643694,1851397.6152448896,10
-1211562.7537204125,1851397.6152448896,10
-1211099.4410038851,1851397.6152448896,10
-1210636.1282873575,1851397.6152448896,10
-1210172.8155708301,1851397.6152448896,10
-1209709.5028543025,1851397.6152448896,10
-1209246.1901377751,1851397.6152448896,10
-1208782.8774212475,1851397.6152448896,10
-1208319.5647047202,1851397.6152448896,10
-1207856.2519881926,1851397.6152448896,10
-1207392.9392716652,1851397.6152448896,10
-1206929.6265551376,1851397.6152448896,10
-1206466.3138386102,1851397.6152448896,10
-1206003.0011220826,1851397.6152448896,10
-1205539.6884055552,1851397.6152448896,10
-1205076.3756890276,1851397.6152448896,10
-1204613.0629725,1851397.6152448896,10
-1204149.7502559726,1851397.6152448896,10
-1203686.4375394452,1851397.6152448896,10
-1203223.1248229176,1851397.6152448896,10
-1202759.81210639,1851397.6152448896,10
-1202296.4993898626,1851397.6152448896,10
-1201833.186673335,1851397.6152448896,10
-1201369.8739568077,1851397.6152448896,10
-1200906.56124028,1851397.6152448896,10
-1200443.2485237527,1851397.6152448896,10
-1199979.935807225,1851397.6152448896,10
-1199516.6230906977,1851397.6152448896,10
-1199053.31037417,1851397.6152448896,10
-1198589.9976576427,1851397.6152448896,10
-1198126.684941115,1851397.6152448896,10
-1197663.3722245875,1851397.6152448896,10
-1197200.05950806,1851397.6152448896,10
-1196736.7467915327,1851397.6152448896,10
-1196273.4340750051,1851397.6152448896,10
-1195810.1213584775,1851397.6152448896,10
-1195346.8086419501,1851397.6152448896,10
-1194883.4959254225,1851397.6152448896,10
-1194420.1832088951,1851397.6152448896,10
-1193956.8704923675,1851397.6152448896,10
-1193493.5577758402,1851397.6152448896,10
-1193030.2450593126,1851397.6152448896,10
-1192566.9323427852,1851397.6152448896,10
-1192103.6196262576,1851397.6152448896,10
-1191640.3069097302,1851397.6152448896,10
-1191176.9941932026,1851397.6152448896,10
-1190713.6814766752,1851397.6152448896,10
-1190250.3687601476,1851397.6152448896,10
-1189787.0560436202,1851397.6152448896,10
-1189323.7433270926,1851397.6152448896,10
-1188860.430610565,1851397.6152448896,10
-1188397.1178940376,1851397.6152448896,10
-1187933.80517751,1851397.6152448896,10
-1187470.4924609826,1851397.6152448896,10
-1187007.179744455,1851397.6152448896,10
-1186543.8670279277,1851397.6152448896,10
-1186080.5543114,1851397.6152448896,10
-1185617.2415948727,1851397.6152448896,10
-1185153.928878345,1851397.6152448896,10
-1184690.6161618177,1851397.6152448896,10
-1184227.30344529,1851397.6152448896,10
-1183763.9907287627,1851397.6152448896,10
-1183300.678012235,1851397.6152448896,10
-1182837.3652957077,1851397.6152448896,10
-1182374.05257918,1851397.6152448896,10
-1181910.7398626525,1851397.6152448896,10
-1181447.4271461251,1851397.6152448896,10
-1180984.1144295975,1851397.6152448896,10
-1180520.8017130701,1851397.6152448896,10
-1180057.4889965425,1851397.6152448896,10
-1179594.1762800151,1851397.6152448896,10
-1179130.8635634875,1851397.6152448896,10
-1178667.5508469602,1851397.6152448896,10
-1178204.2381304326,1851397.6152448896,10
-1177740.9254139052,1851397.6152448896,10
-1177277.6126973776,1851397.6152448896,10
-1176814.2999808502,1851397.6152448896,10
-1176350.9872643226,1851397.6152448896,10
-1175887.6745477952,1851397.6152448896,10
-1175424.3618312676,1851397.6152448896,10
-1174961.04911474,1851397.6152448896,10
-1174497.7363982126,1851397.6152448896,10
-1174034.4236816852,1851397.6152448896,10
-1173571.1109651576,1851397.6152448896,10
-1173107.79824863,1851397.6152448896,10
-1172644.4855321026,1851397.6152448896,10
-1172181.172815575,1851397.6152448896,10
-1171717.8600990477,1851397.6152448896,10
-1171254.54738252,1851397.6152448896,10
-1170791.2346659927,1851397.6152448896,10
-1170327.921949465,1851397.6152448896,10
-1169864.6092329377,1851397.6152448896,10
-1169401.29651641,1851397.6152448896,10
-1168937.9837998827,1851397.6152448896,10
-1168474.671083355,1851397.6152448896,10
-1168011.3583668275,1851397.6152448896,10
-1167548.0456503,1851397.6152448896,10
-1167084.7329337727,1851397.6152448896,10
-1166621.4202172451,1851397.6152448896,10
-1166158.1075007175,1851397.6152448896,10
-1165694.7947841901,1851397.6152448896,10
-1165231.4820676625,1851397.6152448896,10
-1164768.1693511351,1851397.6152448896,10
-1164304.8566346075,1851397.6152448896,10
-1163841.5439180802,1851397.6152448896,10
-1163378.2312015526,1851397.6152448896,10
-1361212.761158795,1850934.3025283623,10
-1360749.4484422677,1850934.3025283623,10
-1360286.13572574,1850934.3025283623,10
-1359822.8230092125,1850934.3025283623,10
-1359359.5102926851,1850934.3025283623,10
-1358896.1975761575,1850934.3025283623,10
-1358432.8848596301,1850934.3025283623,10
-1357969.5721431025,1850934.3025283623,10
-1357506.2594265752,1850934.3025283623,10
-1357042.9467100475,1850934.3025283623,10
-1356579.6339935202,1850934.3025283623,10
-1356116.3212769926,1850934.3025283623,10
-1355653.0085604652,1850934.3025283623,10
-1355189.6958439376,1850934.3025283623,10
-1354726.3831274102,1850934.3025283623,10
-1354263.0704108826,1850934.3025283623,10
-1353799.7576943552,1850934.3025283623,10
-1353336.4449778276,1850934.3025283623,10
-1352873.1322613002,1850934.3025283623,10
-1352409.8195447726,1850934.3025283623,10
-1351946.506828245,1850934.3025283623,10
-1351483.1941117176,1850934.3025283623,10
-1351019.88139519,1850934.3025283623,10
-1350556.5686786626,1850934.3025283623,10
-1350093.255962135,1850934.3025283623,10
-1349629.9432456077,1850934.3025283623,10
-1349166.63052908,1850934.3025283623,10
-1348703.3178125527,1850934.3025283623,16
-1348240.005096025,1850934.3025283623,10
-1347776.6923794977,1850934.3025283623,10
-1347313.37966297,1850934.3025283623,10
-1346850.0669464427,1850934.3025283623,16
-1346386.754229915,1850934.3025283623,16
-1345923.4415133877,1850934.3025283623,16
-1345460.12879686,1850934.3025283623,16
-1344996.8160803327,1850934.3025283623,16
-1344533.5033638051,1850934.3025283623,16
-1344070.1906472775,1850934.3025283623,16
-1343606.8779307501,1850934.3025283623,16
-1343143.5652142225,1850934.3025283623,16
-1342680.2524976952,1850934.3025283623,16
-1342216.9397811675,1850934.3025283623,10
-1341753.6270646402,1850934.3025283623,10
-1341290.3143481126,1850934.3025283623,10
-1340827.0016315852,1850934.3025283623,10
-1340363.6889150576,1850934.3025283623,10
-1339900.3761985302,1850934.3025283623,10
-1339437.0634820026,1850934.3025283623,10
-1338973.7507654752,1850934.3025283623,10
-1338510.4380489476,1850934.3025283623,10
-1338047.1253324202,1850934.3025283623,10
-1337583.8126158926,1850934.3025283623,16
-1337120.499899365,1850934.3025283623,16
-1336657.1871828376,1850934.3025283623,16
-1336193.87446631,1850934.3025283623,16
-1335730.5617497826,1850934.3025283623,10
-1335267.249033255,1850934.3025283623,10
-1334803.9363167277,1850934.3025283623,10
-1334340.6236002,1850934.3025283623,10
-1333877.3108836727,1850934.3025283623,16
-1333413.998167145,1850934.3025283623,16
-1332950.6854506177,1850934.3025283623,16
-1332487.37273409,1850934.3025283623,16
-1332024.0600175627,1850934.3025283623,10
-1331560.747301035,1850934.3025283623,16
-1331097.4345845077,1850934.3025283623,16
-1330634.12186798,1850934.3025283623,16
-1330170.8091514525,1850934.3025283623,16
-1329707.4964349251,1850934.3025283623,16
-1329244.1837183975,1850934.3025283623,16
-1328780.8710018701,1850934.3025283623,10
-1328317.5582853425,1850934.3025283623,10
-1327854.2455688152,1850934.3025283623,10
-1327390.9328522875,1850934.3025283623,10
-1326927.6201357602,1850934.3025283623,10
-1326464.3074192326,1850934.3025283623,10
-1326000.9947027052,1850934.3025283623,10
-1325537.6819861776,1850934.3025283623,10
-1325074.3692696502,1850934.3025283623,16
-1324611.0565531226,1850934.3025283623,16
-1324147.7438365952,1850934.3025283623,16
-1323684.4311200676,1850934.3025283623,16
-1323221.11840354,1850934.3025283623,16
-1322757.8056870126,1850934.3025283623,16
-1322294.492970485,1850934.3025283623,16
-1321831.1802539576,1850934.3025283623,16
-1321367.86753743,1850934.3025283623,16
-1320904.5548209026,1850934.3025283623,16
-1320441.242104375,1850934.3025283623,16
-1319977.9293878477,1850934.3025283623,16
-1319514.61667132,1850934.3025283623,16
-1319051.3039547927,1850934.3025283623,16
-1318587.991238265,1850934.3025283623,16
-1318124.6785217377,1850934.3025283623,16
-1317661.36580521,1850934.3025283623,16
-1317198.0530886827,1850934.3025283623,16
-1316734.740372155,1850934.3025283623,16
-1316271.4276556277,1850934.3025283623,16
-1315808.1149391,1850934.3025283623,10
-1315344.8022225727,1850934.3025283623,16
-1314881.4895060451,1850934.3025283623,10
-1314418.1767895175,1850934.3025283623,16
-1313954.8640729901,1850934.3025283623,16
-1313491.5513564625,1850934.3025283623,10
-1313028.2386399352,1850934.3025283623,10
-1312564.9259234075,1850934.3025283623,10
-1312101.6132068802,1850934.3025283623,10
-1311638.3004903526,1850934.3025283623,10
-1311174.9877738252,1850934.3025283623,10
-1310711.6750572976,1850934.3025283623,10
-1310248.3623407702,1850934.3025283623,10
-1309785.0496242426,1850934.3025283623,10
-1309321.7369077152,1850934.3025283623,10
-1308858.4241911876,1850934.3025283623,10
-1308395.1114746602,1850934.3025283623,16
-1307931.7987581326,1850934.3025283623,16
-1307468.486041605,1850934.3025283623,16
-1307005.1733250776,1850934.3025283623,10
-1306541.86060855,1850934.3025283623,10
-1306078.5478920226,1850934.3025283623,10
-1305615.235175495,1850934.3025283623,10
-1305151.9224589677,1850934.3025283623,10
-1304688.60974244,1850934.3025283623,10
-1304225.2970259127,1850934.3025283623,16
-1303761.984309385,1850934.3025283623,16
-1303298.6715928577,1850934.3025283623,16
-1302835.35887633,1850934.3025283623,16
-1302372.0461598027,1850934.3025283623,16
-1301908.733443275,1850934.3025283623,16
-1301445.4207267477,1850934.3025283623,10
-1300982.10801022,1850934.3025283623,10
-1300518.7952936925,1850934.3025283623,16
-1300055.4825771651,1850934.3025283623,16
-1299592.1698606375,1850934.3025283623,16
-1299128.8571441101,1850934.3025283623,16
-1298665.5444275825,1850934.3025283623,10
-1298202.2317110552,1850934.3025283623,16
-1297738.9189945275,1850934.3025283623,16
-1297275.6062780002,1850934.3025283623,10
-1296812.2935614726,1850934.3025283623,10
-1296348.9808449452,1850934.3025283623,10
-1295885.6681284176,1850934.3025283623,16
-1295422.3554118902,1850934.3025283623,16
-1294959.0426953626,1850934.3025283623,16
-1294495.7299788352,1850934.3025283623,16
-1294032.4172623076,1850934.3025283623,10
-1293569.10454578,1850934.3025283623,10
-1293105.7918292526,1850934.3025283623,10
-1292642.479112725,1850934.3025283623,10
-1292179.1663961976,1850934.3025283623,16
-1291715.85367967,1850934.3025283623,16
-1291252.5409631426,1850934.3025283623,16
-1290789.228246615,1850934.3025283623,10
-1290325.9155300877,1850934.3025283623,10
-1289862.60281356,1850934.3025283623,10
-1289399.2900970327,1850934.3025283623,10
-1288935.977380505,1850934.3025283623,10
-1288472.6646639777,1850934.3025283623,7
-1288009.35194745,1850934.3025283623,10
-1287546.0392309227,1850934.3025283623,10
-1287082.726514395,1850934.3025283623,10
-1286619.4137978677,1850934.3025283623,10
-1286156.10108134,1850934.3025283623,10
-1285692.7883648127,1850934.3025283623,10
-1285229.4756482851,1850934.3025283623,10
-1284766.1629317575,1850934.3025283623,10
-1284302.8502152301,1850934.3025283623,16
-1283839.5374987025,1850934.3025283623,16
-1283376.2247821752,1850934.3025283623,16
-1282912.9120656475,1850934.3025283623,10
-1282449.5993491202,1850934.3025283623,10
-1281986.2866325926,1850934.3025283623,10
-1281522.9739160652,1850934.3025283623,10
-1281059.6611995376,1850934.3025283623,10
-1280596.3484830102,1850934.3025283623,10
-1280133.0357664826,1850934.3025283623,10
-1279669.7230499552,1850934.3025283623,10
-1279206.4103334276,1850934.3025283623,10
-1278743.0976169002,1850934.3025283623,10
-1278279.7849003726,1850934.3025283623,10
-1277816.472183845,1850934.3025283623,10
-1277353.1594673176,1850934.3025283623,10
-1276889.84675079,1850934.3025283623,10
-1276426.5340342626,1850934.3025283623,10
-1275963.221317735,1850934.3025283623,10
-1275499.9086012077,1850934.3025283623,10
-1275036.59588468,1850934.3025283623,10
-1274573.2831681527,1850934.3025283623,10
-1274109.970451625,1850934.3025283623,16
-1273646.6577350977,1850934.3025283623,10
-1273183.34501857,1850934.3025283623,10
-1272720.0323020427,1850934.3025283623,10
-1272256.719585515,1850934.3025283623,10
-1271793.4068689877,1850934.3025283623,10
-1271330.09415246,1850934.3025283623,10
-1270866.7814359325,1850934.3025283623,10
-1270403.4687194051,1850934.3025283623,10
-1269940.1560028775,1850934.3025283623,10
-1269476.8432863501,1850934.3025283623,10
-1269013.5305698225,1850934.3025283623,10
-1268550.2178532952,1850934.3025283623,10
-1268086.9051367675,1850934.3025283623,10
-1267623.5924202402,1850934.3025283623,10
-1267160.2797037126,1850934.3025283623,10
-1266696.9669871852,1850934.3025283623,10
-1266233.6542706576,1850934.3025283623,10
-1265770.3415541302,1850934.3025283623,10
-1265307.0288376026,1850934.3025283623,10
-1264843.7161210752,1850934.3025283623,10
-1264380.4034045476,1850934.3025283623,10
-1263917.09068802,1850934.3025283623,10
-1263453.7779714926,1850934.3025283623,10
-1262990.465254965,1850934.3025283623,10
-1262527.1525384376,1850934.3025283623,10
-1262063.83982191,1850934.3025283623,10
-1261600.5271053826,1850934.3025283623,10
-1261137.214388855,1850934.3025283623,10
-1260673.9016723277,1850934.3025283623,10
-1260210.5889558,1850934.3025283623,10
-1259747.2762392727,1850934.3025283623,10
-1259283.963522745,1850934.3025283623,10
-1258820.6508062177,1850934.3025283623,10
-1258357.33808969,1850934.3025283623,10
-1257894.0253731627,1850934.3025283623,10
-1257430.712656635,1850934.3025283623,10
-1256967.3999401077,1850934.3025283623,10
-1256504.08722358,1850934.3025283623,10
-1256040.7745070527,1850934.3025283623,10
-1255577.4617905251,1850934.3025283623,10
-1255114.1490739975,1850934.3025283623,10
-1254650.8363574701,1850934.3025283623,10
-1254187.5236409425,1850934.3025283623,10
-1253724.2109244152,1850934.3025283623,10
-1253260.8982078875,1850934.3025283623,10
-1252797.5854913602,1850934.3025283623,10
-1252334.2727748326,1850934.3025283623,10
-1251870.9600583052,1850934.3025283623,10
-1251407.6473417776,1850934.3025283623,10
-1250944.3346252502,1850934.3025283623,10
-1250481.0219087226,1850934.3025283623,10
-1250017.7091921952,1850934.3025283623,10
-1249554.3964756676,1850934.3025283623,10
-1249091.0837591402,1850934.3025283623,10
-1248627.7710426126,1850934.3025283623,10
-1248164.458326085,1850934.3025283623,10
-1247701.1456095576,1850934.3025283623,10
-1247237.83289303,1850934.3025283623,10
-1246774.5201765026,1850934.3025283623,10
-1246311.207459975,1850934.3025283623,10
-1245847.8947434477,1850934.3025283623,10
-1245384.58202692,1850934.3025283623,10
-1244921.2693103927,1850934.3025283623,10
-1244457.956593865,1850934.3025283623,10
-1243994.6438773377,1850934.3025283623,10
-1243531.33116081,1850934.3025283623,10
-1243068.0184442827,1850934.3025283623,10
-1242604.705727755,1850934.3025283623,10
-1242141.3930112277,1850934.3025283623,10
-1241678.0802947,1850934.3025283623,10
-1241214.7675781725,1850934.3025283623,10
-1240751.4548616451,1850934.3025283623,10
-1240288.1421451175,1850934.3025283623,10
-1239824.8294285901,1850934.3025283623,10
-1239361.5167120625,1850934.3025283623,10
-1238898.2039955352,1850934.3025283623,10
-1238434.8912790075,1850934.3025283623,10
-1237971.5785624802,1850934.3025283623,10
-1237508.2658459526,1850934.3025283623,10
-1237044.9531294252,1850934.3025283623,10
-1236581.6404128976,1850934.3025283623,10
-1236118.3276963702,1850934.3025283623,10
-1235655.0149798426,1850934.3025283623,10
-1235191.7022633152,1850934.3025283623,10
-1234728.3895467876,1850934.3025283623,10
-1234265.07683026,1850934.3025283623,10
-1233801.7641137326,1850934.3025283623,10
-1233338.4513972052,1850934.3025283623,10
-1232875.1386806776,1850934.3025283623,10
-1232411.82596415,1850934.3025283623,10
-1231948.5132476226,1850934.3025283623,10
-1231485.200531095,1850934.3025283623,10
-1231021.8878145677,1850934.3025283623,10
-1230558.57509804,1850934.3025283623,10
-1230095.2623815127,1850934.3025283623,10
-1229631.949664985,1850934.3025283623,10
-1229168.6369484577,1850934.3025283623,10
-1228705.32423193,1850934.3025283623,10
-1228242.0115154027,1850934.3025283623,10
-1227778.698798875,1850934.3025283623,10
-1227315.3860823475,1850934.3025283623,10
-1226852.07336582,1850934.3025283623,10
-1226388.7606492927,1850934.3025283623,10
-1225925.4479327651,1850934.3025283623,10
-1225462.1352162375,1850934.3025283623,10
-1224998.8224997101,1850934.3025283623,10
-1224535.5097831825,1850934.3025283623,10
-1224072.1970666551,1850934.3025283623,10
-1223608.8843501275,1850934.3025283623,10
-1223145.5716336002,1850934.3025283623,10
-1222682.2589170726,1850934.3025283623,10
-1222218.9462005452,1850934.3025283623,10
-1221755.6334840176,1850934.3025283623,10
-1221292.3207674902,1850934.3025283623,10
-1220829.0080509626,1850934.3025283623,10
-1220365.6953344352,1850934.3025283623,10
-1219902.3826179076,1850934.3025283623,10
-1219439.0699013802,1850934.3025283623,10
-1218975.7571848526,1850934.3025283623,10
-1218512.444468325,1850934.3025283623,10
-1218049.1317517976,1850934.3025283623,10
-1217585.81903527,1850934.3025283623,10
-1217122.5063187426,1850934.3025283623,10
-1216659.193602215,1850934.3025283623,10
-1216195.8808856877,1850934.3025283623,10
-1215732.56816916,1850934.3025283623,10
-1215269.2554526327,1850934.3025283623,10
-1214805.942736105,1850934.3025283623,10
-1214342.6300195777,1850934.3025283623,10
-1213879.31730305,1850934.3025283623,10
-1213416.0045865227,1850934.3025283623,10
-1212952.691869995,1850934.3025283623,10
-1212489.3791534677,1850934.3025283623,10
-1212026.06643694,1850934.3025283623,10
-1211562.7537204125,1850934.3025283623,10
-1211099.4410038851,1850934.3025283623,10
-1210636.1282873575,1850934.3025283623,10
-1210172.8155708301,1850934.3025283623,10
-1209709.5028543025,1850934.3025283623,10
-1209246.1901377751,1850934.3025283623,10
-1208782.8774212475,1850934.3025283623,10
-1208319.5647047202,1850934.3025283623,10
-1207856.2519881926,1850934.3025283623,10
-1207392.9392716652,1850934.3025283623,10
-1206929.6265551376,1850934.3025283623,10
-1206466.3138386102,1850934.3025283623,10
-1206003.0011220826,1850934.3025283623,10
-1205539.6884055552,1850934.3025283623,10
-1205076.3756890276,1850934.3025283623,10
-1204613.0629725,1850934.3025283623,10
-1204149.7502559726,1850934.3025283623,10
-1203686.4375394452,1850934.3025283623,10
-1203223.1248229176,1850934.3025283623,10
-1202759.81210639,1850934.3025283623,10
-1202296.4993898626,1850934.3025283623,10
-1201833.186673335,1850934.3025283623,10
-1201369.8739568077,1850934.3025283623,10
-1200906.56124028,1850934.3025283623,10
-1200443.2485237527,1850934.3025283623,10
-1199979.935807225,1850934.3025283623,10
-1199516.6230906977,1850934.3025283623,10
-1199053.31037417,1850934.3025283623,10
-1198589.9976576427,1850934.3025283623,10
-1198126.684941115,1850934.3025283623,10
-1197663.3722245875,1850934.3025283623,10
-1197200.05950806,1850934.3025283623,10
-1196736.7467915327,1850934.3025283623,10
-1196273.4340750051,1850934.3025283623,10
-1195810.1213584775,1850934.3025283623,10
-1195346.8086419501,1850934.3025283623,10
-1194883.4959254225,1850934.3025283623,10
-1194420.1832088951,1850934.3025283623,10
-1193956.8704923675,1850934.3025283623,10
-1193493.5577758402,1850934.3025283623,10
-1193030.2450593126,1850934.3025283623,10
-1192566.9323427852,1850934.3025283623,10
-1192103.6196262576,1850934.3025283623,10
-1191640.3069097302,1850934.3025283623,10
-1191176.9941932026,1850934.3025283623,10
-1190713.6814766752,1850934.3025283623,10
-1190250.3687601476,1850934.3025283623,10
-1189787.0560436202,1850934.3025283623,10
-1189323.7433270926,1850934.3025283623,10
-1188860.430610565,1850934.3025283623,10
-1188397.1178940376,1850934.3025283623,10
-1187933.80517751,1850934.3025283623,10
-1187470.4924609826,1850934.3025283623,10
-1187007.179744455,1850934.3025283623,10
-1186543.8670279277,1850934.3025283623,10
-1186080.5543114,1850934.3025283623,10
-1185617.2415948727,1850934.3025283623,10
-1185153.928878345,1850934.3025283623,10
-1184690.6161618177,1850934.3025283623,10
-1184227.30344529,1850934.3025283623,10
-1183763.9907287627,1850934.3025283623,10
-1183300.678012235,1850934.3025283623,10
-1182837.3652957077,1850934.3025283623,10
-1182374.05257918,1850934.3025283623,10
-1181910.7398626525,1850934.3025283623,10
-1181447.4271461251,1850934.3025283623,10
-1180984.1144295975,1850934.3025283623,10
-1180520.8017130701,1850934.3025283623,10
-1180057.4889965425,1850934.3025283623,10
-1179594.1762800151,1850934.3025283623,10
-1179130.8635634875,1850934.3025283623,10
-1178667.5508469602,1850934.3025283623,10
-1178204.2381304326,1850934.3025283623,10
-1177740.9254139052,1850934.3025283623,10
-1177277.6126973776,1850934.3025283623,10
-1176814.2999808502,1850934.3025283623,10
-1176350.9872643226,1850934.3025283623,10
-1175887.6745477952,1850934.3025283623,10
-1175424.3618312676,1850934.3025283623,10
-1174961.04911474,1850934.3025283623,10
-1174497.7363982126,1850934.3025283623,10
-1174034.4236816852,1850934.3025283623,10
-1173571.1109651576,1850934.3025283623,10
-1173107.79824863,1850934.3025283623,10
-1172644.4855321026,1850934.3025283623,10
-1172181.172815575,1850934.3025283623,10
-1171717.8600990477,1850934.3025283623,10
-1171254.54738252,1850934.3025283623,10
-1170791.2346659927,1850934.3025283623,10
-1170327.921949465,1850934.3025283623,10
-1169864.6092329377,1850934.3025283623,10
-1169401.29651641,1850934.3025283623,10
-1168937.9837998827,1850934.3025283623,10
-1168474.671083355,1850934.3025283623,10
-1168011.3583668275,1850934.3025283623,10
-1167548.0456503,1850934.3025283623,10
-1167084.7329337727,1850934.3025283623,10
-1166621.4202172451,1850934.3025283623,10
-1166158.1075007175,1850934.3025283623,10
-1165694.7947841901,1850934.3025283623,10
-1165231.4820676625,1850934.3025283623,10
-1164768.1693511351,1850934.3025283623,10
-1164304.8566346075,1850934.3025283623,10
-1163841.5439180802,1850934.3025283623,10
-1163378.2312015526,1850934.3025283623,10
-1162914.9184850252,1850934.3025283623,10
-1361212.761158795,1850470.9898118346,10
-1360749.4484422677,1850470.9898118346,10
-1360286.13572574,1850470.9898118346,10
-1359822.8230092125,1850470.9898118346,10
-1359359.5102926851,1850470.9898118346,10
-1358896.1975761575,1850470.9898118346,10
-1358432.8848596301,1850470.9898118346,10
-1357969.5721431025,1850470.9898118346,10
-1357506.2594265752,1850470.9898118346,10
-1357042.9467100475,1850470.9898118346,10
-1356579.6339935202,1850470.9898118346,10
-1356116.3212769926,1850470.9898118346,10
-1355653.0085604652,1850470.9898118346,10
-1355189.6958439376,1850470.9898118346,10
-1354726.3831274102,1850470.9898118346,10
-1354263.0704108826,1850470.9898118346,10
-1353799.7576943552,1850470.9898118346,10
-1353336.4449778276,1850470.9898118346,10
-1352873.1322613002,1850470.9898118346,10
-1352409.8195447726,1850470.9898118346,10
-1351946.506828245,1850470.9898118346,10
-1351483.1941117176,1850470.9898118346,10
-1351019.88139519,1850470.9898118346,10
-1350556.5686786626,1850470.9898118346,10
-1350093.255962135,1850470.9898118346,10
-1349629.9432456077,1850470.9898118346,10
-1349166.63052908,1850470.9898118346,16
-1348703.3178125527,1850470.9898118346,16
-1348240.005096025,1850470.9898118346,10
-1347776.6923794977,1850470.9898118346,10
-1347313.37966297,1850470.9898118346,10
-1346850.0669464427,1850470.9898118346,16
-1346386.754229915,1850470.9898118346,16
-1345923.4415133877,1850470.9898118346,16
-1345460.12879686,1850470.9898118346,10
-1344996.8160803327,1850470.9898118346,16
-1344533.5033638051,1850470.9898118346,16
-1344070.1906472775,1850470.9898118346,16
-1343606.8779307501,1850470.9898118346,16
-1343143.5652142225,1850470.9898118346,16
-1342680.2524976952,1850470.9898118346,16
-1342216.9397811675,1850470.9898118346,10
-1341753.6270646402,1850470.9898118346,16
-1341290.3143481126,1850470.9898118346,16
-1340827.0016315852,1850470.9898118346,10
-1340363.6889150576,1850470.9898118346,10
-1339900.3761985302,1850470.9898118346,10
-1339437.0634820026,1850470.9898118346,10
-1338973.7507654752,1850470.9898118346,10
-1338510.4380489476,1850470.9898118346,10
-1338047.1253324202,1850470.9898118346,10
-1337583.8126158926,1850470.9898118346,10
-1337120.499899365,1850470.9898118346,10
-1336657.1871828376,1850470.9898118346,10
-1336193.87446631,1850470.9898118346,10
-1335730.5617497826,1850470.9898118346,10
-1335267.249033255,1850470.9898118346,10
-1334803.9363167277,1850470.9898118346,10
-1334340.6236002,1850470.9898118346,10
-1333877.3108836727,1850470.9898118346,10
-1333413.998167145,1850470.9898118346,16
-1332950.6854506177,1850470.9898118346,16
-1332487.37273409,1850470.9898118346,16
-1332024.0600175627,1850470.9898118346,16
-1331560.747301035,1850470.9898118346,10
-1331097.4345845077,1850470.9898118346,10
-1330634.12186798,1850470.9898118346,16
-1330170.8091514525,1850470.9898118346,16
-1329707.4964349251,1850470.9898118346,16
-1329244.1837183975,1850470.9898118346,16
-1328780.8710018701,1850470.9898118346,16
-1328317.5582853425,1850470.9898118346,16
-1327854.2455688152,1850470.9898118346,16
-1327390.9328522875,1850470.9898118346,16
-1326927.6201357602,1850470.9898118346,16
-1326464.3074192326,1850470.9898118346,16
-1326000.9947027052,1850470.9898118346,10
-1325537.6819861776,1850470.9898118346,10
-1325074.3692696502,1850470.9898118346,16
-1324611.0565531226,1850470.9898118346,16
-1324147.7438365952,1850470.9898118346,16
-1323684.4311200676,1850470.9898118346,16
-1323221.11840354,1850470.9898118346,16
-1322757.8056870126,1850470.9898118346,16
-1322294.492970485,1850470.9898118346,16
-1321831.1802539576,1850470.9898118346,16
-1321367.86753743,1850470.9898118346,16
-1320904.5548209026,1850470.9898118346,16
-1320441.242104375,1850470.9898118346,16
-1319977.9293878477,1850470.9898118346,16
-1319514.61667132,1850470.9898118346,16
-1319051.3039547927,1850470.9898118346,16
-1318587.991238265,1850470.9898118346,16
-1318124.6785217377,1850470.9898118346,16
-1317661.36580521,1850470.9898118346,16
-1317198.0530886827,1850470.9898118346,16
-1316734.740372155,1850470.9898118346,16
-1316271.4276556277,1850470.9898118346,16
-1315808.1149391,1850470.9898118346,10
-1315344.8022225727,1850470.9898118346,10
-1314881.4895060451,1850470.9898118346,10
-1314418.1767895175,1850470.9898118346,10
-1313954.8640729901,1850470.9898118346,10
-1313491.5513564625,1850470.9898118346,10
-1313028.2386399352,1850470.9898118346,10
-1312564.9259234075,1850470.9898118346,10
-1312101.6132068802,1850470.9898118346,10
-1311638.3004903526,1850470.9898118346,10
-1311174.9877738252,1850470.9898118346,10
-1310711.6750572976,1850470.9898118346,10
-1310248.3623407702,1850470.9898118346,10
-1309785.0496242426,1850470.9898118346,10
-1309321.7369077152,1850470.9898118346,10
-1308858.4241911876,1850470.9898118346,10
-1308395.1114746602,1850470.9898118346,10
-1307931.7987581326,1850470.9898118346,16
-1307468.486041605,1850470.9898118346,10
-1307005.1733250776,1850470.9898118346,10
-1306541.86060855,1850470.9898118346,10
-1306078.5478920226,1850470.9898118346,10
-1305615.235175495,1850470.9898118346,10
-1305151.9224589677,1850470.9898118346,10
-1304688.60974244,1850470.9898118346,16
-1304225.2970259127,1850470.9898118346,16
-1303761.984309385,1850470.9898118346,16
-1303298.6715928577,1850470.9898118346,16
-1302835.35887633,1850470.9898118346,16
-1302372.0461598027,1850470.9898118346,16
-1301908.733443275,1850470.9898118346,16
-1301445.4207267477,1850470.9898118346,16
-1300982.10801022,1850470.9898118346,16
-1300518.7952936925,1850470.9898118346,16
-1300055.4825771651,1850470.9898118346,16
-1299592.1698606375,1850470.9898118346,16
-1299128.8571441101,1850470.9898118346,16
-1298665.5444275825,1850470.9898118346,16
-1298202.2317110552,1850470.9898118346,16
-1297738.9189945275,1850470.9898118346,16
-1297275.6062780002,1850470.9898118346,10
-1296812.2935614726,1850470.9898118346,10
-1296348.9808449452,1850470.9898118346,16
-1295885.6681284176,1850470.9898118346,16
-1295422.3554118902,1850470.9898118346,16
-1294959.0426953626,1850470.9898118346,16
-1294495.7299788352,1850470.9898118346,16
-1294032.4172623076,1850470.9898118346,10
-1293569.10454578,1850470.9898118346,10
-1293105.7918292526,1850470.9898118346,10
-1292642.479112725,1850470.9898118346,10
-1292179.1663961976,1850470.9898118346,16
-1291715.85367967,1850470.9898118346,16
-1291252.5409631426,1850470.9898118346,16
-1290789.228246615,1850470.9898118346,10
-1290325.9155300877,1850470.9898118346,10
-1289862.60281356,1850470.9898118346,10
-1289399.2900970327,1850470.9898118346,10
-1288935.977380505,1850470.9898118346,10
-1288472.6646639777,1850470.9898118346,10
-1288009.35194745,1850470.9898118346,10
-1287546.0392309227,1850470.9898118346,10
-1287082.726514395,1850470.9898118346,10
-1286619.4137978677,1850470.9898118346,10
-1286156.10108134,1850470.9898118346,10
-1285692.7883648127,1850470.9898118346,10
-1285229.4756482851,1850470.9898118346,10
-1284766.1629317575,1850470.9898118346,10
-1284302.8502152301,1850470.9898118346,16
-1283839.5374987025,1850470.9898118346,16
-1283376.2247821752,1850470.9898118346,10
-1282912.9120656475,1850470.9898118346,10
-1282449.5993491202,1850470.9898118346,10
-1281986.2866325926,1850470.9898118346,10
-1281522.9739160652,1850470.9898118346,10
-1281059.6611995376,1850470.9898118346,10
-1280596.3484830102,1850470.9898118346,10
-1280133.0357664826,1850470.9898118346,10
-1279669.7230499552,1850470.9898118346,10
-1279206.4103334276,1850470.9898118346,10
-1278743.0976169002,1850470.9898118346,10
-1278279.7849003726,1850470.9898118346,10
-1277816.472183845,1850470.9898118346,10
-1277353.1594673176,1850470.9898118346,10
-1276889.84675079,1850470.9898118346,10
-1276426.5340342626,1850470.9898118346,10
-1275963.221317735,1850470.9898118346,16
-1275499.9086012077,1850470.9898118346,10
-1275036.59588468,1850470.9898118346,10
-1274573.2831681527,1850470.9898118346,10
-1274109.970451625,1850470.9898118346,10
-1273646.6577350977,1850470.9898118346,10
-1273183.34501857,1850470.9898118346,10
-1272720.0323020427,1850470.9898118346,10
-1272256.719585515,1850470.9898118346,10
-1271793.4068689877,1850470.9898118346,10
-1271330.09415246,1850470.9898118346,10
-1270866.7814359325,1850470.9898118346,10
-1270403.4687194051,1850470.9898118346,10
-1269940.1560028775,1850470.9898118346,10
-1269476.8432863501,1850470.9898118346,10
-1269013.5305698225,1850470.9898118346,10
-1268550.2178532952,1850470.9898118346,10
-1268086.9051367675,1850470.9898118346,10
-1267623.5924202402,1850470.9898118346,10
-1267160.2797037126,1850470.9898118346,10
-1266696.9669871852,1850470.9898118346,10
-1266233.6542706576,1850470.9898118346,10
-1265770.3415541302,1850470.9898118346,10
-1265307.0288376026,1850470.9898118346,10
-1264843.7161210752,1850470.9898118346,10
-1264380.4034045476,1850470.9898118346,10
-1263917.09068802,1850470.9898118346,10
-1263453.7779714926,1850470.9898118346,10
-1262990.465254965,1850470.9898118346,10
-1262527.1525384376,1850470.9898118346,10
-1262063.83982191,1850470.9898118346,10
-1261600.5271053826,1850470.9898118346,10
-1261137.214388855,1850470.9898118346,10
-1260673.9016723277,1850470.9898118346,10
-1260210.5889558,1850470.9898118346,10
-1259747.2762392727,1850470.9898118346,10
-1259283.963522745,1850470.9898118346,10
-1258820.6508062177,1850470.9898118346,10
-1258357.33808969,1850470.9898118346,10
-1257894.0253731627,1850470.9898118346,10
-1257430.712656635,1850470.9898118346,10
-1256967.3999401077,1850470.9898118346,10
-1256504.08722358,1850470.9898118346,10
-1256040.7745070527,1850470.9898118346,10
-1255577.4617905251,1850470.9898118346,10
-1255114.1490739975,1850470.9898118346,10
-1254650.8363574701,1850470.9898118346,10
-1254187.5236409425,1850470.9898118346,10
-1253724.2109244152,1850470.9898118346,10
-1253260.8982078875,1850470.9898118346,10
-1252797.5854913602,1850470.9898118346,10
-1252334.2727748326,1850470.9898118346,10
-1251870.9600583052,1850470.9898118346,10
-1251407.6473417776,1850470.9898118346,10
-1250944.3346252502,1850470.9898118346,10
-1250481.0219087226,1850470.9898118346,10
-1250017.7091921952,1850470.9898118346,10
-1249554.3964756676,1850470.9898118346,10
-1249091.0837591402,1850470.9898118346,10
-1248627.7710426126,1850470.9898118346,10
-1248164.458326085,1850470.9898118346,10
-1247701.1456095576,1850470.9898118346,10
-1247237.83289303,1850470.9898118346,10
-1246774.5201765026,1850470.9898118346,10
-1246311.207459975,1850470.9898118346,10
-1245847.8947434477,1850470.9898118346,10
-1245384.58202692,1850470.9898118346,10
-1244921.2693103927,1850470.9898118346,10
-1244457.956593865,1850470.9898118346,10
-1243994.6438773377,1850470.9898118346,10
-1243531.33116081,1850470.9898118346,10
-1243068.0184442827,1850470.9898118346,10
-1242604.705727755,1850470.9898118346,10
-1242141.3930112277,1850470.9898118346,10
-1241678.0802947,1850470.9898118346,10
-1241214.7675781725,1850470.9898118346,10
-1240751.4548616451,1850470.9898118346,10
-1240288.1421451175,1850470.9898118346,10
-1239824.8294285901,1850470.9898118346,10
-1239361.5167120625,1850470.9898118346,10
-1238898.2039955352,1850470.9898118346,10
-1238434.8912790075,1850470.9898118346,10
-1237971.5785624802,1850470.9898118346,10
-1237508.2658459526,1850470.9898118346,10
-1237044.9531294252,1850470.9898118346,10
-1236581.6404128976,1850470.9898118346,10
-1236118.3276963702,1850470.9898118346,10
-1235655.0149798426,1850470.9898118346,10
-1235191.7022633152,1850470.9898118346,10
-1234728.3895467876,1850470.9898118346,10
-1234265.07683026,1850470.9898118346,10
-1233801.7641137326,1850470.9898118346,10
-1233338.4513972052,1850470.9898118346,10
-1232875.1386806776,1850470.9898118346,10
-1232411.82596415,1850470.9898118346,10
-1231948.5132476226,1850470.9898118346,10
-1231485.200531095,1850470.9898118346,10
-1231021.8878145677,1850470.9898118346,10
-1230558.57509804,1850470.9898118346,10
-1230095.2623815127,1850470.9898118346,10
-1229631.949664985,1850470.9898118346,10
-1229168.6369484577,1850470.9898118346,10
-1228705.32423193,1850470.9898118346,10
-1228242.0115154027,1850470.9898118346,10
-1227778.698798875,1850470.9898118346,10
-1227315.3860823475,1850470.9898118346,10
-1226852.07336582,1850470.9898118346,10
-1226388.7606492927,1850470.9898118346,10
-1225925.4479327651,1850470.9898118346,10
-1225462.1352162375,1850470.9898118346,10
-1224998.8224997101,1850470.9898118346,10
-1224535.5097831825,1850470.9898118346,10
-1224072.1970666551,1850470.9898118346,10
-1223608.8843501275,1850470.9898118346,10
-1223145.5716336002,1850470.9898118346,10
-1222682.2589170726,1850470.9898118346,10
-1222218.9462005452,1850470.9898118346,10
-1221755.6334840176,1850470.9898118346,10
-1221292.3207674902,1850470.9898118346,10
-1220829.0080509626,1850470.9898118346,10
-1220365.6953344352,1850470.9898118346,10
-1219902.3826179076,1850470.9898118346,10
-1219439.0699013802,1850470.9898118346,10
-1218975.7571848526,1850470.9898118346,10
-1218512.444468325,1850470.9898118346,10
-1218049.1317517976,1850470.9898118346,10
-1217585.81903527,1850470.9898118346,10
-1217122.5063187426,1850470.9898118346,10
-1216659.193602215,1850470.9898118346,10
-1216195.8808856877,1850470.9898118346,10
-1215732.56816916,1850470.9898118346,10
-1215269.2554526327,1850470.9898118346,10
-1214805.942736105,1850470.9898118346,10
-1214342.6300195777,1850470.9898118346,10
-1213879.31730305,1850470.9898118346,10
-1213416.0045865227,1850470.9898118346,10
-1212952.691869995,1850470.9898118346,10
-1212489.3791534677,1850470.9898118346,10
-1212026.06643694,1850470.9898118346,10
-1211562.7537204125,1850470.9898118346,10
-1211099.4410038851,1850470.9898118346,10
-1210636.1282873575,1850470.9898118346,10
-1210172.8155708301,1850470.9898118346,10
-1209709.5028543025,1850470.9898118346,10
-1209246.1901377751,1850470.9898118346,10
-1208782.8774212475,1850470.9898118346,10
-1208319.5647047202,1850470.9898118346,10
-1207856.2519881926,1850470.9898118346,10
-1207392.9392716652,1850470.9898118346,10
-1206929.6265551376,1850470.9898118346,10
-1206466.3138386102,1850470.9898118346,10
-1206003.0011220826,1850470.9898118346,10
-1205539.6884055552,1850470.9898118346,10
-1205076.3756890276,1850470.9898118346,10
-1204613.0629725,1850470.9898118346,10
-1204149.7502559726,1850470.9898118346,10
-1203686.4375394452,1850470.9898118346,10
-1203223.1248229176,1850470.9898118346,10
-1202759.81210639,1850470.9898118346,10
-1202296.4993898626,1850470.9898118346,10
-1201833.186673335,1850470.9898118346,10
-1201369.8739568077,1850470.9898118346,10
-1200906.56124028,1850470.9898118346,10
-1200443.2485237527,1850470.9898118346,10
-1199979.935807225,1850470.9898118346,10
-1199516.6230906977,1850470.9898118346,10
-1199053.31037417,1850470.9898118346,10
-1198589.9976576427,1850470.9898118346,10
-1198126.684941115,1850470.9898118346,10
-1197663.3722245875,1850470.9898118346,10
-1197200.05950806,1850470.9898118346,10
-1196736.7467915327,1850470.9898118346,10
-1196273.4340750051,1850470.9898118346,10
-1195810.1213584775,1850470.9898118346,10
-1195346.8086419501,1850470.9898118346,10
-1194883.4959254225,1850470.9898118346,10
-1194420.1832088951,1850470.9898118346,10
-1193956.8704923675,1850470.9898118346,10
-1193493.5577758402,1850470.9898118346,10
-1193030.2450593126,1850470.9898118346,10
-1192566.9323427852,1850470.9898118346,10
-1192103.6196262576,1850470.9898118346,10
-1191640.3069097302,1850470.9898118346,10
-1191176.9941932026,1850470.9898118346,10
-1190713.6814766752,1850470.9898118346,10
-1190250.3687601476,1850470.9898118346,10
-1189787.0560436202,1850470.9898118346,10
-1189323.7433270926,1850470.9898118346,10
-1188860.430610565,1850470.9898118346,10
-1188397.1178940376,1850470.9898118346,10
-1187933.80517751,1850470.9898118346,10
-1187470.4924609826,1850470.9898118346,10
-1187007.179744455,1850470.9898118346,10
-1186543.8670279277,1850470.9898118346,10
-1186080.5543114,1850470.9898118346,10
-1185617.2415948727,1850470.9898118346,10
-1185153.928878345,1850470.9898118346,10
-1184690.6161618177,1850470.9898118346,10
-1184227.30344529,1850470.9898118346,10
-1183763.9907287627,1850470.9898118346,10
-1183300.678012235,1850470.9898118346,10
-1182837.3652957077,1850470.9898118346,10
-1182374.05257918,1850470.9898118346,10
-1181910.7398626525,1850470.9898118346,10
-1181447.4271461251,1850470.9898118346,10
-1180984.1144295975,1850470.9898118346,10
-1180520.8017130701,1850470.9898118346,10
-1180057.4889965425,1850470.9898118346,10
-1179594.1762800151,1850470.9898118346,10
-1179130.8635634875,1850470.9898118346,10
-1178667.5508469602,1850470.9898118346,10
-1178204.2381304326,1850470.9898118346,10
-1177740.9254139052,1850470.9898118346,10
-1177277.6126973776,1850470.9898118346,10
-1176814.2999808502,1850470.9898118346,10
-1176350.9872643226,1850470.9898118346,10
-1175887.6745477952,1850470.9898118346,10
-1175424.3618312676,1850470.9898118346,10
-1174961.04911474,1850470.9898118346,10
-1174497.7363982126,1850470.9898118346,10
-1174034.4236816852,1850470.9898118346,10
-1173571.1109651576,1850470.9898118346,10
-1173107.79824863,1850470.9898118346,10
-1172644.4855321026,1850470.9898118346,10
-1172181.172815575,1850470.9898118346,10
-1171717.8600990477,1850470.9898118346,10
-1171254.54738252,1850470.9898118346,10
-1170791.2346659927,1850470.9898118346,10
-1170327.921949465,1850470.9898118346,10
-1169864.6092329377,1850470.9898118346,10
-1169401.29651641,1850470.9898118346,10
-1168937.9837998827,1850470.9898118346,10
-1168474.671083355,1850470.9898118346,10
-1168011.3583668275,1850470.9898118346,10
-1167548.0456503,1850470.9898118346,10
-1167084.7329337727,1850470.9898118346,10
-1166621.4202172451,1850470.9898118346,10
-1166158.1075007175,1850470.9898118346,10
-1165694.7947841901,1850470.9898118346,10
-1165231.4820676625,1850470.9898118346,10
-1164768.1693511351,1850470.9898118346,10
-1164304.8566346075,1850470.9898118346,10
-1163841.5439180802,1850470.9898118346,10
-1163378.2312015526,1850470.9898118346,10
-1162914.9184850252,1850470.9898118346,10
-1162451.6057684976,1850470.9898118346,10
-1161988.2930519702,1850470.9898118346,10
-1360749.4484422677,1850007.6770953073,10
-1360286.13572574,1850007.6770953073,10
-1359822.8230092125,1850007.6770953073,10
-1359359.5102926851,1850007.6770953073,10
-1358896.1975761575,1850007.6770953073,10
-1358432.8848596301,1850007.6770953073,10
-1357969.5721431025,1850007.6770953073,10
-1357506.2594265752,1850007.6770953073,10
-1357042.9467100475,1850007.6770953073,10
-1356579.6339935202,1850007.6770953073,10
-1356116.3212769926,1850007.6770953073,10
-1355653.0085604652,1850007.6770953073,10
-1355189.6958439376,1850007.6770953073,10
-1354726.3831274102,1850007.6770953073,10
-1354263.0704108826,1850007.6770953073,10
-1353799.7576943552,1850007.6770953073,10
-1353336.4449778276,1850007.6770953073,10
-1352873.1322613002,1850007.6770953073,10
-1352409.8195447726,1850007.6770953073,10
-1351946.506828245,1850007.6770953073,10
-1351483.1941117176,1850007.6770953073,10
-1351019.88139519,1850007.6770953073,10
-1350556.5686786626,1850007.6770953073,10
-1350093.255962135,1850007.6770953073,10
-1349629.9432456077,1850007.6770953073,10
-1349166.63052908,1850007.6770953073,10
-1348703.3178125527,1850007.6770953073,16
-1348240.005096025,1850007.6770953073,10
-1347776.6923794977,1850007.6770953073,10
-1347313.37966297,1850007.6770953073,10
-1346850.0669464427,1850007.6770953073,10
-1346386.754229915,1850007.6770953073,16
-1345923.4415133877,1850007.6770953073,10
-1345460.12879686,1850007.6770953073,10
-1344996.8160803327,1850007.6770953073,16
-1344533.5033638051,1850007.6770953073,16
-1344070.1906472775,1850007.6770953073,10
-1343606.8779307501,1850007.6770953073,10
-1343143.5652142225,1850007.6770953073,10
-1342680.2524976952,1850007.6770953073,16
-1342216.9397811675,1850007.6770953073,10
-1341753.6270646402,1850007.6770953073,10
-1341290.3143481126,1850007.6770953073,16
-1340827.0016315852,1850007.6770953073,16
-1340363.6889150576,1850007.6770953073,10
-1339900.3761985302,1850007.6770953073,10
-1339437.0634820026,1850007.6770953073,10
-1338973.7507654752,1850007.6770953073,10
-1338510.4380489476,1850007.6770953073,10
-1338047.1253324202,1850007.6770953073,10
-1337583.8126158926,1850007.6770953073,10
-1337120.499899365,1850007.6770953073,10
-1336657.1871828376,1850007.6770953073,10
-1336193.87446631,1850007.6770953073,10
-1335730.5617497826,1850007.6770953073,10
-1335267.249033255,1850007.6770953073,10
-1334803.9363167277,1850007.6770953073,10
-1334340.6236002,1850007.6770953073,10
-1333877.3108836727,1850007.6770953073,10
-1333413.998167145,1850007.6770953073,16
-1332950.6854506177,1850007.6770953073,16
-1332487.37273409,1850007.6770953073,16
-1332024.0600175627,1850007.6770953073,16
-1331560.747301035,1850007.6770953073,16
-1331097.4345845077,1850007.6770953073,16
-1330634.12186798,1850007.6770953073,16
-1330170.8091514525,1850007.6770953073,16
-1329707.4964349251,1850007.6770953073,16
-1329244.1837183975,1850007.6770953073,16
-1328780.8710018701,1850007.6770953073,16
-1328317.5582853425,1850007.6770953073,16
-1327854.2455688152,1850007.6770953073,16
-1327390.9328522875,1850007.6770953073,16
-1326927.6201357602,1850007.6770953073,16
-1326464.3074192326,1850007.6770953073,16
-1326000.9947027052,1850007.6770953073,16
-1325537.6819861776,1850007.6770953073,16
-1325074.3692696502,1850007.6770953073,16
-1324611.0565531226,1850007.6770953073,16
-1324147.7438365952,1850007.6770953073,16
-1323684.4311200676,1850007.6770953073,16
-1323221.11840354,1850007.6770953073,10
-1322757.8056870126,1850007.6770953073,10
-1322294.492970485,1850007.6770953073,16
-1321831.1802539576,1850007.6770953073,16
-1321367.86753743,1850007.6770953073,16
-1320904.5548209026,1850007.6770953073,16
-1320441.242104375,1850007.6770953073,16
-1319977.9293878477,1850007.6770953073,16
-1319514.61667132,1850007.6770953073,16
-1319051.3039547927,1850007.6770953073,16
-1318587.991238265,1850007.6770953073,16
-1318124.6785217377,1850007.6770953073,16
-1317661.36580521,1850007.6770953073,16
-1317198.0530886827,1850007.6770953073,16
-1316734.740372155,1850007.6770953073,16
-1316271.4276556277,1850007.6770953073,10
-1315808.1149391,1850007.6770953073,10
-1315344.8022225727,1850007.6770953073,10
-1314881.4895060451,1850007.6770953073,10
-1314418.1767895175,1850007.6770953073,10
-1313954.8640729901,1850007.6770953073,10
-1313491.5513564625,1850007.6770953073,10
-1313028.2386399352,1850007.6770953073,10
-1312564.9259234075,1850007.6770953073,10
-1312101.6132068802,1850007.6770953073,10
-1311638.3004903526,1850007.6770953073,10
-1311174.9877738252,1850007.6770953073,10
-1310711.6750572976,1850007.6770953073,10
-1310248.3623407702,1850007.6770953073,10
-1309785.0496242426,1850007.6770953073,10
-1309321.7369077152,1850007.6770953073,10
-1308858.4241911876,1850007.6770953073,10
-1308395.1114746602,1850007.6770953073,10
-1307931.7987581326,1850007.6770953073,10
-1307468.486041605,1850007.6770953073,10
-1307005.1733250776,1850007.6770953073,16
-1306541.86060855,1850007.6770953073,10
-1306078.5478920226,1850007.6770953073,16
-1305615.235175495,1850007.6770953073,16
-1305151.9224589677,1850007.6770953073,10
-1304688.60974244,1850007.6770953073,16
-1304225.2970259127,1850007.6770953073,16
-1303761.984309385,1850007.6770953073,16
-1303298.6715928577,1850007.6770953073,16
-1302835.35887633,1850007.6770953073,16
-1302372.0461598027,1850007.6770953073,16
-1301908.733443275,1850007.6770953073,16
-1301445.4207267477,1850007.6770953073,16
-1300982.10801022,1850007.6770953073,10
-1300518.7952936925,1850007.6770953073,10
-1300055.4825771651,1850007.6770953073,16
-1299592.1698606375,1850007.6770953073,16
-1299128.8571441101,1850007.6770953073,16
-1298665.5444275825,1850007.6770953073,16
-1298202.2317110552,1850007.6770953073,16
-1297738.9189945275,1850007.6770953073,16
-1297275.6062780002,1850007.6770953073,10
-1296812.2935614726,1850007.6770953073,10
-1296348.9808449452,1850007.6770953073,16
-1295885.6681284176,1850007.6770953073,16
-1295422.3554118902,1850007.6770953073,16
-1294959.0426953626,1850007.6770953073,16
-1294495.7299788352,1850007.6770953073,16
-1294032.4172623076,1850007.6770953073,10
-1293569.10454578,1850007.6770953073,10
-1293105.7918292526,1850007.6770953073,10
-1292642.479112725,1850007.6770953073,16
-1292179.1663961976,1850007.6770953073,16
-1291715.85367967,1850007.6770953073,16
-1291252.5409631426,1850007.6770953073,16
-1290789.228246615,1850007.6770953073,10
-1290325.9155300877,1850007.6770953073,10
-1289862.60281356,1850007.6770953073,10
-1289399.2900970327,1850007.6770953073,10
-1288935.977380505,1850007.6770953073,10
-1288472.6646639777,1850007.6770953073,10
-1288009.35194745,1850007.6770953073,10
-1287546.0392309227,1850007.6770953073,10
-1287082.726514395,1850007.6770953073,10
-1286619.4137978677,1850007.6770953073,10
-1286156.10108134,1850007.6770953073,10
-1285692.7883648127,1850007.6770953073,10
-1285229.4756482851,1850007.6770953073,10
-1284766.1629317575,1850007.6770953073,10
-1284302.8502152301,1850007.6770953073,10
-1283839.5374987025,1850007.6770953073,10
-1283376.2247821752,1850007.6770953073,10
-1282912.9120656475,1850007.6770953073,10
-1282449.5993491202,1850007.6770953073,10
-1281986.2866325926,1850007.6770953073,10
-1281522.9739160652,1850007.6770953073,10
-1281059.6611995376,1850007.6770953073,10
-1280596.3484830102,1850007.6770953073,10
-1280133.0357664826,1850007.6770953073,10
-1279669.7230499552,1850007.6770953073,10
-1279206.4103334276,1850007.6770953073,10
-1278743.0976169002,1850007.6770953073,10
-1278279.7849003726,1850007.6770953073,10
-1277816.472183845,1850007.6770953073,10
-1277353.1594673176,1850007.6770953073,10
-1276889.84675079,1850007.6770953073,10
-1276426.5340342626,1850007.6770953073,10
-1275963.221317735,1850007.6770953073,16
-1275499.9086012077,1850007.6770953073,16
-1275036.59588468,1850007.6770953073,10
-1274573.2831681527,1850007.6770953073,10
-1274109.970451625,1850007.6770953073,10
-1273646.6577350977,1850007.6770953073,10
-1273183.34501857,1850007.6770953073,10
-1272720.0323020427,1850007.6770953073,10
-1272256.719585515,1850007.6770953073,10
-1271793.4068689877,1850007.6770953073,10
-1271330.09415246,1850007.6770953073,10
-1270866.7814359325,1850007.6770953073,10
-1270403.4687194051,1850007.6770953073,10
-1269940.1560028775,1850007.6770953073,10
-1269476.8432863501,1850007.6770953073,10
-1269013.5305698225,1850007.6770953073,10
-1268550.2178532952,1850007.6770953073,10
-1268086.9051367675,1850007.6770953073,10
-1267623.5924202402,1850007.6770953073,10
-1267160.2797037126,1850007.6770953073,10
-1266696.9669871852,1850007.6770953073,10
-1266233.6542706576,1850007.6770953073,10
-1265770.3415541302,1850007.6770953073,10
-1265307.0288376026,1850007.6770953073,10
-1264843.7161210752,1850007.6770953073,10
-1264380.4034045476,1850007.6770953073,10
-1263917.09068802,1850007.6770953073,10
-1263453.7779714926,1850007.6770953073,10
-1262990.465254965,1850007.6770953073,10
-1262527.1525384376,1850007.6770953073,10
-1262063.83982191,1850007.6770953073,10
-1261600.5271053826,1850007.6770953073,10
-1261137.214388855,1850007.6770953073,10
-1260673.9016723277,1850007.6770953073,10
-1260210.5889558,1850007.6770953073,10
-1259747.2762392727,1850007.6770953073,10
-1259283.963522745,1850007.6770953073,10
-1258820.6508062177,1850007.6770953073,10
-1258357.33808969,1850007.6770953073,10
-1257894.0253731627,1850007.6770953073,10
-1257430.712656635,1850007.6770953073,10
-1256967.3999401077,1850007.6770953073,10
-1256504.08722358,1850007.6770953073,10
-1256040.7745070527,1850007.6770953073,10
-1255577.4617905251,1850007.6770953073,10
-1255114.1490739975,1850007.6770953073,10
-1254650.8363574701,1850007.6770953073,10
-1254187.5236409425,1850007.6770953073,10
-1253724.2109244152,1850007.6770953073,10
-1253260.8982078875,1850007.6770953073,10
-1252797.5854913602,1850007.6770953073,10
-1252334.2727748326,1850007.6770953073,10
-1251870.9600583052,1850007.6770953073,10
-1251407.6473417776,1850007.6770953073,10
-1250944.3346252502,1850007.6770953073,10
-1250481.0219087226,1850007.6770953073,10
-1250017.7091921952,1850007.6770953073,10
-1249554.3964756676,1850007.6770953073,10
-1249091.0837591402,1850007.6770953073,10
-1248627.7710426126,1850007.6770953073,10
-1248164.458326085,1850007.6770953073,10
-1247701.1456095576,1850007.6770953073,10
-1247237.83289303,1850007.6770953073,10
-1246774.5201765026,1850007.6770953073,10
-1246311.207459975,1850007.6770953073,10
-1245847.8947434477,1850007.6770953073,10
-1245384.58202692,1850007.6770953073,10
-1244921.2693103927,1850007.6770953073,10
-1244457.956593865,1850007.6770953073,10
-1243994.6438773377,1850007.6770953073,10
-1243531.33116081,1850007.6770953073,10
-1243068.0184442827,1850007.6770953073,10
-1242604.705727755,1850007.6770953073,10
-1242141.3930112277,1850007.6770953073,10
-1241678.0802947,1850007.6770953073,10
-1241214.7675781725,1850007.6770953073,10
-1240751.4548616451,1850007.6770953073,10
-1240288.1421451175,1850007.6770953073,10
-1239824.8294285901,1850007.6770953073,10
-1239361.5167120625,1850007.6770953073,10
-1238898.2039955352,1850007.6770953073,10
-1238434.8912790075,1850007.6770953073,10
-1237971.5785624802,1850007.6770953073,10
-1237508.2658459526,1850007.6770953073,10
-1237044.9531294252,1850007.6770953073,10
-1236581.6404128976,1850007.6770953073,10
-1236118.3276963702,1850007.6770953073,10
-1235655.0149798426,1850007.6770953073,10
-1235191.7022633152,1850007.6770953073,10
-1234728.3895467876,1850007.6770953073,10
-1234265.07683026,1850007.6770953073,10
-1233801.7641137326,1850007.6770953073,10
-1233338.4513972052,1850007.6770953073,10
-1232875.1386806776,1850007.6770953073,10
-1232411.82596415,1850007.6770953073,10
-1231948.5132476226,1850007.6770953073,10
-1231485.200531095,1850007.6770953073,10
-1231021.8878145677,1850007.6770953073,10
-1230558.57509804,1850007.6770953073,10
-1230095.2623815127,1850007.6770953073,10
-1229631.949664985,1850007.6770953073,10
-1229168.6369484577,1850007.6770953073,10
-1228705.32423193,1850007.6770953073,10
-1228242.0115154027,1850007.6770953073,10
-1227778.698798875,1850007.6770953073,10
-1227315.3860823475,1850007.6770953073,10
-1226852.07336582,1850007.6770953073,10
-1226388.7606492927,1850007.6770953073,10
-1225925.4479327651,1850007.6770953073,10
-1225462.1352162375,1850007.6770953073,10
-1224998.8224997101,1850007.6770953073,10
-1224535.5097831825,1850007.6770953073,10
-1224072.1970666551,1850007.6770953073,10
-1223608.8843501275,1850007.6770953073,10
-1223145.5716336002,1850007.6770953073,10
-1222682.2589170726,1850007.6770953073,10
-1222218.9462005452,1850007.6770953073,10
-1221755.6334840176,1850007.6770953073,10
-1221292.3207674902,1850007.6770953073,10
-1220829.0080509626,1850007.6770953073,10
-1220365.6953344352,1850007.6770953073,10
-1219902.3826179076,1850007.6770953073,10
-1219439.0699013802,1850007.6770953073,10
-1218975.7571848526,1850007.6770953073,10
-1218512.444468325,1850007.6770953073,10
-1218049.1317517976,1850007.6770953073,10
-1217585.81903527,1850007.6770953073,10
-1217122.5063187426,1850007.6770953073,10
-1216659.193602215,1850007.6770953073,10
-1216195.8808856877,1850007.6770953073,10
-1215732.56816916,1850007.6770953073,10
-1215269.2554526327,1850007.6770953073,10
-1214805.942736105,1850007.6770953073,10
-1214342.6300195777,1850007.6770953073,10
-1213879.31730305,1850007.6770953073,10
-1213416.0045865227,1850007.6770953073,10
-1212952.691869995,1850007.6770953073,10
-1212489.3791534677,1850007.6770953073,10
-1212026.06643694,1850007.6770953073,10
-1211562.7537204125,1850007.6770953073,10
-1211099.4410038851,1850007.6770953073,10
-1210636.1282873575,1850007.6770953073,10
-1210172.8155708301,1850007.6770953073,10
-1209709.5028543025,1850007.6770953073,10
-1209246.1901377751,1850007.6770953073,10
-1208782.8774212475,1850007.6770953073,10
-1208319.5647047202,1850007.6770953073,10
-1207856.2519881926,1850007.6770953073,10
-1207392.9392716652,1850007.6770953073,10
-1206929.6265551376,1850007.6770953073,10
-1206466.3138386102,1850007.6770953073,10
-1206003.0011220826,1850007.6770953073,10
-1205539.6884055552,1850007.6770953073,10
-1205076.3756890276,1850007.6770953073,10
-1204613.0629725,1850007.6770953073,10
-1204149.7502559726,1850007.6770953073,10
-1203686.4375394452,1850007.6770953073,10
-1203223.1248229176,1850007.6770953073,10
-1202759.81210639,1850007.6770953073,10
-1202296.4993898626,1850007.6770953073,10
-1201833.186673335,1850007.6770953073,10
-1201369.8739568077,1850007.6770953073,10
-1200906.56124028,1850007.6770953073,10
-1200443.2485237527,1850007.6770953073,10
-1199979.935807225,1850007.6770953073,10
-1199516.6230906977,1850007.6770953073,10
-1199053.31037417,1850007.6770953073,10
-1198589.9976576427,1850007.6770953073,10
-1198126.684941115,1850007.6770953073,10
-1197663.3722245875,1850007.6770953073,10
-1197200.05950806,1850007.6770953073,10
-1196736.7467915327,1850007.6770953073,10
-1196273.4340750051,1850007.6770953073,10
-1195810.1213584775,1850007.6770953073,10
-1195346.8086419501,1850007.6770953073,10
-1194883.4959254225,1850007.6770953073,10
-1194420.1832088951,1850007.6770953073,10
-1193956.8704923675,1850007.6770953073,10
-1193493.5577758402,1850007.6770953073,10
-1193030.2450593126,1850007.6770953073,10
-1192566.9323427852,1850007.6770953073,10
-1192103.6196262576,1850007.6770953073,10
-1191640.3069097302,1850007.6770953073,10
-1191176.9941932026,1850007.6770953073,10
-1190713.6814766752,1850007.6770953073,10
-1190250.3687601476,1850007.6770953073,10
-1189787.0560436202,1850007.6770953073,10
-1189323.7433270926,1850007.6770953073,10
-1188860.430610565,1850007.6770953073,10
-1188397.1178940376,1850007.6770953073,10
-1187933.80517751,1850007.6770953073,10
-1187470.4924609826,1850007.6770953073,10
-1187007.179744455,1850007.6770953073,10
-1186543.8670279277,1850007.6770953073,10
-1186080.5543114,1850007.6770953073,10
-1185617.2415948727,1850007.6770953073,10
-1185153.928878345,1850007.6770953073,10
-1184690.6161618177,1850007.6770953073,10
-1184227.30344529,1850007.6770953073,10
-1183763.9907287627,1850007.6770953073,10
-1183300.678012235,1850007.6770953073,10
-1182837.3652957077,1850007.6770953073,10
-1182374.05257918,1850007.6770953073,10
-1181910.7398626525,1850007.6770953073,10
-1181447.4271461251,1850007.6770953073,10
-1180984.1144295975,1850007.6770953073,10
-1180520.8017130701,1850007.6770953073,10
-1180057.4889965425,1850007.6770953073,10
-1179594.1762800151,1850007.6770953073,10
-1179130.8635634875,1850007.6770953073,10
-1178667.5508469602,1850007.6770953073,10
-1178204.2381304326,1850007.6770953073,10
-1177740.9254139052,1850007.6770953073,10
-1177277.6126973776,1850007.6770953073,10
-1176814.2999808502,1850007.6770953073,10
-1176350.9872643226,1850007.6770953073,10
-1175887.6745477952,1850007.6770953073,10
-1175424.3618312676,1850007.6770953073,10
-1174961.04911474,1850007.6770953073,10
-1174497.7363982126,1850007.6770953073,10
-1174034.4236816852,1850007.6770953073,10
-1173571.1109651576,1850007.6770953073,10
-1173107.79824863,1850007.6770953073,10
-1172644.4855321026,1850007.6770953073,10
-1172181.172815575,1850007.6770953073,10
-1171717.8600990477,1850007.6770953073,10
-1171254.54738252,1850007.6770953073,10
-1170791.2346659927,1850007.6770953073,10
-1170327.921949465,1850007.6770953073,10
-1169864.6092329377,1850007.6770953073,10
-1169401.29651641,1850007.6770953073,10
-1168937.9837998827,1850007.6770953073,10
-1168474.671083355,1850007.6770953073,10
-1168011.3583668275,1850007.6770953073,10
-1167548.0456503,1850007.6770953073,10
-1167084.7329337727,1850007.6770953073,10
-1166621.4202172451,1850007.6770953073,10
-1166158.1075007175,1850007.6770953073,10
-1165694.7947841901,1850007.6770953073,10
-1165231.4820676625,1850007.6770953073,10
-1164768.1693511351,1850007.6770953073,10
-1164304.8566346075,1850007.6770953073,10
-1163841.5439180802,1850007.6770953073,10
-1163378.2312015526,1850007.6770953073,10
-1162914.9184850252,1850007.6770953073,10
-1162451.6057684976,1850007.6770953073,10
-1161988.2930519702,1850007.6770953073,10
-1161524.9803354426,1850007.6770953073,10
-1161061.6676189152,1850007.6770953073,10
-1360749.4484422677,1849544.3643787797,10
-1360286.13572574,1849544.3643787797,10
-1359822.8230092125,1849544.3643787797,10
-1359359.5102926851,1849544.3643787797,10
-1358896.1975761575,1849544.3643787797,10
-1358432.8848596301,1849544.3643787797,10
-1357969.5721431025,1849544.3643787797,10
-1357506.2594265752,1849544.3643787797,10
-1357042.9467100475,1849544.3643787797,10
-1356579.6339935202,1849544.3643787797,10
-1356116.3212769926,1849544.3643787797,10
-1355653.0085604652,1849544.3643787797,10
-1355189.6958439376,1849544.3643787797,10
-1354726.3831274102,1849544.3643787797,10
-1354263.0704108826,1849544.3643787797,10
-1353799.7576943552,1849544.3643787797,10
-1353336.4449778276,1849544.3643787797,10
-1352873.1322613002,1849544.3643787797,10
-1352409.8195447726,1849544.3643787797,10
-1351946.506828245,1849544.3643787797,10
-1351483.1941117176,1849544.3643787797,10
-1351019.88139519,1849544.3643787797,10
-1350556.5686786626,1849544.3643787797,10
-1350093.255962135,1849544.3643787797,10
-1349629.9432456077,1849544.3643787797,10
-1349166.63052908,1849544.3643787797,10
-1348703.3178125527,1849544.3643787797,16
-1348240.005096025,1849544.3643787797,10
-1347776.6923794977,1849544.3643787797,10
-1347313.37966297,1849544.3643787797,10
-1346850.0669464427,1849544.3643787797,10
-1346386.754229915,1849544.3643787797,10
-1345923.4415133877,1849544.3643787797,10
-1345460.12879686,1849544.3643787797,10
-1344996.8160803327,1849544.3643787797,16
-1344533.5033638051,1849544.3643787797,16
-1344070.1906472775,1849544.3643787797,10
-1343606.8779307501,1849544.3643787797,10
-1343143.5652142225,1849544.3643787797,10
-1342680.2524976952,1849544.3643787797,16
-1342216.9397811675,1849544.3643787797,10
-1341753.6270646402,1849544.3643787797,10
-1341290.3143481126,1849544.3643787797,10
-1340827.0016315852,1849544.3643787797,16
-1340363.6889150576,1849544.3643787797,16
-1339900.3761985302,1849544.3643787797,10
-1339437.0634820026,1849544.3643787797,10
-1338973.7507654752,1849544.3643787797,10
-1338510.4380489476,1849544.3643787797,10
-1338047.1253324202,1849544.3643787797,10
-1337583.8126158926,1849544.3643787797,10
-1337120.499899365,1849544.3643787797,10
-1336657.1871828376,1849544.3643787797,10
-1336193.87446631,1849544.3643787797,10
-1335730.5617497826,1849544.3643787797,10
-1335267.249033255,1849544.3643787797,10
-1334803.9363167277,1849544.3643787797,10
-1334340.6236002,1849544.3643787797,10
-1333877.3108836727,1849544.3643787797,16
-1333413.998167145,1849544.3643787797,16
-1332950.6854506177,1849544.3643787797,16
-1332487.37273409,1849544.3643787797,16
-1332024.0600175627,1849544.3643787797,16
-1331560.747301035,1849544.3643787797,16
-1331097.4345845077,1849544.3643787797,16
-1330634.12186798,1849544.3643787797,16
-1330170.8091514525,1849544.3643787797,16
-1329707.4964349251,1849544.3643787797,16
-1329244.1837183975,1849544.3643787797,16
-1328780.8710018701,1849544.3643787797,16
-1328317.5582853425,1849544.3643787797,16
-1327854.2455688152,1849544.3643787797,16
-1327390.9328522875,1849544.3643787797,16
-1326927.6201357602,1849544.3643787797,16
-1326464.3074192326,1849544.3643787797,16
-1326000.9947027052,1849544.3643787797,16
-1325537.6819861776,1849544.3643787797,16
-1325074.3692696502,1849544.3643787797,16
-1324611.0565531226,1849544.3643787797,16
-1324147.7438365952,1849544.3643787797,16
-1323684.4311200676,1849544.3643787797,16
-1323221.11840354,1849544.3643787797,16
-1322757.8056870126,1849544.3643787797,16
-1322294.492970485,1849544.3643787797,16
-1321831.1802539576,1849544.3643787797,16
-1321367.86753743,1849544.3643787797,16
-1320904.5548209026,1849544.3643787797,16
-1320441.242104375,1849544.3643787797,16
-1319977.9293878477,1849544.3643787797,16
-1319514.61667132,1849544.3643787797,16
-1319051.3039547927,1849544.3643787797,16
-1318587.991238265,1849544.3643787797,16
-1318124.6785217377,1849544.3643787797,16
-1317661.36580521,1849544.3643787797,16
-1317198.0530886827,1849544.3643787797,10
-1316734.740372155,1849544.3643787797,10
-1316271.4276556277,1849544.3643787797,10
-1315808.1149391,1849544.3643787797,10
-1315344.8022225727,1849544.3643787797,16
-1314881.4895060451,1849544.3643787797,16
-1314418.1767895175,1849544.3643787797,16
-1313954.8640729901,1849544.3643787797,16
-1313491.5513564625,1849544.3643787797,16
-1313028.2386399352,1849544.3643787797,16
-1312564.9259234075,1849544.3643787797,16
-1312101.6132068802,1849544.3643787797,16
-1311638.3004903526,1849544.3643787797,16
-1311174.9877738252,1849544.3643787797,16
-1310711.6750572976,1849544.3643787797,16
-1310248.3623407702,1849544.3643787797,16
-1309785.0496242426,1849544.3643787797,16
-1309321.7369077152,1849544.3643787797,16
-1308858.4241911876,1849544.3643787797,10
-1308395.1114746602,1849544.3643787797,10
-1307931.7987581326,1849544.3643787797,10
-1307468.486041605,1849544.3643787797,10
-1307005.1733250776,1849544.3643787797,10
-1306541.86060855,1849544.3643787797,10
-1306078.5478920226,1849544.3643787797,10
-1305615.235175495,1849544.3643787797,16
-1305151.9224589677,1849544.3643787797,16
-1304688.60974244,1849544.3643787797,16
-1304225.2970259127,1849544.3643787797,16
-1303761.984309385,1849544.3643787797,16
-1303298.6715928577,1849544.3643787797,16
-1302835.35887633,1849544.3643787797,16
-1302372.0461598027,1849544.3643787797,16
-1301908.733443275,1849544.3643787797,16
-1301445.4207267477,1849544.3643787797,16
-1300982.10801022,1849544.3643787797,16
-1300518.7952936925,1849544.3643787797,10
-1300055.4825771651,1849544.3643787797,10
-1299592.1698606375,1849544.3643787797,16
-1299128.8571441101,1849544.3643787797,16
-1298665.5444275825,1849544.3643787797,16
-1298202.2317110552,1849544.3643787797,16
-1297738.9189945275,1849544.3643787797,16
-1297275.6062780002,1849544.3643787797,10
-1296812.2935614726,1849544.3643787797,10
-1296348.9808449452,1849544.3643787797,16
-1295885.6681284176,1849544.3643787797,16
-1295422.3554118902,1849544.3643787797,16
-1294959.0426953626,1849544.3643787797,16
-1294495.7299788352,1849544.3643787797,16
-1294032.4172623076,1849544.3643787797,16
-1293569.10454578,1849544.3643787797,16
-1293105.7918292526,1849544.3643787797,10
-1292642.479112725,1849544.3643787797,16
-1292179.1663961976,1849544.3643787797,16
-1291715.85367967,1849544.3643787797,16
-1291252.5409631426,1849544.3643787797,16
-1290789.228246615,1849544.3643787797,16
-1290325.9155300877,1849544.3643787797,10
-1289862.60281356,1849544.3643787797,10
-1289399.2900970327,1849544.3643787797,10
-1288935.977380505,1849544.3643787797,10
-1288472.6646639777,1849544.3643787797,10
-1288009.35194745,1849544.3643787797,10
-1287546.0392309227,1849544.3643787797,10
-1287082.726514395,1849544.3643787797,10
-1286619.4137978677,1849544.3643787797,10
-1286156.10108134,1849544.3643787797,10
-1285692.7883648127,1849544.3643787797,10
-1285229.4756482851,1849544.3643787797,10
-1284766.1629317575,1849544.3643787797,10
-1284302.8502152301,1849544.3643787797,10
-1283839.5374987025,1849544.3643787797,10
-1283376.2247821752,1849544.3643787797,10
-1282912.9120656475,1849544.3643787797,10
-1282449.5993491202,1849544.3643787797,10
-1281986.2866325926,1849544.3643787797,10
-1281522.9739160652,1849544.3643787797,10
-1281059.6611995376,1849544.3643787797,10
-1280596.3484830102,1849544.3643787797,10
-1280133.0357664826,1849544.3643787797,10
-1279669.7230499552,1849544.3643787797,10
-1279206.4103334276,1849544.3643787797,10
-1278743.0976169002,1849544.3643787797,10
-1278279.7849003726,1849544.3643787797,10
-1277816.472183845,1849544.3643787797,10
-1277353.1594673176,1849544.3643787797,10
-1276889.84675079,1849544.3643787797,10
-1276426.5340342626,1849544.3643787797,10
-1275963.221317735,1849544.3643787797,16
-1275499.9086012077,1849544.3643787797,16
-1275036.59588468,1849544.3643787797,16
-1274573.2831681527,1849544.3643787797,10
-1274109.970451625,1849544.3643787797,10
-1273646.6577350977,1849544.3643787797,10
-1273183.34501857,1849544.3643787797,10
-1272720.0323020427,1849544.3643787797,10
-1272256.719585515,1849544.3643787797,10
-1271793.4068689877,1849544.3643787797,10
-1271330.09415246,1849544.3643787797,10
-1270866.7814359325,1849544.3643787797,10
-1270403.4687194051,1849544.3643787797,10
-1269940.1560028775,1849544.3643787797,10
-1269476.8432863501,1849544.3643787797,10
-1269013.5305698225,1849544.3643787797,10
-1268550.2178532952,1849544.3643787797,10
-1268086.9051367675,1849544.3643787797,10
-1267623.5924202402,1849544.3643787797,10
-1267160.2797037126,1849544.3643787797,10
-1266696.9669871852,1849544.3643787797,10
-1266233.6542706576,1849544.3643787797,10
-1265770.3415541302,1849544.3643787797,10
-1265307.0288376026,1849544.3643787797,10
-1264843.7161210752,1849544.3643787797,10
-1264380.4034045476,1849544.3643787797,10
-1263917.09068802,1849544.3643787797,10
-1263453.7779714926,1849544.3643787797,10
-1262990.465254965,1849544.3643787797,10
-1262527.1525384376,1849544.3643787797,10
-1262063.83982191,1849544.3643787797,10
-1261600.5271053826,1849544.3643787797,10
-1261137.214388855,1849544.3643787797,10
-1260673.9016723277,1849544.3643787797,10
-1260210.5889558,1849544.3643787797,10
-1259747.2762392727,1849544.3643787797,10
-1259283.963522745,1849544.3643787797,10
-1258820.6508062177,1849544.3643787797,10
-1258357.33808969,1849544.3643787797,10
-1257894.0253731627,1849544.3643787797,10
-1257430.712656635,1849544.3643787797,10
-1256967.3999401077,1849544.3643787797,10
-1256504.08722358,1849544.3643787797,10
-1256040.7745070527,1849544.3643787797,10
-1255577.4617905251,1849544.3643787797,10
-1255114.1490739975,1849544.3643787797,10
-1254650.8363574701,1849544.3643787797,10
-1254187.5236409425,1849544.3643787797,10
-1253724.2109244152,1849544.3643787797,10
-1253260.8982078875,1849544.3643787797,10
-1252797.5854913602,1849544.3643787797,10
-1252334.2727748326,1849544.3643787797,10
-1251870.9600583052,1849544.3643787797,10
-1251407.6473417776,1849544.3643787797,10
-1250944.3346252502,1849544.3643787797,10
-1250481.0219087226,1849544.3643787797,10
-1250017.7091921952,1849544.3643787797,10
-1249554.3964756676,1849544.3643787797,10
-1249091.0837591402,1849544.3643787797,10
-1248627.7710426126,1849544.3643787797,10
-1248164.458326085,1849544.3643787797,10
-1247701.1456095576,1849544.3643787797,10
-1247237.83289303,1849544.3643787797,10
-1246774.5201765026,1849544.3643787797,10
-1246311.207459975,1849544.3643787797,10
-1245847.8947434477,1849544.3643787797,10
-1245384.58202692,1849544.3643787797,10
-1244921.2693103927,1849544.3643787797,10
-1244457.956593865,1849544.3643787797,10
-1243994.6438773377,1849544.3643787797,10
-1243531.33116081,1849544.3643787797,10
-1243068.0184442827,1849544.3643787797,10
-1242604.705727755,1849544.3643787797,10
-1242141.3930112277,1849544.3643787797,10
-1241678.0802947,1849544.3643787797,10
-1241214.7675781725,1849544.3643787797,10
-1240751.4548616451,1849544.3643787797,10
-1240288.1421451175,1849544.3643787797,10
-1239824.8294285901,1849544.3643787797,10
-1239361.5167120625,1849544.3643787797,10
-1238898.2039955352,1849544.3643787797,10
-1238434.8912790075,1849544.3643787797,10
-1237971.5785624802,1849544.3643787797,10
-1237508.2658459526,1849544.3643787797,10
-1237044.9531294252,1849544.3643787797,10
-1236581.6404128976,1849544.3643787797,10
-1236118.3276963702,1849544.3643787797,10
-1235655.0149798426,1849544.3643787797,10
-1235191.7022633152,1849544.3643787797,10
-1234728.3895467876,1849544.3643787797,10
-1234265.07683026,1849544.3643787797,10
-1233801.7641137326,1849544.3643787797,10
-1233338.4513972052,1849544.3643787797,10
-1232875.1386806776,1849544.3643787797,10
-1232411.82596415,1849544.3643787797,10
-1231948.5132476226,1849544.3643787797,10
-1231485.200531095,1849544.3643787797,10
-1231021.8878145677,1849544.3643787797,10
-1230558.57509804,1849544.3643787797,10
-1230095.2623815127,1849544.3643787797,10
-1229631.949664985,1849544.3643787797,10
-1229168.6369484577,1849544.3643787797,10
-1228705.32423193,1849544.3643787797,10
-1228242.0115154027,1849544.3643787797,10
-1227778.698798875,1849544.3643787797,10
-1227315.3860823475,1849544.3643787797,10
-1226852.07336582,1849544.3643787797,10
-1226388.7606492927,1849544.3643787797,10
-1225925.4479327651,1849544.3643787797,10
-1225462.1352162375,1849544.3643787797,10
-1224998.8224997101,1849544.3643787797,10
-1224535.5097831825,1849544.3643787797,10
-1224072.1970666551,1849544.3643787797,10
-1223608.8843501275,1849544.3643787797,10
-1223145.5716336002,1849544.3643787797,10
-1222682.2589170726,1849544.3643787797,10
-1222218.9462005452,1849544.3643787797,10
-1221755.6334840176,1849544.3643787797,10
-1221292.3207674902,1849544.3643787797,10
-1220829.0080509626,1849544.3643787797,10
-1220365.6953344352,1849544.3643787797,10
-1219902.3826179076,1849544.3643787797,10
-1219439.0699013802,1849544.3643787797,10
-1218975.7571848526,1849544.3643787797,10
-1218512.444468325,1849544.3643787797,10
-1218049.1317517976,1849544.3643787797,10
-1217585.81903527,1849544.3643787797,10
-1217122.5063187426,1849544.3643787797,10
-1216659.193602215,1849544.3643787797,10
-1216195.8808856877,1849544.3643787797,10
-1215732.56816916,1849544.3643787797,10
-1215269.2554526327,1849544.3643787797,10
-1214805.942736105,1849544.3643787797,10
-1214342.6300195777,1849544.3643787797,10
-1213879.31730305,1849544.3643787797,10
-1213416.0045865227,1849544.3643787797,10
-1212952.691869995,1849544.3643787797,10
-1212489.3791534677,1849544.3643787797,10
-1212026.06643694,1849544.3643787797,10
-1211562.7537204125,1849544.3643787797,10
-1211099.4410038851,1849544.3643787797,10
-1210636.1282873575,1849544.3643787797,10
-1210172.8155708301,1849544.3643787797,10
-1209709.5028543025,1849544.3643787797,10
-1209246.1901377751,1849544.3643787797,10
-1208782.8774212475,1849544.3643787797,10
-1208319.5647047202,1849544.3643787797,10
-1207856.2519881926,1849544.3643787797,10
-1207392.9392716652,1849544.3643787797,10
-1206929.6265551376,1849544.3643787797,10
-1206466.3138386102,1849544.3643787797,10
-1206003.0011220826,1849544.3643787797,10
-1205539.6884055552,1849544.3643787797,10
-1205076.3756890276,1849544.3643787797,10
-1204613.0629725,1849544.3643787797,10
-1204149.7502559726,1849544.3643787797,10
-1203686.4375394452,1849544.3643787797,10
-1203223.1248229176,1849544.3643787797,10
-1202759.81210639,1849544.3643787797,10
-1202296.4993898626,1849544.3643787797,10
-1201833.186673335,1849544.3643787797,7
-1201369.8739568077,1849544.3643787797,7
-1200906.56124028,1849544.3643787797,10
-1200443.2485237527,1849544.3643787797,10
-1199979.935807225,1849544.3643787797,10
-1199516.6230906977,1849544.3643787797,10
-1199053.31037417,1849544.3643787797,10
-1198589.9976576427,1849544.3643787797,10
-1198126.684941115,1849544.3643787797,10
-1197663.3722245875,1849544.3643787797,10
-1197200.05950806,1849544.3643787797,10
-1196736.7467915327,1849544.3643787797,10
-1196273.4340750051,1849544.3643787797,10
-1195810.1213584775,1849544.3643787797,10
-1195346.8086419501,1849544.3643787797,10
-1194883.4959254225,1849544.3643787797,10
-1194420.1832088951,1849544.3643787797,10
-1193956.8704923675,1849544.3643787797,10
-1193493.5577758402,1849544.3643787797,10
-1193030.2450593126,1849544.3643787797,10
-1192566.9323427852,1849544.3643787797,10
-1192103.6196262576,1849544.3643787797,10
-1191640.3069097302,1849544.3643787797,10
-1191176.9941932026,1849544.3643787797,10
-1190713.6814766752,1849544.3643787797,10
-1190250.3687601476,1849544.3643787797,10
-1189787.0560436202,1849544.3643787797,10
-1189323.7433270926,1849544.3643787797,10
-1188860.430610565,1849544.3643787797,10
-1188397.1178940376,1849544.3643787797,10
-1187933.80517751,1849544.3643787797,10
-1187470.4924609826,1849544.3643787797,10
-1187007.179744455,1849544.3643787797,10
-1186543.8670279277,1849544.3643787797,10
-1186080.5543114,1849544.3643787797,10
-1185617.2415948727,1849544.3643787797,10
-1185153.928878345,1849544.3643787797,10
-1184690.6161618177,1849544.3643787797,10
-1184227.30344529,1849544.3643787797,10
-1183763.9907287627,1849544.3643787797,10
-1183300.678012235,1849544.3643787797,10
-1182837.3652957077,1849544.3643787797,10
-1182374.05257918,1849544.3643787797,10
-1181910.7398626525,1849544.3643787797,10
-1181447.4271461251,1849544.3643787797,10
-1180984.1144295975,1849544.3643787797,10
-1180520.8017130701,1849544.3643787797,10
-1180057.4889965425,1849544.3643787797,10
-1179594.1762800151,1849544.3643787797,10
-1179130.8635634875,1849544.3643787797,10
-1178667.5508469602,1849544.3643787797,10
-1178204.2381304326,1849544.3643787797,10
-1177740.9254139052,1849544.3643787797,10
-1177277.6126973776,1849544.3643787797,10
-1176814.2999808502,1849544.3643787797,10
-1176350.9872643226,1849544.3643787797,10
-1175887.6745477952,1849544.3643787797,10
-1175424.3618312676,1849544.3643787797,10
-1174961.04911474,1849544.3643787797,10
-1174497.7363982126,1849544.3643787797,10
-1174034.4236816852,1849544.3643787797,10
-1173571.1109651576,1849544.3643787797,10
-1173107.79824863,1849544.3643787797,10
-1172644.4855321026,1849544.3643787797,10
-1172181.172815575,1849544.3643787797,10
-1171717.8600990477,1849544.3643787797,10
-1171254.54738252,1849544.3643787797,10
-1170791.2346659927,1849544.3643787797,10
-1170327.921949465,1849544.3643787797,10
-1169864.6092329377,1849544.3643787797,10
-1169401.29651641,1849544.3643787797,10
-1168937.9837998827,1849544.3643787797,10
-1168474.671083355,1849544.3643787797,10
-1168011.3583668275,1849544.3643787797,10
-1167548.0456503,1849544.3643787797,10
-1167084.7329337727,1849544.3643787797,10
-1166621.4202172451,1849544.3643787797,10
-1166158.1075007175,1849544.3643787797,10
-1165694.7947841901,1849544.3643787797,10
-1165231.4820676625,1849544.3643787797,10
-1164768.1693511351,1849544.3643787797,10
-1164304.8566346075,1849544.3643787797,10
-1163841.5439180802,1849544.3643787797,10
-1163378.2312015526,1849544.3643787797,10
-1162914.9184850252,1849544.3643787797,10
-1162451.6057684976,1849544.3643787797,10
-1161988.2930519702,1849544.3643787797,10
-1161524.9803354426,1849544.3643787797,10
-1161061.6676189152,1849544.3643787797,10
-1160598.3549023876,1849544.3643787797,10
-1160135.0421858602,1849544.3643787797,10
-1360749.4484422677,1849081.0516622523,10
-1360286.13572574,1849081.0516622523,10
-1359822.8230092125,1849081.0516622523,10
-1359359.5102926851,1849081.0516622523,10
-1358896.1975761575,1849081.0516622523,10
-1358432.8848596301,1849081.0516622523,10
-1357969.5721431025,1849081.0516622523,10
-1357506.2594265752,1849081.0516622523,10
-1357042.9467100475,1849081.0516622523,10
-1356579.6339935202,1849081.0516622523,10
-1356116.3212769926,1849081.0516622523,10
-1355653.0085604652,1849081.0516622523,10
-1355189.6958439376,1849081.0516622523,10
-1354726.3831274102,1849081.0516622523,10
-1354263.0704108826,1849081.0516622523,10
-1353799.7576943552,1849081.0516622523,10
-1353336.4449778276,1849081.0516622523,10
-1352873.1322613002,1849081.0516622523,10
-1352409.8195447726,1849081.0516622523,10
-1351946.506828245,1849081.0516622523,10
-1351483.1941117176,1849081.0516622523,10
-1351019.88139519,1849081.0516622523,10
-1350556.5686786626,1849081.0516622523,10
-1350093.255962135,1849081.0516622523,10
-1349629.9432456077,1849081.0516622523,10
-1349166.63052908,1849081.0516622523,10
-1348703.3178125527,1849081.0516622523,10
-1348240.005096025,1849081.0516622523,10
-1347776.6923794977,1849081.0516622523,10
-1347313.37966297,1849081.0516622523,10
-1346850.0669464427,1849081.0516622523,10
-1346386.754229915,1849081.0516622523,10
-1345923.4415133877,1849081.0516622523,10
-1345460.12879686,1849081.0516622523,10
-1344996.8160803327,1849081.0516622523,16
-1344533.5033638051,1849081.0516622523,16
-1344070.1906472775,1849081.0516622523,10
-1343606.8779307501,1849081.0516622523,10
-1343143.5652142225,1849081.0516622523,16
-1342680.2524976952,1849081.0516622523,16
-1342216.9397811675,1849081.0516622523,16
-1341753.6270646402,1849081.0516622523,16
-1341290.3143481126,1849081.0516622523,16
-1340827.0016315852,1849081.0516622523,16
-1340363.6889150576,1849081.0516622523,16
-1339900.3761985302,1849081.0516622523,16
-1339437.0634820026,1849081.0516622523,10
-1338973.7507654752,1849081.0516622523,10
-1338510.4380489476,1849081.0516622523,10
-1338047.1253324202,1849081.0516622523,10
-1337583.8126158926,1849081.0516622523,10
-1337120.499899365,1849081.0516622523,10
-1336657.1871828376,1849081.0516622523,10
-1336193.87446631,1849081.0516622523,10
-1335730.5617497826,1849081.0516622523,16
-1335267.249033255,1849081.0516622523,16
-1334803.9363167277,1849081.0516622523,16
-1334340.6236002,1849081.0516622523,16
-1333877.3108836727,1849081.0516622523,16
-1333413.998167145,1849081.0516622523,16
-1332950.6854506177,1849081.0516622523,16
-1332487.37273409,1849081.0516622523,16
-1332024.0600175627,1849081.0516622523,16
-1331560.747301035,1849081.0516622523,16
-1331097.4345845077,1849081.0516622523,16
-1330634.12186798,1849081.0516622523,16
-1330170.8091514525,1849081.0516622523,16
-1329707.4964349251,1849081.0516622523,16
-1329244.1837183975,1849081.0516622523,16
-1328780.8710018701,1849081.0516622523,16
-1328317.5582853425,1849081.0516622523,16
-1327854.2455688152,1849081.0516622523,16
-1327390.9328522875,1849081.0516622523,16
-1326927.6201357602,1849081.0516622523,16
-1326464.3074192326,1849081.0516622523,16
-1326000.9947027052,1849081.0516622523,16
-1325537.6819861776,1849081.0516622523,16
-1325074.3692696502,1849081.0516622523,16
-1324611.0565531226,1849081.0516622523,16
-1324147.7438365952,1849081.0516622523,16
-1323684.4311200676,1849081.0516622523,16
-1323221.11840354,1849081.0516622523,16
-1322757.8056870126,1849081.0516622523,16
-1322294.492970485,1849081.0516622523,10
-1321831.1802539576,1849081.0516622523,10
-1321367.86753743,1849081.0516622523,10
-1320904.5548209026,1849081.0516622523,10
-1320441.242104375,1849081.0516622523,10
-1319977.9293878477,1849081.0516622523,10
-1319514.61667132,1849081.0516622523,10
-1319051.3039547927,1849081.0516622523,10
-1318587.991238265,1849081.0516622523,10
-1318124.6785217377,1849081.0516622523,10
-1317661.36580521,1849081.0516622523,10
-1317198.0530886827,1849081.0516622523,10
-1316734.740372155,1849081.0516622523,10
-1316271.4276556277,1849081.0516622523,10
-1315808.1149391,1849081.0516622523,16
-1315344.8022225727,1849081.0516622523,16
-1314881.4895060451,1849081.0516622523,16
-1314418.1767895175,1849081.0516622523,16
-1313954.8640729901,1849081.0516622523,16
-1313491.5513564625,1849081.0516622523,16
-1313028.2386399352,1849081.0516622523,16
-1312564.9259234075,1849081.0516622523,16
-1312101.6132068802,1849081.0516622523,16
-1311638.3004903526,1849081.0516622523,16
-1311174.9877738252,1849081.0516622523,16
-1310711.6750572976,1849081.0516622523,16
-1310248.3623407702,1849081.0516622523,16
-1309785.0496242426,1849081.0516622523,16
-1309321.7369077152,1849081.0516622523,16
-1308858.4241911876,1849081.0516622523,16
-1308395.1114746602,1849081.0516622523,10
-1307931.7987581326,1849081.0516622523,10
-1307468.486041605,1849081.0516622523,10
-1307005.1733250776,1849081.0516622523,10
-1306541.86060855,1849081.0516622523,10
-1306078.5478920226,1849081.0516622523,7
-1305615.235175495,1849081.0516622523,16
-1305151.9224589677,1849081.0516622523,16
-1304688.60974244,1849081.0516622523,16
-1304225.2970259127,1849081.0516622523,16
-1303761.984309385,1849081.0516622523,16
-1303298.6715928577,1849081.0516622523,16
-1302835.35887633,1849081.0516622523,16
-1302372.0461598027,1849081.0516622523,16
-1301908.733443275,1849081.0516622523,16
-1301445.4207267477,1849081.0516622523,16
-1300982.10801022,1849081.0516622523,16
-1300518.7952936925,1849081.0516622523,10
-1300055.4825771651,1849081.0516622523,10
-1299592.1698606375,1849081.0516622523,7
-1299128.8571441101,1849081.0516622523,16
-1298665.5444275825,1849081.0516622523,16
-1298202.2317110552,1849081.0516622523,16
-1297738.9189945275,1849081.0516622523,16
-1297275.6062780002,1849081.0516622523,16
-1296812.2935614726,1849081.0516622523,10
-1296348.9808449452,1849081.0516622523,16
-1295885.6681284176,1849081.0516622523,16
-1295422.3554118902,1849081.0516622523,16
-1294959.0426953626,1849081.0516622523,16
-1294495.7299788352,1849081.0516622523,16
-1294032.4172623076,1849081.0516622523,16
-1293569.10454578,1849081.0516622523,10
-1293105.7918292526,1849081.0516622523,10
-1292642.479112725,1849081.0516622523,10
-1292179.1663961976,1849081.0516622523,10
-1291715.85367967,1849081.0516622523,10
-1291252.5409631426,1849081.0516622523,10
-1290789.228246615,1849081.0516622523,16
-1290325.9155300877,1849081.0516622523,10
-1289862.60281356,1849081.0516622523,10
-1289399.2900970327,1849081.0516622523,10
-1288935.977380505,1849081.0516622523,10
-1288472.6646639777,1849081.0516622523,10
-1288009.35194745,1849081.0516622523,10
-1287546.0392309227,1849081.0516622523,10
-1287082.726514395,1849081.0516622523,10
-1286619.4137978677,1849081.0516622523,10
-1286156.10108134,1849081.0516622523,10
-1285692.7883648127,1849081.0516622523,10
-1285229.4756482851,1849081.0516622523,10
-1284766.1629317575,1849081.0516622523,10
-1284302.8502152301,1849081.0516622523,10
-1283839.5374987025,1849081.0516622523,10
-1283376.2247821752,1849081.0516622523,10
-1282912.9120656475,1849081.0516622523,10
-1282449.5993491202,1849081.0516622523,10
-1281986.2866325926,1849081.0516622523,10
-1281522.9739160652,1849081.0516622523,10
-1281059.6611995376,1849081.0516622523,10
-1280596.3484830102,1849081.0516622523,10
-1280133.0357664826,1849081.0516622523,10
-1279669.7230499552,1849081.0516622523,10
-1279206.4103334276,1849081.0516622523,10
-1278743.0976169002,1849081.0516622523,10
-1278279.7849003726,1849081.0516622523,10
-1277816.472183845,1849081.0516622523,10
-1277353.1594673176,1849081.0516622523,10
-1276889.84675079,1849081.0516622523,10
-1276426.5340342626,1849081.0516622523,10
-1275963.221317735,1849081.0516622523,10
-1275499.9086012077,1849081.0516622523,10
-1275036.59588468,1849081.0516622523,16
-1274573.2831681527,1849081.0516622523,10
-1274109.970451625,1849081.0516622523,10
-1273646.6577350977,1849081.0516622523,10
-1273183.34501857,1849081.0516622523,10
-1272720.0323020427,1849081.0516622523,10
-1272256.719585515,1849081.0516622523,10
-1271793.4068689877,1849081.0516622523,10
-1271330.09415246,1849081.0516622523,10
-1270866.7814359325,1849081.0516622523,10
-1270403.4687194051,1849081.0516622523,10
-1269940.1560028775,1849081.0516622523,10
-1269476.8432863501,1849081.0516622523,10
-1269013.5305698225,1849081.0516622523,10
-1268550.2178532952,1849081.0516622523,10
-1268086.9051367675,1849081.0516622523,10
-1267623.5924202402,1849081.0516622523,10
-1267160.2797037126,1849081.0516622523,10
-1266696.9669871852,1849081.0516622523,10
-1266233.6542706576,1849081.0516622523,10
-1265770.3415541302,1849081.0516622523,10
-1265307.0288376026,1849081.0516622523,10
-1264843.7161210752,1849081.0516622523,10
-1264380.4034045476,1849081.0516622523,10
-1263917.09068802,1849081.0516622523,10
-1263453.7779714926,1849081.0516622523,10
-1262990.465254965,1849081.0516622523,10
-1262527.1525384376,1849081.0516622523,10
-1262063.83982191,1849081.0516622523,10
-1261600.5271053826,1849081.0516622523,10
-1261137.214388855,1849081.0516622523,10
-1260673.9016723277,1849081.0516622523,10
-1260210.5889558,1849081.0516622523,10
-1259747.2762392727,1849081.0516622523,10
-1259283.963522745,1849081.0516622523,10
-1258820.6508062177,1849081.0516622523,10
-1258357.33808969,1849081.0516622523,10
-1257894.0253731627,1849081.0516622523,10
-1257430.712656635,1849081.0516622523,10
-1256967.3999401077,1849081.0516622523,10
-1256504.08722358,1849081.0516622523,10
-1256040.7745070527,1849081.0516622523,10
-1255577.4617905251,1849081.0516622523,10
-1255114.1490739975,1849081.0516622523,10
-1254650.8363574701,1849081.0516622523,10
-1254187.5236409425,1849081.0516622523,10
-1253724.2109244152,1849081.0516622523,10
-1253260.8982078875,1849081.0516622523,10
-1252797.5854913602,1849081.0516622523,10
-1252334.2727748326,1849081.0516622523,10
-1251870.9600583052,1849081.0516622523,10
-1251407.6473417776,1849081.0516622523,10
-1250944.3346252502,1849081.0516622523,10
-1250481.0219087226,1849081.0516622523,10
-1250017.7091921952,1849081.0516622523,10
-1249554.3964756676,1849081.0516622523,10
-1249091.0837591402,1849081.0516622523,10
-1248627.7710426126,1849081.0516622523,10
-1248164.458326085,1849081.0516622523,10
-1247701.1456095576,1849081.0516622523,10
-1247237.83289303,1849081.0516622523,10
-1246774.5201765026,1849081.0516622523,10
-1246311.207459975,1849081.0516622523,10
-1245847.8947434477,1849081.0516622523,10
-1245384.58202692,1849081.0516622523,10
-1244921.2693103927,1849081.0516622523,10
-1244457.956593865,1849081.0516622523,10
-1243994.6438773377,1849081.0516622523,10
-1243531.33116081,1849081.0516622523,10
-1243068.0184442827,1849081.0516622523,10
-1242604.705727755,1849081.0516622523,10
-1242141.3930112277,1849081.0516622523,10
-1241678.0802947,1849081.0516622523,10
-1241214.7675781725,1849081.0516622523,10
-1240751.4548616451,1849081.0516622523,10
-1240288.1421451175,1849081.0516622523,10
-1239824.8294285901,1849081.0516622523,10
-1239361.5167120625,1849081.0516622523,10
-1238898.2039955352,1849081.0516622523,10
-1238434.8912790075,1849081.0516622523,10
-1237971.5785624802,1849081.0516622523,10
-1237508.2658459526,1849081.0516622523,10
-1237044.9531294252,1849081.0516622523,10
-1236581.6404128976,1849081.0516622523,10
-1236118.3276963702,1849081.0516622523,10
-1235655.0149798426,1849081.0516622523,10
-1235191.7022633152,1849081.0516622523,10
-1234728.3895467876,1849081.0516622523,10
-1234265.07683026,1849081.0516622523,10
-1233801.7641137326,1849081.0516622523,10
-1233338.4513972052,1849081.0516622523,10
-1232875.1386806776,1849081.0516622523,10
-1232411.82596415,1849081.0516622523,10
-1231948.5132476226,1849081.0516622523,10
-1231485.200531095,1849081.0516622523,10
-1231021.8878145677,1849081.0516622523,10
-1230558.57509804,1849081.0516622523,10
-1230095.2623815127,1849081.0516622523,10
-1229631.949664985,1849081.0516622523,10
-1229168.6369484577,1849081.0516622523,10
-1228705.32423193,1849081.0516622523,10
-1228242.0115154027,1849081.0516622523,10
-1227778.698798875,1849081.0516622523,10
-1227315.3860823475,1849081.0516622523,10
-1226852.07336582,1849081.0516622523,10
-1226388.7606492927,1849081.0516622523,10
-1225925.4479327651,1849081.0516622523,10
-1225462.1352162375,1849081.0516622523,10
-1224998.8224997101,1849081.0516622523,10
-1224535.5097831825,1849081.0516622523,10
-1224072.1970666551,1849081.0516622523,10
-1223608.8843501275,1849081.0516622523,10
-1223145.5716336002,1849081.0516622523,10
-1222682.2589170726,1849081.0516622523,10
-1222218.9462005452,1849081.0516622523,10
-1221755.6334840176,1849081.0516622523,10
-1221292.3207674902,1849081.0516622523,10
-1220829.0080509626,1849081.0516622523,10
-1220365.6953344352,1849081.0516622523,10
-1219902.3826179076,1849081.0516622523,10
-1219439.0699013802,1849081.0516622523,10
-1218975.7571848526,1849081.0516622523,10
-1218512.444468325,1849081.0516622523,10
-1218049.1317517976,1849081.0516622523,10
-1217585.81903527,1849081.0516622523,10
-1217122.5063187426,1849081.0516622523,10
-1216659.193602215,1849081.0516622523,10
-1216195.8808856877,1849081.0516622523,10
-1215732.56816916,1849081.0516622523,10
-1215269.2554526327,1849081.0516622523,10
-1214805.942736105,1849081.0516622523,10
-1214342.6300195777,1849081.0516622523,10
-1213879.31730305,1849081.0516622523,10
-1213416.0045865227,1849081.0516622523,10
-1212952.691869995,1849081.0516622523,10
-1212489.3791534677,1849081.0516622523,10
-1212026.06643694,1849081.0516622523,10
-1211562.7537204125,1849081.0516622523,10
-1211099.4410038851,1849081.0516622523,10
-1210636.1282873575,1849081.0516622523,10
-1210172.8155708301,1849081.0516622523,10
-1209709.5028543025,1849081.0516622523,10
-1209246.1901377751,1849081.0516622523,10
-1208782.8774212475,1849081.0516622523,10
-1208319.5647047202,1849081.0516622523,10
-1207856.2519881926,1849081.0516622523,10
-1207392.9392716652,1849081.0516622523,10
-1206929.6265551376,1849081.0516622523,10
-1206466.3138386102,1849081.0516622523,10
-1206003.0011220826,1849081.0516622523,10
-1205539.6884055552,1849081.0516622523,10
-1205076.3756890276,1849081.0516622523,10
-1204613.0629725,1849081.0516622523,10
-1204149.7502559726,1849081.0516622523,10
-1203686.4375394452,1849081.0516622523,10
-1203223.1248229176,1849081.0516622523,10
-1202759.81210639,1849081.0516622523,10
-1202296.4993898626,1849081.0516622523,10
-1201833.186673335,1849081.0516622523,10
-1201369.8739568077,1849081.0516622523,10
-1200906.56124028,1849081.0516622523,10
-1200443.2485237527,1849081.0516622523,10
-1199979.935807225,1849081.0516622523,10
-1199516.6230906977,1849081.0516622523,10
-1199053.31037417,1849081.0516622523,10
-1198589.9976576427,1849081.0516622523,10
-1198126.684941115,1849081.0516622523,10
-1197663.3722245875,1849081.0516622523,10
-1197200.05950806,1849081.0516622523,10
-1196736.7467915327,1849081.0516622523,10
-1196273.4340750051,1849081.0516622523,10
-1195810.1213584775,1849081.0516622523,10
-1195346.8086419501,1849081.0516622523,10
-1194883.4959254225,1849081.0516622523,10
-1194420.1832088951,1849081.0516622523,10
-1193956.8704923675,1849081.0516622523,10
-1193493.5577758402,1849081.0516622523,10
-1193030.2450593126,1849081.0516622523,10
-1192566.9323427852,1849081.0516622523,10
-1192103.6196262576,1849081.0516622523,10
-1191640.3069097302,1849081.0516622523,10
-1191176.9941932026,1849081.0516622523,10
-1190713.6814766752,1849081.0516622523,10
-1190250.3687601476,1849081.0516622523,10
-1189787.0560436202,1849081.0516622523,10
-1189323.7433270926,1849081.0516622523,10
-1188860.430610565,1849081.0516622523,10
-1188397.1178940376,1849081.0516622523,10
-1187933.80517751,1849081.0516622523,10
-1187470.4924609826,1849081.0516622523,10
-1187007.179744455,1849081.0516622523,10
-1186543.8670279277,1849081.0516622523,10
-1186080.5543114,1849081.0516622523,10
-1185617.2415948727,1849081.0516622523,10
-1185153.928878345,1849081.0516622523,10
-1184690.6161618177,1849081.0516622523,10
-1184227.30344529,1849081.0516622523,10
-1183763.9907287627,1849081.0516622523,10
-1183300.678012235,1849081.0516622523,10
-1182837.3652957077,1849081.0516622523,10
-1182374.05257918,1849081.0516622523,10
-1181910.7398626525,1849081.0516622523,10
-1181447.4271461251,1849081.0516622523,10
-1180984.1144295975,1849081.0516622523,10
-1180520.8017130701,1849081.0516622523,10
-1180057.4889965425,1849081.0516622523,10
-1179594.1762800151,1849081.0516622523,10
-1179130.8635634875,1849081.0516622523,10
-1178667.5508469602,1849081.0516622523,10
-1178204.2381304326,1849081.0516622523,10
-1177740.9254139052,1849081.0516622523,10
-1177277.6126973776,1849081.0516622523,10
-1176814.2999808502,1849081.0516622523,10
-1176350.9872643226,1849081.0516622523,10
-1175887.6745477952,1849081.0516622523,10
-1175424.3618312676,1849081.0516622523,10
-1174961.04911474,1849081.0516622523,10
-1174497.7363982126,1849081.0516622523,10
-1174034.4236816852,1849081.0516622523,10
-1173571.1109651576,1849081.0516622523,10
-1173107.79824863,1849081.0516622523,10
-1172644.4855321026,1849081.0516622523,10
-1172181.172815575,1849081.0516622523,10
-1171717.8600990477,1849081.0516622523,10
-1171254.54738252,1849081.0516622523,10
-1170791.2346659927,1849081.0516622523,10
-1170327.921949465,1849081.0516622523,10
-1169864.6092329377,1849081.0516622523,10
-1169401.29651641,1849081.0516622523,10
-1168937.9837998827,1849081.0516622523,10
-1168474.671083355,1849081.0516622523,10
-1168011.3583668275,1849081.0516622523,10
-1167548.0456503,1849081.0516622523,10
-1167084.7329337727,1849081.0516622523,10
-1166621.4202172451,1849081.0516622523,10
-1166158.1075007175,1849081.0516622523,10
-1165694.7947841901,1849081.0516622523,10
-1165231.4820676625,1849081.0516622523,10
-1164768.1693511351,1849081.0516622523,10
-1164304.8566346075,1849081.0516622523,10
-1163841.5439180802,1849081.0516622523,10
-1163378.2312015526,1849081.0516622523,10
-1162914.9184850252,1849081.0516622523,10
-1162451.6057684976,1849081.0516622523,10
-1161988.2930519702,1849081.0516622523,10
-1161524.9803354426,1849081.0516622523,10
-1161061.6676189152,1849081.0516622523,10
-1160598.3549023876,1849081.0516622523,10
-1160135.0421858602,1849081.0516622523,10
-1159671.7294693326,1849081.0516622523,10
-1159208.416752805,1849081.0516622523,10
-1360286.13572574,1848617.7389457247,10
-1359822.8230092125,1848617.7389457247,10
-1359359.5102926851,1848617.7389457247,10
-1358896.1975761575,1848617.7389457247,10
-1358432.8848596301,1848617.7389457247,10
-1357969.5721431025,1848617.7389457247,10
-1357506.2594265752,1848617.7389457247,10
-1357042.9467100475,1848617.7389457247,10
-1356579.6339935202,1848617.7389457247,10
-1356116.3212769926,1848617.7389457247,10
-1355653.0085604652,1848617.7389457247,10
-1355189.6958439376,1848617.7389457247,10
-1354726.3831274102,1848617.7389457247,10
-1354263.0704108826,1848617.7389457247,10
-1353799.7576943552,1848617.7389457247,10
-1353336.4449778276,1848617.7389457247,10
-1352873.1322613002,1848617.7389457247,10
-1352409.8195447726,1848617.7389457247,10
-1351946.506828245,1848617.7389457247,10
-1351483.1941117176,1848617.7389457247,10
-1351019.88139519,1848617.7389457247,10
-1350556.5686786626,1848617.7389457247,10
-1350093.255962135,1848617.7389457247,10
-1349629.9432456077,1848617.7389457247,10
-1349166.63052908,1848617.7389457247,10
-1348703.3178125527,1848617.7389457247,16
-1348240.005096025,1848617.7389457247,10
-1347776.6923794977,1848617.7389457247,16
-1347313.37966297,1848617.7389457247,16
-1346850.0669464427,1848617.7389457247,10
-1346386.754229915,1848617.7389457247,10
-1345923.4415133877,1848617.7389457247,10
-1345460.12879686,1848617.7389457247,16
-1344996.8160803327,1848617.7389457247,16
-1344533.5033638051,1848617.7389457247,16
-1344070.1906472775,1848617.7389457247,16
-1343606.8779307501,1848617.7389457247,16
-1343143.5652142225,1848617.7389457247,16
-1342680.2524976952,1848617.7389457247,16
-1342216.9397811675,1848617.7389457247,16
-1341753.6270646402,1848617.7389457247,16
-1341290.3143481126,1848617.7389457247,16
-1340827.0016315852,1848617.7389457247,16
-1340363.6889150576,1848617.7389457247,16
-1339900.3761985302,1848617.7389457247,16
-1339437.0634820026,1848617.7389457247,16
-1338973.7507654752,1848617.7389457247,10
-1338510.4380489476,1848617.7389457247,10
-1338047.1253324202,1848617.7389457247,10
-1337583.8126158926,1848617.7389457247,10
-1337120.499899365,1848617.7389457247,10
-1336657.1871828376,1848617.7389457247,10
-1336193.87446631,1848617.7389457247,10
-1335730.5617497826,1848617.7389457247,10
-1335267.249033255,1848617.7389457247,16
-1334803.9363167277,1848617.7389457247,16
-1334340.6236002,1848617.7389457247,16
-1333877.3108836727,1848617.7389457247,16
-1333413.998167145,1848617.7389457247,16
-1332950.6854506177,1848617.7389457247,16
-1332487.37273409,1848617.7389457247,16
-1332024.0600175627,1848617.7389457247,16
-1331560.747301035,1848617.7389457247,16
-1331097.4345845077,1848617.7389457247,16
-1330634.12186798,1848617.7389457247,10
-1330170.8091514525,1848617.7389457247,10
-1329707.4964349251,1848617.7389457247,16
-1329244.1837183975,1848617.7389457247,16
-1328780.8710018701,1848617.7389457247,16
-1328317.5582853425,1848617.7389457247,16
-1327854.2455688152,1848617.7389457247,16
-1327390.9328522875,1848617.7389457247,16
-1326927.6201357602,1848617.7389457247,16
-1326464.3074192326,1848617.7389457247,16
-1326000.9947027052,1848617.7389457247,16
-1325537.6819861776,1848617.7389457247,16
-1325074.3692696502,1848617.7389457247,16
-1324611.0565531226,1848617.7389457247,16
-1324147.7438365952,1848617.7389457247,16
-1323684.4311200676,1848617.7389457247,16
-1323221.11840354,1848617.7389457247,16
-1322757.8056870126,1848617.7389457247,10
-1322294.492970485,1848617.7389457247,10
-1321831.1802539576,1848617.7389457247,10
-1321367.86753743,1848617.7389457247,10
-1320904.5548209026,1848617.7389457247,10
-1320441.242104375,1848617.7389457247,10
-1319977.9293878477,1848617.7389457247,10
-1319514.61667132,1848617.7389457247,10
-1319051.3039547927,1848617.7389457247,10
-1318587.991238265,1848617.7389457247,10
-1318124.6785217377,1848617.7389457247,10
-1317661.36580521,1848617.7389457247,10
-1317198.0530886827,1848617.7389457247,10
-1316734.740372155,1848617.7389457247,10
-1316271.4276556277,1848617.7389457247,16
-1315808.1149391,1848617.7389457247,16
-1315344.8022225727,1848617.7389457247,16
-1314881.4895060451,1848617.7389457247,16
-1314418.1767895175,1848617.7389457247,16
-1313954.8640729901,1848617.7389457247,16
-1313491.5513564625,1848617.7389457247,16
-1313028.2386399352,1848617.7389457247,16
-1312564.9259234075,1848617.7389457247,16
-1312101.6132068802,1848617.7389457247,16
-1311638.3004903526,1848617.7389457247,16
-1311174.9877738252,1848617.7389457247,16
-1310711.6750572976,1848617.7389457247,16
-1310248.3623407702,1848617.7389457247,16
-1309785.0496242426,1848617.7389457247,16
-1309321.7369077152,1848617.7389457247,16
-1308858.4241911876,1848617.7389457247,16
-1308395.1114746602,1848617.7389457247,16
-1307931.7987581326,1848617.7389457247,16
-1307468.486041605,1848617.7389457247,10
-1307005.1733250776,1848617.7389457247,10
-1306541.86060855,1848617.7389457247,7
-1306078.5478920226,1848617.7389457247,7
-1305615.235175495,1848617.7389457247,16
-1305151.9224589677,1848617.7389457247,16
-1304688.60974244,1848617.7389457247,16
-1304225.2970259127,1848617.7389457247,16
-1303761.984309385,1848617.7389457247,16
-1303298.6715928577,1848617.7389457247,16
-1302835.35887633,1848617.7389457247,16
-1302372.0461598027,1848617.7389457247,16
-1301908.733443275,1848617.7389457247,16
-1301445.4207267477,1848617.7389457247,16
-1300982.10801022,1848617.7389457247,16
-1300518.7952936925,1848617.7389457247,16
-1300055.4825771651,1848617.7389457247,10
-1299592.1698606375,1848617.7389457247,16
-1299128.8571441101,1848617.7389457247,16
-1298665.5444275825,1848617.7389457247,16
-1298202.2317110552,1848617.7389457247,16
-1297738.9189945275,1848617.7389457247,16
-1297275.6062780002,1848617.7389457247,16
-1296812.2935614726,1848617.7389457247,16
-1296348.9808449452,1848617.7389457247,16
-1295885.6681284176,1848617.7389457247,16
-1295422.3554118902,1848617.7389457247,16
-1294959.0426953626,1848617.7389457247,16
-1294495.7299788352,1848617.7389457247,16
-1294032.4172623076,1848617.7389457247,16
-1293569.10454578,1848617.7389457247,10
-1293105.7918292526,1848617.7389457247,10
-1292642.479112725,1848617.7389457247,10
-1292179.1663961976,1848617.7389457247,10
-1291715.85367967,1848617.7389457247,10
-1291252.5409631426,1848617.7389457247,10
-1290789.228246615,1848617.7389457247,10
-1290325.9155300877,1848617.7389457247,10
-1289862.60281356,1848617.7389457247,10
-1289399.2900970327,1848617.7389457247,10
-1288935.977380505,1848617.7389457247,10
-1288472.6646639777,1848617.7389457247,10
-1288009.35194745,1848617.7389457247,10
-1287546.0392309227,1848617.7389457247,10
-1287082.726514395,1848617.7389457247,10
-1286619.4137978677,1848617.7389457247,10
-1286156.10108134,1848617.7389457247,10
-1285692.7883648127,1848617.7389457247,10
-1285229.4756482851,1848617.7389457247,10
-1284766.1629317575,1848617.7389457247,10
-1284302.8502152301,1848617.7389457247,10
-1283839.5374987025,1848617.7389457247,10
-1283376.2247821752,1848617.7389457247,10
-1282912.9120656475,1848617.7389457247,10
-1282449.5993491202,1848617.7389457247,10
-1281986.2866325926,1848617.7389457247,10
-1281522.9739160652,1848617.7389457247,10
-1281059.6611995376,1848617.7389457247,10
-1280596.3484830102,1848617.7389457247,10
-1280133.0357664826,1848617.7389457247,10
-1279669.7230499552,1848617.7389457247,10
-1279206.4103334276,1848617.7389457247,10
-1278743.0976169002,1848617.7389457247,10
-1278279.7849003726,1848617.7389457247,10
-1277816.472183845,1848617.7389457247,10
-1277353.1594673176,1848617.7389457247,10
-1276889.84675079,1848617.7389457247,10
-1276426.5340342626,1848617.7389457247,10
-1275963.221317735,1848617.7389457247,10
-1275499.9086012077,1848617.7389457247,10
-1275036.59588468,1848617.7389457247,10
-1274573.2831681527,1848617.7389457247,10
-1274109.970451625,1848617.7389457247,10
-1273646.6577350977,1848617.7389457247,10
-1273183.34501857,1848617.7389457247,10
-1272720.0323020427,1848617.7389457247,10
-1272256.719585515,1848617.7389457247,10
-1271793.4068689877,1848617.7389457247,10
-1271330.09415246,1848617.7389457247,10
-1270866.7814359325,1848617.7389457247,10
-1270403.4687194051,1848617.7389457247,10
-1269940.1560028775,1848617.7389457247,10
-1269476.8432863501,1848617.7389457247,10
-1269013.5305698225,1848617.7389457247,10
-1268550.2178532952,1848617.7389457247,10
-1268086.9051367675,1848617.7389457247,10
-1267623.5924202402,1848617.7389457247,10
-1267160.2797037126,1848617.7389457247,10
-1266696.9669871852,1848617.7389457247,10
-1266233.6542706576,1848617.7389457247,10
-1265770.3415541302,1848617.7389457247,10
-1265307.0288376026,1848617.7389457247,10
-1264843.7161210752,1848617.7389457247,10
-1264380.4034045476,1848617.7389457247,10
-1263917.09068802,1848617.7389457247,10
-1263453.7779714926,1848617.7389457247,10
-1262990.465254965,1848617.7389457247,10
-1262527.1525384376,1848617.7389457247,10
-1262063.83982191,1848617.7389457247,10
-1261600.5271053826,1848617.7389457247,10
-1261137.214388855,1848617.7389457247,10
-1260673.9016723277,1848617.7389457247,10
-1260210.5889558,1848617.7389457247,10
-1259747.2762392727,1848617.7389457247,10
-1259283.963522745,1848617.7389457247,10
-1258820.6508062177,1848617.7389457247,10
-1258357.33808969,1848617.7389457247,10
-1257894.0253731627,1848617.7389457247,10
-1257430.712656635,1848617.7389457247,10
-1256967.3999401077,1848617.7389457247,10
-1256504.08722358,1848617.7389457247,10
-1256040.7745070527,1848617.7389457247,10
-1255577.4617905251,1848617.7389457247,10
-1255114.1490739975,1848617.7389457247,10
-1254650.8363574701,1848617.7389457247,10
-1254187.5236409425,1848617.7389457247,10
-1253724.2109244152,1848617.7389457247,10
-1253260.8982078875,1848617.7389457247,10
-1252797.5854913602,1848617.7389457247,10
-1252334.2727748326,1848617.7389457247,10
-1251870.9600583052,1848617.7389457247,10
-1251407.6473417776,1848617.7389457247,10
-1250944.3346252502,1848617.7389457247,10
-1250481.0219087226,1848617.7389457247,10
-1250017.7091921952,1848617.7389457247,10
-1249554.3964756676,1848617.7389457247,10
-1249091.0837591402,1848617.7389457247,10
-1248627.7710426126,1848617.7389457247,10
-1248164.458326085,1848617.7389457247,10
-1247701.1456095576,1848617.7389457247,10
-1247237.83289303,1848617.7389457247,10
-1246774.5201765026,1848617.7389457247,10
-1246311.207459975,1848617.7389457247,10
-1245847.8947434477,1848617.7389457247,10
-1245384.58202692,1848617.7389457247,10
-1244921.2693103927,1848617.7389457247,10
-1244457.956593865,1848617.7389457247,10
-1243994.6438773377,1848617.7389457247,10
-1243531.33116081,1848617.7389457247,10
-1243068.0184442827,1848617.7389457247,10
-1242604.705727755,1848617.7389457247,10
-1242141.3930112277,1848617.7389457247,10
-1241678.0802947,1848617.7389457247,10
-1241214.7675781725,1848617.7389457247,10
-1240751.4548616451,1848617.7389457247,10
-1240288.1421451175,1848617.7389457247,10
-1239824.8294285901,1848617.7389457247,10
-1239361.5167120625,1848617.7389457247,10
-1238898.2039955352,1848617.7389457247,10
-1238434.8912790075,1848617.7389457247,10
-1237971.5785624802,1848617.7389457247,10
-1237508.2658459526,1848617.7389457247,10
-1237044.9531294252,1848617.7389457247,10
-1236581.6404128976,1848617.7389457247,10
-1236118.3276963702,1848617.7389457247,10
-1235655.0149798426,1848617.7389457247,10
-1235191.7022633152,1848617.7389457247,10
-1234728.3895467876,1848617.7389457247,10
-1234265.07683026,1848617.7389457247,10
-1233801.7641137326,1848617.7389457247,10
-1233338.4513972052,1848617.7389457247,10
-1232875.1386806776,1848617.7389457247,10
-1232411.82596415,1848617.7389457247,10
-1231948.5132476226,1848617.7389457247,10
-1231485.200531095,1848617.7389457247,10
-1231021.8878145677,1848617.7389457247,10
-1230558.57509804,1848617.7389457247,10
-1230095.2623815127,1848617.7389457247,10
-1229631.949664985,1848617.7389457247,10
-1229168.6369484577,1848617.7389457247,10
-1228705.32423193,1848617.7389457247,10
-1228242.0115154027,1848617.7389457247,10
-1227778.698798875,1848617.7389457247,10
-1227315.3860823475,1848617.7389457247,10
-1226852.07336582,1848617.7389457247,10
-1226388.7606492927,1848617.7389457247,10
-1225925.4479327651,1848617.7389457247,10
-1225462.1352162375,1848617.7389457247,10
-1224998.8224997101,1848617.7389457247,10
-1224535.5097831825,1848617.7389457247,10
-1224072.1970666551,1848617.7389457247,10
-1223608.8843501275,1848617.7389457247,10
-1223145.5716336002,1848617.7389457247,10
-1222682.2589170726,1848617.7389457247,10
-1222218.9462005452,1848617.7389457247,10
-1221755.6334840176,1848617.7389457247,10
-1221292.3207674902,1848617.7389457247,10
-1220829.0080509626,1848617.7389457247,10
-1220365.6953344352,1848617.7389457247,10
-1219902.3826179076,1848617.7389457247,10
-1219439.0699013802,1848617.7389457247,10
-1218975.7571848526,1848617.7389457247,10
-1218512.444468325,1848617.7389457247,10
-1218049.1317517976,1848617.7389457247,10
-1217585.81903527,1848617.7389457247,10
-1217122.5063187426,1848617.7389457247,10
-1216659.193602215,1848617.7389457247,10
-1216195.8808856877,1848617.7389457247,10
-1215732.56816916,1848617.7389457247,10
-1215269.2554526327,1848617.7389457247,10
-1214805.942736105,1848617.7389457247,10
-1214342.6300195777,1848617.7389457247,10
-1213879.31730305,1848617.7389457247,10
-1213416.0045865227,1848617.7389457247,10
-1212952.691869995,1848617.7389457247,10
-1212489.3791534677,1848617.7389457247,10
-1212026.06643694,1848617.7389457247,10
-1211562.7537204125,1848617.7389457247,10
-1211099.4410038851,1848617.7389457247,10
-1210636.1282873575,1848617.7389457247,10
-1210172.8155708301,1848617.7389457247,10
-1209709.5028543025,1848617.7389457247,10
-1209246.1901377751,1848617.7389457247,10
-1208782.8774212475,1848617.7389457247,10
-1208319.5647047202,1848617.7389457247,10
-1207856.2519881926,1848617.7389457247,10
-1207392.9392716652,1848617.7389457247,10
-1206929.6265551376,1848617.7389457247,10
-1206466.3138386102,1848617.7389457247,10
-1206003.0011220826,1848617.7389457247,10
-1205539.6884055552,1848617.7389457247,10
-1205076.3756890276,1848617.7389457247,10
-1204613.0629725,1848617.7389457247,10
-1204149.7502559726,1848617.7389457247,10
-1203686.4375394452,1848617.7389457247,10
-1203223.1248229176,1848617.7389457247,10
-1202759.81210639,1848617.7389457247,10
-1202296.4993898626,1848617.7389457247,10
-1201833.186673335,1848617.7389457247,10
-1201369.8739568077,1848617.7389457247,10
-1200906.56124028,1848617.7389457247,10
-1200443.2485237527,1848617.7389457247,10
-1199979.935807225,1848617.7389457247,10
-1199516.6230906977,1848617.7389457247,10
-1199053.31037417,1848617.7389457247,10
-1198589.9976576427,1848617.7389457247,10
-1198126.684941115,1848617.7389457247,10
-1197663.3722245875,1848617.7389457247,10
-1197200.05950806,1848617.7389457247,10
-1196736.7467915327,1848617.7389457247,10
-1196273.4340750051,1848617.7389457247,10
-1195810.1213584775,1848617.7389457247,10
-1195346.8086419501,1848617.7389457247,10
-1194883.4959254225,1848617.7389457247,10
-1194420.1832088951,1848617.7389457247,10
-1193956.8704923675,1848617.7389457247,10
-1193493.5577758402,1848617.7389457247,10
-1193030.2450593126,1848617.7389457247,10
-1192566.9323427852,1848617.7389457247,10
-1192103.6196262576,1848617.7389457247,10
-1191640.3069097302,1848617.7389457247,10
-1191176.9941932026,1848617.7389457247,10
-1190713.6814766752,1848617.7389457247,10
-1190250.3687601476,1848617.7389457247,10
-1189787.0560436202,1848617.7389457247,10
-1189323.7433270926,1848617.7389457247,10
-1188860.430610565,1848617.7389457247,10
-1188397.1178940376,1848617.7389457247,10
-1187933.80517751,1848617.7389457247,10
-1187470.4924609826,1848617.7389457247,10
-1187007.179744455,1848617.7389457247,10
-1186543.8670279277,1848617.7389457247,10
-1186080.5543114,1848617.7389457247,10
-1185617.2415948727,1848617.7389457247,10
-1185153.928878345,1848617.7389457247,10
-1184690.6161618177,1848617.7389457247,10
-1184227.30344529,1848617.7389457247,10
-1183763.9907287627,1848617.7389457247,10
-1183300.678012235,1848617.7389457247,10
-1182837.3652957077,1848617.7389457247,10
-1182374.05257918,1848617.7389457247,10
-1181910.7398626525,1848617.7389457247,10
-1181447.4271461251,1848617.7389457247,10
-1180984.1144295975,1848617.7389457247,10
-1180520.8017130701,1848617.7389457247,10
-1180057.4889965425,1848617.7389457247,10
-1179594.1762800151,1848617.7389457247,10
-1179130.8635634875,1848617.7389457247,10
-1178667.5508469602,1848617.7389457247,10
-1178204.2381304326,1848617.7389457247,10
-1177740.9254139052,1848617.7389457247,10
-1177277.6126973776,1848617.7389457247,10
-1176814.2999808502,1848617.7389457247,10
-1176350.9872643226,1848617.7389457247,10
-1175887.6745477952,1848617.7389457247,10
-1175424.3618312676,1848617.7389457247,10
-1174961.04911474,1848617.7389457247,10
-1174497.7363982126,1848617.7389457247,10
-1174034.4236816852,1848617.7389457247,10
-1173571.1109651576,1848617.7389457247,10
-1173107.79824863,1848617.7389457247,10
-1172644.4855321026,1848617.7389457247,10
-1172181.172815575,1848617.7389457247,10
-1171717.8600990477,1848617.7389457247,10
-1171254.54738252,1848617.7389457247,10
-1170791.2346659927,1848617.7389457247,10
-1170327.921949465,1848617.7389457247,10
-1169864.6092329377,1848617.7389457247,10
-1169401.29651641,1848617.7389457247,10
-1168937.9837998827,1848617.7389457247,10
-1168474.671083355,1848617.7389457247,10
-1168011.3583668275,1848617.7389457247,10
-1167548.0456503,1848617.7389457247,10
-1167084.7329337727,1848617.7389457247,10
-1166621.4202172451,1848617.7389457247,10
-1166158.1075007175,1848617.7389457247,10
-1165694.7947841901,1848617.7389457247,10
-1165231.4820676625,1848617.7389457247,10
-1164768.1693511351,1848617.7389457247,10
-1164304.8566346075,1848617.7389457247,10
-1163841.5439180802,1848617.7389457247,10
-1163378.2312015526,1848617.7389457247,10
-1162914.9184850252,1848617.7389457247,10
-1162451.6057684976,1848617.7389457247,10
-1161988.2930519702,1848617.7389457247,10
-1161524.9803354426,1848617.7389457247,10
-1161061.6676189152,1848617.7389457247,10
-1160598.3549023876,1848617.7389457247,10
-1160135.0421858602,1848617.7389457247,10
-1159671.7294693326,1848617.7389457247,10
-1159208.416752805,1848617.7389457247,10
-1158745.1040362776,1848617.7389457247,10
-1158281.79131975,1848617.7389457247,10
-1360286.13572574,1848154.4262291973,10
-1359822.8230092125,1848154.4262291973,10
-1359359.5102926851,1848154.4262291973,10
-1358896.1975761575,1848154.4262291973,10
-1358432.8848596301,1848154.4262291973,10
-1357969.5721431025,1848154.4262291973,10
-1357506.2594265752,1848154.4262291973,10
-1357042.9467100475,1848154.4262291973,10
-1356579.6339935202,1848154.4262291973,10
-1356116.3212769926,1848154.4262291973,10
-1355653.0085604652,1848154.4262291973,10
-1355189.6958439376,1848154.4262291973,10
-1354726.3831274102,1848154.4262291973,10
-1354263.0704108826,1848154.4262291973,10
-1353799.7576943552,1848154.4262291973,10
-1353336.4449778276,1848154.4262291973,10
-1352873.1322613002,1848154.4262291973,16
-1352409.8195447726,1848154.4262291973,10
-1351946.506828245,1848154.4262291973,16
-1351483.1941117176,1848154.4262291973,16
-1351019.88139519,1848154.4262291973,10
-1350556.5686786626,1848154.4262291973,10
-1350093.255962135,1848154.4262291973,10
-1349629.9432456077,1848154.4262291973,10
-1349166.63052908,1848154.4262291973,16
-1348703.3178125527,1848154.4262291973,16
-1348240.005096025,1848154.4262291973,16
-1347776.6923794977,1848154.4262291973,16
-1347313.37966297,1848154.4262291973,16
-1346850.0669464427,1848154.4262291973,16
-1346386.754229915,1848154.4262291973,16
-1345923.4415133877,1848154.4262291973,16
-1345460.12879686,1848154.4262291973,16
-1344996.8160803327,1848154.4262291973,16
-1344533.5033638051,1848154.4262291973,16
-1344070.1906472775,1848154.4262291973,16
-1343606.8779307501,1848154.4262291973,16
-1343143.5652142225,1848154.4262291973,16
-1342680.2524976952,1848154.4262291973,16
-1342216.9397811675,1848154.4262291973,16
-1341753.6270646402,1848154.4262291973,16
-1341290.3143481126,1848154.4262291973,16
-1340827.0016315852,1848154.4262291973,16
-1340363.6889150576,1848154.4262291973,16
-1339900.3761985302,1848154.4262291973,16
-1339437.0634820026,1848154.4262291973,16
-1338973.7507654752,1848154.4262291973,10
-1338510.4380489476,1848154.4262291973,10
-1338047.1253324202,1848154.4262291973,10
-1337583.8126158926,1848154.4262291973,10
-1337120.499899365,1848154.4262291973,10
-1336657.1871828376,1848154.4262291973,10
-1336193.87446631,1848154.4262291973,10
-1335730.5617497826,1848154.4262291973,10
-1335267.249033255,1848154.4262291973,16
-1334803.9363167277,1848154.4262291973,16
-1334340.6236002,1848154.4262291973,16
-1333877.3108836727,1848154.4262291973,16
-1333413.998167145,1848154.4262291973,16
-1332950.6854506177,1848154.4262291973,16
-1332487.37273409,1848154.4262291973,16
-1332024.0600175627,1848154.4262291973,16
-1331560.747301035,1848154.4262291973,16
-1331097.4345845077,1848154.4262291973,16
-1330634.12186798,1848154.4262291973,10
-1330170.8091514525,1848154.4262291973,10
-1329707.4964349251,1848154.4262291973,10
-1329244.1837183975,1848154.4262291973,10
-1328780.8710018701,1848154.4262291973,16
-1328317.5582853425,1848154.4262291973,16
-1327854.2455688152,1848154.4262291973,16
-1327390.9328522875,1848154.4262291973,16
-1326927.6201357602,1848154.4262291973,16
-1326464.3074192326,1848154.4262291973,16
-1326000.9947027052,1848154.4262291973,16
-1325537.6819861776,1848154.4262291973,16
-1325074.3692696502,1848154.4262291973,16
-1324611.0565531226,1848154.4262291973,16
-1324147.7438365952,1848154.4262291973,16
-1323684.4311200676,1848154.4262291973,16
-1323221.11840354,1848154.4262291973,16
-1322757.8056870126,1848154.4262291973,10
-1322294.492970485,1848154.4262291973,10
-1321831.1802539576,1848154.4262291973,10
-1321367.86753743,1848154.4262291973,10
-1320904.5548209026,1848154.4262291973,10
-1320441.242104375,1848154.4262291973,10
-1319977.9293878477,1848154.4262291973,10
-1319514.61667132,1848154.4262291973,16
-1319051.3039547927,1848154.4262291973,10
-1318587.991238265,1848154.4262291973,16
-1318124.6785217377,1848154.4262291973,16
-1317661.36580521,1848154.4262291973,16
-1317198.0530886827,1848154.4262291973,16
-1316734.740372155,1848154.4262291973,16
-1316271.4276556277,1848154.4262291973,16
-1315808.1149391,1848154.4262291973,16
-1315344.8022225727,1848154.4262291973,16
-1314881.4895060451,1848154.4262291973,16
-1314418.1767895175,1848154.4262291973,16
-1313954.8640729901,1848154.4262291973,16
-1313491.5513564625,1848154.4262291973,16
-1313028.2386399352,1848154.4262291973,16
-1312564.9259234075,1848154.4262291973,16
-1312101.6132068802,1848154.4262291973,16
-1311638.3004903526,1848154.4262291973,16
-1311174.9877738252,1848154.4262291973,16
-1310711.6750572976,1848154.4262291973,16
-1310248.3623407702,1848154.4262291973,16
-1309785.0496242426,1848154.4262291973,16
-1309321.7369077152,1848154.4262291973,16
-1308858.4241911876,1848154.4262291973,16
-1308395.1114746602,1848154.4262291973,16
-1307931.7987581326,1848154.4262291973,16
-1307468.486041605,1848154.4262291973,10
-1307005.1733250776,1848154.4262291973,10
-1306541.86060855,1848154.4262291973,7
-1306078.5478920226,1848154.4262291973,10
-1305615.235175495,1848154.4262291973,16
-1305151.9224589677,1848154.4262291973,16
-1304688.60974244,1848154.4262291973,16
-1304225.2970259127,1848154.4262291973,16
-1303761.984309385,1848154.4262291973,16
-1303298.6715928577,1848154.4262291973,16
-1302835.35887633,1848154.4262291973,16
-1302372.0461598027,1848154.4262291973,16
-1301908.733443275,1848154.4262291973,16
-1301445.4207267477,1848154.4262291973,16
-1300982.10801022,1848154.4262291973,16
-1300518.7952936925,1848154.4262291973,16
-1300055.4825771651,1848154.4262291973,16
-1299592.1698606375,1848154.4262291973,16
-1299128.8571441101,1848154.4262291973,16
-1298665.5444275825,1848154.4262291973,16
-1298202.2317110552,1848154.4262291973,16
-1297738.9189945275,1848154.4262291973,16
-1297275.6062780002,1848154.4262291973,16
-1296812.2935614726,1848154.4262291973,16
-1296348.9808449452,1848154.4262291973,16
-1295885.6681284176,1848154.4262291973,16
-1295422.3554118902,1848154.4262291973,16
-1294959.0426953626,1848154.4262291973,16
-1294495.7299788352,1848154.4262291973,16
-1294032.4172623076,1848154.4262291973,10
-1293569.10454578,1848154.4262291973,10
-1293105.7918292526,1848154.4262291973,10
-1292642.479112725,1848154.4262291973,10
-1292179.1663961976,1848154.4262291973,10
-1291715.85367967,1848154.4262291973,10
-1291252.5409631426,1848154.4262291973,10
-1290789.228246615,1848154.4262291973,10
-1290325.9155300877,1848154.4262291973,10
-1289862.60281356,1848154.4262291973,10
-1289399.2900970327,1848154.4262291973,10
-1288935.977380505,1848154.4262291973,7
-1288472.6646639777,1848154.4262291973,7
-1288009.35194745,1848154.4262291973,7
-1287546.0392309227,1848154.4262291973,10
-1287082.726514395,1848154.4262291973,10
-1286619.4137978677,1848154.4262291973,10
-1286156.10108134,1848154.4262291973,10
-1285692.7883648127,1848154.4262291973,10
-1285229.4756482851,1848154.4262291973,10
-1284766.1629317575,1848154.4262291973,10
-1284302.8502152301,1848154.4262291973,10
-1283839.5374987025,1848154.4262291973,10
-1283376.2247821752,1848154.4262291973,10
-1282912.9120656475,1848154.4262291973,10
-1282449.5993491202,1848154.4262291973,10
-1281986.2866325926,1848154.4262291973,10
-1281522.9739160652,1848154.4262291973,10
-1281059.6611995376,1848154.4262291973,10
-1280596.3484830102,1848154.4262291973,10
-1280133.0357664826,1848154.4262291973,10
-1279669.7230499552,1848154.4262291973,10
-1279206.4103334276,1848154.4262291973,10
-1278743.0976169002,1848154.4262291973,10
-1278279.7849003726,1848154.4262291973,10
-1277816.472183845,1848154.4262291973,10
-1277353.1594673176,1848154.4262291973,10
-1276889.84675079,1848154.4262291973,10
-1276426.5340342626,1848154.4262291973,10
-1275963.221317735,1848154.4262291973,10
-1275499.9086012077,1848154.4262291973,10
-1275036.59588468,1848154.4262291973,10
-1274573.2831681527,1848154.4262291973,10
-1274109.970451625,1848154.4262291973,10
-1273646.6577350977,1848154.4262291973,10
-1273183.34501857,1848154.4262291973,10
-1272720.0323020427,1848154.4262291973,10
-1272256.719585515,1848154.4262291973,10
-1271793.4068689877,1848154.4262291973,10
-1271330.09415246,1848154.4262291973,10
-1270866.7814359325,1848154.4262291973,10
-1270403.4687194051,1848154.4262291973,10
-1269940.1560028775,1848154.4262291973,10
-1269476.8432863501,1848154.4262291973,10
-1269013.5305698225,1848154.4262291973,10
-1268550.2178532952,1848154.4262291973,10
-1268086.9051367675,1848154.4262291973,10
-1267623.5924202402,1848154.4262291973,10
-1267160.2797037126,1848154.4262291973,10
-1266696.9669871852,1848154.4262291973,10
-1266233.6542706576,1848154.4262291973,10
-1265770.3415541302,1848154.4262291973,10
-1265307.0288376026,1848154.4262291973,10
-1264843.7161210752,1848154.4262291973,10
-1264380.4034045476,1848154.4262291973,10
-1263917.09068802,1848154.4262291973,10
-1263453.7779714926,1848154.4262291973,10
-1262990.465254965,1848154.4262291973,10
-1262527.1525384376,1848154.4262291973,10
-1262063.83982191,1848154.4262291973,10
-1261600.5271053826,1848154.4262291973,10
-1261137.214388855,1848154.4262291973,10
-1260673.9016723277,1848154.4262291973,10
-1260210.5889558,1848154.4262291973,10
-1259747.2762392727,1848154.4262291973,10
-1259283.963522745,1848154.4262291973,10
-1258820.6508062177,1848154.4262291973,10
-1258357.33808969,1848154.4262291973,10
-1257894.0253731627,1848154.4262291973,10
-1257430.712656635,1848154.4262291973,10
-1256967.3999401077,1848154.4262291973,10
-1256504.08722358,1848154.4262291973,10
-1256040.7745070527,1848154.4262291973,10
-1255577.4617905251,1848154.4262291973,7
-1255114.1490739975,1848154.4262291973,10
-1254650.8363574701,1848154.4262291973,7
-1254187.5236409425,1848154.4262291973,7
-1253724.2109244152,1848154.4262291973,7
-1253260.8982078875,1848154.4262291973,10
-1252797.5854913602,1848154.4262291973,10
-1252334.2727748326,1848154.4262291973,10
-1251870.9600583052,1848154.4262291973,10
-1251407.6473417776,1848154.4262291973,10
-1250944.3346252502,1848154.4262291973,10
-1250481.0219087226,1848154.4262291973,10
-1250017.7091921952,1848154.4262291973,10
-1249554.3964756676,1848154.4262291973,10
-1249091.0837591402,1848154.4262291973,10
-1248627.7710426126,1848154.4262291973,10
-1248164.458326085,1848154.4262291973,10
-1247701.1456095576,1848154.4262291973,10
-1247237.83289303,1848154.4262291973,10
-1246774.5201765026,1848154.4262291973,10
-1246311.207459975,1848154.4262291973,10
-1245847.8947434477,1848154.4262291973,10
-1245384.58202692,1848154.4262291973,10
-1244921.2693103927,1848154.4262291973,10
-1244457.956593865,1848154.4262291973,10
-1243994.6438773377,1848154.4262291973,10
-1243531.33116081,1848154.4262291973,10
-1243068.0184442827,1848154.4262291973,10
-1242604.705727755,1848154.4262291973,10
-1242141.3930112277,1848154.4262291973,10
-1241678.0802947,1848154.4262291973,10
-1241214.7675781725,1848154.4262291973,10
-1240751.4548616451,1848154.4262291973,10
-1240288.1421451175,1848154.4262291973,10
-1239824.8294285901,1848154.4262291973,10
-1239361.5167120625,1848154.4262291973,10
-1238898.2039955352,1848154.4262291973,10
-1238434.8912790075,1848154.4262291973,10
-1237971.5785624802,1848154.4262291973,10
-1237508.2658459526,1848154.4262291973,10
-1237044.9531294252,1848154.4262291973,10
-1236581.6404128976,1848154.4262291973,10
-1236118.3276963702,1848154.4262291973,10
-1235655.0149798426,1848154.4262291973,10
-1235191.7022633152,1848154.4262291973,10
-1234728.3895467876,1848154.4262291973,10
-1234265.07683026,1848154.4262291973,10
-1233801.7641137326,1848154.4262291973,10
-1233338.4513972052,1848154.4262291973,10
-1232875.1386806776,1848154.4262291973,10
-1232411.82596415,1848154.4262291973,10
-1231948.5132476226,1848154.4262291973,10
-1231485.200531095,1848154.4262291973,10
-1231021.8878145677,1848154.4262291973,10
-1230558.57509804,1848154.4262291973,10
-1230095.2623815127,1848154.4262291973,10
-1229631.949664985,1848154.4262291973,10
-1229168.6369484577,1848154.4262291973,10
-1228705.32423193,1848154.4262291973,10
-1228242.0115154027,1848154.4262291973,10
-1227778.698798875,1848154.4262291973,10
-1227315.3860823475,1848154.4262291973,10
-1226852.07336582,1848154.4262291973,10
-1226388.7606492927,1848154.4262291973,10
-1225925.4479327651,1848154.4262291973,10
-1225462.1352162375,1848154.4262291973,10
-1224998.8224997101,1848154.4262291973,10
-1224535.5097831825,1848154.4262291973,10
-1224072.1970666551,1848154.4262291973,10
-1223608.8843501275,1848154.4262291973,10
-1223145.5716336002,1848154.4262291973,10
-1222682.2589170726,1848154.4262291973,10
-1222218.9462005452,1848154.4262291973,10
-1221755.6334840176,1848154.4262291973,10
-1221292.3207674902,1848154.4262291973,10
-1220829.0080509626,1848154.4262291973,10
-1220365.6953344352,1848154.4262291973,10
-1219902.3826179076,1848154.4262291973,10
-1219439.0699013802,1848154.4262291973,10
-1218975.7571848526,1848154.4262291973,10
-1218512.444468325,1848154.4262291973,10
-1218049.1317517976,1848154.4262291973,10
-1217585.81903527,1848154.4262291973,10
-1217122.5063187426,1848154.4262291973,10
-1216659.193602215,1848154.4262291973,10
-1216195.8808856877,1848154.4262291973,10
-1215732.56816916,1848154.4262291973,10
-1215269.2554526327,1848154.4262291973,10
-1214805.942736105,1848154.4262291973,10
-1214342.6300195777,1848154.4262291973,7
-1213879.31730305,1848154.4262291973,10
-1213416.0045865227,1848154.4262291973,10
-1212952.691869995,1848154.4262291973,10
-1212489.3791534677,1848154.4262291973,10
-1212026.06643694,1848154.4262291973,10
-1211562.7537204125,1848154.4262291973,10
-1211099.4410038851,1848154.4262291973,10
-1210636.1282873575,1848154.4262291973,10
-1210172.8155708301,1848154.4262291973,10
-1209709.5028543025,1848154.4262291973,10
-1209246.1901377751,1848154.4262291973,10
-1208782.8774212475,1848154.4262291973,10
-1208319.5647047202,1848154.4262291973,10
-1207856.2519881926,1848154.4262291973,10
-1207392.9392716652,1848154.4262291973,10
-1206929.6265551376,1848154.4262291973,10
-1206466.3138386102,1848154.4262291973,10
-1206003.0011220826,1848154.4262291973,10
-1205539.6884055552,1848154.4262291973,10
-1205076.3756890276,1848154.4262291973,10
-1204613.0629725,1848154.4262291973,10
-1204149.7502559726,1848154.4262291973,10
-1203686.4375394452,1848154.4262291973,10
-1203223.1248229176,1848154.4262291973,10
-1202759.81210639,1848154.4262291973,10
-1202296.4993898626,1848154.4262291973,10
-1201833.186673335,1848154.4262291973,10
-1201369.8739568077,1848154.4262291973,10
-1200906.56124028,1848154.4262291973,10
-1200443.2485237527,1848154.4262291973,10
-1199979.935807225,1848154.4262291973,10
-1199516.6230906977,1848154.4262291973,10
-1199053.31037417,1848154.4262291973,10
-1198589.9976576427,1848154.4262291973,10
-1198126.684941115,1848154.4262291973,10
-1197663.3722245875,1848154.4262291973,10
-1197200.05950806,1848154.4262291973,10
-1196736.7467915327,1848154.4262291973,10
-1196273.4340750051,1848154.4262291973,10
-1195810.1213584775,1848154.4262291973,10
-1195346.8086419501,1848154.4262291973,10
-1194883.4959254225,1848154.4262291973,10
-1194420.1832088951,1848154.4262291973,10
-1193956.8704923675,1848154.4262291973,10
-1193493.5577758402,1848154.4262291973,10
-1193030.2450593126,1848154.4262291973,10
-1192566.9323427852,1848154.4262291973,10
-1192103.6196262576,1848154.4262291973,10
-1191640.3069097302,1848154.4262291973,10
-1191176.9941932026,1848154.4262291973,10
-1190713.6814766752,1848154.4262291973,10
-1190250.3687601476,1848154.4262291973,10
-1189787.0560436202,1848154.4262291973,10
-1189323.7433270926,1848154.4262291973,10
-1188860.430610565,1848154.4262291973,10
-1188397.1178940376,1848154.4262291973,10
-1187933.80517751,1848154.4262291973,10
-1187470.4924609826,1848154.4262291973,10
-1187007.179744455,1848154.4262291973,10
-1186543.8670279277,1848154.4262291973,10
-1186080.5543114,1848154.4262291973,10
-1185617.2415948727,1848154.4262291973,10
-1185153.928878345,1848154.4262291973,10
-1184690.6161618177,1848154.4262291973,10
-1184227.30344529,1848154.4262291973,10
-1183763.9907287627,1848154.4262291973,10
-1183300.678012235,1848154.4262291973,10
-1182837.3652957077,1848154.4262291973,10
-1182374.05257918,1848154.4262291973,10
-1181910.7398626525,1848154.4262291973,10
-1181447.4271461251,1848154.4262291973,10
-1180984.1144295975,1848154.4262291973,10
-1180520.8017130701,1848154.4262291973,10
-1180057.4889965425,1848154.4262291973,10
-1179594.1762800151,1848154.4262291973,10
-1179130.8635634875,1848154.4262291973,10
-1178667.5508469602,1848154.4262291973,10
-1178204.2381304326,1848154.4262291973,10
-1177740.9254139052,1848154.4262291973,10
-1177277.6126973776,1848154.4262291973,10
-1176814.2999808502,1848154.4262291973,10
-1176350.9872643226,1848154.4262291973,10
-1175887.6745477952,1848154.4262291973,10
-1175424.3618312676,1848154.4262291973,10
-1174961.04911474,1848154.4262291973,10
-1174497.7363982126,1848154.4262291973,10
-1174034.4236816852,1848154.4262291973,10
-1173571.1109651576,1848154.4262291973,10
-1173107.79824863,1848154.4262291973,10
-1172644.4855321026,1848154.4262291973,10
-1172181.172815575,1848154.4262291973,10
-1171717.8600990477,1848154.4262291973,10
-1171254.54738252,1848154.4262291973,10
-1170791.2346659927,1848154.4262291973,10
-1170327.921949465,1848154.4262291973,10
-1169864.6092329377,1848154.4262291973,10
-1169401.29651641,1848154.4262291973,10
-1168937.9837998827,1848154.4262291973,10
-1168474.671083355,1848154.4262291973,10
-1168011.3583668275,1848154.4262291973,10
-1167548.0456503,1848154.4262291973,10
-1167084.7329337727,1848154.4262291973,10
-1166621.4202172451,1848154.4262291973,10
-1166158.1075007175,1848154.4262291973,10
-1165694.7947841901,1848154.4262291973,10
-1165231.4820676625,1848154.4262291973,10
-1164768.1693511351,1848154.4262291973,10
-1164304.8566346075,1848154.4262291973,10
-1163841.5439180802,1848154.4262291973,10
-1163378.2312015526,1848154.4262291973,10
-1162914.9184850252,1848154.4262291973,10
-1162451.6057684976,1848154.4262291973,10
-1161988.2930519702,1848154.4262291973,10
-1161524.9803354426,1848154.4262291973,10
-1161061.6676189152,1848154.4262291973,10
-1160598.3549023876,1848154.4262291973,10
-1160135.0421858602,1848154.4262291973,10
-1159671.7294693326,1848154.4262291973,10
-1159208.416752805,1848154.4262291973,10
-1158745.1040362776,1848154.4262291973,10
-1158281.79131975,1848154.4262291973,10
-1157818.4786032226,1848154.4262291973,10
-1157355.165886695,1848154.4262291973,10
-1359822.8230092125,1847691.1135126697,10
-1359359.5102926851,1847691.1135126697,10
-1358896.1975761575,1847691.1135126697,10
-1358432.8848596301,1847691.1135126697,10
-1357969.5721431025,1847691.1135126697,10
-1357506.2594265752,1847691.1135126697,10
-1357042.9467100475,1847691.1135126697,10
-1356579.6339935202,1847691.1135126697,10
-1356116.3212769926,1847691.1135126697,10
-1355653.0085604652,1847691.1135126697,10
-1355189.6958439376,1847691.1135126697,10
-1354726.3831274102,1847691.1135126697,10
-1354263.0704108826,1847691.1135126697,10
-1353799.7576943552,1847691.1135126697,16
-1353336.4449778276,1847691.1135126697,16
-1352873.1322613002,1847691.1135126697,16
-1352409.8195447726,1847691.1135126697,16
-1351946.506828245,1847691.1135126697,16
-1351483.1941117176,1847691.1135126697,16
-1351019.88139519,1847691.1135126697,16
-1350556.5686786626,1847691.1135126697,16
-1350093.255962135,1847691.1135126697,16
-1349629.9432456077,1847691.1135126697,16
-1349166.63052908,1847691.1135126697,16
-1348703.3178125527,1847691.1135126697,16
-1348240.005096025,1847691.1135126697,16
-1347776.6923794977,1847691.1135126697,16
-1347313.37966297,1847691.1135126697,16
-1346850.0669464427,1847691.1135126697,16
-1346386.754229915,1847691.1135126697,16
-1345923.4415133877,1847691.1135126697,16
-1345460.12879686,1847691.1135126697,16
-1344996.8160803327,1847691.1135126697,16
-1344533.5033638051,1847691.1135126697,16
-1344070.1906472775,1847691.1135126697,16
-1343606.8779307501,1847691.1135126697,16
-1343143.5652142225,1847691.1135126697,16
-1342680.2524976952,1847691.1135126697,16
-1342216.9397811675,1847691.1135126697,16
-1341753.6270646402,1847691.1135126697,16
-1341290.3143481126,1847691.1135126697,16
-1340827.0016315852,1847691.1135126697,16
-1340363.6889150576,1847691.1135126697,16
-1339900.3761985302,1847691.1135126697,16
-1339437.0634820026,1847691.1135126697,16
-1338973.7507654752,1847691.1135126697,16
-1338510.4380489476,1847691.1135126697,10
-1338047.1253324202,1847691.1135126697,10
-1337583.8126158926,1847691.1135126697,16
-1337120.499899365,1847691.1135126697,16
-1336657.1871828376,1847691.1135126697,16
-1336193.87446631,1847691.1135126697,16
-1335730.5617497826,1847691.1135126697,10
-1335267.249033255,1847691.1135126697,10
-1334803.9363167277,1847691.1135126697,16
-1334340.6236002,1847691.1135126697,16
-1333877.3108836727,1847691.1135126697,16
-1333413.998167145,1847691.1135126697,16
-1332950.6854506177,1847691.1135126697,16
-1332487.37273409,1847691.1135126697,16
-1332024.0600175627,1847691.1135126697,16
-1331560.747301035,1847691.1135126697,16
-1331097.4345845077,1847691.1135126697,16
-1330634.12186798,1847691.1135126697,10
-1330170.8091514525,1847691.1135126697,16
-1329707.4964349251,1847691.1135126697,16
-1329244.1837183975,1847691.1135126697,16
-1328780.8710018701,1847691.1135126697,10
-1328317.5582853425,1847691.1135126697,10
-1327854.2455688152,1847691.1135126697,10
-1327390.9328522875,1847691.1135126697,16
-1326927.6201357602,1847691.1135126697,16
-1326464.3074192326,1847691.1135126697,16
-1326000.9947027052,1847691.1135126697,16
-1325537.6819861776,1847691.1135126697,16
-1325074.3692696502,1847691.1135126697,16
-1324611.0565531226,1847691.1135126697,16
-1324147.7438365952,1847691.1135126697,16
-1323684.4311200676,1847691.1135126697,16
-1323221.11840354,1847691.1135126697,16
-1322757.8056870126,1847691.1135126697,16
-1322294.492970485,1847691.1135126697,10
-1321831.1802539576,1847691.1135126697,10
-1321367.86753743,1847691.1135126697,10
-1320904.5548209026,1847691.1135126697,10
-1320441.242104375,1847691.1135126697,10
-1319977.9293878477,1847691.1135126697,10
-1319514.61667132,1847691.1135126697,16
-1319051.3039547927,1847691.1135126697,16
-1318587.991238265,1847691.1135126697,16
-1318124.6785217377,1847691.1135126697,16
-1317661.36580521,1847691.1135126697,16
-1317198.0530886827,1847691.1135126697,16
-1316734.740372155,1847691.1135126697,16
-1316271.4276556277,1847691.1135126697,16
-1315808.1149391,1847691.1135126697,16
-1315344.8022225727,1847691.1135126697,16
-1314881.4895060451,1847691.1135126697,16
-1314418.1767895175,1847691.1135126697,16
-1313954.8640729901,1847691.1135126697,16
-1313491.5513564625,1847691.1135126697,16
-1313028.2386399352,1847691.1135126697,16
-1312564.9259234075,1847691.1135126697,16
-1312101.6132068802,1847691.1135126697,16
-1311638.3004903526,1847691.1135126697,16
-1311174.9877738252,1847691.1135126697,16
-1310711.6750572976,1847691.1135126697,16
-1310248.3623407702,1847691.1135126697,16
-1309785.0496242426,1847691.1135126697,16
-1309321.7369077152,1847691.1135126697,16
-1308858.4241911876,1847691.1135126697,16
-1308395.1114746602,1847691.1135126697,16
-1307931.7987581326,1847691.1135126697,16
-1307468.486041605,1847691.1135126697,16
-1307005.1733250776,1847691.1135126697,10
-1306541.86060855,1847691.1135126697,16
-1306078.5478920226,1847691.1135126697,16
-1305615.235175495,1847691.1135126697,16
-1305151.9224589677,1847691.1135126697,16
-1304688.60974244,1847691.1135126697,16
-1304225.2970259127,1847691.1135126697,16
-1303761.984309385,1847691.1135126697,16
-1303298.6715928577,1847691.1135126697,16
-1302835.35887633,1847691.1135126697,16
-1302372.0461598027,1847691.1135126697,16
-1301908.733443275,1847691.1135126697,16
-1301445.4207267477,1847691.1135126697,16
-1300982.10801022,1847691.1135126697,16
-1300518.7952936925,1847691.1135126697,16
-1300055.4825771651,1847691.1135126697,10
-1299592.1698606375,1847691.1135126697,10
-1299128.8571441101,1847691.1135126697,16
-1298665.5444275825,1847691.1135126697,16
-1298202.2317110552,1847691.1135126697,16
-1297738.9189945275,1847691.1135126697,16
-1297275.6062780002,1847691.1135126697,16
-1296812.2935614726,1847691.1135126697,16
-1296348.9808449452,1847691.1135126697,16
-1295885.6681284176,1847691.1135126697,16
-1295422.3554118902,1847691.1135126697,16
-1294959.0426953626,1847691.1135126697,16
-1294495.7299788352,1847691.1135126697,10
-1294032.4172623076,1847691.1135126697,10
-1293569.10454578,1847691.1135126697,10
-1293105.7918292526,1847691.1135126697,10
-1292642.479112725,1847691.1135126697,10
-1292179.1663961976,1847691.1135126697,16
-1291715.85367967,1847691.1135126697,10
-1291252.5409631426,1847691.1135126697,10
-1290789.228246615,1847691.1135126697,16
-1290325.9155300877,1847691.1135126697,16
-1289862.60281356,1847691.1135126697,10
-1289399.2900970327,1847691.1135126697,10
-1288935.977380505,1847691.1135126697,10
-1288472.6646639777,1847691.1135126697,10
-1288009.35194745,1847691.1135126697,10
-1287546.0392309227,1847691.1135126697,10
-1287082.726514395,1847691.1135126697,10
-1286619.4137978677,1847691.1135126697,10
-1286156.10108134,1847691.1135126697,10
-1285692.7883648127,1847691.1135126697,10
-1285229.4756482851,1847691.1135126697,10
-1284766.1629317575,1847691.1135126697,10
-1284302.8502152301,1847691.1135126697,10
-1283839.5374987025,1847691.1135126697,16
-1283376.2247821752,1847691.1135126697,10
-1282912.9120656475,1847691.1135126697,10
-1282449.5993491202,1847691.1135126697,10
-1281986.2866325926,1847691.1135126697,10
-1281522.9739160652,1847691.1135126697,10
-1281059.6611995376,1847691.1135126697,10
-1280596.3484830102,1847691.1135126697,10
-1280133.0357664826,1847691.1135126697,10
-1279669.7230499552,1847691.1135126697,10
-1279206.4103334276,1847691.1135126697,10
-1278743.0976169002,1847691.1135126697,10
-1278279.7849003726,1847691.1135126697,10
-1277816.472183845,1847691.1135126697,10
-1277353.1594673176,1847691.1135126697,10
-1276889.84675079,1847691.1135126697,10
-1276426.5340342626,1847691.1135126697,10
-1275963.221317735,1847691.1135126697,10
-1275499.9086012077,1847691.1135126697,10
-1275036.59588468,1847691.1135126697,10
-1274573.2831681527,1847691.1135126697,10
-1274109.970451625,1847691.1135126697,10
-1273646.6577350977,1847691.1135126697,10
-1273183.34501857,1847691.1135126697,10
-1272720.0323020427,1847691.1135126697,10
-1272256.719585515,1847691.1135126697,10
-1271793.4068689877,1847691.1135126697,10
-1271330.09415246,1847691.1135126697,10
-1270866.7814359325,1847691.1135126697,10
-1270403.4687194051,1847691.1135126697,10
-1269940.1560028775,1847691.1135126697,10
-1269476.8432863501,1847691.1135126697,10
-1269013.5305698225,1847691.1135126697,10
-1268550.2178532952,1847691.1135126697,10
-1268086.9051367675,1847691.1135126697,10
-1267623.5924202402,1847691.1135126697,10
-1267160.2797037126,1847691.1135126697,10
-1266696.9669871852,1847691.1135126697,10
-1266233.6542706576,1847691.1135126697,10
-1265770.3415541302,1847691.1135126697,10
-1265307.0288376026,1847691.1135126697,10
-1264843.7161210752,1847691.1135126697,10
-1264380.4034045476,1847691.1135126697,10
-1263917.09068802,1847691.1135126697,10
-1263453.7779714926,1847691.1135126697,10
-1262990.465254965,1847691.1135126697,10
-1262527.1525384376,1847691.1135126697,10
-1262063.83982191,1847691.1135126697,10
-1261600.5271053826,1847691.1135126697,10
-1261137.214388855,1847691.1135126697,10
-1260673.9016723277,1847691.1135126697,10
-1260210.5889558,1847691.1135126697,10
-1259747.2762392727,1847691.1135126697,10
-1259283.963522745,1847691.1135126697,10
-1258820.6508062177,1847691.1135126697,10
-1258357.33808969,1847691.1135126697,10
-1257894.0253731627,1847691.1135126697,10
-1257430.712656635,1847691.1135126697,10
-1256967.3999401077,1847691.1135126697,10
-1256504.08722358,1847691.1135126697,10
-1256040.7745070527,1847691.1135126697,10
-1255577.4617905251,1847691.1135126697,10
-1255114.1490739975,1847691.1135126697,10
-1254650.8363574701,1847691.1135126697,10
-1254187.5236409425,1847691.1135126697,10
-1253724.2109244152,1847691.1135126697,10
-1253260.8982078875,1847691.1135126697,10
-1252797.5854913602,1847691.1135126697,10
-1252334.2727748326,1847691.1135126697,10
-1251870.9600583052,1847691.1135126697,10
-1251407.6473417776,1847691.1135126697,10
-1250944.3346252502,1847691.1135126697,10
-1250481.0219087226,1847691.1135126697,10
-1250017.7091921952,1847691.1135126697,10
-1249554.3964756676,1847691.1135126697,10
-1249091.0837591402,1847691.1135126697,10
-1248627.7710426126,1847691.1135126697,10
-1248164.458326085,1847691.1135126697,10
-1247701.1456095576,1847691.1135126697,10
-1247237.83289303,1847691.1135126697,10
-1246774.5201765026,1847691.1135126697,10
-1246311.207459975,1847691.1135126697,10
-1245847.8947434477,1847691.1135126697,10
-1245384.58202692,1847691.1135126697,10
-1244921.2693103927,1847691.1135126697,10
-1244457.956593865,1847691.1135126697,10
-1243994.6438773377,1847691.1135126697,10
-1243531.33116081,1847691.1135126697,10
-1243068.0184442827,1847691.1135126697,10
-1242604.705727755,1847691.1135126697,10
-1242141.3930112277,1847691.1135126697,10
-1241678.0802947,1847691.1135126697,10
-1241214.7675781725,1847691.1135126697,10
-1240751.4548616451,1847691.1135126697,10
-1240288.1421451175,1847691.1135126697,10
-1239824.8294285901,1847691.1135126697,10
-1239361.5167120625,1847691.1135126697,10
-1238898.2039955352,1847691.1135126697,10
-1238434.8912790075,1847691.1135126697,10
-1237971.5785624802,1847691.1135126697,10
-1237508.2658459526,1847691.1135126697,10
-1237044.9531294252,1847691.1135126697,10
-1236581.6404128976,1847691.1135126697,10
-1236118.3276963702,1847691.1135126697,10
-1235655.0149798426,1847691.1135126697,10
-1235191.7022633152,1847691.1135126697,10
-1234728.3895467876,1847691.1135126697,10
-1234265.07683026,1847691.1135126697,10
-1233801.7641137326,1847691.1135126697,10
-1233338.4513972052,1847691.1135126697,10
-1232875.1386806776,1847691.1135126697,10
-1232411.82596415,1847691.1135126697,10
-1231948.5132476226,1847691.1135126697,10
-1231485.200531095,1847691.1135126697,10
-1231021.8878145677,1847691.1135126697,10
-1230558.57509804,1847691.1135126697,10
-1230095.2623815127,1847691.1135126697,10
-1229631.949664985,1847691.1135126697,10
-1229168.6369484577,1847691.1135126697,10
-1228705.32423193,1847691.1135126697,10
-1228242.0115154027,1847691.1135126697,10
-1227778.698798875,1847691.1135126697,10
-1227315.3860823475,1847691.1135126697,10
-1226852.07336582,1847691.1135126697,10
-1226388.7606492927,1847691.1135126697,10
-1225925.4479327651,1847691.1135126697,10
-1225462.1352162375,1847691.1135126697,10
-1224998.8224997101,1847691.1135126697,10
-1224535.5097831825,1847691.1135126697,10
-1224072.1970666551,1847691.1135126697,10
-1223608.8843501275,1847691.1135126697,10
-1223145.5716336002,1847691.1135126697,10
-1222682.2589170726,1847691.1135126697,10
-1222218.9462005452,1847691.1135126697,10
-1221755.6334840176,1847691.1135126697,10
-1221292.3207674902,1847691.1135126697,10
-1220829.0080509626,1847691.1135126697,10
-1220365.6953344352,1847691.1135126697,10
-1219902.3826179076,1847691.1135126697,10
-1219439.0699013802,1847691.1135126697,10
-1218975.7571848526,1847691.1135126697,10
-1218512.444468325,1847691.1135126697,10
-1218049.1317517976,1847691.1135126697,10
-1217585.81903527,1847691.1135126697,10
-1217122.5063187426,1847691.1135126697,10
-1216659.193602215,1847691.1135126697,10
-1216195.8808856877,1847691.1135126697,10
-1215732.56816916,1847691.1135126697,10
-1215269.2554526327,1847691.1135126697,10
-1214805.942736105,1847691.1135126697,10
-1214342.6300195777,1847691.1135126697,7
-1213879.31730305,1847691.1135126697,10
-1213416.0045865227,1847691.1135126697,10
-1212952.691869995,1847691.1135126697,10
-1212489.3791534677,1847691.1135126697,10
-1212026.06643694,1847691.1135126697,10
-1211562.7537204125,1847691.1135126697,10
-1211099.4410038851,1847691.1135126697,10
-1210636.1282873575,1847691.1135126697,10
-1210172.8155708301,1847691.1135126697,10
-1209709.5028543025,1847691.1135126697,10
-1209246.1901377751,1847691.1135126697,10
-1208782.8774212475,1847691.1135126697,10
-1208319.5647047202,1847691.1135126697,10
-1207856.2519881926,1847691.1135126697,10
-1207392.9392716652,1847691.1135126697,10
-1206929.6265551376,1847691.1135126697,10
-1206466.3138386102,1847691.1135126697,10
-1206003.0011220826,1847691.1135126697,10
-1205539.6884055552,1847691.1135126697,10
-1205076.3756890276,1847691.1135126697,10
-1204613.0629725,1847691.1135126697,10
-1204149.7502559726,1847691.1135126697,10
-1203686.4375394452,1847691.1135126697,10
-1203223.1248229176,1847691.1135126697,10
-1202759.81210639,1847691.1135126697,10
-1202296.4993898626,1847691.1135126697,10
-1201833.186673335,1847691.1135126697,10
-1201369.8739568077,1847691.1135126697,10
-1200906.56124028,1847691.1135126697,10
-1200443.2485237527,1847691.1135126697,10
-1199979.935807225,1847691.1135126697,10
-1199516.6230906977,1847691.1135126697,10
-1199053.31037417,1847691.1135126697,10
-1198589.9976576427,1847691.1135126697,10
-1198126.684941115,1847691.1135126697,10
-1197663.3722245875,1847691.1135126697,10
-1197200.05950806,1847691.1135126697,10
-1196736.7467915327,1847691.1135126697,10
-1196273.4340750051,1847691.1135126697,10
-1195810.1213584775,1847691.1135126697,10
-1195346.8086419501,1847691.1135126697,10
-1194883.4959254225,1847691.1135126697,10
-1194420.1832088951,1847691.1135126697,10
-1193956.8704923675,1847691.1135126697,10
-1193493.5577758402,1847691.1135126697,10
-1193030.2450593126,1847691.1135126697,10
-1192566.9323427852,1847691.1135126697,10
-1192103.6196262576,1847691.1135126697,10
-1191640.3069097302,1847691.1135126697,10
-1191176.9941932026,1847691.1135126697,10
-1190713.6814766752,1847691.1135126697,10
-1190250.3687601476,1847691.1135126697,10
-1189787.0560436202,1847691.1135126697,10
-1189323.7433270926,1847691.1135126697,10
-1188860.430610565,1847691.1135126697,10
-1188397.1178940376,1847691.1135126697,10
-1187933.80517751,1847691.1135126697,10
-1187470.4924609826,1847691.1135126697,10
-1187007.179744455,1847691.1135126697,10
-1186543.8670279277,1847691.1135126697,10
-1186080.5543114,1847691.1135126697,10
-1185617.2415948727,1847691.1135126697,10
-1185153.928878345,1847691.1135126697,10
-1184690.6161618177,1847691.1135126697,10
-1184227.30344529,1847691.1135126697,10
-1183763.9907287627,1847691.1135126697,10
-1183300.678012235,1847691.1135126697,10
-1182837.3652957077,1847691.1135126697,10
-1182374.05257918,1847691.1135126697,10
-1181910.7398626525,1847691.1135126697,10
-1181447.4271461251,1847691.1135126697,10
-1180984.1144295975,1847691.1135126697,10
-1180520.8017130701,1847691.1135126697,10
-1180057.4889965425,1847691.1135126697,10
-1179594.1762800151,1847691.1135126697,10
-1179130.8635634875,1847691.1135126697,10
-1178667.5508469602,1847691.1135126697,10
-1178204.2381304326,1847691.1135126697,10
-1177740.9254139052,1847691.1135126697,10
-1177277.6126973776,1847691.1135126697,10
-1176814.2999808502,1847691.1135126697,10
-1176350.9872643226,1847691.1135126697,10
-1175887.6745477952,1847691.1135126697,10
-1175424.3618312676,1847691.1135126697,10
-1174961.04911474,1847691.1135126697,10
-1174497.7363982126,1847691.1135126697,10
-1174034.4236816852,1847691.1135126697,10
-1173571.1109651576,1847691.1135126697,10
-1173107.79824863,1847691.1135126697,10
-1172644.4855321026,1847691.1135126697,10
-1172181.172815575,1847691.1135126697,10
-1171717.8600990477,1847691.1135126697,10
-1171254.54738252,1847691.1135126697,10
-1170791.2346659927,1847691.1135126697,10
-1170327.921949465,1847691.1135126697,10
-1169864.6092329377,1847691.1135126697,10
-1169401.29651641,1847691.1135126697,10
-1168937.9837998827,1847691.1135126697,10
-1168474.671083355,1847691.1135126697,10
-1168011.3583668275,1847691.1135126697,10
-1167548.0456503,1847691.1135126697,10
-1167084.7329337727,1847691.1135126697,10
-1166621.4202172451,1847691.1135126697,10
-1166158.1075007175,1847691.1135126697,10
-1165694.7947841901,1847691.1135126697,10
-1165231.4820676625,1847691.1135126697,10
-1164768.1693511351,1847691.1135126697,10
-1164304.8566346075,1847691.1135126697,10
-1163841.5439180802,1847691.1135126697,10
-1163378.2312015526,1847691.1135126697,10
-1162914.9184850252,1847691.1135126697,10
-1162451.6057684976,1847691.1135126697,10
-1161988.2930519702,1847691.1135126697,10
-1161524.9803354426,1847691.1135126697,10
-1161061.6676189152,1847691.1135126697,10
-1160598.3549023876,1847691.1135126697,10
-1160135.0421858602,1847691.1135126697,10
-1159671.7294693326,1847691.1135126697,10
-1159208.416752805,1847691.1135126697,10
-1158745.1040362776,1847691.1135126697,10
-1158281.79131975,1847691.1135126697,10
-1157818.4786032226,1847691.1135126697,10
-1157355.165886695,1847691.1135126697,10
-1156891.8531701677,1847691.1135126697,10
-1156428.54045364,1847691.1135126697,10
-1359822.8230092125,1847227.8007961423,7
-1359359.5102926851,1847227.8007961423,10
-1358896.1975761575,1847227.8007961423,10
-1358432.8848596301,1847227.8007961423,10
-1357969.5721431025,1847227.8007961423,10
-1357506.2594265752,1847227.8007961423,10
-1357042.9467100475,1847227.8007961423,10
-1356579.6339935202,1847227.8007961423,10
-1356116.3212769926,1847227.8007961423,10
-1355653.0085604652,1847227.8007961423,10
-1355189.6958439376,1847227.8007961423,10
-1354726.3831274102,1847227.8007961423,10
-1354263.0704108826,1847227.8007961423,10
-1353799.7576943552,1847227.8007961423,16
-1353336.4449778276,1847227.8007961423,16
-1352873.1322613002,1847227.8007961423,16
-1352409.8195447726,1847227.8007961423,16
-1351946.506828245,1847227.8007961423,16
-1351483.1941117176,1847227.8007961423,16
-1351019.88139519,1847227.8007961423,16
-1350556.5686786626,1847227.8007961423,16
-1350093.255962135,1847227.8007961423,16
-1349629.9432456077,1847227.8007961423,16
-1349166.63052908,1847227.8007961423,16
-1348703.3178125527,1847227.8007961423,16
-1348240.005096025,1847227.8007961423,16
-1347776.6923794977,1847227.8007961423,10
-1347313.37966297,1847227.8007961423,16
-1346850.0669464427,1847227.8007961423,16
-1346386.754229915,1847227.8007961423,16
-1345923.4415133877,1847227.8007961423,16
-1345460.12879686,1847227.8007961423,16
-1344996.8160803327,1847227.8007961423,16
-1344533.5033638051,1847227.8007961423,16
-1344070.1906472775,1847227.8007961423,16
-1343606.8779307501,1847227.8007961423,16
-1343143.5652142225,1847227.8007961423,16
-1342680.2524976952,1847227.8007961423,16
-1342216.9397811675,1847227.8007961423,16
-1341753.6270646402,1847227.8007961423,16
-1341290.3143481126,1847227.8007961423,16
-1340827.0016315852,1847227.8007961423,16
-1340363.6889150576,1847227.8007961423,16
-1339900.3761985302,1847227.8007961423,16
-1339437.0634820026,1847227.8007961423,16
-1338973.7507654752,1847227.8007961423,16
-1338510.4380489476,1847227.8007961423,10
-1338047.1253324202,1847227.8007961423,10
-1337583.8126158926,1847227.8007961423,10
-1337120.499899365,1847227.8007961423,10
-1336657.1871828376,1847227.8007961423,16
-1336193.87446631,1847227.8007961423,16
-1335730.5617497826,1847227.8007961423,16
-1335267.249033255,1847227.8007961423,16
-1334803.9363167277,1847227.8007961423,16
-1334340.6236002,1847227.8007961423,16
-1333877.3108836727,1847227.8007961423,16
-1333413.998167145,1847227.8007961423,16
-1332950.6854506177,1847227.8007961423,16
-1332487.37273409,1847227.8007961423,16
-1332024.0600175627,1847227.8007961423,16
-1331560.747301035,1847227.8007961423,16
-1331097.4345845077,1847227.8007961423,16
-1330634.12186798,1847227.8007961423,16
-1330170.8091514525,1847227.8007961423,16
-1329707.4964349251,1847227.8007961423,16
-1329244.1837183975,1847227.8007961423,16
-1328780.8710018701,1847227.8007961423,16
-1328317.5582853425,1847227.8007961423,16
-1327854.2455688152,1847227.8007961423,16
-1327390.9328522875,1847227.8007961423,16
-1326927.6201357602,1847227.8007961423,16
-1326464.3074192326,1847227.8007961423,16
-1326000.9947027052,1847227.8007961423,16
-1325537.6819861776,1847227.8007961423,16
-1325074.3692696502,1847227.8007961423,16
-1324611.0565531226,1847227.8007961423,16
-1324147.7438365952,1847227.8007961423,16
-1323684.4311200676,1847227.8007961423,16
-1323221.11840354,1847227.8007961423,16
-1322757.8056870126,1847227.8007961423,16
-1322294.492970485,1847227.8007961423,10
-1321831.1802539576,1847227.8007961423,10
-1321367.86753743,1847227.8007961423,10
-1320904.5548209026,1847227.8007961423,10
-1320441.242104375,1847227.8007961423,16
-1319977.9293878477,1847227.8007961423,16
-1319514.61667132,1847227.8007961423,16
-1319051.3039547927,1847227.8007961423,16
-1318587.991238265,1847227.8007961423,16
-1318124.6785217377,1847227.8007961423,16
-1317661.36580521,1847227.8007961423,16
-1317198.0530886827,1847227.8007961423,16
-1316734.740372155,1847227.8007961423,16
-1316271.4276556277,1847227.8007961423,16
-1315808.1149391,1847227.8007961423,16
-1315344.8022225727,1847227.8007961423,16
-1314881.4895060451,1847227.8007961423,16
-1314418.1767895175,1847227.8007961423,16
-1313954.8640729901,1847227.8007961423,16
-1313491.5513564625,1847227.8007961423,16
-1313028.2386399352,1847227.8007961423,16
-1312564.9259234075,1847227.8007961423,16
-1312101.6132068802,1847227.8007961423,16
-1311638.3004903526,1847227.8007961423,16
-1311174.9877738252,1847227.8007961423,16
-1310711.6750572976,1847227.8007961423,16
-1310248.3623407702,1847227.8007961423,16
-1309785.0496242426,1847227.8007961423,16
-1309321.7369077152,1847227.8007961423,16
-1308858.4241911876,1847227.8007961423,16
-1308395.1114746602,1847227.8007961423,10
-1307931.7987581326,1847227.8007961423,16
-1307468.486041605,1847227.8007961423,16
-1307005.1733250776,1847227.8007961423,16
-1306541.86060855,1847227.8007961423,16
-1306078.5478920226,1847227.8007961423,16
-1305615.235175495,1847227.8007961423,16
-1305151.9224589677,1847227.8007961423,16
-1304688.60974244,1847227.8007961423,16
-1304225.2970259127,1847227.8007961423,16
-1303761.984309385,1847227.8007961423,10
-1303298.6715928577,1847227.8007961423,16
-1302835.35887633,1847227.8007961423,16
-1302372.0461598027,1847227.8007961423,16
-1301908.733443275,1847227.8007961423,16
-1301445.4207267477,1847227.8007961423,16
-1300982.10801022,1847227.8007961423,16
-1300518.7952936925,1847227.8007961423,16
-1300055.4825771651,1847227.8007961423,10
-1299592.1698606375,1847227.8007961423,10
-1299128.8571441101,1847227.8007961423,16
-1298665.5444275825,1847227.8007961423,16
-1298202.2317110552,1847227.8007961423,16
-1297738.9189945275,1847227.8007961423,16
-1297275.6062780002,1847227.8007961423,16
-1296812.2935614726,1847227.8007961423,16
-1296348.9808449452,1847227.8007961423,16
-1295885.6681284176,1847227.8007961423,16
-1295422.3554118902,1847227.8007961423,16
-1294959.0426953626,1847227.8007961423,16
-1294495.7299788352,1847227.8007961423,16
-1294032.4172623076,1847227.8007961423,10
-1293569.10454578,1847227.8007961423,10
-1293105.7918292526,1847227.8007961423,10
-1292642.479112725,1847227.8007961423,10
-1292179.1663961976,1847227.8007961423,10
-1291715.85367967,1847227.8007961423,10
-1291252.5409631426,1847227.8007961423,16
-1290789.228246615,1847227.8007961423,16
-1290325.9155300877,1847227.8007961423,16
-1289862.60281356,1847227.8007961423,10
-1289399.2900970327,1847227.8007961423,10
-1288935.977380505,1847227.8007961423,10
-1288472.6646639777,1847227.8007961423,10
-1288009.35194745,1847227.8007961423,10
-1287546.0392309227,1847227.8007961423,10
-1287082.726514395,1847227.8007961423,10
-1286619.4137978677,1847227.8007961423,10
-1286156.10108134,1847227.8007961423,10
-1285692.7883648127,1847227.8007961423,10
-1285229.4756482851,1847227.8007961423,10
-1284766.1629317575,1847227.8007961423,10
-1284302.8502152301,1847227.8007961423,10
-1283839.5374987025,1847227.8007961423,16
-1283376.2247821752,1847227.8007961423,10
-1282912.9120656475,1847227.8007961423,10
-1282449.5993491202,1847227.8007961423,10
-1281986.2866325926,1847227.8007961423,10
-1281522.9739160652,1847227.8007961423,10
-1281059.6611995376,1847227.8007961423,10
-1280596.3484830102,1847227.8007961423,10
-1280133.0357664826,1847227.8007961423,10
-1279669.7230499552,1847227.8007961423,10
-1279206.4103334276,1847227.8007961423,10
-1278743.0976169002,1847227.8007961423,10
-1278279.7849003726,1847227.8007961423,10
-1277816.472183845,1847227.8007961423,10
-1277353.1594673176,1847227.8007961423,10
-1276889.84675079,1847227.8007961423,10
-1276426.5340342626,1847227.8007961423,10
-1275963.221317735,1847227.8007961423,16
-1275499.9086012077,1847227.8007961423,10
-1275036.59588468,1847227.8007961423,10
-1274573.2831681527,1847227.8007961423,10
-1274109.970451625,1847227.8007961423,10
-1273646.6577350977,1847227.8007961423,10
-1273183.34501857,1847227.8007961423,10
-1272720.0323020427,1847227.8007961423,10
-1272256.719585515,1847227.8007961423,10
-1271793.4068689877,1847227.8007961423,10
-1271330.09415246,1847227.8007961423,10
-1270866.7814359325,1847227.8007961423,10
-1270403.4687194051,1847227.8007961423,10
-1269940.1560028775,1847227.8007961423,10
-1269476.8432863501,1847227.8007961423,10
-1269013.5305698225,1847227.8007961423,10
-1268550.2178532952,1847227.8007961423,10
-1268086.9051367675,1847227.8007961423,10
-1267623.5924202402,1847227.8007961423,10
-1267160.2797037126,1847227.8007961423,10
-1266696.9669871852,1847227.8007961423,10
-1266233.6542706576,1847227.8007961423,10
-1265770.3415541302,1847227.8007961423,10
-1265307.0288376026,1847227.8007961423,10
-1264843.7161210752,1847227.8007961423,10
-1264380.4034045476,1847227.8007961423,10
-1263917.09068802,1847227.8007961423,10
-1263453.7779714926,1847227.8007961423,10
-1262990.465254965,1847227.8007961423,10
-1262527.1525384376,1847227.8007961423,10
-1262063.83982191,1847227.8007961423,10
-1261600.5271053826,1847227.8007961423,10
-1261137.214388855,1847227.8007961423,10
-1260673.9016723277,1847227.8007961423,10
-1260210.5889558,1847227.8007961423,10
-1259747.2762392727,1847227.8007961423,10
-1259283.963522745,1847227.8007961423,10
-1258820.6508062177,1847227.8007961423,10
-1258357.33808969,1847227.8007961423,10
-1257894.0253731627,1847227.8007961423,10
-1257430.712656635,1847227.8007961423,10
-1256967.3999401077,1847227.8007961423,10
-1256504.08722358,1847227.8007961423,10
-1256040.7745070527,1847227.8007961423,10
-1255577.4617905251,1847227.8007961423,10
-1255114.1490739975,1847227.8007961423,10
-1254650.8363574701,1847227.8007961423,10
-1254187.5236409425,1847227.8007961423,10
-1253724.2109244152,1847227.8007961423,10
-1253260.8982078875,1847227.8007961423,10
-1252797.5854913602,1847227.8007961423,10
-1252334.2727748326,1847227.8007961423,10
-1251870.9600583052,1847227.8007961423,10
-1251407.6473417776,1847227.8007961423,10
-1250944.3346252502,1847227.8007961423,10
-1250481.0219087226,1847227.8007961423,10
-1250017.7091921952,1847227.8007961423,10
-1249554.3964756676,1847227.8007961423,10
-1249091.0837591402,1847227.8007961423,10
-1248627.7710426126,1847227.8007961423,10
-1248164.458326085,1847227.8007961423,10
-1247701.1456095576,1847227.8007961423,10
-1247237.83289303,1847227.8007961423,10
-1246774.5201765026,1847227.8007961423,10
-1246311.207459975,1847227.8007961423,10
-1245847.8947434477,1847227.8007961423,10
-1245384.58202692,1847227.8007961423,10
-1244921.2693103927,1847227.8007961423,10
-1244457.956593865,1847227.8007961423,10
-1243994.6438773377,1847227.8007961423,10
-1243531.33116081,1847227.8007961423,10
-1243068.0184442827,1847227.8007961423,10
-1242604.705727755,1847227.8007961423,10
-1242141.3930112277,1847227.8007961423,10
-1241678.0802947,1847227.8007961423,10
-1241214.7675781725,1847227.8007961423,10
-1240751.4548616451,1847227.8007961423,10
-1240288.1421451175,1847227.8007961423,10
-1239824.8294285901,1847227.8007961423,10
-1239361.5167120625,1847227.8007961423,10
-1238898.2039955352,1847227.8007961423,10
-1238434.8912790075,1847227.8007961423,10
-1237971.5785624802,1847227.8007961423,10
-1237508.2658459526,1847227.8007961423,10
-1237044.9531294252,1847227.8007961423,10
-1236581.6404128976,1847227.8007961423,10
-1236118.3276963702,1847227.8007961423,10
-1235655.0149798426,1847227.8007961423,10
-1235191.7022633152,1847227.8007961423,10
-1234728.3895467876,1847227.8007961423,10
-1234265.07683026,1847227.8007961423,10
-1233801.7641137326,1847227.8007961423,10
-1233338.4513972052,1847227.8007961423,10
-1232875.1386806776,1847227.8007961423,10
-1232411.82596415,1847227.8007961423,10
-1231948.5132476226,1847227.8007961423,10
-1231485.200531095,1847227.8007961423,10
-1231021.8878145677,1847227.8007961423,10
-1230558.57509804,1847227.8007961423,10
-1230095.2623815127,1847227.8007961423,10
-1229631.949664985,1847227.8007961423,10
-1229168.6369484577,1847227.8007961423,10
-1228705.32423193,1847227.8007961423,10
-1228242.0115154027,1847227.8007961423,10
-1227778.698798875,1847227.8007961423,10
-1227315.3860823475,1847227.8007961423,10
-1226852.07336582,1847227.8007961423,10
-1226388.7606492927,1847227.8007961423,10
-1225925.4479327651,1847227.8007961423,10
-1225462.1352162375,1847227.8007961423,10
-1224998.8224997101,1847227.8007961423,10
-1224535.5097831825,1847227.8007961423,10
-1224072.1970666551,1847227.8007961423,10
-1223608.8843501275,1847227.8007961423,10
-1223145.5716336002,1847227.8007961423,10
-1222682.2589170726,1847227.8007961423,10
-1222218.9462005452,1847227.8007961423,10
-1221755.6334840176,1847227.8007961423,10
-1221292.3207674902,1847227.8007961423,10
-1220829.0080509626,1847227.8007961423,10
-1220365.6953344352,1847227.8007961423,10
-1219902.3826179076,1847227.8007961423,10
-1219439.0699013802,1847227.8007961423,10
-1218975.7571848526,1847227.8007961423,10
-1218512.444468325,1847227.8007961423,10
-1218049.1317517976,1847227.8007961423,10
-1217585.81903527,1847227.8007961423,10
-1217122.5063187426,1847227.8007961423,10
-1216659.193602215,1847227.8007961423,10
-1216195.8808856877,1847227.8007961423,10
-1215732.56816916,1847227.8007961423,10
-1215269.2554526327,1847227.8007961423,10
-1214805.942736105,1847227.8007961423,10
-1214342.6300195777,1847227.8007961423,10
-1213879.31730305,1847227.8007961423,10
-1213416.0045865227,1847227.8007961423,10
-1212952.691869995,1847227.8007961423,10
-1212489.3791534677,1847227.8007961423,10
-1212026.06643694,1847227.8007961423,10
-1211562.7537204125,1847227.8007961423,10
-1211099.4410038851,1847227.8007961423,10
-1210636.1282873575,1847227.8007961423,10
-1210172.8155708301,1847227.8007961423,10
-1209709.5028543025,1847227.8007961423,10
-1209246.1901377751,1847227.8007961423,10
-1208782.8774212475,1847227.8007961423,10
-1208319.5647047202,1847227.8007961423,10
-1207856.2519881926,1847227.8007961423,10
-1207392.9392716652,1847227.8007961423,10
-1206929.6265551376,1847227.8007961423,10
-1206466.3138386102,1847227.8007961423,10
-1206003.0011220826,1847227.8007961423,10
-1205539.6884055552,1847227.8007961423,10
-1205076.3756890276,1847227.8007961423,10
-1204613.0629725,1847227.8007961423,10
-1204149.7502559726,1847227.8007961423,10
-1203686.4375394452,1847227.8007961423,10
-1203223.1248229176,1847227.8007961423,10
-1202759.81210639,1847227.8007961423,10
-1202296.4993898626,1847227.8007961423,10
-1201833.186673335,1847227.8007961423,10
-1201369.8739568077,1847227.8007961423,10
-1200906.56124028,1847227.8007961423,10
-1200443.2485237527,1847227.8007961423,10
-1199979.935807225,1847227.8007961423,10
-1199516.6230906977,1847227.8007961423,10
-1199053.31037417,1847227.8007961423,10
-1198589.9976576427,1847227.8007961423,10
-1198126.684941115,1847227.8007961423,10
-1197663.3722245875,1847227.8007961423,10
-1197200.05950806,1847227.8007961423,10
-1196736.7467915327,1847227.8007961423,10
-1196273.4340750051,1847227.8007961423,10
-1195810.1213584775,1847227.8007961423,10
-1195346.8086419501,1847227.8007961423,10
-1194883.4959254225,1847227.8007961423,10
-1194420.1832088951,1847227.8007961423,10
-1193956.8704923675,1847227.8007961423,10
-1193493.5577758402,1847227.8007961423,10
-1193030.2450593126,1847227.8007961423,10
-1192566.9323427852,1847227.8007961423,10
-1192103.6196262576,1847227.8007961423,10
-1191640.3069097302,1847227.8007961423,10
-1191176.9941932026,1847227.8007961423,10
-1190713.6814766752,1847227.8007961423,10
-1190250.3687601476,1847227.8007961423,10
-1189787.0560436202,1847227.8007961423,10
-1189323.7433270926,1847227.8007961423,10
-1188860.430610565,1847227.8007961423,10
-1188397.1178940376,1847227.8007961423,10
-1187933.80517751,1847227.8007961423,10
-1187470.4924609826,1847227.8007961423,10
-1187007.179744455,1847227.8007961423,10
-1186543.8670279277,1847227.8007961423,10
-1186080.5543114,1847227.8007961423,10
-1185617.2415948727,1847227.8007961423,10
-1185153.928878345,1847227.8007961423,10
-1184690.6161618177,1847227.8007961423,10
-1184227.30344529,1847227.8007961423,10
-1183763.9907287627,1847227.8007961423,10
-1183300.678012235,1847227.8007961423,10
-1182837.3652957077,1847227.8007961423,10
-1182374.05257918,1847227.8007961423,10
-1181910.7398626525,1847227.8007961423,10
-1181447.4271461251,1847227.8007961423,10
-1180984.1144295975,1847227.8007961423,10
-1180520.8017130701,1847227.8007961423,10
-1180057.4889965425,1847227.8007961423,10
-1179594.1762800151,1847227.8007961423,10
-1179130.8635634875,1847227.8007961423,10
-1178667.5508469602,1847227.8007961423,10
-1178204.2381304326,1847227.8007961423,10
-1177740.9254139052,1847227.8007961423,10
-1177277.6126973776,1847227.8007961423,10
-1176814.2999808502,1847227.8007961423,10
-1176350.9872643226,1847227.8007961423,10
-1175887.6745477952,1847227.8007961423,10
-1175424.3618312676,1847227.8007961423,10
-1174961.04911474,1847227.8007961423,10
-1174497.7363982126,1847227.8007961423,10
-1174034.4236816852,1847227.8007961423,10
-1173571.1109651576,1847227.8007961423,10
-1173107.79824863,1847227.8007961423,10
-1172644.4855321026,1847227.8007961423,10
-1172181.172815575,1847227.8007961423,10
-1171717.8600990477,1847227.8007961423,10
-1171254.54738252,1847227.8007961423,10
-1170791.2346659927,1847227.8007961423,10
-1170327.921949465,1847227.8007961423,10
-1169864.6092329377,1847227.8007961423,10
-1169401.29651641,1847227.8007961423,10
-1168937.9837998827,1847227.8007961423,10
-1168474.671083355,1847227.8007961423,10
-1168011.3583668275,1847227.8007961423,10
-1167548.0456503,1847227.8007961423,10
-1167084.7329337727,1847227.8007961423,10
-1166621.4202172451,1847227.8007961423,10
-1166158.1075007175,1847227.8007961423,10
-1165694.7947841901,1847227.8007961423,10
-1165231.4820676625,1847227.8007961423,10
-1164768.1693511351,1847227.8007961423,10
-1164304.8566346075,1847227.8007961423,10
-1163841.5439180802,1847227.8007961423,10
-1163378.2312015526,1847227.8007961423,10
-1162914.9184850252,1847227.8007961423,10
-1162451.6057684976,1847227.8007961423,10
-1161988.2930519702,1847227.8007961423,10
-1161524.9803354426,1847227.8007961423,10
-1161061.6676189152,1847227.8007961423,10
-1160598.3549023876,1847227.8007961423,10
-1160135.0421858602,1847227.8007961423,10
-1159671.7294693326,1847227.8007961423,10
-1159208.416752805,1847227.8007961423,10
-1158745.1040362776,1847227.8007961423,10
-1158281.79131975,1847227.8007961423,10
-1157818.4786032226,1847227.8007961423,10
-1157355.165886695,1847227.8007961423,10
-1156891.8531701677,1847227.8007961423,10
-1156428.54045364,1847227.8007961423,10
-1155965.2277371127,1847227.8007961423,10
-1155501.915020585,1847227.8007961423,10
-1359822.8230092125,1846764.4880796147,7
-1359359.5102926851,1846764.4880796147,10
-1358896.1975761575,1846764.4880796147,10
-1358432.8848596301,1846764.4880796147,10
-1357969.5721431025,1846764.4880796147,10
-1357506.2594265752,1846764.4880796147,10
-1357042.9467100475,1846764.4880796147,10
-1356579.6339935202,1846764.4880796147,10
-1356116.3212769926,1846764.4880796147,10
-1355653.0085604652,1846764.4880796147,10
-1355189.6958439376,1846764.4880796147,10
-1354726.3831274102,1846764.4880796147,10
-1354263.0704108826,1846764.4880796147,10
-1353799.7576943552,1846764.4880796147,16
-1353336.4449778276,1846764.4880796147,16
-1352873.1322613002,1846764.4880796147,16
-1352409.8195447726,1846764.4880796147,16
-1351946.506828245,1846764.4880796147,16
-1351483.1941117176,1846764.4880796147,16
-1351019.88139519,1846764.4880796147,16
-1350556.5686786626,1846764.4880796147,16
-1350093.255962135,1846764.4880796147,16
-1349629.9432456077,1846764.4880796147,16
-1349166.63052908,1846764.4880796147,16
-1348703.3178125527,1846764.4880796147,16
-1348240.005096025,1846764.4880796147,10
-1347776.6923794977,1846764.4880796147,10
-1347313.37966297,1846764.4880796147,16
-1346850.0669464427,1846764.4880796147,16
-1346386.754229915,1846764.4880796147,16
-1345923.4415133877,1846764.4880796147,16
-1345460.12879686,1846764.4880796147,16
-1344996.8160803327,1846764.4880796147,16
-1344533.5033638051,1846764.4880796147,16
-1344070.1906472775,1846764.4880796147,16
-1343606.8779307501,1846764.4880796147,16
-1343143.5652142225,1846764.4880796147,16
-1342680.2524976952,1846764.4880796147,16
-1342216.9397811675,1846764.4880796147,16
-1341753.6270646402,1846764.4880796147,16
-1341290.3143481126,1846764.4880796147,16
-1340827.0016315852,1846764.4880796147,16
-1340363.6889150576,1846764.4880796147,16
-1339900.3761985302,1846764.4880796147,16
-1339437.0634820026,1846764.4880796147,16
-1338973.7507654752,1846764.4880796147,10
-1338510.4380489476,1846764.4880796147,10
-1338047.1253324202,1846764.4880796147,10
-1337583.8126158926,1846764.4880796147,10
-1337120.499899365,1846764.4880796147,10
-1336657.1871828376,1846764.4880796147,16
-1336193.87446631,1846764.4880796147,16
-1335730.5617497826,1846764.4880796147,16
-1335267.249033255,1846764.4880796147,16
-1334803.9363167277,1846764.4880796147,16
-1334340.6236002,1846764.4880796147,16
-1333877.3108836727,1846764.4880796147,16
-1333413.998167145,1846764.4880796147,16
-1332950.6854506177,1846764.4880796147,16
-1332487.37273409,1846764.4880796147,16
-1332024.0600175627,1846764.4880796147,16
-1331560.747301035,1846764.4880796147,16
-1331097.4345845077,1846764.4880796147,16
-1330634.12186798,1846764.4880796147,16
-1330170.8091514525,1846764.4880796147,16
-1329707.4964349251,1846764.4880796147,16
-1329244.1837183975,1846764.4880796147,16
-1328780.8710018701,1846764.4880796147,16
-1328317.5582853425,1846764.4880796147,16
-1327854.2455688152,1846764.4880796147,16
-1327390.9328522875,1846764.4880796147,16
-1326927.6201357602,1846764.4880796147,16
-1326464.3074192326,1846764.4880796147,16
-1326000.9947027052,1846764.4880796147,16
-1325537.6819861776,1846764.4880796147,16
-1325074.3692696502,1846764.4880796147,16
-1324611.0565531226,1846764.4880796147,16
-1324147.7438365952,1846764.4880796147,16
-1323684.4311200676,1846764.4880796147,16
-1323221.11840354,1846764.4880796147,16
-1322757.8056870126,1846764.4880796147,16
-1322294.492970485,1846764.4880796147,16
-1321831.1802539576,1846764.4880796147,10
-1321367.86753743,1846764.4880796147,10
-1320904.5548209026,1846764.4880796147,16
-1320441.242104375,1846764.4880796147,16
-1319977.9293878477,1846764.4880796147,16
-1319514.61667132,1846764.4880796147,16
-1319051.3039547927,1846764.4880796147,16
-1318587.991238265,1846764.4880796147,16
-1318124.6785217377,1846764.4880796147,16
-1317661.36580521,1846764.4880796147,16
-1317198.0530886827,1846764.4880796147,16
-1316734.740372155,1846764.4880796147,16
-1316271.4276556277,1846764.4880796147,16
-1315808.1149391,1846764.4880796147,16
-1315344.8022225727,1846764.4880796147,16
-1314881.4895060451,1846764.4880796147,16
-1314418.1767895175,1846764.4880796147,16
-1313954.8640729901,1846764.4880796147,16
-1313491.5513564625,1846764.4880796147,7
-1313028.2386399352,1846764.4880796147,10
-1312564.9259234075,1846764.4880796147,16
-1312101.6132068802,1846764.4880796147,16
-1311638.3004903526,1846764.4880796147,16
-1311174.9877738252,1846764.4880796147,16
-1310711.6750572976,1846764.4880796147,16
-1310248.3623407702,1846764.4880796147,16
-1309785.0496242426,1846764.4880796147,16
-1309321.7369077152,1846764.4880796147,16
-1308858.4241911876,1846764.4880796147,16
-1308395.1114746602,1846764.4880796147,16
-1307931.7987581326,1846764.4880796147,16
-1307468.486041605,1846764.4880796147,16
-1307005.1733250776,1846764.4880796147,16
-1306541.86060855,1846764.4880796147,16
-1306078.5478920226,1846764.4880796147,10
-1305615.235175495,1846764.4880796147,16
-1305151.9224589677,1846764.4880796147,16
-1304688.60974244,1846764.4880796147,16
-1304225.2970259127,1846764.4880796147,16
-1303761.984309385,1846764.4880796147,16
-1303298.6715928577,1846764.4880796147,16
-1302835.35887633,1846764.4880796147,16
-1302372.0461598027,1846764.4880796147,16
-1301908.733443275,1846764.4880796147,16
-1301445.4207267477,1846764.4880796147,16
-1300982.10801022,1846764.4880796147,16
-1300518.7952936925,1846764.4880796147,16
-1300055.4825771651,1846764.4880796147,16
-1299592.1698606375,1846764.4880796147,16
-1299128.8571441101,1846764.4880796147,16
-1298665.5444275825,1846764.4880796147,16
-1298202.2317110552,1846764.4880796147,16
-1297738.9189945275,1846764.4880796147,16
-1297275.6062780002,1846764.4880796147,16
-1296812.2935614726,1846764.4880796147,16
-1296348.9808449452,1846764.4880796147,16
-1295885.6681284176,1846764.4880796147,16
-1295422.3554118902,1846764.4880796147,16
-1294959.0426953626,1846764.4880796147,16
-1294495.7299788352,1846764.4880796147,16
-1294032.4172623076,1846764.4880796147,10
-1293569.10454578,1846764.4880796147,10
-1293105.7918292526,1846764.4880796147,10
-1292642.479112725,1846764.4880796147,10
-1292179.1663961976,1846764.4880796147,10
-1291715.85367967,1846764.4880796147,10
-1291252.5409631426,1846764.4880796147,10
-1290789.228246615,1846764.4880796147,16
-1290325.9155300877,1846764.4880796147,10
-1289862.60281356,1846764.4880796147,10
-1289399.2900970327,1846764.4880796147,10
-1288935.977380505,1846764.4880796147,10
-1288472.6646639777,1846764.4880796147,10
-1288009.35194745,1846764.4880796147,10
-1287546.0392309227,1846764.4880796147,10
-1287082.726514395,1846764.4880796147,10
-1286619.4137978677,1846764.4880796147,10
-1286156.10108134,1846764.4880796147,10
-1285692.7883648127,1846764.4880796147,10
-1285229.4756482851,1846764.4880796147,10
-1284766.1629317575,1846764.4880796147,10
-1284302.8502152301,1846764.4880796147,10
-1283839.5374987025,1846764.4880796147,16
-1283376.2247821752,1846764.4880796147,16
-1282912.9120656475,1846764.4880796147,10
-1282449.5993491202,1846764.4880796147,10
-1281986.2866325926,1846764.4880796147,10
-1281522.9739160652,1846764.4880796147,10
-1281059.6611995376,1846764.4880796147,10
-1280596.3484830102,1846764.4880796147,10
-1280133.0357664826,1846764.4880796147,10
-1279669.7230499552,1846764.4880796147,10
-1279206.4103334276,1846764.4880796147,10
-1278743.0976169002,1846764.4880796147,10
-1278279.7849003726,1846764.4880796147,10
-1277816.472183845,1846764.4880796147,10
-1277353.1594673176,1846764.4880796147,10
-1276889.84675079,1846764.4880796147,10
-1276426.5340342626,1846764.4880796147,16
-1275963.221317735,1846764.4880796147,16
-1275499.9086012077,1846764.4880796147,10
-1275036.59588468,1846764.4880796147,10
-1274573.2831681527,1846764.4880796147,10
-1274109.970451625,1846764.4880796147,10
-1273646.6577350977,1846764.4880796147,10
-1273183.34501857,1846764.4880796147,10
-1272720.0323020427,1846764.4880796147,10
-1272256.719585515,1846764.4880796147,10
-1271793.4068689877,1846764.4880796147,10
-1271330.09415246,1846764.4880796147,10
-1270866.7814359325,1846764.4880796147,10
-1270403.4687194051,1846764.4880796147,10
-1269940.1560028775,1846764.4880796147,10
-1269476.8432863501,1846764.4880796147,10
-1269013.5305698225,1846764.4880796147,10
-1268550.2178532952,1846764.4880796147,10
-1268086.9051367675,1846764.4880796147,10
-1267623.5924202402,1846764.4880796147,10
-1267160.2797037126,1846764.4880796147,10
-1266696.9669871852,1846764.4880796147,10
-1266233.6542706576,1846764.4880796147,10
-1265770.3415541302,1846764.4880796147,10
-1265307.0288376026,1846764.4880796147,10
-1264843.7161210752,1846764.4880796147,10
-1264380.4034045476,1846764.4880796147,10
-1263917.09068802,1846764.4880796147,10
-1263453.7779714926,1846764.4880796147,10
-1262990.465254965,1846764.4880796147,10
-1262527.1525384376,1846764.4880796147,10
-1262063.83982191,1846764.4880796147,10
-1261600.5271053826,1846764.4880796147,10
-1261137.214388855,1846764.4880796147,10
-1260673.9016723277,1846764.4880796147,10
-1260210.5889558,1846764.4880796147,10
-1259747.2762392727,1846764.4880796147,10
-1259283.963522745,1846764.4880796147,10
-1258820.6508062177,1846764.4880796147,10
-1258357.33808969,1846764.4880796147,10
-1257894.0253731627,1846764.4880796147,10
-1257430.712656635,1846764.4880796147,10
-1256967.3999401077,1846764.4880796147,10
-1256504.08722358,1846764.4880796147,10
-1256040.7745070527,1846764.4880796147,10
-1255577.4617905251,1846764.4880796147,10
-1255114.1490739975,1846764.4880796147,10
-1254650.8363574701,1846764.4880796147,10
-1254187.5236409425,1846764.4880796147,10
-1253724.2109244152,1846764.4880796147,10
-1253260.8982078875,1846764.4880796147,10
-1252797.5854913602,1846764.4880796147,10
-1252334.2727748326,1846764.4880796147,10
-1251870.9600583052,1846764.4880796147,10
-1251407.6473417776,1846764.4880796147,10
-1250944.3346252502,1846764.4880796147,10
-1250481.0219087226,1846764.4880796147,10
-1250017.7091921952,1846764.4880796147,10
-1249554.3964756676,1846764.4880796147,10
-1249091.0837591402,1846764.4880796147,10
-1248627.7710426126,1846764.4880796147,10
-1248164.458326085,1846764.4880796147,10
-1247701.1456095576,1846764.4880796147,10
-1247237.83289303,1846764.4880796147,10
-1246774.5201765026,1846764.4880796147,10
-1246311.207459975,1846764.4880796147,10
-1245847.8947434477,1846764.4880796147,10
-1245384.58202692,1846764.4880796147,10
-1244921.2693103927,1846764.4880796147,10
-1244457.956593865,1846764.4880796147,10
-1243994.6438773377,1846764.4880796147,10
-1243531.33116081,1846764.4880796147,10
-1243068.0184442827,1846764.4880796147,10
-1242604.705727755,1846764.4880796147,10
-1242141.3930112277,1846764.4880796147,10
-1241678.0802947,1846764.4880796147,10
-1241214.7675781725,1846764.4880796147,10
-1240751.4548616451,1846764.4880796147,10
-1240288.1421451175,1846764.4880796147,10
-1239824.8294285901,1846764.4880796147,10
-1239361.5167120625,1846764.4880796147,10
-1238898.2039955352,1846764.4880796147,10
-1238434.8912790075,1846764.4880796147,10
-1237971.5785624802,1846764.4880796147,10
-1237508.2658459526,1846764.4880796147,10
-1237044.9531294252,1846764.4880796147,10
-1236581.6404128976,1846764.4880796147,10
-1236118.3276963702,1846764.4880796147,10
-1235655.0149798426,1846764.4880796147,10
-1235191.7022633152,1846764.4880796147,10
-1234728.3895467876,1846764.4880796147,10
-1234265.07683026,1846764.4880796147,10
-1233801.7641137326,1846764.4880796147,10
-1233338.4513972052,1846764.4880796147,10
-1232875.1386806776,1846764.4880796147,10
-1232411.82596415,1846764.4880796147,10
-1231948.5132476226,1846764.4880796147,10
-1231485.200531095,1846764.4880796147,10
-1231021.8878145677,1846764.4880796147,10
-1230558.57509804,1846764.4880796147,10
-1230095.2623815127,1846764.4880796147,10
-1229631.949664985,1846764.4880796147,10
-1229168.6369484577,1846764.4880796147,10
-1228705.32423193,1846764.4880796147,10
-1228242.0115154027,1846764.4880796147,10
-1227778.698798875,1846764.4880796147,10
-1227315.3860823475,1846764.4880796147,10
-1226852.07336582,1846764.4880796147,10
-1226388.7606492927,1846764.4880796147,10
-1225925.4479327651,1846764.4880796147,10
-1225462.1352162375,1846764.4880796147,10
-1224998.8224997101,1846764.4880796147,10
-1224535.5097831825,1846764.4880796147,10
-1224072.1970666551,1846764.4880796147,10
-1223608.8843501275,1846764.4880796147,10
-1223145.5716336002,1846764.4880796147,10
-1222682.2589170726,1846764.4880796147,10
-1222218.9462005452,1846764.4880796147,10
-1221755.6334840176,1846764.4880796147,10
-1221292.3207674902,1846764.4880796147,10
-1220829.0080509626,1846764.4880796147,10
-1220365.6953344352,1846764.4880796147,10
-1219902.3826179076,1846764.4880796147,10
-1219439.0699013802,1846764.4880796147,10
-1218975.7571848526,1846764.4880796147,10
-1218512.444468325,1846764.4880796147,10
-1218049.1317517976,1846764.4880796147,10
-1217585.81903527,1846764.4880796147,10
-1217122.5063187426,1846764.4880796147,10
-1216659.193602215,1846764.4880796147,10
-1216195.8808856877,1846764.4880796147,10
-1215732.56816916,1846764.4880796147,10
-1215269.2554526327,1846764.4880796147,10
-1214805.942736105,1846764.4880796147,10
-1214342.6300195777,1846764.4880796147,10
-1213879.31730305,1846764.4880796147,10
-1213416.0045865227,1846764.4880796147,10
-1212952.691869995,1846764.4880796147,10
-1212489.3791534677,1846764.4880796147,10
-1212026.06643694,1846764.4880796147,10
-1211562.7537204125,1846764.4880796147,10
-1211099.4410038851,1846764.4880796147,10
-1210636.1282873575,1846764.4880796147,10
-1210172.8155708301,1846764.4880796147,10
-1209709.5028543025,1846764.4880796147,10
-1209246.1901377751,1846764.4880796147,10
-1208782.8774212475,1846764.4880796147,10
-1208319.5647047202,1846764.4880796147,10
-1207856.2519881926,1846764.4880796147,10
-1207392.9392716652,1846764.4880796147,10
-1206929.6265551376,1846764.4880796147,10
-1206466.3138386102,1846764.4880796147,10
-1206003.0011220826,1846764.4880796147,10
-1205539.6884055552,1846764.4880796147,10
-1205076.3756890276,1846764.4880796147,10
-1204613.0629725,1846764.4880796147,10
-1204149.7502559726,1846764.4880796147,10
-1203686.4375394452,1846764.4880796147,10
-1203223.1248229176,1846764.4880796147,10
-1202759.81210639,1846764.4880796147,10
-1202296.4993898626,1846764.4880796147,10
-1201833.186673335,1846764.4880796147,10
-1201369.8739568077,1846764.4880796147,10
-1200906.56124028,1846764.4880796147,10
-1200443.2485237527,1846764.4880796147,10
-1199979.935807225,1846764.4880796147,10
-1199516.6230906977,1846764.4880796147,10
-1199053.31037417,1846764.4880796147,10
-1198589.9976576427,1846764.4880796147,10
-1198126.684941115,1846764.4880796147,10
-1197663.3722245875,1846764.4880796147,10
-1197200.05950806,1846764.4880796147,10
-1196736.7467915327,1846764.4880796147,10
-1196273.4340750051,1846764.4880796147,10
-1195810.1213584775,1846764.4880796147,10
-1195346.8086419501,1846764.4880796147,10
-1194883.4959254225,1846764.4880796147,10
-1194420.1832088951,1846764.4880796147,10
-1193956.8704923675,1846764.4880796147,10
-1193493.5577758402,1846764.4880796147,10
-1193030.2450593126,1846764.4880796147,10
-1192566.9323427852,1846764.4880796147,10
-1192103.6196262576,1846764.4880796147,10
-1191640.3069097302,1846764.4880796147,10
-1191176.9941932026,1846764.4880796147,10
-1190713.6814766752,1846764.4880796147,10
-1190250.3687601476,1846764.4880796147,10
-1189787.0560436202,1846764.4880796147,10
-1189323.7433270926,1846764.4880796147,10
-1188860.430610565,1846764.4880796147,10
-1188397.1178940376,1846764.4880796147,10
-1187933.80517751,1846764.4880796147,10
-1187470.4924609826,1846764.4880796147,10
-1187007.179744455,1846764.4880796147,10
-1186543.8670279277,1846764.4880796147,10
-1186080.5543114,1846764.4880796147,10
-1185617.2415948727,1846764.4880796147,10
-1185153.928878345,1846764.4880796147,10
-1184690.6161618177,1846764.4880796147,10
-1184227.30344529,1846764.4880796147,10
-1183763.9907287627,1846764.4880796147,10
-1183300.678012235,1846764.4880796147,10
-1182837.3652957077,1846764.4880796147,10
-1182374.05257918,1846764.4880796147,10
-1181910.7398626525,1846764.4880796147,10
-1181447.4271461251,1846764.4880796147,10
-1180984.1144295975,1846764.4880796147,10
-1180520.8017130701,1846764.4880796147,10
-1180057.4889965425,1846764.4880796147,10
-1179594.1762800151,1846764.4880796147,10
-1179130.8635634875,1846764.4880796147,10
-1178667.5508469602,1846764.4880796147,10
-1178204.2381304326,1846764.4880796147,10
-1177740.9254139052,1846764.4880796147,10
-1177277.6126973776,1846764.4880796147,10
-1176814.2999808502,1846764.4880796147,10
-1176350.9872643226,1846764.4880796147,10
-1175887.6745477952,1846764.4880796147,10
-1175424.3618312676,1846764.4880796147,10
-1174961.04911474,1846764.4880796147,10
-1174497.7363982126,1846764.4880796147,10
-1174034.4236816852,1846764.4880796147,10
-1173571.1109651576,1846764.4880796147,10
-1173107.79824863,1846764.4880796147,10
-1172644.4855321026,1846764.4880796147,10
-1172181.172815575,1846764.4880796147,10
-1171717.8600990477,1846764.4880796147,10
-1171254.54738252,1846764.4880796147,10
-1170791.2346659927,1846764.4880796147,10
-1170327.921949465,1846764.4880796147,10
-1169864.6092329377,1846764.4880796147,10
-1169401.29651641,1846764.4880796147,10
-1168937.9837998827,1846764.4880796147,10
-1168474.671083355,1846764.4880796147,10
-1168011.3583668275,1846764.4880796147,10
-1167548.0456503,1846764.4880796147,10
-1167084.7329337727,1846764.4880796147,10
-1166621.4202172451,1846764.4880796147,10
-1166158.1075007175,1846764.4880796147,10
-1165694.7947841901,1846764.4880796147,10
-1165231.4820676625,1846764.4880796147,10
-1164768.1693511351,1846764.4880796147,10
-1164304.8566346075,1846764.4880796147,10
-1163841.5439180802,1846764.4880796147,10
-1163378.2312015526,1846764.4880796147,10
-1162914.9184850252,1846764.4880796147,10
-1162451.6057684976,1846764.4880796147,10
-1161988.2930519702,1846764.4880796147,10
-1161524.9803354426,1846764.4880796147,10
-1161061.6676189152,1846764.4880796147,10
-1160598.3549023876,1846764.4880796147,10
-1160135.0421858602,1846764.4880796147,10
-1159671.7294693326,1846764.4880796147,10
-1159208.416752805,1846764.4880796147,10
-1158745.1040362776,1846764.4880796147,10
-1158281.79131975,1846764.4880796147,10
-1157818.4786032226,1846764.4880796147,10
-1157355.165886695,1846764.4880796147,10
-1156891.8531701677,1846764.4880796147,10
-1156428.54045364,1846764.4880796147,10
-1155965.2277371127,1846764.4880796147,10
-1155501.915020585,1846764.4880796147,10
-1155038.6023040577,1846764.4880796147,10
-1154575.28958753,1846764.4880796147,10
-1359822.8230092125,1846301.175363087,7
-1359359.5102926851,1846301.175363087,10
-1358896.1975761575,1846301.175363087,10
-1358432.8848596301,1846301.175363087,10
-1357969.5721431025,1846301.175363087,10
-1357506.2594265752,1846301.175363087,10
-1357042.9467100475,1846301.175363087,10
-1356579.6339935202,1846301.175363087,10
-1356116.3212769926,1846301.175363087,10
-1355653.0085604652,1846301.175363087,10
-1355189.6958439376,1846301.175363087,10
-1354726.3831274102,1846301.175363087,10
-1354263.0704108826,1846301.175363087,16
-1353799.7576943552,1846301.175363087,16
-1353336.4449778276,1846301.175363087,10
-1352873.1322613002,1846301.175363087,10
-1352409.8195447726,1846301.175363087,16
-1351946.506828245,1846301.175363087,16
-1351483.1941117176,1846301.175363087,16
-1351019.88139519,1846301.175363087,10
-1350556.5686786626,1846301.175363087,16
-1350093.255962135,1846301.175363087,16
-1349629.9432456077,1846301.175363087,16
-1349166.63052908,1846301.175363087,16
-1348703.3178125527,1846301.175363087,16
-1348240.005096025,1846301.175363087,10
-1347776.6923794977,1846301.175363087,16
-1347313.37966297,1846301.175363087,16
-1346850.0669464427,1846301.175363087,16
-1346386.754229915,1846301.175363087,16
-1345923.4415133877,1846301.175363087,16
-1345460.12879686,1846301.175363087,16
-1344996.8160803327,1846301.175363087,16
-1344533.5033638051,1846301.175363087,16
-1344070.1906472775,1846301.175363087,16
-1343606.8779307501,1846301.175363087,16
-1343143.5652142225,1846301.175363087,16
-1342680.2524976952,1846301.175363087,16
-1342216.9397811675,1846301.175363087,16
-1341753.6270646402,1846301.175363087,16
-1341290.3143481126,1846301.175363087,16
-1340827.0016315852,1846301.175363087,16
-1340363.6889150576,1846301.175363087,16
-1339900.3761985302,1846301.175363087,16
-1339437.0634820026,1846301.175363087,16
-1338973.7507654752,1846301.175363087,10
-1338510.4380489476,1846301.175363087,10
-1338047.1253324202,1846301.175363087,16
-1337583.8126158926,1846301.175363087,16
-1337120.499899365,1846301.175363087,16
-1336657.1871828376,1846301.175363087,16
-1336193.87446631,1846301.175363087,16
-1335730.5617497826,1846301.175363087,16
-1335267.249033255,1846301.175363087,16
-1334803.9363167277,1846301.175363087,16
-1334340.6236002,1846301.175363087,16
-1333877.3108836727,1846301.175363087,16
-1333413.998167145,1846301.175363087,16
-1332950.6854506177,1846301.175363087,16
-1332487.37273409,1846301.175363087,16
-1332024.0600175627,1846301.175363087,16
-1331560.747301035,1846301.175363087,16
-1331097.4345845077,1846301.175363087,16
-1330634.12186798,1846301.175363087,16
-1330170.8091514525,1846301.175363087,16
-1329707.4964349251,1846301.175363087,16
-1329244.1837183975,1846301.175363087,16
-1328780.8710018701,1846301.175363087,16
-1328317.5582853425,1846301.175363087,16
-1327854.2455688152,1846301.175363087,16
-1327390.9328522875,1846301.175363087,16
-1326927.6201357602,1846301.175363087,16
-1326464.3074192326,1846301.175363087,16
-1326000.9947027052,1846301.175363087,16
-1325537.6819861776,1846301.175363087,16
-1325074.3692696502,1846301.175363087,16
-1324611.0565531226,1846301.175363087,16
-1324147.7438365952,1846301.175363087,16
-1323684.4311200676,1846301.175363087,16
-1323221.11840354,1846301.175363087,10
-1322757.8056870126,1846301.175363087,10
-1322294.492970485,1846301.175363087,10
-1321831.1802539576,1846301.175363087,10
-1321367.86753743,1846301.175363087,10
-1320904.5548209026,1846301.175363087,16
-1320441.242104375,1846301.175363087,16
-1319977.9293878477,1846301.175363087,16
-1319514.61667132,1846301.175363087,16
-1319051.3039547927,1846301.175363087,16
-1318587.991238265,1846301.175363087,16
-1318124.6785217377,1846301.175363087,16
-1317661.36580521,1846301.175363087,16
-1317198.0530886827,1846301.175363087,16
-1316734.740372155,1846301.175363087,16
-1316271.4276556277,1846301.175363087,16
-1315808.1149391,1846301.175363087,16
-1315344.8022225727,1846301.175363087,16
-1314881.4895060451,1846301.175363087,16
-1314418.1767895175,1846301.175363087,16
-1313954.8640729901,1846301.175363087,16
-1313491.5513564625,1846301.175363087,16
-1313028.2386399352,1846301.175363087,16
-1312564.9259234075,1846301.175363087,16
-1312101.6132068802,1846301.175363087,16
-1311638.3004903526,1846301.175363087,16
-1311174.9877738252,1846301.175363087,16
-1310711.6750572976,1846301.175363087,16
-1310248.3623407702,1846301.175363087,16
-1309785.0496242426,1846301.175363087,16
-1309321.7369077152,1846301.175363087,16
-1308858.4241911876,1846301.175363087,16
-1308395.1114746602,1846301.175363087,16
-1307931.7987581326,1846301.175363087,16
-1307468.486041605,1846301.175363087,10
-1307005.1733250776,1846301.175363087,7
-1306541.86060855,1846301.175363087,7
-1306078.5478920226,1846301.175363087,7
-1305615.235175495,1846301.175363087,16
-1305151.9224589677,1846301.175363087,16
-1304688.60974244,1846301.175363087,16
-1304225.2970259127,1846301.175363087,16
-1303761.984309385,1846301.175363087,16
-1303298.6715928577,1846301.175363087,16
-1302835.35887633,1846301.175363087,16
-1302372.0461598027,1846301.175363087,16
-1301908.733443275,1846301.175363087,16
-1301445.4207267477,1846301.175363087,16
-1300982.10801022,1846301.175363087,16
-1300518.7952936925,1846301.175363087,16
-1300055.4825771651,1846301.175363087,16
-1299592.1698606375,1846301.175363087,16
-1299128.8571441101,1846301.175363087,16
-1298665.5444275825,1846301.175363087,16
-1298202.2317110552,1846301.175363087,16
-1297738.9189945275,1846301.175363087,16
-1297275.6062780002,1846301.175363087,16
-1296812.2935614726,1846301.175363087,16
-1296348.9808449452,1846301.175363087,16
-1295885.6681284176,1846301.175363087,16
-1295422.3554118902,1846301.175363087,16
-1294959.0426953626,1846301.175363087,16
-1294495.7299788352,1846301.175363087,16
-1294032.4172623076,1846301.175363087,10
-1293569.10454578,1846301.175363087,10
-1293105.7918292526,1846301.175363087,10
-1292642.479112725,1846301.175363087,10
-1292179.1663961976,1846301.175363087,10
-1291715.85367967,1846301.175363087,10
-1291252.5409631426,1846301.175363087,10
-1290789.228246615,1846301.175363087,10
-1290325.9155300877,1846301.175363087,10
-1289862.60281356,1846301.175363087,10
-1289399.2900970327,1846301.175363087,10
-1288935.977380505,1846301.175363087,10
-1288472.6646639777,1846301.175363087,10
-1288009.35194745,1846301.175363087,10
-1287546.0392309227,1846301.175363087,10
-1287082.726514395,1846301.175363087,10
-1286619.4137978677,1846301.175363087,10
-1286156.10108134,1846301.175363087,10
-1285692.7883648127,1846301.175363087,10
-1285229.4756482851,1846301.175363087,10
-1284766.1629317575,1846301.175363087,10
-1284302.8502152301,1846301.175363087,10
-1283839.5374987025,1846301.175363087,10
-1283376.2247821752,1846301.175363087,10
-1282912.9120656475,1846301.175363087,10
-1282449.5993491202,1846301.175363087,10
-1281986.2866325926,1846301.175363087,10
-1281522.9739160652,1846301.175363087,10
-1281059.6611995376,1846301.175363087,10
-1280596.3484830102,1846301.175363087,10
-1280133.0357664826,1846301.175363087,10
-1279669.7230499552,1846301.175363087,10
-1279206.4103334276,1846301.175363087,10
-1278743.0976169002,1846301.175363087,10
-1278279.7849003726,1846301.175363087,10
-1277816.472183845,1846301.175363087,10
-1277353.1594673176,1846301.175363087,10
-1276889.84675079,1846301.175363087,10
-1276426.5340342626,1846301.175363087,16
-1275963.221317735,1846301.175363087,10
-1275499.9086012077,1846301.175363087,10
-1275036.59588468,1846301.175363087,10
-1274573.2831681527,1846301.175363087,10
-1274109.970451625,1846301.175363087,10
-1273646.6577350977,1846301.175363087,10
-1273183.34501857,1846301.175363087,10
-1272720.0323020427,1846301.175363087,10
-1272256.719585515,1846301.175363087,10
-1271793.4068689877,1846301.175363087,10
-1271330.09415246,1846301.175363087,10
-1270866.7814359325,1846301.175363087,10
-1270403.4687194051,1846301.175363087,10
-1269940.1560028775,1846301.175363087,10
-1269476.8432863501,1846301.175363087,10
-1269013.5305698225,1846301.175363087,10
-1268550.2178532952,1846301.175363087,10
-1268086.9051367675,1846301.175363087,10
-1267623.5924202402,1846301.175363087,10
-1267160.2797037126,1846301.175363087,10
-1266696.9669871852,1846301.175363087,10
-1266233.6542706576,1846301.175363087,10
-1265770.3415541302,1846301.175363087,10
-1265307.0288376026,1846301.175363087,10
-1264843.7161210752,1846301.175363087,10
-1264380.4034045476,1846301.175363087,10
-1263917.09068802,1846301.175363087,10
-1263453.7779714926,1846301.175363087,10
-1262990.465254965,1846301.175363087,10
-1262527.1525384376,1846301.175363087,10
-1262063.83982191,1846301.175363087,10
-1261600.5271053826,1846301.175363087,10
-1261137.214388855,1846301.175363087,10
-1260673.9016723277,1846301.175363087,10
-1260210.5889558,1846301.175363087,10
-1259747.2762392727,1846301.175363087,10
-1259283.963522745,1846301.175363087,10
-1258820.6508062177,1846301.175363087,10
-1258357.33808969,1846301.175363087,10
-1257894.0253731627,1846301.175363087,10
-1257430.712656635,1846301.175363087,10
-1256967.3999401077,1846301.175363087,10
-1256504.08722358,1846301.175363087,10
-1256040.7745070527,1846301.175363087,10
-1255577.4617905251,1846301.175363087,10
-1255114.1490739975,1846301.175363087,10
-1254650.8363574701,1846301.175363087,10
-1254187.5236409425,1846301.175363087,10
-1253724.2109244152,1846301.175363087,10
-1253260.8982078875,1846301.175363087,10
-1252797.5854913602,1846301.175363087,10
-1252334.2727748326,1846301.175363087,10
-1251870.9600583052,1846301.175363087,10
-1251407.6473417776,1846301.175363087,10
-1250944.3346252502,1846301.175363087,10
-1250481.0219087226,1846301.175363087,10
-1250017.7091921952,1846301.175363087,10
-1249554.3964756676,1846301.175363087,10
-1249091.0837591402,1846301.175363087,10
-1248627.7710426126,1846301.175363087,10
-1248164.458326085,1846301.175363087,10
-1247701.1456095576,1846301.175363087,10
-1247237.83289303,1846301.175363087,10
-1246774.5201765026,1846301.175363087,10
-1246311.207459975,1846301.175363087,10
-1245847.8947434477,1846301.175363087,10
-1245384.58202692,1846301.175363087,10
-1244921.2693103927,1846301.175363087,10
-1244457.956593865,1846301.175363087,10
-1243994.6438773377,1846301.175363087,10
-1243531.33116081,1846301.175363087,10
-1243068.0184442827,1846301.175363087,10
-1242604.705727755,1846301.175363087,10
-1242141.3930112277,1846301.175363087,10
-1241678.0802947,1846301.175363087,10
-1241214.7675781725,1846301.175363087,10
-1240751.4548616451,1846301.175363087,10
-1240288.1421451175,1846301.175363087,10
-1239824.8294285901,1846301.175363087,10
-1239361.5167120625,1846301.175363087,10
-1238898.2039955352,1846301.175363087,10
-1238434.8912790075,1846301.175363087,10
-1237971.5785624802,1846301.175363087,10
-1237508.2658459526,1846301.175363087,10
-1237044.9531294252,1846301.175363087,10
-1236581.6404128976,1846301.175363087,10
-1236118.3276963702,1846301.175363087,10
-1235655.0149798426,1846301.175363087,10
-1235191.7022633152,1846301.175363087,10
-1234728.3895467876,1846301.175363087,10
-1234265.07683026,1846301.175363087,10
-1233801.7641137326,1846301.175363087,10
-1233338.4513972052,1846301.175363087,10
-1232875.1386806776,1846301.175363087,10
-1232411.82596415,1846301.175363087,10
-1231948.5132476226,1846301.175363087,10
-1231485.200531095,1846301.175363087,10
-1231021.8878145677,1846301.175363087,10
-1230558.57509804,1846301.175363087,10
-1230095.2623815127,1846301.175363087,10
-1229631.949664985,1846301.175363087,10
-1229168.6369484577,1846301.175363087,10
-1228705.32423193,1846301.175363087,10
-1228242.0115154027,1846301.175363087,10
-1227778.698798875,1846301.175363087,10
-1227315.3860823475,1846301.175363087,10
-1226852.07336582,1846301.175363087,10
-1226388.7606492927,1846301.175363087,10
-1225925.4479327651,1846301.175363087,10
-1225462.1352162375,1846301.175363087,10
-1224998.8224997101,1846301.175363087,10
-1224535.5097831825,1846301.175363087,10
-1224072.1970666551,1846301.175363087,10
-1223608.8843501275,1846301.175363087,10
-1223145.5716336002,1846301.175363087,10
-1222682.2589170726,1846301.175363087,10
-1222218.9462005452,1846301.175363087,10
-1221755.6334840176,1846301.175363087,10
-1221292.3207674902,1846301.175363087,10
-1220829.0080509626,1846301.175363087,10
-1220365.6953344352,1846301.175363087,10
-1219902.3826179076,1846301.175363087,10
-1219439.0699013802,1846301.175363087,10
-1218975.7571848526,1846301.175363087,10
-1218512.444468325,1846301.175363087,10
-1218049.1317517976,1846301.175363087,10
-1217585.81903527,1846301.175363087,10
-1217122.5063187426,1846301.175363087,10
-1216659.193602215,1846301.175363087,10
-1216195.8808856877,1846301.175363087,10
-1215732.56816916,1846301.175363087,10
-1215269.2554526327,1846301.175363087,10
-1214805.942736105,1846301.175363087,10
-1214342.6300195777,1846301.175363087,10
-1213879.31730305,1846301.175363087,10
-1213416.0045865227,1846301.175363087,10
-1212952.691869995,1846301.175363087,10
-1212489.3791534677,1846301.175363087,10
-1212026.06643694,1846301.175363087,10
-1211562.7537204125,1846301.175363087,10
-1211099.4410038851,1846301.175363087,10
-1210636.1282873575,1846301.175363087,10
-1210172.8155708301,1846301.175363087,10
-1209709.5028543025,1846301.175363087,10
-1209246.1901377751,1846301.175363087,10
-1208782.8774212475,1846301.175363087,10
-1208319.5647047202,1846301.175363087,10
-1207856.2519881926,1846301.175363087,10
-1207392.9392716652,1846301.175363087,10
-1206929.6265551376,1846301.175363087,10
-1206466.3138386102,1846301.175363087,10
-1206003.0011220826,1846301.175363087,10
-1205539.6884055552,1846301.175363087,10
-1205076.3756890276,1846301.175363087,10
-1204613.0629725,1846301.175363087,10
-1204149.7502559726,1846301.175363087,10
-1203686.4375394452,1846301.175363087,10
-1203223.1248229176,1846301.175363087,10
-1202759.81210639,1846301.175363087,10
-1202296.4993898626,1846301.175363087,10
-1201833.186673335,1846301.175363087,10
-1201369.8739568077,1846301.175363087,10
-1200906.56124028,1846301.175363087,10
-1200443.2485237527,1846301.175363087,10
-1199979.935807225,1846301.175363087,10
-1199516.6230906977,1846301.175363087,10
-1199053.31037417,1846301.175363087,10
-1198589.9976576427,1846301.175363087,10
-1198126.684941115,1846301.175363087,10
-1197663.3722245875,1846301.175363087,10
-1197200.05950806,1846301.175363087,10
-1196736.7467915327,1846301.175363087,10
-1196273.4340750051,1846301.175363087,10
-1195810.1213584775,1846301.175363087,10
-1195346.8086419501,1846301.175363087,10
-1194883.4959254225,1846301.175363087,10
-1194420.1832088951,1846301.175363087,10
-1193956.8704923675,1846301.175363087,10
-1193493.5577758402,1846301.175363087,10
-1193030.2450593126,1846301.175363087,10
-1192566.9323427852,1846301.175363087,10
-1192103.6196262576,1846301.175363087,10
-1191640.3069097302,1846301.175363087,10
-1191176.9941932026,1846301.175363087,10
-1190713.6814766752,1846301.175363087,10
-1190250.3687601476,1846301.175363087,10
-1189787.0560436202,1846301.175363087,10
-1189323.7433270926,1846301.175363087,10
-1188860.430610565,1846301.175363087,10
-1188397.1178940376,1846301.175363087,10
-1187933.80517751,1846301.175363087,10
-1187470.4924609826,1846301.175363087,10
-1187007.179744455,1846301.175363087,10
-1186543.8670279277,1846301.175363087,10
-1186080.5543114,1846301.175363087,10
-1185617.2415948727,1846301.175363087,10
-1185153.928878345,1846301.175363087,10
-1184690.6161618177,1846301.175363087,10
-1184227.30344529,1846301.175363087,10
-1183763.9907287627,1846301.175363087,10
-1183300.678012235,1846301.175363087,10
-1182837.3652957077,1846301.175363087,10
-1182374.05257918,1846301.175363087,10
-1181910.7398626525,1846301.175363087,10
-1181447.4271461251,1846301.175363087,10
-1180984.1144295975,1846301.175363087,10
-1180520.8017130701,1846301.175363087,10
-1180057.4889965425,1846301.175363087,10
-1179594.1762800151,1846301.175363087,10
-1179130.8635634875,1846301.175363087,10
-1178667.5508469602,1846301.175363087,10
-1178204.2381304326,1846301.175363087,10
-1177740.9254139052,1846301.175363087,10
-1177277.6126973776,1846301.175363087,10
-1176814.2999808502,1846301.175363087,10
-1176350.9872643226,1846301.175363087,10
-1175887.6745477952,1846301.175363087,10
-1175424.3618312676,1846301.175363087,10
-1174961.04911474,1846301.175363087,10
-1174497.7363982126,1846301.175363087,10
-1174034.4236816852,1846301.175363087,10
-1173571.1109651576,1846301.175363087,10
-1173107.79824863,1846301.175363087,10
-1172644.4855321026,1846301.175363087,10
-1172181.172815575,1846301.175363087,10
-1171717.8600990477,1846301.175363087,10
-1171254.54738252,1846301.175363087,10
-1170791.2346659927,1846301.175363087,10
-1170327.921949465,1846301.175363087,10
-1169864.6092329377,1846301.175363087,10
-1169401.29651641,1846301.175363087,10
-1168937.9837998827,1846301.175363087,10
-1168474.671083355,1846301.175363087,10
-1168011.3583668275,1846301.175363087,10
-1167548.0456503,1846301.175363087,10
-1167084.7329337727,1846301.175363087,10
-1166621.4202172451,1846301.175363087,10
-1166158.1075007175,1846301.175363087,10
-1165694.7947841901,1846301.175363087,10
-1165231.4820676625,1846301.175363087,10
-1164768.1693511351,1846301.175363087,10
-1164304.8566346075,1846301.175363087,10
-1163841.5439180802,1846301.175363087,10
-1163378.2312015526,1846301.175363087,10
-1162914.9184850252,1846301.175363087,10
-1162451.6057684976,1846301.175363087,10
-1161988.2930519702,1846301.175363087,10
-1161524.9803354426,1846301.175363087,10
-1161061.6676189152,1846301.175363087,10
-1160598.3549023876,1846301.175363087,10
-1160135.0421858602,1846301.175363087,10
-1159671.7294693326,1846301.175363087,10
-1159208.416752805,1846301.175363087,10
-1158745.1040362776,1846301.175363087,10
-1158281.79131975,1846301.175363087,10
-1157818.4786032226,1846301.175363087,10
-1157355.165886695,1846301.175363087,10
-1156891.8531701677,1846301.175363087,10
-1156428.54045364,1846301.175363087,10
-1155965.2277371127,1846301.175363087,10
-1155501.915020585,1846301.175363087,10
-1155038.6023040577,1846301.175363087,10
-1154575.28958753,1846301.175363087,10
-1154111.9768710027,1846301.175363087,10
-1153648.664154475,1846301.175363087,10
-1359822.8230092125,1845837.8626465597,7
-1359359.5102926851,1845837.8626465597,10
-1358896.1975761575,1845837.8626465597,10
-1358432.8848596301,1845837.8626465597,10
-1357969.5721431025,1845837.8626465597,10
-1357506.2594265752,1845837.8626465597,10
-1357042.9467100475,1845837.8626465597,10
-1356579.6339935202,1845837.8626465597,10
-1356116.3212769926,1845837.8626465597,10
-1355653.0085604652,1845837.8626465597,10
-1355189.6958439376,1845837.8626465597,10
-1354726.3831274102,1845837.8626465597,10
-1354263.0704108826,1845837.8626465597,16
-1353799.7576943552,1845837.8626465597,16
-1353336.4449778276,1845837.8626465597,10
-1352873.1322613002,1845837.8626465597,10
-1352409.8195447726,1845837.8626465597,16
-1351946.506828245,1845837.8626465597,16
-1351483.1941117176,1845837.8626465597,10
-1351019.88139519,1845837.8626465597,10
-1350556.5686786626,1845837.8626465597,16
-1350093.255962135,1845837.8626465597,16
-1349629.9432456077,1845837.8626465597,16
-1349166.63052908,1845837.8626465597,16
-1348703.3178125527,1845837.8626465597,10
-1348240.005096025,1845837.8626465597,10
-1347776.6923794977,1845837.8626465597,16
-1347313.37966297,1845837.8626465597,16
-1346850.0669464427,1845837.8626465597,16
-1346386.754229915,1845837.8626465597,16
-1345923.4415133877,1845837.8626465597,16
-1345460.12879686,1845837.8626465597,16
-1344996.8160803327,1845837.8626465597,16
-1344533.5033638051,1845837.8626465597,16
-1344070.1906472775,1845837.8626465597,16
-1343606.8779307501,1845837.8626465597,16
-1343143.5652142225,1845837.8626465597,16
-1342680.2524976952,1845837.8626465597,16
-1342216.9397811675,1845837.8626465597,16
-1341753.6270646402,1845837.8626465597,16
-1341290.3143481126,1845837.8626465597,16
-1340827.0016315852,1845837.8626465597,16
-1340363.6889150576,1845837.8626465597,16
-1339900.3761985302,1845837.8626465597,16
-1339437.0634820026,1845837.8626465597,16
-1338973.7507654752,1845837.8626465597,10
-1338510.4380489476,1845837.8626465597,10
-1338047.1253324202,1845837.8626465597,16
-1337583.8126158926,1845837.8626465597,16
-1337120.499899365,1845837.8626465597,16
-1336657.1871828376,1845837.8626465597,16
-1336193.87446631,1845837.8626465597,16
-1335730.5617497826,1845837.8626465597,16
-1335267.249033255,1845837.8626465597,16
-1334803.9363167277,1845837.8626465597,16
-1334340.6236002,1845837.8626465597,16
-1333877.3108836727,1845837.8626465597,16
-1333413.998167145,1845837.8626465597,16
-1332950.6854506177,1845837.8626465597,16
-1332487.37273409,1845837.8626465597,16
-1332024.0600175627,1845837.8626465597,16
-1331560.747301035,1845837.8626465597,16
-1331097.4345845077,1845837.8626465597,16
-1330634.12186798,1845837.8626465597,16
-1330170.8091514525,1845837.8626465597,16
-1329707.4964349251,1845837.8626465597,16
-1329244.1837183975,1845837.8626465597,16
-1328780.8710018701,1845837.8626465597,16
-1328317.5582853425,1845837.8626465597,16
-1327854.2455688152,1845837.8626465597,16
-1327390.9328522875,1845837.8626465597,16
-1326927.6201357602,1845837.8626465597,16
-1326464.3074192326,1845837.8626465597,16
-1326000.9947027052,1845837.8626465597,16
-1325537.6819861776,1845837.8626465597,16
-1325074.3692696502,1845837.8626465597,16
-1324611.0565531226,1845837.8626465597,16
-1324147.7438365952,1845837.8626465597,16
-1323684.4311200676,1845837.8626465597,16
-1323221.11840354,1845837.8626465597,10
-1322757.8056870126,1845837.8626465597,10
-1322294.492970485,1845837.8626465597,10
-1321831.1802539576,1845837.8626465597,10
-1321367.86753743,1845837.8626465597,10
-1320904.5548209026,1845837.8626465597,16
-1320441.242104375,1845837.8626465597,16
-1319977.9293878477,1845837.8626465597,16
-1319514.61667132,1845837.8626465597,16
-1319051.3039547927,1845837.8626465597,16
-1318587.991238265,1845837.8626465597,16
-1318124.6785217377,1845837.8626465597,16
-1317661.36580521,1845837.8626465597,16
-1317198.0530886827,1845837.8626465597,16
-1316734.740372155,1845837.8626465597,16
-1316271.4276556277,1845837.8626465597,16
-1315808.1149391,1845837.8626465597,16
-1315344.8022225727,1845837.8626465597,16
-1314881.4895060451,1845837.8626465597,16
-1314418.1767895175,1845837.8626465597,16
-1313954.8640729901,1845837.8626465597,16
-1313491.5513564625,1845837.8626465597,16
-1313028.2386399352,1845837.8626465597,16
-1312564.9259234075,1845837.8626465597,16
-1312101.6132068802,1845837.8626465597,16
-1311638.3004903526,1845837.8626465597,16
-1311174.9877738252,1845837.8626465597,16
-1310711.6750572976,1845837.8626465597,16
-1310248.3623407702,1845837.8626465597,16
-1309785.0496242426,1845837.8626465597,16
-1309321.7369077152,1845837.8626465597,16
-1308858.4241911876,1845837.8626465597,16
-1308395.1114746602,1845837.8626465597,16
-1307931.7987581326,1845837.8626465597,16
-1307468.486041605,1845837.8626465597,7
-1307005.1733250776,1845837.8626465597,7
-1306541.86060855,1845837.8626465597,16
-1306078.5478920226,1845837.8626465597,16
-1305615.235175495,1845837.8626465597,16
-1305151.9224589677,1845837.8626465597,16
-1304688.60974244,1845837.8626465597,16
-1304225.2970259127,1845837.8626465597,16
-1303761.984309385,1845837.8626465597,16
-1303298.6715928577,1845837.8626465597,16
-1302835.35887633,1845837.8626465597,16
-1302372.0461598027,1845837.8626465597,16
-1301908.733443275,1845837.8626465597,16
-1301445.4207267477,1845837.8626465597,16
-1300982.10801022,1845837.8626465597,16
-1300518.7952936925,1845837.8626465597,16
-1300055.4825771651,1845837.8626465597,16
-1299592.1698606375,1845837.8626465597,16
-1299128.8571441101,1845837.8626465597,16
-1298665.5444275825,1845837.8626465597,16
-1298202.2317110552,1845837.8626465597,16
-1297738.9189945275,1845837.8626465597,16
-1297275.6062780002,1845837.8626465597,16
-1296812.2935614726,1845837.8626465597,16
-1296348.9808449452,1845837.8626465597,16
-1295885.6681284176,1845837.8626465597,16
-1295422.3554118902,1845837.8626465597,16
-1294959.0426953626,1845837.8626465597,16
-1294495.7299788352,1845837.8626465597,16
-1294032.4172623076,1845837.8626465597,10
-1293569.10454578,1845837.8626465597,10
-1293105.7918292526,1845837.8626465597,10
-1292642.479112725,1845837.8626465597,10
-1292179.1663961976,1845837.8626465597,10
-1291715.85367967,1845837.8626465597,10
-1291252.5409631426,1845837.8626465597,10
-1290789.228246615,1845837.8626465597,10
-1290325.9155300877,1845837.8626465597,10
-1289862.60281356,1845837.8626465597,10
-1289399.2900970327,1845837.8626465597,10
-1288935.977380505,1845837.8626465597,10
-1288472.6646639777,1845837.8626465597,10
-1288009.35194745,1845837.8626465597,10
-1287546.0392309227,1845837.8626465597,10
-1287082.726514395,1845837.8626465597,10
-1286619.4137978677,1845837.8626465597,10
-1286156.10108134,1845837.8626465597,10
-1285692.7883648127,1845837.8626465597,10
-1285229.4756482851,1845837.8626465597,10
-1284766.1629317575,1845837.8626465597,10
-1284302.8502152301,1845837.8626465597,10
-1283839.5374987025,1845837.8626465597,10
-1283376.2247821752,1845837.8626465597,10
-1282912.9120656475,1845837.8626465597,10
-1282449.5993491202,1845837.8626465597,10
-1281986.2866325926,1845837.8626465597,10
-1281522.9739160652,1845837.8626465597,10
-1281059.6611995376,1845837.8626465597,10
-1280596.3484830102,1845837.8626465597,10
-1280133.0357664826,1845837.8626465597,10
-1279669.7230499552,1845837.8626465597,10
-1279206.4103334276,1845837.8626465597,10
-1278743.0976169002,1845837.8626465597,10
-1278279.7849003726,1845837.8626465597,10
-1277816.472183845,1845837.8626465597,10
-1277353.1594673176,1845837.8626465597,10
-1276889.84675079,1845837.8626465597,10
-1276426.5340342626,1845837.8626465597,10
-1275963.221317735,1845837.8626465597,16
-1275499.9086012077,1845837.8626465597,10
-1275036.59588468,1845837.8626465597,10
-1274573.2831681527,1845837.8626465597,10
-1274109.970451625,1845837.8626465597,10
-1273646.6577350977,1845837.8626465597,10
-1273183.34501857,1845837.8626465597,10
-1272720.0323020427,1845837.8626465597,10
-1272256.719585515,1845837.8626465597,10
-1271793.4068689877,1845837.8626465597,10
-1271330.09415246,1845837.8626465597,10
-1270866.7814359325,1845837.8626465597,10
-1270403.4687194051,1845837.8626465597,10
-1269940.1560028775,1845837.8626465597,10
-1269476.8432863501,1845837.8626465597,10
-1269013.5305698225,1845837.8626465597,10
-1268550.2178532952,1845837.8626465597,10
-1268086.9051367675,1845837.8626465597,10
-1267623.5924202402,1845837.8626465597,10
-1267160.2797037126,1845837.8626465597,10
-1266696.9669871852,1845837.8626465597,10
-1266233.6542706576,1845837.8626465597,10
-1265770.3415541302,1845837.8626465597,10
-1265307.0288376026,1845837.8626465597,10
-1264843.7161210752,1845837.8626465597,10
-1264380.4034045476,1845837.8626465597,10
-1263917.09068802,1845837.8626465597,10
-1263453.7779714926,1845837.8626465597,10
-1262990.465254965,1845837.8626465597,10
-1262527.1525384376,1845837.8626465597,10
-1262063.83982191,1845837.8626465597,10
-1261600.5271053826,1845837.8626465597,10
-1261137.214388855,1845837.8626465597,10
-1260673.9016723277,1845837.8626465597,10
-1260210.5889558,1845837.8626465597,10
-1259747.2762392727,1845837.8626465597,10
-1259283.963522745,1845837.8626465597,10
-1258820.6508062177,1845837.8626465597,10
-1258357.33808969,1845837.8626465597,10
-1257894.0253731627,1845837.8626465597,10
-1257430.712656635,1845837.8626465597,10
-1256967.3999401077,1845837.8626465597,10
-1256504.08722358,1845837.8626465597,10
-1256040.7745070527,1845837.8626465597,10
-1255577.4617905251,1845837.8626465597,10
-1255114.1490739975,1845837.8626465597,10
-1254650.8363574701,1845837.8626465597,10
-1254187.5236409425,1845837.8626465597,10
-1253724.2109244152,1845837.8626465597,10
-1253260.8982078875,1845837.8626465597,10
-1252797.5854913602,1845837.8626465597,10
-1252334.2727748326,1845837.8626465597,10
-1251870.9600583052,1845837.8626465597,10
-1251407.6473417776,1845837.8626465597,10
-1250944.3346252502,1845837.8626465597,10
-1250481.0219087226,1845837.8626465597,10
-1250017.7091921952,1845837.8626465597,10
-1249554.3964756676,1845837.8626465597,10
-1249091.0837591402,1845837.8626465597,10
-1248627.7710426126,1845837.8626465597,10
-1248164.458326085,1845837.8626465597,10
-1247701.1456095576,1845837.8626465597,10
-1247237.83289303,1845837.8626465597,10
-1246774.5201765026,1845837.8626465597,10
-1246311.207459975,1845837.8626465597,10
-1245847.8947434477,1845837.8626465597,10
-1245384.58202692,1845837.8626465597,10
-1244921.2693103927,1845837.8626465597,10
-1244457.956593865,1845837.8626465597,10
-1243994.6438773377,1845837.8626465597,10
-1243531.33116081,1845837.8626465597,10
-1243068.0184442827,1845837.8626465597,10
-1242604.705727755,1845837.8626465597,10
-1242141.3930112277,1845837.8626465597,10
-1241678.0802947,1845837.8626465597,10
-1241214.7675781725,1845837.8626465597,10
-1240751.4548616451,1845837.8626465597,10
-1240288.1421451175,1845837.8626465597,10
-1239824.8294285901,1845837.8626465597,10
-1239361.5167120625,1845837.8626465597,10
-1238898.2039955352,1845837.8626465597,10
-1238434.8912790075,1845837.8626465597,10
-1237971.5785624802,1845837.8626465597,10
-1237508.2658459526,1845837.8626465597,10
-1237044.9531294252,1845837.8626465597,10
-1236581.6404128976,1845837.8626465597,10
-1236118.3276963702,1845837.8626465597,10
-1235655.0149798426,1845837.8626465597,10
-1235191.7022633152,1845837.8626465597,10
-1234728.3895467876,1845837.8626465597,10
-1234265.07683026,1845837.8626465597,10
-1233801.7641137326,1845837.8626465597,10
-1233338.4513972052,1845837.8626465597,10
-1232875.1386806776,1845837.8626465597,10
-1232411.82596415,1845837.8626465597,10
-1231948.5132476226,1845837.8626465597,10
-1231485.200531095,1845837.8626465597,10
-1231021.8878145677,1845837.8626465597,10
-1230558.57509804,1845837.8626465597,10
-1230095.2623815127,1845837.8626465597,10
-1229631.949664985,1845837.8626465597,10
-1229168.6369484577,1845837.8626465597,10
-1228705.32423193,1845837.8626465597,10
-1228242.0115154027,1845837.8626465597,10
-1227778.698798875,1845837.8626465597,10
-1227315.3860823475,1845837.8626465597,10
-1226852.07336582,1845837.8626465597,10
-1226388.7606492927,1845837.8626465597,10
-1225925.4479327651,1845837.8626465597,10
-1225462.1352162375,1845837.8626465597,10
-1224998.8224997101,1845837.8626465597,10
-1224535.5097831825,1845837.8626465597,10
-1224072.1970666551,1845837.8626465597,10
-1223608.8843501275,1845837.8626465597,10
-1223145.5716336002,1845837.8626465597,10
-1222682.2589170726,1845837.8626465597,10
-1222218.9462005452,1845837.8626465597,10
-1221755.6334840176,1845837.8626465597,10
-1221292.3207674902,1845837.8626465597,10
-1220829.0080509626,1845837.8626465597,10
-1220365.6953344352,1845837.8626465597,10
-1219902.3826179076,1845837.8626465597,10
-1219439.0699013802,1845837.8626465597,10
-1218975.7571848526,1845837.8626465597,10
-1218512.444468325,1845837.8626465597,10
-1218049.1317517976,1845837.8626465597,10
-1217585.81903527,1845837.8626465597,10
-1217122.5063187426,1845837.8626465597,10
-1216659.193602215,1845837.8626465597,10
-1216195.8808856877,1845837.8626465597,10
-1215732.56816916,1845837.8626465597,10
-1215269.2554526327,1845837.8626465597,10
-1214805.942736105,1845837.8626465597,10
-1214342.6300195777,1845837.8626465597,10
-1213879.31730305,1845837.8626465597,10
-1213416.0045865227,1845837.8626465597,10
-1212952.691869995,1845837.8626465597,10
-1212489.3791534677,1845837.8626465597,10
-1212026.06643694,1845837.8626465597,10
-1211562.7537204125,1845837.8626465597,10
-1211099.4410038851,1845837.8626465597,10
-1210636.1282873575,1845837.8626465597,10
-1210172.8155708301,1845837.8626465597,10
-1209709.5028543025,1845837.8626465597,10
-1209246.1901377751,1845837.8626465597,10
-1208782.8774212475,1845837.8626465597,10
-1208319.5647047202,1845837.8626465597,10
-1207856.2519881926,1845837.8626465597,10
-1207392.9392716652,1845837.8626465597,10
-1206929.6265551376,1845837.8626465597,10
-1206466.3138386102,1845837.8626465597,10
-1206003.0011220826,1845837.8626465597,10
-1205539.6884055552,1845837.8626465597,10
-1205076.3756890276,1845837.8626465597,10
-1204613.0629725,1845837.8626465597,10
-1204149.7502559726,1845837.8626465597,10
-1203686.4375394452,1845837.8626465597,10
-1203223.1248229176,1845837.8626465597,10
-1202759.81210639,1845837.8626465597,10
-1202296.4993898626,1845837.8626465597,10
-1201833.186673335,1845837.8626465597,10
-1201369.8739568077,1845837.8626465597,10
-1200906.56124028,1845837.8626465597,10
-1200443.2485237527,1845837.8626465597,10
-1199979.935807225,1845837.8626465597,10
-1199516.6230906977,1845837.8626465597,10
-1199053.31037417,1845837.8626465597,10
-1198589.9976576427,1845837.8626465597,10
-1198126.684941115,1845837.8626465597,10
-1197663.3722245875,1845837.8626465597,10
-1197200.05950806,1845837.8626465597,10
-1196736.7467915327,1845837.8626465597,10
-1196273.4340750051,1845837.8626465597,10
-1195810.1213584775,1845837.8626465597,10
-1195346.8086419501,1845837.8626465597,10
-1194883.4959254225,1845837.8626465597,10
-1194420.1832088951,1845837.8626465597,10
-1193956.8704923675,1845837.8626465597,10
-1193493.5577758402,1845837.8626465597,10
-1193030.2450593126,1845837.8626465597,10
-1192566.9323427852,1845837.8626465597,10
-1192103.6196262576,1845837.8626465597,10
-1191640.3069097302,1845837.8626465597,10
-1191176.9941932026,1845837.8626465597,10
-1190713.6814766752,1845837.8626465597,10
-1190250.3687601476,1845837.8626465597,10
-1189787.0560436202,1845837.8626465597,10
-1189323.7433270926,1845837.8626465597,10
-1188860.430610565,1845837.8626465597,10
-1188397.1178940376,1845837.8626465597,10
-1187933.80517751,1845837.8626465597,10
-1187470.4924609826,1845837.8626465597,10
-1187007.179744455,1845837.8626465597,10
-1186543.8670279277,1845837.8626465597,10
-1186080.5543114,1845837.8626465597,10
-1185617.2415948727,1845837.8626465597,10
-1185153.928878345,1845837.8626465597,10
-1184690.6161618177,1845837.8626465597,10
-1184227.30344529,1845837.8626465597,10
-1183763.9907287627,1845837.8626465597,10
-1183300.678012235,1845837.8626465597,10
-1182837.3652957077,1845837.8626465597,10
-1182374.05257918,1845837.8626465597,10
-1181910.7398626525,1845837.8626465597,10
-1181447.4271461251,1845837.8626465597,10
-1180984.1144295975,1845837.8626465597,10
-1180520.8017130701,1845837.8626465597,10
-1180057.4889965425,1845837.8626465597,10
-1179594.1762800151,1845837.8626465597,10
-1179130.8635634875,1845837.8626465597,10
-1178667.5508469602,1845837.8626465597,10
-1178204.2381304326,1845837.8626465597,10
-1177740.9254139052,1845837.8626465597,10
-1177277.6126973776,1845837.8626465597,10
-1176814.2999808502,1845837.8626465597,10
-1176350.9872643226,1845837.8626465597,10
-1175887.6745477952,1845837.8626465597,10
-1175424.3618312676,1845837.8626465597,10
-1174961.04911474,1845837.8626465597,10
-1174497.7363982126,1845837.8626465597,10
-1174034.4236816852,1845837.8626465597,10
-1173571.1109651576,1845837.8626465597,10
-1173107.79824863,1845837.8626465597,10
-1172644.4855321026,1845837.8626465597,10
-1172181.172815575,1845837.8626465597,10
-1171717.8600990477,1845837.8626465597,10
-1171254.54738252,1845837.8626465597,10
-1170791.2346659927,1845837.8626465597,10
-1170327.921949465,1845837.8626465597,10
-1169864.6092329377,1845837.8626465597,10
-1169401.29651641,1845837.8626465597,10
-1168937.9837998827,1845837.8626465597,10
-1168474.671083355,1845837.8626465597,10
-1168011.3583668275,1845837.8626465597,10
-1167548.0456503,1845837.8626465597,10
-1167084.7329337727,1845837.8626465597,10
-1166621.4202172451,1845837.8626465597,10
-1166158.1075007175,1845837.8626465597,10
-1165694.7947841901,1845837.8626465597,10
-1165231.4820676625,1845837.8626465597,10
-1164768.1693511351,1845837.8626465597,10
-1164304.8566346075,1845837.8626465597,10
-1163841.5439180802,1845837.8626465597,10
-1163378.2312015526,1845837.8626465597,10
-1162914.9184850252,1845837.8626465597,10
-1162451.6057684976,1845837.8626465597,10
-1161988.2930519702,1845837.8626465597,10
-1161524.9803354426,1845837.8626465597,10
-1161061.6676189152,1845837.8626465597,10
-1160598.3549023876,1845837.8626465597,10
-1160135.0421858602,1845837.8626465597,10
-1159671.7294693326,1845837.8626465597,10
-1159208.416752805,1845837.8626465597,10
-1158745.1040362776,1845837.8626465597,10
-1158281.79131975,1845837.8626465597,10
-1157818.4786032226,1845837.8626465597,10
-1157355.165886695,1845837.8626465597,10
-1156891.8531701677,1845837.8626465597,10
-1156428.54045364,1845837.8626465597,10
-1155965.2277371127,1845837.8626465597,10
-1155501.915020585,1845837.8626465597,10
-1155038.6023040577,1845837.8626465597,10
-1154575.28958753,1845837.8626465597,10
-1154111.9768710027,1845837.8626465597,10
-1153648.664154475,1845837.8626465597,10
-1153185.3514379477,1845837.8626465597,10
-1152722.03872142,1845837.8626465597,10
-1359359.5102926851,1845374.549930032,7
-1358896.1975761575,1845374.549930032,10
-1358432.8848596301,1845374.549930032,10
-1357969.5721431025,1845374.549930032,10
-1357506.2594265752,1845374.549930032,10
-1357042.9467100475,1845374.549930032,10
-1356579.6339935202,1845374.549930032,10
-1356116.3212769926,1845374.549930032,10
-1355653.0085604652,1845374.549930032,10
-1355189.6958439376,1845374.549930032,10
-1354726.3831274102,1845374.549930032,10
-1354263.0704108826,1845374.549930032,10
-1353799.7576943552,1845374.549930032,10
-1353336.4449778276,1845374.549930032,10
-1352873.1322613002,1845374.549930032,10
-1352409.8195447726,1845374.549930032,16
-1351946.506828245,1845374.549930032,16
-1351483.1941117176,1845374.549930032,10
-1351019.88139519,1845374.549930032,10
-1350556.5686786626,1845374.549930032,10
-1350093.255962135,1845374.549930032,16
-1349629.9432456077,1845374.549930032,16
-1349166.63052908,1845374.549930032,10
-1348703.3178125527,1845374.549930032,10
-1348240.005096025,1845374.549930032,10
-1347776.6923794977,1845374.549930032,16
-1347313.37966297,1845374.549930032,16
-1346850.0669464427,1845374.549930032,16
-1346386.754229915,1845374.549930032,16
-1345923.4415133877,1845374.549930032,16
-1345460.12879686,1845374.549930032,16
-1344996.8160803327,1845374.549930032,16
-1344533.5033638051,1845374.549930032,16
-1344070.1906472775,1845374.549930032,16
-1343606.8779307501,1845374.549930032,16
-1343143.5652142225,1845374.549930032,16
-1342680.2524976952,1845374.549930032,16
-1342216.9397811675,1845374.549930032,16
-1341753.6270646402,1845374.549930032,16
-1341290.3143481126,1845374.549930032,16
-1340827.0016315852,1845374.549930032,16
-1340363.6889150576,1845374.549930032,16
-1339900.3761985302,1845374.549930032,16
-1339437.0634820026,1845374.549930032,16
-1338973.7507654752,1845374.549930032,10
-1338510.4380489476,1845374.549930032,10
-1338047.1253324202,1845374.549930032,10
-1337583.8126158926,1845374.549930032,10
-1337120.499899365,1845374.549930032,16
-1336657.1871828376,1845374.549930032,16
-1336193.87446631,1845374.549930032,16
-1335730.5617497826,1845374.549930032,16
-1335267.249033255,1845374.549930032,16
-1334803.9363167277,1845374.549930032,16
-1334340.6236002,1845374.549930032,16
-1333877.3108836727,1845374.549930032,16
-1333413.998167145,1845374.549930032,16
-1332950.6854506177,1845374.549930032,16
-1332487.37273409,1845374.549930032,16
-1332024.0600175627,1845374.549930032,16
-1331560.747301035,1845374.549930032,16
-1331097.4345845077,1845374.549930032,16
-1330634.12186798,1845374.549930032,16
-1330170.8091514525,1845374.549930032,16
-1329707.4964349251,1845374.549930032,16
-1329244.1837183975,1845374.549930032,16
-1328780.8710018701,1845374.549930032,16
-1328317.5582853425,1845374.549930032,16
-1327854.2455688152,1845374.549930032,16
-1327390.9328522875,1845374.549930032,16
-1326927.6201357602,1845374.549930032,16
-1326464.3074192326,1845374.549930032,16
-1326000.9947027052,1845374.549930032,16
-1325537.6819861776,1845374.549930032,16
-1325074.3692696502,1845374.549930032,16
-1324611.0565531226,1845374.549930032,16
-1324147.7438365952,1845374.549930032,16
-1323684.4311200676,1845374.549930032,16
-1323221.11840354,1845374.549930032,16
-1322757.8056870126,1845374.549930032,10
-1322294.492970485,1845374.549930032,10
-1321831.1802539576,1845374.549930032,10
-1321367.86753743,1845374.549930032,16
-1320904.5548209026,1845374.549930032,16
-1320441.242104375,1845374.549930032,16
-1319977.9293878477,1845374.549930032,16
-1319514.61667132,1845374.549930032,16
-1319051.3039547927,1845374.549930032,16
-1318587.991238265,1845374.549930032,16
-1318124.6785217377,1845374.549930032,16
-1317661.36580521,1845374.549930032,16
-1317198.0530886827,1845374.549930032,16
-1316734.740372155,1845374.549930032,16
-1316271.4276556277,1845374.549930032,16
-1315808.1149391,1845374.549930032,16
-1315344.8022225727,1845374.549930032,16
-1314881.4895060451,1845374.549930032,16
-1314418.1767895175,1845374.549930032,16
-1313954.8640729901,1845374.549930032,16
-1313491.5513564625,1845374.549930032,16
-1313028.2386399352,1845374.549930032,16
-1312564.9259234075,1845374.549930032,16
-1312101.6132068802,1845374.549930032,16
-1311638.3004903526,1845374.549930032,16
-1311174.9877738252,1845374.549930032,16
-1310711.6750572976,1845374.549930032,16
-1310248.3623407702,1845374.549930032,16
-1309785.0496242426,1845374.549930032,16
-1309321.7369077152,1845374.549930032,16
-1308858.4241911876,1845374.549930032,16
-1308395.1114746602,1845374.549930032,16
-1307931.7987581326,1845374.549930032,16
-1307468.486041605,1845374.549930032,16
-1307005.1733250776,1845374.549930032,10
-1306541.86060855,1845374.549930032,16
-1306078.5478920226,1845374.549930032,16
-1305615.235175495,1845374.549930032,16
-1305151.9224589677,1845374.549930032,16
-1304688.60974244,1845374.549930032,16
-1304225.2970259127,1845374.549930032,16
-1303761.984309385,1845374.549930032,16
-1303298.6715928577,1845374.549930032,16
-1302835.35887633,1845374.549930032,16
-1302372.0461598027,1845374.549930032,16
-1301908.733443275,1845374.549930032,16
-1301445.4207267477,1845374.549930032,16
-1300982.10801022,1845374.549930032,16
-1300518.7952936925,1845374.549930032,16
-1300055.4825771651,1845374.549930032,16
-1299592.1698606375,1845374.549930032,16
-1299128.8571441101,1845374.549930032,16
-1298665.5444275825,1845374.549930032,16
-1298202.2317110552,1845374.549930032,16
-1297738.9189945275,1845374.549930032,16
-1297275.6062780002,1845374.549930032,16
-1296812.2935614726,1845374.549930032,16
-1296348.9808449452,1845374.549930032,16
-1295885.6681284176,1845374.549930032,16
-1295422.3554118902,1845374.549930032,16
-1294959.0426953626,1845374.549930032,16
-1294495.7299788352,1845374.549930032,16
-1294032.4172623076,1845374.549930032,10
-1293569.10454578,1845374.549930032,10
-1293105.7918292526,1845374.549930032,10
-1292642.479112725,1845374.549930032,10
-1292179.1663961976,1845374.549930032,10
-1291715.85367967,1845374.549930032,10
-1291252.5409631426,1845374.549930032,10
-1290789.228246615,1845374.549930032,10
-1290325.9155300877,1845374.549930032,10
-1289862.60281356,1845374.549930032,10
-1289399.2900970327,1845374.549930032,10
-1288935.977380505,1845374.549930032,10
-1288472.6646639777,1845374.549930032,10
-1288009.35194745,1845374.549930032,10
-1287546.0392309227,1845374.549930032,10
-1287082.726514395,1845374.549930032,10
-1286619.4137978677,1845374.549930032,10
-1286156.10108134,1845374.549930032,10
-1285692.7883648127,1845374.549930032,10
-1285229.4756482851,1845374.549930032,10
-1284766.1629317575,1845374.549930032,10
-1284302.8502152301,1845374.549930032,10
-1283839.5374987025,1845374.549930032,10
-1283376.2247821752,1845374.549930032,10
-1282912.9120656475,1845374.549930032,10
-1282449.5993491202,1845374.549930032,10
-1281986.2866325926,1845374.549930032,10
-1281522.9739160652,1845374.549930032,10
-1281059.6611995376,1845374.549930032,10
-1280596.3484830102,1845374.549930032,10
-1280133.0357664826,1845374.549930032,10
-1279669.7230499552,1845374.549930032,10
-1279206.4103334276,1845374.549930032,10
-1278743.0976169002,1845374.549930032,10
-1278279.7849003726,1845374.549930032,10
-1277816.472183845,1845374.549930032,10
-1277353.1594673176,1845374.549930032,10
-1276889.84675079,1845374.549930032,10
-1276426.5340342626,1845374.549930032,10
-1275963.221317735,1845374.549930032,10
-1275499.9086012077,1845374.549930032,16
-1275036.59588468,1845374.549930032,16
-1274573.2831681527,1845374.549930032,10
-1274109.970451625,1845374.549930032,10
-1273646.6577350977,1845374.549930032,10
-1273183.34501857,1845374.549930032,10
-1272720.0323020427,1845374.549930032,10
-1272256.719585515,1845374.549930032,10
-1271793.4068689877,1845374.549930032,10
-1271330.09415246,1845374.549930032,10
-1270866.7814359325,1845374.549930032,10
-1270403.4687194051,1845374.549930032,10
-1269940.1560028775,1845374.549930032,10
-1269476.8432863501,1845374.549930032,10
-1269013.5305698225,1845374.549930032,10
-1268550.2178532952,1845374.549930032,10
-1268086.9051367675,1845374.549930032,10
-1267623.5924202402,1845374.549930032,10
-1267160.2797037126,1845374.549930032,10
-1266696.9669871852,1845374.549930032,10
-1266233.6542706576,1845374.549930032,10
-1265770.3415541302,1845374.549930032,10
-1265307.0288376026,1845374.549930032,10
-1264843.7161210752,1845374.549930032,10
-1264380.4034045476,1845374.549930032,10
-1263917.09068802,1845374.549930032,10
-1263453.7779714926,1845374.549930032,10
-1262990.465254965,1845374.549930032,10
-1262527.1525384376,1845374.549930032,10
-1262063.83982191,1845374.549930032,10
-1261600.5271053826,1845374.549930032,7
-1261137.214388855,1845374.549930032,10
-1260673.9016723277,1845374.549930032,10
-1260210.5889558,1845374.549930032,10
-1259747.2762392727,1845374.549930032,10
-1259283.963522745,1845374.549930032,10
-1258820.6508062177,1845374.549930032,10
-1258357.33808969,1845374.549930032,10
-1257894.0253731627,1845374.549930032,10
-1257430.712656635,1845374.549930032,10
-1256967.3999401077,1845374.549930032,10
-1256504.08722358,1845374.549930032,10
-1256040.7745070527,1845374.549930032,10
-1255577.4617905251,1845374.549930032,10
-1255114.1490739975,1845374.549930032,10
-1254650.8363574701,1845374.549930032,10
-1254187.5236409425,1845374.549930032,10
-1253724.2109244152,1845374.549930032,10
-1253260.8982078875,1845374.549930032,10
-1252797.5854913602,1845374.549930032,10
-1252334.2727748326,1845374.549930032,10
-1251870.9600583052,1845374.549930032,10
-1251407.6473417776,1845374.549930032,10
-1250944.3346252502,1845374.549930032,10
-1250481.0219087226,1845374.549930032,10
-1250017.7091921952,1845374.549930032,10
-1249554.3964756676,1845374.549930032,10
-1249091.0837591402,1845374.549930032,10
-1248627.7710426126,1845374.549930032,10
-1248164.458326085,1845374.549930032,10
-1247701.1456095576,1845374.549930032,10
-1247237.83289303,1845374.549930032,10
-1246774.5201765026,1845374.549930032,10
-1246311.207459975,1845374.549930032,10
-1245847.8947434477,1845374.549930032,10
-1245384.58202692,1845374.549930032,10
-1244921.2693103927,1845374.549930032,10
-1244457.956593865,1845374.549930032,10
-1243994.6438773377,1845374.549930032,10
-1243531.33116081,1845374.549930032,10
-1243068.0184442827,1845374.549930032,10
-1242604.705727755,1845374.549930032,10
-1242141.3930112277,1845374.549930032,10
-1241678.0802947,1845374.549930032,10
-1241214.7675781725,1845374.549930032,10
-1240751.4548616451,1845374.549930032,10
-1240288.1421451175,1845374.549930032,10
-1239824.8294285901,1845374.549930032,10
-1239361.5167120625,1845374.549930032,10
-1238898.2039955352,1845374.549930032,10
-1238434.8912790075,1845374.549930032,10
-1237971.5785624802,1845374.549930032,10
-1237508.2658459526,1845374.549930032,10
-1237044.9531294252,1845374.549930032,10
-1236581.6404128976,1845374.549930032,10
-1236118.3276963702,1845374.549930032,10
-1235655.0149798426,1845374.549930032,10
-1235191.7022633152,1845374.549930032,10
-1234728.3895467876,1845374.549930032,10
-1234265.07683026,1845374.549930032,10
-1233801.7641137326,1845374.549930032,10
-1233338.4513972052,1845374.549930032,10
-1232875.1386806776,1845374.549930032,10
-1232411.82596415,1845374.549930032,10
-1231948.5132476226,1845374.549930032,10
-1231485.200531095,1845374.549930032,10
-1231021.8878145677,1845374.549930032,10
-1230558.57509804,1845374.549930032,10
-1230095.2623815127,1845374.549930032,10
-1229631.949664985,1845374.549930032,10
-1229168.6369484577,1845374.549930032,10
-1228705.32423193,1845374.549930032,10
-1228242.0115154027,1845374.549930032,10
-1227778.698798875,1845374.549930032,10
-1227315.3860823475,1845374.549930032,10
-1226852.07336582,1845374.549930032,10
-1226388.7606492927,1845374.549930032,10
-1225925.4479327651,1845374.549930032,10
-1225462.1352162375,1845374.549930032,10
-1224998.8224997101,1845374.549930032,10
-1224535.5097831825,1845374.549930032,10
-1224072.1970666551,1845374.549930032,10
-1223608.8843501275,1845374.549930032,10
-1223145.5716336002,1845374.549930032,10
-1222682.2589170726,1845374.549930032,10
-1222218.9462005452,1845374.549930032,10
-1221755.6334840176,1845374.549930032,10
-1221292.3207674902,1845374.549930032,10
-1220829.0080509626,1845374.549930032,10
-1220365.6953344352,1845374.549930032,10
-1219902.3826179076,1845374.549930032,10
-1219439.0699013802,1845374.549930032,10
-1218975.7571848526,1845374.549930032,10
-1218512.444468325,1845374.549930032,10
-1218049.1317517976,1845374.549930032,10
-1217585.81903527,1845374.549930032,10
-1217122.5063187426,1845374.549930032,10
-1216659.193602215,1845374.549930032,10
-1216195.8808856877,1845374.549930032,10
-1215732.56816916,1845374.549930032,10
-1215269.2554526327,1845374.549930032,10
-1214805.942736105,1845374.549930032,10
-1214342.6300195777,1845374.549930032,10
-1213879.31730305,1845374.549930032,10
-1213416.0045865227,1845374.549930032,10
-1212952.691869995,1845374.549930032,10
-1212489.3791534677,1845374.549930032,10
-1212026.06643694,1845374.549930032,10
-1211562.7537204125,1845374.549930032,10
-1211099.4410038851,1845374.549930032,10
-1210636.1282873575,1845374.549930032,10
-1210172.8155708301,1845374.549930032,10
-1209709.5028543025,1845374.549930032,10
-1209246.1901377751,1845374.549930032,10
-1208782.8774212475,1845374.549930032,10
-1208319.5647047202,1845374.549930032,10
-1207856.2519881926,1845374.549930032,10
-1207392.9392716652,1845374.549930032,10
-1206929.6265551376,1845374.549930032,10
-1206466.3138386102,1845374.549930032,10
-1206003.0011220826,1845374.549930032,10
-1205539.6884055552,1845374.549930032,10
-1205076.3756890276,1845374.549930032,10
-1204613.0629725,1845374.549930032,10
-1204149.7502559726,1845374.549930032,10
-1203686.4375394452,1845374.549930032,10
-1203223.1248229176,1845374.549930032,10
-1202759.81210639,1845374.549930032,10
-1202296.4993898626,1845374.549930032,10
-1201833.186673335,1845374.549930032,10
-1201369.8739568077,1845374.549930032,10
-1200906.56124028,1845374.549930032,10
-1200443.2485237527,1845374.549930032,10
-1199979.935807225,1845374.549930032,10
-1199516.6230906977,1845374.549930032,10
-1199053.31037417,1845374.549930032,10
-1198589.9976576427,1845374.549930032,10
-1198126.684941115,1845374.549930032,10
-1197663.3722245875,1845374.549930032,10
-1197200.05950806,1845374.549930032,10
-1196736.7467915327,1845374.549930032,10
-1196273.4340750051,1845374.549930032,10
-1195810.1213584775,1845374.549930032,10
-1195346.8086419501,1845374.549930032,10
-1194883.4959254225,1845374.549930032,10
-1194420.1832088951,1845374.549930032,10
-1193956.8704923675,1845374.549930032,10
-1193493.5577758402,1845374.549930032,10
-1193030.2450593126,1845374.549930032,10
-1192566.9323427852,1845374.549930032,10
-1192103.6196262576,1845374.549930032,10
-1191640.3069097302,1845374.549930032,10
-1191176.9941932026,1845374.549930032,10
-1190713.6814766752,1845374.549930032,10
-1190250.3687601476,1845374.549930032,10
-1189787.0560436202,1845374.549930032,10
-1189323.7433270926,1845374.549930032,10
-1188860.430610565,1845374.549930032,10
-1188397.1178940376,1845374.549930032,10
-1187933.80517751,1845374.549930032,10
-1187470.4924609826,1845374.549930032,10
-1187007.179744455,1845374.549930032,10
-1186543.8670279277,1845374.549930032,10
-1186080.5543114,1845374.549930032,10
-1185617.2415948727,1845374.549930032,10
-1185153.928878345,1845374.549930032,10
-1184690.6161618177,1845374.549930032,10
-1184227.30344529,1845374.549930032,10
-1183763.9907287627,1845374.549930032,10
-1183300.678012235,1845374.549930032,10
-1182837.3652957077,1845374.549930032,10
-1182374.05257918,1845374.549930032,10
-1181910.7398626525,1845374.549930032,10
-1181447.4271461251,1845374.549930032,10
-1180984.1144295975,1845374.549930032,10
-1180520.8017130701,1845374.549930032,10
-1180057.4889965425,1845374.549930032,10
-1179594.1762800151,1845374.549930032,10
-1179130.8635634875,1845374.549930032,10
-1178667.5508469602,1845374.549930032,10
-1178204.2381304326,1845374.549930032,10
-1177740.9254139052,1845374.549930032,10
-1177277.6126973776,1845374.549930032,10
-1176814.2999808502,1845374.549930032,10
-1176350.9872643226,1845374.549930032,10
-1175887.6745477952,1845374.549930032,10
-1175424.3618312676,1845374.549930032,10
-1174961.04911474,1845374.549930032,10
-1174497.7363982126,1845374.549930032,10
-1174034.4236816852,1845374.549930032,10
-1173571.1109651576,1845374.549930032,10
-1173107.79824863,1845374.549930032,10
-1172644.4855321026,1845374.549930032,10
-1172181.172815575,1845374.549930032,10
-1171717.8600990477,1845374.549930032,10
-1171254.54738252,1845374.549930032,10
-1170791.2346659927,1845374.549930032,10
-1170327.921949465,1845374.549930032,10
-1169864.6092329377,1845374.549930032,10
-1169401.29651641,1845374.549930032,10
-1168937.9837998827,1845374.549930032,10
-1168474.671083355,1845374.549930032,10
-1168011.3583668275,1845374.549930032,10
-1167548.0456503,1845374.549930032,10
-1167084.7329337727,1845374.549930032,10
-1166621.4202172451,1845374.549930032,10
-1166158.1075007175,1845374.549930032,10
-1165694.7947841901,1845374.549930032,10
-1165231.4820676625,1845374.549930032,10
-1164768.1693511351,1845374.549930032,10
-1164304.8566346075,1845374.549930032,10
-1163841.5439180802,1845374.549930032,10
-1163378.2312015526,1845374.549930032,10
-1162914.9184850252,1845374.549930032,10
-1162451.6057684976,1845374.549930032,10
-1161988.2930519702,1845374.549930032,10
-1161524.9803354426,1845374.549930032,10
-1161061.6676189152,1845374.549930032,10
-1160598.3549023876,1845374.549930032,10
-1160135.0421858602,1845374.549930032,10
-1159671.7294693326,1845374.549930032,10
-1159208.416752805,1845374.549930032,10
-1158745.1040362776,1845374.549930032,10
-1158281.79131975,1845374.549930032,10
-1157818.4786032226,1845374.549930032,10
-1157355.165886695,1845374.549930032,10
-1156891.8531701677,1845374.549930032,10
-1156428.54045364,1845374.549930032,10
-1155965.2277371127,1845374.549930032,10
-1155501.915020585,1845374.549930032,10
-1155038.6023040577,1845374.549930032,10
-1154575.28958753,1845374.549930032,10
-1154111.9768710027,1845374.549930032,10
-1153648.664154475,1845374.549930032,10
-1153185.3514379477,1845374.549930032,10
-1152722.03872142,1845374.549930032,10
-1152258.7260048925,1845374.549930032,10
-1151795.4132883651,1845374.549930032,10
-1359359.5102926851,1844911.2372135047,10
-1358896.1975761575,1844911.2372135047,10
-1358432.8848596301,1844911.2372135047,10
-1357969.5721431025,1844911.2372135047,10
-1357506.2594265752,1844911.2372135047,10
-1357042.9467100475,1844911.2372135047,10
-1356579.6339935202,1844911.2372135047,10
-1356116.3212769926,1844911.2372135047,10
-1355653.0085604652,1844911.2372135047,10
-1355189.6958439376,1844911.2372135047,10
-1354726.3831274102,1844911.2372135047,10
-1354263.0704108826,1844911.2372135047,10
-1353799.7576943552,1844911.2372135047,10
-1353336.4449778276,1844911.2372135047,10
-1352873.1322613002,1844911.2372135047,10
-1352409.8195447726,1844911.2372135047,10
-1351946.506828245,1844911.2372135047,10
-1351483.1941117176,1844911.2372135047,10
-1351019.88139519,1844911.2372135047,10
-1350556.5686786626,1844911.2372135047,10
-1350093.255962135,1844911.2372135047,10
-1349629.9432456077,1844911.2372135047,10
-1349166.63052908,1844911.2372135047,10
-1348703.3178125527,1844911.2372135047,10
-1348240.005096025,1844911.2372135047,16
-1347776.6923794977,1844911.2372135047,16
-1347313.37966297,1844911.2372135047,16
-1346850.0669464427,1844911.2372135047,16
-1346386.754229915,1844911.2372135047,16
-1345923.4415133877,1844911.2372135047,16
-1345460.12879686,1844911.2372135047,16
-1344996.8160803327,1844911.2372135047,16
-1344533.5033638051,1844911.2372135047,16
-1344070.1906472775,1844911.2372135047,16
-1343606.8779307501,1844911.2372135047,16
-1343143.5652142225,1844911.2372135047,16
-1342680.2524976952,1844911.2372135047,16
-1342216.9397811675,1844911.2372135047,16
-1341753.6270646402,1844911.2372135047,16
-1341290.3143481126,1844911.2372135047,16
-1340827.0016315852,1844911.2372135047,16
-1340363.6889150576,1844911.2372135047,16
-1339900.3761985302,1844911.2372135047,16
-1339437.0634820026,1844911.2372135047,16
-1338973.7507654752,1844911.2372135047,10
-1338510.4380489476,1844911.2372135047,10
-1338047.1253324202,1844911.2372135047,10
-1337583.8126158926,1844911.2372135047,10
-1337120.499899365,1844911.2372135047,16
-1336657.1871828376,1844911.2372135047,16
-1336193.87446631,1844911.2372135047,16
-1335730.5617497826,1844911.2372135047,16
-1335267.249033255,1844911.2372135047,16
-1334803.9363167277,1844911.2372135047,16
-1334340.6236002,1844911.2372135047,16
-1333877.3108836727,1844911.2372135047,16
-1333413.998167145,1844911.2372135047,16
-1332950.6854506177,1844911.2372135047,16
-1332487.37273409,1844911.2372135047,16
-1332024.0600175627,1844911.2372135047,16
-1331560.747301035,1844911.2372135047,16
-1331097.4345845077,1844911.2372135047,16
-1330634.12186798,1844911.2372135047,16
-1330170.8091514525,1844911.2372135047,16
-1329707.4964349251,1844911.2372135047,16
-1329244.1837183975,1844911.2372135047,16
-1328780.8710018701,1844911.2372135047,16
-1328317.5582853425,1844911.2372135047,16
-1327854.2455688152,1844911.2372135047,16
-1327390.9328522875,1844911.2372135047,16
-1326927.6201357602,1844911.2372135047,16
-1326464.3074192326,1844911.2372135047,16
-1326000.9947027052,1844911.2372135047,16
-1325537.6819861776,1844911.2372135047,16
-1325074.3692696502,1844911.2372135047,16
-1324611.0565531226,1844911.2372135047,16
-1324147.7438365952,1844911.2372135047,16
-1323684.4311200676,1844911.2372135047,16
-1323221.11840354,1844911.2372135047,16
-1322757.8056870126,1844911.2372135047,10
-1322294.492970485,1844911.2372135047,10
-1321831.1802539576,1844911.2372135047,10
-1321367.86753743,1844911.2372135047,10
-1320904.5548209026,1844911.2372135047,10
-1320441.242104375,1844911.2372135047,10
-1319977.9293878477,1844911.2372135047,10
-1319514.61667132,1844911.2372135047,16
-1319051.3039547927,1844911.2372135047,16
-1318587.991238265,1844911.2372135047,16
-1318124.6785217377,1844911.2372135047,16
-1317661.36580521,1844911.2372135047,16
-1317198.0530886827,1844911.2372135047,16
-1316734.740372155,1844911.2372135047,16
-1316271.4276556277,1844911.2372135047,16
-1315808.1149391,1844911.2372135047,16
-1315344.8022225727,1844911.2372135047,16
-1314881.4895060451,1844911.2372135047,16
-1314418.1767895175,1844911.2372135047,16
-1313954.8640729901,1844911.2372135047,16
-1313491.5513564625,1844911.2372135047,16
-1313028.2386399352,1844911.2372135047,16
-1312564.9259234075,1844911.2372135047,16
-1312101.6132068802,1844911.2372135047,16
-1311638.3004903526,1844911.2372135047,16
-1311174.9877738252,1844911.2372135047,16
-1310711.6750572976,1844911.2372135047,16
-1310248.3623407702,1844911.2372135047,16
-1309785.0496242426,1844911.2372135047,16
-1309321.7369077152,1844911.2372135047,16
-1308858.4241911876,1844911.2372135047,16
-1308395.1114746602,1844911.2372135047,16
-1307931.7987581326,1844911.2372135047,16
-1307468.486041605,1844911.2372135047,16
-1307005.1733250776,1844911.2372135047,16
-1306541.86060855,1844911.2372135047,16
-1306078.5478920226,1844911.2372135047,16
-1305615.235175495,1844911.2372135047,16
-1305151.9224589677,1844911.2372135047,16
-1304688.60974244,1844911.2372135047,16
-1304225.2970259127,1844911.2372135047,16
-1303761.984309385,1844911.2372135047,16
-1303298.6715928577,1844911.2372135047,16
-1302835.35887633,1844911.2372135047,16
-1302372.0461598027,1844911.2372135047,16
-1301908.733443275,1844911.2372135047,16
-1301445.4207267477,1844911.2372135047,16
-1300982.10801022,1844911.2372135047,16
-1300518.7952936925,1844911.2372135047,16
-1300055.4825771651,1844911.2372135047,16
-1299592.1698606375,1844911.2372135047,16
-1299128.8571441101,1844911.2372135047,16
-1298665.5444275825,1844911.2372135047,16
-1298202.2317110552,1844911.2372135047,16
-1297738.9189945275,1844911.2372135047,16
-1297275.6062780002,1844911.2372135047,16
-1296812.2935614726,1844911.2372135047,16
-1296348.9808449452,1844911.2372135047,16
-1295885.6681284176,1844911.2372135047,16
-1295422.3554118902,1844911.2372135047,16
-1294959.0426953626,1844911.2372135047,16
-1294495.7299788352,1844911.2372135047,16
-1294032.4172623076,1844911.2372135047,10
-1293569.10454578,1844911.2372135047,10
-1293105.7918292526,1844911.2372135047,10
-1292642.479112725,1844911.2372135047,10
-1292179.1663961976,1844911.2372135047,10
-1291715.85367967,1844911.2372135047,10
-1291252.5409631426,1844911.2372135047,10
-1290789.228246615,1844911.2372135047,10
-1290325.9155300877,1844911.2372135047,10
-1289862.60281356,1844911.2372135047,10
-1289399.2900970327,1844911.2372135047,10
-1288935.977380505,1844911.2372135047,10
-1288472.6646639777,1844911.2372135047,10
-1288009.35194745,1844911.2372135047,10
-1287546.0392309227,1844911.2372135047,10
-1287082.726514395,1844911.2372135047,10
-1286619.4137978677,1844911.2372135047,10
-1286156.10108134,1844911.2372135047,10
-1285692.7883648127,1844911.2372135047,10
-1285229.4756482851,1844911.2372135047,10
-1284766.1629317575,1844911.2372135047,10
-1284302.8502152301,1844911.2372135047,10
-1283839.5374987025,1844911.2372135047,10
-1283376.2247821752,1844911.2372135047,10
-1282912.9120656475,1844911.2372135047,10
-1282449.5993491202,1844911.2372135047,10
-1281986.2866325926,1844911.2372135047,10
-1281522.9739160652,1844911.2372135047,10
-1281059.6611995376,1844911.2372135047,10
-1280596.3484830102,1844911.2372135047,10
-1280133.0357664826,1844911.2372135047,10
-1279669.7230499552,1844911.2372135047,10
-1279206.4103334276,1844911.2372135047,10
-1278743.0976169002,1844911.2372135047,10
-1278279.7849003726,1844911.2372135047,10
-1277816.472183845,1844911.2372135047,10
-1277353.1594673176,1844911.2372135047,10
-1276889.84675079,1844911.2372135047,10
-1276426.5340342626,1844911.2372135047,10
-1275963.221317735,1844911.2372135047,10
-1275499.9086012077,1844911.2372135047,10
-1275036.59588468,1844911.2372135047,10
-1274573.2831681527,1844911.2372135047,10
-1274109.970451625,1844911.2372135047,10
-1273646.6577350977,1844911.2372135047,10
-1273183.34501857,1844911.2372135047,10
-1272720.0323020427,1844911.2372135047,10
-1272256.719585515,1844911.2372135047,10
-1271793.4068689877,1844911.2372135047,10
-1271330.09415246,1844911.2372135047,10
-1270866.7814359325,1844911.2372135047,10
-1270403.4687194051,1844911.2372135047,10
-1269940.1560028775,1844911.2372135047,10
-1269476.8432863501,1844911.2372135047,10
-1269013.5305698225,1844911.2372135047,10
-1268550.2178532952,1844911.2372135047,10
-1268086.9051367675,1844911.2372135047,10
-1267623.5924202402,1844911.2372135047,10
-1267160.2797037126,1844911.2372135047,10
-1266696.9669871852,1844911.2372135047,10
-1266233.6542706576,1844911.2372135047,10
-1265770.3415541302,1844911.2372135047,10
-1265307.0288376026,1844911.2372135047,10
-1264843.7161210752,1844911.2372135047,10
-1264380.4034045476,1844911.2372135047,10
-1263917.09068802,1844911.2372135047,10
-1263453.7779714926,1844911.2372135047,10
-1262990.465254965,1844911.2372135047,10
-1262527.1525384376,1844911.2372135047,10
-1262063.83982191,1844911.2372135047,10
-1261600.5271053826,1844911.2372135047,10
-1261137.214388855,1844911.2372135047,10
-1260673.9016723277,1844911.2372135047,10
-1260210.5889558,1844911.2372135047,10
-1259747.2762392727,1844911.2372135047,10
-1259283.963522745,1844911.2372135047,10
-1258820.6508062177,1844911.2372135047,10
-1258357.33808969,1844911.2372135047,10
-1257894.0253731627,1844911.2372135047,10
-1257430.712656635,1844911.2372135047,10
-1256967.3999401077,1844911.2372135047,10
-1256504.08722358,1844911.2372135047,10
-1256040.7745070527,1844911.2372135047,10
-1255577.4617905251,1844911.2372135047,10
-1255114.1490739975,1844911.2372135047,10
-1254650.8363574701,1844911.2372135047,10
-1254187.5236409425,1844911.2372135047,10
-1253724.2109244152,1844911.2372135047,10
-1253260.8982078875,1844911.2372135047,10
-1252797.5854913602,1844911.2372135047,10
-1252334.2727748326,1844911.2372135047,10
-1251870.9600583052,1844911.2372135047,10
-1251407.6473417776,1844911.2372135047,10
-1250944.3346252502,1844911.2372135047,10
-1250481.0219087226,1844911.2372135047,10
-1250017.7091921952,1844911.2372135047,10
-1249554.3964756676,1844911.2372135047,10
-1249091.0837591402,1844911.2372135047,10
-1248627.7710426126,1844911.2372135047,10
-1248164.458326085,1844911.2372135047,10
-1247701.1456095576,1844911.2372135047,10
-1247237.83289303,1844911.2372135047,10
-1246774.5201765026,1844911.2372135047,10
-1246311.207459975,1844911.2372135047,10
-1245847.8947434477,1844911.2372135047,10
-1245384.58202692,1844911.2372135047,10
-1244921.2693103927,1844911.2372135047,10
-1244457.956593865,1844911.2372135047,10
-1243994.6438773377,1844911.2372135047,10
-1243531.33116081,1844911.2372135047,10
-1243068.0184442827,1844911.2372135047,10
-1242604.705727755,1844911.2372135047,10
-1242141.3930112277,1844911.2372135047,10
-1241678.0802947,1844911.2372135047,10
-1241214.7675781725,1844911.2372135047,10
-1240751.4548616451,1844911.2372135047,10
-1240288.1421451175,1844911.2372135047,10
-1239824.8294285901,1844911.2372135047,10
-1239361.5167120625,1844911.2372135047,10
-1238898.2039955352,1844911.2372135047,10
-1238434.8912790075,1844911.2372135047,10
-1237971.5785624802,1844911.2372135047,10
-1237508.2658459526,1844911.2372135047,10
-1237044.9531294252,1844911.2372135047,10
-1236581.6404128976,1844911.2372135047,10
-1236118.3276963702,1844911.2372135047,10
-1235655.0149798426,1844911.2372135047,10
-1235191.7022633152,1844911.2372135047,10
-1234728.3895467876,1844911.2372135047,10
-1234265.07683026,1844911.2372135047,10
-1233801.7641137326,1844911.2372135047,10
-1233338.4513972052,1844911.2372135047,10
-1232875.1386806776,1844911.2372135047,10
-1232411.82596415,1844911.2372135047,10
-1231948.5132476226,1844911.2372135047,10
-1231485.200531095,1844911.2372135047,10
-1231021.8878145677,1844911.2372135047,10
-1230558.57509804,1844911.2372135047,10
-1230095.2623815127,1844911.2372135047,10
-1229631.949664985,1844911.2372135047,10
-1229168.6369484577,1844911.2372135047,10
-1228705.32423193,1844911.2372135047,10
-1228242.0115154027,1844911.2372135047,10
-1227778.698798875,1844911.2372135047,10
-1227315.3860823475,1844911.2372135047,10
-1226852.07336582,1844911.2372135047,10
-1226388.7606492927,1844911.2372135047,10
-1225925.4479327651,1844911.2372135047,10
-1225462.1352162375,1844911.2372135047,10
-1224998.8224997101,1844911.2372135047,10
-1224535.5097831825,1844911.2372135047,10
-1224072.1970666551,1844911.2372135047,10
-1223608.8843501275,1844911.2372135047,10
-1223145.5716336002,1844911.2372135047,10
-1222682.2589170726,1844911.2372135047,10
-1222218.9462005452,1844911.2372135047,10
-1221755.6334840176,1844911.2372135047,10
-1221292.3207674902,1844911.2372135047,10
-1220829.0080509626,1844911.2372135047,10
-1220365.6953344352,1844911.2372135047,10
-1219902.3826179076,1844911.2372135047,10
-1219439.0699013802,1844911.2372135047,10
-1218975.7571848526,1844911.2372135047,10
-1218512.444468325,1844911.2372135047,10
-1218049.1317517976,1844911.2372135047,10
-1217585.81903527,1844911.2372135047,10
-1217122.5063187426,1844911.2372135047,10
-1216659.193602215,1844911.2372135047,10
-1216195.8808856877,1844911.2372135047,10
-1215732.56816916,1844911.2372135047,10
-1215269.2554526327,1844911.2372135047,10
-1214805.942736105,1844911.2372135047,10
-1214342.6300195777,1844911.2372135047,10
-1213879.31730305,1844911.2372135047,10
-1213416.0045865227,1844911.2372135047,10
-1212952.691869995,1844911.2372135047,10
-1212489.3791534677,1844911.2372135047,10
-1212026.06643694,1844911.2372135047,10
-1211562.7537204125,1844911.2372135047,10
-1211099.4410038851,1844911.2372135047,10
-1210636.1282873575,1844911.2372135047,10
-1210172.8155708301,1844911.2372135047,10
-1209709.5028543025,1844911.2372135047,10
-1209246.1901377751,1844911.2372135047,10
-1208782.8774212475,1844911.2372135047,10
-1208319.5647047202,1844911.2372135047,10
-1207856.2519881926,1844911.2372135047,10
-1207392.9392716652,1844911.2372135047,10
-1206929.6265551376,1844911.2372135047,10
-1206466.3138386102,1844911.2372135047,10
-1206003.0011220826,1844911.2372135047,10
-1205539.6884055552,1844911.2372135047,10
-1205076.3756890276,1844911.2372135047,10
-1204613.0629725,1844911.2372135047,10
-1204149.7502559726,1844911.2372135047,10
-1203686.4375394452,1844911.2372135047,10
-1203223.1248229176,1844911.2372135047,10
-1202759.81210639,1844911.2372135047,10
-1202296.4993898626,1844911.2372135047,10
-1201833.186673335,1844911.2372135047,10
-1201369.8739568077,1844911.2372135047,10
-1200906.56124028,1844911.2372135047,10
-1200443.2485237527,1844911.2372135047,10
-1199979.935807225,1844911.2372135047,10
-1199516.6230906977,1844911.2372135047,10
-1199053.31037417,1844911.2372135047,10
-1198589.9976576427,1844911.2372135047,10
-1198126.684941115,1844911.2372135047,10
-1197663.3722245875,1844911.2372135047,10
-1197200.05950806,1844911.2372135047,10
-1196736.7467915327,1844911.2372135047,10
-1196273.4340750051,1844911.2372135047,10
-1195810.1213584775,1844911.2372135047,10
-1195346.8086419501,1844911.2372135047,10
-1194883.4959254225,1844911.2372135047,10
-1194420.1832088951,1844911.2372135047,10
-1193956.8704923675,1844911.2372135047,10
-1193493.5577758402,1844911.2372135047,10
-1193030.2450593126,1844911.2372135047,10
-1192566.9323427852,1844911.2372135047,10
-1192103.6196262576,1844911.2372135047,10
-1191640.3069097302,1844911.2372135047,10
-1191176.9941932026,1844911.2372135047,10
-1190713.6814766752,1844911.2372135047,10
-1190250.3687601476,1844911.2372135047,10
-1189787.0560436202,1844911.2372135047,10
-1189323.7433270926,1844911.2372135047,10
-1188860.430610565,1844911.2372135047,10
-1188397.1178940376,1844911.2372135047,10
-1187933.80517751,1844911.2372135047,10
-1187470.4924609826,1844911.2372135047,10
-1187007.179744455,1844911.2372135047,10
-1186543.8670279277,1844911.2372135047,10
-1186080.5543114,1844911.2372135047,10
-1185617.2415948727,1844911.2372135047,10
-1185153.928878345,1844911.2372135047,10
-1184690.6161618177,1844911.2372135047,10
-1184227.30344529,1844911.2372135047,10
-1183763.9907287627,1844911.2372135047,10
-1183300.678012235,1844911.2372135047,10
-1182837.3652957077,1844911.2372135047,10
-1182374.05257918,1844911.2372135047,10
-1181910.7398626525,1844911.2372135047,10
-1181447.4271461251,1844911.2372135047,10
-1180984.1144295975,1844911.2372135047,10
-1180520.8017130701,1844911.2372135047,10
-1180057.4889965425,1844911.2372135047,10
-1179594.1762800151,1844911.2372135047,10
-1179130.8635634875,1844911.2372135047,10
-1178667.5508469602,1844911.2372135047,10
-1178204.2381304326,1844911.2372135047,10
-1177740.9254139052,1844911.2372135047,10
-1177277.6126973776,1844911.2372135047,10
-1176814.2999808502,1844911.2372135047,10
-1176350.9872643226,1844911.2372135047,10
-1175887.6745477952,1844911.2372135047,10
-1175424.3618312676,1844911.2372135047,10
-1174961.04911474,1844911.2372135047,10
-1174497.7363982126,1844911.2372135047,10
-1174034.4236816852,1844911.2372135047,10
-1173571.1109651576,1844911.2372135047,10
-1173107.79824863,1844911.2372135047,10
-1172644.4855321026,1844911.2372135047,10
-1172181.172815575,1844911.2372135047,10
-1171717.8600990477,1844911.2372135047,10
-1171254.54738252,1844911.2372135047,10
-1170791.2346659927,1844911.2372135047,10
-1170327.921949465,1844911.2372135047,10
-1169864.6092329377,1844911.2372135047,10
-1169401.29651641,1844911.2372135047,10
-1168937.9837998827,1844911.2372135047,10
-1168474.671083355,1844911.2372135047,10
-1168011.3583668275,1844911.2372135047,10
-1167548.0456503,1844911.2372135047,10
-1167084.7329337727,1844911.2372135047,10
-1166621.4202172451,1844911.2372135047,10
-1166158.1075007175,1844911.2372135047,10
-1165694.7947841901,1844911.2372135047,10
-1165231.4820676625,1844911.2372135047,10
-1164768.1693511351,1844911.2372135047,10
-1164304.8566346075,1844911.2372135047,10
-1163841.5439180802,1844911.2372135047,10
-1163378.2312015526,1844911.2372135047,10
-1162914.9184850252,1844911.2372135047,10
-1162451.6057684976,1844911.2372135047,10
-1161988.2930519702,1844911.2372135047,10
-1161524.9803354426,1844911.2372135047,10
-1161061.6676189152,1844911.2372135047,10
-1160598.3549023876,1844911.2372135047,10
-1160135.0421858602,1844911.2372135047,10
-1159671.7294693326,1844911.2372135047,10
-1159208.416752805,1844911.2372135047,10
-1158745.1040362776,1844911.2372135047,10
-1158281.79131975,1844911.2372135047,10
-1157818.4786032226,1844911.2372135047,10
-1157355.165886695,1844911.2372135047,10
-1156891.8531701677,1844911.2372135047,10
-1156428.54045364,1844911.2372135047,10
-1155965.2277371127,1844911.2372135047,10
-1155501.915020585,1844911.2372135047,10
-1155038.6023040577,1844911.2372135047,10
-1154575.28958753,1844911.2372135047,10
-1154111.9768710027,1844911.2372135047,10
-1153648.664154475,1844911.2372135047,10
-1153185.3514379477,1844911.2372135047,10
-1152722.03872142,1844911.2372135047,10
-1152258.7260048925,1844911.2372135047,10
-1151795.4132883651,1844911.2372135047,10
-1151332.1005718375,1844911.2372135047,10
-1150868.7878553101,1844911.2372135047,10
-1150405.4751387825,1844911.2372135047,10
-1149942.1624222551,1844911.2372135047,10
-1358896.1975761575,1844447.9244969771,10
-1358432.8848596301,1844447.9244969771,10
-1357969.5721431025,1844447.9244969771,10
-1357506.2594265752,1844447.9244969771,10
-1357042.9467100475,1844447.9244969771,10
-1356579.6339935202,1844447.9244969771,10
-1356116.3212769926,1844447.9244969771,10
-1355653.0085604652,1844447.9244969771,10
-1355189.6958439376,1844447.9244969771,10
-1354726.3831274102,1844447.9244969771,10
-1354263.0704108826,1844447.9244969771,10
-1353799.7576943552,1844447.9244969771,10
-1353336.4449778276,1844447.9244969771,10
-1352873.1322613002,1844447.9244969771,10
-1352409.8195447726,1844447.9244969771,10
-1351946.506828245,1844447.9244969771,10
-1351483.1941117176,1844447.9244969771,10
-1351019.88139519,1844447.9244969771,10
-1350556.5686786626,1844447.9244969771,10
-1350093.255962135,1844447.9244969771,10
-1349629.9432456077,1844447.9244969771,10
-1349166.63052908,1844447.9244969771,10
-1348703.3178125527,1844447.9244969771,10
-1348240.005096025,1844447.9244969771,16
-1347776.6923794977,1844447.9244969771,16
-1347313.37966297,1844447.9244969771,16
-1346850.0669464427,1844447.9244969771,16
-1346386.754229915,1844447.9244969771,16
-1345923.4415133877,1844447.9244969771,16
-1345460.12879686,1844447.9244969771,16
-1344996.8160803327,1844447.9244969771,16
-1344533.5033638051,1844447.9244969771,16
-1344070.1906472775,1844447.9244969771,16
-1343606.8779307501,1844447.9244969771,16
-1343143.5652142225,1844447.9244969771,16
-1342680.2524976952,1844447.9244969771,16
-1342216.9397811675,1844447.9244969771,16
-1341753.6270646402,1844447.9244969771,16
-1341290.3143481126,1844447.9244969771,16
-1340827.0016315852,1844447.9244969771,16
-1340363.6889150576,1844447.9244969771,16
-1339900.3761985302,1844447.9244969771,16
-1339437.0634820026,1844447.9244969771,16
-1338973.7507654752,1844447.9244969771,10
-1338510.4380489476,1844447.9244969771,10
-1338047.1253324202,1844447.9244969771,16
-1337583.8126158926,1844447.9244969771,16
-1337120.499899365,1844447.9244969771,16
-1336657.1871828376,1844447.9244969771,16
-1336193.87446631,1844447.9244969771,16
-1335730.5617497826,1844447.9244969771,16
-1335267.249033255,1844447.9244969771,16
-1334803.9363167277,1844447.9244969771,16
-1334340.6236002,1844447.9244969771,16
-1333877.3108836727,1844447.9244969771,16
-1333413.998167145,1844447.9244969771,16
-1332950.6854506177,1844447.9244969771,16
-1332487.37273409,1844447.9244969771,16
-1332024.0600175627,1844447.9244969771,16
-1331560.747301035,1844447.9244969771,16
-1331097.4345845077,1844447.9244969771,16
-1330634.12186798,1844447.9244969771,16
-1330170.8091514525,1844447.9244969771,16
-1329707.4964349251,1844447.9244969771,16
-1329244.1837183975,1844447.9244969771,16
-1328780.8710018701,1844447.9244969771,16
-1328317.5582853425,1844447.9244969771,16
-1327854.2455688152,1844447.9244969771,16
-1327390.9328522875,1844447.9244969771,16
-1326927.6201357602,1844447.9244969771,16
-1326464.3074192326,1844447.9244969771,16
-1326000.9947027052,1844447.9244969771,16
-1325537.6819861776,1844447.9244969771,16
-1325074.3692696502,1844447.9244969771,16
-1324611.0565531226,1844447.9244969771,16
-1324147.7438365952,1844447.9244969771,16
-1323684.4311200676,1844447.9244969771,16
-1323221.11840354,1844447.9244969771,16
-1322757.8056870126,1844447.9244969771,16
-1322294.492970485,1844447.9244969771,16
-1321831.1802539576,1844447.9244969771,16
-1321367.86753743,1844447.9244969771,16
-1320904.5548209026,1844447.9244969771,10
-1320441.242104375,1844447.9244969771,10
-1319977.9293878477,1844447.9244969771,10
-1319514.61667132,1844447.9244969771,16
-1319051.3039547927,1844447.9244969771,16
-1318587.991238265,1844447.9244969771,16
-1318124.6785217377,1844447.9244969771,16
-1317661.36580521,1844447.9244969771,16
-1317198.0530886827,1844447.9244969771,16
-1316734.740372155,1844447.9244969771,16
-1316271.4276556277,1844447.9244969771,16
-1315808.1149391,1844447.9244969771,16
-1315344.8022225727,1844447.9244969771,16
-1314881.4895060451,1844447.9244969771,16
-1314418.1767895175,1844447.9244969771,16
-1313954.8640729901,1844447.9244969771,16
-1313491.5513564625,1844447.9244969771,16
-1313028.2386399352,1844447.9244969771,16
-1312564.9259234075,1844447.9244969771,16
-1312101.6132068802,1844447.9244969771,16
-1311638.3004903526,1844447.9244969771,16
-1311174.9877738252,1844447.9244969771,16
-1310711.6750572976,1844447.9244969771,16
-1310248.3623407702,1844447.9244969771,16
-1309785.0496242426,1844447.9244969771,16
-1309321.7369077152,1844447.9244969771,16
-1308858.4241911876,1844447.9244969771,16
-1308395.1114746602,1844447.9244969771,16
-1307931.7987581326,1844447.9244969771,16
-1307468.486041605,1844447.9244969771,16
-1307005.1733250776,1844447.9244969771,16
-1306541.86060855,1844447.9244969771,16
-1306078.5478920226,1844447.9244969771,7
-1305615.235175495,1844447.9244969771,7
-1305151.9224589677,1844447.9244969771,16
-1304688.60974244,1844447.9244969771,16
-1304225.2970259127,1844447.9244969771,16
-1303761.984309385,1844447.9244969771,16
-1303298.6715928577,1844447.9244969771,16
-1302835.35887633,1844447.9244969771,16
-1302372.0461598027,1844447.9244969771,16
-1301908.733443275,1844447.9244969771,16
-1301445.4207267477,1844447.9244969771,16
-1300982.10801022,1844447.9244969771,16
-1300518.7952936925,1844447.9244969771,16
-1300055.4825771651,1844447.9244969771,16
-1299592.1698606375,1844447.9244969771,16
-1299128.8571441101,1844447.9244969771,16
-1298665.5444275825,1844447.9244969771,16
-1298202.2317110552,1844447.9244969771,16
-1297738.9189945275,1844447.9244969771,16
-1297275.6062780002,1844447.9244969771,16
-1296812.2935614726,1844447.9244969771,16
-1296348.9808449452,1844447.9244969771,16
-1295885.6681284176,1844447.9244969771,16
-1295422.3554118902,1844447.9244969771,16
-1294959.0426953626,1844447.9244969771,16
-1294495.7299788352,1844447.9244969771,16
-1294032.4172623076,1844447.9244969771,10
-1293569.10454578,1844447.9244969771,10
-1293105.7918292526,1844447.9244969771,10
-1292642.479112725,1844447.9244969771,10
-1292179.1663961976,1844447.9244969771,16
-1291715.85367967,1844447.9244969771,16
-1291252.5409631426,1844447.9244969771,10
-1290789.228246615,1844447.9244969771,10
-1290325.9155300877,1844447.9244969771,10
-1289862.60281356,1844447.9244969771,10
-1289399.2900970327,1844447.9244969771,10
-1288935.977380505,1844447.9244969771,10
-1288472.6646639777,1844447.9244969771,10
-1288009.35194745,1844447.9244969771,10
-1287546.0392309227,1844447.9244969771,10
-1287082.726514395,1844447.9244969771,10
-1286619.4137978677,1844447.9244969771,10
-1286156.10108134,1844447.9244969771,10
-1285692.7883648127,1844447.9244969771,10
-1285229.4756482851,1844447.9244969771,10
-1284766.1629317575,1844447.9244969771,10
-1284302.8502152301,1844447.9244969771,10
-1283839.5374987025,1844447.9244969771,10
-1283376.2247821752,1844447.9244969771,10
-1282912.9120656475,1844447.9244969771,10
-1282449.5993491202,1844447.9244969771,10
-1281986.2866325926,1844447.9244969771,10
-1281522.9739160652,1844447.9244969771,10
-1281059.6611995376,1844447.9244969771,10
-1280596.3484830102,1844447.9244969771,10
-1280133.0357664826,1844447.9244969771,10
-1279669.7230499552,1844447.9244969771,10
-1279206.4103334276,1844447.9244969771,10
-1278743.0976169002,1844447.9244969771,10
-1278279.7849003726,1844447.9244969771,10
-1277816.472183845,1844447.9244969771,10
-1277353.1594673176,1844447.9244969771,10
-1276889.84675079,1844447.9244969771,10
-1276426.5340342626,1844447.9244969771,10
-1275963.221317735,1844447.9244969771,10
-1275499.9086012077,1844447.9244969771,10
-1275036.59588468,1844447.9244969771,10
-1274573.2831681527,1844447.9244969771,10
-1274109.970451625,1844447.9244969771,10
-1273646.6577350977,1844447.9244969771,10
-1273183.34501857,1844447.9244969771,10
-1272720.0323020427,1844447.9244969771,10
-1272256.719585515,1844447.9244969771,10
-1271793.4068689877,1844447.9244969771,10
-1271330.09415246,1844447.9244969771,10
-1270866.7814359325,1844447.9244969771,10
-1270403.4687194051,1844447.9244969771,10
-1269940.1560028775,1844447.9244969771,10
-1269476.8432863501,1844447.9244969771,10
-1269013.5305698225,1844447.9244969771,10
-1268550.2178532952,1844447.9244969771,10
-1268086.9051367675,1844447.9244969771,10
-1267623.5924202402,1844447.9244969771,10
-1267160.2797037126,1844447.9244969771,10
-1266696.9669871852,1844447.9244969771,10
-1266233.6542706576,1844447.9244969771,10
-1265770.3415541302,1844447.9244969771,10
-1265307.0288376026,1844447.9244969771,10
-1264843.7161210752,1844447.9244969771,10
-1264380.4034045476,1844447.9244969771,10
-1263917.09068802,1844447.9244969771,10
-1263453.7779714926,1844447.9244969771,10
-1262990.465254965,1844447.9244969771,10
-1262527.1525384376,1844447.9244969771,10
-1262063.83982191,1844447.9244969771,10
-1261600.5271053826,1844447.9244969771,10
-1261137.214388855,1844447.9244969771,10
-1260673.9016723277,1844447.9244969771,10
-1260210.5889558,1844447.9244969771,10
-1259747.2762392727,1844447.9244969771,10
-1259283.963522745,1844447.9244969771,10
-1258820.6508062177,1844447.9244969771,10
-1258357.33808969,1844447.9244969771,10
-1257894.0253731627,1844447.9244969771,10
-1257430.712656635,1844447.9244969771,10
-1256967.3999401077,1844447.9244969771,10
-1256504.08722358,1844447.9244969771,10
-1256040.7745070527,1844447.9244969771,10
-1255577.4617905251,1844447.9244969771,10
-1255114.1490739975,1844447.9244969771,10
-1254650.8363574701,1844447.9244969771,10
-1254187.5236409425,1844447.9244969771,10
-1253724.2109244152,1844447.9244969771,10
-1253260.8982078875,1844447.9244969771,10
-1252797.5854913602,1844447.9244969771,10
-1252334.2727748326,1844447.9244969771,10
-1251870.9600583052,1844447.9244969771,10
-1251407.6473417776,1844447.9244969771,10
-1250944.3346252502,1844447.9244969771,10
-1250481.0219087226,1844447.9244969771,10
-1250017.7091921952,1844447.9244969771,10
-1249554.3964756676,1844447.9244969771,10
-1249091.0837591402,1844447.9244969771,10
-1248627.7710426126,1844447.9244969771,10
-1248164.458326085,1844447.9244969771,10
-1247701.1456095576,1844447.9244969771,10
-1247237.83289303,1844447.9244969771,10
-1246774.5201765026,1844447.9244969771,10
-1246311.207459975,1844447.9244969771,10
-1245847.8947434477,1844447.9244969771,10
-1245384.58202692,1844447.9244969771,10
-1244921.2693103927,1844447.9244969771,10
-1244457.956593865,1844447.9244969771,10
-1243994.6438773377,1844447.9244969771,10
-1243531.33116081,1844447.9244969771,10
-1243068.0184442827,1844447.9244969771,10
-1242604.705727755,1844447.9244969771,10
-1242141.3930112277,1844447.9244969771,10
-1241678.0802947,1844447.9244969771,10
-1241214.7675781725,1844447.9244969771,10
-1240751.4548616451,1844447.9244969771,10
-1240288.1421451175,1844447.9244969771,10
-1239824.8294285901,1844447.9244969771,10
-1239361.5167120625,1844447.9244969771,10
-1238898.2039955352,1844447.9244969771,10
-1238434.8912790075,1844447.9244969771,10
-1237971.5785624802,1844447.9244969771,10
-1237508.2658459526,1844447.9244969771,10
-1237044.9531294252,1844447.9244969771,10
-1236581.6404128976,1844447.9244969771,10
-1236118.3276963702,1844447.9244969771,10
-1235655.0149798426,1844447.9244969771,10
-1235191.7022633152,1844447.9244969771,10
-1234728.3895467876,1844447.9244969771,10
-1234265.07683026,1844447.9244969771,10
-1233801.7641137326,1844447.9244969771,10
-1233338.4513972052,1844447.9244969771,10
-1232875.1386806776,1844447.9244969771,10
-1232411.82596415,1844447.9244969771,10
-1231948.5132476226,1844447.9244969771,10
-1231485.200531095,1844447.9244969771,10
-1231021.8878145677,1844447.9244969771,10
-1230558.57509804,1844447.9244969771,10
-1230095.2623815127,1844447.9244969771,10
-1229631.949664985,1844447.9244969771,10
-1229168.6369484577,1844447.9244969771,10
-1228705.32423193,1844447.9244969771,10
-1228242.0115154027,1844447.9244969771,10
-1227778.698798875,1844447.9244969771,10
-1227315.3860823475,1844447.9244969771,10
-1226852.07336582,1844447.9244969771,10
-1226388.7606492927,1844447.9244969771,10
-1225925.4479327651,1844447.9244969771,10
-1225462.1352162375,1844447.9244969771,10
-1224998.8224997101,1844447.9244969771,10
-1224535.5097831825,1844447.9244969771,10
-1224072.1970666551,1844447.9244969771,10
-1223608.8843501275,1844447.9244969771,10
-1223145.5716336002,1844447.9244969771,10
-1222682.2589170726,1844447.9244969771,10
-1222218.9462005452,1844447.9244969771,10
-1221755.6334840176,1844447.9244969771,10
-1221292.3207674902,1844447.9244969771,10
-1220829.0080509626,1844447.9244969771,10
-1220365.6953344352,1844447.9244969771,10
-1219902.3826179076,1844447.9244969771,10
-1219439.0699013802,1844447.9244969771,10
-1218975.7571848526,1844447.9244969771,10
-1218512.444468325,1844447.9244969771,10
-1218049.1317517976,1844447.9244969771,10
-1217585.81903527,1844447.9244969771,10
-1217122.5063187426,1844447.9244969771,10
-1216659.193602215,1844447.9244969771,10
-1216195.8808856877,1844447.9244969771,10
-1215732.56816916,1844447.9244969771,10
-1215269.2554526327,1844447.9244969771,10
-1214805.942736105,1844447.9244969771,10
-1214342.6300195777,1844447.9244969771,10
-1213879.31730305,1844447.9244969771,10
-1213416.0045865227,1844447.9244969771,10
-1212952.691869995,1844447.9244969771,10
-1212489.3791534677,1844447.9244969771,10
-1212026.06643694,1844447.9244969771,10
-1211562.7537204125,1844447.9244969771,10
-1211099.4410038851,1844447.9244969771,10
-1210636.1282873575,1844447.9244969771,10
-1210172.8155708301,1844447.9244969771,10
-1209709.5028543025,1844447.9244969771,10
-1209246.1901377751,1844447.9244969771,10
-1208782.8774212475,1844447.9244969771,10
-1208319.5647047202,1844447.9244969771,10
-1207856.2519881926,1844447.9244969771,10
-1207392.9392716652,1844447.9244969771,10
-1206929.6265551376,1844447.9244969771,10
-1206466.3138386102,1844447.9244969771,10
-1206003.0011220826,1844447.9244969771,10
-1205539.6884055552,1844447.9244969771,10
-1205076.3756890276,1844447.9244969771,10
-1204613.0629725,1844447.9244969771,10
-1204149.7502559726,1844447.9244969771,10
-1203686.4375394452,1844447.9244969771,10
-1203223.1248229176,1844447.9244969771,10
-1202759.81210639,1844447.9244969771,10
-1202296.4993898626,1844447.9244969771,10
-1201833.186673335,1844447.9244969771,10
-1201369.8739568077,1844447.9244969771,10
-1200906.56124028,1844447.9244969771,10
-1200443.2485237527,1844447.9244969771,10
-1199979.935807225,1844447.9244969771,10
-1199516.6230906977,1844447.9244969771,10
-1199053.31037417,1844447.9244969771,10
-1198589.9976576427,1844447.9244969771,10
-1198126.684941115,1844447.9244969771,10
-1197663.3722245875,1844447.9244969771,10
-1197200.05950806,1844447.9244969771,10
-1196736.7467915327,1844447.9244969771,10
-1196273.4340750051,1844447.9244969771,10
-1195810.1213584775,1844447.9244969771,10
-1195346.8086419501,1844447.9244969771,10
-1194883.4959254225,1844447.9244969771,10
-1194420.1832088951,1844447.9244969771,10
-1193956.8704923675,1844447.9244969771,10
-1193493.5577758402,1844447.9244969771,10
-1193030.2450593126,1844447.9244969771,10
-1192566.9323427852,1844447.9244969771,10
-1192103.6196262576,1844447.9244969771,10
-1191640.3069097302,1844447.9244969771,10
-1191176.9941932026,1844447.9244969771,10
-1190713.6814766752,1844447.9244969771,10
-1190250.3687601476,1844447.9244969771,10
-1189787.0560436202,1844447.9244969771,10
-1189323.7433270926,1844447.9244969771,10
-1188860.430610565,1844447.9244969771,10
-1188397.1178940376,1844447.9244969771,10
-1187933.80517751,1844447.9244969771,10
-1187470.4924609826,1844447.9244969771,10
-1187007.179744455,1844447.9244969771,10
-1186543.8670279277,1844447.9244969771,10
-1186080.5543114,1844447.9244969771,10
-1185617.2415948727,1844447.9244969771,10
-1185153.928878345,1844447.9244969771,10
-1184690.6161618177,1844447.9244969771,10
-1184227.30344529,1844447.9244969771,10
-1183763.9907287627,1844447.9244969771,10
-1183300.678012235,1844447.9244969771,10
-1182837.3652957077,1844447.9244969771,10
-1182374.05257918,1844447.9244969771,10
-1181910.7398626525,1844447.9244969771,10
-1181447.4271461251,1844447.9244969771,10
-1180984.1144295975,1844447.9244969771,10
-1180520.8017130701,1844447.9244969771,10
-1180057.4889965425,1844447.9244969771,10
-1179594.1762800151,1844447.9244969771,10
-1179130.8635634875,1844447.9244969771,10
-1178667.5508469602,1844447.9244969771,10
-1178204.2381304326,1844447.9244969771,10
-1177740.9254139052,1844447.9244969771,10
-1177277.6126973776,1844447.9244969771,10
-1176814.2999808502,1844447.9244969771,10
-1176350.9872643226,1844447.9244969771,10
-1175887.6745477952,1844447.9244969771,10
-1175424.3618312676,1844447.9244969771,10
-1174961.04911474,1844447.9244969771,10
-1174497.7363982126,1844447.9244969771,10
-1174034.4236816852,1844447.9244969771,10
-1173571.1109651576,1844447.9244969771,10
-1173107.79824863,1844447.9244969771,10
-1172644.4855321026,1844447.9244969771,10
-1172181.172815575,1844447.9244969771,10
-1171717.8600990477,1844447.9244969771,10
-1171254.54738252,1844447.9244969771,10
-1170791.2346659927,1844447.9244969771,10
-1170327.921949465,1844447.9244969771,10
-1169864.6092329377,1844447.9244969771,10
-1169401.29651641,1844447.9244969771,10
-1168937.9837998827,1844447.9244969771,10
-1168474.671083355,1844447.9244969771,10
-1168011.3583668275,1844447.9244969771,10
-1167548.0456503,1844447.9244969771,10
-1167084.7329337727,1844447.9244969771,10
-1166621.4202172451,1844447.9244969771,10
-1166158.1075007175,1844447.9244969771,10
-1165694.7947841901,1844447.9244969771,10
-1165231.4820676625,1844447.9244969771,10
-1164768.1693511351,1844447.9244969771,10
-1164304.8566346075,1844447.9244969771,10
-1163841.5439180802,1844447.9244969771,10
-1163378.2312015526,1844447.9244969771,10
-1162914.9184850252,1844447.9244969771,10
-1162451.6057684976,1844447.9244969771,10
-1161988.2930519702,1844447.9244969771,10
-1161524.9803354426,1844447.9244969771,10
-1161061.6676189152,1844447.9244969771,10
-1160598.3549023876,1844447.9244969771,10
-1160135.0421858602,1844447.9244969771,10
-1159671.7294693326,1844447.9244969771,10
-1159208.416752805,1844447.9244969771,10
-1158745.1040362776,1844447.9244969771,10
-1158281.79131975,1844447.9244969771,10
-1157818.4786032226,1844447.9244969771,10
-1157355.165886695,1844447.9244969771,10
-1156891.8531701677,1844447.9244969771,10
-1156428.54045364,1844447.9244969771,10
-1155965.2277371127,1844447.9244969771,10
-1155501.915020585,1844447.9244969771,10
-1155038.6023040577,1844447.9244969771,10
-1154575.28958753,1844447.9244969771,10
-1154111.9768710027,1844447.9244969771,10
-1153648.664154475,1844447.9244969771,10
-1153185.3514379477,1844447.9244969771,10
-1152722.03872142,1844447.9244969771,10
-1152258.7260048925,1844447.9244969771,10
-1151795.4132883651,1844447.9244969771,10
-1151332.1005718375,1844447.9244969771,10
-1150868.7878553101,1844447.9244969771,10
-1150405.4751387825,1844447.9244969771,10
-1149942.1624222551,1844447.9244969771,10
-1149478.8497057275,1844447.9244969771,10
-1149015.5369892002,1844447.9244969771,10
-1148552.2242726726,1844447.9244969771,10
-1148088.9115561452,1844447.9244969771,10
-1147625.5988396176,1844447.9244969771,10
-1147162.2861230902,1844447.9244969771,10
-1358896.1975761575,1843984.6117804497,10
-1358432.8848596301,1843984.6117804497,10
-1357969.5721431025,1843984.6117804497,10
-1357506.2594265752,1843984.6117804497,10
-1357042.9467100475,1843984.6117804497,10
-1356579.6339935202,1843984.6117804497,10
-1356116.3212769926,1843984.6117804497,10
-1355653.0085604652,1843984.6117804497,10
-1355189.6958439376,1843984.6117804497,10
-1354726.3831274102,1843984.6117804497,10
-1354263.0704108826,1843984.6117804497,10
-1353799.7576943552,1843984.6117804497,10
-1353336.4449778276,1843984.6117804497,10
-1352873.1322613002,1843984.6117804497,10
-1352409.8195447726,1843984.6117804497,10
-1351946.506828245,1843984.6117804497,10
-1351483.1941117176,1843984.6117804497,10
-1351019.88139519,1843984.6117804497,10
-1350556.5686786626,1843984.6117804497,10
-1350093.255962135,1843984.6117804497,10
-1349629.9432456077,1843984.6117804497,10
-1349166.63052908,1843984.6117804497,10
-1348703.3178125527,1843984.6117804497,16
-1348240.005096025,1843984.6117804497,16
-1347776.6923794977,1843984.6117804497,16
-1347313.37966297,1843984.6117804497,16
-1346850.0669464427,1843984.6117804497,16
-1346386.754229915,1843984.6117804497,16
-1345923.4415133877,1843984.6117804497,16
-1345460.12879686,1843984.6117804497,16
-1344996.8160803327,1843984.6117804497,16
-1344533.5033638051,1843984.6117804497,16
-1344070.1906472775,1843984.6117804497,16
-1343606.8779307501,1843984.6117804497,16
-1343143.5652142225,1843984.6117804497,16
-1342680.2524976952,1843984.6117804497,16
-1342216.9397811675,1843984.6117804497,16
-1341753.6270646402,1843984.6117804497,16
-1341290.3143481126,1843984.6117804497,16
-1340827.0016315852,1843984.6117804497,16
-1340363.6889150576,1843984.6117804497,16
-1339900.3761985302,1843984.6117804497,16
-1339437.0634820026,1843984.6117804497,16
-1338973.7507654752,1843984.6117804497,16
-1338510.4380489476,1843984.6117804497,16
-1338047.1253324202,1843984.6117804497,16
-1337583.8126158926,1843984.6117804497,16
-1337120.499899365,1843984.6117804497,16
-1336657.1871828376,1843984.6117804497,16
-1336193.87446631,1843984.6117804497,16
-1335730.5617497826,1843984.6117804497,16
-1335267.249033255,1843984.6117804497,16
-1334803.9363167277,1843984.6117804497,16
-1334340.6236002,1843984.6117804497,16
-1333877.3108836727,1843984.6117804497,16
-1333413.998167145,1843984.6117804497,16
-1332950.6854506177,1843984.6117804497,16
-1332487.37273409,1843984.6117804497,16
-1332024.0600175627,1843984.6117804497,16
-1331560.747301035,1843984.6117804497,16
-1331097.4345845077,1843984.6117804497,16
-1330634.12186798,1843984.6117804497,16
-1330170.8091514525,1843984.6117804497,16
-1329707.4964349251,1843984.6117804497,16
-1329244.1837183975,1843984.6117804497,16
-1328780.8710018701,1843984.6117804497,16
-1328317.5582853425,1843984.6117804497,16
-1327854.2455688152,1843984.6117804497,16
-1327390.9328522875,1843984.6117804497,16
-1326927.6201357602,1843984.6117804497,16
-1326464.3074192326,1843984.6117804497,16
-1326000.9947027052,1843984.6117804497,16
-1325537.6819861776,1843984.6117804497,16
-1325074.3692696502,1843984.6117804497,16
-1324611.0565531226,1843984.6117804497,16
-1324147.7438365952,1843984.6117804497,16
-1323684.4311200676,1843984.6117804497,16
-1323221.11840354,1843984.6117804497,16
-1322757.8056870126,1843984.6117804497,16
-1322294.492970485,1843984.6117804497,16
-1321831.1802539576,1843984.6117804497,16
-1321367.86753743,1843984.6117804497,16
-1320904.5548209026,1843984.6117804497,16
-1320441.242104375,1843984.6117804497,10
-1319977.9293878477,1843984.6117804497,10
-1319514.61667132,1843984.6117804497,16
-1319051.3039547927,1843984.6117804497,16
-1318587.991238265,1843984.6117804497,16
-1318124.6785217377,1843984.6117804497,16
-1317661.36580521,1843984.6117804497,16
-1317198.0530886827,1843984.6117804497,16
-1316734.740372155,1843984.6117804497,16
-1316271.4276556277,1843984.6117804497,16
-1315808.1149391,1843984.6117804497,16
-1315344.8022225727,1843984.6117804497,16
-1314881.4895060451,1843984.6117804497,16
-1314418.1767895175,1843984.6117804497,16
-1313954.8640729901,1843984.6117804497,16
-1313491.5513564625,1843984.6117804497,16
-1313028.2386399352,1843984.6117804497,16
-1312564.9259234075,1843984.6117804497,16
-1312101.6132068802,1843984.6117804497,16
-1311638.3004903526,1843984.6117804497,16
-1311174.9877738252,1843984.6117804497,16
-1310711.6750572976,1843984.6117804497,16
-1310248.3623407702,1843984.6117804497,16
-1309785.0496242426,1843984.6117804497,16
-1309321.7369077152,1843984.6117804497,16
-1308858.4241911876,1843984.6117804497,16
-1308395.1114746602,1843984.6117804497,16
-1307931.7987581326,1843984.6117804497,16
-1307468.486041605,1843984.6117804497,16
-1307005.1733250776,1843984.6117804497,16
-1306541.86060855,1843984.6117804497,16
-1306078.5478920226,1843984.6117804497,16
-1305615.235175495,1843984.6117804497,7
-1305151.9224589677,1843984.6117804497,10
-1304688.60974244,1843984.6117804497,16
-1304225.2970259127,1843984.6117804497,16
-1303761.984309385,1843984.6117804497,16
-1303298.6715928577,1843984.6117804497,16
-1302835.35887633,1843984.6117804497,16
-1302372.0461598027,1843984.6117804497,16
-1301908.733443275,1843984.6117804497,16
-1301445.4207267477,1843984.6117804497,16
-1300982.10801022,1843984.6117804497,16
-1300518.7952936925,1843984.6117804497,16
-1300055.4825771651,1843984.6117804497,16
-1299592.1698606375,1843984.6117804497,16
-1299128.8571441101,1843984.6117804497,16
-1298665.5444275825,1843984.6117804497,16
-1298202.2317110552,1843984.6117804497,16
-1297738.9189945275,1843984.6117804497,16
-1297275.6062780002,1843984.6117804497,16
-1296812.2935614726,1843984.6117804497,16
-1296348.9808449452,1843984.6117804497,16
-1295885.6681284176,1843984.6117804497,16
-1295422.3554118902,1843984.6117804497,16
-1294959.0426953626,1843984.6117804497,16
-1294495.7299788352,1843984.6117804497,16
-1294032.4172623076,1843984.6117804497,10
-1293569.10454578,1843984.6117804497,16
-1293105.7918292526,1843984.6117804497,16
-1292642.479112725,1843984.6117804497,16
-1292179.1663961976,1843984.6117804497,16
-1291715.85367967,1843984.6117804497,16
-1291252.5409631426,1843984.6117804497,16
-1290789.228246615,1843984.6117804497,16
-1290325.9155300877,1843984.6117804497,16
-1289862.60281356,1843984.6117804497,10
-1289399.2900970327,1843984.6117804497,10
-1288935.977380505,1843984.6117804497,10
-1288472.6646639777,1843984.6117804497,10
-1288009.35194745,1843984.6117804497,10
-1287546.0392309227,1843984.6117804497,10
-1287082.726514395,1843984.6117804497,10
-1286619.4137978677,1843984.6117804497,7
-1286156.10108134,1843984.6117804497,10
-1285692.7883648127,1843984.6117804497,10
-1285229.4756482851,1843984.6117804497,7
-1284766.1629317575,1843984.6117804497,10
-1284302.8502152301,1843984.6117804497,10
-1283839.5374987025,1843984.6117804497,10
-1283376.2247821752,1843984.6117804497,10
-1282912.9120656475,1843984.6117804497,10
-1282449.5993491202,1843984.6117804497,10
-1281986.2866325926,1843984.6117804497,10
-1281522.9739160652,1843984.6117804497,10
-1281059.6611995376,1843984.6117804497,10
-1280596.3484830102,1843984.6117804497,10
-1280133.0357664826,1843984.6117804497,10
-1279669.7230499552,1843984.6117804497,10
-1279206.4103334276,1843984.6117804497,10
-1278743.0976169002,1843984.6117804497,10
-1278279.7849003726,1843984.6117804497,10
-1277816.472183845,1843984.6117804497,10
-1277353.1594673176,1843984.6117804497,10
-1276889.84675079,1843984.6117804497,10
-1276426.5340342626,1843984.6117804497,10
-1275963.221317735,1843984.6117804497,10
-1275499.9086012077,1843984.6117804497,10
-1275036.59588468,1843984.6117804497,10
-1274573.2831681527,1843984.6117804497,10
-1274109.970451625,1843984.6117804497,10
-1273646.6577350977,1843984.6117804497,10
-1273183.34501857,1843984.6117804497,10
-1272720.0323020427,1843984.6117804497,10
-1272256.719585515,1843984.6117804497,10
-1271793.4068689877,1843984.6117804497,10
-1271330.09415246,1843984.6117804497,10
-1270866.7814359325,1843984.6117804497,10
-1270403.4687194051,1843984.6117804497,10
-1269940.1560028775,1843984.6117804497,10
-1269476.8432863501,1843984.6117804497,10
-1269013.5305698225,1843984.6117804497,10
-1268550.2178532952,1843984.6117804497,10
-1268086.9051367675,1843984.6117804497,10
-1267623.5924202402,1843984.6117804497,10
-1267160.2797037126,1843984.6117804497,10
-1266696.9669871852,1843984.6117804497,10
-1266233.6542706576,1843984.6117804497,10
-1265770.3415541302,1843984.6117804497,10
-1265307.0288376026,1843984.6117804497,10
-1264843.7161210752,1843984.6117804497,10
-1264380.4034045476,1843984.6117804497,10
-1263917.09068802,1843984.6117804497,10
-1263453.7779714926,1843984.6117804497,10
-1262990.465254965,1843984.6117804497,10
-1262527.1525384376,1843984.6117804497,10
-1262063.83982191,1843984.6117804497,10
-1261600.5271053826,1843984.6117804497,10
-1261137.214388855,1843984.6117804497,10
-1260673.9016723277,1843984.6117804497,10
-1260210.5889558,1843984.6117804497,10
-1259747.2762392727,1843984.6117804497,10
-1259283.963522745,1843984.6117804497,10
-1258820.6508062177,1843984.6117804497,10
-1258357.33808969,1843984.6117804497,10
-1257894.0253731627,1843984.6117804497,10
-1257430.712656635,1843984.6117804497,10
-1256967.3999401077,1843984.6117804497,10
-1256504.08722358,1843984.6117804497,10
-1256040.7745070527,1843984.6117804497,10
-1255577.4617905251,1843984.6117804497,10
-1255114.1490739975,1843984.6117804497,10
-1254650.8363574701,1843984.6117804497,10
-1254187.5236409425,1843984.6117804497,10
-1253724.2109244152,1843984.6117804497,10
-1253260.8982078875,1843984.6117804497,10
-1252797.5854913602,1843984.6117804497,10
-1252334.2727748326,1843984.6117804497,10
-1251870.9600583052,1843984.6117804497,10
-1251407.6473417776,1843984.6117804497,10
-1250944.3346252502,1843984.6117804497,10
-1250481.0219087226,1843984.6117804497,10
-1250017.7091921952,1843984.6117804497,10
-1249554.3964756676,1843984.6117804497,10
-1249091.0837591402,1843984.6117804497,10
-1248627.7710426126,1843984.6117804497,10
-1248164.458326085,1843984.6117804497,10
-1247701.1456095576,1843984.6117804497,10
-1247237.83289303,1843984.6117804497,10
-1246774.5201765026,1843984.6117804497,10
-1246311.207459975,1843984.6117804497,10
-1245847.8947434477,1843984.6117804497,10
-1245384.58202692,1843984.6117804497,10
-1244921.2693103927,1843984.6117804497,10
-1244457.956593865,1843984.6117804497,10
-1243994.6438773377,1843984.6117804497,7
-1243531.33116081,1843984.6117804497,10
-1243068.0184442827,1843984.6117804497,10
-1242604.705727755,1843984.6117804497,10
-1242141.3930112277,1843984.6117804497,10
-1241678.0802947,1843984.6117804497,10
-1241214.7675781725,1843984.6117804497,10
-1240751.4548616451,1843984.6117804497,10
-1240288.1421451175,1843984.6117804497,10
-1239824.8294285901,1843984.6117804497,10
-1239361.5167120625,1843984.6117804497,10
-1238898.2039955352,1843984.6117804497,10
-1238434.8912790075,1843984.6117804497,10
-1237971.5785624802,1843984.6117804497,10
-1237508.2658459526,1843984.6117804497,10
-1237044.9531294252,1843984.6117804497,10
-1236581.6404128976,1843984.6117804497,10
-1236118.3276963702,1843984.6117804497,10
-1235655.0149798426,1843984.6117804497,10
-1235191.7022633152,1843984.6117804497,10
-1234728.3895467876,1843984.6117804497,10
-1234265.07683026,1843984.6117804497,10
-1233801.7641137326,1843984.6117804497,10
-1233338.4513972052,1843984.6117804497,10
-1232875.1386806776,1843984.6117804497,10
-1232411.82596415,1843984.6117804497,10
-1231948.5132476226,1843984.6117804497,10
-1231485.200531095,1843984.6117804497,10
-1231021.8878145677,1843984.6117804497,10
-1230558.57509804,1843984.6117804497,10
-1230095.2623815127,1843984.6117804497,10
-1229631.949664985,1843984.6117804497,10
-1229168.6369484577,1843984.6117804497,10
-1228705.32423193,1843984.6117804497,10
-1228242.0115154027,1843984.6117804497,10
-1227778.698798875,1843984.6117804497,10
-1227315.3860823475,1843984.6117804497,10
-1226852.07336582,1843984.6117804497,10
-1226388.7606492927,1843984.6117804497,10
-1225925.4479327651,1843984.6117804497,10
-1225462.1352162375,1843984.6117804497,10
-1224998.8224997101,1843984.6117804497,10
-1224535.5097831825,1843984.6117804497,10
-1224072.1970666551,1843984.6117804497,10
-1223608.8843501275,1843984.6117804497,10
-1223145.5716336002,1843984.6117804497,10
-1222682.2589170726,1843984.6117804497,10
-1222218.9462005452,1843984.6117804497,10
-1221755.6334840176,1843984.6117804497,10
-1221292.3207674902,1843984.6117804497,10
-1220829.0080509626,1843984.6117804497,10
-1220365.6953344352,1843984.6117804497,10
-1219902.3826179076,1843984.6117804497,10
-1219439.0699013802,1843984.6117804497,10
-1218975.7571848526,1843984.6117804497,10
-1218512.444468325,1843984.6117804497,10
-1218049.1317517976,1843984.6117804497,10
-1217585.81903527,1843984.6117804497,10
-1217122.5063187426,1843984.6117804497,10
-1216659.193602215,1843984.6117804497,10
-1216195.8808856877,1843984.6117804497,10
-1215732.56816916,1843984.6117804497,10
-1215269.2554526327,1843984.6117804497,10
-1214805.942736105,1843984.6117804497,10
-1214342.6300195777,1843984.6117804497,10
-1213879.31730305,1843984.6117804497,10
-1213416.0045865227,1843984.6117804497,10
-1212952.691869995,1843984.6117804497,10
-1212489.3791534677,1843984.6117804497,10
-1212026.06643694,1843984.6117804497,10
-1211562.7537204125,1843984.6117804497,10
-1211099.4410038851,1843984.6117804497,10
-1210636.1282873575,1843984.6117804497,10
-1210172.8155708301,1843984.6117804497,10
-1209709.5028543025,1843984.6117804497,10
-1209246.1901377751,1843984.6117804497,10
-1208782.8774212475,1843984.6117804497,10
-1208319.5647047202,1843984.6117804497,10
-1207856.2519881926,1843984.6117804497,10
-1207392.9392716652,1843984.6117804497,10
-1206929.6265551376,1843984.6117804497,10
-1206466.3138386102,1843984.6117804497,10
-1206003.0011220826,1843984.6117804497,10
-1205539.6884055552,1843984.6117804497,10
-1205076.3756890276,1843984.6117804497,10
-1204613.0629725,1843984.6117804497,10
-1204149.7502559726,1843984.6117804497,10
-1203686.4375394452,1843984.6117804497,10
-1203223.1248229176,1843984.6117804497,10
-1202759.81210639,1843984.6117804497,10
-1202296.4993898626,1843984.6117804497,10
-1201833.186673335,1843984.6117804497,10
-1201369.8739568077,1843984.6117804497,10
-1200906.56124028,1843984.6117804497,10
-1200443.2485237527,1843984.6117804497,10
-1199979.935807225,1843984.6117804497,10
-1199516.6230906977,1843984.6117804497,10
-1199053.31037417,1843984.6117804497,10
-1198589.9976576427,1843984.6117804497,10
-1198126.684941115,1843984.6117804497,10
-1197663.3722245875,1843984.6117804497,10
-1197200.05950806,1843984.6117804497,10
-1196736.7467915327,1843984.6117804497,10
-1196273.4340750051,1843984.6117804497,10
-1195810.1213584775,1843984.6117804497,10
-1195346.8086419501,1843984.6117804497,10
-1194883.4959254225,1843984.6117804497,10
-1194420.1832088951,1843984.6117804497,10
-1193956.8704923675,1843984.6117804497,10
-1193493.5577758402,1843984.6117804497,10
-1193030.2450593126,1843984.6117804497,10
-1192566.9323427852,1843984.6117804497,10
-1192103.6196262576,1843984.6117804497,10
-1191640.3069097302,1843984.6117804497,10
-1191176.9941932026,1843984.6117804497,10
-1190713.6814766752,1843984.6117804497,10
-1190250.3687601476,1843984.6117804497,10
-1189787.0560436202,1843984.6117804497,10
-1189323.7433270926,1843984.6117804497,10
-1188860.430610565,1843984.6117804497,10
-1188397.1178940376,1843984.6117804497,10
-1187933.80517751,1843984.6117804497,10
-1187470.4924609826,1843984.6117804497,10
-1187007.179744455,1843984.6117804497,10
-1186543.8670279277,1843984.6117804497,10
-1186080.5543114,1843984.6117804497,10
-1185617.2415948727,1843984.6117804497,10
-1185153.928878345,1843984.6117804497,10
-1184690.6161618177,1843984.6117804497,10
-1184227.30344529,1843984.6117804497,10
-1183763.9907287627,1843984.6117804497,10
-1183300.678012235,1843984.6117804497,10
-1182837.3652957077,1843984.6117804497,10
-1182374.05257918,1843984.6117804497,10
-1181910.7398626525,1843984.6117804497,10
-1181447.4271461251,1843984.6117804497,10
-1180984.1144295975,1843984.6117804497,10
-1180520.8017130701,1843984.6117804497,10
-1180057.4889965425,1843984.6117804497,10
-1179594.1762800151,1843984.6117804497,10
-1179130.8635634875,1843984.6117804497,10
-1178667.5508469602,1843984.6117804497,10
-1178204.2381304326,1843984.6117804497,10
-1177740.9254139052,1843984.6117804497,10
-1177277.6126973776,1843984.6117804497,10
-1176814.2999808502,1843984.6117804497,10
-1176350.9872643226,1843984.6117804497,10
-1175887.6745477952,1843984.6117804497,10
-1175424.3618312676,1843984.6117804497,10
-1174961.04911474,1843984.6117804497,10
-1174497.7363982126,1843984.6117804497,10
-1174034.4236816852,1843984.6117804497,10
-1173571.1109651576,1843984.6117804497,10
-1173107.79824863,1843984.6117804497,10
-1172644.4855321026,1843984.6117804497,10
-1172181.172815575,1843984.6117804497,10
-1171717.8600990477,1843984.6117804497,10
-1171254.54738252,1843984.6117804497,10
-1170791.2346659927,1843984.6117804497,10
-1170327.921949465,1843984.6117804497,10
-1169864.6092329377,1843984.6117804497,10
-1169401.29651641,1843984.6117804497,10
-1168937.9837998827,1843984.6117804497,10
-1168474.671083355,1843984.6117804497,10
-1168011.3583668275,1843984.6117804497,10
-1167548.0456503,1843984.6117804497,10
-1167084.7329337727,1843984.6117804497,10
-1166621.4202172451,1843984.6117804497,10
-1166158.1075007175,1843984.6117804497,10
-1165694.7947841901,1843984.6117804497,10
-1165231.4820676625,1843984.6117804497,10
-1164768.1693511351,1843984.6117804497,10
-1164304.8566346075,1843984.6117804497,10
-1163841.5439180802,1843984.6117804497,10
-1163378.2312015526,1843984.6117804497,10
-1162914.9184850252,1843984.6117804497,10
-1162451.6057684976,1843984.6117804497,10
-1161988.2930519702,1843984.6117804497,10
-1161524.9803354426,1843984.6117804497,10
-1161061.6676189152,1843984.6117804497,10
-1160598.3549023876,1843984.6117804497,10
-1160135.0421858602,1843984.6117804497,10
-1159671.7294693326,1843984.6117804497,10
-1159208.416752805,1843984.6117804497,10
-1158745.1040362776,1843984.6117804497,10
-1158281.79131975,1843984.6117804497,10
-1157818.4786032226,1843984.6117804497,10
-1157355.165886695,1843984.6117804497,10
-1156891.8531701677,1843984.6117804497,10
-1156428.54045364,1843984.6117804497,10
-1155965.2277371127,1843984.6117804497,10
-1155501.915020585,1843984.6117804497,10
-1155038.6023040577,1843984.6117804497,10
-1154575.28958753,1843984.6117804497,10
-1154111.9768710027,1843984.6117804497,10
-1153648.664154475,1843984.6117804497,10
-1153185.3514379477,1843984.6117804497,10
-1152722.03872142,1843984.6117804497,10
-1152258.7260048925,1843984.6117804497,10
-1151795.4132883651,1843984.6117804497,10
-1151332.1005718375,1843984.6117804497,10
-1150868.7878553101,1843984.6117804497,10
-1150405.4751387825,1843984.6117804497,10
-1149942.1624222551,1843984.6117804497,10
-1149478.8497057275,1843984.6117804497,10
-1149015.5369892002,1843984.6117804497,10
-1148552.2242726726,1843984.6117804497,10
-1148088.9115561452,1843984.6117804497,10
-1147625.5988396176,1843984.6117804497,10
-1147162.2861230902,1843984.6117804497,10
-1146698.9734065626,1843984.6117804497,10
-1358432.8848596301,1843521.2990639221,10
-1357969.5721431025,1843521.2990639221,10
-1357506.2594265752,1843521.2990639221,10
-1357042.9467100475,1843521.2990639221,10
-1356579.6339935202,1843521.2990639221,10
-1356116.3212769926,1843521.2990639221,10
-1355653.0085604652,1843521.2990639221,10
-1355189.6958439376,1843521.2990639221,10
-1354726.3831274102,1843521.2990639221,10
-1354263.0704108826,1843521.2990639221,10
-1353799.7576943552,1843521.2990639221,10
-1353336.4449778276,1843521.2990639221,10
-1352873.1322613002,1843521.2990639221,10
-1352409.8195447726,1843521.2990639221,10
-1351946.506828245,1843521.2990639221,16
-1351483.1941117176,1843521.2990639221,10
-1351019.88139519,1843521.2990639221,10
-1350556.5686786626,1843521.2990639221,10
-1350093.255962135,1843521.2990639221,10
-1349629.9432456077,1843521.2990639221,10
-1349166.63052908,1843521.2990639221,10
-1348703.3178125527,1843521.2990639221,10
-1348240.005096025,1843521.2990639221,16
-1347776.6923794977,1843521.2990639221,16
-1347313.37966297,1843521.2990639221,16
-1346850.0669464427,1843521.2990639221,16
-1346386.754229915,1843521.2990639221,16
-1345923.4415133877,1843521.2990639221,16
-1345460.12879686,1843521.2990639221,16
-1344996.8160803327,1843521.2990639221,16
-1344533.5033638051,1843521.2990639221,16
-1344070.1906472775,1843521.2990639221,16
-1343606.8779307501,1843521.2990639221,16
-1343143.5652142225,1843521.2990639221,16
-1342680.2524976952,1843521.2990639221,16
-1342216.9397811675,1843521.2990639221,16
-1341753.6270646402,1843521.2990639221,16
-1341290.3143481126,1843521.2990639221,16
-1340827.0016315852,1843521.2990639221,16
-1340363.6889150576,1843521.2990639221,16
-1339900.3761985302,1843521.2990639221,16
-1339437.0634820026,1843521.2990639221,16
-1338973.7507654752,1843521.2990639221,16
-1338510.4380489476,1843521.2990639221,16
-1338047.1253324202,1843521.2990639221,16
-1337583.8126158926,1843521.2990639221,16
-1337120.499899365,1843521.2990639221,16
-1336657.1871828376,1843521.2990639221,16
-1336193.87446631,1843521.2990639221,16
-1335730.5617497826,1843521.2990639221,16
-1335267.249033255,1843521.2990639221,16
-1334803.9363167277,1843521.2990639221,16
-1334340.6236002,1843521.2990639221,16
-1333877.3108836727,1843521.2990639221,16
-1333413.998167145,1843521.2990639221,16
-1332950.6854506177,1843521.2990639221,16
-1332487.37273409,1843521.2990639221,16
-1332024.0600175627,1843521.2990639221,16
-1331560.747301035,1843521.2990639221,16
-1331097.4345845077,1843521.2990639221,16
-1330634.12186798,1843521.2990639221,16
-1330170.8091514525,1843521.2990639221,16
-1329707.4964349251,1843521.2990639221,16
-1329244.1837183975,1843521.2990639221,16
-1328780.8710018701,1843521.2990639221,16
-1328317.5582853425,1843521.2990639221,16
-1327854.2455688152,1843521.2990639221,16
-1327390.9328522875,1843521.2990639221,16
-1326927.6201357602,1843521.2990639221,16
-1326464.3074192326,1843521.2990639221,16
-1326000.9947027052,1843521.2990639221,16
-1325537.6819861776,1843521.2990639221,16
-1325074.3692696502,1843521.2990639221,16
-1324611.0565531226,1843521.2990639221,16
-1324147.7438365952,1843521.2990639221,16
-1323684.4311200676,1843521.2990639221,16
-1323221.11840354,1843521.2990639221,16
-1322757.8056870126,1843521.2990639221,16
-1322294.492970485,1843521.2990639221,16
-1321831.1802539576,1843521.2990639221,16
-1321367.86753743,1843521.2990639221,16
-1320904.5548209026,1843521.2990639221,10
-1320441.242104375,1843521.2990639221,10
-1319977.9293878477,1843521.2990639221,10
-1319514.61667132,1843521.2990639221,16
-1319051.3039547927,1843521.2990639221,16
-1318587.991238265,1843521.2990639221,16
-1318124.6785217377,1843521.2990639221,16
-1317661.36580521,1843521.2990639221,16
-1317198.0530886827,1843521.2990639221,16
-1316734.740372155,1843521.2990639221,16
-1316271.4276556277,1843521.2990639221,16
-1315808.1149391,1843521.2990639221,16
-1315344.8022225727,1843521.2990639221,16
-1314881.4895060451,1843521.2990639221,16
-1314418.1767895175,1843521.2990639221,16
-1313954.8640729901,1843521.2990639221,16
-1313491.5513564625,1843521.2990639221,16
-1313028.2386399352,1843521.2990639221,16
-1312564.9259234075,1843521.2990639221,16
-1312101.6132068802,1843521.2990639221,16
-1311638.3004903526,1843521.2990639221,16
-1311174.9877738252,1843521.2990639221,16
-1310711.6750572976,1843521.2990639221,16
-1310248.3623407702,1843521.2990639221,16
-1309785.0496242426,1843521.2990639221,16
-1309321.7369077152,1843521.2990639221,16
-1308858.4241911876,1843521.2990639221,16
-1308395.1114746602,1843521.2990639221,16
-1307931.7987581326,1843521.2990639221,16
-1307468.486041605,1843521.2990639221,16
-1307005.1733250776,1843521.2990639221,16
-1306541.86060855,1843521.2990639221,16
-1306078.5478920226,1843521.2990639221,16
-1305615.235175495,1843521.2990639221,16
-1305151.9224589677,1843521.2990639221,16
-1304688.60974244,1843521.2990639221,16
-1304225.2970259127,1843521.2990639221,16
-1303761.984309385,1843521.2990639221,16
-1303298.6715928577,1843521.2990639221,16
-1302835.35887633,1843521.2990639221,16
-1302372.0461598027,1843521.2990639221,16
-1301908.733443275,1843521.2990639221,16
-1301445.4207267477,1843521.2990639221,16
-1300982.10801022,1843521.2990639221,16
-1300518.7952936925,1843521.2990639221,16
-1300055.4825771651,1843521.2990639221,16
-1299592.1698606375,1843521.2990639221,16
-1299128.8571441101,1843521.2990639221,16
-1298665.5444275825,1843521.2990639221,16
-1298202.2317110552,1843521.2990639221,16
-1297738.9189945275,1843521.2990639221,16
-1297275.6062780002,1843521.2990639221,16
-1296812.2935614726,1843521.2990639221,16
-1296348.9808449452,1843521.2990639221,16
-1295885.6681284176,1843521.2990639221,16
-1295422.3554118902,1843521.2990639221,16
-1294959.0426953626,1843521.2990639221,16
-1294495.7299788352,1843521.2990639221,16
-1294032.4172623076,1843521.2990639221,16
-1293569.10454578,1843521.2990639221,16
-1293105.7918292526,1843521.2990639221,16
-1292642.479112725,1843521.2990639221,16
-1292179.1663961976,1843521.2990639221,16
-1291715.85367967,1843521.2990639221,16
-1291252.5409631426,1843521.2990639221,16
-1290789.228246615,1843521.2990639221,16
-1290325.9155300877,1843521.2990639221,16
-1289862.60281356,1843521.2990639221,16
-1289399.2900970327,1843521.2990639221,10
-1288935.977380505,1843521.2990639221,10
-1288472.6646639777,1843521.2990639221,10
-1288009.35194745,1843521.2990639221,10
-1287546.0392309227,1843521.2990639221,10
-1287082.726514395,1843521.2990639221,10
-1286619.4137978677,1843521.2990639221,10
-1286156.10108134,1843521.2990639221,10
-1285692.7883648127,1843521.2990639221,10
-1285229.4756482851,1843521.2990639221,10
-1284766.1629317575,1843521.2990639221,10
-1284302.8502152301,1843521.2990639221,10
-1283839.5374987025,1843521.2990639221,7
-1283376.2247821752,1843521.2990639221,10
-1282912.9120656475,1843521.2990639221,10
-1282449.5993491202,1843521.2990639221,10
-1281986.2866325926,1843521.2990639221,10
-1281522.9739160652,1843521.2990639221,10
-1281059.6611995376,1843521.2990639221,10
-1280596.3484830102,1843521.2990639221,10
-1280133.0357664826,1843521.2990639221,10
-1279669.7230499552,1843521.2990639221,10
-1279206.4103334276,1843521.2990639221,10
-1278743.0976169002,1843521.2990639221,10
-1278279.7849003726,1843521.2990639221,10
-1277816.472183845,1843521.2990639221,10
-1277353.1594673176,1843521.2990639221,10
-1276889.84675079,1843521.2990639221,10
-1276426.5340342626,1843521.2990639221,10
-1275963.221317735,1843521.2990639221,10
-1275499.9086012077,1843521.2990639221,10
-1275036.59588468,1843521.2990639221,10
-1274573.2831681527,1843521.2990639221,10
-1274109.970451625,1843521.2990639221,10
-1273646.6577350977,1843521.2990639221,10
-1273183.34501857,1843521.2990639221,10
-1272720.0323020427,1843521.2990639221,10
-1272256.719585515,1843521.2990639221,10
-1271793.4068689877,1843521.2990639221,10
-1271330.09415246,1843521.2990639221,10
-1270866.7814359325,1843521.2990639221,10
-1270403.4687194051,1843521.2990639221,10
-1269940.1560028775,1843521.2990639221,10
-1269476.8432863501,1843521.2990639221,10
-1269013.5305698225,1843521.2990639221,10
-1268550.2178532952,1843521.2990639221,10
-1268086.9051367675,1843521.2990639221,10
-1267623.5924202402,1843521.2990639221,10
-1267160.2797037126,1843521.2990639221,10
-1266696.9669871852,1843521.2990639221,10
-1266233.6542706576,1843521.2990639221,10
-1265770.3415541302,1843521.2990639221,10
-1265307.0288376026,1843521.2990639221,10
-1264843.7161210752,1843521.2990639221,10
-1264380.4034045476,1843521.2990639221,10
-1263917.09068802,1843521.2990639221,10
-1263453.7779714926,1843521.2990639221,10
-1262990.465254965,1843521.2990639221,10
-1262527.1525384376,1843521.2990639221,10
-1262063.83982191,1843521.2990639221,10
-1261600.5271053826,1843521.2990639221,10
-1261137.214388855,1843521.2990639221,10
-1260673.9016723277,1843521.2990639221,10
-1260210.5889558,1843521.2990639221,10
-1259747.2762392727,1843521.2990639221,10
-1259283.963522745,1843521.2990639221,10
-1258820.6508062177,1843521.2990639221,10
-1258357.33808969,1843521.2990639221,10
-1257894.0253731627,1843521.2990639221,10
-1257430.712656635,1843521.2990639221,10
-1256967.3999401077,1843521.2990639221,10
-1256504.08722358,1843521.2990639221,10
-1256040.7745070527,1843521.2990639221,10
-1255577.4617905251,1843521.2990639221,10
-1255114.1490739975,1843521.2990639221,10
-1254650.8363574701,1843521.2990639221,10
-1254187.5236409425,1843521.2990639221,10
-1253724.2109244152,1843521.2990639221,10
-1253260.8982078875,1843521.2990639221,10
-1252797.5854913602,1843521.2990639221,10
-1252334.2727748326,1843521.2990639221,10
-1251870.9600583052,1843521.2990639221,10
-1251407.6473417776,1843521.2990639221,10
-1250944.3346252502,1843521.2990639221,10
-1250481.0219087226,1843521.2990639221,10
-1250017.7091921952,1843521.2990639221,10
-1249554.3964756676,1843521.2990639221,10
-1249091.0837591402,1843521.2990639221,10
-1248627.7710426126,1843521.2990639221,10
-1248164.458326085,1843521.2990639221,10
-1247701.1456095576,1843521.2990639221,10
-1247237.83289303,1843521.2990639221,10
-1246774.5201765026,1843521.2990639221,10
-1246311.207459975,1843521.2990639221,10
-1245847.8947434477,1843521.2990639221,10
-1245384.58202692,1843521.2990639221,10
-1244921.2693103927,1843521.2990639221,10
-1244457.956593865,1843521.2990639221,10
-1243994.6438773377,1843521.2990639221,10
-1243531.33116081,1843521.2990639221,10
-1243068.0184442827,1843521.2990639221,10
-1242604.705727755,1843521.2990639221,10
-1242141.3930112277,1843521.2990639221,10
-1241678.0802947,1843521.2990639221,10
-1241214.7675781725,1843521.2990639221,10
-1240751.4548616451,1843521.2990639221,10
-1240288.1421451175,1843521.2990639221,10
-1239824.8294285901,1843521.2990639221,10
-1239361.5167120625,1843521.2990639221,10
-1238898.2039955352,1843521.2990639221,10
-1238434.8912790075,1843521.2990639221,10
-1237971.5785624802,1843521.2990639221,10
-1237508.2658459526,1843521.2990639221,10
-1237044.9531294252,1843521.2990639221,10
-1236581.6404128976,1843521.2990639221,10
-1236118.3276963702,1843521.2990639221,10
-1235655.0149798426,1843521.2990639221,10
-1235191.7022633152,1843521.2990639221,10
-1234728.3895467876,1843521.2990639221,10
-1234265.07683026,1843521.2990639221,10
-1233801.7641137326,1843521.2990639221,10
-1233338.4513972052,1843521.2990639221,10
-1232875.1386806776,1843521.2990639221,10
-1232411.82596415,1843521.2990639221,10
-1231948.5132476226,1843521.2990639221,10
-1231485.200531095,1843521.2990639221,10
-1231021.8878145677,1843521.2990639221,10
-1230558.57509804,1843521.2990639221,10
-1230095.2623815127,1843521.2990639221,10
-1229631.949664985,1843521.2990639221,10
-1229168.6369484577,1843521.2990639221,10
-1228705.32423193,1843521.2990639221,10
-1228242.0115154027,1843521.2990639221,10
-1227778.698798875,1843521.2990639221,10
-1227315.3860823475,1843521.2990639221,10
-1226852.07336582,1843521.2990639221,10
-1226388.7606492927,1843521.2990639221,10
-1225925.4479327651,1843521.2990639221,10
-1225462.1352162375,1843521.2990639221,10
-1224998.8224997101,1843521.2990639221,10
-1224535.5097831825,1843521.2990639221,10
-1224072.1970666551,1843521.2990639221,10
-1223608.8843501275,1843521.2990639221,10
-1223145.5716336002,1843521.2990639221,10
-1222682.2589170726,1843521.2990639221,10
-1222218.9462005452,1843521.2990639221,10
-1221755.6334840176,1843521.2990639221,10
-1221292.3207674902,1843521.2990639221,10
-1220829.0080509626,1843521.2990639221,10
-1220365.6953344352,1843521.2990639221,10
-1219902.3826179076,1843521.2990639221,10
-1219439.0699013802,1843521.2990639221,10
-1218975.7571848526,1843521.2990639221,10
-1218512.444468325,1843521.2990639221,10
-1218049.1317517976,1843521.2990639221,10
-1217585.81903527,1843521.2990639221,10
-1217122.5063187426,1843521.2990639221,10
-1216659.193602215,1843521.2990639221,10
-1216195.8808856877,1843521.2990639221,10
-1215732.56816916,1843521.2990639221,10
-1215269.2554526327,1843521.2990639221,10
-1214805.942736105,1843521.2990639221,10
-1214342.6300195777,1843521.2990639221,10
-1213879.31730305,1843521.2990639221,10
-1213416.0045865227,1843521.2990639221,10
-1212952.691869995,1843521.2990639221,10
-1212489.3791534677,1843521.2990639221,10
-1212026.06643694,1843521.2990639221,10
-1211562.7537204125,1843521.2990639221,10
-1211099.4410038851,1843521.2990639221,10
-1210636.1282873575,1843521.2990639221,10
-1210172.8155708301,1843521.2990639221,10
-1209709.5028543025,1843521.2990639221,10
-1209246.1901377751,1843521.2990639221,10
-1208782.8774212475,1843521.2990639221,10
-1208319.5647047202,1843521.2990639221,10
-1207856.2519881926,1843521.2990639221,10
-1207392.9392716652,1843521.2990639221,10
-1206929.6265551376,1843521.2990639221,10
-1206466.3138386102,1843521.2990639221,10
-1206003.0011220826,1843521.2990639221,10
-1205539.6884055552,1843521.2990639221,10
-1205076.3756890276,1843521.2990639221,10
-1204613.0629725,1843521.2990639221,10
-1204149.7502559726,1843521.2990639221,10
-1203686.4375394452,1843521.2990639221,10
-1203223.1248229176,1843521.2990639221,10
-1202759.81210639,1843521.2990639221,10
-1202296.4993898626,1843521.2990639221,10
-1201833.186673335,1843521.2990639221,10
-1201369.8739568077,1843521.2990639221,10
-1200906.56124028,1843521.2990639221,10
-1200443.2485237527,1843521.2990639221,10
-1199979.935807225,1843521.2990639221,10
-1199516.6230906977,1843521.2990639221,10
-1199053.31037417,1843521.2990639221,10
-1198589.9976576427,1843521.2990639221,10
-1198126.684941115,1843521.2990639221,10
-1197663.3722245875,1843521.2990639221,10
-1197200.05950806,1843521.2990639221,10
-1196736.7467915327,1843521.2990639221,10
-1196273.4340750051,1843521.2990639221,10
-1195810.1213584775,1843521.2990639221,10
-1195346.8086419501,1843521.2990639221,10
-1194883.4959254225,1843521.2990639221,10
-1194420.1832088951,1843521.2990639221,10
-1193956.8704923675,1843521.2990639221,10
-1193493.5577758402,1843521.2990639221,10
-1193030.2450593126,1843521.2990639221,10
-1192566.9323427852,1843521.2990639221,10
-1192103.6196262576,1843521.2990639221,10
-1191640.3069097302,1843521.2990639221,10
-1191176.9941932026,1843521.2990639221,10
-1190713.6814766752,1843521.2990639221,10
-1190250.3687601476,1843521.2990639221,10
-1189787.0560436202,1843521.2990639221,10
-1189323.7433270926,1843521.2990639221,10
-1188860.430610565,1843521.2990639221,10
-1188397.1178940376,1843521.2990639221,10
-1187933.80517751,1843521.2990639221,10
-1187470.4924609826,1843521.2990639221,10
-1187007.179744455,1843521.2990639221,10
-1186543.8670279277,1843521.2990639221,10
-1186080.5543114,1843521.2990639221,10
-1185617.2415948727,1843521.2990639221,10
-1185153.928878345,1843521.2990639221,10
-1184690.6161618177,1843521.2990639221,10
-1184227.30344529,1843521.2990639221,10
-1183763.9907287627,1843521.2990639221,10
-1183300.678012235,1843521.2990639221,10
-1182837.3652957077,1843521.2990639221,10
-1182374.05257918,1843521.2990639221,10
-1181910.7398626525,1843521.2990639221,10
-1181447.4271461251,1843521.2990639221,10
-1180984.1144295975,1843521.2990639221,10
-1180520.8017130701,1843521.2990639221,10
-1180057.4889965425,1843521.2990639221,10
-1179594.1762800151,1843521.2990639221,10
-1179130.8635634875,1843521.2990639221,10
-1178667.5508469602,1843521.2990639221,10
-1178204.2381304326,1843521.2990639221,10
-1177740.9254139052,1843521.2990639221,10
-1177277.6126973776,1843521.2990639221,10
-1176814.2999808502,1843521.2990639221,10
-1176350.9872643226,1843521.2990639221,10
-1175887.6745477952,1843521.2990639221,10
-1175424.3618312676,1843521.2990639221,10
-1174961.04911474,1843521.2990639221,10
-1174497.7363982126,1843521.2990639221,10
-1174034.4236816852,1843521.2990639221,10
-1173571.1109651576,1843521.2990639221,10
-1173107.79824863,1843521.2990639221,10
-1172644.4855321026,1843521.2990639221,10
-1172181.172815575,1843521.2990639221,10
-1171717.8600990477,1843521.2990639221,10
-1171254.54738252,1843521.2990639221,10
-1170791.2346659927,1843521.2990639221,10
-1170327.921949465,1843521.2990639221,10
-1169864.6092329377,1843521.2990639221,10
-1169401.29651641,1843521.2990639221,10
-1168937.9837998827,1843521.2990639221,10
-1168474.671083355,1843521.2990639221,10
-1168011.3583668275,1843521.2990639221,10
-1167548.0456503,1843521.2990639221,10
-1167084.7329337727,1843521.2990639221,10
-1166621.4202172451,1843521.2990639221,10
-1166158.1075007175,1843521.2990639221,10
-1165694.7947841901,1843521.2990639221,10
-1165231.4820676625,1843521.2990639221,10
-1164768.1693511351,1843521.2990639221,10
-1164304.8566346075,1843521.2990639221,10
-1163841.5439180802,1843521.2990639221,10
-1163378.2312015526,1843521.2990639221,10
-1162914.9184850252,1843521.2990639221,10
-1162451.6057684976,1843521.2990639221,10
-1161988.2930519702,1843521.2990639221,10
-1161524.9803354426,1843521.2990639221,10
-1161061.6676189152,1843521.2990639221,10
-1160598.3549023876,1843521.2990639221,10
-1160135.0421858602,1843521.2990639221,10
-1159671.7294693326,1843521.2990639221,10
-1159208.416752805,1843521.2990639221,10
-1158745.1040362776,1843521.2990639221,10
-1158281.79131975,1843521.2990639221,10
-1157818.4786032226,1843521.2990639221,10
-1157355.165886695,1843521.2990639221,10
-1156891.8531701677,1843521.2990639221,10
-1156428.54045364,1843521.2990639221,10
-1155965.2277371127,1843521.2990639221,10
-1155501.915020585,1843521.2990639221,10
-1155038.6023040577,1843521.2990639221,10
-1154575.28958753,1843521.2990639221,10
-1154111.9768710027,1843521.2990639221,10
-1153648.664154475,1843521.2990639221,10
-1153185.3514379477,1843521.2990639221,10
-1152722.03872142,1843521.2990639221,10
-1152258.7260048925,1843521.2990639221,10
-1151795.4132883651,1843521.2990639221,10
-1151332.1005718375,1843521.2990639221,10
-1150868.7878553101,1843521.2990639221,10
-1150405.4751387825,1843521.2990639221,10
-1149942.1624222551,1843521.2990639221,10
-1149478.8497057275,1843521.2990639221,10
-1149015.5369892002,1843521.2990639221,10
-1148552.2242726726,1843521.2990639221,10
-1148088.9115561452,1843521.2990639221,10
-1147625.5988396176,1843521.2990639221,10
-1147162.2861230902,1843521.2990639221,10
-1146698.9734065626,1843521.2990639221,10
-1358896.1975761575,1843057.9863473948,10
-1358432.8848596301,1843057.9863473948,10
-1357969.5721431025,1843057.9863473948,10
-1357506.2594265752,1843057.9863473948,10
-1357042.9467100475,1843057.9863473948,10
-1356579.6339935202,1843057.9863473948,10
-1356116.3212769926,1843057.9863473948,10
-1355653.0085604652,1843057.9863473948,10
-1355189.6958439376,1843057.9863473948,10
-1354726.3831274102,1843057.9863473948,10
-1354263.0704108826,1843057.9863473948,10
-1353799.7576943552,1843057.9863473948,10
-1353336.4449778276,1843057.9863473948,10
-1352873.1322613002,1843057.9863473948,10
-1352409.8195447726,1843057.9863473948,16
-1351946.506828245,1843057.9863473948,16
-1351483.1941117176,1843057.9863473948,16
-1351019.88139519,1843057.9863473948,16
-1350556.5686786626,1843057.9863473948,16
-1350093.255962135,1843057.9863473948,10
-1349629.9432456077,1843057.9863473948,10
-1349166.63052908,1843057.9863473948,10
-1348703.3178125527,1843057.9863473948,10
-1348240.005096025,1843057.9863473948,16
-1347776.6923794977,1843057.9863473948,16
-1347313.37966297,1843057.9863473948,16
-1346850.0669464427,1843057.9863473948,16
-1346386.754229915,1843057.9863473948,16
-1345923.4415133877,1843057.9863473948,16
-1345460.12879686,1843057.9863473948,16
-1344996.8160803327,1843057.9863473948,16
-1344533.5033638051,1843057.9863473948,16
-1344070.1906472775,1843057.9863473948,16
-1343606.8779307501,1843057.9863473948,16
-1343143.5652142225,1843057.9863473948,16
-1342680.2524976952,1843057.9863473948,16
-1342216.9397811675,1843057.9863473948,10
-1341753.6270646402,1843057.9863473948,16
-1341290.3143481126,1843057.9863473948,16
-1340827.0016315852,1843057.9863473948,16
-1340363.6889150576,1843057.9863473948,16
-1339900.3761985302,1843057.9863473948,16
-1339437.0634820026,1843057.9863473948,16
-1338973.7507654752,1843057.9863473948,16
-1338510.4380489476,1843057.9863473948,16
-1338047.1253324202,1843057.9863473948,16
-1337583.8126158926,1843057.9863473948,16
-1337120.499899365,1843057.9863473948,16
-1336657.1871828376,1843057.9863473948,16
-1336193.87446631,1843057.9863473948,16
-1335730.5617497826,1843057.9863473948,16
-1335267.249033255,1843057.9863473948,16
-1334803.9363167277,1843057.9863473948,16
-1334340.6236002,1843057.9863473948,16
-1333877.3108836727,1843057.9863473948,16
-1333413.998167145,1843057.9863473948,16
-1332950.6854506177,1843057.9863473948,16
-1332487.37273409,1843057.9863473948,16
-1332024.0600175627,1843057.9863473948,16
-1331560.747301035,1843057.9863473948,16
-1331097.4345845077,1843057.9863473948,16
-1330634.12186798,1843057.9863473948,16
-1330170.8091514525,1843057.9863473948,16
-1329707.4964349251,1843057.9863473948,16
-1329244.1837183975,1843057.9863473948,16
-1328780.8710018701,1843057.9863473948,16
-1328317.5582853425,1843057.9863473948,16
-1327854.2455688152,1843057.9863473948,16
-1327390.9328522875,1843057.9863473948,16
-1326927.6201357602,1843057.9863473948,16
-1326464.3074192326,1843057.9863473948,16
-1326000.9947027052,1843057.9863473948,16
-1325537.6819861776,1843057.9863473948,16
-1325074.3692696502,1843057.9863473948,16
-1324611.0565531226,1843057.9863473948,16
-1324147.7438365952,1843057.9863473948,16
-1323684.4311200676,1843057.9863473948,16
-1323221.11840354,1843057.9863473948,16
-1322757.8056870126,1843057.9863473948,16
-1322294.492970485,1843057.9863473948,16
-1321831.1802539576,1843057.9863473948,16
-1321367.86753743,1843057.9863473948,16
-1320904.5548209026,1843057.9863473948,10
-1320441.242104375,1843057.9863473948,10
-1319977.9293878477,1843057.9863473948,16
-1319514.61667132,1843057.9863473948,16
-1319051.3039547927,1843057.9863473948,16
-1318587.991238265,1843057.9863473948,16
-1318124.6785217377,1843057.9863473948,16
-1317661.36580521,1843057.9863473948,16
-1317198.0530886827,1843057.9863473948,16
-1316734.740372155,1843057.9863473948,16
-1316271.4276556277,1843057.9863473948,16
-1315808.1149391,1843057.9863473948,16
-1315344.8022225727,1843057.9863473948,16
-1314881.4895060451,1843057.9863473948,16
-1314418.1767895175,1843057.9863473948,16
-1313954.8640729901,1843057.9863473948,16
-1313491.5513564625,1843057.9863473948,16
-1313028.2386399352,1843057.9863473948,16
-1312564.9259234075,1843057.9863473948,16
-1312101.6132068802,1843057.9863473948,16
-1311638.3004903526,1843057.9863473948,16
-1311174.9877738252,1843057.9863473948,16
-1310711.6750572976,1843057.9863473948,16
-1310248.3623407702,1843057.9863473948,16
-1309785.0496242426,1843057.9863473948,16
-1309321.7369077152,1843057.9863473948,16
-1308858.4241911876,1843057.9863473948,16
-1308395.1114746602,1843057.9863473948,16
-1307931.7987581326,1843057.9863473948,16
-1307468.486041605,1843057.9863473948,16
-1307005.1733250776,1843057.9863473948,16
-1306541.86060855,1843057.9863473948,16
-1306078.5478920226,1843057.9863473948,16
-1305615.235175495,1843057.9863473948,16
-1305151.9224589677,1843057.9863473948,16
-1304688.60974244,1843057.9863473948,10
-1304225.2970259127,1843057.9863473948,10
-1303761.984309385,1843057.9863473948,16
-1303298.6715928577,1843057.9863473948,16
-1302835.35887633,1843057.9863473948,16
-1302372.0461598027,1843057.9863473948,16
-1301908.733443275,1843057.9863473948,16
-1301445.4207267477,1843057.9863473948,10
-1300982.10801022,1843057.9863473948,10
-1300518.7952936925,1843057.9863473948,16
-1300055.4825771651,1843057.9863473948,16
-1299592.1698606375,1843057.9863473948,16
-1299128.8571441101,1843057.9863473948,16
-1298665.5444275825,1843057.9863473948,16
-1298202.2317110552,1843057.9863473948,16
-1297738.9189945275,1843057.9863473948,16
-1297275.6062780002,1843057.9863473948,16
-1296812.2935614726,1843057.9863473948,16
-1296348.9808449452,1843057.9863473948,16
-1295885.6681284176,1843057.9863473948,16
-1295422.3554118902,1843057.9863473948,16
-1294959.0426953626,1843057.9863473948,16
-1294495.7299788352,1843057.9863473948,10
-1294032.4172623076,1843057.9863473948,10
-1293569.10454578,1843057.9863473948,16
-1293105.7918292526,1843057.9863473948,16
-1292642.479112725,1843057.9863473948,16
-1292179.1663961976,1843057.9863473948,16
-1291715.85367967,1843057.9863473948,16
-1291252.5409631426,1843057.9863473948,16
-1290789.228246615,1843057.9863473948,16
-1290325.9155300877,1843057.9863473948,16
-1289862.60281356,1843057.9863473948,10
-1289399.2900970327,1843057.9863473948,10
-1288935.977380505,1843057.9863473948,10
-1288472.6646639777,1843057.9863473948,10
-1288009.35194745,1843057.9863473948,10
-1287546.0392309227,1843057.9863473948,10
-1287082.726514395,1843057.9863473948,10
-1286619.4137978677,1843057.9863473948,10
-1286156.10108134,1843057.9863473948,10
-1285692.7883648127,1843057.9863473948,10
-1285229.4756482851,1843057.9863473948,10
-1284766.1629317575,1843057.9863473948,10
-1284302.8502152301,1843057.9863473948,10
-1283839.5374987025,1843057.9863473948,10
-1283376.2247821752,1843057.9863473948,10
-1282912.9120656475,1843057.9863473948,10
-1282449.5993491202,1843057.9863473948,10
-1281986.2866325926,1843057.9863473948,10
-1281522.9739160652,1843057.9863473948,10
-1281059.6611995376,1843057.9863473948,10
-1280596.3484830102,1843057.9863473948,10
-1280133.0357664826,1843057.9863473948,10
-1279669.7230499552,1843057.9863473948,10
-1279206.4103334276,1843057.9863473948,10
-1278743.0976169002,1843057.9863473948,10
-1278279.7849003726,1843057.9863473948,10
-1277816.472183845,1843057.9863473948,10
-1277353.1594673176,1843057.9863473948,10
-1276889.84675079,1843057.9863473948,10
-1276426.5340342626,1843057.9863473948,10
-1275963.221317735,1843057.9863473948,10
-1275499.9086012077,1843057.9863473948,10
-1275036.59588468,1843057.9863473948,10
-1274573.2831681527,1843057.9863473948,10
-1274109.970451625,1843057.9863473948,10
-1273646.6577350977,1843057.9863473948,10
-1273183.34501857,1843057.9863473948,10
-1272720.0323020427,1843057.9863473948,10
-1272256.719585515,1843057.9863473948,10
-1271793.4068689877,1843057.9863473948,10
-1271330.09415246,1843057.9863473948,10
-1270866.7814359325,1843057.9863473948,10
-1270403.4687194051,1843057.9863473948,10
-1269940.1560028775,1843057.9863473948,10
-1269476.8432863501,1843057.9863473948,10
-1269013.5305698225,1843057.9863473948,10
-1268550.2178532952,1843057.9863473948,10
-1268086.9051367675,1843057.9863473948,10
-1267623.5924202402,1843057.9863473948,10
-1267160.2797037126,1843057.9863473948,10
-1266696.9669871852,1843057.9863473948,10
-1266233.6542706576,1843057.9863473948,10
-1265770.3415541302,1843057.9863473948,10
-1265307.0288376026,1843057.9863473948,10
-1264843.7161210752,1843057.9863473948,10
-1264380.4034045476,1843057.9863473948,10
-1263917.09068802,1843057.9863473948,10
-1263453.7779714926,1843057.9863473948,10
-1262990.465254965,1843057.9863473948,10
-1262527.1525384376,1843057.9863473948,10
-1262063.83982191,1843057.9863473948,10
-1261600.5271053826,1843057.9863473948,10
-1261137.214388855,1843057.9863473948,10
-1260673.9016723277,1843057.9863473948,10
-1260210.5889558,1843057.9863473948,10
-1259747.2762392727,1843057.9863473948,10
-1259283.963522745,1843057.9863473948,10
-1258820.6508062177,1843057.9863473948,10
-1258357.33808969,1843057.9863473948,10
-1257894.0253731627,1843057.9863473948,10
-1257430.712656635,1843057.9863473948,10
-1256967.3999401077,1843057.9863473948,10
-1256504.08722358,1843057.9863473948,10
-1256040.7745070527,1843057.9863473948,10
-1255577.4617905251,1843057.9863473948,10
-1255114.1490739975,1843057.9863473948,10
-1254650.8363574701,1843057.9863473948,10
-1254187.5236409425,1843057.9863473948,10
-1253724.2109244152,1843057.9863473948,10
-1253260.8982078875,1843057.9863473948,10
-1252797.5854913602,1843057.9863473948,10
-1252334.2727748326,1843057.9863473948,10
-1251870.9600583052,1843057.9863473948,10
-1251407.6473417776,1843057.9863473948,10
-1250944.3346252502,1843057.9863473948,10
-1250481.0219087226,1843057.9863473948,10
-1250017.7091921952,1843057.9863473948,10
-1249554.3964756676,1843057.9863473948,10
-1249091.0837591402,1843057.9863473948,10
-1248627.7710426126,1843057.9863473948,10
-1248164.458326085,1843057.9863473948,10
-1247701.1456095576,1843057.9863473948,10
-1247237.83289303,1843057.9863473948,10
-1246774.5201765026,1843057.9863473948,10
-1246311.207459975,1843057.9863473948,10
-1245847.8947434477,1843057.9863473948,10
-1245384.58202692,1843057.9863473948,10
-1244921.2693103927,1843057.9863473948,10
-1244457.956593865,1843057.9863473948,10
-1243994.6438773377,1843057.9863473948,10
-1243531.33116081,1843057.9863473948,10
-1243068.0184442827,1843057.9863473948,10
-1242604.705727755,1843057.9863473948,10
-1242141.3930112277,1843057.9863473948,10
-1241678.0802947,1843057.9863473948,10
-1241214.7675781725,1843057.9863473948,10
-1240751.4548616451,1843057.9863473948,10
-1240288.1421451175,1843057.9863473948,10
-1239824.8294285901,1843057.9863473948,10
-1239361.5167120625,1843057.9863473948,10
-1238898.2039955352,1843057.9863473948,10
-1238434.8912790075,1843057.9863473948,10
-1237971.5785624802,1843057.9863473948,10
-1237508.2658459526,1843057.9863473948,10
-1237044.9531294252,1843057.9863473948,10
-1236581.6404128976,1843057.9863473948,10
-1236118.3276963702,1843057.9863473948,10
-1235655.0149798426,1843057.9863473948,10
-1235191.7022633152,1843057.9863473948,10
-1234728.3895467876,1843057.9863473948,10
-1234265.07683026,1843057.9863473948,10
-1233801.7641137326,1843057.9863473948,10
-1233338.4513972052,1843057.9863473948,10
-1232875.1386806776,1843057.9863473948,10
-1232411.82596415,1843057.9863473948,10
-1231948.5132476226,1843057.9863473948,10
-1231485.200531095,1843057.9863473948,10
-1231021.8878145677,1843057.9863473948,10
-1230558.57509804,1843057.9863473948,10
-1230095.2623815127,1843057.9863473948,10
-1229631.949664985,1843057.9863473948,10
-1229168.6369484577,1843057.9863473948,10
-1228705.32423193,1843057.9863473948,10
-1228242.0115154027,1843057.9863473948,10
-1227778.698798875,1843057.9863473948,10
-1227315.3860823475,1843057.9863473948,10
-1226852.07336582,1843057.9863473948,10
-1226388.7606492927,1843057.9863473948,10
-1225925.4479327651,1843057.9863473948,10
-1225462.1352162375,1843057.9863473948,10
-1224998.8224997101,1843057.9863473948,10
-1224535.5097831825,1843057.9863473948,10
-1224072.1970666551,1843057.9863473948,10
-1223608.8843501275,1843057.9863473948,10
-1223145.5716336002,1843057.9863473948,10
-1222682.2589170726,1843057.9863473948,10
-1222218.9462005452,1843057.9863473948,10
-1221755.6334840176,1843057.9863473948,10
-1221292.3207674902,1843057.9863473948,10
-1220829.0080509626,1843057.9863473948,10
-1220365.6953344352,1843057.9863473948,10
-1219902.3826179076,1843057.9863473948,10
-1219439.0699013802,1843057.9863473948,10
-1218975.7571848526,1843057.9863473948,10
-1218512.444468325,1843057.9863473948,10
-1218049.1317517976,1843057.9863473948,10
-1217585.81903527,1843057.9863473948,10
-1217122.5063187426,1843057.9863473948,10
-1216659.193602215,1843057.9863473948,10
-1216195.8808856877,1843057.9863473948,10
-1215732.56816916,1843057.9863473948,10
-1215269.2554526327,1843057.9863473948,10
-1214805.942736105,1843057.9863473948,10
-1214342.6300195777,1843057.9863473948,10
-1213879.31730305,1843057.9863473948,10
-1213416.0045865227,1843057.9863473948,10
-1212952.691869995,1843057.9863473948,10
-1212489.3791534677,1843057.9863473948,10
-1212026.06643694,1843057.9863473948,10
-1211562.7537204125,1843057.9863473948,10
-1211099.4410038851,1843057.9863473948,10
-1210636.1282873575,1843057.9863473948,10
-1210172.8155708301,1843057.9863473948,10
-1209709.5028543025,1843057.9863473948,10
-1209246.1901377751,1843057.9863473948,10
-1208782.8774212475,1843057.9863473948,10
-1208319.5647047202,1843057.9863473948,10
-1207856.2519881926,1843057.9863473948,10
-1207392.9392716652,1843057.9863473948,10
-1206929.6265551376,1843057.9863473948,10
-1206466.3138386102,1843057.9863473948,10
-1206003.0011220826,1843057.9863473948,10
-1205539.6884055552,1843057.9863473948,10
-1205076.3756890276,1843057.9863473948,10
-1204613.0629725,1843057.9863473948,10
-1204149.7502559726,1843057.9863473948,10
-1203686.4375394452,1843057.9863473948,10
-1203223.1248229176,1843057.9863473948,10
-1202759.81210639,1843057.9863473948,10
-1202296.4993898626,1843057.9863473948,10
-1201833.186673335,1843057.9863473948,10
-1201369.8739568077,1843057.9863473948,10
-1200906.56124028,1843057.9863473948,10
-1200443.2485237527,1843057.9863473948,10
-1199979.935807225,1843057.9863473948,10
-1199516.6230906977,1843057.9863473948,10
-1199053.31037417,1843057.9863473948,10
-1198589.9976576427,1843057.9863473948,10
-1198126.684941115,1843057.9863473948,10
-1197663.3722245875,1843057.9863473948,10
-1197200.05950806,1843057.9863473948,10
-1196736.7467915327,1843057.9863473948,10
-1196273.4340750051,1843057.9863473948,10
-1195810.1213584775,1843057.9863473948,10
-1195346.8086419501,1843057.9863473948,10
-1194883.4959254225,1843057.9863473948,10
-1194420.1832088951,1843057.9863473948,10
-1193956.8704923675,1843057.9863473948,10
-1193493.5577758402,1843057.9863473948,10
-1193030.2450593126,1843057.9863473948,10
-1192566.9323427852,1843057.9863473948,10
-1192103.6196262576,1843057.9863473948,10
-1191640.3069097302,1843057.9863473948,10
-1191176.9941932026,1843057.9863473948,10
-1190713.6814766752,1843057.9863473948,10
-1190250.3687601476,1843057.9863473948,10
-1189787.0560436202,1843057.9863473948,10
-1189323.7433270926,1843057.9863473948,10
-1188860.430610565,1843057.9863473948,10
-1188397.1178940376,1843057.9863473948,10
-1187933.80517751,1843057.9863473948,10
-1187470.4924609826,1843057.9863473948,10
-1187007.179744455,1843057.9863473948,10
-1186543.8670279277,1843057.9863473948,10
-1186080.5543114,1843057.9863473948,10
-1185617.2415948727,1843057.9863473948,10
-1185153.928878345,1843057.9863473948,10
-1184690.6161618177,1843057.9863473948,10
-1184227.30344529,1843057.9863473948,10
-1183763.9907287627,1843057.9863473948,10
-1183300.678012235,1843057.9863473948,10
-1182837.3652957077,1843057.9863473948,10
-1182374.05257918,1843057.9863473948,10
-1181910.7398626525,1843057.9863473948,10
-1181447.4271461251,1843057.9863473948,10
-1180984.1144295975,1843057.9863473948,10
-1180520.8017130701,1843057.9863473948,10
-1180057.4889965425,1843057.9863473948,10
-1179594.1762800151,1843057.9863473948,10
-1179130.8635634875,1843057.9863473948,10
-1178667.5508469602,1843057.9863473948,10
-1178204.2381304326,1843057.9863473948,10
-1177740.9254139052,1843057.9863473948,10
-1177277.6126973776,1843057.9863473948,10
-1176814.2999808502,1843057.9863473948,10
-1176350.9872643226,1843057.9863473948,10
-1175887.6745477952,1843057.9863473948,10
-1175424.3618312676,1843057.9863473948,10
-1174961.04911474,1843057.9863473948,10
-1174497.7363982126,1843057.9863473948,10
-1174034.4236816852,1843057.9863473948,10
-1173571.1109651576,1843057.9863473948,10
-1173107.79824863,1843057.9863473948,10
-1172644.4855321026,1843057.9863473948,10
-1172181.172815575,1843057.9863473948,10
-1171717.8600990477,1843057.9863473948,10
-1171254.54738252,1843057.9863473948,10
-1170791.2346659927,1843057.9863473948,10
-1170327.921949465,1843057.9863473948,10
-1169864.6092329377,1843057.9863473948,10
-1169401.29651641,1843057.9863473948,10
-1168937.9837998827,1843057.9863473948,10
-1168474.671083355,1843057.9863473948,10
-1168011.3583668275,1843057.9863473948,10
-1167548.0456503,1843057.9863473948,10
-1167084.7329337727,1843057.9863473948,10
-1166621.4202172451,1843057.9863473948,10
-1166158.1075007175,1843057.9863473948,10
-1165694.7947841901,1843057.9863473948,10
-1165231.4820676625,1843057.9863473948,10
-1164768.1693511351,1843057.9863473948,10
-1164304.8566346075,1843057.9863473948,10
-1163841.5439180802,1843057.9863473948,10
-1163378.2312015526,1843057.9863473948,10
-1162914.9184850252,1843057.9863473948,10
-1162451.6057684976,1843057.9863473948,10
-1161988.2930519702,1843057.9863473948,10
-1161524.9803354426,1843057.9863473948,10
-1161061.6676189152,1843057.9863473948,10
-1160598.3549023876,1843057.9863473948,10
-1160135.0421858602,1843057.9863473948,10
-1159671.7294693326,1843057.9863473948,10
-1159208.416752805,1843057.9863473948,10
-1158745.1040362776,1843057.9863473948,10
-1158281.79131975,1843057.9863473948,10
-1157818.4786032226,1843057.9863473948,10
-1157355.165886695,1843057.9863473948,10
-1156891.8531701677,1843057.9863473948,10
-1156428.54045364,1843057.9863473948,10
-1155965.2277371127,1843057.9863473948,10
-1155501.915020585,1843057.9863473948,10
-1155038.6023040577,1843057.9863473948,10
-1154575.28958753,1843057.9863473948,10
-1154111.9768710027,1843057.9863473948,10
-1153648.664154475,1843057.9863473948,10
-1153185.3514379477,1843057.9863473948,10
-1152722.03872142,1843057.9863473948,10
-1152258.7260048925,1843057.9863473948,10
-1151795.4132883651,1843057.9863473948,10
-1151332.1005718375,1843057.9863473948,10
-1150868.7878553101,1843057.9863473948,10
-1150405.4751387825,1843057.9863473948,10
-1149942.1624222551,1843057.9863473948,10
-1149478.8497057275,1843057.9863473948,10
-1149015.5369892002,1843057.9863473948,10
-1148552.2242726726,1843057.9863473948,10
-1148088.9115561452,1843057.9863473948,10
-1147625.5988396176,1843057.9863473948,10
-1147162.2861230902,1843057.9863473948,10
-1146698.9734065626,1843057.9863473948,10
-1146235.6606900352,1843057.9863473948,10
-1358896.1975761575,1842594.6736308672,10
-1358432.8848596301,1842594.6736308672,10
-1357969.5721431025,1842594.6736308672,10
-1357506.2594265752,1842594.6736308672,10
-1357042.9467100475,1842594.6736308672,10
-1356579.6339935202,1842594.6736308672,10
-1356116.3212769926,1842594.6736308672,10
-1355653.0085604652,1842594.6736308672,10
-1355189.6958439376,1842594.6736308672,10
-1354726.3831274102,1842594.6736308672,10
-1354263.0704108826,1842594.6736308672,10
-1353799.7576943552,1842594.6736308672,10
-1353336.4449778276,1842594.6736308672,10
-1352873.1322613002,1842594.6736308672,10
-1352409.8195447726,1842594.6736308672,16
-1351946.506828245,1842594.6736308672,16
-1351483.1941117176,1842594.6736308672,16
-1351019.88139519,1842594.6736308672,16
-1350556.5686786626,1842594.6736308672,16
-1350093.255962135,1842594.6736308672,10
-1349629.9432456077,1842594.6736308672,10
-1349166.63052908,1842594.6736308672,10
-1348703.3178125527,1842594.6736308672,10
-1348240.005096025,1842594.6736308672,16
-1347776.6923794977,1842594.6736308672,16
-1347313.37966297,1842594.6736308672,16
-1346850.0669464427,1842594.6736308672,16
-1346386.754229915,1842594.6736308672,16
-1345923.4415133877,1842594.6736308672,16
-1345460.12879686,1842594.6736308672,16
-1344996.8160803327,1842594.6736308672,16
-1344533.5033638051,1842594.6736308672,16
-1344070.1906472775,1842594.6736308672,16
-1343606.8779307501,1842594.6736308672,16
-1343143.5652142225,1842594.6736308672,16
-1342680.2524976952,1842594.6736308672,10
-1342216.9397811675,1842594.6736308672,16
-1341753.6270646402,1842594.6736308672,16
-1341290.3143481126,1842594.6736308672,16
-1340827.0016315852,1842594.6736308672,16
-1340363.6889150576,1842594.6736308672,16
-1339900.3761985302,1842594.6736308672,16
-1339437.0634820026,1842594.6736308672,16
-1338973.7507654752,1842594.6736308672,16
-1338510.4380489476,1842594.6736308672,16
-1338047.1253324202,1842594.6736308672,16
-1337583.8126158926,1842594.6736308672,16
-1337120.499899365,1842594.6736308672,16
-1336657.1871828376,1842594.6736308672,16
-1336193.87446631,1842594.6736308672,16
-1335730.5617497826,1842594.6736308672,16
-1335267.249033255,1842594.6736308672,16
-1334803.9363167277,1842594.6736308672,16
-1334340.6236002,1842594.6736308672,16
-1333877.3108836727,1842594.6736308672,16
-1333413.998167145,1842594.6736308672,16
-1332950.6854506177,1842594.6736308672,16
-1332487.37273409,1842594.6736308672,16
-1332024.0600175627,1842594.6736308672,16
-1331560.747301035,1842594.6736308672,16
-1331097.4345845077,1842594.6736308672,16
-1330634.12186798,1842594.6736308672,16
-1330170.8091514525,1842594.6736308672,16
-1329707.4964349251,1842594.6736308672,16
-1329244.1837183975,1842594.6736308672,16
-1328780.8710018701,1842594.6736308672,16
-1328317.5582853425,1842594.6736308672,16
-1327854.2455688152,1842594.6736308672,16
-1327390.9328522875,1842594.6736308672,16
-1326927.6201357602,1842594.6736308672,16
-1326464.3074192326,1842594.6736308672,16
-1326000.9947027052,1842594.6736308672,16
-1325537.6819861776,1842594.6736308672,16
-1325074.3692696502,1842594.6736308672,16
-1324611.0565531226,1842594.6736308672,16
-1324147.7438365952,1842594.6736308672,16
-1323684.4311200676,1842594.6736308672,16
-1323221.11840354,1842594.6736308672,16
-1322757.8056870126,1842594.6736308672,16
-1322294.492970485,1842594.6736308672,16
-1321831.1802539576,1842594.6736308672,16
-1321367.86753743,1842594.6736308672,10
-1320904.5548209026,1842594.6736308672,10
-1320441.242104375,1842594.6736308672,10
-1319977.9293878477,1842594.6736308672,16
-1319514.61667132,1842594.6736308672,16
-1319051.3039547927,1842594.6736308672,16
-1318587.991238265,1842594.6736308672,16
-1318124.6785217377,1842594.6736308672,16
-1317661.36580521,1842594.6736308672,16
-1317198.0530886827,1842594.6736308672,16
-1316734.740372155,1842594.6736308672,10
-1316271.4276556277,1842594.6736308672,10
-1315808.1149391,1842594.6736308672,10
-1315344.8022225727,1842594.6736308672,16
-1314881.4895060451,1842594.6736308672,16
-1314418.1767895175,1842594.6736308672,16
-1313954.8640729901,1842594.6736308672,16
-1313491.5513564625,1842594.6736308672,16
-1313028.2386399352,1842594.6736308672,16
-1312564.9259234075,1842594.6736308672,16
-1312101.6132068802,1842594.6736308672,16
-1311638.3004903526,1842594.6736308672,16
-1311174.9877738252,1842594.6736308672,16
-1310711.6750572976,1842594.6736308672,16
-1310248.3623407702,1842594.6736308672,16
-1309785.0496242426,1842594.6736308672,16
-1309321.7369077152,1842594.6736308672,16
-1308858.4241911876,1842594.6736308672,16
-1308395.1114746602,1842594.6736308672,16
-1307931.7987581326,1842594.6736308672,16
-1307468.486041605,1842594.6736308672,16
-1307005.1733250776,1842594.6736308672,16
-1306541.86060855,1842594.6736308672,16
-1306078.5478920226,1842594.6736308672,16
-1305615.235175495,1842594.6736308672,16
-1305151.9224589677,1842594.6736308672,10
-1304688.60974244,1842594.6736308672,10
-1304225.2970259127,1842594.6736308672,10
-1303761.984309385,1842594.6736308672,16
-1303298.6715928577,1842594.6736308672,16
-1302835.35887633,1842594.6736308672,16
-1302372.0461598027,1842594.6736308672,16
-1301908.733443275,1842594.6736308672,16
-1301445.4207267477,1842594.6736308672,10
-1300982.10801022,1842594.6736308672,10
-1300518.7952936925,1842594.6736308672,16
-1300055.4825771651,1842594.6736308672,16
-1299592.1698606375,1842594.6736308672,16
-1299128.8571441101,1842594.6736308672,16
-1298665.5444275825,1842594.6736308672,16
-1298202.2317110552,1842594.6736308672,16
-1297738.9189945275,1842594.6736308672,16
-1297275.6062780002,1842594.6736308672,16
-1296812.2935614726,1842594.6736308672,16
-1296348.9808449452,1842594.6736308672,16
-1295885.6681284176,1842594.6736308672,16
-1295422.3554118902,1842594.6736308672,16
-1294959.0426953626,1842594.6736308672,16
-1294495.7299788352,1842594.6736308672,10
-1294032.4172623076,1842594.6736308672,10
-1293569.10454578,1842594.6736308672,16
-1293105.7918292526,1842594.6736308672,16
-1292642.479112725,1842594.6736308672,16
-1292179.1663961976,1842594.6736308672,16
-1291715.85367967,1842594.6736308672,16
-1291252.5409631426,1842594.6736308672,16
-1290789.228246615,1842594.6736308672,10
-1290325.9155300877,1842594.6736308672,10
-1289862.60281356,1842594.6736308672,16
-1289399.2900970327,1842594.6736308672,10
-1288935.977380505,1842594.6736308672,10
-1288472.6646639777,1842594.6736308672,10
-1288009.35194745,1842594.6736308672,10
-1287546.0392309227,1842594.6736308672,10
-1287082.726514395,1842594.6736308672,10
-1286619.4137978677,1842594.6736308672,10
-1286156.10108134,1842594.6736308672,7
-1285692.7883648127,1842594.6736308672,10
-1285229.4756482851,1842594.6736308672,10
-1284766.1629317575,1842594.6736308672,7
-1284302.8502152301,1842594.6736308672,10
-1283839.5374987025,1842594.6736308672,10
-1283376.2247821752,1842594.6736308672,10
-1282912.9120656475,1842594.6736308672,10
-1282449.5993491202,1842594.6736308672,10
-1281986.2866325926,1842594.6736308672,10
-1281522.9739160652,1842594.6736308672,10
-1281059.6611995376,1842594.6736308672,10
-1280596.3484830102,1842594.6736308672,10
-1280133.0357664826,1842594.6736308672,10
-1279669.7230499552,1842594.6736308672,10
-1279206.4103334276,1842594.6736308672,10
-1278743.0976169002,1842594.6736308672,10
-1278279.7849003726,1842594.6736308672,10
-1277816.472183845,1842594.6736308672,10
-1277353.1594673176,1842594.6736308672,10
-1276889.84675079,1842594.6736308672,10
-1276426.5340342626,1842594.6736308672,10
-1275963.221317735,1842594.6736308672,10
-1275499.9086012077,1842594.6736308672,10
-1275036.59588468,1842594.6736308672,10
-1274573.2831681527,1842594.6736308672,10
-1274109.970451625,1842594.6736308672,10
-1273646.6577350977,1842594.6736308672,10
-1273183.34501857,1842594.6736308672,10
-1272720.0323020427,1842594.6736308672,10
-1272256.719585515,1842594.6736308672,10
-1271793.4068689877,1842594.6736308672,10
-1271330.09415246,1842594.6736308672,10
-1270866.7814359325,1842594.6736308672,10
-1270403.4687194051,1842594.6736308672,10
-1269940.1560028775,1842594.6736308672,10
-1269476.8432863501,1842594.6736308672,7
-1269013.5305698225,1842594.6736308672,10
-1268550.2178532952,1842594.6736308672,10
-1268086.9051367675,1842594.6736308672,10
-1267623.5924202402,1842594.6736308672,10
-1267160.2797037126,1842594.6736308672,10
-1266696.9669871852,1842594.6736308672,10
-1266233.6542706576,1842594.6736308672,10
-1265770.3415541302,1842594.6736308672,10
-1265307.0288376026,1842594.6736308672,10
-1264843.7161210752,1842594.6736308672,10
-1264380.4034045476,1842594.6736308672,10
-1263917.09068802,1842594.6736308672,10
-1263453.7779714926,1842594.6736308672,10
-1262990.465254965,1842594.6736308672,10
-1262527.1525384376,1842594.6736308672,10
-1262063.83982191,1842594.6736308672,10
-1261600.5271053826,1842594.6736308672,10
-1261137.214388855,1842594.6736308672,10
-1260673.9016723277,1842594.6736308672,10
-1260210.5889558,1842594.6736308672,10
-1259747.2762392727,1842594.6736308672,10
-1259283.963522745,1842594.6736308672,10
-1258820.6508062177,1842594.6736308672,10
-1258357.33808969,1842594.6736308672,10
-1257894.0253731627,1842594.6736308672,10
-1257430.712656635,1842594.6736308672,10
-1256967.3999401077,1842594.6736308672,10
-1256504.08722358,1842594.6736308672,10
-1256040.7745070527,1842594.6736308672,10
-1255577.4617905251,1842594.6736308672,10
-1255114.1490739975,1842594.6736308672,10
-1254650.8363574701,1842594.6736308672,10
-1254187.5236409425,1842594.6736308672,10
-1253724.2109244152,1842594.6736308672,10
-1253260.8982078875,1842594.6736308672,10
-1252797.5854913602,1842594.6736308672,10
-1252334.2727748326,1842594.6736308672,10
-1251870.9600583052,1842594.6736308672,10
-1251407.6473417776,1842594.6736308672,10
-1250944.3346252502,1842594.6736308672,10
-1250481.0219087226,1842594.6736308672,10
-1250017.7091921952,1842594.6736308672,10
-1249554.3964756676,1842594.6736308672,10
-1249091.0837591402,1842594.6736308672,10
-1248627.7710426126,1842594.6736308672,10
-1248164.458326085,1842594.6736308672,10
-1247701.1456095576,1842594.6736308672,10
-1247237.83289303,1842594.6736308672,10
-1246774.5201765026,1842594.6736308672,10
-1246311.207459975,1842594.6736308672,10
-1245847.8947434477,1842594.6736308672,10
-1245384.58202692,1842594.6736308672,10
-1244921.2693103927,1842594.6736308672,10
-1244457.956593865,1842594.6736308672,10
-1243994.6438773377,1842594.6736308672,10
-1243531.33116081,1842594.6736308672,10
-1243068.0184442827,1842594.6736308672,10
-1242604.705727755,1842594.6736308672,10
-1242141.3930112277,1842594.6736308672,10
-1241678.0802947,1842594.6736308672,10
-1241214.7675781725,1842594.6736308672,10
-1240751.4548616451,1842594.6736308672,10
-1240288.1421451175,1842594.6736308672,10
-1239824.8294285901,1842594.6736308672,10
-1239361.5167120625,1842594.6736308672,10
-1238898.2039955352,1842594.6736308672,10
-1238434.8912790075,1842594.6736308672,10
-1237971.5785624802,1842594.6736308672,10
-1237508.2658459526,1842594.6736308672,10
-1237044.9531294252,1842594.6736308672,10
-1236581.6404128976,1842594.6736308672,10
-1236118.3276963702,1842594.6736308672,10
-1235655.0149798426,1842594.6736308672,10
-1235191.7022633152,1842594.6736308672,10
-1234728.3895467876,1842594.6736308672,10
-1234265.07683026,1842594.6736308672,10
-1233801.7641137326,1842594.6736308672,10
-1233338.4513972052,1842594.6736308672,10
-1232875.1386806776,1842594.6736308672,10
-1232411.82596415,1842594.6736308672,10
-1231948.5132476226,1842594.6736308672,10
-1231485.200531095,1842594.6736308672,10
-1231021.8878145677,1842594.6736308672,10
-1230558.57509804,1842594.6736308672,10
-1230095.2623815127,1842594.6736308672,10
-1229631.949664985,1842594.6736308672,10
-1229168.6369484577,1842594.6736308672,10
-1228705.32423193,1842594.6736308672,10
-1228242.0115154027,1842594.6736308672,10
-1227778.698798875,1842594.6736308672,10
-1227315.3860823475,1842594.6736308672,10
-1226852.07336582,1842594.6736308672,10
-1226388.7606492927,1842594.6736308672,10
-1225925.4479327651,1842594.6736308672,10
-1225462.1352162375,1842594.6736308672,10
-1224998.8224997101,1842594.6736308672,10
-1224535.5097831825,1842594.6736308672,10
-1224072.1970666551,1842594.6736308672,10
-1223608.8843501275,1842594.6736308672,10
-1223145.5716336002,1842594.6736308672,10
-1222682.2589170726,1842594.6736308672,10
-1222218.9462005452,1842594.6736308672,10
-1221755.6334840176,1842594.6736308672,10
-1221292.3207674902,1842594.6736308672,10
-1220829.0080509626,1842594.6736308672,10
-1220365.6953344352,1842594.6736308672,10
-1219902.3826179076,1842594.6736308672,10
-1219439.0699013802,1842594.6736308672,10
-1218975.7571848526,1842594.6736308672,10
-1218512.444468325,1842594.6736308672,10
-1218049.1317517976,1842594.6736308672,10
-1217585.81903527,1842594.6736308672,10
-1217122.5063187426,1842594.6736308672,10
-1216659.193602215,1842594.6736308672,10
-1216195.8808856877,1842594.6736308672,10
-1215732.56816916,1842594.6736308672,10
-1215269.2554526327,1842594.6736308672,10
-1214805.942736105,1842594.6736308672,10
-1214342.6300195777,1842594.6736308672,10
-1213879.31730305,1842594.6736308672,10
-1213416.0045865227,1842594.6736308672,10
-1212952.691869995,1842594.6736308672,10
-1212489.3791534677,1842594.6736308672,10
-1212026.06643694,1842594.6736308672,10
-1211562.7537204125,1842594.6736308672,10
-1211099.4410038851,1842594.6736308672,10
-1210636.1282873575,1842594.6736308672,10
-1210172.8155708301,1842594.6736308672,10
-1209709.5028543025,1842594.6736308672,10
-1209246.1901377751,1842594.6736308672,10
-1208782.8774212475,1842594.6736308672,10
-1208319.5647047202,1842594.6736308672,10
-1207856.2519881926,1842594.6736308672,10
-1207392.9392716652,1842594.6736308672,10
-1206929.6265551376,1842594.6736308672,10
-1206466.3138386102,1842594.6736308672,10
-1206003.0011220826,1842594.6736308672,10
-1205539.6884055552,1842594.6736308672,10
-1205076.3756890276,1842594.6736308672,10
-1204613.0629725,1842594.6736308672,10
-1204149.7502559726,1842594.6736308672,10
-1203686.4375394452,1842594.6736308672,10
-1203223.1248229176,1842594.6736308672,10
-1202759.81210639,1842594.6736308672,10
-1202296.4993898626,1842594.6736308672,10
-1201833.186673335,1842594.6736308672,10
-1201369.8739568077,1842594.6736308672,10
-1200906.56124028,1842594.6736308672,10
-1200443.2485237527,1842594.6736308672,10
-1199979.935807225,1842594.6736308672,10
-1199516.6230906977,1842594.6736308672,10
-1199053.31037417,1842594.6736308672,10
-1198589.9976576427,1842594.6736308672,10
-1198126.684941115,1842594.6736308672,10
-1197663.3722245875,1842594.6736308672,10
-1197200.05950806,1842594.6736308672,10
-1196736.7467915327,1842594.6736308672,10
-1196273.4340750051,1842594.6736308672,10
-1195810.1213584775,1842594.6736308672,10
-1195346.8086419501,1842594.6736308672,10
-1194883.4959254225,1842594.6736308672,10
-1194420.1832088951,1842594.6736308672,10
-1193956.8704923675,1842594.6736308672,10
-1193493.5577758402,1842594.6736308672,10
-1193030.2450593126,1842594.6736308672,10
-1192566.9323427852,1842594.6736308672,10
-1192103.6196262576,1842594.6736308672,10
-1191640.3069097302,1842594.6736308672,10
-1191176.9941932026,1842594.6736308672,10
-1190713.6814766752,1842594.6736308672,10
-1190250.3687601476,1842594.6736308672,10
-1189787.0560436202,1842594.6736308672,10
-1189323.7433270926,1842594.6736308672,10
-1188860.430610565,1842594.6736308672,10
-1188397.1178940376,1842594.6736308672,10
-1187933.80517751,1842594.6736308672,10
-1187470.4924609826,1842594.6736308672,10
-1187007.179744455,1842594.6736308672,10
-1186543.8670279277,1842594.6736308672,10
-1186080.5543114,1842594.6736308672,10
-1185617.2415948727,1842594.6736308672,10
-1185153.928878345,1842594.6736308672,10
-1184690.6161618177,1842594.6736308672,10
-1184227.30344529,1842594.6736308672,10
-1183763.9907287627,1842594.6736308672,10
-1183300.678012235,1842594.6736308672,10
-1182837.3652957077,1842594.6736308672,10
-1182374.05257918,1842594.6736308672,10
-1181910.7398626525,1842594.6736308672,10
-1181447.4271461251,1842594.6736308672,10
-1180984.1144295975,1842594.6736308672,10
-1180520.8017130701,1842594.6736308672,10
-1180057.4889965425,1842594.6736308672,10
-1179594.1762800151,1842594.6736308672,10
-1179130.8635634875,1842594.6736308672,10
-1178667.5508469602,1842594.6736308672,10
-1178204.2381304326,1842594.6736308672,10
-1177740.9254139052,1842594.6736308672,10
-1177277.6126973776,1842594.6736308672,10
-1176814.2999808502,1842594.6736308672,10
-1176350.9872643226,1842594.6736308672,10
-1175887.6745477952,1842594.6736308672,10
-1175424.3618312676,1842594.6736308672,10
-1174961.04911474,1842594.6736308672,10
-1174497.7363982126,1842594.6736308672,10
-1174034.4236816852,1842594.6736308672,10
-1173571.1109651576,1842594.6736308672,10
-1173107.79824863,1842594.6736308672,10
-1172644.4855321026,1842594.6736308672,10
-1172181.172815575,1842594.6736308672,10
-1171717.8600990477,1842594.6736308672,10
-1171254.54738252,1842594.6736308672,10
-1170791.2346659927,1842594.6736308672,10
-1170327.921949465,1842594.6736308672,10
-1169864.6092329377,1842594.6736308672,10
-1169401.29651641,1842594.6736308672,10
-1168937.9837998827,1842594.6736308672,10
-1168474.671083355,1842594.6736308672,10
-1168011.3583668275,1842594.6736308672,10
-1167548.0456503,1842594.6736308672,10
-1167084.7329337727,1842594.6736308672,10
-1166621.4202172451,1842594.6736308672,10
-1166158.1075007175,1842594.6736308672,10
-1165694.7947841901,1842594.6736308672,10
-1165231.4820676625,1842594.6736308672,10
-1164768.1693511351,1842594.6736308672,10
-1164304.8566346075,1842594.6736308672,10
-1163841.5439180802,1842594.6736308672,10
-1163378.2312015526,1842594.6736308672,10
-1162914.9184850252,1842594.6736308672,10
-1162451.6057684976,1842594.6736308672,10
-1161988.2930519702,1842594.6736308672,10
-1161524.9803354426,1842594.6736308672,10
-1161061.6676189152,1842594.6736308672,10
-1160598.3549023876,1842594.6736308672,10
-1160135.0421858602,1842594.6736308672,10
-1159671.7294693326,1842594.6736308672,10
-1159208.416752805,1842594.6736308672,10
-1158745.1040362776,1842594.6736308672,10
-1158281.79131975,1842594.6736308672,10
-1157818.4786032226,1842594.6736308672,10
-1157355.165886695,1842594.6736308672,10
-1156891.8531701677,1842594.6736308672,10
-1156428.54045364,1842594.6736308672,10
-1155965.2277371127,1842594.6736308672,10
-1155501.915020585,1842594.6736308672,10
-1155038.6023040577,1842594.6736308672,10
-1154575.28958753,1842594.6736308672,10
-1154111.9768710027,1842594.6736308672,10
-1153648.664154475,1842594.6736308672,10
-1153185.3514379477,1842594.6736308672,10
-1152722.03872142,1842594.6736308672,10
-1152258.7260048925,1842594.6736308672,10
-1151795.4132883651,1842594.6736308672,10
-1151332.1005718375,1842594.6736308672,10
-1150868.7878553101,1842594.6736308672,10
-1150405.4751387825,1842594.6736308672,10
-1149942.1624222551,1842594.6736308672,10
-1149478.8497057275,1842594.6736308672,10
-1149015.5369892002,1842594.6736308672,10
-1148552.2242726726,1842594.6736308672,10
-1148088.9115561452,1842594.6736308672,10
-1147625.5988396176,1842594.6736308672,10
-1147162.2861230902,1842594.6736308672,10
-1146698.9734065626,1842594.6736308672,10
-1146235.6606900352,1842594.6736308672,10
-1358896.1975761575,1842131.3609143398,10
-1358432.8848596301,1842131.3609143398,10
-1357969.5721431025,1842131.3609143398,10
-1357506.2594265752,1842131.3609143398,10
-1357042.9467100475,1842131.3609143398,10
-1356579.6339935202,1842131.3609143398,10
-1356116.3212769926,1842131.3609143398,10
-1355653.0085604652,1842131.3609143398,10
-1355189.6958439376,1842131.3609143398,10
-1354726.3831274102,1842131.3609143398,10
-1354263.0704108826,1842131.3609143398,10
-1353799.7576943552,1842131.3609143398,10
-1353336.4449778276,1842131.3609143398,10
-1352873.1322613002,1842131.3609143398,10
-1352409.8195447726,1842131.3609143398,16
-1351946.506828245,1842131.3609143398,16
-1351483.1941117176,1842131.3609143398,16
-1351019.88139519,1842131.3609143398,16
-1350556.5686786626,1842131.3609143398,16
-1350093.255962135,1842131.3609143398,16
-1349629.9432456077,1842131.3609143398,16
-1349166.63052908,1842131.3609143398,10
-1348703.3178125527,1842131.3609143398,10
-1348240.005096025,1842131.3609143398,10
-1347776.6923794977,1842131.3609143398,16
-1347313.37966297,1842131.3609143398,16
-1346850.0669464427,1842131.3609143398,16
-1346386.754229915,1842131.3609143398,16
-1345923.4415133877,1842131.3609143398,16
-1345460.12879686,1842131.3609143398,16
-1344996.8160803327,1842131.3609143398,16
-1344533.5033638051,1842131.3609143398,16
-1344070.1906472775,1842131.3609143398,16
-1343606.8779307501,1842131.3609143398,10
-1343143.5652142225,1842131.3609143398,16
-1342680.2524976952,1842131.3609143398,16
-1342216.9397811675,1842131.3609143398,16
-1341753.6270646402,1842131.3609143398,16
-1341290.3143481126,1842131.3609143398,16
-1340827.0016315852,1842131.3609143398,16
-1340363.6889150576,1842131.3609143398,16
-1339900.3761985302,1842131.3609143398,16
-1339437.0634820026,1842131.3609143398,16
-1338973.7507654752,1842131.3609143398,16
-1338510.4380489476,1842131.3609143398,16
-1338047.1253324202,1842131.3609143398,16
-1337583.8126158926,1842131.3609143398,16
-1337120.499899365,1842131.3609143398,16
-1336657.1871828376,1842131.3609143398,16
-1336193.87446631,1842131.3609143398,16
-1335730.5617497826,1842131.3609143398,16
-1335267.249033255,1842131.3609143398,16
-1334803.9363167277,1842131.3609143398,16
-1334340.6236002,1842131.3609143398,16
-1333877.3108836727,1842131.3609143398,16
-1333413.998167145,1842131.3609143398,16
-1332950.6854506177,1842131.3609143398,16
-1332487.37273409,1842131.3609143398,16
-1332024.0600175627,1842131.3609143398,16
-1331560.747301035,1842131.3609143398,16
-1331097.4345845077,1842131.3609143398,16
-1330634.12186798,1842131.3609143398,16
-1330170.8091514525,1842131.3609143398,16
-1329707.4964349251,1842131.3609143398,16
-1329244.1837183975,1842131.3609143398,16
-1328780.8710018701,1842131.3609143398,16
-1328317.5582853425,1842131.3609143398,16
-1327854.2455688152,1842131.3609143398,16
-1327390.9328522875,1842131.3609143398,16
-1326927.6201357602,1842131.3609143398,16
-1326464.3074192326,1842131.3609143398,16
-1326000.9947027052,1842131.3609143398,16
-1325537.6819861776,1842131.3609143398,16
-1325074.3692696502,1842131.3609143398,16
-1324611.0565531226,1842131.3609143398,16
-1324147.7438365952,1842131.3609143398,16
-1323684.4311200676,1842131.3609143398,16
-1323221.11840354,1842131.3609143398,16
-1322757.8056870126,1842131.3609143398,16
-1322294.492970485,1842131.3609143398,16
-1321831.1802539576,1842131.3609143398,16
-1321367.86753743,1842131.3609143398,10
-1320904.5548209026,1842131.3609143398,10
-1320441.242104375,1842131.3609143398,10
-1319977.9293878477,1842131.3609143398,16
-1319514.61667132,1842131.3609143398,16
-1319051.3039547927,1842131.3609143398,16
-1318587.991238265,1842131.3609143398,16
-1318124.6785217377,1842131.3609143398,16
-1317661.36580521,1842131.3609143398,16
-1317198.0530886827,1842131.3609143398,16
-1316734.740372155,1842131.3609143398,10
-1316271.4276556277,1842131.3609143398,10
-1315808.1149391,1842131.3609143398,16
-1315344.8022225727,1842131.3609143398,16
-1314881.4895060451,1842131.3609143398,16
-1314418.1767895175,1842131.3609143398,16
-1313954.8640729901,1842131.3609143398,16
-1313491.5513564625,1842131.3609143398,16
-1313028.2386399352,1842131.3609143398,16
-1312564.9259234075,1842131.3609143398,16
-1312101.6132068802,1842131.3609143398,16
-1311638.3004903526,1842131.3609143398,16
-1311174.9877738252,1842131.3609143398,16
-1310711.6750572976,1842131.3609143398,16
-1310248.3623407702,1842131.3609143398,16
-1309785.0496242426,1842131.3609143398,16
-1309321.7369077152,1842131.3609143398,16
-1308858.4241911876,1842131.3609143398,16
-1308395.1114746602,1842131.3609143398,16
-1307931.7987581326,1842131.3609143398,16
-1307468.486041605,1842131.3609143398,16
-1307005.1733250776,1842131.3609143398,16
-1306541.86060855,1842131.3609143398,16
-1306078.5478920226,1842131.3609143398,16
-1305615.235175495,1842131.3609143398,16
-1305151.9224589677,1842131.3609143398,16
-1304688.60974244,1842131.3609143398,10
-1304225.2970259127,1842131.3609143398,16
-1303761.984309385,1842131.3609143398,16
-1303298.6715928577,1842131.3609143398,16
-1302835.35887633,1842131.3609143398,16
-1302372.0461598027,1842131.3609143398,10
-1301908.733443275,1842131.3609143398,10
-1301445.4207267477,1842131.3609143398,10
-1300982.10801022,1842131.3609143398,10
-1300518.7952936925,1842131.3609143398,16
-1300055.4825771651,1842131.3609143398,16
-1299592.1698606375,1842131.3609143398,16
-1299128.8571441101,1842131.3609143398,16
-1298665.5444275825,1842131.3609143398,16
-1298202.2317110552,1842131.3609143398,16
-1297738.9189945275,1842131.3609143398,16
-1297275.6062780002,1842131.3609143398,16
-1296812.2935614726,1842131.3609143398,10
-1296348.9808449452,1842131.3609143398,7
-1295885.6681284176,1842131.3609143398,10
-1295422.3554118902,1842131.3609143398,10
-1294959.0426953626,1842131.3609143398,16
-1294495.7299788352,1842131.3609143398,16
-1294032.4172623076,1842131.3609143398,10
-1293569.10454578,1842131.3609143398,10
-1293105.7918292526,1842131.3609143398,16
-1292642.479112725,1842131.3609143398,16
-1292179.1663961976,1842131.3609143398,16
-1291715.85367967,1842131.3609143398,10
-1291252.5409631426,1842131.3609143398,10
-1290789.228246615,1842131.3609143398,16
-1290325.9155300877,1842131.3609143398,10
-1289862.60281356,1842131.3609143398,16
-1289399.2900970327,1842131.3609143398,10
-1288935.977380505,1842131.3609143398,10
-1288472.6646639777,1842131.3609143398,10
-1288009.35194745,1842131.3609143398,10
-1287546.0392309227,1842131.3609143398,10
-1287082.726514395,1842131.3609143398,10
-1286619.4137978677,1842131.3609143398,10
-1286156.10108134,1842131.3609143398,10
-1285692.7883648127,1842131.3609143398,10
-1285229.4756482851,1842131.3609143398,10
-1284766.1629317575,1842131.3609143398,10
-1284302.8502152301,1842131.3609143398,10
-1283839.5374987025,1842131.3609143398,10
-1283376.2247821752,1842131.3609143398,10
-1282912.9120656475,1842131.3609143398,10
-1282449.5993491202,1842131.3609143398,10
-1281986.2866325926,1842131.3609143398,10
-1281522.9739160652,1842131.3609143398,10
-1281059.6611995376,1842131.3609143398,10
-1280596.3484830102,1842131.3609143398,10
-1280133.0357664826,1842131.3609143398,10
-1279669.7230499552,1842131.3609143398,10
-1279206.4103334276,1842131.3609143398,10
-1278743.0976169002,1842131.3609143398,10
-1278279.7849003726,1842131.3609143398,10
-1277816.472183845,1842131.3609143398,10
-1277353.1594673176,1842131.3609143398,10
-1276889.84675079,1842131.3609143398,10
-1276426.5340342626,1842131.3609143398,10
-1275963.221317735,1842131.3609143398,10
-1275499.9086012077,1842131.3609143398,10
-1275036.59588468,1842131.3609143398,10
-1274573.2831681527,1842131.3609143398,10
-1274109.970451625,1842131.3609143398,10
-1273646.6577350977,1842131.3609143398,10
-1273183.34501857,1842131.3609143398,10
-1272720.0323020427,1842131.3609143398,10
-1272256.719585515,1842131.3609143398,10
-1271793.4068689877,1842131.3609143398,10
-1271330.09415246,1842131.3609143398,10
-1270866.7814359325,1842131.3609143398,7
-1270403.4687194051,1842131.3609143398,7
-1269940.1560028775,1842131.3609143398,7
-1269476.8432863501,1842131.3609143398,7
-1269013.5305698225,1842131.3609143398,10
-1268550.2178532952,1842131.3609143398,10
-1268086.9051367675,1842131.3609143398,10
-1267623.5924202402,1842131.3609143398,10
-1267160.2797037126,1842131.3609143398,10
-1266696.9669871852,1842131.3609143398,10
-1266233.6542706576,1842131.3609143398,10
-1265770.3415541302,1842131.3609143398,10
-1265307.0288376026,1842131.3609143398,10
-1264843.7161210752,1842131.3609143398,10
-1264380.4034045476,1842131.3609143398,10
-1263917.09068802,1842131.3609143398,10
-1263453.7779714926,1842131.3609143398,10
-1262990.465254965,1842131.3609143398,10
-1262527.1525384376,1842131.3609143398,10
-1262063.83982191,1842131.3609143398,10
-1261600.5271053826,1842131.3609143398,10
-1261137.214388855,1842131.3609143398,10
-1260673.9016723277,1842131.3609143398,10
-1260210.5889558,1842131.3609143398,10
-1259747.2762392727,1842131.3609143398,10
-1259283.963522745,1842131.3609143398,10
-1258820.6508062177,1842131.3609143398,10
-1258357.33808969,1842131.3609143398,10
-1257894.0253731627,1842131.3609143398,10
-1257430.712656635,1842131.3609143398,10
-1256967.3999401077,1842131.3609143398,10
-1256504.08722358,1842131.3609143398,10
-1256040.7745070527,1842131.3609143398,10
-1255577.4617905251,1842131.3609143398,10
-1255114.1490739975,1842131.3609143398,10
-1254650.8363574701,1842131.3609143398,10
-1254187.5236409425,1842131.3609143398,10
-1253724.2109244152,1842131.3609143398,10
-1253260.8982078875,1842131.3609143398,10
-1252797.5854913602,1842131.3609143398,10
-1252334.2727748326,1842131.3609143398,10
-1251870.9600583052,1842131.3609143398,10
-1251407.6473417776,1842131.3609143398,10
-1250944.3346252502,1842131.3609143398,10
-1250481.0219087226,1842131.3609143398,10
-1250017.7091921952,1842131.3609143398,10
-1249554.3964756676,1842131.3609143398,10
-1249091.0837591402,1842131.3609143398,10
-1248627.7710426126,1842131.3609143398,10
-1248164.458326085,1842131.3609143398,10
-1247701.1456095576,1842131.3609143398,10
-1247237.83289303,1842131.3609143398,10
-1246774.5201765026,1842131.3609143398,10
-1246311.207459975,1842131.3609143398,10
-1245847.8947434477,1842131.3609143398,10
-1245384.58202692,1842131.3609143398,10
-1244921.2693103927,1842131.3609143398,10
-1244457.956593865,1842131.3609143398,10
-1243994.6438773377,1842131.3609143398,10
-1243531.33116081,1842131.3609143398,10
-1243068.0184442827,1842131.3609143398,10
-1242604.705727755,1842131.3609143398,10
-1242141.3930112277,1842131.3609143398,10
-1241678.0802947,1842131.3609143398,10
-1241214.7675781725,1842131.3609143398,10
-1240751.4548616451,1842131.3609143398,10
-1240288.1421451175,1842131.3609143398,10
-1239824.8294285901,1842131.3609143398,10
-1239361.5167120625,1842131.3609143398,10
-1238898.2039955352,1842131.3609143398,10
-1238434.8912790075,1842131.3609143398,10
-1237971.5785624802,1842131.3609143398,10
-1237508.2658459526,1842131.3609143398,10
-1237044.9531294252,1842131.3609143398,10
-1236581.6404128976,1842131.3609143398,10
-1236118.3276963702,1842131.3609143398,10
-1235655.0149798426,1842131.3609143398,10
-1235191.7022633152,1842131.3609143398,10
-1234728.3895467876,1842131.3609143398,10
-1234265.07683026,1842131.3609143398,10
-1233801.7641137326,1842131.3609143398,10
-1233338.4513972052,1842131.3609143398,10
-1232875.1386806776,1842131.3609143398,10
-1232411.82596415,1842131.3609143398,10
-1231948.5132476226,1842131.3609143398,10
-1231485.200531095,1842131.3609143398,10
-1231021.8878145677,1842131.3609143398,10
-1230558.57509804,1842131.3609143398,10
-1230095.2623815127,1842131.3609143398,10
-1229631.949664985,1842131.3609143398,10
-1229168.6369484577,1842131.3609143398,10
-1228705.32423193,1842131.3609143398,10
-1228242.0115154027,1842131.3609143398,10
-1227778.698798875,1842131.3609143398,10
-1227315.3860823475,1842131.3609143398,10
-1226852.07336582,1842131.3609143398,10
-1226388.7606492927,1842131.3609143398,10
-1225925.4479327651,1842131.3609143398,10
-1225462.1352162375,1842131.3609143398,10
-1224998.8224997101,1842131.3609143398,10
-1224535.5097831825,1842131.3609143398,10
-1224072.1970666551,1842131.3609143398,10
-1223608.8843501275,1842131.3609143398,10
-1223145.5716336002,1842131.3609143398,10
-1222682.2589170726,1842131.3609143398,10
-1222218.9462005452,1842131.3609143398,10
-1221755.6334840176,1842131.3609143398,10
-1221292.3207674902,1842131.3609143398,10
-1220829.0080509626,1842131.3609143398,10
-1220365.6953344352,1842131.3609143398,10
-1219902.3826179076,1842131.3609143398,10
-1219439.0699013802,1842131.3609143398,10
-1218975.7571848526,1842131.3609143398,10
-1218512.444468325,1842131.3609143398,10
-1218049.1317517976,1842131.3609143398,10
-1217585.81903527,1842131.3609143398,10
-1217122.5063187426,1842131.3609143398,10
-1216659.193602215,1842131.3609143398,10
-1216195.8808856877,1842131.3609143398,10
-1215732.56816916,1842131.3609143398,10
-1215269.2554526327,1842131.3609143398,10
-1214805.942736105,1842131.3609143398,10
-1214342.6300195777,1842131.3609143398,10
-1213879.31730305,1842131.3609143398,10
-1213416.0045865227,1842131.3609143398,10
-1212952.691869995,1842131.3609143398,10
-1212489.3791534677,1842131.3609143398,10
-1212026.06643694,1842131.3609143398,10
-1211562.7537204125,1842131.3609143398,10
-1211099.4410038851,1842131.3609143398,10
-1210636.1282873575,1842131.3609143398,10
-1210172.8155708301,1842131.3609143398,10
-1209709.5028543025,1842131.3609143398,10
-1209246.1901377751,1842131.3609143398,10
-1208782.8774212475,1842131.3609143398,10
-1208319.5647047202,1842131.3609143398,10
-1207856.2519881926,1842131.3609143398,10
-1207392.9392716652,1842131.3609143398,10
-1206929.6265551376,1842131.3609143398,10
-1206466.3138386102,1842131.3609143398,10
-1206003.0011220826,1842131.3609143398,10
-1205539.6884055552,1842131.3609143398,10
-1205076.3756890276,1842131.3609143398,10
-1204613.0629725,1842131.3609143398,10
-1204149.7502559726,1842131.3609143398,10
-1203686.4375394452,1842131.3609143398,10
-1203223.1248229176,1842131.3609143398,10
-1202759.81210639,1842131.3609143398,10
-1202296.4993898626,1842131.3609143398,10
-1201833.186673335,1842131.3609143398,10
-1201369.8739568077,1842131.3609143398,10
-1200906.56124028,1842131.3609143398,10
-1200443.2485237527,1842131.3609143398,10
-1199979.935807225,1842131.3609143398,10
-1199516.6230906977,1842131.3609143398,10
-1199053.31037417,1842131.3609143398,10
-1198589.9976576427,1842131.3609143398,10
-1198126.684941115,1842131.3609143398,10
-1197663.3722245875,1842131.3609143398,10
-1197200.05950806,1842131.3609143398,10
-1196736.7467915327,1842131.3609143398,10
-1196273.4340750051,1842131.3609143398,10
-1195810.1213584775,1842131.3609143398,10
-1195346.8086419501,1842131.3609143398,10
-1194883.4959254225,1842131.3609143398,10
-1194420.1832088951,1842131.3609143398,10
-1193956.8704923675,1842131.3609143398,10
-1193493.5577758402,1842131.3609143398,10
-1193030.2450593126,1842131.3609143398,10
-1192566.9323427852,1842131.3609143398,10
-1192103.6196262576,1842131.3609143398,10
-1191640.3069097302,1842131.3609143398,10
-1191176.9941932026,1842131.3609143398,10
-1190713.6814766752,1842131.3609143398,10
-1190250.3687601476,1842131.3609143398,10
-1189787.0560436202,1842131.3609143398,10
-1189323.7433270926,1842131.3609143398,10
-1188860.430610565,1842131.3609143398,10
-1188397.1178940376,1842131.3609143398,10
-1187933.80517751,1842131.3609143398,10
-1187470.4924609826,1842131.3609143398,10
-1187007.179744455,1842131.3609143398,10
-1186543.8670279277,1842131.3609143398,10
-1186080.5543114,1842131.3609143398,10
-1185617.2415948727,1842131.3609143398,10
-1185153.928878345,1842131.3609143398,10
-1184690.6161618177,1842131.3609143398,10
-1184227.30344529,1842131.3609143398,10
-1183763.9907287627,1842131.3609143398,10
-1183300.678012235,1842131.3609143398,10
-1182837.3652957077,1842131.3609143398,10
-1182374.05257918,1842131.3609143398,10
-1181910.7398626525,1842131.3609143398,10
-1181447.4271461251,1842131.3609143398,10
-1180984.1144295975,1842131.3609143398,10
-1180520.8017130701,1842131.3609143398,10
-1180057.4889965425,1842131.3609143398,10
-1179594.1762800151,1842131.3609143398,10
-1179130.8635634875,1842131.3609143398,10
-1178667.5508469602,1842131.3609143398,10
-1178204.2381304326,1842131.3609143398,10
-1177740.9254139052,1842131.3609143398,10
-1177277.6126973776,1842131.3609143398,10
-1176814.2999808502,1842131.3609143398,10
-1176350.9872643226,1842131.3609143398,10
-1175887.6745477952,1842131.3609143398,10
-1175424.3618312676,1842131.3609143398,10
-1174961.04911474,1842131.3609143398,10
-1174497.7363982126,1842131.3609143398,10
-1174034.4236816852,1842131.3609143398,10
-1173571.1109651576,1842131.3609143398,10
-1173107.79824863,1842131.3609143398,10
-1172644.4855321026,1842131.3609143398,10
-1172181.172815575,1842131.3609143398,10
-1171717.8600990477,1842131.3609143398,10
-1171254.54738252,1842131.3609143398,10
-1170791.2346659927,1842131.3609143398,10
-1170327.921949465,1842131.3609143398,10
-1169864.6092329377,1842131.3609143398,10
-1169401.29651641,1842131.3609143398,10
-1168937.9837998827,1842131.3609143398,10
-1168474.671083355,1842131.3609143398,10
-1168011.3583668275,1842131.3609143398,10
-1167548.0456503,1842131.3609143398,10
-1167084.7329337727,1842131.3609143398,10
-1166621.4202172451,1842131.3609143398,10
-1166158.1075007175,1842131.3609143398,10
-1165694.7947841901,1842131.3609143398,10
-1165231.4820676625,1842131.3609143398,10
-1164768.1693511351,1842131.3609143398,10
-1164304.8566346075,1842131.3609143398,10
-1163841.5439180802,1842131.3609143398,10
-1163378.2312015526,1842131.3609143398,10
-1162914.9184850252,1842131.3609143398,10
-1162451.6057684976,1842131.3609143398,10
-1161988.2930519702,1842131.3609143398,10
-1161524.9803354426,1842131.3609143398,10
-1161061.6676189152,1842131.3609143398,10
-1160598.3549023876,1842131.3609143398,10
-1160135.0421858602,1842131.3609143398,10
-1159671.7294693326,1842131.3609143398,10
-1159208.416752805,1842131.3609143398,10
-1158745.1040362776,1842131.3609143398,10
-1158281.79131975,1842131.3609143398,10
-1157818.4786032226,1842131.3609143398,10
-1157355.165886695,1842131.3609143398,10
-1156891.8531701677,1842131.3609143398,10
-1156428.54045364,1842131.3609143398,10
-1155965.2277371127,1842131.3609143398,10
-1155501.915020585,1842131.3609143398,10
-1155038.6023040577,1842131.3609143398,10
-1154575.28958753,1842131.3609143398,10
-1154111.9768710027,1842131.3609143398,10
-1153648.664154475,1842131.3609143398,10
-1153185.3514379477,1842131.3609143398,10
-1152722.03872142,1842131.3609143398,10
-1152258.7260048925,1842131.3609143398,10
-1151795.4132883651,1842131.3609143398,10
-1151332.1005718375,1842131.3609143398,10
-1150868.7878553101,1842131.3609143398,10
-1150405.4751387825,1842131.3609143398,10
-1149942.1624222551,1842131.3609143398,10
-1149478.8497057275,1842131.3609143398,10
-1149015.5369892002,1842131.3609143398,10
-1148552.2242726726,1842131.3609143398,10
-1148088.9115561452,1842131.3609143398,10
-1147625.5988396176,1842131.3609143398,10
-1147162.2861230902,1842131.3609143398,10
-1146698.9734065626,1842131.3609143398,10
-1146235.6606900352,1842131.3609143398,10
-1358432.8848596301,1841668.0481978122,10
-1357969.5721431025,1841668.0481978122,10
-1357506.2594265752,1841668.0481978122,10
-1357042.9467100475,1841668.0481978122,10
-1356579.6339935202,1841668.0481978122,10
-1356116.3212769926,1841668.0481978122,10
-1355653.0085604652,1841668.0481978122,10
-1355189.6958439376,1841668.0481978122,10
-1354726.3831274102,1841668.0481978122,10
-1354263.0704108826,1841668.0481978122,16
-1353799.7576943552,1841668.0481978122,16
-1353336.4449778276,1841668.0481978122,16
-1352873.1322613002,1841668.0481978122,16
-1352409.8195447726,1841668.0481978122,16
-1351946.506828245,1841668.0481978122,16
-1351483.1941117176,1841668.0481978122,16
-1351019.88139519,1841668.0481978122,16
-1350556.5686786626,1841668.0481978122,16
-1350093.255962135,1841668.0481978122,16
-1349629.9432456077,1841668.0481978122,16
-1349166.63052908,1841668.0481978122,10
-1348703.3178125527,1841668.0481978122,10
-1348240.005096025,1841668.0481978122,16
-1347776.6923794977,1841668.0481978122,16
-1347313.37966297,1841668.0481978122,16
-1346850.0669464427,1841668.0481978122,16
-1346386.754229915,1841668.0481978122,16
-1345923.4415133877,1841668.0481978122,16
-1345460.12879686,1841668.0481978122,16
-1344996.8160803327,1841668.0481978122,16
-1344533.5033638051,1841668.0481978122,10
-1344070.1906472775,1841668.0481978122,10
-1343606.8779307501,1841668.0481978122,16
-1343143.5652142225,1841668.0481978122,16
-1342680.2524976952,1841668.0481978122,16
-1342216.9397811675,1841668.0481978122,16
-1341753.6270646402,1841668.0481978122,16
-1341290.3143481126,1841668.0481978122,16
-1340827.0016315852,1841668.0481978122,16
-1340363.6889150576,1841668.0481978122,16
-1339900.3761985302,1841668.0481978122,16
-1339437.0634820026,1841668.0481978122,16
-1338973.7507654752,1841668.0481978122,16
-1338510.4380489476,1841668.0481978122,16
-1338047.1253324202,1841668.0481978122,16
-1337583.8126158926,1841668.0481978122,16
-1337120.499899365,1841668.0481978122,16
-1336657.1871828376,1841668.0481978122,16
-1336193.87446631,1841668.0481978122,16
-1335730.5617497826,1841668.0481978122,16
-1335267.249033255,1841668.0481978122,16
-1334803.9363167277,1841668.0481978122,16
-1334340.6236002,1841668.0481978122,16
-1333877.3108836727,1841668.0481978122,16
-1333413.998167145,1841668.0481978122,16
-1332950.6854506177,1841668.0481978122,16
-1332487.37273409,1841668.0481978122,16
-1332024.0600175627,1841668.0481978122,16
-1331560.747301035,1841668.0481978122,16
-1331097.4345845077,1841668.0481978122,16
-1330634.12186798,1841668.0481978122,16
-1330170.8091514525,1841668.0481978122,16
-1329707.4964349251,1841668.0481978122,16
-1329244.1837183975,1841668.0481978122,16
-1328780.8710018701,1841668.0481978122,16
-1328317.5582853425,1841668.0481978122,16
-1327854.2455688152,1841668.0481978122,16
-1327390.9328522875,1841668.0481978122,16
-1326927.6201357602,1841668.0481978122,16
-1326464.3074192326,1841668.0481978122,16
-1326000.9947027052,1841668.0481978122,16
-1325537.6819861776,1841668.0481978122,16
-1325074.3692696502,1841668.0481978122,16
-1324611.0565531226,1841668.0481978122,16
-1324147.7438365952,1841668.0481978122,16
-1323684.4311200676,1841668.0481978122,16
-1323221.11840354,1841668.0481978122,16
-1322757.8056870126,1841668.0481978122,16
-1322294.492970485,1841668.0481978122,16
-1321831.1802539576,1841668.0481978122,16
-1321367.86753743,1841668.0481978122,10
-1320904.5548209026,1841668.0481978122,10
-1320441.242104375,1841668.0481978122,10
-1319977.9293878477,1841668.0481978122,10
-1319514.61667132,1841668.0481978122,16
-1319051.3039547927,1841668.0481978122,16
-1318587.991238265,1841668.0481978122,16
-1318124.6785217377,1841668.0481978122,16
-1317661.36580521,1841668.0481978122,16
-1317198.0530886827,1841668.0481978122,16
-1316734.740372155,1841668.0481978122,16
-1316271.4276556277,1841668.0481978122,16
-1315808.1149391,1841668.0481978122,16
-1315344.8022225727,1841668.0481978122,16
-1314881.4895060451,1841668.0481978122,16
-1314418.1767895175,1841668.0481978122,16
-1313954.8640729901,1841668.0481978122,16
-1313491.5513564625,1841668.0481978122,16
-1313028.2386399352,1841668.0481978122,16
-1312564.9259234075,1841668.0481978122,16
-1312101.6132068802,1841668.0481978122,16
-1311638.3004903526,1841668.0481978122,16
-1311174.9877738252,1841668.0481978122,16
-1310711.6750572976,1841668.0481978122,16
-1310248.3623407702,1841668.0481978122,16
-1309785.0496242426,1841668.0481978122,16
-1309321.7369077152,1841668.0481978122,16
-1308858.4241911876,1841668.0481978122,16
-1308395.1114746602,1841668.0481978122,16
-1307931.7987581326,1841668.0481978122,16
-1307468.486041605,1841668.0481978122,16
-1307005.1733250776,1841668.0481978122,16
-1306541.86060855,1841668.0481978122,16
-1306078.5478920226,1841668.0481978122,16
-1305615.235175495,1841668.0481978122,16
-1305151.9224589677,1841668.0481978122,16
-1304688.60974244,1841668.0481978122,16
-1304225.2970259127,1841668.0481978122,16
-1303761.984309385,1841668.0481978122,16
-1303298.6715928577,1841668.0481978122,16
-1302835.35887633,1841668.0481978122,16
-1302372.0461598027,1841668.0481978122,10
-1301908.733443275,1841668.0481978122,10
-1301445.4207267477,1841668.0481978122,10
-1300982.10801022,1841668.0481978122,16
-1300518.7952936925,1841668.0481978122,16
-1300055.4825771651,1841668.0481978122,16
-1299592.1698606375,1841668.0481978122,16
-1299128.8571441101,1841668.0481978122,16
-1298665.5444275825,1841668.0481978122,16
-1298202.2317110552,1841668.0481978122,16
-1297738.9189945275,1841668.0481978122,16
-1297275.6062780002,1841668.0481978122,16
-1296812.2935614726,1841668.0481978122,16
-1296348.9808449452,1841668.0481978122,10
-1295885.6681284176,1841668.0481978122,7
-1295422.3554118902,1841668.0481978122,16
-1294959.0426953626,1841668.0481978122,16
-1294495.7299788352,1841668.0481978122,16
-1294032.4172623076,1841668.0481978122,10
-1293569.10454578,1841668.0481978122,10
-1293105.7918292526,1841668.0481978122,16
-1292642.479112725,1841668.0481978122,16
-1292179.1663961976,1841668.0481978122,16
-1291715.85367967,1841668.0481978122,10
-1291252.5409631426,1841668.0481978122,10
-1290789.228246615,1841668.0481978122,10
-1290325.9155300877,1841668.0481978122,16
-1289862.60281356,1841668.0481978122,10
-1289399.2900970327,1841668.0481978122,10
-1288935.977380505,1841668.0481978122,10
-1288472.6646639777,1841668.0481978122,10
-1288009.35194745,1841668.0481978122,10
-1287546.0392309227,1841668.0481978122,10
-1287082.726514395,1841668.0481978122,10
-1286619.4137978677,1841668.0481978122,10
-1286156.10108134,1841668.0481978122,10
-1285692.7883648127,1841668.0481978122,10
-1285229.4756482851,1841668.0481978122,10
-1284766.1629317575,1841668.0481978122,10
-1284302.8502152301,1841668.0481978122,10
-1283839.5374987025,1841668.0481978122,10
-1283376.2247821752,1841668.0481978122,10
-1282912.9120656475,1841668.0481978122,10
-1282449.5993491202,1841668.0481978122,10
-1281986.2866325926,1841668.0481978122,10
-1281522.9739160652,1841668.0481978122,10
-1281059.6611995376,1841668.0481978122,10
-1280596.3484830102,1841668.0481978122,10
-1280133.0357664826,1841668.0481978122,10
-1279669.7230499552,1841668.0481978122,10
-1279206.4103334276,1841668.0481978122,10
-1278743.0976169002,1841668.0481978122,10
-1278279.7849003726,1841668.0481978122,10
-1277816.472183845,1841668.0481978122,10
-1277353.1594673176,1841668.0481978122,10
-1276889.84675079,1841668.0481978122,10
-1276426.5340342626,1841668.0481978122,10
-1275963.221317735,1841668.0481978122,10
-1275499.9086012077,1841668.0481978122,10
-1275036.59588468,1841668.0481978122,10
-1274573.2831681527,1841668.0481978122,10
-1274109.970451625,1841668.0481978122,7
-1273646.6577350977,1841668.0481978122,7
-1273183.34501857,1841668.0481978122,7
-1272720.0323020427,1841668.0481978122,10
-1272256.719585515,1841668.0481978122,7
-1271793.4068689877,1841668.0481978122,7
-1271330.09415246,1841668.0481978122,10
-1270866.7814359325,1841668.0481978122,10
-1270403.4687194051,1841668.0481978122,10
-1269940.1560028775,1841668.0481978122,10
-1269476.8432863501,1841668.0481978122,10
-1269013.5305698225,1841668.0481978122,10
-1268550.2178532952,1841668.0481978122,10
-1268086.9051367675,1841668.0481978122,10
-1267623.5924202402,1841668.0481978122,10
-1267160.2797037126,1841668.0481978122,10
-1266696.9669871852,1841668.0481978122,10
-1266233.6542706576,1841668.0481978122,10
-1265770.3415541302,1841668.0481978122,10
-1265307.0288376026,1841668.0481978122,10
-1264843.7161210752,1841668.0481978122,10
-1264380.4034045476,1841668.0481978122,10
-1263917.09068802,1841668.0481978122,10
-1263453.7779714926,1841668.0481978122,10
-1262990.465254965,1841668.0481978122,10
-1262527.1525384376,1841668.0481978122,10
-1262063.83982191,1841668.0481978122,10
-1261600.5271053826,1841668.0481978122,10
-1261137.214388855,1841668.0481978122,10
-1260673.9016723277,1841668.0481978122,10
-1260210.5889558,1841668.0481978122,10
-1259747.2762392727,1841668.0481978122,10
-1259283.963522745,1841668.0481978122,10
-1258820.6508062177,1841668.0481978122,10
-1258357.33808969,1841668.0481978122,10
-1257894.0253731627,1841668.0481978122,10
-1257430.712656635,1841668.0481978122,10
-1256967.3999401077,1841668.0481978122,10
-1256504.08722358,1841668.0481978122,10
-1256040.7745070527,1841668.0481978122,10
-1255577.4617905251,1841668.0481978122,10
-1255114.1490739975,1841668.0481978122,10
-1254650.8363574701,1841668.0481978122,10
-1254187.5236409425,1841668.0481978122,10
-1253724.2109244152,1841668.0481978122,10
-1253260.8982078875,1841668.0481978122,10
-1252797.5854913602,1841668.0481978122,10
-1252334.2727748326,1841668.0481978122,10
-1251870.9600583052,1841668.0481978122,10
-1251407.6473417776,1841668.0481978122,10
-1250944.3346252502,1841668.0481978122,10
-1250481.0219087226,1841668.0481978122,10
-1250017.7091921952,1841668.0481978122,10
-1249554.3964756676,1841668.0481978122,10
-1249091.0837591402,1841668.0481978122,10
-1248627.7710426126,1841668.0481978122,10
-1248164.458326085,1841668.0481978122,10
-1247701.1456095576,1841668.0481978122,10
-1247237.83289303,1841668.0481978122,10
-1246774.5201765026,1841668.0481978122,10
-1246311.207459975,1841668.0481978122,10
-1245847.8947434477,1841668.0481978122,10
-1245384.58202692,1841668.0481978122,10
-1244921.2693103927,1841668.0481978122,10
-1244457.956593865,1841668.0481978122,10
-1243994.6438773377,1841668.0481978122,10
-1243531.33116081,1841668.0481978122,10
-1243068.0184442827,1841668.0481978122,10
-1242604.705727755,1841668.0481978122,7
-1242141.3930112277,1841668.0481978122,10
-1241678.0802947,1841668.0481978122,10
-1241214.7675781725,1841668.0481978122,10
-1240751.4548616451,1841668.0481978122,10
-1240288.1421451175,1841668.0481978122,10
-1239824.8294285901,1841668.0481978122,10
-1239361.5167120625,1841668.0481978122,10
-1238898.2039955352,1841668.0481978122,10
-1238434.8912790075,1841668.0481978122,10
-1237971.5785624802,1841668.0481978122,10
-1237508.2658459526,1841668.0481978122,10
-1237044.9531294252,1841668.0481978122,10
-1236581.6404128976,1841668.0481978122,10
-1236118.3276963702,1841668.0481978122,10
-1235655.0149798426,1841668.0481978122,10
-1235191.7022633152,1841668.0481978122,10
-1234728.3895467876,1841668.0481978122,10
-1234265.07683026,1841668.0481978122,10
-1233801.7641137326,1841668.0481978122,10
-1233338.4513972052,1841668.0481978122,10
-1232875.1386806776,1841668.0481978122,10
-1232411.82596415,1841668.0481978122,10
-1231948.5132476226,1841668.0481978122,10
-1231485.200531095,1841668.0481978122,10
-1231021.8878145677,1841668.0481978122,10
-1230558.57509804,1841668.0481978122,10
-1230095.2623815127,1841668.0481978122,10
-1229631.949664985,1841668.0481978122,10
-1229168.6369484577,1841668.0481978122,10
-1228705.32423193,1841668.0481978122,10
-1228242.0115154027,1841668.0481978122,10
-1227778.698798875,1841668.0481978122,10
-1227315.3860823475,1841668.0481978122,10
-1226852.07336582,1841668.0481978122,10
-1226388.7606492927,1841668.0481978122,10
-1225925.4479327651,1841668.0481978122,10
-1225462.1352162375,1841668.0481978122,10
-1224998.8224997101,1841668.0481978122,10
-1224535.5097831825,1841668.0481978122,10
-1224072.1970666551,1841668.0481978122,10
-1223608.8843501275,1841668.0481978122,10
-1223145.5716336002,1841668.0481978122,10
-1222682.2589170726,1841668.0481978122,10
-1222218.9462005452,1841668.0481978122,10
-1221755.6334840176,1841668.0481978122,10
-1221292.3207674902,1841668.0481978122,10
-1220829.0080509626,1841668.0481978122,10
-1220365.6953344352,1841668.0481978122,10
-1219902.3826179076,1841668.0481978122,10
-1219439.0699013802,1841668.0481978122,10
-1218975.7571848526,1841668.0481978122,10
-1218512.444468325,1841668.0481978122,10
-1218049.1317517976,1841668.0481978122,10
-1217585.81903527,1841668.0481978122,10
-1217122.5063187426,1841668.0481978122,10
-1216659.193602215,1841668.0481978122,10
-1216195.8808856877,1841668.0481978122,10
-1215732.56816916,1841668.0481978122,10
-1215269.2554526327,1841668.0481978122,10
-1214805.942736105,1841668.0481978122,10
-1214342.6300195777,1841668.0481978122,10
-1213879.31730305,1841668.0481978122,10
-1213416.0045865227,1841668.0481978122,10
-1212952.691869995,1841668.0481978122,10
-1212489.3791534677,1841668.0481978122,10
-1212026.06643694,1841668.0481978122,10
-1211562.7537204125,1841668.0481978122,10
-1211099.4410038851,1841668.0481978122,10
-1210636.1282873575,1841668.0481978122,10
-1210172.8155708301,1841668.0481978122,10
-1209709.5028543025,1841668.0481978122,10
-1209246.1901377751,1841668.0481978122,10
-1208782.8774212475,1841668.0481978122,10
-1208319.5647047202,1841668.0481978122,10
-1207856.2519881926,1841668.0481978122,10
-1207392.9392716652,1841668.0481978122,10
-1206929.6265551376,1841668.0481978122,10
-1206466.3138386102,1841668.0481978122,10
-1206003.0011220826,1841668.0481978122,10
-1205539.6884055552,1841668.0481978122,10
-1205076.3756890276,1841668.0481978122,10
-1204613.0629725,1841668.0481978122,10
-1204149.7502559726,1841668.0481978122,10
-1203686.4375394452,1841668.0481978122,10
-1203223.1248229176,1841668.0481978122,10
-1202759.81210639,1841668.0481978122,10
-1202296.4993898626,1841668.0481978122,10
-1201833.186673335,1841668.0481978122,10
-1201369.8739568077,1841668.0481978122,10
-1200906.56124028,1841668.0481978122,10
-1200443.2485237527,1841668.0481978122,10
-1199979.935807225,1841668.0481978122,10
-1199516.6230906977,1841668.0481978122,10
-1199053.31037417,1841668.0481978122,10
-1198589.9976576427,1841668.0481978122,10
-1198126.684941115,1841668.0481978122,10
-1197663.3722245875,1841668.0481978122,10
-1197200.05950806,1841668.0481978122,10
-1196736.7467915327,1841668.0481978122,10
-1196273.4340750051,1841668.0481978122,10
-1195810.1213584775,1841668.0481978122,10
-1195346.8086419501,1841668.0481978122,10
-1194883.4959254225,1841668.0481978122,10
-1194420.1832088951,1841668.0481978122,10
-1193956.8704923675,1841668.0481978122,10
-1193493.5577758402,1841668.0481978122,10
-1193030.2450593126,1841668.0481978122,10
-1192566.9323427852,1841668.0481978122,10
-1192103.6196262576,1841668.0481978122,10
-1191640.3069097302,1841668.0481978122,10
-1191176.9941932026,1841668.0481978122,10
-1190713.6814766752,1841668.0481978122,10
-1190250.3687601476,1841668.0481978122,10
-1189787.0560436202,1841668.0481978122,10
-1189323.7433270926,1841668.0481978122,10
-1188860.430610565,1841668.0481978122,10
-1188397.1178940376,1841668.0481978122,10
-1187933.80517751,1841668.0481978122,10
-1187470.4924609826,1841668.0481978122,10
-1187007.179744455,1841668.0481978122,10
-1186543.8670279277,1841668.0481978122,10
-1186080.5543114,1841668.0481978122,10
-1185617.2415948727,1841668.0481978122,10
-1185153.928878345,1841668.0481978122,10
-1184690.6161618177,1841668.0481978122,10
-1184227.30344529,1841668.0481978122,10
-1183763.9907287627,1841668.0481978122,10
-1183300.678012235,1841668.0481978122,10
-1182837.3652957077,1841668.0481978122,10
-1182374.05257918,1841668.0481978122,10
-1181910.7398626525,1841668.0481978122,10
-1181447.4271461251,1841668.0481978122,10
-1180984.1144295975,1841668.0481978122,10
-1180520.8017130701,1841668.0481978122,10
-1180057.4889965425,1841668.0481978122,10
-1179594.1762800151,1841668.0481978122,10
-1179130.8635634875,1841668.0481978122,10
-1178667.5508469602,1841668.0481978122,10
-1178204.2381304326,1841668.0481978122,10
-1177740.9254139052,1841668.0481978122,10
-1177277.6126973776,1841668.0481978122,10
-1176814.2999808502,1841668.0481978122,10
-1176350.9872643226,1841668.0481978122,10
-1175887.6745477952,1841668.0481978122,10
-1175424.3618312676,1841668.0481978122,10
-1174961.04911474,1841668.0481978122,10
-1174497.7363982126,1841668.0481978122,10
-1174034.4236816852,1841668.0481978122,10
-1173571.1109651576,1841668.0481978122,10
-1173107.79824863,1841668.0481978122,10
-1172644.4855321026,1841668.0481978122,10
-1172181.172815575,1841668.0481978122,10
-1171717.8600990477,1841668.0481978122,10
-1171254.54738252,1841668.0481978122,10
-1170791.2346659927,1841668.0481978122,10
-1170327.921949465,1841668.0481978122,10
-1169864.6092329377,1841668.0481978122,10
-1169401.29651641,1841668.0481978122,10
-1168937.9837998827,1841668.0481978122,10
-1168474.671083355,1841668.0481978122,10
-1168011.3583668275,1841668.0481978122,10
-1167548.0456503,1841668.0481978122,10
-1167084.7329337727,1841668.0481978122,10
-1166621.4202172451,1841668.0481978122,10
-1166158.1075007175,1841668.0481978122,10
-1165694.7947841901,1841668.0481978122,10
-1165231.4820676625,1841668.0481978122,10
-1164768.1693511351,1841668.0481978122,10
-1164304.8566346075,1841668.0481978122,10
-1163841.5439180802,1841668.0481978122,10
-1163378.2312015526,1841668.0481978122,10
-1162914.9184850252,1841668.0481978122,10
-1162451.6057684976,1841668.0481978122,10
-1161988.2930519702,1841668.0481978122,10
-1161524.9803354426,1841668.0481978122,10
-1161061.6676189152,1841668.0481978122,10
-1160598.3549023876,1841668.0481978122,10
-1160135.0421858602,1841668.0481978122,10
-1159671.7294693326,1841668.0481978122,10
-1159208.416752805,1841668.0481978122,10
-1158745.1040362776,1841668.0481978122,10
-1158281.79131975,1841668.0481978122,10
-1157818.4786032226,1841668.0481978122,10
-1157355.165886695,1841668.0481978122,10
-1156891.8531701677,1841668.0481978122,10
-1156428.54045364,1841668.0481978122,10
-1155965.2277371127,1841668.0481978122,10
-1155501.915020585,1841668.0481978122,10
-1155038.6023040577,1841668.0481978122,10
-1154575.28958753,1841668.0481978122,10
-1154111.9768710027,1841668.0481978122,10
-1153648.664154475,1841668.0481978122,10
-1153185.3514379477,1841668.0481978122,10
-1152722.03872142,1841668.0481978122,10
-1152258.7260048925,1841668.0481978122,10
-1151795.4132883651,1841668.0481978122,10
-1151332.1005718375,1841668.0481978122,10
-1150868.7878553101,1841668.0481978122,10
-1150405.4751387825,1841668.0481978122,10
-1149942.1624222551,1841668.0481978122,10
-1149478.8497057275,1841668.0481978122,10
-1149015.5369892002,1841668.0481978122,10
-1148552.2242726726,1841668.0481978122,10
-1148088.9115561452,1841668.0481978122,10
-1147625.5988396176,1841668.0481978122,10
-1147162.2861230902,1841668.0481978122,10
-1146698.9734065626,1841668.0481978122,10
-1146235.6606900352,1841668.0481978122,10
-1145772.3479735076,1841668.0481978122,10
-1358432.8848596301,1841204.7354812848,10
-1357969.5721431025,1841204.7354812848,10
-1357506.2594265752,1841204.7354812848,10
-1357042.9467100475,1841204.7354812848,10
-1356579.6339935202,1841204.7354812848,10
-1356116.3212769926,1841204.7354812848,10
-1355653.0085604652,1841204.7354812848,10
-1355189.6958439376,1841204.7354812848,10
-1354726.3831274102,1841204.7354812848,16
-1354263.0704108826,1841204.7354812848,16
-1353799.7576943552,1841204.7354812848,16
-1353336.4449778276,1841204.7354812848,16
-1352873.1322613002,1841204.7354812848,16
-1352409.8195447726,1841204.7354812848,16
-1351946.506828245,1841204.7354812848,16
-1351483.1941117176,1841204.7354812848,16
-1351019.88139519,1841204.7354812848,16
-1350556.5686786626,1841204.7354812848,16
-1350093.255962135,1841204.7354812848,16
-1349629.9432456077,1841204.7354812848,16
-1349166.63052908,1841204.7354812848,16
-1348703.3178125527,1841204.7354812848,16
-1348240.005096025,1841204.7354812848,16
-1347776.6923794977,1841204.7354812848,16
-1347313.37966297,1841204.7354812848,16
-1346850.0669464427,1841204.7354812848,16
-1346386.754229915,1841204.7354812848,16
-1345923.4415133877,1841204.7354812848,16
-1345460.12879686,1841204.7354812848,16
-1344996.8160803327,1841204.7354812848,16
-1344533.5033638051,1841204.7354812848,16
-1344070.1906472775,1841204.7354812848,16
-1343606.8779307501,1841204.7354812848,16
-1343143.5652142225,1841204.7354812848,16
-1342680.2524976952,1841204.7354812848,16
-1342216.9397811675,1841204.7354812848,16
-1341753.6270646402,1841204.7354812848,16
-1341290.3143481126,1841204.7354812848,16
-1340827.0016315852,1841204.7354812848,16
-1340363.6889150576,1841204.7354812848,16
-1339900.3761985302,1841204.7354812848,16
-1339437.0634820026,1841204.7354812848,16
-1338973.7507654752,1841204.7354812848,16
-1338510.4380489476,1841204.7354812848,16
-1338047.1253324202,1841204.7354812848,16
-1337583.8126158926,1841204.7354812848,16
-1337120.499899365,1841204.7354812848,16
-1336657.1871828376,1841204.7354812848,16
-1336193.87446631,1841204.7354812848,16
-1335730.5617497826,1841204.7354812848,16
-1335267.249033255,1841204.7354812848,16
-1334803.9363167277,1841204.7354812848,16
-1334340.6236002,1841204.7354812848,16
-1333877.3108836727,1841204.7354812848,16
-1333413.998167145,1841204.7354812848,16
-1332950.6854506177,1841204.7354812848,16
-1332487.37273409,1841204.7354812848,16
-1332024.0600175627,1841204.7354812848,16
-1331560.747301035,1841204.7354812848,16
-1331097.4345845077,1841204.7354812848,16
-1330634.12186798,1841204.7354812848,16
-1330170.8091514525,1841204.7354812848,16
-1329707.4964349251,1841204.7354812848,16
-1329244.1837183975,1841204.7354812848,16
-1328780.8710018701,1841204.7354812848,16
-1328317.5582853425,1841204.7354812848,16
-1327854.2455688152,1841204.7354812848,16
-1327390.9328522875,1841204.7354812848,16
-1326927.6201357602,1841204.7354812848,16
-1326464.3074192326,1841204.7354812848,16
-1326000.9947027052,1841204.7354812848,16
-1325537.6819861776,1841204.7354812848,16
-1325074.3692696502,1841204.7354812848,16
-1324611.0565531226,1841204.7354812848,16
-1324147.7438365952,1841204.7354812848,16
-1323684.4311200676,1841204.7354812848,16
-1323221.11840354,1841204.7354812848,16
-1322757.8056870126,1841204.7354812848,16
-1322294.492970485,1841204.7354812848,16
-1321831.1802539576,1841204.7354812848,16
-1321367.86753743,1841204.7354812848,10
-1320904.5548209026,1841204.7354812848,10
-1320441.242104375,1841204.7354812848,10
-1319977.9293878477,1841204.7354812848,10
-1319514.61667132,1841204.7354812848,16
-1319051.3039547927,1841204.7354812848,16
-1318587.991238265,1841204.7354812848,16
-1318124.6785217377,1841204.7354812848,16
-1317661.36580521,1841204.7354812848,16
-1317198.0530886827,1841204.7354812848,16
-1316734.740372155,1841204.7354812848,16
-1316271.4276556277,1841204.7354812848,16
-1315808.1149391,1841204.7354812848,16
-1315344.8022225727,1841204.7354812848,16
-1314881.4895060451,1841204.7354812848,16
-1314418.1767895175,1841204.7354812848,16
-1313954.8640729901,1841204.7354812848,16
-1313491.5513564625,1841204.7354812848,16
-1313028.2386399352,1841204.7354812848,16
-1312564.9259234075,1841204.7354812848,16
-1312101.6132068802,1841204.7354812848,16
-1311638.3004903526,1841204.7354812848,16
-1311174.9877738252,1841204.7354812848,16
-1310711.6750572976,1841204.7354812848,16
-1310248.3623407702,1841204.7354812848,16
-1309785.0496242426,1841204.7354812848,16
-1309321.7369077152,1841204.7354812848,16
-1308858.4241911876,1841204.7354812848,16
-1308395.1114746602,1841204.7354812848,16
-1307931.7987581326,1841204.7354812848,16
-1307468.486041605,1841204.7354812848,16
-1307005.1733250776,1841204.7354812848,16
-1306541.86060855,1841204.7354812848,16
-1306078.5478920226,1841204.7354812848,16
-1305615.235175495,1841204.7354812848,16
-1305151.9224589677,1841204.7354812848,16
-1304688.60974244,1841204.7354812848,16
-1304225.2970259127,1841204.7354812848,16
-1303761.984309385,1841204.7354812848,10
-1303298.6715928577,1841204.7354812848,10
-1302835.35887633,1841204.7354812848,16
-1302372.0461598027,1841204.7354812848,16
-1301908.733443275,1841204.7354812848,10
-1301445.4207267477,1841204.7354812848,10
-1300982.10801022,1841204.7354812848,16
-1300518.7952936925,1841204.7354812848,16
-1300055.4825771651,1841204.7354812848,16
-1299592.1698606375,1841204.7354812848,16
-1299128.8571441101,1841204.7354812848,16
-1298665.5444275825,1841204.7354812848,16
-1298202.2317110552,1841204.7354812848,16
-1297738.9189945275,1841204.7354812848,16
-1297275.6062780002,1841204.7354812848,16
-1296812.2935614726,1841204.7354812848,16
-1296348.9808449452,1841204.7354812848,16
-1295885.6681284176,1841204.7354812848,16
-1295422.3554118902,1841204.7354812848,16
-1294959.0426953626,1841204.7354812848,16
-1294495.7299788352,1841204.7354812848,16
-1294032.4172623076,1841204.7354812848,10
-1293569.10454578,1841204.7354812848,10
-1293105.7918292526,1841204.7354812848,10
-1292642.479112725,1841204.7354812848,16
-1292179.1663961976,1841204.7354812848,10
-1291715.85367967,1841204.7354812848,10
-1291252.5409631426,1841204.7354812848,10
-1290789.228246615,1841204.7354812848,10
-1290325.9155300877,1841204.7354812848,10
-1289862.60281356,1841204.7354812848,10
-1289399.2900970327,1841204.7354812848,16
-1288935.977380505,1841204.7354812848,16
-1288472.6646639777,1841204.7354812848,10
-1288009.35194745,1841204.7354812848,10
-1287546.0392309227,1841204.7354812848,10
-1287082.726514395,1841204.7354812848,10
-1286619.4137978677,1841204.7354812848,10
-1286156.10108134,1841204.7354812848,10
-1285692.7883648127,1841204.7354812848,10
-1285229.4756482851,1841204.7354812848,10
-1284766.1629317575,1841204.7354812848,10
-1284302.8502152301,1841204.7354812848,10
-1283839.5374987025,1841204.7354812848,10
-1283376.2247821752,1841204.7354812848,10
-1282912.9120656475,1841204.7354812848,10
-1282449.5993491202,1841204.7354812848,10
-1281986.2866325926,1841204.7354812848,10
-1281522.9739160652,1841204.7354812848,10
-1281059.6611995376,1841204.7354812848,10
-1280596.3484830102,1841204.7354812848,10
-1280133.0357664826,1841204.7354812848,10
-1279669.7230499552,1841204.7354812848,10
-1279206.4103334276,1841204.7354812848,10
-1278743.0976169002,1841204.7354812848,10
-1278279.7849003726,1841204.7354812848,10
-1277816.472183845,1841204.7354812848,10
-1277353.1594673176,1841204.7354812848,10
-1276889.84675079,1841204.7354812848,10
-1276426.5340342626,1841204.7354812848,10
-1275963.221317735,1841204.7354812848,10
-1275499.9086012077,1841204.7354812848,7
-1275036.59588468,1841204.7354812848,7
-1274573.2831681527,1841204.7354812848,7
-1274109.970451625,1841204.7354812848,10
-1273646.6577350977,1841204.7354812848,10
-1273183.34501857,1841204.7354812848,10
-1272720.0323020427,1841204.7354812848,7
-1272256.719585515,1841204.7354812848,7
-1271793.4068689877,1841204.7354812848,7
-1271330.09415246,1841204.7354812848,10
-1270866.7814359325,1841204.7354812848,10
-1270403.4687194051,1841204.7354812848,10
-1269940.1560028775,1841204.7354812848,10
-1269476.8432863501,1841204.7354812848,10
-1269013.5305698225,1841204.7354812848,10
-1268550.2178532952,1841204.7354812848,10
-1268086.9051367675,1841204.7354812848,10
-1267623.5924202402,1841204.7354812848,10
-1267160.2797037126,1841204.7354812848,10
-1266696.9669871852,1841204.7354812848,10
-1266233.6542706576,1841204.7354812848,10
-1265770.3415541302,1841204.7354812848,10
-1265307.0288376026,1841204.7354812848,10
-1264843.7161210752,1841204.7354812848,10
-1264380.4034045476,1841204.7354812848,10
-1263917.09068802,1841204.7354812848,10
-1263453.7779714926,1841204.7354812848,10
-1262990.465254965,1841204.7354812848,10
-1262527.1525384376,1841204.7354812848,10
-1262063.83982191,1841204.7354812848,10
-1261600.5271053826,1841204.7354812848,10
-1261137.214388855,1841204.7354812848,10
-1260673.9016723277,1841204.7354812848,10
-1260210.5889558,1841204.7354812848,10
-1259747.2762392727,1841204.7354812848,10
-1259283.963522745,1841204.7354812848,10
-1258820.6508062177,1841204.7354812848,10
-1258357.33808969,1841204.7354812848,10
-1257894.0253731627,1841204.7354812848,10
-1257430.712656635,1841204.7354812848,10
-1256967.3999401077,1841204.7354812848,10
-1256504.08722358,1841204.7354812848,10
-1256040.7745070527,1841204.7354812848,10
-1255577.4617905251,1841204.7354812848,10
-1255114.1490739975,1841204.7354812848,10
-1254650.8363574701,1841204.7354812848,10
-1254187.5236409425,1841204.7354812848,10
-1253724.2109244152,1841204.7354812848,10
-1253260.8982078875,1841204.7354812848,10
-1252797.5854913602,1841204.7354812848,10
-1252334.2727748326,1841204.7354812848,10
-1251870.9600583052,1841204.7354812848,10
-1251407.6473417776,1841204.7354812848,10
-1250944.3346252502,1841204.7354812848,10
-1250481.0219087226,1841204.7354812848,10
-1250017.7091921952,1841204.7354812848,10
-1249554.3964756676,1841204.7354812848,10
-1249091.0837591402,1841204.7354812848,10
-1248627.7710426126,1841204.7354812848,10
-1248164.458326085,1841204.7354812848,10
-1247701.1456095576,1841204.7354812848,10
-1247237.83289303,1841204.7354812848,10
-1246774.5201765026,1841204.7354812848,10
-1246311.207459975,1841204.7354812848,10
-1245847.8947434477,1841204.7354812848,10
-1245384.58202692,1841204.7354812848,10
-1244921.2693103927,1841204.7354812848,10
-1244457.956593865,1841204.7354812848,10
-1243994.6438773377,1841204.7354812848,10
-1243531.33116081,1841204.7354812848,10
-1243068.0184442827,1841204.7354812848,10
-1242604.705727755,1841204.7354812848,10
-1242141.3930112277,1841204.7354812848,10
-1241678.0802947,1841204.7354812848,10
-1241214.7675781725,1841204.7354812848,10
-1240751.4548616451,1841204.7354812848,10
-1240288.1421451175,1841204.7354812848,10
-1239824.8294285901,1841204.7354812848,10
-1239361.5167120625,1841204.7354812848,10
-1238898.2039955352,1841204.7354812848,10
-1238434.8912790075,1841204.7354812848,10
-1237971.5785624802,1841204.7354812848,10
-1237508.2658459526,1841204.7354812848,10
-1237044.9531294252,1841204.7354812848,10
-1236581.6404128976,1841204.7354812848,10
-1236118.3276963702,1841204.7354812848,10
-1235655.0149798426,1841204.7354812848,10
-1235191.7022633152,1841204.7354812848,10
-1234728.3895467876,1841204.7354812848,10
-1234265.07683026,1841204.7354812848,10
-1233801.7641137326,1841204.7354812848,10
-1233338.4513972052,1841204.7354812848,10
-1232875.1386806776,1841204.7354812848,10
-1232411.82596415,1841204.7354812848,10
-1231948.5132476226,1841204.7354812848,10
-1231485.200531095,1841204.7354812848,10
-1231021.8878145677,1841204.7354812848,10
-1230558.57509804,1841204.7354812848,10
-1230095.2623815127,1841204.7354812848,10
-1229631.949664985,1841204.7354812848,10
-1229168.6369484577,1841204.7354812848,10
-1228705.32423193,1841204.7354812848,10
-1228242.0115154027,1841204.7354812848,10
-1227778.698798875,1841204.7354812848,10
-1227315.3860823475,1841204.7354812848,10
-1226852.07336582,1841204.7354812848,10
-1226388.7606492927,1841204.7354812848,10
-1225925.4479327651,1841204.7354812848,10
-1225462.1352162375,1841204.7354812848,10
-1224998.8224997101,1841204.7354812848,10
-1224535.5097831825,1841204.7354812848,10
-1224072.1970666551,1841204.7354812848,10
-1223608.8843501275,1841204.7354812848,10
-1223145.5716336002,1841204.7354812848,10
-1222682.2589170726,1841204.7354812848,10
-1222218.9462005452,1841204.7354812848,10
-1221755.6334840176,1841204.7354812848,10
-1221292.3207674902,1841204.7354812848,10
-1220829.0080509626,1841204.7354812848,10
-1220365.6953344352,1841204.7354812848,10
-1219902.3826179076,1841204.7354812848,10
-1219439.0699013802,1841204.7354812848,10
-1218975.7571848526,1841204.7354812848,10
-1218512.444468325,1841204.7354812848,10
-1218049.1317517976,1841204.7354812848,10
-1217585.81903527,1841204.7354812848,10
-1217122.5063187426,1841204.7354812848,10
-1216659.193602215,1841204.7354812848,10
-1216195.8808856877,1841204.7354812848,10
-1215732.56816916,1841204.7354812848,10
-1215269.2554526327,1841204.7354812848,10
-1214805.942736105,1841204.7354812848,10
-1214342.6300195777,1841204.7354812848,10
-1213879.31730305,1841204.7354812848,10
-1213416.0045865227,1841204.7354812848,10
-1212952.691869995,1841204.7354812848,10
-1212489.3791534677,1841204.7354812848,10
-1212026.06643694,1841204.7354812848,10
-1211562.7537204125,1841204.7354812848,10
-1211099.4410038851,1841204.7354812848,10
-1210636.1282873575,1841204.7354812848,10
-1210172.8155708301,1841204.7354812848,10
-1209709.5028543025,1841204.7354812848,10
-1209246.1901377751,1841204.7354812848,10
-1208782.8774212475,1841204.7354812848,10
-1208319.5647047202,1841204.7354812848,10
-1207856.2519881926,1841204.7354812848,10
-1207392.9392716652,1841204.7354812848,10
-1206929.6265551376,1841204.7354812848,10
-1206466.3138386102,1841204.7354812848,10
-1206003.0011220826,1841204.7354812848,10
-1205539.6884055552,1841204.7354812848,10
-1205076.3756890276,1841204.7354812848,10
-1204613.0629725,1841204.7354812848,10
-1204149.7502559726,1841204.7354812848,10
-1203686.4375394452,1841204.7354812848,10
-1203223.1248229176,1841204.7354812848,10
-1202759.81210639,1841204.7354812848,10
-1202296.4993898626,1841204.7354812848,10
-1201833.186673335,1841204.7354812848,10
-1201369.8739568077,1841204.7354812848,10
-1200906.56124028,1841204.7354812848,10
-1200443.2485237527,1841204.7354812848,10
-1199979.935807225,1841204.7354812848,10
-1199516.6230906977,1841204.7354812848,10
-1199053.31037417,1841204.7354812848,10
-1198589.9976576427,1841204.7354812848,10
-1198126.684941115,1841204.7354812848,10
-1197663.3722245875,1841204.7354812848,10
-1197200.05950806,1841204.7354812848,10
-1196736.7467915327,1841204.7354812848,10
-1196273.4340750051,1841204.7354812848,10
-1195810.1213584775,1841204.7354812848,10
-1195346.8086419501,1841204.7354812848,10
-1194883.4959254225,1841204.7354812848,10
-1194420.1832088951,1841204.7354812848,10
-1193956.8704923675,1841204.7354812848,10
-1193493.5577758402,1841204.7354812848,10
-1193030.2450593126,1841204.7354812848,10
-1192566.9323427852,1841204.7354812848,10
-1192103.6196262576,1841204.7354812848,10
-1191640.3069097302,1841204.7354812848,10
-1191176.9941932026,1841204.7354812848,10
-1190713.6814766752,1841204.7354812848,10
-1190250.3687601476,1841204.7354812848,10
-1189787.0560436202,1841204.7354812848,10
-1189323.7433270926,1841204.7354812848,10
-1188860.430610565,1841204.7354812848,10
-1188397.1178940376,1841204.7354812848,10
-1187933.80517751,1841204.7354812848,10
-1187470.4924609826,1841204.7354812848,10
-1187007.179744455,1841204.7354812848,10
-1186543.8670279277,1841204.7354812848,10
-1186080.5543114,1841204.7354812848,10
-1185617.2415948727,1841204.7354812848,10
-1185153.928878345,1841204.7354812848,10
-1184690.6161618177,1841204.7354812848,10
-1184227.30344529,1841204.7354812848,10
-1183763.9907287627,1841204.7354812848,10
-1183300.678012235,1841204.7354812848,10
-1182837.3652957077,1841204.7354812848,10
-1182374.05257918,1841204.7354812848,10
-1181910.7398626525,1841204.7354812848,10
-1181447.4271461251,1841204.7354812848,10
-1180984.1144295975,1841204.7354812848,10
-1180520.8017130701,1841204.7354812848,10
-1180057.4889965425,1841204.7354812848,10
-1179594.1762800151,1841204.7354812848,10
-1179130.8635634875,1841204.7354812848,10
-1178667.5508469602,1841204.7354812848,10
-1178204.2381304326,1841204.7354812848,10
-1177740.9254139052,1841204.7354812848,10
-1177277.6126973776,1841204.7354812848,10
-1176814.2999808502,1841204.7354812848,10
-1176350.9872643226,1841204.7354812848,10
-1175887.6745477952,1841204.7354812848,10
-1175424.3618312676,1841204.7354812848,10
-1174961.04911474,1841204.7354812848,10
-1174497.7363982126,1841204.7354812848,10
-1174034.4236816852,1841204.7354812848,10
-1173571.1109651576,1841204.7354812848,10
-1173107.79824863,1841204.7354812848,10
-1172644.4855321026,1841204.7354812848,10
-1172181.172815575,1841204.7354812848,10
-1171717.8600990477,1841204.7354812848,10
-1171254.54738252,1841204.7354812848,10
-1170791.2346659927,1841204.7354812848,10
-1170327.921949465,1841204.7354812848,10
-1169864.6092329377,1841204.7354812848,10
-1169401.29651641,1841204.7354812848,10
-1168937.9837998827,1841204.7354812848,10
-1168474.671083355,1841204.7354812848,10
-1168011.3583668275,1841204.7354812848,10
-1167548.0456503,1841204.7354812848,10
-1167084.7329337727,1841204.7354812848,10
-1166621.4202172451,1841204.7354812848,10
-1166158.1075007175,1841204.7354812848,10
-1165694.7947841901,1841204.7354812848,10
-1165231.4820676625,1841204.7354812848,10
-1164768.1693511351,1841204.7354812848,10
-1164304.8566346075,1841204.7354812848,10
-1163841.5439180802,1841204.7354812848,10
-1163378.2312015526,1841204.7354812848,10
-1162914.9184850252,1841204.7354812848,10
-1162451.6057684976,1841204.7354812848,10
-1161988.2930519702,1841204.7354812848,10
-1161524.9803354426,1841204.7354812848,10
-1161061.6676189152,1841204.7354812848,10
-1160598.3549023876,1841204.7354812848,10
-1160135.0421858602,1841204.7354812848,10
-1159671.7294693326,1841204.7354812848,10
-1159208.416752805,1841204.7354812848,10
-1158745.1040362776,1841204.7354812848,10
-1158281.79131975,1841204.7354812848,10
-1157818.4786032226,1841204.7354812848,10
-1157355.165886695,1841204.7354812848,10
-1156891.8531701677,1841204.7354812848,10
-1156428.54045364,1841204.7354812848,10
-1155965.2277371127,1841204.7354812848,10
-1155501.915020585,1841204.7354812848,10
-1155038.6023040577,1841204.7354812848,10
-1154575.28958753,1841204.7354812848,10
-1154111.9768710027,1841204.7354812848,10
-1153648.664154475,1841204.7354812848,10
-1153185.3514379477,1841204.7354812848,10
-1152722.03872142,1841204.7354812848,10
-1152258.7260048925,1841204.7354812848,10
-1151795.4132883651,1841204.7354812848,10
-1151332.1005718375,1841204.7354812848,10
-1150868.7878553101,1841204.7354812848,10
-1150405.4751387825,1841204.7354812848,10
-1149942.1624222551,1841204.7354812848,10
-1149478.8497057275,1841204.7354812848,10
-1149015.5369892002,1841204.7354812848,10
-1148552.2242726726,1841204.7354812848,10
-1148088.9115561452,1841204.7354812848,10
-1147625.5988396176,1841204.7354812848,10
-1147162.2861230902,1841204.7354812848,10
-1146698.9734065626,1841204.7354812848,10
-1146235.6606900352,1841204.7354812848,10
-1145772.3479735076,1841204.7354812848,10
-1357506.2594265752,1840741.4227647572,10
-1357042.9467100475,1840741.4227647572,10
-1356579.6339935202,1840741.4227647572,10
-1356116.3212769926,1840741.4227647572,10
-1355653.0085604652,1840741.4227647572,10
-1355189.6958439376,1840741.4227647572,10
-1354726.3831274102,1840741.4227647572,16
-1354263.0704108826,1840741.4227647572,16
-1353799.7576943552,1840741.4227647572,10
-1353336.4449778276,1840741.4227647572,10
-1352873.1322613002,1840741.4227647572,10
-1352409.8195447726,1840741.4227647572,16
-1351946.506828245,1840741.4227647572,16
-1351483.1941117176,1840741.4227647572,16
-1351019.88139519,1840741.4227647572,16
-1350556.5686786626,1840741.4227647572,16
-1350093.255962135,1840741.4227647572,16
-1349629.9432456077,1840741.4227647572,16
-1349166.63052908,1840741.4227647572,16
-1348703.3178125527,1840741.4227647572,16
-1348240.005096025,1840741.4227647572,16
-1347776.6923794977,1840741.4227647572,16
-1347313.37966297,1840741.4227647572,16
-1346850.0669464427,1840741.4227647572,16
-1346386.754229915,1840741.4227647572,16
-1345923.4415133877,1840741.4227647572,16
-1345460.12879686,1840741.4227647572,16
-1344996.8160803327,1840741.4227647572,16
-1344533.5033638051,1840741.4227647572,16
-1344070.1906472775,1840741.4227647572,16
-1343606.8779307501,1840741.4227647572,16
-1343143.5652142225,1840741.4227647572,16
-1342680.2524976952,1840741.4227647572,16
-1342216.9397811675,1840741.4227647572,16
-1341753.6270646402,1840741.4227647572,16
-1341290.3143481126,1840741.4227647572,16
-1340827.0016315852,1840741.4227647572,16
-1340363.6889150576,1840741.4227647572,16
-1339900.3761985302,1840741.4227647572,16
-1339437.0634820026,1840741.4227647572,16
-1338973.7507654752,1840741.4227647572,16
-1338510.4380489476,1840741.4227647572,16
-1338047.1253324202,1840741.4227647572,16
-1337583.8126158926,1840741.4227647572,16
-1337120.499899365,1840741.4227647572,16
-1336657.1871828376,1840741.4227647572,16
-1336193.87446631,1840741.4227647572,16
-1335730.5617497826,1840741.4227647572,16
-1335267.249033255,1840741.4227647572,16
-1334803.9363167277,1840741.4227647572,16
-1334340.6236002,1840741.4227647572,16
-1333877.3108836727,1840741.4227647572,16
-1333413.998167145,1840741.4227647572,16
-1332950.6854506177,1840741.4227647572,16
-1332487.37273409,1840741.4227647572,16
-1332024.0600175627,1840741.4227647572,16
-1331560.747301035,1840741.4227647572,16
-1331097.4345845077,1840741.4227647572,16
-1330634.12186798,1840741.4227647572,16
-1330170.8091514525,1840741.4227647572,16
-1329707.4964349251,1840741.4227647572,16
-1329244.1837183975,1840741.4227647572,16
-1328780.8710018701,1840741.4227647572,16
-1328317.5582853425,1840741.4227647572,16
-1327854.2455688152,1840741.4227647572,16
-1327390.9328522875,1840741.4227647572,16
-1326927.6201357602,1840741.4227647572,16
-1326464.3074192326,1840741.4227647572,16
-1326000.9947027052,1840741.4227647572,16
-1325537.6819861776,1840741.4227647572,16
-1325074.3692696502,1840741.4227647572,16
-1324611.0565531226,1840741.4227647572,16
-1324147.7438365952,1840741.4227647572,16
-1323684.4311200676,1840741.4227647572,16
-1323221.11840354,1840741.4227647572,16
-1322757.8056870126,1840741.4227647572,16
-1322294.492970485,1840741.4227647572,16
-1321831.1802539576,1840741.4227647572,16
-1321367.86753743,1840741.4227647572,10
-1320904.5548209026,1840741.4227647572,10
-1320441.242104375,1840741.4227647572,10
-1319977.9293878477,1840741.4227647572,10
-1319514.61667132,1840741.4227647572,10
-1319051.3039547927,1840741.4227647572,16
-1318587.991238265,1840741.4227647572,16
-1318124.6785217377,1840741.4227647572,16
-1317661.36580521,1840741.4227647572,16
-1317198.0530886827,1840741.4227647572,16
-1316734.740372155,1840741.4227647572,16
-1316271.4276556277,1840741.4227647572,16
-1315808.1149391,1840741.4227647572,16
-1315344.8022225727,1840741.4227647572,16
-1314881.4895060451,1840741.4227647572,16
-1314418.1767895175,1840741.4227647572,16
-1313954.8640729901,1840741.4227647572,16
-1313491.5513564625,1840741.4227647572,16
-1313028.2386399352,1840741.4227647572,16
-1312564.9259234075,1840741.4227647572,16
-1312101.6132068802,1840741.4227647572,16
-1311638.3004903526,1840741.4227647572,16
-1311174.9877738252,1840741.4227647572,16
-1310711.6750572976,1840741.4227647572,16
-1310248.3623407702,1840741.4227647572,16
-1309785.0496242426,1840741.4227647572,16
-1309321.7369077152,1840741.4227647572,16
-1308858.4241911876,1840741.4227647572,16
-1308395.1114746602,1840741.4227647572,16
-1307931.7987581326,1840741.4227647572,16
-1307468.486041605,1840741.4227647572,16
-1307005.1733250776,1840741.4227647572,16
-1306541.86060855,1840741.4227647572,16
-1306078.5478920226,1840741.4227647572,16
-1305615.235175495,1840741.4227647572,16
-1305151.9224589677,1840741.4227647572,16
-1304688.60974244,1840741.4227647572,16
-1304225.2970259127,1840741.4227647572,10
-1303761.984309385,1840741.4227647572,10
-1303298.6715928577,1840741.4227647572,10
-1302835.35887633,1840741.4227647572,16
-1302372.0461598027,1840741.4227647572,16
-1301908.733443275,1840741.4227647572,10
-1301445.4207267477,1840741.4227647572,16
-1300982.10801022,1840741.4227647572,16
-1300518.7952936925,1840741.4227647572,16
-1300055.4825771651,1840741.4227647572,16
-1299592.1698606375,1840741.4227647572,16
-1299128.8571441101,1840741.4227647572,16
-1298665.5444275825,1840741.4227647572,16
-1298202.2317110552,1840741.4227647572,16
-1297738.9189945275,1840741.4227647572,16
-1297275.6062780002,1840741.4227647572,16
-1296812.2935614726,1840741.4227647572,16
-1296348.9808449452,1840741.4227647572,16
-1295885.6681284176,1840741.4227647572,16
-1295422.3554118902,1840741.4227647572,16
-1294959.0426953626,1840741.4227647572,16
-1294495.7299788352,1840741.4227647572,10
-1294032.4172623076,1840741.4227647572,10
-1293569.10454578,1840741.4227647572,10
-1293105.7918292526,1840741.4227647572,10
-1292642.479112725,1840741.4227647572,10
-1292179.1663961976,1840741.4227647572,10
-1291715.85367967,1840741.4227647572,10
-1291252.5409631426,1840741.4227647572,10
-1290789.228246615,1840741.4227647572,10
-1290325.9155300877,1840741.4227647572,10
-1289862.60281356,1840741.4227647572,10
-1289399.2900970327,1840741.4227647572,10
-1288935.977380505,1840741.4227647572,16
-1288472.6646639777,1840741.4227647572,10
-1288009.35194745,1840741.4227647572,10
-1287546.0392309227,1840741.4227647572,7
-1287082.726514395,1840741.4227647572,7
-1286619.4137978677,1840741.4227647572,10
-1286156.10108134,1840741.4227647572,10
-1285692.7883648127,1840741.4227647572,10
-1285229.4756482851,1840741.4227647572,10
-1284766.1629317575,1840741.4227647572,10
-1284302.8502152301,1840741.4227647572,10
-1283839.5374987025,1840741.4227647572,10
-1283376.2247821752,1840741.4227647572,10
-1282912.9120656475,1840741.4227647572,10
-1282449.5993491202,1840741.4227647572,10
-1281986.2866325926,1840741.4227647572,10
-1281522.9739160652,1840741.4227647572,10
-1281059.6611995376,1840741.4227647572,10
-1280596.3484830102,1840741.4227647572,10
-1280133.0357664826,1840741.4227647572,10
-1279669.7230499552,1840741.4227647572,10
-1279206.4103334276,1840741.4227647572,10
-1278743.0976169002,1840741.4227647572,10
-1278279.7849003726,1840741.4227647572,10
-1277816.472183845,1840741.4227647572,10
-1277353.1594673176,1840741.4227647572,10
-1276889.84675079,1840741.4227647572,10
-1276426.5340342626,1840741.4227647572,7
-1275963.221317735,1840741.4227647572,10
-1275499.9086012077,1840741.4227647572,7
-1275036.59588468,1840741.4227647572,7
-1274573.2831681527,1840741.4227647572,10
-1274109.970451625,1840741.4227647572,10
-1273646.6577350977,1840741.4227647572,10
-1273183.34501857,1840741.4227647572,10
-1272720.0323020427,1840741.4227647572,10
-1272256.719585515,1840741.4227647572,10
-1271793.4068689877,1840741.4227647572,10
-1271330.09415246,1840741.4227647572,7
-1270866.7814359325,1840741.4227647572,10
-1270403.4687194051,1840741.4227647572,10
-1269940.1560028775,1840741.4227647572,10
-1269476.8432863501,1840741.4227647572,10
-1269013.5305698225,1840741.4227647572,10
-1268550.2178532952,1840741.4227647572,10
-1268086.9051367675,1840741.4227647572,10
-1267623.5924202402,1840741.4227647572,10
-1267160.2797037126,1840741.4227647572,10
-1266696.9669871852,1840741.4227647572,10
-1266233.6542706576,1840741.4227647572,10
-1265770.3415541302,1840741.4227647572,10
-1265307.0288376026,1840741.4227647572,10
-1264843.7161210752,1840741.4227647572,10
-1264380.4034045476,1840741.4227647572,10
-1263917.09068802,1840741.4227647572,10
-1263453.7779714926,1840741.4227647572,10
-1262990.465254965,1840741.4227647572,10
-1262527.1525384376,1840741.4227647572,10
-1262063.83982191,1840741.4227647572,10
-1261600.5271053826,1840741.4227647572,10
-1261137.214388855,1840741.4227647572,10
-1260673.9016723277,1840741.4227647572,10
-1260210.5889558,1840741.4227647572,10
-1259747.2762392727,1840741.4227647572,10
-1259283.963522745,1840741.4227647572,10
-1258820.6508062177,1840741.4227647572,10
-1258357.33808969,1840741.4227647572,10
-1257894.0253731627,1840741.4227647572,10
-1257430.712656635,1840741.4227647572,10
-1256967.3999401077,1840741.4227647572,10
-1256504.08722358,1840741.4227647572,10
-1256040.7745070527,1840741.4227647572,10
-1255577.4617905251,1840741.4227647572,10
-1255114.1490739975,1840741.4227647572,10
-1254650.8363574701,1840741.4227647572,10
-1254187.5236409425,1840741.4227647572,10
-1253724.2109244152,1840741.4227647572,10
-1253260.8982078875,1840741.4227647572,10
-1252797.5854913602,1840741.4227647572,10
-1252334.2727748326,1840741.4227647572,10
-1251870.9600583052,1840741.4227647572,10
-1251407.6473417776,1840741.4227647572,10
-1250944.3346252502,1840741.4227647572,10
-1250481.0219087226,1840741.4227647572,10
-1250017.7091921952,1840741.4227647572,10
-1249554.3964756676,1840741.4227647572,10
-1249091.0837591402,1840741.4227647572,10
-1248627.7710426126,1840741.4227647572,10
-1248164.458326085,1840741.4227647572,10
-1247701.1456095576,1840741.4227647572,10
-1247237.83289303,1840741.4227647572,10
-1246774.5201765026,1840741.4227647572,10
-1246311.207459975,1840741.4227647572,10
-1245847.8947434477,1840741.4227647572,10
-1245384.58202692,1840741.4227647572,10
-1244921.2693103927,1840741.4227647572,10
-1244457.956593865,1840741.4227647572,10
-1243994.6438773377,1840741.4227647572,10
-1243531.33116081,1840741.4227647572,10
-1243068.0184442827,1840741.4227647572,10
-1242604.705727755,1840741.4227647572,10
-1242141.3930112277,1840741.4227647572,7
-1241678.0802947,1840741.4227647572,10
-1241214.7675781725,1840741.4227647572,10
-1240751.4548616451,1840741.4227647572,10
-1240288.1421451175,1840741.4227647572,10
-1239824.8294285901,1840741.4227647572,10
-1239361.5167120625,1840741.4227647572,10
-1238898.2039955352,1840741.4227647572,10
-1238434.8912790075,1840741.4227647572,10
-1237971.5785624802,1840741.4227647572,10
-1237508.2658459526,1840741.4227647572,10
-1237044.9531294252,1840741.4227647572,10
-1236581.6404128976,1840741.4227647572,10
-1236118.3276963702,1840741.4227647572,10
-1235655.0149798426,1840741.4227647572,10
-1235191.7022633152,1840741.4227647572,10
-1234728.3895467876,1840741.4227647572,10
-1234265.07683026,1840741.4227647572,10
-1233801.7641137326,1840741.4227647572,10
-1233338.4513972052,1840741.4227647572,10
-1232875.1386806776,1840741.4227647572,10
-1232411.82596415,1840741.4227647572,10
-1231948.5132476226,1840741.4227647572,10
-1231485.200531095,1840741.4227647572,10
-1231021.8878145677,1840741.4227647572,10
-1230558.57509804,1840741.4227647572,10
-1230095.2623815127,1840741.4227647572,10
-1229631.949664985,1840741.4227647572,10
-1229168.6369484577,1840741.4227647572,10
-1228705.32423193,1840741.4227647572,10
-1228242.0115154027,1840741.4227647572,10
-1227778.698798875,1840741.4227647572,10
-1227315.3860823475,1840741.4227647572,10
-1226852.07336582,1840741.4227647572,10
-1226388.7606492927,1840741.4227647572,10
-1225925.4479327651,1840741.4227647572,10
-1225462.1352162375,1840741.4227647572,10
-1224998.8224997101,1840741.4227647572,10
-1224535.5097831825,1840741.4227647572,10
-1224072.1970666551,1840741.4227647572,10
-1223608.8843501275,1840741.4227647572,10
-1223145.5716336002,1840741.4227647572,10
-1222682.2589170726,1840741.4227647572,10
-1222218.9462005452,1840741.4227647572,10
-1221755.6334840176,1840741.4227647572,10
-1221292.3207674902,1840741.4227647572,10
-1220829.0080509626,1840741.4227647572,10
-1220365.6953344352,1840741.4227647572,10
-1219902.3826179076,1840741.4227647572,10
-1219439.0699013802,1840741.4227647572,10
-1218975.7571848526,1840741.4227647572,10
-1218512.444468325,1840741.4227647572,10
-1218049.1317517976,1840741.4227647572,10
-1217585.81903527,1840741.4227647572,10
-1217122.5063187426,1840741.4227647572,10
-1216659.193602215,1840741.4227647572,10
-1216195.8808856877,1840741.4227647572,10
-1215732.56816916,1840741.4227647572,10
-1215269.2554526327,1840741.4227647572,10
-1214805.942736105,1840741.4227647572,10
-1214342.6300195777,1840741.4227647572,10
-1213879.31730305,1840741.4227647572,10
-1213416.0045865227,1840741.4227647572,10
-1212952.691869995,1840741.4227647572,10
-1212489.3791534677,1840741.4227647572,10
-1212026.06643694,1840741.4227647572,10
-1211562.7537204125,1840741.4227647572,10
-1211099.4410038851,1840741.4227647572,10
-1210636.1282873575,1840741.4227647572,10
-1210172.8155708301,1840741.4227647572,10
-1209709.5028543025,1840741.4227647572,10
-1209246.1901377751,1840741.4227647572,10
-1208782.8774212475,1840741.4227647572,10
-1208319.5647047202,1840741.4227647572,10
-1207856.2519881926,1840741.4227647572,10
-1207392.9392716652,1840741.4227647572,10
-1206929.6265551376,1840741.4227647572,10
-1206466.3138386102,1840741.4227647572,10
-1206003.0011220826,1840741.4227647572,10
-1205539.6884055552,1840741.4227647572,10
-1205076.3756890276,1840741.4227647572,10
-1204613.0629725,1840741.4227647572,10
-1204149.7502559726,1840741.4227647572,10
-1203686.4375394452,1840741.4227647572,10
-1203223.1248229176,1840741.4227647572,10
-1202759.81210639,1840741.4227647572,10
-1202296.4993898626,1840741.4227647572,10
-1201833.186673335,1840741.4227647572,10
-1201369.8739568077,1840741.4227647572,10
-1200906.56124028,1840741.4227647572,10
-1200443.2485237527,1840741.4227647572,10
-1199979.935807225,1840741.4227647572,10
-1199516.6230906977,1840741.4227647572,10
-1199053.31037417,1840741.4227647572,10
-1198589.9976576427,1840741.4227647572,10
-1198126.684941115,1840741.4227647572,10
-1197663.3722245875,1840741.4227647572,10
-1197200.05950806,1840741.4227647572,10
-1196736.7467915327,1840741.4227647572,10
-1196273.4340750051,1840741.4227647572,10
-1195810.1213584775,1840741.4227647572,10
-1195346.8086419501,1840741.4227647572,10
-1194883.4959254225,1840741.4227647572,10
-1194420.1832088951,1840741.4227647572,10
-1193956.8704923675,1840741.4227647572,10
-1193493.5577758402,1840741.4227647572,10
-1193030.2450593126,1840741.4227647572,10
-1192566.9323427852,1840741.4227647572,10
-1192103.6196262576,1840741.4227647572,10
-1191640.3069097302,1840741.4227647572,10
-1191176.9941932026,1840741.4227647572,10
-1190713.6814766752,1840741.4227647572,10
-1190250.3687601476,1840741.4227647572,10
-1189787.0560436202,1840741.4227647572,10
-1189323.7433270926,1840741.4227647572,10
-1188860.430610565,1840741.4227647572,10
-1188397.1178940376,1840741.4227647572,10
-1187933.80517751,1840741.4227647572,10
-1187470.4924609826,1840741.4227647572,10
-1187007.179744455,1840741.4227647572,10
-1186543.8670279277,1840741.4227647572,10
-1186080.5543114,1840741.4227647572,10
-1185617.2415948727,1840741.4227647572,10
-1185153.928878345,1840741.4227647572,10
-1184690.6161618177,1840741.4227647572,10
-1184227.30344529,1840741.4227647572,10
-1183763.9907287627,1840741.4227647572,10
-1183300.678012235,1840741.4227647572,10
-1182837.3652957077,1840741.4227647572,10
-1182374.05257918,1840741.4227647572,10
-1181910.7398626525,1840741.4227647572,10
-1181447.4271461251,1840741.4227647572,10
-1180984.1144295975,1840741.4227647572,10
-1180520.8017130701,1840741.4227647572,10
-1180057.4889965425,1840741.4227647572,10
-1179594.1762800151,1840741.4227647572,10
-1179130.8635634875,1840741.4227647572,10
-1178667.5508469602,1840741.4227647572,10
-1178204.2381304326,1840741.4227647572,10
-1177740.9254139052,1840741.4227647572,10
-1177277.6126973776,1840741.4227647572,10
-1176814.2999808502,1840741.4227647572,10
-1176350.9872643226,1840741.4227647572,10
-1175887.6745477952,1840741.4227647572,10
-1175424.3618312676,1840741.4227647572,10
-1174961.04911474,1840741.4227647572,10
-1174497.7363982126,1840741.4227647572,10
-1174034.4236816852,1840741.4227647572,10
-1173571.1109651576,1840741.4227647572,10
-1173107.79824863,1840741.4227647572,10
-1172644.4855321026,1840741.4227647572,10
-1172181.172815575,1840741.4227647572,10
-1171717.8600990477,1840741.4227647572,10
-1171254.54738252,1840741.4227647572,10
-1170791.2346659927,1840741.4227647572,10
-1170327.921949465,1840741.4227647572,10
-1169864.6092329377,1840741.4227647572,10
-1169401.29651641,1840741.4227647572,10
-1168937.9837998827,1840741.4227647572,10
-1168474.671083355,1840741.4227647572,10
-1168011.3583668275,1840741.4227647572,10
-1167548.0456503,1840741.4227647572,10
-1167084.7329337727,1840741.4227647572,10
-1166621.4202172451,1840741.4227647572,10
-1166158.1075007175,1840741.4227647572,10
-1165694.7947841901,1840741.4227647572,10
-1165231.4820676625,1840741.4227647572,10
-1164768.1693511351,1840741.4227647572,10
-1164304.8566346075,1840741.4227647572,10
-1163841.5439180802,1840741.4227647572,10
-1163378.2312015526,1840741.4227647572,10
-1162914.9184850252,1840741.4227647572,10
-1162451.6057684976,1840741.4227647572,10
-1161988.2930519702,1840741.4227647572,10
-1161524.9803354426,1840741.4227647572,10
-1161061.6676189152,1840741.4227647572,10
-1160598.3549023876,1840741.4227647572,10
-1160135.0421858602,1840741.4227647572,10
-1159671.7294693326,1840741.4227647572,10
-1159208.416752805,1840741.4227647572,10
-1158745.1040362776,1840741.4227647572,10
-1158281.79131975,1840741.4227647572,10
-1157818.4786032226,1840741.4227647572,10
-1157355.165886695,1840741.4227647572,10
-1156891.8531701677,1840741.4227647572,10
-1156428.54045364,1840741.4227647572,10
-1155965.2277371127,1840741.4227647572,10
-1155501.915020585,1840741.4227647572,10
-1155038.6023040577,1840741.4227647572,10
-1154575.28958753,1840741.4227647572,10
-1154111.9768710027,1840741.4227647572,10
-1153648.664154475,1840741.4227647572,10
-1153185.3514379477,1840741.4227647572,10
-1152722.03872142,1840741.4227647572,10
-1152258.7260048925,1840741.4227647572,10
-1151795.4132883651,1840741.4227647572,10
-1151332.1005718375,1840741.4227647572,10
-1150868.7878553101,1840741.4227647572,10
-1150405.4751387825,1840741.4227647572,10
-1149942.1624222551,1840741.4227647572,10
-1149478.8497057275,1840741.4227647572,10
-1149015.5369892002,1840741.4227647572,10
-1148552.2242726726,1840741.4227647572,10
-1148088.9115561452,1840741.4227647572,10
-1147625.5988396176,1840741.4227647572,10
-1147162.2861230902,1840741.4227647572,10
-1146698.9734065626,1840741.4227647572,10
-1146235.6606900352,1840741.4227647572,10
-1145772.3479735076,1840741.4227647572,10
-1357042.9467100475,1840278.1100482298,10
-1356579.6339935202,1840278.1100482298,10
-1356116.3212769926,1840278.1100482298,10
-1355653.0085604652,1840278.1100482298,10
-1355189.6958439376,1840278.1100482298,10
-1354726.3831274102,1840278.1100482298,10
-1354263.0704108826,1840278.1100482298,10
-1353799.7576943552,1840278.1100482298,10
-1353336.4449778276,1840278.1100482298,10
-1352873.1322613002,1840278.1100482298,10
-1352409.8195447726,1840278.1100482298,10
-1351946.506828245,1840278.1100482298,16
-1351483.1941117176,1840278.1100482298,16
-1351019.88139519,1840278.1100482298,16
-1350556.5686786626,1840278.1100482298,16
-1350093.255962135,1840278.1100482298,16
-1349629.9432456077,1840278.1100482298,16
-1349166.63052908,1840278.1100482298,16
-1348703.3178125527,1840278.1100482298,16
-1348240.005096025,1840278.1100482298,16
-1347776.6923794977,1840278.1100482298,16
-1347313.37966297,1840278.1100482298,16
-1346850.0669464427,1840278.1100482298,16
-1346386.754229915,1840278.1100482298,16
-1345923.4415133877,1840278.1100482298,16
-1345460.12879686,1840278.1100482298,16
-1344996.8160803327,1840278.1100482298,16
-1344533.5033638051,1840278.1100482298,16
-1344070.1906472775,1840278.1100482298,16
-1343606.8779307501,1840278.1100482298,16
-1343143.5652142225,1840278.1100482298,16
-1342680.2524976952,1840278.1100482298,16
-1342216.9397811675,1840278.1100482298,16
-1341753.6270646402,1840278.1100482298,16
-1341290.3143481126,1840278.1100482298,16
-1340827.0016315852,1840278.1100482298,16
-1340363.6889150576,1840278.1100482298,16
-1339900.3761985302,1840278.1100482298,16
-1339437.0634820026,1840278.1100482298,16
-1338973.7507654752,1840278.1100482298,16
-1338510.4380489476,1840278.1100482298,16
-1338047.1253324202,1840278.1100482298,16
-1337583.8126158926,1840278.1100482298,16
-1337120.499899365,1840278.1100482298,16
-1336657.1871828376,1840278.1100482298,16
-1336193.87446631,1840278.1100482298,16
-1335730.5617497826,1840278.1100482298,16
-1335267.249033255,1840278.1100482298,16
-1334803.9363167277,1840278.1100482298,16
-1334340.6236002,1840278.1100482298,16
-1333877.3108836727,1840278.1100482298,16
-1333413.998167145,1840278.1100482298,16
-1332950.6854506177,1840278.1100482298,16
-1332487.37273409,1840278.1100482298,16
-1332024.0600175627,1840278.1100482298,16
-1331560.747301035,1840278.1100482298,16
-1331097.4345845077,1840278.1100482298,16
-1330634.12186798,1840278.1100482298,16
-1330170.8091514525,1840278.1100482298,16
-1329707.4964349251,1840278.1100482298,16
-1329244.1837183975,1840278.1100482298,16
-1328780.8710018701,1840278.1100482298,16
-1328317.5582853425,1840278.1100482298,16
-1327854.2455688152,1840278.1100482298,16
-1327390.9328522875,1840278.1100482298,16
-1326927.6201357602,1840278.1100482298,16
-1326464.3074192326,1840278.1100482298,16
-1326000.9947027052,1840278.1100482298,16
-1325537.6819861776,1840278.1100482298,16
-1325074.3692696502,1840278.1100482298,16
-1324611.0565531226,1840278.1100482298,16
-1324147.7438365952,1840278.1100482298,16
-1323684.4311200676,1840278.1100482298,16
-1323221.11840354,1840278.1100482298,16
-1322757.8056870126,1840278.1100482298,16
-1322294.492970485,1840278.1100482298,16
-1321831.1802539576,1840278.1100482298,16
-1321367.86753743,1840278.1100482298,16
-1320904.5548209026,1840278.1100482298,10
-1320441.242104375,1840278.1100482298,10
-1319977.9293878477,1840278.1100482298,10
-1319514.61667132,1840278.1100482298,10
-1319051.3039547927,1840278.1100482298,16
-1318587.991238265,1840278.1100482298,16
-1318124.6785217377,1840278.1100482298,16
-1317661.36580521,1840278.1100482298,16
-1317198.0530886827,1840278.1100482298,16
-1316734.740372155,1840278.1100482298,16
-1316271.4276556277,1840278.1100482298,16
-1315808.1149391,1840278.1100482298,16
-1315344.8022225727,1840278.1100482298,16
-1314881.4895060451,1840278.1100482298,16
-1314418.1767895175,1840278.1100482298,16
-1313954.8640729901,1840278.1100482298,16
-1313491.5513564625,1840278.1100482298,16
-1313028.2386399352,1840278.1100482298,16
-1312564.9259234075,1840278.1100482298,16
-1312101.6132068802,1840278.1100482298,16
-1311638.3004903526,1840278.1100482298,16
-1311174.9877738252,1840278.1100482298,16
-1310711.6750572976,1840278.1100482298,16
-1310248.3623407702,1840278.1100482298,16
-1309785.0496242426,1840278.1100482298,16
-1309321.7369077152,1840278.1100482298,16
-1308858.4241911876,1840278.1100482298,16
-1308395.1114746602,1840278.1100482298,16
-1307931.7987581326,1840278.1100482298,16
-1307468.486041605,1840278.1100482298,16
-1307005.1733250776,1840278.1100482298,16
-1306541.86060855,1840278.1100482298,16
-1306078.5478920226,1840278.1100482298,16
-1305615.235175495,1840278.1100482298,16
-1305151.9224589677,1840278.1100482298,16
-1304688.60974244,1840278.1100482298,16
-1304225.2970259127,1840278.1100482298,16
-1303761.984309385,1840278.1100482298,16
-1303298.6715928577,1840278.1100482298,16
-1302835.35887633,1840278.1100482298,10
-1302372.0461598027,1840278.1100482298,16
-1301908.733443275,1840278.1100482298,10
-1301445.4207267477,1840278.1100482298,16
-1300982.10801022,1840278.1100482298,16
-1300518.7952936925,1840278.1100482298,16
-1300055.4825771651,1840278.1100482298,16
-1299592.1698606375,1840278.1100482298,16
-1299128.8571441101,1840278.1100482298,16
-1298665.5444275825,1840278.1100482298,16
-1298202.2317110552,1840278.1100482298,16
-1297738.9189945275,1840278.1100482298,16
-1297275.6062780002,1840278.1100482298,16
-1296812.2935614726,1840278.1100482298,16
-1296348.9808449452,1840278.1100482298,16
-1295885.6681284176,1840278.1100482298,16
-1295422.3554118902,1840278.1100482298,16
-1294959.0426953626,1840278.1100482298,16
-1294495.7299788352,1840278.1100482298,16
-1294032.4172623076,1840278.1100482298,10
-1293569.10454578,1840278.1100482298,10
-1293105.7918292526,1840278.1100482298,10
-1292642.479112725,1840278.1100482298,10
-1292179.1663961976,1840278.1100482298,10
-1291715.85367967,1840278.1100482298,10
-1291252.5409631426,1840278.1100482298,10
-1290789.228246615,1840278.1100482298,10
-1290325.9155300877,1840278.1100482298,10
-1289862.60281356,1840278.1100482298,10
-1289399.2900970327,1840278.1100482298,16
-1288935.977380505,1840278.1100482298,10
-1288472.6646639777,1840278.1100482298,10
-1288009.35194745,1840278.1100482298,10
-1287546.0392309227,1840278.1100482298,10
-1287082.726514395,1840278.1100482298,10
-1286619.4137978677,1840278.1100482298,7
-1286156.10108134,1840278.1100482298,10
-1285692.7883648127,1840278.1100482298,10
-1285229.4756482851,1840278.1100482298,10
-1284766.1629317575,1840278.1100482298,10
-1284302.8502152301,1840278.1100482298,10
-1283839.5374987025,1840278.1100482298,10
-1283376.2247821752,1840278.1100482298,10
-1282912.9120656475,1840278.1100482298,10
-1282449.5993491202,1840278.1100482298,10
-1281986.2866325926,1840278.1100482298,10
-1281522.9739160652,1840278.1100482298,10
-1281059.6611995376,1840278.1100482298,10
-1280596.3484830102,1840278.1100482298,10
-1280133.0357664826,1840278.1100482298,10
-1279669.7230499552,1840278.1100482298,10
-1279206.4103334276,1840278.1100482298,10
-1278743.0976169002,1840278.1100482298,10
-1278279.7849003726,1840278.1100482298,10
-1277816.472183845,1840278.1100482298,10
-1277353.1594673176,1840278.1100482298,10
-1276889.84675079,1840278.1100482298,10
-1276426.5340342626,1840278.1100482298,10
-1275963.221317735,1840278.1100482298,10
-1275499.9086012077,1840278.1100482298,10
-1275036.59588468,1840278.1100482298,7
-1274573.2831681527,1840278.1100482298,7
-1274109.970451625,1840278.1100482298,10
-1273646.6577350977,1840278.1100482298,10
-1273183.34501857,1840278.1100482298,10
-1272720.0323020427,1840278.1100482298,10
-1272256.719585515,1840278.1100482298,10
-1271793.4068689877,1840278.1100482298,10
-1271330.09415246,1840278.1100482298,10
-1270866.7814359325,1840278.1100482298,10
-1270403.4687194051,1840278.1100482298,10
-1269940.1560028775,1840278.1100482298,10
-1269476.8432863501,1840278.1100482298,10
-1269013.5305698225,1840278.1100482298,10
-1268550.2178532952,1840278.1100482298,10
-1268086.9051367675,1840278.1100482298,10
-1267623.5924202402,1840278.1100482298,10
-1267160.2797037126,1840278.1100482298,10
-1266696.9669871852,1840278.1100482298,10
-1266233.6542706576,1840278.1100482298,10
-1265770.3415541302,1840278.1100482298,10
-1265307.0288376026,1840278.1100482298,10
-1264843.7161210752,1840278.1100482298,10
-1264380.4034045476,1840278.1100482298,10
-1263917.09068802,1840278.1100482298,10
-1263453.7779714926,1840278.1100482298,10
-1262990.465254965,1840278.1100482298,10
-1262527.1525384376,1840278.1100482298,10
-1262063.83982191,1840278.1100482298,10
-1261600.5271053826,1840278.1100482298,10
-1261137.214388855,1840278.1100482298,10
-1260673.9016723277,1840278.1100482298,10
-1260210.5889558,1840278.1100482298,10
-1259747.2762392727,1840278.1100482298,10
-1259283.963522745,1840278.1100482298,10
-1258820.6508062177,1840278.1100482298,10
-1258357.33808969,1840278.1100482298,10
-1257894.0253731627,1840278.1100482298,10
-1257430.712656635,1840278.1100482298,10
-1256967.3999401077,1840278.1100482298,10
-1256504.08722358,1840278.1100482298,10
-1256040.7745070527,1840278.1100482298,10
-1255577.4617905251,1840278.1100482298,10
-1255114.1490739975,1840278.1100482298,10
-1254650.8363574701,1840278.1100482298,10
-1254187.5236409425,1840278.1100482298,10
-1253724.2109244152,1840278.1100482298,10
-1253260.8982078875,1840278.1100482298,10
-1252797.5854913602,1840278.1100482298,10
-1252334.2727748326,1840278.1100482298,10
-1251870.9600583052,1840278.1100482298,10
-1251407.6473417776,1840278.1100482298,10
-1250944.3346252502,1840278.1100482298,10
-1250481.0219087226,1840278.1100482298,10
-1250017.7091921952,1840278.1100482298,10
-1249554.3964756676,1840278.1100482298,10
-1249091.0837591402,1840278.1100482298,10
-1248627.7710426126,1840278.1100482298,10
-1248164.458326085,1840278.1100482298,10
-1247701.1456095576,1840278.1100482298,10
-1247237.83289303,1840278.1100482298,10
-1246774.5201765026,1840278.1100482298,10
-1246311.207459975,1840278.1100482298,10
-1245847.8947434477,1840278.1100482298,10
-1245384.58202692,1840278.1100482298,10
-1244921.2693103927,1840278.1100482298,10
-1244457.956593865,1840278.1100482298,10
-1243994.6438773377,1840278.1100482298,10
-1243531.33116081,1840278.1100482298,10
-1243068.0184442827,1840278.1100482298,10
-1242604.705727755,1840278.1100482298,10
-1242141.3930112277,1840278.1100482298,10
-1241678.0802947,1840278.1100482298,7
-1241214.7675781725,1840278.1100482298,10
-1240751.4548616451,1840278.1100482298,10
-1240288.1421451175,1840278.1100482298,10
-1239824.8294285901,1840278.1100482298,10
-1239361.5167120625,1840278.1100482298,10
-1238898.2039955352,1840278.1100482298,10
-1238434.8912790075,1840278.1100482298,10
-1237971.5785624802,1840278.1100482298,10
-1237508.2658459526,1840278.1100482298,10
-1237044.9531294252,1840278.1100482298,10
-1236581.6404128976,1840278.1100482298,10
-1236118.3276963702,1840278.1100482298,10
-1235655.0149798426,1840278.1100482298,10
-1235191.7022633152,1840278.1100482298,10
-1234728.3895467876,1840278.1100482298,10
-1234265.07683026,1840278.1100482298,10
-1233801.7641137326,1840278.1100482298,10
-1233338.4513972052,1840278.1100482298,10
-1232875.1386806776,1840278.1100482298,10
-1232411.82596415,1840278.1100482298,10
-1231948.5132476226,1840278.1100482298,10
-1231485.200531095,1840278.1100482298,10
-1231021.8878145677,1840278.1100482298,10
-1230558.57509804,1840278.1100482298,10
-1230095.2623815127,1840278.1100482298,10
-1229631.949664985,1840278.1100482298,10
-1229168.6369484577,1840278.1100482298,10
-1228705.32423193,1840278.1100482298,10
-1228242.0115154027,1840278.1100482298,10
-1227778.698798875,1840278.1100482298,10
-1227315.3860823475,1840278.1100482298,10
-1226852.07336582,1840278.1100482298,10
-1226388.7606492927,1840278.1100482298,10
-1225925.4479327651,1840278.1100482298,10
-1225462.1352162375,1840278.1100482298,10
-1224998.8224997101,1840278.1100482298,10
-1224535.5097831825,1840278.1100482298,10
-1224072.1970666551,1840278.1100482298,10
-1223608.8843501275,1840278.1100482298,10
-1223145.5716336002,1840278.1100482298,10
-1222682.2589170726,1840278.1100482298,10
-1222218.9462005452,1840278.1100482298,10
-1221755.6334840176,1840278.1100482298,10
-1221292.3207674902,1840278.1100482298,10
-1220829.0080509626,1840278.1100482298,10
-1220365.6953344352,1840278.1100482298,10
-1219902.3826179076,1840278.1100482298,10
-1219439.0699013802,1840278.1100482298,10
-1218975.7571848526,1840278.1100482298,10
-1218512.444468325,1840278.1100482298,10
-1218049.1317517976,1840278.1100482298,10
-1217585.81903527,1840278.1100482298,10
-1217122.5063187426,1840278.1100482298,10
-1216659.193602215,1840278.1100482298,10
-1216195.8808856877,1840278.1100482298,10
-1215732.56816916,1840278.1100482298,10
-1215269.2554526327,1840278.1100482298,10
-1214805.942736105,1840278.1100482298,10
-1214342.6300195777,1840278.1100482298,10
-1213879.31730305,1840278.1100482298,10
-1213416.0045865227,1840278.1100482298,10
-1212952.691869995,1840278.1100482298,10
-1212489.3791534677,1840278.1100482298,10
-1212026.06643694,1840278.1100482298,10
-1211562.7537204125,1840278.1100482298,10
-1211099.4410038851,1840278.1100482298,10
-1210636.1282873575,1840278.1100482298,10
-1210172.8155708301,1840278.1100482298,10
-1209709.5028543025,1840278.1100482298,10
-1209246.1901377751,1840278.1100482298,10
-1208782.8774212475,1840278.1100482298,10
-1208319.5647047202,1840278.1100482298,10
-1207856.2519881926,1840278.1100482298,10
-1207392.9392716652,1840278.1100482298,10
-1206929.6265551376,1840278.1100482298,10
-1206466.3138386102,1840278.1100482298,10
-1206003.0011220826,1840278.1100482298,10
-1205539.6884055552,1840278.1100482298,10
-1205076.3756890276,1840278.1100482298,10
-1204613.0629725,1840278.1100482298,10
-1204149.7502559726,1840278.1100482298,10
-1203686.4375394452,1840278.1100482298,10
-1203223.1248229176,1840278.1100482298,10
-1202759.81210639,1840278.1100482298,10
-1202296.4993898626,1840278.1100482298,10
-1201833.186673335,1840278.1100482298,10
-1201369.8739568077,1840278.1100482298,10
-1200906.56124028,1840278.1100482298,10
-1200443.2485237527,1840278.1100482298,10
-1199979.935807225,1840278.1100482298,10
-1199516.6230906977,1840278.1100482298,10
-1199053.31037417,1840278.1100482298,10
-1198589.9976576427,1840278.1100482298,10
-1198126.684941115,1840278.1100482298,10
-1197663.3722245875,1840278.1100482298,10
-1197200.05950806,1840278.1100482298,10
-1196736.7467915327,1840278.1100482298,10
-1196273.4340750051,1840278.1100482298,10
-1195810.1213584775,1840278.1100482298,10
-1195346.8086419501,1840278.1100482298,10
-1194883.4959254225,1840278.1100482298,10
-1194420.1832088951,1840278.1100482298,10
-1193956.8704923675,1840278.1100482298,10
-1193493.5577758402,1840278.1100482298,10
-1193030.2450593126,1840278.1100482298,10
-1192566.9323427852,1840278.1100482298,10
-1192103.6196262576,1840278.1100482298,10
-1191640.3069097302,1840278.1100482298,10
-1191176.9941932026,1840278.1100482298,10
-1190713.6814766752,1840278.1100482298,10
-1190250.3687601476,1840278.1100482298,10
-1189787.0560436202,1840278.1100482298,10
-1189323.7433270926,1840278.1100482298,10
-1188860.430610565,1840278.1100482298,10
-1188397.1178940376,1840278.1100482298,10
-1187933.80517751,1840278.1100482298,10
-1187470.4924609826,1840278.1100482298,10
-1187007.179744455,1840278.1100482298,10
-1186543.8670279277,1840278.1100482298,10
-1186080.5543114,1840278.1100482298,10
-1185617.2415948727,1840278.1100482298,10
-1185153.928878345,1840278.1100482298,10
-1184690.6161618177,1840278.1100482298,10
-1184227.30344529,1840278.1100482298,10
-1183763.9907287627,1840278.1100482298,10
-1183300.678012235,1840278.1100482298,10
-1182837.3652957077,1840278.1100482298,10
-1182374.05257918,1840278.1100482298,10
-1181910.7398626525,1840278.1100482298,10
-1181447.4271461251,1840278.1100482298,10
-1180984.1144295975,1840278.1100482298,10
-1180520.8017130701,1840278.1100482298,10
-1180057.4889965425,1840278.1100482298,10
-1179594.1762800151,1840278.1100482298,10
-1179130.8635634875,1840278.1100482298,10
-1178667.5508469602,1840278.1100482298,10
-1178204.2381304326,1840278.1100482298,10
-1177740.9254139052,1840278.1100482298,10
-1177277.6126973776,1840278.1100482298,10
-1176814.2999808502,1840278.1100482298,10
-1176350.9872643226,1840278.1100482298,10
-1175887.6745477952,1840278.1100482298,10
-1175424.3618312676,1840278.1100482298,10
-1174961.04911474,1840278.1100482298,10
-1174497.7363982126,1840278.1100482298,10
-1174034.4236816852,1840278.1100482298,10
-1173571.1109651576,1840278.1100482298,10
-1173107.79824863,1840278.1100482298,10
-1172644.4855321026,1840278.1100482298,10
-1172181.172815575,1840278.1100482298,10
-1171717.8600990477,1840278.1100482298,10
-1171254.54738252,1840278.1100482298,10
-1170791.2346659927,1840278.1100482298,10
-1170327.921949465,1840278.1100482298,10
-1169864.6092329377,1840278.1100482298,10
-1169401.29651641,1840278.1100482298,10
-1168937.9837998827,1840278.1100482298,10
-1168474.671083355,1840278.1100482298,10
-1168011.3583668275,1840278.1100482298,10
-1167548.0456503,1840278.1100482298,10
-1167084.7329337727,1840278.1100482298,10
-1166621.4202172451,1840278.1100482298,10
-1166158.1075007175,1840278.1100482298,10
-1165694.7947841901,1840278.1100482298,10
-1165231.4820676625,1840278.1100482298,10
-1164768.1693511351,1840278.1100482298,10
-1164304.8566346075,1840278.1100482298,10
-1163841.5439180802,1840278.1100482298,10
-1163378.2312015526,1840278.1100482298,10
-1162914.9184850252,1840278.1100482298,10
-1162451.6057684976,1840278.1100482298,10
-1161988.2930519702,1840278.1100482298,10
-1161524.9803354426,1840278.1100482298,10
-1161061.6676189152,1840278.1100482298,10
-1160598.3549023876,1840278.1100482298,10
-1160135.0421858602,1840278.1100482298,10
-1159671.7294693326,1840278.1100482298,10
-1159208.416752805,1840278.1100482298,10
-1158745.1040362776,1840278.1100482298,10
-1158281.79131975,1840278.1100482298,10
-1157818.4786032226,1840278.1100482298,10
-1157355.165886695,1840278.1100482298,10
-1156891.8531701677,1840278.1100482298,10
-1156428.54045364,1840278.1100482298,10
-1155965.2277371127,1840278.1100482298,10
-1155501.915020585,1840278.1100482298,10
-1155038.6023040577,1840278.1100482298,10
-1154575.28958753,1840278.1100482298,10
-1154111.9768710027,1840278.1100482298,10
-1153648.664154475,1840278.1100482298,10
-1153185.3514379477,1840278.1100482298,10
-1152722.03872142,1840278.1100482298,10
-1152258.7260048925,1840278.1100482298,10
-1151795.4132883651,1840278.1100482298,10
-1151332.1005718375,1840278.1100482298,10
-1150868.7878553101,1840278.1100482298,10
-1150405.4751387825,1840278.1100482298,10
-1149942.1624222551,1840278.1100482298,10
-1149478.8497057275,1840278.1100482298,10
-1149015.5369892002,1840278.1100482298,10
-1148552.2242726726,1840278.1100482298,10
-1148088.9115561452,1840278.1100482298,10
-1147625.5988396176,1840278.1100482298,10
-1147162.2861230902,1840278.1100482298,10
-1146698.9734065626,1840278.1100482298,10
-1146235.6606900352,1840278.1100482298,10
-1145772.3479735076,1840278.1100482298,10
-1145309.03525698,1840278.1100482298,10
-1357042.9467100475,1839814.7973317022,10
-1356579.6339935202,1839814.7973317022,10
-1356116.3212769926,1839814.7973317022,10
-1355653.0085604652,1839814.7973317022,10
-1355189.6958439376,1839814.7973317022,10
-1354726.3831274102,1839814.7973317022,10
-1354263.0704108826,1839814.7973317022,10
-1353799.7576943552,1839814.7973317022,16
-1353336.4449778276,1839814.7973317022,16
-1352873.1322613002,1839814.7973317022,16
-1352409.8195447726,1839814.7973317022,16
-1351946.506828245,1839814.7973317022,16
-1351483.1941117176,1839814.7973317022,16
-1351019.88139519,1839814.7973317022,16
-1350556.5686786626,1839814.7973317022,16
-1350093.255962135,1839814.7973317022,16
-1349629.9432456077,1839814.7973317022,16
-1349166.63052908,1839814.7973317022,16
-1348703.3178125527,1839814.7973317022,16
-1348240.005096025,1839814.7973317022,16
-1347776.6923794977,1839814.7973317022,16
-1347313.37966297,1839814.7973317022,16
-1346850.0669464427,1839814.7973317022,16
-1346386.754229915,1839814.7973317022,16
-1345923.4415133877,1839814.7973317022,16
-1345460.12879686,1839814.7973317022,16
-1344996.8160803327,1839814.7973317022,16
-1344533.5033638051,1839814.7973317022,16
-1344070.1906472775,1839814.7973317022,16
-1343606.8779307501,1839814.7973317022,16
-1343143.5652142225,1839814.7973317022,10
-1342680.2524976952,1839814.7973317022,10
-1342216.9397811675,1839814.7973317022,16
-1341753.6270646402,1839814.7973317022,16
-1341290.3143481126,1839814.7973317022,16
-1340827.0016315852,1839814.7973317022,16
-1340363.6889150576,1839814.7973317022,16
-1339900.3761985302,1839814.7973317022,16
-1339437.0634820026,1839814.7973317022,16
-1338973.7507654752,1839814.7973317022,16
-1338510.4380489476,1839814.7973317022,16
-1338047.1253324202,1839814.7973317022,16
-1337583.8126158926,1839814.7973317022,16
-1337120.499899365,1839814.7973317022,16
-1336657.1871828376,1839814.7973317022,16
-1336193.87446631,1839814.7973317022,16
-1335730.5617497826,1839814.7973317022,16
-1335267.249033255,1839814.7973317022,16
-1334803.9363167277,1839814.7973317022,16
-1334340.6236002,1839814.7973317022,16
-1333877.3108836727,1839814.7973317022,16
-1333413.998167145,1839814.7973317022,16
-1332950.6854506177,1839814.7973317022,16
-1332487.37273409,1839814.7973317022,16
-1332024.0600175627,1839814.7973317022,16
-1331560.747301035,1839814.7973317022,16
-1331097.4345845077,1839814.7973317022,16
-1330634.12186798,1839814.7973317022,16
-1330170.8091514525,1839814.7973317022,16
-1329707.4964349251,1839814.7973317022,16
-1329244.1837183975,1839814.7973317022,16
-1328780.8710018701,1839814.7973317022,16
-1328317.5582853425,1839814.7973317022,16
-1327854.2455688152,1839814.7973317022,16
-1327390.9328522875,1839814.7973317022,16
-1326927.6201357602,1839814.7973317022,16
-1326464.3074192326,1839814.7973317022,16
-1326000.9947027052,1839814.7973317022,16
-1325537.6819861776,1839814.7973317022,16
-1325074.3692696502,1839814.7973317022,16
-1324611.0565531226,1839814.7973317022,16
-1324147.7438365952,1839814.7973317022,16
-1323684.4311200676,1839814.7973317022,16
-1323221.11840354,1839814.7973317022,16
-1322757.8056870126,1839814.7973317022,16
-1322294.492970485,1839814.7973317022,7
-1321831.1802539576,1839814.7973317022,16
-1321367.86753743,1839814.7973317022,16
-1320904.5548209026,1839814.7973317022,10
-1320441.242104375,1839814.7973317022,10
-1319977.9293878477,1839814.7973317022,10
-1319514.61667132,1839814.7973317022,16
-1319051.3039547927,1839814.7973317022,16
-1318587.991238265,1839814.7973317022,16
-1318124.6785217377,1839814.7973317022,16
-1317661.36580521,1839814.7973317022,16
-1317198.0530886827,1839814.7973317022,16
-1316734.740372155,1839814.7973317022,16
-1316271.4276556277,1839814.7973317022,16
-1315808.1149391,1839814.7973317022,16
-1315344.8022225727,1839814.7973317022,16
-1314881.4895060451,1839814.7973317022,16
-1314418.1767895175,1839814.7973317022,16
-1313954.8640729901,1839814.7973317022,16
-1313491.5513564625,1839814.7973317022,16
-1313028.2386399352,1839814.7973317022,16
-1312564.9259234075,1839814.7973317022,16
-1312101.6132068802,1839814.7973317022,16
-1311638.3004903526,1839814.7973317022,16
-1311174.9877738252,1839814.7973317022,16
-1310711.6750572976,1839814.7973317022,16
-1310248.3623407702,1839814.7973317022,16
-1309785.0496242426,1839814.7973317022,16
-1309321.7369077152,1839814.7973317022,16
-1308858.4241911876,1839814.7973317022,16
-1308395.1114746602,1839814.7973317022,16
-1307931.7987581326,1839814.7973317022,16
-1307468.486041605,1839814.7973317022,16
-1307005.1733250776,1839814.7973317022,16
-1306541.86060855,1839814.7973317022,16
-1306078.5478920226,1839814.7973317022,16
-1305615.235175495,1839814.7973317022,16
-1305151.9224589677,1839814.7973317022,16
-1304688.60974244,1839814.7973317022,16
-1304225.2970259127,1839814.7973317022,16
-1303761.984309385,1839814.7973317022,16
-1303298.6715928577,1839814.7973317022,16
-1302835.35887633,1839814.7973317022,10
-1302372.0461598027,1839814.7973317022,10
-1301908.733443275,1839814.7973317022,10
-1301445.4207267477,1839814.7973317022,10
-1300982.10801022,1839814.7973317022,16
-1300518.7952936925,1839814.7973317022,16
-1300055.4825771651,1839814.7973317022,10
-1299592.1698606375,1839814.7973317022,10
-1299128.8571441101,1839814.7973317022,10
-1298665.5444275825,1839814.7973317022,10
-1298202.2317110552,1839814.7973317022,16
-1297738.9189945275,1839814.7973317022,16
-1297275.6062780002,1839814.7973317022,16
-1296812.2935614726,1839814.7973317022,16
-1296348.9808449452,1839814.7973317022,16
-1295885.6681284176,1839814.7973317022,16
-1295422.3554118902,1839814.7973317022,16
-1294959.0426953626,1839814.7973317022,16
-1294495.7299788352,1839814.7973317022,16
-1294032.4172623076,1839814.7973317022,16
-1293569.10454578,1839814.7973317022,16
-1293105.7918292526,1839814.7973317022,10
-1292642.479112725,1839814.7973317022,16
-1292179.1663961976,1839814.7973317022,10
-1291715.85367967,1839814.7973317022,10
-1291252.5409631426,1839814.7973317022,10
-1290789.228246615,1839814.7973317022,10
-1290325.9155300877,1839814.7973317022,10
-1289862.60281356,1839814.7973317022,16
-1289399.2900970327,1839814.7973317022,10
-1288935.977380505,1839814.7973317022,10
-1288472.6646639777,1839814.7973317022,10
-1288009.35194745,1839814.7973317022,10
-1287546.0392309227,1839814.7973317022,13
-1287082.726514395,1839814.7973317022,13
-1286619.4137978677,1839814.7973317022,13
-1286156.10108134,1839814.7973317022,10
-1285692.7883648127,1839814.7973317022,10
-1285229.4756482851,1839814.7973317022,10
-1284766.1629317575,1839814.7973317022,10
-1284302.8502152301,1839814.7973317022,10
-1283839.5374987025,1839814.7973317022,10
-1283376.2247821752,1839814.7973317022,10
-1282912.9120656475,1839814.7973317022,10
-1282449.5993491202,1839814.7973317022,10
-1281986.2866325926,1839814.7973317022,10
-1281522.9739160652,1839814.7973317022,10
-1281059.6611995376,1839814.7973317022,10
-1280596.3484830102,1839814.7973317022,10
-1280133.0357664826,1839814.7973317022,10
-1279669.7230499552,1839814.7973317022,10
-1279206.4103334276,1839814.7973317022,10
-1278743.0976169002,1839814.7973317022,10
-1278279.7849003726,1839814.7973317022,10
-1277816.472183845,1839814.7973317022,10
-1277353.1594673176,1839814.7973317022,10
-1276889.84675079,1839814.7973317022,10
-1276426.5340342626,1839814.7973317022,10
-1275963.221317735,1839814.7973317022,10
-1275499.9086012077,1839814.7973317022,10
-1275036.59588468,1839814.7973317022,10
-1274573.2831681527,1839814.7973317022,10
-1274109.970451625,1839814.7973317022,10
-1273646.6577350977,1839814.7973317022,10
-1273183.34501857,1839814.7973317022,10
-1272720.0323020427,1839814.7973317022,10
-1272256.719585515,1839814.7973317022,10
-1271793.4068689877,1839814.7973317022,10
-1271330.09415246,1839814.7973317022,16
-1270866.7814359325,1839814.7973317022,10
-1270403.4687194051,1839814.7973317022,10
-1269940.1560028775,1839814.7973317022,10
-1269476.8432863501,1839814.7973317022,10
-1269013.5305698225,1839814.7973317022,10
-1268550.2178532952,1839814.7973317022,10
-1268086.9051367675,1839814.7973317022,10
-1267623.5924202402,1839814.7973317022,10
-1267160.2797037126,1839814.7973317022,10
-1266696.9669871852,1839814.7973317022,10
-1266233.6542706576,1839814.7973317022,10
-1265770.3415541302,1839814.7973317022,10
-1265307.0288376026,1839814.7973317022,10
-1264843.7161210752,1839814.7973317022,10
-1264380.4034045476,1839814.7973317022,10
-1263917.09068802,1839814.7973317022,10
-1263453.7779714926,1839814.7973317022,10
-1262990.465254965,1839814.7973317022,10
-1262527.1525384376,1839814.7973317022,10
-1262063.83982191,1839814.7973317022,10
-1261600.5271053826,1839814.7973317022,10
-1261137.214388855,1839814.7973317022,10
-1260673.9016723277,1839814.7973317022,10
-1260210.5889558,1839814.7973317022,10
-1259747.2762392727,1839814.7973317022,10
-1259283.963522745,1839814.7973317022,10
-1258820.6508062177,1839814.7973317022,10
-1258357.33808969,1839814.7973317022,10
-1257894.0253731627,1839814.7973317022,10
-1257430.712656635,1839814.7973317022,10
-1256967.3999401077,1839814.7973317022,10
-1256504.08722358,1839814.7973317022,10
-1256040.7745070527,1839814.7973317022,10
-1255577.4617905251,1839814.7973317022,10
-1255114.1490739975,1839814.7973317022,10
-1254650.8363574701,1839814.7973317022,10
-1254187.5236409425,1839814.7973317022,10
-1253724.2109244152,1839814.7973317022,10
-1253260.8982078875,1839814.7973317022,10
-1252797.5854913602,1839814.7973317022,10
-1252334.2727748326,1839814.7973317022,10
-1251870.9600583052,1839814.7973317022,10
-1251407.6473417776,1839814.7973317022,10
-1250944.3346252502,1839814.7973317022,10
-1250481.0219087226,1839814.7973317022,10
-1250017.7091921952,1839814.7973317022,10
-1249554.3964756676,1839814.7973317022,10
-1249091.0837591402,1839814.7973317022,10
-1248627.7710426126,1839814.7973317022,10
-1248164.458326085,1839814.7973317022,10
-1247701.1456095576,1839814.7973317022,10
-1247237.83289303,1839814.7973317022,10
-1246774.5201765026,1839814.7973317022,10
-1246311.207459975,1839814.7973317022,10
-1245847.8947434477,1839814.7973317022,10
-1245384.58202692,1839814.7973317022,10
-1244921.2693103927,1839814.7973317022,10
-1244457.956593865,1839814.7973317022,10
-1243994.6438773377,1839814.7973317022,10
-1243531.33116081,1839814.7973317022,10
-1243068.0184442827,1839814.7973317022,10
-1242604.705727755,1839814.7973317022,10
-1242141.3930112277,1839814.7973317022,10
-1241678.0802947,1839814.7973317022,10
-1241214.7675781725,1839814.7973317022,10
-1240751.4548616451,1839814.7973317022,10
-1240288.1421451175,1839814.7973317022,10
-1239824.8294285901,1839814.7973317022,10
-1239361.5167120625,1839814.7973317022,10
-1238898.2039955352,1839814.7973317022,10
-1238434.8912790075,1839814.7973317022,10
-1237971.5785624802,1839814.7973317022,10
-1237508.2658459526,1839814.7973317022,10
-1237044.9531294252,1839814.7973317022,10
-1236581.6404128976,1839814.7973317022,10
-1236118.3276963702,1839814.7973317022,10
-1235655.0149798426,1839814.7973317022,10
-1235191.7022633152,1839814.7973317022,10
-1234728.3895467876,1839814.7973317022,10
-1234265.07683026,1839814.7973317022,10
-1233801.7641137326,1839814.7973317022,10
-1233338.4513972052,1839814.7973317022,10
-1232875.1386806776,1839814.7973317022,10
-1232411.82596415,1839814.7973317022,10
-1231948.5132476226,1839814.7973317022,10
-1231485.200531095,1839814.7973317022,10
-1231021.8878145677,1839814.7973317022,10
-1230558.57509804,1839814.7973317022,10
-1230095.2623815127,1839814.7973317022,10
-1229631.949664985,1839814.7973317022,10
-1229168.6369484577,1839814.7973317022,10
-1228705.32423193,1839814.7973317022,10
-1228242.0115154027,1839814.7973317022,10
-1227778.698798875,1839814.7973317022,10
-1227315.3860823475,1839814.7973317022,10
-1226852.07336582,1839814.7973317022,10
-1226388.7606492927,1839814.7973317022,10
-1225925.4479327651,1839814.7973317022,10
-1225462.1352162375,1839814.7973317022,10
-1224998.8224997101,1839814.7973317022,10
-1224535.5097831825,1839814.7973317022,10
-1224072.1970666551,1839814.7973317022,10
-1223608.8843501275,1839814.7973317022,10
-1223145.5716336002,1839814.7973317022,10
-1222682.2589170726,1839814.7973317022,10
-1222218.9462005452,1839814.7973317022,10
-1221755.6334840176,1839814.7973317022,10
-1221292.3207674902,1839814.7973317022,10
-1220829.0080509626,1839814.7973317022,10
-1220365.6953344352,1839814.7973317022,10
-1219902.3826179076,1839814.7973317022,10
-1219439.0699013802,1839814.7973317022,10
-1218975.7571848526,1839814.7973317022,10
-1218512.444468325,1839814.7973317022,10
-1218049.1317517976,1839814.7973317022,10
-1217585.81903527,1839814.7973317022,10
-1217122.5063187426,1839814.7973317022,10
-1216659.193602215,1839814.7973317022,10
-1216195.8808856877,1839814.7973317022,10
-1215732.56816916,1839814.7973317022,10
-1215269.2554526327,1839814.7973317022,10
-1214805.942736105,1839814.7973317022,10
-1214342.6300195777,1839814.7973317022,10
-1213879.31730305,1839814.7973317022,10
-1213416.0045865227,1839814.7973317022,10
-1212952.691869995,1839814.7973317022,10
-1212489.3791534677,1839814.7973317022,10
-1212026.06643694,1839814.7973317022,10
-1211562.7537204125,1839814.7973317022,10
-1211099.4410038851,1839814.7973317022,10
-1210636.1282873575,1839814.7973317022,10
-1210172.8155708301,1839814.7973317022,10
-1209709.5028543025,1839814.7973317022,10
-1209246.1901377751,1839814.7973317022,10
-1208782.8774212475,1839814.7973317022,10
-1208319.5647047202,1839814.7973317022,10
-1207856.2519881926,1839814.7973317022,10
-1207392.9392716652,1839814.7973317022,10
-1206929.6265551376,1839814.7973317022,10
-1206466.3138386102,1839814.7973317022,10
-1206003.0011220826,1839814.7973317022,10
-1205539.6884055552,1839814.7973317022,10
-1205076.3756890276,1839814.7973317022,10
-1204613.0629725,1839814.7973317022,10
-1204149.7502559726,1839814.7973317022,10
-1203686.4375394452,1839814.7973317022,10
-1203223.1248229176,1839814.7973317022,10
-1202759.81210639,1839814.7973317022,10
-1202296.4993898626,1839814.7973317022,10
-1201833.186673335,1839814.7973317022,10
-1201369.8739568077,1839814.7973317022,10
-1200906.56124028,1839814.7973317022,10
-1200443.2485237527,1839814.7973317022,10
-1199979.935807225,1839814.7973317022,10
-1199516.6230906977,1839814.7973317022,10
-1199053.31037417,1839814.7973317022,10
-1198589.9976576427,1839814.7973317022,10
-1198126.684941115,1839814.7973317022,10
-1197663.3722245875,1839814.7973317022,10
-1197200.05950806,1839814.7973317022,10
-1196736.7467915327,1839814.7973317022,10
-1196273.4340750051,1839814.7973317022,10
-1195810.1213584775,1839814.7973317022,10
-1195346.8086419501,1839814.7973317022,10
-1194883.4959254225,1839814.7973317022,10
-1194420.1832088951,1839814.7973317022,10
-1193956.8704923675,1839814.7973317022,10
-1193493.5577758402,1839814.7973317022,10
-1193030.2450593126,1839814.7973317022,10
-1192566.9323427852,1839814.7973317022,10
-1192103.6196262576,1839814.7973317022,10
-1191640.3069097302,1839814.7973317022,10
-1191176.9941932026,1839814.7973317022,10
-1190713.6814766752,1839814.7973317022,10
-1190250.3687601476,1839814.7973317022,10
-1189787.0560436202,1839814.7973317022,10
-1189323.7433270926,1839814.7973317022,10
-1188860.430610565,1839814.7973317022,10
-1188397.1178940376,1839814.7973317022,10
-1187933.80517751,1839814.7973317022,10
-1187470.4924609826,1839814.7973317022,10
-1187007.179744455,1839814.7973317022,10
-1186543.8670279277,1839814.7973317022,10
-1186080.5543114,1839814.7973317022,10
-1185617.2415948727,1839814.7973317022,10
-1185153.928878345,1839814.7973317022,10
-1184690.6161618177,1839814.7973317022,10
-1184227.30344529,1839814.7973317022,10
-1183763.9907287627,1839814.7973317022,10
-1183300.678012235,1839814.7973317022,10
-1182837.3652957077,1839814.7973317022,10
-1182374.05257918,1839814.7973317022,10
-1181910.7398626525,1839814.7973317022,10
-1181447.4271461251,1839814.7973317022,10
-1180984.1144295975,1839814.7973317022,10
-1180520.8017130701,1839814.7973317022,10
-1180057.4889965425,1839814.7973317022,10
-1179594.1762800151,1839814.7973317022,10
-1179130.8635634875,1839814.7973317022,10
-1178667.5508469602,1839814.7973317022,10
-1178204.2381304326,1839814.7973317022,10
-1177740.9254139052,1839814.7973317022,10
-1177277.6126973776,1839814.7973317022,10
-1176814.2999808502,1839814.7973317022,10
-1176350.9872643226,1839814.7973317022,10
-1175887.6745477952,1839814.7973317022,10
-1175424.3618312676,1839814.7973317022,10
-1174961.04911474,1839814.7973317022,10
-1174497.7363982126,1839814.7973317022,10
-1174034.4236816852,1839814.7973317022,10
-1173571.1109651576,1839814.7973317022,10
-1173107.79824863,1839814.7973317022,10
-1172644.4855321026,1839814.7973317022,10
-1172181.172815575,1839814.7973317022,10
-1171717.8600990477,1839814.7973317022,10
-1171254.54738252,1839814.7973317022,10
-1170791.2346659927,1839814.7973317022,10
-1170327.921949465,1839814.7973317022,10
-1169864.6092329377,1839814.7973317022,10
-1169401.29651641,1839814.7973317022,10
-1168937.9837998827,1839814.7973317022,10
-1168474.671083355,1839814.7973317022,10
-1168011.3583668275,1839814.7973317022,10
-1167548.0456503,1839814.7973317022,10
-1167084.7329337727,1839814.7973317022,10
-1166621.4202172451,1839814.7973317022,10
-1166158.1075007175,1839814.7973317022,10
-1165694.7947841901,1839814.7973317022,10
-1165231.4820676625,1839814.7973317022,10
-1164768.1693511351,1839814.7973317022,10
-1164304.8566346075,1839814.7973317022,10
-1163841.5439180802,1839814.7973317022,10
-1163378.2312015526,1839814.7973317022,10
-1162914.9184850252,1839814.7973317022,10
-1162451.6057684976,1839814.7973317022,10
-1161988.2930519702,1839814.7973317022,10
-1161524.9803354426,1839814.7973317022,10
-1161061.6676189152,1839814.7973317022,10
-1160598.3549023876,1839814.7973317022,10
-1160135.0421858602,1839814.7973317022,10
-1159671.7294693326,1839814.7973317022,10
-1159208.416752805,1839814.7973317022,10
-1158745.1040362776,1839814.7973317022,10
-1158281.79131975,1839814.7973317022,10
-1157818.4786032226,1839814.7973317022,10
-1157355.165886695,1839814.7973317022,10
-1156891.8531701677,1839814.7973317022,10
-1156428.54045364,1839814.7973317022,10
-1155965.2277371127,1839814.7973317022,10
-1155501.915020585,1839814.7973317022,10
-1155038.6023040577,1839814.7973317022,10
-1154575.28958753,1839814.7973317022,10
-1154111.9768710027,1839814.7973317022,10
-1153648.664154475,1839814.7973317022,10
-1153185.3514379477,1839814.7973317022,10
-1152722.03872142,1839814.7973317022,10
-1152258.7260048925,1839814.7973317022,10
-1151795.4132883651,1839814.7973317022,10
-1151332.1005718375,1839814.7973317022,10
-1150868.7878553101,1839814.7973317022,10
-1150405.4751387825,1839814.7973317022,10
-1149942.1624222551,1839814.7973317022,10
-1149478.8497057275,1839814.7973317022,10
-1149015.5369892002,1839814.7973317022,10
-1148552.2242726726,1839814.7973317022,10
-1148088.9115561452,1839814.7973317022,10
-1147625.5988396176,1839814.7973317022,10
-1147162.2861230902,1839814.7973317022,10
-1146698.9734065626,1839814.7973317022,10
-1146235.6606900352,1839814.7973317022,10
-1145772.3479735076,1839814.7973317022,10
-1357042.9467100475,1839351.4846151746,10
-1356579.6339935202,1839351.4846151746,10
-1356116.3212769926,1839351.4846151746,10
-1355653.0085604652,1839351.4846151746,10
-1355189.6958439376,1839351.4846151746,10
-1354726.3831274102,1839351.4846151746,10
-1354263.0704108826,1839351.4846151746,16
-1353799.7576943552,1839351.4846151746,16
-1353336.4449778276,1839351.4846151746,16
-1352873.1322613002,1839351.4846151746,16
-1352409.8195447726,1839351.4846151746,16
-1351946.506828245,1839351.4846151746,16
-1351483.1941117176,1839351.4846151746,16
-1351019.88139519,1839351.4846151746,16
-1350556.5686786626,1839351.4846151746,16
-1350093.255962135,1839351.4846151746,16
-1349629.9432456077,1839351.4846151746,16
-1349166.63052908,1839351.4846151746,16
-1348703.3178125527,1839351.4846151746,16
-1348240.005096025,1839351.4846151746,16
-1347776.6923794977,1839351.4846151746,16
-1347313.37966297,1839351.4846151746,16
-1346850.0669464427,1839351.4846151746,16
-1346386.754229915,1839351.4846151746,16
-1345923.4415133877,1839351.4846151746,16
-1345460.12879686,1839351.4846151746,16
-1344996.8160803327,1839351.4846151746,16
-1344533.5033638051,1839351.4846151746,16
-1344070.1906472775,1839351.4846151746,16
-1343606.8779307501,1839351.4846151746,16
-1343143.5652142225,1839351.4846151746,10
-1342680.2524976952,1839351.4846151746,10
-1342216.9397811675,1839351.4846151746,16
-1341753.6270646402,1839351.4846151746,16
-1341290.3143481126,1839351.4846151746,16
-1340827.0016315852,1839351.4846151746,16
-1340363.6889150576,1839351.4846151746,16
-1339900.3761985302,1839351.4846151746,16
-1339437.0634820026,1839351.4846151746,16
-1338973.7507654752,1839351.4846151746,16
-1338510.4380489476,1839351.4846151746,16
-1338047.1253324202,1839351.4846151746,16
-1337583.8126158926,1839351.4846151746,16
-1337120.499899365,1839351.4846151746,16
-1336657.1871828376,1839351.4846151746,16
-1336193.87446631,1839351.4846151746,16
-1335730.5617497826,1839351.4846151746,16
-1335267.249033255,1839351.4846151746,16
-1334803.9363167277,1839351.4846151746,16
-1334340.6236002,1839351.4846151746,16
-1333877.3108836727,1839351.4846151746,16
-1333413.998167145,1839351.4846151746,16
-1332950.6854506177,1839351.4846151746,16
-1332487.37273409,1839351.4846151746,16
-1332024.0600175627,1839351.4846151746,16
-1331560.747301035,1839351.4846151746,16
-1331097.4345845077,1839351.4846151746,16
-1330634.12186798,1839351.4846151746,16
-1330170.8091514525,1839351.4846151746,16
-1329707.4964349251,1839351.4846151746,16
-1329244.1837183975,1839351.4846151746,16
-1328780.8710018701,1839351.4846151746,16
-1328317.5582853425,1839351.4846151746,16
-1327854.2455688152,1839351.4846151746,16
-1327390.9328522875,1839351.4846151746,16
-1326927.6201357602,1839351.4846151746,16
-1326464.3074192326,1839351.4846151746,16
-1326000.9947027052,1839351.4846151746,16
-1325537.6819861776,1839351.4846151746,16
-1325074.3692696502,1839351.4846151746,16
-1324611.0565531226,1839351.4846151746,16
-1324147.7438365952,1839351.4846151746,16
-1323684.4311200676,1839351.4846151746,16
-1323221.11840354,1839351.4846151746,16
-1322757.8056870126,1839351.4846151746,7
-1322294.492970485,1839351.4846151746,16
-1321831.1802539576,1839351.4846151746,16
-1321367.86753743,1839351.4846151746,16
-1320904.5548209026,1839351.4846151746,10
-1320441.242104375,1839351.4846151746,10
-1319977.9293878477,1839351.4846151746,10
-1319514.61667132,1839351.4846151746,16
-1319051.3039547927,1839351.4846151746,16
-1318587.991238265,1839351.4846151746,16
-1318124.6785217377,1839351.4846151746,16
-1317661.36580521,1839351.4846151746,16
-1317198.0530886827,1839351.4846151746,16
-1316734.740372155,1839351.4846151746,16
-1316271.4276556277,1839351.4846151746,16
-1315808.1149391,1839351.4846151746,16
-1315344.8022225727,1839351.4846151746,16
-1314881.4895060451,1839351.4846151746,16
-1314418.1767895175,1839351.4846151746,16
-1313954.8640729901,1839351.4846151746,16
-1313491.5513564625,1839351.4846151746,16
-1313028.2386399352,1839351.4846151746,16
-1312564.9259234075,1839351.4846151746,16
-1312101.6132068802,1839351.4846151746,16
-1311638.3004903526,1839351.4846151746,16
-1311174.9877738252,1839351.4846151746,16
-1310711.6750572976,1839351.4846151746,16
-1310248.3623407702,1839351.4846151746,16
-1309785.0496242426,1839351.4846151746,16
-1309321.7369077152,1839351.4846151746,16
-1308858.4241911876,1839351.4846151746,16
-1308395.1114746602,1839351.4846151746,16
-1307931.7987581326,1839351.4846151746,16
-1307468.486041605,1839351.4846151746,16
-1307005.1733250776,1839351.4846151746,16
-1306541.86060855,1839351.4846151746,16
-1306078.5478920226,1839351.4846151746,16
-1305615.235175495,1839351.4846151746,16
-1305151.9224589677,1839351.4846151746,16
-1304688.60974244,1839351.4846151746,16
-1304225.2970259127,1839351.4846151746,16
-1303761.984309385,1839351.4846151746,16
-1303298.6715928577,1839351.4846151746,16
-1302835.35887633,1839351.4846151746,16
-1302372.0461598027,1839351.4846151746,16
-1301908.733443275,1839351.4846151746,10
-1301445.4207267477,1839351.4846151746,10
-1300982.10801022,1839351.4846151746,10
-1300518.7952936925,1839351.4846151746,10
-1300055.4825771651,1839351.4846151746,10
-1299592.1698606375,1839351.4846151746,10
-1299128.8571441101,1839351.4846151746,16
-1298665.5444275825,1839351.4846151746,10
-1298202.2317110552,1839351.4846151746,16
-1297738.9189945275,1839351.4846151746,16
-1297275.6062780002,1839351.4846151746,16
-1296812.2935614726,1839351.4846151746,16
-1296348.9808449452,1839351.4846151746,16
-1295885.6681284176,1839351.4846151746,16
-1295422.3554118902,1839351.4846151746,16
-1294959.0426953626,1839351.4846151746,16
-1294495.7299788352,1839351.4846151746,16
-1294032.4172623076,1839351.4846151746,16
-1293569.10454578,1839351.4846151746,16
-1293105.7918292526,1839351.4846151746,16
-1292642.479112725,1839351.4846151746,16
-1292179.1663961976,1839351.4846151746,16
-1291715.85367967,1839351.4846151746,16
-1291252.5409631426,1839351.4846151746,10
-1290789.228246615,1839351.4846151746,10
-1290325.9155300877,1839351.4846151746,10
-1289862.60281356,1839351.4846151746,10
-1289399.2900970327,1839351.4846151746,10
-1288935.977380505,1839351.4846151746,10
-1288472.6646639777,1839351.4846151746,10
-1288009.35194745,1839351.4846151746,10
-1287546.0392309227,1839351.4846151746,13
-1287082.726514395,1839351.4846151746,13
-1286619.4137978677,1839351.4846151746,7
-1286156.10108134,1839351.4846151746,10
-1285692.7883648127,1839351.4846151746,10
-1285229.4756482851,1839351.4846151746,10
-1284766.1629317575,1839351.4846151746,10
-1284302.8502152301,1839351.4846151746,10
-1283839.5374987025,1839351.4846151746,10
-1283376.2247821752,1839351.4846151746,10
-1282912.9120656475,1839351.4846151746,10
-1282449.5993491202,1839351.4846151746,10
-1281986.2866325926,1839351.4846151746,10
-1281522.9739160652,1839351.4846151746,10
-1281059.6611995376,1839351.4846151746,10
-1280596.3484830102,1839351.4846151746,10
-1280133.0357664826,1839351.4846151746,7
-1279669.7230499552,1839351.4846151746,10
-1279206.4103334276,1839351.4846151746,10
-1278743.0976169002,1839351.4846151746,10
-1278279.7849003726,1839351.4846151746,10
-1277816.472183845,1839351.4846151746,10
-1277353.1594673176,1839351.4846151746,10
-1276889.84675079,1839351.4846151746,10
-1276426.5340342626,1839351.4846151746,10
-1275963.221317735,1839351.4846151746,10
-1275499.9086012077,1839351.4846151746,10
-1275036.59588468,1839351.4846151746,10
-1274573.2831681527,1839351.4846151746,10
-1274109.970451625,1839351.4846151746,10
-1273646.6577350977,1839351.4846151746,10
-1273183.34501857,1839351.4846151746,10
-1272720.0323020427,1839351.4846151746,10
-1272256.719585515,1839351.4846151746,10
-1271793.4068689877,1839351.4846151746,10
-1271330.09415246,1839351.4846151746,16
-1270866.7814359325,1839351.4846151746,10
-1270403.4687194051,1839351.4846151746,10
-1269940.1560028775,1839351.4846151746,10
-1269476.8432863501,1839351.4846151746,10
-1269013.5305698225,1839351.4846151746,10
-1268550.2178532952,1839351.4846151746,10
-1268086.9051367675,1839351.4846151746,10
-1267623.5924202402,1839351.4846151746,10
-1267160.2797037126,1839351.4846151746,10
-1266696.9669871852,1839351.4846151746,10
-1266233.6542706576,1839351.4846151746,10
-1265770.3415541302,1839351.4846151746,10
-1265307.0288376026,1839351.4846151746,10
-1264843.7161210752,1839351.4846151746,10
-1264380.4034045476,1839351.4846151746,10
-1263917.09068802,1839351.4846151746,10
-1263453.7779714926,1839351.4846151746,10
-1262990.465254965,1839351.4846151746,10
-1262527.1525384376,1839351.4846151746,10
-1262063.83982191,1839351.4846151746,10
-1261600.5271053826,1839351.4846151746,10
-1261137.214388855,1839351.4846151746,10
-1260673.9016723277,1839351.4846151746,10
-1260210.5889558,1839351.4846151746,7
-1259747.2762392727,1839351.4846151746,10
-1259283.963522745,1839351.4846151746,10
-1258820.6508062177,1839351.4846151746,10
-1258357.33808969,1839351.4846151746,10
-1257894.0253731627,1839351.4846151746,10
-1257430.712656635,1839351.4846151746,10
-1256967.3999401077,1839351.4846151746,10
-1256504.08722358,1839351.4846151746,10
-1256040.7745070527,1839351.4846151746,10
-1255577.4617905251,1839351.4846151746,10
-1255114.1490739975,1839351.4846151746,10
-1254650.8363574701,1839351.4846151746,10
-1254187.5236409425,1839351.4846151746,10
-1253724.2109244152,1839351.4846151746,10
-1253260.8982078875,1839351.4846151746,10
-1252797.5854913602,1839351.4846151746,10
-1252334.2727748326,1839351.4846151746,10
-1251870.9600583052,1839351.4846151746,10
-1251407.6473417776,1839351.4846151746,10
-1250944.3346252502,1839351.4846151746,10
-1250481.0219087226,1839351.4846151746,10
-1250017.7091921952,1839351.4846151746,10
-1249554.3964756676,1839351.4846151746,10
-1249091.0837591402,1839351.4846151746,10
-1248627.7710426126,1839351.4846151746,10
-1248164.458326085,1839351.4846151746,10
-1247701.1456095576,1839351.4846151746,10
-1247237.83289303,1839351.4846151746,10
-1246774.5201765026,1839351.4846151746,10
-1246311.207459975,1839351.4846151746,10
-1245847.8947434477,1839351.4846151746,10
-1245384.58202692,1839351.4846151746,10
-1244921.2693103927,1839351.4846151746,10
-1244457.956593865,1839351.4846151746,10
-1243994.6438773377,1839351.4846151746,10
-1243531.33116081,1839351.4846151746,10
-1243068.0184442827,1839351.4846151746,10
-1242604.705727755,1839351.4846151746,10
-1242141.3930112277,1839351.4846151746,10
-1241678.0802947,1839351.4846151746,10
-1241214.7675781725,1839351.4846151746,10
-1240751.4548616451,1839351.4846151746,10
-1240288.1421451175,1839351.4846151746,10
-1239824.8294285901,1839351.4846151746,10
-1239361.5167120625,1839351.4846151746,10
-1238898.2039955352,1839351.4846151746,10
-1238434.8912790075,1839351.4846151746,10
-1237971.5785624802,1839351.4846151746,10
-1237508.2658459526,1839351.4846151746,10
-1237044.9531294252,1839351.4846151746,10
-1236581.6404128976,1839351.4846151746,10
-1236118.3276963702,1839351.4846151746,10
-1235655.0149798426,1839351.4846151746,10
-1235191.7022633152,1839351.4846151746,10
-1234728.3895467876,1839351.4846151746,10
-1234265.07683026,1839351.4846151746,10
-1233801.7641137326,1839351.4846151746,10
-1233338.4513972052,1839351.4846151746,10
-1232875.1386806776,1839351.4846151746,10
-1232411.82596415,1839351.4846151746,10
-1231948.5132476226,1839351.4846151746,10
-1231485.200531095,1839351.4846151746,10
-1231021.8878145677,1839351.4846151746,10
-1230558.57509804,1839351.4846151746,10
-1230095.2623815127,1839351.4846151746,10
-1229631.949664985,1839351.4846151746,10
-1229168.6369484577,1839351.4846151746,10
-1228705.32423193,1839351.4846151746,10
-1228242.0115154027,1839351.4846151746,10
-1227778.698798875,1839351.4846151746,10
-1227315.3860823475,1839351.4846151746,10
-1226852.07336582,1839351.4846151746,10
-1226388.7606492927,1839351.4846151746,10
-1225925.4479327651,1839351.4846151746,10
-1225462.1352162375,1839351.4846151746,10
-1224998.8224997101,1839351.4846151746,10
-1224535.5097831825,1839351.4846151746,10
-1224072.1970666551,1839351.4846151746,10
-1223608.8843501275,1839351.4846151746,10
-1223145.5716336002,1839351.4846151746,10
-1222682.2589170726,1839351.4846151746,10
-1222218.9462005452,1839351.4846151746,10
-1221755.6334840176,1839351.4846151746,10
-1221292.3207674902,1839351.4846151746,10
-1220829.0080509626,1839351.4846151746,10
-1220365.6953344352,1839351.4846151746,10
-1219902.3826179076,1839351.4846151746,10
-1219439.0699013802,1839351.4846151746,10
-1218975.7571848526,1839351.4846151746,10
-1218512.444468325,1839351.4846151746,10
-1218049.1317517976,1839351.4846151746,10
-1217585.81903527,1839351.4846151746,10
-1217122.5063187426,1839351.4846151746,10
-1216659.193602215,1839351.4846151746,10
-1216195.8808856877,1839351.4846151746,10
-1215732.56816916,1839351.4846151746,10
-1215269.2554526327,1839351.4846151746,10
-1214805.942736105,1839351.4846151746,10
-1214342.6300195777,1839351.4846151746,10
-1213879.31730305,1839351.4846151746,10
-1213416.0045865227,1839351.4846151746,10
-1212952.691869995,1839351.4846151746,10
-1212489.3791534677,1839351.4846151746,10
-1212026.06643694,1839351.4846151746,10
-1211562.7537204125,1839351.4846151746,10
-1211099.4410038851,1839351.4846151746,10
-1210636.1282873575,1839351.4846151746,10
-1210172.8155708301,1839351.4846151746,10
-1209709.5028543025,1839351.4846151746,10
-1209246.1901377751,1839351.4846151746,10
-1208782.8774212475,1839351.4846151746,10
-1208319.5647047202,1839351.4846151746,10
-1207856.2519881926,1839351.4846151746,10
-1207392.9392716652,1839351.4846151746,10
-1206929.6265551376,1839351.4846151746,10
-1206466.3138386102,1839351.4846151746,10
-1206003.0011220826,1839351.4846151746,10
-1205539.6884055552,1839351.4846151746,10
-1205076.3756890276,1839351.4846151746,10
-1204613.0629725,1839351.4846151746,10
-1204149.7502559726,1839351.4846151746,10
-1203686.4375394452,1839351.4846151746,10
-1203223.1248229176,1839351.4846151746,10
-1202759.81210639,1839351.4846151746,10
-1202296.4993898626,1839351.4846151746,10
-1201833.186673335,1839351.4846151746,10
-1201369.8739568077,1839351.4846151746,10
-1200906.56124028,1839351.4846151746,10
-1200443.2485237527,1839351.4846151746,10
-1199979.935807225,1839351.4846151746,10
-1199516.6230906977,1839351.4846151746,10
-1199053.31037417,1839351.4846151746,10
-1198589.9976576427,1839351.4846151746,10
-1198126.684941115,1839351.4846151746,10
-1197663.3722245875,1839351.4846151746,10
-1197200.05950806,1839351.4846151746,10
-1196736.7467915327,1839351.4846151746,10
-1196273.4340750051,1839351.4846151746,10
-1195810.1213584775,1839351.4846151746,10
-1195346.8086419501,1839351.4846151746,10
-1194883.4959254225,1839351.4846151746,10
-1194420.1832088951,1839351.4846151746,10
-1193956.8704923675,1839351.4846151746,10
-1193493.5577758402,1839351.4846151746,10
-1193030.2450593126,1839351.4846151746,10
-1192566.9323427852,1839351.4846151746,10
-1192103.6196262576,1839351.4846151746,10
-1191640.3069097302,1839351.4846151746,10
-1191176.9941932026,1839351.4846151746,10
-1190713.6814766752,1839351.4846151746,10
-1190250.3687601476,1839351.4846151746,10
-1189787.0560436202,1839351.4846151746,10
-1189323.7433270926,1839351.4846151746,10
-1188860.430610565,1839351.4846151746,10
-1188397.1178940376,1839351.4846151746,10
-1187933.80517751,1839351.4846151746,10
-1187470.4924609826,1839351.4846151746,10
-1187007.179744455,1839351.4846151746,10
-1186543.8670279277,1839351.4846151746,10
-1186080.5543114,1839351.4846151746,10
-1185617.2415948727,1839351.4846151746,10
-1185153.928878345,1839351.4846151746,10
-1184690.6161618177,1839351.4846151746,10
-1184227.30344529,1839351.4846151746,10
-1183763.9907287627,1839351.4846151746,10
-1183300.678012235,1839351.4846151746,10
-1182837.3652957077,1839351.4846151746,10
-1182374.05257918,1839351.4846151746,10
-1181910.7398626525,1839351.4846151746,10
-1181447.4271461251,1839351.4846151746,10
-1180984.1144295975,1839351.4846151746,10
-1180520.8017130701,1839351.4846151746,10
-1180057.4889965425,1839351.4846151746,10
-1179594.1762800151,1839351.4846151746,10
-1179130.8635634875,1839351.4846151746,10
-1178667.5508469602,1839351.4846151746,10
-1178204.2381304326,1839351.4846151746,10
-1177740.9254139052,1839351.4846151746,10
-1177277.6126973776,1839351.4846151746,10
-1176814.2999808502,1839351.4846151746,10
-1176350.9872643226,1839351.4846151746,10
-1175887.6745477952,1839351.4846151746,10
-1175424.3618312676,1839351.4846151746,10
-1174961.04911474,1839351.4846151746,10
-1174497.7363982126,1839351.4846151746,10
-1174034.4236816852,1839351.4846151746,10
-1173571.1109651576,1839351.4846151746,10
-1173107.79824863,1839351.4846151746,10
-1172644.4855321026,1839351.4846151746,10
-1172181.172815575,1839351.4846151746,10
-1171717.8600990477,1839351.4846151746,10
-1171254.54738252,1839351.4846151746,10
-1170791.2346659927,1839351.4846151746,10
-1170327.921949465,1839351.4846151746,10
-1169864.6092329377,1839351.4846151746,10
-1169401.29651641,1839351.4846151746,10
-1168937.9837998827,1839351.4846151746,10
-1168474.671083355,1839351.4846151746,10
-1168011.3583668275,1839351.4846151746,10
-1167548.0456503,1839351.4846151746,10
-1167084.7329337727,1839351.4846151746,10
-1166621.4202172451,1839351.4846151746,10
-1166158.1075007175,1839351.4846151746,10
-1165694.7947841901,1839351.4846151746,10
-1165231.4820676625,1839351.4846151746,10
-1164768.1693511351,1839351.4846151746,10
-1164304.8566346075,1839351.4846151746,10
-1163841.5439180802,1839351.4846151746,10
-1163378.2312015526,1839351.4846151746,10
-1162914.9184850252,1839351.4846151746,10
-1162451.6057684976,1839351.4846151746,10
-1161988.2930519702,1839351.4846151746,10
-1161524.9803354426,1839351.4846151746,10
-1161061.6676189152,1839351.4846151746,10
-1160598.3549023876,1839351.4846151746,10
-1160135.0421858602,1839351.4846151746,10
-1159671.7294693326,1839351.4846151746,10
-1159208.416752805,1839351.4846151746,10
-1158745.1040362776,1839351.4846151746,10
-1158281.79131975,1839351.4846151746,10
-1157818.4786032226,1839351.4846151746,10
-1157355.165886695,1839351.4846151746,10
-1156891.8531701677,1839351.4846151746,10
-1156428.54045364,1839351.4846151746,10
-1155965.2277371127,1839351.4846151746,10
-1155501.915020585,1839351.4846151746,10
-1155038.6023040577,1839351.4846151746,10
-1154575.28958753,1839351.4846151746,10
-1154111.9768710027,1839351.4846151746,10
-1153648.664154475,1839351.4846151746,10
-1153185.3514379477,1839351.4846151746,10
-1152722.03872142,1839351.4846151746,10
-1152258.7260048925,1839351.4846151746,10
-1151795.4132883651,1839351.4846151746,10
-1151332.1005718375,1839351.4846151746,10
-1150868.7878553101,1839351.4846151746,10
-1150405.4751387825,1839351.4846151746,10
-1149942.1624222551,1839351.4846151746,10
-1149478.8497057275,1839351.4846151746,10
-1149015.5369892002,1839351.4846151746,10
-1148552.2242726726,1839351.4846151746,10
-1148088.9115561452,1839351.4846151746,10
-1147625.5988396176,1839351.4846151746,10
-1147162.2861230902,1839351.4846151746,10
-1146698.9734065626,1839351.4846151746,10
-1357042.9467100475,1838888.1718986472,10
-1356579.6339935202,1838888.1718986472,10
-1356116.3212769926,1838888.1718986472,10
-1355653.0085604652,1838888.1718986472,10
-1355189.6958439376,1838888.1718986472,10
-1354726.3831274102,1838888.1718986472,10
-1354263.0704108826,1838888.1718986472,10
-1353799.7576943552,1838888.1718986472,10
-1353336.4449778276,1838888.1718986472,10
-1352873.1322613002,1838888.1718986472,10
-1352409.8195447726,1838888.1718986472,16
-1351946.506828245,1838888.1718986472,16
-1351483.1941117176,1838888.1718986472,16
-1351019.88139519,1838888.1718986472,16
-1350556.5686786626,1838888.1718986472,16
-1350093.255962135,1838888.1718986472,16
-1349629.9432456077,1838888.1718986472,16
-1349166.63052908,1838888.1718986472,16
-1348703.3178125527,1838888.1718986472,16
-1348240.005096025,1838888.1718986472,16
-1347776.6923794977,1838888.1718986472,16
-1347313.37966297,1838888.1718986472,16
-1346850.0669464427,1838888.1718986472,16
-1346386.754229915,1838888.1718986472,16
-1345923.4415133877,1838888.1718986472,16
-1345460.12879686,1838888.1718986472,16
-1344996.8160803327,1838888.1718986472,16
-1344533.5033638051,1838888.1718986472,16
-1344070.1906472775,1838888.1718986472,16
-1343606.8779307501,1838888.1718986472,16
-1343143.5652142225,1838888.1718986472,16
-1342680.2524976952,1838888.1718986472,10
-1342216.9397811675,1838888.1718986472,16
-1341753.6270646402,1838888.1718986472,16
-1341290.3143481126,1838888.1718986472,16
-1340827.0016315852,1838888.1718986472,16
-1340363.6889150576,1838888.1718986472,16
-1339900.3761985302,1838888.1718986472,16
-1339437.0634820026,1838888.1718986472,16
-1338973.7507654752,1838888.1718986472,16
-1338510.4380489476,1838888.1718986472,16
-1338047.1253324202,1838888.1718986472,16
-1337583.8126158926,1838888.1718986472,16
-1337120.499899365,1838888.1718986472,16
-1336657.1871828376,1838888.1718986472,16
-1336193.87446631,1838888.1718986472,16
-1335730.5617497826,1838888.1718986472,16
-1335267.249033255,1838888.1718986472,16
-1334803.9363167277,1838888.1718986472,16
-1334340.6236002,1838888.1718986472,16
-1333877.3108836727,1838888.1718986472,16
-1333413.998167145,1838888.1718986472,16
-1332950.6854506177,1838888.1718986472,16
-1332487.37273409,1838888.1718986472,16
-1332024.0600175627,1838888.1718986472,16
-1331560.747301035,1838888.1718986472,16
-1331097.4345845077,1838888.1718986472,16
-1330634.12186798,1838888.1718986472,16
-1330170.8091514525,1838888.1718986472,16
-1329707.4964349251,1838888.1718986472,16
-1329244.1837183975,1838888.1718986472,16
-1328780.8710018701,1838888.1718986472,16
-1328317.5582853425,1838888.1718986472,16
-1327854.2455688152,1838888.1718986472,16
-1327390.9328522875,1838888.1718986472,16
-1326927.6201357602,1838888.1718986472,16
-1326464.3074192326,1838888.1718986472,16
-1326000.9947027052,1838888.1718986472,16
-1325537.6819861776,1838888.1718986472,16
-1325074.3692696502,1838888.1718986472,16
-1324611.0565531226,1838888.1718986472,16
-1324147.7438365952,1838888.1718986472,16
-1323684.4311200676,1838888.1718986472,16
-1323221.11840354,1838888.1718986472,16
-1322757.8056870126,1838888.1718986472,16
-1322294.492970485,1838888.1718986472,16
-1321831.1802539576,1838888.1718986472,16
-1321367.86753743,1838888.1718986472,16
-1320904.5548209026,1838888.1718986472,10
-1320441.242104375,1838888.1718986472,10
-1319977.9293878477,1838888.1718986472,16
-1319514.61667132,1838888.1718986472,16
-1319051.3039547927,1838888.1718986472,16
-1318587.991238265,1838888.1718986472,16
-1318124.6785217377,1838888.1718986472,16
-1317661.36580521,1838888.1718986472,16
-1317198.0530886827,1838888.1718986472,16
-1316734.740372155,1838888.1718986472,16
-1316271.4276556277,1838888.1718986472,16
-1315808.1149391,1838888.1718986472,16
-1315344.8022225727,1838888.1718986472,10
-1314881.4895060451,1838888.1718986472,10
-1314418.1767895175,1838888.1718986472,10
-1313954.8640729901,1838888.1718986472,16
-1313491.5513564625,1838888.1718986472,16
-1313028.2386399352,1838888.1718986472,16
-1312564.9259234075,1838888.1718986472,16
-1312101.6132068802,1838888.1718986472,16
-1311638.3004903526,1838888.1718986472,16
-1311174.9877738252,1838888.1718986472,16
-1310711.6750572976,1838888.1718986472,16
-1310248.3623407702,1838888.1718986472,16
-1309785.0496242426,1838888.1718986472,16
-1309321.7369077152,1838888.1718986472,16
-1308858.4241911876,1838888.1718986472,16
-1308395.1114746602,1838888.1718986472,16
-1307931.7987581326,1838888.1718986472,16
-1307468.486041605,1838888.1718986472,16
-1307005.1733250776,1838888.1718986472,16
-1306541.86060855,1838888.1718986472,16
-1306078.5478920226,1838888.1718986472,16
-1305615.235175495,1838888.1718986472,16
-1305151.9224589677,1838888.1718986472,16
-1304688.60974244,1838888.1718986472,16
-1304225.2970259127,1838888.1718986472,16
-1303761.984309385,1838888.1718986472,16
-1303298.6715928577,1838888.1718986472,16
-1302835.35887633,1838888.1718986472,16
-1302372.0461598027,1838888.1718986472,16
-1301908.733443275,1838888.1718986472,10
-1301445.4207267477,1838888.1718986472,10
-1300982.10801022,1838888.1718986472,10
-1300518.7952936925,1838888.1718986472,10
-1300055.4825771651,1838888.1718986472,10
-1299592.1698606375,1838888.1718986472,16
-1299128.8571441101,1838888.1718986472,16
-1298665.5444275825,1838888.1718986472,10
-1298202.2317110552,1838888.1718986472,7
-1297738.9189945275,1838888.1718986472,10
-1297275.6062780002,1838888.1718986472,10
-1296812.2935614726,1838888.1718986472,16
-1296348.9808449452,1838888.1718986472,16
-1295885.6681284176,1838888.1718986472,16
-1295422.3554118902,1838888.1718986472,16
-1294959.0426953626,1838888.1718986472,16
-1294495.7299788352,1838888.1718986472,16
-1294032.4172623076,1838888.1718986472,16
-1293569.10454578,1838888.1718986472,16
-1293105.7918292526,1838888.1718986472,16
-1292642.479112725,1838888.1718986472,16
-1292179.1663961976,1838888.1718986472,16
-1291715.85367967,1838888.1718986472,16
-1291252.5409631426,1838888.1718986472,10
-1290789.228246615,1838888.1718986472,10
-1290325.9155300877,1838888.1718986472,10
-1289862.60281356,1838888.1718986472,16
-1289399.2900970327,1838888.1718986472,10
-1288935.977380505,1838888.1718986472,10
-1288472.6646639777,1838888.1718986472,10
-1288009.35194745,1838888.1718986472,10
-1287546.0392309227,1838888.1718986472,13
-1287082.726514395,1838888.1718986472,13
-1286619.4137978677,1838888.1718986472,10
-1286156.10108134,1838888.1718986472,10
-1285692.7883648127,1838888.1718986472,10
-1285229.4756482851,1838888.1718986472,10
-1284766.1629317575,1838888.1718986472,10
-1284302.8502152301,1838888.1718986472,10
-1283839.5374987025,1838888.1718986472,10
-1283376.2247821752,1838888.1718986472,10
-1282912.9120656475,1838888.1718986472,10
-1282449.5993491202,1838888.1718986472,10
-1281986.2866325926,1838888.1718986472,10
-1281522.9739160652,1838888.1718986472,7
-1281059.6611995376,1838888.1718986472,7
-1280596.3484830102,1838888.1718986472,10
-1280133.0357664826,1838888.1718986472,10
-1279669.7230499552,1838888.1718986472,10
-1279206.4103334276,1838888.1718986472,10
-1278743.0976169002,1838888.1718986472,10
-1278279.7849003726,1838888.1718986472,10
-1277816.472183845,1838888.1718986472,10
-1277353.1594673176,1838888.1718986472,10
-1276889.84675079,1838888.1718986472,10
-1276426.5340342626,1838888.1718986472,10
-1275963.221317735,1838888.1718986472,10
-1275499.9086012077,1838888.1718986472,10
-1275036.59588468,1838888.1718986472,10
-1274573.2831681527,1838888.1718986472,10
-1274109.970451625,1838888.1718986472,10
-1273646.6577350977,1838888.1718986472,10
-1273183.34501857,1838888.1718986472,10
-1272720.0323020427,1838888.1718986472,10
-1272256.719585515,1838888.1718986472,10
-1271793.4068689877,1838888.1718986472,10
-1271330.09415246,1838888.1718986472,10
-1270866.7814359325,1838888.1718986472,10
-1270403.4687194051,1838888.1718986472,10
-1269940.1560028775,1838888.1718986472,10
-1269476.8432863501,1838888.1718986472,10
-1269013.5305698225,1838888.1718986472,10
-1268550.2178532952,1838888.1718986472,10
-1268086.9051367675,1838888.1718986472,10
-1267623.5924202402,1838888.1718986472,10
-1267160.2797037126,1838888.1718986472,10
-1266696.9669871852,1838888.1718986472,10
-1266233.6542706576,1838888.1718986472,10
-1265770.3415541302,1838888.1718986472,10
-1265307.0288376026,1838888.1718986472,10
-1264843.7161210752,1838888.1718986472,10
-1264380.4034045476,1838888.1718986472,10
-1263917.09068802,1838888.1718986472,10
-1263453.7779714926,1838888.1718986472,10
-1262990.465254965,1838888.1718986472,10
-1262527.1525384376,1838888.1718986472,10
-1262063.83982191,1838888.1718986472,10
-1261600.5271053826,1838888.1718986472,10
-1261137.214388855,1838888.1718986472,10
-1260673.9016723277,1838888.1718986472,10
-1260210.5889558,1838888.1718986472,10
-1259747.2762392727,1838888.1718986472,10
-1259283.963522745,1838888.1718986472,10
-1258820.6508062177,1838888.1718986472,10
-1258357.33808969,1838888.1718986472,10
-1257894.0253731627,1838888.1718986472,10
-1257430.712656635,1838888.1718986472,10
-1256967.3999401077,1838888.1718986472,10
-1256504.08722358,1838888.1718986472,10
-1256040.7745070527,1838888.1718986472,10
-1255577.4617905251,1838888.1718986472,10
-1255114.1490739975,1838888.1718986472,10
-1254650.8363574701,1838888.1718986472,10
-1254187.5236409425,1838888.1718986472,10
-1253724.2109244152,1838888.1718986472,10
-1253260.8982078875,1838888.1718986472,10
-1252797.5854913602,1838888.1718986472,10
-1252334.2727748326,1838888.1718986472,10
-1251870.9600583052,1838888.1718986472,10
-1251407.6473417776,1838888.1718986472,10
-1250944.3346252502,1838888.1718986472,10
-1250481.0219087226,1838888.1718986472,10
-1250017.7091921952,1838888.1718986472,10
-1249554.3964756676,1838888.1718986472,10
-1249091.0837591402,1838888.1718986472,10
-1248627.7710426126,1838888.1718986472,10
-1248164.458326085,1838888.1718986472,10
-1247701.1456095576,1838888.1718986472,10
-1247237.83289303,1838888.1718986472,10
-1246774.5201765026,1838888.1718986472,10
-1246311.207459975,1838888.1718986472,10
-1245847.8947434477,1838888.1718986472,10
-1245384.58202692,1838888.1718986472,10
-1244921.2693103927,1838888.1718986472,10
-1244457.956593865,1838888.1718986472,10
-1243994.6438773377,1838888.1718986472,10
-1243531.33116081,1838888.1718986472,10
-1243068.0184442827,1838888.1718986472,10
-1242604.705727755,1838888.1718986472,10
-1242141.3930112277,1838888.1718986472,10
-1241678.0802947,1838888.1718986472,10
-1241214.7675781725,1838888.1718986472,10
-1240751.4548616451,1838888.1718986472,10
-1240288.1421451175,1838888.1718986472,10
-1239824.8294285901,1838888.1718986472,10
-1239361.5167120625,1838888.1718986472,10
-1238898.2039955352,1838888.1718986472,10
-1238434.8912790075,1838888.1718986472,10
-1237971.5785624802,1838888.1718986472,10
-1237508.2658459526,1838888.1718986472,10
-1237044.9531294252,1838888.1718986472,10
-1236581.6404128976,1838888.1718986472,10
-1236118.3276963702,1838888.1718986472,10
-1235655.0149798426,1838888.1718986472,10
-1235191.7022633152,1838888.1718986472,10
-1234728.3895467876,1838888.1718986472,10
-1234265.07683026,1838888.1718986472,10
-1233801.7641137326,1838888.1718986472,10
-1233338.4513972052,1838888.1718986472,10
-1232875.1386806776,1838888.1718986472,10
-1232411.82596415,1838888.1718986472,10
-1231948.5132476226,1838888.1718986472,10
-1231485.200531095,1838888.1718986472,10
-1231021.8878145677,1838888.1718986472,10
-1230558.57509804,1838888.1718986472,10
-1230095.2623815127,1838888.1718986472,10
-1229631.949664985,1838888.1718986472,10
-1229168.6369484577,1838888.1718986472,10
-1228705.32423193,1838888.1718986472,10
-1228242.0115154027,1838888.1718986472,10
-1227778.698798875,1838888.1718986472,10
-1227315.3860823475,1838888.1718986472,10
-1226852.07336582,1838888.1718986472,10
-1226388.7606492927,1838888.1718986472,10
-1225925.4479327651,1838888.1718986472,10
-1225462.1352162375,1838888.1718986472,10
-1224998.8224997101,1838888.1718986472,10
-1224535.5097831825,1838888.1718986472,10
-1224072.1970666551,1838888.1718986472,10
-1223608.8843501275,1838888.1718986472,10
-1223145.5716336002,1838888.1718986472,10
-1222682.2589170726,1838888.1718986472,10
-1222218.9462005452,1838888.1718986472,10
-1221755.6334840176,1838888.1718986472,10
-1221292.3207674902,1838888.1718986472,10
-1220829.0080509626,1838888.1718986472,10
-1220365.6953344352,1838888.1718986472,10
-1219902.3826179076,1838888.1718986472,10
-1219439.0699013802,1838888.1718986472,10
-1218975.7571848526,1838888.1718986472,10
-1218512.444468325,1838888.1718986472,10
-1218049.1317517976,1838888.1718986472,10
-1217585.81903527,1838888.1718986472,10
-1217122.5063187426,1838888.1718986472,10
-1216659.193602215,1838888.1718986472,10
-1216195.8808856877,1838888.1718986472,10
-1215732.56816916,1838888.1718986472,10
-1215269.2554526327,1838888.1718986472,10
-1214805.942736105,1838888.1718986472,10
-1214342.6300195777,1838888.1718986472,10
-1213879.31730305,1838888.1718986472,10
-1213416.0045865227,1838888.1718986472,10
-1212952.691869995,1838888.1718986472,10
-1212489.3791534677,1838888.1718986472,10
-1212026.06643694,1838888.1718986472,10
-1211562.7537204125,1838888.1718986472,10
-1211099.4410038851,1838888.1718986472,10
-1210636.1282873575,1838888.1718986472,10
-1210172.8155708301,1838888.1718986472,10
-1209709.5028543025,1838888.1718986472,10
-1209246.1901377751,1838888.1718986472,10
-1208782.8774212475,1838888.1718986472,10
-1208319.5647047202,1838888.1718986472,10
-1207856.2519881926,1838888.1718986472,10
-1207392.9392716652,1838888.1718986472,10
-1206929.6265551376,1838888.1718986472,10
-1206466.3138386102,1838888.1718986472,10
-1206003.0011220826,1838888.1718986472,10
-1205539.6884055552,1838888.1718986472,10
-1205076.3756890276,1838888.1718986472,10
-1204613.0629725,1838888.1718986472,10
-1204149.7502559726,1838888.1718986472,10
-1203686.4375394452,1838888.1718986472,10
-1203223.1248229176,1838888.1718986472,10
-1202759.81210639,1838888.1718986472,10
-1202296.4993898626,1838888.1718986472,10
-1201833.186673335,1838888.1718986472,10
-1201369.8739568077,1838888.1718986472,10
-1200906.56124028,1838888.1718986472,10
-1200443.2485237527,1838888.1718986472,10
-1199979.935807225,1838888.1718986472,10
-1199516.6230906977,1838888.1718986472,10
-1199053.31037417,1838888.1718986472,10
-1198589.9976576427,1838888.1718986472,10
-1198126.684941115,1838888.1718986472,10
-1197663.3722245875,1838888.1718986472,10
-1197200.05950806,1838888.1718986472,10
-1196736.7467915327,1838888.1718986472,10
-1196273.4340750051,1838888.1718986472,10
-1195810.1213584775,1838888.1718986472,10
-1195346.8086419501,1838888.1718986472,10
-1194883.4959254225,1838888.1718986472,10
-1194420.1832088951,1838888.1718986472,10
-1193956.8704923675,1838888.1718986472,10
-1193493.5577758402,1838888.1718986472,10
-1193030.2450593126,1838888.1718986472,10
-1192566.9323427852,1838888.1718986472,10
-1192103.6196262576,1838888.1718986472,10
-1191640.3069097302,1838888.1718986472,10
-1191176.9941932026,1838888.1718986472,10
-1190713.6814766752,1838888.1718986472,10
-1190250.3687601476,1838888.1718986472,10
-1189787.0560436202,1838888.1718986472,10
-1189323.7433270926,1838888.1718986472,10
-1188860.430610565,1838888.1718986472,10
-1188397.1178940376,1838888.1718986472,10
-1187933.80517751,1838888.1718986472,10
-1187470.4924609826,1838888.1718986472,10
-1187007.179744455,1838888.1718986472,10
-1186543.8670279277,1838888.1718986472,10
-1186080.5543114,1838888.1718986472,10
-1185617.2415948727,1838888.1718986472,10
-1185153.928878345,1838888.1718986472,10
-1184690.6161618177,1838888.1718986472,10
-1184227.30344529,1838888.1718986472,10
-1183763.9907287627,1838888.1718986472,10
-1183300.678012235,1838888.1718986472,10
-1182837.3652957077,1838888.1718986472,10
-1182374.05257918,1838888.1718986472,10
-1181910.7398626525,1838888.1718986472,10
-1181447.4271461251,1838888.1718986472,10
-1180984.1144295975,1838888.1718986472,10
-1180520.8017130701,1838888.1718986472,10
-1180057.4889965425,1838888.1718986472,10
-1179594.1762800151,1838888.1718986472,10
-1179130.8635634875,1838888.1718986472,10
-1178667.5508469602,1838888.1718986472,10
-1178204.2381304326,1838888.1718986472,10
-1177740.9254139052,1838888.1718986472,10
-1177277.6126973776,1838888.1718986472,10
-1176814.2999808502,1838888.1718986472,10
-1176350.9872643226,1838888.1718986472,10
-1175887.6745477952,1838888.1718986472,10
-1175424.3618312676,1838888.1718986472,10
-1174961.04911474,1838888.1718986472,10
-1174497.7363982126,1838888.1718986472,10
-1174034.4236816852,1838888.1718986472,10
-1173571.1109651576,1838888.1718986472,10
-1173107.79824863,1838888.1718986472,10
-1172644.4855321026,1838888.1718986472,10
-1172181.172815575,1838888.1718986472,10
-1171717.8600990477,1838888.1718986472,10
-1171254.54738252,1838888.1718986472,10
-1170791.2346659927,1838888.1718986472,10
-1170327.921949465,1838888.1718986472,10
-1169864.6092329377,1838888.1718986472,10
-1169401.29651641,1838888.1718986472,10
-1168937.9837998827,1838888.1718986472,10
-1168474.671083355,1838888.1718986472,10
-1168011.3583668275,1838888.1718986472,10
-1167548.0456503,1838888.1718986472,10
-1167084.7329337727,1838888.1718986472,10
-1166621.4202172451,1838888.1718986472,10
-1166158.1075007175,1838888.1718986472,10
-1165694.7947841901,1838888.1718986472,10
-1165231.4820676625,1838888.1718986472,10
-1164768.1693511351,1838888.1718986472,10
-1164304.8566346075,1838888.1718986472,10
-1163841.5439180802,1838888.1718986472,10
-1163378.2312015526,1838888.1718986472,10
-1162914.9184850252,1838888.1718986472,10
-1162451.6057684976,1838888.1718986472,10
-1161988.2930519702,1838888.1718986472,10
-1161524.9803354426,1838888.1718986472,10
-1161061.6676189152,1838888.1718986472,10
-1160598.3549023876,1838888.1718986472,10
-1160135.0421858602,1838888.1718986472,10
-1159671.7294693326,1838888.1718986472,10
-1159208.416752805,1838888.1718986472,10
-1158745.1040362776,1838888.1718986472,10
-1158281.79131975,1838888.1718986472,10
-1157818.4786032226,1838888.1718986472,10
-1157355.165886695,1838888.1718986472,10
-1156891.8531701677,1838888.1718986472,10
-1156428.54045364,1838888.1718986472,10
-1155965.2277371127,1838888.1718986472,10
-1155501.915020585,1838888.1718986472,10
-1155038.6023040577,1838888.1718986472,10
-1154575.28958753,1838888.1718986472,10
-1154111.9768710027,1838888.1718986472,10
-1153648.664154475,1838888.1718986472,10
-1153185.3514379477,1838888.1718986472,10
-1152722.03872142,1838888.1718986472,10
-1152258.7260048925,1838888.1718986472,10
-1151795.4132883651,1838888.1718986472,10
-1151332.1005718375,1838888.1718986472,10
-1150868.7878553101,1838888.1718986472,10
-1150405.4751387825,1838888.1718986472,10
-1149942.1624222551,1838888.1718986472,10
-1149478.8497057275,1838888.1718986472,10
-1149015.5369892002,1838888.1718986472,10
-1148552.2242726726,1838888.1718986472,10
-1148088.9115561452,1838888.1718986472,10
-1147625.5988396176,1838888.1718986472,10
-1147162.2861230902,1838888.1718986472,10
-1146698.9734065626,1838888.1718986472,10
-1357506.2594265752,1838424.8591821196,10
-1357042.9467100475,1838424.8591821196,10
-1356579.6339935202,1838424.8591821196,10
-1356116.3212769926,1838424.8591821196,10
-1355653.0085604652,1838424.8591821196,10
-1355189.6958439376,1838424.8591821196,10
-1354726.3831274102,1838424.8591821196,10
-1354263.0704108826,1838424.8591821196,10
-1353799.7576943552,1838424.8591821196,10
-1353336.4449778276,1838424.8591821196,10
-1352873.1322613002,1838424.8591821196,10
-1352409.8195447726,1838424.8591821196,16
-1351946.506828245,1838424.8591821196,16
-1351483.1941117176,1838424.8591821196,16
-1351019.88139519,1838424.8591821196,16
-1350556.5686786626,1838424.8591821196,16
-1350093.255962135,1838424.8591821196,16
-1349629.9432456077,1838424.8591821196,16
-1349166.63052908,1838424.8591821196,16
-1348703.3178125527,1838424.8591821196,16
-1348240.005096025,1838424.8591821196,16
-1347776.6923794977,1838424.8591821196,16
-1347313.37966297,1838424.8591821196,16
-1346850.0669464427,1838424.8591821196,16
-1346386.754229915,1838424.8591821196,16
-1345923.4415133877,1838424.8591821196,16
-1345460.12879686,1838424.8591821196,16
-1344996.8160803327,1838424.8591821196,16
-1344533.5033638051,1838424.8591821196,16
-1344070.1906472775,1838424.8591821196,16
-1343606.8779307501,1838424.8591821196,16
-1343143.5652142225,1838424.8591821196,16
-1342680.2524976952,1838424.8591821196,10
-1342216.9397811675,1838424.8591821196,10
-1341753.6270646402,1838424.8591821196,16
-1341290.3143481126,1838424.8591821196,16
-1340827.0016315852,1838424.8591821196,16
-1340363.6889150576,1838424.8591821196,16
-1339900.3761985302,1838424.8591821196,16
-1339437.0634820026,1838424.8591821196,16
-1338973.7507654752,1838424.8591821196,16
-1338510.4380489476,1838424.8591821196,16
-1338047.1253324202,1838424.8591821196,16
-1337583.8126158926,1838424.8591821196,16
-1337120.499899365,1838424.8591821196,16
-1336657.1871828376,1838424.8591821196,16
-1336193.87446631,1838424.8591821196,16
-1335730.5617497826,1838424.8591821196,16
-1335267.249033255,1838424.8591821196,16
-1334803.9363167277,1838424.8591821196,16
-1334340.6236002,1838424.8591821196,16
-1333877.3108836727,1838424.8591821196,16
-1333413.998167145,1838424.8591821196,16
-1332950.6854506177,1838424.8591821196,16
-1332487.37273409,1838424.8591821196,16
-1332024.0600175627,1838424.8591821196,16
-1331560.747301035,1838424.8591821196,16
-1331097.4345845077,1838424.8591821196,16
-1330634.12186798,1838424.8591821196,16
-1330170.8091514525,1838424.8591821196,16
-1329707.4964349251,1838424.8591821196,16
-1329244.1837183975,1838424.8591821196,16
-1328780.8710018701,1838424.8591821196,16
-1328317.5582853425,1838424.8591821196,16
-1327854.2455688152,1838424.8591821196,16
-1327390.9328522875,1838424.8591821196,16
-1326927.6201357602,1838424.8591821196,16
-1326464.3074192326,1838424.8591821196,16
-1326000.9947027052,1838424.8591821196,16
-1325537.6819861776,1838424.8591821196,16
-1325074.3692696502,1838424.8591821196,16
-1324611.0565531226,1838424.8591821196,16
-1324147.7438365952,1838424.8591821196,16
-1323684.4311200676,1838424.8591821196,16
-1323221.11840354,1838424.8591821196,16
-1322757.8056870126,1838424.8591821196,16
-1322294.492970485,1838424.8591821196,16
-1321831.1802539576,1838424.8591821196,16
-1321367.86753743,1838424.8591821196,16
-1320904.5548209026,1838424.8591821196,10
-1320441.242104375,1838424.8591821196,10
-1319977.9293878477,1838424.8591821196,16
-1319514.61667132,1838424.8591821196,16
-1319051.3039547927,1838424.8591821196,16
-1318587.991238265,1838424.8591821196,16
-1318124.6785217377,1838424.8591821196,16
-1317661.36580521,1838424.8591821196,16
-1317198.0530886827,1838424.8591821196,16
-1316734.740372155,1838424.8591821196,16
-1316271.4276556277,1838424.8591821196,16
-1315808.1149391,1838424.8591821196,16
-1315344.8022225727,1838424.8591821196,16
-1314881.4895060451,1838424.8591821196,16
-1314418.1767895175,1838424.8591821196,16
-1313954.8640729901,1838424.8591821196,16
-1313491.5513564625,1838424.8591821196,16
-1313028.2386399352,1838424.8591821196,16
-1312564.9259234075,1838424.8591821196,16
-1312101.6132068802,1838424.8591821196,16
-1311638.3004903526,1838424.8591821196,16
-1311174.9877738252,1838424.8591821196,16
-1310711.6750572976,1838424.8591821196,16
-1310248.3623407702,1838424.8591821196,16
-1309785.0496242426,1838424.8591821196,16
-1309321.7369077152,1838424.8591821196,16
-1308858.4241911876,1838424.8591821196,16
-1308395.1114746602,1838424.8591821196,16
-1307931.7987581326,1838424.8591821196,16
-1307468.486041605,1838424.8591821196,16
-1307005.1733250776,1838424.8591821196,16
-1306541.86060855,1838424.8591821196,16
-1306078.5478920226,1838424.8591821196,16
-1305615.235175495,1838424.8591821196,16
-1305151.9224589677,1838424.8591821196,16
-1304688.60974244,1838424.8591821196,16
-1304225.2970259127,1838424.8591821196,16
-1303761.984309385,1838424.8591821196,16
-1303298.6715928577,1838424.8591821196,16
-1302835.35887633,1838424.8591821196,16
-1302372.0461598027,1838424.8591821196,16
-1301908.733443275,1838424.8591821196,10
-1301445.4207267477,1838424.8591821196,10
-1300982.10801022,1838424.8591821196,10
-1300518.7952936925,1838424.8591821196,10
-1300055.4825771651,1838424.8591821196,10
-1299592.1698606375,1838424.8591821196,16
-1299128.8571441101,1838424.8591821196,16
-1298665.5444275825,1838424.8591821196,16
-1298202.2317110552,1838424.8591821196,7
-1297738.9189945275,1838424.8591821196,10
-1297275.6062780002,1838424.8591821196,10
-1296812.2935614726,1838424.8591821196,10
-1296348.9808449452,1838424.8591821196,16
-1295885.6681284176,1838424.8591821196,16
-1295422.3554118902,1838424.8591821196,16
-1294959.0426953626,1838424.8591821196,16
-1294495.7299788352,1838424.8591821196,16
-1294032.4172623076,1838424.8591821196,16
-1293569.10454578,1838424.8591821196,16
-1293105.7918292526,1838424.8591821196,16
-1292642.479112725,1838424.8591821196,16
-1292179.1663961976,1838424.8591821196,16
-1291715.85367967,1838424.8591821196,16
-1291252.5409631426,1838424.8591821196,10
-1290789.228246615,1838424.8591821196,10
-1290325.9155300877,1838424.8591821196,10
-1289862.60281356,1838424.8591821196,10
-1289399.2900970327,1838424.8591821196,10
-1288935.977380505,1838424.8591821196,10
-1288472.6646639777,1838424.8591821196,10
-1288009.35194745,1838424.8591821196,10
-1287546.0392309227,1838424.8591821196,13
-1287082.726514395,1838424.8591821196,10
-1286619.4137978677,1838424.8591821196,10
-1286156.10108134,1838424.8591821196,10
-1285692.7883648127,1838424.8591821196,10
-1285229.4756482851,1838424.8591821196,10
-1284766.1629317575,1838424.8591821196,10
-1284302.8502152301,1838424.8591821196,10
-1283839.5374987025,1838424.8591821196,10
-1283376.2247821752,1838424.8591821196,10
-1282912.9120656475,1838424.8591821196,10
-1282449.5993491202,1838424.8591821196,10
-1281986.2866325926,1838424.8591821196,10
-1281522.9739160652,1838424.8591821196,10
-1281059.6611995376,1838424.8591821196,10
-1280596.3484830102,1838424.8591821196,10
-1280133.0357664826,1838424.8591821196,10
-1279669.7230499552,1838424.8591821196,10
-1279206.4103334276,1838424.8591821196,10
-1278743.0976169002,1838424.8591821196,10
-1278279.7849003726,1838424.8591821196,10
-1277816.472183845,1838424.8591821196,10
-1277353.1594673176,1838424.8591821196,10
-1276889.84675079,1838424.8591821196,10
-1276426.5340342626,1838424.8591821196,10
-1275963.221317735,1838424.8591821196,10
-1275499.9086012077,1838424.8591821196,10
-1275036.59588468,1838424.8591821196,10
-1274573.2831681527,1838424.8591821196,10
-1274109.970451625,1838424.8591821196,10
-1273646.6577350977,1838424.8591821196,10
-1273183.34501857,1838424.8591821196,10
-1272720.0323020427,1838424.8591821196,10
-1272256.719585515,1838424.8591821196,10
-1271793.4068689877,1838424.8591821196,10
-1271330.09415246,1838424.8591821196,10
-1270866.7814359325,1838424.8591821196,10
-1270403.4687194051,1838424.8591821196,10
-1269940.1560028775,1838424.8591821196,10
-1269476.8432863501,1838424.8591821196,10
-1269013.5305698225,1838424.8591821196,10
-1268550.2178532952,1838424.8591821196,10
-1268086.9051367675,1838424.8591821196,10
-1267623.5924202402,1838424.8591821196,10
-1267160.2797037126,1838424.8591821196,10
-1266696.9669871852,1838424.8591821196,10
-1266233.6542706576,1838424.8591821196,10
-1265770.3415541302,1838424.8591821196,10
-1265307.0288376026,1838424.8591821196,10
-1264843.7161210752,1838424.8591821196,10
-1264380.4034045476,1838424.8591821196,10
-1263917.09068802,1838424.8591821196,10
-1263453.7779714926,1838424.8591821196,10
-1262990.465254965,1838424.8591821196,10
-1262527.1525384376,1838424.8591821196,10
-1262063.83982191,1838424.8591821196,10
-1261600.5271053826,1838424.8591821196,10
-1261137.214388855,1838424.8591821196,10
-1260673.9016723277,1838424.8591821196,10
-1260210.5889558,1838424.8591821196,10
-1259747.2762392727,1838424.8591821196,10
-1259283.963522745,1838424.8591821196,10
-1258820.6508062177,1838424.8591821196,10
-1258357.33808969,1838424.8591821196,10
-1257894.0253731627,1838424.8591821196,10
-1257430.712656635,1838424.8591821196,10
-1256967.3999401077,1838424.8591821196,10
-1256504.08722358,1838424.8591821196,10
-1256040.7745070527,1838424.8591821196,10
-1255577.4617905251,1838424.8591821196,10
-1255114.1490739975,1838424.8591821196,10
-1254650.8363574701,1838424.8591821196,10
-1254187.5236409425,1838424.8591821196,10
-1253724.2109244152,1838424.8591821196,10
-1253260.8982078875,1838424.8591821196,10
-1252797.5854913602,1838424.8591821196,10
-1252334.2727748326,1838424.8591821196,10
-1251870.9600583052,1838424.8591821196,10
-1251407.6473417776,1838424.8591821196,10
-1250944.3346252502,1838424.8591821196,10
-1250481.0219087226,1838424.8591821196,10
-1250017.7091921952,1838424.8591821196,10
-1249554.3964756676,1838424.8591821196,10
-1249091.0837591402,1838424.8591821196,10
-1248627.7710426126,1838424.8591821196,10
-1248164.458326085,1838424.8591821196,10
-1247701.1456095576,1838424.8591821196,10
-1247237.83289303,1838424.8591821196,10
-1246774.5201765026,1838424.8591821196,10
-1246311.207459975,1838424.8591821196,10
-1245847.8947434477,1838424.8591821196,10
-1245384.58202692,1838424.8591821196,10
-1244921.2693103927,1838424.8591821196,10
-1244457.956593865,1838424.8591821196,10
-1243994.6438773377,1838424.8591821196,10
-1243531.33116081,1838424.8591821196,10
-1243068.0184442827,1838424.8591821196,10
-1242604.705727755,1838424.8591821196,10
-1242141.3930112277,1838424.8591821196,10
-1241678.0802947,1838424.8591821196,10
-1241214.7675781725,1838424.8591821196,10
-1240751.4548616451,1838424.8591821196,10
-1240288.1421451175,1838424.8591821196,10
-1239824.8294285901,1838424.8591821196,10
-1239361.5167120625,1838424.8591821196,10
-1238898.2039955352,1838424.8591821196,10
-1238434.8912790075,1838424.8591821196,10
-1237971.5785624802,1838424.8591821196,10
-1237508.2658459526,1838424.8591821196,10
-1237044.9531294252,1838424.8591821196,10
-1236581.6404128976,1838424.8591821196,10
-1236118.3276963702,1838424.8591821196,10
-1235655.0149798426,1838424.8591821196,10
-1235191.7022633152,1838424.8591821196,10
-1234728.3895467876,1838424.8591821196,10
-1234265.07683026,1838424.8591821196,10
-1233801.7641137326,1838424.8591821196,10
-1233338.4513972052,1838424.8591821196,10
-1232875.1386806776,1838424.8591821196,10
-1232411.82596415,1838424.8591821196,10
-1231948.5132476226,1838424.8591821196,10
-1231485.200531095,1838424.8591821196,10
-1231021.8878145677,1838424.8591821196,10
-1230558.57509804,1838424.8591821196,10
-1230095.2623815127,1838424.8591821196,10
-1229631.949664985,1838424.8591821196,10
-1229168.6369484577,1838424.8591821196,10
-1228705.32423193,1838424.8591821196,10
-1228242.0115154027,1838424.8591821196,10
-1227778.698798875,1838424.8591821196,10
-1227315.3860823475,1838424.8591821196,10
-1226852.07336582,1838424.8591821196,10
-1226388.7606492927,1838424.8591821196,10
-1225925.4479327651,1838424.8591821196,10
-1225462.1352162375,1838424.8591821196,10
-1224998.8224997101,1838424.8591821196,10
-1224535.5097831825,1838424.8591821196,10
-1224072.1970666551,1838424.8591821196,10
-1223608.8843501275,1838424.8591821196,10
-1223145.5716336002,1838424.8591821196,10
-1222682.2589170726,1838424.8591821196,10
-1222218.9462005452,1838424.8591821196,10
-1221755.6334840176,1838424.8591821196,10
-1221292.3207674902,1838424.8591821196,10
-1220829.0080509626,1838424.8591821196,10
-1220365.6953344352,1838424.8591821196,10
-1219902.3826179076,1838424.8591821196,10
-1219439.0699013802,1838424.8591821196,10
-1218975.7571848526,1838424.8591821196,10
-1218512.444468325,1838424.8591821196,10
-1218049.1317517976,1838424.8591821196,10
-1217585.81903527,1838424.8591821196,10
-1217122.5063187426,1838424.8591821196,10
-1216659.193602215,1838424.8591821196,10
-1216195.8808856877,1838424.8591821196,10
-1215732.56816916,1838424.8591821196,10
-1215269.2554526327,1838424.8591821196,10
-1214805.942736105,1838424.8591821196,10
-1214342.6300195777,1838424.8591821196,10
-1213879.31730305,1838424.8591821196,10
-1213416.0045865227,1838424.8591821196,10
-1212952.691869995,1838424.8591821196,10
-1212489.3791534677,1838424.8591821196,10
-1212026.06643694,1838424.8591821196,10
-1211562.7537204125,1838424.8591821196,10
-1211099.4410038851,1838424.8591821196,10
-1210636.1282873575,1838424.8591821196,10
-1210172.8155708301,1838424.8591821196,10
-1209709.5028543025,1838424.8591821196,10
-1209246.1901377751,1838424.8591821196,10
-1208782.8774212475,1838424.8591821196,10
-1208319.5647047202,1838424.8591821196,10
-1207856.2519881926,1838424.8591821196,10
-1207392.9392716652,1838424.8591821196,10
-1206929.6265551376,1838424.8591821196,10
-1206466.3138386102,1838424.8591821196,10
-1206003.0011220826,1838424.8591821196,10
-1205539.6884055552,1838424.8591821196,10
-1205076.3756890276,1838424.8591821196,10
-1204613.0629725,1838424.8591821196,10
-1204149.7502559726,1838424.8591821196,10
-1203686.4375394452,1838424.8591821196,10
-1203223.1248229176,1838424.8591821196,10
-1202759.81210639,1838424.8591821196,10
-1202296.4993898626,1838424.8591821196,10
-1201833.186673335,1838424.8591821196,10
-1201369.8739568077,1838424.8591821196,10
-1200906.56124028,1838424.8591821196,10
-1200443.2485237527,1838424.8591821196,10
-1199979.935807225,1838424.8591821196,10
-1199516.6230906977,1838424.8591821196,10
-1199053.31037417,1838424.8591821196,10
-1198589.9976576427,1838424.8591821196,10
-1198126.684941115,1838424.8591821196,10
-1197663.3722245875,1838424.8591821196,10
-1197200.05950806,1838424.8591821196,10
-1196736.7467915327,1838424.8591821196,10
-1196273.4340750051,1838424.8591821196,10
-1195810.1213584775,1838424.8591821196,10
-1195346.8086419501,1838424.8591821196,10
-1194883.4959254225,1838424.8591821196,10
-1194420.1832088951,1838424.8591821196,10
-1193956.8704923675,1838424.8591821196,10
-1193493.5577758402,1838424.8591821196,10
-1193030.2450593126,1838424.8591821196,10
-1192566.9323427852,1838424.8591821196,10
-1192103.6196262576,1838424.8591821196,10
-1191640.3069097302,1838424.8591821196,10
-1191176.9941932026,1838424.8591821196,10
-1190713.6814766752,1838424.8591821196,10
-1190250.3687601476,1838424.8591821196,10
-1189787.0560436202,1838424.8591821196,10
-1189323.7433270926,1838424.8591821196,10
-1188860.430610565,1838424.8591821196,10
-1188397.1178940376,1838424.8591821196,10
-1187933.80517751,1838424.8591821196,10
-1187470.4924609826,1838424.8591821196,10
-1187007.179744455,1838424.8591821196,10
-1186543.8670279277,1838424.8591821196,10
-1186080.5543114,1838424.8591821196,10
-1185617.2415948727,1838424.8591821196,10
-1185153.928878345,1838424.8591821196,10
-1184690.6161618177,1838424.8591821196,10
-1184227.30344529,1838424.8591821196,10
-1183763.9907287627,1838424.8591821196,10
-1183300.678012235,1838424.8591821196,10
-1182837.3652957077,1838424.8591821196,10
-1182374.05257918,1838424.8591821196,10
-1181910.7398626525,1838424.8591821196,10
-1181447.4271461251,1838424.8591821196,10
-1180984.1144295975,1838424.8591821196,10
-1180520.8017130701,1838424.8591821196,10
-1180057.4889965425,1838424.8591821196,10
-1179594.1762800151,1838424.8591821196,10
-1179130.8635634875,1838424.8591821196,10
-1178667.5508469602,1838424.8591821196,10
-1178204.2381304326,1838424.8591821196,10
-1177740.9254139052,1838424.8591821196,10
-1177277.6126973776,1838424.8591821196,10
-1176814.2999808502,1838424.8591821196,10
-1176350.9872643226,1838424.8591821196,10
-1175887.6745477952,1838424.8591821196,10
-1175424.3618312676,1838424.8591821196,10
-1174961.04911474,1838424.8591821196,10
-1174497.7363982126,1838424.8591821196,10
-1174034.4236816852,1838424.8591821196,10
-1173571.1109651576,1838424.8591821196,10
-1173107.79824863,1838424.8591821196,10
-1172644.4855321026,1838424.8591821196,10
-1172181.172815575,1838424.8591821196,10
-1171717.8600990477,1838424.8591821196,10
-1171254.54738252,1838424.8591821196,10
-1170791.2346659927,1838424.8591821196,10
-1170327.921949465,1838424.8591821196,10
-1169864.6092329377,1838424.8591821196,10
-1169401.29651641,1838424.8591821196,10
-1168937.9837998827,1838424.8591821196,10
-1168474.671083355,1838424.8591821196,10
-1168011.3583668275,1838424.8591821196,10
-1167548.0456503,1838424.8591821196,10
-1167084.7329337727,1838424.8591821196,10
-1166621.4202172451,1838424.8591821196,10
-1166158.1075007175,1838424.8591821196,10
-1165694.7947841901,1838424.8591821196,10
-1165231.4820676625,1838424.8591821196,10
-1164768.1693511351,1838424.8591821196,10
-1164304.8566346075,1838424.8591821196,10
-1163841.5439180802,1838424.8591821196,10
-1163378.2312015526,1838424.8591821196,10
-1162914.9184850252,1838424.8591821196,10
-1162451.6057684976,1838424.8591821196,10
-1161988.2930519702,1838424.8591821196,10
-1161524.9803354426,1838424.8591821196,10
-1161061.6676189152,1838424.8591821196,10
-1160598.3549023876,1838424.8591821196,10
-1160135.0421858602,1838424.8591821196,10
-1159671.7294693326,1838424.8591821196,10
-1159208.416752805,1838424.8591821196,10
-1158745.1040362776,1838424.8591821196,10
-1158281.79131975,1838424.8591821196,10
-1157818.4786032226,1838424.8591821196,10
-1157355.165886695,1838424.8591821196,10
-1156891.8531701677,1838424.8591821196,10
-1156428.54045364,1838424.8591821196,10
-1155965.2277371127,1838424.8591821196,10
-1155501.915020585,1838424.8591821196,10
-1155038.6023040577,1838424.8591821196,10
-1154575.28958753,1838424.8591821196,10
-1154111.9768710027,1838424.8591821196,10
-1153648.664154475,1838424.8591821196,10
-1153185.3514379477,1838424.8591821196,10
-1152722.03872142,1838424.8591821196,10
-1152258.7260048925,1838424.8591821196,10
-1151795.4132883651,1838424.8591821196,10
-1151332.1005718375,1838424.8591821196,10
-1150868.7878553101,1838424.8591821196,10
-1150405.4751387825,1838424.8591821196,10
-1149942.1624222551,1838424.8591821196,10
-1149478.8497057275,1838424.8591821196,10
-1149015.5369892002,1838424.8591821196,10
-1148552.2242726726,1838424.8591821196,10
-1148088.9115561452,1838424.8591821196,10
-1147625.5988396176,1838424.8591821196,10
-1147162.2861230902,1838424.8591821196,10
-1357969.5721431025,1837961.5464655922,10
-1357506.2594265752,1837961.5464655922,10
-1357042.9467100475,1837961.5464655922,10
-1356579.6339935202,1837961.5464655922,10
-1356116.3212769926,1837961.5464655922,10
-1355653.0085604652,1837961.5464655922,10
-1355189.6958439376,1837961.5464655922,10
-1354726.3831274102,1837961.5464655922,10
-1354263.0704108826,1837961.5464655922,10
-1353799.7576943552,1837961.5464655922,10
-1353336.4449778276,1837961.5464655922,10
-1352873.1322613002,1837961.5464655922,10
-1352409.8195447726,1837961.5464655922,16
-1351946.506828245,1837961.5464655922,16
-1351483.1941117176,1837961.5464655922,16
-1351019.88139519,1837961.5464655922,16
-1350556.5686786626,1837961.5464655922,16
-1350093.255962135,1837961.5464655922,16
-1349629.9432456077,1837961.5464655922,16
-1349166.63052908,1837961.5464655922,16
-1348703.3178125527,1837961.5464655922,16
-1348240.005096025,1837961.5464655922,16
-1347776.6923794977,1837961.5464655922,16
-1347313.37966297,1837961.5464655922,16
-1346850.0669464427,1837961.5464655922,16
-1346386.754229915,1837961.5464655922,16
-1345923.4415133877,1837961.5464655922,16
-1345460.12879686,1837961.5464655922,16
-1344996.8160803327,1837961.5464655922,16
-1344533.5033638051,1837961.5464655922,16
-1344070.1906472775,1837961.5464655922,16
-1343606.8779307501,1837961.5464655922,16
-1343143.5652142225,1837961.5464655922,16
-1342680.2524976952,1837961.5464655922,10
-1342216.9397811675,1837961.5464655922,10
-1341753.6270646402,1837961.5464655922,10
-1341290.3143481126,1837961.5464655922,10
-1340827.0016315852,1837961.5464655922,16
-1340363.6889150576,1837961.5464655922,16
-1339900.3761985302,1837961.5464655922,16
-1339437.0634820026,1837961.5464655922,16
-1338973.7507654752,1837961.5464655922,16
-1338510.4380489476,1837961.5464655922,16
-1338047.1253324202,1837961.5464655922,16
-1337583.8126158926,1837961.5464655922,16
-1337120.499899365,1837961.5464655922,16
-1336657.1871828376,1837961.5464655922,16
-1336193.87446631,1837961.5464655922,16
-1335730.5617497826,1837961.5464655922,16
-1335267.249033255,1837961.5464655922,16
-1334803.9363167277,1837961.5464655922,16
-1334340.6236002,1837961.5464655922,16
-1333877.3108836727,1837961.5464655922,16
-1333413.998167145,1837961.5464655922,16
-1332950.6854506177,1837961.5464655922,16
-1332487.37273409,1837961.5464655922,16
-1332024.0600175627,1837961.5464655922,16
-1331560.747301035,1837961.5464655922,16
-1331097.4345845077,1837961.5464655922,16
-1330634.12186798,1837961.5464655922,16
-1330170.8091514525,1837961.5464655922,16
-1329707.4964349251,1837961.5464655922,16
-1329244.1837183975,1837961.5464655922,16
-1328780.8710018701,1837961.5464655922,16
-1328317.5582853425,1837961.5464655922,16
-1327854.2455688152,1837961.5464655922,16
-1327390.9328522875,1837961.5464655922,16
-1326927.6201357602,1837961.5464655922,16
-1326464.3074192326,1837961.5464655922,16
-1326000.9947027052,1837961.5464655922,16
-1325537.6819861776,1837961.5464655922,16
-1325074.3692696502,1837961.5464655922,16
-1324611.0565531226,1837961.5464655922,16
-1324147.7438365952,1837961.5464655922,16
-1323684.4311200676,1837961.5464655922,16
-1323221.11840354,1837961.5464655922,16
-1322757.8056870126,1837961.5464655922,16
-1322294.492970485,1837961.5464655922,16
-1321831.1802539576,1837961.5464655922,16
-1321367.86753743,1837961.5464655922,16
-1320904.5548209026,1837961.5464655922,10
-1320441.242104375,1837961.5464655922,10
-1319977.9293878477,1837961.5464655922,10
-1319514.61667132,1837961.5464655922,10
-1319051.3039547927,1837961.5464655922,16
-1318587.991238265,1837961.5464655922,16
-1318124.6785217377,1837961.5464655922,16
-1317661.36580521,1837961.5464655922,16
-1317198.0530886827,1837961.5464655922,16
-1316734.740372155,1837961.5464655922,16
-1316271.4276556277,1837961.5464655922,16
-1315808.1149391,1837961.5464655922,16
-1315344.8022225727,1837961.5464655922,16
-1314881.4895060451,1837961.5464655922,16
-1314418.1767895175,1837961.5464655922,16
-1313954.8640729901,1837961.5464655922,16
-1313491.5513564625,1837961.5464655922,16
-1313028.2386399352,1837961.5464655922,16
-1312564.9259234075,1837961.5464655922,16
-1312101.6132068802,1837961.5464655922,16
-1311638.3004903526,1837961.5464655922,16
-1311174.9877738252,1837961.5464655922,16
-1310711.6750572976,1837961.5464655922,16
-1310248.3623407702,1837961.5464655922,16
-1309785.0496242426,1837961.5464655922,16
-1309321.7369077152,1837961.5464655922,16
-1308858.4241911876,1837961.5464655922,16
-1308395.1114746602,1837961.5464655922,16
-1307931.7987581326,1837961.5464655922,16
-1307468.486041605,1837961.5464655922,16
-1307005.1733250776,1837961.5464655922,16
-1306541.86060855,1837961.5464655922,16
-1306078.5478920226,1837961.5464655922,16
-1305615.235175495,1837961.5464655922,16
-1305151.9224589677,1837961.5464655922,16
-1304688.60974244,1837961.5464655922,16
-1304225.2970259127,1837961.5464655922,16
-1303761.984309385,1837961.5464655922,16
-1303298.6715928577,1837961.5464655922,16
-1302835.35887633,1837961.5464655922,16
-1302372.0461598027,1837961.5464655922,16
-1301908.733443275,1837961.5464655922,10
-1301445.4207267477,1837961.5464655922,10
-1300982.10801022,1837961.5464655922,10
-1300518.7952936925,1837961.5464655922,10
-1300055.4825771651,1837961.5464655922,16
-1299592.1698606375,1837961.5464655922,16
-1299128.8571441101,1837961.5464655922,10
-1298665.5444275825,1837961.5464655922,16
-1298202.2317110552,1837961.5464655922,16
-1297738.9189945275,1837961.5464655922,16
-1297275.6062780002,1837961.5464655922,10
-1296812.2935614726,1837961.5464655922,10
-1296348.9808449452,1837961.5464655922,16
-1295885.6681284176,1837961.5464655922,16
-1295422.3554118902,1837961.5464655922,16
-1294959.0426953626,1837961.5464655922,16
-1294495.7299788352,1837961.5464655922,16
-1294032.4172623076,1837961.5464655922,16
-1293569.10454578,1837961.5464655922,10
-1293105.7918292526,1837961.5464655922,10
-1292642.479112725,1837961.5464655922,10
-1292179.1663961976,1837961.5464655922,16
-1291715.85367967,1837961.5464655922,16
-1291252.5409631426,1837961.5464655922,10
-1290789.228246615,1837961.5464655922,10
-1290325.9155300877,1837961.5464655922,10
-1289862.60281356,1837961.5464655922,10
-1289399.2900970327,1837961.5464655922,10
-1288935.977380505,1837961.5464655922,10
-1288472.6646639777,1837961.5464655922,10
-1288009.35194745,1837961.5464655922,10
-1287546.0392309227,1837961.5464655922,10
-1287082.726514395,1837961.5464655922,10
-1286619.4137978677,1837961.5464655922,10
-1286156.10108134,1837961.5464655922,10
-1285692.7883648127,1837961.5464655922,10
-1285229.4756482851,1837961.5464655922,10
-1284766.1629317575,1837961.5464655922,10
-1284302.8502152301,1837961.5464655922,10
-1283839.5374987025,1837961.5464655922,10
-1283376.2247821752,1837961.5464655922,10
-1282912.9120656475,1837961.5464655922,10
-1282449.5993491202,1837961.5464655922,10
-1281986.2866325926,1837961.5464655922,10
-1281522.9739160652,1837961.5464655922,10
-1281059.6611995376,1837961.5464655922,10
-1280596.3484830102,1837961.5464655922,10
-1280133.0357664826,1837961.5464655922,10
-1279669.7230499552,1837961.5464655922,10
-1279206.4103334276,1837961.5464655922,10
-1278743.0976169002,1837961.5464655922,10
-1278279.7849003726,1837961.5464655922,10
-1277816.472183845,1837961.5464655922,10
-1277353.1594673176,1837961.5464655922,10
-1276889.84675079,1837961.5464655922,10
-1276426.5340342626,1837961.5464655922,10
-1275963.221317735,1837961.5464655922,10
-1275499.9086012077,1837961.5464655922,10
-1275036.59588468,1837961.5464655922,10
-1274573.2831681527,1837961.5464655922,10
-1274109.970451625,1837961.5464655922,10
-1273646.6577350977,1837961.5464655922,10
-1273183.34501857,1837961.5464655922,10
-1272720.0323020427,1837961.5464655922,10
-1272256.719585515,1837961.5464655922,10
-1271793.4068689877,1837961.5464655922,10
-1271330.09415246,1837961.5464655922,10
-1270866.7814359325,1837961.5464655922,10
-1270403.4687194051,1837961.5464655922,10
-1269940.1560028775,1837961.5464655922,10
-1269476.8432863501,1837961.5464655922,10
-1269013.5305698225,1837961.5464655922,10
-1268550.2178532952,1837961.5464655922,10
-1268086.9051367675,1837961.5464655922,10
-1267623.5924202402,1837961.5464655922,10
-1267160.2797037126,1837961.5464655922,10
-1266696.9669871852,1837961.5464655922,10
-1266233.6542706576,1837961.5464655922,10
-1265770.3415541302,1837961.5464655922,10
-1265307.0288376026,1837961.5464655922,10
-1264843.7161210752,1837961.5464655922,10
-1264380.4034045476,1837961.5464655922,10
-1263917.09068802,1837961.5464655922,10
-1263453.7779714926,1837961.5464655922,10
-1262990.465254965,1837961.5464655922,10
-1262527.1525384376,1837961.5464655922,10
-1262063.83982191,1837961.5464655922,10
-1261600.5271053826,1837961.5464655922,10
-1261137.214388855,1837961.5464655922,10
-1260673.9016723277,1837961.5464655922,10
-1260210.5889558,1837961.5464655922,10
-1259747.2762392727,1837961.5464655922,10
-1259283.963522745,1837961.5464655922,10
-1258820.6508062177,1837961.5464655922,10
-1258357.33808969,1837961.5464655922,10
-1257894.0253731627,1837961.5464655922,10
-1257430.712656635,1837961.5464655922,10
-1256967.3999401077,1837961.5464655922,10
-1256504.08722358,1837961.5464655922,10
-1256040.7745070527,1837961.5464655922,10
-1255577.4617905251,1837961.5464655922,10
-1255114.1490739975,1837961.5464655922,10
-1254650.8363574701,1837961.5464655922,10
-1254187.5236409425,1837961.5464655922,10
-1253724.2109244152,1837961.5464655922,10
-1253260.8982078875,1837961.5464655922,10
-1252797.5854913602,1837961.5464655922,10
-1252334.2727748326,1837961.5464655922,10
-1251870.9600583052,1837961.5464655922,10
-1251407.6473417776,1837961.5464655922,10
-1250944.3346252502,1837961.5464655922,10
-1250481.0219087226,1837961.5464655922,10
-1250017.7091921952,1837961.5464655922,10
-1249554.3964756676,1837961.5464655922,10
-1249091.0837591402,1837961.5464655922,10
-1248627.7710426126,1837961.5464655922,10
-1248164.458326085,1837961.5464655922,10
-1247701.1456095576,1837961.5464655922,10
-1247237.83289303,1837961.5464655922,10
-1246774.5201765026,1837961.5464655922,10
-1246311.207459975,1837961.5464655922,10
-1245847.8947434477,1837961.5464655922,10
-1245384.58202692,1837961.5464655922,10
-1244921.2693103927,1837961.5464655922,10
-1244457.956593865,1837961.5464655922,10
-1243994.6438773377,1837961.5464655922,10
-1243531.33116081,1837961.5464655922,10
-1243068.0184442827,1837961.5464655922,10
-1242604.705727755,1837961.5464655922,10
-1242141.3930112277,1837961.5464655922,10
-1241678.0802947,1837961.5464655922,10
-1241214.7675781725,1837961.5464655922,10
-1240751.4548616451,1837961.5464655922,10
-1240288.1421451175,1837961.5464655922,10
-1239824.8294285901,1837961.5464655922,10
-1239361.5167120625,1837961.5464655922,10
-1238898.2039955352,1837961.5464655922,10
-1238434.8912790075,1837961.5464655922,10
-1237971.5785624802,1837961.5464655922,10
-1237508.2658459526,1837961.5464655922,10
-1237044.9531294252,1837961.5464655922,10
-1236581.6404128976,1837961.5464655922,10
-1236118.3276963702,1837961.5464655922,10
-1235655.0149798426,1837961.5464655922,10
-1235191.7022633152,1837961.5464655922,10
-1234728.3895467876,1837961.5464655922,10
-1234265.07683026,1837961.5464655922,10
-1233801.7641137326,1837961.5464655922,10
-1233338.4513972052,1837961.5464655922,10
-1232875.1386806776,1837961.5464655922,10
-1232411.82596415,1837961.5464655922,10
-1231948.5132476226,1837961.5464655922,10
-1231485.200531095,1837961.5464655922,10
-1231021.8878145677,1837961.5464655922,10
-1230558.57509804,1837961.5464655922,10
-1230095.2623815127,1837961.5464655922,10
-1229631.949664985,1837961.5464655922,10
-1229168.6369484577,1837961.5464655922,10
-1228705.32423193,1837961.5464655922,10
-1228242.0115154027,1837961.5464655922,10
-1227778.698798875,1837961.5464655922,10
-1227315.3860823475,1837961.5464655922,10
-1226852.07336582,1837961.5464655922,10
-1226388.7606492927,1837961.5464655922,10
-1225925.4479327651,1837961.5464655922,10
-1225462.1352162375,1837961.5464655922,10
-1224998.8224997101,1837961.5464655922,10
-1224535.5097831825,1837961.5464655922,10
-1224072.1970666551,1837961.5464655922,10
-1223608.8843501275,1837961.5464655922,10
-1223145.5716336002,1837961.5464655922,10
-1222682.2589170726,1837961.5464655922,10
-1222218.9462005452,1837961.5464655922,10
-1221755.6334840176,1837961.5464655922,10
-1221292.3207674902,1837961.5464655922,10
-1220829.0080509626,1837961.5464655922,10
-1220365.6953344352,1837961.5464655922,10
-1219902.3826179076,1837961.5464655922,10
-1219439.0699013802,1837961.5464655922,10
-1218975.7571848526,1837961.5464655922,10
-1218512.444468325,1837961.5464655922,10
-1218049.1317517976,1837961.5464655922,10
-1217585.81903527,1837961.5464655922,10
-1217122.5063187426,1837961.5464655922,10
-1216659.193602215,1837961.5464655922,10
-1216195.8808856877,1837961.5464655922,10
-1215732.56816916,1837961.5464655922,10
-1215269.2554526327,1837961.5464655922,10
-1214805.942736105,1837961.5464655922,10
-1214342.6300195777,1837961.5464655922,10
-1213879.31730305,1837961.5464655922,10
-1213416.0045865227,1837961.5464655922,10
-1212952.691869995,1837961.5464655922,10
-1212489.3791534677,1837961.5464655922,10
-1212026.06643694,1837961.5464655922,10
-1211562.7537204125,1837961.5464655922,10
-1211099.4410038851,1837961.5464655922,10
-1210636.1282873575,1837961.5464655922,10
-1210172.8155708301,1837961.5464655922,10
-1209709.5028543025,1837961.5464655922,10
-1209246.1901377751,1837961.5464655922,10
-1208782.8774212475,1837961.5464655922,10
-1208319.5647047202,1837961.5464655922,10
-1207856.2519881926,1837961.5464655922,10
-1207392.9392716652,1837961.5464655922,10
-1206929.6265551376,1837961.5464655922,10
-1206466.3138386102,1837961.5464655922,10
-1206003.0011220826,1837961.5464655922,10
-1205539.6884055552,1837961.5464655922,10
-1205076.3756890276,1837961.5464655922,10
-1204613.0629725,1837961.5464655922,10
-1204149.7502559726,1837961.5464655922,10
-1203686.4375394452,1837961.5464655922,10
-1203223.1248229176,1837961.5464655922,10
-1202759.81210639,1837961.5464655922,10
-1202296.4993898626,1837961.5464655922,10
-1201833.186673335,1837961.5464655922,10
-1201369.8739568077,1837961.5464655922,10
-1200906.56124028,1837961.5464655922,10
-1200443.2485237527,1837961.5464655922,10
-1199979.935807225,1837961.5464655922,10
-1199516.6230906977,1837961.5464655922,10
-1199053.31037417,1837961.5464655922,10
-1198589.9976576427,1837961.5464655922,10
-1198126.684941115,1837961.5464655922,10
-1197663.3722245875,1837961.5464655922,10
-1197200.05950806,1837961.5464655922,10
-1196736.7467915327,1837961.5464655922,10
-1196273.4340750051,1837961.5464655922,10
-1195810.1213584775,1837961.5464655922,10
-1195346.8086419501,1837961.5464655922,10
-1194883.4959254225,1837961.5464655922,10
-1194420.1832088951,1837961.5464655922,10
-1193956.8704923675,1837961.5464655922,10
-1193493.5577758402,1837961.5464655922,10
-1193030.2450593126,1837961.5464655922,10
-1192566.9323427852,1837961.5464655922,10
-1192103.6196262576,1837961.5464655922,10
-1191640.3069097302,1837961.5464655922,10
-1191176.9941932026,1837961.5464655922,10
-1190713.6814766752,1837961.5464655922,10
-1190250.3687601476,1837961.5464655922,10
-1189787.0560436202,1837961.5464655922,10
-1189323.7433270926,1837961.5464655922,10
-1188860.430610565,1837961.5464655922,10
-1188397.1178940376,1837961.5464655922,10
-1187933.80517751,1837961.5464655922,10
-1187470.4924609826,1837961.5464655922,10
-1187007.179744455,1837961.5464655922,10
-1186543.8670279277,1837961.5464655922,10
-1186080.5543114,1837961.5464655922,10
-1185617.2415948727,1837961.5464655922,10
-1185153.928878345,1837961.5464655922,10
-1184690.6161618177,1837961.5464655922,10
-1184227.30344529,1837961.5464655922,10
-1183763.9907287627,1837961.5464655922,10
-1183300.678012235,1837961.5464655922,10
-1182837.3652957077,1837961.5464655922,10
-1182374.05257918,1837961.5464655922,10
-1181910.7398626525,1837961.5464655922,10
-1181447.4271461251,1837961.5464655922,10
-1180984.1144295975,1837961.5464655922,10
-1180520.8017130701,1837961.5464655922,10
-1180057.4889965425,1837961.5464655922,10
-1179594.1762800151,1837961.5464655922,10
-1179130.8635634875,1837961.5464655922,10
-1178667.5508469602,1837961.5464655922,10
-1178204.2381304326,1837961.5464655922,10
-1177740.9254139052,1837961.5464655922,10
-1177277.6126973776,1837961.5464655922,10
-1176814.2999808502,1837961.5464655922,10
-1176350.9872643226,1837961.5464655922,10
-1175887.6745477952,1837961.5464655922,10
-1175424.3618312676,1837961.5464655922,10
-1174961.04911474,1837961.5464655922,10
-1174497.7363982126,1837961.5464655922,10
-1174034.4236816852,1837961.5464655922,10
-1173571.1109651576,1837961.5464655922,10
-1173107.79824863,1837961.5464655922,10
-1172644.4855321026,1837961.5464655922,10
-1172181.172815575,1837961.5464655922,10
-1171717.8600990477,1837961.5464655922,10
-1171254.54738252,1837961.5464655922,10
-1170791.2346659927,1837961.5464655922,10
-1170327.921949465,1837961.5464655922,10
-1169864.6092329377,1837961.5464655922,10
-1169401.29651641,1837961.5464655922,10
-1168937.9837998827,1837961.5464655922,10
-1168474.671083355,1837961.5464655922,10
-1168011.3583668275,1837961.5464655922,10
-1167548.0456503,1837961.5464655922,10
-1167084.7329337727,1837961.5464655922,10
-1166621.4202172451,1837961.5464655922,10
-1166158.1075007175,1837961.5464655922,10
-1165694.7947841901,1837961.5464655922,10
-1165231.4820676625,1837961.5464655922,10
-1164768.1693511351,1837961.5464655922,10
-1164304.8566346075,1837961.5464655922,10
-1163841.5439180802,1837961.5464655922,10
-1163378.2312015526,1837961.5464655922,10
-1162914.9184850252,1837961.5464655922,10
-1162451.6057684976,1837961.5464655922,10
-1161988.2930519702,1837961.5464655922,10
-1161524.9803354426,1837961.5464655922,10
-1161061.6676189152,1837961.5464655922,10
-1160598.3549023876,1837961.5464655922,10
-1160135.0421858602,1837961.5464655922,10
-1159671.7294693326,1837961.5464655922,10
-1159208.416752805,1837961.5464655922,10
-1158745.1040362776,1837961.5464655922,10
-1158281.79131975,1837961.5464655922,10
-1157818.4786032226,1837961.5464655922,10
-1157355.165886695,1837961.5464655922,10
-1156891.8531701677,1837961.5464655922,10
-1156428.54045364,1837961.5464655922,10
-1155965.2277371127,1837961.5464655922,10
-1155501.915020585,1837961.5464655922,10
-1155038.6023040577,1837961.5464655922,10
-1154575.28958753,1837961.5464655922,10
-1154111.9768710027,1837961.5464655922,10
-1153648.664154475,1837961.5464655922,10
-1153185.3514379477,1837961.5464655922,10
-1152722.03872142,1837961.5464655922,10
-1152258.7260048925,1837961.5464655922,10
-1151795.4132883651,1837961.5464655922,10
-1151332.1005718375,1837961.5464655922,10
-1150868.7878553101,1837961.5464655922,10
-1150405.4751387825,1837961.5464655922,10
-1149942.1624222551,1837961.5464655922,10
-1149478.8497057275,1837961.5464655922,10
-1149015.5369892002,1837961.5464655922,10
-1148552.2242726726,1837961.5464655922,10
-1148088.9115561452,1837961.5464655922,10
-1147625.5988396176,1837961.5464655922,10
-1147162.2861230902,1837961.5464655922,10
-1357969.5721431025,1837498.2337490646,10
-1357506.2594265752,1837498.2337490646,10
-1357042.9467100475,1837498.2337490646,10
-1356579.6339935202,1837498.2337490646,10
-1356116.3212769926,1837498.2337490646,10
-1355653.0085604652,1837498.2337490646,10
-1355189.6958439376,1837498.2337490646,10
-1354726.3831274102,1837498.2337490646,10
-1354263.0704108826,1837498.2337490646,10
-1353799.7576943552,1837498.2337490646,10
-1353336.4449778276,1837498.2337490646,10
-1352873.1322613002,1837498.2337490646,10
-1352409.8195447726,1837498.2337490646,16
-1351946.506828245,1837498.2337490646,16
-1351483.1941117176,1837498.2337490646,16
-1351019.88139519,1837498.2337490646,16
-1350556.5686786626,1837498.2337490646,16
-1350093.255962135,1837498.2337490646,16
-1349629.9432456077,1837498.2337490646,16
-1349166.63052908,1837498.2337490646,16
-1348703.3178125527,1837498.2337490646,16
-1348240.005096025,1837498.2337490646,16
-1347776.6923794977,1837498.2337490646,16
-1347313.37966297,1837498.2337490646,16
-1346850.0669464427,1837498.2337490646,16
-1346386.754229915,1837498.2337490646,16
-1345923.4415133877,1837498.2337490646,16
-1345460.12879686,1837498.2337490646,16
-1344996.8160803327,1837498.2337490646,16
-1344533.5033638051,1837498.2337490646,16
-1344070.1906472775,1837498.2337490646,16
-1343606.8779307501,1837498.2337490646,16
-1343143.5652142225,1837498.2337490646,16
-1342680.2524976952,1837498.2337490646,16
-1342216.9397811675,1837498.2337490646,10
-1341753.6270646402,1837498.2337490646,10
-1341290.3143481126,1837498.2337490646,16
-1340827.0016315852,1837498.2337490646,16
-1340363.6889150576,1837498.2337490646,16
-1339900.3761985302,1837498.2337490646,16
-1339437.0634820026,1837498.2337490646,16
-1338973.7507654752,1837498.2337490646,16
-1338510.4380489476,1837498.2337490646,16
-1338047.1253324202,1837498.2337490646,16
-1337583.8126158926,1837498.2337490646,16
-1337120.499899365,1837498.2337490646,16
-1336657.1871828376,1837498.2337490646,16
-1336193.87446631,1837498.2337490646,16
-1335730.5617497826,1837498.2337490646,16
-1335267.249033255,1837498.2337490646,16
-1334803.9363167277,1837498.2337490646,16
-1334340.6236002,1837498.2337490646,16
-1333877.3108836727,1837498.2337490646,16
-1333413.998167145,1837498.2337490646,16
-1332950.6854506177,1837498.2337490646,16
-1332487.37273409,1837498.2337490646,16
-1332024.0600175627,1837498.2337490646,16
-1331560.747301035,1837498.2337490646,16
-1331097.4345845077,1837498.2337490646,16
-1330634.12186798,1837498.2337490646,16
-1330170.8091514525,1837498.2337490646,16
-1329707.4964349251,1837498.2337490646,16
-1329244.1837183975,1837498.2337490646,16
-1328780.8710018701,1837498.2337490646,16
-1328317.5582853425,1837498.2337490646,16
-1327854.2455688152,1837498.2337490646,16
-1327390.9328522875,1837498.2337490646,16
-1326927.6201357602,1837498.2337490646,10
-1326464.3074192326,1837498.2337490646,10
-1326000.9947027052,1837498.2337490646,10
-1325537.6819861776,1837498.2337490646,10
-1325074.3692696502,1837498.2337490646,16
-1324611.0565531226,1837498.2337490646,16
-1324147.7438365952,1837498.2337490646,16
-1323684.4311200676,1837498.2337490646,16
-1323221.11840354,1837498.2337490646,16
-1322757.8056870126,1837498.2337490646,16
-1322294.492970485,1837498.2337490646,16
-1321831.1802539576,1837498.2337490646,16
-1321367.86753743,1837498.2337490646,16
-1320904.5548209026,1837498.2337490646,10
-1320441.242104375,1837498.2337490646,10
-1319977.9293878477,1837498.2337490646,10
-1319514.61667132,1837498.2337490646,10
-1319051.3039547927,1837498.2337490646,16
-1318587.991238265,1837498.2337490646,16
-1318124.6785217377,1837498.2337490646,16
-1317661.36580521,1837498.2337490646,16
-1317198.0530886827,1837498.2337490646,16
-1316734.740372155,1837498.2337490646,16
-1316271.4276556277,1837498.2337490646,16
-1315808.1149391,1837498.2337490646,16
-1315344.8022225727,1837498.2337490646,16
-1314881.4895060451,1837498.2337490646,16
-1314418.1767895175,1837498.2337490646,16
-1313954.8640729901,1837498.2337490646,16
-1313491.5513564625,1837498.2337490646,16
-1313028.2386399352,1837498.2337490646,16
-1312564.9259234075,1837498.2337490646,16
-1312101.6132068802,1837498.2337490646,16
-1311638.3004903526,1837498.2337490646,16
-1311174.9877738252,1837498.2337490646,16
-1310711.6750572976,1837498.2337490646,16
-1310248.3623407702,1837498.2337490646,16
-1309785.0496242426,1837498.2337490646,16
-1309321.7369077152,1837498.2337490646,16
-1308858.4241911876,1837498.2337490646,16
-1308395.1114746602,1837498.2337490646,16
-1307931.7987581326,1837498.2337490646,16
-1307468.486041605,1837498.2337490646,16
-1307005.1733250776,1837498.2337490646,16
-1306541.86060855,1837498.2337490646,16
-1306078.5478920226,1837498.2337490646,16
-1305615.235175495,1837498.2337490646,16
-1305151.9224589677,1837498.2337490646,16
-1304688.60974244,1837498.2337490646,16
-1304225.2970259127,1837498.2337490646,16
-1303761.984309385,1837498.2337490646,16
-1303298.6715928577,1837498.2337490646,16
-1302835.35887633,1837498.2337490646,16
-1302372.0461598027,1837498.2337490646,16
-1301908.733443275,1837498.2337490646,10
-1301445.4207267477,1837498.2337490646,16
-1300982.10801022,1837498.2337490646,16
-1300518.7952936925,1837498.2337490646,16
-1300055.4825771651,1837498.2337490646,16
-1299592.1698606375,1837498.2337490646,16
-1299128.8571441101,1837498.2337490646,16
-1298665.5444275825,1837498.2337490646,16
-1298202.2317110552,1837498.2337490646,16
-1297738.9189945275,1837498.2337490646,16
-1297275.6062780002,1837498.2337490646,16
-1296812.2935614726,1837498.2337490646,16
-1296348.9808449452,1837498.2337490646,16
-1295885.6681284176,1837498.2337490646,16
-1295422.3554118902,1837498.2337490646,16
-1294959.0426953626,1837498.2337490646,16
-1294495.7299788352,1837498.2337490646,16
-1294032.4172623076,1837498.2337490646,16
-1293569.10454578,1837498.2337490646,16
-1293105.7918292526,1837498.2337490646,10
-1292642.479112725,1837498.2337490646,10
-1292179.1663961976,1837498.2337490646,10
-1291715.85367967,1837498.2337490646,10
-1291252.5409631426,1837498.2337490646,10
-1290789.228246615,1837498.2337490646,10
-1290325.9155300877,1837498.2337490646,10
-1289862.60281356,1837498.2337490646,10
-1289399.2900970327,1837498.2337490646,10
-1288935.977380505,1837498.2337490646,10
-1288472.6646639777,1837498.2337490646,10
-1288009.35194745,1837498.2337490646,10
-1287546.0392309227,1837498.2337490646,10
-1287082.726514395,1837498.2337490646,10
-1286619.4137978677,1837498.2337490646,10
-1286156.10108134,1837498.2337490646,10
-1285692.7883648127,1837498.2337490646,10
-1285229.4756482851,1837498.2337490646,10
-1284766.1629317575,1837498.2337490646,10
-1284302.8502152301,1837498.2337490646,10
-1283839.5374987025,1837498.2337490646,10
-1283376.2247821752,1837498.2337490646,10
-1282912.9120656475,1837498.2337490646,7
-1282449.5993491202,1837498.2337490646,10
-1281986.2866325926,1837498.2337490646,10
-1281522.9739160652,1837498.2337490646,10
-1281059.6611995376,1837498.2337490646,10
-1280596.3484830102,1837498.2337490646,10
-1280133.0357664826,1837498.2337490646,10
-1279669.7230499552,1837498.2337490646,10
-1279206.4103334276,1837498.2337490646,10
-1278743.0976169002,1837498.2337490646,10
-1278279.7849003726,1837498.2337490646,10
-1277816.472183845,1837498.2337490646,10
-1277353.1594673176,1837498.2337490646,10
-1276889.84675079,1837498.2337490646,10
-1276426.5340342626,1837498.2337490646,10
-1275963.221317735,1837498.2337490646,10
-1275499.9086012077,1837498.2337490646,10
-1275036.59588468,1837498.2337490646,10
-1274573.2831681527,1837498.2337490646,10
-1274109.970451625,1837498.2337490646,10
-1273646.6577350977,1837498.2337490646,10
-1273183.34501857,1837498.2337490646,10
-1272720.0323020427,1837498.2337490646,10
-1272256.719585515,1837498.2337490646,10
-1271793.4068689877,1837498.2337490646,10
-1271330.09415246,1837498.2337490646,10
-1270866.7814359325,1837498.2337490646,10
-1270403.4687194051,1837498.2337490646,10
-1269940.1560028775,1837498.2337490646,10
-1269476.8432863501,1837498.2337490646,10
-1269013.5305698225,1837498.2337490646,10
-1268550.2178532952,1837498.2337490646,10
-1268086.9051367675,1837498.2337490646,10
-1267623.5924202402,1837498.2337490646,10
-1267160.2797037126,1837498.2337490646,10
-1266696.9669871852,1837498.2337490646,10
-1266233.6542706576,1837498.2337490646,10
-1265770.3415541302,1837498.2337490646,10
-1265307.0288376026,1837498.2337490646,10
-1264843.7161210752,1837498.2337490646,10
-1264380.4034045476,1837498.2337490646,10
-1263917.09068802,1837498.2337490646,10
-1263453.7779714926,1837498.2337490646,10
-1262990.465254965,1837498.2337490646,10
-1262527.1525384376,1837498.2337490646,10
-1262063.83982191,1837498.2337490646,10
-1261600.5271053826,1837498.2337490646,10
-1261137.214388855,1837498.2337490646,10
-1260673.9016723277,1837498.2337490646,10
-1260210.5889558,1837498.2337490646,10
-1259747.2762392727,1837498.2337490646,10
-1259283.963522745,1837498.2337490646,10
-1258820.6508062177,1837498.2337490646,10
-1258357.33808969,1837498.2337490646,10
-1257894.0253731627,1837498.2337490646,10
-1257430.712656635,1837498.2337490646,10
-1256967.3999401077,1837498.2337490646,10
-1256504.08722358,1837498.2337490646,10
-1256040.7745070527,1837498.2337490646,10
-1255577.4617905251,1837498.2337490646,10
-1255114.1490739975,1837498.2337490646,10
-1254650.8363574701,1837498.2337490646,10
-1254187.5236409425,1837498.2337490646,10
-1253724.2109244152,1837498.2337490646,10
-1253260.8982078875,1837498.2337490646,10
-1252797.5854913602,1837498.2337490646,10
-1252334.2727748326,1837498.2337490646,10
-1251870.9600583052,1837498.2337490646,10
-1251407.6473417776,1837498.2337490646,10
-1250944.3346252502,1837498.2337490646,10
-1250481.0219087226,1837498.2337490646,10
-1250017.7091921952,1837498.2337490646,10
-1249554.3964756676,1837498.2337490646,10
-1249091.0837591402,1837498.2337490646,10
-1248627.7710426126,1837498.2337490646,10
-1248164.458326085,1837498.2337490646,10
-1247701.1456095576,1837498.2337490646,10
-1247237.83289303,1837498.2337490646,10
-1246774.5201765026,1837498.2337490646,10
-1246311.207459975,1837498.2337490646,10
-1245847.8947434477,1837498.2337490646,10
-1245384.58202692,1837498.2337490646,10
-1244921.2693103927,1837498.2337490646,10
-1244457.956593865,1837498.2337490646,10
-1243994.6438773377,1837498.2337490646,10
-1243531.33116081,1837498.2337490646,10
-1243068.0184442827,1837498.2337490646,10
-1242604.705727755,1837498.2337490646,10
-1242141.3930112277,1837498.2337490646,10
-1241678.0802947,1837498.2337490646,10
-1241214.7675781725,1837498.2337490646,10
-1240751.4548616451,1837498.2337490646,10
-1240288.1421451175,1837498.2337490646,10
-1239824.8294285901,1837498.2337490646,10
-1239361.5167120625,1837498.2337490646,10
-1238898.2039955352,1837498.2337490646,10
-1238434.8912790075,1837498.2337490646,10
-1237971.5785624802,1837498.2337490646,10
-1237508.2658459526,1837498.2337490646,10
-1237044.9531294252,1837498.2337490646,10
-1236581.6404128976,1837498.2337490646,10
-1236118.3276963702,1837498.2337490646,10
-1235655.0149798426,1837498.2337490646,10
-1235191.7022633152,1837498.2337490646,10
-1234728.3895467876,1837498.2337490646,10
-1234265.07683026,1837498.2337490646,10
-1233801.7641137326,1837498.2337490646,10
-1233338.4513972052,1837498.2337490646,10
-1232875.1386806776,1837498.2337490646,10
-1232411.82596415,1837498.2337490646,10
-1231948.5132476226,1837498.2337490646,10
-1231485.200531095,1837498.2337490646,10
-1231021.8878145677,1837498.2337490646,10
-1230558.57509804,1837498.2337490646,10
-1230095.2623815127,1837498.2337490646,10
-1229631.949664985,1837498.2337490646,10
-1229168.6369484577,1837498.2337490646,10
-1228705.32423193,1837498.2337490646,10
-1228242.0115154027,1837498.2337490646,10
-1227778.698798875,1837498.2337490646,10
-1227315.3860823475,1837498.2337490646,10
-1226852.07336582,1837498.2337490646,10
-1226388.7606492927,1837498.2337490646,10
-1225925.4479327651,1837498.2337490646,10
-1225462.1352162375,1837498.2337490646,10
-1224998.8224997101,1837498.2337490646,10
-1224535.5097831825,1837498.2337490646,10
-1224072.1970666551,1837498.2337490646,10
-1223608.8843501275,1837498.2337490646,10
-1223145.5716336002,1837498.2337490646,10
-1222682.2589170726,1837498.2337490646,10
-1222218.9462005452,1837498.2337490646,10
-1221755.6334840176,1837498.2337490646,10
-1221292.3207674902,1837498.2337490646,10
-1220829.0080509626,1837498.2337490646,10
-1220365.6953344352,1837498.2337490646,10
-1219902.3826179076,1837498.2337490646,10
-1219439.0699013802,1837498.2337490646,10
-1218975.7571848526,1837498.2337490646,10
-1218512.444468325,1837498.2337490646,10
-1218049.1317517976,1837498.2337490646,10
-1217585.81903527,1837498.2337490646,10
-1217122.5063187426,1837498.2337490646,10
-1216659.193602215,1837498.2337490646,10
-1216195.8808856877,1837498.2337490646,10
-1215732.56816916,1837498.2337490646,10
-1215269.2554526327,1837498.2337490646,10
-1214805.942736105,1837498.2337490646,10
-1214342.6300195777,1837498.2337490646,10
-1213879.31730305,1837498.2337490646,10
-1213416.0045865227,1837498.2337490646,10
-1212952.691869995,1837498.2337490646,10
-1212489.3791534677,1837498.2337490646,10
-1212026.06643694,1837498.2337490646,10
-1211562.7537204125,1837498.2337490646,10
-1211099.4410038851,1837498.2337490646,10
-1210636.1282873575,1837498.2337490646,10
-1210172.8155708301,1837498.2337490646,10
-1209709.5028543025,1837498.2337490646,10
-1209246.1901377751,1837498.2337490646,10
-1208782.8774212475,1837498.2337490646,10
-1208319.5647047202,1837498.2337490646,10
-1207856.2519881926,1837498.2337490646,10
-1207392.9392716652,1837498.2337490646,10
-1206929.6265551376,1837498.2337490646,10
-1206466.3138386102,1837498.2337490646,10
-1206003.0011220826,1837498.2337490646,10
-1205539.6884055552,1837498.2337490646,10
-1205076.3756890276,1837498.2337490646,10
-1204613.0629725,1837498.2337490646,10
-1204149.7502559726,1837498.2337490646,10
-1203686.4375394452,1837498.2337490646,10
-1203223.1248229176,1837498.2337490646,10
-1202759.81210639,1837498.2337490646,10
-1202296.4993898626,1837498.2337490646,10
-1201833.186673335,1837498.2337490646,10
-1201369.8739568077,1837498.2337490646,10
-1200906.56124028,1837498.2337490646,10
-1200443.2485237527,1837498.2337490646,10
-1199979.935807225,1837498.2337490646,10
-1199516.6230906977,1837498.2337490646,10
-1199053.31037417,1837498.2337490646,10
-1198589.9976576427,1837498.2337490646,10
-1198126.684941115,1837498.2337490646,10
-1197663.3722245875,1837498.2337490646,10
-1197200.05950806,1837498.2337490646,10
-1196736.7467915327,1837498.2337490646,10
-1196273.4340750051,1837498.2337490646,10
-1195810.1213584775,1837498.2337490646,10
-1195346.8086419501,1837498.2337490646,10
-1194883.4959254225,1837498.2337490646,10
-1194420.1832088951,1837498.2337490646,10
-1193956.8704923675,1837498.2337490646,10
-1193493.5577758402,1837498.2337490646,10
-1193030.2450593126,1837498.2337490646,10
-1192566.9323427852,1837498.2337490646,10
-1192103.6196262576,1837498.2337490646,10
-1191640.3069097302,1837498.2337490646,10
-1191176.9941932026,1837498.2337490646,10
-1190713.6814766752,1837498.2337490646,10
-1190250.3687601476,1837498.2337490646,10
-1189787.0560436202,1837498.2337490646,10
-1189323.7433270926,1837498.2337490646,10
-1188860.430610565,1837498.2337490646,10
-1188397.1178940376,1837498.2337490646,10
-1187933.80517751,1837498.2337490646,10
-1187470.4924609826,1837498.2337490646,10
-1187007.179744455,1837498.2337490646,10
-1186543.8670279277,1837498.2337490646,10
-1186080.5543114,1837498.2337490646,10
-1185617.2415948727,1837498.2337490646,10
-1185153.928878345,1837498.2337490646,10
-1184690.6161618177,1837498.2337490646,10
-1184227.30344529,1837498.2337490646,10
-1183763.9907287627,1837498.2337490646,10
-1183300.678012235,1837498.2337490646,10
-1182837.3652957077,1837498.2337490646,10
-1182374.05257918,1837498.2337490646,10
-1181910.7398626525,1837498.2337490646,10
-1181447.4271461251,1837498.2337490646,10
-1180984.1144295975,1837498.2337490646,10
-1180520.8017130701,1837498.2337490646,10
-1180057.4889965425,1837498.2337490646,10
-1179594.1762800151,1837498.2337490646,10
-1179130.8635634875,1837498.2337490646,10
-1178667.5508469602,1837498.2337490646,10
-1178204.2381304326,1837498.2337490646,10
-1177740.9254139052,1837498.2337490646,10
-1177277.6126973776,1837498.2337490646,10
-1176814.2999808502,1837498.2337490646,10
-1176350.9872643226,1837498.2337490646,10
-1175887.6745477952,1837498.2337490646,10
-1175424.3618312676,1837498.2337490646,10
-1174961.04911474,1837498.2337490646,10
-1174497.7363982126,1837498.2337490646,10
-1174034.4236816852,1837498.2337490646,10
-1173571.1109651576,1837498.2337490646,10
-1173107.79824863,1837498.2337490646,10
-1172644.4855321026,1837498.2337490646,10
-1172181.172815575,1837498.2337490646,10
-1171717.8600990477,1837498.2337490646,10
-1171254.54738252,1837498.2337490646,10
-1170791.2346659927,1837498.2337490646,10
-1170327.921949465,1837498.2337490646,10
-1169864.6092329377,1837498.2337490646,10
-1169401.29651641,1837498.2337490646,10
-1168937.9837998827,1837498.2337490646,10
-1168474.671083355,1837498.2337490646,10
-1168011.3583668275,1837498.2337490646,10
-1167548.0456503,1837498.2337490646,10
-1167084.7329337727,1837498.2337490646,10
-1166621.4202172451,1837498.2337490646,10
-1166158.1075007175,1837498.2337490646,10
-1165694.7947841901,1837498.2337490646,10
-1165231.4820676625,1837498.2337490646,10
-1164768.1693511351,1837498.2337490646,10
-1164304.8566346075,1837498.2337490646,10
-1163841.5439180802,1837498.2337490646,10
-1163378.2312015526,1837498.2337490646,10
-1162914.9184850252,1837498.2337490646,10
-1162451.6057684976,1837498.2337490646,10
-1161988.2930519702,1837498.2337490646,10
-1161524.9803354426,1837498.2337490646,10
-1161061.6676189152,1837498.2337490646,10
-1160598.3549023876,1837498.2337490646,10
-1160135.0421858602,1837498.2337490646,10
-1159671.7294693326,1837498.2337490646,10
-1159208.416752805,1837498.2337490646,10
-1158745.1040362776,1837498.2337490646,10
-1158281.79131975,1837498.2337490646,10
-1157818.4786032226,1837498.2337490646,10
-1157355.165886695,1837498.2337490646,10
-1156891.8531701677,1837498.2337490646,10
-1156428.54045364,1837498.2337490646,10
-1155965.2277371127,1837498.2337490646,10
-1155501.915020585,1837498.2337490646,10
-1155038.6023040577,1837498.2337490646,10
-1154575.28958753,1837498.2337490646,10
-1154111.9768710027,1837498.2337490646,10
-1153648.664154475,1837498.2337490646,10
-1153185.3514379477,1837498.2337490646,10
-1152722.03872142,1837498.2337490646,10
-1152258.7260048925,1837498.2337490646,10
-1151795.4132883651,1837498.2337490646,10
-1151332.1005718375,1837498.2337490646,10
-1150868.7878553101,1837498.2337490646,10
-1150405.4751387825,1837498.2337490646,10
-1149942.1624222551,1837498.2337490646,10
-1149478.8497057275,1837498.2337490646,10
-1149015.5369892002,1837498.2337490646,10
-1148552.2242726726,1837498.2337490646,10
-1148088.9115561452,1837498.2337490646,10
-1147625.5988396176,1837498.2337490646,10
-1147162.2861230902,1837498.2337490646,10
-1358432.8848596301,1837034.9210325372,10
-1357969.5721431025,1837034.9210325372,10
-1357506.2594265752,1837034.9210325372,10
-1357042.9467100475,1837034.9210325372,10
-1356579.6339935202,1837034.9210325372,10
-1356116.3212769926,1837034.9210325372,10
-1355653.0085604652,1837034.9210325372,10
-1355189.6958439376,1837034.9210325372,10
-1354726.3831274102,1837034.9210325372,10
-1354263.0704108826,1837034.9210325372,10
-1353799.7576943552,1837034.9210325372,10
-1353336.4449778276,1837034.9210325372,10
-1352873.1322613002,1837034.9210325372,10
-1352409.8195447726,1837034.9210325372,16
-1351946.506828245,1837034.9210325372,16
-1351483.1941117176,1837034.9210325372,16
-1351019.88139519,1837034.9210325372,16
-1350556.5686786626,1837034.9210325372,16
-1350093.255962135,1837034.9210325372,10
-1349629.9432456077,1837034.9210325372,10
-1349166.63052908,1837034.9210325372,10
-1348703.3178125527,1837034.9210325372,16
-1348240.005096025,1837034.9210325372,16
-1347776.6923794977,1837034.9210325372,16
-1347313.37966297,1837034.9210325372,16
-1346850.0669464427,1837034.9210325372,16
-1346386.754229915,1837034.9210325372,16
-1345923.4415133877,1837034.9210325372,16
-1345460.12879686,1837034.9210325372,16
-1344996.8160803327,1837034.9210325372,16
-1344533.5033638051,1837034.9210325372,16
-1344070.1906472775,1837034.9210325372,16
-1343606.8779307501,1837034.9210325372,16
-1343143.5652142225,1837034.9210325372,16
-1342680.2524976952,1837034.9210325372,16
-1342216.9397811675,1837034.9210325372,10
-1341753.6270646402,1837034.9210325372,10
-1341290.3143481126,1837034.9210325372,16
-1340827.0016315852,1837034.9210325372,16
-1340363.6889150576,1837034.9210325372,16
-1339900.3761985302,1837034.9210325372,16
-1339437.0634820026,1837034.9210325372,16
-1338973.7507654752,1837034.9210325372,16
-1338510.4380489476,1837034.9210325372,16
-1338047.1253324202,1837034.9210325372,16
-1337583.8126158926,1837034.9210325372,16
-1337120.499899365,1837034.9210325372,16
-1336657.1871828376,1837034.9210325372,16
-1336193.87446631,1837034.9210325372,16
-1335730.5617497826,1837034.9210325372,16
-1335267.249033255,1837034.9210325372,16
-1334803.9363167277,1837034.9210325372,16
-1334340.6236002,1837034.9210325372,16
-1333877.3108836727,1837034.9210325372,16
-1333413.998167145,1837034.9210325372,16
-1332950.6854506177,1837034.9210325372,16
-1332487.37273409,1837034.9210325372,16
-1332024.0600175627,1837034.9210325372,16
-1331560.747301035,1837034.9210325372,16
-1331097.4345845077,1837034.9210325372,16
-1330634.12186798,1837034.9210325372,16
-1330170.8091514525,1837034.9210325372,16
-1329707.4964349251,1837034.9210325372,16
-1329244.1837183975,1837034.9210325372,16
-1328780.8710018701,1837034.9210325372,16
-1328317.5582853425,1837034.9210325372,16
-1327854.2455688152,1837034.9210325372,16
-1327390.9328522875,1837034.9210325372,16
-1326927.6201357602,1837034.9210325372,16
-1326464.3074192326,1837034.9210325372,16
-1326000.9947027052,1837034.9210325372,10
-1325537.6819861776,1837034.9210325372,10
-1325074.3692696502,1837034.9210325372,10
-1324611.0565531226,1837034.9210325372,10
-1324147.7438365952,1837034.9210325372,10
-1323684.4311200676,1837034.9210325372,10
-1323221.11840354,1837034.9210325372,10
-1322757.8056870126,1837034.9210325372,10
-1322294.492970485,1837034.9210325372,10
-1321831.1802539576,1837034.9210325372,16
-1321367.86753743,1837034.9210325372,16
-1320904.5548209026,1837034.9210325372,10
-1320441.242104375,1837034.9210325372,10
-1319977.9293878477,1837034.9210325372,10
-1319514.61667132,1837034.9210325372,10
-1319051.3039547927,1837034.9210325372,16
-1318587.991238265,1837034.9210325372,16
-1318124.6785217377,1837034.9210325372,16
-1317661.36580521,1837034.9210325372,16
-1317198.0530886827,1837034.9210325372,16
-1316734.740372155,1837034.9210325372,16
-1316271.4276556277,1837034.9210325372,16
-1315808.1149391,1837034.9210325372,16
-1315344.8022225727,1837034.9210325372,16
-1314881.4895060451,1837034.9210325372,16
-1314418.1767895175,1837034.9210325372,16
-1313954.8640729901,1837034.9210325372,16
-1313491.5513564625,1837034.9210325372,16
-1313028.2386399352,1837034.9210325372,16
-1312564.9259234075,1837034.9210325372,16
-1312101.6132068802,1837034.9210325372,16
-1311638.3004903526,1837034.9210325372,16
-1311174.9877738252,1837034.9210325372,16
-1310711.6750572976,1837034.9210325372,16
-1310248.3623407702,1837034.9210325372,16
-1309785.0496242426,1837034.9210325372,16
-1309321.7369077152,1837034.9210325372,16
-1308858.4241911876,1837034.9210325372,16
-1308395.1114746602,1837034.9210325372,16
-1307931.7987581326,1837034.9210325372,16
-1307468.486041605,1837034.9210325372,16
-1307005.1733250776,1837034.9210325372,10
-1306541.86060855,1837034.9210325372,10
-1306078.5478920226,1837034.9210325372,16
-1305615.235175495,1837034.9210325372,16
-1305151.9224589677,1837034.9210325372,16
-1304688.60974244,1837034.9210325372,16
-1304225.2970259127,1837034.9210325372,10
-1303761.984309385,1837034.9210325372,16
-1303298.6715928577,1837034.9210325372,16
-1302835.35887633,1837034.9210325372,16
-1302372.0461598027,1837034.9210325372,10
-1301908.733443275,1837034.9210325372,10
-1301445.4207267477,1837034.9210325372,16
-1300982.10801022,1837034.9210325372,16
-1300518.7952936925,1837034.9210325372,16
-1300055.4825771651,1837034.9210325372,16
-1299592.1698606375,1837034.9210325372,16
-1299128.8571441101,1837034.9210325372,16
-1298665.5444275825,1837034.9210325372,16
-1298202.2317110552,1837034.9210325372,16
-1297738.9189945275,1837034.9210325372,16
-1297275.6062780002,1837034.9210325372,16
-1296812.2935614726,1837034.9210325372,16
-1296348.9808449452,1837034.9210325372,16
-1295885.6681284176,1837034.9210325372,10
-1295422.3554118902,1837034.9210325372,10
-1294959.0426953626,1837034.9210325372,10
-1294495.7299788352,1837034.9210325372,10
-1294032.4172623076,1837034.9210325372,10
-1293569.10454578,1837034.9210325372,16
-1293105.7918292526,1837034.9210325372,16
-1292642.479112725,1837034.9210325372,16
-1292179.1663961976,1837034.9210325372,10
-1291715.85367967,1837034.9210325372,10
-1291252.5409631426,1837034.9210325372,10
-1290789.228246615,1837034.9210325372,10
-1290325.9155300877,1837034.9210325372,10
-1289862.60281356,1837034.9210325372,10
-1289399.2900970327,1837034.9210325372,10
-1288935.977380505,1837034.9210325372,10
-1288472.6646639777,1837034.9210325372,10
-1288009.35194745,1837034.9210325372,10
-1287546.0392309227,1837034.9210325372,10
-1287082.726514395,1837034.9210325372,10
-1286619.4137978677,1837034.9210325372,10
-1286156.10108134,1837034.9210325372,10
-1285692.7883648127,1837034.9210325372,7
-1285229.4756482851,1837034.9210325372,10
-1284766.1629317575,1837034.9210325372,10
-1284302.8502152301,1837034.9210325372,10
-1283839.5374987025,1837034.9210325372,10
-1283376.2247821752,1837034.9210325372,10
-1282912.9120656475,1837034.9210325372,10
-1282449.5993491202,1837034.9210325372,10
-1281986.2866325926,1837034.9210325372,10
-1281522.9739160652,1837034.9210325372,10
-1281059.6611995376,1837034.9210325372,10
-1280596.3484830102,1837034.9210325372,10
-1280133.0357664826,1837034.9210325372,10
-1279669.7230499552,1837034.9210325372,10
-1279206.4103334276,1837034.9210325372,10
-1278743.0976169002,1837034.9210325372,10
-1278279.7849003726,1837034.9210325372,10
-1277816.472183845,1837034.9210325372,10
-1277353.1594673176,1837034.9210325372,10
-1276889.84675079,1837034.9210325372,10
-1276426.5340342626,1837034.9210325372,10
-1275963.221317735,1837034.9210325372,10
-1275499.9086012077,1837034.9210325372,10
-1275036.59588468,1837034.9210325372,10
-1274573.2831681527,1837034.9210325372,10
-1274109.970451625,1837034.9210325372,10
-1273646.6577350977,1837034.9210325372,10
-1273183.34501857,1837034.9210325372,10
-1272720.0323020427,1837034.9210325372,10
-1272256.719585515,1837034.9210325372,10
-1271793.4068689877,1837034.9210325372,10
-1271330.09415246,1837034.9210325372,10
-1270866.7814359325,1837034.9210325372,10
-1270403.4687194051,1837034.9210325372,10
-1269940.1560028775,1837034.9210325372,10
-1269476.8432863501,1837034.9210325372,10
-1269013.5305698225,1837034.9210325372,10
-1268550.2178532952,1837034.9210325372,10
-1268086.9051367675,1837034.9210325372,10
-1267623.5924202402,1837034.9210325372,10
-1267160.2797037126,1837034.9210325372,10
-1266696.9669871852,1837034.9210325372,10
-1266233.6542706576,1837034.9210325372,10
-1265770.3415541302,1837034.9210325372,10
-1265307.0288376026,1837034.9210325372,10
-1264843.7161210752,1837034.9210325372,10
-1264380.4034045476,1837034.9210325372,10
-1263917.09068802,1837034.9210325372,10
-1263453.7779714926,1837034.9210325372,10
-1262990.465254965,1837034.9210325372,10
-1262527.1525384376,1837034.9210325372,10
-1262063.83982191,1837034.9210325372,10
-1261600.5271053826,1837034.9210325372,10
-1261137.214388855,1837034.9210325372,10
-1260673.9016723277,1837034.9210325372,10
-1260210.5889558,1837034.9210325372,10
-1259747.2762392727,1837034.9210325372,10
-1259283.963522745,1837034.9210325372,10
-1258820.6508062177,1837034.9210325372,10
-1258357.33808969,1837034.9210325372,10
-1257894.0253731627,1837034.9210325372,10
-1257430.712656635,1837034.9210325372,10
-1256967.3999401077,1837034.9210325372,10
-1256504.08722358,1837034.9210325372,10
-1256040.7745070527,1837034.9210325372,10
-1255577.4617905251,1837034.9210325372,10
-1255114.1490739975,1837034.9210325372,10
-1254650.8363574701,1837034.9210325372,10
-1254187.5236409425,1837034.9210325372,10
-1253724.2109244152,1837034.9210325372,10
-1253260.8982078875,1837034.9210325372,10
-1252797.5854913602,1837034.9210325372,10
-1252334.2727748326,1837034.9210325372,10
-1251870.9600583052,1837034.9210325372,10
-1251407.6473417776,1837034.9210325372,10
-1250944.3346252502,1837034.9210325372,10
-1250481.0219087226,1837034.9210325372,10
-1250017.7091921952,1837034.9210325372,10
-1249554.3964756676,1837034.9210325372,10
-1249091.0837591402,1837034.9210325372,10
-1248627.7710426126,1837034.9210325372,10
-1248164.458326085,1837034.9210325372,10
-1247701.1456095576,1837034.9210325372,10
-1247237.83289303,1837034.9210325372,10
-1246774.5201765026,1837034.9210325372,10
-1246311.207459975,1837034.9210325372,10
-1245847.8947434477,1837034.9210325372,10
-1245384.58202692,1837034.9210325372,10
-1244921.2693103927,1837034.9210325372,10
-1244457.956593865,1837034.9210325372,10
-1243994.6438773377,1837034.9210325372,10
-1243531.33116081,1837034.9210325372,10
-1243068.0184442827,1837034.9210325372,10
-1242604.705727755,1837034.9210325372,10
-1242141.3930112277,1837034.9210325372,10
-1241678.0802947,1837034.9210325372,10
-1241214.7675781725,1837034.9210325372,10
-1240751.4548616451,1837034.9210325372,10
-1240288.1421451175,1837034.9210325372,10
-1239824.8294285901,1837034.9210325372,10
-1239361.5167120625,1837034.9210325372,10
-1238898.2039955352,1837034.9210325372,10
-1238434.8912790075,1837034.9210325372,10
-1237971.5785624802,1837034.9210325372,10
-1237508.2658459526,1837034.9210325372,10
-1237044.9531294252,1837034.9210325372,10
-1236581.6404128976,1837034.9210325372,10
-1236118.3276963702,1837034.9210325372,10
-1235655.0149798426,1837034.9210325372,10
-1235191.7022633152,1837034.9210325372,10
-1234728.3895467876,1837034.9210325372,10
-1234265.07683026,1837034.9210325372,10
-1233801.7641137326,1837034.9210325372,10
-1233338.4513972052,1837034.9210325372,10
-1232875.1386806776,1837034.9210325372,10
-1232411.82596415,1837034.9210325372,10
-1231948.5132476226,1837034.9210325372,10
-1231485.200531095,1837034.9210325372,10
-1231021.8878145677,1837034.9210325372,10
-1230558.57509804,1837034.9210325372,10
-1230095.2623815127,1837034.9210325372,10
-1229631.949664985,1837034.9210325372,10
-1229168.6369484577,1837034.9210325372,10
-1228705.32423193,1837034.9210325372,10
-1228242.0115154027,1837034.9210325372,10
-1227778.698798875,1837034.9210325372,10
-1227315.3860823475,1837034.9210325372,10
-1226852.07336582,1837034.9210325372,10
-1226388.7606492927,1837034.9210325372,10
-1225925.4479327651,1837034.9210325372,10
-1225462.1352162375,1837034.9210325372,10
-1224998.8224997101,1837034.9210325372,10
-1224535.5097831825,1837034.9210325372,10
-1224072.1970666551,1837034.9210325372,10
-1223608.8843501275,1837034.9210325372,10
-1223145.5716336002,1837034.9210325372,10
-1222682.2589170726,1837034.9210325372,10
-1222218.9462005452,1837034.9210325372,10
-1221755.6334840176,1837034.9210325372,10
-1221292.3207674902,1837034.9210325372,10
-1220829.0080509626,1837034.9210325372,10
-1220365.6953344352,1837034.9210325372,10
-1219902.3826179076,1837034.9210325372,10
-1219439.0699013802,1837034.9210325372,10
-1218975.7571848526,1837034.9210325372,10
-1218512.444468325,1837034.9210325372,10
-1218049.1317517976,1837034.9210325372,10
-1217585.81903527,1837034.9210325372,10
-1217122.5063187426,1837034.9210325372,10
-1216659.193602215,1837034.9210325372,10
-1216195.8808856877,1837034.9210325372,10
-1215732.56816916,1837034.9210325372,10
-1215269.2554526327,1837034.9210325372,10
-1214805.942736105,1837034.9210325372,10
-1214342.6300195777,1837034.9210325372,10
-1213879.31730305,1837034.9210325372,10
-1213416.0045865227,1837034.9210325372,10
-1212952.691869995,1837034.9210325372,10
-1212489.3791534677,1837034.9210325372,10
-1212026.06643694,1837034.9210325372,10
-1211562.7537204125,1837034.9210325372,10
-1211099.4410038851,1837034.9210325372,10
-1210636.1282873575,1837034.9210325372,10
-1210172.8155708301,1837034.9210325372,10
-1209709.5028543025,1837034.9210325372,10
-1209246.1901377751,1837034.9210325372,10
-1208782.8774212475,1837034.9210325372,10
-1208319.5647047202,1837034.9210325372,10
-1207856.2519881926,1837034.9210325372,10
-1207392.9392716652,1837034.9210325372,10
-1206929.6265551376,1837034.9210325372,10
-1206466.3138386102,1837034.9210325372,10
-1206003.0011220826,1837034.9210325372,10
-1205539.6884055552,1837034.9210325372,10
-1205076.3756890276,1837034.9210325372,10
-1204613.0629725,1837034.9210325372,10
-1204149.7502559726,1837034.9210325372,10
-1203686.4375394452,1837034.9210325372,10
-1203223.1248229176,1837034.9210325372,10
-1202759.81210639,1837034.9210325372,10
-1202296.4993898626,1837034.9210325372,10
-1201833.186673335,1837034.9210325372,10
-1201369.8739568077,1837034.9210325372,10
-1200906.56124028,1837034.9210325372,10
-1200443.2485237527,1837034.9210325372,10
-1199979.935807225,1837034.9210325372,10
-1199516.6230906977,1837034.9210325372,10
-1199053.31037417,1837034.9210325372,10
-1198589.9976576427,1837034.9210325372,10
-1198126.684941115,1837034.9210325372,10
-1197663.3722245875,1837034.9210325372,10
-1197200.05950806,1837034.9210325372,10
-1196736.7467915327,1837034.9210325372,10
-1196273.4340750051,1837034.9210325372,10
-1195810.1213584775,1837034.9210325372,10
-1195346.8086419501,1837034.9210325372,10
-1194883.4959254225,1837034.9210325372,10
-1194420.1832088951,1837034.9210325372,10
-1193956.8704923675,1837034.9210325372,10
-1193493.5577758402,1837034.9210325372,10
-1193030.2450593126,1837034.9210325372,10
-1192566.9323427852,1837034.9210325372,10
-1192103.6196262576,1837034.9210325372,10
-1191640.3069097302,1837034.9210325372,10
-1191176.9941932026,1837034.9210325372,10
-1190713.6814766752,1837034.9210325372,10
-1190250.3687601476,1837034.9210325372,10
-1189787.0560436202,1837034.9210325372,10
-1189323.7433270926,1837034.9210325372,10
-1188860.430610565,1837034.9210325372,10
-1188397.1178940376,1837034.9210325372,10
-1187933.80517751,1837034.9210325372,10
-1187470.4924609826,1837034.9210325372,10
-1187007.179744455,1837034.9210325372,10
-1186543.8670279277,1837034.9210325372,10
-1186080.5543114,1837034.9210325372,10
-1185617.2415948727,1837034.9210325372,10
-1185153.928878345,1837034.9210325372,10
-1184690.6161618177,1837034.9210325372,10
-1184227.30344529,1837034.9210325372,10
-1183763.9907287627,1837034.9210325372,10
-1183300.678012235,1837034.9210325372,10
-1182837.3652957077,1837034.9210325372,10
-1182374.05257918,1837034.9210325372,10
-1181910.7398626525,1837034.9210325372,10
-1181447.4271461251,1837034.9210325372,10
-1180984.1144295975,1837034.9210325372,10
-1180520.8017130701,1837034.9210325372,10
-1180057.4889965425,1837034.9210325372,10
-1179594.1762800151,1837034.9210325372,10
-1179130.8635634875,1837034.9210325372,10
-1178667.5508469602,1837034.9210325372,10
-1178204.2381304326,1837034.9210325372,10
-1177740.9254139052,1837034.9210325372,10
-1177277.6126973776,1837034.9210325372,10
-1176814.2999808502,1837034.9210325372,10
-1176350.9872643226,1837034.9210325372,10
-1175887.6745477952,1837034.9210325372,10
-1175424.3618312676,1837034.9210325372,10
-1174961.04911474,1837034.9210325372,10
-1174497.7363982126,1837034.9210325372,10
-1174034.4236816852,1837034.9210325372,10
-1173571.1109651576,1837034.9210325372,10
-1173107.79824863,1837034.9210325372,10
-1172644.4855321026,1837034.9210325372,10
-1172181.172815575,1837034.9210325372,10
-1171717.8600990477,1837034.9210325372,10
-1171254.54738252,1837034.9210325372,10
-1170791.2346659927,1837034.9210325372,10
-1170327.921949465,1837034.9210325372,10
-1169864.6092329377,1837034.9210325372,10
-1169401.29651641,1837034.9210325372,10
-1168937.9837998827,1837034.9210325372,10
-1168474.671083355,1837034.9210325372,10
-1168011.3583668275,1837034.9210325372,10
-1167548.0456503,1837034.9210325372,10
-1167084.7329337727,1837034.9210325372,10
-1166621.4202172451,1837034.9210325372,10
-1166158.1075007175,1837034.9210325372,10
-1165694.7947841901,1837034.9210325372,10
-1165231.4820676625,1837034.9210325372,10
-1164768.1693511351,1837034.9210325372,10
-1164304.8566346075,1837034.9210325372,10
-1163841.5439180802,1837034.9210325372,10
-1163378.2312015526,1837034.9210325372,10
-1162914.9184850252,1837034.9210325372,10
-1162451.6057684976,1837034.9210325372,10
-1161988.2930519702,1837034.9210325372,10
-1161524.9803354426,1837034.9210325372,10
-1161061.6676189152,1837034.9210325372,10
-1160598.3549023876,1837034.9210325372,10
-1160135.0421858602,1837034.9210325372,10
-1159671.7294693326,1837034.9210325372,10
-1159208.416752805,1837034.9210325372,10
-1158745.1040362776,1837034.9210325372,10
-1158281.79131975,1837034.9210325372,10
-1157818.4786032226,1837034.9210325372,10
-1157355.165886695,1837034.9210325372,10
-1156891.8531701677,1837034.9210325372,10
-1156428.54045364,1837034.9210325372,10
-1155965.2277371127,1837034.9210325372,10
-1155501.915020585,1837034.9210325372,10
-1155038.6023040577,1837034.9210325372,10
-1154575.28958753,1837034.9210325372,10
-1154111.9768710027,1837034.9210325372,10
-1153648.664154475,1837034.9210325372,10
-1153185.3514379477,1837034.9210325372,10
-1152722.03872142,1837034.9210325372,10
-1152258.7260048925,1837034.9210325372,10
-1151795.4132883651,1837034.9210325372,10
-1151332.1005718375,1837034.9210325372,10
-1150868.7878553101,1837034.9210325372,10
-1150405.4751387825,1837034.9210325372,10
-1149942.1624222551,1837034.9210325372,10
-1149478.8497057275,1837034.9210325372,10
-1149015.5369892002,1837034.9210325372,10
-1148552.2242726726,1837034.9210325372,10
-1148088.9115561452,1837034.9210325372,10
-1147625.5988396176,1837034.9210325372,10
-1147162.2861230902,1837034.9210325372,10
-1358432.8848596301,1836571.6083160096,10
-1357969.5721431025,1836571.6083160096,10
-1357506.2594265752,1836571.6083160096,10
-1357042.9467100475,1836571.6083160096,10
-1356579.6339935202,1836571.6083160096,10
-1356116.3212769926,1836571.6083160096,10
-1355653.0085604652,1836571.6083160096,10
-1355189.6958439376,1836571.6083160096,10
-1354726.3831274102,1836571.6083160096,10
-1354263.0704108826,1836571.6083160096,10
-1353799.7576943552,1836571.6083160096,10
-1353336.4449778276,1836571.6083160096,10
-1352873.1322613002,1836571.6083160096,16
-1352409.8195447726,1836571.6083160096,16
-1351946.506828245,1836571.6083160096,10
-1351483.1941117176,1836571.6083160096,10
-1351019.88139519,1836571.6083160096,10
-1350556.5686786626,1836571.6083160096,10
-1350093.255962135,1836571.6083160096,10
-1349629.9432456077,1836571.6083160096,10
-1349166.63052908,1836571.6083160096,10
-1348703.3178125527,1836571.6083160096,10
-1348240.005096025,1836571.6083160096,16
-1347776.6923794977,1836571.6083160096,16
-1347313.37966297,1836571.6083160096,16
-1346850.0669464427,1836571.6083160096,16
-1346386.754229915,1836571.6083160096,16
-1345923.4415133877,1836571.6083160096,16
-1345460.12879686,1836571.6083160096,16
-1344996.8160803327,1836571.6083160096,16
-1344533.5033638051,1836571.6083160096,16
-1344070.1906472775,1836571.6083160096,16
-1343606.8779307501,1836571.6083160096,16
-1343143.5652142225,1836571.6083160096,16
-1342680.2524976952,1836571.6083160096,16
-1342216.9397811675,1836571.6083160096,10
-1341753.6270646402,1836571.6083160096,10
-1341290.3143481126,1836571.6083160096,10
-1340827.0016315852,1836571.6083160096,16
-1340363.6889150576,1836571.6083160096,16
-1339900.3761985302,1836571.6083160096,16
-1339437.0634820026,1836571.6083160096,16
-1338973.7507654752,1836571.6083160096,16
-1338510.4380489476,1836571.6083160096,16
-1338047.1253324202,1836571.6083160096,16
-1337583.8126158926,1836571.6083160096,16
-1337120.499899365,1836571.6083160096,16
-1336657.1871828376,1836571.6083160096,16
-1336193.87446631,1836571.6083160096,16
-1335730.5617497826,1836571.6083160096,16
-1335267.249033255,1836571.6083160096,16
-1334803.9363167277,1836571.6083160096,16
-1334340.6236002,1836571.6083160096,16
-1333877.3108836727,1836571.6083160096,16
-1333413.998167145,1836571.6083160096,16
-1332950.6854506177,1836571.6083160096,16
-1332487.37273409,1836571.6083160096,16
-1332024.0600175627,1836571.6083160096,16
-1331560.747301035,1836571.6083160096,16
-1331097.4345845077,1836571.6083160096,16
-1330634.12186798,1836571.6083160096,16
-1330170.8091514525,1836571.6083160096,16
-1329707.4964349251,1836571.6083160096,16
-1329244.1837183975,1836571.6083160096,16
-1328780.8710018701,1836571.6083160096,16
-1328317.5582853425,1836571.6083160096,16
-1327854.2455688152,1836571.6083160096,16
-1327390.9328522875,1836571.6083160096,16
-1326927.6201357602,1836571.6083160096,16
-1326464.3074192326,1836571.6083160096,16
-1326000.9947027052,1836571.6083160096,16
-1325537.6819861776,1836571.6083160096,16
-1325074.3692696502,1836571.6083160096,16
-1324611.0565531226,1836571.6083160096,16
-1324147.7438365952,1836571.6083160096,10
-1323684.4311200676,1836571.6083160096,10
-1323221.11840354,1836571.6083160096,10
-1322757.8056870126,1836571.6083160096,10
-1322294.492970485,1836571.6083160096,10
-1321831.1802539576,1836571.6083160096,10
-1321367.86753743,1836571.6083160096,10
-1320904.5548209026,1836571.6083160096,10
-1320441.242104375,1836571.6083160096,10
-1319977.9293878477,1836571.6083160096,10
-1319514.61667132,1836571.6083160096,10
-1319051.3039547927,1836571.6083160096,10
-1318587.991238265,1836571.6083160096,16
-1318124.6785217377,1836571.6083160096,16
-1317661.36580521,1836571.6083160096,16
-1317198.0530886827,1836571.6083160096,16
-1316734.740372155,1836571.6083160096,16
-1316271.4276556277,1836571.6083160096,16
-1315808.1149391,1836571.6083160096,16
-1315344.8022225727,1836571.6083160096,16
-1314881.4895060451,1836571.6083160096,16
-1314418.1767895175,1836571.6083160096,16
-1313954.8640729901,1836571.6083160096,16
-1313491.5513564625,1836571.6083160096,16
-1313028.2386399352,1836571.6083160096,16
-1312564.9259234075,1836571.6083160096,16
-1312101.6132068802,1836571.6083160096,16
-1311638.3004903526,1836571.6083160096,16
-1311174.9877738252,1836571.6083160096,16
-1310711.6750572976,1836571.6083160096,16
-1310248.3623407702,1836571.6083160096,16
-1309785.0496242426,1836571.6083160096,16
-1309321.7369077152,1836571.6083160096,16
-1308858.4241911876,1836571.6083160096,16
-1308395.1114746602,1836571.6083160096,16
-1307931.7987581326,1836571.6083160096,16
-1307468.486041605,1836571.6083160096,16
-1307005.1733250776,1836571.6083160096,16
-1306541.86060855,1836571.6083160096,16
-1306078.5478920226,1836571.6083160096,10
-1305615.235175495,1836571.6083160096,10
-1305151.9224589677,1836571.6083160096,10
-1304688.60974244,1836571.6083160096,16
-1304225.2970259127,1836571.6083160096,10
-1303761.984309385,1836571.6083160096,16
-1303298.6715928577,1836571.6083160096,16
-1302835.35887633,1836571.6083160096,16
-1302372.0461598027,1836571.6083160096,10
-1301908.733443275,1836571.6083160096,10
-1301445.4207267477,1836571.6083160096,16
-1300982.10801022,1836571.6083160096,16
-1300518.7952936925,1836571.6083160096,16
-1300055.4825771651,1836571.6083160096,16
-1299592.1698606375,1836571.6083160096,16
-1299128.8571441101,1836571.6083160096,16
-1298665.5444275825,1836571.6083160096,16
-1298202.2317110552,1836571.6083160096,16
-1297738.9189945275,1836571.6083160096,16
-1297275.6062780002,1836571.6083160096,16
-1296812.2935614726,1836571.6083160096,16
-1296348.9808449452,1836571.6083160096,10
-1295885.6681284176,1836571.6083160096,7
-1295422.3554118902,1836571.6083160096,10
-1294959.0426953626,1836571.6083160096,10
-1294495.7299788352,1836571.6083160096,10
-1294032.4172623076,1836571.6083160096,10
-1293569.10454578,1836571.6083160096,10
-1293105.7918292526,1836571.6083160096,16
-1292642.479112725,1836571.6083160096,10
-1292179.1663961976,1836571.6083160096,10
-1291715.85367967,1836571.6083160096,10
-1291252.5409631426,1836571.6083160096,10
-1290789.228246615,1836571.6083160096,10
-1290325.9155300877,1836571.6083160096,10
-1289862.60281356,1836571.6083160096,10
-1289399.2900970327,1836571.6083160096,10
-1288935.977380505,1836571.6083160096,10
-1288472.6646639777,1836571.6083160096,10
-1288009.35194745,1836571.6083160096,10
-1287546.0392309227,1836571.6083160096,10
-1287082.726514395,1836571.6083160096,10
-1286619.4137978677,1836571.6083160096,10
-1286156.10108134,1836571.6083160096,10
-1285692.7883648127,1836571.6083160096,7
-1285229.4756482851,1836571.6083160096,10
-1284766.1629317575,1836571.6083160096,10
-1284302.8502152301,1836571.6083160096,10
-1283839.5374987025,1836571.6083160096,10
-1283376.2247821752,1836571.6083160096,10
-1282912.9120656475,1836571.6083160096,10
-1282449.5993491202,1836571.6083160096,10
-1281986.2866325926,1836571.6083160096,10
-1281522.9739160652,1836571.6083160096,10
-1281059.6611995376,1836571.6083160096,10
-1280596.3484830102,1836571.6083160096,10
-1280133.0357664826,1836571.6083160096,10
-1279669.7230499552,1836571.6083160096,10
-1279206.4103334276,1836571.6083160096,10
-1278743.0976169002,1836571.6083160096,10
-1278279.7849003726,1836571.6083160096,10
-1277816.472183845,1836571.6083160096,10
-1277353.1594673176,1836571.6083160096,10
-1276889.84675079,1836571.6083160096,10
-1276426.5340342626,1836571.6083160096,10
-1275963.221317735,1836571.6083160096,10
-1275499.9086012077,1836571.6083160096,10
-1275036.59588468,1836571.6083160096,10
-1274573.2831681527,1836571.6083160096,10
-1274109.970451625,1836571.6083160096,10
-1273646.6577350977,1836571.6083160096,10
-1273183.34501857,1836571.6083160096,10
-1272720.0323020427,1836571.6083160096,10
-1272256.719585515,1836571.6083160096,10
-1271793.4068689877,1836571.6083160096,10
-1271330.09415246,1836571.6083160096,10
-1270866.7814359325,1836571.6083160096,10
-1270403.4687194051,1836571.6083160096,10
-1269940.1560028775,1836571.6083160096,10
-1269476.8432863501,1836571.6083160096,10
-1269013.5305698225,1836571.6083160096,10
-1268550.2178532952,1836571.6083160096,10
-1268086.9051367675,1836571.6083160096,10
-1267623.5924202402,1836571.6083160096,10
-1267160.2797037126,1836571.6083160096,10
-1266696.9669871852,1836571.6083160096,10
-1266233.6542706576,1836571.6083160096,10
-1265770.3415541302,1836571.6083160096,10
-1265307.0288376026,1836571.6083160096,10
-1264843.7161210752,1836571.6083160096,10
-1264380.4034045476,1836571.6083160096,10
-1263917.09068802,1836571.6083160096,10
-1263453.7779714926,1836571.6083160096,10
-1262990.465254965,1836571.6083160096,10
-1262527.1525384376,1836571.6083160096,10
-1262063.83982191,1836571.6083160096,10
-1261600.5271053826,1836571.6083160096,10
-1261137.214388855,1836571.6083160096,10
-1260673.9016723277,1836571.6083160096,10
-1260210.5889558,1836571.6083160096,10
-1259747.2762392727,1836571.6083160096,10
-1259283.963522745,1836571.6083160096,10
-1258820.6508062177,1836571.6083160096,10
-1258357.33808969,1836571.6083160096,7
-1257894.0253731627,1836571.6083160096,10
-1257430.712656635,1836571.6083160096,10
-1256967.3999401077,1836571.6083160096,10
-1256504.08722358,1836571.6083160096,10
-1256040.7745070527,1836571.6083160096,10
-1255577.4617905251,1836571.6083160096,10
-1255114.1490739975,1836571.6083160096,10
-1254650.8363574701,1836571.6083160096,10
-1254187.5236409425,1836571.6083160096,10
-1253724.2109244152,1836571.6083160096,10
-1253260.8982078875,1836571.6083160096,10
-1252797.5854913602,1836571.6083160096,10
-1252334.2727748326,1836571.6083160096,10
-1251870.9600583052,1836571.6083160096,10
-1251407.6473417776,1836571.6083160096,10
-1250944.3346252502,1836571.6083160096,10
-1250481.0219087226,1836571.6083160096,10
-1250017.7091921952,1836571.6083160096,10
-1249554.3964756676,1836571.6083160096,10
-1249091.0837591402,1836571.6083160096,10
-1248627.7710426126,1836571.6083160096,10
-1248164.458326085,1836571.6083160096,10
-1247701.1456095576,1836571.6083160096,10
-1247237.83289303,1836571.6083160096,10
-1246774.5201765026,1836571.6083160096,10
-1246311.207459975,1836571.6083160096,10
-1245847.8947434477,1836571.6083160096,10
-1245384.58202692,1836571.6083160096,10
-1244921.2693103927,1836571.6083160096,10
-1244457.956593865,1836571.6083160096,10
-1243994.6438773377,1836571.6083160096,10
-1243531.33116081,1836571.6083160096,10
-1243068.0184442827,1836571.6083160096,10
-1242604.705727755,1836571.6083160096,10
-1242141.3930112277,1836571.6083160096,10
-1241678.0802947,1836571.6083160096,10
-1241214.7675781725,1836571.6083160096,10
-1240751.4548616451,1836571.6083160096,10
-1240288.1421451175,1836571.6083160096,10
-1239824.8294285901,1836571.6083160096,10
-1239361.5167120625,1836571.6083160096,10
-1238898.2039955352,1836571.6083160096,10
-1238434.8912790075,1836571.6083160096,10
-1237971.5785624802,1836571.6083160096,10
-1237508.2658459526,1836571.6083160096,10
-1237044.9531294252,1836571.6083160096,10
-1236581.6404128976,1836571.6083160096,10
-1236118.3276963702,1836571.6083160096,10
-1235655.0149798426,1836571.6083160096,10
-1235191.7022633152,1836571.6083160096,10
-1234728.3895467876,1836571.6083160096,10
-1234265.07683026,1836571.6083160096,10
-1233801.7641137326,1836571.6083160096,10
-1233338.4513972052,1836571.6083160096,10
-1232875.1386806776,1836571.6083160096,10
-1232411.82596415,1836571.6083160096,10
-1231948.5132476226,1836571.6083160096,10
-1231485.200531095,1836571.6083160096,10
-1231021.8878145677,1836571.6083160096,10
-1230558.57509804,1836571.6083160096,10
-1230095.2623815127,1836571.6083160096,10
-1229631.949664985,1836571.6083160096,10
-1229168.6369484577,1836571.6083160096,10
-1228705.32423193,1836571.6083160096,10
-1228242.0115154027,1836571.6083160096,10
-1227778.698798875,1836571.6083160096,10
-1227315.3860823475,1836571.6083160096,10
-1226852.07336582,1836571.6083160096,10
-1226388.7606492927,1836571.6083160096,10
-1225925.4479327651,1836571.6083160096,10
-1225462.1352162375,1836571.6083160096,10
-1224998.8224997101,1836571.6083160096,10
-1224535.5097831825,1836571.6083160096,10
-1224072.1970666551,1836571.6083160096,10
-1223608.8843501275,1836571.6083160096,10
-1223145.5716336002,1836571.6083160096,10
-1222682.2589170726,1836571.6083160096,10
-1222218.9462005452,1836571.6083160096,10
-1221755.6334840176,1836571.6083160096,10
-1221292.3207674902,1836571.6083160096,10
-1220829.0080509626,1836571.6083160096,10
-1220365.6953344352,1836571.6083160096,10
-1219902.3826179076,1836571.6083160096,10
-1219439.0699013802,1836571.6083160096,10
-1218975.7571848526,1836571.6083160096,10
-1218512.444468325,1836571.6083160096,10
-1218049.1317517976,1836571.6083160096,10
-1217585.81903527,1836571.6083160096,10
-1217122.5063187426,1836571.6083160096,10
-1216659.193602215,1836571.6083160096,10
-1216195.8808856877,1836571.6083160096,10
-1215732.56816916,1836571.6083160096,10
-1215269.2554526327,1836571.6083160096,10
-1214805.942736105,1836571.6083160096,10
-1214342.6300195777,1836571.6083160096,10
-1213879.31730305,1836571.6083160096,10
-1213416.0045865227,1836571.6083160096,10
-1212952.691869995,1836571.6083160096,10
-1212489.3791534677,1836571.6083160096,10
-1212026.06643694,1836571.6083160096,10
-1211562.7537204125,1836571.6083160096,10
-1211099.4410038851,1836571.6083160096,10
-1210636.1282873575,1836571.6083160096,10
-1210172.8155708301,1836571.6083160096,10
-1209709.5028543025,1836571.6083160096,10
-1209246.1901377751,1836571.6083160096,10
-1208782.8774212475,1836571.6083160096,10
-1208319.5647047202,1836571.6083160096,10
-1207856.2519881926,1836571.6083160096,10
-1207392.9392716652,1836571.6083160096,10
-1206929.6265551376,1836571.6083160096,10
-1206466.3138386102,1836571.6083160096,10
-1206003.0011220826,1836571.6083160096,10
-1205539.6884055552,1836571.6083160096,10
-1205076.3756890276,1836571.6083160096,10
-1204613.0629725,1836571.6083160096,10
-1204149.7502559726,1836571.6083160096,10
-1203686.4375394452,1836571.6083160096,10
-1203223.1248229176,1836571.6083160096,10
-1202759.81210639,1836571.6083160096,10
-1202296.4993898626,1836571.6083160096,10
-1201833.186673335,1836571.6083160096,10
-1201369.8739568077,1836571.6083160096,10
-1200906.56124028,1836571.6083160096,10
-1200443.2485237527,1836571.6083160096,10
-1199979.935807225,1836571.6083160096,10
-1199516.6230906977,1836571.6083160096,10
-1199053.31037417,1836571.6083160096,10
-1198589.9976576427,1836571.6083160096,10
-1198126.684941115,1836571.6083160096,10
-1197663.3722245875,1836571.6083160096,10
-1197200.05950806,1836571.6083160096,10
-1196736.7467915327,1836571.6083160096,10
-1196273.4340750051,1836571.6083160096,10
-1195810.1213584775,1836571.6083160096,10
-1195346.8086419501,1836571.6083160096,10
-1194883.4959254225,1836571.6083160096,10
-1194420.1832088951,1836571.6083160096,10
-1193956.8704923675,1836571.6083160096,10
-1193493.5577758402,1836571.6083160096,10
-1193030.2450593126,1836571.6083160096,10
-1192566.9323427852,1836571.6083160096,10
-1192103.6196262576,1836571.6083160096,10
-1191640.3069097302,1836571.6083160096,10
-1191176.9941932026,1836571.6083160096,10
-1190713.6814766752,1836571.6083160096,10
-1190250.3687601476,1836571.6083160096,10
-1189787.0560436202,1836571.6083160096,10
-1189323.7433270926,1836571.6083160096,10
-1188860.430610565,1836571.6083160096,10
-1188397.1178940376,1836571.6083160096,10
-1187933.80517751,1836571.6083160096,10
-1187470.4924609826,1836571.6083160096,10
-1187007.179744455,1836571.6083160096,10
-1186543.8670279277,1836571.6083160096,10
-1186080.5543114,1836571.6083160096,10
-1185617.2415948727,1836571.6083160096,10
-1185153.928878345,1836571.6083160096,10
-1184690.6161618177,1836571.6083160096,10
-1184227.30344529,1836571.6083160096,10
-1183763.9907287627,1836571.6083160096,10
-1183300.678012235,1836571.6083160096,10
-1182837.3652957077,1836571.6083160096,10
-1182374.05257918,1836571.6083160096,10
-1181910.7398626525,1836571.6083160096,10
-1181447.4271461251,1836571.6083160096,10
-1180984.1144295975,1836571.6083160096,10
-1180520.8017130701,1836571.6083160096,10
-1180057.4889965425,1836571.6083160096,10
-1179594.1762800151,1836571.6083160096,10
-1179130.8635634875,1836571.6083160096,10
-1178667.5508469602,1836571.6083160096,10
-1178204.2381304326,1836571.6083160096,10
-1177740.9254139052,1836571.6083160096,10
-1177277.6126973776,1836571.6083160096,10
-1176814.2999808502,1836571.6083160096,10
-1176350.9872643226,1836571.6083160096,10
-1175887.6745477952,1836571.6083160096,10
-1175424.3618312676,1836571.6083160096,10
-1174961.04911474,1836571.6083160096,10
-1174497.7363982126,1836571.6083160096,10
-1174034.4236816852,1836571.6083160096,10
-1173571.1109651576,1836571.6083160096,10
-1173107.79824863,1836571.6083160096,10
-1172644.4855321026,1836571.6083160096,10
-1172181.172815575,1836571.6083160096,10
-1171717.8600990477,1836571.6083160096,10
-1171254.54738252,1836571.6083160096,10
-1170791.2346659927,1836571.6083160096,10
-1170327.921949465,1836571.6083160096,10
-1169864.6092329377,1836571.6083160096,10
-1169401.29651641,1836571.6083160096,10
-1168937.9837998827,1836571.6083160096,10
-1168474.671083355,1836571.6083160096,10
-1168011.3583668275,1836571.6083160096,10
-1167548.0456503,1836571.6083160096,10
-1167084.7329337727,1836571.6083160096,10
-1166621.4202172451,1836571.6083160096,10
-1166158.1075007175,1836571.6083160096,10
-1165694.7947841901,1836571.6083160096,10
-1165231.4820676625,1836571.6083160096,10
-1164768.1693511351,1836571.6083160096,10
-1164304.8566346075,1836571.6083160096,10
-1163841.5439180802,1836571.6083160096,10
-1163378.2312015526,1836571.6083160096,10
-1162914.9184850252,1836571.6083160096,10
-1162451.6057684976,1836571.6083160096,10
-1161988.2930519702,1836571.6083160096,10
-1161524.9803354426,1836571.6083160096,10
-1161061.6676189152,1836571.6083160096,10
-1160598.3549023876,1836571.6083160096,10
-1160135.0421858602,1836571.6083160096,10
-1159671.7294693326,1836571.6083160096,10
-1159208.416752805,1836571.6083160096,10
-1158745.1040362776,1836571.6083160096,10
-1158281.79131975,1836571.6083160096,10
-1157818.4786032226,1836571.6083160096,10
-1157355.165886695,1836571.6083160096,10
-1156891.8531701677,1836571.6083160096,10
-1156428.54045364,1836571.6083160096,10
-1155965.2277371127,1836571.6083160096,10
-1155501.915020585,1836571.6083160096,10
-1155038.6023040577,1836571.6083160096,10
-1154575.28958753,1836571.6083160096,10
-1154111.9768710027,1836571.6083160096,10
-1153648.664154475,1836571.6083160096,10
-1153185.3514379477,1836571.6083160096,10
-1152722.03872142,1836571.6083160096,10
-1152258.7260048925,1836571.6083160096,10
-1151795.4132883651,1836571.6083160096,10
-1151332.1005718375,1836571.6083160096,10
-1150868.7878553101,1836571.6083160096,10
-1150405.4751387825,1836571.6083160096,10
-1149942.1624222551,1836571.6083160096,10
-1149478.8497057275,1836571.6083160096,10
-1149015.5369892002,1836571.6083160096,10
-1148552.2242726726,1836571.6083160096,10
-1148088.9115561452,1836571.6083160096,10
-1147625.5988396176,1836571.6083160096,10
-1358432.8848596301,1836108.2955994823,10
-1357969.5721431025,1836108.2955994823,10
-1357506.2594265752,1836108.2955994823,10
-1357042.9467100475,1836108.2955994823,10
-1356579.6339935202,1836108.2955994823,10
-1356116.3212769926,1836108.2955994823,10
-1355653.0085604652,1836108.2955994823,10
-1355189.6958439376,1836108.2955994823,10
-1354726.3831274102,1836108.2955994823,10
-1354263.0704108826,1836108.2955994823,10
-1353799.7576943552,1836108.2955994823,10
-1353336.4449778276,1836108.2955994823,10
-1352873.1322613002,1836108.2955994823,10
-1352409.8195447726,1836108.2955994823,10
-1351946.506828245,1836108.2955994823,10
-1351483.1941117176,1836108.2955994823,10
-1351019.88139519,1836108.2955994823,10
-1350556.5686786626,1836108.2955994823,10
-1350093.255962135,1836108.2955994823,10
-1349629.9432456077,1836108.2955994823,10
-1349166.63052908,1836108.2955994823,10
-1348703.3178125527,1836108.2955994823,16
-1348240.005096025,1836108.2955994823,16
-1347776.6923794977,1836108.2955994823,16
-1347313.37966297,1836108.2955994823,16
-1346850.0669464427,1836108.2955994823,16
-1346386.754229915,1836108.2955994823,16
-1345923.4415133877,1836108.2955994823,16
-1345460.12879686,1836108.2955994823,16
-1344996.8160803327,1836108.2955994823,16
-1344533.5033638051,1836108.2955994823,16
-1344070.1906472775,1836108.2955994823,16
-1343606.8779307501,1836108.2955994823,16
-1343143.5652142225,1836108.2955994823,16
-1342680.2524976952,1836108.2955994823,10
-1342216.9397811675,1836108.2955994823,10
-1341753.6270646402,1836108.2955994823,10
-1341290.3143481126,1836108.2955994823,10
-1340827.0016315852,1836108.2955994823,10
-1340363.6889150576,1836108.2955994823,16
-1339900.3761985302,1836108.2955994823,16
-1339437.0634820026,1836108.2955994823,16
-1338973.7507654752,1836108.2955994823,16
-1338510.4380489476,1836108.2955994823,16
-1338047.1253324202,1836108.2955994823,16
-1337583.8126158926,1836108.2955994823,16
-1337120.499899365,1836108.2955994823,16
-1336657.1871828376,1836108.2955994823,16
-1336193.87446631,1836108.2955994823,16
-1335730.5617497826,1836108.2955994823,16
-1335267.249033255,1836108.2955994823,16
-1334803.9363167277,1836108.2955994823,16
-1334340.6236002,1836108.2955994823,16
-1333877.3108836727,1836108.2955994823,16
-1333413.998167145,1836108.2955994823,16
-1332950.6854506177,1836108.2955994823,16
-1332487.37273409,1836108.2955994823,16
-1332024.0600175627,1836108.2955994823,16
-1331560.747301035,1836108.2955994823,16
-1331097.4345845077,1836108.2955994823,16
-1330634.12186798,1836108.2955994823,16
-1330170.8091514525,1836108.2955994823,16
-1329707.4964349251,1836108.2955994823,16
-1329244.1837183975,1836108.2955994823,16
-1328780.8710018701,1836108.2955994823,16
-1328317.5582853425,1836108.2955994823,16
-1327854.2455688152,1836108.2955994823,16
-1327390.9328522875,1836108.2955994823,16
-1326927.6201357602,1836108.2955994823,16
-1326464.3074192326,1836108.2955994823,16
-1326000.9947027052,1836108.2955994823,16
-1325537.6819861776,1836108.2955994823,16
-1325074.3692696502,1836108.2955994823,16
-1324611.0565531226,1836108.2955994823,16
-1324147.7438365952,1836108.2955994823,10
-1323684.4311200676,1836108.2955994823,10
-1323221.11840354,1836108.2955994823,10
-1322757.8056870126,1836108.2955994823,10
-1322294.492970485,1836108.2955994823,16
-1321831.1802539576,1836108.2955994823,10
-1321367.86753743,1836108.2955994823,10
-1320904.5548209026,1836108.2955994823,10
-1320441.242104375,1836108.2955994823,10
-1319977.9293878477,1836108.2955994823,10
-1319514.61667132,1836108.2955994823,10
-1319051.3039547927,1836108.2955994823,16
-1318587.991238265,1836108.2955994823,16
-1318124.6785217377,1836108.2955994823,16
-1317661.36580521,1836108.2955994823,16
-1317198.0530886827,1836108.2955994823,16
-1316734.740372155,1836108.2955994823,16
-1316271.4276556277,1836108.2955994823,16
-1315808.1149391,1836108.2955994823,16
-1315344.8022225727,1836108.2955994823,16
-1314881.4895060451,1836108.2955994823,16
-1314418.1767895175,1836108.2955994823,16
-1313954.8640729901,1836108.2955994823,16
-1313491.5513564625,1836108.2955994823,16
-1313028.2386399352,1836108.2955994823,16
-1312564.9259234075,1836108.2955994823,16
-1312101.6132068802,1836108.2955994823,16
-1311638.3004903526,1836108.2955994823,16
-1311174.9877738252,1836108.2955994823,16
-1310711.6750572976,1836108.2955994823,16
-1310248.3623407702,1836108.2955994823,16
-1309785.0496242426,1836108.2955994823,16
-1309321.7369077152,1836108.2955994823,16
-1308858.4241911876,1836108.2955994823,16
-1308395.1114746602,1836108.2955994823,16
-1307931.7987581326,1836108.2955994823,16
-1307468.486041605,1836108.2955994823,16
-1307005.1733250776,1836108.2955994823,16
-1306541.86060855,1836108.2955994823,16
-1306078.5478920226,1836108.2955994823,16
-1305615.235175495,1836108.2955994823,10
-1305151.9224589677,1836108.2955994823,10
-1304688.60974244,1836108.2955994823,16
-1304225.2970259127,1836108.2955994823,16
-1303761.984309385,1836108.2955994823,10
-1303298.6715928577,1836108.2955994823,10
-1302835.35887633,1836108.2955994823,10
-1302372.0461598027,1836108.2955994823,10
-1301908.733443275,1836108.2955994823,10
-1301445.4207267477,1836108.2955994823,16
-1300982.10801022,1836108.2955994823,16
-1300518.7952936925,1836108.2955994823,16
-1300055.4825771651,1836108.2955994823,16
-1299592.1698606375,1836108.2955994823,16
-1299128.8571441101,1836108.2955994823,16
-1298665.5444275825,1836108.2955994823,16
-1298202.2317110552,1836108.2955994823,16
-1297738.9189945275,1836108.2955994823,16
-1297275.6062780002,1836108.2955994823,16
-1296812.2935614726,1836108.2955994823,16
-1296348.9808449452,1836108.2955994823,10
-1295885.6681284176,1836108.2955994823,10
-1295422.3554118902,1836108.2955994823,10
-1294959.0426953626,1836108.2955994823,10
-1294495.7299788352,1836108.2955994823,10
-1294032.4172623076,1836108.2955994823,10
-1293569.10454578,1836108.2955994823,10
-1293105.7918292526,1836108.2955994823,10
-1292642.479112725,1836108.2955994823,10
-1292179.1663961976,1836108.2955994823,10
-1291715.85367967,1836108.2955994823,10
-1291252.5409631426,1836108.2955994823,10
-1290789.228246615,1836108.2955994823,10
-1290325.9155300877,1836108.2955994823,10
-1289862.60281356,1836108.2955994823,10
-1289399.2900970327,1836108.2955994823,10
-1288935.977380505,1836108.2955994823,10
-1288472.6646639777,1836108.2955994823,10
-1288009.35194745,1836108.2955994823,10
-1287546.0392309227,1836108.2955994823,10
-1287082.726514395,1836108.2955994823,10
-1286619.4137978677,1836108.2955994823,10
-1286156.10108134,1836108.2955994823,10
-1285692.7883648127,1836108.2955994823,10
-1285229.4756482851,1836108.2955994823,10
-1284766.1629317575,1836108.2955994823,10
-1284302.8502152301,1836108.2955994823,10
-1283839.5374987025,1836108.2955994823,10
-1283376.2247821752,1836108.2955994823,10
-1282912.9120656475,1836108.2955994823,10
-1282449.5993491202,1836108.2955994823,10
-1281986.2866325926,1836108.2955994823,10
-1281522.9739160652,1836108.2955994823,10
-1281059.6611995376,1836108.2955994823,10
-1280596.3484830102,1836108.2955994823,10
-1280133.0357664826,1836108.2955994823,10
-1279669.7230499552,1836108.2955994823,10
-1279206.4103334276,1836108.2955994823,10
-1278743.0976169002,1836108.2955994823,10
-1278279.7849003726,1836108.2955994823,10
-1277816.472183845,1836108.2955994823,10
-1277353.1594673176,1836108.2955994823,10
-1276889.84675079,1836108.2955994823,10
-1276426.5340342626,1836108.2955994823,10
-1275963.221317735,1836108.2955994823,10
-1275499.9086012077,1836108.2955994823,10
-1275036.59588468,1836108.2955994823,10
-1274573.2831681527,1836108.2955994823,10
-1274109.970451625,1836108.2955994823,10
-1273646.6577350977,1836108.2955994823,10
-1273183.34501857,1836108.2955994823,10
-1272720.0323020427,1836108.2955994823,10
-1272256.719585515,1836108.2955994823,10
-1271793.4068689877,1836108.2955994823,10
-1271330.09415246,1836108.2955994823,10
-1270866.7814359325,1836108.2955994823,10
-1270403.4687194051,1836108.2955994823,10
-1269940.1560028775,1836108.2955994823,10
-1269476.8432863501,1836108.2955994823,10
-1269013.5305698225,1836108.2955994823,10
-1268550.2178532952,1836108.2955994823,10
-1268086.9051367675,1836108.2955994823,10
-1267623.5924202402,1836108.2955994823,10
-1267160.2797037126,1836108.2955994823,10
-1266696.9669871852,1836108.2955994823,10
-1266233.6542706576,1836108.2955994823,10
-1265770.3415541302,1836108.2955994823,10
-1265307.0288376026,1836108.2955994823,10
-1264843.7161210752,1836108.2955994823,10
-1264380.4034045476,1836108.2955994823,10
-1263917.09068802,1836108.2955994823,10
-1263453.7779714926,1836108.2955994823,10
-1262990.465254965,1836108.2955994823,10
-1262527.1525384376,1836108.2955994823,10
-1262063.83982191,1836108.2955994823,10
-1261600.5271053826,1836108.2955994823,10
-1261137.214388855,1836108.2955994823,10
-1260673.9016723277,1836108.2955994823,10
-1260210.5889558,1836108.2955994823,10
-1259747.2762392727,1836108.2955994823,10
-1259283.963522745,1836108.2955994823,10
-1258820.6508062177,1836108.2955994823,10
-1258357.33808969,1836108.2955994823,10
-1257894.0253731627,1836108.2955994823,7
-1257430.712656635,1836108.2955994823,10
-1256967.3999401077,1836108.2955994823,10
-1256504.08722358,1836108.2955994823,10
-1256040.7745070527,1836108.2955994823,10
-1255577.4617905251,1836108.2955994823,10
-1255114.1490739975,1836108.2955994823,10
-1254650.8363574701,1836108.2955994823,10
-1254187.5236409425,1836108.2955994823,10
-1253724.2109244152,1836108.2955994823,10
-1253260.8982078875,1836108.2955994823,10
-1252797.5854913602,1836108.2955994823,10
-1252334.2727748326,1836108.2955994823,10
-1251870.9600583052,1836108.2955994823,10
-1251407.6473417776,1836108.2955994823,10
-1250944.3346252502,1836108.2955994823,10
-1250481.0219087226,1836108.2955994823,10
-1250017.7091921952,1836108.2955994823,10
-1249554.3964756676,1836108.2955994823,10
-1249091.0837591402,1836108.2955994823,10
-1248627.7710426126,1836108.2955994823,10
-1248164.458326085,1836108.2955994823,10
-1247701.1456095576,1836108.2955994823,10
-1247237.83289303,1836108.2955994823,10
-1246774.5201765026,1836108.2955994823,10
-1246311.207459975,1836108.2955994823,10
-1245847.8947434477,1836108.2955994823,10
-1245384.58202692,1836108.2955994823,10
-1244921.2693103927,1836108.2955994823,10
-1244457.956593865,1836108.2955994823,10
-1243994.6438773377,1836108.2955994823,10
-1243531.33116081,1836108.2955994823,10
-1243068.0184442827,1836108.2955994823,10
-1242604.705727755,1836108.2955994823,10
-1242141.3930112277,1836108.2955994823,10
-1241678.0802947,1836108.2955994823,10
-1241214.7675781725,1836108.2955994823,10
-1240751.4548616451,1836108.2955994823,10
-1240288.1421451175,1836108.2955994823,10
-1239824.8294285901,1836108.2955994823,10
-1239361.5167120625,1836108.2955994823,10
-1238898.2039955352,1836108.2955994823,10
-1238434.8912790075,1836108.2955994823,10
-1237971.5785624802,1836108.2955994823,10
-1237508.2658459526,1836108.2955994823,10
-1237044.9531294252,1836108.2955994823,10
-1236581.6404128976,1836108.2955994823,10
-1236118.3276963702,1836108.2955994823,10
-1235655.0149798426,1836108.2955994823,10
-1235191.7022633152,1836108.2955994823,10
-1234728.3895467876,1836108.2955994823,10
-1234265.07683026,1836108.2955994823,10
-1233801.7641137326,1836108.2955994823,10
-1233338.4513972052,1836108.2955994823,10
-1232875.1386806776,1836108.2955994823,10
-1232411.82596415,1836108.2955994823,10
-1231948.5132476226,1836108.2955994823,10
-1231485.200531095,1836108.2955994823,10
-1231021.8878145677,1836108.2955994823,10
-1230558.57509804,1836108.2955994823,10
-1230095.2623815127,1836108.2955994823,10
-1229631.949664985,1836108.2955994823,10
-1229168.6369484577,1836108.2955994823,10
-1228705.32423193,1836108.2955994823,10
-1228242.0115154027,1836108.2955994823,10
-1227778.698798875,1836108.2955994823,10
-1227315.3860823475,1836108.2955994823,10
-1226852.07336582,1836108.2955994823,10
-1226388.7606492927,1836108.2955994823,10
-1225925.4479327651,1836108.2955994823,10
-1225462.1352162375,1836108.2955994823,10
-1224998.8224997101,1836108.2955994823,10
-1224535.5097831825,1836108.2955994823,10
-1224072.1970666551,1836108.2955994823,10
-1223608.8843501275,1836108.2955994823,10
-1223145.5716336002,1836108.2955994823,10
-1222682.2589170726,1836108.2955994823,10
-1222218.9462005452,1836108.2955994823,10
-1221755.6334840176,1836108.2955994823,10
-1221292.3207674902,1836108.2955994823,10
-1220829.0080509626,1836108.2955994823,10
-1220365.6953344352,1836108.2955994823,10
-1219902.3826179076,1836108.2955994823,10
-1219439.0699013802,1836108.2955994823,10
-1218975.7571848526,1836108.2955994823,10
-1218512.444468325,1836108.2955994823,10
-1218049.1317517976,1836108.2955994823,10
-1217585.81903527,1836108.2955994823,10
-1217122.5063187426,1836108.2955994823,10
-1216659.193602215,1836108.2955994823,10
-1216195.8808856877,1836108.2955994823,10
-1215732.56816916,1836108.2955994823,10
-1215269.2554526327,1836108.2955994823,10
-1214805.942736105,1836108.2955994823,10
-1214342.6300195777,1836108.2955994823,10
-1213879.31730305,1836108.2955994823,10
-1213416.0045865227,1836108.2955994823,10
-1212952.691869995,1836108.2955994823,10
-1212489.3791534677,1836108.2955994823,10
-1212026.06643694,1836108.2955994823,10
-1211562.7537204125,1836108.2955994823,10
-1211099.4410038851,1836108.2955994823,10
-1210636.1282873575,1836108.2955994823,10
-1210172.8155708301,1836108.2955994823,10
-1209709.5028543025,1836108.2955994823,10
-1209246.1901377751,1836108.2955994823,10
-1208782.8774212475,1836108.2955994823,10
-1208319.5647047202,1836108.2955994823,10
-1207856.2519881926,1836108.2955994823,10
-1207392.9392716652,1836108.2955994823,10
-1206929.6265551376,1836108.2955994823,10
-1206466.3138386102,1836108.2955994823,10
-1206003.0011220826,1836108.2955994823,10
-1205539.6884055552,1836108.2955994823,10
-1205076.3756890276,1836108.2955994823,10
-1204613.0629725,1836108.2955994823,10
-1204149.7502559726,1836108.2955994823,10
-1203686.4375394452,1836108.2955994823,10
-1203223.1248229176,1836108.2955994823,10
-1202759.81210639,1836108.2955994823,10
-1202296.4993898626,1836108.2955994823,10
-1201833.186673335,1836108.2955994823,10
-1201369.8739568077,1836108.2955994823,10
-1200906.56124028,1836108.2955994823,10
-1200443.2485237527,1836108.2955994823,10
-1199979.935807225,1836108.2955994823,10
-1199516.6230906977,1836108.2955994823,10
-1199053.31037417,1836108.2955994823,10
-1198589.9976576427,1836108.2955994823,10
-1198126.684941115,1836108.2955994823,10
-1197663.3722245875,1836108.2955994823,10
-1197200.05950806,1836108.2955994823,10
-1196736.7467915327,1836108.2955994823,10
-1196273.4340750051,1836108.2955994823,10
-1195810.1213584775,1836108.2955994823,10
-1195346.8086419501,1836108.2955994823,10
-1194883.4959254225,1836108.2955994823,10
-1194420.1832088951,1836108.2955994823,10
-1193956.8704923675,1836108.2955994823,10
-1193493.5577758402,1836108.2955994823,10
-1193030.2450593126,1836108.2955994823,10
-1192566.9323427852,1836108.2955994823,10
-1192103.6196262576,1836108.2955994823,10
-1191640.3069097302,1836108.2955994823,10
-1191176.9941932026,1836108.2955994823,10
-1190713.6814766752,1836108.2955994823,10
-1190250.3687601476,1836108.2955994823,10
-1189787.0560436202,1836108.2955994823,10
-1189323.7433270926,1836108.2955994823,10
-1188860.430610565,1836108.2955994823,10
-1188397.1178940376,1836108.2955994823,10
-1187933.80517751,1836108.2955994823,10
-1187470.4924609826,1836108.2955994823,10
-1187007.179744455,1836108.2955994823,10
-1186543.8670279277,1836108.2955994823,10
-1186080.5543114,1836108.2955994823,10
-1185617.2415948727,1836108.2955994823,10
-1185153.928878345,1836108.2955994823,10
-1184690.6161618177,1836108.2955994823,10
-1184227.30344529,1836108.2955994823,10
-1183763.9907287627,1836108.2955994823,10
-1183300.678012235,1836108.2955994823,10
-1182837.3652957077,1836108.2955994823,10
-1182374.05257918,1836108.2955994823,10
-1181910.7398626525,1836108.2955994823,10
-1181447.4271461251,1836108.2955994823,10
-1180984.1144295975,1836108.2955994823,10
-1180520.8017130701,1836108.2955994823,10
-1180057.4889965425,1836108.2955994823,10
-1179594.1762800151,1836108.2955994823,10
-1179130.8635634875,1836108.2955994823,10
-1178667.5508469602,1836108.2955994823,10
-1178204.2381304326,1836108.2955994823,10
-1177740.9254139052,1836108.2955994823,10
-1177277.6126973776,1836108.2955994823,10
-1176814.2999808502,1836108.2955994823,10
-1176350.9872643226,1836108.2955994823,10
-1175887.6745477952,1836108.2955994823,10
-1175424.3618312676,1836108.2955994823,10
-1174961.04911474,1836108.2955994823,10
-1174497.7363982126,1836108.2955994823,10
-1174034.4236816852,1836108.2955994823,10
-1173571.1109651576,1836108.2955994823,10
-1173107.79824863,1836108.2955994823,10
-1172644.4855321026,1836108.2955994823,10
-1172181.172815575,1836108.2955994823,10
-1171717.8600990477,1836108.2955994823,10
-1171254.54738252,1836108.2955994823,10
-1170791.2346659927,1836108.2955994823,10
-1170327.921949465,1836108.2955994823,10
-1169864.6092329377,1836108.2955994823,10
-1169401.29651641,1836108.2955994823,10
-1168937.9837998827,1836108.2955994823,10
-1168474.671083355,1836108.2955994823,10
-1168011.3583668275,1836108.2955994823,10
-1167548.0456503,1836108.2955994823,10
-1167084.7329337727,1836108.2955994823,10
-1166621.4202172451,1836108.2955994823,10
-1166158.1075007175,1836108.2955994823,10
-1165694.7947841901,1836108.2955994823,10
-1165231.4820676625,1836108.2955994823,10
-1164768.1693511351,1836108.2955994823,10
-1164304.8566346075,1836108.2955994823,10
-1163841.5439180802,1836108.2955994823,10
-1163378.2312015526,1836108.2955994823,10
-1162914.9184850252,1836108.2955994823,10
-1162451.6057684976,1836108.2955994823,10
-1161988.2930519702,1836108.2955994823,10
-1161524.9803354426,1836108.2955994823,10
-1161061.6676189152,1836108.2955994823,10
-1160598.3549023876,1836108.2955994823,10
-1160135.0421858602,1836108.2955994823,10
-1159671.7294693326,1836108.2955994823,10
-1159208.416752805,1836108.2955994823,10
-1158745.1040362776,1836108.2955994823,10
-1158281.79131975,1836108.2955994823,10
-1157818.4786032226,1836108.2955994823,10
-1157355.165886695,1836108.2955994823,10
-1156891.8531701677,1836108.2955994823,10
-1156428.54045364,1836108.2955994823,10
-1155965.2277371127,1836108.2955994823,10
-1155501.915020585,1836108.2955994823,10
-1155038.6023040577,1836108.2955994823,10
-1154575.28958753,1836108.2955994823,10
-1154111.9768710027,1836108.2955994823,10
-1153648.664154475,1836108.2955994823,10
-1153185.3514379477,1836108.2955994823,10
-1152722.03872142,1836108.2955994823,10
-1152258.7260048925,1836108.2955994823,10
-1151795.4132883651,1836108.2955994823,10
-1151332.1005718375,1836108.2955994823,10
-1150868.7878553101,1836108.2955994823,10
-1150405.4751387825,1836108.2955994823,10
-1149942.1624222551,1836108.2955994823,10
-1149478.8497057275,1836108.2955994823,10
-1149015.5369892002,1836108.2955994823,10
-1148552.2242726726,1836108.2955994823,10
-1148088.9115561452,1836108.2955994823,10
-1358896.1975761575,1835644.9828829546,10
-1358432.8848596301,1835644.9828829546,10
-1357969.5721431025,1835644.9828829546,10
-1357506.2594265752,1835644.9828829546,10
-1357042.9467100475,1835644.9828829546,10
-1356579.6339935202,1835644.9828829546,10
-1356116.3212769926,1835644.9828829546,10
-1355653.0085604652,1835644.9828829546,10
-1355189.6958439376,1835644.9828829546,10
-1354726.3831274102,1835644.9828829546,10
-1354263.0704108826,1835644.9828829546,10
-1353799.7576943552,1835644.9828829546,10
-1353336.4449778276,1835644.9828829546,10
-1352873.1322613002,1835644.9828829546,10
-1352409.8195447726,1835644.9828829546,10
-1351946.506828245,1835644.9828829546,10
-1351483.1941117176,1835644.9828829546,10
-1351019.88139519,1835644.9828829546,10
-1350556.5686786626,1835644.9828829546,10
-1350093.255962135,1835644.9828829546,10
-1349629.9432456077,1835644.9828829546,10
-1349166.63052908,1835644.9828829546,10
-1348703.3178125527,1835644.9828829546,10
-1348240.005096025,1835644.9828829546,16
-1347776.6923794977,1835644.9828829546,16
-1347313.37966297,1835644.9828829546,16
-1346850.0669464427,1835644.9828829546,16
-1346386.754229915,1835644.9828829546,16
-1345923.4415133877,1835644.9828829546,16
-1345460.12879686,1835644.9828829546,16
-1344996.8160803327,1835644.9828829546,16
-1344533.5033638051,1835644.9828829546,16
-1344070.1906472775,1835644.9828829546,16
-1343606.8779307501,1835644.9828829546,16
-1343143.5652142225,1835644.9828829546,10
-1342680.2524976952,1835644.9828829546,10
-1342216.9397811675,1835644.9828829546,10
-1341753.6270646402,1835644.9828829546,10
-1341290.3143481126,1835644.9828829546,10
-1340827.0016315852,1835644.9828829546,10
-1340363.6889150576,1835644.9828829546,10
-1339900.3761985302,1835644.9828829546,16
-1339437.0634820026,1835644.9828829546,16
-1338973.7507654752,1835644.9828829546,16
-1338510.4380489476,1835644.9828829546,16
-1338047.1253324202,1835644.9828829546,16
-1337583.8126158926,1835644.9828829546,16
-1337120.499899365,1835644.9828829546,16
-1336657.1871828376,1835644.9828829546,16
-1336193.87446631,1835644.9828829546,16
-1335730.5617497826,1835644.9828829546,16
-1335267.249033255,1835644.9828829546,16
-1334803.9363167277,1835644.9828829546,16
-1334340.6236002,1835644.9828829546,16
-1333877.3108836727,1835644.9828829546,16
-1333413.998167145,1835644.9828829546,16
-1332950.6854506177,1835644.9828829546,16
-1332487.37273409,1835644.9828829546,16
-1332024.0600175627,1835644.9828829546,16
-1331560.747301035,1835644.9828829546,16
-1331097.4345845077,1835644.9828829546,16
-1330634.12186798,1835644.9828829546,16
-1330170.8091514525,1835644.9828829546,16
-1329707.4964349251,1835644.9828829546,16
-1329244.1837183975,1835644.9828829546,16
-1328780.8710018701,1835644.9828829546,16
-1328317.5582853425,1835644.9828829546,16
-1327854.2455688152,1835644.9828829546,16
-1327390.9328522875,1835644.9828829546,16
-1326927.6201357602,1835644.9828829546,16
-1326464.3074192326,1835644.9828829546,16
-1326000.9947027052,1835644.9828829546,16
-1325537.6819861776,1835644.9828829546,16
-1325074.3692696502,1835644.9828829546,16
-1324611.0565531226,1835644.9828829546,16
-1324147.7438365952,1835644.9828829546,16
-1323684.4311200676,1835644.9828829546,16
-1323221.11840354,1835644.9828829546,7
-1322757.8056870126,1835644.9828829546,16
-1322294.492970485,1835644.9828829546,16
-1321831.1802539576,1835644.9828829546,10
-1321367.86753743,1835644.9828829546,10
-1320904.5548209026,1835644.9828829546,10
-1320441.242104375,1835644.9828829546,10
-1319977.9293878477,1835644.9828829546,16
-1319514.61667132,1835644.9828829546,16
-1319051.3039547927,1835644.9828829546,16
-1318587.991238265,1835644.9828829546,16
-1318124.6785217377,1835644.9828829546,16
-1317661.36580521,1835644.9828829546,16
-1317198.0530886827,1835644.9828829546,16
-1316734.740372155,1835644.9828829546,16
-1316271.4276556277,1835644.9828829546,16
-1315808.1149391,1835644.9828829546,16
-1315344.8022225727,1835644.9828829546,16
-1314881.4895060451,1835644.9828829546,16
-1314418.1767895175,1835644.9828829546,16
-1313954.8640729901,1835644.9828829546,16
-1313491.5513564625,1835644.9828829546,16
-1313028.2386399352,1835644.9828829546,16
-1312564.9259234075,1835644.9828829546,16
-1312101.6132068802,1835644.9828829546,16
-1311638.3004903526,1835644.9828829546,16
-1311174.9877738252,1835644.9828829546,16
-1310711.6750572976,1835644.9828829546,16
-1310248.3623407702,1835644.9828829546,16
-1309785.0496242426,1835644.9828829546,16
-1309321.7369077152,1835644.9828829546,16
-1308858.4241911876,1835644.9828829546,16
-1308395.1114746602,1835644.9828829546,16
-1307931.7987581326,1835644.9828829546,16
-1307468.486041605,1835644.9828829546,16
-1307005.1733250776,1835644.9828829546,16
-1306541.86060855,1835644.9828829546,16
-1306078.5478920226,1835644.9828829546,16
-1305615.235175495,1835644.9828829546,16
-1305151.9224589677,1835644.9828829546,16
-1304688.60974244,1835644.9828829546,16
-1304225.2970259127,1835644.9828829546,16
-1303761.984309385,1835644.9828829546,10
-1303298.6715928577,1835644.9828829546,10
-1302835.35887633,1835644.9828829546,10
-1302372.0461598027,1835644.9828829546,10
-1301908.733443275,1835644.9828829546,16
-1301445.4207267477,1835644.9828829546,16
-1300982.10801022,1835644.9828829546,16
-1300518.7952936925,1835644.9828829546,16
-1300055.4825771651,1835644.9828829546,16
-1299592.1698606375,1835644.9828829546,16
-1299128.8571441101,1835644.9828829546,16
-1298665.5444275825,1835644.9828829546,16
-1298202.2317110552,1835644.9828829546,16
-1297738.9189945275,1835644.9828829546,16
-1297275.6062780002,1835644.9828829546,10
-1296812.2935614726,1835644.9828829546,16
-1296348.9808449452,1835644.9828829546,10
-1295885.6681284176,1835644.9828829546,10
-1295422.3554118902,1835644.9828829546,10
-1294959.0426953626,1835644.9828829546,10
-1294495.7299788352,1835644.9828829546,10
-1294032.4172623076,1835644.9828829546,10
-1293569.10454578,1835644.9828829546,10
-1293105.7918292526,1835644.9828829546,10
-1292642.479112725,1835644.9828829546,10
-1292179.1663961976,1835644.9828829546,10
-1291715.85367967,1835644.9828829546,10
-1291252.5409631426,1835644.9828829546,10
-1290789.228246615,1835644.9828829546,10
-1290325.9155300877,1835644.9828829546,10
-1289862.60281356,1835644.9828829546,10
-1289399.2900970327,1835644.9828829546,16
-1288935.977380505,1835644.9828829546,16
-1288472.6646639777,1835644.9828829546,16
-1288009.35194745,1835644.9828829546,10
-1287546.0392309227,1835644.9828829546,10
-1287082.726514395,1835644.9828829546,10
-1286619.4137978677,1835644.9828829546,10
-1286156.10108134,1835644.9828829546,10
-1285692.7883648127,1835644.9828829546,10
-1285229.4756482851,1835644.9828829546,10
-1284766.1629317575,1835644.9828829546,10
-1284302.8502152301,1835644.9828829546,10
-1283839.5374987025,1835644.9828829546,10
-1283376.2247821752,1835644.9828829546,10
-1282912.9120656475,1835644.9828829546,10
-1282449.5993491202,1835644.9828829546,10
-1281986.2866325926,1835644.9828829546,10
-1281522.9739160652,1835644.9828829546,10
-1281059.6611995376,1835644.9828829546,10
-1280596.3484830102,1835644.9828829546,10
-1280133.0357664826,1835644.9828829546,10
-1279669.7230499552,1835644.9828829546,10
-1279206.4103334276,1835644.9828829546,10
-1278743.0976169002,1835644.9828829546,10
-1278279.7849003726,1835644.9828829546,10
-1277816.472183845,1835644.9828829546,10
-1277353.1594673176,1835644.9828829546,10
-1276889.84675079,1835644.9828829546,10
-1276426.5340342626,1835644.9828829546,10
-1275963.221317735,1835644.9828829546,10
-1275499.9086012077,1835644.9828829546,10
-1275036.59588468,1835644.9828829546,10
-1274573.2831681527,1835644.9828829546,10
-1274109.970451625,1835644.9828829546,10
-1273646.6577350977,1835644.9828829546,10
-1273183.34501857,1835644.9828829546,10
-1272720.0323020427,1835644.9828829546,10
-1272256.719585515,1835644.9828829546,10
-1271793.4068689877,1835644.9828829546,10
-1271330.09415246,1835644.9828829546,10
-1270866.7814359325,1835644.9828829546,10
-1270403.4687194051,1835644.9828829546,10
-1269940.1560028775,1835644.9828829546,10
-1269476.8432863501,1835644.9828829546,10
-1269013.5305698225,1835644.9828829546,10
-1268550.2178532952,1835644.9828829546,10
-1268086.9051367675,1835644.9828829546,10
-1267623.5924202402,1835644.9828829546,10
-1267160.2797037126,1835644.9828829546,10
-1266696.9669871852,1835644.9828829546,10
-1266233.6542706576,1835644.9828829546,10
-1265770.3415541302,1835644.9828829546,10
-1265307.0288376026,1835644.9828829546,10
-1264843.7161210752,1835644.9828829546,10
-1264380.4034045476,1835644.9828829546,10
-1263917.09068802,1835644.9828829546,10
-1263453.7779714926,1835644.9828829546,10
-1262990.465254965,1835644.9828829546,10
-1262527.1525384376,1835644.9828829546,10
-1262063.83982191,1835644.9828829546,10
-1261600.5271053826,1835644.9828829546,10
-1261137.214388855,1835644.9828829546,10
-1260673.9016723277,1835644.9828829546,10
-1260210.5889558,1835644.9828829546,10
-1259747.2762392727,1835644.9828829546,10
-1259283.963522745,1835644.9828829546,10
-1258820.6508062177,1835644.9828829546,10
-1258357.33808969,1835644.9828829546,10
-1257894.0253731627,1835644.9828829546,7
-1257430.712656635,1835644.9828829546,10
-1256967.3999401077,1835644.9828829546,10
-1256504.08722358,1835644.9828829546,10
-1256040.7745070527,1835644.9828829546,10
-1255577.4617905251,1835644.9828829546,10
-1255114.1490739975,1835644.9828829546,10
-1254650.8363574701,1835644.9828829546,10
-1254187.5236409425,1835644.9828829546,10
-1253724.2109244152,1835644.9828829546,10
-1253260.8982078875,1835644.9828829546,10
-1252797.5854913602,1835644.9828829546,10
-1252334.2727748326,1835644.9828829546,10
-1251870.9600583052,1835644.9828829546,10
-1251407.6473417776,1835644.9828829546,10
-1250944.3346252502,1835644.9828829546,10
-1250481.0219087226,1835644.9828829546,10
-1250017.7091921952,1835644.9828829546,10
-1249554.3964756676,1835644.9828829546,10
-1249091.0837591402,1835644.9828829546,10
-1248627.7710426126,1835644.9828829546,10
-1248164.458326085,1835644.9828829546,10
-1247701.1456095576,1835644.9828829546,10
-1247237.83289303,1835644.9828829546,10
-1246774.5201765026,1835644.9828829546,10
-1246311.207459975,1835644.9828829546,10
-1245847.8947434477,1835644.9828829546,10
-1245384.58202692,1835644.9828829546,10
-1244921.2693103927,1835644.9828829546,10
-1244457.956593865,1835644.9828829546,10
-1243994.6438773377,1835644.9828829546,10
-1243531.33116081,1835644.9828829546,10
-1243068.0184442827,1835644.9828829546,10
-1242604.705727755,1835644.9828829546,10
-1242141.3930112277,1835644.9828829546,10
-1241678.0802947,1835644.9828829546,10
-1241214.7675781725,1835644.9828829546,10
-1240751.4548616451,1835644.9828829546,10
-1240288.1421451175,1835644.9828829546,10
-1239824.8294285901,1835644.9828829546,10
-1239361.5167120625,1835644.9828829546,10
-1238898.2039955352,1835644.9828829546,10
-1238434.8912790075,1835644.9828829546,10
-1237971.5785624802,1835644.9828829546,10
-1237508.2658459526,1835644.9828829546,10
-1237044.9531294252,1835644.9828829546,10
-1236581.6404128976,1835644.9828829546,10
-1236118.3276963702,1835644.9828829546,10
-1235655.0149798426,1835644.9828829546,10
-1235191.7022633152,1835644.9828829546,10
-1234728.3895467876,1835644.9828829546,10
-1234265.07683026,1835644.9828829546,10
-1233801.7641137326,1835644.9828829546,10
-1233338.4513972052,1835644.9828829546,10
-1232875.1386806776,1835644.9828829546,10
-1232411.82596415,1835644.9828829546,10
-1231948.5132476226,1835644.9828829546,10
-1231485.200531095,1835644.9828829546,10
-1231021.8878145677,1835644.9828829546,10
-1230558.57509804,1835644.9828829546,10
-1230095.2623815127,1835644.9828829546,10
-1229631.949664985,1835644.9828829546,10
-1229168.6369484577,1835644.9828829546,10
-1228705.32423193,1835644.9828829546,10
-1228242.0115154027,1835644.9828829546,10
-1227778.698798875,1835644.9828829546,10
-1227315.3860823475,1835644.9828829546,10
-1226852.07336582,1835644.9828829546,10
-1226388.7606492927,1835644.9828829546,10
-1225925.4479327651,1835644.9828829546,10
-1225462.1352162375,1835644.9828829546,10
-1224998.8224997101,1835644.9828829546,10
-1224535.5097831825,1835644.9828829546,10
-1224072.1970666551,1835644.9828829546,10
-1223608.8843501275,1835644.9828829546,10
-1223145.5716336002,1835644.9828829546,10
-1222682.2589170726,1835644.9828829546,10
-1222218.9462005452,1835644.9828829546,10
-1221755.6334840176,1835644.9828829546,10
-1221292.3207674902,1835644.9828829546,10
-1220829.0080509626,1835644.9828829546,10
-1220365.6953344352,1835644.9828829546,10
-1219902.3826179076,1835644.9828829546,10
-1219439.0699013802,1835644.9828829546,10
-1218975.7571848526,1835644.9828829546,10
-1218512.444468325,1835644.9828829546,10
-1218049.1317517976,1835644.9828829546,10
-1217585.81903527,1835644.9828829546,10
-1217122.5063187426,1835644.9828829546,10
-1216659.193602215,1835644.9828829546,10
-1216195.8808856877,1835644.9828829546,10
-1215732.56816916,1835644.9828829546,10
-1215269.2554526327,1835644.9828829546,10
-1214805.942736105,1835644.9828829546,10
-1214342.6300195777,1835644.9828829546,10
-1213879.31730305,1835644.9828829546,10
-1213416.0045865227,1835644.9828829546,10
-1212952.691869995,1835644.9828829546,10
-1212489.3791534677,1835644.9828829546,10
-1212026.06643694,1835644.9828829546,10
-1211562.7537204125,1835644.9828829546,10
-1211099.4410038851,1835644.9828829546,10
-1210636.1282873575,1835644.9828829546,10
-1210172.8155708301,1835644.9828829546,10
-1209709.5028543025,1835644.9828829546,10
-1209246.1901377751,1835644.9828829546,10
-1208782.8774212475,1835644.9828829546,10
-1208319.5647047202,1835644.9828829546,10
-1207856.2519881926,1835644.9828829546,10
-1207392.9392716652,1835644.9828829546,10
-1206929.6265551376,1835644.9828829546,10
-1206466.3138386102,1835644.9828829546,10
-1206003.0011220826,1835644.9828829546,10
-1205539.6884055552,1835644.9828829546,10
-1205076.3756890276,1835644.9828829546,10
-1204613.0629725,1835644.9828829546,10
-1204149.7502559726,1835644.9828829546,10
-1203686.4375394452,1835644.9828829546,10
-1203223.1248229176,1835644.9828829546,10
-1202759.81210639,1835644.9828829546,10
-1202296.4993898626,1835644.9828829546,10
-1201833.186673335,1835644.9828829546,10
-1201369.8739568077,1835644.9828829546,10
-1200906.56124028,1835644.9828829546,10
-1200443.2485237527,1835644.9828829546,10
-1199979.935807225,1835644.9828829546,10
-1199516.6230906977,1835644.9828829546,10
-1199053.31037417,1835644.9828829546,10
-1198589.9976576427,1835644.9828829546,10
-1198126.684941115,1835644.9828829546,10
-1197663.3722245875,1835644.9828829546,10
-1197200.05950806,1835644.9828829546,10
-1196736.7467915327,1835644.9828829546,10
-1196273.4340750051,1835644.9828829546,10
-1195810.1213584775,1835644.9828829546,10
-1195346.8086419501,1835644.9828829546,10
-1194883.4959254225,1835644.9828829546,10
-1194420.1832088951,1835644.9828829546,10
-1193956.8704923675,1835644.9828829546,10
-1193493.5577758402,1835644.9828829546,10
-1193030.2450593126,1835644.9828829546,10
-1192566.9323427852,1835644.9828829546,10
-1192103.6196262576,1835644.9828829546,10
-1191640.3069097302,1835644.9828829546,10
-1191176.9941932026,1835644.9828829546,10
-1190713.6814766752,1835644.9828829546,10
-1190250.3687601476,1835644.9828829546,10
-1189787.0560436202,1835644.9828829546,10
-1189323.7433270926,1835644.9828829546,10
-1188860.430610565,1835644.9828829546,10
-1188397.1178940376,1835644.9828829546,10
-1187933.80517751,1835644.9828829546,10
-1187470.4924609826,1835644.9828829546,10
-1187007.179744455,1835644.9828829546,10
-1186543.8670279277,1835644.9828829546,10
-1186080.5543114,1835644.9828829546,10
-1185617.2415948727,1835644.9828829546,10
-1185153.928878345,1835644.9828829546,10
-1184690.6161618177,1835644.9828829546,10
-1184227.30344529,1835644.9828829546,10
-1183763.9907287627,1835644.9828829546,10
-1183300.678012235,1835644.9828829546,10
-1182837.3652957077,1835644.9828829546,10
-1182374.05257918,1835644.9828829546,10
-1181910.7398626525,1835644.9828829546,10
-1181447.4271461251,1835644.9828829546,10
-1180984.1144295975,1835644.9828829546,10
-1180520.8017130701,1835644.9828829546,10
-1180057.4889965425,1835644.9828829546,10
-1179594.1762800151,1835644.9828829546,10
-1179130.8635634875,1835644.9828829546,10
-1178667.5508469602,1835644.9828829546,10
-1178204.2381304326,1835644.9828829546,10
-1177740.9254139052,1835644.9828829546,10
-1177277.6126973776,1835644.9828829546,10
-1176814.2999808502,1835644.9828829546,10
-1176350.9872643226,1835644.9828829546,10
-1175887.6745477952,1835644.9828829546,10
-1175424.3618312676,1835644.9828829546,10
-1174961.04911474,1835644.9828829546,10
-1174497.7363982126,1835644.9828829546,10
-1174034.4236816852,1835644.9828829546,10
-1173571.1109651576,1835644.9828829546,10
-1173107.79824863,1835644.9828829546,10
-1172644.4855321026,1835644.9828829546,10
-1172181.172815575,1835644.9828829546,10
-1171717.8600990477,1835644.9828829546,10
-1171254.54738252,1835644.9828829546,10
-1170791.2346659927,1835644.9828829546,10
-1170327.921949465,1835644.9828829546,10
-1169864.6092329377,1835644.9828829546,10
-1169401.29651641,1835644.9828829546,10
-1168937.9837998827,1835644.9828829546,10
-1168474.671083355,1835644.9828829546,10
-1168011.3583668275,1835644.9828829546,10
-1167548.0456503,1835644.9828829546,10
-1167084.7329337727,1835644.9828829546,10
-1166621.4202172451,1835644.9828829546,10
-1166158.1075007175,1835644.9828829546,10
-1165694.7947841901,1835644.9828829546,10
-1165231.4820676625,1835644.9828829546,10
-1164768.1693511351,1835644.9828829546,10
-1164304.8566346075,1835644.9828829546,10
-1163841.5439180802,1835644.9828829546,10
-1163378.2312015526,1835644.9828829546,10
-1162914.9184850252,1835644.9828829546,10
-1162451.6057684976,1835644.9828829546,10
-1161988.2930519702,1835644.9828829546,10
-1161524.9803354426,1835644.9828829546,10
-1161061.6676189152,1835644.9828829546,10
-1160598.3549023876,1835644.9828829546,10
-1160135.0421858602,1835644.9828829546,10
-1159671.7294693326,1835644.9828829546,10
-1159208.416752805,1835644.9828829546,10
-1158745.1040362776,1835644.9828829546,10
-1158281.79131975,1835644.9828829546,10
-1157818.4786032226,1835644.9828829546,10
-1157355.165886695,1835644.9828829546,10
-1156891.8531701677,1835644.9828829546,10
-1156428.54045364,1835644.9828829546,10
-1155965.2277371127,1835644.9828829546,10
-1155501.915020585,1835644.9828829546,10
-1155038.6023040577,1835644.9828829546,10
-1154575.28958753,1835644.9828829546,10
-1154111.9768710027,1835644.9828829546,10
-1153648.664154475,1835644.9828829546,10
-1153185.3514379477,1835644.9828829546,10
-1152722.03872142,1835644.9828829546,10
-1152258.7260048925,1835644.9828829546,10
-1151795.4132883651,1835644.9828829546,10
-1151332.1005718375,1835644.9828829546,10
-1150868.7878553101,1835644.9828829546,10
-1150405.4751387825,1835644.9828829546,10
-1149942.1624222551,1835644.9828829546,10
-1149478.8497057275,1835644.9828829546,10
-1149015.5369892002,1835644.9828829546,10
-1148552.2242726726,1835644.9828829546,10
-1358896.1975761575,1835181.6701664273,10
-1358432.8848596301,1835181.6701664273,10
-1357969.5721431025,1835181.6701664273,10
-1357506.2594265752,1835181.6701664273,10
-1357042.9467100475,1835181.6701664273,10
-1356579.6339935202,1835181.6701664273,10
-1356116.3212769926,1835181.6701664273,10
-1355653.0085604652,1835181.6701664273,10
-1355189.6958439376,1835181.6701664273,10
-1354726.3831274102,1835181.6701664273,10
-1354263.0704108826,1835181.6701664273,10
-1353799.7576943552,1835181.6701664273,10
-1353336.4449778276,1835181.6701664273,10
-1352873.1322613002,1835181.6701664273,10
-1352409.8195447726,1835181.6701664273,10
-1351946.506828245,1835181.6701664273,10
-1351483.1941117176,1835181.6701664273,10
-1351019.88139519,1835181.6701664273,16
-1350556.5686786626,1835181.6701664273,10
-1350093.255962135,1835181.6701664273,10
-1349629.9432456077,1835181.6701664273,10
-1349166.63052908,1835181.6701664273,10
-1348703.3178125527,1835181.6701664273,10
-1348240.005096025,1835181.6701664273,16
-1347776.6923794977,1835181.6701664273,16
-1347313.37966297,1835181.6701664273,16
-1346850.0669464427,1835181.6701664273,16
-1346386.754229915,1835181.6701664273,16
-1345923.4415133877,1835181.6701664273,16
-1345460.12879686,1835181.6701664273,16
-1344996.8160803327,1835181.6701664273,16
-1344533.5033638051,1835181.6701664273,16
-1344070.1906472775,1835181.6701664273,16
-1343606.8779307501,1835181.6701664273,10
-1343143.5652142225,1835181.6701664273,10
-1342680.2524976952,1835181.6701664273,10
-1342216.9397811675,1835181.6701664273,10
-1341753.6270646402,1835181.6701664273,10
-1341290.3143481126,1835181.6701664273,10
-1340827.0016315852,1835181.6701664273,10
-1340363.6889150576,1835181.6701664273,10
-1339900.3761985302,1835181.6701664273,10
-1339437.0634820026,1835181.6701664273,16
-1338973.7507654752,1835181.6701664273,16
-1338510.4380489476,1835181.6701664273,16
-1338047.1253324202,1835181.6701664273,16
-1337583.8126158926,1835181.6701664273,16
-1337120.499899365,1835181.6701664273,16
-1336657.1871828376,1835181.6701664273,16
-1336193.87446631,1835181.6701664273,16
-1335730.5617497826,1835181.6701664273,16
-1335267.249033255,1835181.6701664273,16
-1334803.9363167277,1835181.6701664273,16
-1334340.6236002,1835181.6701664273,16
-1333877.3108836727,1835181.6701664273,16
-1333413.998167145,1835181.6701664273,16
-1332950.6854506177,1835181.6701664273,16
-1332487.37273409,1835181.6701664273,16
-1332024.0600175627,1835181.6701664273,16
-1331560.747301035,1835181.6701664273,16
-1331097.4345845077,1835181.6701664273,16
-1330634.12186798,1835181.6701664273,16
-1330170.8091514525,1835181.6701664273,16
-1329707.4964349251,1835181.6701664273,16
-1329244.1837183975,1835181.6701664273,16
-1328780.8710018701,1835181.6701664273,16
-1328317.5582853425,1835181.6701664273,16
-1327854.2455688152,1835181.6701664273,16
-1327390.9328522875,1835181.6701664273,16
-1326927.6201357602,1835181.6701664273,16
-1326464.3074192326,1835181.6701664273,16
-1326000.9947027052,1835181.6701664273,16
-1325537.6819861776,1835181.6701664273,16
-1325074.3692696502,1835181.6701664273,16
-1324611.0565531226,1835181.6701664273,16
-1324147.7438365952,1835181.6701664273,16
-1323684.4311200676,1835181.6701664273,16
-1323221.11840354,1835181.6701664273,16
-1322757.8056870126,1835181.6701664273,16
-1322294.492970485,1835181.6701664273,16
-1321831.1802539576,1835181.6701664273,10
-1321367.86753743,1835181.6701664273,10
-1320904.5548209026,1835181.6701664273,10
-1320441.242104375,1835181.6701664273,10
-1319977.9293878477,1835181.6701664273,16
-1319514.61667132,1835181.6701664273,16
-1319051.3039547927,1835181.6701664273,16
-1318587.991238265,1835181.6701664273,16
-1318124.6785217377,1835181.6701664273,16
-1317661.36580521,1835181.6701664273,16
-1317198.0530886827,1835181.6701664273,16
-1316734.740372155,1835181.6701664273,16
-1316271.4276556277,1835181.6701664273,16
-1315808.1149391,1835181.6701664273,16
-1315344.8022225727,1835181.6701664273,16
-1314881.4895060451,1835181.6701664273,16
-1314418.1767895175,1835181.6701664273,16
-1313954.8640729901,1835181.6701664273,16
-1313491.5513564625,1835181.6701664273,16
-1313028.2386399352,1835181.6701664273,16
-1312564.9259234075,1835181.6701664273,16
-1312101.6132068802,1835181.6701664273,16
-1311638.3004903526,1835181.6701664273,16
-1311174.9877738252,1835181.6701664273,16
-1310711.6750572976,1835181.6701664273,16
-1310248.3623407702,1835181.6701664273,16
-1309785.0496242426,1835181.6701664273,16
-1309321.7369077152,1835181.6701664273,16
-1308858.4241911876,1835181.6701664273,16
-1308395.1114746602,1835181.6701664273,16
-1307931.7987581326,1835181.6701664273,16
-1307468.486041605,1835181.6701664273,16
-1307005.1733250776,1835181.6701664273,16
-1306541.86060855,1835181.6701664273,16
-1306078.5478920226,1835181.6701664273,16
-1305615.235175495,1835181.6701664273,16
-1305151.9224589677,1835181.6701664273,16
-1304688.60974244,1835181.6701664273,16
-1304225.2970259127,1835181.6701664273,16
-1303761.984309385,1835181.6701664273,10
-1303298.6715928577,1835181.6701664273,10
-1302835.35887633,1835181.6701664273,10
-1302372.0461598027,1835181.6701664273,16
-1301908.733443275,1835181.6701664273,10
-1301445.4207267477,1835181.6701664273,10
-1300982.10801022,1835181.6701664273,10
-1300518.7952936925,1835181.6701664273,16
-1300055.4825771651,1835181.6701664273,16
-1299592.1698606375,1835181.6701664273,10
-1299128.8571441101,1835181.6701664273,16
-1298665.5444275825,1835181.6701664273,16
-1298202.2317110552,1835181.6701664273,10
-1297738.9189945275,1835181.6701664273,10
-1297275.6062780002,1835181.6701664273,10
-1296812.2935614726,1835181.6701664273,10
-1296348.9808449452,1835181.6701664273,10
-1295885.6681284176,1835181.6701664273,10
-1295422.3554118902,1835181.6701664273,10
-1294959.0426953626,1835181.6701664273,10
-1294495.7299788352,1835181.6701664273,10
-1294032.4172623076,1835181.6701664273,10
-1293569.10454578,1835181.6701664273,10
-1293105.7918292526,1835181.6701664273,10
-1292642.479112725,1835181.6701664273,10
-1292179.1663961976,1835181.6701664273,10
-1291715.85367967,1835181.6701664273,10
-1291252.5409631426,1835181.6701664273,10
-1290789.228246615,1835181.6701664273,10
-1290325.9155300877,1835181.6701664273,10
-1289862.60281356,1835181.6701664273,16
-1289399.2900970327,1835181.6701664273,16
-1288935.977380505,1835181.6701664273,16
-1288472.6646639777,1835181.6701664273,16
-1288009.35194745,1835181.6701664273,10
-1287546.0392309227,1835181.6701664273,10
-1287082.726514395,1835181.6701664273,10
-1286619.4137978677,1835181.6701664273,10
-1286156.10108134,1835181.6701664273,10
-1285692.7883648127,1835181.6701664273,10
-1285229.4756482851,1835181.6701664273,10
-1284766.1629317575,1835181.6701664273,10
-1284302.8502152301,1835181.6701664273,10
-1283839.5374987025,1835181.6701664273,10
-1283376.2247821752,1835181.6701664273,10
-1282912.9120656475,1835181.6701664273,10
-1282449.5993491202,1835181.6701664273,10
-1281986.2866325926,1835181.6701664273,10
-1281522.9739160652,1835181.6701664273,10
-1281059.6611995376,1835181.6701664273,10
-1280596.3484830102,1835181.6701664273,10
-1280133.0357664826,1835181.6701664273,10
-1279669.7230499552,1835181.6701664273,10
-1279206.4103334276,1835181.6701664273,10
-1278743.0976169002,1835181.6701664273,10
-1278279.7849003726,1835181.6701664273,10
-1277816.472183845,1835181.6701664273,10
-1277353.1594673176,1835181.6701664273,10
-1276889.84675079,1835181.6701664273,10
-1276426.5340342626,1835181.6701664273,10
-1275963.221317735,1835181.6701664273,10
-1275499.9086012077,1835181.6701664273,10
-1275036.59588468,1835181.6701664273,10
-1274573.2831681527,1835181.6701664273,10
-1274109.970451625,1835181.6701664273,10
-1273646.6577350977,1835181.6701664273,10
-1273183.34501857,1835181.6701664273,10
-1272720.0323020427,1835181.6701664273,10
-1272256.719585515,1835181.6701664273,10
-1271793.4068689877,1835181.6701664273,10
-1271330.09415246,1835181.6701664273,10
-1270866.7814359325,1835181.6701664273,10
-1270403.4687194051,1835181.6701664273,10
-1269940.1560028775,1835181.6701664273,10
-1269476.8432863501,1835181.6701664273,10
-1269013.5305698225,1835181.6701664273,10
-1268550.2178532952,1835181.6701664273,10
-1268086.9051367675,1835181.6701664273,10
-1267623.5924202402,1835181.6701664273,10
-1267160.2797037126,1835181.6701664273,10
-1266696.9669871852,1835181.6701664273,10
-1266233.6542706576,1835181.6701664273,10
-1265770.3415541302,1835181.6701664273,10
-1265307.0288376026,1835181.6701664273,10
-1264843.7161210752,1835181.6701664273,10
-1264380.4034045476,1835181.6701664273,10
-1263917.09068802,1835181.6701664273,10
-1263453.7779714926,1835181.6701664273,10
-1262990.465254965,1835181.6701664273,10
-1262527.1525384376,1835181.6701664273,10
-1262063.83982191,1835181.6701664273,10
-1261600.5271053826,1835181.6701664273,10
-1261137.214388855,1835181.6701664273,10
-1260673.9016723277,1835181.6701664273,10
-1260210.5889558,1835181.6701664273,10
-1259747.2762392727,1835181.6701664273,10
-1259283.963522745,1835181.6701664273,10
-1258820.6508062177,1835181.6701664273,10
-1258357.33808969,1835181.6701664273,10
-1257894.0253731627,1835181.6701664273,10
-1257430.712656635,1835181.6701664273,10
-1256967.3999401077,1835181.6701664273,10
-1256504.08722358,1835181.6701664273,10
-1256040.7745070527,1835181.6701664273,10
-1255577.4617905251,1835181.6701664273,10
-1255114.1490739975,1835181.6701664273,10
-1254650.8363574701,1835181.6701664273,10
-1254187.5236409425,1835181.6701664273,10
-1253724.2109244152,1835181.6701664273,10
-1253260.8982078875,1835181.6701664273,10
-1252797.5854913602,1835181.6701664273,10
-1252334.2727748326,1835181.6701664273,10
-1251870.9600583052,1835181.6701664273,10
-1251407.6473417776,1835181.6701664273,10
-1250944.3346252502,1835181.6701664273,10
-1250481.0219087226,1835181.6701664273,10
-1250017.7091921952,1835181.6701664273,10
-1249554.3964756676,1835181.6701664273,10
-1249091.0837591402,1835181.6701664273,10
-1248627.7710426126,1835181.6701664273,10
-1248164.458326085,1835181.6701664273,10
-1247701.1456095576,1835181.6701664273,10
-1247237.83289303,1835181.6701664273,10
-1246774.5201765026,1835181.6701664273,10
-1246311.207459975,1835181.6701664273,10
-1245847.8947434477,1835181.6701664273,10
-1245384.58202692,1835181.6701664273,10
-1244921.2693103927,1835181.6701664273,10
-1244457.956593865,1835181.6701664273,10
-1243994.6438773377,1835181.6701664273,10
-1243531.33116081,1835181.6701664273,10
-1243068.0184442827,1835181.6701664273,10
-1242604.705727755,1835181.6701664273,10
-1242141.3930112277,1835181.6701664273,10
-1241678.0802947,1835181.6701664273,10
-1241214.7675781725,1835181.6701664273,10
-1240751.4548616451,1835181.6701664273,10
-1240288.1421451175,1835181.6701664273,10
-1239824.8294285901,1835181.6701664273,10
-1239361.5167120625,1835181.6701664273,10
-1238898.2039955352,1835181.6701664273,10
-1238434.8912790075,1835181.6701664273,10
-1237971.5785624802,1835181.6701664273,10
-1237508.2658459526,1835181.6701664273,10
-1237044.9531294252,1835181.6701664273,10
-1236581.6404128976,1835181.6701664273,10
-1236118.3276963702,1835181.6701664273,10
-1235655.0149798426,1835181.6701664273,10
-1235191.7022633152,1835181.6701664273,10
-1234728.3895467876,1835181.6701664273,10
-1234265.07683026,1835181.6701664273,10
-1233801.7641137326,1835181.6701664273,10
-1233338.4513972052,1835181.6701664273,10
-1232875.1386806776,1835181.6701664273,10
-1232411.82596415,1835181.6701664273,10
-1231948.5132476226,1835181.6701664273,10
-1231485.200531095,1835181.6701664273,10
-1231021.8878145677,1835181.6701664273,10
-1230558.57509804,1835181.6701664273,10
-1230095.2623815127,1835181.6701664273,10
-1229631.949664985,1835181.6701664273,10
-1229168.6369484577,1835181.6701664273,10
-1228705.32423193,1835181.6701664273,10
-1228242.0115154027,1835181.6701664273,10
-1227778.698798875,1835181.6701664273,10
-1227315.3860823475,1835181.6701664273,10
-1226852.07336582,1835181.6701664273,10
-1226388.7606492927,1835181.6701664273,10
-1225925.4479327651,1835181.6701664273,10
-1225462.1352162375,1835181.6701664273,10
-1224998.8224997101,1835181.6701664273,10
-1224535.5097831825,1835181.6701664273,10
-1224072.1970666551,1835181.6701664273,10
-1223608.8843501275,1835181.6701664273,10
-1223145.5716336002,1835181.6701664273,10
-1222682.2589170726,1835181.6701664273,10
-1222218.9462005452,1835181.6701664273,10
-1221755.6334840176,1835181.6701664273,10
-1221292.3207674902,1835181.6701664273,10
-1220829.0080509626,1835181.6701664273,10
-1220365.6953344352,1835181.6701664273,10
-1219902.3826179076,1835181.6701664273,10
-1219439.0699013802,1835181.6701664273,10
-1218975.7571848526,1835181.6701664273,10
-1218512.444468325,1835181.6701664273,10
-1218049.1317517976,1835181.6701664273,10
-1217585.81903527,1835181.6701664273,10
-1217122.5063187426,1835181.6701664273,10
-1216659.193602215,1835181.6701664273,10
-1216195.8808856877,1835181.6701664273,10
-1215732.56816916,1835181.6701664273,10
-1215269.2554526327,1835181.6701664273,10
-1214805.942736105,1835181.6701664273,10
-1214342.6300195777,1835181.6701664273,10
-1213879.31730305,1835181.6701664273,10
-1213416.0045865227,1835181.6701664273,10
-1212952.691869995,1835181.6701664273,10
-1212489.3791534677,1835181.6701664273,10
-1212026.06643694,1835181.6701664273,10
-1211562.7537204125,1835181.6701664273,10
-1211099.4410038851,1835181.6701664273,10
-1210636.1282873575,1835181.6701664273,10
-1210172.8155708301,1835181.6701664273,10
-1209709.5028543025,1835181.6701664273,10
-1209246.1901377751,1835181.6701664273,10
-1208782.8774212475,1835181.6701664273,10
-1208319.5647047202,1835181.6701664273,10
-1207856.2519881926,1835181.6701664273,10
-1207392.9392716652,1835181.6701664273,10
-1206929.6265551376,1835181.6701664273,10
-1206466.3138386102,1835181.6701664273,10
-1206003.0011220826,1835181.6701664273,10
-1205539.6884055552,1835181.6701664273,10
-1205076.3756890276,1835181.6701664273,10
-1204613.0629725,1835181.6701664273,10
-1204149.7502559726,1835181.6701664273,10
-1203686.4375394452,1835181.6701664273,10
-1203223.1248229176,1835181.6701664273,10
-1202759.81210639,1835181.6701664273,10
-1202296.4993898626,1835181.6701664273,10
-1201833.186673335,1835181.6701664273,10
-1201369.8739568077,1835181.6701664273,10
-1200906.56124028,1835181.6701664273,10
-1200443.2485237527,1835181.6701664273,10
-1199979.935807225,1835181.6701664273,10
-1199516.6230906977,1835181.6701664273,10
-1199053.31037417,1835181.6701664273,10
-1198589.9976576427,1835181.6701664273,10
-1198126.684941115,1835181.6701664273,10
-1197663.3722245875,1835181.6701664273,10
-1197200.05950806,1835181.6701664273,10
-1196736.7467915327,1835181.6701664273,10
-1196273.4340750051,1835181.6701664273,10
-1195810.1213584775,1835181.6701664273,10
-1195346.8086419501,1835181.6701664273,10
-1194883.4959254225,1835181.6701664273,10
-1194420.1832088951,1835181.6701664273,10
-1193956.8704923675,1835181.6701664273,10
-1193493.5577758402,1835181.6701664273,10
-1193030.2450593126,1835181.6701664273,10
-1192566.9323427852,1835181.6701664273,10
-1192103.6196262576,1835181.6701664273,10
-1191640.3069097302,1835181.6701664273,10
-1191176.9941932026,1835181.6701664273,10
-1190713.6814766752,1835181.6701664273,10
-1190250.3687601476,1835181.6701664273,10
-1189787.0560436202,1835181.6701664273,10
-1189323.7433270926,1835181.6701664273,10
-1188860.430610565,1835181.6701664273,10
-1188397.1178940376,1835181.6701664273,10
-1187933.80517751,1835181.6701664273,10
-1187470.4924609826,1835181.6701664273,10
-1187007.179744455,1835181.6701664273,10
-1186543.8670279277,1835181.6701664273,10
-1186080.5543114,1835181.6701664273,10
-1185617.2415948727,1835181.6701664273,10
-1185153.928878345,1835181.6701664273,10
-1184690.6161618177,1835181.6701664273,10
-1184227.30344529,1835181.6701664273,10
-1183763.9907287627,1835181.6701664273,10
-1183300.678012235,1835181.6701664273,10
-1182837.3652957077,1835181.6701664273,10
-1182374.05257918,1835181.6701664273,10
-1181910.7398626525,1835181.6701664273,10
-1181447.4271461251,1835181.6701664273,10
-1180984.1144295975,1835181.6701664273,10
-1180520.8017130701,1835181.6701664273,10
-1180057.4889965425,1835181.6701664273,10
-1179594.1762800151,1835181.6701664273,10
-1179130.8635634875,1835181.6701664273,10
-1178667.5508469602,1835181.6701664273,10
-1178204.2381304326,1835181.6701664273,10
-1177740.9254139052,1835181.6701664273,10
-1177277.6126973776,1835181.6701664273,10
-1176814.2999808502,1835181.6701664273,10
-1176350.9872643226,1835181.6701664273,10
-1175887.6745477952,1835181.6701664273,10
-1175424.3618312676,1835181.6701664273,10
-1174961.04911474,1835181.6701664273,10
-1174497.7363982126,1835181.6701664273,10
-1174034.4236816852,1835181.6701664273,10
-1173571.1109651576,1835181.6701664273,10
-1173107.79824863,1835181.6701664273,10
-1172644.4855321026,1835181.6701664273,10
-1172181.172815575,1835181.6701664273,10
-1171717.8600990477,1835181.6701664273,10
-1171254.54738252,1835181.6701664273,10
-1170791.2346659927,1835181.6701664273,10
-1170327.921949465,1835181.6701664273,10
-1169864.6092329377,1835181.6701664273,10
-1169401.29651641,1835181.6701664273,10
-1168937.9837998827,1835181.6701664273,10
-1168474.671083355,1835181.6701664273,10
-1168011.3583668275,1835181.6701664273,10
-1167548.0456503,1835181.6701664273,10
-1167084.7329337727,1835181.6701664273,10
-1166621.4202172451,1835181.6701664273,10
-1166158.1075007175,1835181.6701664273,10
-1165694.7947841901,1835181.6701664273,10
-1165231.4820676625,1835181.6701664273,10
-1164768.1693511351,1835181.6701664273,10
-1164304.8566346075,1835181.6701664273,10
-1163841.5439180802,1835181.6701664273,10
-1163378.2312015526,1835181.6701664273,10
-1162914.9184850252,1835181.6701664273,10
-1162451.6057684976,1835181.6701664273,10
-1161988.2930519702,1835181.6701664273,10
-1161524.9803354426,1835181.6701664273,10
-1161061.6676189152,1835181.6701664273,10
-1160598.3549023876,1835181.6701664273,10
-1160135.0421858602,1835181.6701664273,10
-1159671.7294693326,1835181.6701664273,10
-1159208.416752805,1835181.6701664273,10
-1158745.1040362776,1835181.6701664273,10
-1158281.79131975,1835181.6701664273,10
-1157818.4786032226,1835181.6701664273,10
-1157355.165886695,1835181.6701664273,10
-1156891.8531701677,1835181.6701664273,10
-1156428.54045364,1835181.6701664273,10
-1155965.2277371127,1835181.6701664273,10
-1155501.915020585,1835181.6701664273,10
-1155038.6023040577,1835181.6701664273,10
-1154575.28958753,1835181.6701664273,10
-1154111.9768710027,1835181.6701664273,10
-1153648.664154475,1835181.6701664273,10
-1153185.3514379477,1835181.6701664273,10
-1152722.03872142,1835181.6701664273,10
-1152258.7260048925,1835181.6701664273,10
-1150868.7878553101,1835181.6701664273,10
-1150405.4751387825,1835181.6701664273,10
-1149942.1624222551,1835181.6701664273,10
-1359359.5102926851,1834718.3574498997,10
-1358896.1975761575,1834718.3574498997,10
-1358432.8848596301,1834718.3574498997,10
-1357969.5721431025,1834718.3574498997,10
-1357506.2594265752,1834718.3574498997,10
-1357042.9467100475,1834718.3574498997,10
-1356579.6339935202,1834718.3574498997,10
-1356116.3212769926,1834718.3574498997,10
-1355653.0085604652,1834718.3574498997,10
-1355189.6958439376,1834718.3574498997,10
-1354726.3831274102,1834718.3574498997,10
-1354263.0704108826,1834718.3574498997,10
-1353799.7576943552,1834718.3574498997,10
-1353336.4449778276,1834718.3574498997,10
-1352873.1322613002,1834718.3574498997,16
-1352409.8195447726,1834718.3574498997,16
-1351946.506828245,1834718.3574498997,10
-1351483.1941117176,1834718.3574498997,16
-1351019.88139519,1834718.3574498997,16
-1350556.5686786626,1834718.3574498997,10
-1350093.255962135,1834718.3574498997,10
-1349629.9432456077,1834718.3574498997,10
-1349166.63052908,1834718.3574498997,10
-1348703.3178125527,1834718.3574498997,10
-1348240.005096025,1834718.3574498997,16
-1347776.6923794977,1834718.3574498997,16
-1347313.37966297,1834718.3574498997,16
-1346850.0669464427,1834718.3574498997,16
-1346386.754229915,1834718.3574498997,16
-1345923.4415133877,1834718.3574498997,16
-1345460.12879686,1834718.3574498997,16
-1344996.8160803327,1834718.3574498997,16
-1344533.5033638051,1834718.3574498997,10
-1344070.1906472775,1834718.3574498997,16
-1343606.8779307501,1834718.3574498997,16
-1343143.5652142225,1834718.3574498997,10
-1342680.2524976952,1834718.3574498997,10
-1342216.9397811675,1834718.3574498997,10
-1341753.6270646402,1834718.3574498997,10
-1341290.3143481126,1834718.3574498997,10
-1340827.0016315852,1834718.3574498997,10
-1340363.6889150576,1834718.3574498997,10
-1339900.3761985302,1834718.3574498997,10
-1339437.0634820026,1834718.3574498997,16
-1338973.7507654752,1834718.3574498997,16
-1338510.4380489476,1834718.3574498997,16
-1338047.1253324202,1834718.3574498997,16
-1337583.8126158926,1834718.3574498997,16
-1337120.499899365,1834718.3574498997,16
-1336657.1871828376,1834718.3574498997,16
-1336193.87446631,1834718.3574498997,16
-1335730.5617497826,1834718.3574498997,16
-1335267.249033255,1834718.3574498997,16
-1334803.9363167277,1834718.3574498997,16
-1334340.6236002,1834718.3574498997,16
-1333877.3108836727,1834718.3574498997,16
-1333413.998167145,1834718.3574498997,16
-1332950.6854506177,1834718.3574498997,16
-1332487.37273409,1834718.3574498997,16
-1332024.0600175627,1834718.3574498997,16
-1331560.747301035,1834718.3574498997,16
-1331097.4345845077,1834718.3574498997,16
-1330634.12186798,1834718.3574498997,16
-1330170.8091514525,1834718.3574498997,16
-1329707.4964349251,1834718.3574498997,16
-1329244.1837183975,1834718.3574498997,16
-1328780.8710018701,1834718.3574498997,16
-1328317.5582853425,1834718.3574498997,16
-1327854.2455688152,1834718.3574498997,16
-1327390.9328522875,1834718.3574498997,16
-1326927.6201357602,1834718.3574498997,16
-1326464.3074192326,1834718.3574498997,16
-1326000.9947027052,1834718.3574498997,16
-1325537.6819861776,1834718.3574498997,16
-1325074.3692696502,1834718.3574498997,16
-1324611.0565531226,1834718.3574498997,16
-1324147.7438365952,1834718.3574498997,16
-1323684.4311200676,1834718.3574498997,16
-1323221.11840354,1834718.3574498997,16
-1322757.8056870126,1834718.3574498997,16
-1322294.492970485,1834718.3574498997,16
-1321831.1802539576,1834718.3574498997,10
-1321367.86753743,1834718.3574498997,10
-1320904.5548209026,1834718.3574498997,10
-1320441.242104375,1834718.3574498997,10
-1319977.9293878477,1834718.3574498997,16
-1319514.61667132,1834718.3574498997,16
-1319051.3039547927,1834718.3574498997,16
-1318587.991238265,1834718.3574498997,16
-1318124.6785217377,1834718.3574498997,16
-1317661.36580521,1834718.3574498997,16
-1317198.0530886827,1834718.3574498997,10
-1316734.740372155,1834718.3574498997,10
-1316271.4276556277,1834718.3574498997,16
-1315808.1149391,1834718.3574498997,16
-1315344.8022225727,1834718.3574498997,16
-1314881.4895060451,1834718.3574498997,16
-1314418.1767895175,1834718.3574498997,16
-1313954.8640729901,1834718.3574498997,16
-1313491.5513564625,1834718.3574498997,16
-1313028.2386399352,1834718.3574498997,16
-1312564.9259234075,1834718.3574498997,16
-1312101.6132068802,1834718.3574498997,16
-1311638.3004903526,1834718.3574498997,16
-1311174.9877738252,1834718.3574498997,16
-1310711.6750572976,1834718.3574498997,16
-1310248.3623407702,1834718.3574498997,16
-1309785.0496242426,1834718.3574498997,16
-1309321.7369077152,1834718.3574498997,16
-1308858.4241911876,1834718.3574498997,16
-1308395.1114746602,1834718.3574498997,16
-1307931.7987581326,1834718.3574498997,16
-1307468.486041605,1834718.3574498997,16
-1307005.1733250776,1834718.3574498997,16
-1306541.86060855,1834718.3574498997,16
-1306078.5478920226,1834718.3574498997,16
-1305615.235175495,1834718.3574498997,16
-1305151.9224589677,1834718.3574498997,16
-1304688.60974244,1834718.3574498997,16
-1304225.2970259127,1834718.3574498997,16
-1303761.984309385,1834718.3574498997,16
-1303298.6715928577,1834718.3574498997,10
-1302835.35887633,1834718.3574498997,16
-1302372.0461598027,1834718.3574498997,10
-1301908.733443275,1834718.3574498997,10
-1301445.4207267477,1834718.3574498997,10
-1300982.10801022,1834718.3574498997,16
-1300518.7952936925,1834718.3574498997,16
-1300055.4825771651,1834718.3574498997,16
-1299592.1698606375,1834718.3574498997,16
-1299128.8571441101,1834718.3574498997,16
-1298665.5444275825,1834718.3574498997,16
-1298202.2317110552,1834718.3574498997,16
-1297738.9189945275,1834718.3574498997,16
-1297275.6062780002,1834718.3574498997,10
-1296812.2935614726,1834718.3574498997,10
-1296348.9808449452,1834718.3574498997,10
-1295885.6681284176,1834718.3574498997,10
-1295422.3554118902,1834718.3574498997,10
-1294959.0426953626,1834718.3574498997,10
-1294495.7299788352,1834718.3574498997,10
-1294032.4172623076,1834718.3574498997,10
-1293569.10454578,1834718.3574498997,10
-1293105.7918292526,1834718.3574498997,10
-1292642.479112725,1834718.3574498997,10
-1292179.1663961976,1834718.3574498997,10
-1291715.85367967,1834718.3574498997,10
-1291252.5409631426,1834718.3574498997,10
-1290789.228246615,1834718.3574498997,10
-1290325.9155300877,1834718.3574498997,10
-1289862.60281356,1834718.3574498997,16
-1289399.2900970327,1834718.3574498997,16
-1288935.977380505,1834718.3574498997,10
-1288472.6646639777,1834718.3574498997,10
-1288009.35194745,1834718.3574498997,10
-1287546.0392309227,1834718.3574498997,10
-1287082.726514395,1834718.3574498997,10
-1286619.4137978677,1834718.3574498997,10
-1286156.10108134,1834718.3574498997,10
-1285692.7883648127,1834718.3574498997,10
-1285229.4756482851,1834718.3574498997,10
-1284766.1629317575,1834718.3574498997,10
-1284302.8502152301,1834718.3574498997,10
-1283839.5374987025,1834718.3574498997,10
-1283376.2247821752,1834718.3574498997,10
-1282912.9120656475,1834718.3574498997,10
-1282449.5993491202,1834718.3574498997,10
-1281986.2866325926,1834718.3574498997,10
-1281522.9739160652,1834718.3574498997,10
-1281059.6611995376,1834718.3574498997,10
-1280596.3484830102,1834718.3574498997,10
-1280133.0357664826,1834718.3574498997,10
-1279669.7230499552,1834718.3574498997,10
-1279206.4103334276,1834718.3574498997,10
-1278743.0976169002,1834718.3574498997,10
-1278279.7849003726,1834718.3574498997,10
-1277816.472183845,1834718.3574498997,10
-1277353.1594673176,1834718.3574498997,10
-1276889.84675079,1834718.3574498997,10
-1276426.5340342626,1834718.3574498997,10
-1275963.221317735,1834718.3574498997,10
-1275499.9086012077,1834718.3574498997,10
-1275036.59588468,1834718.3574498997,10
-1274573.2831681527,1834718.3574498997,10
-1274109.970451625,1834718.3574498997,10
-1273646.6577350977,1834718.3574498997,10
-1273183.34501857,1834718.3574498997,10
-1272720.0323020427,1834718.3574498997,10
-1272256.719585515,1834718.3574498997,10
-1271793.4068689877,1834718.3574498997,10
-1271330.09415246,1834718.3574498997,10
-1270866.7814359325,1834718.3574498997,10
-1270403.4687194051,1834718.3574498997,10
-1269940.1560028775,1834718.3574498997,10
-1269476.8432863501,1834718.3574498997,10
-1269013.5305698225,1834718.3574498997,10
-1268550.2178532952,1834718.3574498997,10
-1268086.9051367675,1834718.3574498997,10
-1267623.5924202402,1834718.3574498997,10
-1267160.2797037126,1834718.3574498997,10
-1266696.9669871852,1834718.3574498997,10
-1266233.6542706576,1834718.3574498997,10
-1265770.3415541302,1834718.3574498997,10
-1265307.0288376026,1834718.3574498997,10
-1264843.7161210752,1834718.3574498997,10
-1264380.4034045476,1834718.3574498997,10
-1263917.09068802,1834718.3574498997,10
-1263453.7779714926,1834718.3574498997,10
-1262990.465254965,1834718.3574498997,10
-1262527.1525384376,1834718.3574498997,10
-1262063.83982191,1834718.3574498997,10
-1261600.5271053826,1834718.3574498997,10
-1261137.214388855,1834718.3574498997,10
-1260673.9016723277,1834718.3574498997,10
-1260210.5889558,1834718.3574498997,10
-1259747.2762392727,1834718.3574498997,10
-1259283.963522745,1834718.3574498997,10
-1258820.6508062177,1834718.3574498997,10
-1258357.33808969,1834718.3574498997,10
-1257894.0253731627,1834718.3574498997,10
-1257430.712656635,1834718.3574498997,10
-1256967.3999401077,1834718.3574498997,10
-1256504.08722358,1834718.3574498997,10
-1256040.7745070527,1834718.3574498997,10
-1255577.4617905251,1834718.3574498997,10
-1255114.1490739975,1834718.3574498997,10
-1254650.8363574701,1834718.3574498997,10
-1254187.5236409425,1834718.3574498997,10
-1253724.2109244152,1834718.3574498997,10
-1253260.8982078875,1834718.3574498997,10
-1252797.5854913602,1834718.3574498997,10
-1252334.2727748326,1834718.3574498997,10
-1251870.9600583052,1834718.3574498997,10
-1251407.6473417776,1834718.3574498997,10
-1250944.3346252502,1834718.3574498997,10
-1250481.0219087226,1834718.3574498997,10
-1250017.7091921952,1834718.3574498997,10
-1249554.3964756676,1834718.3574498997,10
-1249091.0837591402,1834718.3574498997,10
-1248627.7710426126,1834718.3574498997,10
-1248164.458326085,1834718.3574498997,10
-1247701.1456095576,1834718.3574498997,10
-1247237.83289303,1834718.3574498997,10
-1246774.5201765026,1834718.3574498997,10
-1246311.207459975,1834718.3574498997,10
-1245847.8947434477,1834718.3574498997,10
-1245384.58202692,1834718.3574498997,10
-1244921.2693103927,1834718.3574498997,10
-1244457.956593865,1834718.3574498997,10
-1243994.6438773377,1834718.3574498997,10
-1243531.33116081,1834718.3574498997,10
-1243068.0184442827,1834718.3574498997,10
-1242604.705727755,1834718.3574498997,10
-1242141.3930112277,1834718.3574498997,10
-1241678.0802947,1834718.3574498997,10
-1241214.7675781725,1834718.3574498997,10
-1240751.4548616451,1834718.3574498997,10
-1240288.1421451175,1834718.3574498997,10
-1239824.8294285901,1834718.3574498997,10
-1239361.5167120625,1834718.3574498997,10
-1238898.2039955352,1834718.3574498997,10
-1238434.8912790075,1834718.3574498997,10
-1237971.5785624802,1834718.3574498997,10
-1237508.2658459526,1834718.3574498997,10
-1237044.9531294252,1834718.3574498997,10
-1236581.6404128976,1834718.3574498997,10
-1236118.3276963702,1834718.3574498997,10
-1235655.0149798426,1834718.3574498997,10
-1235191.7022633152,1834718.3574498997,10
-1234728.3895467876,1834718.3574498997,10
-1234265.07683026,1834718.3574498997,10
-1233801.7641137326,1834718.3574498997,10
-1233338.4513972052,1834718.3574498997,10
-1232875.1386806776,1834718.3574498997,10
-1232411.82596415,1834718.3574498997,10
-1231948.5132476226,1834718.3574498997,10
-1231485.200531095,1834718.3574498997,10
-1231021.8878145677,1834718.3574498997,10
-1230558.57509804,1834718.3574498997,10
-1230095.2623815127,1834718.3574498997,10
-1229631.949664985,1834718.3574498997,10
-1229168.6369484577,1834718.3574498997,10
-1228705.32423193,1834718.3574498997,10
-1228242.0115154027,1834718.3574498997,10
-1227778.698798875,1834718.3574498997,10
-1227315.3860823475,1834718.3574498997,10
-1226852.07336582,1834718.3574498997,10
-1226388.7606492927,1834718.3574498997,10
-1225925.4479327651,1834718.3574498997,10
-1225462.1352162375,1834718.3574498997,10
-1224998.8224997101,1834718.3574498997,10
-1224535.5097831825,1834718.3574498997,10
-1224072.1970666551,1834718.3574498997,10
-1223608.8843501275,1834718.3574498997,10
-1223145.5716336002,1834718.3574498997,10
-1222682.2589170726,1834718.3574498997,10
-1222218.9462005452,1834718.3574498997,10
-1221755.6334840176,1834718.3574498997,10
-1221292.3207674902,1834718.3574498997,10
-1220829.0080509626,1834718.3574498997,10
-1220365.6953344352,1834718.3574498997,10
-1219902.3826179076,1834718.3574498997,10
-1219439.0699013802,1834718.3574498997,10
-1218975.7571848526,1834718.3574498997,10
-1218512.444468325,1834718.3574498997,10
-1218049.1317517976,1834718.3574498997,10
-1217585.81903527,1834718.3574498997,10
-1217122.5063187426,1834718.3574498997,10
-1216659.193602215,1834718.3574498997,10
-1216195.8808856877,1834718.3574498997,10
-1215732.56816916,1834718.3574498997,10
-1215269.2554526327,1834718.3574498997,10
-1214805.942736105,1834718.3574498997,10
-1214342.6300195777,1834718.3574498997,10
-1213879.31730305,1834718.3574498997,10
-1213416.0045865227,1834718.3574498997,10
-1212952.691869995,1834718.3574498997,10
-1212489.3791534677,1834718.3574498997,10
-1212026.06643694,1834718.3574498997,10
-1211562.7537204125,1834718.3574498997,10
-1211099.4410038851,1834718.3574498997,10
-1210636.1282873575,1834718.3574498997,10
-1210172.8155708301,1834718.3574498997,10
-1209709.5028543025,1834718.3574498997,10
-1209246.1901377751,1834718.3574498997,10
-1208782.8774212475,1834718.3574498997,10
-1208319.5647047202,1834718.3574498997,10
-1207856.2519881926,1834718.3574498997,10
-1207392.9392716652,1834718.3574498997,10
-1206929.6265551376,1834718.3574498997,10
-1206466.3138386102,1834718.3574498997,10
-1206003.0011220826,1834718.3574498997,10
-1205539.6884055552,1834718.3574498997,10
-1205076.3756890276,1834718.3574498997,10
-1204613.0629725,1834718.3574498997,10
-1204149.7502559726,1834718.3574498997,10
-1203686.4375394452,1834718.3574498997,10
-1203223.1248229176,1834718.3574498997,10
-1202759.81210639,1834718.3574498997,10
-1202296.4993898626,1834718.3574498997,10
-1201833.186673335,1834718.3574498997,10
-1201369.8739568077,1834718.3574498997,10
-1200906.56124028,1834718.3574498997,10
-1200443.2485237527,1834718.3574498997,10
-1199979.935807225,1834718.3574498997,10
-1199516.6230906977,1834718.3574498997,10
-1199053.31037417,1834718.3574498997,10
-1198589.9976576427,1834718.3574498997,10
-1198126.684941115,1834718.3574498997,10
-1197663.3722245875,1834718.3574498997,10
-1197200.05950806,1834718.3574498997,10
-1196736.7467915327,1834718.3574498997,10
-1196273.4340750051,1834718.3574498997,10
-1195810.1213584775,1834718.3574498997,10
-1195346.8086419501,1834718.3574498997,10
-1194883.4959254225,1834718.3574498997,10
-1194420.1832088951,1834718.3574498997,10
-1193956.8704923675,1834718.3574498997,10
-1193493.5577758402,1834718.3574498997,10
-1193030.2450593126,1834718.3574498997,10
-1192566.9323427852,1834718.3574498997,10
-1192103.6196262576,1834718.3574498997,10
-1191640.3069097302,1834718.3574498997,10
-1191176.9941932026,1834718.3574498997,10
-1190713.6814766752,1834718.3574498997,10
-1190250.3687601476,1834718.3574498997,10
-1189787.0560436202,1834718.3574498997,10
-1189323.7433270926,1834718.3574498997,10
-1188860.430610565,1834718.3574498997,10
-1188397.1178940376,1834718.3574498997,10
-1187933.80517751,1834718.3574498997,10
-1187470.4924609826,1834718.3574498997,10
-1187007.179744455,1834718.3574498997,10
-1186543.8670279277,1834718.3574498997,10
-1186080.5543114,1834718.3574498997,10
-1185617.2415948727,1834718.3574498997,10
-1185153.928878345,1834718.3574498997,10
-1184690.6161618177,1834718.3574498997,10
-1184227.30344529,1834718.3574498997,10
-1183763.9907287627,1834718.3574498997,10
-1183300.678012235,1834718.3574498997,10
-1182837.3652957077,1834718.3574498997,10
-1182374.05257918,1834718.3574498997,10
-1181910.7398626525,1834718.3574498997,10
-1181447.4271461251,1834718.3574498997,10
-1180984.1144295975,1834718.3574498997,10
-1180520.8017130701,1834718.3574498997,10
-1180057.4889965425,1834718.3574498997,10
-1179594.1762800151,1834718.3574498997,10
-1179130.8635634875,1834718.3574498997,10
-1178667.5508469602,1834718.3574498997,10
-1178204.2381304326,1834718.3574498997,10
-1177740.9254139052,1834718.3574498997,10
-1177277.6126973776,1834718.3574498997,10
-1176814.2999808502,1834718.3574498997,10
-1176350.9872643226,1834718.3574498997,10
-1175887.6745477952,1834718.3574498997,10
-1175424.3618312676,1834718.3574498997,10
-1174961.04911474,1834718.3574498997,10
-1174497.7363982126,1834718.3574498997,10
-1174034.4236816852,1834718.3574498997,10
-1173571.1109651576,1834718.3574498997,10
-1173107.79824863,1834718.3574498997,10
-1172644.4855321026,1834718.3574498997,10
-1172181.172815575,1834718.3574498997,10
-1171717.8600990477,1834718.3574498997,10
-1171254.54738252,1834718.3574498997,10
-1170791.2346659927,1834718.3574498997,10
-1170327.921949465,1834718.3574498997,10
-1169864.6092329377,1834718.3574498997,10
-1169401.29651641,1834718.3574498997,10
-1168937.9837998827,1834718.3574498997,10
-1168474.671083355,1834718.3574498997,10
-1168011.3583668275,1834718.3574498997,10
-1167548.0456503,1834718.3574498997,10
-1167084.7329337727,1834718.3574498997,10
-1166621.4202172451,1834718.3574498997,10
-1166158.1075007175,1834718.3574498997,10
-1165694.7947841901,1834718.3574498997,10
-1165231.4820676625,1834718.3574498997,10
-1164768.1693511351,1834718.3574498997,10
-1164304.8566346075,1834718.3574498997,10
-1163841.5439180802,1834718.3574498997,10
-1163378.2312015526,1834718.3574498997,10
-1161061.6676189152,1834718.3574498997,10
-1160598.3549023876,1834718.3574498997,10
-1156891.8531701677,1834718.3574498997,10
-1156428.54045364,1834718.3574498997,10
-1155965.2277371127,1834718.3574498997,10
-1155501.915020585,1834718.3574498997,10
-1155038.6023040577,1834718.3574498997,10
-1154575.28958753,1834718.3574498997,10
-1154111.9768710027,1834718.3574498997,10
-1153648.664154475,1834718.3574498997,10
-1153185.3514379477,1834718.3574498997,10
-1152722.03872142,1834718.3574498997,10
-1150868.7878553101,1834718.3574498997,10
-1150405.4751387825,1834718.3574498997,10
-1360749.4484422677,1834255.0447333723,10
-1360286.13572574,1834255.0447333723,10
-1359822.8230092125,1834255.0447333723,10
-1359359.5102926851,1834255.0447333723,10
-1358896.1975761575,1834255.0447333723,10
-1358432.8848596301,1834255.0447333723,10
-1357969.5721431025,1834255.0447333723,10
-1357506.2594265752,1834255.0447333723,10
-1357042.9467100475,1834255.0447333723,10
-1356579.6339935202,1834255.0447333723,10
-1356116.3212769926,1834255.0447333723,10
-1355653.0085604652,1834255.0447333723,10
-1355189.6958439376,1834255.0447333723,10
-1354726.3831274102,1834255.0447333723,10
-1354263.0704108826,1834255.0447333723,10
-1353799.7576943552,1834255.0447333723,10
-1353336.4449778276,1834255.0447333723,10
-1352873.1322613002,1834255.0447333723,10
-1352409.8195447726,1834255.0447333723,10
-1351946.506828245,1834255.0447333723,10
-1351483.1941117176,1834255.0447333723,16
-1351019.88139519,1834255.0447333723,10
-1350556.5686786626,1834255.0447333723,16
-1350093.255962135,1834255.0447333723,10
-1349629.9432456077,1834255.0447333723,16
-1349166.63052908,1834255.0447333723,16
-1348703.3178125527,1834255.0447333723,16
-1348240.005096025,1834255.0447333723,16
-1347776.6923794977,1834255.0447333723,16
-1347313.37966297,1834255.0447333723,16
-1346850.0669464427,1834255.0447333723,16
-1346386.754229915,1834255.0447333723,16
-1345923.4415133877,1834255.0447333723,16
-1345460.12879686,1834255.0447333723,16
-1344996.8160803327,1834255.0447333723,10
-1344533.5033638051,1834255.0447333723,10
-1344070.1906472775,1834255.0447333723,16
-1343606.8779307501,1834255.0447333723,10
-1343143.5652142225,1834255.0447333723,10
-1342680.2524976952,1834255.0447333723,16
-1342216.9397811675,1834255.0447333723,10
-1341753.6270646402,1834255.0447333723,10
-1341290.3143481126,1834255.0447333723,10
-1340827.0016315852,1834255.0447333723,10
-1340363.6889150576,1834255.0447333723,16
-1339900.3761985302,1834255.0447333723,16
-1339437.0634820026,1834255.0447333723,16
-1338973.7507654752,1834255.0447333723,16
-1338510.4380489476,1834255.0447333723,16
-1338047.1253324202,1834255.0447333723,16
-1337583.8126158926,1834255.0447333723,16
-1337120.499899365,1834255.0447333723,16
-1336657.1871828376,1834255.0447333723,16
-1336193.87446631,1834255.0447333723,16
-1335730.5617497826,1834255.0447333723,16
-1335267.249033255,1834255.0447333723,16
-1334803.9363167277,1834255.0447333723,16
-1334340.6236002,1834255.0447333723,16
-1333877.3108836727,1834255.0447333723,16
-1333413.998167145,1834255.0447333723,16
-1332950.6854506177,1834255.0447333723,16
-1332487.37273409,1834255.0447333723,16
-1332024.0600175627,1834255.0447333723,16
-1331560.747301035,1834255.0447333723,16
-1331097.4345845077,1834255.0447333723,16
-1330634.12186798,1834255.0447333723,16
-1330170.8091514525,1834255.0447333723,16
-1329707.4964349251,1834255.0447333723,16
-1329244.1837183975,1834255.0447333723,16
-1328780.8710018701,1834255.0447333723,16
-1328317.5582853425,1834255.0447333723,16
-1327854.2455688152,1834255.0447333723,16
-1327390.9328522875,1834255.0447333723,16
-1326927.6201357602,1834255.0447333723,16
-1326464.3074192326,1834255.0447333723,16
-1326000.9947027052,1834255.0447333723,16
-1325537.6819861776,1834255.0447333723,16
-1325074.3692696502,1834255.0447333723,16
-1324611.0565531226,1834255.0447333723,16
-1324147.7438365952,1834255.0447333723,16
-1323684.4311200676,1834255.0447333723,16
-1323221.11840354,1834255.0447333723,16
-1322757.8056870126,1834255.0447333723,16
-1322294.492970485,1834255.0447333723,16
-1321831.1802539576,1834255.0447333723,10
-1321367.86753743,1834255.0447333723,10
-1320904.5548209026,1834255.0447333723,10
-1320441.242104375,1834255.0447333723,10
-1319977.9293878477,1834255.0447333723,10
-1319514.61667132,1834255.0447333723,10
-1319051.3039547927,1834255.0447333723,16
-1318587.991238265,1834255.0447333723,16
-1318124.6785217377,1834255.0447333723,16
-1317661.36580521,1834255.0447333723,16
-1317198.0530886827,1834255.0447333723,16
-1316734.740372155,1834255.0447333723,10
-1316271.4276556277,1834255.0447333723,10
-1315808.1149391,1834255.0447333723,16
-1315344.8022225727,1834255.0447333723,16
-1314881.4895060451,1834255.0447333723,16
-1314418.1767895175,1834255.0447333723,16
-1313954.8640729901,1834255.0447333723,16
-1313491.5513564625,1834255.0447333723,16
-1313028.2386399352,1834255.0447333723,16
-1312564.9259234075,1834255.0447333723,16
-1312101.6132068802,1834255.0447333723,16
-1311638.3004903526,1834255.0447333723,16
-1311174.9877738252,1834255.0447333723,16
-1310711.6750572976,1834255.0447333723,16
-1310248.3623407702,1834255.0447333723,16
-1309785.0496242426,1834255.0447333723,16
-1309321.7369077152,1834255.0447333723,16
-1308858.4241911876,1834255.0447333723,16
-1308395.1114746602,1834255.0447333723,16
-1307931.7987581326,1834255.0447333723,16
-1307468.486041605,1834255.0447333723,16
-1307005.1733250776,1834255.0447333723,16
-1306541.86060855,1834255.0447333723,16
-1306078.5478920226,1834255.0447333723,16
-1305615.235175495,1834255.0447333723,16
-1305151.9224589677,1834255.0447333723,10
-1304688.60974244,1834255.0447333723,10
-1304225.2970259127,1834255.0447333723,16
-1303761.984309385,1834255.0447333723,16
-1303298.6715928577,1834255.0447333723,16
-1302835.35887633,1834255.0447333723,16
-1302372.0461598027,1834255.0447333723,16
-1301908.733443275,1834255.0447333723,10
-1301445.4207267477,1834255.0447333723,16
-1300982.10801022,1834255.0447333723,16
-1300518.7952936925,1834255.0447333723,16
-1300055.4825771651,1834255.0447333723,16
-1299592.1698606375,1834255.0447333723,16
-1299128.8571441101,1834255.0447333723,16
-1298665.5444275825,1834255.0447333723,16
-1298202.2317110552,1834255.0447333723,16
-1297738.9189945275,1834255.0447333723,10
-1297275.6062780002,1834255.0447333723,10
-1296812.2935614726,1834255.0447333723,10
-1296348.9808449452,1834255.0447333723,10
-1295885.6681284176,1834255.0447333723,10
-1295422.3554118902,1834255.0447333723,10
-1294959.0426953626,1834255.0447333723,10
-1294495.7299788352,1834255.0447333723,10
-1294032.4172623076,1834255.0447333723,10
-1293569.10454578,1834255.0447333723,7
-1293105.7918292526,1834255.0447333723,7
-1292642.479112725,1834255.0447333723,10
-1292179.1663961976,1834255.0447333723,10
-1291715.85367967,1834255.0447333723,10
-1291252.5409631426,1834255.0447333723,10
-1290789.228246615,1834255.0447333723,10
-1290325.9155300877,1834255.0447333723,10
-1289862.60281356,1834255.0447333723,16
-1289399.2900970327,1834255.0447333723,16
-1288935.977380505,1834255.0447333723,16
-1288472.6646639777,1834255.0447333723,10
-1288009.35194745,1834255.0447333723,10
-1287546.0392309227,1834255.0447333723,10
-1287082.726514395,1834255.0447333723,10
-1286619.4137978677,1834255.0447333723,10
-1286156.10108134,1834255.0447333723,16
-1285692.7883648127,1834255.0447333723,10
-1285229.4756482851,1834255.0447333723,10
-1284766.1629317575,1834255.0447333723,10
-1284302.8502152301,1834255.0447333723,10
-1283839.5374987025,1834255.0447333723,10
-1283376.2247821752,1834255.0447333723,10
-1282912.9120656475,1834255.0447333723,10
-1282449.5993491202,1834255.0447333723,10
-1281986.2866325926,1834255.0447333723,10
-1281522.9739160652,1834255.0447333723,10
-1281059.6611995376,1834255.0447333723,10
-1280596.3484830102,1834255.0447333723,10
-1280133.0357664826,1834255.0447333723,10
-1279669.7230499552,1834255.0447333723,10
-1279206.4103334276,1834255.0447333723,10
-1278743.0976169002,1834255.0447333723,10
-1278279.7849003726,1834255.0447333723,10
-1277816.472183845,1834255.0447333723,10
-1277353.1594673176,1834255.0447333723,10
-1276889.84675079,1834255.0447333723,10
-1276426.5340342626,1834255.0447333723,10
-1275963.221317735,1834255.0447333723,10
-1275499.9086012077,1834255.0447333723,10
-1275036.59588468,1834255.0447333723,10
-1274573.2831681527,1834255.0447333723,10
-1274109.970451625,1834255.0447333723,10
-1273646.6577350977,1834255.0447333723,10
-1273183.34501857,1834255.0447333723,10
-1272720.0323020427,1834255.0447333723,10
-1272256.719585515,1834255.0447333723,10
-1271793.4068689877,1834255.0447333723,10
-1271330.09415246,1834255.0447333723,10
-1270866.7814359325,1834255.0447333723,10
-1270403.4687194051,1834255.0447333723,10
-1269940.1560028775,1834255.0447333723,10
-1269476.8432863501,1834255.0447333723,10
-1269013.5305698225,1834255.0447333723,10
-1268550.2178532952,1834255.0447333723,10
-1268086.9051367675,1834255.0447333723,10
-1267623.5924202402,1834255.0447333723,10
-1267160.2797037126,1834255.0447333723,10
-1266696.9669871852,1834255.0447333723,10
-1266233.6542706576,1834255.0447333723,10
-1265770.3415541302,1834255.0447333723,10
-1265307.0288376026,1834255.0447333723,10
-1264843.7161210752,1834255.0447333723,10
-1264380.4034045476,1834255.0447333723,10
-1263917.09068802,1834255.0447333723,10
-1263453.7779714926,1834255.0447333723,10
-1262990.465254965,1834255.0447333723,10
-1262527.1525384376,1834255.0447333723,10
-1262063.83982191,1834255.0447333723,10
-1261600.5271053826,1834255.0447333723,10
-1261137.214388855,1834255.0447333723,10
-1260673.9016723277,1834255.0447333723,10
-1260210.5889558,1834255.0447333723,10
-1259747.2762392727,1834255.0447333723,10
-1259283.963522745,1834255.0447333723,10
-1258820.6508062177,1834255.0447333723,10
-1258357.33808969,1834255.0447333723,10
-1257894.0253731627,1834255.0447333723,10
-1257430.712656635,1834255.0447333723,10
-1256967.3999401077,1834255.0447333723,10
-1256504.08722358,1834255.0447333723,10
-1256040.7745070527,1834255.0447333723,10
-1255577.4617905251,1834255.0447333723,10
-1255114.1490739975,1834255.0447333723,10
-1254650.8363574701,1834255.0447333723,10
-1254187.5236409425,1834255.0447333723,10
-1253724.2109244152,1834255.0447333723,10
-1253260.8982078875,1834255.0447333723,10
-1252797.5854913602,1834255.0447333723,10
-1252334.2727748326,1834255.0447333723,10
-1251870.9600583052,1834255.0447333723,10
-1251407.6473417776,1834255.0447333723,10
-1250944.3346252502,1834255.0447333723,10
-1250481.0219087226,1834255.0447333723,10
-1250017.7091921952,1834255.0447333723,10
-1249554.3964756676,1834255.0447333723,10
-1249091.0837591402,1834255.0447333723,10
-1248627.7710426126,1834255.0447333723,10
-1248164.458326085,1834255.0447333723,10
-1247701.1456095576,1834255.0447333723,10
-1247237.83289303,1834255.0447333723,10
-1246774.5201765026,1834255.0447333723,10
-1246311.207459975,1834255.0447333723,10
-1245847.8947434477,1834255.0447333723,10
-1245384.58202692,1834255.0447333723,10
-1244921.2693103927,1834255.0447333723,10
-1244457.956593865,1834255.0447333723,10
-1243994.6438773377,1834255.0447333723,10
-1243531.33116081,1834255.0447333723,10
-1243068.0184442827,1834255.0447333723,10
-1242604.705727755,1834255.0447333723,10
-1242141.3930112277,1834255.0447333723,10
-1241678.0802947,1834255.0447333723,10
-1241214.7675781725,1834255.0447333723,10
-1240751.4548616451,1834255.0447333723,10
-1240288.1421451175,1834255.0447333723,10
-1239824.8294285901,1834255.0447333723,10
-1239361.5167120625,1834255.0447333723,10
-1238898.2039955352,1834255.0447333723,10
-1238434.8912790075,1834255.0447333723,10
-1237971.5785624802,1834255.0447333723,10
-1237508.2658459526,1834255.0447333723,10
-1237044.9531294252,1834255.0447333723,10
-1236581.6404128976,1834255.0447333723,10
-1236118.3276963702,1834255.0447333723,10
-1235655.0149798426,1834255.0447333723,10
-1235191.7022633152,1834255.0447333723,10
-1234728.3895467876,1834255.0447333723,10
-1234265.07683026,1834255.0447333723,10
-1233801.7641137326,1834255.0447333723,10
-1233338.4513972052,1834255.0447333723,10
-1232875.1386806776,1834255.0447333723,10
-1232411.82596415,1834255.0447333723,10
-1231948.5132476226,1834255.0447333723,10
-1231485.200531095,1834255.0447333723,10
-1231021.8878145677,1834255.0447333723,10
-1230558.57509804,1834255.0447333723,10
-1230095.2623815127,1834255.0447333723,10
-1229631.949664985,1834255.0447333723,10
-1229168.6369484577,1834255.0447333723,10
-1228705.32423193,1834255.0447333723,10
-1228242.0115154027,1834255.0447333723,10
-1227778.698798875,1834255.0447333723,10
-1227315.3860823475,1834255.0447333723,10
-1226852.07336582,1834255.0447333723,10
-1226388.7606492927,1834255.0447333723,10
-1225925.4479327651,1834255.0447333723,10
-1225462.1352162375,1834255.0447333723,10
-1224998.8224997101,1834255.0447333723,10
-1224535.5097831825,1834255.0447333723,10
-1224072.1970666551,1834255.0447333723,10
-1223608.8843501275,1834255.0447333723,10
-1223145.5716336002,1834255.0447333723,10
-1222682.2589170726,1834255.0447333723,10
-1222218.9462005452,1834255.0447333723,10
-1221755.6334840176,1834255.0447333723,10
-1221292.3207674902,1834255.0447333723,10
-1220829.0080509626,1834255.0447333723,10
-1220365.6953344352,1834255.0447333723,10
-1219902.3826179076,1834255.0447333723,10
-1219439.0699013802,1834255.0447333723,10
-1218975.7571848526,1834255.0447333723,10
-1218512.444468325,1834255.0447333723,10
-1218049.1317517976,1834255.0447333723,10
-1217585.81903527,1834255.0447333723,10
-1217122.5063187426,1834255.0447333723,10
-1216659.193602215,1834255.0447333723,10
-1216195.8808856877,1834255.0447333723,10
-1215732.56816916,1834255.0447333723,10
-1215269.2554526327,1834255.0447333723,10
-1214805.942736105,1834255.0447333723,10
-1214342.6300195777,1834255.0447333723,10
-1213879.31730305,1834255.0447333723,10
-1213416.0045865227,1834255.0447333723,10
-1212952.691869995,1834255.0447333723,10
-1212489.3791534677,1834255.0447333723,10
-1212026.06643694,1834255.0447333723,10
-1211562.7537204125,1834255.0447333723,10
-1211099.4410038851,1834255.0447333723,10
-1210636.1282873575,1834255.0447333723,10
-1210172.8155708301,1834255.0447333723,10
-1209709.5028543025,1834255.0447333723,10
-1209246.1901377751,1834255.0447333723,10
-1208782.8774212475,1834255.0447333723,10
-1208319.5647047202,1834255.0447333723,10
-1207856.2519881926,1834255.0447333723,10
-1207392.9392716652,1834255.0447333723,10
-1206929.6265551376,1834255.0447333723,10
-1206466.3138386102,1834255.0447333723,10
-1206003.0011220826,1834255.0447333723,10
-1205539.6884055552,1834255.0447333723,10
-1205076.3756890276,1834255.0447333723,10
-1204613.0629725,1834255.0447333723,10
-1204149.7502559726,1834255.0447333723,10
-1203686.4375394452,1834255.0447333723,10
-1203223.1248229176,1834255.0447333723,10
-1202759.81210639,1834255.0447333723,10
-1202296.4993898626,1834255.0447333723,10
-1201833.186673335,1834255.0447333723,10
-1201369.8739568077,1834255.0447333723,10
-1200906.56124028,1834255.0447333723,10
-1200443.2485237527,1834255.0447333723,10
-1199979.935807225,1834255.0447333723,10
-1199516.6230906977,1834255.0447333723,10
-1199053.31037417,1834255.0447333723,10
-1198589.9976576427,1834255.0447333723,10
-1198126.684941115,1834255.0447333723,10
-1197663.3722245875,1834255.0447333723,10
-1197200.05950806,1834255.0447333723,10
-1196736.7467915327,1834255.0447333723,10
-1196273.4340750051,1834255.0447333723,10
-1195810.1213584775,1834255.0447333723,10
-1195346.8086419501,1834255.0447333723,10
-1194883.4959254225,1834255.0447333723,10
-1194420.1832088951,1834255.0447333723,10
-1193956.8704923675,1834255.0447333723,10
-1193493.5577758402,1834255.0447333723,10
-1193030.2450593126,1834255.0447333723,10
-1192566.9323427852,1834255.0447333723,10
-1192103.6196262576,1834255.0447333723,10
-1191640.3069097302,1834255.0447333723,10
-1191176.9941932026,1834255.0447333723,10
-1190713.6814766752,1834255.0447333723,10
-1190250.3687601476,1834255.0447333723,10
-1189787.0560436202,1834255.0447333723,10
-1189323.7433270926,1834255.0447333723,10
-1188860.430610565,1834255.0447333723,10
-1188397.1178940376,1834255.0447333723,10
-1187933.80517751,1834255.0447333723,10
-1187470.4924609826,1834255.0447333723,10
-1187007.179744455,1834255.0447333723,10
-1186543.8670279277,1834255.0447333723,10
-1186080.5543114,1834255.0447333723,10
-1185617.2415948727,1834255.0447333723,10
-1185153.928878345,1834255.0447333723,10
-1184690.6161618177,1834255.0447333723,10
-1184227.30344529,1834255.0447333723,10
-1183763.9907287627,1834255.0447333723,10
-1183300.678012235,1834255.0447333723,10
-1182837.3652957077,1834255.0447333723,10
-1182374.05257918,1834255.0447333723,10
-1181910.7398626525,1834255.0447333723,10
-1181447.4271461251,1834255.0447333723,10
-1180984.1144295975,1834255.0447333723,10
-1180520.8017130701,1834255.0447333723,10
-1180057.4889965425,1834255.0447333723,10
-1179594.1762800151,1834255.0447333723,10
-1179130.8635634875,1834255.0447333723,10
-1178667.5508469602,1834255.0447333723,10
-1178204.2381304326,1834255.0447333723,10
-1177740.9254139052,1834255.0447333723,10
-1177277.6126973776,1834255.0447333723,10
-1176814.2999808502,1834255.0447333723,10
-1176350.9872643226,1834255.0447333723,10
-1175887.6745477952,1834255.0447333723,10
-1175424.3618312676,1834255.0447333723,10
-1174961.04911474,1834255.0447333723,10
-1174497.7363982126,1834255.0447333723,10
-1174034.4236816852,1834255.0447333723,10
-1173571.1109651576,1834255.0447333723,10
-1173107.79824863,1834255.0447333723,10
-1172644.4855321026,1834255.0447333723,10
-1172181.172815575,1834255.0447333723,10
-1171717.8600990477,1834255.0447333723,10
-1171254.54738252,1834255.0447333723,10
-1170791.2346659927,1834255.0447333723,10
-1170327.921949465,1834255.0447333723,10
-1169864.6092329377,1834255.0447333723,10
-1169401.29651641,1834255.0447333723,10
-1168937.9837998827,1834255.0447333723,10
-1168474.671083355,1834255.0447333723,10
-1168011.3583668275,1834255.0447333723,10
-1167548.0456503,1834255.0447333723,10
-1167084.7329337727,1834255.0447333723,10
-1166621.4202172451,1834255.0447333723,10
-1166158.1075007175,1834255.0447333723,10
-1160598.3549023876,1834255.0447333723,10
-1156428.54045364,1834255.0447333723,10
-1155965.2277371127,1834255.0447333723,10
-1155501.915020585,1834255.0447333723,10
-1155038.6023040577,1834255.0447333723,10
-1154575.28958753,1834255.0447333723,10
-1154111.9768710027,1834255.0447333723,10
-1153648.664154475,1834255.0447333723,10
-1361212.761158795,1833791.7320168447,10
-1360749.4484422677,1833791.7320168447,10
-1360286.13572574,1833791.7320168447,10
-1359822.8230092125,1833791.7320168447,10
-1359359.5102926851,1833791.7320168447,10
-1358896.1975761575,1833791.7320168447,10
-1358432.8848596301,1833791.7320168447,10
-1357969.5721431025,1833791.7320168447,10
-1357506.2594265752,1833791.7320168447,10
-1357042.9467100475,1833791.7320168447,10
-1356579.6339935202,1833791.7320168447,10
-1356116.3212769926,1833791.7320168447,10
-1355653.0085604652,1833791.7320168447,10
-1355189.6958439376,1833791.7320168447,10
-1354726.3831274102,1833791.7320168447,10
-1354263.0704108826,1833791.7320168447,10
-1353799.7576943552,1833791.7320168447,10
-1353336.4449778276,1833791.7320168447,10
-1352873.1322613002,1833791.7320168447,10
-1352409.8195447726,1833791.7320168447,10
-1351946.506828245,1833791.7320168447,10
-1351483.1941117176,1833791.7320168447,16
-1351019.88139519,1833791.7320168447,16
-1350556.5686786626,1833791.7320168447,16
-1350093.255962135,1833791.7320168447,10
-1349629.9432456077,1833791.7320168447,16
-1349166.63052908,1833791.7320168447,16
-1348703.3178125527,1833791.7320168447,16
-1348240.005096025,1833791.7320168447,16
-1347776.6923794977,1833791.7320168447,16
-1347313.37966297,1833791.7320168447,16
-1346850.0669464427,1833791.7320168447,16
-1346386.754229915,1833791.7320168447,16
-1345923.4415133877,1833791.7320168447,16
-1345460.12879686,1833791.7320168447,16
-1344996.8160803327,1833791.7320168447,10
-1344533.5033638051,1833791.7320168447,10
-1344070.1906472775,1833791.7320168447,10
-1343606.8779307501,1833791.7320168447,10
-1343143.5652142225,1833791.7320168447,16
-1342680.2524976952,1833791.7320168447,16
-1342216.9397811675,1833791.7320168447,16
-1341753.6270646402,1833791.7320168447,10
-1341290.3143481126,1833791.7320168447,10
-1340827.0016315852,1833791.7320168447,16
-1340363.6889150576,1833791.7320168447,16
-1339900.3761985302,1833791.7320168447,16
-1339437.0634820026,1833791.7320168447,16
-1338973.7507654752,1833791.7320168447,16
-1338510.4380489476,1833791.7320168447,16
-1338047.1253324202,1833791.7320168447,16
-1337583.8126158926,1833791.7320168447,16
-1337120.499899365,1833791.7320168447,16
-1336657.1871828376,1833791.7320168447,16
-1336193.87446631,1833791.7320168447,16
-1335730.5617497826,1833791.7320168447,16
-1335267.249033255,1833791.7320168447,16
-1334803.9363167277,1833791.7320168447,16
-1334340.6236002,1833791.7320168447,16
-1333877.3108836727,1833791.7320168447,16
-1333413.998167145,1833791.7320168447,16
-1332950.6854506177,1833791.7320168447,16
-1332487.37273409,1833791.7320168447,16
-1332024.0600175627,1833791.7320168447,16
-1331560.747301035,1833791.7320168447,16
-1331097.4345845077,1833791.7320168447,16
-1330634.12186798,1833791.7320168447,16
-1330170.8091514525,1833791.7320168447,16
-1329707.4964349251,1833791.7320168447,16
-1329244.1837183975,1833791.7320168447,16
-1328780.8710018701,1833791.7320168447,16
-1328317.5582853425,1833791.7320168447,16
-1327854.2455688152,1833791.7320168447,16
-1327390.9328522875,1833791.7320168447,16
-1326927.6201357602,1833791.7320168447,16
-1326464.3074192326,1833791.7320168447,16
-1326000.9947027052,1833791.7320168447,16
-1325537.6819861776,1833791.7320168447,16
-1325074.3692696502,1833791.7320168447,16
-1324611.0565531226,1833791.7320168447,16
-1324147.7438365952,1833791.7320168447,16
-1323684.4311200676,1833791.7320168447,16
-1323221.11840354,1833791.7320168447,16
-1322757.8056870126,1833791.7320168447,16
-1322294.492970485,1833791.7320168447,10
-1321831.1802539576,1833791.7320168447,10
-1321367.86753743,1833791.7320168447,10
-1320904.5548209026,1833791.7320168447,10
-1320441.242104375,1833791.7320168447,10
-1319977.9293878477,1833791.7320168447,10
-1319514.61667132,1833791.7320168447,16
-1319051.3039547927,1833791.7320168447,16
-1318587.991238265,1833791.7320168447,16
-1318124.6785217377,1833791.7320168447,16
-1317661.36580521,1833791.7320168447,16
-1317198.0530886827,1833791.7320168447,16
-1316734.740372155,1833791.7320168447,10
-1316271.4276556277,1833791.7320168447,16
-1315808.1149391,1833791.7320168447,16
-1315344.8022225727,1833791.7320168447,16
-1314881.4895060451,1833791.7320168447,16
-1314418.1767895175,1833791.7320168447,16
-1313954.8640729901,1833791.7320168447,16
-1313491.5513564625,1833791.7320168447,16
-1313028.2386399352,1833791.7320168447,16
-1312564.9259234075,1833791.7320168447,16
-1312101.6132068802,1833791.7320168447,16
-1311638.3004903526,1833791.7320168447,16
-1311174.9877738252,1833791.7320168447,16
-1310711.6750572976,1833791.7320168447,16
-1310248.3623407702,1833791.7320168447,16
-1309785.0496242426,1833791.7320168447,10
-1309321.7369077152,1833791.7320168447,10
-1308858.4241911876,1833791.7320168447,10
-1308395.1114746602,1833791.7320168447,10
-1307931.7987581326,1833791.7320168447,16
-1307468.486041605,1833791.7320168447,16
-1307005.1733250776,1833791.7320168447,16
-1306541.86060855,1833791.7320168447,16
-1306078.5478920226,1833791.7320168447,16
-1305615.235175495,1833791.7320168447,16
-1305151.9224589677,1833791.7320168447,10
-1304688.60974244,1833791.7320168447,10
-1304225.2970259127,1833791.7320168447,10
-1303761.984309385,1833791.7320168447,10
-1303298.6715928577,1833791.7320168447,10
-1302835.35887633,1833791.7320168447,16
-1302372.0461598027,1833791.7320168447,16
-1301908.733443275,1833791.7320168447,16
-1301445.4207267477,1833791.7320168447,16
-1300982.10801022,1833791.7320168447,16
-1300518.7952936925,1833791.7320168447,16
-1300055.4825771651,1833791.7320168447,16
-1299592.1698606375,1833791.7320168447,16
-1299128.8571441101,1833791.7320168447,16
-1298665.5444275825,1833791.7320168447,16
-1298202.2317110552,1833791.7320168447,16
-1297738.9189945275,1833791.7320168447,16
-1297275.6062780002,1833791.7320168447,10
-1296812.2935614726,1833791.7320168447,10
-1296348.9808449452,1833791.7320168447,10
-1295885.6681284176,1833791.7320168447,10
-1295422.3554118902,1833791.7320168447,10
-1294959.0426953626,1833791.7320168447,10
-1294495.7299788352,1833791.7320168447,10
-1294032.4172623076,1833791.7320168447,10
-1293569.10454578,1833791.7320168447,10
-1293105.7918292526,1833791.7320168447,10
-1292642.479112725,1833791.7320168447,7
-1292179.1663961976,1833791.7320168447,7
-1291715.85367967,1833791.7320168447,7
-1291252.5409631426,1833791.7320168447,10
-1290789.228246615,1833791.7320168447,10
-1290325.9155300877,1833791.7320168447,10
-1289862.60281356,1833791.7320168447,16
-1289399.2900970327,1833791.7320168447,16
-1288935.977380505,1833791.7320168447,16
-1288472.6646639777,1833791.7320168447,10
-1288009.35194745,1833791.7320168447,16
-1287546.0392309227,1833791.7320168447,16
-1287082.726514395,1833791.7320168447,10
-1286619.4137978677,1833791.7320168447,16
-1286156.10108134,1833791.7320168447,10
-1285692.7883648127,1833791.7320168447,10
-1285229.4756482851,1833791.7320168447,10
-1284766.1629317575,1833791.7320168447,10
-1284302.8502152301,1833791.7320168447,10
-1283839.5374987025,1833791.7320168447,10
-1283376.2247821752,1833791.7320168447,10
-1282912.9120656475,1833791.7320168447,10
-1282449.5993491202,1833791.7320168447,10
-1281986.2866325926,1833791.7320168447,10
-1281522.9739160652,1833791.7320168447,10
-1281059.6611995376,1833791.7320168447,10
-1280596.3484830102,1833791.7320168447,10
-1280133.0357664826,1833791.7320168447,10
-1279669.7230499552,1833791.7320168447,10
-1279206.4103334276,1833791.7320168447,10
-1278743.0976169002,1833791.7320168447,10
-1278279.7849003726,1833791.7320168447,10
-1277816.472183845,1833791.7320168447,10
-1277353.1594673176,1833791.7320168447,10
-1276889.84675079,1833791.7320168447,10
-1276426.5340342626,1833791.7320168447,10
-1275963.221317735,1833791.7320168447,10
-1275499.9086012077,1833791.7320168447,10
-1275036.59588468,1833791.7320168447,10
-1274573.2831681527,1833791.7320168447,10
-1274109.970451625,1833791.7320168447,10
-1273646.6577350977,1833791.7320168447,10
-1273183.34501857,1833791.7320168447,10
-1272720.0323020427,1833791.7320168447,10
-1272256.719585515,1833791.7320168447,10
-1271793.4068689877,1833791.7320168447,10
-1271330.09415246,1833791.7320168447,10
-1270866.7814359325,1833791.7320168447,10
-1270403.4687194051,1833791.7320168447,10
-1269940.1560028775,1833791.7320168447,10
-1269476.8432863501,1833791.7320168447,10
-1269013.5305698225,1833791.7320168447,10
-1268550.2178532952,1833791.7320168447,10
-1268086.9051367675,1833791.7320168447,10
-1267623.5924202402,1833791.7320168447,10
-1267160.2797037126,1833791.7320168447,10
-1266696.9669871852,1833791.7320168447,10
-1266233.6542706576,1833791.7320168447,10
-1265770.3415541302,1833791.7320168447,10
-1265307.0288376026,1833791.7320168447,10
-1264843.7161210752,1833791.7320168447,10
-1264380.4034045476,1833791.7320168447,10
-1263917.09068802,1833791.7320168447,10
-1263453.7779714926,1833791.7320168447,10
-1262990.465254965,1833791.7320168447,10
-1262527.1525384376,1833791.7320168447,10
-1262063.83982191,1833791.7320168447,10
-1261600.5271053826,1833791.7320168447,10
-1261137.214388855,1833791.7320168447,10
-1260673.9016723277,1833791.7320168447,10
-1260210.5889558,1833791.7320168447,10
-1259747.2762392727,1833791.7320168447,10
-1259283.963522745,1833791.7320168447,10
-1258820.6508062177,1833791.7320168447,10
-1258357.33808969,1833791.7320168447,10
-1257894.0253731627,1833791.7320168447,10
-1257430.712656635,1833791.7320168447,10
-1256967.3999401077,1833791.7320168447,10
-1256504.08722358,1833791.7320168447,10
-1256040.7745070527,1833791.7320168447,10
-1255577.4617905251,1833791.7320168447,10
-1255114.1490739975,1833791.7320168447,10
-1254650.8363574701,1833791.7320168447,10
-1254187.5236409425,1833791.7320168447,10
-1253724.2109244152,1833791.7320168447,10
-1253260.8982078875,1833791.7320168447,10
-1252797.5854913602,1833791.7320168447,10
-1252334.2727748326,1833791.7320168447,10
-1251870.9600583052,1833791.7320168447,10
-1251407.6473417776,1833791.7320168447,10
-1250944.3346252502,1833791.7320168447,10
-1250481.0219087226,1833791.7320168447,10
-1250017.7091921952,1833791.7320168447,10
-1249554.3964756676,1833791.7320168447,10
-1249091.0837591402,1833791.7320168447,10
-1248627.7710426126,1833791.7320168447,10
-1248164.458326085,1833791.7320168447,10
-1247701.1456095576,1833791.7320168447,10
-1247237.83289303,1833791.7320168447,10
-1246774.5201765026,1833791.7320168447,10
-1246311.207459975,1833791.7320168447,10
-1245847.8947434477,1833791.7320168447,10
-1245384.58202692,1833791.7320168447,10
-1244921.2693103927,1833791.7320168447,10
-1244457.956593865,1833791.7320168447,10
-1243994.6438773377,1833791.7320168447,10
-1243531.33116081,1833791.7320168447,10
-1243068.0184442827,1833791.7320168447,10
-1242604.705727755,1833791.7320168447,10
-1242141.3930112277,1833791.7320168447,10
-1241678.0802947,1833791.7320168447,10
-1241214.7675781725,1833791.7320168447,10
-1240751.4548616451,1833791.7320168447,10
-1240288.1421451175,1833791.7320168447,10
-1239824.8294285901,1833791.7320168447,10
-1239361.5167120625,1833791.7320168447,10
-1238898.2039955352,1833791.7320168447,10
-1238434.8912790075,1833791.7320168447,10
-1237971.5785624802,1833791.7320168447,10
-1237508.2658459526,1833791.7320168447,10
-1237044.9531294252,1833791.7320168447,10
-1236581.6404128976,1833791.7320168447,10
-1236118.3276963702,1833791.7320168447,10
-1235655.0149798426,1833791.7320168447,10
-1235191.7022633152,1833791.7320168447,10
-1234728.3895467876,1833791.7320168447,10
-1234265.07683026,1833791.7320168447,10
-1233801.7641137326,1833791.7320168447,10
-1233338.4513972052,1833791.7320168447,10
-1232875.1386806776,1833791.7320168447,10
-1232411.82596415,1833791.7320168447,10
-1231948.5132476226,1833791.7320168447,10
-1231485.200531095,1833791.7320168447,10
-1231021.8878145677,1833791.7320168447,10
-1230558.57509804,1833791.7320168447,10
-1230095.2623815127,1833791.7320168447,10
-1229631.949664985,1833791.7320168447,10
-1229168.6369484577,1833791.7320168447,10
-1228705.32423193,1833791.7320168447,10
-1228242.0115154027,1833791.7320168447,10
-1227778.698798875,1833791.7320168447,10
-1227315.3860823475,1833791.7320168447,10
-1226852.07336582,1833791.7320168447,10
-1226388.7606492927,1833791.7320168447,10
-1225925.4479327651,1833791.7320168447,10
-1225462.1352162375,1833791.7320168447,10
-1224998.8224997101,1833791.7320168447,10
-1224535.5097831825,1833791.7320168447,10
-1224072.1970666551,1833791.7320168447,10
-1223608.8843501275,1833791.7320168447,10
-1223145.5716336002,1833791.7320168447,10
-1222682.2589170726,1833791.7320168447,10
-1222218.9462005452,1833791.7320168447,10
-1221755.6334840176,1833791.7320168447,10
-1221292.3207674902,1833791.7320168447,10
-1220829.0080509626,1833791.7320168447,10
-1220365.6953344352,1833791.7320168447,10
-1219902.3826179076,1833791.7320168447,10
-1219439.0699013802,1833791.7320168447,10
-1218975.7571848526,1833791.7320168447,10
-1218512.444468325,1833791.7320168447,10
-1218049.1317517976,1833791.7320168447,10
-1217585.81903527,1833791.7320168447,10
-1217122.5063187426,1833791.7320168447,10
-1216659.193602215,1833791.7320168447,10
-1216195.8808856877,1833791.7320168447,10
-1215732.56816916,1833791.7320168447,10
-1215269.2554526327,1833791.7320168447,10
-1214805.942736105,1833791.7320168447,10
-1214342.6300195777,1833791.7320168447,10
-1213879.31730305,1833791.7320168447,10
-1213416.0045865227,1833791.7320168447,10
-1212952.691869995,1833791.7320168447,10
-1212489.3791534677,1833791.7320168447,10
-1212026.06643694,1833791.7320168447,10
-1211562.7537204125,1833791.7320168447,10
-1211099.4410038851,1833791.7320168447,10
-1210636.1282873575,1833791.7320168447,10
-1210172.8155708301,1833791.7320168447,10
-1209709.5028543025,1833791.7320168447,10
-1209246.1901377751,1833791.7320168447,10
-1208782.8774212475,1833791.7320168447,10
-1208319.5647047202,1833791.7320168447,10
-1207856.2519881926,1833791.7320168447,10
-1207392.9392716652,1833791.7320168447,10
-1206929.6265551376,1833791.7320168447,10
-1206466.3138386102,1833791.7320168447,10
-1206003.0011220826,1833791.7320168447,10
-1205539.6884055552,1833791.7320168447,10
-1205076.3756890276,1833791.7320168447,10
-1204613.0629725,1833791.7320168447,10
-1204149.7502559726,1833791.7320168447,10
-1203686.4375394452,1833791.7320168447,10
-1203223.1248229176,1833791.7320168447,10
-1202759.81210639,1833791.7320168447,10
-1202296.4993898626,1833791.7320168447,10
-1201833.186673335,1833791.7320168447,10
-1201369.8739568077,1833791.7320168447,10
-1200906.56124028,1833791.7320168447,10
-1200443.2485237527,1833791.7320168447,10
-1199979.935807225,1833791.7320168447,10
-1199516.6230906977,1833791.7320168447,10
-1199053.31037417,1833791.7320168447,10
-1198589.9976576427,1833791.7320168447,10
-1198126.684941115,1833791.7320168447,10
-1197663.3722245875,1833791.7320168447,10
-1197200.05950806,1833791.7320168447,10
-1196736.7467915327,1833791.7320168447,10
-1196273.4340750051,1833791.7320168447,10
-1195810.1213584775,1833791.7320168447,10
-1195346.8086419501,1833791.7320168447,10
-1194883.4959254225,1833791.7320168447,10
-1194420.1832088951,1833791.7320168447,10
-1193956.8704923675,1833791.7320168447,10
-1193493.5577758402,1833791.7320168447,10
-1193030.2450593126,1833791.7320168447,10
-1192566.9323427852,1833791.7320168447,10
-1192103.6196262576,1833791.7320168447,10
-1191640.3069097302,1833791.7320168447,10
-1191176.9941932026,1833791.7320168447,10
-1190713.6814766752,1833791.7320168447,10
-1190250.3687601476,1833791.7320168447,10
-1189787.0560436202,1833791.7320168447,10
-1189323.7433270926,1833791.7320168447,10
-1188860.430610565,1833791.7320168447,10
-1188397.1178940376,1833791.7320168447,10
-1187933.80517751,1833791.7320168447,10
-1187470.4924609826,1833791.7320168447,10
-1187007.179744455,1833791.7320168447,10
-1186543.8670279277,1833791.7320168447,10
-1186080.5543114,1833791.7320168447,10
-1185617.2415948727,1833791.7320168447,10
-1185153.928878345,1833791.7320168447,10
-1184690.6161618177,1833791.7320168447,10
-1184227.30344529,1833791.7320168447,10
-1183763.9907287627,1833791.7320168447,10
-1183300.678012235,1833791.7320168447,10
-1182837.3652957077,1833791.7320168447,10
-1182374.05257918,1833791.7320168447,10
-1181910.7398626525,1833791.7320168447,10
-1181447.4271461251,1833791.7320168447,10
-1180984.1144295975,1833791.7320168447,10
-1180520.8017130701,1833791.7320168447,10
-1180057.4889965425,1833791.7320168447,10
-1179594.1762800151,1833791.7320168447,10
-1179130.8635634875,1833791.7320168447,10
-1178667.5508469602,1833791.7320168447,10
-1178204.2381304326,1833791.7320168447,10
-1177740.9254139052,1833791.7320168447,10
-1177277.6126973776,1833791.7320168447,10
-1176814.2999808502,1833791.7320168447,10
-1176350.9872643226,1833791.7320168447,10
-1175887.6745477952,1833791.7320168447,10
-1175424.3618312676,1833791.7320168447,10
-1174961.04911474,1833791.7320168447,10
-1174497.7363982126,1833791.7320168447,10
-1174034.4236816852,1833791.7320168447,10
-1173571.1109651576,1833791.7320168447,10
-1173107.79824863,1833791.7320168447,10
-1172644.4855321026,1833791.7320168447,10
-1172181.172815575,1833791.7320168447,10
-1171717.8600990477,1833791.7320168447,10
-1171254.54738252,1833791.7320168447,10
-1170791.2346659927,1833791.7320168447,10
-1170327.921949465,1833791.7320168447,10
-1169864.6092329377,1833791.7320168447,10
-1169401.29651641,1833791.7320168447,10
-1168937.9837998827,1833791.7320168447,10
-1168474.671083355,1833791.7320168447,10
-1168011.3583668275,1833791.7320168447,10
-1167548.0456503,1833791.7320168447,10
-1167084.7329337727,1833791.7320168447,10
-1166621.4202172451,1833791.7320168447,10
-1155501.915020585,1833791.7320168447,10
-1155038.6023040577,1833791.7320168447,10
-1154575.28958753,1833791.7320168447,10
-1360749.4484422677,1833328.4193003173,10
-1360286.13572574,1833328.4193003173,10
-1359822.8230092125,1833328.4193003173,10
-1359359.5102926851,1833328.4193003173,10
-1358896.1975761575,1833328.4193003173,10
-1358432.8848596301,1833328.4193003173,10
-1357969.5721431025,1833328.4193003173,10
-1357506.2594265752,1833328.4193003173,10
-1357042.9467100475,1833328.4193003173,10
-1356579.6339935202,1833328.4193003173,10
-1356116.3212769926,1833328.4193003173,10
-1355653.0085604652,1833328.4193003173,10
-1355189.6958439376,1833328.4193003173,10
-1354726.3831274102,1833328.4193003173,10
-1354263.0704108826,1833328.4193003173,10
-1353799.7576943552,1833328.4193003173,10
-1353336.4449778276,1833328.4193003173,10
-1352873.1322613002,1833328.4193003173,10
-1352409.8195447726,1833328.4193003173,10
-1351946.506828245,1833328.4193003173,10
-1351483.1941117176,1833328.4193003173,16
-1351019.88139519,1833328.4193003173,10
-1350556.5686786626,1833328.4193003173,10
-1349166.63052908,1833328.4193003173,16
-1348703.3178125527,1833328.4193003173,10
-1348240.005096025,1833328.4193003173,10
-1347776.6923794977,1833328.4193003173,16
-1347313.37966297,1833328.4193003173,16
-1346850.0669464427,1833328.4193003173,16
-1346386.754229915,1833328.4193003173,16
-1345923.4415133877,1833328.4193003173,16
-1345460.12879686,1833328.4193003173,16
-1344996.8160803327,1833328.4193003173,10
-1344533.5033638051,1833328.4193003173,10
-1344070.1906472775,1833328.4193003173,10
-1343606.8779307501,1833328.4193003173,16
-1343143.5652142225,1833328.4193003173,16
-1342680.2524976952,1833328.4193003173,10
-1342216.9397811675,1833328.4193003173,10
-1341753.6270646402,1833328.4193003173,10
-1341290.3143481126,1833328.4193003173,10
-1340827.0016315852,1833328.4193003173,16
-1340363.6889150576,1833328.4193003173,16
-1339900.3761985302,1833328.4193003173,16
-1339437.0634820026,1833328.4193003173,16
-1338973.7507654752,1833328.4193003173,16
-1338510.4380489476,1833328.4193003173,16
-1338047.1253324202,1833328.4193003173,16
-1337583.8126158926,1833328.4193003173,16
-1337120.499899365,1833328.4193003173,16
-1336657.1871828376,1833328.4193003173,16
-1336193.87446631,1833328.4193003173,16
-1335730.5617497826,1833328.4193003173,16
-1335267.249033255,1833328.4193003173,16
-1334803.9363167277,1833328.4193003173,16
-1334340.6236002,1833328.4193003173,16
-1333877.3108836727,1833328.4193003173,16
-1333413.998167145,1833328.4193003173,16
-1332950.6854506177,1833328.4193003173,16
-1332487.37273409,1833328.4193003173,16
-1332024.0600175627,1833328.4193003173,16
-1331560.747301035,1833328.4193003173,16
-1331097.4345845077,1833328.4193003173,16
-1330634.12186798,1833328.4193003173,16
-1330170.8091514525,1833328.4193003173,16
-1329707.4964349251,1833328.4193003173,16
-1329244.1837183975,1833328.4193003173,16
-1328780.8710018701,1833328.4193003173,16
-1328317.5582853425,1833328.4193003173,16
-1327854.2455688152,1833328.4193003173,16
-1327390.9328522875,1833328.4193003173,16
-1326927.6201357602,1833328.4193003173,16
-1326464.3074192326,1833328.4193003173,16
-1326000.9947027052,1833328.4193003173,16
-1325537.6819861776,1833328.4193003173,16
-1325074.3692696502,1833328.4193003173,16
-1324611.0565531226,1833328.4193003173,16
-1324147.7438365952,1833328.4193003173,16
-1323684.4311200676,1833328.4193003173,16
-1323221.11840354,1833328.4193003173,16
-1322757.8056870126,1833328.4193003173,16
-1322294.492970485,1833328.4193003173,10
-1321831.1802539576,1833328.4193003173,10
-1321367.86753743,1833328.4193003173,10
-1320904.5548209026,1833328.4193003173,10
-1320441.242104375,1833328.4193003173,10
-1319977.9293878477,1833328.4193003173,10
-1319514.61667132,1833328.4193003173,16
-1319051.3039547927,1833328.4193003173,16
-1318587.991238265,1833328.4193003173,16
-1318124.6785217377,1833328.4193003173,16
-1317661.36580521,1833328.4193003173,16
-1317198.0530886827,1833328.4193003173,16
-1316734.740372155,1833328.4193003173,16
-1316271.4276556277,1833328.4193003173,16
-1315808.1149391,1833328.4193003173,16
-1315344.8022225727,1833328.4193003173,16
-1314881.4895060451,1833328.4193003173,16
-1314418.1767895175,1833328.4193003173,16
-1313954.8640729901,1833328.4193003173,16
-1313491.5513564625,1833328.4193003173,16
-1313028.2386399352,1833328.4193003173,16
-1312564.9259234075,1833328.4193003173,16
-1312101.6132068802,1833328.4193003173,16
-1311638.3004903526,1833328.4193003173,16
-1311174.9877738252,1833328.4193003173,16
-1310711.6750572976,1833328.4193003173,16
-1310248.3623407702,1833328.4193003173,16
-1309785.0496242426,1833328.4193003173,16
-1309321.7369077152,1833328.4193003173,16
-1308858.4241911876,1833328.4193003173,10
-1308395.1114746602,1833328.4193003173,10
-1307931.7987581326,1833328.4193003173,16
-1307468.486041605,1833328.4193003173,16
-1307005.1733250776,1833328.4193003173,16
-1306541.86060855,1833328.4193003173,16
-1306078.5478920226,1833328.4193003173,16
-1305615.235175495,1833328.4193003173,16
-1305151.9224589677,1833328.4193003173,16
-1304688.60974244,1833328.4193003173,10
-1304225.2970259127,1833328.4193003173,10
-1303761.984309385,1833328.4193003173,10
-1303298.6715928577,1833328.4193003173,10
-1302835.35887633,1833328.4193003173,10
-1302372.0461598027,1833328.4193003173,10
-1301908.733443275,1833328.4193003173,10
-1301445.4207267477,1833328.4193003173,16
-1300982.10801022,1833328.4193003173,16
-1300518.7952936925,1833328.4193003173,16
-1300055.4825771651,1833328.4193003173,16
-1299592.1698606375,1833328.4193003173,16
-1299128.8571441101,1833328.4193003173,16
-1298665.5444275825,1833328.4193003173,16
-1298202.2317110552,1833328.4193003173,10
-1297738.9189945275,1833328.4193003173,10
-1297275.6062780002,1833328.4193003173,10
-1296812.2935614726,1833328.4193003173,10
-1296348.9808449452,1833328.4193003173,10
-1295885.6681284176,1833328.4193003173,10
-1295422.3554118902,1833328.4193003173,10
-1294959.0426953626,1833328.4193003173,10
-1294495.7299788352,1833328.4193003173,7
-1294032.4172623076,1833328.4193003173,10
-1293569.10454578,1833328.4193003173,10
-1293105.7918292526,1833328.4193003173,10
-1292642.479112725,1833328.4193003173,10
-1292179.1663961976,1833328.4193003173,10
-1291715.85367967,1833328.4193003173,10
-1291252.5409631426,1833328.4193003173,10
-1290789.228246615,1833328.4193003173,10
-1290325.9155300877,1833328.4193003173,10
-1289862.60281356,1833328.4193003173,16
-1289399.2900970327,1833328.4193003173,16
-1288935.977380505,1833328.4193003173,16
-1288472.6646639777,1833328.4193003173,16
-1288009.35194745,1833328.4193003173,16
-1287546.0392309227,1833328.4193003173,16
-1287082.726514395,1833328.4193003173,16
-1286619.4137978677,1833328.4193003173,10
-1286156.10108134,1833328.4193003173,10
-1285692.7883648127,1833328.4193003173,10
-1285229.4756482851,1833328.4193003173,10
-1284766.1629317575,1833328.4193003173,10
-1284302.8502152301,1833328.4193003173,10
-1283839.5374987025,1833328.4193003173,10
-1283376.2247821752,1833328.4193003173,10
-1282912.9120656475,1833328.4193003173,10
-1282449.5993491202,1833328.4193003173,10
-1281986.2866325926,1833328.4193003173,10
-1281522.9739160652,1833328.4193003173,10
-1281059.6611995376,1833328.4193003173,10
-1280596.3484830102,1833328.4193003173,10
-1280133.0357664826,1833328.4193003173,10
-1279669.7230499552,1833328.4193003173,10
-1279206.4103334276,1833328.4193003173,10
-1278743.0976169002,1833328.4193003173,10
-1278279.7849003726,1833328.4193003173,10
-1277816.472183845,1833328.4193003173,10
-1277353.1594673176,1833328.4193003173,10
-1276889.84675079,1833328.4193003173,10
-1276426.5340342626,1833328.4193003173,10
-1275963.221317735,1833328.4193003173,10
-1275499.9086012077,1833328.4193003173,10
-1275036.59588468,1833328.4193003173,10
-1274573.2831681527,1833328.4193003173,10
-1274109.970451625,1833328.4193003173,10
-1273646.6577350977,1833328.4193003173,10
-1273183.34501857,1833328.4193003173,10
-1272720.0323020427,1833328.4193003173,10
-1272256.719585515,1833328.4193003173,10
-1271793.4068689877,1833328.4193003173,10
-1271330.09415246,1833328.4193003173,10
-1270866.7814359325,1833328.4193003173,10
-1270403.4687194051,1833328.4193003173,10
-1269940.1560028775,1833328.4193003173,10
-1269476.8432863501,1833328.4193003173,10
-1269013.5305698225,1833328.4193003173,10
-1268550.2178532952,1833328.4193003173,10
-1268086.9051367675,1833328.4193003173,10
-1267623.5924202402,1833328.4193003173,10
-1267160.2797037126,1833328.4193003173,10
-1266696.9669871852,1833328.4193003173,10
-1266233.6542706576,1833328.4193003173,10
-1265770.3415541302,1833328.4193003173,10
-1265307.0288376026,1833328.4193003173,10
-1264843.7161210752,1833328.4193003173,10
-1264380.4034045476,1833328.4193003173,10
-1263917.09068802,1833328.4193003173,10
-1263453.7779714926,1833328.4193003173,10
-1262990.465254965,1833328.4193003173,10
-1262527.1525384376,1833328.4193003173,10
-1262063.83982191,1833328.4193003173,10
-1261600.5271053826,1833328.4193003173,10
-1261137.214388855,1833328.4193003173,10
-1260673.9016723277,1833328.4193003173,10
-1260210.5889558,1833328.4193003173,10
-1259747.2762392727,1833328.4193003173,10
-1259283.963522745,1833328.4193003173,10
-1258820.6508062177,1833328.4193003173,10
-1258357.33808969,1833328.4193003173,10
-1257894.0253731627,1833328.4193003173,10
-1257430.712656635,1833328.4193003173,10
-1256967.3999401077,1833328.4193003173,10
-1256504.08722358,1833328.4193003173,10
-1256040.7745070527,1833328.4193003173,7
-1255577.4617905251,1833328.4193003173,10
-1255114.1490739975,1833328.4193003173,10
-1254650.8363574701,1833328.4193003173,10
-1254187.5236409425,1833328.4193003173,10
-1253724.2109244152,1833328.4193003173,10
-1253260.8982078875,1833328.4193003173,10
-1252797.5854913602,1833328.4193003173,10
-1252334.2727748326,1833328.4193003173,10
-1251870.9600583052,1833328.4193003173,10
-1251407.6473417776,1833328.4193003173,10
-1250944.3346252502,1833328.4193003173,10
-1250481.0219087226,1833328.4193003173,10
-1250017.7091921952,1833328.4193003173,10
-1249554.3964756676,1833328.4193003173,10
-1249091.0837591402,1833328.4193003173,10
-1248627.7710426126,1833328.4193003173,10
-1248164.458326085,1833328.4193003173,10
-1247701.1456095576,1833328.4193003173,10
-1247237.83289303,1833328.4193003173,10
-1246774.5201765026,1833328.4193003173,10
-1246311.207459975,1833328.4193003173,10
-1245847.8947434477,1833328.4193003173,10
-1245384.58202692,1833328.4193003173,10
-1244921.2693103927,1833328.4193003173,10
-1244457.956593865,1833328.4193003173,10
-1243994.6438773377,1833328.4193003173,10
-1243531.33116081,1833328.4193003173,10
-1243068.0184442827,1833328.4193003173,10
-1242604.705727755,1833328.4193003173,10
-1242141.3930112277,1833328.4193003173,10
-1241678.0802947,1833328.4193003173,10
-1241214.7675781725,1833328.4193003173,10
-1240751.4548616451,1833328.4193003173,10
-1240288.1421451175,1833328.4193003173,10
-1239824.8294285901,1833328.4193003173,10
-1239361.5167120625,1833328.4193003173,10
-1238898.2039955352,1833328.4193003173,10
-1238434.8912790075,1833328.4193003173,10
-1237971.5785624802,1833328.4193003173,10
-1237508.2658459526,1833328.4193003173,10
-1237044.9531294252,1833328.4193003173,10
-1236581.6404128976,1833328.4193003173,10
-1236118.3276963702,1833328.4193003173,10
-1235655.0149798426,1833328.4193003173,10
-1235191.7022633152,1833328.4193003173,10
-1234728.3895467876,1833328.4193003173,10
-1234265.07683026,1833328.4193003173,10
-1233801.7641137326,1833328.4193003173,10
-1233338.4513972052,1833328.4193003173,10
-1232875.1386806776,1833328.4193003173,10
-1232411.82596415,1833328.4193003173,10
-1231948.5132476226,1833328.4193003173,10
-1231485.200531095,1833328.4193003173,10
-1231021.8878145677,1833328.4193003173,10
-1230558.57509804,1833328.4193003173,10
-1230095.2623815127,1833328.4193003173,10
-1229631.949664985,1833328.4193003173,10
-1229168.6369484577,1833328.4193003173,10
-1228705.32423193,1833328.4193003173,10
-1228242.0115154027,1833328.4193003173,10
-1227778.698798875,1833328.4193003173,10
-1227315.3860823475,1833328.4193003173,10
-1226852.07336582,1833328.4193003173,10
-1226388.7606492927,1833328.4193003173,10
-1225925.4479327651,1833328.4193003173,10
-1225462.1352162375,1833328.4193003173,10
-1224998.8224997101,1833328.4193003173,10
-1224535.5097831825,1833328.4193003173,10
-1224072.1970666551,1833328.4193003173,10
-1223608.8843501275,1833328.4193003173,10
-1223145.5716336002,1833328.4193003173,10
-1222682.2589170726,1833328.4193003173,10
-1222218.9462005452,1833328.4193003173,10
-1221755.6334840176,1833328.4193003173,10
-1221292.3207674902,1833328.4193003173,10
-1220829.0080509626,1833328.4193003173,10
-1220365.6953344352,1833328.4193003173,10
-1219902.3826179076,1833328.4193003173,10
-1219439.0699013802,1833328.4193003173,10
-1218975.7571848526,1833328.4193003173,10
-1218512.444468325,1833328.4193003173,10
-1218049.1317517976,1833328.4193003173,10
-1217585.81903527,1833328.4193003173,10
-1217122.5063187426,1833328.4193003173,10
-1216659.193602215,1833328.4193003173,10
-1216195.8808856877,1833328.4193003173,10
-1215732.56816916,1833328.4193003173,10
-1215269.2554526327,1833328.4193003173,10
-1214805.942736105,1833328.4193003173,10
-1214342.6300195777,1833328.4193003173,10
-1213879.31730305,1833328.4193003173,10
-1213416.0045865227,1833328.4193003173,10
-1212952.691869995,1833328.4193003173,10
-1212489.3791534677,1833328.4193003173,10
-1212026.06643694,1833328.4193003173,10
-1211562.7537204125,1833328.4193003173,10
-1211099.4410038851,1833328.4193003173,10
-1210636.1282873575,1833328.4193003173,10
-1210172.8155708301,1833328.4193003173,10
-1209709.5028543025,1833328.4193003173,10
-1209246.1901377751,1833328.4193003173,10
-1208782.8774212475,1833328.4193003173,10
-1208319.5647047202,1833328.4193003173,10
-1207856.2519881926,1833328.4193003173,10
-1207392.9392716652,1833328.4193003173,10
-1206929.6265551376,1833328.4193003173,10
-1206466.3138386102,1833328.4193003173,10
-1206003.0011220826,1833328.4193003173,10
-1205539.6884055552,1833328.4193003173,10
-1205076.3756890276,1833328.4193003173,10
-1204613.0629725,1833328.4193003173,10
-1204149.7502559726,1833328.4193003173,10
-1203686.4375394452,1833328.4193003173,10
-1203223.1248229176,1833328.4193003173,10
-1202759.81210639,1833328.4193003173,10
-1202296.4993898626,1833328.4193003173,10
-1201833.186673335,1833328.4193003173,10
-1201369.8739568077,1833328.4193003173,10
-1200906.56124028,1833328.4193003173,10
-1200443.2485237527,1833328.4193003173,10
-1199979.935807225,1833328.4193003173,10
-1199516.6230906977,1833328.4193003173,10
-1199053.31037417,1833328.4193003173,10
-1198589.9976576427,1833328.4193003173,10
-1198126.684941115,1833328.4193003173,10
-1197663.3722245875,1833328.4193003173,10
-1197200.05950806,1833328.4193003173,10
-1196736.7467915327,1833328.4193003173,10
-1196273.4340750051,1833328.4193003173,10
-1195810.1213584775,1833328.4193003173,10
-1195346.8086419501,1833328.4193003173,10
-1194883.4959254225,1833328.4193003173,10
-1194420.1832088951,1833328.4193003173,10
-1193956.8704923675,1833328.4193003173,10
-1193493.5577758402,1833328.4193003173,10
-1193030.2450593126,1833328.4193003173,10
-1192566.9323427852,1833328.4193003173,10
-1192103.6196262576,1833328.4193003173,10
-1191640.3069097302,1833328.4193003173,10
-1191176.9941932026,1833328.4193003173,10
-1190713.6814766752,1833328.4193003173,10
-1190250.3687601476,1833328.4193003173,10
-1189787.0560436202,1833328.4193003173,10
-1189323.7433270926,1833328.4193003173,10
-1188860.430610565,1833328.4193003173,10
-1188397.1178940376,1833328.4193003173,10
-1187933.80517751,1833328.4193003173,10
-1187470.4924609826,1833328.4193003173,10
-1187007.179744455,1833328.4193003173,10
-1186543.8670279277,1833328.4193003173,10
-1186080.5543114,1833328.4193003173,10
-1185617.2415948727,1833328.4193003173,10
-1185153.928878345,1833328.4193003173,10
-1184690.6161618177,1833328.4193003173,10
-1184227.30344529,1833328.4193003173,10
-1183763.9907287627,1833328.4193003173,10
-1183300.678012235,1833328.4193003173,10
-1182837.3652957077,1833328.4193003173,10
-1182374.05257918,1833328.4193003173,10
-1181910.7398626525,1833328.4193003173,10
-1181447.4271461251,1833328.4193003173,10
-1180984.1144295975,1833328.4193003173,10
-1180520.8017130701,1833328.4193003173,10
-1180057.4889965425,1833328.4193003173,10
-1179594.1762800151,1833328.4193003173,10
-1179130.8635634875,1833328.4193003173,10
-1178667.5508469602,1833328.4193003173,10
-1178204.2381304326,1833328.4193003173,10
-1177740.9254139052,1833328.4193003173,10
-1177277.6126973776,1833328.4193003173,10
-1176814.2999808502,1833328.4193003173,10
-1176350.9872643226,1833328.4193003173,10
-1175887.6745477952,1833328.4193003173,10
-1175424.3618312676,1833328.4193003173,10
-1174961.04911474,1833328.4193003173,10
-1174497.7363982126,1833328.4193003173,10
-1174034.4236816852,1833328.4193003173,10
-1173571.1109651576,1833328.4193003173,10
-1173107.79824863,1833328.4193003173,10
-1172644.4855321026,1833328.4193003173,10
-1172181.172815575,1833328.4193003173,10
-1171717.8600990477,1833328.4193003173,10
-1171254.54738252,1833328.4193003173,10
-1170791.2346659927,1833328.4193003173,10
-1170327.921949465,1833328.4193003173,10
-1169864.6092329377,1833328.4193003173,10
-1169401.29651641,1833328.4193003173,10
-1168937.9837998827,1833328.4193003173,10
-1168474.671083355,1833328.4193003173,10
-1168011.3583668275,1833328.4193003173,10
-1167548.0456503,1833328.4193003173,10
-1167084.7329337727,1833328.4193003173,10
-1360749.4484422677,1832865.1065837897,10
-1360286.13572574,1832865.1065837897,10
-1359822.8230092125,1832865.1065837897,10
-1359359.5102926851,1832865.1065837897,10
-1358896.1975761575,1832865.1065837897,10
-1358432.8848596301,1832865.1065837897,10
-1357969.5721431025,1832865.1065837897,10
-1357506.2594265752,1832865.1065837897,10
-1357042.9467100475,1832865.1065837897,10
-1356579.6339935202,1832865.1065837897,10
-1356116.3212769926,1832865.1065837897,10
-1355653.0085604652,1832865.1065837897,10
-1355189.6958439376,1832865.1065837897,10
-1354726.3831274102,1832865.1065837897,10
-1354263.0704108826,1832865.1065837897,10
-1353799.7576943552,1832865.1065837897,10
-1353336.4449778276,1832865.1065837897,10
-1352873.1322613002,1832865.1065837897,10
-1352409.8195447726,1832865.1065837897,10
-1351946.506828245,1832865.1065837897,16
-1351483.1941117176,1832865.1065837897,10
-1346850.0669464427,1832865.1065837897,16
-1346386.754229915,1832865.1065837897,16
-1345923.4415133877,1832865.1065837897,16
-1345460.12879686,1832865.1065837897,10
-1344996.8160803327,1832865.1065837897,10
-1344533.5033638051,1832865.1065837897,10
-1344070.1906472775,1832865.1065837897,10
-1343606.8779307501,1832865.1065837897,10
-1343143.5652142225,1832865.1065837897,10
-1342680.2524976952,1832865.1065837897,10
-1342216.9397811675,1832865.1065837897,10
-1341753.6270646402,1832865.1065837897,10
-1341290.3143481126,1832865.1065837897,10
-1340827.0016315852,1832865.1065837897,10
-1340363.6889150576,1832865.1065837897,16
-1339900.3761985302,1832865.1065837897,16
-1339437.0634820026,1832865.1065837897,16
-1338973.7507654752,1832865.1065837897,16
-1338510.4380489476,1832865.1065837897,16
-1338047.1253324202,1832865.1065837897,16
-1337583.8126158926,1832865.1065837897,16
-1337120.499899365,1832865.1065837897,16
-1336657.1871828376,1832865.1065837897,16
-1336193.87446631,1832865.1065837897,16
-1335730.5617497826,1832865.1065837897,16
-1335267.249033255,1832865.1065837897,16
-1334803.9363167277,1832865.1065837897,16
-1334340.6236002,1832865.1065837897,16
-1333877.3108836727,1832865.1065837897,16
-1333413.998167145,1832865.1065837897,16
-1332950.6854506177,1832865.1065837897,16
-1332487.37273409,1832865.1065837897,16
-1332024.0600175627,1832865.1065837897,16
-1331560.747301035,1832865.1065837897,16
-1331097.4345845077,1832865.1065837897,16
-1330634.12186798,1832865.1065837897,16
-1330170.8091514525,1832865.1065837897,10
-1329707.4964349251,1832865.1065837897,16
-1329244.1837183975,1832865.1065837897,16
-1328780.8710018701,1832865.1065837897,16
-1328317.5582853425,1832865.1065837897,16
-1327854.2455688152,1832865.1065837897,16
-1327390.9328522875,1832865.1065837897,16
-1326927.6201357602,1832865.1065837897,16
-1326464.3074192326,1832865.1065837897,16
-1326000.9947027052,1832865.1065837897,16
-1325537.6819861776,1832865.1065837897,16
-1325074.3692696502,1832865.1065837897,16
-1324611.0565531226,1832865.1065837897,16
-1324147.7438365952,1832865.1065837897,16
-1323684.4311200676,1832865.1065837897,16
-1323221.11840354,1832865.1065837897,16
-1322757.8056870126,1832865.1065837897,16
-1322294.492970485,1832865.1065837897,10
-1321831.1802539576,1832865.1065837897,10
-1321367.86753743,1832865.1065837897,10
-1320904.5548209026,1832865.1065837897,10
-1320441.242104375,1832865.1065837897,10
-1319977.9293878477,1832865.1065837897,10
-1319514.61667132,1832865.1065837897,16
-1319051.3039547927,1832865.1065837897,16
-1318587.991238265,1832865.1065837897,16
-1318124.6785217377,1832865.1065837897,16
-1317661.36580521,1832865.1065837897,16
-1317198.0530886827,1832865.1065837897,16
-1316734.740372155,1832865.1065837897,16
-1316271.4276556277,1832865.1065837897,16
-1315808.1149391,1832865.1065837897,16
-1315344.8022225727,1832865.1065837897,16
-1314881.4895060451,1832865.1065837897,16
-1314418.1767895175,1832865.1065837897,16
-1313954.8640729901,1832865.1065837897,16
-1313491.5513564625,1832865.1065837897,16
-1313028.2386399352,1832865.1065837897,16
-1312564.9259234075,1832865.1065837897,16
-1312101.6132068802,1832865.1065837897,16
-1311638.3004903526,1832865.1065837897,16
-1311174.9877738252,1832865.1065837897,16
-1310711.6750572976,1832865.1065837897,16
-1310248.3623407702,1832865.1065837897,16
-1309785.0496242426,1832865.1065837897,16
-1309321.7369077152,1832865.1065837897,16
-1308858.4241911876,1832865.1065837897,16
-1308395.1114746602,1832865.1065837897,10
-1307931.7987581326,1832865.1065837897,16
-1307468.486041605,1832865.1065837897,16
-1307005.1733250776,1832865.1065837897,16
-1306541.86060855,1832865.1065837897,16
-1306078.5478920226,1832865.1065837897,16
-1305615.235175495,1832865.1065837897,16
-1305151.9224589677,1832865.1065837897,16
-1304688.60974244,1832865.1065837897,10
-1304225.2970259127,1832865.1065837897,10
-1303761.984309385,1832865.1065837897,10
-1303298.6715928577,1832865.1065837897,10
-1302835.35887633,1832865.1065837897,10
-1302372.0461598027,1832865.1065837897,10
-1301908.733443275,1832865.1065837897,10
-1301445.4207267477,1832865.1065837897,16
-1300982.10801022,1832865.1065837897,16
-1300518.7952936925,1832865.1065837897,16
-1300055.4825771651,1832865.1065837897,16
-1299592.1698606375,1832865.1065837897,16
-1299128.8571441101,1832865.1065837897,16
-1298665.5444275825,1832865.1065837897,16
-1298202.2317110552,1832865.1065837897,16
-1297738.9189945275,1832865.1065837897,10
-1297275.6062780002,1832865.1065837897,10
-1296812.2935614726,1832865.1065837897,10
-1296348.9808449452,1832865.1065837897,10
-1295885.6681284176,1832865.1065837897,10
-1295422.3554118902,1832865.1065837897,10
-1294959.0426953626,1832865.1065837897,10
-1294495.7299788352,1832865.1065837897,10
-1294032.4172623076,1832865.1065837897,10
-1293569.10454578,1832865.1065837897,10
-1293105.7918292526,1832865.1065837897,16
-1292642.479112725,1832865.1065837897,10
-1292179.1663961976,1832865.1065837897,10
-1291715.85367967,1832865.1065837897,16
-1291252.5409631426,1832865.1065837897,16
-1290789.228246615,1832865.1065837897,16
-1290325.9155300877,1832865.1065837897,16
-1289862.60281356,1832865.1065837897,16
-1289399.2900970327,1832865.1065837897,16
-1288935.977380505,1832865.1065837897,16
-1288472.6646639777,1832865.1065837897,16
-1288009.35194745,1832865.1065837897,10
-1287546.0392309227,1832865.1065837897,10
-1287082.726514395,1832865.1065837897,10
-1286619.4137978677,1832865.1065837897,10
-1286156.10108134,1832865.1065837897,10
-1285692.7883648127,1832865.1065837897,10
-1285229.4756482851,1832865.1065837897,10
-1284766.1629317575,1832865.1065837897,10
-1284302.8502152301,1832865.1065837897,10
-1283839.5374987025,1832865.1065837897,10
-1283376.2247821752,1832865.1065837897,10
-1282912.9120656475,1832865.1065837897,10
-1282449.5993491202,1832865.1065837897,10
-1281986.2866325926,1832865.1065837897,10
-1281522.9739160652,1832865.1065837897,10
-1281059.6611995376,1832865.1065837897,10
-1280596.3484830102,1832865.1065837897,10
-1280133.0357664826,1832865.1065837897,10
-1279669.7230499552,1832865.1065837897,10
-1279206.4103334276,1832865.1065837897,10
-1278743.0976169002,1832865.1065837897,10
-1278279.7849003726,1832865.1065837897,10
-1277816.472183845,1832865.1065837897,10
-1277353.1594673176,1832865.1065837897,10
-1276889.84675079,1832865.1065837897,10
-1276426.5340342626,1832865.1065837897,10
-1275963.221317735,1832865.1065837897,10
-1275499.9086012077,1832865.1065837897,10
-1275036.59588468,1832865.1065837897,10
-1274573.2831681527,1832865.1065837897,10
-1274109.970451625,1832865.1065837897,10
-1273646.6577350977,1832865.1065837897,10
-1273183.34501857,1832865.1065837897,10
-1272720.0323020427,1832865.1065837897,10
-1272256.719585515,1832865.1065837897,10
-1271793.4068689877,1832865.1065837897,10
-1271330.09415246,1832865.1065837897,10
-1270866.7814359325,1832865.1065837897,10
-1270403.4687194051,1832865.1065837897,10
-1269940.1560028775,1832865.1065837897,10
-1269476.8432863501,1832865.1065837897,10
-1269013.5305698225,1832865.1065837897,10
-1268550.2178532952,1832865.1065837897,10
-1268086.9051367675,1832865.1065837897,10
-1267623.5924202402,1832865.1065837897,10
-1267160.2797037126,1832865.1065837897,10
-1266696.9669871852,1832865.1065837897,10
-1266233.6542706576,1832865.1065837897,10
-1265770.3415541302,1832865.1065837897,10
-1265307.0288376026,1832865.1065837897,10
-1264843.7161210752,1832865.1065837897,10
-1264380.4034045476,1832865.1065837897,10
-1263917.09068802,1832865.1065837897,10
-1263453.7779714926,1832865.1065837897,10
-1262990.465254965,1832865.1065837897,10
-1262527.1525384376,1832865.1065837897,10
-1262063.83982191,1832865.1065837897,10
-1261600.5271053826,1832865.1065837897,10
-1261137.214388855,1832865.1065837897,10
-1260673.9016723277,1832865.1065837897,10
-1260210.5889558,1832865.1065837897,10
-1259747.2762392727,1832865.1065837897,10
-1259283.963522745,1832865.1065837897,10
-1258820.6508062177,1832865.1065837897,10
-1258357.33808969,1832865.1065837897,10
-1257894.0253731627,1832865.1065837897,10
-1257430.712656635,1832865.1065837897,10
-1256967.3999401077,1832865.1065837897,10
-1256504.08722358,1832865.1065837897,10
-1256040.7745070527,1832865.1065837897,10
-1255577.4617905251,1832865.1065837897,7
-1255114.1490739975,1832865.1065837897,7
-1254650.8363574701,1832865.1065837897,10
-1254187.5236409425,1832865.1065837897,10
-1253724.2109244152,1832865.1065837897,10
-1253260.8982078875,1832865.1065837897,10
-1252797.5854913602,1832865.1065837897,10
-1252334.2727748326,1832865.1065837897,10
-1251870.9600583052,1832865.1065837897,10
-1251407.6473417776,1832865.1065837897,10
-1250944.3346252502,1832865.1065837897,10
-1250481.0219087226,1832865.1065837897,10
-1250017.7091921952,1832865.1065837897,10
-1249554.3964756676,1832865.1065837897,10
-1249091.0837591402,1832865.1065837897,10
-1248627.7710426126,1832865.1065837897,10
-1248164.458326085,1832865.1065837897,10
-1247701.1456095576,1832865.1065837897,10
-1247237.83289303,1832865.1065837897,10
-1246774.5201765026,1832865.1065837897,10
-1246311.207459975,1832865.1065837897,10
-1245847.8947434477,1832865.1065837897,10
-1245384.58202692,1832865.1065837897,10
-1244921.2693103927,1832865.1065837897,10
-1244457.956593865,1832865.1065837897,10
-1243994.6438773377,1832865.1065837897,10
-1243531.33116081,1832865.1065837897,10
-1243068.0184442827,1832865.1065837897,10
-1242604.705727755,1832865.1065837897,10
-1242141.3930112277,1832865.1065837897,10
-1241678.0802947,1832865.1065837897,10
-1241214.7675781725,1832865.1065837897,10
-1240751.4548616451,1832865.1065837897,10
-1240288.1421451175,1832865.1065837897,10
-1239824.8294285901,1832865.1065837897,10
-1239361.5167120625,1832865.1065837897,10
-1238898.2039955352,1832865.1065837897,10
-1238434.8912790075,1832865.1065837897,10
-1237971.5785624802,1832865.1065837897,10
-1237508.2658459526,1832865.1065837897,10
-1237044.9531294252,1832865.1065837897,10
-1236581.6404128976,1832865.1065837897,10
-1236118.3276963702,1832865.1065837897,10
-1235655.0149798426,1832865.1065837897,10
-1235191.7022633152,1832865.1065837897,10
-1234728.3895467876,1832865.1065837897,10
-1234265.07683026,1832865.1065837897,10
-1233801.7641137326,1832865.1065837897,10
-1233338.4513972052,1832865.1065837897,10
-1232875.1386806776,1832865.1065837897,10
-1232411.82596415,1832865.1065837897,10
-1231948.5132476226,1832865.1065837897,10
-1231485.200531095,1832865.1065837897,10
-1231021.8878145677,1832865.1065837897,10
-1230558.57509804,1832865.1065837897,10
-1230095.2623815127,1832865.1065837897,10
-1229631.949664985,1832865.1065837897,10
-1229168.6369484577,1832865.1065837897,10
-1228705.32423193,1832865.1065837897,10
-1228242.0115154027,1832865.1065837897,10
-1227778.698798875,1832865.1065837897,10
-1227315.3860823475,1832865.1065837897,10
-1226852.07336582,1832865.1065837897,10
-1226388.7606492927,1832865.1065837897,10
-1225925.4479327651,1832865.1065837897,10
-1225462.1352162375,1832865.1065837897,10
-1224998.8224997101,1832865.1065837897,10
-1224535.5097831825,1832865.1065837897,10
-1224072.1970666551,1832865.1065837897,10
-1223608.8843501275,1832865.1065837897,10
-1223145.5716336002,1832865.1065837897,10
-1222682.2589170726,1832865.1065837897,10
-1222218.9462005452,1832865.1065837897,10
-1221755.6334840176,1832865.1065837897,10
-1221292.3207674902,1832865.1065837897,10
-1220829.0080509626,1832865.1065837897,10
-1220365.6953344352,1832865.1065837897,10
-1219902.3826179076,1832865.1065837897,10
-1219439.0699013802,1832865.1065837897,10
-1218975.7571848526,1832865.1065837897,10
-1218512.444468325,1832865.1065837897,10
-1218049.1317517976,1832865.1065837897,10
-1217585.81903527,1832865.1065837897,10
-1217122.5063187426,1832865.1065837897,10
-1216659.193602215,1832865.1065837897,10
-1216195.8808856877,1832865.1065837897,10
-1215732.56816916,1832865.1065837897,10
-1215269.2554526327,1832865.1065837897,10
-1214805.942736105,1832865.1065837897,10
-1214342.6300195777,1832865.1065837897,10
-1213879.31730305,1832865.1065837897,10
-1213416.0045865227,1832865.1065837897,10
-1212952.691869995,1832865.1065837897,10
-1212489.3791534677,1832865.1065837897,10
-1212026.06643694,1832865.1065837897,10
-1211562.7537204125,1832865.1065837897,10
-1211099.4410038851,1832865.1065837897,10
-1210636.1282873575,1832865.1065837897,10
-1210172.8155708301,1832865.1065837897,10
-1209709.5028543025,1832865.1065837897,10
-1209246.1901377751,1832865.1065837897,10
-1208782.8774212475,1832865.1065837897,10
-1208319.5647047202,1832865.1065837897,10
-1207856.2519881926,1832865.1065837897,10
-1207392.9392716652,1832865.1065837897,10
-1206929.6265551376,1832865.1065837897,10
-1206466.3138386102,1832865.1065837897,10
-1206003.0011220826,1832865.1065837897,10
-1205539.6884055552,1832865.1065837897,10
-1205076.3756890276,1832865.1065837897,10
-1204613.0629725,1832865.1065837897,10
-1204149.7502559726,1832865.1065837897,10
-1203686.4375394452,1832865.1065837897,10
-1203223.1248229176,1832865.1065837897,10
-1202759.81210639,1832865.1065837897,10
-1202296.4993898626,1832865.1065837897,10
-1201833.186673335,1832865.1065837897,10
-1201369.8739568077,1832865.1065837897,10
-1200906.56124028,1832865.1065837897,10
-1200443.2485237527,1832865.1065837897,10
-1199979.935807225,1832865.1065837897,10
-1199516.6230906977,1832865.1065837897,10
-1199053.31037417,1832865.1065837897,10
-1198589.9976576427,1832865.1065837897,10
-1198126.684941115,1832865.1065837897,10
-1197663.3722245875,1832865.1065837897,10
-1197200.05950806,1832865.1065837897,10
-1196736.7467915327,1832865.1065837897,10
-1196273.4340750051,1832865.1065837897,10
-1195810.1213584775,1832865.1065837897,10
-1195346.8086419501,1832865.1065837897,10
-1194883.4959254225,1832865.1065837897,10
-1194420.1832088951,1832865.1065837897,10
-1193956.8704923675,1832865.1065837897,10
-1193493.5577758402,1832865.1065837897,10
-1193030.2450593126,1832865.1065837897,10
-1192566.9323427852,1832865.1065837897,10
-1192103.6196262576,1832865.1065837897,10
-1191640.3069097302,1832865.1065837897,10
-1191176.9941932026,1832865.1065837897,10
-1190713.6814766752,1832865.1065837897,10
-1190250.3687601476,1832865.1065837897,10
-1189787.0560436202,1832865.1065837897,10
-1189323.7433270926,1832865.1065837897,10
-1188860.430610565,1832865.1065837897,10
-1188397.1178940376,1832865.1065837897,10
-1187933.80517751,1832865.1065837897,10
-1187470.4924609826,1832865.1065837897,10
-1187007.179744455,1832865.1065837897,10
-1186543.8670279277,1832865.1065837897,10
-1186080.5543114,1832865.1065837897,10
-1185617.2415948727,1832865.1065837897,10
-1185153.928878345,1832865.1065837897,10
-1184690.6161618177,1832865.1065837897,10
-1184227.30344529,1832865.1065837897,10
-1183763.9907287627,1832865.1065837897,10
-1183300.678012235,1832865.1065837897,10
-1182837.3652957077,1832865.1065837897,10
-1182374.05257918,1832865.1065837897,10
-1181910.7398626525,1832865.1065837897,10
-1181447.4271461251,1832865.1065837897,10
-1180984.1144295975,1832865.1065837897,10
-1180520.8017130701,1832865.1065837897,10
-1180057.4889965425,1832865.1065837897,10
-1179594.1762800151,1832865.1065837897,10
-1179130.8635634875,1832865.1065837897,10
-1178667.5508469602,1832865.1065837897,10
-1178204.2381304326,1832865.1065837897,10
-1177740.9254139052,1832865.1065837897,10
-1177277.6126973776,1832865.1065837897,10
-1176814.2999808502,1832865.1065837897,10
-1176350.9872643226,1832865.1065837897,10
-1175887.6745477952,1832865.1065837897,10
-1175424.3618312676,1832865.1065837897,10
-1174961.04911474,1832865.1065837897,10
-1174497.7363982126,1832865.1065837897,10
-1174034.4236816852,1832865.1065837897,10
-1173571.1109651576,1832865.1065837897,10
-1173107.79824863,1832865.1065837897,10
-1172644.4855321026,1832865.1065837897,10
-1172181.172815575,1832865.1065837897,10
-1171717.8600990477,1832865.1065837897,10
-1171254.54738252,1832865.1065837897,10
-1170791.2346659927,1832865.1065837897,10
-1170327.921949465,1832865.1065837897,10
-1169864.6092329377,1832865.1065837897,10
-1169401.29651641,1832865.1065837897,10
-1168937.9837998827,1832865.1065837897,10
-1168474.671083355,1832865.1065837897,10
-1168011.3583668275,1832865.1065837897,10
-1167548.0456503,1832865.1065837897,10
-1167084.7329337727,1832865.1065837897,10
-1360749.4484422677,1832401.793867262,10
-1360286.13572574,1832401.793867262,10
-1359822.8230092125,1832401.793867262,10
-1359359.5102926851,1832401.793867262,10
-1358896.1975761575,1832401.793867262,10
-1358432.8848596301,1832401.793867262,10
-1357969.5721431025,1832401.793867262,10
-1357506.2594265752,1832401.793867262,10
-1357042.9467100475,1832401.793867262,10
-1356579.6339935202,1832401.793867262,10
-1356116.3212769926,1832401.793867262,10
-1355653.0085604652,1832401.793867262,10
-1355189.6958439376,1832401.793867262,10
-1354726.3831274102,1832401.793867262,10
-1354263.0704108826,1832401.793867262,10
-1353799.7576943552,1832401.793867262,10
-1353336.4449778276,1832401.793867262,10
-1352873.1322613002,1832401.793867262,10
-1352409.8195447726,1832401.793867262,10
-1351946.506828245,1832401.793867262,10
-1344996.8160803327,1832401.793867262,10
-1344533.5033638051,1832401.793867262,10
-1344070.1906472775,1832401.793867262,10
-1343606.8779307501,1832401.793867262,10
-1343143.5652142225,1832401.793867262,10
-1342680.2524976952,1832401.793867262,10
-1342216.9397811675,1832401.793867262,10
-1341753.6270646402,1832401.793867262,10
-1341290.3143481126,1832401.793867262,10
-1340827.0016315852,1832401.793867262,10
-1340363.6889150576,1832401.793867262,10
-1339900.3761985302,1832401.793867262,10
-1339437.0634820026,1832401.793867262,10
-1338973.7507654752,1832401.793867262,16
-1338510.4380489476,1832401.793867262,16
-1338047.1253324202,1832401.793867262,16
-1337583.8126158926,1832401.793867262,16
-1337120.499899365,1832401.793867262,16
-1336657.1871828376,1832401.793867262,16
-1336193.87446631,1832401.793867262,16
-1335730.5617497826,1832401.793867262,16
-1335267.249033255,1832401.793867262,16
-1334803.9363167277,1832401.793867262,16
-1334340.6236002,1832401.793867262,16
-1333877.3108836727,1832401.793867262,16
-1333413.998167145,1832401.793867262,16
-1332950.6854506177,1832401.793867262,16
-1332487.37273409,1832401.793867262,16
-1332024.0600175627,1832401.793867262,16
-1331560.747301035,1832401.793867262,16
-1331097.4345845077,1832401.793867262,16
-1330634.12186798,1832401.793867262,16
-1330170.8091514525,1832401.793867262,10
-1329707.4964349251,1832401.793867262,10
-1329244.1837183975,1832401.793867262,16
-1328780.8710018701,1832401.793867262,16
-1328317.5582853425,1832401.793867262,16
-1327854.2455688152,1832401.793867262,16
-1327390.9328522875,1832401.793867262,16
-1326927.6201357602,1832401.793867262,16
-1326464.3074192326,1832401.793867262,16
-1326000.9947027052,1832401.793867262,16
-1325537.6819861776,1832401.793867262,16
-1325074.3692696502,1832401.793867262,16
-1324611.0565531226,1832401.793867262,16
-1324147.7438365952,1832401.793867262,16
-1323684.4311200676,1832401.793867262,16
-1323221.11840354,1832401.793867262,16
-1322757.8056870126,1832401.793867262,10
-1322294.492970485,1832401.793867262,10
-1321831.1802539576,1832401.793867262,10
-1321367.86753743,1832401.793867262,10
-1320904.5548209026,1832401.793867262,10
-1320441.242104375,1832401.793867262,10
-1319977.9293878477,1832401.793867262,16
-1319514.61667132,1832401.793867262,16
-1319051.3039547927,1832401.793867262,16
-1318587.991238265,1832401.793867262,16
-1318124.6785217377,1832401.793867262,16
-1317661.36580521,1832401.793867262,16
-1317198.0530886827,1832401.793867262,16
-1316734.740372155,1832401.793867262,16
-1316271.4276556277,1832401.793867262,16
-1315808.1149391,1832401.793867262,16
-1315344.8022225727,1832401.793867262,16
-1314881.4895060451,1832401.793867262,16
-1314418.1767895175,1832401.793867262,16
-1313954.8640729901,1832401.793867262,16
-1313491.5513564625,1832401.793867262,16
-1313028.2386399352,1832401.793867262,16
-1312564.9259234075,1832401.793867262,16
-1312101.6132068802,1832401.793867262,16
-1311638.3004903526,1832401.793867262,16
-1311174.9877738252,1832401.793867262,16
-1310711.6750572976,1832401.793867262,16
-1310248.3623407702,1832401.793867262,16
-1309785.0496242426,1832401.793867262,16
-1309321.7369077152,1832401.793867262,16
-1308858.4241911876,1832401.793867262,16
-1308395.1114746602,1832401.793867262,10
-1307931.7987581326,1832401.793867262,16
-1307468.486041605,1832401.793867262,16
-1307005.1733250776,1832401.793867262,10
-1306541.86060855,1832401.793867262,10
-1306078.5478920226,1832401.793867262,10
-1305615.235175495,1832401.793867262,10
-1305151.9224589677,1832401.793867262,10
-1304688.60974244,1832401.793867262,10
-1304225.2970259127,1832401.793867262,10
-1303761.984309385,1832401.793867262,10
-1303298.6715928577,1832401.793867262,10
-1302835.35887633,1832401.793867262,10
-1302372.0461598027,1832401.793867262,10
-1301908.733443275,1832401.793867262,10
-1301445.4207267477,1832401.793867262,10
-1300982.10801022,1832401.793867262,16
-1300518.7952936925,1832401.793867262,16
-1300055.4825771651,1832401.793867262,16
-1299592.1698606375,1832401.793867262,16
-1299128.8571441101,1832401.793867262,16
-1298665.5444275825,1832401.793867262,16
-1298202.2317110552,1832401.793867262,10
-1297738.9189945275,1832401.793867262,10
-1297275.6062780002,1832401.793867262,10
-1296812.2935614726,1832401.793867262,10
-1296348.9808449452,1832401.793867262,10
-1295885.6681284176,1832401.793867262,10
-1295422.3554118902,1832401.793867262,10
-1294959.0426953626,1832401.793867262,10
-1294495.7299788352,1832401.793867262,10
-1294032.4172623076,1832401.793867262,10
-1293569.10454578,1832401.793867262,10
-1293105.7918292526,1832401.793867262,16
-1292642.479112725,1832401.793867262,16
-1292179.1663961976,1832401.793867262,16
-1291715.85367967,1832401.793867262,16
-1291252.5409631426,1832401.793867262,16
-1290789.228246615,1832401.793867262,16
-1290325.9155300877,1832401.793867262,16
-1289862.60281356,1832401.793867262,16
-1289399.2900970327,1832401.793867262,16
-1288935.977380505,1832401.793867262,16
-1288472.6646639777,1832401.793867262,16
-1288009.35194745,1832401.793867262,10
-1287546.0392309227,1832401.793867262,10
-1287082.726514395,1832401.793867262,10
-1286619.4137978677,1832401.793867262,10
-1286156.10108134,1832401.793867262,10
-1285692.7883648127,1832401.793867262,10
-1285229.4756482851,1832401.793867262,10
-1284766.1629317575,1832401.793867262,10
-1284302.8502152301,1832401.793867262,10
-1283839.5374987025,1832401.793867262,10
-1283376.2247821752,1832401.793867262,10
-1282912.9120656475,1832401.793867262,10
-1282449.5993491202,1832401.793867262,10
-1281986.2866325926,1832401.793867262,10
-1281522.9739160652,1832401.793867262,10
-1281059.6611995376,1832401.793867262,10
-1280596.3484830102,1832401.793867262,10
-1280133.0357664826,1832401.793867262,10
-1279669.7230499552,1832401.793867262,10
-1279206.4103334276,1832401.793867262,10
-1278743.0976169002,1832401.793867262,10
-1278279.7849003726,1832401.793867262,10
-1277816.472183845,1832401.793867262,10
-1277353.1594673176,1832401.793867262,10
-1276889.84675079,1832401.793867262,10
-1276426.5340342626,1832401.793867262,10
-1275963.221317735,1832401.793867262,10
-1275499.9086012077,1832401.793867262,10
-1275036.59588468,1832401.793867262,10
-1274573.2831681527,1832401.793867262,10
-1274109.970451625,1832401.793867262,10
-1273646.6577350977,1832401.793867262,10
-1273183.34501857,1832401.793867262,10
-1272720.0323020427,1832401.793867262,10
-1272256.719585515,1832401.793867262,10
-1271793.4068689877,1832401.793867262,10
-1271330.09415246,1832401.793867262,10
-1270866.7814359325,1832401.793867262,10
-1270403.4687194051,1832401.793867262,10
-1269940.1560028775,1832401.793867262,10
-1269476.8432863501,1832401.793867262,10
-1269013.5305698225,1832401.793867262,10
-1268550.2178532952,1832401.793867262,10
-1268086.9051367675,1832401.793867262,10
-1267623.5924202402,1832401.793867262,10
-1267160.2797037126,1832401.793867262,10
-1266696.9669871852,1832401.793867262,10
-1266233.6542706576,1832401.793867262,10
-1265770.3415541302,1832401.793867262,10
-1265307.0288376026,1832401.793867262,10
-1264843.7161210752,1832401.793867262,10
-1264380.4034045476,1832401.793867262,10
-1263917.09068802,1832401.793867262,10
-1263453.7779714926,1832401.793867262,10
-1262990.465254965,1832401.793867262,10
-1262527.1525384376,1832401.793867262,10
-1262063.83982191,1832401.793867262,10
-1261600.5271053826,1832401.793867262,10
-1261137.214388855,1832401.793867262,10
-1260673.9016723277,1832401.793867262,10
-1260210.5889558,1832401.793867262,10
-1259747.2762392727,1832401.793867262,10
-1259283.963522745,1832401.793867262,10
-1258820.6508062177,1832401.793867262,10
-1258357.33808969,1832401.793867262,10
-1257894.0253731627,1832401.793867262,10
-1257430.712656635,1832401.793867262,10
-1256967.3999401077,1832401.793867262,10
-1256504.08722358,1832401.793867262,10
-1256040.7745070527,1832401.793867262,10
-1255577.4617905251,1832401.793867262,7
-1255114.1490739975,1832401.793867262,10
-1254650.8363574701,1832401.793867262,10
-1254187.5236409425,1832401.793867262,10
-1253724.2109244152,1832401.793867262,10
-1253260.8982078875,1832401.793867262,10
-1252797.5854913602,1832401.793867262,10
-1252334.2727748326,1832401.793867262,10
-1251870.9600583052,1832401.793867262,10
-1251407.6473417776,1832401.793867262,10
-1250944.3346252502,1832401.793867262,10
-1250481.0219087226,1832401.793867262,10
-1250017.7091921952,1832401.793867262,10
-1249554.3964756676,1832401.793867262,10
-1249091.0837591402,1832401.793867262,10
-1248627.7710426126,1832401.793867262,10
-1248164.458326085,1832401.793867262,10
-1247701.1456095576,1832401.793867262,10
-1247237.83289303,1832401.793867262,10
-1246774.5201765026,1832401.793867262,10
-1246311.207459975,1832401.793867262,10
-1245847.8947434477,1832401.793867262,10
-1245384.58202692,1832401.793867262,10
-1244921.2693103927,1832401.793867262,10
-1244457.956593865,1832401.793867262,10
-1243994.6438773377,1832401.793867262,10
-1243531.33116081,1832401.793867262,10
-1243068.0184442827,1832401.793867262,10
-1242604.705727755,1832401.793867262,10
-1242141.3930112277,1832401.793867262,10
-1241678.0802947,1832401.793867262,10
-1241214.7675781725,1832401.793867262,10
-1240751.4548616451,1832401.793867262,10
-1240288.1421451175,1832401.793867262,10
-1239824.8294285901,1832401.793867262,10
-1239361.5167120625,1832401.793867262,10
-1238898.2039955352,1832401.793867262,10
-1238434.8912790075,1832401.793867262,10
-1237971.5785624802,1832401.793867262,10
-1237508.2658459526,1832401.793867262,10
-1237044.9531294252,1832401.793867262,10
-1236581.6404128976,1832401.793867262,10
-1236118.3276963702,1832401.793867262,10
-1235655.0149798426,1832401.793867262,10
-1235191.7022633152,1832401.793867262,10
-1234728.3895467876,1832401.793867262,10
-1234265.07683026,1832401.793867262,10
-1233801.7641137326,1832401.793867262,10
-1233338.4513972052,1832401.793867262,10
-1232875.1386806776,1832401.793867262,10
-1232411.82596415,1832401.793867262,10
-1231948.5132476226,1832401.793867262,10
-1231485.200531095,1832401.793867262,10
-1231021.8878145677,1832401.793867262,10
-1230558.57509804,1832401.793867262,10
-1230095.2623815127,1832401.793867262,10
-1229631.949664985,1832401.793867262,10
-1229168.6369484577,1832401.793867262,10
-1228705.32423193,1832401.793867262,10
-1228242.0115154027,1832401.793867262,10
-1227778.698798875,1832401.793867262,10
-1227315.3860823475,1832401.793867262,10
-1226852.07336582,1832401.793867262,10
-1226388.7606492927,1832401.793867262,10
-1225925.4479327651,1832401.793867262,10
-1225462.1352162375,1832401.793867262,10
-1224998.8224997101,1832401.793867262,10
-1224535.5097831825,1832401.793867262,10
-1224072.1970666551,1832401.793867262,10
-1223608.8843501275,1832401.793867262,10
-1223145.5716336002,1832401.793867262,10
-1222682.2589170726,1832401.793867262,10
-1222218.9462005452,1832401.793867262,10
-1221755.6334840176,1832401.793867262,10
-1221292.3207674902,1832401.793867262,10
-1220829.0080509626,1832401.793867262,10
-1220365.6953344352,1832401.793867262,10
-1219902.3826179076,1832401.793867262,10
-1219439.0699013802,1832401.793867262,10
-1218975.7571848526,1832401.793867262,10
-1218512.444468325,1832401.793867262,10
-1218049.1317517976,1832401.793867262,10
-1217585.81903527,1832401.793867262,10
-1217122.5063187426,1832401.793867262,10
-1216659.193602215,1832401.793867262,10
-1216195.8808856877,1832401.793867262,10
-1215732.56816916,1832401.793867262,10
-1215269.2554526327,1832401.793867262,10
-1214805.942736105,1832401.793867262,10
-1214342.6300195777,1832401.793867262,10
-1213879.31730305,1832401.793867262,10
-1213416.0045865227,1832401.793867262,10
-1212952.691869995,1832401.793867262,10
-1212489.3791534677,1832401.793867262,10
-1212026.06643694,1832401.793867262,10
-1211562.7537204125,1832401.793867262,10
-1211099.4410038851,1832401.793867262,10
-1210636.1282873575,1832401.793867262,10
-1210172.8155708301,1832401.793867262,10
-1209709.5028543025,1832401.793867262,10
-1209246.1901377751,1832401.793867262,10
-1208782.8774212475,1832401.793867262,10
-1208319.5647047202,1832401.793867262,10
-1207856.2519881926,1832401.793867262,10
-1207392.9392716652,1832401.793867262,10
-1206929.6265551376,1832401.793867262,10
-1206466.3138386102,1832401.793867262,10
-1206003.0011220826,1832401.793867262,10
-1205539.6884055552,1832401.793867262,10
-1205076.3756890276,1832401.793867262,10
-1204613.0629725,1832401.793867262,10
-1204149.7502559726,1832401.793867262,10
-1203686.4375394452,1832401.793867262,10
-1203223.1248229176,1832401.793867262,10
-1202759.81210639,1832401.793867262,10
-1202296.4993898626,1832401.793867262,10
-1201833.186673335,1832401.793867262,10
-1201369.8739568077,1832401.793867262,10
-1200906.56124028,1832401.793867262,10
-1200443.2485237527,1832401.793867262,10
-1199979.935807225,1832401.793867262,10
-1199516.6230906977,1832401.793867262,10
-1199053.31037417,1832401.793867262,10
-1198589.9976576427,1832401.793867262,10
-1198126.684941115,1832401.793867262,10
-1197663.3722245875,1832401.793867262,10
-1197200.05950806,1832401.793867262,10
-1196736.7467915327,1832401.793867262,10
-1196273.4340750051,1832401.793867262,10
-1195810.1213584775,1832401.793867262,10
-1195346.8086419501,1832401.793867262,10
-1194883.4959254225,1832401.793867262,10
-1194420.1832088951,1832401.793867262,10
-1193956.8704923675,1832401.793867262,10
-1193493.5577758402,1832401.793867262,10
-1193030.2450593126,1832401.793867262,10
-1192566.9323427852,1832401.793867262,10
-1192103.6196262576,1832401.793867262,10
-1191640.3069097302,1832401.793867262,10
-1191176.9941932026,1832401.793867262,10
-1190713.6814766752,1832401.793867262,10
-1190250.3687601476,1832401.793867262,10
-1189787.0560436202,1832401.793867262,10
-1189323.7433270926,1832401.793867262,10
-1188860.430610565,1832401.793867262,10
-1188397.1178940376,1832401.793867262,10
-1187933.80517751,1832401.793867262,10
-1187470.4924609826,1832401.793867262,10
-1187007.179744455,1832401.793867262,10
-1186543.8670279277,1832401.793867262,10
-1186080.5543114,1832401.793867262,10
-1185617.2415948727,1832401.793867262,10
-1185153.928878345,1832401.793867262,10
-1184690.6161618177,1832401.793867262,10
-1184227.30344529,1832401.793867262,10
-1183763.9907287627,1832401.793867262,10
-1183300.678012235,1832401.793867262,10
-1182837.3652957077,1832401.793867262,10
-1182374.05257918,1832401.793867262,10
-1181910.7398626525,1832401.793867262,10
-1181447.4271461251,1832401.793867262,10
-1180984.1144295975,1832401.793867262,10
-1180520.8017130701,1832401.793867262,10
-1180057.4889965425,1832401.793867262,10
-1179594.1762800151,1832401.793867262,10
-1179130.8635634875,1832401.793867262,10
-1178667.5508469602,1832401.793867262,10
-1178204.2381304326,1832401.793867262,10
-1177740.9254139052,1832401.793867262,10
-1177277.6126973776,1832401.793867262,10
-1176814.2999808502,1832401.793867262,10
-1176350.9872643226,1832401.793867262,10
-1175887.6745477952,1832401.793867262,10
-1175424.3618312676,1832401.793867262,10
-1174961.04911474,1832401.793867262,10
-1174497.7363982126,1832401.793867262,10
-1174034.4236816852,1832401.793867262,10
-1173571.1109651576,1832401.793867262,10
-1173107.79824863,1832401.793867262,10
-1172644.4855321026,1832401.793867262,10
-1172181.172815575,1832401.793867262,10
-1171717.8600990477,1832401.793867262,10
-1171254.54738252,1832401.793867262,10
-1170791.2346659927,1832401.793867262,10
-1170327.921949465,1832401.793867262,10
-1169864.6092329377,1832401.793867262,10
-1169401.29651641,1832401.793867262,10
-1168937.9837998827,1832401.793867262,10
-1168474.671083355,1832401.793867262,10
-1168011.3583668275,1832401.793867262,10
-1167548.0456503,1832401.793867262,10
-1163841.5439180802,1832401.793867262,10
-1361212.761158795,1831938.4811507347,10
-1360749.4484422677,1831938.4811507347,10
-1360286.13572574,1831938.4811507347,10
-1359822.8230092125,1831938.4811507347,10
-1359359.5102926851,1831938.4811507347,10
-1358896.1975761575,1831938.4811507347,10
-1358432.8848596301,1831938.4811507347,10
-1357969.5721431025,1831938.4811507347,10
-1357506.2594265752,1831938.4811507347,10
-1357042.9467100475,1831938.4811507347,10
-1356579.6339935202,1831938.4811507347,10
-1356116.3212769926,1831938.4811507347,10
-1355653.0085604652,1831938.4811507347,10
-1355189.6958439376,1831938.4811507347,10
-1354726.3831274102,1831938.4811507347,10
-1354263.0704108826,1831938.4811507347,10
-1353799.7576943552,1831938.4811507347,10
-1353336.4449778276,1831938.4811507347,10
-1352873.1322613002,1831938.4811507347,10
-1342680.2524976952,1831938.4811507347,10
-1342216.9397811675,1831938.4811507347,10
-1341753.6270646402,1831938.4811507347,10
-1341290.3143481126,1831938.4811507347,10
-1340827.0016315852,1831938.4811507347,10
-1340363.6889150576,1831938.4811507347,10
-1339900.3761985302,1831938.4811507347,10
-1339437.0634820026,1831938.4811507347,10
-1338973.7507654752,1831938.4811507347,10
-1338510.4380489476,1831938.4811507347,10
-1338047.1253324202,1831938.4811507347,10
-1337583.8126158926,1831938.4811507347,10
-1337120.499899365,1831938.4811507347,16
-1336657.1871828376,1831938.4811507347,16
-1336193.87446631,1831938.4811507347,16
-1335730.5617497826,1831938.4811507347,10
-1335267.249033255,1831938.4811507347,10
-1334803.9363167277,1831938.4811507347,16
-1334340.6236002,1831938.4811507347,16
-1333877.3108836727,1831938.4811507347,16
-1333413.998167145,1831938.4811507347,16
-1332950.6854506177,1831938.4811507347,16
-1332487.37273409,1831938.4811507347,16
-1332024.0600175627,1831938.4811507347,16
-1331560.747301035,1831938.4811507347,16
-1331097.4345845077,1831938.4811507347,10
-1330634.12186798,1831938.4811507347,10
-1330170.8091514525,1831938.4811507347,10
-1329707.4964349251,1831938.4811507347,10
-1329244.1837183975,1831938.4811507347,10
-1328780.8710018701,1831938.4811507347,16
-1328317.5582853425,1831938.4811507347,16
-1327854.2455688152,1831938.4811507347,16
-1327390.9328522875,1831938.4811507347,16
-1326927.6201357602,1831938.4811507347,16
-1326464.3074192326,1831938.4811507347,16
-1326000.9947027052,1831938.4811507347,16
-1325537.6819861776,1831938.4811507347,16
-1325074.3692696502,1831938.4811507347,16
-1324611.0565531226,1831938.4811507347,16
-1324147.7438365952,1831938.4811507347,16
-1323684.4311200676,1831938.4811507347,16
-1323221.11840354,1831938.4811507347,16
-1322757.8056870126,1831938.4811507347,10
-1322294.492970485,1831938.4811507347,10
-1321831.1802539576,1831938.4811507347,10
-1321367.86753743,1831938.4811507347,10
-1320904.5548209026,1831938.4811507347,10
-1320441.242104375,1831938.4811507347,16
-1319977.9293878477,1831938.4811507347,16
-1319514.61667132,1831938.4811507347,16
-1319051.3039547927,1831938.4811507347,16
-1318587.991238265,1831938.4811507347,16
-1318124.6785217377,1831938.4811507347,16
-1317661.36580521,1831938.4811507347,16
-1317198.0530886827,1831938.4811507347,16
-1316734.740372155,1831938.4811507347,16
-1316271.4276556277,1831938.4811507347,16
-1315808.1149391,1831938.4811507347,16
-1315344.8022225727,1831938.4811507347,16
-1314881.4895060451,1831938.4811507347,16
-1314418.1767895175,1831938.4811507347,16
-1313954.8640729901,1831938.4811507347,16
-1313491.5513564625,1831938.4811507347,16
-1313028.2386399352,1831938.4811507347,16
-1312564.9259234075,1831938.4811507347,16
-1312101.6132068802,1831938.4811507347,16
-1311638.3004903526,1831938.4811507347,16
-1311174.9877738252,1831938.4811507347,16
-1310711.6750572976,1831938.4811507347,16
-1310248.3623407702,1831938.4811507347,16
-1309785.0496242426,1831938.4811507347,16
-1309321.7369077152,1831938.4811507347,16
-1308858.4241911876,1831938.4811507347,16
-1308395.1114746602,1831938.4811507347,10
-1307931.7987581326,1831938.4811507347,10
-1307468.486041605,1831938.4811507347,10
-1307005.1733250776,1831938.4811507347,10
-1306541.86060855,1831938.4811507347,10
-1306078.5478920226,1831938.4811507347,10
-1305615.235175495,1831938.4811507347,10
-1305151.9224589677,1831938.4811507347,10
-1304688.60974244,1831938.4811507347,10
-1304225.2970259127,1831938.4811507347,10
-1303761.984309385,1831938.4811507347,16
-1303298.6715928577,1831938.4811507347,16
-1302835.35887633,1831938.4811507347,10
-1302372.0461598027,1831938.4811507347,10
-1301908.733443275,1831938.4811507347,10
-1301445.4207267477,1831938.4811507347,10
-1300982.10801022,1831938.4811507347,10
-1300518.7952936925,1831938.4811507347,10
-1300055.4825771651,1831938.4811507347,10
-1299592.1698606375,1831938.4811507347,10
-1299128.8571441101,1831938.4811507347,16
-1298665.5444275825,1831938.4811507347,10
-1298202.2317110552,1831938.4811507347,10
-1297738.9189945275,1831938.4811507347,10
-1297275.6062780002,1831938.4811507347,10
-1296812.2935614726,1831938.4811507347,10
-1296348.9808449452,1831938.4811507347,10
-1295885.6681284176,1831938.4811507347,10
-1295422.3554118902,1831938.4811507347,10
-1294959.0426953626,1831938.4811507347,16
-1294495.7299788352,1831938.4811507347,10
-1294032.4172623076,1831938.4811507347,16
-1293569.10454578,1831938.4811507347,16
-1293105.7918292526,1831938.4811507347,16
-1292642.479112725,1831938.4811507347,16
-1292179.1663961976,1831938.4811507347,16
-1291715.85367967,1831938.4811507347,16
-1291252.5409631426,1831938.4811507347,16
-1290789.228246615,1831938.4811507347,16
-1290325.9155300877,1831938.4811507347,16
-1289862.60281356,1831938.4811507347,16
-1289399.2900970327,1831938.4811507347,16
-1288935.977380505,1831938.4811507347,16
-1288472.6646639777,1831938.4811507347,16
-1288009.35194745,1831938.4811507347,10
-1287546.0392309227,1831938.4811507347,10
-1287082.726514395,1831938.4811507347,10
-1286619.4137978677,1831938.4811507347,10
-1286156.10108134,1831938.4811507347,10
-1285692.7883648127,1831938.4811507347,10
-1285229.4756482851,1831938.4811507347,10
-1284766.1629317575,1831938.4811507347,10
-1284302.8502152301,1831938.4811507347,10
-1283839.5374987025,1831938.4811507347,10
-1283376.2247821752,1831938.4811507347,10
-1282912.9120656475,1831938.4811507347,10
-1282449.5993491202,1831938.4811507347,10
-1281986.2866325926,1831938.4811507347,10
-1281522.9739160652,1831938.4811507347,10
-1281059.6611995376,1831938.4811507347,10
-1280596.3484830102,1831938.4811507347,10
-1280133.0357664826,1831938.4811507347,10
-1279669.7230499552,1831938.4811507347,10
-1279206.4103334276,1831938.4811507347,10
-1278743.0976169002,1831938.4811507347,10
-1278279.7849003726,1831938.4811507347,10
-1277816.472183845,1831938.4811507347,10
-1277353.1594673176,1831938.4811507347,10
-1276889.84675079,1831938.4811507347,10
-1276426.5340342626,1831938.4811507347,10
-1275963.221317735,1831938.4811507347,10
-1275499.9086012077,1831938.4811507347,10
-1275036.59588468,1831938.4811507347,10
-1274573.2831681527,1831938.4811507347,10
-1274109.970451625,1831938.4811507347,10
-1273646.6577350977,1831938.4811507347,10
-1273183.34501857,1831938.4811507347,10
-1272720.0323020427,1831938.4811507347,10
-1272256.719585515,1831938.4811507347,10
-1271793.4068689877,1831938.4811507347,10
-1271330.09415246,1831938.4811507347,10
-1270866.7814359325,1831938.4811507347,10
-1270403.4687194051,1831938.4811507347,10
-1269940.1560028775,1831938.4811507347,10
-1269476.8432863501,1831938.4811507347,10
-1269013.5305698225,1831938.4811507347,10
-1268550.2178532952,1831938.4811507347,10
-1268086.9051367675,1831938.4811507347,10
-1267623.5924202402,1831938.4811507347,10
-1267160.2797037126,1831938.4811507347,10
-1266696.9669871852,1831938.4811507347,10
-1266233.6542706576,1831938.4811507347,10
-1265770.3415541302,1831938.4811507347,10
-1265307.0288376026,1831938.4811507347,10
-1264843.7161210752,1831938.4811507347,10
-1264380.4034045476,1831938.4811507347,10
-1263917.09068802,1831938.4811507347,10
-1263453.7779714926,1831938.4811507347,10
-1262990.465254965,1831938.4811507347,10
-1262527.1525384376,1831938.4811507347,10
-1262063.83982191,1831938.4811507347,10
-1261600.5271053826,1831938.4811507347,10
-1261137.214388855,1831938.4811507347,10
-1260673.9016723277,1831938.4811507347,10
-1260210.5889558,1831938.4811507347,10
-1259747.2762392727,1831938.4811507347,10
-1259283.963522745,1831938.4811507347,10
-1258820.6508062177,1831938.4811507347,10
-1258357.33808969,1831938.4811507347,10
-1257894.0253731627,1831938.4811507347,10
-1257430.712656635,1831938.4811507347,10
-1256967.3999401077,1831938.4811507347,10
-1256504.08722358,1831938.4811507347,10
-1256040.7745070527,1831938.4811507347,10
-1255577.4617905251,1831938.4811507347,10
-1255114.1490739975,1831938.4811507347,10
-1254650.8363574701,1831938.4811507347,10
-1254187.5236409425,1831938.4811507347,10
-1253724.2109244152,1831938.4811507347,10
-1253260.8982078875,1831938.4811507347,10
-1252797.5854913602,1831938.4811507347,10
-1252334.2727748326,1831938.4811507347,10
-1251870.9600583052,1831938.4811507347,10
-1251407.6473417776,1831938.4811507347,10
-1250944.3346252502,1831938.4811507347,10
-1250481.0219087226,1831938.4811507347,10
-1250017.7091921952,1831938.4811507347,10
-1249554.3964756676,1831938.4811507347,10
-1249091.0837591402,1831938.4811507347,10
-1248627.7710426126,1831938.4811507347,10
-1248164.458326085,1831938.4811507347,10
-1247701.1456095576,1831938.4811507347,10
-1247237.83289303,1831938.4811507347,10
-1246774.5201765026,1831938.4811507347,10
-1246311.207459975,1831938.4811507347,10
-1245847.8947434477,1831938.4811507347,10
-1245384.58202692,1831938.4811507347,10
-1244921.2693103927,1831938.4811507347,10
-1244457.956593865,1831938.4811507347,10
-1243994.6438773377,1831938.4811507347,10
-1243531.33116081,1831938.4811507347,10
-1243068.0184442827,1831938.4811507347,10
-1242604.705727755,1831938.4811507347,10
-1242141.3930112277,1831938.4811507347,10
-1241678.0802947,1831938.4811507347,10
-1241214.7675781725,1831938.4811507347,10
-1240751.4548616451,1831938.4811507347,10
-1240288.1421451175,1831938.4811507347,10
-1239824.8294285901,1831938.4811507347,10
-1239361.5167120625,1831938.4811507347,10
-1238898.2039955352,1831938.4811507347,10
-1238434.8912790075,1831938.4811507347,10
-1237971.5785624802,1831938.4811507347,10
-1237508.2658459526,1831938.4811507347,10
-1237044.9531294252,1831938.4811507347,10
-1236581.6404128976,1831938.4811507347,10
-1236118.3276963702,1831938.4811507347,10
-1235655.0149798426,1831938.4811507347,10
-1235191.7022633152,1831938.4811507347,10
-1234728.3895467876,1831938.4811507347,10
-1234265.07683026,1831938.4811507347,10
-1233801.7641137326,1831938.4811507347,10
-1233338.4513972052,1831938.4811507347,10
-1232875.1386806776,1831938.4811507347,10
-1232411.82596415,1831938.4811507347,10
-1231948.5132476226,1831938.4811507347,10
-1231485.200531095,1831938.4811507347,10
-1231021.8878145677,1831938.4811507347,10
-1230558.57509804,1831938.4811507347,10
-1230095.2623815127,1831938.4811507347,10
-1229631.949664985,1831938.4811507347,10
-1229168.6369484577,1831938.4811507347,10
-1228705.32423193,1831938.4811507347,10
-1228242.0115154027,1831938.4811507347,10
-1227778.698798875,1831938.4811507347,10
-1227315.3860823475,1831938.4811507347,10
-1226852.07336582,1831938.4811507347,10
-1226388.7606492927,1831938.4811507347,10
-1225925.4479327651,1831938.4811507347,10
-1225462.1352162375,1831938.4811507347,10
-1224998.8224997101,1831938.4811507347,10
-1224535.5097831825,1831938.4811507347,10
-1224072.1970666551,1831938.4811507347,10
-1223608.8843501275,1831938.4811507347,10
-1223145.5716336002,1831938.4811507347,10
-1222682.2589170726,1831938.4811507347,10
-1222218.9462005452,1831938.4811507347,10
-1221755.6334840176,1831938.4811507347,10
-1221292.3207674902,1831938.4811507347,10
-1220829.0080509626,1831938.4811507347,10
-1220365.6953344352,1831938.4811507347,10
-1219902.3826179076,1831938.4811507347,10
-1219439.0699013802,1831938.4811507347,10
-1218975.7571848526,1831938.4811507347,10
-1218512.444468325,1831938.4811507347,10
-1218049.1317517976,1831938.4811507347,10
-1217585.81903527,1831938.4811507347,10
-1217122.5063187426,1831938.4811507347,10
-1216659.193602215,1831938.4811507347,10
-1216195.8808856877,1831938.4811507347,10
-1215732.56816916,1831938.4811507347,10
-1215269.2554526327,1831938.4811507347,10
-1214805.942736105,1831938.4811507347,10
-1214342.6300195777,1831938.4811507347,10
-1213879.31730305,1831938.4811507347,10
-1213416.0045865227,1831938.4811507347,10
-1212952.691869995,1831938.4811507347,10
-1212489.3791534677,1831938.4811507347,10
-1212026.06643694,1831938.4811507347,10
-1211562.7537204125,1831938.4811507347,10
-1211099.4410038851,1831938.4811507347,10
-1210636.1282873575,1831938.4811507347,10
-1210172.8155708301,1831938.4811507347,10
-1209709.5028543025,1831938.4811507347,10
-1209246.1901377751,1831938.4811507347,10
-1208782.8774212475,1831938.4811507347,10
-1208319.5647047202,1831938.4811507347,10
-1207856.2519881926,1831938.4811507347,10
-1207392.9392716652,1831938.4811507347,10
-1206929.6265551376,1831938.4811507347,10
-1206466.3138386102,1831938.4811507347,10
-1206003.0011220826,1831938.4811507347,10
-1205539.6884055552,1831938.4811507347,10
-1205076.3756890276,1831938.4811507347,10
-1204613.0629725,1831938.4811507347,10
-1204149.7502559726,1831938.4811507347,10
-1203686.4375394452,1831938.4811507347,10
-1203223.1248229176,1831938.4811507347,10
-1202759.81210639,1831938.4811507347,10
-1202296.4993898626,1831938.4811507347,10
-1201833.186673335,1831938.4811507347,10
-1201369.8739568077,1831938.4811507347,10
-1200906.56124028,1831938.4811507347,10
-1200443.2485237527,1831938.4811507347,10
-1199979.935807225,1831938.4811507347,10
-1199516.6230906977,1831938.4811507347,10
-1199053.31037417,1831938.4811507347,10
-1198589.9976576427,1831938.4811507347,10
-1198126.684941115,1831938.4811507347,10
-1197663.3722245875,1831938.4811507347,10
-1197200.05950806,1831938.4811507347,10
-1196736.7467915327,1831938.4811507347,10
-1196273.4340750051,1831938.4811507347,10
-1195810.1213584775,1831938.4811507347,10
-1195346.8086419501,1831938.4811507347,10
-1194883.4959254225,1831938.4811507347,10
-1194420.1832088951,1831938.4811507347,10
-1193956.8704923675,1831938.4811507347,10
-1193493.5577758402,1831938.4811507347,10
-1193030.2450593126,1831938.4811507347,10
-1192566.9323427852,1831938.4811507347,10
-1192103.6196262576,1831938.4811507347,10
-1191640.3069097302,1831938.4811507347,10
-1191176.9941932026,1831938.4811507347,10
-1190713.6814766752,1831938.4811507347,10
-1190250.3687601476,1831938.4811507347,10
-1189787.0560436202,1831938.4811507347,10
-1189323.7433270926,1831938.4811507347,10
-1188860.430610565,1831938.4811507347,10
-1188397.1178940376,1831938.4811507347,10
-1187933.80517751,1831938.4811507347,10
-1187470.4924609826,1831938.4811507347,10
-1187007.179744455,1831938.4811507347,10
-1186543.8670279277,1831938.4811507347,10
-1186080.5543114,1831938.4811507347,10
-1185617.2415948727,1831938.4811507347,10
-1185153.928878345,1831938.4811507347,10
-1184690.6161618177,1831938.4811507347,10
-1184227.30344529,1831938.4811507347,10
-1183763.9907287627,1831938.4811507347,10
-1183300.678012235,1831938.4811507347,10
-1182837.3652957077,1831938.4811507347,10
-1182374.05257918,1831938.4811507347,10
-1181910.7398626525,1831938.4811507347,10
-1181447.4271461251,1831938.4811507347,10
-1180984.1144295975,1831938.4811507347,10
-1180520.8017130701,1831938.4811507347,10
-1180057.4889965425,1831938.4811507347,10
-1179594.1762800151,1831938.4811507347,10
-1179130.8635634875,1831938.4811507347,10
-1178667.5508469602,1831938.4811507347,10
-1178204.2381304326,1831938.4811507347,10
-1177740.9254139052,1831938.4811507347,10
-1177277.6126973776,1831938.4811507347,10
-1176814.2999808502,1831938.4811507347,10
-1176350.9872643226,1831938.4811507347,10
-1175887.6745477952,1831938.4811507347,10
-1175424.3618312676,1831938.4811507347,10
-1174961.04911474,1831938.4811507347,10
-1174497.7363982126,1831938.4811507347,10
-1174034.4236816852,1831938.4811507347,10
-1173571.1109651576,1831938.4811507347,10
-1173107.79824863,1831938.4811507347,10
-1172644.4855321026,1831938.4811507347,10
-1172181.172815575,1831938.4811507347,10
-1171717.8600990477,1831938.4811507347,10
-1171254.54738252,1831938.4811507347,10
-1170791.2346659927,1831938.4811507347,10
-1170327.921949465,1831938.4811507347,10
-1169864.6092329377,1831938.4811507347,10
-1169401.29651641,1831938.4811507347,10
-1168937.9837998827,1831938.4811507347,10
-1168474.671083355,1831938.4811507347,10
-1168011.3583668275,1831938.4811507347,10
-1165694.7947841901,1831938.4811507347,10
-1165231.4820676625,1831938.4811507347,10
-1164768.1693511351,1831938.4811507347,10
-1164304.8566346075,1831938.4811507347,10
-1163841.5439180802,1831938.4811507347,10
-1163378.2312015526,1831938.4811507347,10
-1161061.6676189152,1831938.4811507347,10
-1160598.3549023876,1831938.4811507347,10
-1160135.0421858602,1831938.4811507347,10
-1361212.761158795,1831475.1684342073,10
-1360749.4484422677,1831475.1684342073,10
-1360286.13572574,1831475.1684342073,10
-1359822.8230092125,1831475.1684342073,10
-1359359.5102926851,1831475.1684342073,10
-1358896.1975761575,1831475.1684342073,10
-1358432.8848596301,1831475.1684342073,10
-1357969.5721431025,1831475.1684342073,10
-1357506.2594265752,1831475.1684342073,10
-1357042.9467100475,1831475.1684342073,10
-1356579.6339935202,1831475.1684342073,10
-1356116.3212769926,1831475.1684342073,10
-1355653.0085604652,1831475.1684342073,10
-1355189.6958439376,1831475.1684342073,10
-1354726.3831274102,1831475.1684342073,10
-1354263.0704108826,1831475.1684342073,10
-1353799.7576943552,1831475.1684342073,10
-1353336.4449778276,1831475.1684342073,10
-1340363.6889150576,1831475.1684342073,10
-1339900.3761985302,1831475.1684342073,10
-1339437.0634820026,1831475.1684342073,10
-1338973.7507654752,1831475.1684342073,10
-1338510.4380489476,1831475.1684342073,10
-1338047.1253324202,1831475.1684342073,10
-1337583.8126158926,1831475.1684342073,10
-1337120.499899365,1831475.1684342073,10
-1336657.1871828376,1831475.1684342073,10
-1336193.87446631,1831475.1684342073,10
-1335730.5617497826,1831475.1684342073,10
-1335267.249033255,1831475.1684342073,10
-1334803.9363167277,1831475.1684342073,10
-1334340.6236002,1831475.1684342073,10
-1333877.3108836727,1831475.1684342073,10
-1333413.998167145,1831475.1684342073,10
-1332950.6854506177,1831475.1684342073,10
-1332487.37273409,1831475.1684342073,10
-1332024.0600175627,1831475.1684342073,10
-1331560.747301035,1831475.1684342073,10
-1331097.4345845077,1831475.1684342073,10
-1330634.12186798,1831475.1684342073,10
-1330170.8091514525,1831475.1684342073,10
-1329707.4964349251,1831475.1684342073,10
-1329244.1837183975,1831475.1684342073,10
-1328780.8710018701,1831475.1684342073,10
-1328317.5582853425,1831475.1684342073,10
-1327854.2455688152,1831475.1684342073,16
-1327390.9328522875,1831475.1684342073,16
-1326927.6201357602,1831475.1684342073,16
-1326464.3074192326,1831475.1684342073,16
-1326000.9947027052,1831475.1684342073,16
-1325537.6819861776,1831475.1684342073,16
-1325074.3692696502,1831475.1684342073,16
-1324611.0565531226,1831475.1684342073,16
-1324147.7438365952,1831475.1684342073,16
-1323684.4311200676,1831475.1684342073,16
-1323221.11840354,1831475.1684342073,10
-1322757.8056870126,1831475.1684342073,10
-1322294.492970485,1831475.1684342073,10
-1321831.1802539576,1831475.1684342073,10
-1321367.86753743,1831475.1684342073,16
-1320904.5548209026,1831475.1684342073,16
-1320441.242104375,1831475.1684342073,16
-1319977.9293878477,1831475.1684342073,16
-1319514.61667132,1831475.1684342073,16
-1319051.3039547927,1831475.1684342073,16
-1318587.991238265,1831475.1684342073,16
-1318124.6785217377,1831475.1684342073,16
-1317661.36580521,1831475.1684342073,16
-1317198.0530886827,1831475.1684342073,16
-1316734.740372155,1831475.1684342073,16
-1316271.4276556277,1831475.1684342073,16
-1315808.1149391,1831475.1684342073,16
-1315344.8022225727,1831475.1684342073,16
-1314881.4895060451,1831475.1684342073,16
-1314418.1767895175,1831475.1684342073,16
-1313954.8640729901,1831475.1684342073,16
-1313491.5513564625,1831475.1684342073,16
-1313028.2386399352,1831475.1684342073,16
-1312564.9259234075,1831475.1684342073,16
-1312101.6132068802,1831475.1684342073,16
-1311638.3004903526,1831475.1684342073,16
-1311174.9877738252,1831475.1684342073,16
-1310711.6750572976,1831475.1684342073,16
-1310248.3623407702,1831475.1684342073,16
-1309785.0496242426,1831475.1684342073,16
-1309321.7369077152,1831475.1684342073,16
-1308858.4241911876,1831475.1684342073,16
-1308395.1114746602,1831475.1684342073,16
-1307931.7987581326,1831475.1684342073,10
-1307468.486041605,1831475.1684342073,10
-1307005.1733250776,1831475.1684342073,10
-1306541.86060855,1831475.1684342073,10
-1306078.5478920226,1831475.1684342073,16
-1305615.235175495,1831475.1684342073,10
-1305151.9224589677,1831475.1684342073,10
-1304688.60974244,1831475.1684342073,16
-1304225.2970259127,1831475.1684342073,16
-1303761.984309385,1831475.1684342073,16
-1303298.6715928577,1831475.1684342073,16
-1302835.35887633,1831475.1684342073,16
-1302372.0461598027,1831475.1684342073,10
-1301908.733443275,1831475.1684342073,10
-1301445.4207267477,1831475.1684342073,10
-1300982.10801022,1831475.1684342073,10
-1300518.7952936925,1831475.1684342073,10
-1300055.4825771651,1831475.1684342073,10
-1299592.1698606375,1831475.1684342073,10
-1299128.8571441101,1831475.1684342073,10
-1298665.5444275825,1831475.1684342073,10
-1298202.2317110552,1831475.1684342073,10
-1297738.9189945275,1831475.1684342073,10
-1297275.6062780002,1831475.1684342073,10
-1296812.2935614726,1831475.1684342073,10
-1296348.9808449452,1831475.1684342073,10
-1295885.6681284176,1831475.1684342073,10
-1295422.3554118902,1831475.1684342073,10
-1294959.0426953626,1831475.1684342073,10
-1294495.7299788352,1831475.1684342073,16
-1294032.4172623076,1831475.1684342073,16
-1293569.10454578,1831475.1684342073,16
-1293105.7918292526,1831475.1684342073,16
-1292642.479112725,1831475.1684342073,10
-1292179.1663961976,1831475.1684342073,10
-1291715.85367967,1831475.1684342073,10
-1291252.5409631426,1831475.1684342073,10
-1290789.228246615,1831475.1684342073,16
-1290325.9155300877,1831475.1684342073,16
-1289862.60281356,1831475.1684342073,16
-1289399.2900970327,1831475.1684342073,16
-1288935.977380505,1831475.1684342073,16
-1288472.6646639777,1831475.1684342073,16
-1288009.35194745,1831475.1684342073,10
-1287546.0392309227,1831475.1684342073,10
-1287082.726514395,1831475.1684342073,16
-1286619.4137978677,1831475.1684342073,16
-1286156.10108134,1831475.1684342073,16
-1285692.7883648127,1831475.1684342073,16
-1285229.4756482851,1831475.1684342073,16
-1284766.1629317575,1831475.1684342073,16
-1284302.8502152301,1831475.1684342073,10
-1283839.5374987025,1831475.1684342073,10
-1283376.2247821752,1831475.1684342073,10
-1282912.9120656475,1831475.1684342073,10
-1282449.5993491202,1831475.1684342073,10
-1281986.2866325926,1831475.1684342073,10
-1281522.9739160652,1831475.1684342073,10
-1281059.6611995376,1831475.1684342073,10
-1280596.3484830102,1831475.1684342073,10
-1280133.0357664826,1831475.1684342073,10
-1279669.7230499552,1831475.1684342073,10
-1279206.4103334276,1831475.1684342073,10
-1278743.0976169002,1831475.1684342073,10
-1278279.7849003726,1831475.1684342073,10
-1277816.472183845,1831475.1684342073,10
-1277353.1594673176,1831475.1684342073,10
-1276889.84675079,1831475.1684342073,10
-1276426.5340342626,1831475.1684342073,10
-1275963.221317735,1831475.1684342073,10
-1275499.9086012077,1831475.1684342073,10
-1275036.59588468,1831475.1684342073,10
-1274573.2831681527,1831475.1684342073,10
-1274109.970451625,1831475.1684342073,10
-1273646.6577350977,1831475.1684342073,10
-1273183.34501857,1831475.1684342073,10
-1272720.0323020427,1831475.1684342073,10
-1272256.719585515,1831475.1684342073,10
-1271793.4068689877,1831475.1684342073,10
-1271330.09415246,1831475.1684342073,10
-1270866.7814359325,1831475.1684342073,10
-1270403.4687194051,1831475.1684342073,10
-1269940.1560028775,1831475.1684342073,10
-1269476.8432863501,1831475.1684342073,10
-1269013.5305698225,1831475.1684342073,10
-1268550.2178532952,1831475.1684342073,10
-1268086.9051367675,1831475.1684342073,10
-1267623.5924202402,1831475.1684342073,10
-1267160.2797037126,1831475.1684342073,10
-1266696.9669871852,1831475.1684342073,10
-1266233.6542706576,1831475.1684342073,10
-1265770.3415541302,1831475.1684342073,10
-1265307.0288376026,1831475.1684342073,10
-1264843.7161210752,1831475.1684342073,10
-1264380.4034045476,1831475.1684342073,10
-1263917.09068802,1831475.1684342073,10
-1263453.7779714926,1831475.1684342073,10
-1262990.465254965,1831475.1684342073,10
-1262527.1525384376,1831475.1684342073,10
-1262063.83982191,1831475.1684342073,10
-1261600.5271053826,1831475.1684342073,10
-1261137.214388855,1831475.1684342073,10
-1260673.9016723277,1831475.1684342073,10
-1260210.5889558,1831475.1684342073,10
-1259747.2762392727,1831475.1684342073,10
-1259283.963522745,1831475.1684342073,10
-1258820.6508062177,1831475.1684342073,10
-1258357.33808969,1831475.1684342073,10
-1257894.0253731627,1831475.1684342073,10
-1257430.712656635,1831475.1684342073,10
-1256967.3999401077,1831475.1684342073,10
-1256504.08722358,1831475.1684342073,10
-1256040.7745070527,1831475.1684342073,10
-1255577.4617905251,1831475.1684342073,10
-1255114.1490739975,1831475.1684342073,10
-1254650.8363574701,1831475.1684342073,10
-1254187.5236409425,1831475.1684342073,10
-1253724.2109244152,1831475.1684342073,10
-1253260.8982078875,1831475.1684342073,10
-1252797.5854913602,1831475.1684342073,10
-1252334.2727748326,1831475.1684342073,10
-1251870.9600583052,1831475.1684342073,10
-1251407.6473417776,1831475.1684342073,10
-1250944.3346252502,1831475.1684342073,10
-1250481.0219087226,1831475.1684342073,10
-1250017.7091921952,1831475.1684342073,10
-1249554.3964756676,1831475.1684342073,10
-1249091.0837591402,1831475.1684342073,10
-1248627.7710426126,1831475.1684342073,10
-1248164.458326085,1831475.1684342073,10
-1247701.1456095576,1831475.1684342073,10
-1247237.83289303,1831475.1684342073,10
-1246774.5201765026,1831475.1684342073,10
-1246311.207459975,1831475.1684342073,10
-1245847.8947434477,1831475.1684342073,10
-1245384.58202692,1831475.1684342073,10
-1244921.2693103927,1831475.1684342073,10
-1244457.956593865,1831475.1684342073,10
-1243994.6438773377,1831475.1684342073,10
-1243531.33116081,1831475.1684342073,10
-1243068.0184442827,1831475.1684342073,10
-1242604.705727755,1831475.1684342073,10
-1242141.3930112277,1831475.1684342073,10
-1241678.0802947,1831475.1684342073,10
-1241214.7675781725,1831475.1684342073,10
-1240751.4548616451,1831475.1684342073,10
-1240288.1421451175,1831475.1684342073,10
-1239824.8294285901,1831475.1684342073,10
-1239361.5167120625,1831475.1684342073,10
-1238898.2039955352,1831475.1684342073,10
-1238434.8912790075,1831475.1684342073,10
-1237971.5785624802,1831475.1684342073,10
-1237508.2658459526,1831475.1684342073,10
-1237044.9531294252,1831475.1684342073,10
-1236581.6404128976,1831475.1684342073,10
-1236118.3276963702,1831475.1684342073,10
-1235655.0149798426,1831475.1684342073,10
-1235191.7022633152,1831475.1684342073,10
-1234728.3895467876,1831475.1684342073,10
-1234265.07683026,1831475.1684342073,10
-1233801.7641137326,1831475.1684342073,10
-1233338.4513972052,1831475.1684342073,10
-1232875.1386806776,1831475.1684342073,10
-1232411.82596415,1831475.1684342073,10
-1231948.5132476226,1831475.1684342073,10
-1231485.200531095,1831475.1684342073,10
-1231021.8878145677,1831475.1684342073,10
-1230558.57509804,1831475.1684342073,10
-1230095.2623815127,1831475.1684342073,10
-1229631.949664985,1831475.1684342073,10
-1229168.6369484577,1831475.1684342073,10
-1228705.32423193,1831475.1684342073,10
-1228242.0115154027,1831475.1684342073,10
-1227778.698798875,1831475.1684342073,10
-1227315.3860823475,1831475.1684342073,10
-1226852.07336582,1831475.1684342073,10
-1226388.7606492927,1831475.1684342073,10
-1225925.4479327651,1831475.1684342073,10
-1225462.1352162375,1831475.1684342073,10
-1224998.8224997101,1831475.1684342073,10
-1224535.5097831825,1831475.1684342073,10
-1224072.1970666551,1831475.1684342073,10
-1223608.8843501275,1831475.1684342073,10
-1223145.5716336002,1831475.1684342073,10
-1222682.2589170726,1831475.1684342073,10
-1222218.9462005452,1831475.1684342073,10
-1221755.6334840176,1831475.1684342073,10
-1221292.3207674902,1831475.1684342073,10
-1220829.0080509626,1831475.1684342073,10
-1220365.6953344352,1831475.1684342073,10
-1219902.3826179076,1831475.1684342073,10
-1219439.0699013802,1831475.1684342073,10
-1218975.7571848526,1831475.1684342073,10
-1218512.444468325,1831475.1684342073,10
-1218049.1317517976,1831475.1684342073,10
-1217585.81903527,1831475.1684342073,10
-1217122.5063187426,1831475.1684342073,10
-1216659.193602215,1831475.1684342073,10
-1216195.8808856877,1831475.1684342073,10
-1215732.56816916,1831475.1684342073,10
-1215269.2554526327,1831475.1684342073,10
-1214805.942736105,1831475.1684342073,10
-1214342.6300195777,1831475.1684342073,10
-1213879.31730305,1831475.1684342073,10
-1213416.0045865227,1831475.1684342073,10
-1212952.691869995,1831475.1684342073,10
-1212489.3791534677,1831475.1684342073,10
-1212026.06643694,1831475.1684342073,10
-1211562.7537204125,1831475.1684342073,10
-1211099.4410038851,1831475.1684342073,10
-1210636.1282873575,1831475.1684342073,10
-1210172.8155708301,1831475.1684342073,10
-1209709.5028543025,1831475.1684342073,10
-1209246.1901377751,1831475.1684342073,10
-1208782.8774212475,1831475.1684342073,10
-1208319.5647047202,1831475.1684342073,10
-1207856.2519881926,1831475.1684342073,10
-1207392.9392716652,1831475.1684342073,10
-1206929.6265551376,1831475.1684342073,10
-1206466.3138386102,1831475.1684342073,10
-1206003.0011220826,1831475.1684342073,10
-1205539.6884055552,1831475.1684342073,10
-1205076.3756890276,1831475.1684342073,10
-1204613.0629725,1831475.1684342073,10
-1204149.7502559726,1831475.1684342073,10
-1203686.4375394452,1831475.1684342073,10
-1203223.1248229176,1831475.1684342073,10
-1202759.81210639,1831475.1684342073,10
-1202296.4993898626,1831475.1684342073,10
-1201833.186673335,1831475.1684342073,10
-1201369.8739568077,1831475.1684342073,10
-1200906.56124028,1831475.1684342073,10
-1200443.2485237527,1831475.1684342073,10
-1199979.935807225,1831475.1684342073,10
-1199516.6230906977,1831475.1684342073,10
-1199053.31037417,1831475.1684342073,10
-1198589.9976576427,1831475.1684342073,10
-1198126.684941115,1831475.1684342073,10
-1197663.3722245875,1831475.1684342073,10
-1197200.05950806,1831475.1684342073,10
-1196736.7467915327,1831475.1684342073,10
-1196273.4340750051,1831475.1684342073,10
-1195810.1213584775,1831475.1684342073,10
-1195346.8086419501,1831475.1684342073,10
-1194883.4959254225,1831475.1684342073,10
-1194420.1832088951,1831475.1684342073,10
-1193956.8704923675,1831475.1684342073,10
-1193493.5577758402,1831475.1684342073,10
-1193030.2450593126,1831475.1684342073,10
-1192566.9323427852,1831475.1684342073,10
-1192103.6196262576,1831475.1684342073,10
-1191640.3069097302,1831475.1684342073,10
-1191176.9941932026,1831475.1684342073,10
-1190713.6814766752,1831475.1684342073,10
-1190250.3687601476,1831475.1684342073,10
-1189787.0560436202,1831475.1684342073,10
-1189323.7433270926,1831475.1684342073,10
-1188860.430610565,1831475.1684342073,10
-1188397.1178940376,1831475.1684342073,10
-1187933.80517751,1831475.1684342073,10
-1187470.4924609826,1831475.1684342073,10
-1187007.179744455,1831475.1684342073,10
-1186543.8670279277,1831475.1684342073,10
-1186080.5543114,1831475.1684342073,10
-1185617.2415948727,1831475.1684342073,10
-1185153.928878345,1831475.1684342073,10
-1184690.6161618177,1831475.1684342073,10
-1184227.30344529,1831475.1684342073,10
-1183763.9907287627,1831475.1684342073,10
-1183300.678012235,1831475.1684342073,10
-1182837.3652957077,1831475.1684342073,10
-1182374.05257918,1831475.1684342073,10
-1181910.7398626525,1831475.1684342073,10
-1181447.4271461251,1831475.1684342073,10
-1180984.1144295975,1831475.1684342073,10
-1180520.8017130701,1831475.1684342073,10
-1180057.4889965425,1831475.1684342073,10
-1179594.1762800151,1831475.1684342073,10
-1179130.8635634875,1831475.1684342073,10
-1178667.5508469602,1831475.1684342073,10
-1178204.2381304326,1831475.1684342073,10
-1177740.9254139052,1831475.1684342073,10
-1177277.6126973776,1831475.1684342073,10
-1176814.2999808502,1831475.1684342073,10
-1176350.9872643226,1831475.1684342073,10
-1175887.6745477952,1831475.1684342073,10
-1175424.3618312676,1831475.1684342073,10
-1174961.04911474,1831475.1684342073,10
-1174497.7363982126,1831475.1684342073,10
-1174034.4236816852,1831475.1684342073,10
-1173571.1109651576,1831475.1684342073,10
-1173107.79824863,1831475.1684342073,10
-1172644.4855321026,1831475.1684342073,10
-1172181.172815575,1831475.1684342073,10
-1171717.8600990477,1831475.1684342073,10
-1171254.54738252,1831475.1684342073,10
-1170791.2346659927,1831475.1684342073,10
-1170327.921949465,1831475.1684342073,10
-1169864.6092329377,1831475.1684342073,10
-1169401.29651641,1831475.1684342073,10
-1168937.9837998827,1831475.1684342073,10
-1168474.671083355,1831475.1684342073,10
-1168011.3583668275,1831475.1684342073,10
-1166158.1075007175,1831475.1684342073,10
-1165694.7947841901,1831475.1684342073,10
-1165231.4820676625,1831475.1684342073,10
-1164768.1693511351,1831475.1684342073,10
-1164304.8566346075,1831475.1684342073,10
-1163841.5439180802,1831475.1684342073,10
-1163378.2312015526,1831475.1684342073,10
-1161988.2930519702,1831475.1684342073,10
-1161524.9803354426,1831475.1684342073,10
-1161061.6676189152,1831475.1684342073,10
-1160598.3549023876,1831475.1684342073,10
-1160135.0421858602,1831475.1684342073,10
-1159671.7294693326,1831475.1684342073,10
-1159208.416752805,1831475.1684342073,10
-1361212.761158795,1831011.8557176797,10
-1360749.4484422677,1831011.8557176797,10
-1360286.13572574,1831011.8557176797,10
-1359822.8230092125,1831011.8557176797,10
-1359359.5102926851,1831011.8557176797,10
-1358896.1975761575,1831011.8557176797,10
-1358432.8848596301,1831011.8557176797,10
-1357969.5721431025,1831011.8557176797,10
-1357506.2594265752,1831011.8557176797,10
-1357042.9467100475,1831011.8557176797,10
-1356579.6339935202,1831011.8557176797,10
-1356116.3212769926,1831011.8557176797,10
-1355653.0085604652,1831011.8557176797,10
-1355189.6958439376,1831011.8557176797,10
-1354726.3831274102,1831011.8557176797,10
-1354263.0704108826,1831011.8557176797,10
-1353799.7576943552,1831011.8557176797,10
-1338510.4380489476,1831011.8557176797,10
-1338047.1253324202,1831011.8557176797,16
-1337583.8126158926,1831011.8557176797,10
-1337120.499899365,1831011.8557176797,10
-1336657.1871828376,1831011.8557176797,10
-1336193.87446631,1831011.8557176797,10
-1335730.5617497826,1831011.8557176797,10
-1335267.249033255,1831011.8557176797,10
-1334803.9363167277,1831011.8557176797,10
-1334340.6236002,1831011.8557176797,10
-1333877.3108836727,1831011.8557176797,10
-1333413.998167145,1831011.8557176797,10
-1332950.6854506177,1831011.8557176797,10
-1332487.37273409,1831011.8557176797,10
-1332024.0600175627,1831011.8557176797,10
-1331560.747301035,1831011.8557176797,10
-1331097.4345845077,1831011.8557176797,16
-1330634.12186798,1831011.8557176797,10
-1330170.8091514525,1831011.8557176797,10
-1329707.4964349251,1831011.8557176797,10
-1329244.1837183975,1831011.8557176797,10
-1328780.8710018701,1831011.8557176797,10
-1328317.5582853425,1831011.8557176797,10
-1327854.2455688152,1831011.8557176797,10
-1327390.9328522875,1831011.8557176797,16
-1326927.6201357602,1831011.8557176797,16
-1326464.3074192326,1831011.8557176797,16
-1326000.9947027052,1831011.8557176797,16
-1325537.6819861776,1831011.8557176797,16
-1325074.3692696502,1831011.8557176797,16
-1324611.0565531226,1831011.8557176797,16
-1324147.7438365952,1831011.8557176797,16
-1323684.4311200676,1831011.8557176797,16
-1323221.11840354,1831011.8557176797,10
-1322757.8056870126,1831011.8557176797,10
-1322294.492970485,1831011.8557176797,10
-1321831.1802539576,1831011.8557176797,16
-1321367.86753743,1831011.8557176797,16
-1320904.5548209026,1831011.8557176797,16
-1320441.242104375,1831011.8557176797,16
-1319977.9293878477,1831011.8557176797,16
-1319514.61667132,1831011.8557176797,16
-1319051.3039547927,1831011.8557176797,16
-1318587.991238265,1831011.8557176797,16
-1318124.6785217377,1831011.8557176797,16
-1317661.36580521,1831011.8557176797,16
-1317198.0530886827,1831011.8557176797,16
-1316734.740372155,1831011.8557176797,16
-1316271.4276556277,1831011.8557176797,16
-1315808.1149391,1831011.8557176797,16
-1315344.8022225727,1831011.8557176797,16
-1314881.4895060451,1831011.8557176797,16
-1314418.1767895175,1831011.8557176797,16
-1313954.8640729901,1831011.8557176797,16
-1313491.5513564625,1831011.8557176797,16
-1313028.2386399352,1831011.8557176797,16
-1312564.9259234075,1831011.8557176797,16
-1312101.6132068802,1831011.8557176797,16
-1311638.3004903526,1831011.8557176797,16
-1311174.9877738252,1831011.8557176797,16
-1310711.6750572976,1831011.8557176797,16
-1310248.3623407702,1831011.8557176797,16
-1309785.0496242426,1831011.8557176797,16
-1309321.7369077152,1831011.8557176797,16
-1308858.4241911876,1831011.8557176797,16
-1308395.1114746602,1831011.8557176797,16
-1307931.7987581326,1831011.8557176797,10
-1307468.486041605,1831011.8557176797,10
-1307005.1733250776,1831011.8557176797,10
-1306541.86060855,1831011.8557176797,16
-1306078.5478920226,1831011.8557176797,16
-1305615.235175495,1831011.8557176797,16
-1305151.9224589677,1831011.8557176797,16
-1304688.60974244,1831011.8557176797,16
-1304225.2970259127,1831011.8557176797,16
-1303761.984309385,1831011.8557176797,16
-1303298.6715928577,1831011.8557176797,16
-1302835.35887633,1831011.8557176797,16
-1302372.0461598027,1831011.8557176797,10
-1301908.733443275,1831011.8557176797,10
-1301445.4207267477,1831011.8557176797,10
-1300982.10801022,1831011.8557176797,16
-1300518.7952936925,1831011.8557176797,10
-1300055.4825771651,1831011.8557176797,10
-1299592.1698606375,1831011.8557176797,10
-1299128.8571441101,1831011.8557176797,10
-1298665.5444275825,1831011.8557176797,10
-1298202.2317110552,1831011.8557176797,16
-1297738.9189945275,1831011.8557176797,16
-1297275.6062780002,1831011.8557176797,16
-1296812.2935614726,1831011.8557176797,16
-1296348.9808449452,1831011.8557176797,10
-1295885.6681284176,1831011.8557176797,10
-1295422.3554118902,1831011.8557176797,10
-1294959.0426953626,1831011.8557176797,10
-1294495.7299788352,1831011.8557176797,16
-1294032.4172623076,1831011.8557176797,16
-1293569.10454578,1831011.8557176797,16
-1293105.7918292526,1831011.8557176797,10
-1292642.479112725,1831011.8557176797,10
-1292179.1663961976,1831011.8557176797,16
-1291715.85367967,1831011.8557176797,16
-1291252.5409631426,1831011.8557176797,16
-1290789.228246615,1831011.8557176797,16
-1290325.9155300877,1831011.8557176797,16
-1289862.60281356,1831011.8557176797,16
-1289399.2900970327,1831011.8557176797,16
-1288935.977380505,1831011.8557176797,16
-1288472.6646639777,1831011.8557176797,10
-1288009.35194745,1831011.8557176797,10
-1287546.0392309227,1831011.8557176797,10
-1287082.726514395,1831011.8557176797,16
-1286619.4137978677,1831011.8557176797,16
-1286156.10108134,1831011.8557176797,16
-1285692.7883648127,1831011.8557176797,16
-1285229.4756482851,1831011.8557176797,16
-1284766.1629317575,1831011.8557176797,16
-1284302.8502152301,1831011.8557176797,10
-1283839.5374987025,1831011.8557176797,10
-1283376.2247821752,1831011.8557176797,10
-1282912.9120656475,1831011.8557176797,10
-1282449.5993491202,1831011.8557176797,10
-1281986.2866325926,1831011.8557176797,7
-1281522.9739160652,1831011.8557176797,7
-1281059.6611995376,1831011.8557176797,10
-1280596.3484830102,1831011.8557176797,10
-1280133.0357664826,1831011.8557176797,10
-1279669.7230499552,1831011.8557176797,10
-1279206.4103334276,1831011.8557176797,10
-1278743.0976169002,1831011.8557176797,10
-1278279.7849003726,1831011.8557176797,10
-1277816.472183845,1831011.8557176797,10
-1277353.1594673176,1831011.8557176797,10
-1276889.84675079,1831011.8557176797,10
-1276426.5340342626,1831011.8557176797,10
-1275963.221317735,1831011.8557176797,10
-1275499.9086012077,1831011.8557176797,10
-1275036.59588468,1831011.8557176797,10
-1274573.2831681527,1831011.8557176797,10
-1274109.970451625,1831011.8557176797,10
-1273646.6577350977,1831011.8557176797,10
-1273183.34501857,1831011.8557176797,10
-1272720.0323020427,1831011.8557176797,10
-1272256.719585515,1831011.8557176797,10
-1271793.4068689877,1831011.8557176797,10
-1271330.09415246,1831011.8557176797,10
-1270866.7814359325,1831011.8557176797,10
-1270403.4687194051,1831011.8557176797,10
-1269940.1560028775,1831011.8557176797,10
-1269476.8432863501,1831011.8557176797,10
-1269013.5305698225,1831011.8557176797,10
-1268550.2178532952,1831011.8557176797,10
-1268086.9051367675,1831011.8557176797,10
-1267623.5924202402,1831011.8557176797,10
-1267160.2797037126,1831011.8557176797,10
-1266696.9669871852,1831011.8557176797,10
-1266233.6542706576,1831011.8557176797,10
-1265770.3415541302,1831011.8557176797,10
-1265307.0288376026,1831011.8557176797,10
-1264843.7161210752,1831011.8557176797,10
-1264380.4034045476,1831011.8557176797,10
-1263917.09068802,1831011.8557176797,10
-1263453.7779714926,1831011.8557176797,10
-1262990.465254965,1831011.8557176797,10
-1262527.1525384376,1831011.8557176797,10
-1262063.83982191,1831011.8557176797,10
-1261600.5271053826,1831011.8557176797,10
-1261137.214388855,1831011.8557176797,10
-1260673.9016723277,1831011.8557176797,10
-1260210.5889558,1831011.8557176797,10
-1259747.2762392727,1831011.8557176797,10
-1259283.963522745,1831011.8557176797,10
-1258820.6508062177,1831011.8557176797,10
-1258357.33808969,1831011.8557176797,10
-1257894.0253731627,1831011.8557176797,10
-1257430.712656635,1831011.8557176797,10
-1256967.3999401077,1831011.8557176797,10
-1256504.08722358,1831011.8557176797,10
-1256040.7745070527,1831011.8557176797,10
-1255577.4617905251,1831011.8557176797,10
-1255114.1490739975,1831011.8557176797,10
-1254650.8363574701,1831011.8557176797,10
-1254187.5236409425,1831011.8557176797,10
-1253724.2109244152,1831011.8557176797,10
-1253260.8982078875,1831011.8557176797,10
-1252797.5854913602,1831011.8557176797,10
-1252334.2727748326,1831011.8557176797,10
-1251870.9600583052,1831011.8557176797,10
-1251407.6473417776,1831011.8557176797,10
-1250944.3346252502,1831011.8557176797,10
-1250481.0219087226,1831011.8557176797,10
-1250017.7091921952,1831011.8557176797,10
-1249554.3964756676,1831011.8557176797,10
-1249091.0837591402,1831011.8557176797,10
-1248627.7710426126,1831011.8557176797,10
-1248164.458326085,1831011.8557176797,10
-1247701.1456095576,1831011.8557176797,10
-1247237.83289303,1831011.8557176797,10
-1246774.5201765026,1831011.8557176797,10
-1246311.207459975,1831011.8557176797,10
-1245847.8947434477,1831011.8557176797,10
-1245384.58202692,1831011.8557176797,10
-1244921.2693103927,1831011.8557176797,10
-1244457.956593865,1831011.8557176797,10
-1243994.6438773377,1831011.8557176797,10
-1243531.33116081,1831011.8557176797,10
-1243068.0184442827,1831011.8557176797,10
-1242604.705727755,1831011.8557176797,10
-1242141.3930112277,1831011.8557176797,10
-1241678.0802947,1831011.8557176797,10
-1241214.7675781725,1831011.8557176797,10
-1240751.4548616451,1831011.8557176797,10
-1240288.1421451175,1831011.8557176797,10
-1239824.8294285901,1831011.8557176797,10
-1239361.5167120625,1831011.8557176797,10
-1238898.2039955352,1831011.8557176797,10
-1238434.8912790075,1831011.8557176797,10
-1237971.5785624802,1831011.8557176797,10
-1237508.2658459526,1831011.8557176797,10
-1237044.9531294252,1831011.8557176797,10
-1236581.6404128976,1831011.8557176797,10
-1236118.3276963702,1831011.8557176797,10
-1235655.0149798426,1831011.8557176797,10
-1235191.7022633152,1831011.8557176797,10
-1234728.3895467876,1831011.8557176797,10
-1234265.07683026,1831011.8557176797,10
-1233801.7641137326,1831011.8557176797,10
-1233338.4513972052,1831011.8557176797,10
-1232875.1386806776,1831011.8557176797,10
-1232411.82596415,1831011.8557176797,10
-1231948.5132476226,1831011.8557176797,10
-1231485.200531095,1831011.8557176797,10
-1231021.8878145677,1831011.8557176797,10
-1230558.57509804,1831011.8557176797,10
-1230095.2623815127,1831011.8557176797,10
-1229631.949664985,1831011.8557176797,10
-1229168.6369484577,1831011.8557176797,10
-1228705.32423193,1831011.8557176797,10
-1228242.0115154027,1831011.8557176797,10
-1227778.698798875,1831011.8557176797,10
-1227315.3860823475,1831011.8557176797,10
-1226852.07336582,1831011.8557176797,10
-1226388.7606492927,1831011.8557176797,10
-1225925.4479327651,1831011.8557176797,10
-1225462.1352162375,1831011.8557176797,10
-1224998.8224997101,1831011.8557176797,10
-1224535.5097831825,1831011.8557176797,10
-1224072.1970666551,1831011.8557176797,10
-1223608.8843501275,1831011.8557176797,10
-1223145.5716336002,1831011.8557176797,10
-1222682.2589170726,1831011.8557176797,10
-1222218.9462005452,1831011.8557176797,10
-1221755.6334840176,1831011.8557176797,10
-1221292.3207674902,1831011.8557176797,10
-1220829.0080509626,1831011.8557176797,10
-1220365.6953344352,1831011.8557176797,10
-1219902.3826179076,1831011.8557176797,10
-1219439.0699013802,1831011.8557176797,10
-1218975.7571848526,1831011.8557176797,10
-1218512.444468325,1831011.8557176797,10
-1218049.1317517976,1831011.8557176797,10
-1217585.81903527,1831011.8557176797,10
-1217122.5063187426,1831011.8557176797,10
-1216659.193602215,1831011.8557176797,10
-1216195.8808856877,1831011.8557176797,10
-1215732.56816916,1831011.8557176797,10
-1215269.2554526327,1831011.8557176797,10
-1214805.942736105,1831011.8557176797,10
-1214342.6300195777,1831011.8557176797,10
-1213879.31730305,1831011.8557176797,10
-1213416.0045865227,1831011.8557176797,10
-1212952.691869995,1831011.8557176797,10
-1212489.3791534677,1831011.8557176797,10
-1212026.06643694,1831011.8557176797,10
-1211562.7537204125,1831011.8557176797,10
-1211099.4410038851,1831011.8557176797,10
-1210636.1282873575,1831011.8557176797,10
-1210172.8155708301,1831011.8557176797,10
-1209709.5028543025,1831011.8557176797,10
-1209246.1901377751,1831011.8557176797,10
-1208782.8774212475,1831011.8557176797,10
-1208319.5647047202,1831011.8557176797,10
-1207856.2519881926,1831011.8557176797,10
-1207392.9392716652,1831011.8557176797,10
-1206929.6265551376,1831011.8557176797,10
-1206466.3138386102,1831011.8557176797,10
-1206003.0011220826,1831011.8557176797,10
-1205539.6884055552,1831011.8557176797,10
-1205076.3756890276,1831011.8557176797,10
-1204613.0629725,1831011.8557176797,10
-1204149.7502559726,1831011.8557176797,10
-1203686.4375394452,1831011.8557176797,10
-1203223.1248229176,1831011.8557176797,10
-1202759.81210639,1831011.8557176797,10
-1202296.4993898626,1831011.8557176797,10
-1201833.186673335,1831011.8557176797,10
-1201369.8739568077,1831011.8557176797,10
-1200906.56124028,1831011.8557176797,10
-1200443.2485237527,1831011.8557176797,10
-1199979.935807225,1831011.8557176797,10
-1199516.6230906977,1831011.8557176797,10
-1199053.31037417,1831011.8557176797,10
-1198589.9976576427,1831011.8557176797,10
-1198126.684941115,1831011.8557176797,10
-1197663.3722245875,1831011.8557176797,10
-1197200.05950806,1831011.8557176797,10
-1196736.7467915327,1831011.8557176797,10
-1196273.4340750051,1831011.8557176797,10
-1195810.1213584775,1831011.8557176797,10
-1195346.8086419501,1831011.8557176797,10
-1194883.4959254225,1831011.8557176797,10
-1194420.1832088951,1831011.8557176797,10
-1193956.8704923675,1831011.8557176797,10
-1193493.5577758402,1831011.8557176797,10
-1193030.2450593126,1831011.8557176797,10
-1192566.9323427852,1831011.8557176797,10
-1192103.6196262576,1831011.8557176797,10
-1191640.3069097302,1831011.8557176797,10
-1191176.9941932026,1831011.8557176797,10
-1190713.6814766752,1831011.8557176797,10
-1190250.3687601476,1831011.8557176797,10
-1189787.0560436202,1831011.8557176797,10
-1189323.7433270926,1831011.8557176797,10
-1188860.430610565,1831011.8557176797,10
-1188397.1178940376,1831011.8557176797,10
-1187933.80517751,1831011.8557176797,10
-1187470.4924609826,1831011.8557176797,10
-1187007.179744455,1831011.8557176797,10
-1186543.8670279277,1831011.8557176797,10
-1186080.5543114,1831011.8557176797,10
-1185617.2415948727,1831011.8557176797,10
-1185153.928878345,1831011.8557176797,10
-1184690.6161618177,1831011.8557176797,10
-1184227.30344529,1831011.8557176797,10
-1183763.9907287627,1831011.8557176797,10
-1183300.678012235,1831011.8557176797,10
-1182837.3652957077,1831011.8557176797,10
-1182374.05257918,1831011.8557176797,10
-1181910.7398626525,1831011.8557176797,10
-1181447.4271461251,1831011.8557176797,10
-1180984.1144295975,1831011.8557176797,10
-1180520.8017130701,1831011.8557176797,10
-1180057.4889965425,1831011.8557176797,10
-1179594.1762800151,1831011.8557176797,10
-1179130.8635634875,1831011.8557176797,10
-1178667.5508469602,1831011.8557176797,10
-1178204.2381304326,1831011.8557176797,10
-1177740.9254139052,1831011.8557176797,10
-1177277.6126973776,1831011.8557176797,10
-1176814.2999808502,1831011.8557176797,10
-1176350.9872643226,1831011.8557176797,10
-1175887.6745477952,1831011.8557176797,10
-1175424.3618312676,1831011.8557176797,10
-1174961.04911474,1831011.8557176797,10
-1174497.7363982126,1831011.8557176797,10
-1174034.4236816852,1831011.8557176797,10
-1173571.1109651576,1831011.8557176797,10
-1173107.79824863,1831011.8557176797,10
-1172644.4855321026,1831011.8557176797,10
-1172181.172815575,1831011.8557176797,10
-1171717.8600990477,1831011.8557176797,10
-1171254.54738252,1831011.8557176797,10
-1170791.2346659927,1831011.8557176797,10
-1170327.921949465,1831011.8557176797,10
-1169864.6092329377,1831011.8557176797,10
-1169401.29651641,1831011.8557176797,10
-1168937.9837998827,1831011.8557176797,10
-1168474.671083355,1831011.8557176797,10
-1166158.1075007175,1831011.8557176797,10
-1165694.7947841901,1831011.8557176797,10
-1165231.4820676625,1831011.8557176797,10
-1164768.1693511351,1831011.8557176797,10
-1164304.8566346075,1831011.8557176797,10
-1163841.5439180802,1831011.8557176797,10
-1163378.2312015526,1831011.8557176797,10
-1162914.9184850252,1831011.8557176797,10
-1162451.6057684976,1831011.8557176797,10
-1161988.2930519702,1831011.8557176797,10
-1161524.9803354426,1831011.8557176797,10
-1161061.6676189152,1831011.8557176797,10
-1160598.3549023876,1831011.8557176797,10
-1160135.0421858602,1831011.8557176797,10
-1159671.7294693326,1831011.8557176797,10
-1159208.416752805,1831011.8557176797,10
-1361212.761158795,1830548.543001152,10
-1360749.4484422677,1830548.543001152,10
-1360286.13572574,1830548.543001152,10
-1359822.8230092125,1830548.543001152,10
-1359359.5102926851,1830548.543001152,10
-1358896.1975761575,1830548.543001152,10
-1358432.8848596301,1830548.543001152,10
-1357969.5721431025,1830548.543001152,10
-1357506.2594265752,1830548.543001152,10
-1357042.9467100475,1830548.543001152,10
-1356579.6339935202,1830548.543001152,10
-1356116.3212769926,1830548.543001152,10
-1355653.0085604652,1830548.543001152,10
-1355189.6958439376,1830548.543001152,10
-1354726.3831274102,1830548.543001152,10
-1336193.87446631,1830548.543001152,10
-1335730.5617497826,1830548.543001152,10
-1335267.249033255,1830548.543001152,10
-1334803.9363167277,1830548.543001152,10
-1334340.6236002,1830548.543001152,10
-1333877.3108836727,1830548.543001152,16
-1333413.998167145,1830548.543001152,16
-1332950.6854506177,1830548.543001152,16
-1332487.37273409,1830548.543001152,10
-1332024.0600175627,1830548.543001152,10
-1331560.747301035,1830548.543001152,16
-1331097.4345845077,1830548.543001152,16
-1330634.12186798,1830548.543001152,16
-1330170.8091514525,1830548.543001152,16
-1329707.4964349251,1830548.543001152,16
-1329244.1837183975,1830548.543001152,16
-1328780.8710018701,1830548.543001152,16
-1328317.5582853425,1830548.543001152,10
-1327854.2455688152,1830548.543001152,10
-1327390.9328522875,1830548.543001152,16
-1326927.6201357602,1830548.543001152,16
-1326464.3074192326,1830548.543001152,16
-1326000.9947027052,1830548.543001152,16
-1325537.6819861776,1830548.543001152,16
-1325074.3692696502,1830548.543001152,16
-1324611.0565531226,1830548.543001152,16
-1324147.7438365952,1830548.543001152,16
-1323684.4311200676,1830548.543001152,10
-1323221.11840354,1830548.543001152,10
-1322757.8056870126,1830548.543001152,10
-1322294.492970485,1830548.543001152,10
-1321831.1802539576,1830548.543001152,16
-1321367.86753743,1830548.543001152,16
-1320904.5548209026,1830548.543001152,16
-1320441.242104375,1830548.543001152,16
-1319977.9293878477,1830548.543001152,10
-1319514.61667132,1830548.543001152,16
-1319051.3039547927,1830548.543001152,16
-1318587.991238265,1830548.543001152,16
-1318124.6785217377,1830548.543001152,16
-1317661.36580521,1830548.543001152,16
-1317198.0530886827,1830548.543001152,16
-1316734.740372155,1830548.543001152,16
-1316271.4276556277,1830548.543001152,16
-1315808.1149391,1830548.543001152,16
-1315344.8022225727,1830548.543001152,16
-1314881.4895060451,1830548.543001152,16
-1314418.1767895175,1830548.543001152,16
-1313954.8640729901,1830548.543001152,16
-1313491.5513564625,1830548.543001152,16
-1313028.2386399352,1830548.543001152,16
-1312564.9259234075,1830548.543001152,16
-1312101.6132068802,1830548.543001152,16
-1311638.3004903526,1830548.543001152,16
-1311174.9877738252,1830548.543001152,16
-1310711.6750572976,1830548.543001152,16
-1310248.3623407702,1830548.543001152,16
-1309785.0496242426,1830548.543001152,16
-1309321.7369077152,1830548.543001152,16
-1308858.4241911876,1830548.543001152,10
-1308395.1114746602,1830548.543001152,10
-1307931.7987581326,1830548.543001152,10
-1307468.486041605,1830548.543001152,10
-1307005.1733250776,1830548.543001152,10
-1306541.86060855,1830548.543001152,16
-1306078.5478920226,1830548.543001152,16
-1305615.235175495,1830548.543001152,16
-1305151.9224589677,1830548.543001152,16
-1304688.60974244,1830548.543001152,16
-1304225.2970259127,1830548.543001152,16
-1303761.984309385,1830548.543001152,16
-1303298.6715928577,1830548.543001152,16
-1302835.35887633,1830548.543001152,10
-1302372.0461598027,1830548.543001152,16
-1301908.733443275,1830548.543001152,16
-1301445.4207267477,1830548.543001152,16
-1300982.10801022,1830548.543001152,16
-1300518.7952936925,1830548.543001152,10
-1300055.4825771651,1830548.543001152,10
-1299592.1698606375,1830548.543001152,10
-1299128.8571441101,1830548.543001152,16
-1298665.5444275825,1830548.543001152,16
-1298202.2317110552,1830548.543001152,16
-1297738.9189945275,1830548.543001152,16
-1297275.6062780002,1830548.543001152,16
-1296812.2935614726,1830548.543001152,16
-1296348.9808449452,1830548.543001152,10
-1295885.6681284176,1830548.543001152,10
-1295422.3554118902,1830548.543001152,10
-1294959.0426953626,1830548.543001152,10
-1294495.7299788352,1830548.543001152,10
-1294032.4172623076,1830548.543001152,16
-1293569.10454578,1830548.543001152,16
-1293105.7918292526,1830548.543001152,16
-1292642.479112725,1830548.543001152,16
-1292179.1663961976,1830548.543001152,16
-1291715.85367967,1830548.543001152,16
-1291252.5409631426,1830548.543001152,16
-1290789.228246615,1830548.543001152,16
-1290325.9155300877,1830548.543001152,16
-1289862.60281356,1830548.543001152,16
-1289399.2900970327,1830548.543001152,10
-1288935.977380505,1830548.543001152,16
-1288472.6646639777,1830548.543001152,10
-1288009.35194745,1830548.543001152,10
-1287546.0392309227,1830548.543001152,10
-1287082.726514395,1830548.543001152,16
-1286619.4137978677,1830548.543001152,16
-1286156.10108134,1830548.543001152,16
-1285692.7883648127,1830548.543001152,16
-1285229.4756482851,1830548.543001152,16
-1284766.1629317575,1830548.543001152,10
-1284302.8502152301,1830548.543001152,10
-1283839.5374987025,1830548.543001152,10
-1283376.2247821752,1830548.543001152,10
-1282912.9120656475,1830548.543001152,10
-1282449.5993491202,1830548.543001152,7
-1281986.2866325926,1830548.543001152,7
-1281522.9739160652,1830548.543001152,7
-1281059.6611995376,1830548.543001152,10
-1280596.3484830102,1830548.543001152,10
-1280133.0357664826,1830548.543001152,10
-1279669.7230499552,1830548.543001152,10
-1279206.4103334276,1830548.543001152,10
-1278743.0976169002,1830548.543001152,10
-1278279.7849003726,1830548.543001152,10
-1277816.472183845,1830548.543001152,10
-1277353.1594673176,1830548.543001152,10
-1276889.84675079,1830548.543001152,10
-1276426.5340342626,1830548.543001152,10
-1275963.221317735,1830548.543001152,10
-1275499.9086012077,1830548.543001152,10
-1275036.59588468,1830548.543001152,10
-1274573.2831681527,1830548.543001152,10
-1274109.970451625,1830548.543001152,10
-1273646.6577350977,1830548.543001152,10
-1273183.34501857,1830548.543001152,10
-1272720.0323020427,1830548.543001152,10
-1272256.719585515,1830548.543001152,10
-1271793.4068689877,1830548.543001152,10
-1271330.09415246,1830548.543001152,10
-1270866.7814359325,1830548.543001152,10
-1270403.4687194051,1830548.543001152,10
-1269940.1560028775,1830548.543001152,10
-1269476.8432863501,1830548.543001152,10
-1269013.5305698225,1830548.543001152,10
-1268550.2178532952,1830548.543001152,10
-1268086.9051367675,1830548.543001152,10
-1267623.5924202402,1830548.543001152,10
-1267160.2797037126,1830548.543001152,10
-1266696.9669871852,1830548.543001152,10
-1266233.6542706576,1830548.543001152,10
-1265770.3415541302,1830548.543001152,10
-1265307.0288376026,1830548.543001152,10
-1264843.7161210752,1830548.543001152,10
-1264380.4034045476,1830548.543001152,10
-1263917.09068802,1830548.543001152,10
-1263453.7779714926,1830548.543001152,10
-1262990.465254965,1830548.543001152,10
-1262527.1525384376,1830548.543001152,10
-1262063.83982191,1830548.543001152,10
-1261600.5271053826,1830548.543001152,10
-1261137.214388855,1830548.543001152,10
-1260673.9016723277,1830548.543001152,10
-1260210.5889558,1830548.543001152,10
-1259747.2762392727,1830548.543001152,10
-1259283.963522745,1830548.543001152,10
-1258820.6508062177,1830548.543001152,10
-1258357.33808969,1830548.543001152,10
-1257894.0253731627,1830548.543001152,10
-1257430.712656635,1830548.543001152,10
-1256967.3999401077,1830548.543001152,10
-1256504.08722358,1830548.543001152,10
-1256040.7745070527,1830548.543001152,10
-1255577.4617905251,1830548.543001152,10
-1255114.1490739975,1830548.543001152,10
-1254650.8363574701,1830548.543001152,10
-1254187.5236409425,1830548.543001152,10
-1253724.2109244152,1830548.543001152,10
-1253260.8982078875,1830548.543001152,10
-1252797.5854913602,1830548.543001152,10
-1252334.2727748326,1830548.543001152,10
-1251870.9600583052,1830548.543001152,10
-1251407.6473417776,1830548.543001152,10
-1250944.3346252502,1830548.543001152,10
-1250481.0219087226,1830548.543001152,10
-1250017.7091921952,1830548.543001152,10
-1249554.3964756676,1830548.543001152,10
-1249091.0837591402,1830548.543001152,10
-1248627.7710426126,1830548.543001152,10
-1248164.458326085,1830548.543001152,10
-1247701.1456095576,1830548.543001152,10
-1247237.83289303,1830548.543001152,10
-1246774.5201765026,1830548.543001152,10
-1246311.207459975,1830548.543001152,10
-1245847.8947434477,1830548.543001152,10
-1245384.58202692,1830548.543001152,10
-1244921.2693103927,1830548.543001152,10
-1244457.956593865,1830548.543001152,10
-1243994.6438773377,1830548.543001152,10
-1243531.33116081,1830548.543001152,10
-1243068.0184442827,1830548.543001152,10
-1242604.705727755,1830548.543001152,10
-1242141.3930112277,1830548.543001152,10
-1241678.0802947,1830548.543001152,10
-1241214.7675781725,1830548.543001152,10
-1240751.4548616451,1830548.543001152,10
-1240288.1421451175,1830548.543001152,10
-1239824.8294285901,1830548.543001152,10
-1239361.5167120625,1830548.543001152,10
-1238898.2039955352,1830548.543001152,10
-1238434.8912790075,1830548.543001152,10
-1237971.5785624802,1830548.543001152,10
-1237508.2658459526,1830548.543001152,10
-1237044.9531294252,1830548.543001152,10
-1236581.6404128976,1830548.543001152,10
-1236118.3276963702,1830548.543001152,10
-1235655.0149798426,1830548.543001152,10
-1235191.7022633152,1830548.543001152,10
-1234728.3895467876,1830548.543001152,10
-1234265.07683026,1830548.543001152,10
-1233801.7641137326,1830548.543001152,10
-1233338.4513972052,1830548.543001152,10
-1232875.1386806776,1830548.543001152,10
-1232411.82596415,1830548.543001152,10
-1231948.5132476226,1830548.543001152,10
-1231485.200531095,1830548.543001152,10
-1231021.8878145677,1830548.543001152,10
-1230558.57509804,1830548.543001152,10
-1230095.2623815127,1830548.543001152,10
-1229631.949664985,1830548.543001152,10
-1229168.6369484577,1830548.543001152,10
-1228705.32423193,1830548.543001152,10
-1228242.0115154027,1830548.543001152,10
-1227778.698798875,1830548.543001152,10
-1227315.3860823475,1830548.543001152,10
-1226852.07336582,1830548.543001152,10
-1226388.7606492927,1830548.543001152,10
-1225925.4479327651,1830548.543001152,10
-1225462.1352162375,1830548.543001152,10
-1224998.8224997101,1830548.543001152,10
-1224535.5097831825,1830548.543001152,10
-1224072.1970666551,1830548.543001152,10
-1223608.8843501275,1830548.543001152,10
-1223145.5716336002,1830548.543001152,10
-1222682.2589170726,1830548.543001152,10
-1222218.9462005452,1830548.543001152,10
-1221755.6334840176,1830548.543001152,10
-1221292.3207674902,1830548.543001152,10
-1220829.0080509626,1830548.543001152,10
-1220365.6953344352,1830548.543001152,10
-1219902.3826179076,1830548.543001152,10
-1219439.0699013802,1830548.543001152,10
-1218975.7571848526,1830548.543001152,10
-1218512.444468325,1830548.543001152,10
-1218049.1317517976,1830548.543001152,10
-1217585.81903527,1830548.543001152,10
-1217122.5063187426,1830548.543001152,10
-1216659.193602215,1830548.543001152,10
-1216195.8808856877,1830548.543001152,10
-1215732.56816916,1830548.543001152,10
-1215269.2554526327,1830548.543001152,10
-1214805.942736105,1830548.543001152,10
-1214342.6300195777,1830548.543001152,10
-1213879.31730305,1830548.543001152,10
-1213416.0045865227,1830548.543001152,10
-1212952.691869995,1830548.543001152,10
-1212489.3791534677,1830548.543001152,10
-1212026.06643694,1830548.543001152,10
-1211562.7537204125,1830548.543001152,10
-1211099.4410038851,1830548.543001152,10
-1210636.1282873575,1830548.543001152,10
-1210172.8155708301,1830548.543001152,10
-1209709.5028543025,1830548.543001152,10
-1209246.1901377751,1830548.543001152,10
-1208782.8774212475,1830548.543001152,10
-1208319.5647047202,1830548.543001152,10
-1207856.2519881926,1830548.543001152,10
-1207392.9392716652,1830548.543001152,10
-1206929.6265551376,1830548.543001152,10
-1206466.3138386102,1830548.543001152,10
-1206003.0011220826,1830548.543001152,10
-1205539.6884055552,1830548.543001152,10
-1205076.3756890276,1830548.543001152,10
-1204613.0629725,1830548.543001152,10
-1204149.7502559726,1830548.543001152,10
-1203686.4375394452,1830548.543001152,10
-1203223.1248229176,1830548.543001152,10
-1202759.81210639,1830548.543001152,10
-1202296.4993898626,1830548.543001152,10
-1201833.186673335,1830548.543001152,10
-1201369.8739568077,1830548.543001152,10
-1200906.56124028,1830548.543001152,10
-1200443.2485237527,1830548.543001152,10
-1199979.935807225,1830548.543001152,10
-1199516.6230906977,1830548.543001152,10
-1199053.31037417,1830548.543001152,10
-1198589.9976576427,1830548.543001152,10
-1198126.684941115,1830548.543001152,10
-1197663.3722245875,1830548.543001152,10
-1197200.05950806,1830548.543001152,10
-1196736.7467915327,1830548.543001152,10
-1196273.4340750051,1830548.543001152,10
-1195810.1213584775,1830548.543001152,10
-1195346.8086419501,1830548.543001152,10
-1194883.4959254225,1830548.543001152,10
-1194420.1832088951,1830548.543001152,10
-1193956.8704923675,1830548.543001152,10
-1193493.5577758402,1830548.543001152,10
-1193030.2450593126,1830548.543001152,10
-1192566.9323427852,1830548.543001152,10
-1192103.6196262576,1830548.543001152,10
-1191640.3069097302,1830548.543001152,10
-1191176.9941932026,1830548.543001152,10
-1190713.6814766752,1830548.543001152,10
-1190250.3687601476,1830548.543001152,10
-1189787.0560436202,1830548.543001152,10
-1189323.7433270926,1830548.543001152,10
-1188860.430610565,1830548.543001152,10
-1188397.1178940376,1830548.543001152,10
-1187933.80517751,1830548.543001152,10
-1187470.4924609826,1830548.543001152,10
-1187007.179744455,1830548.543001152,10
-1186543.8670279277,1830548.543001152,10
-1186080.5543114,1830548.543001152,10
-1185617.2415948727,1830548.543001152,10
-1185153.928878345,1830548.543001152,10
-1184690.6161618177,1830548.543001152,10
-1184227.30344529,1830548.543001152,10
-1183763.9907287627,1830548.543001152,10
-1183300.678012235,1830548.543001152,10
-1182837.3652957077,1830548.543001152,10
-1182374.05257918,1830548.543001152,10
-1181910.7398626525,1830548.543001152,10
-1181447.4271461251,1830548.543001152,10
-1180984.1144295975,1830548.543001152,10
-1180520.8017130701,1830548.543001152,10
-1180057.4889965425,1830548.543001152,10
-1179594.1762800151,1830548.543001152,10
-1179130.8635634875,1830548.543001152,10
-1178667.5508469602,1830548.543001152,10
-1178204.2381304326,1830548.543001152,10
-1177740.9254139052,1830548.543001152,10
-1177277.6126973776,1830548.543001152,10
-1176814.2999808502,1830548.543001152,10
-1176350.9872643226,1830548.543001152,10
-1175887.6745477952,1830548.543001152,10
-1175424.3618312676,1830548.543001152,10
-1174961.04911474,1830548.543001152,10
-1174497.7363982126,1830548.543001152,10
-1174034.4236816852,1830548.543001152,10
-1173571.1109651576,1830548.543001152,10
-1173107.79824863,1830548.543001152,10
-1172644.4855321026,1830548.543001152,10
-1172181.172815575,1830548.543001152,10
-1171717.8600990477,1830548.543001152,10
-1171254.54738252,1830548.543001152,10
-1170791.2346659927,1830548.543001152,10
-1170327.921949465,1830548.543001152,10
-1166621.4202172451,1830548.543001152,10
-1166158.1075007175,1830548.543001152,10
-1165694.7947841901,1830548.543001152,10
-1165231.4820676625,1830548.543001152,10
-1164768.1693511351,1830548.543001152,10
-1164304.8566346075,1830548.543001152,10
-1163841.5439180802,1830548.543001152,10
-1163378.2312015526,1830548.543001152,10
-1162914.9184850252,1830548.543001152,10
-1162451.6057684976,1830548.543001152,10
-1161988.2930519702,1830548.543001152,10
-1161524.9803354426,1830548.543001152,10
-1161061.6676189152,1830548.543001152,10
-1160598.3549023876,1830548.543001152,10
-1160135.0421858602,1830548.543001152,10
-1159671.7294693326,1830548.543001152,10
-1360749.4484422677,1830085.2302846247,10
-1357506.2594265752,1830085.2302846247,10
-1357042.9467100475,1830085.2302846247,10
-1356579.6339935202,1830085.2302846247,10
-1356116.3212769926,1830085.2302846247,10
-1355653.0085604652,1830085.2302846247,10
-1355189.6958439376,1830085.2302846247,10
-1334340.6236002,1830085.2302846247,10
-1333877.3108836727,1830085.2302846247,16
-1333413.998167145,1830085.2302846247,16
-1332950.6854506177,1830085.2302846247,16
-1332487.37273409,1830085.2302846247,16
-1332024.0600175627,1830085.2302846247,10
-1331560.747301035,1830085.2302846247,16
-1331097.4345845077,1830085.2302846247,16
-1330634.12186798,1830085.2302846247,16
-1330170.8091514525,1830085.2302846247,16
-1329707.4964349251,1830085.2302846247,16
-1329244.1837183975,1830085.2302846247,16
-1328780.8710018701,1830085.2302846247,16
-1328317.5582853425,1830085.2302846247,16
-1327854.2455688152,1830085.2302846247,16
-1327390.9328522875,1830085.2302846247,10
-1326927.6201357602,1830085.2302846247,16
-1326464.3074192326,1830085.2302846247,16
-1326000.9947027052,1830085.2302846247,16
-1325537.6819861776,1830085.2302846247,16
-1325074.3692696502,1830085.2302846247,16
-1324611.0565531226,1830085.2302846247,10
-1324147.7438365952,1830085.2302846247,10
-1323684.4311200676,1830085.2302846247,10
-1323221.11840354,1830085.2302846247,10
-1322757.8056870126,1830085.2302846247,10
-1322294.492970485,1830085.2302846247,10
-1321831.1802539576,1830085.2302846247,16
-1321367.86753743,1830085.2302846247,16
-1320904.5548209026,1830085.2302846247,16
-1320441.242104375,1830085.2302846247,16
-1319977.9293878477,1830085.2302846247,16
-1319514.61667132,1830085.2302846247,16
-1319051.3039547927,1830085.2302846247,16
-1318587.991238265,1830085.2302846247,16
-1318124.6785217377,1830085.2302846247,16
-1317661.36580521,1830085.2302846247,16
-1317198.0530886827,1830085.2302846247,16
-1316734.740372155,1830085.2302846247,16
-1316271.4276556277,1830085.2302846247,16
-1315808.1149391,1830085.2302846247,16
-1315344.8022225727,1830085.2302846247,16
-1314881.4895060451,1830085.2302846247,16
-1314418.1767895175,1830085.2302846247,16
-1313954.8640729901,1830085.2302846247,16
-1313491.5513564625,1830085.2302846247,16
-1313028.2386399352,1830085.2302846247,16
-1312564.9259234075,1830085.2302846247,16
-1312101.6132068802,1830085.2302846247,16
-1311638.3004903526,1830085.2302846247,16
-1311174.9877738252,1830085.2302846247,16
-1310711.6750572976,1830085.2302846247,16
-1310248.3623407702,1830085.2302846247,10
-1309785.0496242426,1830085.2302846247,10
-1309321.7369077152,1830085.2302846247,10
-1308858.4241911876,1830085.2302846247,10
-1308395.1114746602,1830085.2302846247,10
-1307931.7987581326,1830085.2302846247,10
-1307468.486041605,1830085.2302846247,10
-1307005.1733250776,1830085.2302846247,10
-1306541.86060855,1830085.2302846247,16
-1306078.5478920226,1830085.2302846247,16
-1305615.235175495,1830085.2302846247,16
-1305151.9224589677,1830085.2302846247,16
-1304688.60974244,1830085.2302846247,16
-1304225.2970259127,1830085.2302846247,16
-1303761.984309385,1830085.2302846247,7
-1303298.6715928577,1830085.2302846247,7
-1302835.35887633,1830085.2302846247,10
-1302372.0461598027,1830085.2302846247,16
-1301908.733443275,1830085.2302846247,16
-1301445.4207267477,1830085.2302846247,16
-1300982.10801022,1830085.2302846247,16
-1300518.7952936925,1830085.2302846247,16
-1300055.4825771651,1830085.2302846247,16
-1299592.1698606375,1830085.2302846247,16
-1299128.8571441101,1830085.2302846247,16
-1298665.5444275825,1830085.2302846247,16
-1298202.2317110552,1830085.2302846247,16
-1297738.9189945275,1830085.2302846247,16
-1297275.6062780002,1830085.2302846247,16
-1296812.2935614726,1830085.2302846247,16
-1296348.9808449452,1830085.2302846247,16
-1295885.6681284176,1830085.2302846247,16
-1295422.3554118902,1830085.2302846247,10
-1294959.0426953626,1830085.2302846247,10
-1294495.7299788352,1830085.2302846247,10
-1294032.4172623076,1830085.2302846247,10
-1293569.10454578,1830085.2302846247,10
-1293105.7918292526,1830085.2302846247,16
-1292642.479112725,1830085.2302846247,16
-1292179.1663961976,1830085.2302846247,16
-1291715.85367967,1830085.2302846247,16
-1291252.5409631426,1830085.2302846247,16
-1290789.228246615,1830085.2302846247,16
-1290325.9155300877,1830085.2302846247,16
-1289862.60281356,1830085.2302846247,10
-1289399.2900970327,1830085.2302846247,10
-1288935.977380505,1830085.2302846247,16
-1288472.6646639777,1830085.2302846247,10
-1288009.35194745,1830085.2302846247,10
-1287546.0392309227,1830085.2302846247,16
-1287082.726514395,1830085.2302846247,16
-1286619.4137978677,1830085.2302846247,10
-1286156.10108134,1830085.2302846247,10
-1285692.7883648127,1830085.2302846247,10
-1285229.4756482851,1830085.2302846247,10
-1284766.1629317575,1830085.2302846247,10
-1284302.8502152301,1830085.2302846247,10
-1283839.5374987025,1830085.2302846247,10
-1283376.2247821752,1830085.2302846247,10
-1282912.9120656475,1830085.2302846247,7
-1282449.5993491202,1830085.2302846247,10
-1281986.2866325926,1830085.2302846247,10
-1281522.9739160652,1830085.2302846247,10
-1281059.6611995376,1830085.2302846247,10
-1280596.3484830102,1830085.2302846247,10
-1280133.0357664826,1830085.2302846247,10
-1279669.7230499552,1830085.2302846247,10
-1279206.4103334276,1830085.2302846247,10
-1278743.0976169002,1830085.2302846247,10
-1278279.7849003726,1830085.2302846247,10
-1277816.472183845,1830085.2302846247,10
-1277353.1594673176,1830085.2302846247,10
-1276889.84675079,1830085.2302846247,10
-1276426.5340342626,1830085.2302846247,10
-1275963.221317735,1830085.2302846247,10
-1275499.9086012077,1830085.2302846247,10
-1275036.59588468,1830085.2302846247,10
-1274573.2831681527,1830085.2302846247,10
-1274109.970451625,1830085.2302846247,10
-1273646.6577350977,1830085.2302846247,10
-1273183.34501857,1830085.2302846247,10
-1272720.0323020427,1830085.2302846247,10
-1272256.719585515,1830085.2302846247,10
-1271793.4068689877,1830085.2302846247,10
-1271330.09415246,1830085.2302846247,10
-1270866.7814359325,1830085.2302846247,10
-1270403.4687194051,1830085.2302846247,10
-1269940.1560028775,1830085.2302846247,10
-1269476.8432863501,1830085.2302846247,10
-1269013.5305698225,1830085.2302846247,10
-1268550.2178532952,1830085.2302846247,10
-1268086.9051367675,1830085.2302846247,10
-1267623.5924202402,1830085.2302846247,10
-1267160.2797037126,1830085.2302846247,10
-1266696.9669871852,1830085.2302846247,10
-1266233.6542706576,1830085.2302846247,10
-1265770.3415541302,1830085.2302846247,10
-1265307.0288376026,1830085.2302846247,10
-1264843.7161210752,1830085.2302846247,10
-1264380.4034045476,1830085.2302846247,10
-1263917.09068802,1830085.2302846247,10
-1263453.7779714926,1830085.2302846247,10
-1262990.465254965,1830085.2302846247,10
-1262527.1525384376,1830085.2302846247,10
-1262063.83982191,1830085.2302846247,10
-1261600.5271053826,1830085.2302846247,10
-1261137.214388855,1830085.2302846247,10
-1260673.9016723277,1830085.2302846247,10
-1260210.5889558,1830085.2302846247,10
-1259747.2762392727,1830085.2302846247,10
-1259283.963522745,1830085.2302846247,10
-1258820.6508062177,1830085.2302846247,10
-1258357.33808969,1830085.2302846247,10
-1257894.0253731627,1830085.2302846247,10
-1257430.712656635,1830085.2302846247,10
-1256967.3999401077,1830085.2302846247,10
-1256504.08722358,1830085.2302846247,10
-1256040.7745070527,1830085.2302846247,10
-1255577.4617905251,1830085.2302846247,10
-1255114.1490739975,1830085.2302846247,10
-1254650.8363574701,1830085.2302846247,10
-1254187.5236409425,1830085.2302846247,10
-1253724.2109244152,1830085.2302846247,10
-1253260.8982078875,1830085.2302846247,10
-1252797.5854913602,1830085.2302846247,10
-1252334.2727748326,1830085.2302846247,10
-1251870.9600583052,1830085.2302846247,10
-1251407.6473417776,1830085.2302846247,10
-1250944.3346252502,1830085.2302846247,10
-1250481.0219087226,1830085.2302846247,10
-1250017.7091921952,1830085.2302846247,10
-1249554.3964756676,1830085.2302846247,10
-1249091.0837591402,1830085.2302846247,10
-1248627.7710426126,1830085.2302846247,10
-1248164.458326085,1830085.2302846247,10
-1247701.1456095576,1830085.2302846247,10
-1247237.83289303,1830085.2302846247,10
-1246774.5201765026,1830085.2302846247,10
-1246311.207459975,1830085.2302846247,10
-1245847.8947434477,1830085.2302846247,10
-1245384.58202692,1830085.2302846247,10
-1244921.2693103927,1830085.2302846247,10
-1244457.956593865,1830085.2302846247,10
-1243994.6438773377,1830085.2302846247,10
-1243531.33116081,1830085.2302846247,10
-1243068.0184442827,1830085.2302846247,10
-1242604.705727755,1830085.2302846247,10
-1242141.3930112277,1830085.2302846247,10
-1241678.0802947,1830085.2302846247,10
-1241214.7675781725,1830085.2302846247,10
-1240751.4548616451,1830085.2302846247,10
-1240288.1421451175,1830085.2302846247,10
-1239824.8294285901,1830085.2302846247,10
-1239361.5167120625,1830085.2302846247,10
-1238898.2039955352,1830085.2302846247,10
-1238434.8912790075,1830085.2302846247,10
-1237971.5785624802,1830085.2302846247,10
-1237508.2658459526,1830085.2302846247,10
-1237044.9531294252,1830085.2302846247,10
-1236581.6404128976,1830085.2302846247,10
-1236118.3276963702,1830085.2302846247,10
-1235655.0149798426,1830085.2302846247,10
-1235191.7022633152,1830085.2302846247,10
-1234728.3895467876,1830085.2302846247,10
-1234265.07683026,1830085.2302846247,10
-1233801.7641137326,1830085.2302846247,10
-1233338.4513972052,1830085.2302846247,10
-1232875.1386806776,1830085.2302846247,10
-1232411.82596415,1830085.2302846247,10
-1231948.5132476226,1830085.2302846247,10
-1231485.200531095,1830085.2302846247,10
-1231021.8878145677,1830085.2302846247,10
-1230558.57509804,1830085.2302846247,10
-1230095.2623815127,1830085.2302846247,10
-1229631.949664985,1830085.2302846247,10
-1229168.6369484577,1830085.2302846247,10
-1228705.32423193,1830085.2302846247,10
-1228242.0115154027,1830085.2302846247,10
-1227778.698798875,1830085.2302846247,10
-1227315.3860823475,1830085.2302846247,10
-1226852.07336582,1830085.2302846247,10
-1226388.7606492927,1830085.2302846247,10
-1225925.4479327651,1830085.2302846247,10
-1225462.1352162375,1830085.2302846247,10
-1224998.8224997101,1830085.2302846247,10
-1224535.5097831825,1830085.2302846247,10
-1224072.1970666551,1830085.2302846247,10
-1223608.8843501275,1830085.2302846247,10
-1223145.5716336002,1830085.2302846247,10
-1222682.2589170726,1830085.2302846247,10
-1222218.9462005452,1830085.2302846247,10
-1221755.6334840176,1830085.2302846247,10
-1221292.3207674902,1830085.2302846247,10
-1220829.0080509626,1830085.2302846247,10
-1220365.6953344352,1830085.2302846247,10
-1219902.3826179076,1830085.2302846247,10
-1219439.0699013802,1830085.2302846247,10
-1218975.7571848526,1830085.2302846247,10
-1218512.444468325,1830085.2302846247,10
-1218049.1317517976,1830085.2302846247,10
-1217585.81903527,1830085.2302846247,10
-1217122.5063187426,1830085.2302846247,10
-1216659.193602215,1830085.2302846247,10
-1216195.8808856877,1830085.2302846247,10
-1215732.56816916,1830085.2302846247,10
-1215269.2554526327,1830085.2302846247,10
-1214805.942736105,1830085.2302846247,10
-1214342.6300195777,1830085.2302846247,10
-1213879.31730305,1830085.2302846247,10
-1213416.0045865227,1830085.2302846247,10
-1212952.691869995,1830085.2302846247,10
-1212489.3791534677,1830085.2302846247,10
-1212026.06643694,1830085.2302846247,10
-1211562.7537204125,1830085.2302846247,10
-1211099.4410038851,1830085.2302846247,10
-1210636.1282873575,1830085.2302846247,10
-1210172.8155708301,1830085.2302846247,10
-1209709.5028543025,1830085.2302846247,10
-1209246.1901377751,1830085.2302846247,10
-1208782.8774212475,1830085.2302846247,10
-1208319.5647047202,1830085.2302846247,10
-1207856.2519881926,1830085.2302846247,10
-1207392.9392716652,1830085.2302846247,10
-1206929.6265551376,1830085.2302846247,10
-1206466.3138386102,1830085.2302846247,10
-1206003.0011220826,1830085.2302846247,10
-1205539.6884055552,1830085.2302846247,10
-1205076.3756890276,1830085.2302846247,10
-1204613.0629725,1830085.2302846247,10
-1204149.7502559726,1830085.2302846247,10
-1203686.4375394452,1830085.2302846247,10
-1203223.1248229176,1830085.2302846247,10
-1202759.81210639,1830085.2302846247,10
-1202296.4993898626,1830085.2302846247,10
-1201833.186673335,1830085.2302846247,10
-1201369.8739568077,1830085.2302846247,10
-1200906.56124028,1830085.2302846247,10
-1200443.2485237527,1830085.2302846247,10
-1199979.935807225,1830085.2302846247,10
-1199516.6230906977,1830085.2302846247,10
-1199053.31037417,1830085.2302846247,10
-1198589.9976576427,1830085.2302846247,10
-1198126.684941115,1830085.2302846247,10
-1197663.3722245875,1830085.2302846247,10
-1197200.05950806,1830085.2302846247,10
-1196736.7467915327,1830085.2302846247,10
-1196273.4340750051,1830085.2302846247,10
-1195810.1213584775,1830085.2302846247,10
-1195346.8086419501,1830085.2302846247,10
-1194883.4959254225,1830085.2302846247,10
-1194420.1832088951,1830085.2302846247,10
-1193956.8704923675,1830085.2302846247,10
-1193493.5577758402,1830085.2302846247,10
-1193030.2450593126,1830085.2302846247,10
-1192566.9323427852,1830085.2302846247,10
-1192103.6196262576,1830085.2302846247,10
-1191640.3069097302,1830085.2302846247,10
-1191176.9941932026,1830085.2302846247,10
-1190713.6814766752,1830085.2302846247,10
-1190250.3687601476,1830085.2302846247,10
-1189787.0560436202,1830085.2302846247,10
-1189323.7433270926,1830085.2302846247,10
-1188860.430610565,1830085.2302846247,10
-1188397.1178940376,1830085.2302846247,10
-1187933.80517751,1830085.2302846247,10
-1187470.4924609826,1830085.2302846247,10
-1187007.179744455,1830085.2302846247,10
-1186543.8670279277,1830085.2302846247,10
-1186080.5543114,1830085.2302846247,10
-1185617.2415948727,1830085.2302846247,10
-1185153.928878345,1830085.2302846247,10
-1184690.6161618177,1830085.2302846247,10
-1184227.30344529,1830085.2302846247,10
-1183763.9907287627,1830085.2302846247,10
-1183300.678012235,1830085.2302846247,10
-1182837.3652957077,1830085.2302846247,10
-1182374.05257918,1830085.2302846247,10
-1181910.7398626525,1830085.2302846247,10
-1181447.4271461251,1830085.2302846247,10
-1180984.1144295975,1830085.2302846247,10
-1180520.8017130701,1830085.2302846247,10
-1180057.4889965425,1830085.2302846247,10
-1179594.1762800151,1830085.2302846247,10
-1179130.8635634875,1830085.2302846247,10
-1178667.5508469602,1830085.2302846247,10
-1178204.2381304326,1830085.2302846247,10
-1177740.9254139052,1830085.2302846247,10
-1177277.6126973776,1830085.2302846247,10
-1176814.2999808502,1830085.2302846247,10
-1176350.9872643226,1830085.2302846247,10
-1175887.6745477952,1830085.2302846247,10
-1175424.3618312676,1830085.2302846247,10
-1174961.04911474,1830085.2302846247,10
-1174497.7363982126,1830085.2302846247,10
-1174034.4236816852,1830085.2302846247,10
-1173571.1109651576,1830085.2302846247,10
-1173107.79824863,1830085.2302846247,10
-1172644.4855321026,1830085.2302846247,10
-1172181.172815575,1830085.2302846247,10
-1171717.8600990477,1830085.2302846247,10
-1171254.54738252,1830085.2302846247,10
-1170791.2346659927,1830085.2302846247,10
-1167548.0456503,1830085.2302846247,10
-1167084.7329337727,1830085.2302846247,10
-1166621.4202172451,1830085.2302846247,10
-1166158.1075007175,1830085.2302846247,10
-1165694.7947841901,1830085.2302846247,10
-1165231.4820676625,1830085.2302846247,10
-1164768.1693511351,1830085.2302846247,10
-1164304.8566346075,1830085.2302846247,10
-1163841.5439180802,1830085.2302846247,10
-1163378.2312015526,1830085.2302846247,10
-1162914.9184850252,1830085.2302846247,10
-1162451.6057684976,1830085.2302846247,10
-1161988.2930519702,1830085.2302846247,10
-1161524.9803354426,1830085.2302846247,10
-1161061.6676189152,1830085.2302846247,10
-1160598.3549023876,1830085.2302846247,10
-1160135.0421858602,1830085.2302846247,10
-1159671.7294693326,1830085.2302846247,10
-1332024.0600175627,1829621.9175680971,10
-1331560.747301035,1829621.9175680971,16
-1331097.4345845077,1829621.9175680971,16
-1330634.12186798,1829621.9175680971,16
-1330170.8091514525,1829621.9175680971,16
-1329707.4964349251,1829621.9175680971,16
-1329244.1837183975,1829621.9175680971,16
-1328780.8710018701,1829621.9175680971,16
-1328317.5582853425,1829621.9175680971,16
-1327854.2455688152,1829621.9175680971,16
-1327390.9328522875,1829621.9175680971,16
-1326927.6201357602,1829621.9175680971,10
-1326464.3074192326,1829621.9175680971,10
-1326000.9947027052,1829621.9175680971,16
-1325537.6819861776,1829621.9175680971,16
-1325074.3692696502,1829621.9175680971,10
-1324611.0565531226,1829621.9175680971,10
-1324147.7438365952,1829621.9175680971,10
-1323684.4311200676,1829621.9175680971,10
-1323221.11840354,1829621.9175680971,10
-1322757.8056870126,1829621.9175680971,10
-1322294.492970485,1829621.9175680971,10
-1321831.1802539576,1829621.9175680971,16
-1321367.86753743,1829621.9175680971,16
-1320904.5548209026,1829621.9175680971,16
-1320441.242104375,1829621.9175680971,16
-1319977.9293878477,1829621.9175680971,16
-1319514.61667132,1829621.9175680971,16
-1319051.3039547927,1829621.9175680971,16
-1318587.991238265,1829621.9175680971,16
-1318124.6785217377,1829621.9175680971,16
-1317661.36580521,1829621.9175680971,16
-1317198.0530886827,1829621.9175680971,16
-1316734.740372155,1829621.9175680971,16
-1316271.4276556277,1829621.9175680971,16
-1315808.1149391,1829621.9175680971,16
-1315344.8022225727,1829621.9175680971,16
-1314881.4895060451,1829621.9175680971,16
-1314418.1767895175,1829621.9175680971,16
-1313954.8640729901,1829621.9175680971,16
-1313491.5513564625,1829621.9175680971,16
-1313028.2386399352,1829621.9175680971,16
-1312564.9259234075,1829621.9175680971,16
-1312101.6132068802,1829621.9175680971,16
-1311638.3004903526,1829621.9175680971,16
-1311174.9877738252,1829621.9175680971,16
-1310711.6750572976,1829621.9175680971,10
-1310248.3623407702,1829621.9175680971,10
-1309785.0496242426,1829621.9175680971,10
-1309321.7369077152,1829621.9175680971,10
-1308858.4241911876,1829621.9175680971,16
-1308395.1114746602,1829621.9175680971,16
-1307931.7987581326,1829621.9175680971,10
-1307468.486041605,1829621.9175680971,10
-1307005.1733250776,1829621.9175680971,16
-1306541.86060855,1829621.9175680971,16
-1306078.5478920226,1829621.9175680971,16
-1305615.235175495,1829621.9175680971,16
-1305151.9224589677,1829621.9175680971,16
-1304688.60974244,1829621.9175680971,16
-1304225.2970259127,1829621.9175680971,16
-1303761.984309385,1829621.9175680971,7
-1303298.6715928577,1829621.9175680971,7
-1302835.35887633,1829621.9175680971,10
-1302372.0461598027,1829621.9175680971,10
-1301908.733443275,1829621.9175680971,16
-1301445.4207267477,1829621.9175680971,10
-1300982.10801022,1829621.9175680971,10
-1300518.7952936925,1829621.9175680971,10
-1300055.4825771651,1829621.9175680971,16
-1299592.1698606375,1829621.9175680971,16
-1299128.8571441101,1829621.9175680971,16
-1298665.5444275825,1829621.9175680971,16
-1298202.2317110552,1829621.9175680971,16
-1297738.9189945275,1829621.9175680971,16
-1297275.6062780002,1829621.9175680971,10
-1296812.2935614726,1829621.9175680971,16
-1296348.9808449452,1829621.9175680971,16
-1295885.6681284176,1829621.9175680971,16
-1295422.3554118902,1829621.9175680971,16
-1294959.0426953626,1829621.9175680971,10
-1294495.7299788352,1829621.9175680971,10
-1294032.4172623076,1829621.9175680971,10
-1293569.10454578,1829621.9175680971,10
-1293105.7918292526,1829621.9175680971,10
-1292642.479112725,1829621.9175680971,10
-1292179.1663961976,1829621.9175680971,16
-1291715.85367967,1829621.9175680971,16
-1291252.5409631426,1829621.9175680971,10
-1290789.228246615,1829621.9175680971,10
-1290325.9155300877,1829621.9175680971,16
-1289862.60281356,1829621.9175680971,16
-1289399.2900970327,1829621.9175680971,10
-1288935.977380505,1829621.9175680971,10
-1288472.6646639777,1829621.9175680971,10
-1288009.35194745,1829621.9175680971,10
-1287546.0392309227,1829621.9175680971,10
-1287082.726514395,1829621.9175680971,10
-1286619.4137978677,1829621.9175680971,10
-1286156.10108134,1829621.9175680971,10
-1285692.7883648127,1829621.9175680971,10
-1285229.4756482851,1829621.9175680971,10
-1284766.1629317575,1829621.9175680971,10
-1284302.8502152301,1829621.9175680971,10
-1283839.5374987025,1829621.9175680971,10
-1283376.2247821752,1829621.9175680971,10
-1282912.9120656475,1829621.9175680971,10
-1282449.5993491202,1829621.9175680971,10
-1281986.2866325926,1829621.9175680971,10
-1281522.9739160652,1829621.9175680971,10
-1281059.6611995376,1829621.9175680971,10
-1280596.3484830102,1829621.9175680971,10
-1280133.0357664826,1829621.9175680971,10
-1279669.7230499552,1829621.9175680971,10
-1279206.4103334276,1829621.9175680971,10
-1278743.0976169002,1829621.9175680971,10
-1278279.7849003726,1829621.9175680971,10
-1277816.472183845,1829621.9175680971,10
-1277353.1594673176,1829621.9175680971,10
-1276889.84675079,1829621.9175680971,10
-1276426.5340342626,1829621.9175680971,10
-1275963.221317735,1829621.9175680971,10
-1275499.9086012077,1829621.9175680971,10
-1275036.59588468,1829621.9175680971,10
-1274573.2831681527,1829621.9175680971,10
-1274109.970451625,1829621.9175680971,10
-1273646.6577350977,1829621.9175680971,10
-1273183.34501857,1829621.9175680971,10
-1272720.0323020427,1829621.9175680971,10
-1272256.719585515,1829621.9175680971,10
-1271793.4068689877,1829621.9175680971,10
-1271330.09415246,1829621.9175680971,10
-1270866.7814359325,1829621.9175680971,10
-1270403.4687194051,1829621.9175680971,10
-1269940.1560028775,1829621.9175680971,10
-1269476.8432863501,1829621.9175680971,10
-1269013.5305698225,1829621.9175680971,10
-1268550.2178532952,1829621.9175680971,10
-1268086.9051367675,1829621.9175680971,10
-1267623.5924202402,1829621.9175680971,10
-1267160.2797037126,1829621.9175680971,10
-1266696.9669871852,1829621.9175680971,10
-1266233.6542706576,1829621.9175680971,10
-1265770.3415541302,1829621.9175680971,10
-1265307.0288376026,1829621.9175680971,10
-1264843.7161210752,1829621.9175680971,10
-1264380.4034045476,1829621.9175680971,10
-1263917.09068802,1829621.9175680971,10
-1263453.7779714926,1829621.9175680971,10
-1262990.465254965,1829621.9175680971,10
-1262527.1525384376,1829621.9175680971,10
-1262063.83982191,1829621.9175680971,10
-1261600.5271053826,1829621.9175680971,10
-1261137.214388855,1829621.9175680971,10
-1260673.9016723277,1829621.9175680971,10
-1260210.5889558,1829621.9175680971,10
-1259747.2762392727,1829621.9175680971,10
-1259283.963522745,1829621.9175680971,10
-1258820.6508062177,1829621.9175680971,10
-1258357.33808969,1829621.9175680971,10
-1257894.0253731627,1829621.9175680971,10
-1257430.712656635,1829621.9175680971,10
-1256967.3999401077,1829621.9175680971,10
-1256504.08722358,1829621.9175680971,10
-1256040.7745070527,1829621.9175680971,10
-1255577.4617905251,1829621.9175680971,10
-1255114.1490739975,1829621.9175680971,10
-1254650.8363574701,1829621.9175680971,10
-1254187.5236409425,1829621.9175680971,10
-1253724.2109244152,1829621.9175680971,10
-1253260.8982078875,1829621.9175680971,10
-1252797.5854913602,1829621.9175680971,10
-1252334.2727748326,1829621.9175680971,10
-1251870.9600583052,1829621.9175680971,10
-1251407.6473417776,1829621.9175680971,10
-1250944.3346252502,1829621.9175680971,10
-1250481.0219087226,1829621.9175680971,10
-1250017.7091921952,1829621.9175680971,10
-1249554.3964756676,1829621.9175680971,10
-1249091.0837591402,1829621.9175680971,10
-1248627.7710426126,1829621.9175680971,10
-1248164.458326085,1829621.9175680971,10
-1247701.1456095576,1829621.9175680971,10
-1247237.83289303,1829621.9175680971,10
-1246774.5201765026,1829621.9175680971,10
-1246311.207459975,1829621.9175680971,10
-1245847.8947434477,1829621.9175680971,10
-1245384.58202692,1829621.9175680971,10
-1244921.2693103927,1829621.9175680971,10
-1244457.956593865,1829621.9175680971,10
-1243994.6438773377,1829621.9175680971,10
-1243531.33116081,1829621.9175680971,10
-1243068.0184442827,1829621.9175680971,10
-1242604.705727755,1829621.9175680971,10
-1242141.3930112277,1829621.9175680971,10
-1241678.0802947,1829621.9175680971,10
-1241214.7675781725,1829621.9175680971,10
-1240751.4548616451,1829621.9175680971,10
-1240288.1421451175,1829621.9175680971,10
-1239824.8294285901,1829621.9175680971,10
-1239361.5167120625,1829621.9175680971,10
-1238898.2039955352,1829621.9175680971,10
-1238434.8912790075,1829621.9175680971,10
-1237971.5785624802,1829621.9175680971,10
-1237508.2658459526,1829621.9175680971,10
-1237044.9531294252,1829621.9175680971,10
-1236581.6404128976,1829621.9175680971,10
-1236118.3276963702,1829621.9175680971,10
-1235655.0149798426,1829621.9175680971,10
-1235191.7022633152,1829621.9175680971,10
-1234728.3895467876,1829621.9175680971,10
-1234265.07683026,1829621.9175680971,10
-1233801.7641137326,1829621.9175680971,10
-1233338.4513972052,1829621.9175680971,10
-1232875.1386806776,1829621.9175680971,10
-1232411.82596415,1829621.9175680971,10
-1231948.5132476226,1829621.9175680971,10
-1231485.200531095,1829621.9175680971,10
-1231021.8878145677,1829621.9175680971,10
-1230558.57509804,1829621.9175680971,10
-1230095.2623815127,1829621.9175680971,10
-1229631.949664985,1829621.9175680971,10
-1229168.6369484577,1829621.9175680971,10
-1228705.32423193,1829621.9175680971,10
-1228242.0115154027,1829621.9175680971,10
-1227778.698798875,1829621.9175680971,10
-1227315.3860823475,1829621.9175680971,10
-1226852.07336582,1829621.9175680971,10
-1226388.7606492927,1829621.9175680971,10
-1225925.4479327651,1829621.9175680971,10
-1225462.1352162375,1829621.9175680971,10
-1224998.8224997101,1829621.9175680971,10
-1224535.5097831825,1829621.9175680971,10
-1224072.1970666551,1829621.9175680971,10
-1223608.8843501275,1829621.9175680971,10
-1223145.5716336002,1829621.9175680971,10
-1222682.2589170726,1829621.9175680971,10
-1222218.9462005452,1829621.9175680971,10
-1221755.6334840176,1829621.9175680971,10
-1221292.3207674902,1829621.9175680971,10
-1220829.0080509626,1829621.9175680971,10
-1220365.6953344352,1829621.9175680971,10
-1219902.3826179076,1829621.9175680971,10
-1219439.0699013802,1829621.9175680971,10
-1218975.7571848526,1829621.9175680971,10
-1218512.444468325,1829621.9175680971,10
-1218049.1317517976,1829621.9175680971,10
-1217585.81903527,1829621.9175680971,10
-1217122.5063187426,1829621.9175680971,10
-1216659.193602215,1829621.9175680971,10
-1216195.8808856877,1829621.9175680971,10
-1215732.56816916,1829621.9175680971,10
-1215269.2554526327,1829621.9175680971,10
-1214805.942736105,1829621.9175680971,10
-1214342.6300195777,1829621.9175680971,10
-1213879.31730305,1829621.9175680971,10
-1213416.0045865227,1829621.9175680971,10
-1212952.691869995,1829621.9175680971,10
-1212489.3791534677,1829621.9175680971,10
-1212026.06643694,1829621.9175680971,10
-1211562.7537204125,1829621.9175680971,10
-1211099.4410038851,1829621.9175680971,10
-1210636.1282873575,1829621.9175680971,10
-1210172.8155708301,1829621.9175680971,10
-1209709.5028543025,1829621.9175680971,10
-1209246.1901377751,1829621.9175680971,10
-1208782.8774212475,1829621.9175680971,10
-1208319.5647047202,1829621.9175680971,10
-1207856.2519881926,1829621.9175680971,10
-1207392.9392716652,1829621.9175680971,10
-1206929.6265551376,1829621.9175680971,10
-1206466.3138386102,1829621.9175680971,10
-1206003.0011220826,1829621.9175680971,10
-1205539.6884055552,1829621.9175680971,10
-1205076.3756890276,1829621.9175680971,10
-1204613.0629725,1829621.9175680971,10
-1204149.7502559726,1829621.9175680971,10
-1203686.4375394452,1829621.9175680971,10
-1203223.1248229176,1829621.9175680971,10
-1202759.81210639,1829621.9175680971,10
-1202296.4993898626,1829621.9175680971,10
-1201833.186673335,1829621.9175680971,10
-1201369.8739568077,1829621.9175680971,10
-1200906.56124028,1829621.9175680971,10
-1200443.2485237527,1829621.9175680971,10
-1199979.935807225,1829621.9175680971,10
-1199516.6230906977,1829621.9175680971,10
-1199053.31037417,1829621.9175680971,10
-1198589.9976576427,1829621.9175680971,10
-1198126.684941115,1829621.9175680971,10
-1197663.3722245875,1829621.9175680971,10
-1197200.05950806,1829621.9175680971,10
-1196736.7467915327,1829621.9175680971,10
-1196273.4340750051,1829621.9175680971,10
-1195810.1213584775,1829621.9175680971,10
-1195346.8086419501,1829621.9175680971,10
-1194883.4959254225,1829621.9175680971,10
-1194420.1832088951,1829621.9175680971,10
-1193956.8704923675,1829621.9175680971,10
-1193493.5577758402,1829621.9175680971,10
-1193030.2450593126,1829621.9175680971,10
-1192566.9323427852,1829621.9175680971,10
-1192103.6196262576,1829621.9175680971,10
-1191640.3069097302,1829621.9175680971,10
-1191176.9941932026,1829621.9175680971,10
-1190713.6814766752,1829621.9175680971,10
-1190250.3687601476,1829621.9175680971,10
-1189787.0560436202,1829621.9175680971,10
-1189323.7433270926,1829621.9175680971,10
-1188860.430610565,1829621.9175680971,10
-1188397.1178940376,1829621.9175680971,10
-1187933.80517751,1829621.9175680971,10
-1187470.4924609826,1829621.9175680971,10
-1187007.179744455,1829621.9175680971,10
-1186543.8670279277,1829621.9175680971,10
-1186080.5543114,1829621.9175680971,10
-1185617.2415948727,1829621.9175680971,10
-1185153.928878345,1829621.9175680971,10
-1184690.6161618177,1829621.9175680971,10
-1184227.30344529,1829621.9175680971,10
-1183763.9907287627,1829621.9175680971,10
-1183300.678012235,1829621.9175680971,10
-1182837.3652957077,1829621.9175680971,10
-1182374.05257918,1829621.9175680971,10
-1181910.7398626525,1829621.9175680971,10
-1181447.4271461251,1829621.9175680971,10
-1180984.1144295975,1829621.9175680971,10
-1180520.8017130701,1829621.9175680971,10
-1180057.4889965425,1829621.9175680971,10
-1179594.1762800151,1829621.9175680971,10
-1179130.8635634875,1829621.9175680971,10
-1178667.5508469602,1829621.9175680971,10
-1178204.2381304326,1829621.9175680971,10
-1177740.9254139052,1829621.9175680971,10
-1177277.6126973776,1829621.9175680971,10
-1176814.2999808502,1829621.9175680971,10
-1176350.9872643226,1829621.9175680971,10
-1175887.6745477952,1829621.9175680971,10
-1175424.3618312676,1829621.9175680971,10
-1174961.04911474,1829621.9175680971,10
-1174497.7363982126,1829621.9175680971,10
-1174034.4236816852,1829621.9175680971,10
-1173571.1109651576,1829621.9175680971,10
-1173107.79824863,1829621.9175680971,10
-1172644.4855321026,1829621.9175680971,10
-1172181.172815575,1829621.9175680971,10
-1171717.8600990477,1829621.9175680971,10
-1171254.54738252,1829621.9175680971,10
-1168474.671083355,1829621.9175680971,10
-1168011.3583668275,1829621.9175680971,10
-1167548.0456503,1829621.9175680971,10
-1167084.7329337727,1829621.9175680971,10
-1166621.4202172451,1829621.9175680971,10
-1166158.1075007175,1829621.9175680971,10
-1165694.7947841901,1829621.9175680971,10
-1165231.4820676625,1829621.9175680971,10
-1164768.1693511351,1829621.9175680971,10
-1164304.8566346075,1829621.9175680971,10
-1163841.5439180802,1829621.9175680971,10
-1163378.2312015526,1829621.9175680971,10
-1162914.9184850252,1829621.9175680971,10
-1162451.6057684976,1829621.9175680971,10
-1161988.2930519702,1829621.9175680971,10
-1161524.9803354426,1829621.9175680971,10
-1161061.6676189152,1829621.9175680971,10
-1160598.3549023876,1829621.9175680971,10
-1160135.0421858602,1829621.9175680971,10
-1159671.7294693326,1829621.9175680971,10
-1329707.4964349251,1829158.6048515697,16
-1329244.1837183975,1829158.6048515697,16
-1328780.8710018701,1829158.6048515697,16
-1328317.5582853425,1829158.6048515697,16
-1327854.2455688152,1829158.6048515697,16
-1327390.9328522875,1829158.6048515697,16
-1326927.6201357602,1829158.6048515697,16
-1326464.3074192326,1829158.6048515697,10
-1326000.9947027052,1829158.6048515697,10
-1325537.6819861776,1829158.6048515697,10
-1325074.3692696502,1829158.6048515697,10
-1324611.0565531226,1829158.6048515697,10
-1324147.7438365952,1829158.6048515697,10
-1323684.4311200676,1829158.6048515697,10
-1323221.11840354,1829158.6048515697,10
-1322757.8056870126,1829158.6048515697,10
-1322294.492970485,1829158.6048515697,16
-1321831.1802539576,1829158.6048515697,16
-1321367.86753743,1829158.6048515697,16
-1320904.5548209026,1829158.6048515697,16
-1320441.242104375,1829158.6048515697,16
-1319977.9293878477,1829158.6048515697,16
-1319514.61667132,1829158.6048515697,16
-1319051.3039547927,1829158.6048515697,16
-1318587.991238265,1829158.6048515697,16
-1318124.6785217377,1829158.6048515697,16
-1317661.36580521,1829158.6048515697,16
-1317198.0530886827,1829158.6048515697,16
-1316734.740372155,1829158.6048515697,16
-1316271.4276556277,1829158.6048515697,16
-1315808.1149391,1829158.6048515697,16
-1315344.8022225727,1829158.6048515697,16
-1314881.4895060451,1829158.6048515697,16
-1314418.1767895175,1829158.6048515697,16
-1313954.8640729901,1829158.6048515697,16
-1313491.5513564625,1829158.6048515697,16
-1313028.2386399352,1829158.6048515697,16
-1312564.9259234075,1829158.6048515697,16
-1312101.6132068802,1829158.6048515697,16
-1311638.3004903526,1829158.6048515697,16
-1311174.9877738252,1829158.6048515697,10
-1310711.6750572976,1829158.6048515697,10
-1310248.3623407702,1829158.6048515697,10
-1309785.0496242426,1829158.6048515697,10
-1309321.7369077152,1829158.6048515697,16
-1308858.4241911876,1829158.6048515697,16
-1308395.1114746602,1829158.6048515697,16
-1307931.7987581326,1829158.6048515697,10
-1307468.486041605,1829158.6048515697,10
-1307005.1733250776,1829158.6048515697,16
-1306541.86060855,1829158.6048515697,16
-1306078.5478920226,1829158.6048515697,16
-1305615.235175495,1829158.6048515697,16
-1305151.9224589677,1829158.6048515697,16
-1304688.60974244,1829158.6048515697,16
-1304225.2970259127,1829158.6048515697,16
-1303761.984309385,1829158.6048515697,16
-1303298.6715928577,1829158.6048515697,16
-1302835.35887633,1829158.6048515697,16
-1302372.0461598027,1829158.6048515697,16
-1301908.733443275,1829158.6048515697,10
-1301445.4207267477,1829158.6048515697,10
-1300982.10801022,1829158.6048515697,10
-1300518.7952936925,1829158.6048515697,16
-1300055.4825771651,1829158.6048515697,16
-1299592.1698606375,1829158.6048515697,16
-1299128.8571441101,1829158.6048515697,16
-1298665.5444275825,1829158.6048515697,16
-1298202.2317110552,1829158.6048515697,16
-1297738.9189945275,1829158.6048515697,16
-1297275.6062780002,1829158.6048515697,10
-1296812.2935614726,1829158.6048515697,16
-1296348.9808449452,1829158.6048515697,16
-1295885.6681284176,1829158.6048515697,16
-1295422.3554118902,1829158.6048515697,16
-1294959.0426953626,1829158.6048515697,16
-1294495.7299788352,1829158.6048515697,16
-1294032.4172623076,1829158.6048515697,16
-1293569.10454578,1829158.6048515697,10
-1293105.7918292526,1829158.6048515697,10
-1292642.479112725,1829158.6048515697,10
-1292179.1663961976,1829158.6048515697,10
-1291715.85367967,1829158.6048515697,10
-1291252.5409631426,1829158.6048515697,10
-1290789.228246615,1829158.6048515697,10
-1290325.9155300877,1829158.6048515697,16
-1289862.60281356,1829158.6048515697,16
-1289399.2900970327,1829158.6048515697,10
-1288935.977380505,1829158.6048515697,10
-1288472.6646639777,1829158.6048515697,10
-1288009.35194745,1829158.6048515697,10
-1287546.0392309227,1829158.6048515697,10
-1287082.726514395,1829158.6048515697,10
-1286619.4137978677,1829158.6048515697,10
-1286156.10108134,1829158.6048515697,10
-1285692.7883648127,1829158.6048515697,10
-1285229.4756482851,1829158.6048515697,10
-1284766.1629317575,1829158.6048515697,10
-1284302.8502152301,1829158.6048515697,10
-1283839.5374987025,1829158.6048515697,10
-1283376.2247821752,1829158.6048515697,10
-1282912.9120656475,1829158.6048515697,10
-1282449.5993491202,1829158.6048515697,10
-1281986.2866325926,1829158.6048515697,10
-1281522.9739160652,1829158.6048515697,10
-1281059.6611995376,1829158.6048515697,10
-1280596.3484830102,1829158.6048515697,10
-1280133.0357664826,1829158.6048515697,10
-1279669.7230499552,1829158.6048515697,10
-1279206.4103334276,1829158.6048515697,10
-1278743.0976169002,1829158.6048515697,10
-1278279.7849003726,1829158.6048515697,10
-1277816.472183845,1829158.6048515697,10
-1277353.1594673176,1829158.6048515697,10
-1276889.84675079,1829158.6048515697,10
-1276426.5340342626,1829158.6048515697,10
-1275963.221317735,1829158.6048515697,10
-1275499.9086012077,1829158.6048515697,10
-1275036.59588468,1829158.6048515697,10
-1274573.2831681527,1829158.6048515697,10
-1274109.970451625,1829158.6048515697,10
-1273646.6577350977,1829158.6048515697,10
-1273183.34501857,1829158.6048515697,10
-1272720.0323020427,1829158.6048515697,10
-1272256.719585515,1829158.6048515697,10
-1271793.4068689877,1829158.6048515697,10
-1271330.09415246,1829158.6048515697,10
-1270866.7814359325,1829158.6048515697,10
-1270403.4687194051,1829158.6048515697,10
-1269940.1560028775,1829158.6048515697,10
-1269476.8432863501,1829158.6048515697,10
-1269013.5305698225,1829158.6048515697,10
-1268550.2178532952,1829158.6048515697,10
-1268086.9051367675,1829158.6048515697,10
-1267623.5924202402,1829158.6048515697,10
-1267160.2797037126,1829158.6048515697,10
-1266696.9669871852,1829158.6048515697,10
-1266233.6542706576,1829158.6048515697,10
-1265770.3415541302,1829158.6048515697,10
-1265307.0288376026,1829158.6048515697,10
-1264843.7161210752,1829158.6048515697,10
-1264380.4034045476,1829158.6048515697,10
-1263917.09068802,1829158.6048515697,10
-1263453.7779714926,1829158.6048515697,10
-1262990.465254965,1829158.6048515697,10
-1262527.1525384376,1829158.6048515697,10
-1262063.83982191,1829158.6048515697,10
-1261600.5271053826,1829158.6048515697,10
-1261137.214388855,1829158.6048515697,10
-1260673.9016723277,1829158.6048515697,10
-1260210.5889558,1829158.6048515697,10
-1259747.2762392727,1829158.6048515697,10
-1259283.963522745,1829158.6048515697,10
-1258820.6508062177,1829158.6048515697,10
-1258357.33808969,1829158.6048515697,10
-1257894.0253731627,1829158.6048515697,10
-1257430.712656635,1829158.6048515697,10
-1256967.3999401077,1829158.6048515697,10
-1256504.08722358,1829158.6048515697,10
-1256040.7745070527,1829158.6048515697,10
-1255577.4617905251,1829158.6048515697,10
-1255114.1490739975,1829158.6048515697,10
-1254650.8363574701,1829158.6048515697,10
-1254187.5236409425,1829158.6048515697,10
-1253724.2109244152,1829158.6048515697,10
-1253260.8982078875,1829158.6048515697,10
-1252797.5854913602,1829158.6048515697,10
-1252334.2727748326,1829158.6048515697,10
-1251870.9600583052,1829158.6048515697,10
-1251407.6473417776,1829158.6048515697,10
-1250944.3346252502,1829158.6048515697,10
-1250481.0219087226,1829158.6048515697,10
-1250017.7091921952,1829158.6048515697,10
-1249554.3964756676,1829158.6048515697,10
-1249091.0837591402,1829158.6048515697,10
-1248627.7710426126,1829158.6048515697,10
-1248164.458326085,1829158.6048515697,10
-1247701.1456095576,1829158.6048515697,10
-1247237.83289303,1829158.6048515697,10
-1246774.5201765026,1829158.6048515697,10
-1246311.207459975,1829158.6048515697,10
-1245847.8947434477,1829158.6048515697,10
-1245384.58202692,1829158.6048515697,10
-1244921.2693103927,1829158.6048515697,10
-1244457.956593865,1829158.6048515697,10
-1243994.6438773377,1829158.6048515697,10
-1243531.33116081,1829158.6048515697,10
-1243068.0184442827,1829158.6048515697,10
-1242604.705727755,1829158.6048515697,10
-1242141.3930112277,1829158.6048515697,10
-1241678.0802947,1829158.6048515697,10
-1241214.7675781725,1829158.6048515697,10
-1240751.4548616451,1829158.6048515697,10
-1240288.1421451175,1829158.6048515697,10
-1239824.8294285901,1829158.6048515697,10
-1239361.5167120625,1829158.6048515697,10
-1238898.2039955352,1829158.6048515697,10
-1238434.8912790075,1829158.6048515697,10
-1237971.5785624802,1829158.6048515697,10
-1237508.2658459526,1829158.6048515697,10
-1237044.9531294252,1829158.6048515697,10
-1236581.6404128976,1829158.6048515697,10
-1236118.3276963702,1829158.6048515697,10
-1235655.0149798426,1829158.6048515697,10
-1235191.7022633152,1829158.6048515697,10
-1234728.3895467876,1829158.6048515697,10
-1234265.07683026,1829158.6048515697,10
-1233801.7641137326,1829158.6048515697,10
-1233338.4513972052,1829158.6048515697,10
-1232875.1386806776,1829158.6048515697,10
-1232411.82596415,1829158.6048515697,10
-1231948.5132476226,1829158.6048515697,10
-1231485.200531095,1829158.6048515697,10
-1231021.8878145677,1829158.6048515697,10
-1230558.57509804,1829158.6048515697,10
-1230095.2623815127,1829158.6048515697,10
-1229631.949664985,1829158.6048515697,10
-1229168.6369484577,1829158.6048515697,10
-1228705.32423193,1829158.6048515697,10
-1228242.0115154027,1829158.6048515697,10
-1227778.698798875,1829158.6048515697,10
-1227315.3860823475,1829158.6048515697,10
-1226852.07336582,1829158.6048515697,10
-1226388.7606492927,1829158.6048515697,10
-1225925.4479327651,1829158.6048515697,10
-1225462.1352162375,1829158.6048515697,10
-1224998.8224997101,1829158.6048515697,10
-1224535.5097831825,1829158.6048515697,10
-1224072.1970666551,1829158.6048515697,10
-1223608.8843501275,1829158.6048515697,10
-1223145.5716336002,1829158.6048515697,10
-1222682.2589170726,1829158.6048515697,10
-1222218.9462005452,1829158.6048515697,10
-1221755.6334840176,1829158.6048515697,10
-1221292.3207674902,1829158.6048515697,10
-1220829.0080509626,1829158.6048515697,10
-1220365.6953344352,1829158.6048515697,10
-1219902.3826179076,1829158.6048515697,10
-1219439.0699013802,1829158.6048515697,10
-1218975.7571848526,1829158.6048515697,10
-1218512.444468325,1829158.6048515697,10
-1218049.1317517976,1829158.6048515697,10
-1217585.81903527,1829158.6048515697,10
-1217122.5063187426,1829158.6048515697,10
-1216659.193602215,1829158.6048515697,10
-1216195.8808856877,1829158.6048515697,10
-1215732.56816916,1829158.6048515697,10
-1215269.2554526327,1829158.6048515697,10
-1214805.942736105,1829158.6048515697,10
-1214342.6300195777,1829158.6048515697,10
-1213879.31730305,1829158.6048515697,10
-1213416.0045865227,1829158.6048515697,10
-1212952.691869995,1829158.6048515697,10
-1212489.3791534677,1829158.6048515697,10
-1212026.06643694,1829158.6048515697,10
-1211562.7537204125,1829158.6048515697,10
-1211099.4410038851,1829158.6048515697,10
-1210636.1282873575,1829158.6048515697,10
-1210172.8155708301,1829158.6048515697,10
-1209709.5028543025,1829158.6048515697,10
-1209246.1901377751,1829158.6048515697,10
-1208782.8774212475,1829158.6048515697,10
-1208319.5647047202,1829158.6048515697,10
-1207856.2519881926,1829158.6048515697,10
-1207392.9392716652,1829158.6048515697,10
-1206929.6265551376,1829158.6048515697,10
-1206466.3138386102,1829158.6048515697,10
-1206003.0011220826,1829158.6048515697,10
-1205539.6884055552,1829158.6048515697,10
-1205076.3756890276,1829158.6048515697,10
-1204613.0629725,1829158.6048515697,10
-1204149.7502559726,1829158.6048515697,10
-1203686.4375394452,1829158.6048515697,10
-1203223.1248229176,1829158.6048515697,10
-1202759.81210639,1829158.6048515697,10
-1202296.4993898626,1829158.6048515697,10
-1201833.186673335,1829158.6048515697,10
-1201369.8739568077,1829158.6048515697,10
-1200906.56124028,1829158.6048515697,10
-1200443.2485237527,1829158.6048515697,10
-1199979.935807225,1829158.6048515697,10
-1199516.6230906977,1829158.6048515697,10
-1199053.31037417,1829158.6048515697,10
-1198589.9976576427,1829158.6048515697,10
-1198126.684941115,1829158.6048515697,10
-1197663.3722245875,1829158.6048515697,10
-1197200.05950806,1829158.6048515697,10
-1196736.7467915327,1829158.6048515697,10
-1196273.4340750051,1829158.6048515697,10
-1195810.1213584775,1829158.6048515697,10
-1195346.8086419501,1829158.6048515697,10
-1194883.4959254225,1829158.6048515697,10
-1194420.1832088951,1829158.6048515697,10
-1193956.8704923675,1829158.6048515697,10
-1193493.5577758402,1829158.6048515697,10
-1193030.2450593126,1829158.6048515697,10
-1192566.9323427852,1829158.6048515697,10
-1192103.6196262576,1829158.6048515697,10
-1191640.3069097302,1829158.6048515697,10
-1191176.9941932026,1829158.6048515697,10
-1190713.6814766752,1829158.6048515697,10
-1190250.3687601476,1829158.6048515697,10
-1189787.0560436202,1829158.6048515697,10
-1189323.7433270926,1829158.6048515697,10
-1188860.430610565,1829158.6048515697,10
-1188397.1178940376,1829158.6048515697,10
-1187933.80517751,1829158.6048515697,10
-1187470.4924609826,1829158.6048515697,10
-1187007.179744455,1829158.6048515697,10
-1186543.8670279277,1829158.6048515697,10
-1186080.5543114,1829158.6048515697,10
-1185617.2415948727,1829158.6048515697,10
-1185153.928878345,1829158.6048515697,10
-1184690.6161618177,1829158.6048515697,10
-1184227.30344529,1829158.6048515697,10
-1183763.9907287627,1829158.6048515697,10
-1183300.678012235,1829158.6048515697,10
-1182837.3652957077,1829158.6048515697,10
-1182374.05257918,1829158.6048515697,10
-1181910.7398626525,1829158.6048515697,10
-1181447.4271461251,1829158.6048515697,10
-1180984.1144295975,1829158.6048515697,10
-1180520.8017130701,1829158.6048515697,10
-1180057.4889965425,1829158.6048515697,10
-1179594.1762800151,1829158.6048515697,10
-1179130.8635634875,1829158.6048515697,10
-1178667.5508469602,1829158.6048515697,10
-1178204.2381304326,1829158.6048515697,10
-1177740.9254139052,1829158.6048515697,10
-1177277.6126973776,1829158.6048515697,10
-1176814.2999808502,1829158.6048515697,10
-1176350.9872643226,1829158.6048515697,10
-1175887.6745477952,1829158.6048515697,10
-1175424.3618312676,1829158.6048515697,10
-1174961.04911474,1829158.6048515697,10
-1174497.7363982126,1829158.6048515697,10
-1174034.4236816852,1829158.6048515697,10
-1173571.1109651576,1829158.6048515697,10
-1173107.79824863,1829158.6048515697,10
-1172644.4855321026,1829158.6048515697,10
-1172181.172815575,1829158.6048515697,10
-1171717.8600990477,1829158.6048515697,10
-1171254.54738252,1829158.6048515697,10
-1169864.6092329377,1829158.6048515697,10
-1169401.29651641,1829158.6048515697,10
-1168937.9837998827,1829158.6048515697,10
-1168474.671083355,1829158.6048515697,10
-1168011.3583668275,1829158.6048515697,10
-1167548.0456503,1829158.6048515697,10
-1167084.7329337727,1829158.6048515697,10
-1166621.4202172451,1829158.6048515697,10
-1166158.1075007175,1829158.6048515697,10
-1165694.7947841901,1829158.6048515697,10
-1165231.4820676625,1829158.6048515697,10
-1164768.1693511351,1829158.6048515697,10
-1164304.8566346075,1829158.6048515697,10
-1163841.5439180802,1829158.6048515697,10
-1163378.2312015526,1829158.6048515697,10
-1162914.9184850252,1829158.6048515697,10
-1162451.6057684976,1829158.6048515697,10
-1161988.2930519702,1829158.6048515697,10
-1161524.9803354426,1829158.6048515697,10
-1161061.6676189152,1829158.6048515697,10
-1160598.3549023876,1829158.6048515697,10
-1160135.0421858602,1829158.6048515697,10
-1159671.7294693326,1829158.6048515697,10
-1327854.2455688152,1828695.2921350421,16
-1327390.9328522875,1828695.2921350421,16
-1326927.6201357602,1828695.2921350421,16
-1326464.3074192326,1828695.2921350421,16
-1326000.9947027052,1828695.2921350421,10
-1325537.6819861776,1828695.2921350421,10
-1325074.3692696502,1828695.2921350421,10
-1324611.0565531226,1828695.2921350421,10
-1324147.7438365952,1828695.2921350421,10
-1323684.4311200676,1828695.2921350421,16
-1323221.11840354,1828695.2921350421,16
-1322757.8056870126,1828695.2921350421,16
-1322294.492970485,1828695.2921350421,16
-1321831.1802539576,1828695.2921350421,16
-1321367.86753743,1828695.2921350421,16
-1320904.5548209026,1828695.2921350421,16
-1320441.242104375,1828695.2921350421,16
-1319977.9293878477,1828695.2921350421,16
-1319514.61667132,1828695.2921350421,16
-1319051.3039547927,1828695.2921350421,16
-1318587.991238265,1828695.2921350421,16
-1318124.6785217377,1828695.2921350421,16
-1317661.36580521,1828695.2921350421,16
-1317198.0530886827,1828695.2921350421,16
-1316734.740372155,1828695.2921350421,16
-1316271.4276556277,1828695.2921350421,16
-1315808.1149391,1828695.2921350421,16
-1315344.8022225727,1828695.2921350421,16
-1314881.4895060451,1828695.2921350421,16
-1314418.1767895175,1828695.2921350421,16
-1313954.8640729901,1828695.2921350421,16
-1313491.5513564625,1828695.2921350421,16
-1313028.2386399352,1828695.2921350421,16
-1312564.9259234075,1828695.2921350421,16
-1312101.6132068802,1828695.2921350421,16
-1311638.3004903526,1828695.2921350421,10
-1311174.9877738252,1828695.2921350421,10
-1310711.6750572976,1828695.2921350421,10
-1310248.3623407702,1828695.2921350421,10
-1309785.0496242426,1828695.2921350421,16
-1309321.7369077152,1828695.2921350421,16
-1308858.4241911876,1828695.2921350421,16
-1308395.1114746602,1828695.2921350421,16
-1307931.7987581326,1828695.2921350421,16
-1307468.486041605,1828695.2921350421,10
-1307005.1733250776,1828695.2921350421,16
-1306541.86060855,1828695.2921350421,16
-1306078.5478920226,1828695.2921350421,16
-1305615.235175495,1828695.2921350421,16
-1305151.9224589677,1828695.2921350421,16
-1304688.60974244,1828695.2921350421,16
-1304225.2970259127,1828695.2921350421,16
-1303761.984309385,1828695.2921350421,16
-1303298.6715928577,1828695.2921350421,16
-1302835.35887633,1828695.2921350421,16
-1302372.0461598027,1828695.2921350421,10
-1301908.733443275,1828695.2921350421,10
-1301445.4207267477,1828695.2921350421,10
-1300982.10801022,1828695.2921350421,10
-1300518.7952936925,1828695.2921350421,16
-1300055.4825771651,1828695.2921350421,16
-1299592.1698606375,1828695.2921350421,16
-1299128.8571441101,1828695.2921350421,16
-1298665.5444275825,1828695.2921350421,16
-1298202.2317110552,1828695.2921350421,16
-1297738.9189945275,1828695.2921350421,10
-1297275.6062780002,1828695.2921350421,10
-1296812.2935614726,1828695.2921350421,16
-1296348.9808449452,1828695.2921350421,16
-1295885.6681284176,1828695.2921350421,16
-1295422.3554118902,1828695.2921350421,16
-1294959.0426953626,1828695.2921350421,16
-1294495.7299788352,1828695.2921350421,16
-1294032.4172623076,1828695.2921350421,16
-1293569.10454578,1828695.2921350421,10
-1293105.7918292526,1828695.2921350421,10
-1292642.479112725,1828695.2921350421,10
-1292179.1663961976,1828695.2921350421,10
-1291715.85367967,1828695.2921350421,10
-1291252.5409631426,1828695.2921350421,10
-1290789.228246615,1828695.2921350421,10
-1290325.9155300877,1828695.2921350421,10
-1289862.60281356,1828695.2921350421,10
-1289399.2900970327,1828695.2921350421,10
-1288935.977380505,1828695.2921350421,10
-1288472.6646639777,1828695.2921350421,10
-1288009.35194745,1828695.2921350421,10
-1287546.0392309227,1828695.2921350421,16
-1287082.726514395,1828695.2921350421,16
-1286619.4137978677,1828695.2921350421,16
-1286156.10108134,1828695.2921350421,16
-1285692.7883648127,1828695.2921350421,10
-1285229.4756482851,1828695.2921350421,10
-1284766.1629317575,1828695.2921350421,10
-1284302.8502152301,1828695.2921350421,10
-1283839.5374987025,1828695.2921350421,10
-1283376.2247821752,1828695.2921350421,10
-1282912.9120656475,1828695.2921350421,10
-1282449.5993491202,1828695.2921350421,10
-1281986.2866325926,1828695.2921350421,10
-1281522.9739160652,1828695.2921350421,10
-1281059.6611995376,1828695.2921350421,10
-1280596.3484830102,1828695.2921350421,10
-1280133.0357664826,1828695.2921350421,10
-1279669.7230499552,1828695.2921350421,10
-1279206.4103334276,1828695.2921350421,10
-1278743.0976169002,1828695.2921350421,10
-1278279.7849003726,1828695.2921350421,10
-1277816.472183845,1828695.2921350421,10
-1277353.1594673176,1828695.2921350421,10
-1276889.84675079,1828695.2921350421,10
-1276426.5340342626,1828695.2921350421,10
-1275963.221317735,1828695.2921350421,10
-1275499.9086012077,1828695.2921350421,10
-1275036.59588468,1828695.2921350421,10
-1274573.2831681527,1828695.2921350421,10
-1274109.970451625,1828695.2921350421,10
-1273646.6577350977,1828695.2921350421,10
-1273183.34501857,1828695.2921350421,10
-1272720.0323020427,1828695.2921350421,10
-1272256.719585515,1828695.2921350421,10
-1271793.4068689877,1828695.2921350421,10
-1271330.09415246,1828695.2921350421,10
-1270866.7814359325,1828695.2921350421,10
-1270403.4687194051,1828695.2921350421,10
-1269940.1560028775,1828695.2921350421,10
-1269476.8432863501,1828695.2921350421,10
-1269013.5305698225,1828695.2921350421,10
-1268550.2178532952,1828695.2921350421,10
-1268086.9051367675,1828695.2921350421,10
-1267623.5924202402,1828695.2921350421,10
-1267160.2797037126,1828695.2921350421,10
-1266696.9669871852,1828695.2921350421,10
-1266233.6542706576,1828695.2921350421,10
-1265770.3415541302,1828695.2921350421,10
-1265307.0288376026,1828695.2921350421,10
-1264843.7161210752,1828695.2921350421,10
-1264380.4034045476,1828695.2921350421,10
-1263917.09068802,1828695.2921350421,10
-1263453.7779714926,1828695.2921350421,10
-1262990.465254965,1828695.2921350421,10
-1262527.1525384376,1828695.2921350421,10
-1262063.83982191,1828695.2921350421,10
-1261600.5271053826,1828695.2921350421,10
-1261137.214388855,1828695.2921350421,10
-1260673.9016723277,1828695.2921350421,10
-1260210.5889558,1828695.2921350421,10
-1259747.2762392727,1828695.2921350421,10
-1259283.963522745,1828695.2921350421,10
-1258820.6508062177,1828695.2921350421,10
-1258357.33808969,1828695.2921350421,10
-1257894.0253731627,1828695.2921350421,10
-1257430.712656635,1828695.2921350421,10
-1256967.3999401077,1828695.2921350421,10
-1256504.08722358,1828695.2921350421,10
-1256040.7745070527,1828695.2921350421,10
-1255577.4617905251,1828695.2921350421,10
-1255114.1490739975,1828695.2921350421,10
-1254650.8363574701,1828695.2921350421,10
-1254187.5236409425,1828695.2921350421,10
-1253724.2109244152,1828695.2921350421,10
-1253260.8982078875,1828695.2921350421,10
-1252797.5854913602,1828695.2921350421,10
-1252334.2727748326,1828695.2921350421,10
-1251870.9600583052,1828695.2921350421,10
-1251407.6473417776,1828695.2921350421,10
-1250944.3346252502,1828695.2921350421,10
-1250481.0219087226,1828695.2921350421,10
-1250017.7091921952,1828695.2921350421,10
-1249554.3964756676,1828695.2921350421,10
-1249091.0837591402,1828695.2921350421,10
-1248627.7710426126,1828695.2921350421,10
-1248164.458326085,1828695.2921350421,10
-1247701.1456095576,1828695.2921350421,10
-1247237.83289303,1828695.2921350421,10
-1246774.5201765026,1828695.2921350421,10
-1246311.207459975,1828695.2921350421,10
-1245847.8947434477,1828695.2921350421,10
-1245384.58202692,1828695.2921350421,10
-1244921.2693103927,1828695.2921350421,10
-1244457.956593865,1828695.2921350421,10
-1243994.6438773377,1828695.2921350421,10
-1243531.33116081,1828695.2921350421,10
-1243068.0184442827,1828695.2921350421,10
-1242604.705727755,1828695.2921350421,10
-1242141.3930112277,1828695.2921350421,10
-1241678.0802947,1828695.2921350421,10
-1241214.7675781725,1828695.2921350421,10
-1240751.4548616451,1828695.2921350421,10
-1240288.1421451175,1828695.2921350421,10
-1239824.8294285901,1828695.2921350421,10
-1239361.5167120625,1828695.2921350421,10
-1238898.2039955352,1828695.2921350421,10
-1238434.8912790075,1828695.2921350421,10
-1237971.5785624802,1828695.2921350421,10
-1237508.2658459526,1828695.2921350421,10
-1237044.9531294252,1828695.2921350421,10
-1236581.6404128976,1828695.2921350421,10
-1236118.3276963702,1828695.2921350421,10
-1235655.0149798426,1828695.2921350421,10
-1235191.7022633152,1828695.2921350421,10
-1234728.3895467876,1828695.2921350421,10
-1234265.07683026,1828695.2921350421,10
-1233801.7641137326,1828695.2921350421,10
-1233338.4513972052,1828695.2921350421,10
-1232875.1386806776,1828695.2921350421,10
-1232411.82596415,1828695.2921350421,10
-1231948.5132476226,1828695.2921350421,10
-1231485.200531095,1828695.2921350421,10
-1231021.8878145677,1828695.2921350421,10
-1230558.57509804,1828695.2921350421,10
-1230095.2623815127,1828695.2921350421,10
-1229631.949664985,1828695.2921350421,10
-1229168.6369484577,1828695.2921350421,10
-1228705.32423193,1828695.2921350421,10
-1228242.0115154027,1828695.2921350421,10
-1227778.698798875,1828695.2921350421,10
-1227315.3860823475,1828695.2921350421,10
-1226852.07336582,1828695.2921350421,10
-1226388.7606492927,1828695.2921350421,10
-1225925.4479327651,1828695.2921350421,10
-1225462.1352162375,1828695.2921350421,10
-1224998.8224997101,1828695.2921350421,10
-1224535.5097831825,1828695.2921350421,10
-1224072.1970666551,1828695.2921350421,10
-1223608.8843501275,1828695.2921350421,10
-1223145.5716336002,1828695.2921350421,10
-1222682.2589170726,1828695.2921350421,10
-1222218.9462005452,1828695.2921350421,10
-1221755.6334840176,1828695.2921350421,10
-1221292.3207674902,1828695.2921350421,10
-1220829.0080509626,1828695.2921350421,10
-1220365.6953344352,1828695.2921350421,10
-1219902.3826179076,1828695.2921350421,10
-1219439.0699013802,1828695.2921350421,10
-1218975.7571848526,1828695.2921350421,10
-1218512.444468325,1828695.2921350421,10
-1218049.1317517976,1828695.2921350421,10
-1217585.81903527,1828695.2921350421,10
-1217122.5063187426,1828695.2921350421,10
-1216659.193602215,1828695.2921350421,10
-1216195.8808856877,1828695.2921350421,10
-1215732.56816916,1828695.2921350421,10
-1215269.2554526327,1828695.2921350421,10
-1214805.942736105,1828695.2921350421,10
-1214342.6300195777,1828695.2921350421,10
-1213879.31730305,1828695.2921350421,10
-1213416.0045865227,1828695.2921350421,10
-1212952.691869995,1828695.2921350421,10
-1212489.3791534677,1828695.2921350421,10
-1212026.06643694,1828695.2921350421,10
-1211562.7537204125,1828695.2921350421,10
-1211099.4410038851,1828695.2921350421,10
-1210636.1282873575,1828695.2921350421,10
-1210172.8155708301,1828695.2921350421,10
-1209709.5028543025,1828695.2921350421,10
-1209246.1901377751,1828695.2921350421,10
-1208782.8774212475,1828695.2921350421,10
-1208319.5647047202,1828695.2921350421,10
-1207856.2519881926,1828695.2921350421,10
-1207392.9392716652,1828695.2921350421,10
-1206929.6265551376,1828695.2921350421,10
-1206466.3138386102,1828695.2921350421,10
-1206003.0011220826,1828695.2921350421,10
-1205539.6884055552,1828695.2921350421,10
-1205076.3756890276,1828695.2921350421,10
-1204613.0629725,1828695.2921350421,10
-1204149.7502559726,1828695.2921350421,10
-1203686.4375394452,1828695.2921350421,10
-1203223.1248229176,1828695.2921350421,10
-1202759.81210639,1828695.2921350421,10
-1202296.4993898626,1828695.2921350421,10
-1201833.186673335,1828695.2921350421,10
-1201369.8739568077,1828695.2921350421,10
-1200906.56124028,1828695.2921350421,10
-1200443.2485237527,1828695.2921350421,10
-1199979.935807225,1828695.2921350421,10
-1199516.6230906977,1828695.2921350421,10
-1199053.31037417,1828695.2921350421,10
-1198589.9976576427,1828695.2921350421,10
-1198126.684941115,1828695.2921350421,10
-1197663.3722245875,1828695.2921350421,10
-1197200.05950806,1828695.2921350421,10
-1196736.7467915327,1828695.2921350421,10
-1196273.4340750051,1828695.2921350421,10
-1195810.1213584775,1828695.2921350421,10
-1195346.8086419501,1828695.2921350421,10
-1194883.4959254225,1828695.2921350421,10
-1194420.1832088951,1828695.2921350421,10
-1193956.8704923675,1828695.2921350421,10
-1193493.5577758402,1828695.2921350421,10
-1193030.2450593126,1828695.2921350421,10
-1192566.9323427852,1828695.2921350421,10
-1192103.6196262576,1828695.2921350421,10
-1191640.3069097302,1828695.2921350421,10
-1191176.9941932026,1828695.2921350421,10
-1190713.6814766752,1828695.2921350421,10
-1190250.3687601476,1828695.2921350421,10
-1189787.0560436202,1828695.2921350421,10
-1189323.7433270926,1828695.2921350421,10
-1188860.430610565,1828695.2921350421,10
-1188397.1178940376,1828695.2921350421,10
-1187933.80517751,1828695.2921350421,10
-1187470.4924609826,1828695.2921350421,10
-1187007.179744455,1828695.2921350421,10
-1186543.8670279277,1828695.2921350421,10
-1186080.5543114,1828695.2921350421,10
-1185617.2415948727,1828695.2921350421,10
-1185153.928878345,1828695.2921350421,10
-1184690.6161618177,1828695.2921350421,10
-1184227.30344529,1828695.2921350421,10
-1183763.9907287627,1828695.2921350421,10
-1183300.678012235,1828695.2921350421,10
-1182837.3652957077,1828695.2921350421,10
-1182374.05257918,1828695.2921350421,10
-1181910.7398626525,1828695.2921350421,10
-1181447.4271461251,1828695.2921350421,10
-1180984.1144295975,1828695.2921350421,10
-1180520.8017130701,1828695.2921350421,10
-1180057.4889965425,1828695.2921350421,10
-1179594.1762800151,1828695.2921350421,10
-1179130.8635634875,1828695.2921350421,10
-1178667.5508469602,1828695.2921350421,10
-1178204.2381304326,1828695.2921350421,10
-1177740.9254139052,1828695.2921350421,10
-1177277.6126973776,1828695.2921350421,10
-1176814.2999808502,1828695.2921350421,10
-1176350.9872643226,1828695.2921350421,10
-1175887.6745477952,1828695.2921350421,10
-1175424.3618312676,1828695.2921350421,10
-1174961.04911474,1828695.2921350421,10
-1174497.7363982126,1828695.2921350421,10
-1174034.4236816852,1828695.2921350421,10
-1173571.1109651576,1828695.2921350421,10
-1173107.79824863,1828695.2921350421,10
-1172644.4855321026,1828695.2921350421,10
-1172181.172815575,1828695.2921350421,10
-1171717.8600990477,1828695.2921350421,10
-1171254.54738252,1828695.2921350421,10
-1170791.2346659927,1828695.2921350421,10
-1170327.921949465,1828695.2921350421,10
-1169864.6092329377,1828695.2921350421,10
-1169401.29651641,1828695.2921350421,10
-1168937.9837998827,1828695.2921350421,10
-1168474.671083355,1828695.2921350421,10
-1168011.3583668275,1828695.2921350421,10
-1167548.0456503,1828695.2921350421,10
-1167084.7329337727,1828695.2921350421,10
-1166621.4202172451,1828695.2921350421,10
-1166158.1075007175,1828695.2921350421,10
-1165694.7947841901,1828695.2921350421,10
-1165231.4820676625,1828695.2921350421,10
-1164768.1693511351,1828695.2921350421,10
-1164304.8566346075,1828695.2921350421,10
-1163841.5439180802,1828695.2921350421,10
-1163378.2312015526,1828695.2921350421,10
-1162914.9184850252,1828695.2921350421,10
-1162451.6057684976,1828695.2921350421,10
-1161988.2930519702,1828695.2921350421,10
-1161524.9803354426,1828695.2921350421,10
-1161061.6676189152,1828695.2921350421,10
-1160598.3549023876,1828695.2921350421,10
-1160135.0421858602,1828695.2921350421,10
-1159671.7294693326,1828695.2921350421,10
-1159208.416752805,1828695.2921350421,10
-1325537.6819861776,1828231.9794185148,10
-1325074.3692696502,1828231.9794185148,10
-1324611.0565531226,1828231.9794185148,10
-1324147.7438365952,1828231.9794185148,16
-1323684.4311200676,1828231.9794185148,16
-1323221.11840354,1828231.9794185148,16
-1322757.8056870126,1828231.9794185148,16
-1322294.492970485,1828231.9794185148,16
-1321831.1802539576,1828231.9794185148,16
-1321367.86753743,1828231.9794185148,16
-1320904.5548209026,1828231.9794185148,16
-1320441.242104375,1828231.9794185148,16
-1319977.9293878477,1828231.9794185148,16
-1319514.61667132,1828231.9794185148,16
-1319051.3039547927,1828231.9794185148,16
-1318587.991238265,1828231.9794185148,16
-1318124.6785217377,1828231.9794185148,16
-1317661.36580521,1828231.9794185148,16
-1317198.0530886827,1828231.9794185148,16
-1316734.740372155,1828231.9794185148,16
-1316271.4276556277,1828231.9794185148,16
-1315808.1149391,1828231.9794185148,16
-1315344.8022225727,1828231.9794185148,16
-1314881.4895060451,1828231.9794185148,16
-1314418.1767895175,1828231.9794185148,16
-1313954.8640729901,1828231.9794185148,16
-1313491.5513564625,1828231.9794185148,16
-1313028.2386399352,1828231.9794185148,16
-1312564.9259234075,1828231.9794185148,10
-1312101.6132068802,1828231.9794185148,10
-1311638.3004903526,1828231.9794185148,10
-1311174.9877738252,1828231.9794185148,10
-1310711.6750572976,1828231.9794185148,10
-1310248.3623407702,1828231.9794185148,16
-1309785.0496242426,1828231.9794185148,16
-1309321.7369077152,1828231.9794185148,16
-1308858.4241911876,1828231.9794185148,16
-1308395.1114746602,1828231.9794185148,16
-1307931.7987581326,1828231.9794185148,16
-1307468.486041605,1828231.9794185148,16
-1307005.1733250776,1828231.9794185148,16
-1306541.86060855,1828231.9794185148,16
-1306078.5478920226,1828231.9794185148,16
-1305615.235175495,1828231.9794185148,16
-1305151.9224589677,1828231.9794185148,16
-1304688.60974244,1828231.9794185148,16
-1304225.2970259127,1828231.9794185148,16
-1303761.984309385,1828231.9794185148,16
-1303298.6715928577,1828231.9794185148,16
-1302835.35887633,1828231.9794185148,16
-1302372.0461598027,1828231.9794185148,16
-1301908.733443275,1828231.9794185148,10
-1301445.4207267477,1828231.9794185148,10
-1300982.10801022,1828231.9794185148,16
-1300518.7952936925,1828231.9794185148,16
-1300055.4825771651,1828231.9794185148,16
-1299592.1698606375,1828231.9794185148,16
-1299128.8571441101,1828231.9794185148,16
-1298665.5444275825,1828231.9794185148,16
-1298202.2317110552,1828231.9794185148,16
-1297738.9189945275,1828231.9794185148,10
-1297275.6062780002,1828231.9794185148,10
-1296812.2935614726,1828231.9794185148,16
-1296348.9808449452,1828231.9794185148,16
-1295885.6681284176,1828231.9794185148,16
-1295422.3554118902,1828231.9794185148,16
-1294959.0426953626,1828231.9794185148,16
-1294495.7299788352,1828231.9794185148,16
-1294032.4172623076,1828231.9794185148,16
-1293569.10454578,1828231.9794185148,10
-1293105.7918292526,1828231.9794185148,16
-1292642.479112725,1828231.9794185148,10
-1292179.1663961976,1828231.9794185148,10
-1291715.85367967,1828231.9794185148,10
-1291252.5409631426,1828231.9794185148,10
-1290789.228246615,1828231.9794185148,10
-1290325.9155300877,1828231.9794185148,10
-1289862.60281356,1828231.9794185148,10
-1289399.2900970327,1828231.9794185148,10
-1288935.977380505,1828231.9794185148,10
-1288472.6646639777,1828231.9794185148,10
-1288009.35194745,1828231.9794185148,16
-1287546.0392309227,1828231.9794185148,16
-1287082.726514395,1828231.9794185148,16
-1286619.4137978677,1828231.9794185148,16
-1286156.10108134,1828231.9794185148,16
-1285692.7883648127,1828231.9794185148,10
-1285229.4756482851,1828231.9794185148,10
-1284766.1629317575,1828231.9794185148,10
-1284302.8502152301,1828231.9794185148,10
-1283839.5374987025,1828231.9794185148,10
-1283376.2247821752,1828231.9794185148,10
-1282912.9120656475,1828231.9794185148,10
-1282449.5993491202,1828231.9794185148,10
-1281986.2866325926,1828231.9794185148,10
-1281522.9739160652,1828231.9794185148,10
-1281059.6611995376,1828231.9794185148,10
-1280596.3484830102,1828231.9794185148,10
-1280133.0357664826,1828231.9794185148,10
-1279669.7230499552,1828231.9794185148,10
-1279206.4103334276,1828231.9794185148,10
-1278743.0976169002,1828231.9794185148,10
-1278279.7849003726,1828231.9794185148,10
-1277816.472183845,1828231.9794185148,10
-1277353.1594673176,1828231.9794185148,10
-1276889.84675079,1828231.9794185148,10
-1276426.5340342626,1828231.9794185148,10
-1275963.221317735,1828231.9794185148,10
-1275499.9086012077,1828231.9794185148,10
-1275036.59588468,1828231.9794185148,10
-1274573.2831681527,1828231.9794185148,10
-1274109.970451625,1828231.9794185148,10
-1273646.6577350977,1828231.9794185148,10
-1273183.34501857,1828231.9794185148,10
-1272720.0323020427,1828231.9794185148,10
-1272256.719585515,1828231.9794185148,10
-1271793.4068689877,1828231.9794185148,10
-1271330.09415246,1828231.9794185148,10
-1270866.7814359325,1828231.9794185148,10
-1270403.4687194051,1828231.9794185148,10
-1269940.1560028775,1828231.9794185148,10
-1269476.8432863501,1828231.9794185148,10
-1269013.5305698225,1828231.9794185148,10
-1268550.2178532952,1828231.9794185148,10
-1268086.9051367675,1828231.9794185148,10
-1267623.5924202402,1828231.9794185148,10
-1267160.2797037126,1828231.9794185148,10
-1266696.9669871852,1828231.9794185148,10
-1266233.6542706576,1828231.9794185148,10
-1265770.3415541302,1828231.9794185148,10
-1265307.0288376026,1828231.9794185148,10
-1264843.7161210752,1828231.9794185148,10
-1264380.4034045476,1828231.9794185148,10
-1263917.09068802,1828231.9794185148,10
-1263453.7779714926,1828231.9794185148,10
-1262990.465254965,1828231.9794185148,10
-1262527.1525384376,1828231.9794185148,10
-1262063.83982191,1828231.9794185148,10
-1261600.5271053826,1828231.9794185148,10
-1261137.214388855,1828231.9794185148,10
-1260673.9016723277,1828231.9794185148,10
-1260210.5889558,1828231.9794185148,10
-1259747.2762392727,1828231.9794185148,10
-1259283.963522745,1828231.9794185148,10
-1258820.6508062177,1828231.9794185148,10
-1258357.33808969,1828231.9794185148,10
-1257894.0253731627,1828231.9794185148,10
-1257430.712656635,1828231.9794185148,10
-1256967.3999401077,1828231.9794185148,10
-1256504.08722358,1828231.9794185148,10
-1256040.7745070527,1828231.9794185148,10
-1255577.4617905251,1828231.9794185148,10
-1255114.1490739975,1828231.9794185148,10
-1254650.8363574701,1828231.9794185148,10
-1254187.5236409425,1828231.9794185148,10
-1253724.2109244152,1828231.9794185148,10
-1253260.8982078875,1828231.9794185148,10
-1252797.5854913602,1828231.9794185148,10
-1252334.2727748326,1828231.9794185148,10
-1251870.9600583052,1828231.9794185148,10
-1251407.6473417776,1828231.9794185148,10
-1250944.3346252502,1828231.9794185148,10
-1250481.0219087226,1828231.9794185148,10
-1250017.7091921952,1828231.9794185148,10
-1249554.3964756676,1828231.9794185148,10
-1249091.0837591402,1828231.9794185148,10
-1248627.7710426126,1828231.9794185148,10
-1248164.458326085,1828231.9794185148,10
-1247701.1456095576,1828231.9794185148,10
-1247237.83289303,1828231.9794185148,10
-1246774.5201765026,1828231.9794185148,10
-1246311.207459975,1828231.9794185148,10
-1245847.8947434477,1828231.9794185148,10
-1245384.58202692,1828231.9794185148,10
-1244921.2693103927,1828231.9794185148,10
-1244457.956593865,1828231.9794185148,10
-1243994.6438773377,1828231.9794185148,10
-1243531.33116081,1828231.9794185148,10
-1243068.0184442827,1828231.9794185148,10
-1242604.705727755,1828231.9794185148,10
-1242141.3930112277,1828231.9794185148,10
-1241678.0802947,1828231.9794185148,10
-1241214.7675781725,1828231.9794185148,10
-1240751.4548616451,1828231.9794185148,10
-1240288.1421451175,1828231.9794185148,10
-1239824.8294285901,1828231.9794185148,10
-1239361.5167120625,1828231.9794185148,10
-1238898.2039955352,1828231.9794185148,10
-1238434.8912790075,1828231.9794185148,10
-1237971.5785624802,1828231.9794185148,10
-1237508.2658459526,1828231.9794185148,10
-1237044.9531294252,1828231.9794185148,10
-1236581.6404128976,1828231.9794185148,10
-1236118.3276963702,1828231.9794185148,10
-1235655.0149798426,1828231.9794185148,10
-1235191.7022633152,1828231.9794185148,10
-1234728.3895467876,1828231.9794185148,10
-1234265.07683026,1828231.9794185148,10
-1233801.7641137326,1828231.9794185148,10
-1233338.4513972052,1828231.9794185148,10
-1232875.1386806776,1828231.9794185148,10
-1232411.82596415,1828231.9794185148,10
-1231948.5132476226,1828231.9794185148,10
-1231485.200531095,1828231.9794185148,10
-1231021.8878145677,1828231.9794185148,10
-1230558.57509804,1828231.9794185148,10
-1230095.2623815127,1828231.9794185148,10
-1229631.949664985,1828231.9794185148,10
-1229168.6369484577,1828231.9794185148,10
-1228705.32423193,1828231.9794185148,10
-1228242.0115154027,1828231.9794185148,10
-1227778.698798875,1828231.9794185148,10
-1227315.3860823475,1828231.9794185148,10
-1226852.07336582,1828231.9794185148,10
-1226388.7606492927,1828231.9794185148,10
-1225925.4479327651,1828231.9794185148,10
-1225462.1352162375,1828231.9794185148,10
-1224998.8224997101,1828231.9794185148,10
-1224535.5097831825,1828231.9794185148,10
-1224072.1970666551,1828231.9794185148,10
-1223608.8843501275,1828231.9794185148,10
-1223145.5716336002,1828231.9794185148,10
-1222682.2589170726,1828231.9794185148,10
-1222218.9462005452,1828231.9794185148,10
-1221755.6334840176,1828231.9794185148,10
-1221292.3207674902,1828231.9794185148,10
-1220829.0080509626,1828231.9794185148,10
-1220365.6953344352,1828231.9794185148,10
-1219902.3826179076,1828231.9794185148,10
-1219439.0699013802,1828231.9794185148,10
-1218975.7571848526,1828231.9794185148,10
-1218512.444468325,1828231.9794185148,10
-1218049.1317517976,1828231.9794185148,10
-1217585.81903527,1828231.9794185148,10
-1217122.5063187426,1828231.9794185148,10
-1216659.193602215,1828231.9794185148,10
-1216195.8808856877,1828231.9794185148,10
-1215732.56816916,1828231.9794185148,10
-1215269.2554526327,1828231.9794185148,10
-1214805.942736105,1828231.9794185148,10
-1214342.6300195777,1828231.9794185148,10
-1213879.31730305,1828231.9794185148,10
-1213416.0045865227,1828231.9794185148,10
-1212952.691869995,1828231.9794185148,10
-1212489.3791534677,1828231.9794185148,10
-1212026.06643694,1828231.9794185148,10
-1211562.7537204125,1828231.9794185148,10
-1211099.4410038851,1828231.9794185148,10
-1210636.1282873575,1828231.9794185148,10
-1210172.8155708301,1828231.9794185148,10
-1209709.5028543025,1828231.9794185148,10
-1209246.1901377751,1828231.9794185148,10
-1208782.8774212475,1828231.9794185148,10
-1208319.5647047202,1828231.9794185148,10
-1207856.2519881926,1828231.9794185148,10
-1207392.9392716652,1828231.9794185148,10
-1206929.6265551376,1828231.9794185148,10
-1206466.3138386102,1828231.9794185148,10
-1206003.0011220826,1828231.9794185148,10
-1205539.6884055552,1828231.9794185148,10
-1205076.3756890276,1828231.9794185148,10
-1204613.0629725,1828231.9794185148,10
-1204149.7502559726,1828231.9794185148,10
-1203686.4375394452,1828231.9794185148,10
-1203223.1248229176,1828231.9794185148,10
-1202759.81210639,1828231.9794185148,10
-1202296.4993898626,1828231.9794185148,10
-1201833.186673335,1828231.9794185148,10
-1201369.8739568077,1828231.9794185148,10
-1200906.56124028,1828231.9794185148,10
-1200443.2485237527,1828231.9794185148,10
-1199979.935807225,1828231.9794185148,10
-1199516.6230906977,1828231.9794185148,10
-1199053.31037417,1828231.9794185148,10
-1198589.9976576427,1828231.9794185148,10
-1198126.684941115,1828231.9794185148,10
-1197663.3722245875,1828231.9794185148,10
-1197200.05950806,1828231.9794185148,10
-1196736.7467915327,1828231.9794185148,10
-1196273.4340750051,1828231.9794185148,10
-1195810.1213584775,1828231.9794185148,10
-1195346.8086419501,1828231.9794185148,10
-1194883.4959254225,1828231.9794185148,10
-1194420.1832088951,1828231.9794185148,10
-1193956.8704923675,1828231.9794185148,10
-1193493.5577758402,1828231.9794185148,10
-1193030.2450593126,1828231.9794185148,10
-1192566.9323427852,1828231.9794185148,10
-1192103.6196262576,1828231.9794185148,10
-1191640.3069097302,1828231.9794185148,10
-1191176.9941932026,1828231.9794185148,10
-1190713.6814766752,1828231.9794185148,10
-1190250.3687601476,1828231.9794185148,10
-1189787.0560436202,1828231.9794185148,10
-1189323.7433270926,1828231.9794185148,10
-1188860.430610565,1828231.9794185148,10
-1188397.1178940376,1828231.9794185148,10
-1187933.80517751,1828231.9794185148,10
-1187470.4924609826,1828231.9794185148,10
-1187007.179744455,1828231.9794185148,10
-1186543.8670279277,1828231.9794185148,10
-1186080.5543114,1828231.9794185148,10
-1185617.2415948727,1828231.9794185148,10
-1185153.928878345,1828231.9794185148,10
-1184690.6161618177,1828231.9794185148,10
-1184227.30344529,1828231.9794185148,10
-1183763.9907287627,1828231.9794185148,10
-1183300.678012235,1828231.9794185148,10
-1182837.3652957077,1828231.9794185148,10
-1182374.05257918,1828231.9794185148,10
-1181910.7398626525,1828231.9794185148,10
-1181447.4271461251,1828231.9794185148,10
-1180984.1144295975,1828231.9794185148,10
-1180520.8017130701,1828231.9794185148,10
-1180057.4889965425,1828231.9794185148,10
-1179594.1762800151,1828231.9794185148,10
-1179130.8635634875,1828231.9794185148,10
-1178667.5508469602,1828231.9794185148,10
-1178204.2381304326,1828231.9794185148,10
-1177740.9254139052,1828231.9794185148,10
-1177277.6126973776,1828231.9794185148,10
-1176814.2999808502,1828231.9794185148,10
-1176350.9872643226,1828231.9794185148,10
-1175887.6745477952,1828231.9794185148,10
-1175424.3618312676,1828231.9794185148,10
-1174961.04911474,1828231.9794185148,10
-1174497.7363982126,1828231.9794185148,10
-1174034.4236816852,1828231.9794185148,10
-1173571.1109651576,1828231.9794185148,10
-1173107.79824863,1828231.9794185148,10
-1172644.4855321026,1828231.9794185148,10
-1172181.172815575,1828231.9794185148,10
-1171717.8600990477,1828231.9794185148,10
-1171254.54738252,1828231.9794185148,10
-1170791.2346659927,1828231.9794185148,10
-1170327.921949465,1828231.9794185148,10
-1169864.6092329377,1828231.9794185148,10
-1169401.29651641,1828231.9794185148,10
-1168937.9837998827,1828231.9794185148,10
-1168474.671083355,1828231.9794185148,10
-1168011.3583668275,1828231.9794185148,10
-1167548.0456503,1828231.9794185148,10
-1167084.7329337727,1828231.9794185148,10
-1166621.4202172451,1828231.9794185148,10
-1166158.1075007175,1828231.9794185148,10
-1165694.7947841901,1828231.9794185148,10
-1165231.4820676625,1828231.9794185148,10
-1164768.1693511351,1828231.9794185148,10
-1164304.8566346075,1828231.9794185148,10
-1163841.5439180802,1828231.9794185148,10
-1163378.2312015526,1828231.9794185148,10
-1162914.9184850252,1828231.9794185148,10
-1162451.6057684976,1828231.9794185148,10
-1161988.2930519702,1828231.9794185148,10
-1161524.9803354426,1828231.9794185148,10
-1161061.6676189152,1828231.9794185148,10
-1160598.3549023876,1828231.9794185148,10
-1160135.0421858602,1828231.9794185148,10
-1159671.7294693326,1828231.9794185148,10
-1159208.416752805,1828231.9794185148,10
-1158745.1040362776,1828231.9794185148,10
-1158281.79131975,1828231.9794185148,10
-1157818.4786032226,1828231.9794185148,10
-1325537.6819861776,1827768.6667019872,10
-1325074.3692696502,1827768.6667019872,10
-1324611.0565531226,1827768.6667019872,10
-1324147.7438365952,1827768.6667019872,16
-1323684.4311200676,1827768.6667019872,16
-1323221.11840354,1827768.6667019872,16
-1322757.8056870126,1827768.6667019872,16
-1322294.492970485,1827768.6667019872,16
-1321831.1802539576,1827768.6667019872,16
-1321367.86753743,1827768.6667019872,16
-1320904.5548209026,1827768.6667019872,16
-1320441.242104375,1827768.6667019872,16
-1319977.9293878477,1827768.6667019872,16
-1319514.61667132,1827768.6667019872,16
-1319051.3039547927,1827768.6667019872,16
-1318587.991238265,1827768.6667019872,16
-1318124.6785217377,1827768.6667019872,16
-1317661.36580521,1827768.6667019872,16
-1317198.0530886827,1827768.6667019872,16
-1316734.740372155,1827768.6667019872,16
-1316271.4276556277,1827768.6667019872,16
-1315808.1149391,1827768.6667019872,16
-1315344.8022225727,1827768.6667019872,16
-1314881.4895060451,1827768.6667019872,16
-1314418.1767895175,1827768.6667019872,16
-1313954.8640729901,1827768.6667019872,16
-1313491.5513564625,1827768.6667019872,16
-1313028.2386399352,1827768.6667019872,16
-1312564.9259234075,1827768.6667019872,16
-1312101.6132068802,1827768.6667019872,10
-1311638.3004903526,1827768.6667019872,10
-1311174.9877738252,1827768.6667019872,10
-1310711.6750572976,1827768.6667019872,16
-1310248.3623407702,1827768.6667019872,16
-1309785.0496242426,1827768.6667019872,16
-1309321.7369077152,1827768.6667019872,16
-1308858.4241911876,1827768.6667019872,16
-1308395.1114746602,1827768.6667019872,16
-1307931.7987581326,1827768.6667019872,16
-1307468.486041605,1827768.6667019872,16
-1307005.1733250776,1827768.6667019872,16
-1306541.86060855,1827768.6667019872,16
-1306078.5478920226,1827768.6667019872,16
-1305615.235175495,1827768.6667019872,16
-1305151.9224589677,1827768.6667019872,16
-1304688.60974244,1827768.6667019872,16
-1304225.2970259127,1827768.6667019872,16
-1303761.984309385,1827768.6667019872,10
-1303298.6715928577,1827768.6667019872,7
-1302835.35887633,1827768.6667019872,7
-1302372.0461598027,1827768.6667019872,7
-1301908.733443275,1827768.6667019872,10
-1301445.4207267477,1827768.6667019872,16
-1300982.10801022,1827768.6667019872,16
-1300518.7952936925,1827768.6667019872,16
-1300055.4825771651,1827768.6667019872,16
-1299592.1698606375,1827768.6667019872,16
-1299128.8571441101,1827768.6667019872,16
-1298665.5444275825,1827768.6667019872,16
-1298202.2317110552,1827768.6667019872,16
-1297738.9189945275,1827768.6667019872,16
-1297275.6062780002,1827768.6667019872,16
-1296812.2935614726,1827768.6667019872,16
-1296348.9808449452,1827768.6667019872,16
-1295885.6681284176,1827768.6667019872,16
-1295422.3554118902,1827768.6667019872,16
-1294959.0426953626,1827768.6667019872,16
-1294495.7299788352,1827768.6667019872,16
-1294032.4172623076,1827768.6667019872,10
-1293569.10454578,1827768.6667019872,10
-1293105.7918292526,1827768.6667019872,16
-1292642.479112725,1827768.6667019872,16
-1292179.1663961976,1827768.6667019872,10
-1291715.85367967,1827768.6667019872,10
-1291252.5409631426,1827768.6667019872,10
-1290789.228246615,1827768.6667019872,10
-1290325.9155300877,1827768.6667019872,10
-1289862.60281356,1827768.6667019872,10
-1289399.2900970327,1827768.6667019872,10
-1288935.977380505,1827768.6667019872,16
-1288472.6646639777,1827768.6667019872,16
-1288009.35194745,1827768.6667019872,16
-1287546.0392309227,1827768.6667019872,16
-1287082.726514395,1827768.6667019872,16
-1286619.4137978677,1827768.6667019872,16
-1286156.10108134,1827768.6667019872,16
-1285692.7883648127,1827768.6667019872,16
-1285229.4756482851,1827768.6667019872,10
-1284766.1629317575,1827768.6667019872,10
-1284302.8502152301,1827768.6667019872,10
-1283839.5374987025,1827768.6667019872,10
-1283376.2247821752,1827768.6667019872,10
-1282912.9120656475,1827768.6667019872,10
-1282449.5993491202,1827768.6667019872,10
-1281986.2866325926,1827768.6667019872,10
-1281522.9739160652,1827768.6667019872,10
-1281059.6611995376,1827768.6667019872,10
-1280596.3484830102,1827768.6667019872,10
-1280133.0357664826,1827768.6667019872,10
-1279669.7230499552,1827768.6667019872,10
-1279206.4103334276,1827768.6667019872,10
-1278743.0976169002,1827768.6667019872,10
-1278279.7849003726,1827768.6667019872,10
-1277816.472183845,1827768.6667019872,10
-1277353.1594673176,1827768.6667019872,10
-1276889.84675079,1827768.6667019872,10
-1276426.5340342626,1827768.6667019872,10
-1275963.221317735,1827768.6667019872,10
-1275499.9086012077,1827768.6667019872,10
-1275036.59588468,1827768.6667019872,10
-1274573.2831681527,1827768.6667019872,10
-1274109.970451625,1827768.6667019872,10
-1273646.6577350977,1827768.6667019872,10
-1273183.34501857,1827768.6667019872,10
-1272720.0323020427,1827768.6667019872,10
-1272256.719585515,1827768.6667019872,10
-1271793.4068689877,1827768.6667019872,10
-1271330.09415246,1827768.6667019872,10
-1270866.7814359325,1827768.6667019872,10
-1270403.4687194051,1827768.6667019872,10
-1269940.1560028775,1827768.6667019872,10
-1269476.8432863501,1827768.6667019872,10
-1269013.5305698225,1827768.6667019872,10
-1268550.2178532952,1827768.6667019872,10
-1268086.9051367675,1827768.6667019872,10
-1267623.5924202402,1827768.6667019872,10
-1267160.2797037126,1827768.6667019872,10
-1266696.9669871852,1827768.6667019872,10
-1266233.6542706576,1827768.6667019872,10
-1265770.3415541302,1827768.6667019872,10
-1265307.0288376026,1827768.6667019872,10
-1264843.7161210752,1827768.6667019872,10
-1264380.4034045476,1827768.6667019872,10
-1263917.09068802,1827768.6667019872,10
-1263453.7779714926,1827768.6667019872,10
-1262990.465254965,1827768.6667019872,10
-1262527.1525384376,1827768.6667019872,10
-1262063.83982191,1827768.6667019872,10
-1261600.5271053826,1827768.6667019872,10
-1261137.214388855,1827768.6667019872,10
-1260673.9016723277,1827768.6667019872,10
-1260210.5889558,1827768.6667019872,10
-1259747.2762392727,1827768.6667019872,10
-1259283.963522745,1827768.6667019872,10
-1258820.6508062177,1827768.6667019872,10
-1258357.33808969,1827768.6667019872,10
-1257894.0253731627,1827768.6667019872,10
-1257430.712656635,1827768.6667019872,10
-1256967.3999401077,1827768.6667019872,10
-1256504.08722358,1827768.6667019872,10
-1256040.7745070527,1827768.6667019872,10
-1255577.4617905251,1827768.6667019872,10
-1255114.1490739975,1827768.6667019872,10
-1254650.8363574701,1827768.6667019872,10
-1254187.5236409425,1827768.6667019872,10
-1253724.2109244152,1827768.6667019872,10
-1253260.8982078875,1827768.6667019872,10
-1252797.5854913602,1827768.6667019872,10
-1252334.2727748326,1827768.6667019872,10
-1251870.9600583052,1827768.6667019872,10
-1251407.6473417776,1827768.6667019872,10
-1250944.3346252502,1827768.6667019872,10
-1250481.0219087226,1827768.6667019872,10
-1250017.7091921952,1827768.6667019872,10
-1249554.3964756676,1827768.6667019872,10
-1249091.0837591402,1827768.6667019872,10
-1248627.7710426126,1827768.6667019872,10
-1248164.458326085,1827768.6667019872,10
-1247701.1456095576,1827768.6667019872,10
-1247237.83289303,1827768.6667019872,10
-1246774.5201765026,1827768.6667019872,10
-1246311.207459975,1827768.6667019872,10
-1245847.8947434477,1827768.6667019872,10
-1245384.58202692,1827768.6667019872,10
-1244921.2693103927,1827768.6667019872,10
-1244457.956593865,1827768.6667019872,10
-1243994.6438773377,1827768.6667019872,10
-1243531.33116081,1827768.6667019872,10
-1243068.0184442827,1827768.6667019872,10
-1242604.705727755,1827768.6667019872,10
-1242141.3930112277,1827768.6667019872,10
-1241678.0802947,1827768.6667019872,10
-1241214.7675781725,1827768.6667019872,10
-1240751.4548616451,1827768.6667019872,10
-1240288.1421451175,1827768.6667019872,10
-1239824.8294285901,1827768.6667019872,10
-1239361.5167120625,1827768.6667019872,10
-1238898.2039955352,1827768.6667019872,10
-1238434.8912790075,1827768.6667019872,10
-1237971.5785624802,1827768.6667019872,10
-1237508.2658459526,1827768.6667019872,10
-1237044.9531294252,1827768.6667019872,10
-1236581.6404128976,1827768.6667019872,10
-1236118.3276963702,1827768.6667019872,10
-1235655.0149798426,1827768.6667019872,10
-1235191.7022633152,1827768.6667019872,10
-1234728.3895467876,1827768.6667019872,10
-1234265.07683026,1827768.6667019872,10
-1233801.7641137326,1827768.6667019872,10
-1233338.4513972052,1827768.6667019872,10
-1232875.1386806776,1827768.6667019872,10
-1232411.82596415,1827768.6667019872,10
-1231948.5132476226,1827768.6667019872,10
-1231485.200531095,1827768.6667019872,10
-1231021.8878145677,1827768.6667019872,10
-1230558.57509804,1827768.6667019872,10
-1230095.2623815127,1827768.6667019872,10
-1229631.949664985,1827768.6667019872,10
-1229168.6369484577,1827768.6667019872,10
-1228705.32423193,1827768.6667019872,10
-1228242.0115154027,1827768.6667019872,10
-1227778.698798875,1827768.6667019872,10
-1227315.3860823475,1827768.6667019872,10
-1226852.07336582,1827768.6667019872,10
-1226388.7606492927,1827768.6667019872,10
-1225925.4479327651,1827768.6667019872,10
-1225462.1352162375,1827768.6667019872,10
-1224998.8224997101,1827768.6667019872,10
-1224535.5097831825,1827768.6667019872,10
-1224072.1970666551,1827768.6667019872,10
-1223608.8843501275,1827768.6667019872,10
-1223145.5716336002,1827768.6667019872,10
-1222682.2589170726,1827768.6667019872,10
-1222218.9462005452,1827768.6667019872,10
-1221755.6334840176,1827768.6667019872,10
-1221292.3207674902,1827768.6667019872,10
-1220829.0080509626,1827768.6667019872,10
-1220365.6953344352,1827768.6667019872,10
-1219902.3826179076,1827768.6667019872,10
-1219439.0699013802,1827768.6667019872,10
-1218975.7571848526,1827768.6667019872,10
-1218512.444468325,1827768.6667019872,10
-1218049.1317517976,1827768.6667019872,10
-1217585.81903527,1827768.6667019872,10
-1217122.5063187426,1827768.6667019872,10
-1216659.193602215,1827768.6667019872,10
-1216195.8808856877,1827768.6667019872,10
-1215732.56816916,1827768.6667019872,10
-1215269.2554526327,1827768.6667019872,10
-1214805.942736105,1827768.6667019872,10
-1214342.6300195777,1827768.6667019872,10
-1213879.31730305,1827768.6667019872,10
-1213416.0045865227,1827768.6667019872,10
-1212952.691869995,1827768.6667019872,10
-1212489.3791534677,1827768.6667019872,10
-1212026.06643694,1827768.6667019872,10
-1211562.7537204125,1827768.6667019872,10
-1211099.4410038851,1827768.6667019872,10
-1210636.1282873575,1827768.6667019872,10
-1210172.8155708301,1827768.6667019872,10
-1209709.5028543025,1827768.6667019872,10
-1209246.1901377751,1827768.6667019872,10
-1208782.8774212475,1827768.6667019872,10
-1208319.5647047202,1827768.6667019872,10
-1207856.2519881926,1827768.6667019872,10
-1207392.9392716652,1827768.6667019872,10
-1206929.6265551376,1827768.6667019872,10
-1206466.3138386102,1827768.6667019872,10
-1206003.0011220826,1827768.6667019872,10
-1205539.6884055552,1827768.6667019872,10
-1205076.3756890276,1827768.6667019872,10
-1204613.0629725,1827768.6667019872,10
-1204149.7502559726,1827768.6667019872,10
-1203686.4375394452,1827768.6667019872,10
-1203223.1248229176,1827768.6667019872,10
-1202759.81210639,1827768.6667019872,10
-1202296.4993898626,1827768.6667019872,10
-1201833.186673335,1827768.6667019872,10
-1201369.8739568077,1827768.6667019872,10
-1200906.56124028,1827768.6667019872,10
-1200443.2485237527,1827768.6667019872,10
-1199979.935807225,1827768.6667019872,10
-1199516.6230906977,1827768.6667019872,10
-1199053.31037417,1827768.6667019872,10
-1198589.9976576427,1827768.6667019872,10
-1198126.684941115,1827768.6667019872,10
-1197663.3722245875,1827768.6667019872,10
-1197200.05950806,1827768.6667019872,10
-1196736.7467915327,1827768.6667019872,10
-1196273.4340750051,1827768.6667019872,10
-1195810.1213584775,1827768.6667019872,10
-1195346.8086419501,1827768.6667019872,10
-1194883.4959254225,1827768.6667019872,10
-1194420.1832088951,1827768.6667019872,10
-1193956.8704923675,1827768.6667019872,10
-1193493.5577758402,1827768.6667019872,10
-1193030.2450593126,1827768.6667019872,10
-1192566.9323427852,1827768.6667019872,10
-1192103.6196262576,1827768.6667019872,10
-1191640.3069097302,1827768.6667019872,10
-1191176.9941932026,1827768.6667019872,10
-1190713.6814766752,1827768.6667019872,10
-1190250.3687601476,1827768.6667019872,10
-1189787.0560436202,1827768.6667019872,10
-1189323.7433270926,1827768.6667019872,10
-1188860.430610565,1827768.6667019872,10
-1188397.1178940376,1827768.6667019872,10
-1187933.80517751,1827768.6667019872,10
-1187470.4924609826,1827768.6667019872,10
-1187007.179744455,1827768.6667019872,10
-1186543.8670279277,1827768.6667019872,10
-1186080.5543114,1827768.6667019872,10
-1185617.2415948727,1827768.6667019872,10
-1185153.928878345,1827768.6667019872,10
-1184690.6161618177,1827768.6667019872,10
-1184227.30344529,1827768.6667019872,10
-1183763.9907287627,1827768.6667019872,10
-1183300.678012235,1827768.6667019872,10
-1182837.3652957077,1827768.6667019872,10
-1182374.05257918,1827768.6667019872,10
-1181910.7398626525,1827768.6667019872,10
-1181447.4271461251,1827768.6667019872,10
-1180984.1144295975,1827768.6667019872,10
-1180520.8017130701,1827768.6667019872,10
-1180057.4889965425,1827768.6667019872,10
-1179594.1762800151,1827768.6667019872,10
-1179130.8635634875,1827768.6667019872,10
-1178667.5508469602,1827768.6667019872,10
-1178204.2381304326,1827768.6667019872,10
-1177740.9254139052,1827768.6667019872,10
-1177277.6126973776,1827768.6667019872,10
-1176814.2999808502,1827768.6667019872,10
-1176350.9872643226,1827768.6667019872,10
-1175887.6745477952,1827768.6667019872,10
-1175424.3618312676,1827768.6667019872,10
-1174961.04911474,1827768.6667019872,10
-1174497.7363982126,1827768.6667019872,10
-1174034.4236816852,1827768.6667019872,10
-1173571.1109651576,1827768.6667019872,10
-1173107.79824863,1827768.6667019872,10
-1172644.4855321026,1827768.6667019872,10
-1172181.172815575,1827768.6667019872,10
-1171717.8600990477,1827768.6667019872,10
-1171254.54738252,1827768.6667019872,10
-1170791.2346659927,1827768.6667019872,10
-1170327.921949465,1827768.6667019872,10
-1169864.6092329377,1827768.6667019872,10
-1169401.29651641,1827768.6667019872,10
-1168937.9837998827,1827768.6667019872,10
-1168474.671083355,1827768.6667019872,10
-1168011.3583668275,1827768.6667019872,10
-1167548.0456503,1827768.6667019872,10
-1167084.7329337727,1827768.6667019872,10
-1166621.4202172451,1827768.6667019872,10
-1166158.1075007175,1827768.6667019872,10
-1165694.7947841901,1827768.6667019872,10
-1165231.4820676625,1827768.6667019872,10
-1164768.1693511351,1827768.6667019872,10
-1164304.8566346075,1827768.6667019872,10
-1163841.5439180802,1827768.6667019872,10
-1163378.2312015526,1827768.6667019872,10
-1162914.9184850252,1827768.6667019872,10
-1162451.6057684976,1827768.6667019872,10
-1161988.2930519702,1827768.6667019872,10
-1161524.9803354426,1827768.6667019872,10
-1161061.6676189152,1827768.6667019872,10
-1160598.3549023876,1827768.6667019872,10
-1160135.0421858602,1827768.6667019872,10
-1159671.7294693326,1827768.6667019872,10
-1159208.416752805,1827768.6667019872,10
-1158745.1040362776,1827768.6667019872,10
-1158281.79131975,1827768.6667019872,10
-1157818.4786032226,1827768.6667019872,10
-1157355.165886695,1827768.6667019872,10
-1325537.6819861776,1827305.3539854598,10
-1325074.3692696502,1827305.3539854598,10
-1324611.0565531226,1827305.3539854598,10
-1324147.7438365952,1827305.3539854598,16
-1323684.4311200676,1827305.3539854598,16
-1323221.11840354,1827305.3539854598,16
-1322757.8056870126,1827305.3539854598,16
-1322294.492970485,1827305.3539854598,16
-1321831.1802539576,1827305.3539854598,16
-1321367.86753743,1827305.3539854598,16
-1320904.5548209026,1827305.3539854598,16
-1320441.242104375,1827305.3539854598,16
-1319977.9293878477,1827305.3539854598,16
-1319514.61667132,1827305.3539854598,16
-1319051.3039547927,1827305.3539854598,16
-1318587.991238265,1827305.3539854598,16
-1318124.6785217377,1827305.3539854598,16
-1317661.36580521,1827305.3539854598,16
-1317198.0530886827,1827305.3539854598,16
-1316734.740372155,1827305.3539854598,16
-1316271.4276556277,1827305.3539854598,16
-1315808.1149391,1827305.3539854598,16
-1315344.8022225727,1827305.3539854598,16
-1314881.4895060451,1827305.3539854598,16
-1314418.1767895175,1827305.3539854598,16
-1313954.8640729901,1827305.3539854598,16
-1313491.5513564625,1827305.3539854598,16
-1313028.2386399352,1827305.3539854598,10
-1312564.9259234075,1827305.3539854598,10
-1312101.6132068802,1827305.3539854598,10
-1311638.3004903526,1827305.3539854598,10
-1311174.9877738252,1827305.3539854598,16
-1310711.6750572976,1827305.3539854598,16
-1310248.3623407702,1827305.3539854598,16
-1309785.0496242426,1827305.3539854598,16
-1309321.7369077152,1827305.3539854598,16
-1308858.4241911876,1827305.3539854598,16
-1308395.1114746602,1827305.3539854598,16
-1307931.7987581326,1827305.3539854598,16
-1307468.486041605,1827305.3539854598,16
-1307005.1733250776,1827305.3539854598,16
-1306541.86060855,1827305.3539854598,16
-1306078.5478920226,1827305.3539854598,16
-1305615.235175495,1827305.3539854598,16
-1305151.9224589677,1827305.3539854598,16
-1304688.60974244,1827305.3539854598,16
-1304225.2970259127,1827305.3539854598,16
-1303761.984309385,1827305.3539854598,16
-1303298.6715928577,1827305.3539854598,16
-1302835.35887633,1827305.3539854598,10
-1302372.0461598027,1827305.3539854598,10
-1301908.733443275,1827305.3539854598,10
-1301445.4207267477,1827305.3539854598,16
-1300982.10801022,1827305.3539854598,16
-1300518.7952936925,1827305.3539854598,16
-1300055.4825771651,1827305.3539854598,16
-1299592.1698606375,1827305.3539854598,16
-1299128.8571441101,1827305.3539854598,16
-1298665.5444275825,1827305.3539854598,16
-1298202.2317110552,1827305.3539854598,16
-1297738.9189945275,1827305.3539854598,16
-1297275.6062780002,1827305.3539854598,16
-1296812.2935614726,1827305.3539854598,16
-1296348.9808449452,1827305.3539854598,16
-1295885.6681284176,1827305.3539854598,16
-1295422.3554118902,1827305.3539854598,16
-1294959.0426953626,1827305.3539854598,16
-1294495.7299788352,1827305.3539854598,16
-1294032.4172623076,1827305.3539854598,10
-1293569.10454578,1827305.3539854598,16
-1293105.7918292526,1827305.3539854598,16
-1292642.479112725,1827305.3539854598,16
-1292179.1663961976,1827305.3539854598,16
-1291715.85367967,1827305.3539854598,16
-1291252.5409631426,1827305.3539854598,10
-1290789.228246615,1827305.3539854598,10
-1290325.9155300877,1827305.3539854598,10
-1289862.60281356,1827305.3539854598,16
-1289399.2900970327,1827305.3539854598,16
-1288935.977380505,1827305.3539854598,16
-1288472.6646639777,1827305.3539854598,16
-1288009.35194745,1827305.3539854598,16
-1287546.0392309227,1827305.3539854598,10
-1287082.726514395,1827305.3539854598,16
-1286619.4137978677,1827305.3539854598,16
-1286156.10108134,1827305.3539854598,16
-1285692.7883648127,1827305.3539854598,16
-1285229.4756482851,1827305.3539854598,10
-1284766.1629317575,1827305.3539854598,10
-1284302.8502152301,1827305.3539854598,10
-1283839.5374987025,1827305.3539854598,10
-1283376.2247821752,1827305.3539854598,10
-1282912.9120656475,1827305.3539854598,10
-1282449.5993491202,1827305.3539854598,10
-1281986.2866325926,1827305.3539854598,10
-1281522.9739160652,1827305.3539854598,10
-1281059.6611995376,1827305.3539854598,10
-1280596.3484830102,1827305.3539854598,10
-1280133.0357664826,1827305.3539854598,10
-1279669.7230499552,1827305.3539854598,10
-1279206.4103334276,1827305.3539854598,10
-1278743.0976169002,1827305.3539854598,10
-1278279.7849003726,1827305.3539854598,10
-1277816.472183845,1827305.3539854598,10
-1277353.1594673176,1827305.3539854598,10
-1276889.84675079,1827305.3539854598,10
-1276426.5340342626,1827305.3539854598,10
-1275963.221317735,1827305.3539854598,10
-1275499.9086012077,1827305.3539854598,10
-1275036.59588468,1827305.3539854598,10
-1274573.2831681527,1827305.3539854598,10
-1274109.970451625,1827305.3539854598,10
-1273646.6577350977,1827305.3539854598,10
-1273183.34501857,1827305.3539854598,10
-1272720.0323020427,1827305.3539854598,10
-1272256.719585515,1827305.3539854598,10
-1271793.4068689877,1827305.3539854598,10
-1271330.09415246,1827305.3539854598,10
-1270866.7814359325,1827305.3539854598,10
-1270403.4687194051,1827305.3539854598,10
-1269940.1560028775,1827305.3539854598,10
-1269476.8432863501,1827305.3539854598,10
-1269013.5305698225,1827305.3539854598,10
-1268550.2178532952,1827305.3539854598,10
-1268086.9051367675,1827305.3539854598,10
-1267623.5924202402,1827305.3539854598,10
-1267160.2797037126,1827305.3539854598,10
-1266696.9669871852,1827305.3539854598,10
-1266233.6542706576,1827305.3539854598,10
-1265770.3415541302,1827305.3539854598,10
-1265307.0288376026,1827305.3539854598,10
-1264843.7161210752,1827305.3539854598,10
-1264380.4034045476,1827305.3539854598,10
-1263917.09068802,1827305.3539854598,10
-1263453.7779714926,1827305.3539854598,10
-1262990.465254965,1827305.3539854598,10
-1262527.1525384376,1827305.3539854598,10
-1262063.83982191,1827305.3539854598,10
-1261600.5271053826,1827305.3539854598,10
-1261137.214388855,1827305.3539854598,10
-1260673.9016723277,1827305.3539854598,10
-1260210.5889558,1827305.3539854598,7
-1259747.2762392727,1827305.3539854598,10
-1259283.963522745,1827305.3539854598,10
-1258820.6508062177,1827305.3539854598,10
-1258357.33808969,1827305.3539854598,10
-1257894.0253731627,1827305.3539854598,10
-1257430.712656635,1827305.3539854598,10
-1256967.3999401077,1827305.3539854598,10
-1256504.08722358,1827305.3539854598,10
-1256040.7745070527,1827305.3539854598,10
-1255577.4617905251,1827305.3539854598,10
-1255114.1490739975,1827305.3539854598,10
-1254650.8363574701,1827305.3539854598,10
-1254187.5236409425,1827305.3539854598,10
-1253724.2109244152,1827305.3539854598,10
-1253260.8982078875,1827305.3539854598,10
-1252797.5854913602,1827305.3539854598,10
-1252334.2727748326,1827305.3539854598,10
-1251870.9600583052,1827305.3539854598,10
-1251407.6473417776,1827305.3539854598,10
-1250944.3346252502,1827305.3539854598,10
-1250481.0219087226,1827305.3539854598,10
-1250017.7091921952,1827305.3539854598,10
-1249554.3964756676,1827305.3539854598,10
-1249091.0837591402,1827305.3539854598,10
-1248627.7710426126,1827305.3539854598,10
-1248164.458326085,1827305.3539854598,10
-1247701.1456095576,1827305.3539854598,10
-1247237.83289303,1827305.3539854598,10
-1246774.5201765026,1827305.3539854598,10
-1246311.207459975,1827305.3539854598,10
-1245847.8947434477,1827305.3539854598,10
-1245384.58202692,1827305.3539854598,10
-1244921.2693103927,1827305.3539854598,10
-1244457.956593865,1827305.3539854598,10
-1243994.6438773377,1827305.3539854598,10
-1243531.33116081,1827305.3539854598,10
-1243068.0184442827,1827305.3539854598,10
-1242604.705727755,1827305.3539854598,10
-1242141.3930112277,1827305.3539854598,10
-1241678.0802947,1827305.3539854598,10
-1241214.7675781725,1827305.3539854598,10
-1240751.4548616451,1827305.3539854598,10
-1240288.1421451175,1827305.3539854598,10
-1239824.8294285901,1827305.3539854598,10
-1239361.5167120625,1827305.3539854598,10
-1238898.2039955352,1827305.3539854598,10
-1238434.8912790075,1827305.3539854598,10
-1237971.5785624802,1827305.3539854598,10
-1237508.2658459526,1827305.3539854598,10
-1237044.9531294252,1827305.3539854598,10
-1236581.6404128976,1827305.3539854598,10
-1236118.3276963702,1827305.3539854598,10
-1235655.0149798426,1827305.3539854598,10
-1235191.7022633152,1827305.3539854598,10
-1234728.3895467876,1827305.3539854598,10
-1234265.07683026,1827305.3539854598,10
-1233801.7641137326,1827305.3539854598,10
-1233338.4513972052,1827305.3539854598,10
-1232875.1386806776,1827305.3539854598,10
-1232411.82596415,1827305.3539854598,10
-1231948.5132476226,1827305.3539854598,10
-1231485.200531095,1827305.3539854598,10
-1231021.8878145677,1827305.3539854598,10
-1230558.57509804,1827305.3539854598,10
-1230095.2623815127,1827305.3539854598,10
-1229631.949664985,1827305.3539854598,10
-1229168.6369484577,1827305.3539854598,10
-1228705.32423193,1827305.3539854598,10
-1228242.0115154027,1827305.3539854598,10
-1227778.698798875,1827305.3539854598,10
-1227315.3860823475,1827305.3539854598,10
-1226852.07336582,1827305.3539854598,10
-1226388.7606492927,1827305.3539854598,10
-1225925.4479327651,1827305.3539854598,10
-1225462.1352162375,1827305.3539854598,10
-1224998.8224997101,1827305.3539854598,10
-1224535.5097831825,1827305.3539854598,10
-1224072.1970666551,1827305.3539854598,10
-1223608.8843501275,1827305.3539854598,10
-1223145.5716336002,1827305.3539854598,10
-1222682.2589170726,1827305.3539854598,10
-1222218.9462005452,1827305.3539854598,10
-1221755.6334840176,1827305.3539854598,10
-1221292.3207674902,1827305.3539854598,10
-1220829.0080509626,1827305.3539854598,10
-1220365.6953344352,1827305.3539854598,10
-1219902.3826179076,1827305.3539854598,10
-1219439.0699013802,1827305.3539854598,10
-1218975.7571848526,1827305.3539854598,10
-1218512.444468325,1827305.3539854598,10
-1218049.1317517976,1827305.3539854598,10
-1217585.81903527,1827305.3539854598,10
-1217122.5063187426,1827305.3539854598,10
-1216659.193602215,1827305.3539854598,10
-1216195.8808856877,1827305.3539854598,10
-1215732.56816916,1827305.3539854598,10
-1215269.2554526327,1827305.3539854598,10
-1214805.942736105,1827305.3539854598,10
-1214342.6300195777,1827305.3539854598,10
-1213879.31730305,1827305.3539854598,10
-1213416.0045865227,1827305.3539854598,10
-1212952.691869995,1827305.3539854598,10
-1212489.3791534677,1827305.3539854598,10
-1212026.06643694,1827305.3539854598,10
-1211562.7537204125,1827305.3539854598,10
-1211099.4410038851,1827305.3539854598,10
-1210636.1282873575,1827305.3539854598,10
-1210172.8155708301,1827305.3539854598,10
-1209709.5028543025,1827305.3539854598,10
-1209246.1901377751,1827305.3539854598,10
-1208782.8774212475,1827305.3539854598,10
-1208319.5647047202,1827305.3539854598,10
-1207856.2519881926,1827305.3539854598,10
-1207392.9392716652,1827305.3539854598,10
-1206929.6265551376,1827305.3539854598,10
-1206466.3138386102,1827305.3539854598,10
-1206003.0011220826,1827305.3539854598,10
-1205539.6884055552,1827305.3539854598,10
-1205076.3756890276,1827305.3539854598,10
-1204613.0629725,1827305.3539854598,10
-1204149.7502559726,1827305.3539854598,10
-1203686.4375394452,1827305.3539854598,10
-1203223.1248229176,1827305.3539854598,10
-1202759.81210639,1827305.3539854598,10
-1202296.4993898626,1827305.3539854598,10
-1201833.186673335,1827305.3539854598,10
-1201369.8739568077,1827305.3539854598,10
-1200906.56124028,1827305.3539854598,10
-1200443.2485237527,1827305.3539854598,10
-1199979.935807225,1827305.3539854598,10
-1199516.6230906977,1827305.3539854598,10
-1199053.31037417,1827305.3539854598,10
-1198589.9976576427,1827305.3539854598,10
-1198126.684941115,1827305.3539854598,10
-1197663.3722245875,1827305.3539854598,10
-1197200.05950806,1827305.3539854598,10
-1196736.7467915327,1827305.3539854598,10
-1196273.4340750051,1827305.3539854598,10
-1195810.1213584775,1827305.3539854598,10
-1195346.8086419501,1827305.3539854598,10
-1194883.4959254225,1827305.3539854598,10
-1194420.1832088951,1827305.3539854598,10
-1193956.8704923675,1827305.3539854598,10
-1193493.5577758402,1827305.3539854598,10
-1193030.2450593126,1827305.3539854598,10
-1192566.9323427852,1827305.3539854598,10
-1192103.6196262576,1827305.3539854598,10
-1191640.3069097302,1827305.3539854598,10
-1191176.9941932026,1827305.3539854598,10
-1190713.6814766752,1827305.3539854598,10
-1190250.3687601476,1827305.3539854598,10
-1189787.0560436202,1827305.3539854598,10
-1189323.7433270926,1827305.3539854598,10
-1188860.430610565,1827305.3539854598,10
-1188397.1178940376,1827305.3539854598,10
-1187933.80517751,1827305.3539854598,10
-1187470.4924609826,1827305.3539854598,10
-1187007.179744455,1827305.3539854598,10
-1186543.8670279277,1827305.3539854598,10
-1186080.5543114,1827305.3539854598,10
-1185617.2415948727,1827305.3539854598,10
-1185153.928878345,1827305.3539854598,10
-1184690.6161618177,1827305.3539854598,10
-1184227.30344529,1827305.3539854598,10
-1183763.9907287627,1827305.3539854598,10
-1183300.678012235,1827305.3539854598,10
-1182837.3652957077,1827305.3539854598,10
-1182374.05257918,1827305.3539854598,10
-1181910.7398626525,1827305.3539854598,10
-1181447.4271461251,1827305.3539854598,10
-1180984.1144295975,1827305.3539854598,10
-1180520.8017130701,1827305.3539854598,10
-1180057.4889965425,1827305.3539854598,10
-1179594.1762800151,1827305.3539854598,10
-1179130.8635634875,1827305.3539854598,10
-1178667.5508469602,1827305.3539854598,10
-1178204.2381304326,1827305.3539854598,10
-1177740.9254139052,1827305.3539854598,10
-1177277.6126973776,1827305.3539854598,10
-1176814.2999808502,1827305.3539854598,10
-1176350.9872643226,1827305.3539854598,10
-1175887.6745477952,1827305.3539854598,10
-1175424.3618312676,1827305.3539854598,10
-1174961.04911474,1827305.3539854598,10
-1174497.7363982126,1827305.3539854598,10
-1174034.4236816852,1827305.3539854598,10
-1173571.1109651576,1827305.3539854598,10
-1173107.79824863,1827305.3539854598,10
-1172644.4855321026,1827305.3539854598,10
-1172181.172815575,1827305.3539854598,10
-1171717.8600990477,1827305.3539854598,10
-1171254.54738252,1827305.3539854598,10
-1170791.2346659927,1827305.3539854598,10
-1170327.921949465,1827305.3539854598,10
-1169864.6092329377,1827305.3539854598,10
-1169401.29651641,1827305.3539854598,10
-1168937.9837998827,1827305.3539854598,10
-1168474.671083355,1827305.3539854598,10
-1168011.3583668275,1827305.3539854598,10
-1167548.0456503,1827305.3539854598,10
-1167084.7329337727,1827305.3539854598,10
-1166621.4202172451,1827305.3539854598,10
-1166158.1075007175,1827305.3539854598,10
-1165694.7947841901,1827305.3539854598,10
-1165231.4820676625,1827305.3539854598,10
-1164768.1693511351,1827305.3539854598,10
-1164304.8566346075,1827305.3539854598,10
-1163841.5439180802,1827305.3539854598,10
-1163378.2312015526,1827305.3539854598,10
-1162914.9184850252,1827305.3539854598,10
-1162451.6057684976,1827305.3539854598,10
-1161988.2930519702,1827305.3539854598,10
-1161524.9803354426,1827305.3539854598,10
-1161061.6676189152,1827305.3539854598,10
-1160598.3549023876,1827305.3539854598,10
-1160135.0421858602,1827305.3539854598,10
-1159671.7294693326,1827305.3539854598,10
-1159208.416752805,1827305.3539854598,10
-1158745.1040362776,1827305.3539854598,10
-1158281.79131975,1827305.3539854598,10
-1157818.4786032226,1827305.3539854598,10
-1157355.165886695,1827305.3539854598,10
-1325537.6819861776,1826842.0412689322,10
-1325074.3692696502,1826842.0412689322,10
-1324611.0565531226,1826842.0412689322,16
-1324147.7438365952,1826842.0412689322,16
-1323684.4311200676,1826842.0412689322,16
-1323221.11840354,1826842.0412689322,16
-1322757.8056870126,1826842.0412689322,16
-1322294.492970485,1826842.0412689322,16
-1321831.1802539576,1826842.0412689322,16
-1321367.86753743,1826842.0412689322,16
-1320904.5548209026,1826842.0412689322,16
-1320441.242104375,1826842.0412689322,16
-1319977.9293878477,1826842.0412689322,16
-1319514.61667132,1826842.0412689322,16
-1319051.3039547927,1826842.0412689322,16
-1318587.991238265,1826842.0412689322,16
-1318124.6785217377,1826842.0412689322,16
-1317661.36580521,1826842.0412689322,16
-1317198.0530886827,1826842.0412689322,16
-1316734.740372155,1826842.0412689322,16
-1316271.4276556277,1826842.0412689322,16
-1315808.1149391,1826842.0412689322,16
-1315344.8022225727,1826842.0412689322,16
-1314881.4895060451,1826842.0412689322,16
-1314418.1767895175,1826842.0412689322,16
-1313954.8640729901,1826842.0412689322,16
-1313491.5513564625,1826842.0412689322,10
-1313028.2386399352,1826842.0412689322,10
-1312564.9259234075,1826842.0412689322,10
-1312101.6132068802,1826842.0412689322,10
-1311638.3004903526,1826842.0412689322,10
-1311174.9877738252,1826842.0412689322,16
-1310711.6750572976,1826842.0412689322,16
-1310248.3623407702,1826842.0412689322,16
-1309785.0496242426,1826842.0412689322,16
-1309321.7369077152,1826842.0412689322,16
-1308858.4241911876,1826842.0412689322,16
-1308395.1114746602,1826842.0412689322,16
-1307931.7987581326,1826842.0412689322,16
-1307468.486041605,1826842.0412689322,16
-1307005.1733250776,1826842.0412689322,16
-1306541.86060855,1826842.0412689322,10
-1306078.5478920226,1826842.0412689322,16
-1305615.235175495,1826842.0412689322,16
-1305151.9224589677,1826842.0412689322,16
-1304688.60974244,1826842.0412689322,16
-1304225.2970259127,1826842.0412689322,16
-1303761.984309385,1826842.0412689322,16
-1303298.6715928577,1826842.0412689322,16
-1302835.35887633,1826842.0412689322,16
-1302372.0461598027,1826842.0412689322,16
-1301908.733443275,1826842.0412689322,16
-1301445.4207267477,1826842.0412689322,16
-1300982.10801022,1826842.0412689322,16
-1300518.7952936925,1826842.0412689322,10
-1300055.4825771651,1826842.0412689322,10
-1299592.1698606375,1826842.0412689322,16
-1299128.8571441101,1826842.0412689322,16
-1298665.5444275825,1826842.0412689322,16
-1298202.2317110552,1826842.0412689322,16
-1297738.9189945275,1826842.0412689322,10
-1297275.6062780002,1826842.0412689322,16
-1296812.2935614726,1826842.0412689322,16
-1296348.9808449452,1826842.0412689322,16
-1295885.6681284176,1826842.0412689322,16
-1295422.3554118902,1826842.0412689322,16
-1294959.0426953626,1826842.0412689322,16
-1294495.7299788352,1826842.0412689322,16
-1294032.4172623076,1826842.0412689322,10
-1293569.10454578,1826842.0412689322,16
-1293105.7918292526,1826842.0412689322,16
-1292642.479112725,1826842.0412689322,16
-1292179.1663961976,1826842.0412689322,16
-1291715.85367967,1826842.0412689322,16
-1291252.5409631426,1826842.0412689322,16
-1290789.228246615,1826842.0412689322,10
-1290325.9155300877,1826842.0412689322,10
-1289862.60281356,1826842.0412689322,16
-1289399.2900970327,1826842.0412689322,16
-1288935.977380505,1826842.0412689322,16
-1288472.6646639777,1826842.0412689322,16
-1288009.35194745,1826842.0412689322,10
-1287546.0392309227,1826842.0412689322,10
-1287082.726514395,1826842.0412689322,10
-1286619.4137978677,1826842.0412689322,16
-1286156.10108134,1826842.0412689322,16
-1285692.7883648127,1826842.0412689322,10
-1285229.4756482851,1826842.0412689322,10
-1284766.1629317575,1826842.0412689322,10
-1284302.8502152301,1826842.0412689322,10
-1283839.5374987025,1826842.0412689322,10
-1283376.2247821752,1826842.0412689322,10
-1282912.9120656475,1826842.0412689322,10
-1282449.5993491202,1826842.0412689322,10
-1281986.2866325926,1826842.0412689322,10
-1281522.9739160652,1826842.0412689322,10
-1281059.6611995376,1826842.0412689322,10
-1280596.3484830102,1826842.0412689322,10
-1280133.0357664826,1826842.0412689322,10
-1279669.7230499552,1826842.0412689322,10
-1279206.4103334276,1826842.0412689322,10
-1278743.0976169002,1826842.0412689322,10
-1278279.7849003726,1826842.0412689322,10
-1277816.472183845,1826842.0412689322,10
-1277353.1594673176,1826842.0412689322,10
-1276889.84675079,1826842.0412689322,10
-1276426.5340342626,1826842.0412689322,10
-1275963.221317735,1826842.0412689322,10
-1275499.9086012077,1826842.0412689322,10
-1275036.59588468,1826842.0412689322,10
-1274573.2831681527,1826842.0412689322,10
-1274109.970451625,1826842.0412689322,10
-1273646.6577350977,1826842.0412689322,10
-1273183.34501857,1826842.0412689322,10
-1272720.0323020427,1826842.0412689322,10
-1272256.719585515,1826842.0412689322,10
-1271793.4068689877,1826842.0412689322,10
-1271330.09415246,1826842.0412689322,10
-1270866.7814359325,1826842.0412689322,10
-1270403.4687194051,1826842.0412689322,10
-1269940.1560028775,1826842.0412689322,10
-1269476.8432863501,1826842.0412689322,10
-1269013.5305698225,1826842.0412689322,10
-1268550.2178532952,1826842.0412689322,10
-1268086.9051367675,1826842.0412689322,10
-1267623.5924202402,1826842.0412689322,10
-1267160.2797037126,1826842.0412689322,10
-1266696.9669871852,1826842.0412689322,10
-1266233.6542706576,1826842.0412689322,10
-1265770.3415541302,1826842.0412689322,10
-1265307.0288376026,1826842.0412689322,10
-1264843.7161210752,1826842.0412689322,10
-1264380.4034045476,1826842.0412689322,10
-1263917.09068802,1826842.0412689322,10
-1263453.7779714926,1826842.0412689322,10
-1262990.465254965,1826842.0412689322,10
-1262527.1525384376,1826842.0412689322,10
-1262063.83982191,1826842.0412689322,10
-1261600.5271053826,1826842.0412689322,10
-1261137.214388855,1826842.0412689322,10
-1260673.9016723277,1826842.0412689322,10
-1260210.5889558,1826842.0412689322,10
-1259747.2762392727,1826842.0412689322,7
-1259283.963522745,1826842.0412689322,10
-1258820.6508062177,1826842.0412689322,10
-1258357.33808969,1826842.0412689322,10
-1257894.0253731627,1826842.0412689322,10
-1257430.712656635,1826842.0412689322,10
-1256967.3999401077,1826842.0412689322,10
-1256504.08722358,1826842.0412689322,10
-1256040.7745070527,1826842.0412689322,10
-1255577.4617905251,1826842.0412689322,10
-1255114.1490739975,1826842.0412689322,10
-1254650.8363574701,1826842.0412689322,10
-1254187.5236409425,1826842.0412689322,10
-1253724.2109244152,1826842.0412689322,10
-1253260.8982078875,1826842.0412689322,10
-1252797.5854913602,1826842.0412689322,10
-1252334.2727748326,1826842.0412689322,10
-1251870.9600583052,1826842.0412689322,10
-1251407.6473417776,1826842.0412689322,10
-1250944.3346252502,1826842.0412689322,10
-1250481.0219087226,1826842.0412689322,10
-1250017.7091921952,1826842.0412689322,10
-1249554.3964756676,1826842.0412689322,10
-1249091.0837591402,1826842.0412689322,10
-1248627.7710426126,1826842.0412689322,10
-1248164.458326085,1826842.0412689322,10
-1247701.1456095576,1826842.0412689322,10
-1247237.83289303,1826842.0412689322,10
-1246774.5201765026,1826842.0412689322,10
-1246311.207459975,1826842.0412689322,10
-1245847.8947434477,1826842.0412689322,10
-1245384.58202692,1826842.0412689322,10
-1244921.2693103927,1826842.0412689322,10
-1244457.956593865,1826842.0412689322,10
-1243994.6438773377,1826842.0412689322,10
-1243531.33116081,1826842.0412689322,10
-1243068.0184442827,1826842.0412689322,10
-1242604.705727755,1826842.0412689322,10
-1242141.3930112277,1826842.0412689322,10
-1241678.0802947,1826842.0412689322,10
-1241214.7675781725,1826842.0412689322,10
-1240751.4548616451,1826842.0412689322,10
-1240288.1421451175,1826842.0412689322,10
-1239824.8294285901,1826842.0412689322,10
-1239361.5167120625,1826842.0412689322,10
-1238898.2039955352,1826842.0412689322,10
-1238434.8912790075,1826842.0412689322,10
-1237971.5785624802,1826842.0412689322,10
-1237508.2658459526,1826842.0412689322,10
-1237044.9531294252,1826842.0412689322,10
-1236581.6404128976,1826842.0412689322,10
-1236118.3276963702,1826842.0412689322,10
-1235655.0149798426,1826842.0412689322,10
-1235191.7022633152,1826842.0412689322,10
-1234728.3895467876,1826842.0412689322,10
-1234265.07683026,1826842.0412689322,10
-1233801.7641137326,1826842.0412689322,10
-1233338.4513972052,1826842.0412689322,10
-1232875.1386806776,1826842.0412689322,10
-1232411.82596415,1826842.0412689322,10
-1231948.5132476226,1826842.0412689322,10
-1231485.200531095,1826842.0412689322,10
-1231021.8878145677,1826842.0412689322,10
-1230558.57509804,1826842.0412689322,10
-1230095.2623815127,1826842.0412689322,10
-1229631.949664985,1826842.0412689322,10
-1229168.6369484577,1826842.0412689322,10
-1228705.32423193,1826842.0412689322,10
-1228242.0115154027,1826842.0412689322,10
-1227778.698798875,1826842.0412689322,10
-1227315.3860823475,1826842.0412689322,10
-1226852.07336582,1826842.0412689322,10
-1226388.7606492927,1826842.0412689322,10
-1225925.4479327651,1826842.0412689322,10
-1225462.1352162375,1826842.0412689322,10
-1224998.8224997101,1826842.0412689322,10
-1224535.5097831825,1826842.0412689322,10
-1224072.1970666551,1826842.0412689322,10
-1223608.8843501275,1826842.0412689322,10
-1223145.5716336002,1826842.0412689322,10
-1222682.2589170726,1826842.0412689322,10
-1222218.9462005452,1826842.0412689322,10
-1221755.6334840176,1826842.0412689322,10
-1221292.3207674902,1826842.0412689322,10
-1220829.0080509626,1826842.0412689322,10
-1220365.6953344352,1826842.0412689322,10
-1219902.3826179076,1826842.0412689322,10
-1219439.0699013802,1826842.0412689322,10
-1218975.7571848526,1826842.0412689322,10
-1218512.444468325,1826842.0412689322,10
-1218049.1317517976,1826842.0412689322,10
-1217585.81903527,1826842.0412689322,10
-1217122.5063187426,1826842.0412689322,10
-1216659.193602215,1826842.0412689322,10
-1216195.8808856877,1826842.0412689322,10
-1215732.56816916,1826842.0412689322,10
-1215269.2554526327,1826842.0412689322,10
-1214805.942736105,1826842.0412689322,10
-1214342.6300195777,1826842.0412689322,10
-1213879.31730305,1826842.0412689322,10
-1213416.0045865227,1826842.0412689322,10
-1212952.691869995,1826842.0412689322,10
-1212489.3791534677,1826842.0412689322,10
-1212026.06643694,1826842.0412689322,10
-1211562.7537204125,1826842.0412689322,10
-1211099.4410038851,1826842.0412689322,10
-1210636.1282873575,1826842.0412689322,10
-1210172.8155708301,1826842.0412689322,10
-1209709.5028543025,1826842.0412689322,10
-1209246.1901377751,1826842.0412689322,10
-1208782.8774212475,1826842.0412689322,10
-1208319.5647047202,1826842.0412689322,10
-1207856.2519881926,1826842.0412689322,10
-1207392.9392716652,1826842.0412689322,10
-1206929.6265551376,1826842.0412689322,10
-1206466.3138386102,1826842.0412689322,10
-1206003.0011220826,1826842.0412689322,10
-1205539.6884055552,1826842.0412689322,10
-1205076.3756890276,1826842.0412689322,10
-1204613.0629725,1826842.0412689322,10
-1204149.7502559726,1826842.0412689322,10
-1203686.4375394452,1826842.0412689322,10
-1203223.1248229176,1826842.0412689322,10
-1202759.81210639,1826842.0412689322,10
-1202296.4993898626,1826842.0412689322,10
-1201833.186673335,1826842.0412689322,10
-1201369.8739568077,1826842.0412689322,10
-1200906.56124028,1826842.0412689322,10
-1200443.2485237527,1826842.0412689322,10
-1199979.935807225,1826842.0412689322,10
-1199516.6230906977,1826842.0412689322,10
-1199053.31037417,1826842.0412689322,10
-1198589.9976576427,1826842.0412689322,10
-1198126.684941115,1826842.0412689322,10
-1197663.3722245875,1826842.0412689322,10
-1197200.05950806,1826842.0412689322,10
-1196736.7467915327,1826842.0412689322,10
-1196273.4340750051,1826842.0412689322,10
-1195810.1213584775,1826842.0412689322,10
-1195346.8086419501,1826842.0412689322,10
-1194883.4959254225,1826842.0412689322,10
-1194420.1832088951,1826842.0412689322,10
-1193956.8704923675,1826842.0412689322,10
-1193493.5577758402,1826842.0412689322,10
-1193030.2450593126,1826842.0412689322,10
-1192566.9323427852,1826842.0412689322,10
-1192103.6196262576,1826842.0412689322,10
-1191640.3069097302,1826842.0412689322,10
-1191176.9941932026,1826842.0412689322,10
-1190713.6814766752,1826842.0412689322,10
-1190250.3687601476,1826842.0412689322,10
-1189787.0560436202,1826842.0412689322,10
-1189323.7433270926,1826842.0412689322,10
-1188860.430610565,1826842.0412689322,10
-1188397.1178940376,1826842.0412689322,10
-1187933.80517751,1826842.0412689322,10
-1187470.4924609826,1826842.0412689322,10
-1187007.179744455,1826842.0412689322,10
-1186543.8670279277,1826842.0412689322,10
-1186080.5543114,1826842.0412689322,10
-1185617.2415948727,1826842.0412689322,10
-1185153.928878345,1826842.0412689322,10
-1184690.6161618177,1826842.0412689322,10
-1184227.30344529,1826842.0412689322,10
-1183763.9907287627,1826842.0412689322,10
-1183300.678012235,1826842.0412689322,10
-1182837.3652957077,1826842.0412689322,10
-1182374.05257918,1826842.0412689322,10
-1181910.7398626525,1826842.0412689322,10
-1181447.4271461251,1826842.0412689322,10
-1180984.1144295975,1826842.0412689322,10
-1180520.8017130701,1826842.0412689322,10
-1180057.4889965425,1826842.0412689322,10
-1179594.1762800151,1826842.0412689322,10
-1179130.8635634875,1826842.0412689322,10
-1178667.5508469602,1826842.0412689322,10
-1178204.2381304326,1826842.0412689322,10
-1177740.9254139052,1826842.0412689322,10
-1177277.6126973776,1826842.0412689322,10
-1176814.2999808502,1826842.0412689322,10
-1176350.9872643226,1826842.0412689322,10
-1175887.6745477952,1826842.0412689322,10
-1175424.3618312676,1826842.0412689322,10
-1174961.04911474,1826842.0412689322,10
-1174497.7363982126,1826842.0412689322,10
-1174034.4236816852,1826842.0412689322,10
-1173571.1109651576,1826842.0412689322,10
-1173107.79824863,1826842.0412689322,10
-1172644.4855321026,1826842.0412689322,10
-1172181.172815575,1826842.0412689322,10
-1171717.8600990477,1826842.0412689322,10
-1171254.54738252,1826842.0412689322,10
-1170791.2346659927,1826842.0412689322,10
-1170327.921949465,1826842.0412689322,10
-1169864.6092329377,1826842.0412689322,10
-1169401.29651641,1826842.0412689322,10
-1168937.9837998827,1826842.0412689322,10
-1168474.671083355,1826842.0412689322,10
-1168011.3583668275,1826842.0412689322,10
-1167548.0456503,1826842.0412689322,10
-1167084.7329337727,1826842.0412689322,10
-1166621.4202172451,1826842.0412689322,10
-1166158.1075007175,1826842.0412689322,10
-1165694.7947841901,1826842.0412689322,10
-1165231.4820676625,1826842.0412689322,10
-1164768.1693511351,1826842.0412689322,10
-1164304.8566346075,1826842.0412689322,10
-1163841.5439180802,1826842.0412689322,10
-1163378.2312015526,1826842.0412689322,10
-1162914.9184850252,1826842.0412689322,10
-1162451.6057684976,1826842.0412689322,10
-1161988.2930519702,1826842.0412689322,10
-1161524.9803354426,1826842.0412689322,10
-1161061.6676189152,1826842.0412689322,10
-1160598.3549023876,1826842.0412689322,10
-1160135.0421858602,1826842.0412689322,10
-1159671.7294693326,1826842.0412689322,10
-1159208.416752805,1826842.0412689322,10
-1158745.1040362776,1826842.0412689322,10
-1158281.79131975,1826842.0412689322,10
-1157818.4786032226,1826842.0412689322,10
-1157355.165886695,1826842.0412689322,10
-1326000.9947027052,1826378.7285524048,10
-1325537.6819861776,1826378.7285524048,10
-1325074.3692696502,1826378.7285524048,10
-1324611.0565531226,1826378.7285524048,16
-1324147.7438365952,1826378.7285524048,16
-1323684.4311200676,1826378.7285524048,16
-1323221.11840354,1826378.7285524048,16
-1322757.8056870126,1826378.7285524048,16
-1322294.492970485,1826378.7285524048,16
-1321831.1802539576,1826378.7285524048,16
-1321367.86753743,1826378.7285524048,16
-1320904.5548209026,1826378.7285524048,16
-1320441.242104375,1826378.7285524048,16
-1319977.9293878477,1826378.7285524048,16
-1319514.61667132,1826378.7285524048,16
-1319051.3039547927,1826378.7285524048,16
-1318587.991238265,1826378.7285524048,16
-1318124.6785217377,1826378.7285524048,16
-1317661.36580521,1826378.7285524048,16
-1317198.0530886827,1826378.7285524048,16
-1316734.740372155,1826378.7285524048,16
-1316271.4276556277,1826378.7285524048,16
-1315808.1149391,1826378.7285524048,16
-1315344.8022225727,1826378.7285524048,16
-1314881.4895060451,1826378.7285524048,16
-1314418.1767895175,1826378.7285524048,16
-1313954.8640729901,1826378.7285524048,10
-1313491.5513564625,1826378.7285524048,10
-1313028.2386399352,1826378.7285524048,10
-1312564.9259234075,1826378.7285524048,10
-1312101.6132068802,1826378.7285524048,10
-1311638.3004903526,1826378.7285524048,16
-1311174.9877738252,1826378.7285524048,16
-1310711.6750572976,1826378.7285524048,16
-1310248.3623407702,1826378.7285524048,16
-1309785.0496242426,1826378.7285524048,16
-1309321.7369077152,1826378.7285524048,16
-1308858.4241911876,1826378.7285524048,16
-1308395.1114746602,1826378.7285524048,16
-1307931.7987581326,1826378.7285524048,16
-1307468.486041605,1826378.7285524048,16
-1307005.1733250776,1826378.7285524048,16
-1306541.86060855,1826378.7285524048,16
-1306078.5478920226,1826378.7285524048,16
-1305615.235175495,1826378.7285524048,10
-1305151.9224589677,1826378.7285524048,10
-1304688.60974244,1826378.7285524048,10
-1304225.2970259127,1826378.7285524048,10
-1303761.984309385,1826378.7285524048,16
-1303298.6715928577,1826378.7285524048,10
-1302835.35887633,1826378.7285524048,10
-1302372.0461598027,1826378.7285524048,16
-1301908.733443275,1826378.7285524048,16
-1301445.4207267477,1826378.7285524048,16
-1300982.10801022,1826378.7285524048,16
-1300518.7952936925,1826378.7285524048,16
-1300055.4825771651,1826378.7285524048,16
-1299592.1698606375,1826378.7285524048,16
-1299128.8571441101,1826378.7285524048,16
-1298665.5444275825,1826378.7285524048,16
-1298202.2317110552,1826378.7285524048,16
-1297738.9189945275,1826378.7285524048,10
-1297275.6062780002,1826378.7285524048,16
-1296812.2935614726,1826378.7285524048,16
-1296348.9808449452,1826378.7285524048,16
-1295885.6681284176,1826378.7285524048,16
-1295422.3554118902,1826378.7285524048,16
-1294959.0426953626,1826378.7285524048,10
-1294495.7299788352,1826378.7285524048,10
-1294032.4172623076,1826378.7285524048,10
-1293569.10454578,1826378.7285524048,10
-1293105.7918292526,1826378.7285524048,16
-1292642.479112725,1826378.7285524048,16
-1292179.1663961976,1826378.7285524048,16
-1291715.85367967,1826378.7285524048,16
-1291252.5409631426,1826378.7285524048,16
-1290789.228246615,1826378.7285524048,10
-1290325.9155300877,1826378.7285524048,10
-1289862.60281356,1826378.7285524048,10
-1289399.2900970327,1826378.7285524048,16
-1288935.977380505,1826378.7285524048,16
-1288472.6646639777,1826378.7285524048,16
-1288009.35194745,1826378.7285524048,16
-1287546.0392309227,1826378.7285524048,10
-1287082.726514395,1826378.7285524048,10
-1286619.4137978677,1826378.7285524048,10
-1286156.10108134,1826378.7285524048,16
-1285692.7883648127,1826378.7285524048,10
-1285229.4756482851,1826378.7285524048,16
-1284766.1629317575,1826378.7285524048,10
-1284302.8502152301,1826378.7285524048,10
-1283839.5374987025,1826378.7285524048,10
-1283376.2247821752,1826378.7285524048,10
-1282912.9120656475,1826378.7285524048,10
-1282449.5993491202,1826378.7285524048,10
-1281986.2866325926,1826378.7285524048,10
-1281522.9739160652,1826378.7285524048,10
-1281059.6611995376,1826378.7285524048,10
-1280596.3484830102,1826378.7285524048,10
-1280133.0357664826,1826378.7285524048,10
-1279669.7230499552,1826378.7285524048,10
-1279206.4103334276,1826378.7285524048,10
-1278743.0976169002,1826378.7285524048,10
-1278279.7849003726,1826378.7285524048,10
-1277816.472183845,1826378.7285524048,10
-1277353.1594673176,1826378.7285524048,10
-1276889.84675079,1826378.7285524048,10
-1276426.5340342626,1826378.7285524048,10
-1275963.221317735,1826378.7285524048,10
-1275499.9086012077,1826378.7285524048,10
-1275036.59588468,1826378.7285524048,10
-1274573.2831681527,1826378.7285524048,10
-1274109.970451625,1826378.7285524048,10
-1273646.6577350977,1826378.7285524048,10
-1273183.34501857,1826378.7285524048,10
-1272720.0323020427,1826378.7285524048,10
-1272256.719585515,1826378.7285524048,10
-1271793.4068689877,1826378.7285524048,10
-1271330.09415246,1826378.7285524048,10
-1270866.7814359325,1826378.7285524048,10
-1270403.4687194051,1826378.7285524048,10
-1269940.1560028775,1826378.7285524048,10
-1269476.8432863501,1826378.7285524048,10
-1269013.5305698225,1826378.7285524048,10
-1268550.2178532952,1826378.7285524048,10
-1268086.9051367675,1826378.7285524048,10
-1267623.5924202402,1826378.7285524048,10
-1267160.2797037126,1826378.7285524048,10
-1266696.9669871852,1826378.7285524048,10
-1266233.6542706576,1826378.7285524048,10
-1265770.3415541302,1826378.7285524048,10
-1265307.0288376026,1826378.7285524048,10
-1264843.7161210752,1826378.7285524048,10
-1264380.4034045476,1826378.7285524048,10
-1263917.09068802,1826378.7285524048,10
-1263453.7779714926,1826378.7285524048,10
-1262990.465254965,1826378.7285524048,10
-1262527.1525384376,1826378.7285524048,10
-1262063.83982191,1826378.7285524048,10
-1261600.5271053826,1826378.7285524048,10
-1261137.214388855,1826378.7285524048,10
-1260673.9016723277,1826378.7285524048,10
-1260210.5889558,1826378.7285524048,10
-1259747.2762392727,1826378.7285524048,10
-1259283.963522745,1826378.7285524048,10
-1258820.6508062177,1826378.7285524048,10
-1258357.33808969,1826378.7285524048,10
-1257894.0253731627,1826378.7285524048,10
-1257430.712656635,1826378.7285524048,10
-1256967.3999401077,1826378.7285524048,10
-1256504.08722358,1826378.7285524048,10
-1256040.7745070527,1826378.7285524048,10
-1255577.4617905251,1826378.7285524048,10
-1255114.1490739975,1826378.7285524048,10
-1254650.8363574701,1826378.7285524048,10
-1254187.5236409425,1826378.7285524048,10
-1253724.2109244152,1826378.7285524048,10
-1253260.8982078875,1826378.7285524048,10
-1252797.5854913602,1826378.7285524048,10
-1252334.2727748326,1826378.7285524048,10
-1251870.9600583052,1826378.7285524048,10
-1251407.6473417776,1826378.7285524048,10
-1250944.3346252502,1826378.7285524048,10
-1250481.0219087226,1826378.7285524048,10
-1250017.7091921952,1826378.7285524048,10
-1249554.3964756676,1826378.7285524048,10
-1249091.0837591402,1826378.7285524048,10
-1248627.7710426126,1826378.7285524048,10
-1248164.458326085,1826378.7285524048,10
-1247701.1456095576,1826378.7285524048,10
-1247237.83289303,1826378.7285524048,10
-1246774.5201765026,1826378.7285524048,10
-1246311.207459975,1826378.7285524048,10
-1245847.8947434477,1826378.7285524048,10
-1245384.58202692,1826378.7285524048,10
-1244921.2693103927,1826378.7285524048,10
-1244457.956593865,1826378.7285524048,10
-1243994.6438773377,1826378.7285524048,10
-1243531.33116081,1826378.7285524048,10
-1243068.0184442827,1826378.7285524048,10
-1242604.705727755,1826378.7285524048,10
-1242141.3930112277,1826378.7285524048,10
-1241678.0802947,1826378.7285524048,10
-1241214.7675781725,1826378.7285524048,10
-1240751.4548616451,1826378.7285524048,10
-1240288.1421451175,1826378.7285524048,10
-1239824.8294285901,1826378.7285524048,10
-1239361.5167120625,1826378.7285524048,10
-1238898.2039955352,1826378.7285524048,10
-1238434.8912790075,1826378.7285524048,10
-1237971.5785624802,1826378.7285524048,10
-1237508.2658459526,1826378.7285524048,10
-1237044.9531294252,1826378.7285524048,10
-1236581.6404128976,1826378.7285524048,10
-1236118.3276963702,1826378.7285524048,10
-1235655.0149798426,1826378.7285524048,10
-1235191.7022633152,1826378.7285524048,10
-1234728.3895467876,1826378.7285524048,10
-1234265.07683026,1826378.7285524048,10
-1233801.7641137326,1826378.7285524048,10
-1233338.4513972052,1826378.7285524048,10
-1232875.1386806776,1826378.7285524048,10
-1232411.82596415,1826378.7285524048,10
-1231948.5132476226,1826378.7285524048,10
-1231485.200531095,1826378.7285524048,10
-1231021.8878145677,1826378.7285524048,10
-1230558.57509804,1826378.7285524048,10
-1230095.2623815127,1826378.7285524048,10
-1229631.949664985,1826378.7285524048,10
-1229168.6369484577,1826378.7285524048,10
-1228705.32423193,1826378.7285524048,10
-1228242.0115154027,1826378.7285524048,10
-1227778.698798875,1826378.7285524048,10
-1227315.3860823475,1826378.7285524048,10
-1226852.07336582,1826378.7285524048,10
-1226388.7606492927,1826378.7285524048,10
-1225925.4479327651,1826378.7285524048,10
-1225462.1352162375,1826378.7285524048,10
-1224998.8224997101,1826378.7285524048,10
-1224535.5097831825,1826378.7285524048,10
-1224072.1970666551,1826378.7285524048,10
-1223608.8843501275,1826378.7285524048,10
-1223145.5716336002,1826378.7285524048,10
-1222682.2589170726,1826378.7285524048,10
-1222218.9462005452,1826378.7285524048,10
-1221755.6334840176,1826378.7285524048,10
-1221292.3207674902,1826378.7285524048,10
-1220829.0080509626,1826378.7285524048,10
-1220365.6953344352,1826378.7285524048,10
-1219902.3826179076,1826378.7285524048,10
-1219439.0699013802,1826378.7285524048,10
-1218975.7571848526,1826378.7285524048,10
-1218512.444468325,1826378.7285524048,10
-1218049.1317517976,1826378.7285524048,10
-1217585.81903527,1826378.7285524048,10
-1217122.5063187426,1826378.7285524048,10
-1216659.193602215,1826378.7285524048,10
-1216195.8808856877,1826378.7285524048,10
-1215732.56816916,1826378.7285524048,10
-1215269.2554526327,1826378.7285524048,10
-1214805.942736105,1826378.7285524048,10
-1214342.6300195777,1826378.7285524048,10
-1213879.31730305,1826378.7285524048,10
-1213416.0045865227,1826378.7285524048,10
-1212952.691869995,1826378.7285524048,10
-1212489.3791534677,1826378.7285524048,10
-1212026.06643694,1826378.7285524048,10
-1211562.7537204125,1826378.7285524048,10
-1211099.4410038851,1826378.7285524048,10
-1210636.1282873575,1826378.7285524048,10
-1210172.8155708301,1826378.7285524048,10
-1209709.5028543025,1826378.7285524048,10
-1209246.1901377751,1826378.7285524048,10
-1208782.8774212475,1826378.7285524048,10
-1208319.5647047202,1826378.7285524048,10
-1207856.2519881926,1826378.7285524048,10
-1207392.9392716652,1826378.7285524048,10
-1206929.6265551376,1826378.7285524048,10
-1206466.3138386102,1826378.7285524048,10
-1206003.0011220826,1826378.7285524048,10
-1205539.6884055552,1826378.7285524048,10
-1205076.3756890276,1826378.7285524048,10
-1204613.0629725,1826378.7285524048,10
-1204149.7502559726,1826378.7285524048,10
-1203686.4375394452,1826378.7285524048,10
-1203223.1248229176,1826378.7285524048,10
-1202759.81210639,1826378.7285524048,10
-1202296.4993898626,1826378.7285524048,10
-1201833.186673335,1826378.7285524048,10
-1201369.8739568077,1826378.7285524048,10
-1200906.56124028,1826378.7285524048,10
-1200443.2485237527,1826378.7285524048,10
-1199979.935807225,1826378.7285524048,10
-1199516.6230906977,1826378.7285524048,10
-1199053.31037417,1826378.7285524048,10
-1198589.9976576427,1826378.7285524048,10
-1198126.684941115,1826378.7285524048,10
-1197663.3722245875,1826378.7285524048,10
-1197200.05950806,1826378.7285524048,10
-1196736.7467915327,1826378.7285524048,10
-1196273.4340750051,1826378.7285524048,10
-1195810.1213584775,1826378.7285524048,10
-1195346.8086419501,1826378.7285524048,10
-1194883.4959254225,1826378.7285524048,10
-1194420.1832088951,1826378.7285524048,10
-1193956.8704923675,1826378.7285524048,10
-1193493.5577758402,1826378.7285524048,10
-1193030.2450593126,1826378.7285524048,10
-1192566.9323427852,1826378.7285524048,10
-1192103.6196262576,1826378.7285524048,10
-1191640.3069097302,1826378.7285524048,10
-1191176.9941932026,1826378.7285524048,10
-1190713.6814766752,1826378.7285524048,10
-1190250.3687601476,1826378.7285524048,10
-1189787.0560436202,1826378.7285524048,10
-1189323.7433270926,1826378.7285524048,10
-1188860.430610565,1826378.7285524048,10
-1188397.1178940376,1826378.7285524048,10
-1187933.80517751,1826378.7285524048,10
-1187470.4924609826,1826378.7285524048,10
-1187007.179744455,1826378.7285524048,10
-1186543.8670279277,1826378.7285524048,10
-1186080.5543114,1826378.7285524048,10
-1185617.2415948727,1826378.7285524048,10
-1185153.928878345,1826378.7285524048,10
-1184690.6161618177,1826378.7285524048,10
-1184227.30344529,1826378.7285524048,10
-1183763.9907287627,1826378.7285524048,10
-1183300.678012235,1826378.7285524048,10
-1182837.3652957077,1826378.7285524048,10
-1182374.05257918,1826378.7285524048,10
-1181910.7398626525,1826378.7285524048,10
-1181447.4271461251,1826378.7285524048,10
-1180984.1144295975,1826378.7285524048,10
-1180520.8017130701,1826378.7285524048,10
-1180057.4889965425,1826378.7285524048,10
-1179594.1762800151,1826378.7285524048,10
-1179130.8635634875,1826378.7285524048,10
-1178667.5508469602,1826378.7285524048,10
-1178204.2381304326,1826378.7285524048,10
-1177740.9254139052,1826378.7285524048,10
-1177277.6126973776,1826378.7285524048,10
-1176814.2999808502,1826378.7285524048,10
-1176350.9872643226,1826378.7285524048,10
-1175887.6745477952,1826378.7285524048,10
-1175424.3618312676,1826378.7285524048,10
-1174961.04911474,1826378.7285524048,10
-1174497.7363982126,1826378.7285524048,10
-1174034.4236816852,1826378.7285524048,10
-1173571.1109651576,1826378.7285524048,10
-1173107.79824863,1826378.7285524048,10
-1172644.4855321026,1826378.7285524048,10
-1172181.172815575,1826378.7285524048,10
-1171717.8600990477,1826378.7285524048,10
-1171254.54738252,1826378.7285524048,10
-1170791.2346659927,1826378.7285524048,10
-1170327.921949465,1826378.7285524048,10
-1169864.6092329377,1826378.7285524048,10
-1169401.29651641,1826378.7285524048,10
-1168937.9837998827,1826378.7285524048,10
-1168474.671083355,1826378.7285524048,10
-1168011.3583668275,1826378.7285524048,10
-1167548.0456503,1826378.7285524048,10
-1167084.7329337727,1826378.7285524048,10
-1166621.4202172451,1826378.7285524048,10
-1166158.1075007175,1826378.7285524048,10
-1165694.7947841901,1826378.7285524048,10
-1165231.4820676625,1826378.7285524048,10
-1164768.1693511351,1826378.7285524048,10
-1164304.8566346075,1826378.7285524048,10
-1163841.5439180802,1826378.7285524048,10
-1163378.2312015526,1826378.7285524048,10
-1162914.9184850252,1826378.7285524048,10
-1162451.6057684976,1826378.7285524048,10
-1161988.2930519702,1826378.7285524048,10
-1161524.9803354426,1826378.7285524048,10
-1159208.416752805,1826378.7285524048,10
-1158745.1040362776,1826378.7285524048,10
-1158281.79131975,1826378.7285524048,10
-1157818.4786032226,1826378.7285524048,10
-1155965.2277371127,1826378.7285524048,10
-1155501.915020585,1826378.7285524048,10
-1155038.6023040577,1826378.7285524048,10
-1154575.28958753,1826378.7285524048,10
-1154111.9768710027,1826378.7285524048,10
-1326000.9947027052,1825915.4158358772,10
-1325537.6819861776,1825915.4158358772,10
-1325074.3692696502,1825915.4158358772,10
-1324611.0565531226,1825915.4158358772,16
-1324147.7438365952,1825915.4158358772,16
-1323684.4311200676,1825915.4158358772,16
-1323221.11840354,1825915.4158358772,16
-1322757.8056870126,1825915.4158358772,16
-1322294.492970485,1825915.4158358772,16
-1321831.1802539576,1825915.4158358772,16
-1321367.86753743,1825915.4158358772,16
-1320904.5548209026,1825915.4158358772,16
-1320441.242104375,1825915.4158358772,16
-1319977.9293878477,1825915.4158358772,16
-1319514.61667132,1825915.4158358772,16
-1319051.3039547927,1825915.4158358772,16
-1318587.991238265,1825915.4158358772,16
-1318124.6785217377,1825915.4158358772,16
-1317661.36580521,1825915.4158358772,16
-1317198.0530886827,1825915.4158358772,16
-1316734.740372155,1825915.4158358772,16
-1316271.4276556277,1825915.4158358772,16
-1315808.1149391,1825915.4158358772,16
-1315344.8022225727,1825915.4158358772,16
-1314881.4895060451,1825915.4158358772,16
-1314418.1767895175,1825915.4158358772,10
-1313954.8640729901,1825915.4158358772,10
-1313491.5513564625,1825915.4158358772,10
-1313028.2386399352,1825915.4158358772,10
-1312564.9259234075,1825915.4158358772,10
-1312101.6132068802,1825915.4158358772,10
-1311638.3004903526,1825915.4158358772,16
-1311174.9877738252,1825915.4158358772,16
-1310711.6750572976,1825915.4158358772,16
-1310248.3623407702,1825915.4158358772,16
-1309785.0496242426,1825915.4158358772,16
-1309321.7369077152,1825915.4158358772,16
-1308858.4241911876,1825915.4158358772,16
-1308395.1114746602,1825915.4158358772,16
-1307931.7987581326,1825915.4158358772,16
-1307468.486041605,1825915.4158358772,16
-1307005.1733250776,1825915.4158358772,16
-1306541.86060855,1825915.4158358772,16
-1306078.5478920226,1825915.4158358772,16
-1305615.235175495,1825915.4158358772,16
-1305151.9224589677,1825915.4158358772,16
-1304688.60974244,1825915.4158358772,10
-1304225.2970259127,1825915.4158358772,16
-1303761.984309385,1825915.4158358772,16
-1303298.6715928577,1825915.4158358772,16
-1302835.35887633,1825915.4158358772,16
-1302372.0461598027,1825915.4158358772,16
-1301908.733443275,1825915.4158358772,16
-1301445.4207267477,1825915.4158358772,16
-1300982.10801022,1825915.4158358772,16
-1300518.7952936925,1825915.4158358772,16
-1300055.4825771651,1825915.4158358772,16
-1299592.1698606375,1825915.4158358772,16
-1299128.8571441101,1825915.4158358772,16
-1298665.5444275825,1825915.4158358772,16
-1298202.2317110552,1825915.4158358772,16
-1297738.9189945275,1825915.4158358772,16
-1297275.6062780002,1825915.4158358772,16
-1296812.2935614726,1825915.4158358772,16
-1296348.9808449452,1825915.4158358772,10
-1295885.6681284176,1825915.4158358772,10
-1295422.3554118902,1825915.4158358772,10
-1294959.0426953626,1825915.4158358772,10
-1294495.7299788352,1825915.4158358772,10
-1294032.4172623076,1825915.4158358772,10
-1293569.10454578,1825915.4158358772,10
-1293105.7918292526,1825915.4158358772,10
-1292642.479112725,1825915.4158358772,16
-1292179.1663961976,1825915.4158358772,16
-1291715.85367967,1825915.4158358772,16
-1291252.5409631426,1825915.4158358772,16
-1290789.228246615,1825915.4158358772,10
-1290325.9155300877,1825915.4158358772,10
-1289862.60281356,1825915.4158358772,10
-1289399.2900970327,1825915.4158358772,10
-1288935.977380505,1825915.4158358772,16
-1288472.6646639777,1825915.4158358772,16
-1288009.35194745,1825915.4158358772,10
-1287546.0392309227,1825915.4158358772,10
-1287082.726514395,1825915.4158358772,10
-1286619.4137978677,1825915.4158358772,10
-1286156.10108134,1825915.4158358772,16
-1285692.7883648127,1825915.4158358772,10
-1285229.4756482851,1825915.4158358772,16
-1284766.1629317575,1825915.4158358772,10
-1284302.8502152301,1825915.4158358772,10
-1283839.5374987025,1825915.4158358772,10
-1283376.2247821752,1825915.4158358772,10
-1282912.9120656475,1825915.4158358772,10
-1282449.5993491202,1825915.4158358772,10
-1281986.2866325926,1825915.4158358772,10
-1281522.9739160652,1825915.4158358772,10
-1281059.6611995376,1825915.4158358772,10
-1280596.3484830102,1825915.4158358772,10
-1280133.0357664826,1825915.4158358772,10
-1279669.7230499552,1825915.4158358772,10
-1279206.4103334276,1825915.4158358772,10
-1278743.0976169002,1825915.4158358772,10
-1278279.7849003726,1825915.4158358772,10
-1277816.472183845,1825915.4158358772,10
-1277353.1594673176,1825915.4158358772,10
-1276889.84675079,1825915.4158358772,10
-1276426.5340342626,1825915.4158358772,10
-1275963.221317735,1825915.4158358772,10
-1275499.9086012077,1825915.4158358772,10
-1275036.59588468,1825915.4158358772,10
-1274573.2831681527,1825915.4158358772,10
-1274109.970451625,1825915.4158358772,10
-1273646.6577350977,1825915.4158358772,10
-1273183.34501857,1825915.4158358772,10
-1272720.0323020427,1825915.4158358772,10
-1272256.719585515,1825915.4158358772,10
-1271793.4068689877,1825915.4158358772,10
-1271330.09415246,1825915.4158358772,10
-1270866.7814359325,1825915.4158358772,10
-1270403.4687194051,1825915.4158358772,10
-1269940.1560028775,1825915.4158358772,7
-1269476.8432863501,1825915.4158358772,10
-1269013.5305698225,1825915.4158358772,10
-1268550.2178532952,1825915.4158358772,10
-1268086.9051367675,1825915.4158358772,10
-1267623.5924202402,1825915.4158358772,10
-1267160.2797037126,1825915.4158358772,10
-1266696.9669871852,1825915.4158358772,10
-1266233.6542706576,1825915.4158358772,10
-1265770.3415541302,1825915.4158358772,10
-1265307.0288376026,1825915.4158358772,10
-1264843.7161210752,1825915.4158358772,10
-1264380.4034045476,1825915.4158358772,10
-1263917.09068802,1825915.4158358772,10
-1263453.7779714926,1825915.4158358772,10
-1262990.465254965,1825915.4158358772,10
-1262527.1525384376,1825915.4158358772,10
-1262063.83982191,1825915.4158358772,10
-1261600.5271053826,1825915.4158358772,10
-1261137.214388855,1825915.4158358772,10
-1260673.9016723277,1825915.4158358772,10
-1260210.5889558,1825915.4158358772,10
-1259747.2762392727,1825915.4158358772,10
-1259283.963522745,1825915.4158358772,10
-1258820.6508062177,1825915.4158358772,10
-1258357.33808969,1825915.4158358772,10
-1257894.0253731627,1825915.4158358772,10
-1257430.712656635,1825915.4158358772,10
-1256967.3999401077,1825915.4158358772,10
-1256504.08722358,1825915.4158358772,10
-1256040.7745070527,1825915.4158358772,10
-1255577.4617905251,1825915.4158358772,10
-1255114.1490739975,1825915.4158358772,10
-1254650.8363574701,1825915.4158358772,10
-1254187.5236409425,1825915.4158358772,10
-1253724.2109244152,1825915.4158358772,10
-1253260.8982078875,1825915.4158358772,10
-1252797.5854913602,1825915.4158358772,10
-1252334.2727748326,1825915.4158358772,10
-1251870.9600583052,1825915.4158358772,10
-1251407.6473417776,1825915.4158358772,10
-1250944.3346252502,1825915.4158358772,10
-1250481.0219087226,1825915.4158358772,10
-1250017.7091921952,1825915.4158358772,10
-1249554.3964756676,1825915.4158358772,10
-1249091.0837591402,1825915.4158358772,10
-1248627.7710426126,1825915.4158358772,10
-1248164.458326085,1825915.4158358772,10
-1247701.1456095576,1825915.4158358772,10
-1247237.83289303,1825915.4158358772,10
-1246774.5201765026,1825915.4158358772,10
-1246311.207459975,1825915.4158358772,10
-1245847.8947434477,1825915.4158358772,10
-1245384.58202692,1825915.4158358772,10
-1244921.2693103927,1825915.4158358772,10
-1244457.956593865,1825915.4158358772,10
-1243994.6438773377,1825915.4158358772,10
-1243531.33116081,1825915.4158358772,10
-1243068.0184442827,1825915.4158358772,10
-1242604.705727755,1825915.4158358772,10
-1242141.3930112277,1825915.4158358772,10
-1241678.0802947,1825915.4158358772,10
-1241214.7675781725,1825915.4158358772,10
-1240751.4548616451,1825915.4158358772,10
-1240288.1421451175,1825915.4158358772,10
-1239824.8294285901,1825915.4158358772,10
-1239361.5167120625,1825915.4158358772,10
-1238898.2039955352,1825915.4158358772,10
-1238434.8912790075,1825915.4158358772,10
-1237971.5785624802,1825915.4158358772,10
-1237508.2658459526,1825915.4158358772,10
-1237044.9531294252,1825915.4158358772,10
-1236581.6404128976,1825915.4158358772,10
-1236118.3276963702,1825915.4158358772,10
-1235655.0149798426,1825915.4158358772,10
-1235191.7022633152,1825915.4158358772,10
-1234728.3895467876,1825915.4158358772,10
-1234265.07683026,1825915.4158358772,10
-1233801.7641137326,1825915.4158358772,10
-1233338.4513972052,1825915.4158358772,10
-1232875.1386806776,1825915.4158358772,10
-1232411.82596415,1825915.4158358772,10
-1231948.5132476226,1825915.4158358772,10
-1231485.200531095,1825915.4158358772,10
-1231021.8878145677,1825915.4158358772,10
-1230558.57509804,1825915.4158358772,10
-1230095.2623815127,1825915.4158358772,10
-1229631.949664985,1825915.4158358772,10
-1229168.6369484577,1825915.4158358772,10
-1228705.32423193,1825915.4158358772,10
-1228242.0115154027,1825915.4158358772,10
-1227778.698798875,1825915.4158358772,10
-1227315.3860823475,1825915.4158358772,10
-1226852.07336582,1825915.4158358772,10
-1226388.7606492927,1825915.4158358772,10
-1225925.4479327651,1825915.4158358772,10
-1225462.1352162375,1825915.4158358772,10
-1224998.8224997101,1825915.4158358772,10
-1224535.5097831825,1825915.4158358772,10
-1224072.1970666551,1825915.4158358772,10
-1223608.8843501275,1825915.4158358772,10
-1223145.5716336002,1825915.4158358772,10
-1222682.2589170726,1825915.4158358772,10
-1222218.9462005452,1825915.4158358772,10
-1221755.6334840176,1825915.4158358772,10
-1221292.3207674902,1825915.4158358772,10
-1220829.0080509626,1825915.4158358772,10
-1220365.6953344352,1825915.4158358772,10
-1219902.3826179076,1825915.4158358772,10
-1219439.0699013802,1825915.4158358772,10
-1218975.7571848526,1825915.4158358772,10
-1218512.444468325,1825915.4158358772,10
-1218049.1317517976,1825915.4158358772,10
-1217585.81903527,1825915.4158358772,10
-1217122.5063187426,1825915.4158358772,10
-1216659.193602215,1825915.4158358772,10
-1216195.8808856877,1825915.4158358772,10
-1215732.56816916,1825915.4158358772,10
-1215269.2554526327,1825915.4158358772,10
-1214805.942736105,1825915.4158358772,10
-1214342.6300195777,1825915.4158358772,10
-1213879.31730305,1825915.4158358772,10
-1213416.0045865227,1825915.4158358772,10
-1212952.691869995,1825915.4158358772,10
-1212489.3791534677,1825915.4158358772,10
-1212026.06643694,1825915.4158358772,10
-1211562.7537204125,1825915.4158358772,10
-1211099.4410038851,1825915.4158358772,10
-1210636.1282873575,1825915.4158358772,10
-1210172.8155708301,1825915.4158358772,10
-1209709.5028543025,1825915.4158358772,10
-1209246.1901377751,1825915.4158358772,10
-1208782.8774212475,1825915.4158358772,10
-1208319.5647047202,1825915.4158358772,10
-1207856.2519881926,1825915.4158358772,10
-1207392.9392716652,1825915.4158358772,10
-1206929.6265551376,1825915.4158358772,10
-1206466.3138386102,1825915.4158358772,10
-1206003.0011220826,1825915.4158358772,10
-1205539.6884055552,1825915.4158358772,10
-1205076.3756890276,1825915.4158358772,10
-1204613.0629725,1825915.4158358772,10
-1204149.7502559726,1825915.4158358772,10
-1203686.4375394452,1825915.4158358772,10
-1203223.1248229176,1825915.4158358772,10
-1202759.81210639,1825915.4158358772,10
-1202296.4993898626,1825915.4158358772,10
-1201833.186673335,1825915.4158358772,10
-1201369.8739568077,1825915.4158358772,10
-1200906.56124028,1825915.4158358772,10
-1200443.2485237527,1825915.4158358772,10
-1199979.935807225,1825915.4158358772,10
-1199516.6230906977,1825915.4158358772,10
-1199053.31037417,1825915.4158358772,10
-1198589.9976576427,1825915.4158358772,10
-1198126.684941115,1825915.4158358772,10
-1197663.3722245875,1825915.4158358772,10
-1197200.05950806,1825915.4158358772,10
-1196736.7467915327,1825915.4158358772,10
-1196273.4340750051,1825915.4158358772,10
-1195810.1213584775,1825915.4158358772,10
-1195346.8086419501,1825915.4158358772,10
-1194883.4959254225,1825915.4158358772,10
-1194420.1832088951,1825915.4158358772,10
-1193956.8704923675,1825915.4158358772,10
-1193493.5577758402,1825915.4158358772,10
-1193030.2450593126,1825915.4158358772,10
-1192566.9323427852,1825915.4158358772,10
-1192103.6196262576,1825915.4158358772,10
-1191640.3069097302,1825915.4158358772,10
-1191176.9941932026,1825915.4158358772,10
-1190713.6814766752,1825915.4158358772,10
-1190250.3687601476,1825915.4158358772,10
-1189787.0560436202,1825915.4158358772,10
-1189323.7433270926,1825915.4158358772,10
-1188860.430610565,1825915.4158358772,10
-1188397.1178940376,1825915.4158358772,10
-1187933.80517751,1825915.4158358772,10
-1187470.4924609826,1825915.4158358772,10
-1187007.179744455,1825915.4158358772,10
-1186543.8670279277,1825915.4158358772,10
-1186080.5543114,1825915.4158358772,10
-1185617.2415948727,1825915.4158358772,10
-1185153.928878345,1825915.4158358772,10
-1184690.6161618177,1825915.4158358772,10
-1184227.30344529,1825915.4158358772,10
-1183763.9907287627,1825915.4158358772,10
-1183300.678012235,1825915.4158358772,10
-1182837.3652957077,1825915.4158358772,10
-1182374.05257918,1825915.4158358772,10
-1181910.7398626525,1825915.4158358772,10
-1181447.4271461251,1825915.4158358772,10
-1180984.1144295975,1825915.4158358772,10
-1180520.8017130701,1825915.4158358772,10
-1180057.4889965425,1825915.4158358772,10
-1179594.1762800151,1825915.4158358772,10
-1179130.8635634875,1825915.4158358772,10
-1178667.5508469602,1825915.4158358772,10
-1178204.2381304326,1825915.4158358772,10
-1177740.9254139052,1825915.4158358772,10
-1177277.6126973776,1825915.4158358772,10
-1176814.2999808502,1825915.4158358772,10
-1176350.9872643226,1825915.4158358772,10
-1175887.6745477952,1825915.4158358772,10
-1175424.3618312676,1825915.4158358772,10
-1174961.04911474,1825915.4158358772,10
-1174497.7363982126,1825915.4158358772,10
-1174034.4236816852,1825915.4158358772,10
-1173571.1109651576,1825915.4158358772,10
-1173107.79824863,1825915.4158358772,10
-1172644.4855321026,1825915.4158358772,10
-1172181.172815575,1825915.4158358772,10
-1171717.8600990477,1825915.4158358772,10
-1171254.54738252,1825915.4158358772,10
-1170791.2346659927,1825915.4158358772,10
-1170327.921949465,1825915.4158358772,10
-1169864.6092329377,1825915.4158358772,10
-1169401.29651641,1825915.4158358772,10
-1168937.9837998827,1825915.4158358772,10
-1168474.671083355,1825915.4158358772,10
-1168011.3583668275,1825915.4158358772,10
-1167548.0456503,1825915.4158358772,10
-1167084.7329337727,1825915.4158358772,10
-1166621.4202172451,1825915.4158358772,10
-1166158.1075007175,1825915.4158358772,10
-1165694.7947841901,1825915.4158358772,10
-1165231.4820676625,1825915.4158358772,10
-1164768.1693511351,1825915.4158358772,10
-1164304.8566346075,1825915.4158358772,10
-1163841.5439180802,1825915.4158358772,10
-1163378.2312015526,1825915.4158358772,10
-1162914.9184850252,1825915.4158358772,10
-1162451.6057684976,1825915.4158358772,10
-1161988.2930519702,1825915.4158358772,10
-1161524.9803354426,1825915.4158358772,10
-1156428.54045364,1825915.4158358772,10
-1155965.2277371127,1825915.4158358772,10
-1155501.915020585,1825915.4158358772,10
-1155038.6023040577,1825915.4158358772,10
-1154575.28958753,1825915.4158358772,10
-1154111.9768710027,1825915.4158358772,10
-1153648.664154475,1825915.4158358772,10
-1325537.6819861776,1825452.1031193496,10
-1325074.3692696502,1825452.1031193496,10
-1324611.0565531226,1825452.1031193496,10
-1324147.7438365952,1825452.1031193496,16
-1323684.4311200676,1825452.1031193496,16
-1323221.11840354,1825452.1031193496,16
-1322757.8056870126,1825452.1031193496,16
-1322294.492970485,1825452.1031193496,16
-1321831.1802539576,1825452.1031193496,16
-1321367.86753743,1825452.1031193496,16
-1320904.5548209026,1825452.1031193496,16
-1320441.242104375,1825452.1031193496,16
-1319977.9293878477,1825452.1031193496,16
-1319514.61667132,1825452.1031193496,16
-1319051.3039547927,1825452.1031193496,16
-1318587.991238265,1825452.1031193496,16
-1318124.6785217377,1825452.1031193496,16
-1317661.36580521,1825452.1031193496,16
-1317198.0530886827,1825452.1031193496,16
-1316734.740372155,1825452.1031193496,16
-1316271.4276556277,1825452.1031193496,16
-1315808.1149391,1825452.1031193496,16
-1315344.8022225727,1825452.1031193496,10
-1314881.4895060451,1825452.1031193496,10
-1314418.1767895175,1825452.1031193496,10
-1313954.8640729901,1825452.1031193496,10
-1313491.5513564625,1825452.1031193496,10
-1313028.2386399352,1825452.1031193496,10
-1312564.9259234075,1825452.1031193496,16
-1312101.6132068802,1825452.1031193496,16
-1311638.3004903526,1825452.1031193496,16
-1311174.9877738252,1825452.1031193496,16
-1310711.6750572976,1825452.1031193496,16
-1310248.3623407702,1825452.1031193496,16
-1309785.0496242426,1825452.1031193496,16
-1309321.7369077152,1825452.1031193496,16
-1308858.4241911876,1825452.1031193496,16
-1308395.1114746602,1825452.1031193496,16
-1307931.7987581326,1825452.1031193496,16
-1307468.486041605,1825452.1031193496,16
-1307005.1733250776,1825452.1031193496,16
-1306541.86060855,1825452.1031193496,16
-1306078.5478920226,1825452.1031193496,16
-1305615.235175495,1825452.1031193496,16
-1305151.9224589677,1825452.1031193496,16
-1304688.60974244,1825452.1031193496,16
-1304225.2970259127,1825452.1031193496,16
-1303761.984309385,1825452.1031193496,16
-1303298.6715928577,1825452.1031193496,16
-1302835.35887633,1825452.1031193496,16
-1302372.0461598027,1825452.1031193496,16
-1301908.733443275,1825452.1031193496,16
-1301445.4207267477,1825452.1031193496,16
-1300982.10801022,1825452.1031193496,16
-1300518.7952936925,1825452.1031193496,16
-1300055.4825771651,1825452.1031193496,16
-1299592.1698606375,1825452.1031193496,16
-1299128.8571441101,1825452.1031193496,16
-1298665.5444275825,1825452.1031193496,16
-1298202.2317110552,1825452.1031193496,16
-1297738.9189945275,1825452.1031193496,16
-1297275.6062780002,1825452.1031193496,16
-1296812.2935614726,1825452.1031193496,10
-1296348.9808449452,1825452.1031193496,10
-1295885.6681284176,1825452.1031193496,10
-1295422.3554118902,1825452.1031193496,10
-1294959.0426953626,1825452.1031193496,10
-1294495.7299788352,1825452.1031193496,16
-1294032.4172623076,1825452.1031193496,10
-1293569.10454578,1825452.1031193496,10
-1293105.7918292526,1825452.1031193496,10
-1292642.479112725,1825452.1031193496,16
-1292179.1663961976,1825452.1031193496,16
-1291715.85367967,1825452.1031193496,16
-1291252.5409631426,1825452.1031193496,16
-1290789.228246615,1825452.1031193496,16
-1290325.9155300877,1825452.1031193496,10
-1289862.60281356,1825452.1031193496,10
-1289399.2900970327,1825452.1031193496,10
-1288935.977380505,1825452.1031193496,10
-1288472.6646639777,1825452.1031193496,16
-1288009.35194745,1825452.1031193496,16
-1287546.0392309227,1825452.1031193496,10
-1287082.726514395,1825452.1031193496,10
-1286619.4137978677,1825452.1031193496,10
-1286156.10108134,1825452.1031193496,16
-1285692.7883648127,1825452.1031193496,16
-1285229.4756482851,1825452.1031193496,16
-1284766.1629317575,1825452.1031193496,10
-1284302.8502152301,1825452.1031193496,10
-1283839.5374987025,1825452.1031193496,10
-1283376.2247821752,1825452.1031193496,10
-1282912.9120656475,1825452.1031193496,10
-1282449.5993491202,1825452.1031193496,10
-1281986.2866325926,1825452.1031193496,10
-1281522.9739160652,1825452.1031193496,10
-1281059.6611995376,1825452.1031193496,10
-1280596.3484830102,1825452.1031193496,10
-1280133.0357664826,1825452.1031193496,10
-1279669.7230499552,1825452.1031193496,10
-1279206.4103334276,1825452.1031193496,10
-1278743.0976169002,1825452.1031193496,10
-1278279.7849003726,1825452.1031193496,10
-1277816.472183845,1825452.1031193496,10
-1277353.1594673176,1825452.1031193496,10
-1276889.84675079,1825452.1031193496,10
-1276426.5340342626,1825452.1031193496,10
-1275963.221317735,1825452.1031193496,10
-1275499.9086012077,1825452.1031193496,10
-1275036.59588468,1825452.1031193496,10
-1274573.2831681527,1825452.1031193496,10
-1274109.970451625,1825452.1031193496,10
-1273646.6577350977,1825452.1031193496,10
-1273183.34501857,1825452.1031193496,10
-1272720.0323020427,1825452.1031193496,10
-1272256.719585515,1825452.1031193496,10
-1271793.4068689877,1825452.1031193496,10
-1271330.09415246,1825452.1031193496,10
-1270866.7814359325,1825452.1031193496,10
-1270403.4687194051,1825452.1031193496,10
-1269940.1560028775,1825452.1031193496,10
-1269476.8432863501,1825452.1031193496,10
-1269013.5305698225,1825452.1031193496,10
-1268550.2178532952,1825452.1031193496,10
-1268086.9051367675,1825452.1031193496,10
-1267623.5924202402,1825452.1031193496,10
-1267160.2797037126,1825452.1031193496,10
-1266696.9669871852,1825452.1031193496,10
-1266233.6542706576,1825452.1031193496,10
-1265770.3415541302,1825452.1031193496,10
-1265307.0288376026,1825452.1031193496,10
-1264843.7161210752,1825452.1031193496,10
-1264380.4034045476,1825452.1031193496,10
-1263917.09068802,1825452.1031193496,10
-1263453.7779714926,1825452.1031193496,10
-1262990.465254965,1825452.1031193496,10
-1262527.1525384376,1825452.1031193496,10
-1262063.83982191,1825452.1031193496,10
-1261600.5271053826,1825452.1031193496,10
-1261137.214388855,1825452.1031193496,10
-1260673.9016723277,1825452.1031193496,10
-1260210.5889558,1825452.1031193496,10
-1259747.2762392727,1825452.1031193496,10
-1259283.963522745,1825452.1031193496,10
-1258820.6508062177,1825452.1031193496,10
-1258357.33808969,1825452.1031193496,10
-1257894.0253731627,1825452.1031193496,10
-1257430.712656635,1825452.1031193496,10
-1256967.3999401077,1825452.1031193496,10
-1256504.08722358,1825452.1031193496,10
-1256040.7745070527,1825452.1031193496,10
-1255577.4617905251,1825452.1031193496,10
-1255114.1490739975,1825452.1031193496,10
-1254650.8363574701,1825452.1031193496,10
-1254187.5236409425,1825452.1031193496,10
-1253724.2109244152,1825452.1031193496,10
-1253260.8982078875,1825452.1031193496,10
-1252797.5854913602,1825452.1031193496,10
-1252334.2727748326,1825452.1031193496,10
-1251870.9600583052,1825452.1031193496,10
-1251407.6473417776,1825452.1031193496,10
-1250944.3346252502,1825452.1031193496,10
-1250481.0219087226,1825452.1031193496,10
-1250017.7091921952,1825452.1031193496,10
-1249554.3964756676,1825452.1031193496,10
-1249091.0837591402,1825452.1031193496,10
-1248627.7710426126,1825452.1031193496,10
-1248164.458326085,1825452.1031193496,10
-1247701.1456095576,1825452.1031193496,10
-1247237.83289303,1825452.1031193496,10
-1246774.5201765026,1825452.1031193496,10
-1246311.207459975,1825452.1031193496,10
-1245847.8947434477,1825452.1031193496,10
-1245384.58202692,1825452.1031193496,10
-1244921.2693103927,1825452.1031193496,10
-1244457.956593865,1825452.1031193496,10
-1243994.6438773377,1825452.1031193496,10
-1243531.33116081,1825452.1031193496,10
-1243068.0184442827,1825452.1031193496,10
-1242604.705727755,1825452.1031193496,10
-1242141.3930112277,1825452.1031193496,10
-1241678.0802947,1825452.1031193496,10
-1241214.7675781725,1825452.1031193496,10
-1240751.4548616451,1825452.1031193496,10
-1240288.1421451175,1825452.1031193496,10
-1239824.8294285901,1825452.1031193496,10
-1239361.5167120625,1825452.1031193496,10
-1238898.2039955352,1825452.1031193496,10
-1238434.8912790075,1825452.1031193496,10
-1237971.5785624802,1825452.1031193496,10
-1237508.2658459526,1825452.1031193496,10
-1237044.9531294252,1825452.1031193496,10
-1236581.6404128976,1825452.1031193496,10
-1236118.3276963702,1825452.1031193496,10
-1235655.0149798426,1825452.1031193496,10
-1235191.7022633152,1825452.1031193496,10
-1234728.3895467876,1825452.1031193496,10
-1234265.07683026,1825452.1031193496,10
-1233801.7641137326,1825452.1031193496,10
-1233338.4513972052,1825452.1031193496,10
-1232875.1386806776,1825452.1031193496,10
-1232411.82596415,1825452.1031193496,10
-1231948.5132476226,1825452.1031193496,10
-1231485.200531095,1825452.1031193496,10
-1231021.8878145677,1825452.1031193496,10
-1230558.57509804,1825452.1031193496,10
-1230095.2623815127,1825452.1031193496,10
-1229631.949664985,1825452.1031193496,10
-1229168.6369484577,1825452.1031193496,10
-1228705.32423193,1825452.1031193496,10
-1228242.0115154027,1825452.1031193496,10
-1227778.698798875,1825452.1031193496,10
-1227315.3860823475,1825452.1031193496,10
-1226852.07336582,1825452.1031193496,10
-1226388.7606492927,1825452.1031193496,10
-1225925.4479327651,1825452.1031193496,10
-1225462.1352162375,1825452.1031193496,10
-1224998.8224997101,1825452.1031193496,10
-1224535.5097831825,1825452.1031193496,10
-1224072.1970666551,1825452.1031193496,10
-1223608.8843501275,1825452.1031193496,10
-1223145.5716336002,1825452.1031193496,10
-1222682.2589170726,1825452.1031193496,10
-1222218.9462005452,1825452.1031193496,10
-1221755.6334840176,1825452.1031193496,10
-1221292.3207674902,1825452.1031193496,10
-1220829.0080509626,1825452.1031193496,10
-1220365.6953344352,1825452.1031193496,10
-1219902.3826179076,1825452.1031193496,10
-1219439.0699013802,1825452.1031193496,10
-1218975.7571848526,1825452.1031193496,10
-1218512.444468325,1825452.1031193496,10
-1218049.1317517976,1825452.1031193496,10
-1217585.81903527,1825452.1031193496,10
-1217122.5063187426,1825452.1031193496,10
-1216659.193602215,1825452.1031193496,10
-1216195.8808856877,1825452.1031193496,10
-1215732.56816916,1825452.1031193496,10
-1215269.2554526327,1825452.1031193496,10
-1214805.942736105,1825452.1031193496,10
-1214342.6300195777,1825452.1031193496,10
-1213879.31730305,1825452.1031193496,10
-1213416.0045865227,1825452.1031193496,10
-1212952.691869995,1825452.1031193496,10
-1212489.3791534677,1825452.1031193496,10
-1212026.06643694,1825452.1031193496,10
-1211562.7537204125,1825452.1031193496,10
-1211099.4410038851,1825452.1031193496,10
-1210636.1282873575,1825452.1031193496,10
-1210172.8155708301,1825452.1031193496,10
-1209709.5028543025,1825452.1031193496,10
-1209246.1901377751,1825452.1031193496,10
-1208782.8774212475,1825452.1031193496,10
-1208319.5647047202,1825452.1031193496,10
-1207856.2519881926,1825452.1031193496,10
-1207392.9392716652,1825452.1031193496,10
-1206929.6265551376,1825452.1031193496,10
-1206466.3138386102,1825452.1031193496,10
-1206003.0011220826,1825452.1031193496,10
-1205539.6884055552,1825452.1031193496,10
-1205076.3756890276,1825452.1031193496,10
-1204613.0629725,1825452.1031193496,10
-1204149.7502559726,1825452.1031193496,10
-1203686.4375394452,1825452.1031193496,10
-1203223.1248229176,1825452.1031193496,10
-1202759.81210639,1825452.1031193496,10
-1202296.4993898626,1825452.1031193496,10
-1201833.186673335,1825452.1031193496,10
-1201369.8739568077,1825452.1031193496,10
-1200906.56124028,1825452.1031193496,10
-1200443.2485237527,1825452.1031193496,10
-1199979.935807225,1825452.1031193496,10
-1199516.6230906977,1825452.1031193496,10
-1199053.31037417,1825452.1031193496,10
-1198589.9976576427,1825452.1031193496,10
-1198126.684941115,1825452.1031193496,10
-1197663.3722245875,1825452.1031193496,10
-1197200.05950806,1825452.1031193496,10
-1196736.7467915327,1825452.1031193496,10
-1196273.4340750051,1825452.1031193496,10
-1195810.1213584775,1825452.1031193496,10
-1195346.8086419501,1825452.1031193496,10
-1194883.4959254225,1825452.1031193496,10
-1194420.1832088951,1825452.1031193496,10
-1193956.8704923675,1825452.1031193496,10
-1193493.5577758402,1825452.1031193496,10
-1193030.2450593126,1825452.1031193496,10
-1192566.9323427852,1825452.1031193496,10
-1192103.6196262576,1825452.1031193496,10
-1191640.3069097302,1825452.1031193496,10
-1191176.9941932026,1825452.1031193496,10
-1190713.6814766752,1825452.1031193496,10
-1190250.3687601476,1825452.1031193496,10
-1189787.0560436202,1825452.1031193496,10
-1189323.7433270926,1825452.1031193496,10
-1188860.430610565,1825452.1031193496,10
-1188397.1178940376,1825452.1031193496,10
-1187933.80517751,1825452.1031193496,10
-1187470.4924609826,1825452.1031193496,10
-1187007.179744455,1825452.1031193496,10
-1186543.8670279277,1825452.1031193496,10
-1186080.5543114,1825452.1031193496,10
-1185617.2415948727,1825452.1031193496,10
-1185153.928878345,1825452.1031193496,10
-1184690.6161618177,1825452.1031193496,10
-1184227.30344529,1825452.1031193496,10
-1183763.9907287627,1825452.1031193496,10
-1183300.678012235,1825452.1031193496,10
-1182837.3652957077,1825452.1031193496,10
-1182374.05257918,1825452.1031193496,10
-1181910.7398626525,1825452.1031193496,10
-1181447.4271461251,1825452.1031193496,10
-1180984.1144295975,1825452.1031193496,10
-1180520.8017130701,1825452.1031193496,10
-1180057.4889965425,1825452.1031193496,10
-1179594.1762800151,1825452.1031193496,10
-1179130.8635634875,1825452.1031193496,10
-1178667.5508469602,1825452.1031193496,10
-1178204.2381304326,1825452.1031193496,10
-1177740.9254139052,1825452.1031193496,10
-1177277.6126973776,1825452.1031193496,10
-1176814.2999808502,1825452.1031193496,10
-1176350.9872643226,1825452.1031193496,10
-1175887.6745477952,1825452.1031193496,10
-1175424.3618312676,1825452.1031193496,10
-1174961.04911474,1825452.1031193496,10
-1174497.7363982126,1825452.1031193496,10
-1174034.4236816852,1825452.1031193496,10
-1173571.1109651576,1825452.1031193496,10
-1173107.79824863,1825452.1031193496,10
-1172644.4855321026,1825452.1031193496,10
-1172181.172815575,1825452.1031193496,10
-1171717.8600990477,1825452.1031193496,10
-1171254.54738252,1825452.1031193496,10
-1170791.2346659927,1825452.1031193496,10
-1170327.921949465,1825452.1031193496,10
-1169864.6092329377,1825452.1031193496,10
-1169401.29651641,1825452.1031193496,10
-1168937.9837998827,1825452.1031193496,10
-1168474.671083355,1825452.1031193496,10
-1168011.3583668275,1825452.1031193496,10
-1167548.0456503,1825452.1031193496,10
-1167084.7329337727,1825452.1031193496,10
-1166621.4202172451,1825452.1031193496,10
-1166158.1075007175,1825452.1031193496,10
-1165694.7947841901,1825452.1031193496,10
-1165231.4820676625,1825452.1031193496,10
-1164768.1693511351,1825452.1031193496,10
-1164304.8566346075,1825452.1031193496,10
-1163841.5439180802,1825452.1031193496,10
-1163378.2312015526,1825452.1031193496,10
-1162914.9184850252,1825452.1031193496,10
-1162451.6057684976,1825452.1031193496,10
-1161988.2930519702,1825452.1031193496,10
-1161524.9803354426,1825452.1031193496,10
-1161061.6676189152,1825452.1031193496,10
-1160598.3549023876,1825452.1031193496,10
-1156891.8531701677,1825452.1031193496,10
-1156428.54045364,1825452.1031193496,10
-1155965.2277371127,1825452.1031193496,10
-1155501.915020585,1825452.1031193496,10
-1155038.6023040577,1825452.1031193496,10
-1154575.28958753,1825452.1031193496,10
-1154111.9768710027,1825452.1031193496,10
-1153648.664154475,1825452.1031193496,10
-1325537.6819861776,1824988.7904028222,10
-1325074.3692696502,1824988.7904028222,10
-1324611.0565531226,1824988.7904028222,16
-1324147.7438365952,1824988.7904028222,16
-1323684.4311200676,1824988.7904028222,16
-1323221.11840354,1824988.7904028222,16
-1322757.8056870126,1824988.7904028222,16
-1322294.492970485,1824988.7904028222,16
-1321831.1802539576,1824988.7904028222,16
-1321367.86753743,1824988.7904028222,16
-1320904.5548209026,1824988.7904028222,16
-1320441.242104375,1824988.7904028222,16
-1319977.9293878477,1824988.7904028222,16
-1319514.61667132,1824988.7904028222,16
-1319051.3039547927,1824988.7904028222,16
-1318587.991238265,1824988.7904028222,16
-1318124.6785217377,1824988.7904028222,16
-1317661.36580521,1824988.7904028222,16
-1317198.0530886827,1824988.7904028222,16
-1316734.740372155,1824988.7904028222,10
-1316271.4276556277,1824988.7904028222,10
-1315808.1149391,1824988.7904028222,10
-1315344.8022225727,1824988.7904028222,10
-1314881.4895060451,1824988.7904028222,10
-1314418.1767895175,1824988.7904028222,10
-1313954.8640729901,1824988.7904028222,10
-1313491.5513564625,1824988.7904028222,10
-1313028.2386399352,1824988.7904028222,16
-1312564.9259234075,1824988.7904028222,16
-1312101.6132068802,1824988.7904028222,16
-1311638.3004903526,1824988.7904028222,16
-1311174.9877738252,1824988.7904028222,16
-1310711.6750572976,1824988.7904028222,16
-1310248.3623407702,1824988.7904028222,16
-1309785.0496242426,1824988.7904028222,16
-1309321.7369077152,1824988.7904028222,16
-1308858.4241911876,1824988.7904028222,16
-1308395.1114746602,1824988.7904028222,16
-1307931.7987581326,1824988.7904028222,16
-1307468.486041605,1824988.7904028222,16
-1307005.1733250776,1824988.7904028222,16
-1306541.86060855,1824988.7904028222,16
-1306078.5478920226,1824988.7904028222,16
-1305615.235175495,1824988.7904028222,16
-1305151.9224589677,1824988.7904028222,16
-1304688.60974244,1824988.7904028222,16
-1304225.2970259127,1824988.7904028222,16
-1303761.984309385,1824988.7904028222,16
-1303298.6715928577,1824988.7904028222,16
-1302835.35887633,1824988.7904028222,16
-1302372.0461598027,1824988.7904028222,16
-1301908.733443275,1824988.7904028222,16
-1301445.4207267477,1824988.7904028222,16
-1300982.10801022,1824988.7904028222,16
-1300518.7952936925,1824988.7904028222,16
-1300055.4825771651,1824988.7904028222,16
-1299592.1698606375,1824988.7904028222,16
-1299128.8571441101,1824988.7904028222,16
-1298665.5444275825,1824988.7904028222,16
-1298202.2317110552,1824988.7904028222,16
-1297738.9189945275,1824988.7904028222,16
-1297275.6062780002,1824988.7904028222,10
-1296812.2935614726,1824988.7904028222,10
-1296348.9808449452,1824988.7904028222,16
-1295885.6681284176,1824988.7904028222,16
-1295422.3554118902,1824988.7904028222,16
-1294959.0426953626,1824988.7904028222,16
-1294495.7299788352,1824988.7904028222,16
-1294032.4172623076,1824988.7904028222,16
-1293569.10454578,1824988.7904028222,10
-1293105.7918292526,1824988.7904028222,10
-1292642.479112725,1824988.7904028222,16
-1292179.1663961976,1824988.7904028222,16
-1291715.85367967,1824988.7904028222,16
-1291252.5409631426,1824988.7904028222,16
-1290789.228246615,1824988.7904028222,10
-1290325.9155300877,1824988.7904028222,10
-1289862.60281356,1824988.7904028222,10
-1289399.2900970327,1824988.7904028222,10
-1288935.977380505,1824988.7904028222,10
-1288472.6646639777,1824988.7904028222,10
-1288009.35194745,1824988.7904028222,16
-1287546.0392309227,1824988.7904028222,16
-1287082.726514395,1824988.7904028222,10
-1286619.4137978677,1824988.7904028222,16
-1286156.10108134,1824988.7904028222,16
-1285692.7883648127,1824988.7904028222,16
-1285229.4756482851,1824988.7904028222,16
-1284766.1629317575,1824988.7904028222,10
-1284302.8502152301,1824988.7904028222,10
-1283839.5374987025,1824988.7904028222,10
-1283376.2247821752,1824988.7904028222,10
-1282912.9120656475,1824988.7904028222,10
-1282449.5993491202,1824988.7904028222,10
-1281986.2866325926,1824988.7904028222,10
-1281522.9739160652,1824988.7904028222,10
-1281059.6611995376,1824988.7904028222,10
-1280596.3484830102,1824988.7904028222,10
-1280133.0357664826,1824988.7904028222,10
-1279669.7230499552,1824988.7904028222,10
-1279206.4103334276,1824988.7904028222,10
-1278743.0976169002,1824988.7904028222,10
-1278279.7849003726,1824988.7904028222,10
-1277816.472183845,1824988.7904028222,10
-1277353.1594673176,1824988.7904028222,10
-1276889.84675079,1824988.7904028222,10
-1276426.5340342626,1824988.7904028222,10
-1275963.221317735,1824988.7904028222,10
-1275499.9086012077,1824988.7904028222,10
-1275036.59588468,1824988.7904028222,10
-1274573.2831681527,1824988.7904028222,10
-1274109.970451625,1824988.7904028222,10
-1273646.6577350977,1824988.7904028222,7
-1273183.34501857,1824988.7904028222,10
-1272720.0323020427,1824988.7904028222,10
-1272256.719585515,1824988.7904028222,10
-1271793.4068689877,1824988.7904028222,10
-1271330.09415246,1824988.7904028222,10
-1270866.7814359325,1824988.7904028222,10
-1270403.4687194051,1824988.7904028222,10
-1269940.1560028775,1824988.7904028222,10
-1269476.8432863501,1824988.7904028222,10
-1269013.5305698225,1824988.7904028222,10
-1268550.2178532952,1824988.7904028222,10
-1268086.9051367675,1824988.7904028222,10
-1267623.5924202402,1824988.7904028222,10
-1267160.2797037126,1824988.7904028222,10
-1266696.9669871852,1824988.7904028222,10
-1266233.6542706576,1824988.7904028222,10
-1265770.3415541302,1824988.7904028222,10
-1265307.0288376026,1824988.7904028222,10
-1264843.7161210752,1824988.7904028222,10
-1264380.4034045476,1824988.7904028222,10
-1263917.09068802,1824988.7904028222,10
-1263453.7779714926,1824988.7904028222,10
-1262990.465254965,1824988.7904028222,10
-1262527.1525384376,1824988.7904028222,10
-1262063.83982191,1824988.7904028222,10
-1261600.5271053826,1824988.7904028222,10
-1261137.214388855,1824988.7904028222,10
-1260673.9016723277,1824988.7904028222,10
-1260210.5889558,1824988.7904028222,10
-1259747.2762392727,1824988.7904028222,10
-1259283.963522745,1824988.7904028222,10
-1258820.6508062177,1824988.7904028222,10
-1258357.33808969,1824988.7904028222,10
-1257894.0253731627,1824988.7904028222,10
-1257430.712656635,1824988.7904028222,10
-1256967.3999401077,1824988.7904028222,10
-1256504.08722358,1824988.7904028222,10
-1256040.7745070527,1824988.7904028222,10
-1255577.4617905251,1824988.7904028222,10
-1255114.1490739975,1824988.7904028222,10
-1254650.8363574701,1824988.7904028222,10
-1254187.5236409425,1824988.7904028222,10
-1253724.2109244152,1824988.7904028222,10
-1253260.8982078875,1824988.7904028222,10
-1252797.5854913602,1824988.7904028222,10
-1252334.2727748326,1824988.7904028222,10
-1251870.9600583052,1824988.7904028222,10
-1251407.6473417776,1824988.7904028222,10
-1250944.3346252502,1824988.7904028222,10
-1250481.0219087226,1824988.7904028222,10
-1250017.7091921952,1824988.7904028222,10
-1249554.3964756676,1824988.7904028222,10
-1249091.0837591402,1824988.7904028222,10
-1248627.7710426126,1824988.7904028222,10
-1248164.458326085,1824988.7904028222,10
-1247701.1456095576,1824988.7904028222,10
-1247237.83289303,1824988.7904028222,10
-1246774.5201765026,1824988.7904028222,10
-1246311.207459975,1824988.7904028222,10
-1245847.8947434477,1824988.7904028222,10
-1245384.58202692,1824988.7904028222,10
-1244921.2693103927,1824988.7904028222,10
-1244457.956593865,1824988.7904028222,10
-1243994.6438773377,1824988.7904028222,10
-1243531.33116081,1824988.7904028222,10
-1243068.0184442827,1824988.7904028222,10
-1242604.705727755,1824988.7904028222,10
-1242141.3930112277,1824988.7904028222,10
-1241678.0802947,1824988.7904028222,10
-1241214.7675781725,1824988.7904028222,10
-1240751.4548616451,1824988.7904028222,10
-1240288.1421451175,1824988.7904028222,10
-1239824.8294285901,1824988.7904028222,10
-1239361.5167120625,1824988.7904028222,10
-1238898.2039955352,1824988.7904028222,10
-1238434.8912790075,1824988.7904028222,10
-1237971.5785624802,1824988.7904028222,10
-1237508.2658459526,1824988.7904028222,10
-1237044.9531294252,1824988.7904028222,10
-1236581.6404128976,1824988.7904028222,10
-1236118.3276963702,1824988.7904028222,10
-1235655.0149798426,1824988.7904028222,10
-1235191.7022633152,1824988.7904028222,10
-1234728.3895467876,1824988.7904028222,10
-1234265.07683026,1824988.7904028222,10
-1233801.7641137326,1824988.7904028222,10
-1233338.4513972052,1824988.7904028222,10
-1232875.1386806776,1824988.7904028222,10
-1232411.82596415,1824988.7904028222,10
-1231948.5132476226,1824988.7904028222,10
-1231485.200531095,1824988.7904028222,10
-1231021.8878145677,1824988.7904028222,10
-1230558.57509804,1824988.7904028222,10
-1230095.2623815127,1824988.7904028222,10
-1229631.949664985,1824988.7904028222,10
-1229168.6369484577,1824988.7904028222,10
-1228705.32423193,1824988.7904028222,10
-1228242.0115154027,1824988.7904028222,10
-1227778.698798875,1824988.7904028222,10
-1227315.3860823475,1824988.7904028222,10
-1226852.07336582,1824988.7904028222,10
-1226388.7606492927,1824988.7904028222,10
-1225925.4479327651,1824988.7904028222,10
-1225462.1352162375,1824988.7904028222,10
-1224998.8224997101,1824988.7904028222,10
-1224535.5097831825,1824988.7904028222,10
-1224072.1970666551,1824988.7904028222,10
-1223608.8843501275,1824988.7904028222,10
-1223145.5716336002,1824988.7904028222,10
-1222682.2589170726,1824988.7904028222,10
-1222218.9462005452,1824988.7904028222,10
-1221755.6334840176,1824988.7904028222,10
-1221292.3207674902,1824988.7904028222,10
-1220829.0080509626,1824988.7904028222,10
-1220365.6953344352,1824988.7904028222,10
-1219902.3826179076,1824988.7904028222,10
-1219439.0699013802,1824988.7904028222,10
-1218975.7571848526,1824988.7904028222,10
-1218512.444468325,1824988.7904028222,10
-1218049.1317517976,1824988.7904028222,10
-1217585.81903527,1824988.7904028222,10
-1217122.5063187426,1824988.7904028222,10
-1216659.193602215,1824988.7904028222,10
-1216195.8808856877,1824988.7904028222,10
-1215732.56816916,1824988.7904028222,10
-1215269.2554526327,1824988.7904028222,10
-1214805.942736105,1824988.7904028222,10
-1214342.6300195777,1824988.7904028222,10
-1213879.31730305,1824988.7904028222,10
-1213416.0045865227,1824988.7904028222,10
-1212952.691869995,1824988.7904028222,10
-1212489.3791534677,1824988.7904028222,10
-1212026.06643694,1824988.7904028222,10
-1211562.7537204125,1824988.7904028222,10
-1211099.4410038851,1824988.7904028222,10
-1210636.1282873575,1824988.7904028222,10
-1210172.8155708301,1824988.7904028222,10
-1209709.5028543025,1824988.7904028222,10
-1209246.1901377751,1824988.7904028222,10
-1208782.8774212475,1824988.7904028222,10
-1208319.5647047202,1824988.7904028222,10
-1207856.2519881926,1824988.7904028222,10
-1207392.9392716652,1824988.7904028222,10
-1206929.6265551376,1824988.7904028222,10
-1206466.3138386102,1824988.7904028222,10
-1206003.0011220826,1824988.7904028222,10
-1205539.6884055552,1824988.7904028222,10
-1205076.3756890276,1824988.7904028222,10
-1204613.0629725,1824988.7904028222,10
-1204149.7502559726,1824988.7904028222,10
-1203686.4375394452,1824988.7904028222,10
-1203223.1248229176,1824988.7904028222,10
-1202759.81210639,1824988.7904028222,10
-1202296.4993898626,1824988.7904028222,10
-1201833.186673335,1824988.7904028222,10
-1201369.8739568077,1824988.7904028222,10
-1200906.56124028,1824988.7904028222,10
-1200443.2485237527,1824988.7904028222,10
-1199979.935807225,1824988.7904028222,10
-1199516.6230906977,1824988.7904028222,10
-1199053.31037417,1824988.7904028222,10
-1198589.9976576427,1824988.7904028222,10
-1198126.684941115,1824988.7904028222,10
-1197663.3722245875,1824988.7904028222,10
-1197200.05950806,1824988.7904028222,10
-1196736.7467915327,1824988.7904028222,10
-1196273.4340750051,1824988.7904028222,10
-1195810.1213584775,1824988.7904028222,10
-1195346.8086419501,1824988.7904028222,10
-1194883.4959254225,1824988.7904028222,10
-1194420.1832088951,1824988.7904028222,10
-1193956.8704923675,1824988.7904028222,10
-1193493.5577758402,1824988.7904028222,10
-1193030.2450593126,1824988.7904028222,10
-1192566.9323427852,1824988.7904028222,10
-1192103.6196262576,1824988.7904028222,10
-1191640.3069097302,1824988.7904028222,10
-1191176.9941932026,1824988.7904028222,10
-1190713.6814766752,1824988.7904028222,10
-1190250.3687601476,1824988.7904028222,10
-1189787.0560436202,1824988.7904028222,10
-1189323.7433270926,1824988.7904028222,10
-1188860.430610565,1824988.7904028222,10
-1188397.1178940376,1824988.7904028222,10
-1187933.80517751,1824988.7904028222,10
-1187470.4924609826,1824988.7904028222,10
-1187007.179744455,1824988.7904028222,10
-1186543.8670279277,1824988.7904028222,10
-1186080.5543114,1824988.7904028222,10
-1185617.2415948727,1824988.7904028222,10
-1185153.928878345,1824988.7904028222,10
-1184690.6161618177,1824988.7904028222,10
-1184227.30344529,1824988.7904028222,10
-1183763.9907287627,1824988.7904028222,10
-1183300.678012235,1824988.7904028222,10
-1182837.3652957077,1824988.7904028222,10
-1182374.05257918,1824988.7904028222,10
-1181910.7398626525,1824988.7904028222,10
-1181447.4271461251,1824988.7904028222,10
-1180984.1144295975,1824988.7904028222,10
-1180520.8017130701,1824988.7904028222,10
-1180057.4889965425,1824988.7904028222,10
-1179594.1762800151,1824988.7904028222,10
-1179130.8635634875,1824988.7904028222,10
-1178667.5508469602,1824988.7904028222,10
-1178204.2381304326,1824988.7904028222,10
-1177740.9254139052,1824988.7904028222,10
-1177277.6126973776,1824988.7904028222,10
-1176814.2999808502,1824988.7904028222,10
-1176350.9872643226,1824988.7904028222,10
-1175887.6745477952,1824988.7904028222,10
-1175424.3618312676,1824988.7904028222,10
-1174961.04911474,1824988.7904028222,10
-1174497.7363982126,1824988.7904028222,10
-1174034.4236816852,1824988.7904028222,10
-1173571.1109651576,1824988.7904028222,10
-1173107.79824863,1824988.7904028222,10
-1172644.4855321026,1824988.7904028222,10
-1172181.172815575,1824988.7904028222,10
-1171717.8600990477,1824988.7904028222,10
-1171254.54738252,1824988.7904028222,10
-1170791.2346659927,1824988.7904028222,10
-1170327.921949465,1824988.7904028222,10
-1169864.6092329377,1824988.7904028222,10
-1169401.29651641,1824988.7904028222,10
-1168937.9837998827,1824988.7904028222,10
-1168474.671083355,1824988.7904028222,10
-1168011.3583668275,1824988.7904028222,10
-1167548.0456503,1824988.7904028222,10
-1167084.7329337727,1824988.7904028222,10
-1166621.4202172451,1824988.7904028222,10
-1166158.1075007175,1824988.7904028222,10
-1165694.7947841901,1824988.7904028222,10
-1165231.4820676625,1824988.7904028222,10
-1164768.1693511351,1824988.7904028222,10
-1164304.8566346075,1824988.7904028222,10
-1163841.5439180802,1824988.7904028222,10
-1163378.2312015526,1824988.7904028222,10
-1162914.9184850252,1824988.7904028222,10
-1162451.6057684976,1824988.7904028222,10
-1161988.2930519702,1824988.7904028222,10
-1161524.9803354426,1824988.7904028222,10
-1161061.6676189152,1824988.7904028222,10
-1160598.3549023876,1824988.7904028222,10
-1160135.0421858602,1824988.7904028222,10
-1156891.8531701677,1824988.7904028222,10
-1156428.54045364,1824988.7904028222,10
-1155965.2277371127,1824988.7904028222,10
-1155501.915020585,1824988.7904028222,10
-1155038.6023040577,1824988.7904028222,10
-1154575.28958753,1824988.7904028222,10
-1154111.9768710027,1824988.7904028222,10
-1325074.3692696502,1824525.4776862948,10
-1324611.0565531226,1824525.4776862948,16
-1324147.7438365952,1824525.4776862948,16
-1323684.4311200676,1824525.4776862948,16
-1323221.11840354,1824525.4776862948,16
-1322757.8056870126,1824525.4776862948,16
-1322294.492970485,1824525.4776862948,16
-1321831.1802539576,1824525.4776862948,16
-1321367.86753743,1824525.4776862948,16
-1320904.5548209026,1824525.4776862948,16
-1320441.242104375,1824525.4776862948,16
-1319977.9293878477,1824525.4776862948,16
-1319514.61667132,1824525.4776862948,16
-1319051.3039547927,1824525.4776862948,16
-1318587.991238265,1824525.4776862948,16
-1318124.6785217377,1824525.4776862948,16
-1317661.36580521,1824525.4776862948,16
-1317198.0530886827,1824525.4776862948,16
-1316734.740372155,1824525.4776862948,10
-1316271.4276556277,1824525.4776862948,10
-1315808.1149391,1824525.4776862948,10
-1315344.8022225727,1824525.4776862948,10
-1314881.4895060451,1824525.4776862948,10
-1314418.1767895175,1824525.4776862948,10
-1313954.8640729901,1824525.4776862948,16
-1313491.5513564625,1824525.4776862948,16
-1313028.2386399352,1824525.4776862948,16
-1312564.9259234075,1824525.4776862948,16
-1312101.6132068802,1824525.4776862948,16
-1311638.3004903526,1824525.4776862948,16
-1311174.9877738252,1824525.4776862948,16
-1310711.6750572976,1824525.4776862948,16
-1310248.3623407702,1824525.4776862948,16
-1309785.0496242426,1824525.4776862948,16
-1309321.7369077152,1824525.4776862948,16
-1308858.4241911876,1824525.4776862948,16
-1308395.1114746602,1824525.4776862948,16
-1307931.7987581326,1824525.4776862948,16
-1307468.486041605,1824525.4776862948,16
-1307005.1733250776,1824525.4776862948,16
-1306541.86060855,1824525.4776862948,16
-1306078.5478920226,1824525.4776862948,16
-1305615.235175495,1824525.4776862948,16
-1305151.9224589677,1824525.4776862948,16
-1304688.60974244,1824525.4776862948,16
-1304225.2970259127,1824525.4776862948,16
-1303761.984309385,1824525.4776862948,16
-1303298.6715928577,1824525.4776862948,16
-1302835.35887633,1824525.4776862948,16
-1302372.0461598027,1824525.4776862948,10
-1301908.733443275,1824525.4776862948,10
-1301445.4207267477,1824525.4776862948,16
-1300982.10801022,1824525.4776862948,16
-1300518.7952936925,1824525.4776862948,16
-1300055.4825771651,1824525.4776862948,16
-1299592.1698606375,1824525.4776862948,16
-1299128.8571441101,1824525.4776862948,16
-1298665.5444275825,1824525.4776862948,16
-1298202.2317110552,1824525.4776862948,16
-1297738.9189945275,1824525.4776862948,10
-1297275.6062780002,1824525.4776862948,16
-1296812.2935614726,1824525.4776862948,16
-1296348.9808449452,1824525.4776862948,16
-1295885.6681284176,1824525.4776862948,16
-1295422.3554118902,1824525.4776862948,16
-1294959.0426953626,1824525.4776862948,16
-1294495.7299788352,1824525.4776862948,16
-1294032.4172623076,1824525.4776862948,16
-1293569.10454578,1824525.4776862948,10
-1293105.7918292526,1824525.4776862948,10
-1292642.479112725,1824525.4776862948,10
-1292179.1663961976,1824525.4776862948,16
-1291715.85367967,1824525.4776862948,16
-1291252.5409631426,1824525.4776862948,10
-1290789.228246615,1824525.4776862948,10
-1290325.9155300877,1824525.4776862948,10
-1289862.60281356,1824525.4776862948,10
-1289399.2900970327,1824525.4776862948,10
-1288935.977380505,1824525.4776862948,10
-1288472.6646639777,1824525.4776862948,10
-1288009.35194745,1824525.4776862948,10
-1287546.0392309227,1824525.4776862948,10
-1287082.726514395,1824525.4776862948,16
-1286619.4137978677,1824525.4776862948,16
-1286156.10108134,1824525.4776862948,16
-1285692.7883648127,1824525.4776862948,16
-1285229.4756482851,1824525.4776862948,16
-1284766.1629317575,1824525.4776862948,10
-1284302.8502152301,1824525.4776862948,10
-1283839.5374987025,1824525.4776862948,10
-1283376.2247821752,1824525.4776862948,10
-1282912.9120656475,1824525.4776862948,10
-1282449.5993491202,1824525.4776862948,16
-1281986.2866325926,1824525.4776862948,16
-1281522.9739160652,1824525.4776862948,10
-1281059.6611995376,1824525.4776862948,10
-1280596.3484830102,1824525.4776862948,10
-1280133.0357664826,1824525.4776862948,10
-1279669.7230499552,1824525.4776862948,10
-1279206.4103334276,1824525.4776862948,10
-1278743.0976169002,1824525.4776862948,10
-1278279.7849003726,1824525.4776862948,10
-1277816.472183845,1824525.4776862948,10
-1277353.1594673176,1824525.4776862948,10
-1276889.84675079,1824525.4776862948,10
-1276426.5340342626,1824525.4776862948,10
-1275963.221317735,1824525.4776862948,10
-1275499.9086012077,1824525.4776862948,10
-1275036.59588468,1824525.4776862948,10
-1274573.2831681527,1824525.4776862948,10
-1274109.970451625,1824525.4776862948,10
-1273646.6577350977,1824525.4776862948,10
-1273183.34501857,1824525.4776862948,10
-1272720.0323020427,1824525.4776862948,10
-1272256.719585515,1824525.4776862948,10
-1271793.4068689877,1824525.4776862948,10
-1271330.09415246,1824525.4776862948,10
-1270866.7814359325,1824525.4776862948,10
-1270403.4687194051,1824525.4776862948,10
-1269940.1560028775,1824525.4776862948,10
-1269476.8432863501,1824525.4776862948,10
-1269013.5305698225,1824525.4776862948,10
-1268550.2178532952,1824525.4776862948,10
-1268086.9051367675,1824525.4776862948,10
-1267623.5924202402,1824525.4776862948,10
-1267160.2797037126,1824525.4776862948,10
-1266696.9669871852,1824525.4776862948,10
-1266233.6542706576,1824525.4776862948,10
-1265770.3415541302,1824525.4776862948,10
-1265307.0288376026,1824525.4776862948,10
-1264843.7161210752,1824525.4776862948,10
-1264380.4034045476,1824525.4776862948,10
-1263917.09068802,1824525.4776862948,10
-1263453.7779714926,1824525.4776862948,10
-1262990.465254965,1824525.4776862948,10
-1262527.1525384376,1824525.4776862948,10
-1262063.83982191,1824525.4776862948,10
-1261600.5271053826,1824525.4776862948,10
-1261137.214388855,1824525.4776862948,10
-1260673.9016723277,1824525.4776862948,10
-1260210.5889558,1824525.4776862948,10
-1259747.2762392727,1824525.4776862948,10
-1259283.963522745,1824525.4776862948,10
-1258820.6508062177,1824525.4776862948,10
-1258357.33808969,1824525.4776862948,10
-1257894.0253731627,1824525.4776862948,10
-1257430.712656635,1824525.4776862948,10
-1256967.3999401077,1824525.4776862948,10
-1256504.08722358,1824525.4776862948,10
-1256040.7745070527,1824525.4776862948,10
-1255577.4617905251,1824525.4776862948,10
-1255114.1490739975,1824525.4776862948,10
-1254650.8363574701,1824525.4776862948,10
-1254187.5236409425,1824525.4776862948,10
-1253724.2109244152,1824525.4776862948,10
-1253260.8982078875,1824525.4776862948,10
-1252797.5854913602,1824525.4776862948,10
-1252334.2727748326,1824525.4776862948,10
-1251870.9600583052,1824525.4776862948,10
-1251407.6473417776,1824525.4776862948,10
-1250944.3346252502,1824525.4776862948,10
-1250481.0219087226,1824525.4776862948,10
-1250017.7091921952,1824525.4776862948,10
-1249554.3964756676,1824525.4776862948,10
-1249091.0837591402,1824525.4776862948,10
-1248627.7710426126,1824525.4776862948,10
-1248164.458326085,1824525.4776862948,10
-1247701.1456095576,1824525.4776862948,10
-1247237.83289303,1824525.4776862948,10
-1246774.5201765026,1824525.4776862948,10
-1246311.207459975,1824525.4776862948,10
-1245847.8947434477,1824525.4776862948,10
-1245384.58202692,1824525.4776862948,10
-1244921.2693103927,1824525.4776862948,10
-1244457.956593865,1824525.4776862948,10
-1243994.6438773377,1824525.4776862948,10
-1243531.33116081,1824525.4776862948,10
-1243068.0184442827,1824525.4776862948,10
-1242604.705727755,1824525.4776862948,10
-1242141.3930112277,1824525.4776862948,10
-1241678.0802947,1824525.4776862948,10
-1241214.7675781725,1824525.4776862948,10
-1240751.4548616451,1824525.4776862948,10
-1240288.1421451175,1824525.4776862948,10
-1239824.8294285901,1824525.4776862948,10
-1239361.5167120625,1824525.4776862948,10
-1238898.2039955352,1824525.4776862948,10
-1238434.8912790075,1824525.4776862948,10
-1237971.5785624802,1824525.4776862948,10
-1237508.2658459526,1824525.4776862948,10
-1237044.9531294252,1824525.4776862948,10
-1236581.6404128976,1824525.4776862948,10
-1236118.3276963702,1824525.4776862948,10
-1235655.0149798426,1824525.4776862948,10
-1235191.7022633152,1824525.4776862948,10
-1234728.3895467876,1824525.4776862948,10
-1234265.07683026,1824525.4776862948,10
-1233801.7641137326,1824525.4776862948,10
-1233338.4513972052,1824525.4776862948,10
-1232875.1386806776,1824525.4776862948,10
-1232411.82596415,1824525.4776862948,10
-1231948.5132476226,1824525.4776862948,10
-1231485.200531095,1824525.4776862948,10
-1231021.8878145677,1824525.4776862948,10
-1230558.57509804,1824525.4776862948,10
-1230095.2623815127,1824525.4776862948,10
-1229631.949664985,1824525.4776862948,10
-1229168.6369484577,1824525.4776862948,10
-1228705.32423193,1824525.4776862948,10
-1228242.0115154027,1824525.4776862948,10
-1227778.698798875,1824525.4776862948,10
-1227315.3860823475,1824525.4776862948,10
-1226852.07336582,1824525.4776862948,10
-1226388.7606492927,1824525.4776862948,10
-1225925.4479327651,1824525.4776862948,10
-1225462.1352162375,1824525.4776862948,10
-1224998.8224997101,1824525.4776862948,10
-1224535.5097831825,1824525.4776862948,10
-1224072.1970666551,1824525.4776862948,10
-1223608.8843501275,1824525.4776862948,10
-1223145.5716336002,1824525.4776862948,10
-1222682.2589170726,1824525.4776862948,10
-1222218.9462005452,1824525.4776862948,10
-1221755.6334840176,1824525.4776862948,10
-1221292.3207674902,1824525.4776862948,10
-1220829.0080509626,1824525.4776862948,10
-1220365.6953344352,1824525.4776862948,10
-1219902.3826179076,1824525.4776862948,10
-1219439.0699013802,1824525.4776862948,10
-1218975.7571848526,1824525.4776862948,10
-1218512.444468325,1824525.4776862948,10
-1218049.1317517976,1824525.4776862948,10
-1217585.81903527,1824525.4776862948,10
-1217122.5063187426,1824525.4776862948,10
-1216659.193602215,1824525.4776862948,10
-1216195.8808856877,1824525.4776862948,10
-1215732.56816916,1824525.4776862948,10
-1215269.2554526327,1824525.4776862948,10
-1214805.942736105,1824525.4776862948,10
-1214342.6300195777,1824525.4776862948,10
-1213879.31730305,1824525.4776862948,10
-1213416.0045865227,1824525.4776862948,10
-1212952.691869995,1824525.4776862948,10
-1212489.3791534677,1824525.4776862948,10
-1212026.06643694,1824525.4776862948,10
-1211562.7537204125,1824525.4776862948,10
-1211099.4410038851,1824525.4776862948,10
-1210636.1282873575,1824525.4776862948,10
-1210172.8155708301,1824525.4776862948,10
-1209709.5028543025,1824525.4776862948,10
-1209246.1901377751,1824525.4776862948,10
-1208782.8774212475,1824525.4776862948,10
-1208319.5647047202,1824525.4776862948,10
-1207856.2519881926,1824525.4776862948,10
-1207392.9392716652,1824525.4776862948,10
-1206929.6265551376,1824525.4776862948,10
-1206466.3138386102,1824525.4776862948,10
-1206003.0011220826,1824525.4776862948,10
-1205539.6884055552,1824525.4776862948,10
-1205076.3756890276,1824525.4776862948,10
-1204613.0629725,1824525.4776862948,10
-1204149.7502559726,1824525.4776862948,10
-1203686.4375394452,1824525.4776862948,10
-1203223.1248229176,1824525.4776862948,10
-1202759.81210639,1824525.4776862948,10
-1202296.4993898626,1824525.4776862948,10
-1201833.186673335,1824525.4776862948,10
-1201369.8739568077,1824525.4776862948,10
-1200906.56124028,1824525.4776862948,10
-1200443.2485237527,1824525.4776862948,10
-1199979.935807225,1824525.4776862948,10
-1199516.6230906977,1824525.4776862948,10
-1199053.31037417,1824525.4776862948,10
-1198589.9976576427,1824525.4776862948,10
-1198126.684941115,1824525.4776862948,10
-1197663.3722245875,1824525.4776862948,10
-1197200.05950806,1824525.4776862948,10
-1196736.7467915327,1824525.4776862948,10
-1196273.4340750051,1824525.4776862948,10
-1195810.1213584775,1824525.4776862948,10
-1195346.8086419501,1824525.4776862948,10
-1194883.4959254225,1824525.4776862948,10
-1194420.1832088951,1824525.4776862948,10
-1193956.8704923675,1824525.4776862948,10
-1193493.5577758402,1824525.4776862948,10
-1193030.2450593126,1824525.4776862948,10
-1192566.9323427852,1824525.4776862948,10
-1192103.6196262576,1824525.4776862948,10
-1191640.3069097302,1824525.4776862948,10
-1191176.9941932026,1824525.4776862948,10
-1190713.6814766752,1824525.4776862948,10
-1190250.3687601476,1824525.4776862948,10
-1189787.0560436202,1824525.4776862948,10
-1189323.7433270926,1824525.4776862948,10
-1188860.430610565,1824525.4776862948,10
-1188397.1178940376,1824525.4776862948,10
-1187933.80517751,1824525.4776862948,10
-1187470.4924609826,1824525.4776862948,10
-1187007.179744455,1824525.4776862948,10
-1186543.8670279277,1824525.4776862948,10
-1186080.5543114,1824525.4776862948,10
-1185617.2415948727,1824525.4776862948,10
-1185153.928878345,1824525.4776862948,10
-1184690.6161618177,1824525.4776862948,10
-1184227.30344529,1824525.4776862948,10
-1183763.9907287627,1824525.4776862948,10
-1183300.678012235,1824525.4776862948,10
-1182837.3652957077,1824525.4776862948,10
-1182374.05257918,1824525.4776862948,10
-1181910.7398626525,1824525.4776862948,10
-1181447.4271461251,1824525.4776862948,10
-1180984.1144295975,1824525.4776862948,10
-1180520.8017130701,1824525.4776862948,10
-1180057.4889965425,1824525.4776862948,10
-1179594.1762800151,1824525.4776862948,10
-1179130.8635634875,1824525.4776862948,10
-1178667.5508469602,1824525.4776862948,10
-1178204.2381304326,1824525.4776862948,10
-1177740.9254139052,1824525.4776862948,10
-1177277.6126973776,1824525.4776862948,10
-1176814.2999808502,1824525.4776862948,10
-1176350.9872643226,1824525.4776862948,10
-1175887.6745477952,1824525.4776862948,10
-1175424.3618312676,1824525.4776862948,10
-1174961.04911474,1824525.4776862948,10
-1174497.7363982126,1824525.4776862948,10
-1174034.4236816852,1824525.4776862948,10
-1173571.1109651576,1824525.4776862948,10
-1173107.79824863,1824525.4776862948,10
-1172644.4855321026,1824525.4776862948,10
-1172181.172815575,1824525.4776862948,10
-1171717.8600990477,1824525.4776862948,10
-1171254.54738252,1824525.4776862948,10
-1170791.2346659927,1824525.4776862948,10
-1170327.921949465,1824525.4776862948,10
-1169864.6092329377,1824525.4776862948,10
-1169401.29651641,1824525.4776862948,10
-1168937.9837998827,1824525.4776862948,10
-1168474.671083355,1824525.4776862948,10
-1168011.3583668275,1824525.4776862948,10
-1167548.0456503,1824525.4776862948,10
-1167084.7329337727,1824525.4776862948,10
-1166621.4202172451,1824525.4776862948,10
-1166158.1075007175,1824525.4776862948,10
-1165694.7947841901,1824525.4776862948,7
-1165231.4820676625,1824525.4776862948,10
-1164768.1693511351,1824525.4776862948,10
-1164304.8566346075,1824525.4776862948,10
-1163841.5439180802,1824525.4776862948,10
-1163378.2312015526,1824525.4776862948,10
-1162914.9184850252,1824525.4776862948,10
-1162451.6057684976,1824525.4776862948,10
-1161988.2930519702,1824525.4776862948,10
-1161524.9803354426,1824525.4776862948,10
-1161061.6676189152,1824525.4776862948,10
-1160598.3549023876,1824525.4776862948,10
-1160135.0421858602,1824525.4776862948,10
-1159671.7294693326,1824525.4776862948,10
-1157355.165886695,1824525.4776862948,10
-1156891.8531701677,1824525.4776862948,10
-1156428.54045364,1824525.4776862948,10
-1155965.2277371127,1824525.4776862948,10
-1155501.915020585,1824525.4776862948,10
-1155038.6023040577,1824525.4776862948,10
-1325074.3692696502,1824062.1649697672,10
-1324611.0565531226,1824062.1649697672,10
-1324147.7438365952,1824062.1649697672,16
-1323684.4311200676,1824062.1649697672,16
-1323221.11840354,1824062.1649697672,16
-1322757.8056870126,1824062.1649697672,16
-1322294.492970485,1824062.1649697672,16
-1321831.1802539576,1824062.1649697672,16
-1321367.86753743,1824062.1649697672,16
-1320904.5548209026,1824062.1649697672,16
-1320441.242104375,1824062.1649697672,16
-1319977.9293878477,1824062.1649697672,16
-1319514.61667132,1824062.1649697672,16
-1319051.3039547927,1824062.1649697672,16
-1318587.991238265,1824062.1649697672,16
-1318124.6785217377,1824062.1649697672,10
-1317661.36580521,1824062.1649697672,10
-1317198.0530886827,1824062.1649697672,10
-1316734.740372155,1824062.1649697672,10
-1316271.4276556277,1824062.1649697672,10
-1315808.1149391,1824062.1649697672,10
-1315344.8022225727,1824062.1649697672,10
-1314881.4895060451,1824062.1649697672,10
-1314418.1767895175,1824062.1649697672,10
-1313954.8640729901,1824062.1649697672,16
-1313491.5513564625,1824062.1649697672,16
-1313028.2386399352,1824062.1649697672,16
-1312564.9259234075,1824062.1649697672,16
-1312101.6132068802,1824062.1649697672,16
-1311638.3004903526,1824062.1649697672,16
-1311174.9877738252,1824062.1649697672,16
-1310711.6750572976,1824062.1649697672,16
-1310248.3623407702,1824062.1649697672,16
-1309785.0496242426,1824062.1649697672,16
-1309321.7369077152,1824062.1649697672,16
-1308858.4241911876,1824062.1649697672,16
-1308395.1114746602,1824062.1649697672,16
-1307931.7987581326,1824062.1649697672,16
-1307468.486041605,1824062.1649697672,16
-1307005.1733250776,1824062.1649697672,16
-1306541.86060855,1824062.1649697672,16
-1306078.5478920226,1824062.1649697672,16
-1305615.235175495,1824062.1649697672,16
-1305151.9224589677,1824062.1649697672,16
-1304688.60974244,1824062.1649697672,16
-1304225.2970259127,1824062.1649697672,16
-1303761.984309385,1824062.1649697672,16
-1303298.6715928577,1824062.1649697672,16
-1302835.35887633,1824062.1649697672,16
-1302372.0461598027,1824062.1649697672,10
-1301908.733443275,1824062.1649697672,7
-1301445.4207267477,1824062.1649697672,7
-1300982.10801022,1824062.1649697672,10
-1300518.7952936925,1824062.1649697672,16
-1300055.4825771651,1824062.1649697672,16
-1299592.1698606375,1824062.1649697672,16
-1299128.8571441101,1824062.1649697672,16
-1298665.5444275825,1824062.1649697672,16
-1298202.2317110552,1824062.1649697672,10
-1297738.9189945275,1824062.1649697672,16
-1297275.6062780002,1824062.1649697672,10
-1296812.2935614726,1824062.1649697672,16
-1296348.9808449452,1824062.1649697672,16
-1295885.6681284176,1824062.1649697672,16
-1295422.3554118902,1824062.1649697672,16
-1294959.0426953626,1824062.1649697672,16
-1294495.7299788352,1824062.1649697672,16
-1294032.4172623076,1824062.1649697672,10
-1293569.10454578,1824062.1649697672,10
-1293105.7918292526,1824062.1649697672,10
-1292642.479112725,1824062.1649697672,10
-1292179.1663961976,1824062.1649697672,10
-1291715.85367967,1824062.1649697672,10
-1291252.5409631426,1824062.1649697672,10
-1290789.228246615,1824062.1649697672,10
-1290325.9155300877,1824062.1649697672,10
-1289862.60281356,1824062.1649697672,10
-1289399.2900970327,1824062.1649697672,10
-1288935.977380505,1824062.1649697672,10
-1288472.6646639777,1824062.1649697672,10
-1288009.35194745,1824062.1649697672,10
-1287546.0392309227,1824062.1649697672,10
-1287082.726514395,1824062.1649697672,16
-1286619.4137978677,1824062.1649697672,16
-1286156.10108134,1824062.1649697672,16
-1285692.7883648127,1824062.1649697672,16
-1285229.4756482851,1824062.1649697672,16
-1284766.1629317575,1824062.1649697672,16
-1284302.8502152301,1824062.1649697672,10
-1283839.5374987025,1824062.1649697672,10
-1283376.2247821752,1824062.1649697672,10
-1282912.9120656475,1824062.1649697672,10
-1282449.5993491202,1824062.1649697672,10
-1281986.2866325926,1824062.1649697672,16
-1281522.9739160652,1824062.1649697672,16
-1281059.6611995376,1824062.1649697672,10
-1280596.3484830102,1824062.1649697672,10
-1280133.0357664826,1824062.1649697672,10
-1279669.7230499552,1824062.1649697672,10
-1279206.4103334276,1824062.1649697672,10
-1278743.0976169002,1824062.1649697672,10
-1278279.7849003726,1824062.1649697672,10
-1277816.472183845,1824062.1649697672,10
-1277353.1594673176,1824062.1649697672,10
-1276889.84675079,1824062.1649697672,10
-1276426.5340342626,1824062.1649697672,10
-1275963.221317735,1824062.1649697672,10
-1275499.9086012077,1824062.1649697672,10
-1275036.59588468,1824062.1649697672,10
-1274573.2831681527,1824062.1649697672,10
-1274109.970451625,1824062.1649697672,10
-1273646.6577350977,1824062.1649697672,10
-1273183.34501857,1824062.1649697672,10
-1272720.0323020427,1824062.1649697672,10
-1272256.719585515,1824062.1649697672,10
-1271793.4068689877,1824062.1649697672,7
-1271330.09415246,1824062.1649697672,7
-1270866.7814359325,1824062.1649697672,7
-1270403.4687194051,1824062.1649697672,10
-1269940.1560028775,1824062.1649697672,10
-1269476.8432863501,1824062.1649697672,10
-1269013.5305698225,1824062.1649697672,10
-1268550.2178532952,1824062.1649697672,10
-1268086.9051367675,1824062.1649697672,10
-1267623.5924202402,1824062.1649697672,10
-1267160.2797037126,1824062.1649697672,10
-1266696.9669871852,1824062.1649697672,10
-1266233.6542706576,1824062.1649697672,10
-1265770.3415541302,1824062.1649697672,10
-1265307.0288376026,1824062.1649697672,10
-1264843.7161210752,1824062.1649697672,10
-1264380.4034045476,1824062.1649697672,10
-1263917.09068802,1824062.1649697672,10
-1263453.7779714926,1824062.1649697672,10
-1262990.465254965,1824062.1649697672,10
-1262527.1525384376,1824062.1649697672,10
-1262063.83982191,1824062.1649697672,10
-1261600.5271053826,1824062.1649697672,10
-1261137.214388855,1824062.1649697672,10
-1260673.9016723277,1824062.1649697672,10
-1260210.5889558,1824062.1649697672,10
-1259747.2762392727,1824062.1649697672,10
-1259283.963522745,1824062.1649697672,10
-1258820.6508062177,1824062.1649697672,10
-1258357.33808969,1824062.1649697672,10
-1257894.0253731627,1824062.1649697672,10
-1257430.712656635,1824062.1649697672,10
-1256967.3999401077,1824062.1649697672,10
-1256504.08722358,1824062.1649697672,10
-1256040.7745070527,1824062.1649697672,10
-1255577.4617905251,1824062.1649697672,10
-1255114.1490739975,1824062.1649697672,10
-1254650.8363574701,1824062.1649697672,10
-1254187.5236409425,1824062.1649697672,10
-1253724.2109244152,1824062.1649697672,10
-1253260.8982078875,1824062.1649697672,10
-1252797.5854913602,1824062.1649697672,10
-1252334.2727748326,1824062.1649697672,10
-1251870.9600583052,1824062.1649697672,10
-1251407.6473417776,1824062.1649697672,10
-1250944.3346252502,1824062.1649697672,10
-1250481.0219087226,1824062.1649697672,10
-1250017.7091921952,1824062.1649697672,10
-1249554.3964756676,1824062.1649697672,10
-1249091.0837591402,1824062.1649697672,10
-1248627.7710426126,1824062.1649697672,10
-1248164.458326085,1824062.1649697672,10
-1247701.1456095576,1824062.1649697672,10
-1247237.83289303,1824062.1649697672,10
-1246774.5201765026,1824062.1649697672,10
-1246311.207459975,1824062.1649697672,10
-1245847.8947434477,1824062.1649697672,10
-1245384.58202692,1824062.1649697672,10
-1244921.2693103927,1824062.1649697672,10
-1244457.956593865,1824062.1649697672,10
-1243994.6438773377,1824062.1649697672,10
-1243531.33116081,1824062.1649697672,10
-1243068.0184442827,1824062.1649697672,10
-1242604.705727755,1824062.1649697672,10
-1242141.3930112277,1824062.1649697672,10
-1241678.0802947,1824062.1649697672,10
-1241214.7675781725,1824062.1649697672,10
-1240751.4548616451,1824062.1649697672,10
-1240288.1421451175,1824062.1649697672,10
-1239824.8294285901,1824062.1649697672,10
-1239361.5167120625,1824062.1649697672,10
-1238898.2039955352,1824062.1649697672,10
-1238434.8912790075,1824062.1649697672,10
-1237971.5785624802,1824062.1649697672,10
-1237508.2658459526,1824062.1649697672,10
-1237044.9531294252,1824062.1649697672,10
-1236581.6404128976,1824062.1649697672,10
-1236118.3276963702,1824062.1649697672,10
-1235655.0149798426,1824062.1649697672,10
-1235191.7022633152,1824062.1649697672,10
-1234728.3895467876,1824062.1649697672,10
-1234265.07683026,1824062.1649697672,10
-1233801.7641137326,1824062.1649697672,10
-1233338.4513972052,1824062.1649697672,10
-1232875.1386806776,1824062.1649697672,10
-1232411.82596415,1824062.1649697672,10
-1231948.5132476226,1824062.1649697672,10
-1231485.200531095,1824062.1649697672,10
-1231021.8878145677,1824062.1649697672,10
-1230558.57509804,1824062.1649697672,10
-1230095.2623815127,1824062.1649697672,10
-1229631.949664985,1824062.1649697672,10
-1229168.6369484577,1824062.1649697672,10
-1228705.32423193,1824062.1649697672,10
-1228242.0115154027,1824062.1649697672,10
-1227778.698798875,1824062.1649697672,10
-1227315.3860823475,1824062.1649697672,10
-1226852.07336582,1824062.1649697672,10
-1226388.7606492927,1824062.1649697672,10
-1225925.4479327651,1824062.1649697672,10
-1225462.1352162375,1824062.1649697672,10
-1224998.8224997101,1824062.1649697672,10
-1224535.5097831825,1824062.1649697672,10
-1224072.1970666551,1824062.1649697672,10
-1223608.8843501275,1824062.1649697672,10
-1223145.5716336002,1824062.1649697672,10
-1222682.2589170726,1824062.1649697672,10
-1222218.9462005452,1824062.1649697672,10
-1221755.6334840176,1824062.1649697672,10
-1221292.3207674902,1824062.1649697672,10
-1220829.0080509626,1824062.1649697672,10
-1220365.6953344352,1824062.1649697672,10
-1219902.3826179076,1824062.1649697672,10
-1219439.0699013802,1824062.1649697672,10
-1218975.7571848526,1824062.1649697672,10
-1218512.444468325,1824062.1649697672,10
-1218049.1317517976,1824062.1649697672,10
-1217585.81903527,1824062.1649697672,10
-1217122.5063187426,1824062.1649697672,10
-1216659.193602215,1824062.1649697672,10
-1216195.8808856877,1824062.1649697672,10
-1215732.56816916,1824062.1649697672,10
-1215269.2554526327,1824062.1649697672,10
-1214805.942736105,1824062.1649697672,10
-1214342.6300195777,1824062.1649697672,10
-1213879.31730305,1824062.1649697672,10
-1213416.0045865227,1824062.1649697672,10
-1212952.691869995,1824062.1649697672,10
-1212489.3791534677,1824062.1649697672,10
-1212026.06643694,1824062.1649697672,10
-1211562.7537204125,1824062.1649697672,10
-1211099.4410038851,1824062.1649697672,10
-1210636.1282873575,1824062.1649697672,10
-1210172.8155708301,1824062.1649697672,10
-1209709.5028543025,1824062.1649697672,10
-1209246.1901377751,1824062.1649697672,10
-1208782.8774212475,1824062.1649697672,10
-1208319.5647047202,1824062.1649697672,10
-1207856.2519881926,1824062.1649697672,10
-1207392.9392716652,1824062.1649697672,10
-1206929.6265551376,1824062.1649697672,10
-1206466.3138386102,1824062.1649697672,10
-1206003.0011220826,1824062.1649697672,10
-1205539.6884055552,1824062.1649697672,10
-1205076.3756890276,1824062.1649697672,10
-1204613.0629725,1824062.1649697672,10
-1204149.7502559726,1824062.1649697672,10
-1203686.4375394452,1824062.1649697672,10
-1203223.1248229176,1824062.1649697672,10
-1202759.81210639,1824062.1649697672,10
-1202296.4993898626,1824062.1649697672,10
-1201833.186673335,1824062.1649697672,10
-1201369.8739568077,1824062.1649697672,10
-1200906.56124028,1824062.1649697672,10
-1200443.2485237527,1824062.1649697672,10
-1199979.935807225,1824062.1649697672,10
-1199516.6230906977,1824062.1649697672,10
-1199053.31037417,1824062.1649697672,10
-1198589.9976576427,1824062.1649697672,10
-1198126.684941115,1824062.1649697672,10
-1197663.3722245875,1824062.1649697672,10
-1197200.05950806,1824062.1649697672,10
-1196736.7467915327,1824062.1649697672,10
-1196273.4340750051,1824062.1649697672,10
-1195810.1213584775,1824062.1649697672,10
-1195346.8086419501,1824062.1649697672,10
-1194883.4959254225,1824062.1649697672,10
-1194420.1832088951,1824062.1649697672,10
-1193956.8704923675,1824062.1649697672,10
-1193493.5577758402,1824062.1649697672,10
-1193030.2450593126,1824062.1649697672,10
-1192566.9323427852,1824062.1649697672,10
-1192103.6196262576,1824062.1649697672,10
-1191640.3069097302,1824062.1649697672,10
-1191176.9941932026,1824062.1649697672,10
-1190713.6814766752,1824062.1649697672,10
-1190250.3687601476,1824062.1649697672,10
-1189787.0560436202,1824062.1649697672,10
-1189323.7433270926,1824062.1649697672,10
-1188860.430610565,1824062.1649697672,10
-1188397.1178940376,1824062.1649697672,10
-1187933.80517751,1824062.1649697672,10
-1187470.4924609826,1824062.1649697672,10
-1187007.179744455,1824062.1649697672,10
-1186543.8670279277,1824062.1649697672,10
-1186080.5543114,1824062.1649697672,10
-1185617.2415948727,1824062.1649697672,10
-1185153.928878345,1824062.1649697672,10
-1184690.6161618177,1824062.1649697672,10
-1184227.30344529,1824062.1649697672,10
-1183763.9907287627,1824062.1649697672,10
-1183300.678012235,1824062.1649697672,10
-1182837.3652957077,1824062.1649697672,10
-1182374.05257918,1824062.1649697672,10
-1181910.7398626525,1824062.1649697672,10
-1181447.4271461251,1824062.1649697672,10
-1180984.1144295975,1824062.1649697672,10
-1180520.8017130701,1824062.1649697672,10
-1180057.4889965425,1824062.1649697672,10
-1179594.1762800151,1824062.1649697672,10
-1179130.8635634875,1824062.1649697672,10
-1178667.5508469602,1824062.1649697672,10
-1178204.2381304326,1824062.1649697672,10
-1177740.9254139052,1824062.1649697672,10
-1177277.6126973776,1824062.1649697672,10
-1176814.2999808502,1824062.1649697672,10
-1176350.9872643226,1824062.1649697672,10
-1175887.6745477952,1824062.1649697672,10
-1175424.3618312676,1824062.1649697672,10
-1174961.04911474,1824062.1649697672,10
-1174497.7363982126,1824062.1649697672,10
-1174034.4236816852,1824062.1649697672,10
-1173571.1109651576,1824062.1649697672,10
-1173107.79824863,1824062.1649697672,10
-1172644.4855321026,1824062.1649697672,10
-1172181.172815575,1824062.1649697672,10
-1171717.8600990477,1824062.1649697672,10
-1171254.54738252,1824062.1649697672,10
-1170791.2346659927,1824062.1649697672,10
-1170327.921949465,1824062.1649697672,10
-1169864.6092329377,1824062.1649697672,10
-1169401.29651641,1824062.1649697672,10
-1168937.9837998827,1824062.1649697672,10
-1168474.671083355,1824062.1649697672,10
-1168011.3583668275,1824062.1649697672,10
-1167548.0456503,1824062.1649697672,10
-1167084.7329337727,1824062.1649697672,10
-1166621.4202172451,1824062.1649697672,10
-1166158.1075007175,1824062.1649697672,10
-1165694.7947841901,1824062.1649697672,10
-1165231.4820676625,1824062.1649697672,10
-1164768.1693511351,1824062.1649697672,10
-1164304.8566346075,1824062.1649697672,10
-1163841.5439180802,1824062.1649697672,10
-1163378.2312015526,1824062.1649697672,10
-1162914.9184850252,1824062.1649697672,10
-1162451.6057684976,1824062.1649697672,10
-1161988.2930519702,1824062.1649697672,10
-1161524.9803354426,1824062.1649697672,10
-1161061.6676189152,1824062.1649697672,10
-1160598.3549023876,1824062.1649697672,10
-1160135.0421858602,1824062.1649697672,10
-1159671.7294693326,1824062.1649697672,10
-1159208.416752805,1824062.1649697672,10
-1158745.1040362776,1824062.1649697672,10
-1158281.79131975,1824062.1649697672,10
-1157818.4786032226,1824062.1649697672,10
-1157355.165886695,1824062.1649697672,10
-1156891.8531701677,1824062.1649697672,10
-1156428.54045364,1824062.1649697672,10
-1155965.2277371127,1824062.1649697672,10
-1324611.0565531226,1823598.8522532396,10
-1324147.7438365952,1823598.8522532396,16
-1323684.4311200676,1823598.8522532396,16
-1323221.11840354,1823598.8522532396,16
-1322757.8056870126,1823598.8522532396,16
-1322294.492970485,1823598.8522532396,16
-1321831.1802539576,1823598.8522532396,16
-1321367.86753743,1823598.8522532396,16
-1320904.5548209026,1823598.8522532396,16
-1320441.242104375,1823598.8522532396,16
-1319977.9293878477,1823598.8522532396,16
-1319514.61667132,1823598.8522532396,16
-1319051.3039547927,1823598.8522532396,10
-1318587.991238265,1823598.8522532396,10
-1318124.6785217377,1823598.8522532396,10
-1317661.36580521,1823598.8522532396,10
-1317198.0530886827,1823598.8522532396,10
-1316734.740372155,1823598.8522532396,10
-1316271.4276556277,1823598.8522532396,16
-1315808.1149391,1823598.8522532396,16
-1315344.8022225727,1823598.8522532396,10
-1314881.4895060451,1823598.8522532396,10
-1314418.1767895175,1823598.8522532396,10
-1313954.8640729901,1823598.8522532396,10
-1313491.5513564625,1823598.8522532396,16
-1313028.2386399352,1823598.8522532396,16
-1312564.9259234075,1823598.8522532396,16
-1312101.6132068802,1823598.8522532396,16
-1311638.3004903526,1823598.8522532396,16
-1311174.9877738252,1823598.8522532396,16
-1310711.6750572976,1823598.8522532396,16
-1310248.3623407702,1823598.8522532396,16
-1309785.0496242426,1823598.8522532396,16
-1309321.7369077152,1823598.8522532396,16
-1308858.4241911876,1823598.8522532396,16
-1308395.1114746602,1823598.8522532396,16
-1307931.7987581326,1823598.8522532396,16
-1307468.486041605,1823598.8522532396,16
-1307005.1733250776,1823598.8522532396,16
-1306541.86060855,1823598.8522532396,16
-1306078.5478920226,1823598.8522532396,16
-1305615.235175495,1823598.8522532396,16
-1305151.9224589677,1823598.8522532396,16
-1304688.60974244,1823598.8522532396,16
-1304225.2970259127,1823598.8522532396,16
-1303761.984309385,1823598.8522532396,16
-1303298.6715928577,1823598.8522532396,16
-1302835.35887633,1823598.8522532396,16
-1302372.0461598027,1823598.8522532396,10
-1301908.733443275,1823598.8522532396,10
-1301445.4207267477,1823598.8522532396,10
-1300982.10801022,1823598.8522532396,10
-1300518.7952936925,1823598.8522532396,16
-1300055.4825771651,1823598.8522532396,16
-1299592.1698606375,1823598.8522532396,16
-1299128.8571441101,1823598.8522532396,16
-1298665.5444275825,1823598.8522532396,16
-1298202.2317110552,1823598.8522532396,16
-1297738.9189945275,1823598.8522532396,10
-1297275.6062780002,1823598.8522532396,7
-1296812.2935614726,1823598.8522532396,10
-1296348.9808449452,1823598.8522532396,16
-1295885.6681284176,1823598.8522532396,16
-1295422.3554118902,1823598.8522532396,16
-1294959.0426953626,1823598.8522532396,16
-1294495.7299788352,1823598.8522532396,10
-1294032.4172623076,1823598.8522532396,10
-1293569.10454578,1823598.8522532396,10
-1293105.7918292526,1823598.8522532396,10
-1292642.479112725,1823598.8522532396,10
-1292179.1663961976,1823598.8522532396,10
-1291715.85367967,1823598.8522532396,10
-1291252.5409631426,1823598.8522532396,10
-1290789.228246615,1823598.8522532396,16
-1290325.9155300877,1823598.8522532396,10
-1289862.60281356,1823598.8522532396,10
-1289399.2900970327,1823598.8522532396,10
-1288935.977380505,1823598.8522532396,10
-1288472.6646639777,1823598.8522532396,10
-1288009.35194745,1823598.8522532396,10
-1287546.0392309227,1823598.8522532396,16
-1287082.726514395,1823598.8522532396,16
-1286619.4137978677,1823598.8522532396,16
-1286156.10108134,1823598.8522532396,10
-1285692.7883648127,1823598.8522532396,10
-1285229.4756482851,1823598.8522532396,16
-1284766.1629317575,1823598.8522532396,16
-1284302.8502152301,1823598.8522532396,10
-1283839.5374987025,1823598.8522532396,10
-1283376.2247821752,1823598.8522532396,10
-1282912.9120656475,1823598.8522532396,10
-1282449.5993491202,1823598.8522532396,10
-1281986.2866325926,1823598.8522532396,16
-1281522.9739160652,1823598.8522532396,16
-1281059.6611995376,1823598.8522532396,10
-1280596.3484830102,1823598.8522532396,10
-1280133.0357664826,1823598.8522532396,10
-1279669.7230499552,1823598.8522532396,10
-1279206.4103334276,1823598.8522532396,10
-1278743.0976169002,1823598.8522532396,10
-1278279.7849003726,1823598.8522532396,10
-1277816.472183845,1823598.8522532396,10
-1277353.1594673176,1823598.8522532396,10
-1276889.84675079,1823598.8522532396,10
-1276426.5340342626,1823598.8522532396,10
-1275963.221317735,1823598.8522532396,10
-1275499.9086012077,1823598.8522532396,10
-1275036.59588468,1823598.8522532396,10
-1274573.2831681527,1823598.8522532396,10
-1274109.970451625,1823598.8522532396,10
-1273646.6577350977,1823598.8522532396,10
-1273183.34501857,1823598.8522532396,10
-1272720.0323020427,1823598.8522532396,10
-1272256.719585515,1823598.8522532396,10
-1271793.4068689877,1823598.8522532396,10
-1271330.09415246,1823598.8522532396,10
-1270866.7814359325,1823598.8522532396,10
-1270403.4687194051,1823598.8522532396,10
-1269940.1560028775,1823598.8522532396,10
-1269476.8432863501,1823598.8522532396,10
-1269013.5305698225,1823598.8522532396,10
-1268550.2178532952,1823598.8522532396,10
-1268086.9051367675,1823598.8522532396,10
-1267623.5924202402,1823598.8522532396,10
-1267160.2797037126,1823598.8522532396,10
-1266696.9669871852,1823598.8522532396,10
-1266233.6542706576,1823598.8522532396,10
-1265770.3415541302,1823598.8522532396,10
-1265307.0288376026,1823598.8522532396,10
-1264843.7161210752,1823598.8522532396,10
-1264380.4034045476,1823598.8522532396,10
-1263917.09068802,1823598.8522532396,10
-1263453.7779714926,1823598.8522532396,10
-1262990.465254965,1823598.8522532396,10
-1262527.1525384376,1823598.8522532396,10
-1262063.83982191,1823598.8522532396,10
-1261600.5271053826,1823598.8522532396,10
-1261137.214388855,1823598.8522532396,10
-1260673.9016723277,1823598.8522532396,10
-1260210.5889558,1823598.8522532396,10
-1259747.2762392727,1823598.8522532396,10
-1259283.963522745,1823598.8522532396,10
-1258820.6508062177,1823598.8522532396,10
-1258357.33808969,1823598.8522532396,10
-1257894.0253731627,1823598.8522532396,10
-1257430.712656635,1823598.8522532396,10
-1256967.3999401077,1823598.8522532396,10
-1256504.08722358,1823598.8522532396,10
-1256040.7745070527,1823598.8522532396,10
-1255577.4617905251,1823598.8522532396,10
-1255114.1490739975,1823598.8522532396,10
-1254650.8363574701,1823598.8522532396,10
-1254187.5236409425,1823598.8522532396,10
-1253724.2109244152,1823598.8522532396,10
-1253260.8982078875,1823598.8522532396,10
-1252797.5854913602,1823598.8522532396,10
-1252334.2727748326,1823598.8522532396,10
-1251870.9600583052,1823598.8522532396,10
-1251407.6473417776,1823598.8522532396,10
-1250944.3346252502,1823598.8522532396,10
-1250481.0219087226,1823598.8522532396,10
-1250017.7091921952,1823598.8522532396,10
-1249554.3964756676,1823598.8522532396,10
-1249091.0837591402,1823598.8522532396,10
-1248627.7710426126,1823598.8522532396,10
-1248164.458326085,1823598.8522532396,10
-1247701.1456095576,1823598.8522532396,10
-1247237.83289303,1823598.8522532396,10
-1246774.5201765026,1823598.8522532396,10
-1246311.207459975,1823598.8522532396,10
-1245847.8947434477,1823598.8522532396,10
-1245384.58202692,1823598.8522532396,10
-1244921.2693103927,1823598.8522532396,10
-1244457.956593865,1823598.8522532396,10
-1243994.6438773377,1823598.8522532396,10
-1243531.33116081,1823598.8522532396,10
-1243068.0184442827,1823598.8522532396,10
-1242604.705727755,1823598.8522532396,10
-1242141.3930112277,1823598.8522532396,10
-1241678.0802947,1823598.8522532396,10
-1241214.7675781725,1823598.8522532396,10
-1240751.4548616451,1823598.8522532396,10
-1240288.1421451175,1823598.8522532396,10
-1239824.8294285901,1823598.8522532396,10
-1239361.5167120625,1823598.8522532396,10
-1238898.2039955352,1823598.8522532396,10
-1238434.8912790075,1823598.8522532396,10
-1237971.5785624802,1823598.8522532396,10
-1237508.2658459526,1823598.8522532396,10
-1237044.9531294252,1823598.8522532396,10
-1236581.6404128976,1823598.8522532396,10
-1236118.3276963702,1823598.8522532396,10
-1235655.0149798426,1823598.8522532396,10
-1235191.7022633152,1823598.8522532396,10
-1234728.3895467876,1823598.8522532396,10
-1234265.07683026,1823598.8522532396,10
-1233801.7641137326,1823598.8522532396,10
-1233338.4513972052,1823598.8522532396,10
-1232875.1386806776,1823598.8522532396,10
-1232411.82596415,1823598.8522532396,10
-1231948.5132476226,1823598.8522532396,10
-1231485.200531095,1823598.8522532396,10
-1231021.8878145677,1823598.8522532396,10
-1230558.57509804,1823598.8522532396,10
-1230095.2623815127,1823598.8522532396,10
-1229631.949664985,1823598.8522532396,10
-1229168.6369484577,1823598.8522532396,10
-1228705.32423193,1823598.8522532396,10
-1228242.0115154027,1823598.8522532396,10
-1227778.698798875,1823598.8522532396,10
-1227315.3860823475,1823598.8522532396,10
-1226852.07336582,1823598.8522532396,10
-1226388.7606492927,1823598.8522532396,10
-1225925.4479327651,1823598.8522532396,10
-1225462.1352162375,1823598.8522532396,10
-1224998.8224997101,1823598.8522532396,10
-1224535.5097831825,1823598.8522532396,10
-1224072.1970666551,1823598.8522532396,10
-1223608.8843501275,1823598.8522532396,10
-1223145.5716336002,1823598.8522532396,10
-1222682.2589170726,1823598.8522532396,10
-1222218.9462005452,1823598.8522532396,10
-1221755.6334840176,1823598.8522532396,10
-1221292.3207674902,1823598.8522532396,10
-1220829.0080509626,1823598.8522532396,10
-1220365.6953344352,1823598.8522532396,10
-1219902.3826179076,1823598.8522532396,10
-1219439.0699013802,1823598.8522532396,10
-1218975.7571848526,1823598.8522532396,10
-1218512.444468325,1823598.8522532396,10
-1218049.1317517976,1823598.8522532396,10
-1217585.81903527,1823598.8522532396,10
-1217122.5063187426,1823598.8522532396,10
-1216659.193602215,1823598.8522532396,10
-1216195.8808856877,1823598.8522532396,10
-1215732.56816916,1823598.8522532396,10
-1215269.2554526327,1823598.8522532396,10
-1214805.942736105,1823598.8522532396,10
-1214342.6300195777,1823598.8522532396,10
-1213879.31730305,1823598.8522532396,10
-1213416.0045865227,1823598.8522532396,10
-1212952.691869995,1823598.8522532396,10
-1212489.3791534677,1823598.8522532396,10
-1212026.06643694,1823598.8522532396,10
-1211562.7537204125,1823598.8522532396,10
-1211099.4410038851,1823598.8522532396,10
-1210636.1282873575,1823598.8522532396,10
-1210172.8155708301,1823598.8522532396,10
-1209709.5028543025,1823598.8522532396,10
-1209246.1901377751,1823598.8522532396,10
-1208782.8774212475,1823598.8522532396,10
-1208319.5647047202,1823598.8522532396,10
-1207856.2519881926,1823598.8522532396,10
-1207392.9392716652,1823598.8522532396,10
-1206929.6265551376,1823598.8522532396,10
-1206466.3138386102,1823598.8522532396,10
-1206003.0011220826,1823598.8522532396,10
-1205539.6884055552,1823598.8522532396,10
-1205076.3756890276,1823598.8522532396,10
-1204613.0629725,1823598.8522532396,10
-1204149.7502559726,1823598.8522532396,10
-1203686.4375394452,1823598.8522532396,10
-1203223.1248229176,1823598.8522532396,10
-1202759.81210639,1823598.8522532396,10
-1202296.4993898626,1823598.8522532396,10
-1201833.186673335,1823598.8522532396,10
-1201369.8739568077,1823598.8522532396,10
-1200906.56124028,1823598.8522532396,10
-1200443.2485237527,1823598.8522532396,10
-1199979.935807225,1823598.8522532396,10
-1199516.6230906977,1823598.8522532396,10
-1199053.31037417,1823598.8522532396,10
-1198589.9976576427,1823598.8522532396,10
-1198126.684941115,1823598.8522532396,10
-1197663.3722245875,1823598.8522532396,10
-1197200.05950806,1823598.8522532396,10
-1196736.7467915327,1823598.8522532396,10
-1196273.4340750051,1823598.8522532396,10
-1195810.1213584775,1823598.8522532396,10
-1195346.8086419501,1823598.8522532396,10
-1194883.4959254225,1823598.8522532396,10
-1194420.1832088951,1823598.8522532396,10
-1193956.8704923675,1823598.8522532396,10
-1193493.5577758402,1823598.8522532396,10
-1193030.2450593126,1823598.8522532396,10
-1192566.9323427852,1823598.8522532396,10
-1192103.6196262576,1823598.8522532396,10
-1191640.3069097302,1823598.8522532396,10
-1191176.9941932026,1823598.8522532396,10
-1190713.6814766752,1823598.8522532396,10
-1190250.3687601476,1823598.8522532396,10
-1189787.0560436202,1823598.8522532396,10
-1189323.7433270926,1823598.8522532396,10
-1188860.430610565,1823598.8522532396,10
-1188397.1178940376,1823598.8522532396,10
-1187933.80517751,1823598.8522532396,10
-1187470.4924609826,1823598.8522532396,10
-1187007.179744455,1823598.8522532396,10
-1186543.8670279277,1823598.8522532396,10
-1186080.5543114,1823598.8522532396,10
-1185617.2415948727,1823598.8522532396,10
-1185153.928878345,1823598.8522532396,10
-1184690.6161618177,1823598.8522532396,10
-1184227.30344529,1823598.8522532396,10
-1183763.9907287627,1823598.8522532396,10
-1183300.678012235,1823598.8522532396,10
-1182837.3652957077,1823598.8522532396,10
-1182374.05257918,1823598.8522532396,10
-1181910.7398626525,1823598.8522532396,10
-1181447.4271461251,1823598.8522532396,10
-1180984.1144295975,1823598.8522532396,10
-1180520.8017130701,1823598.8522532396,10
-1180057.4889965425,1823598.8522532396,10
-1179594.1762800151,1823598.8522532396,10
-1179130.8635634875,1823598.8522532396,10
-1178667.5508469602,1823598.8522532396,10
-1178204.2381304326,1823598.8522532396,10
-1177740.9254139052,1823598.8522532396,10
-1177277.6126973776,1823598.8522532396,10
-1176814.2999808502,1823598.8522532396,10
-1176350.9872643226,1823598.8522532396,10
-1175887.6745477952,1823598.8522532396,10
-1175424.3618312676,1823598.8522532396,10
-1174961.04911474,1823598.8522532396,10
-1174497.7363982126,1823598.8522532396,10
-1174034.4236816852,1823598.8522532396,10
-1173571.1109651576,1823598.8522532396,10
-1173107.79824863,1823598.8522532396,10
-1172644.4855321026,1823598.8522532396,10
-1172181.172815575,1823598.8522532396,10
-1171717.8600990477,1823598.8522532396,10
-1171254.54738252,1823598.8522532396,10
-1170791.2346659927,1823598.8522532396,10
-1170327.921949465,1823598.8522532396,10
-1169864.6092329377,1823598.8522532396,10
-1169401.29651641,1823598.8522532396,10
-1168937.9837998827,1823598.8522532396,10
-1168474.671083355,1823598.8522532396,10
-1168011.3583668275,1823598.8522532396,10
-1167548.0456503,1823598.8522532396,10
-1167084.7329337727,1823598.8522532396,10
-1166621.4202172451,1823598.8522532396,10
-1166158.1075007175,1823598.8522532396,10
-1165694.7947841901,1823598.8522532396,10
-1165231.4820676625,1823598.8522532396,10
-1164768.1693511351,1823598.8522532396,10
-1164304.8566346075,1823598.8522532396,10
-1163841.5439180802,1823598.8522532396,10
-1163378.2312015526,1823598.8522532396,10
-1162914.9184850252,1823598.8522532396,10
-1162451.6057684976,1823598.8522532396,10
-1161988.2930519702,1823598.8522532396,10
-1161524.9803354426,1823598.8522532396,10
-1161061.6676189152,1823598.8522532396,10
-1160598.3549023876,1823598.8522532396,10
-1160135.0421858602,1823598.8522532396,10
-1159671.7294693326,1823598.8522532396,10
-1159208.416752805,1823598.8522532396,10
-1158745.1040362776,1823598.8522532396,10
-1158281.79131975,1823598.8522532396,10
-1157818.4786032226,1823598.8522532396,10
-1157355.165886695,1823598.8522532396,10
-1156891.8531701677,1823598.8522532396,10
-1156428.54045364,1823598.8522532396,10
-1154111.9768710027,1823598.8522532396,10
-1153648.664154475,1823598.8522532396,10
-1324147.7438365952,1823135.5395367122,10
-1323684.4311200676,1823135.5395367122,16
-1323221.11840354,1823135.5395367122,16
-1322757.8056870126,1823135.5395367122,16
-1322294.492970485,1823135.5395367122,16
-1321831.1802539576,1823135.5395367122,16
-1321367.86753743,1823135.5395367122,16
-1320904.5548209026,1823135.5395367122,10
-1320441.242104375,1823135.5395367122,10
-1319977.9293878477,1823135.5395367122,10
-1319514.61667132,1823135.5395367122,10
-1319051.3039547927,1823135.5395367122,10
-1318587.991238265,1823135.5395367122,10
-1318124.6785217377,1823135.5395367122,10
-1317661.36580521,1823135.5395367122,10
-1317198.0530886827,1823135.5395367122,10
-1316734.740372155,1823135.5395367122,10
-1316271.4276556277,1823135.5395367122,16
-1315808.1149391,1823135.5395367122,16
-1315344.8022225727,1823135.5395367122,16
-1314881.4895060451,1823135.5395367122,10
-1314418.1767895175,1823135.5395367122,10
-1313954.8640729901,1823135.5395367122,10
-1313491.5513564625,1823135.5395367122,10
-1313028.2386399352,1823135.5395367122,16
-1312564.9259234075,1823135.5395367122,16
-1312101.6132068802,1823135.5395367122,16
-1311638.3004903526,1823135.5395367122,16
-1311174.9877738252,1823135.5395367122,16
-1310711.6750572976,1823135.5395367122,16
-1310248.3623407702,1823135.5395367122,16
-1309785.0496242426,1823135.5395367122,16
-1309321.7369077152,1823135.5395367122,16
-1308858.4241911876,1823135.5395367122,16
-1308395.1114746602,1823135.5395367122,16
-1307931.7987581326,1823135.5395367122,16
-1307468.486041605,1823135.5395367122,16
-1307005.1733250776,1823135.5395367122,16
-1306541.86060855,1823135.5395367122,16
-1306078.5478920226,1823135.5395367122,16
-1305615.235175495,1823135.5395367122,16
-1305151.9224589677,1823135.5395367122,16
-1304688.60974244,1823135.5395367122,16
-1304225.2970259127,1823135.5395367122,16
-1303761.984309385,1823135.5395367122,16
-1303298.6715928577,1823135.5395367122,16
-1302835.35887633,1823135.5395367122,7
-1302372.0461598027,1823135.5395367122,10
-1301908.733443275,1823135.5395367122,10
-1301445.4207267477,1823135.5395367122,10
-1300982.10801022,1823135.5395367122,10
-1300518.7952936925,1823135.5395367122,10
-1300055.4825771651,1823135.5395367122,7
-1299592.1698606375,1823135.5395367122,16
-1299128.8571441101,1823135.5395367122,16
-1298665.5444275825,1823135.5395367122,16
-1298202.2317110552,1823135.5395367122,16
-1297738.9189945275,1823135.5395367122,16
-1297275.6062780002,1823135.5395367122,16
-1296812.2935614726,1823135.5395367122,16
-1296348.9808449452,1823135.5395367122,16
-1295885.6681284176,1823135.5395367122,16
-1295422.3554118902,1823135.5395367122,16
-1294959.0426953626,1823135.5395367122,16
-1294495.7299788352,1823135.5395367122,10
-1294032.4172623076,1823135.5395367122,10
-1293569.10454578,1823135.5395367122,10
-1293105.7918292526,1823135.5395367122,16
-1292642.479112725,1823135.5395367122,10
-1292179.1663961976,1823135.5395367122,10
-1291715.85367967,1823135.5395367122,10
-1291252.5409631426,1823135.5395367122,10
-1290789.228246615,1823135.5395367122,10
-1290325.9155300877,1823135.5395367122,10
-1289862.60281356,1823135.5395367122,10
-1289399.2900970327,1823135.5395367122,10
-1288935.977380505,1823135.5395367122,10
-1288472.6646639777,1823135.5395367122,10
-1288009.35194745,1823135.5395367122,10
-1287546.0392309227,1823135.5395367122,10
-1287082.726514395,1823135.5395367122,16
-1286619.4137978677,1823135.5395367122,16
-1286156.10108134,1823135.5395367122,16
-1285692.7883648127,1823135.5395367122,16
-1285229.4756482851,1823135.5395367122,16
-1284766.1629317575,1823135.5395367122,16
-1284302.8502152301,1823135.5395367122,16
-1283839.5374987025,1823135.5395367122,10
-1283376.2247821752,1823135.5395367122,10
-1282912.9120656475,1823135.5395367122,10
-1282449.5993491202,1823135.5395367122,10
-1281986.2866325926,1823135.5395367122,10
-1281522.9739160652,1823135.5395367122,10
-1281059.6611995376,1823135.5395367122,10
-1280596.3484830102,1823135.5395367122,10
-1280133.0357664826,1823135.5395367122,10
-1279669.7230499552,1823135.5395367122,10
-1279206.4103334276,1823135.5395367122,10
-1278743.0976169002,1823135.5395367122,10
-1278279.7849003726,1823135.5395367122,10
-1277816.472183845,1823135.5395367122,10
-1277353.1594673176,1823135.5395367122,10
-1276889.84675079,1823135.5395367122,10
-1276426.5340342626,1823135.5395367122,10
-1275963.221317735,1823135.5395367122,10
-1275499.9086012077,1823135.5395367122,10
-1275036.59588468,1823135.5395367122,10
-1274573.2831681527,1823135.5395367122,10
-1274109.970451625,1823135.5395367122,10
-1273646.6577350977,1823135.5395367122,10
-1273183.34501857,1823135.5395367122,10
-1272720.0323020427,1823135.5395367122,10
-1272256.719585515,1823135.5395367122,10
-1271793.4068689877,1823135.5395367122,10
-1271330.09415246,1823135.5395367122,10
-1270866.7814359325,1823135.5395367122,10
-1270403.4687194051,1823135.5395367122,7
-1269940.1560028775,1823135.5395367122,7
-1269476.8432863501,1823135.5395367122,10
-1269013.5305698225,1823135.5395367122,10
-1268550.2178532952,1823135.5395367122,10
-1268086.9051367675,1823135.5395367122,10
-1267623.5924202402,1823135.5395367122,10
-1267160.2797037126,1823135.5395367122,10
-1266696.9669871852,1823135.5395367122,10
-1266233.6542706576,1823135.5395367122,10
-1265770.3415541302,1823135.5395367122,10
-1265307.0288376026,1823135.5395367122,10
-1264843.7161210752,1823135.5395367122,10
-1264380.4034045476,1823135.5395367122,10
-1263917.09068802,1823135.5395367122,10
-1263453.7779714926,1823135.5395367122,10
-1262990.465254965,1823135.5395367122,10
-1262527.1525384376,1823135.5395367122,10
-1262063.83982191,1823135.5395367122,10
-1261600.5271053826,1823135.5395367122,10
-1261137.214388855,1823135.5395367122,10
-1260673.9016723277,1823135.5395367122,10
-1260210.5889558,1823135.5395367122,10
-1259747.2762392727,1823135.5395367122,10
-1259283.963522745,1823135.5395367122,10
-1258820.6508062177,1823135.5395367122,10
-1258357.33808969,1823135.5395367122,10
-1257894.0253731627,1823135.5395367122,10
-1257430.712656635,1823135.5395367122,10
-1256967.3999401077,1823135.5395367122,10
-1256504.08722358,1823135.5395367122,10
-1256040.7745070527,1823135.5395367122,10
-1255577.4617905251,1823135.5395367122,10
-1255114.1490739975,1823135.5395367122,10
-1254650.8363574701,1823135.5395367122,10
-1254187.5236409425,1823135.5395367122,10
-1253724.2109244152,1823135.5395367122,10
-1253260.8982078875,1823135.5395367122,10
-1252797.5854913602,1823135.5395367122,10
-1252334.2727748326,1823135.5395367122,10
-1251870.9600583052,1823135.5395367122,10
-1251407.6473417776,1823135.5395367122,10
-1250944.3346252502,1823135.5395367122,10
-1250481.0219087226,1823135.5395367122,10
-1250017.7091921952,1823135.5395367122,10
-1249554.3964756676,1823135.5395367122,10
-1249091.0837591402,1823135.5395367122,10
-1248627.7710426126,1823135.5395367122,10
-1248164.458326085,1823135.5395367122,10
-1247701.1456095576,1823135.5395367122,10
-1247237.83289303,1823135.5395367122,10
-1246774.5201765026,1823135.5395367122,10
-1246311.207459975,1823135.5395367122,10
-1245847.8947434477,1823135.5395367122,10
-1245384.58202692,1823135.5395367122,10
-1244921.2693103927,1823135.5395367122,10
-1244457.956593865,1823135.5395367122,10
-1243994.6438773377,1823135.5395367122,10
-1243531.33116081,1823135.5395367122,10
-1243068.0184442827,1823135.5395367122,10
-1242604.705727755,1823135.5395367122,10
-1242141.3930112277,1823135.5395367122,10
-1241678.0802947,1823135.5395367122,10
-1241214.7675781725,1823135.5395367122,10
-1240751.4548616451,1823135.5395367122,10
-1240288.1421451175,1823135.5395367122,10
-1239824.8294285901,1823135.5395367122,10
-1239361.5167120625,1823135.5395367122,10
-1238898.2039955352,1823135.5395367122,10
-1238434.8912790075,1823135.5395367122,10
-1237971.5785624802,1823135.5395367122,10
-1237508.2658459526,1823135.5395367122,10
-1237044.9531294252,1823135.5395367122,10
-1236581.6404128976,1823135.5395367122,10
-1236118.3276963702,1823135.5395367122,10
-1235655.0149798426,1823135.5395367122,10
-1235191.7022633152,1823135.5395367122,10
-1234728.3895467876,1823135.5395367122,10
-1234265.07683026,1823135.5395367122,10
-1233801.7641137326,1823135.5395367122,10
-1233338.4513972052,1823135.5395367122,10
-1232875.1386806776,1823135.5395367122,10
-1232411.82596415,1823135.5395367122,10
-1231948.5132476226,1823135.5395367122,10
-1231485.200531095,1823135.5395367122,10
-1231021.8878145677,1823135.5395367122,10
-1230558.57509804,1823135.5395367122,10
-1230095.2623815127,1823135.5395367122,10
-1229631.949664985,1823135.5395367122,10
-1229168.6369484577,1823135.5395367122,10
-1228705.32423193,1823135.5395367122,10
-1228242.0115154027,1823135.5395367122,10
-1227778.698798875,1823135.5395367122,10
-1227315.3860823475,1823135.5395367122,10
-1226852.07336582,1823135.5395367122,10
-1226388.7606492927,1823135.5395367122,10
-1225925.4479327651,1823135.5395367122,10
-1225462.1352162375,1823135.5395367122,10
-1224998.8224997101,1823135.5395367122,10
-1224535.5097831825,1823135.5395367122,10
-1224072.1970666551,1823135.5395367122,10
-1223608.8843501275,1823135.5395367122,10
-1223145.5716336002,1823135.5395367122,10
-1222682.2589170726,1823135.5395367122,10
-1222218.9462005452,1823135.5395367122,10
-1221755.6334840176,1823135.5395367122,10
-1221292.3207674902,1823135.5395367122,10
-1220829.0080509626,1823135.5395367122,10
-1220365.6953344352,1823135.5395367122,10
-1219902.3826179076,1823135.5395367122,10
-1219439.0699013802,1823135.5395367122,10
-1218975.7571848526,1823135.5395367122,10
-1218512.444468325,1823135.5395367122,10
-1218049.1317517976,1823135.5395367122,10
-1217585.81903527,1823135.5395367122,10
-1217122.5063187426,1823135.5395367122,10
-1216659.193602215,1823135.5395367122,10
-1216195.8808856877,1823135.5395367122,10
-1215732.56816916,1823135.5395367122,10
-1215269.2554526327,1823135.5395367122,10
-1214805.942736105,1823135.5395367122,10
-1214342.6300195777,1823135.5395367122,10
-1213879.31730305,1823135.5395367122,10
-1213416.0045865227,1823135.5395367122,10
-1212952.691869995,1823135.5395367122,10
-1212489.3791534677,1823135.5395367122,10
-1212026.06643694,1823135.5395367122,10
-1211562.7537204125,1823135.5395367122,10
-1211099.4410038851,1823135.5395367122,10
-1210636.1282873575,1823135.5395367122,10
-1210172.8155708301,1823135.5395367122,10
-1209709.5028543025,1823135.5395367122,10
-1209246.1901377751,1823135.5395367122,10
-1208782.8774212475,1823135.5395367122,10
-1208319.5647047202,1823135.5395367122,10
-1207856.2519881926,1823135.5395367122,10
-1207392.9392716652,1823135.5395367122,10
-1206929.6265551376,1823135.5395367122,10
-1206466.3138386102,1823135.5395367122,10
-1206003.0011220826,1823135.5395367122,10
-1205539.6884055552,1823135.5395367122,10
-1205076.3756890276,1823135.5395367122,10
-1204613.0629725,1823135.5395367122,10
-1204149.7502559726,1823135.5395367122,10
-1203686.4375394452,1823135.5395367122,10
-1203223.1248229176,1823135.5395367122,10
-1202759.81210639,1823135.5395367122,10
-1202296.4993898626,1823135.5395367122,10
-1201833.186673335,1823135.5395367122,10
-1201369.8739568077,1823135.5395367122,10
-1200906.56124028,1823135.5395367122,10
-1200443.2485237527,1823135.5395367122,10
-1199979.935807225,1823135.5395367122,10
-1199516.6230906977,1823135.5395367122,10
-1199053.31037417,1823135.5395367122,10
-1198589.9976576427,1823135.5395367122,10
-1198126.684941115,1823135.5395367122,10
-1197663.3722245875,1823135.5395367122,10
-1197200.05950806,1823135.5395367122,10
-1196736.7467915327,1823135.5395367122,10
-1196273.4340750051,1823135.5395367122,10
-1195810.1213584775,1823135.5395367122,10
-1195346.8086419501,1823135.5395367122,10
-1194883.4959254225,1823135.5395367122,10
-1194420.1832088951,1823135.5395367122,10
-1193956.8704923675,1823135.5395367122,10
-1193493.5577758402,1823135.5395367122,10
-1193030.2450593126,1823135.5395367122,10
-1192566.9323427852,1823135.5395367122,10
-1192103.6196262576,1823135.5395367122,10
-1191640.3069097302,1823135.5395367122,10
-1191176.9941932026,1823135.5395367122,10
-1190713.6814766752,1823135.5395367122,10
-1190250.3687601476,1823135.5395367122,10
-1189787.0560436202,1823135.5395367122,10
-1189323.7433270926,1823135.5395367122,10
-1188860.430610565,1823135.5395367122,10
-1188397.1178940376,1823135.5395367122,10
-1187933.80517751,1823135.5395367122,10
-1187470.4924609826,1823135.5395367122,10
-1187007.179744455,1823135.5395367122,10
-1186543.8670279277,1823135.5395367122,10
-1186080.5543114,1823135.5395367122,10
-1185617.2415948727,1823135.5395367122,10
-1185153.928878345,1823135.5395367122,10
-1184690.6161618177,1823135.5395367122,10
-1184227.30344529,1823135.5395367122,10
-1183763.9907287627,1823135.5395367122,10
-1183300.678012235,1823135.5395367122,10
-1182837.3652957077,1823135.5395367122,10
-1182374.05257918,1823135.5395367122,10
-1181910.7398626525,1823135.5395367122,10
-1181447.4271461251,1823135.5395367122,10
-1180984.1144295975,1823135.5395367122,10
-1180520.8017130701,1823135.5395367122,10
-1180057.4889965425,1823135.5395367122,10
-1179594.1762800151,1823135.5395367122,10
-1179130.8635634875,1823135.5395367122,10
-1178667.5508469602,1823135.5395367122,10
-1178204.2381304326,1823135.5395367122,10
-1177740.9254139052,1823135.5395367122,10
-1177277.6126973776,1823135.5395367122,10
-1176814.2999808502,1823135.5395367122,10
-1176350.9872643226,1823135.5395367122,10
-1175887.6745477952,1823135.5395367122,10
-1175424.3618312676,1823135.5395367122,10
-1174961.04911474,1823135.5395367122,10
-1174497.7363982126,1823135.5395367122,10
-1174034.4236816852,1823135.5395367122,10
-1173571.1109651576,1823135.5395367122,10
-1173107.79824863,1823135.5395367122,10
-1172644.4855321026,1823135.5395367122,10
-1172181.172815575,1823135.5395367122,10
-1171717.8600990477,1823135.5395367122,10
-1171254.54738252,1823135.5395367122,10
-1170791.2346659927,1823135.5395367122,10
-1170327.921949465,1823135.5395367122,10
-1169864.6092329377,1823135.5395367122,10
-1169401.29651641,1823135.5395367122,10
-1168937.9837998827,1823135.5395367122,10
-1168474.671083355,1823135.5395367122,10
-1168011.3583668275,1823135.5395367122,10
-1167548.0456503,1823135.5395367122,10
-1167084.7329337727,1823135.5395367122,10
-1166621.4202172451,1823135.5395367122,10
-1166158.1075007175,1823135.5395367122,10
-1165694.7947841901,1823135.5395367122,10
-1165231.4820676625,1823135.5395367122,10
-1164768.1693511351,1823135.5395367122,10
-1164304.8566346075,1823135.5395367122,10
-1163841.5439180802,1823135.5395367122,10
-1163378.2312015526,1823135.5395367122,10
-1162914.9184850252,1823135.5395367122,10
-1162451.6057684976,1823135.5395367122,10
-1161988.2930519702,1823135.5395367122,10
-1161524.9803354426,1823135.5395367122,10
-1161061.6676189152,1823135.5395367122,10
-1160598.3549023876,1823135.5395367122,10
-1160135.0421858602,1823135.5395367122,10
-1159671.7294693326,1823135.5395367122,10
-1159208.416752805,1823135.5395367122,10
-1158745.1040362776,1823135.5395367122,10
-1158281.79131975,1823135.5395367122,10
-1157818.4786032226,1823135.5395367122,10
-1157355.165886695,1823135.5395367122,10
-1156891.8531701677,1823135.5395367122,10
-1156428.54045364,1823135.5395367122,10
-1155965.2277371127,1823135.5395367122,10
-1155501.915020585,1823135.5395367122,10
-1155038.6023040577,1823135.5395367122,10
-1154575.28958753,1823135.5395367122,10
-1154111.9768710027,1823135.5395367122,10
-1153648.664154475,1823135.5395367122,10
-1324147.7438365952,1822672.2268201846,10
-1323684.4311200676,1822672.2268201846,16
-1323221.11840354,1822672.2268201846,10
-1322757.8056870126,1822672.2268201846,10
-1322294.492970485,1822672.2268201846,10
-1321831.1802539576,1822672.2268201846,10
-1321367.86753743,1822672.2268201846,10
-1320904.5548209026,1822672.2268201846,10
-1320441.242104375,1822672.2268201846,10
-1319977.9293878477,1822672.2268201846,10
-1319514.61667132,1822672.2268201846,10
-1319051.3039547927,1822672.2268201846,10
-1318587.991238265,1822672.2268201846,10
-1318124.6785217377,1822672.2268201846,10
-1317661.36580521,1822672.2268201846,10
-1317198.0530886827,1822672.2268201846,10
-1316734.740372155,1822672.2268201846,10
-1316271.4276556277,1822672.2268201846,16
-1315808.1149391,1822672.2268201846,16
-1315344.8022225727,1822672.2268201846,16
-1314881.4895060451,1822672.2268201846,16
-1314418.1767895175,1822672.2268201846,16
-1313954.8640729901,1822672.2268201846,10
-1313491.5513564625,1822672.2268201846,10
-1313028.2386399352,1822672.2268201846,10
-1312564.9259234075,1822672.2268201846,10
-1312101.6132068802,1822672.2268201846,16
-1311638.3004903526,1822672.2268201846,16
-1311174.9877738252,1822672.2268201846,16
-1310711.6750572976,1822672.2268201846,16
-1310248.3623407702,1822672.2268201846,16
-1309785.0496242426,1822672.2268201846,16
-1309321.7369077152,1822672.2268201846,16
-1308858.4241911876,1822672.2268201846,16
-1308395.1114746602,1822672.2268201846,16
-1307931.7987581326,1822672.2268201846,16
-1307468.486041605,1822672.2268201846,16
-1307005.1733250776,1822672.2268201846,16
-1306541.86060855,1822672.2268201846,16
-1306078.5478920226,1822672.2268201846,16
-1305615.235175495,1822672.2268201846,16
-1305151.9224589677,1822672.2268201846,16
-1304688.60974244,1822672.2268201846,16
-1304225.2970259127,1822672.2268201846,16
-1303761.984309385,1822672.2268201846,16
-1303298.6715928577,1822672.2268201846,16
-1302835.35887633,1822672.2268201846,7
-1302372.0461598027,1822672.2268201846,7
-1301908.733443275,1822672.2268201846,10
-1301445.4207267477,1822672.2268201846,10
-1300982.10801022,1822672.2268201846,10
-1300518.7952936925,1822672.2268201846,10
-1300055.4825771651,1822672.2268201846,10
-1299592.1698606375,1822672.2268201846,16
-1299128.8571441101,1822672.2268201846,16
-1298665.5444275825,1822672.2268201846,16
-1298202.2317110552,1822672.2268201846,16
-1297738.9189945275,1822672.2268201846,16
-1297275.6062780002,1822672.2268201846,16
-1296812.2935614726,1822672.2268201846,16
-1296348.9808449452,1822672.2268201846,16
-1295885.6681284176,1822672.2268201846,16
-1295422.3554118902,1822672.2268201846,16
-1294959.0426953626,1822672.2268201846,10
-1294495.7299788352,1822672.2268201846,10
-1294032.4172623076,1822672.2268201846,10
-1293569.10454578,1822672.2268201846,10
-1293105.7918292526,1822672.2268201846,16
-1292642.479112725,1822672.2268201846,10
-1292179.1663961976,1822672.2268201846,10
-1291715.85367967,1822672.2268201846,10
-1291252.5409631426,1822672.2268201846,10
-1290789.228246615,1822672.2268201846,10
-1290325.9155300877,1822672.2268201846,10
-1289862.60281356,1822672.2268201846,10
-1289399.2900970327,1822672.2268201846,10
-1288935.977380505,1822672.2268201846,10
-1288472.6646639777,1822672.2268201846,7
-1288009.35194745,1822672.2268201846,7
-1287546.0392309227,1822672.2268201846,10
-1287082.726514395,1822672.2268201846,16
-1286619.4137978677,1822672.2268201846,16
-1286156.10108134,1822672.2268201846,16
-1285692.7883648127,1822672.2268201846,16
-1285229.4756482851,1822672.2268201846,16
-1284766.1629317575,1822672.2268201846,16
-1284302.8502152301,1822672.2268201846,16
-1283839.5374987025,1822672.2268201846,10
-1283376.2247821752,1822672.2268201846,10
-1282912.9120656475,1822672.2268201846,10
-1282449.5993491202,1822672.2268201846,10
-1281986.2866325926,1822672.2268201846,10
-1281522.9739160652,1822672.2268201846,10
-1281059.6611995376,1822672.2268201846,10
-1280596.3484830102,1822672.2268201846,10
-1280133.0357664826,1822672.2268201846,10
-1279669.7230499552,1822672.2268201846,10
-1279206.4103334276,1822672.2268201846,10
-1278743.0976169002,1822672.2268201846,10
-1278279.7849003726,1822672.2268201846,10
-1277816.472183845,1822672.2268201846,10
-1277353.1594673176,1822672.2268201846,10
-1276889.84675079,1822672.2268201846,10
-1276426.5340342626,1822672.2268201846,10
-1275963.221317735,1822672.2268201846,10
-1275499.9086012077,1822672.2268201846,10
-1275036.59588468,1822672.2268201846,10
-1274573.2831681527,1822672.2268201846,10
-1274109.970451625,1822672.2268201846,10
-1273646.6577350977,1822672.2268201846,10
-1273183.34501857,1822672.2268201846,10
-1272720.0323020427,1822672.2268201846,10
-1272256.719585515,1822672.2268201846,10
-1271793.4068689877,1822672.2268201846,10
-1271330.09415246,1822672.2268201846,10
-1270866.7814359325,1822672.2268201846,10
-1270403.4687194051,1822672.2268201846,10
-1269940.1560028775,1822672.2268201846,10
-1269476.8432863501,1822672.2268201846,10
-1269013.5305698225,1822672.2268201846,10
-1268550.2178532952,1822672.2268201846,10
-1268086.9051367675,1822672.2268201846,10
-1267623.5924202402,1822672.2268201846,10
-1267160.2797037126,1822672.2268201846,10
-1266696.9669871852,1822672.2268201846,10
-1266233.6542706576,1822672.2268201846,10
-1265770.3415541302,1822672.2268201846,10
-1265307.0288376026,1822672.2268201846,10
-1264843.7161210752,1822672.2268201846,10
-1264380.4034045476,1822672.2268201846,10
-1263917.09068802,1822672.2268201846,10
-1263453.7779714926,1822672.2268201846,10
-1262990.465254965,1822672.2268201846,10
-1262527.1525384376,1822672.2268201846,10
-1262063.83982191,1822672.2268201846,10
-1261600.5271053826,1822672.2268201846,10
-1261137.214388855,1822672.2268201846,10
-1260673.9016723277,1822672.2268201846,10
-1260210.5889558,1822672.2268201846,10
-1259747.2762392727,1822672.2268201846,10
-1259283.963522745,1822672.2268201846,10
-1258820.6508062177,1822672.2268201846,10
-1258357.33808969,1822672.2268201846,10
-1257894.0253731627,1822672.2268201846,10
-1257430.712656635,1822672.2268201846,10
-1256967.3999401077,1822672.2268201846,10
-1256504.08722358,1822672.2268201846,10
-1256040.7745070527,1822672.2268201846,10
-1255577.4617905251,1822672.2268201846,10
-1255114.1490739975,1822672.2268201846,10
-1254650.8363574701,1822672.2268201846,10
-1254187.5236409425,1822672.2268201846,10
-1253724.2109244152,1822672.2268201846,10
-1253260.8982078875,1822672.2268201846,10
-1252797.5854913602,1822672.2268201846,10
-1252334.2727748326,1822672.2268201846,10
-1251870.9600583052,1822672.2268201846,10
-1251407.6473417776,1822672.2268201846,10
-1250944.3346252502,1822672.2268201846,10
-1250481.0219087226,1822672.2268201846,10
-1250017.7091921952,1822672.2268201846,10
-1249554.3964756676,1822672.2268201846,10
-1249091.0837591402,1822672.2268201846,10
-1248627.7710426126,1822672.2268201846,10
-1248164.458326085,1822672.2268201846,10
-1247701.1456095576,1822672.2268201846,10
-1247237.83289303,1822672.2268201846,10
-1246774.5201765026,1822672.2268201846,10
-1246311.207459975,1822672.2268201846,10
-1245847.8947434477,1822672.2268201846,10
-1245384.58202692,1822672.2268201846,10
-1244921.2693103927,1822672.2268201846,10
-1244457.956593865,1822672.2268201846,10
-1243994.6438773377,1822672.2268201846,10
-1243531.33116081,1822672.2268201846,10
-1243068.0184442827,1822672.2268201846,10
-1242604.705727755,1822672.2268201846,10
-1242141.3930112277,1822672.2268201846,10
-1241678.0802947,1822672.2268201846,10
-1241214.7675781725,1822672.2268201846,10
-1240751.4548616451,1822672.2268201846,10
-1240288.1421451175,1822672.2268201846,10
-1239824.8294285901,1822672.2268201846,10
-1239361.5167120625,1822672.2268201846,10
-1238898.2039955352,1822672.2268201846,10
-1238434.8912790075,1822672.2268201846,10
-1237971.5785624802,1822672.2268201846,10
-1237508.2658459526,1822672.2268201846,10
-1237044.9531294252,1822672.2268201846,10
-1236581.6404128976,1822672.2268201846,10
-1236118.3276963702,1822672.2268201846,10
-1235655.0149798426,1822672.2268201846,10
-1235191.7022633152,1822672.2268201846,10
-1234728.3895467876,1822672.2268201846,10
-1234265.07683026,1822672.2268201846,10
-1233801.7641137326,1822672.2268201846,10
-1233338.4513972052,1822672.2268201846,10
-1232875.1386806776,1822672.2268201846,10
-1232411.82596415,1822672.2268201846,10
-1231948.5132476226,1822672.2268201846,10
-1231485.200531095,1822672.2268201846,10
-1231021.8878145677,1822672.2268201846,10
-1230558.57509804,1822672.2268201846,10
-1230095.2623815127,1822672.2268201846,10
-1229631.949664985,1822672.2268201846,10
-1229168.6369484577,1822672.2268201846,10
-1228705.32423193,1822672.2268201846,10
-1228242.0115154027,1822672.2268201846,10
-1227778.698798875,1822672.2268201846,10
-1227315.3860823475,1822672.2268201846,10
-1226852.07336582,1822672.2268201846,10
-1226388.7606492927,1822672.2268201846,10
-1225925.4479327651,1822672.2268201846,10
-1225462.1352162375,1822672.2268201846,10
-1224998.8224997101,1822672.2268201846,10
-1224535.5097831825,1822672.2268201846,10
-1224072.1970666551,1822672.2268201846,10
-1223608.8843501275,1822672.2268201846,10
-1223145.5716336002,1822672.2268201846,10
-1222682.2589170726,1822672.2268201846,10
-1222218.9462005452,1822672.2268201846,10
-1221755.6334840176,1822672.2268201846,10
-1221292.3207674902,1822672.2268201846,10
-1220829.0080509626,1822672.2268201846,10
-1220365.6953344352,1822672.2268201846,10
-1219902.3826179076,1822672.2268201846,10
-1219439.0699013802,1822672.2268201846,10
-1218975.7571848526,1822672.2268201846,10
-1218512.444468325,1822672.2268201846,10
-1218049.1317517976,1822672.2268201846,10
-1217585.81903527,1822672.2268201846,10
-1217122.5063187426,1822672.2268201846,10
-1216659.193602215,1822672.2268201846,10
-1216195.8808856877,1822672.2268201846,10
-1215732.56816916,1822672.2268201846,10
-1215269.2554526327,1822672.2268201846,10
-1214805.942736105,1822672.2268201846,10
-1214342.6300195777,1822672.2268201846,10
-1213879.31730305,1822672.2268201846,10
-1213416.0045865227,1822672.2268201846,10
-1212952.691869995,1822672.2268201846,10
-1212489.3791534677,1822672.2268201846,10
-1212026.06643694,1822672.2268201846,10
-1211562.7537204125,1822672.2268201846,10
-1211099.4410038851,1822672.2268201846,10
-1210636.1282873575,1822672.2268201846,10
-1210172.8155708301,1822672.2268201846,10
-1209709.5028543025,1822672.2268201846,10
-1209246.1901377751,1822672.2268201846,10
-1208782.8774212475,1822672.2268201846,10
-1208319.5647047202,1822672.2268201846,10
-1207856.2519881926,1822672.2268201846,10
-1207392.9392716652,1822672.2268201846,10
-1206929.6265551376,1822672.2268201846,10
-1206466.3138386102,1822672.2268201846,10
-1206003.0011220826,1822672.2268201846,10
-1205539.6884055552,1822672.2268201846,10
-1205076.3756890276,1822672.2268201846,10
-1204613.0629725,1822672.2268201846,10
-1204149.7502559726,1822672.2268201846,10
-1203686.4375394452,1822672.2268201846,10
-1203223.1248229176,1822672.2268201846,10
-1202759.81210639,1822672.2268201846,10
-1202296.4993898626,1822672.2268201846,10
-1201833.186673335,1822672.2268201846,10
-1201369.8739568077,1822672.2268201846,10
-1200906.56124028,1822672.2268201846,10
-1200443.2485237527,1822672.2268201846,10
-1199979.935807225,1822672.2268201846,10
-1199516.6230906977,1822672.2268201846,10
-1199053.31037417,1822672.2268201846,10
-1198589.9976576427,1822672.2268201846,10
-1198126.684941115,1822672.2268201846,10
-1197663.3722245875,1822672.2268201846,10
-1197200.05950806,1822672.2268201846,10
-1196736.7467915327,1822672.2268201846,10
-1196273.4340750051,1822672.2268201846,10
-1195810.1213584775,1822672.2268201846,10
-1195346.8086419501,1822672.2268201846,10
-1194883.4959254225,1822672.2268201846,10
-1194420.1832088951,1822672.2268201846,10
-1193956.8704923675,1822672.2268201846,10
-1193493.5577758402,1822672.2268201846,10
-1193030.2450593126,1822672.2268201846,10
-1192566.9323427852,1822672.2268201846,10
-1192103.6196262576,1822672.2268201846,10
-1191640.3069097302,1822672.2268201846,10
-1191176.9941932026,1822672.2268201846,10
-1190713.6814766752,1822672.2268201846,10
-1190250.3687601476,1822672.2268201846,10
-1189787.0560436202,1822672.2268201846,10
-1189323.7433270926,1822672.2268201846,10
-1188860.430610565,1822672.2268201846,10
-1188397.1178940376,1822672.2268201846,10
-1187933.80517751,1822672.2268201846,10
-1187470.4924609826,1822672.2268201846,10
-1187007.179744455,1822672.2268201846,10
-1186543.8670279277,1822672.2268201846,10
-1186080.5543114,1822672.2268201846,10
-1185617.2415948727,1822672.2268201846,10
-1185153.928878345,1822672.2268201846,10
-1184690.6161618177,1822672.2268201846,10
-1184227.30344529,1822672.2268201846,10
-1183763.9907287627,1822672.2268201846,10
-1183300.678012235,1822672.2268201846,10
-1182837.3652957077,1822672.2268201846,10
-1182374.05257918,1822672.2268201846,10
-1181910.7398626525,1822672.2268201846,10
-1181447.4271461251,1822672.2268201846,10
-1180984.1144295975,1822672.2268201846,10
-1180520.8017130701,1822672.2268201846,10
-1180057.4889965425,1822672.2268201846,10
-1179594.1762800151,1822672.2268201846,10
-1179130.8635634875,1822672.2268201846,10
-1178667.5508469602,1822672.2268201846,10
-1178204.2381304326,1822672.2268201846,10
-1177740.9254139052,1822672.2268201846,10
-1177277.6126973776,1822672.2268201846,10
-1176814.2999808502,1822672.2268201846,10
-1176350.9872643226,1822672.2268201846,10
-1175887.6745477952,1822672.2268201846,10
-1175424.3618312676,1822672.2268201846,10
-1174961.04911474,1822672.2268201846,10
-1174497.7363982126,1822672.2268201846,10
-1174034.4236816852,1822672.2268201846,10
-1173571.1109651576,1822672.2268201846,10
-1173107.79824863,1822672.2268201846,10
-1172644.4855321026,1822672.2268201846,10
-1172181.172815575,1822672.2268201846,10
-1171717.8600990477,1822672.2268201846,10
-1171254.54738252,1822672.2268201846,10
-1170791.2346659927,1822672.2268201846,10
-1170327.921949465,1822672.2268201846,10
-1169864.6092329377,1822672.2268201846,10
-1169401.29651641,1822672.2268201846,10
-1168937.9837998827,1822672.2268201846,10
-1168474.671083355,1822672.2268201846,10
-1168011.3583668275,1822672.2268201846,10
-1167548.0456503,1822672.2268201846,10
-1167084.7329337727,1822672.2268201846,10
-1166621.4202172451,1822672.2268201846,10
-1166158.1075007175,1822672.2268201846,10
-1165694.7947841901,1822672.2268201846,10
-1165231.4820676625,1822672.2268201846,10
-1164768.1693511351,1822672.2268201846,10
-1164304.8566346075,1822672.2268201846,10
-1163841.5439180802,1822672.2268201846,10
-1163378.2312015526,1822672.2268201846,10
-1162914.9184850252,1822672.2268201846,10
-1162451.6057684976,1822672.2268201846,10
-1161988.2930519702,1822672.2268201846,10
-1161524.9803354426,1822672.2268201846,10
-1161061.6676189152,1822672.2268201846,10
-1160598.3549023876,1822672.2268201846,10
-1160135.0421858602,1822672.2268201846,10
-1159671.7294693326,1822672.2268201846,10
-1159208.416752805,1822672.2268201846,10
-1158745.1040362776,1822672.2268201846,10
-1158281.79131975,1822672.2268201846,10
-1157818.4786032226,1822672.2268201846,10
-1157355.165886695,1822672.2268201846,10
-1156891.8531701677,1822672.2268201846,10
-1156428.54045364,1822672.2268201846,10
-1155965.2277371127,1822672.2268201846,10
-1155501.915020585,1822672.2268201846,10
-1155038.6023040577,1822672.2268201846,10
-1154575.28958753,1822672.2268201846,10
-1154111.9768710027,1822672.2268201846,10
-1153648.664154475,1822672.2268201846,10
-1324147.7438365952,1822208.9141036572,10
-1323684.4311200676,1822208.9141036572,10
-1323221.11840354,1822208.9141036572,10
-1322757.8056870126,1822208.9141036572,10
-1322294.492970485,1822208.9141036572,10
-1321831.1802539576,1822208.9141036572,16
-1321367.86753743,1822208.9141036572,10
-1320904.5548209026,1822208.9141036572,10
-1320441.242104375,1822208.9141036572,10
-1319977.9293878477,1822208.9141036572,16
-1319514.61667132,1822208.9141036572,16
-1319051.3039547927,1822208.9141036572,10
-1318587.991238265,1822208.9141036572,10
-1318124.6785217377,1822208.9141036572,10
-1317661.36580521,1822208.9141036572,16
-1317198.0530886827,1822208.9141036572,10
-1316734.740372155,1822208.9141036572,10
-1316271.4276556277,1822208.9141036572,16
-1315808.1149391,1822208.9141036572,16
-1315344.8022225727,1822208.9141036572,16
-1314881.4895060451,1822208.9141036572,16
-1314418.1767895175,1822208.9141036572,16
-1313954.8640729901,1822208.9141036572,16
-1313491.5513564625,1822208.9141036572,16
-1313028.2386399352,1822208.9141036572,16
-1312564.9259234075,1822208.9141036572,10
-1312101.6132068802,1822208.9141036572,10
-1311638.3004903526,1822208.9141036572,10
-1311174.9877738252,1822208.9141036572,10
-1310711.6750572976,1822208.9141036572,16
-1310248.3623407702,1822208.9141036572,16
-1309785.0496242426,1822208.9141036572,16
-1309321.7369077152,1822208.9141036572,16
-1308858.4241911876,1822208.9141036572,16
-1308395.1114746602,1822208.9141036572,16
-1307931.7987581326,1822208.9141036572,16
-1307468.486041605,1822208.9141036572,10
-1307005.1733250776,1822208.9141036572,16
-1306541.86060855,1822208.9141036572,16
-1306078.5478920226,1822208.9141036572,16
-1305615.235175495,1822208.9141036572,16
-1305151.9224589677,1822208.9141036572,16
-1304688.60974244,1822208.9141036572,16
-1304225.2970259127,1822208.9141036572,16
-1303761.984309385,1822208.9141036572,10
-1303298.6715928577,1822208.9141036572,10
-1302835.35887633,1822208.9141036572,10
-1302372.0461598027,1822208.9141036572,10
-1301908.733443275,1822208.9141036572,16
-1301445.4207267477,1822208.9141036572,16
-1300982.10801022,1822208.9141036572,16
-1300518.7952936925,1822208.9141036572,10
-1300055.4825771651,1822208.9141036572,10
-1299592.1698606375,1822208.9141036572,10
-1299128.8571441101,1822208.9141036572,10
-1298665.5444275825,1822208.9141036572,16
-1298202.2317110552,1822208.9141036572,16
-1297738.9189945275,1822208.9141036572,16
-1297275.6062780002,1822208.9141036572,16
-1296812.2935614726,1822208.9141036572,16
-1296348.9808449452,1822208.9141036572,10
-1295885.6681284176,1822208.9141036572,16
-1295422.3554118902,1822208.9141036572,16
-1294959.0426953626,1822208.9141036572,10
-1294495.7299788352,1822208.9141036572,10
-1294032.4172623076,1822208.9141036572,10
-1293569.10454578,1822208.9141036572,10
-1293105.7918292526,1822208.9141036572,10
-1292642.479112725,1822208.9141036572,10
-1292179.1663961976,1822208.9141036572,10
-1291715.85367967,1822208.9141036572,10
-1291252.5409631426,1822208.9141036572,10
-1290789.228246615,1822208.9141036572,10
-1290325.9155300877,1822208.9141036572,10
-1289862.60281356,1822208.9141036572,10
-1289399.2900970327,1822208.9141036572,10
-1288935.977380505,1822208.9141036572,10
-1288472.6646639777,1822208.9141036572,16
-1288009.35194745,1822208.9141036572,10
-1287546.0392309227,1822208.9141036572,16
-1287082.726514395,1822208.9141036572,16
-1286619.4137978677,1822208.9141036572,16
-1286156.10108134,1822208.9141036572,10
-1285692.7883648127,1822208.9141036572,16
-1285229.4756482851,1822208.9141036572,16
-1284766.1629317575,1822208.9141036572,16
-1284302.8502152301,1822208.9141036572,16
-1283839.5374987025,1822208.9141036572,10
-1283376.2247821752,1822208.9141036572,10
-1282912.9120656475,1822208.9141036572,10
-1282449.5993491202,1822208.9141036572,10
-1281986.2866325926,1822208.9141036572,10
-1281522.9739160652,1822208.9141036572,10
-1281059.6611995376,1822208.9141036572,10
-1280596.3484830102,1822208.9141036572,10
-1280133.0357664826,1822208.9141036572,10
-1279669.7230499552,1822208.9141036572,10
-1279206.4103334276,1822208.9141036572,10
-1278743.0976169002,1822208.9141036572,10
-1278279.7849003726,1822208.9141036572,10
-1277816.472183845,1822208.9141036572,10
-1277353.1594673176,1822208.9141036572,10
-1276889.84675079,1822208.9141036572,10
-1276426.5340342626,1822208.9141036572,10
-1275963.221317735,1822208.9141036572,7
-1275499.9086012077,1822208.9141036572,10
-1275036.59588468,1822208.9141036572,10
-1274573.2831681527,1822208.9141036572,10
-1274109.970451625,1822208.9141036572,10
-1273646.6577350977,1822208.9141036572,10
-1273183.34501857,1822208.9141036572,10
-1272720.0323020427,1822208.9141036572,10
-1272256.719585515,1822208.9141036572,10
-1271793.4068689877,1822208.9141036572,10
-1271330.09415246,1822208.9141036572,10
-1270866.7814359325,1822208.9141036572,10
-1270403.4687194051,1822208.9141036572,10
-1269940.1560028775,1822208.9141036572,10
-1269476.8432863501,1822208.9141036572,10
-1269013.5305698225,1822208.9141036572,10
-1268550.2178532952,1822208.9141036572,10
-1268086.9051367675,1822208.9141036572,10
-1267623.5924202402,1822208.9141036572,10
-1267160.2797037126,1822208.9141036572,10
-1266696.9669871852,1822208.9141036572,10
-1266233.6542706576,1822208.9141036572,10
-1265770.3415541302,1822208.9141036572,10
-1265307.0288376026,1822208.9141036572,10
-1264843.7161210752,1822208.9141036572,10
-1264380.4034045476,1822208.9141036572,10
-1263917.09068802,1822208.9141036572,10
-1263453.7779714926,1822208.9141036572,10
-1262990.465254965,1822208.9141036572,10
-1262527.1525384376,1822208.9141036572,10
-1262063.83982191,1822208.9141036572,10
-1261600.5271053826,1822208.9141036572,10
-1261137.214388855,1822208.9141036572,10
-1260673.9016723277,1822208.9141036572,10
-1260210.5889558,1822208.9141036572,10
-1259747.2762392727,1822208.9141036572,10
-1259283.963522745,1822208.9141036572,10
-1258820.6508062177,1822208.9141036572,10
-1258357.33808969,1822208.9141036572,10
-1257894.0253731627,1822208.9141036572,10
-1257430.712656635,1822208.9141036572,10
-1256967.3999401077,1822208.9141036572,10
-1256504.08722358,1822208.9141036572,10
-1256040.7745070527,1822208.9141036572,10
-1255577.4617905251,1822208.9141036572,10
-1255114.1490739975,1822208.9141036572,10
-1254650.8363574701,1822208.9141036572,10
-1254187.5236409425,1822208.9141036572,10
-1253724.2109244152,1822208.9141036572,10
-1253260.8982078875,1822208.9141036572,10
-1252797.5854913602,1822208.9141036572,10
-1252334.2727748326,1822208.9141036572,10
-1251870.9600583052,1822208.9141036572,10
-1251407.6473417776,1822208.9141036572,10
-1250944.3346252502,1822208.9141036572,10
-1250481.0219087226,1822208.9141036572,10
-1250017.7091921952,1822208.9141036572,10
-1249554.3964756676,1822208.9141036572,10
-1249091.0837591402,1822208.9141036572,10
-1248627.7710426126,1822208.9141036572,10
-1248164.458326085,1822208.9141036572,10
-1247701.1456095576,1822208.9141036572,10
-1247237.83289303,1822208.9141036572,10
-1246774.5201765026,1822208.9141036572,10
-1246311.207459975,1822208.9141036572,10
-1245847.8947434477,1822208.9141036572,10
-1245384.58202692,1822208.9141036572,10
-1244921.2693103927,1822208.9141036572,10
-1244457.956593865,1822208.9141036572,10
-1243994.6438773377,1822208.9141036572,10
-1243531.33116081,1822208.9141036572,10
-1243068.0184442827,1822208.9141036572,10
-1242604.705727755,1822208.9141036572,10
-1242141.3930112277,1822208.9141036572,10
-1241678.0802947,1822208.9141036572,10
-1241214.7675781725,1822208.9141036572,10
-1240751.4548616451,1822208.9141036572,10
-1240288.1421451175,1822208.9141036572,10
-1239824.8294285901,1822208.9141036572,10
-1239361.5167120625,1822208.9141036572,10
-1238898.2039955352,1822208.9141036572,10
-1238434.8912790075,1822208.9141036572,10
-1237971.5785624802,1822208.9141036572,10
-1237508.2658459526,1822208.9141036572,10
-1237044.9531294252,1822208.9141036572,10
-1236581.6404128976,1822208.9141036572,10
-1236118.3276963702,1822208.9141036572,10
-1235655.0149798426,1822208.9141036572,10
-1235191.7022633152,1822208.9141036572,10
-1234728.3895467876,1822208.9141036572,10
-1234265.07683026,1822208.9141036572,10
-1233801.7641137326,1822208.9141036572,10
-1233338.4513972052,1822208.9141036572,10
-1232875.1386806776,1822208.9141036572,10
-1232411.82596415,1822208.9141036572,10
-1231948.5132476226,1822208.9141036572,10
-1231485.200531095,1822208.9141036572,10
-1231021.8878145677,1822208.9141036572,10
-1230558.57509804,1822208.9141036572,10
-1230095.2623815127,1822208.9141036572,10
-1229631.949664985,1822208.9141036572,10
-1229168.6369484577,1822208.9141036572,10
-1228705.32423193,1822208.9141036572,10
-1228242.0115154027,1822208.9141036572,10
-1227778.698798875,1822208.9141036572,10
-1227315.3860823475,1822208.9141036572,10
-1226852.07336582,1822208.9141036572,10
-1226388.7606492927,1822208.9141036572,10
-1225925.4479327651,1822208.9141036572,10
-1225462.1352162375,1822208.9141036572,10
-1224998.8224997101,1822208.9141036572,10
-1224535.5097831825,1822208.9141036572,10
-1224072.1970666551,1822208.9141036572,10
-1223608.8843501275,1822208.9141036572,10
-1223145.5716336002,1822208.9141036572,10
-1222682.2589170726,1822208.9141036572,10
-1222218.9462005452,1822208.9141036572,10
-1221755.6334840176,1822208.9141036572,10
-1221292.3207674902,1822208.9141036572,10
-1220829.0080509626,1822208.9141036572,10
-1220365.6953344352,1822208.9141036572,10
-1219902.3826179076,1822208.9141036572,10
-1219439.0699013802,1822208.9141036572,10
-1218975.7571848526,1822208.9141036572,10
-1218512.444468325,1822208.9141036572,10
-1218049.1317517976,1822208.9141036572,10
-1217585.81903527,1822208.9141036572,10
-1217122.5063187426,1822208.9141036572,10
-1216659.193602215,1822208.9141036572,10
-1216195.8808856877,1822208.9141036572,10
-1215732.56816916,1822208.9141036572,10
-1215269.2554526327,1822208.9141036572,10
-1214805.942736105,1822208.9141036572,10
-1214342.6300195777,1822208.9141036572,10
-1213879.31730305,1822208.9141036572,10
-1213416.0045865227,1822208.9141036572,10
-1212952.691869995,1822208.9141036572,10
-1212489.3791534677,1822208.9141036572,10
-1212026.06643694,1822208.9141036572,10
-1211562.7537204125,1822208.9141036572,10
-1211099.4410038851,1822208.9141036572,10
-1210636.1282873575,1822208.9141036572,10
-1210172.8155708301,1822208.9141036572,10
-1209709.5028543025,1822208.9141036572,10
-1209246.1901377751,1822208.9141036572,10
-1208782.8774212475,1822208.9141036572,10
-1208319.5647047202,1822208.9141036572,10
-1207856.2519881926,1822208.9141036572,10
-1207392.9392716652,1822208.9141036572,10
-1206929.6265551376,1822208.9141036572,10
-1206466.3138386102,1822208.9141036572,10
-1206003.0011220826,1822208.9141036572,10
-1205539.6884055552,1822208.9141036572,10
-1205076.3756890276,1822208.9141036572,10
-1204613.0629725,1822208.9141036572,10
-1204149.7502559726,1822208.9141036572,10
-1203686.4375394452,1822208.9141036572,10
-1203223.1248229176,1822208.9141036572,10
-1202759.81210639,1822208.9141036572,10
-1202296.4993898626,1822208.9141036572,10
-1201833.186673335,1822208.9141036572,10
-1201369.8739568077,1822208.9141036572,10
-1200906.56124028,1822208.9141036572,10
-1200443.2485237527,1822208.9141036572,10
-1199979.935807225,1822208.9141036572,10
-1199516.6230906977,1822208.9141036572,10
-1199053.31037417,1822208.9141036572,10
-1198589.9976576427,1822208.9141036572,10
-1198126.684941115,1822208.9141036572,10
-1197663.3722245875,1822208.9141036572,10
-1197200.05950806,1822208.9141036572,10
-1196736.7467915327,1822208.9141036572,10
-1196273.4340750051,1822208.9141036572,10
-1195810.1213584775,1822208.9141036572,10
-1195346.8086419501,1822208.9141036572,10
-1194883.4959254225,1822208.9141036572,10
-1194420.1832088951,1822208.9141036572,10
-1193956.8704923675,1822208.9141036572,10
-1193493.5577758402,1822208.9141036572,10
-1193030.2450593126,1822208.9141036572,10
-1192566.9323427852,1822208.9141036572,10
-1192103.6196262576,1822208.9141036572,10
-1191640.3069097302,1822208.9141036572,10
-1191176.9941932026,1822208.9141036572,10
-1190713.6814766752,1822208.9141036572,10
-1190250.3687601476,1822208.9141036572,10
-1189787.0560436202,1822208.9141036572,10
-1189323.7433270926,1822208.9141036572,10
-1188860.430610565,1822208.9141036572,10
-1188397.1178940376,1822208.9141036572,10
-1187933.80517751,1822208.9141036572,10
-1187470.4924609826,1822208.9141036572,10
-1187007.179744455,1822208.9141036572,10
-1186543.8670279277,1822208.9141036572,10
-1186080.5543114,1822208.9141036572,10
-1185617.2415948727,1822208.9141036572,10
-1185153.928878345,1822208.9141036572,10
-1184690.6161618177,1822208.9141036572,10
-1184227.30344529,1822208.9141036572,10
-1183763.9907287627,1822208.9141036572,10
-1183300.678012235,1822208.9141036572,10
-1182837.3652957077,1822208.9141036572,10
-1182374.05257918,1822208.9141036572,10
-1181910.7398626525,1822208.9141036572,10
-1181447.4271461251,1822208.9141036572,10
-1180984.1144295975,1822208.9141036572,10
-1180520.8017130701,1822208.9141036572,10
-1180057.4889965425,1822208.9141036572,10
-1179594.1762800151,1822208.9141036572,10
-1179130.8635634875,1822208.9141036572,10
-1178667.5508469602,1822208.9141036572,10
-1178204.2381304326,1822208.9141036572,10
-1177740.9254139052,1822208.9141036572,10
-1177277.6126973776,1822208.9141036572,10
-1176814.2999808502,1822208.9141036572,10
-1176350.9872643226,1822208.9141036572,10
-1175887.6745477952,1822208.9141036572,10
-1175424.3618312676,1822208.9141036572,10
-1174961.04911474,1822208.9141036572,10
-1174497.7363982126,1822208.9141036572,10
-1174034.4236816852,1822208.9141036572,10
-1173571.1109651576,1822208.9141036572,10
-1173107.79824863,1822208.9141036572,10
-1172644.4855321026,1822208.9141036572,10
-1172181.172815575,1822208.9141036572,10
-1171717.8600990477,1822208.9141036572,10
-1171254.54738252,1822208.9141036572,10
-1170791.2346659927,1822208.9141036572,10
-1170327.921949465,1822208.9141036572,10
-1169864.6092329377,1822208.9141036572,10
-1169401.29651641,1822208.9141036572,10
-1168937.9837998827,1822208.9141036572,10
-1168474.671083355,1822208.9141036572,10
-1168011.3583668275,1822208.9141036572,10
-1167548.0456503,1822208.9141036572,10
-1167084.7329337727,1822208.9141036572,10
-1166621.4202172451,1822208.9141036572,10
-1166158.1075007175,1822208.9141036572,10
-1165694.7947841901,1822208.9141036572,10
-1165231.4820676625,1822208.9141036572,10
-1164768.1693511351,1822208.9141036572,10
-1164304.8566346075,1822208.9141036572,10
-1163841.5439180802,1822208.9141036572,10
-1163378.2312015526,1822208.9141036572,10
-1162914.9184850252,1822208.9141036572,10
-1162451.6057684976,1822208.9141036572,10
-1161988.2930519702,1822208.9141036572,10
-1161524.9803354426,1822208.9141036572,10
-1161061.6676189152,1822208.9141036572,10
-1160598.3549023876,1822208.9141036572,10
-1160135.0421858602,1822208.9141036572,10
-1159671.7294693326,1822208.9141036572,10
-1159208.416752805,1822208.9141036572,10
-1158745.1040362776,1822208.9141036572,10
-1158281.79131975,1822208.9141036572,10
-1157818.4786032226,1822208.9141036572,10
-1157355.165886695,1822208.9141036572,10
-1156891.8531701677,1822208.9141036572,10
-1156428.54045364,1822208.9141036572,10
-1155965.2277371127,1822208.9141036572,10
-1155501.915020585,1822208.9141036572,10
-1155038.6023040577,1822208.9141036572,10
-1154575.28958753,1822208.9141036572,10
-1154111.9768710027,1822208.9141036572,10
-1153648.664154475,1822208.9141036572,10
-1324611.0565531226,1821745.6013871296,10
-1324147.7438365952,1821745.6013871296,10
-1323684.4311200676,1821745.6013871296,10
-1323221.11840354,1821745.6013871296,10
-1322757.8056870126,1821745.6013871296,16
-1322294.492970485,1821745.6013871296,16
-1321831.1802539576,1821745.6013871296,16
-1321367.86753743,1821745.6013871296,16
-1320904.5548209026,1821745.6013871296,16
-1320441.242104375,1821745.6013871296,16
-1319977.9293878477,1821745.6013871296,16
-1319514.61667132,1821745.6013871296,16
-1319051.3039547927,1821745.6013871296,16
-1318587.991238265,1821745.6013871296,16
-1318124.6785217377,1821745.6013871296,16
-1317661.36580521,1821745.6013871296,16
-1317198.0530886827,1821745.6013871296,10
-1316734.740372155,1821745.6013871296,10
-1316271.4276556277,1821745.6013871296,16
-1315808.1149391,1821745.6013871296,16
-1315344.8022225727,1821745.6013871296,16
-1314881.4895060451,1821745.6013871296,16
-1314418.1767895175,1821745.6013871296,16
-1313954.8640729901,1821745.6013871296,16
-1313491.5513564625,1821745.6013871296,16
-1313028.2386399352,1821745.6013871296,16
-1312564.9259234075,1821745.6013871296,10
-1312101.6132068802,1821745.6013871296,10
-1311638.3004903526,1821745.6013871296,10
-1311174.9877738252,1821745.6013871296,10
-1310711.6750572976,1821745.6013871296,10
-1310248.3623407702,1821745.6013871296,16
-1309785.0496242426,1821745.6013871296,16
-1309321.7369077152,1821745.6013871296,16
-1308858.4241911876,1821745.6013871296,16
-1308395.1114746602,1821745.6013871296,16
-1307931.7987581326,1821745.6013871296,16
-1307468.486041605,1821745.6013871296,10
-1307005.1733250776,1821745.6013871296,10
-1306541.86060855,1821745.6013871296,10
-1306078.5478920226,1821745.6013871296,16
-1305615.235175495,1821745.6013871296,16
-1305151.9224589677,1821745.6013871296,16
-1304688.60974244,1821745.6013871296,16
-1304225.2970259127,1821745.6013871296,16
-1303761.984309385,1821745.6013871296,10
-1303298.6715928577,1821745.6013871296,10
-1302835.35887633,1821745.6013871296,10
-1302372.0461598027,1821745.6013871296,10
-1301908.733443275,1821745.6013871296,16
-1301445.4207267477,1821745.6013871296,16
-1300982.10801022,1821745.6013871296,16
-1300518.7952936925,1821745.6013871296,10
-1300055.4825771651,1821745.6013871296,10
-1299592.1698606375,1821745.6013871296,10
-1299128.8571441101,1821745.6013871296,10
-1298665.5444275825,1821745.6013871296,16
-1298202.2317110552,1821745.6013871296,16
-1297738.9189945275,1821745.6013871296,16
-1297275.6062780002,1821745.6013871296,10
-1296812.2935614726,1821745.6013871296,10
-1296348.9808449452,1821745.6013871296,10
-1295885.6681284176,1821745.6013871296,10
-1295422.3554118902,1821745.6013871296,10
-1294959.0426953626,1821745.6013871296,10
-1294495.7299788352,1821745.6013871296,10
-1294032.4172623076,1821745.6013871296,10
-1293569.10454578,1821745.6013871296,10
-1293105.7918292526,1821745.6013871296,10
-1292642.479112725,1821745.6013871296,10
-1292179.1663961976,1821745.6013871296,10
-1291715.85367967,1821745.6013871296,10
-1291252.5409631426,1821745.6013871296,10
-1290789.228246615,1821745.6013871296,10
-1290325.9155300877,1821745.6013871296,10
-1289862.60281356,1821745.6013871296,10
-1289399.2900970327,1821745.6013871296,16
-1288935.977380505,1821745.6013871296,10
-1288472.6646639777,1821745.6013871296,10
-1288009.35194745,1821745.6013871296,16
-1287546.0392309227,1821745.6013871296,16
-1287082.726514395,1821745.6013871296,10
-1286619.4137978677,1821745.6013871296,10
-1286156.10108134,1821745.6013871296,16
-1285692.7883648127,1821745.6013871296,16
-1285229.4756482851,1821745.6013871296,16
-1284766.1629317575,1821745.6013871296,16
-1284302.8502152301,1821745.6013871296,16
-1283839.5374987025,1821745.6013871296,16
-1283376.2247821752,1821745.6013871296,10
-1282912.9120656475,1821745.6013871296,10
-1282449.5993491202,1821745.6013871296,10
-1281986.2866325926,1821745.6013871296,10
-1281522.9739160652,1821745.6013871296,10
-1281059.6611995376,1821745.6013871296,10
-1280596.3484830102,1821745.6013871296,10
-1280133.0357664826,1821745.6013871296,10
-1279669.7230499552,1821745.6013871296,10
-1279206.4103334276,1821745.6013871296,10
-1278743.0976169002,1821745.6013871296,10
-1278279.7849003726,1821745.6013871296,10
-1277816.472183845,1821745.6013871296,10
-1277353.1594673176,1821745.6013871296,10
-1276889.84675079,1821745.6013871296,10
-1276426.5340342626,1821745.6013871296,10
-1275963.221317735,1821745.6013871296,10
-1275499.9086012077,1821745.6013871296,10
-1275036.59588468,1821745.6013871296,10
-1274573.2831681527,1821745.6013871296,10
-1274109.970451625,1821745.6013871296,10
-1273646.6577350977,1821745.6013871296,10
-1273183.34501857,1821745.6013871296,10
-1272720.0323020427,1821745.6013871296,10
-1272256.719585515,1821745.6013871296,10
-1271793.4068689877,1821745.6013871296,10
-1271330.09415246,1821745.6013871296,10
-1270866.7814359325,1821745.6013871296,10
-1270403.4687194051,1821745.6013871296,10
-1269940.1560028775,1821745.6013871296,10
-1269476.8432863501,1821745.6013871296,10
-1269013.5305698225,1821745.6013871296,10
-1268550.2178532952,1821745.6013871296,10
-1268086.9051367675,1821745.6013871296,10
-1267623.5924202402,1821745.6013871296,10
-1267160.2797037126,1821745.6013871296,10
-1266696.9669871852,1821745.6013871296,10
-1266233.6542706576,1821745.6013871296,10
-1265770.3415541302,1821745.6013871296,10
-1265307.0288376026,1821745.6013871296,10
-1264843.7161210752,1821745.6013871296,7
-1264380.4034045476,1821745.6013871296,10
-1263917.09068802,1821745.6013871296,10
-1263453.7779714926,1821745.6013871296,10
-1262990.465254965,1821745.6013871296,10
-1262527.1525384376,1821745.6013871296,10
-1262063.83982191,1821745.6013871296,10
-1261600.5271053826,1821745.6013871296,10
-1261137.214388855,1821745.6013871296,10
-1260673.9016723277,1821745.6013871296,10
-1260210.5889558,1821745.6013871296,10
-1259747.2762392727,1821745.6013871296,10
-1259283.963522745,1821745.6013871296,10
-1258820.6508062177,1821745.6013871296,10
-1258357.33808969,1821745.6013871296,10
-1257894.0253731627,1821745.6013871296,10
-1257430.712656635,1821745.6013871296,10
-1256967.3999401077,1821745.6013871296,10
-1256504.08722358,1821745.6013871296,10
-1256040.7745070527,1821745.6013871296,10
-1255577.4617905251,1821745.6013871296,10
-1255114.1490739975,1821745.6013871296,10
-1254650.8363574701,1821745.6013871296,10
-1254187.5236409425,1821745.6013871296,10
-1253724.2109244152,1821745.6013871296,10
-1253260.8982078875,1821745.6013871296,10
-1252797.5854913602,1821745.6013871296,10
-1252334.2727748326,1821745.6013871296,10
-1251870.9600583052,1821745.6013871296,10
-1251407.6473417776,1821745.6013871296,10
-1250944.3346252502,1821745.6013871296,10
-1250481.0219087226,1821745.6013871296,10
-1250017.7091921952,1821745.6013871296,10
-1249554.3964756676,1821745.6013871296,10
-1249091.0837591402,1821745.6013871296,10
-1248627.7710426126,1821745.6013871296,10
-1248164.458326085,1821745.6013871296,10
-1247701.1456095576,1821745.6013871296,10
-1247237.83289303,1821745.6013871296,10
-1246774.5201765026,1821745.6013871296,10
-1246311.207459975,1821745.6013871296,10
-1245847.8947434477,1821745.6013871296,10
-1245384.58202692,1821745.6013871296,10
-1244921.2693103927,1821745.6013871296,10
-1244457.956593865,1821745.6013871296,10
-1243994.6438773377,1821745.6013871296,10
-1243531.33116081,1821745.6013871296,10
-1243068.0184442827,1821745.6013871296,10
-1242604.705727755,1821745.6013871296,10
-1242141.3930112277,1821745.6013871296,10
-1241678.0802947,1821745.6013871296,10
-1241214.7675781725,1821745.6013871296,10
-1240751.4548616451,1821745.6013871296,10
-1240288.1421451175,1821745.6013871296,10
-1239824.8294285901,1821745.6013871296,10
-1239361.5167120625,1821745.6013871296,10
-1238898.2039955352,1821745.6013871296,10
-1238434.8912790075,1821745.6013871296,10
-1237971.5785624802,1821745.6013871296,10
-1237508.2658459526,1821745.6013871296,10
-1237044.9531294252,1821745.6013871296,10
-1236581.6404128976,1821745.6013871296,10
-1236118.3276963702,1821745.6013871296,10
-1235655.0149798426,1821745.6013871296,10
-1235191.7022633152,1821745.6013871296,10
-1234728.3895467876,1821745.6013871296,10
-1234265.07683026,1821745.6013871296,10
-1233801.7641137326,1821745.6013871296,10
-1233338.4513972052,1821745.6013871296,10
-1232875.1386806776,1821745.6013871296,10
-1232411.82596415,1821745.6013871296,10
-1231948.5132476226,1821745.6013871296,10
-1231485.200531095,1821745.6013871296,10
-1231021.8878145677,1821745.6013871296,10
-1230558.57509804,1821745.6013871296,10
-1230095.2623815127,1821745.6013871296,10
-1229631.949664985,1821745.6013871296,10
-1229168.6369484577,1821745.6013871296,10
-1228705.32423193,1821745.6013871296,10
-1228242.0115154027,1821745.6013871296,10
-1227778.698798875,1821745.6013871296,10
-1227315.3860823475,1821745.6013871296,10
-1226852.07336582,1821745.6013871296,10
-1226388.7606492927,1821745.6013871296,10
-1225925.4479327651,1821745.6013871296,10
-1225462.1352162375,1821745.6013871296,10
-1224998.8224997101,1821745.6013871296,10
-1224535.5097831825,1821745.6013871296,10
-1224072.1970666551,1821745.6013871296,10
-1223608.8843501275,1821745.6013871296,10
-1223145.5716336002,1821745.6013871296,10
-1222682.2589170726,1821745.6013871296,10
-1222218.9462005452,1821745.6013871296,10
-1221755.6334840176,1821745.6013871296,10
-1221292.3207674902,1821745.6013871296,10
-1220829.0080509626,1821745.6013871296,10
-1220365.6953344352,1821745.6013871296,10
-1219902.3826179076,1821745.6013871296,10
-1219439.0699013802,1821745.6013871296,10
-1218975.7571848526,1821745.6013871296,10
-1218512.444468325,1821745.6013871296,10
-1218049.1317517976,1821745.6013871296,10
-1217585.81903527,1821745.6013871296,10
-1217122.5063187426,1821745.6013871296,10
-1216659.193602215,1821745.6013871296,10
-1216195.8808856877,1821745.6013871296,10
-1215732.56816916,1821745.6013871296,10
-1215269.2554526327,1821745.6013871296,10
-1214805.942736105,1821745.6013871296,10
-1214342.6300195777,1821745.6013871296,10
-1213879.31730305,1821745.6013871296,10
-1213416.0045865227,1821745.6013871296,10
-1212952.691869995,1821745.6013871296,10
-1212489.3791534677,1821745.6013871296,10
-1212026.06643694,1821745.6013871296,10
-1211562.7537204125,1821745.6013871296,10
-1211099.4410038851,1821745.6013871296,10
-1210636.1282873575,1821745.6013871296,10
-1210172.8155708301,1821745.6013871296,10
-1209709.5028543025,1821745.6013871296,10
-1209246.1901377751,1821745.6013871296,10
-1208782.8774212475,1821745.6013871296,10
-1208319.5647047202,1821745.6013871296,10
-1207856.2519881926,1821745.6013871296,10
-1207392.9392716652,1821745.6013871296,10
-1206929.6265551376,1821745.6013871296,10
-1206466.3138386102,1821745.6013871296,10
-1206003.0011220826,1821745.6013871296,10
-1205539.6884055552,1821745.6013871296,10
-1205076.3756890276,1821745.6013871296,10
-1204613.0629725,1821745.6013871296,10
-1204149.7502559726,1821745.6013871296,10
-1203686.4375394452,1821745.6013871296,10
-1203223.1248229176,1821745.6013871296,10
-1202759.81210639,1821745.6013871296,10
-1202296.4993898626,1821745.6013871296,10
-1201833.186673335,1821745.6013871296,10
-1201369.8739568077,1821745.6013871296,10
-1200906.56124028,1821745.6013871296,10
-1200443.2485237527,1821745.6013871296,10
-1199979.935807225,1821745.6013871296,10
-1199516.6230906977,1821745.6013871296,10
-1199053.31037417,1821745.6013871296,10
-1198589.9976576427,1821745.6013871296,10
-1198126.684941115,1821745.6013871296,10
-1197663.3722245875,1821745.6013871296,10
-1197200.05950806,1821745.6013871296,10
-1196736.7467915327,1821745.6013871296,10
-1196273.4340750051,1821745.6013871296,10
-1195810.1213584775,1821745.6013871296,10
-1195346.8086419501,1821745.6013871296,10
-1194883.4959254225,1821745.6013871296,10
-1194420.1832088951,1821745.6013871296,10
-1193956.8704923675,1821745.6013871296,10
-1193493.5577758402,1821745.6013871296,10
-1193030.2450593126,1821745.6013871296,10
-1192566.9323427852,1821745.6013871296,10
-1192103.6196262576,1821745.6013871296,10
-1191640.3069097302,1821745.6013871296,10
-1191176.9941932026,1821745.6013871296,10
-1190713.6814766752,1821745.6013871296,10
-1190250.3687601476,1821745.6013871296,10
-1189787.0560436202,1821745.6013871296,10
-1189323.7433270926,1821745.6013871296,10
-1188860.430610565,1821745.6013871296,10
-1188397.1178940376,1821745.6013871296,10
-1187933.80517751,1821745.6013871296,10
-1187470.4924609826,1821745.6013871296,10
-1187007.179744455,1821745.6013871296,10
-1186543.8670279277,1821745.6013871296,10
-1186080.5543114,1821745.6013871296,10
-1185617.2415948727,1821745.6013871296,10
-1185153.928878345,1821745.6013871296,10
-1184690.6161618177,1821745.6013871296,10
-1184227.30344529,1821745.6013871296,10
-1183763.9907287627,1821745.6013871296,10
-1183300.678012235,1821745.6013871296,10
-1182837.3652957077,1821745.6013871296,10
-1182374.05257918,1821745.6013871296,10
-1181910.7398626525,1821745.6013871296,10
-1181447.4271461251,1821745.6013871296,10
-1180984.1144295975,1821745.6013871296,10
-1180520.8017130701,1821745.6013871296,10
-1180057.4889965425,1821745.6013871296,10
-1179594.1762800151,1821745.6013871296,10
-1179130.8635634875,1821745.6013871296,10
-1178667.5508469602,1821745.6013871296,10
-1178204.2381304326,1821745.6013871296,10
-1177740.9254139052,1821745.6013871296,10
-1177277.6126973776,1821745.6013871296,10
-1176814.2999808502,1821745.6013871296,10
-1176350.9872643226,1821745.6013871296,10
-1175887.6745477952,1821745.6013871296,10
-1175424.3618312676,1821745.6013871296,10
-1174961.04911474,1821745.6013871296,10
-1174497.7363982126,1821745.6013871296,10
-1174034.4236816852,1821745.6013871296,10
-1173571.1109651576,1821745.6013871296,10
-1173107.79824863,1821745.6013871296,10
-1172644.4855321026,1821745.6013871296,10
-1172181.172815575,1821745.6013871296,10
-1171717.8600990477,1821745.6013871296,10
-1171254.54738252,1821745.6013871296,10
-1170791.2346659927,1821745.6013871296,10
-1170327.921949465,1821745.6013871296,10
-1169864.6092329377,1821745.6013871296,10
-1169401.29651641,1821745.6013871296,10
-1168937.9837998827,1821745.6013871296,10
-1168474.671083355,1821745.6013871296,10
-1168011.3583668275,1821745.6013871296,10
-1167548.0456503,1821745.6013871296,10
-1167084.7329337727,1821745.6013871296,10
-1166621.4202172451,1821745.6013871296,10
-1166158.1075007175,1821745.6013871296,10
-1165694.7947841901,1821745.6013871296,10
-1165231.4820676625,1821745.6013871296,10
-1164768.1693511351,1821745.6013871296,10
-1164304.8566346075,1821745.6013871296,10
-1163841.5439180802,1821745.6013871296,10
-1163378.2312015526,1821745.6013871296,10
-1162914.9184850252,1821745.6013871296,10
-1162451.6057684976,1821745.6013871296,10
-1161988.2930519702,1821745.6013871296,10
-1161524.9803354426,1821745.6013871296,10
-1161061.6676189152,1821745.6013871296,10
-1160598.3549023876,1821745.6013871296,10
-1160135.0421858602,1821745.6013871296,10
-1159671.7294693326,1821745.6013871296,10
-1159208.416752805,1821745.6013871296,10
-1158745.1040362776,1821745.6013871296,10
-1158281.79131975,1821745.6013871296,10
-1157818.4786032226,1821745.6013871296,10
-1157355.165886695,1821745.6013871296,10
-1156891.8531701677,1821745.6013871296,10
-1156428.54045364,1821745.6013871296,10
-1155965.2277371127,1821745.6013871296,10
-1155501.915020585,1821745.6013871296,10
-1155038.6023040577,1821745.6013871296,10
-1154575.28958753,1821745.6013871296,10
-1154111.9768710027,1821745.6013871296,10
-1153648.664154475,1821745.6013871296,10
-1324611.0565531226,1821282.2886706023,10
-1324147.7438365952,1821282.2886706023,10
-1323684.4311200676,1821282.2886706023,10
-1323221.11840354,1821282.2886706023,16
-1322757.8056870126,1821282.2886706023,16
-1322294.492970485,1821282.2886706023,16
-1321831.1802539576,1821282.2886706023,16
-1321367.86753743,1821282.2886706023,16
-1320904.5548209026,1821282.2886706023,16
-1320441.242104375,1821282.2886706023,16
-1319977.9293878477,1821282.2886706023,16
-1319514.61667132,1821282.2886706023,16
-1319051.3039547927,1821282.2886706023,16
-1318587.991238265,1821282.2886706023,16
-1318124.6785217377,1821282.2886706023,16
-1317661.36580521,1821282.2886706023,16
-1317198.0530886827,1821282.2886706023,10
-1316734.740372155,1821282.2886706023,10
-1316271.4276556277,1821282.2886706023,16
-1315808.1149391,1821282.2886706023,16
-1315344.8022225727,1821282.2886706023,16
-1314881.4895060451,1821282.2886706023,16
-1314418.1767895175,1821282.2886706023,16
-1313954.8640729901,1821282.2886706023,16
-1313491.5513564625,1821282.2886706023,16
-1313028.2386399352,1821282.2886706023,10
-1312564.9259234075,1821282.2886706023,10
-1312101.6132068802,1821282.2886706023,16
-1311638.3004903526,1821282.2886706023,16
-1311174.9877738252,1821282.2886706023,16
-1310711.6750572976,1821282.2886706023,10
-1310248.3623407702,1821282.2886706023,10
-1309785.0496242426,1821282.2886706023,10
-1309321.7369077152,1821282.2886706023,16
-1308858.4241911876,1821282.2886706023,16
-1308395.1114746602,1821282.2886706023,16
-1307931.7987581326,1821282.2886706023,16
-1307468.486041605,1821282.2886706023,10
-1307005.1733250776,1821282.2886706023,10
-1306541.86060855,1821282.2886706023,10
-1306078.5478920226,1821282.2886706023,16
-1305615.235175495,1821282.2886706023,16
-1305151.9224589677,1821282.2886706023,16
-1304688.60974244,1821282.2886706023,16
-1304225.2970259127,1821282.2886706023,16
-1303761.984309385,1821282.2886706023,16
-1303298.6715928577,1821282.2886706023,16
-1302835.35887633,1821282.2886706023,10
-1302372.0461598027,1821282.2886706023,10
-1301908.733443275,1821282.2886706023,16
-1301445.4207267477,1821282.2886706023,16
-1300982.10801022,1821282.2886706023,16
-1300518.7952936925,1821282.2886706023,10
-1300055.4825771651,1821282.2886706023,10
-1299592.1698606375,1821282.2886706023,10
-1299128.8571441101,1821282.2886706023,10
-1298665.5444275825,1821282.2886706023,16
-1298202.2317110552,1821282.2886706023,16
-1297738.9189945275,1821282.2886706023,16
-1297275.6062780002,1821282.2886706023,10
-1296812.2935614726,1821282.2886706023,10
-1296348.9808449452,1821282.2886706023,10
-1295885.6681284176,1821282.2886706023,10
-1295422.3554118902,1821282.2886706023,10
-1294959.0426953626,1821282.2886706023,10
-1294495.7299788352,1821282.2886706023,10
-1294032.4172623076,1821282.2886706023,10
-1293569.10454578,1821282.2886706023,10
-1293105.7918292526,1821282.2886706023,10
-1292642.479112725,1821282.2886706023,10
-1292179.1663961976,1821282.2886706023,10
-1291715.85367967,1821282.2886706023,10
-1291252.5409631426,1821282.2886706023,10
-1290789.228246615,1821282.2886706023,10
-1290325.9155300877,1821282.2886706023,10
-1289862.60281356,1821282.2886706023,10
-1289399.2900970327,1821282.2886706023,10
-1288935.977380505,1821282.2886706023,10
-1288472.6646639777,1821282.2886706023,10
-1288009.35194745,1821282.2886706023,16
-1287546.0392309227,1821282.2886706023,16
-1287082.726514395,1821282.2886706023,10
-1286619.4137978677,1821282.2886706023,16
-1286156.10108134,1821282.2886706023,16
-1285692.7883648127,1821282.2886706023,16
-1285229.4756482851,1821282.2886706023,16
-1284766.1629317575,1821282.2886706023,16
-1284302.8502152301,1821282.2886706023,16
-1283839.5374987025,1821282.2886706023,16
-1283376.2247821752,1821282.2886706023,10
-1282912.9120656475,1821282.2886706023,10
-1282449.5993491202,1821282.2886706023,10
-1281986.2866325926,1821282.2886706023,10
-1281522.9739160652,1821282.2886706023,10
-1281059.6611995376,1821282.2886706023,10
-1280596.3484830102,1821282.2886706023,10
-1280133.0357664826,1821282.2886706023,10
-1279669.7230499552,1821282.2886706023,10
-1279206.4103334276,1821282.2886706023,10
-1278743.0976169002,1821282.2886706023,10
-1278279.7849003726,1821282.2886706023,10
-1277816.472183845,1821282.2886706023,10
-1277353.1594673176,1821282.2886706023,10
-1276889.84675079,1821282.2886706023,10
-1276426.5340342626,1821282.2886706023,10
-1275963.221317735,1821282.2886706023,10
-1275499.9086012077,1821282.2886706023,10
-1275036.59588468,1821282.2886706023,10
-1274573.2831681527,1821282.2886706023,10
-1274109.970451625,1821282.2886706023,10
-1273646.6577350977,1821282.2886706023,10
-1273183.34501857,1821282.2886706023,10
-1272720.0323020427,1821282.2886706023,10
-1272256.719585515,1821282.2886706023,10
-1271793.4068689877,1821282.2886706023,10
-1271330.09415246,1821282.2886706023,10
-1270866.7814359325,1821282.2886706023,10
-1270403.4687194051,1821282.2886706023,10
-1269940.1560028775,1821282.2886706023,10
-1269476.8432863501,1821282.2886706023,10
-1269013.5305698225,1821282.2886706023,10
-1268550.2178532952,1821282.2886706023,10
-1268086.9051367675,1821282.2886706023,10
-1267623.5924202402,1821282.2886706023,10
-1267160.2797037126,1821282.2886706023,10
-1266696.9669871852,1821282.2886706023,10
-1266233.6542706576,1821282.2886706023,10
-1265770.3415541302,1821282.2886706023,10
-1265307.0288376026,1821282.2886706023,10
-1264843.7161210752,1821282.2886706023,10
-1264380.4034045476,1821282.2886706023,10
-1263917.09068802,1821282.2886706023,10
-1263453.7779714926,1821282.2886706023,10
-1262990.465254965,1821282.2886706023,10
-1262527.1525384376,1821282.2886706023,10
-1262063.83982191,1821282.2886706023,10
-1261600.5271053826,1821282.2886706023,10
-1261137.214388855,1821282.2886706023,10
-1260673.9016723277,1821282.2886706023,10
-1260210.5889558,1821282.2886706023,10
-1259747.2762392727,1821282.2886706023,10
-1259283.963522745,1821282.2886706023,10
-1258820.6508062177,1821282.2886706023,10
-1258357.33808969,1821282.2886706023,10
-1257894.0253731627,1821282.2886706023,10
-1257430.712656635,1821282.2886706023,10
-1256967.3999401077,1821282.2886706023,10
-1256504.08722358,1821282.2886706023,10
-1256040.7745070527,1821282.2886706023,10
-1255577.4617905251,1821282.2886706023,10
-1255114.1490739975,1821282.2886706023,10
-1254650.8363574701,1821282.2886706023,10
-1254187.5236409425,1821282.2886706023,10
-1253724.2109244152,1821282.2886706023,10
-1253260.8982078875,1821282.2886706023,10
-1252797.5854913602,1821282.2886706023,10
-1252334.2727748326,1821282.2886706023,10
-1251870.9600583052,1821282.2886706023,10
-1251407.6473417776,1821282.2886706023,10
-1250944.3346252502,1821282.2886706023,10
-1250481.0219087226,1821282.2886706023,10
-1250017.7091921952,1821282.2886706023,10
-1249554.3964756676,1821282.2886706023,10
-1249091.0837591402,1821282.2886706023,10
-1248627.7710426126,1821282.2886706023,10
-1248164.458326085,1821282.2886706023,10
-1247701.1456095576,1821282.2886706023,10
-1247237.83289303,1821282.2886706023,10
-1246774.5201765026,1821282.2886706023,10
-1246311.207459975,1821282.2886706023,10
-1245847.8947434477,1821282.2886706023,10
-1245384.58202692,1821282.2886706023,10
-1244921.2693103927,1821282.2886706023,10
-1244457.956593865,1821282.2886706023,10
-1243994.6438773377,1821282.2886706023,10
-1243531.33116081,1821282.2886706023,10
-1243068.0184442827,1821282.2886706023,10
-1242604.705727755,1821282.2886706023,10
-1242141.3930112277,1821282.2886706023,10
-1241678.0802947,1821282.2886706023,10
-1241214.7675781725,1821282.2886706023,10
-1240751.4548616451,1821282.2886706023,10
-1240288.1421451175,1821282.2886706023,10
-1239824.8294285901,1821282.2886706023,10
-1239361.5167120625,1821282.2886706023,10
-1238898.2039955352,1821282.2886706023,10
-1238434.8912790075,1821282.2886706023,10
-1237971.5785624802,1821282.2886706023,10
-1237508.2658459526,1821282.2886706023,10
-1237044.9531294252,1821282.2886706023,10
-1236581.6404128976,1821282.2886706023,10
-1236118.3276963702,1821282.2886706023,10
-1235655.0149798426,1821282.2886706023,10
-1235191.7022633152,1821282.2886706023,10
-1234728.3895467876,1821282.2886706023,10
-1234265.07683026,1821282.2886706023,10
-1233801.7641137326,1821282.2886706023,10
-1233338.4513972052,1821282.2886706023,10
-1232875.1386806776,1821282.2886706023,10
-1232411.82596415,1821282.2886706023,10
-1231948.5132476226,1821282.2886706023,10
-1231485.200531095,1821282.2886706023,10
-1231021.8878145677,1821282.2886706023,10
-1230558.57509804,1821282.2886706023,10
-1230095.2623815127,1821282.2886706023,10
-1229631.949664985,1821282.2886706023,10
-1229168.6369484577,1821282.2886706023,10
-1228705.32423193,1821282.2886706023,10
-1228242.0115154027,1821282.2886706023,10
-1227778.698798875,1821282.2886706023,10
-1227315.3860823475,1821282.2886706023,10
-1226852.07336582,1821282.2886706023,10
-1226388.7606492927,1821282.2886706023,10
-1225925.4479327651,1821282.2886706023,10
-1225462.1352162375,1821282.2886706023,10
-1224998.8224997101,1821282.2886706023,10
-1224535.5097831825,1821282.2886706023,10
-1224072.1970666551,1821282.2886706023,10
-1223608.8843501275,1821282.2886706023,10
-1223145.5716336002,1821282.2886706023,10
-1222682.2589170726,1821282.2886706023,10
-1222218.9462005452,1821282.2886706023,10
-1221755.6334840176,1821282.2886706023,10
-1221292.3207674902,1821282.2886706023,10
-1220829.0080509626,1821282.2886706023,10
-1220365.6953344352,1821282.2886706023,10
-1219902.3826179076,1821282.2886706023,10
-1219439.0699013802,1821282.2886706023,10
-1218975.7571848526,1821282.2886706023,10
-1218512.444468325,1821282.2886706023,10
-1218049.1317517976,1821282.2886706023,10
-1217585.81903527,1821282.2886706023,10
-1217122.5063187426,1821282.2886706023,10
-1216659.193602215,1821282.2886706023,10
-1216195.8808856877,1821282.2886706023,10
-1215732.56816916,1821282.2886706023,10
-1215269.2554526327,1821282.2886706023,10
-1214805.942736105,1821282.2886706023,10
-1214342.6300195777,1821282.2886706023,10
-1213879.31730305,1821282.2886706023,10
-1213416.0045865227,1821282.2886706023,10
-1212952.691869995,1821282.2886706023,10
-1212489.3791534677,1821282.2886706023,10
-1212026.06643694,1821282.2886706023,10
-1211562.7537204125,1821282.2886706023,10
-1211099.4410038851,1821282.2886706023,10
-1210636.1282873575,1821282.2886706023,10
-1210172.8155708301,1821282.2886706023,10
-1209709.5028543025,1821282.2886706023,10
-1209246.1901377751,1821282.2886706023,10
-1208782.8774212475,1821282.2886706023,10
-1208319.5647047202,1821282.2886706023,10
-1207856.2519881926,1821282.2886706023,10
-1207392.9392716652,1821282.2886706023,10
-1206929.6265551376,1821282.2886706023,10
-1206466.3138386102,1821282.2886706023,10
-1206003.0011220826,1821282.2886706023,10
-1205539.6884055552,1821282.2886706023,10
-1205076.3756890276,1821282.2886706023,10
-1204613.0629725,1821282.2886706023,10
-1204149.7502559726,1821282.2886706023,10
-1203686.4375394452,1821282.2886706023,10
-1203223.1248229176,1821282.2886706023,10
-1202759.81210639,1821282.2886706023,10
-1202296.4993898626,1821282.2886706023,10
-1201833.186673335,1821282.2886706023,10
-1201369.8739568077,1821282.2886706023,10
-1200906.56124028,1821282.2886706023,10
-1200443.2485237527,1821282.2886706023,10
-1199979.935807225,1821282.2886706023,10
-1199516.6230906977,1821282.2886706023,10
-1199053.31037417,1821282.2886706023,10
-1198589.9976576427,1821282.2886706023,10
-1198126.684941115,1821282.2886706023,10
-1197663.3722245875,1821282.2886706023,10
-1197200.05950806,1821282.2886706023,10
-1196736.7467915327,1821282.2886706023,10
-1196273.4340750051,1821282.2886706023,10
-1195810.1213584775,1821282.2886706023,10
-1195346.8086419501,1821282.2886706023,10
-1194883.4959254225,1821282.2886706023,10
-1194420.1832088951,1821282.2886706023,10
-1193956.8704923675,1821282.2886706023,10
-1193493.5577758402,1821282.2886706023,10
-1193030.2450593126,1821282.2886706023,10
-1192566.9323427852,1821282.2886706023,10
-1192103.6196262576,1821282.2886706023,10
-1191640.3069097302,1821282.2886706023,10
-1191176.9941932026,1821282.2886706023,10
-1190713.6814766752,1821282.2886706023,10
-1190250.3687601476,1821282.2886706023,10
-1189787.0560436202,1821282.2886706023,10
-1189323.7433270926,1821282.2886706023,10
-1188860.430610565,1821282.2886706023,10
-1188397.1178940376,1821282.2886706023,10
-1187933.80517751,1821282.2886706023,10
-1187470.4924609826,1821282.2886706023,10
-1187007.179744455,1821282.2886706023,10
-1186543.8670279277,1821282.2886706023,10
-1186080.5543114,1821282.2886706023,10
-1185617.2415948727,1821282.2886706023,10
-1185153.928878345,1821282.2886706023,10
-1184690.6161618177,1821282.2886706023,10
-1184227.30344529,1821282.2886706023,10
-1183763.9907287627,1821282.2886706023,10
-1183300.678012235,1821282.2886706023,10
-1182837.3652957077,1821282.2886706023,10
-1182374.05257918,1821282.2886706023,10
-1181910.7398626525,1821282.2886706023,10
-1181447.4271461251,1821282.2886706023,10
-1180984.1144295975,1821282.2886706023,10
-1180520.8017130701,1821282.2886706023,10
-1180057.4889965425,1821282.2886706023,10
-1179594.1762800151,1821282.2886706023,10
-1179130.8635634875,1821282.2886706023,10
-1178667.5508469602,1821282.2886706023,10
-1178204.2381304326,1821282.2886706023,10
-1177740.9254139052,1821282.2886706023,10
-1177277.6126973776,1821282.2886706023,10
-1176814.2999808502,1821282.2886706023,10
-1176350.9872643226,1821282.2886706023,10
-1175887.6745477952,1821282.2886706023,10
-1175424.3618312676,1821282.2886706023,10
-1174961.04911474,1821282.2886706023,10
-1174497.7363982126,1821282.2886706023,10
-1174034.4236816852,1821282.2886706023,10
-1173571.1109651576,1821282.2886706023,10
-1173107.79824863,1821282.2886706023,10
-1172644.4855321026,1821282.2886706023,10
-1172181.172815575,1821282.2886706023,10
-1171717.8600990477,1821282.2886706023,10
-1171254.54738252,1821282.2886706023,10
-1170791.2346659927,1821282.2886706023,10
-1170327.921949465,1821282.2886706023,10
-1169864.6092329377,1821282.2886706023,10
-1169401.29651641,1821282.2886706023,10
-1168937.9837998827,1821282.2886706023,10
-1168474.671083355,1821282.2886706023,10
-1168011.3583668275,1821282.2886706023,10
-1167548.0456503,1821282.2886706023,10
-1167084.7329337727,1821282.2886706023,10
-1166621.4202172451,1821282.2886706023,10
-1166158.1075007175,1821282.2886706023,10
-1165694.7947841901,1821282.2886706023,10
-1165231.4820676625,1821282.2886706023,10
-1164768.1693511351,1821282.2886706023,10
-1164304.8566346075,1821282.2886706023,10
-1163841.5439180802,1821282.2886706023,10
-1163378.2312015526,1821282.2886706023,10
-1162914.9184850252,1821282.2886706023,10
-1162451.6057684976,1821282.2886706023,10
-1161988.2930519702,1821282.2886706023,10
-1161524.9803354426,1821282.2886706023,10
-1161061.6676189152,1821282.2886706023,10
-1160598.3549023876,1821282.2886706023,10
-1160135.0421858602,1821282.2886706023,10
-1159671.7294693326,1821282.2886706023,10
-1159208.416752805,1821282.2886706023,10
-1158745.1040362776,1821282.2886706023,10
-1158281.79131975,1821282.2886706023,10
-1157818.4786032226,1821282.2886706023,10
-1157355.165886695,1821282.2886706023,10
-1156891.8531701677,1821282.2886706023,10
-1156428.54045364,1821282.2886706023,10
-1155965.2277371127,1821282.2886706023,10
-1155501.915020585,1821282.2886706023,10
-1155038.6023040577,1821282.2886706023,10
-1154575.28958753,1821282.2886706023,10
-1154111.9768710027,1821282.2886706023,10
-1153648.664154475,1821282.2886706023,10
-1324611.0565531226,1820818.9759540746,10
-1324147.7438365952,1820818.9759540746,16
-1323684.4311200676,1820818.9759540746,16
-1323221.11840354,1820818.9759540746,16
-1322757.8056870126,1820818.9759540746,16
-1322294.492970485,1820818.9759540746,16
-1321831.1802539576,1820818.9759540746,16
-1321367.86753743,1820818.9759540746,16
-1320904.5548209026,1820818.9759540746,16
-1320441.242104375,1820818.9759540746,16
-1319977.9293878477,1820818.9759540746,16
-1319514.61667132,1820818.9759540746,16
-1319051.3039547927,1820818.9759540746,16
-1318587.991238265,1820818.9759540746,16
-1318124.6785217377,1820818.9759540746,16
-1317661.36580521,1820818.9759540746,16
-1317198.0530886827,1820818.9759540746,16
-1316734.740372155,1820818.9759540746,10
-1316271.4276556277,1820818.9759540746,16
-1315808.1149391,1820818.9759540746,16
-1315344.8022225727,1820818.9759540746,16
-1314881.4895060451,1820818.9759540746,16
-1314418.1767895175,1820818.9759540746,16
-1313954.8640729901,1820818.9759540746,16
-1313491.5513564625,1820818.9759540746,16
-1313028.2386399352,1820818.9759540746,10
-1312564.9259234075,1820818.9759540746,10
-1312101.6132068802,1820818.9759540746,16
-1311638.3004903526,1820818.9759540746,16
-1311174.9877738252,1820818.9759540746,16
-1310711.6750572976,1820818.9759540746,10
-1310248.3623407702,1820818.9759540746,10
-1309785.0496242426,1820818.9759540746,10
-1309321.7369077152,1820818.9759540746,10
-1308858.4241911876,1820818.9759540746,10
-1308395.1114746602,1820818.9759540746,10
-1307931.7987581326,1820818.9759540746,10
-1307468.486041605,1820818.9759540746,10
-1307005.1733250776,1820818.9759540746,16
-1306541.86060855,1820818.9759540746,16
-1306078.5478920226,1820818.9759540746,10
-1305615.235175495,1820818.9759540746,10
-1305151.9224589677,1820818.9759540746,16
-1304688.60974244,1820818.9759540746,16
-1304225.2970259127,1820818.9759540746,16
-1303761.984309385,1820818.9759540746,16
-1303298.6715928577,1820818.9759540746,10
-1302835.35887633,1820818.9759540746,10
-1302372.0461598027,1820818.9759540746,10
-1301908.733443275,1820818.9759540746,16
-1301445.4207267477,1820818.9759540746,16
-1300982.10801022,1820818.9759540746,16
-1300518.7952936925,1820818.9759540746,16
-1300055.4825771651,1820818.9759540746,10
-1299592.1698606375,1820818.9759540746,10
-1299128.8571441101,1820818.9759540746,10
-1298665.5444275825,1820818.9759540746,10
-1298202.2317110552,1820818.9759540746,10
-1297738.9189945275,1820818.9759540746,10
-1297275.6062780002,1820818.9759540746,10
-1296812.2935614726,1820818.9759540746,10
-1296348.9808449452,1820818.9759540746,10
-1295885.6681284176,1820818.9759540746,10
-1295422.3554118902,1820818.9759540746,10
-1294959.0426953626,1820818.9759540746,10
-1294495.7299788352,1820818.9759540746,10
-1294032.4172623076,1820818.9759540746,10
-1293569.10454578,1820818.9759540746,10
-1293105.7918292526,1820818.9759540746,10
-1292642.479112725,1820818.9759540746,10
-1292179.1663961976,1820818.9759540746,10
-1291715.85367967,1820818.9759540746,10
-1291252.5409631426,1820818.9759540746,10
-1290789.228246615,1820818.9759540746,10
-1290325.9155300877,1820818.9759540746,10
-1289862.60281356,1820818.9759540746,10
-1289399.2900970327,1820818.9759540746,7
-1288935.977380505,1820818.9759540746,10
-1288472.6646639777,1820818.9759540746,16
-1288009.35194745,1820818.9759540746,16
-1287546.0392309227,1820818.9759540746,16
-1287082.726514395,1820818.9759540746,16
-1286619.4137978677,1820818.9759540746,16
-1286156.10108134,1820818.9759540746,16
-1285692.7883648127,1820818.9759540746,16
-1285229.4756482851,1820818.9759540746,16
-1284766.1629317575,1820818.9759540746,16
-1284302.8502152301,1820818.9759540746,16
-1283839.5374987025,1820818.9759540746,16
-1283376.2247821752,1820818.9759540746,10
-1282912.9120656475,1820818.9759540746,10
-1282449.5993491202,1820818.9759540746,10
-1281986.2866325926,1820818.9759540746,10
-1281522.9739160652,1820818.9759540746,10
-1281059.6611995376,1820818.9759540746,10
-1280596.3484830102,1820818.9759540746,10
-1280133.0357664826,1820818.9759540746,10
-1279669.7230499552,1820818.9759540746,10
-1279206.4103334276,1820818.9759540746,10
-1278743.0976169002,1820818.9759540746,10
-1278279.7849003726,1820818.9759540746,10
-1277816.472183845,1820818.9759540746,10
-1277353.1594673176,1820818.9759540746,10
-1276889.84675079,1820818.9759540746,10
-1276426.5340342626,1820818.9759540746,7
-1275963.221317735,1820818.9759540746,7
-1275499.9086012077,1820818.9759540746,10
-1275036.59588468,1820818.9759540746,10
-1274573.2831681527,1820818.9759540746,10
-1274109.970451625,1820818.9759540746,10
-1273646.6577350977,1820818.9759540746,10
-1273183.34501857,1820818.9759540746,10
-1272720.0323020427,1820818.9759540746,10
-1272256.719585515,1820818.9759540746,10
-1271793.4068689877,1820818.9759540746,10
-1271330.09415246,1820818.9759540746,10
-1270866.7814359325,1820818.9759540746,10
-1270403.4687194051,1820818.9759540746,10
-1269940.1560028775,1820818.9759540746,10
-1269476.8432863501,1820818.9759540746,10
-1269013.5305698225,1820818.9759540746,10
-1268550.2178532952,1820818.9759540746,10
-1268086.9051367675,1820818.9759540746,10
-1267623.5924202402,1820818.9759540746,10
-1267160.2797037126,1820818.9759540746,10
-1266696.9669871852,1820818.9759540746,10
-1266233.6542706576,1820818.9759540746,10
-1265770.3415541302,1820818.9759540746,10
-1265307.0288376026,1820818.9759540746,10
-1264843.7161210752,1820818.9759540746,10
-1264380.4034045476,1820818.9759540746,10
-1263917.09068802,1820818.9759540746,10
-1263453.7779714926,1820818.9759540746,10
-1262990.465254965,1820818.9759540746,10
-1262527.1525384376,1820818.9759540746,10
-1262063.83982191,1820818.9759540746,10
-1261600.5271053826,1820818.9759540746,10
-1261137.214388855,1820818.9759540746,10
-1260673.9016723277,1820818.9759540746,10
-1260210.5889558,1820818.9759540746,10
-1259747.2762392727,1820818.9759540746,10
-1259283.963522745,1820818.9759540746,10
-1258820.6508062177,1820818.9759540746,10
-1258357.33808969,1820818.9759540746,10
-1257894.0253731627,1820818.9759540746,10
-1257430.712656635,1820818.9759540746,10
-1256967.3999401077,1820818.9759540746,10
-1256504.08722358,1820818.9759540746,10
-1256040.7745070527,1820818.9759540746,10
-1255577.4617905251,1820818.9759540746,10
-1255114.1490739975,1820818.9759540746,10
-1254650.8363574701,1820818.9759540746,10
-1254187.5236409425,1820818.9759540746,10
-1253724.2109244152,1820818.9759540746,10
-1253260.8982078875,1820818.9759540746,10
-1252797.5854913602,1820818.9759540746,10
-1252334.2727748326,1820818.9759540746,10
-1251870.9600583052,1820818.9759540746,10
-1251407.6473417776,1820818.9759540746,10
-1250944.3346252502,1820818.9759540746,10
-1250481.0219087226,1820818.9759540746,10
-1250017.7091921952,1820818.9759540746,10
-1249554.3964756676,1820818.9759540746,10
-1249091.0837591402,1820818.9759540746,10
-1248627.7710426126,1820818.9759540746,10
-1248164.458326085,1820818.9759540746,10
-1247701.1456095576,1820818.9759540746,10
-1247237.83289303,1820818.9759540746,10
-1246774.5201765026,1820818.9759540746,10
-1246311.207459975,1820818.9759540746,10
-1245847.8947434477,1820818.9759540746,10
-1245384.58202692,1820818.9759540746,10
-1244921.2693103927,1820818.9759540746,10
-1244457.956593865,1820818.9759540746,10
-1243994.6438773377,1820818.9759540746,10
-1243531.33116081,1820818.9759540746,10
-1243068.0184442827,1820818.9759540746,10
-1242604.705727755,1820818.9759540746,10
-1242141.3930112277,1820818.9759540746,10
-1241678.0802947,1820818.9759540746,10
-1241214.7675781725,1820818.9759540746,10
-1240751.4548616451,1820818.9759540746,10
-1240288.1421451175,1820818.9759540746,10
-1239824.8294285901,1820818.9759540746,10
-1239361.5167120625,1820818.9759540746,10
-1238898.2039955352,1820818.9759540746,10
-1238434.8912790075,1820818.9759540746,10
-1237971.5785624802,1820818.9759540746,10
-1237508.2658459526,1820818.9759540746,10
-1237044.9531294252,1820818.9759540746,10
-1236581.6404128976,1820818.9759540746,10
-1236118.3276963702,1820818.9759540746,10
-1235655.0149798426,1820818.9759540746,10
-1235191.7022633152,1820818.9759540746,10
-1234728.3895467876,1820818.9759540746,10
-1234265.07683026,1820818.9759540746,10
-1233801.7641137326,1820818.9759540746,10
-1233338.4513972052,1820818.9759540746,10
-1232875.1386806776,1820818.9759540746,10
-1232411.82596415,1820818.9759540746,10
-1231948.5132476226,1820818.9759540746,10
-1231485.200531095,1820818.9759540746,10
-1231021.8878145677,1820818.9759540746,10
-1230558.57509804,1820818.9759540746,10
-1230095.2623815127,1820818.9759540746,10
-1229631.949664985,1820818.9759540746,10
-1229168.6369484577,1820818.9759540746,10
-1228705.32423193,1820818.9759540746,10
-1228242.0115154027,1820818.9759540746,10
-1227778.698798875,1820818.9759540746,10
-1227315.3860823475,1820818.9759540746,10
-1226852.07336582,1820818.9759540746,10
-1226388.7606492927,1820818.9759540746,10
-1225925.4479327651,1820818.9759540746,10
-1225462.1352162375,1820818.9759540746,10
-1224998.8224997101,1820818.9759540746,10
-1224535.5097831825,1820818.9759540746,10
-1224072.1970666551,1820818.9759540746,10
-1223608.8843501275,1820818.9759540746,10
-1223145.5716336002,1820818.9759540746,10
-1222682.2589170726,1820818.9759540746,10
-1222218.9462005452,1820818.9759540746,10
-1221755.6334840176,1820818.9759540746,10
-1221292.3207674902,1820818.9759540746,10
-1220829.0080509626,1820818.9759540746,10
-1220365.6953344352,1820818.9759540746,10
-1219902.3826179076,1820818.9759540746,10
-1219439.0699013802,1820818.9759540746,10
-1218975.7571848526,1820818.9759540746,10
-1218512.444468325,1820818.9759540746,10
-1218049.1317517976,1820818.9759540746,10
-1217585.81903527,1820818.9759540746,10
-1217122.5063187426,1820818.9759540746,10
-1216659.193602215,1820818.9759540746,10
-1216195.8808856877,1820818.9759540746,10
-1215732.56816916,1820818.9759540746,10
-1215269.2554526327,1820818.9759540746,10
-1214805.942736105,1820818.9759540746,10
-1214342.6300195777,1820818.9759540746,10
-1213879.31730305,1820818.9759540746,10
-1213416.0045865227,1820818.9759540746,10
-1212952.691869995,1820818.9759540746,10
-1212489.3791534677,1820818.9759540746,10
-1212026.06643694,1820818.9759540746,10
-1211562.7537204125,1820818.9759540746,10
-1211099.4410038851,1820818.9759540746,10
-1210636.1282873575,1820818.9759540746,10
-1210172.8155708301,1820818.9759540746,10
-1209709.5028543025,1820818.9759540746,10
-1209246.1901377751,1820818.9759540746,10
-1208782.8774212475,1820818.9759540746,10
-1208319.5647047202,1820818.9759540746,10
-1207856.2519881926,1820818.9759540746,10
-1207392.9392716652,1820818.9759540746,10
-1206929.6265551376,1820818.9759540746,10
-1206466.3138386102,1820818.9759540746,10
-1206003.0011220826,1820818.9759540746,10
-1205539.6884055552,1820818.9759540746,10
-1205076.3756890276,1820818.9759540746,10
-1204613.0629725,1820818.9759540746,10
-1204149.7502559726,1820818.9759540746,10
-1203686.4375394452,1820818.9759540746,10
-1203223.1248229176,1820818.9759540746,10
-1202759.81210639,1820818.9759540746,10
-1202296.4993898626,1820818.9759540746,10
-1201833.186673335,1820818.9759540746,10
-1201369.8739568077,1820818.9759540746,10
-1200906.56124028,1820818.9759540746,10
-1200443.2485237527,1820818.9759540746,10
-1199979.935807225,1820818.9759540746,10
-1199516.6230906977,1820818.9759540746,10
-1199053.31037417,1820818.9759540746,10
-1198589.9976576427,1820818.9759540746,10
-1198126.684941115,1820818.9759540746,10
-1197663.3722245875,1820818.9759540746,10
-1197200.05950806,1820818.9759540746,10
-1196736.7467915327,1820818.9759540746,10
-1196273.4340750051,1820818.9759540746,10
-1195810.1213584775,1820818.9759540746,10
-1195346.8086419501,1820818.9759540746,10
-1194883.4959254225,1820818.9759540746,10
-1194420.1832088951,1820818.9759540746,10
-1193956.8704923675,1820818.9759540746,10
-1193493.5577758402,1820818.9759540746,10
-1193030.2450593126,1820818.9759540746,10
-1192566.9323427852,1820818.9759540746,10
-1192103.6196262576,1820818.9759540746,10
-1191640.3069097302,1820818.9759540746,10
-1191176.9941932026,1820818.9759540746,10
-1190713.6814766752,1820818.9759540746,10
-1190250.3687601476,1820818.9759540746,10
-1189787.0560436202,1820818.9759540746,10
-1189323.7433270926,1820818.9759540746,10
-1188860.430610565,1820818.9759540746,10
-1188397.1178940376,1820818.9759540746,10
-1187933.80517751,1820818.9759540746,10
-1187470.4924609826,1820818.9759540746,10
-1187007.179744455,1820818.9759540746,10
-1186543.8670279277,1820818.9759540746,10
-1186080.5543114,1820818.9759540746,10
-1185617.2415948727,1820818.9759540746,10
-1185153.928878345,1820818.9759540746,10
-1184690.6161618177,1820818.9759540746,10
-1184227.30344529,1820818.9759540746,10
-1183763.9907287627,1820818.9759540746,10
-1183300.678012235,1820818.9759540746,10
-1182837.3652957077,1820818.9759540746,10
-1182374.05257918,1820818.9759540746,10
-1181910.7398626525,1820818.9759540746,10
-1181447.4271461251,1820818.9759540746,10
-1180984.1144295975,1820818.9759540746,10
-1180520.8017130701,1820818.9759540746,10
-1180057.4889965425,1820818.9759540746,10
-1179594.1762800151,1820818.9759540746,10
-1179130.8635634875,1820818.9759540746,10
-1178667.5508469602,1820818.9759540746,10
-1178204.2381304326,1820818.9759540746,10
-1177740.9254139052,1820818.9759540746,10
-1177277.6126973776,1820818.9759540746,10
-1176814.2999808502,1820818.9759540746,10
-1176350.9872643226,1820818.9759540746,10
-1175887.6745477952,1820818.9759540746,10
-1175424.3618312676,1820818.9759540746,10
-1174961.04911474,1820818.9759540746,10
-1174497.7363982126,1820818.9759540746,10
-1174034.4236816852,1820818.9759540746,10
-1173571.1109651576,1820818.9759540746,10
-1173107.79824863,1820818.9759540746,10
-1172644.4855321026,1820818.9759540746,10
-1172181.172815575,1820818.9759540746,10
-1171717.8600990477,1820818.9759540746,10
-1171254.54738252,1820818.9759540746,10
-1170791.2346659927,1820818.9759540746,10
-1170327.921949465,1820818.9759540746,10
-1169864.6092329377,1820818.9759540746,10
-1169401.29651641,1820818.9759540746,10
-1168937.9837998827,1820818.9759540746,10
-1168474.671083355,1820818.9759540746,10
-1168011.3583668275,1820818.9759540746,10
-1167548.0456503,1820818.9759540746,10
-1167084.7329337727,1820818.9759540746,10
-1166621.4202172451,1820818.9759540746,10
-1166158.1075007175,1820818.9759540746,10
-1165694.7947841901,1820818.9759540746,10
-1165231.4820676625,1820818.9759540746,10
-1164768.1693511351,1820818.9759540746,10
-1164304.8566346075,1820818.9759540746,10
-1163841.5439180802,1820818.9759540746,10
-1163378.2312015526,1820818.9759540746,10
-1162914.9184850252,1820818.9759540746,10
-1162451.6057684976,1820818.9759540746,10
-1161988.2930519702,1820818.9759540746,10
-1161524.9803354426,1820818.9759540746,10
-1161061.6676189152,1820818.9759540746,10
-1160598.3549023876,1820818.9759540746,10
-1160135.0421858602,1820818.9759540746,10
-1159671.7294693326,1820818.9759540746,10
-1159208.416752805,1820818.9759540746,10
-1158745.1040362776,1820818.9759540746,10
-1158281.79131975,1820818.9759540746,10
-1157818.4786032226,1820818.9759540746,10
-1157355.165886695,1820818.9759540746,10
-1156891.8531701677,1820818.9759540746,10
-1156428.54045364,1820818.9759540746,10
-1155965.2277371127,1820818.9759540746,10
-1155501.915020585,1820818.9759540746,10
-1155038.6023040577,1820818.9759540746,10
-1324611.0565531226,1820355.6632375473,10
-1324147.7438365952,1820355.6632375473,16
-1323684.4311200676,1820355.6632375473,16
-1323221.11840354,1820355.6632375473,16
-1322757.8056870126,1820355.6632375473,16
-1322294.492970485,1820355.6632375473,16
-1321831.1802539576,1820355.6632375473,16
-1321367.86753743,1820355.6632375473,16
-1320904.5548209026,1820355.6632375473,16
-1320441.242104375,1820355.6632375473,16
-1319977.9293878477,1820355.6632375473,16
-1319514.61667132,1820355.6632375473,16
-1319051.3039547927,1820355.6632375473,16
-1318587.991238265,1820355.6632375473,16
-1318124.6785217377,1820355.6632375473,16
-1317661.36580521,1820355.6632375473,16
-1317198.0530886827,1820355.6632375473,16
-1316734.740372155,1820355.6632375473,16
-1316271.4276556277,1820355.6632375473,16
-1315808.1149391,1820355.6632375473,16
-1315344.8022225727,1820355.6632375473,16
-1314881.4895060451,1820355.6632375473,16
-1314418.1767895175,1820355.6632375473,16
-1313954.8640729901,1820355.6632375473,16
-1313491.5513564625,1820355.6632375473,16
-1313028.2386399352,1820355.6632375473,10
-1312564.9259234075,1820355.6632375473,10
-1312101.6132068802,1820355.6632375473,16
-1311638.3004903526,1820355.6632375473,16
-1311174.9877738252,1820355.6632375473,10
-1310711.6750572976,1820355.6632375473,10
-1310248.3623407702,1820355.6632375473,10
-1309785.0496242426,1820355.6632375473,10
-1309321.7369077152,1820355.6632375473,10
-1308858.4241911876,1820355.6632375473,10
-1308395.1114746602,1820355.6632375473,10
-1307931.7987581326,1820355.6632375473,10
-1307468.486041605,1820355.6632375473,10
-1307005.1733250776,1820355.6632375473,10
-1306541.86060855,1820355.6632375473,10
-1306078.5478920226,1820355.6632375473,10
-1305615.235175495,1820355.6632375473,16
-1305151.9224589677,1820355.6632375473,16
-1304688.60974244,1820355.6632375473,10
-1304225.2970259127,1820355.6632375473,10
-1303761.984309385,1820355.6632375473,10
-1303298.6715928577,1820355.6632375473,10
-1302835.35887633,1820355.6632375473,10
-1302372.0461598027,1820355.6632375473,10
-1301908.733443275,1820355.6632375473,10
-1301445.4207267477,1820355.6632375473,10
-1300982.10801022,1820355.6632375473,16
-1300518.7952936925,1820355.6632375473,16
-1300055.4825771651,1820355.6632375473,10
-1299592.1698606375,1820355.6632375473,10
-1299128.8571441101,1820355.6632375473,10
-1298665.5444275825,1820355.6632375473,10
-1298202.2317110552,1820355.6632375473,10
-1297738.9189945275,1820355.6632375473,10
-1297275.6062780002,1820355.6632375473,10
-1296812.2935614726,1820355.6632375473,10
-1296348.9808449452,1820355.6632375473,10
-1295885.6681284176,1820355.6632375473,10
-1295422.3554118902,1820355.6632375473,10
-1294959.0426953626,1820355.6632375473,10
-1294495.7299788352,1820355.6632375473,10
-1294032.4172623076,1820355.6632375473,10
-1293569.10454578,1820355.6632375473,10
-1293105.7918292526,1820355.6632375473,10
-1292642.479112725,1820355.6632375473,10
-1292179.1663961976,1820355.6632375473,10
-1291715.85367967,1820355.6632375473,10
-1291252.5409631426,1820355.6632375473,10
-1290789.228246615,1820355.6632375473,10
-1290325.9155300877,1820355.6632375473,10
-1289862.60281356,1820355.6632375473,16
-1289399.2900970327,1820355.6632375473,16
-1288935.977380505,1820355.6632375473,16
-1288472.6646639777,1820355.6632375473,16
-1288009.35194745,1820355.6632375473,16
-1287546.0392309227,1820355.6632375473,16
-1287082.726514395,1820355.6632375473,16
-1286619.4137978677,1820355.6632375473,16
-1286156.10108134,1820355.6632375473,10
-1285692.7883648127,1820355.6632375473,16
-1285229.4756482851,1820355.6632375473,16
-1284766.1629317575,1820355.6632375473,16
-1284302.8502152301,1820355.6632375473,16
-1283839.5374987025,1820355.6632375473,16
-1283376.2247821752,1820355.6632375473,10
-1282912.9120656475,1820355.6632375473,10
-1282449.5993491202,1820355.6632375473,10
-1281986.2866325926,1820355.6632375473,10
-1281522.9739160652,1820355.6632375473,10
-1281059.6611995376,1820355.6632375473,10
-1280596.3484830102,1820355.6632375473,10
-1280133.0357664826,1820355.6632375473,10
-1279669.7230499552,1820355.6632375473,10
-1279206.4103334276,1820355.6632375473,10
-1278743.0976169002,1820355.6632375473,10
-1278279.7849003726,1820355.6632375473,10
-1277816.472183845,1820355.6632375473,10
-1277353.1594673176,1820355.6632375473,7
-1276889.84675079,1820355.6632375473,10
-1276426.5340342626,1820355.6632375473,10
-1275963.221317735,1820355.6632375473,10
-1275499.9086012077,1820355.6632375473,10
-1275036.59588468,1820355.6632375473,10
-1274573.2831681527,1820355.6632375473,10
-1274109.970451625,1820355.6632375473,10
-1273646.6577350977,1820355.6632375473,10
-1273183.34501857,1820355.6632375473,10
-1272720.0323020427,1820355.6632375473,10
-1272256.719585515,1820355.6632375473,10
-1271793.4068689877,1820355.6632375473,10
-1271330.09415246,1820355.6632375473,10
-1270866.7814359325,1820355.6632375473,10
-1270403.4687194051,1820355.6632375473,10
-1269940.1560028775,1820355.6632375473,10
-1269476.8432863501,1820355.6632375473,10
-1269013.5305698225,1820355.6632375473,10
-1268550.2178532952,1820355.6632375473,10
-1268086.9051367675,1820355.6632375473,10
-1267623.5924202402,1820355.6632375473,10
-1267160.2797037126,1820355.6632375473,10
-1266696.9669871852,1820355.6632375473,10
-1266233.6542706576,1820355.6632375473,10
-1265770.3415541302,1820355.6632375473,10
-1265307.0288376026,1820355.6632375473,10
-1264843.7161210752,1820355.6632375473,10
-1264380.4034045476,1820355.6632375473,7
-1263917.09068802,1820355.6632375473,10
-1263453.7779714926,1820355.6632375473,10
-1262990.465254965,1820355.6632375473,10
-1262527.1525384376,1820355.6632375473,10
-1262063.83982191,1820355.6632375473,10
-1261600.5271053826,1820355.6632375473,10
-1261137.214388855,1820355.6632375473,10
-1260673.9016723277,1820355.6632375473,10
-1260210.5889558,1820355.6632375473,10
-1259747.2762392727,1820355.6632375473,10
-1259283.963522745,1820355.6632375473,10
-1258820.6508062177,1820355.6632375473,7
-1258357.33808969,1820355.6632375473,10
-1257894.0253731627,1820355.6632375473,10
-1257430.712656635,1820355.6632375473,10
-1256967.3999401077,1820355.6632375473,10
-1256504.08722358,1820355.6632375473,10
-1256040.7745070527,1820355.6632375473,10
-1255577.4617905251,1820355.6632375473,10
-1255114.1490739975,1820355.6632375473,10
-1254650.8363574701,1820355.6632375473,10
-1254187.5236409425,1820355.6632375473,10
-1253724.2109244152,1820355.6632375473,10
-1253260.8982078875,1820355.6632375473,10
-1252797.5854913602,1820355.6632375473,10
-1252334.2727748326,1820355.6632375473,10
-1251870.9600583052,1820355.6632375473,10
-1251407.6473417776,1820355.6632375473,10
-1250944.3346252502,1820355.6632375473,10
-1250481.0219087226,1820355.6632375473,10
-1250017.7091921952,1820355.6632375473,10
-1249554.3964756676,1820355.6632375473,10
-1249091.0837591402,1820355.6632375473,10
-1248627.7710426126,1820355.6632375473,10
-1248164.458326085,1820355.6632375473,10
-1247701.1456095576,1820355.6632375473,10
-1247237.83289303,1820355.6632375473,10
-1246774.5201765026,1820355.6632375473,10
-1246311.207459975,1820355.6632375473,10
-1245847.8947434477,1820355.6632375473,10
-1245384.58202692,1820355.6632375473,10
-1244921.2693103927,1820355.6632375473,10
-1244457.956593865,1820355.6632375473,10
-1243994.6438773377,1820355.6632375473,10
-1243531.33116081,1820355.6632375473,10
-1243068.0184442827,1820355.6632375473,10
-1242604.705727755,1820355.6632375473,10
-1242141.3930112277,1820355.6632375473,10
-1241678.0802947,1820355.6632375473,10
-1241214.7675781725,1820355.6632375473,10
-1240751.4548616451,1820355.6632375473,10
-1240288.1421451175,1820355.6632375473,10
-1239824.8294285901,1820355.6632375473,10
-1239361.5167120625,1820355.6632375473,10
-1238898.2039955352,1820355.6632375473,10
-1238434.8912790075,1820355.6632375473,10
-1237971.5785624802,1820355.6632375473,10
-1237508.2658459526,1820355.6632375473,10
-1237044.9531294252,1820355.6632375473,10
-1236581.6404128976,1820355.6632375473,10
-1236118.3276963702,1820355.6632375473,10
-1235655.0149798426,1820355.6632375473,10
-1235191.7022633152,1820355.6632375473,10
-1234728.3895467876,1820355.6632375473,10
-1234265.07683026,1820355.6632375473,10
-1233801.7641137326,1820355.6632375473,10
-1233338.4513972052,1820355.6632375473,10
-1232875.1386806776,1820355.6632375473,10
-1232411.82596415,1820355.6632375473,10
-1231948.5132476226,1820355.6632375473,10
-1231485.200531095,1820355.6632375473,10
-1231021.8878145677,1820355.6632375473,10
-1230558.57509804,1820355.6632375473,10
-1230095.2623815127,1820355.6632375473,10
-1229631.949664985,1820355.6632375473,10
-1229168.6369484577,1820355.6632375473,10
-1228705.32423193,1820355.6632375473,10
-1228242.0115154027,1820355.6632375473,10
-1227778.698798875,1820355.6632375473,10
-1227315.3860823475,1820355.6632375473,10
-1226852.07336582,1820355.6632375473,10
-1226388.7606492927,1820355.6632375473,10
-1225925.4479327651,1820355.6632375473,10
-1225462.1352162375,1820355.6632375473,10
-1224998.8224997101,1820355.6632375473,10
-1224535.5097831825,1820355.6632375473,10
-1224072.1970666551,1820355.6632375473,10
-1223608.8843501275,1820355.6632375473,10
-1223145.5716336002,1820355.6632375473,10
-1222682.2589170726,1820355.6632375473,10
-1222218.9462005452,1820355.6632375473,10
-1221755.6334840176,1820355.6632375473,10
-1221292.3207674902,1820355.6632375473,10
-1220829.0080509626,1820355.6632375473,10
-1220365.6953344352,1820355.6632375473,10
-1219902.3826179076,1820355.6632375473,10
-1219439.0699013802,1820355.6632375473,10
-1218975.7571848526,1820355.6632375473,10
-1218512.444468325,1820355.6632375473,10
-1218049.1317517976,1820355.6632375473,10
-1217585.81903527,1820355.6632375473,10
-1217122.5063187426,1820355.6632375473,10
-1216659.193602215,1820355.6632375473,10
-1216195.8808856877,1820355.6632375473,10
-1215732.56816916,1820355.6632375473,10
-1215269.2554526327,1820355.6632375473,10
-1214805.942736105,1820355.6632375473,10
-1214342.6300195777,1820355.6632375473,10
-1213879.31730305,1820355.6632375473,10
-1213416.0045865227,1820355.6632375473,10
-1212952.691869995,1820355.6632375473,10
-1212489.3791534677,1820355.6632375473,10
-1212026.06643694,1820355.6632375473,10
-1211562.7537204125,1820355.6632375473,10
-1211099.4410038851,1820355.6632375473,10
-1210636.1282873575,1820355.6632375473,10
-1210172.8155708301,1820355.6632375473,10
-1209709.5028543025,1820355.6632375473,10
-1209246.1901377751,1820355.6632375473,10
-1208782.8774212475,1820355.6632375473,10
-1208319.5647047202,1820355.6632375473,10
-1207856.2519881926,1820355.6632375473,10
-1207392.9392716652,1820355.6632375473,10
-1206929.6265551376,1820355.6632375473,10
-1206466.3138386102,1820355.6632375473,10
-1206003.0011220826,1820355.6632375473,10
-1205539.6884055552,1820355.6632375473,10
-1205076.3756890276,1820355.6632375473,10
-1204613.0629725,1820355.6632375473,10
-1204149.7502559726,1820355.6632375473,10
-1203686.4375394452,1820355.6632375473,10
-1203223.1248229176,1820355.6632375473,10
-1202759.81210639,1820355.6632375473,10
-1202296.4993898626,1820355.6632375473,10
-1201833.186673335,1820355.6632375473,10
-1201369.8739568077,1820355.6632375473,10
-1200906.56124028,1820355.6632375473,10
-1200443.2485237527,1820355.6632375473,10
-1199979.935807225,1820355.6632375473,10
-1199516.6230906977,1820355.6632375473,10
-1199053.31037417,1820355.6632375473,10
-1198589.9976576427,1820355.6632375473,10
-1198126.684941115,1820355.6632375473,10
-1197663.3722245875,1820355.6632375473,10
-1197200.05950806,1820355.6632375473,10
-1196736.7467915327,1820355.6632375473,10
-1196273.4340750051,1820355.6632375473,10
-1195810.1213584775,1820355.6632375473,10
-1195346.8086419501,1820355.6632375473,10
-1194883.4959254225,1820355.6632375473,10
-1194420.1832088951,1820355.6632375473,10
-1193956.8704923675,1820355.6632375473,10
-1193493.5577758402,1820355.6632375473,10
-1193030.2450593126,1820355.6632375473,10
-1192566.9323427852,1820355.6632375473,10
-1192103.6196262576,1820355.6632375473,10
-1191640.3069097302,1820355.6632375473,10
-1191176.9941932026,1820355.6632375473,10
-1190713.6814766752,1820355.6632375473,10
-1190250.3687601476,1820355.6632375473,10
-1189787.0560436202,1820355.6632375473,10
-1189323.7433270926,1820355.6632375473,10
-1188860.430610565,1820355.6632375473,10
-1188397.1178940376,1820355.6632375473,10
-1187933.80517751,1820355.6632375473,10
-1187470.4924609826,1820355.6632375473,10
-1187007.179744455,1820355.6632375473,10
-1186543.8670279277,1820355.6632375473,10
-1186080.5543114,1820355.6632375473,10
-1185617.2415948727,1820355.6632375473,10
-1185153.928878345,1820355.6632375473,10
-1184690.6161618177,1820355.6632375473,10
-1184227.30344529,1820355.6632375473,10
-1183763.9907287627,1820355.6632375473,10
-1183300.678012235,1820355.6632375473,10
-1182837.3652957077,1820355.6632375473,10
-1182374.05257918,1820355.6632375473,10
-1181910.7398626525,1820355.6632375473,10
-1181447.4271461251,1820355.6632375473,10
-1180984.1144295975,1820355.6632375473,10
-1180520.8017130701,1820355.6632375473,10
-1180057.4889965425,1820355.6632375473,10
-1179594.1762800151,1820355.6632375473,10
-1179130.8635634875,1820355.6632375473,10
-1178667.5508469602,1820355.6632375473,10
-1178204.2381304326,1820355.6632375473,10
-1177740.9254139052,1820355.6632375473,10
-1177277.6126973776,1820355.6632375473,10
-1176814.2999808502,1820355.6632375473,10
-1176350.9872643226,1820355.6632375473,10
-1175887.6745477952,1820355.6632375473,10
-1175424.3618312676,1820355.6632375473,10
-1174961.04911474,1820355.6632375473,10
-1174497.7363982126,1820355.6632375473,10
-1174034.4236816852,1820355.6632375473,10
-1173571.1109651576,1820355.6632375473,10
-1173107.79824863,1820355.6632375473,10
-1172644.4855321026,1820355.6632375473,10
-1172181.172815575,1820355.6632375473,10
-1171717.8600990477,1820355.6632375473,10
-1171254.54738252,1820355.6632375473,10
-1170791.2346659927,1820355.6632375473,10
-1170327.921949465,1820355.6632375473,10
-1169864.6092329377,1820355.6632375473,10
-1169401.29651641,1820355.6632375473,10
-1168937.9837998827,1820355.6632375473,10
-1168474.671083355,1820355.6632375473,10
-1168011.3583668275,1820355.6632375473,10
-1167548.0456503,1820355.6632375473,10
-1167084.7329337727,1820355.6632375473,10
-1166621.4202172451,1820355.6632375473,10
-1166158.1075007175,1820355.6632375473,10
-1165694.7947841901,1820355.6632375473,10
-1165231.4820676625,1820355.6632375473,10
-1164768.1693511351,1820355.6632375473,10
-1164304.8566346075,1820355.6632375473,10
-1163841.5439180802,1820355.6632375473,10
-1163378.2312015526,1820355.6632375473,10
-1162914.9184850252,1820355.6632375473,10
-1162451.6057684976,1820355.6632375473,10
-1161988.2930519702,1820355.6632375473,10
-1161524.9803354426,1820355.6632375473,10
-1161061.6676189152,1820355.6632375473,10
-1160598.3549023876,1820355.6632375473,10
-1160135.0421858602,1820355.6632375473,10
-1159671.7294693326,1820355.6632375473,10
-1159208.416752805,1820355.6632375473,10
-1158745.1040362776,1820355.6632375473,10
-1158281.79131975,1820355.6632375473,10
-1157818.4786032226,1820355.6632375473,10
-1157355.165886695,1820355.6632375473,10
-1156891.8531701677,1820355.6632375473,10
-1156428.54045364,1820355.6632375473,10
-1155965.2277371127,1820355.6632375473,10
-1324611.0565531226,1819892.3505210197,10
-1324147.7438365952,1819892.3505210197,16
-1323684.4311200676,1819892.3505210197,16
-1323221.11840354,1819892.3505210197,16
-1322757.8056870126,1819892.3505210197,16
-1322294.492970485,1819892.3505210197,16
-1321831.1802539576,1819892.3505210197,16
-1321367.86753743,1819892.3505210197,16
-1320904.5548209026,1819892.3505210197,16
-1320441.242104375,1819892.3505210197,16
-1319977.9293878477,1819892.3505210197,16
-1319514.61667132,1819892.3505210197,16
-1319051.3039547927,1819892.3505210197,16
-1318587.991238265,1819892.3505210197,16
-1318124.6785217377,1819892.3505210197,16
-1317661.36580521,1819892.3505210197,16
-1317198.0530886827,1819892.3505210197,16
-1316734.740372155,1819892.3505210197,10
-1316271.4276556277,1819892.3505210197,16
-1315808.1149391,1819892.3505210197,16
-1315344.8022225727,1819892.3505210197,16
-1314881.4895060451,1819892.3505210197,16
-1314418.1767895175,1819892.3505210197,16
-1313954.8640729901,1819892.3505210197,16
-1313491.5513564625,1819892.3505210197,10
-1313028.2386399352,1819892.3505210197,10
-1312564.9259234075,1819892.3505210197,10
-1312101.6132068802,1819892.3505210197,16
-1311638.3004903526,1819892.3505210197,16
-1311174.9877738252,1819892.3505210197,10
-1310711.6750572976,1819892.3505210197,16
-1310248.3623407702,1819892.3505210197,16
-1309785.0496242426,1819892.3505210197,10
-1309321.7369077152,1819892.3505210197,10
-1308858.4241911876,1819892.3505210197,10
-1308395.1114746602,1819892.3505210197,10
-1307931.7987581326,1819892.3505210197,10
-1307468.486041605,1819892.3505210197,10
-1307005.1733250776,1819892.3505210197,10
-1306541.86060855,1819892.3505210197,10
-1306078.5478920226,1819892.3505210197,16
-1305615.235175495,1819892.3505210197,16
-1305151.9224589677,1819892.3505210197,16
-1304688.60974244,1819892.3505210197,16
-1304225.2970259127,1819892.3505210197,10
-1303761.984309385,1819892.3505210197,10
-1303298.6715928577,1819892.3505210197,10
-1302835.35887633,1819892.3505210197,10
-1302372.0461598027,1819892.3505210197,10
-1301908.733443275,1819892.3505210197,10
-1301445.4207267477,1819892.3505210197,10
-1300982.10801022,1819892.3505210197,10
-1300518.7952936925,1819892.3505210197,10
-1300055.4825771651,1819892.3505210197,10
-1299592.1698606375,1819892.3505210197,10
-1299128.8571441101,1819892.3505210197,10
-1298665.5444275825,1819892.3505210197,10
-1298202.2317110552,1819892.3505210197,10
-1297738.9189945275,1819892.3505210197,10
-1297275.6062780002,1819892.3505210197,10
-1296812.2935614726,1819892.3505210197,10
-1296348.9808449452,1819892.3505210197,10
-1295885.6681284176,1819892.3505210197,10
-1295422.3554118902,1819892.3505210197,10
-1294959.0426953626,1819892.3505210197,10
-1294495.7299788352,1819892.3505210197,10
-1294032.4172623076,1819892.3505210197,10
-1293569.10454578,1819892.3505210197,10
-1293105.7918292526,1819892.3505210197,10
-1292642.479112725,1819892.3505210197,10
-1292179.1663961976,1819892.3505210197,10
-1291715.85367967,1819892.3505210197,10
-1291252.5409631426,1819892.3505210197,10
-1290789.228246615,1819892.3505210197,10
-1290325.9155300877,1819892.3505210197,10
-1289862.60281356,1819892.3505210197,7
-1289399.2900970327,1819892.3505210197,10
-1288935.977380505,1819892.3505210197,16
-1288472.6646639777,1819892.3505210197,16
-1288009.35194745,1819892.3505210197,16
-1287546.0392309227,1819892.3505210197,16
-1287082.726514395,1819892.3505210197,16
-1286619.4137978677,1819892.3505210197,10
-1286156.10108134,1819892.3505210197,10
-1285692.7883648127,1819892.3505210197,10
-1285229.4756482851,1819892.3505210197,10
-1284766.1629317575,1819892.3505210197,10
-1284302.8502152301,1819892.3505210197,10
-1283839.5374987025,1819892.3505210197,10
-1283376.2247821752,1819892.3505210197,10
-1282912.9120656475,1819892.3505210197,10
-1282449.5993491202,1819892.3505210197,10
-1281986.2866325926,1819892.3505210197,10
-1281522.9739160652,1819892.3505210197,10
-1281059.6611995376,1819892.3505210197,10
-1280596.3484830102,1819892.3505210197,10
-1280133.0357664826,1819892.3505210197,10
-1279669.7230499552,1819892.3505210197,10
-1279206.4103334276,1819892.3505210197,10
-1278743.0976169002,1819892.3505210197,10
-1278279.7849003726,1819892.3505210197,10
-1277816.472183845,1819892.3505210197,10
-1277353.1594673176,1819892.3505210197,10
-1276889.84675079,1819892.3505210197,10
-1276426.5340342626,1819892.3505210197,10
-1275963.221317735,1819892.3505210197,10
-1275499.9086012077,1819892.3505210197,10
-1275036.59588468,1819892.3505210197,10
-1274573.2831681527,1819892.3505210197,10
-1274109.970451625,1819892.3505210197,10
-1273646.6577350977,1819892.3505210197,10
-1273183.34501857,1819892.3505210197,10
-1272720.0323020427,1819892.3505210197,10
-1272256.719585515,1819892.3505210197,10
-1271793.4068689877,1819892.3505210197,10
-1271330.09415246,1819892.3505210197,10
-1270866.7814359325,1819892.3505210197,10
-1270403.4687194051,1819892.3505210197,10
-1269940.1560028775,1819892.3505210197,10
-1269476.8432863501,1819892.3505210197,10
-1269013.5305698225,1819892.3505210197,10
-1268550.2178532952,1819892.3505210197,10
-1268086.9051367675,1819892.3505210197,10
-1267623.5924202402,1819892.3505210197,10
-1267160.2797037126,1819892.3505210197,10
-1266696.9669871852,1819892.3505210197,10
-1266233.6542706576,1819892.3505210197,10
-1265770.3415541302,1819892.3505210197,10
-1265307.0288376026,1819892.3505210197,10
-1264843.7161210752,1819892.3505210197,10
-1264380.4034045476,1819892.3505210197,10
-1263917.09068802,1819892.3505210197,10
-1263453.7779714926,1819892.3505210197,10
-1262990.465254965,1819892.3505210197,10
-1262527.1525384376,1819892.3505210197,10
-1262063.83982191,1819892.3505210197,10
-1261600.5271053826,1819892.3505210197,10
-1261137.214388855,1819892.3505210197,10
-1260673.9016723277,1819892.3505210197,10
-1260210.5889558,1819892.3505210197,10
-1259747.2762392727,1819892.3505210197,10
-1259283.963522745,1819892.3505210197,7
-1258820.6508062177,1819892.3505210197,7
-1258357.33808969,1819892.3505210197,10
-1257894.0253731627,1819892.3505210197,10
-1257430.712656635,1819892.3505210197,10
-1256967.3999401077,1819892.3505210197,10
-1256504.08722358,1819892.3505210197,10
-1256040.7745070527,1819892.3505210197,10
-1255577.4617905251,1819892.3505210197,10
-1255114.1490739975,1819892.3505210197,10
-1254650.8363574701,1819892.3505210197,7
-1254187.5236409425,1819892.3505210197,7
-1253724.2109244152,1819892.3505210197,10
-1253260.8982078875,1819892.3505210197,10
-1252797.5854913602,1819892.3505210197,10
-1252334.2727748326,1819892.3505210197,10
-1251870.9600583052,1819892.3505210197,10
-1251407.6473417776,1819892.3505210197,10
-1250944.3346252502,1819892.3505210197,10
-1250481.0219087226,1819892.3505210197,10
-1250017.7091921952,1819892.3505210197,10
-1249554.3964756676,1819892.3505210197,10
-1249091.0837591402,1819892.3505210197,10
-1248627.7710426126,1819892.3505210197,10
-1248164.458326085,1819892.3505210197,10
-1247701.1456095576,1819892.3505210197,10
-1247237.83289303,1819892.3505210197,10
-1246774.5201765026,1819892.3505210197,10
-1246311.207459975,1819892.3505210197,10
-1245847.8947434477,1819892.3505210197,10
-1245384.58202692,1819892.3505210197,10
-1244921.2693103927,1819892.3505210197,10
-1244457.956593865,1819892.3505210197,10
-1243994.6438773377,1819892.3505210197,10
-1243531.33116081,1819892.3505210197,10
-1243068.0184442827,1819892.3505210197,10
-1242604.705727755,1819892.3505210197,10
-1242141.3930112277,1819892.3505210197,10
-1241678.0802947,1819892.3505210197,10
-1241214.7675781725,1819892.3505210197,10
-1240751.4548616451,1819892.3505210197,10
-1240288.1421451175,1819892.3505210197,10
-1239824.8294285901,1819892.3505210197,10
-1239361.5167120625,1819892.3505210197,10
-1238898.2039955352,1819892.3505210197,10
-1238434.8912790075,1819892.3505210197,10
-1237971.5785624802,1819892.3505210197,10
-1237508.2658459526,1819892.3505210197,10
-1237044.9531294252,1819892.3505210197,10
-1236581.6404128976,1819892.3505210197,10
-1236118.3276963702,1819892.3505210197,10
-1235655.0149798426,1819892.3505210197,10
-1235191.7022633152,1819892.3505210197,10
-1234728.3895467876,1819892.3505210197,10
-1234265.07683026,1819892.3505210197,10
-1233801.7641137326,1819892.3505210197,10
-1233338.4513972052,1819892.3505210197,10
-1232875.1386806776,1819892.3505210197,10
-1232411.82596415,1819892.3505210197,10
-1231948.5132476226,1819892.3505210197,10
-1231485.200531095,1819892.3505210197,10
-1231021.8878145677,1819892.3505210197,10
-1230558.57509804,1819892.3505210197,10
-1230095.2623815127,1819892.3505210197,10
-1229631.949664985,1819892.3505210197,10
-1229168.6369484577,1819892.3505210197,10
-1228705.32423193,1819892.3505210197,10
-1228242.0115154027,1819892.3505210197,10
-1227778.698798875,1819892.3505210197,10
-1227315.3860823475,1819892.3505210197,10
-1226852.07336582,1819892.3505210197,10
-1226388.7606492927,1819892.3505210197,10
-1225925.4479327651,1819892.3505210197,10
-1225462.1352162375,1819892.3505210197,10
-1224998.8224997101,1819892.3505210197,10
-1224535.5097831825,1819892.3505210197,10
-1224072.1970666551,1819892.3505210197,10
-1223608.8843501275,1819892.3505210197,10
-1223145.5716336002,1819892.3505210197,10
-1222682.2589170726,1819892.3505210197,10
-1222218.9462005452,1819892.3505210197,10
-1221755.6334840176,1819892.3505210197,10
-1221292.3207674902,1819892.3505210197,10
-1220829.0080509626,1819892.3505210197,10
-1220365.6953344352,1819892.3505210197,10
-1219902.3826179076,1819892.3505210197,10
-1219439.0699013802,1819892.3505210197,10
-1218975.7571848526,1819892.3505210197,10
-1218512.444468325,1819892.3505210197,10
-1218049.1317517976,1819892.3505210197,10
-1217585.81903527,1819892.3505210197,10
-1217122.5063187426,1819892.3505210197,10
-1216659.193602215,1819892.3505210197,10
-1216195.8808856877,1819892.3505210197,10
-1215732.56816916,1819892.3505210197,10
-1215269.2554526327,1819892.3505210197,10
-1214805.942736105,1819892.3505210197,10
-1214342.6300195777,1819892.3505210197,10
-1213879.31730305,1819892.3505210197,10
-1213416.0045865227,1819892.3505210197,10
-1212952.691869995,1819892.3505210197,10
-1212489.3791534677,1819892.3505210197,10
-1212026.06643694,1819892.3505210197,10
-1211562.7537204125,1819892.3505210197,10
-1211099.4410038851,1819892.3505210197,10
-1210636.1282873575,1819892.3505210197,10
-1210172.8155708301,1819892.3505210197,10
-1209709.5028543025,1819892.3505210197,10
-1209246.1901377751,1819892.3505210197,10
-1208782.8774212475,1819892.3505210197,10
-1208319.5647047202,1819892.3505210197,10
-1207856.2519881926,1819892.3505210197,10
-1207392.9392716652,1819892.3505210197,10
-1206929.6265551376,1819892.3505210197,10
-1206466.3138386102,1819892.3505210197,10
-1206003.0011220826,1819892.3505210197,10
-1205539.6884055552,1819892.3505210197,10
-1205076.3756890276,1819892.3505210197,10
-1204613.0629725,1819892.3505210197,10
-1204149.7502559726,1819892.3505210197,10
-1203686.4375394452,1819892.3505210197,10
-1203223.1248229176,1819892.3505210197,10
-1202759.81210639,1819892.3505210197,10
-1202296.4993898626,1819892.3505210197,10
-1201833.186673335,1819892.3505210197,10
-1201369.8739568077,1819892.3505210197,10
-1200906.56124028,1819892.3505210197,10
-1200443.2485237527,1819892.3505210197,10
-1199979.935807225,1819892.3505210197,10
-1199516.6230906977,1819892.3505210197,10
-1199053.31037417,1819892.3505210197,10
-1198589.9976576427,1819892.3505210197,10
-1198126.684941115,1819892.3505210197,10
-1197663.3722245875,1819892.3505210197,10
-1197200.05950806,1819892.3505210197,10
-1196736.7467915327,1819892.3505210197,10
-1196273.4340750051,1819892.3505210197,10
-1195810.1213584775,1819892.3505210197,10
-1195346.8086419501,1819892.3505210197,10
-1194883.4959254225,1819892.3505210197,10
-1194420.1832088951,1819892.3505210197,10
-1193956.8704923675,1819892.3505210197,10
-1193493.5577758402,1819892.3505210197,10
-1193030.2450593126,1819892.3505210197,10
-1192566.9323427852,1819892.3505210197,10
-1192103.6196262576,1819892.3505210197,10
-1191640.3069097302,1819892.3505210197,10
-1191176.9941932026,1819892.3505210197,10
-1190713.6814766752,1819892.3505210197,10
-1190250.3687601476,1819892.3505210197,10
-1189787.0560436202,1819892.3505210197,10
-1189323.7433270926,1819892.3505210197,10
-1188860.430610565,1819892.3505210197,10
-1188397.1178940376,1819892.3505210197,10
-1187933.80517751,1819892.3505210197,10
-1187470.4924609826,1819892.3505210197,10
-1187007.179744455,1819892.3505210197,10
-1186543.8670279277,1819892.3505210197,10
-1186080.5543114,1819892.3505210197,10
-1185617.2415948727,1819892.3505210197,10
-1185153.928878345,1819892.3505210197,10
-1184690.6161618177,1819892.3505210197,10
-1184227.30344529,1819892.3505210197,10
-1183763.9907287627,1819892.3505210197,10
-1183300.678012235,1819892.3505210197,10
-1182837.3652957077,1819892.3505210197,10
-1182374.05257918,1819892.3505210197,10
-1181910.7398626525,1819892.3505210197,10
-1181447.4271461251,1819892.3505210197,10
-1180984.1144295975,1819892.3505210197,10
-1180520.8017130701,1819892.3505210197,10
-1180057.4889965425,1819892.3505210197,10
-1179594.1762800151,1819892.3505210197,10
-1179130.8635634875,1819892.3505210197,10
-1178667.5508469602,1819892.3505210197,10
-1178204.2381304326,1819892.3505210197,10
-1177740.9254139052,1819892.3505210197,10
-1177277.6126973776,1819892.3505210197,10
-1176814.2999808502,1819892.3505210197,10
-1176350.9872643226,1819892.3505210197,10
-1175887.6745477952,1819892.3505210197,10
-1175424.3618312676,1819892.3505210197,10
-1174961.04911474,1819892.3505210197,10
-1174497.7363982126,1819892.3505210197,10
-1174034.4236816852,1819892.3505210197,10
-1173571.1109651576,1819892.3505210197,10
-1173107.79824863,1819892.3505210197,10
-1172644.4855321026,1819892.3505210197,10
-1172181.172815575,1819892.3505210197,10
-1171717.8600990477,1819892.3505210197,10
-1171254.54738252,1819892.3505210197,10
-1170791.2346659927,1819892.3505210197,10
-1170327.921949465,1819892.3505210197,10
-1169864.6092329377,1819892.3505210197,10
-1169401.29651641,1819892.3505210197,10
-1168937.9837998827,1819892.3505210197,10
-1168474.671083355,1819892.3505210197,10
-1168011.3583668275,1819892.3505210197,10
-1167548.0456503,1819892.3505210197,10
-1167084.7329337727,1819892.3505210197,10
-1166621.4202172451,1819892.3505210197,10
-1166158.1075007175,1819892.3505210197,10
-1165694.7947841901,1819892.3505210197,10
-1165231.4820676625,1819892.3505210197,10
-1164768.1693511351,1819892.3505210197,10
-1164304.8566346075,1819892.3505210197,10
-1163841.5439180802,1819892.3505210197,10
-1163378.2312015526,1819892.3505210197,10
-1162914.9184850252,1819892.3505210197,10
-1162451.6057684976,1819892.3505210197,10
-1161988.2930519702,1819892.3505210197,10
-1161524.9803354426,1819892.3505210197,10
-1161061.6676189152,1819892.3505210197,10
-1160598.3549023876,1819892.3505210197,10
-1160135.0421858602,1819892.3505210197,10
-1159671.7294693326,1819892.3505210197,10
-1159208.416752805,1819892.3505210197,10
-1158745.1040362776,1819892.3505210197,10
-1158281.79131975,1819892.3505210197,10
-1157818.4786032226,1819892.3505210197,10
-1157355.165886695,1819892.3505210197,10
-1156891.8531701677,1819892.3505210197,10
-1156428.54045364,1819892.3505210197,10
-1155965.2277371127,1819892.3505210197,10
-1324611.0565531226,1819429.0378044923,10
-1324147.7438365952,1819429.0378044923,16
-1323684.4311200676,1819429.0378044923,16
-1323221.11840354,1819429.0378044923,16
-1322757.8056870126,1819429.0378044923,16
-1322294.492970485,1819429.0378044923,16
-1321831.1802539576,1819429.0378044923,16
-1321367.86753743,1819429.0378044923,16
-1320904.5548209026,1819429.0378044923,16
-1320441.242104375,1819429.0378044923,16
-1319977.9293878477,1819429.0378044923,16
-1319514.61667132,1819429.0378044923,16
-1319051.3039547927,1819429.0378044923,16
-1318587.991238265,1819429.0378044923,16
-1318124.6785217377,1819429.0378044923,16
-1317661.36580521,1819429.0378044923,16
-1317198.0530886827,1819429.0378044923,16
-1316734.740372155,1819429.0378044923,10
-1316271.4276556277,1819429.0378044923,16
-1315808.1149391,1819429.0378044923,16
-1315344.8022225727,1819429.0378044923,16
-1314881.4895060451,1819429.0378044923,16
-1314418.1767895175,1819429.0378044923,16
-1313954.8640729901,1819429.0378044923,16
-1313491.5513564625,1819429.0378044923,10
-1313028.2386399352,1819429.0378044923,10
-1312564.9259234075,1819429.0378044923,10
-1312101.6132068802,1819429.0378044923,10
-1311638.3004903526,1819429.0378044923,16
-1311174.9877738252,1819429.0378044923,16
-1310711.6750572976,1819429.0378044923,10
-1310248.3623407702,1819429.0378044923,10
-1309785.0496242426,1819429.0378044923,10
-1309321.7369077152,1819429.0378044923,10
-1308858.4241911876,1819429.0378044923,10
-1308395.1114746602,1819429.0378044923,10
-1307931.7987581326,1819429.0378044923,10
-1307468.486041605,1819429.0378044923,10
-1307005.1733250776,1819429.0378044923,10
-1306541.86060855,1819429.0378044923,16
-1306078.5478920226,1819429.0378044923,16
-1305615.235175495,1819429.0378044923,16
-1305151.9224589677,1819429.0378044923,16
-1304688.60974244,1819429.0378044923,16
-1304225.2970259127,1819429.0378044923,10
-1303761.984309385,1819429.0378044923,10
-1303298.6715928577,1819429.0378044923,10
-1302835.35887633,1819429.0378044923,10
-1302372.0461598027,1819429.0378044923,10
-1301908.733443275,1819429.0378044923,10
-1301445.4207267477,1819429.0378044923,10
-1300982.10801022,1819429.0378044923,10
-1300518.7952936925,1819429.0378044923,10
-1300055.4825771651,1819429.0378044923,10
-1299592.1698606375,1819429.0378044923,10
-1299128.8571441101,1819429.0378044923,10
-1298665.5444275825,1819429.0378044923,10
-1298202.2317110552,1819429.0378044923,10
-1297738.9189945275,1819429.0378044923,10
-1297275.6062780002,1819429.0378044923,10
-1296812.2935614726,1819429.0378044923,10
-1296348.9808449452,1819429.0378044923,16
-1295885.6681284176,1819429.0378044923,16
-1295422.3554118902,1819429.0378044923,16
-1294959.0426953626,1819429.0378044923,16
-1294495.7299788352,1819429.0378044923,10
-1294032.4172623076,1819429.0378044923,10
-1293569.10454578,1819429.0378044923,10
-1293105.7918292526,1819429.0378044923,16
-1292642.479112725,1819429.0378044923,10
-1292179.1663961976,1819429.0378044923,10
-1291715.85367967,1819429.0378044923,10
-1291252.5409631426,1819429.0378044923,10
-1290789.228246615,1819429.0378044923,10
-1290325.9155300877,1819429.0378044923,10
-1289862.60281356,1819429.0378044923,7
-1289399.2900970327,1819429.0378044923,10
-1288935.977380505,1819429.0378044923,16
-1288472.6646639777,1819429.0378044923,16
-1288009.35194745,1819429.0378044923,16
-1287546.0392309227,1819429.0378044923,16
-1287082.726514395,1819429.0378044923,16
-1286619.4137978677,1819429.0378044923,10
-1286156.10108134,1819429.0378044923,10
-1285692.7883648127,1819429.0378044923,10
-1285229.4756482851,1819429.0378044923,10
-1284766.1629317575,1819429.0378044923,10
-1284302.8502152301,1819429.0378044923,10
-1283839.5374987025,1819429.0378044923,10
-1283376.2247821752,1819429.0378044923,10
-1282912.9120656475,1819429.0378044923,10
-1282449.5993491202,1819429.0378044923,10
-1281986.2866325926,1819429.0378044923,10
-1281522.9739160652,1819429.0378044923,10
-1281059.6611995376,1819429.0378044923,10
-1280596.3484830102,1819429.0378044923,10
-1280133.0357664826,1819429.0378044923,10
-1279669.7230499552,1819429.0378044923,10
-1279206.4103334276,1819429.0378044923,10
-1278743.0976169002,1819429.0378044923,10
-1278279.7849003726,1819429.0378044923,10
-1277816.472183845,1819429.0378044923,10
-1277353.1594673176,1819429.0378044923,10
-1276889.84675079,1819429.0378044923,10
-1276426.5340342626,1819429.0378044923,10
-1275963.221317735,1819429.0378044923,10
-1275499.9086012077,1819429.0378044923,10
-1275036.59588468,1819429.0378044923,10
-1274573.2831681527,1819429.0378044923,10
-1274109.970451625,1819429.0378044923,10
-1273646.6577350977,1819429.0378044923,10
-1273183.34501857,1819429.0378044923,10
-1272720.0323020427,1819429.0378044923,10
-1272256.719585515,1819429.0378044923,10
-1271793.4068689877,1819429.0378044923,10
-1271330.09415246,1819429.0378044923,10
-1270866.7814359325,1819429.0378044923,10
-1270403.4687194051,1819429.0378044923,10
-1269940.1560028775,1819429.0378044923,10
-1269476.8432863501,1819429.0378044923,10
-1269013.5305698225,1819429.0378044923,10
-1268550.2178532952,1819429.0378044923,10
-1268086.9051367675,1819429.0378044923,10
-1267623.5924202402,1819429.0378044923,10
-1267160.2797037126,1819429.0378044923,10
-1266696.9669871852,1819429.0378044923,10
-1266233.6542706576,1819429.0378044923,10
-1265770.3415541302,1819429.0378044923,10
-1265307.0288376026,1819429.0378044923,10
-1264843.7161210752,1819429.0378044923,10
-1264380.4034045476,1819429.0378044923,10
-1263917.09068802,1819429.0378044923,10
-1263453.7779714926,1819429.0378044923,10
-1262990.465254965,1819429.0378044923,10
-1262527.1525384376,1819429.0378044923,10
-1262063.83982191,1819429.0378044923,10
-1261600.5271053826,1819429.0378044923,10
-1261137.214388855,1819429.0378044923,10
-1260673.9016723277,1819429.0378044923,10
-1260210.5889558,1819429.0378044923,10
-1259747.2762392727,1819429.0378044923,7
-1259283.963522745,1819429.0378044923,10
-1258820.6508062177,1819429.0378044923,10
-1258357.33808969,1819429.0378044923,10
-1257894.0253731627,1819429.0378044923,10
-1257430.712656635,1819429.0378044923,10
-1256967.3999401077,1819429.0378044923,10
-1256504.08722358,1819429.0378044923,10
-1256040.7745070527,1819429.0378044923,10
-1255577.4617905251,1819429.0378044923,7
-1255114.1490739975,1819429.0378044923,10
-1254650.8363574701,1819429.0378044923,10
-1254187.5236409425,1819429.0378044923,10
-1253724.2109244152,1819429.0378044923,10
-1253260.8982078875,1819429.0378044923,10
-1252797.5854913602,1819429.0378044923,10
-1252334.2727748326,1819429.0378044923,10
-1251870.9600583052,1819429.0378044923,10
-1251407.6473417776,1819429.0378044923,10
-1250944.3346252502,1819429.0378044923,10
-1250481.0219087226,1819429.0378044923,10
-1250017.7091921952,1819429.0378044923,10
-1249554.3964756676,1819429.0378044923,10
-1249091.0837591402,1819429.0378044923,10
-1248627.7710426126,1819429.0378044923,10
-1248164.458326085,1819429.0378044923,10
-1247701.1456095576,1819429.0378044923,10
-1247237.83289303,1819429.0378044923,10
-1246774.5201765026,1819429.0378044923,10
-1246311.207459975,1819429.0378044923,10
-1245847.8947434477,1819429.0378044923,10
-1245384.58202692,1819429.0378044923,10
-1244921.2693103927,1819429.0378044923,10
-1244457.956593865,1819429.0378044923,10
-1243994.6438773377,1819429.0378044923,10
-1243531.33116081,1819429.0378044923,10
-1243068.0184442827,1819429.0378044923,10
-1242604.705727755,1819429.0378044923,10
-1242141.3930112277,1819429.0378044923,10
-1241678.0802947,1819429.0378044923,10
-1241214.7675781725,1819429.0378044923,10
-1240751.4548616451,1819429.0378044923,10
-1240288.1421451175,1819429.0378044923,10
-1239824.8294285901,1819429.0378044923,10
-1239361.5167120625,1819429.0378044923,10
-1238898.2039955352,1819429.0378044923,10
-1238434.8912790075,1819429.0378044923,10
-1237971.5785624802,1819429.0378044923,10
-1237508.2658459526,1819429.0378044923,10
-1237044.9531294252,1819429.0378044923,10
-1236581.6404128976,1819429.0378044923,10
-1236118.3276963702,1819429.0378044923,10
-1235655.0149798426,1819429.0378044923,10
-1235191.7022633152,1819429.0378044923,10
-1234728.3895467876,1819429.0378044923,10
-1234265.07683026,1819429.0378044923,10
-1233801.7641137326,1819429.0378044923,10
-1233338.4513972052,1819429.0378044923,10
-1232875.1386806776,1819429.0378044923,10
-1232411.82596415,1819429.0378044923,10
-1231948.5132476226,1819429.0378044923,10
-1231485.200531095,1819429.0378044923,10
-1231021.8878145677,1819429.0378044923,10
-1230558.57509804,1819429.0378044923,10
-1230095.2623815127,1819429.0378044923,10
-1229631.949664985,1819429.0378044923,10
-1229168.6369484577,1819429.0378044923,10
-1228705.32423193,1819429.0378044923,10
-1228242.0115154027,1819429.0378044923,10
-1227778.698798875,1819429.0378044923,10
-1227315.3860823475,1819429.0378044923,10
-1226852.07336582,1819429.0378044923,10
-1226388.7606492927,1819429.0378044923,10
-1225925.4479327651,1819429.0378044923,10
-1225462.1352162375,1819429.0378044923,10
-1224998.8224997101,1819429.0378044923,10
-1224535.5097831825,1819429.0378044923,10
-1224072.1970666551,1819429.0378044923,10
-1223608.8843501275,1819429.0378044923,10
-1223145.5716336002,1819429.0378044923,10
-1222682.2589170726,1819429.0378044923,10
-1222218.9462005452,1819429.0378044923,10
-1221755.6334840176,1819429.0378044923,10
-1221292.3207674902,1819429.0378044923,10
-1220829.0080509626,1819429.0378044923,10
-1220365.6953344352,1819429.0378044923,10
-1219902.3826179076,1819429.0378044923,10
-1219439.0699013802,1819429.0378044923,10
-1218975.7571848526,1819429.0378044923,10
-1218512.444468325,1819429.0378044923,10
-1218049.1317517976,1819429.0378044923,10
-1217585.81903527,1819429.0378044923,10
-1217122.5063187426,1819429.0378044923,10
-1216659.193602215,1819429.0378044923,10
-1216195.8808856877,1819429.0378044923,10
-1215732.56816916,1819429.0378044923,10
-1215269.2554526327,1819429.0378044923,10
-1214805.942736105,1819429.0378044923,10
-1214342.6300195777,1819429.0378044923,10
-1213879.31730305,1819429.0378044923,10
-1213416.0045865227,1819429.0378044923,10
-1212952.691869995,1819429.0378044923,10
-1212489.3791534677,1819429.0378044923,10
-1212026.06643694,1819429.0378044923,10
-1211562.7537204125,1819429.0378044923,10
-1211099.4410038851,1819429.0378044923,10
-1210636.1282873575,1819429.0378044923,10
-1210172.8155708301,1819429.0378044923,10
-1209709.5028543025,1819429.0378044923,10
-1209246.1901377751,1819429.0378044923,10
-1208782.8774212475,1819429.0378044923,10
-1208319.5647047202,1819429.0378044923,10
-1207856.2519881926,1819429.0378044923,10
-1207392.9392716652,1819429.0378044923,10
-1206929.6265551376,1819429.0378044923,10
-1206466.3138386102,1819429.0378044923,10
-1206003.0011220826,1819429.0378044923,10
-1205539.6884055552,1819429.0378044923,10
-1205076.3756890276,1819429.0378044923,10
-1204613.0629725,1819429.0378044923,10
-1204149.7502559726,1819429.0378044923,10
-1203686.4375394452,1819429.0378044923,10
-1203223.1248229176,1819429.0378044923,10
-1202759.81210639,1819429.0378044923,10
-1202296.4993898626,1819429.0378044923,10
-1201833.186673335,1819429.0378044923,10
-1201369.8739568077,1819429.0378044923,10
-1200906.56124028,1819429.0378044923,10
-1200443.2485237527,1819429.0378044923,10
-1199979.935807225,1819429.0378044923,10
-1199516.6230906977,1819429.0378044923,10
-1199053.31037417,1819429.0378044923,10
-1198589.9976576427,1819429.0378044923,10
-1198126.684941115,1819429.0378044923,10
-1197663.3722245875,1819429.0378044923,10
-1197200.05950806,1819429.0378044923,10
-1196736.7467915327,1819429.0378044923,10
-1196273.4340750051,1819429.0378044923,10
-1195810.1213584775,1819429.0378044923,10
-1195346.8086419501,1819429.0378044923,10
-1194883.4959254225,1819429.0378044923,10
-1194420.1832088951,1819429.0378044923,10
-1193956.8704923675,1819429.0378044923,10
-1193493.5577758402,1819429.0378044923,10
-1193030.2450593126,1819429.0378044923,10
-1192566.9323427852,1819429.0378044923,10
-1192103.6196262576,1819429.0378044923,10
-1191640.3069097302,1819429.0378044923,10
-1191176.9941932026,1819429.0378044923,10
-1190713.6814766752,1819429.0378044923,10
-1190250.3687601476,1819429.0378044923,10
-1189787.0560436202,1819429.0378044923,10
-1189323.7433270926,1819429.0378044923,10
-1188860.430610565,1819429.0378044923,10
-1188397.1178940376,1819429.0378044923,10
-1187933.80517751,1819429.0378044923,10
-1187470.4924609826,1819429.0378044923,10
-1187007.179744455,1819429.0378044923,10
-1186543.8670279277,1819429.0378044923,10
-1186080.5543114,1819429.0378044923,10
-1185617.2415948727,1819429.0378044923,10
-1185153.928878345,1819429.0378044923,10
-1184690.6161618177,1819429.0378044923,10
-1184227.30344529,1819429.0378044923,10
-1183763.9907287627,1819429.0378044923,10
-1183300.678012235,1819429.0378044923,10
-1182837.3652957077,1819429.0378044923,10
-1182374.05257918,1819429.0378044923,10
-1181910.7398626525,1819429.0378044923,10
-1181447.4271461251,1819429.0378044923,10
-1180984.1144295975,1819429.0378044923,10
-1180520.8017130701,1819429.0378044923,10
-1180057.4889965425,1819429.0378044923,10
-1179594.1762800151,1819429.0378044923,10
-1179130.8635634875,1819429.0378044923,10
-1178667.5508469602,1819429.0378044923,10
-1178204.2381304326,1819429.0378044923,10
-1177740.9254139052,1819429.0378044923,10
-1177277.6126973776,1819429.0378044923,10
-1176814.2999808502,1819429.0378044923,10
-1176350.9872643226,1819429.0378044923,10
-1175887.6745477952,1819429.0378044923,10
-1175424.3618312676,1819429.0378044923,10
-1174961.04911474,1819429.0378044923,10
-1174497.7363982126,1819429.0378044923,10
-1174034.4236816852,1819429.0378044923,10
-1173571.1109651576,1819429.0378044923,10
-1173107.79824863,1819429.0378044923,10
-1172644.4855321026,1819429.0378044923,10
-1172181.172815575,1819429.0378044923,10
-1171717.8600990477,1819429.0378044923,10
-1171254.54738252,1819429.0378044923,10
-1170791.2346659927,1819429.0378044923,10
-1170327.921949465,1819429.0378044923,10
-1169864.6092329377,1819429.0378044923,10
-1169401.29651641,1819429.0378044923,10
-1168937.9837998827,1819429.0378044923,10
-1168474.671083355,1819429.0378044923,10
-1168011.3583668275,1819429.0378044923,10
-1167548.0456503,1819429.0378044923,10
-1167084.7329337727,1819429.0378044923,10
-1166621.4202172451,1819429.0378044923,10
-1166158.1075007175,1819429.0378044923,10
-1165694.7947841901,1819429.0378044923,10
-1165231.4820676625,1819429.0378044923,10
-1164768.1693511351,1819429.0378044923,10
-1164304.8566346075,1819429.0378044923,10
-1163841.5439180802,1819429.0378044923,10
-1163378.2312015526,1819429.0378044923,10
-1162914.9184850252,1819429.0378044923,10
-1162451.6057684976,1819429.0378044923,10
-1161988.2930519702,1819429.0378044923,10
-1161524.9803354426,1819429.0378044923,10
-1161061.6676189152,1819429.0378044923,10
-1160598.3549023876,1819429.0378044923,10
-1160135.0421858602,1819429.0378044923,10
-1159671.7294693326,1819429.0378044923,10
-1159208.416752805,1819429.0378044923,10
-1158745.1040362776,1819429.0378044923,10
-1158281.79131975,1819429.0378044923,10
-1157818.4786032226,1819429.0378044923,10
-1157355.165886695,1819429.0378044923,10
-1156891.8531701677,1819429.0378044923,10
-1156428.54045364,1819429.0378044923,10
-1155965.2277371127,1819429.0378044923,7
-1324611.0565531226,1818965.7250879647,10
-1324147.7438365952,1818965.7250879647,10
-1323684.4311200676,1818965.7250879647,10
-1323221.11840354,1818965.7250879647,10
-1322757.8056870126,1818965.7250879647,16
-1322294.492970485,1818965.7250879647,16
-1321831.1802539576,1818965.7250879647,16
-1321367.86753743,1818965.7250879647,16
-1320904.5548209026,1818965.7250879647,16
-1320441.242104375,1818965.7250879647,16
-1319977.9293878477,1818965.7250879647,16
-1319514.61667132,1818965.7250879647,16
-1319051.3039547927,1818965.7250879647,16
-1318587.991238265,1818965.7250879647,16
-1318124.6785217377,1818965.7250879647,16
-1317661.36580521,1818965.7250879647,16
-1317198.0530886827,1818965.7250879647,16
-1316734.740372155,1818965.7250879647,16
-1316271.4276556277,1818965.7250879647,16
-1315808.1149391,1818965.7250879647,16
-1315344.8022225727,1818965.7250879647,16
-1314881.4895060451,1818965.7250879647,16
-1314418.1767895175,1818965.7250879647,16
-1313954.8640729901,1818965.7250879647,10
-1313491.5513564625,1818965.7250879647,10
-1313028.2386399352,1818965.7250879647,10
-1312564.9259234075,1818965.7250879647,10
-1312101.6132068802,1818965.7250879647,10
-1311638.3004903526,1818965.7250879647,10
-1311174.9877738252,1818965.7250879647,16
-1310711.6750572976,1818965.7250879647,10
-1310248.3623407702,1818965.7250879647,10
-1309785.0496242426,1818965.7250879647,10
-1309321.7369077152,1818965.7250879647,10
-1308858.4241911876,1818965.7250879647,10
-1308395.1114746602,1818965.7250879647,10
-1307931.7987581326,1818965.7250879647,10
-1307468.486041605,1818965.7250879647,10
-1307005.1733250776,1818965.7250879647,10
-1306541.86060855,1818965.7250879647,10
-1306078.5478920226,1818965.7250879647,10
-1305615.235175495,1818965.7250879647,16
-1305151.9224589677,1818965.7250879647,16
-1304688.60974244,1818965.7250879647,10
-1304225.2970259127,1818965.7250879647,10
-1303761.984309385,1818965.7250879647,10
-1303298.6715928577,1818965.7250879647,10
-1302835.35887633,1818965.7250879647,10
-1302372.0461598027,1818965.7250879647,10
-1301908.733443275,1818965.7250879647,10
-1301445.4207267477,1818965.7250879647,10
-1300982.10801022,1818965.7250879647,10
-1300518.7952936925,1818965.7250879647,10
-1300055.4825771651,1818965.7250879647,10
-1299592.1698606375,1818965.7250879647,10
-1299128.8571441101,1818965.7250879647,10
-1298665.5444275825,1818965.7250879647,10
-1298202.2317110552,1818965.7250879647,10
-1297738.9189945275,1818965.7250879647,10
-1297275.6062780002,1818965.7250879647,10
-1296812.2935614726,1818965.7250879647,10
-1296348.9808449452,1818965.7250879647,16
-1295885.6681284176,1818965.7250879647,16
-1295422.3554118902,1818965.7250879647,10
-1294959.0426953626,1818965.7250879647,16
-1294495.7299788352,1818965.7250879647,10
-1294032.4172623076,1818965.7250879647,16
-1293569.10454578,1818965.7250879647,10
-1293105.7918292526,1818965.7250879647,10
-1292642.479112725,1818965.7250879647,10
-1292179.1663961976,1818965.7250879647,10
-1291715.85367967,1818965.7250879647,10
-1291252.5409631426,1818965.7250879647,10
-1290789.228246615,1818965.7250879647,10
-1290325.9155300877,1818965.7250879647,10
-1289862.60281356,1818965.7250879647,10
-1289399.2900970327,1818965.7250879647,10
-1288935.977380505,1818965.7250879647,10
-1288472.6646639777,1818965.7250879647,10
-1288009.35194745,1818965.7250879647,10
-1287546.0392309227,1818965.7250879647,10
-1287082.726514395,1818965.7250879647,16
-1286619.4137978677,1818965.7250879647,16
-1286156.10108134,1818965.7250879647,10
-1285692.7883648127,1818965.7250879647,10
-1285229.4756482851,1818965.7250879647,10
-1284766.1629317575,1818965.7250879647,10
-1284302.8502152301,1818965.7250879647,10
-1283839.5374987025,1818965.7250879647,16
-1283376.2247821752,1818965.7250879647,10
-1282912.9120656475,1818965.7250879647,10
-1282449.5993491202,1818965.7250879647,10
-1281986.2866325926,1818965.7250879647,10
-1281522.9739160652,1818965.7250879647,10
-1281059.6611995376,1818965.7250879647,10
-1280596.3484830102,1818965.7250879647,10
-1280133.0357664826,1818965.7250879647,10
-1279669.7230499552,1818965.7250879647,10
-1279206.4103334276,1818965.7250879647,10
-1278743.0976169002,1818965.7250879647,10
-1278279.7849003726,1818965.7250879647,10
-1277816.472183845,1818965.7250879647,10
-1277353.1594673176,1818965.7250879647,10
-1276889.84675079,1818965.7250879647,10
-1276426.5340342626,1818965.7250879647,10
-1275963.221317735,1818965.7250879647,10
-1275499.9086012077,1818965.7250879647,10
-1275036.59588468,1818965.7250879647,10
-1274573.2831681527,1818965.7250879647,10
-1274109.970451625,1818965.7250879647,10
-1273646.6577350977,1818965.7250879647,10
-1273183.34501857,1818965.7250879647,10
-1272720.0323020427,1818965.7250879647,10
-1272256.719585515,1818965.7250879647,10
-1271793.4068689877,1818965.7250879647,10
-1271330.09415246,1818965.7250879647,10
-1270866.7814359325,1818965.7250879647,10
-1270403.4687194051,1818965.7250879647,10
-1269940.1560028775,1818965.7250879647,10
-1269476.8432863501,1818965.7250879647,10
-1269013.5305698225,1818965.7250879647,10
-1268550.2178532952,1818965.7250879647,10
-1268086.9051367675,1818965.7250879647,10
-1267623.5924202402,1818965.7250879647,10
-1267160.2797037126,1818965.7250879647,10
-1266696.9669871852,1818965.7250879647,10
-1266233.6542706576,1818965.7250879647,10
-1265770.3415541302,1818965.7250879647,10
-1265307.0288376026,1818965.7250879647,10
-1264843.7161210752,1818965.7250879647,10
-1264380.4034045476,1818965.7250879647,10
-1263917.09068802,1818965.7250879647,10
-1263453.7779714926,1818965.7250879647,10
-1262990.465254965,1818965.7250879647,10
-1262527.1525384376,1818965.7250879647,10
-1262063.83982191,1818965.7250879647,10
-1261600.5271053826,1818965.7250879647,10
-1261137.214388855,1818965.7250879647,10
-1260673.9016723277,1818965.7250879647,10
-1260210.5889558,1818965.7250879647,10
-1259747.2762392727,1818965.7250879647,10
-1259283.963522745,1818965.7250879647,10
-1258820.6508062177,1818965.7250879647,10
-1258357.33808969,1818965.7250879647,10
-1257894.0253731627,1818965.7250879647,10
-1257430.712656635,1818965.7250879647,7
-1256967.3999401077,1818965.7250879647,7
-1256504.08722358,1818965.7250879647,10
-1256040.7745070527,1818965.7250879647,7
-1255577.4617905251,1818965.7250879647,10
-1255114.1490739975,1818965.7250879647,10
-1254650.8363574701,1818965.7250879647,7
-1254187.5236409425,1818965.7250879647,10
-1253724.2109244152,1818965.7250879647,10
-1253260.8982078875,1818965.7250879647,7
-1252797.5854913602,1818965.7250879647,7
-1252334.2727748326,1818965.7250879647,7
-1251870.9600583052,1818965.7250879647,10
-1251407.6473417776,1818965.7250879647,10
-1250944.3346252502,1818965.7250879647,10
-1250481.0219087226,1818965.7250879647,10
-1250017.7091921952,1818965.7250879647,10
-1249554.3964756676,1818965.7250879647,10
-1249091.0837591402,1818965.7250879647,10
-1248627.7710426126,1818965.7250879647,10
-1248164.458326085,1818965.7250879647,10
-1247701.1456095576,1818965.7250879647,10
-1247237.83289303,1818965.7250879647,10
-1246774.5201765026,1818965.7250879647,10
-1246311.207459975,1818965.7250879647,10
-1245847.8947434477,1818965.7250879647,10
-1245384.58202692,1818965.7250879647,10
-1244921.2693103927,1818965.7250879647,10
-1244457.956593865,1818965.7250879647,10
-1243994.6438773377,1818965.7250879647,10
-1243531.33116081,1818965.7250879647,10
-1243068.0184442827,1818965.7250879647,10
-1242604.705727755,1818965.7250879647,10
-1242141.3930112277,1818965.7250879647,10
-1241678.0802947,1818965.7250879647,10
-1241214.7675781725,1818965.7250879647,10
-1240751.4548616451,1818965.7250879647,10
-1240288.1421451175,1818965.7250879647,10
-1239824.8294285901,1818965.7250879647,10
-1239361.5167120625,1818965.7250879647,10
-1238898.2039955352,1818965.7250879647,10
-1238434.8912790075,1818965.7250879647,10
-1237971.5785624802,1818965.7250879647,10
-1237508.2658459526,1818965.7250879647,10
-1237044.9531294252,1818965.7250879647,10
-1236581.6404128976,1818965.7250879647,10
-1236118.3276963702,1818965.7250879647,10
-1235655.0149798426,1818965.7250879647,10
-1235191.7022633152,1818965.7250879647,10
-1234728.3895467876,1818965.7250879647,10
-1234265.07683026,1818965.7250879647,10
-1233801.7641137326,1818965.7250879647,10
-1233338.4513972052,1818965.7250879647,10
-1232875.1386806776,1818965.7250879647,10
-1232411.82596415,1818965.7250879647,10
-1231948.5132476226,1818965.7250879647,10
-1231485.200531095,1818965.7250879647,10
-1231021.8878145677,1818965.7250879647,10
-1230558.57509804,1818965.7250879647,10
-1230095.2623815127,1818965.7250879647,10
-1229631.949664985,1818965.7250879647,10
-1229168.6369484577,1818965.7250879647,10
-1228705.32423193,1818965.7250879647,10
-1228242.0115154027,1818965.7250879647,10
-1227778.698798875,1818965.7250879647,10
-1227315.3860823475,1818965.7250879647,10
-1226852.07336582,1818965.7250879647,10
-1226388.7606492927,1818965.7250879647,10
-1225925.4479327651,1818965.7250879647,10
-1225462.1352162375,1818965.7250879647,10
-1224998.8224997101,1818965.7250879647,10
-1224535.5097831825,1818965.7250879647,10
-1224072.1970666551,1818965.7250879647,10
-1223608.8843501275,1818965.7250879647,10
-1223145.5716336002,1818965.7250879647,10
-1222682.2589170726,1818965.7250879647,10
-1222218.9462005452,1818965.7250879647,10
-1221755.6334840176,1818965.7250879647,10
-1221292.3207674902,1818965.7250879647,10
-1220829.0080509626,1818965.7250879647,10
-1220365.6953344352,1818965.7250879647,10
-1219902.3826179076,1818965.7250879647,10
-1219439.0699013802,1818965.7250879647,10
-1218975.7571848526,1818965.7250879647,10
-1218512.444468325,1818965.7250879647,10
-1218049.1317517976,1818965.7250879647,10
-1217585.81903527,1818965.7250879647,10
-1217122.5063187426,1818965.7250879647,10
-1216659.193602215,1818965.7250879647,10
-1216195.8808856877,1818965.7250879647,10
-1215732.56816916,1818965.7250879647,10
-1215269.2554526327,1818965.7250879647,10
-1214805.942736105,1818965.7250879647,10
-1214342.6300195777,1818965.7250879647,10
-1213879.31730305,1818965.7250879647,10
-1213416.0045865227,1818965.7250879647,10
-1212952.691869995,1818965.7250879647,10
-1212489.3791534677,1818965.7250879647,10
-1212026.06643694,1818965.7250879647,10
-1211562.7537204125,1818965.7250879647,10
-1211099.4410038851,1818965.7250879647,10
-1210636.1282873575,1818965.7250879647,10
-1210172.8155708301,1818965.7250879647,10
-1209709.5028543025,1818965.7250879647,10
-1209246.1901377751,1818965.7250879647,10
-1208782.8774212475,1818965.7250879647,10
-1208319.5647047202,1818965.7250879647,10
-1207856.2519881926,1818965.7250879647,10
-1207392.9392716652,1818965.7250879647,10
-1206929.6265551376,1818965.7250879647,10
-1206466.3138386102,1818965.7250879647,10
-1206003.0011220826,1818965.7250879647,10
-1205539.6884055552,1818965.7250879647,10
-1205076.3756890276,1818965.7250879647,10
-1204613.0629725,1818965.7250879647,10
-1204149.7502559726,1818965.7250879647,10
-1203686.4375394452,1818965.7250879647,10
-1203223.1248229176,1818965.7250879647,10
-1202759.81210639,1818965.7250879647,10
-1202296.4993898626,1818965.7250879647,10
-1201833.186673335,1818965.7250879647,10
-1201369.8739568077,1818965.7250879647,10
-1200906.56124028,1818965.7250879647,10
-1200443.2485237527,1818965.7250879647,10
-1199979.935807225,1818965.7250879647,10
-1199516.6230906977,1818965.7250879647,10
-1199053.31037417,1818965.7250879647,10
-1198589.9976576427,1818965.7250879647,10
-1198126.684941115,1818965.7250879647,10
-1197663.3722245875,1818965.7250879647,10
-1197200.05950806,1818965.7250879647,10
-1196736.7467915327,1818965.7250879647,10
-1196273.4340750051,1818965.7250879647,10
-1195810.1213584775,1818965.7250879647,10
-1195346.8086419501,1818965.7250879647,10
-1194883.4959254225,1818965.7250879647,10
-1194420.1832088951,1818965.7250879647,10
-1193956.8704923675,1818965.7250879647,10
-1193493.5577758402,1818965.7250879647,10
-1193030.2450593126,1818965.7250879647,10
-1192566.9323427852,1818965.7250879647,10
-1192103.6196262576,1818965.7250879647,10
-1191640.3069097302,1818965.7250879647,10
-1191176.9941932026,1818965.7250879647,10
-1190713.6814766752,1818965.7250879647,10
-1190250.3687601476,1818965.7250879647,10
-1189787.0560436202,1818965.7250879647,10
-1189323.7433270926,1818965.7250879647,10
-1188860.430610565,1818965.7250879647,10
-1188397.1178940376,1818965.7250879647,10
-1187933.80517751,1818965.7250879647,10
-1187470.4924609826,1818965.7250879647,10
-1187007.179744455,1818965.7250879647,10
-1186543.8670279277,1818965.7250879647,10
-1186080.5543114,1818965.7250879647,10
-1185617.2415948727,1818965.7250879647,10
-1185153.928878345,1818965.7250879647,10
-1184690.6161618177,1818965.7250879647,10
-1184227.30344529,1818965.7250879647,10
-1183763.9907287627,1818965.7250879647,10
-1183300.678012235,1818965.7250879647,10
-1182837.3652957077,1818965.7250879647,10
-1182374.05257918,1818965.7250879647,10
-1181910.7398626525,1818965.7250879647,10
-1181447.4271461251,1818965.7250879647,10
-1180984.1144295975,1818965.7250879647,10
-1180520.8017130701,1818965.7250879647,10
-1180057.4889965425,1818965.7250879647,10
-1179594.1762800151,1818965.7250879647,10
-1179130.8635634875,1818965.7250879647,10
-1178667.5508469602,1818965.7250879647,10
-1178204.2381304326,1818965.7250879647,10
-1177740.9254139052,1818965.7250879647,10
-1177277.6126973776,1818965.7250879647,10
-1176814.2999808502,1818965.7250879647,10
-1176350.9872643226,1818965.7250879647,10
-1175887.6745477952,1818965.7250879647,10
-1175424.3618312676,1818965.7250879647,10
-1174961.04911474,1818965.7250879647,10
-1174497.7363982126,1818965.7250879647,10
-1174034.4236816852,1818965.7250879647,10
-1173571.1109651576,1818965.7250879647,10
-1173107.79824863,1818965.7250879647,10
-1172644.4855321026,1818965.7250879647,10
-1172181.172815575,1818965.7250879647,10
-1171717.8600990477,1818965.7250879647,10
-1171254.54738252,1818965.7250879647,10
-1170791.2346659927,1818965.7250879647,10
-1170327.921949465,1818965.7250879647,10
-1169864.6092329377,1818965.7250879647,10
-1169401.29651641,1818965.7250879647,10
-1168937.9837998827,1818965.7250879647,10
-1168474.671083355,1818965.7250879647,10
-1168011.3583668275,1818965.7250879647,10
-1167548.0456503,1818965.7250879647,10
-1167084.7329337727,1818965.7250879647,10
-1166621.4202172451,1818965.7250879647,10
-1166158.1075007175,1818965.7250879647,10
-1165694.7947841901,1818965.7250879647,10
-1165231.4820676625,1818965.7250879647,10
-1164768.1693511351,1818965.7250879647,10
-1164304.8566346075,1818965.7250879647,10
-1163841.5439180802,1818965.7250879647,10
-1163378.2312015526,1818965.7250879647,10
-1162914.9184850252,1818965.7250879647,10
-1162451.6057684976,1818965.7250879647,10
-1161988.2930519702,1818965.7250879647,10
-1161524.9803354426,1818965.7250879647,10
-1161061.6676189152,1818965.7250879647,10
-1160598.3549023876,1818965.7250879647,10
-1160135.0421858602,1818965.7250879647,10
-1159671.7294693326,1818965.7250879647,10
-1159208.416752805,1818965.7250879647,10
-1158745.1040362776,1818965.7250879647,10
-1158281.79131975,1818965.7250879647,10
-1157818.4786032226,1818965.7250879647,10
-1157355.165886695,1818965.7250879647,10
-1156891.8531701677,1818965.7250879647,10
-1156428.54045364,1818965.7250879647,10
-1324611.0565531226,1818502.4123714373,10
-1324147.7438365952,1818502.4123714373,10
-1323684.4311200676,1818502.4123714373,10
-1323221.11840354,1818502.4123714373,16
-1322757.8056870126,1818502.4123714373,16
-1322294.492970485,1818502.4123714373,16
-1321831.1802539576,1818502.4123714373,16
-1321367.86753743,1818502.4123714373,16
-1320904.5548209026,1818502.4123714373,10
-1320441.242104375,1818502.4123714373,16
-1319977.9293878477,1818502.4123714373,16
-1319514.61667132,1818502.4123714373,16
-1319051.3039547927,1818502.4123714373,16
-1318587.991238265,1818502.4123714373,16
-1318124.6785217377,1818502.4123714373,16
-1317661.36580521,1818502.4123714373,16
-1317198.0530886827,1818502.4123714373,16
-1316734.740372155,1818502.4123714373,16
-1316271.4276556277,1818502.4123714373,16
-1315808.1149391,1818502.4123714373,16
-1315344.8022225727,1818502.4123714373,16
-1314881.4895060451,1818502.4123714373,16
-1314418.1767895175,1818502.4123714373,16
-1313954.8640729901,1818502.4123714373,10
-1313491.5513564625,1818502.4123714373,10
-1313028.2386399352,1818502.4123714373,10
-1312564.9259234075,1818502.4123714373,10
-1312101.6132068802,1818502.4123714373,10
-1311638.3004903526,1818502.4123714373,10
-1311174.9877738252,1818502.4123714373,10
-1310711.6750572976,1818502.4123714373,10
-1310248.3623407702,1818502.4123714373,10
-1309785.0496242426,1818502.4123714373,10
-1309321.7369077152,1818502.4123714373,10
-1308858.4241911876,1818502.4123714373,10
-1308395.1114746602,1818502.4123714373,10
-1307931.7987581326,1818502.4123714373,10
-1307468.486041605,1818502.4123714373,10
-1307005.1733250776,1818502.4123714373,10
-1306541.86060855,1818502.4123714373,10
-1306078.5478920226,1818502.4123714373,10
-1305615.235175495,1818502.4123714373,10
-1305151.9224589677,1818502.4123714373,10
-1304688.60974244,1818502.4123714373,10
-1304225.2970259127,1818502.4123714373,10
-1303761.984309385,1818502.4123714373,10
-1303298.6715928577,1818502.4123714373,10
-1302835.35887633,1818502.4123714373,10
-1302372.0461598027,1818502.4123714373,10
-1301908.733443275,1818502.4123714373,10
-1301445.4207267477,1818502.4123714373,10
-1300982.10801022,1818502.4123714373,10
-1300518.7952936925,1818502.4123714373,10
-1300055.4825771651,1818502.4123714373,10
-1299592.1698606375,1818502.4123714373,10
-1299128.8571441101,1818502.4123714373,10
-1298665.5444275825,1818502.4123714373,10
-1298202.2317110552,1818502.4123714373,10
-1297738.9189945275,1818502.4123714373,10
-1297275.6062780002,1818502.4123714373,10
-1296812.2935614726,1818502.4123714373,10
-1296348.9808449452,1818502.4123714373,16
-1295885.6681284176,1818502.4123714373,16
-1295422.3554118902,1818502.4123714373,16
-1294959.0426953626,1818502.4123714373,16
-1294495.7299788352,1818502.4123714373,16
-1294032.4172623076,1818502.4123714373,16
-1293569.10454578,1818502.4123714373,16
-1293105.7918292526,1818502.4123714373,10
-1292642.479112725,1818502.4123714373,10
-1292179.1663961976,1818502.4123714373,10
-1291715.85367967,1818502.4123714373,10
-1291252.5409631426,1818502.4123714373,10
-1290789.228246615,1818502.4123714373,10
-1290325.9155300877,1818502.4123714373,10
-1289862.60281356,1818502.4123714373,10
-1289399.2900970327,1818502.4123714373,16
-1288935.977380505,1818502.4123714373,10
-1288472.6646639777,1818502.4123714373,10
-1288009.35194745,1818502.4123714373,16
-1287546.0392309227,1818502.4123714373,16
-1287082.726514395,1818502.4123714373,16
-1286619.4137978677,1818502.4123714373,16
-1286156.10108134,1818502.4123714373,10
-1285692.7883648127,1818502.4123714373,10
-1285229.4756482851,1818502.4123714373,10
-1284766.1629317575,1818502.4123714373,16
-1284302.8502152301,1818502.4123714373,16
-1283839.5374987025,1818502.4123714373,16
-1283376.2247821752,1818502.4123714373,10
-1282912.9120656475,1818502.4123714373,10
-1282449.5993491202,1818502.4123714373,10
-1281986.2866325926,1818502.4123714373,10
-1281522.9739160652,1818502.4123714373,10
-1281059.6611995376,1818502.4123714373,10
-1280596.3484830102,1818502.4123714373,10
-1280133.0357664826,1818502.4123714373,10
-1279669.7230499552,1818502.4123714373,10
-1279206.4103334276,1818502.4123714373,10
-1278743.0976169002,1818502.4123714373,10
-1278279.7849003726,1818502.4123714373,10
-1277816.472183845,1818502.4123714373,10
-1277353.1594673176,1818502.4123714373,10
-1276889.84675079,1818502.4123714373,10
-1276426.5340342626,1818502.4123714373,10
-1275963.221317735,1818502.4123714373,10
-1275499.9086012077,1818502.4123714373,10
-1275036.59588468,1818502.4123714373,10
-1274573.2831681527,1818502.4123714373,10
-1274109.970451625,1818502.4123714373,10
-1273646.6577350977,1818502.4123714373,10
-1273183.34501857,1818502.4123714373,10
-1272720.0323020427,1818502.4123714373,10
-1272256.719585515,1818502.4123714373,10
-1271793.4068689877,1818502.4123714373,10
-1271330.09415246,1818502.4123714373,10
-1270866.7814359325,1818502.4123714373,10
-1270403.4687194051,1818502.4123714373,10
-1269940.1560028775,1818502.4123714373,10
-1269476.8432863501,1818502.4123714373,10
-1269013.5305698225,1818502.4123714373,10
-1268550.2178532952,1818502.4123714373,10
-1268086.9051367675,1818502.4123714373,10
-1267623.5924202402,1818502.4123714373,10
-1267160.2797037126,1818502.4123714373,10
-1266696.9669871852,1818502.4123714373,10
-1266233.6542706576,1818502.4123714373,10
-1265770.3415541302,1818502.4123714373,10
-1265307.0288376026,1818502.4123714373,10
-1264843.7161210752,1818502.4123714373,10
-1264380.4034045476,1818502.4123714373,10
-1263917.09068802,1818502.4123714373,10
-1263453.7779714926,1818502.4123714373,10
-1262990.465254965,1818502.4123714373,10
-1262527.1525384376,1818502.4123714373,10
-1262063.83982191,1818502.4123714373,10
-1261600.5271053826,1818502.4123714373,10
-1261137.214388855,1818502.4123714373,10
-1260673.9016723277,1818502.4123714373,10
-1260210.5889558,1818502.4123714373,10
-1259747.2762392727,1818502.4123714373,10
-1259283.963522745,1818502.4123714373,10
-1258820.6508062177,1818502.4123714373,10
-1258357.33808969,1818502.4123714373,10
-1257894.0253731627,1818502.4123714373,7
-1257430.712656635,1818502.4123714373,10
-1256967.3999401077,1818502.4123714373,10
-1256504.08722358,1818502.4123714373,10
-1256040.7745070527,1818502.4123714373,10
-1255577.4617905251,1818502.4123714373,7
-1255114.1490739975,1818502.4123714373,10
-1254650.8363574701,1818502.4123714373,10
-1254187.5236409425,1818502.4123714373,10
-1253724.2109244152,1818502.4123714373,10
-1253260.8982078875,1818502.4123714373,10
-1252797.5854913602,1818502.4123714373,10
-1252334.2727748326,1818502.4123714373,10
-1251870.9600583052,1818502.4123714373,7
-1251407.6473417776,1818502.4123714373,10
-1250944.3346252502,1818502.4123714373,10
-1250481.0219087226,1818502.4123714373,10
-1250017.7091921952,1818502.4123714373,10
-1249554.3964756676,1818502.4123714373,10
-1249091.0837591402,1818502.4123714373,10
-1248627.7710426126,1818502.4123714373,10
-1248164.458326085,1818502.4123714373,10
-1247701.1456095576,1818502.4123714373,10
-1247237.83289303,1818502.4123714373,10
-1246774.5201765026,1818502.4123714373,10
-1246311.207459975,1818502.4123714373,10
-1245847.8947434477,1818502.4123714373,10
-1245384.58202692,1818502.4123714373,10
-1244921.2693103927,1818502.4123714373,10
-1244457.956593865,1818502.4123714373,10
-1243994.6438773377,1818502.4123714373,10
-1243531.33116081,1818502.4123714373,10
-1243068.0184442827,1818502.4123714373,10
-1242604.705727755,1818502.4123714373,10
-1242141.3930112277,1818502.4123714373,10
-1241678.0802947,1818502.4123714373,10
-1241214.7675781725,1818502.4123714373,10
-1240751.4548616451,1818502.4123714373,10
-1240288.1421451175,1818502.4123714373,10
-1239824.8294285901,1818502.4123714373,10
-1239361.5167120625,1818502.4123714373,10
-1238898.2039955352,1818502.4123714373,10
-1238434.8912790075,1818502.4123714373,10
-1237971.5785624802,1818502.4123714373,10
-1237508.2658459526,1818502.4123714373,10
-1237044.9531294252,1818502.4123714373,10
-1236581.6404128976,1818502.4123714373,10
-1236118.3276963702,1818502.4123714373,10
-1235655.0149798426,1818502.4123714373,10
-1235191.7022633152,1818502.4123714373,10
-1234728.3895467876,1818502.4123714373,10
-1234265.07683026,1818502.4123714373,10
-1233801.7641137326,1818502.4123714373,10
-1233338.4513972052,1818502.4123714373,10
-1232875.1386806776,1818502.4123714373,10
-1232411.82596415,1818502.4123714373,10
-1231948.5132476226,1818502.4123714373,10
-1231485.200531095,1818502.4123714373,10
-1231021.8878145677,1818502.4123714373,10
-1230558.57509804,1818502.4123714373,10
-1230095.2623815127,1818502.4123714373,10
-1229631.949664985,1818502.4123714373,10
-1229168.6369484577,1818502.4123714373,10
-1228705.32423193,1818502.4123714373,10
-1228242.0115154027,1818502.4123714373,10
-1227778.698798875,1818502.4123714373,10
-1227315.3860823475,1818502.4123714373,10
-1226852.07336582,1818502.4123714373,10
-1226388.7606492927,1818502.4123714373,10
-1225925.4479327651,1818502.4123714373,10
-1225462.1352162375,1818502.4123714373,10
-1224998.8224997101,1818502.4123714373,10
-1224535.5097831825,1818502.4123714373,10
-1224072.1970666551,1818502.4123714373,10
-1223608.8843501275,1818502.4123714373,10
-1223145.5716336002,1818502.4123714373,10
-1222682.2589170726,1818502.4123714373,10
-1222218.9462005452,1818502.4123714373,10
-1221755.6334840176,1818502.4123714373,10
-1221292.3207674902,1818502.4123714373,10
-1220829.0080509626,1818502.4123714373,10
-1220365.6953344352,1818502.4123714373,10
-1219902.3826179076,1818502.4123714373,10
-1219439.0699013802,1818502.4123714373,10
-1218975.7571848526,1818502.4123714373,10
-1218512.444468325,1818502.4123714373,10
-1218049.1317517976,1818502.4123714373,10
-1217585.81903527,1818502.4123714373,10
-1217122.5063187426,1818502.4123714373,10
-1216659.193602215,1818502.4123714373,10
-1216195.8808856877,1818502.4123714373,10
-1215732.56816916,1818502.4123714373,10
-1215269.2554526327,1818502.4123714373,10
-1214805.942736105,1818502.4123714373,10
-1214342.6300195777,1818502.4123714373,10
-1213879.31730305,1818502.4123714373,10
-1213416.0045865227,1818502.4123714373,10
-1212952.691869995,1818502.4123714373,10
-1212489.3791534677,1818502.4123714373,10
-1212026.06643694,1818502.4123714373,10
-1211562.7537204125,1818502.4123714373,10
-1211099.4410038851,1818502.4123714373,10
-1210636.1282873575,1818502.4123714373,10
-1210172.8155708301,1818502.4123714373,10
-1209709.5028543025,1818502.4123714373,10
-1209246.1901377751,1818502.4123714373,10
-1208782.8774212475,1818502.4123714373,10
-1208319.5647047202,1818502.4123714373,10
-1207856.2519881926,1818502.4123714373,10
-1207392.9392716652,1818502.4123714373,10
-1206929.6265551376,1818502.4123714373,10
-1206466.3138386102,1818502.4123714373,10
-1206003.0011220826,1818502.4123714373,10
-1205539.6884055552,1818502.4123714373,10
-1205076.3756890276,1818502.4123714373,10
-1204613.0629725,1818502.4123714373,10
-1204149.7502559726,1818502.4123714373,10
-1203686.4375394452,1818502.4123714373,10
-1203223.1248229176,1818502.4123714373,10
-1202759.81210639,1818502.4123714373,10
-1202296.4993898626,1818502.4123714373,10
-1201833.186673335,1818502.4123714373,10
-1201369.8739568077,1818502.4123714373,10
-1200906.56124028,1818502.4123714373,10
-1200443.2485237527,1818502.4123714373,10
-1199979.935807225,1818502.4123714373,10
-1199516.6230906977,1818502.4123714373,10
-1199053.31037417,1818502.4123714373,10
-1198589.9976576427,1818502.4123714373,10
-1198126.684941115,1818502.4123714373,10
-1197663.3722245875,1818502.4123714373,10
-1197200.05950806,1818502.4123714373,10
-1196736.7467915327,1818502.4123714373,10
-1196273.4340750051,1818502.4123714373,10
-1195810.1213584775,1818502.4123714373,10
-1195346.8086419501,1818502.4123714373,10
-1194883.4959254225,1818502.4123714373,10
-1194420.1832088951,1818502.4123714373,10
-1193956.8704923675,1818502.4123714373,10
-1193493.5577758402,1818502.4123714373,10
-1193030.2450593126,1818502.4123714373,10
-1192566.9323427852,1818502.4123714373,10
-1192103.6196262576,1818502.4123714373,10
-1191640.3069097302,1818502.4123714373,10
-1191176.9941932026,1818502.4123714373,10
-1190713.6814766752,1818502.4123714373,10
-1190250.3687601476,1818502.4123714373,10
-1189787.0560436202,1818502.4123714373,10
-1189323.7433270926,1818502.4123714373,10
-1188860.430610565,1818502.4123714373,10
-1188397.1178940376,1818502.4123714373,10
-1187933.80517751,1818502.4123714373,10
-1187470.4924609826,1818502.4123714373,10
-1187007.179744455,1818502.4123714373,10
-1186543.8670279277,1818502.4123714373,10
-1186080.5543114,1818502.4123714373,10
-1185617.2415948727,1818502.4123714373,10
-1185153.928878345,1818502.4123714373,10
-1184690.6161618177,1818502.4123714373,10
-1184227.30344529,1818502.4123714373,10
-1183763.9907287627,1818502.4123714373,10
-1183300.678012235,1818502.4123714373,10
-1182837.3652957077,1818502.4123714373,10
-1182374.05257918,1818502.4123714373,10
-1181910.7398626525,1818502.4123714373,10
-1181447.4271461251,1818502.4123714373,10
-1180984.1144295975,1818502.4123714373,10
-1180520.8017130701,1818502.4123714373,10
-1180057.4889965425,1818502.4123714373,10
-1179594.1762800151,1818502.4123714373,10
-1179130.8635634875,1818502.4123714373,10
-1178667.5508469602,1818502.4123714373,10
-1178204.2381304326,1818502.4123714373,10
-1177740.9254139052,1818502.4123714373,10
-1177277.6126973776,1818502.4123714373,10
-1176814.2999808502,1818502.4123714373,10
-1176350.9872643226,1818502.4123714373,10
-1175887.6745477952,1818502.4123714373,10
-1175424.3618312676,1818502.4123714373,10
-1174961.04911474,1818502.4123714373,10
-1174497.7363982126,1818502.4123714373,10
-1174034.4236816852,1818502.4123714373,10
-1173571.1109651576,1818502.4123714373,10
-1173107.79824863,1818502.4123714373,10
-1172644.4855321026,1818502.4123714373,10
-1172181.172815575,1818502.4123714373,10
-1171717.8600990477,1818502.4123714373,10
-1171254.54738252,1818502.4123714373,10
-1170791.2346659927,1818502.4123714373,10
-1170327.921949465,1818502.4123714373,10
-1169864.6092329377,1818502.4123714373,10
-1169401.29651641,1818502.4123714373,10
-1168937.9837998827,1818502.4123714373,10
-1168474.671083355,1818502.4123714373,7
-1168011.3583668275,1818502.4123714373,10
-1167548.0456503,1818502.4123714373,10
-1167084.7329337727,1818502.4123714373,10
-1166621.4202172451,1818502.4123714373,10
-1166158.1075007175,1818502.4123714373,10
-1165694.7947841901,1818502.4123714373,10
-1165231.4820676625,1818502.4123714373,10
-1164768.1693511351,1818502.4123714373,10
-1164304.8566346075,1818502.4123714373,10
-1163841.5439180802,1818502.4123714373,10
-1163378.2312015526,1818502.4123714373,10
-1162914.9184850252,1818502.4123714373,10
-1162451.6057684976,1818502.4123714373,10
-1161988.2930519702,1818502.4123714373,10
-1161524.9803354426,1818502.4123714373,10
-1161061.6676189152,1818502.4123714373,10
-1160598.3549023876,1818502.4123714373,10
-1160135.0421858602,1818502.4123714373,10
-1159671.7294693326,1818502.4123714373,10
-1159208.416752805,1818502.4123714373,10
-1158745.1040362776,1818502.4123714373,10
-1158281.79131975,1818502.4123714373,10
-1157818.4786032226,1818502.4123714373,10
-1157355.165886695,1818502.4123714373,10
-1156891.8531701677,1818502.4123714373,10
-1156428.54045364,1818502.4123714373,10
-1324147.7438365952,1818039.0996549097,10
-1323684.4311200676,1818039.0996549097,10
-1323221.11840354,1818039.0996549097,16
-1322757.8056870126,1818039.0996549097,16
-1322294.492970485,1818039.0996549097,16
-1321831.1802539576,1818039.0996549097,16
-1321367.86753743,1818039.0996549097,16
-1320904.5548209026,1818039.0996549097,16
-1320441.242104375,1818039.0996549097,16
-1319977.9293878477,1818039.0996549097,16
-1319514.61667132,1818039.0996549097,16
-1319051.3039547927,1818039.0996549097,16
-1318587.991238265,1818039.0996549097,16
-1318124.6785217377,1818039.0996549097,16
-1317661.36580521,1818039.0996549097,16
-1317198.0530886827,1818039.0996549097,16
-1316734.740372155,1818039.0996549097,16
-1316271.4276556277,1818039.0996549097,16
-1315808.1149391,1818039.0996549097,16
-1315344.8022225727,1818039.0996549097,16
-1314881.4895060451,1818039.0996549097,16
-1314418.1767895175,1818039.0996549097,16
-1313954.8640729901,1818039.0996549097,10
-1313491.5513564625,1818039.0996549097,10
-1313028.2386399352,1818039.0996549097,10
-1312564.9259234075,1818039.0996549097,10
-1312101.6132068802,1818039.0996549097,10
-1311638.3004903526,1818039.0996549097,10
-1311174.9877738252,1818039.0996549097,10
-1310711.6750572976,1818039.0996549097,10
-1310248.3623407702,1818039.0996549097,10
-1309785.0496242426,1818039.0996549097,10
-1309321.7369077152,1818039.0996549097,10
-1308858.4241911876,1818039.0996549097,10
-1308395.1114746602,1818039.0996549097,10
-1307931.7987581326,1818039.0996549097,10
-1307468.486041605,1818039.0996549097,10
-1307005.1733250776,1818039.0996549097,10
-1306541.86060855,1818039.0996549097,16
-1306078.5478920226,1818039.0996549097,16
-1305615.235175495,1818039.0996549097,16
-1305151.9224589677,1818039.0996549097,16
-1304688.60974244,1818039.0996549097,16
-1304225.2970259127,1818039.0996549097,10
-1303761.984309385,1818039.0996549097,10
-1303298.6715928577,1818039.0996549097,10
-1302835.35887633,1818039.0996549097,10
-1302372.0461598027,1818039.0996549097,10
-1301908.733443275,1818039.0996549097,10
-1301445.4207267477,1818039.0996549097,10
-1300982.10801022,1818039.0996549097,10
-1300518.7952936925,1818039.0996549097,10
-1300055.4825771651,1818039.0996549097,10
-1299592.1698606375,1818039.0996549097,10
-1299128.8571441101,1818039.0996549097,16
-1298665.5444275825,1818039.0996549097,16
-1298202.2317110552,1818039.0996549097,16
-1297738.9189945275,1818039.0996549097,16
-1297275.6062780002,1818039.0996549097,16
-1296812.2935614726,1818039.0996549097,16
-1296348.9808449452,1818039.0996549097,16
-1295885.6681284176,1818039.0996549097,16
-1295422.3554118902,1818039.0996549097,16
-1294959.0426953626,1818039.0996549097,16
-1294495.7299788352,1818039.0996549097,16
-1294032.4172623076,1818039.0996549097,16
-1293569.10454578,1818039.0996549097,16
-1293105.7918292526,1818039.0996549097,16
-1292642.479112725,1818039.0996549097,16
-1292179.1663961976,1818039.0996549097,16
-1291715.85367967,1818039.0996549097,10
-1291252.5409631426,1818039.0996549097,10
-1290789.228246615,1818039.0996549097,10
-1290325.9155300877,1818039.0996549097,10
-1289862.60281356,1818039.0996549097,7
-1289399.2900970327,1818039.0996549097,10
-1288935.977380505,1818039.0996549097,10
-1288472.6646639777,1818039.0996549097,16
-1288009.35194745,1818039.0996549097,16
-1287546.0392309227,1818039.0996549097,16
-1287082.726514395,1818039.0996549097,16
-1286619.4137978677,1818039.0996549097,16
-1286156.10108134,1818039.0996549097,10
-1285692.7883648127,1818039.0996549097,10
-1285229.4756482851,1818039.0996549097,16
-1284766.1629317575,1818039.0996549097,16
-1284302.8502152301,1818039.0996549097,16
-1283839.5374987025,1818039.0996549097,16
-1283376.2247821752,1818039.0996549097,10
-1282912.9120656475,1818039.0996549097,10
-1282449.5993491202,1818039.0996549097,10
-1281986.2866325926,1818039.0996549097,10
-1281522.9739160652,1818039.0996549097,10
-1281059.6611995376,1818039.0996549097,10
-1280596.3484830102,1818039.0996549097,10
-1280133.0357664826,1818039.0996549097,10
-1279669.7230499552,1818039.0996549097,10
-1279206.4103334276,1818039.0996549097,10
-1278743.0976169002,1818039.0996549097,10
-1278279.7849003726,1818039.0996549097,10
-1277816.472183845,1818039.0996549097,10
-1277353.1594673176,1818039.0996549097,10
-1276889.84675079,1818039.0996549097,10
-1276426.5340342626,1818039.0996549097,10
-1275963.221317735,1818039.0996549097,10
-1275499.9086012077,1818039.0996549097,10
-1275036.59588468,1818039.0996549097,10
-1274573.2831681527,1818039.0996549097,10
-1274109.970451625,1818039.0996549097,10
-1273646.6577350977,1818039.0996549097,10
-1273183.34501857,1818039.0996549097,10
-1272720.0323020427,1818039.0996549097,10
-1272256.719585515,1818039.0996549097,10
-1271793.4068689877,1818039.0996549097,10
-1271330.09415246,1818039.0996549097,10
-1270866.7814359325,1818039.0996549097,10
-1270403.4687194051,1818039.0996549097,10
-1269940.1560028775,1818039.0996549097,10
-1269476.8432863501,1818039.0996549097,10
-1269013.5305698225,1818039.0996549097,10
-1268550.2178532952,1818039.0996549097,10
-1268086.9051367675,1818039.0996549097,10
-1267623.5924202402,1818039.0996549097,10
-1267160.2797037126,1818039.0996549097,10
-1266696.9669871852,1818039.0996549097,10
-1266233.6542706576,1818039.0996549097,10
-1265770.3415541302,1818039.0996549097,10
-1265307.0288376026,1818039.0996549097,10
-1264843.7161210752,1818039.0996549097,10
-1264380.4034045476,1818039.0996549097,10
-1263917.09068802,1818039.0996549097,10
-1263453.7779714926,1818039.0996549097,10
-1262990.465254965,1818039.0996549097,10
-1262527.1525384376,1818039.0996549097,10
-1262063.83982191,1818039.0996549097,10
-1261600.5271053826,1818039.0996549097,10
-1261137.214388855,1818039.0996549097,10
-1260673.9016723277,1818039.0996549097,10
-1260210.5889558,1818039.0996549097,10
-1259747.2762392727,1818039.0996549097,10
-1259283.963522745,1818039.0996549097,10
-1258820.6508062177,1818039.0996549097,10
-1258357.33808969,1818039.0996549097,10
-1257894.0253731627,1818039.0996549097,10
-1257430.712656635,1818039.0996549097,10
-1256967.3999401077,1818039.0996549097,7
-1256504.08722358,1818039.0996549097,10
-1256040.7745070527,1818039.0996549097,10
-1255577.4617905251,1818039.0996549097,10
-1255114.1490739975,1818039.0996549097,10
-1254650.8363574701,1818039.0996549097,10
-1254187.5236409425,1818039.0996549097,10
-1253724.2109244152,1818039.0996549097,10
-1253260.8982078875,1818039.0996549097,10
-1252797.5854913602,1818039.0996549097,10
-1252334.2727748326,1818039.0996549097,10
-1251870.9600583052,1818039.0996549097,7
-1251407.6473417776,1818039.0996549097,10
-1250944.3346252502,1818039.0996549097,10
-1250481.0219087226,1818039.0996549097,10
-1250017.7091921952,1818039.0996549097,10
-1249554.3964756676,1818039.0996549097,10
-1249091.0837591402,1818039.0996549097,10
-1248627.7710426126,1818039.0996549097,10
-1248164.458326085,1818039.0996549097,10
-1247701.1456095576,1818039.0996549097,10
-1247237.83289303,1818039.0996549097,10
-1246774.5201765026,1818039.0996549097,10
-1246311.207459975,1818039.0996549097,10
-1245847.8947434477,1818039.0996549097,10
-1245384.58202692,1818039.0996549097,10
-1244921.2693103927,1818039.0996549097,10
-1244457.956593865,1818039.0996549097,10
-1243994.6438773377,1818039.0996549097,10
-1243531.33116081,1818039.0996549097,10
-1243068.0184442827,1818039.0996549097,10
-1242604.705727755,1818039.0996549097,10
-1242141.3930112277,1818039.0996549097,10
-1241678.0802947,1818039.0996549097,10
-1241214.7675781725,1818039.0996549097,10
-1240751.4548616451,1818039.0996549097,10
-1240288.1421451175,1818039.0996549097,10
-1239824.8294285901,1818039.0996549097,10
-1239361.5167120625,1818039.0996549097,10
-1238898.2039955352,1818039.0996549097,10
-1238434.8912790075,1818039.0996549097,10
-1237971.5785624802,1818039.0996549097,10
-1237508.2658459526,1818039.0996549097,10
-1237044.9531294252,1818039.0996549097,10
-1236581.6404128976,1818039.0996549097,10
-1236118.3276963702,1818039.0996549097,10
-1235655.0149798426,1818039.0996549097,10
-1235191.7022633152,1818039.0996549097,10
-1234728.3895467876,1818039.0996549097,10
-1234265.07683026,1818039.0996549097,10
-1233801.7641137326,1818039.0996549097,10
-1233338.4513972052,1818039.0996549097,10
-1232875.1386806776,1818039.0996549097,10
-1232411.82596415,1818039.0996549097,10
-1231948.5132476226,1818039.0996549097,10
-1231485.200531095,1818039.0996549097,10
-1231021.8878145677,1818039.0996549097,10
-1230558.57509804,1818039.0996549097,10
-1230095.2623815127,1818039.0996549097,10
-1229631.949664985,1818039.0996549097,10
-1229168.6369484577,1818039.0996549097,10
-1228705.32423193,1818039.0996549097,10
-1228242.0115154027,1818039.0996549097,10
-1227778.698798875,1818039.0996549097,10
-1227315.3860823475,1818039.0996549097,10
-1226852.07336582,1818039.0996549097,10
-1226388.7606492927,1818039.0996549097,10
-1225925.4479327651,1818039.0996549097,10
-1225462.1352162375,1818039.0996549097,10
-1224998.8224997101,1818039.0996549097,10
-1224535.5097831825,1818039.0996549097,10
-1224072.1970666551,1818039.0996549097,10
-1223608.8843501275,1818039.0996549097,10
-1223145.5716336002,1818039.0996549097,10
-1222682.2589170726,1818039.0996549097,10
-1222218.9462005452,1818039.0996549097,10
-1221755.6334840176,1818039.0996549097,10
-1221292.3207674902,1818039.0996549097,10
-1220829.0080509626,1818039.0996549097,10
-1220365.6953344352,1818039.0996549097,10
-1219902.3826179076,1818039.0996549097,10
-1219439.0699013802,1818039.0996549097,10
-1218975.7571848526,1818039.0996549097,10
-1218512.444468325,1818039.0996549097,10
-1218049.1317517976,1818039.0996549097,10
-1217585.81903527,1818039.0996549097,10
-1217122.5063187426,1818039.0996549097,10
-1216659.193602215,1818039.0996549097,10
-1216195.8808856877,1818039.0996549097,10
-1215732.56816916,1818039.0996549097,10
-1215269.2554526327,1818039.0996549097,10
-1214805.942736105,1818039.0996549097,10
-1214342.6300195777,1818039.0996549097,10
-1213879.31730305,1818039.0996549097,10
-1213416.0045865227,1818039.0996549097,10
-1212952.691869995,1818039.0996549097,10
-1212489.3791534677,1818039.0996549097,10
-1212026.06643694,1818039.0996549097,10
-1211562.7537204125,1818039.0996549097,10
-1211099.4410038851,1818039.0996549097,10
-1210636.1282873575,1818039.0996549097,10
-1210172.8155708301,1818039.0996549097,10
-1209709.5028543025,1818039.0996549097,10
-1209246.1901377751,1818039.0996549097,10
-1208782.8774212475,1818039.0996549097,10
-1208319.5647047202,1818039.0996549097,10
-1207856.2519881926,1818039.0996549097,10
-1207392.9392716652,1818039.0996549097,10
-1206929.6265551376,1818039.0996549097,10
-1206466.3138386102,1818039.0996549097,10
-1206003.0011220826,1818039.0996549097,10
-1205539.6884055552,1818039.0996549097,10
-1205076.3756890276,1818039.0996549097,10
-1204613.0629725,1818039.0996549097,10
-1204149.7502559726,1818039.0996549097,10
-1203686.4375394452,1818039.0996549097,10
-1203223.1248229176,1818039.0996549097,10
-1202759.81210639,1818039.0996549097,10
-1202296.4993898626,1818039.0996549097,10
-1201833.186673335,1818039.0996549097,10
-1201369.8739568077,1818039.0996549097,10
-1200906.56124028,1818039.0996549097,10
-1200443.2485237527,1818039.0996549097,10
-1199979.935807225,1818039.0996549097,10
-1199516.6230906977,1818039.0996549097,10
-1199053.31037417,1818039.0996549097,10
-1198589.9976576427,1818039.0996549097,10
-1198126.684941115,1818039.0996549097,10
-1197663.3722245875,1818039.0996549097,10
-1197200.05950806,1818039.0996549097,10
-1196736.7467915327,1818039.0996549097,10
-1196273.4340750051,1818039.0996549097,10
-1195810.1213584775,1818039.0996549097,10
-1195346.8086419501,1818039.0996549097,10
-1194883.4959254225,1818039.0996549097,10
-1194420.1832088951,1818039.0996549097,10
-1193956.8704923675,1818039.0996549097,10
-1193493.5577758402,1818039.0996549097,10
-1193030.2450593126,1818039.0996549097,10
-1192566.9323427852,1818039.0996549097,10
-1192103.6196262576,1818039.0996549097,10
-1191640.3069097302,1818039.0996549097,10
-1191176.9941932026,1818039.0996549097,10
-1190713.6814766752,1818039.0996549097,10
-1190250.3687601476,1818039.0996549097,10
-1189787.0560436202,1818039.0996549097,10
-1189323.7433270926,1818039.0996549097,10
-1188860.430610565,1818039.0996549097,10
-1188397.1178940376,1818039.0996549097,10
-1187933.80517751,1818039.0996549097,10
-1187470.4924609826,1818039.0996549097,10
-1187007.179744455,1818039.0996549097,10
-1186543.8670279277,1818039.0996549097,10
-1186080.5543114,1818039.0996549097,10
-1185617.2415948727,1818039.0996549097,10
-1185153.928878345,1818039.0996549097,10
-1184690.6161618177,1818039.0996549097,10
-1184227.30344529,1818039.0996549097,10
-1183763.9907287627,1818039.0996549097,10
-1183300.678012235,1818039.0996549097,10
-1182837.3652957077,1818039.0996549097,10
-1182374.05257918,1818039.0996549097,10
-1181910.7398626525,1818039.0996549097,10
-1181447.4271461251,1818039.0996549097,10
-1180984.1144295975,1818039.0996549097,10
-1180520.8017130701,1818039.0996549097,10
-1180057.4889965425,1818039.0996549097,10
-1179594.1762800151,1818039.0996549097,10
-1179130.8635634875,1818039.0996549097,10
-1178667.5508469602,1818039.0996549097,10
-1178204.2381304326,1818039.0996549097,10
-1177740.9254139052,1818039.0996549097,10
-1177277.6126973776,1818039.0996549097,10
-1176814.2999808502,1818039.0996549097,10
-1176350.9872643226,1818039.0996549097,10
-1175887.6745477952,1818039.0996549097,10
-1175424.3618312676,1818039.0996549097,10
-1174961.04911474,1818039.0996549097,10
-1174497.7363982126,1818039.0996549097,10
-1174034.4236816852,1818039.0996549097,10
-1173571.1109651576,1818039.0996549097,10
-1173107.79824863,1818039.0996549097,10
-1172644.4855321026,1818039.0996549097,10
-1172181.172815575,1818039.0996549097,10
-1171717.8600990477,1818039.0996549097,10
-1171254.54738252,1818039.0996549097,10
-1170791.2346659927,1818039.0996549097,10
-1170327.921949465,1818039.0996549097,10
-1169864.6092329377,1818039.0996549097,10
-1169401.29651641,1818039.0996549097,10
-1168937.9837998827,1818039.0996549097,10
-1168474.671083355,1818039.0996549097,10
-1168011.3583668275,1818039.0996549097,10
-1167548.0456503,1818039.0996549097,10
-1167084.7329337727,1818039.0996549097,10
-1166621.4202172451,1818039.0996549097,10
-1166158.1075007175,1818039.0996549097,10
-1165694.7947841901,1818039.0996549097,10
-1165231.4820676625,1818039.0996549097,10
-1164768.1693511351,1818039.0996549097,10
-1164304.8566346075,1818039.0996549097,10
-1163841.5439180802,1818039.0996549097,10
-1163378.2312015526,1818039.0996549097,10
-1162914.9184850252,1818039.0996549097,10
-1162451.6057684976,1818039.0996549097,10
-1161988.2930519702,1818039.0996549097,10
-1161524.9803354426,1818039.0996549097,10
-1161061.6676189152,1818039.0996549097,10
-1160598.3549023876,1818039.0996549097,10
-1160135.0421858602,1818039.0996549097,10
-1159671.7294693326,1818039.0996549097,10
-1159208.416752805,1818039.0996549097,10
-1158745.1040362776,1818039.0996549097,10
-1158281.79131975,1818039.0996549097,10
-1157818.4786032226,1818039.0996549097,10
-1157355.165886695,1818039.0996549097,10
-1156891.8531701677,1818039.0996549097,10
-1324147.7438365952,1817575.7869383823,10
-1323684.4311200676,1817575.7869383823,16
-1323221.11840354,1817575.7869383823,16
-1322757.8056870126,1817575.7869383823,16
-1322294.492970485,1817575.7869383823,16
-1321831.1802539576,1817575.7869383823,16
-1321367.86753743,1817575.7869383823,16
-1320904.5548209026,1817575.7869383823,16
-1320441.242104375,1817575.7869383823,16
-1319977.9293878477,1817575.7869383823,16
-1319514.61667132,1817575.7869383823,16
-1319051.3039547927,1817575.7869383823,16
-1318587.991238265,1817575.7869383823,16
-1318124.6785217377,1817575.7869383823,16
-1317661.36580521,1817575.7869383823,16
-1317198.0530886827,1817575.7869383823,16
-1316734.740372155,1817575.7869383823,16
-1316271.4276556277,1817575.7869383823,16
-1315808.1149391,1817575.7869383823,10
-1315344.8022225727,1817575.7869383823,10
-1314881.4895060451,1817575.7869383823,10
-1314418.1767895175,1817575.7869383823,10
-1313954.8640729901,1817575.7869383823,10
-1313491.5513564625,1817575.7869383823,10
-1313028.2386399352,1817575.7869383823,10
-1312564.9259234075,1817575.7869383823,10
-1312101.6132068802,1817575.7869383823,10
-1311638.3004903526,1817575.7869383823,10
-1311174.9877738252,1817575.7869383823,10
-1310711.6750572976,1817575.7869383823,10
-1310248.3623407702,1817575.7869383823,10
-1309785.0496242426,1817575.7869383823,10
-1309321.7369077152,1817575.7869383823,10
-1308858.4241911876,1817575.7869383823,16
-1308395.1114746602,1817575.7869383823,16
-1307931.7987581326,1817575.7869383823,16
-1307468.486041605,1817575.7869383823,10
-1307005.1733250776,1817575.7869383823,16
-1306541.86060855,1817575.7869383823,16
-1306078.5478920226,1817575.7869383823,16
-1305615.235175495,1817575.7869383823,16
-1305151.9224589677,1817575.7869383823,16
-1304688.60974244,1817575.7869383823,16
-1304225.2970259127,1817575.7869383823,10
-1303761.984309385,1817575.7869383823,10
-1303298.6715928577,1817575.7869383823,10
-1302835.35887633,1817575.7869383823,10
-1302372.0461598027,1817575.7869383823,10
-1301908.733443275,1817575.7869383823,10
-1301445.4207267477,1817575.7869383823,10
-1300982.10801022,1817575.7869383823,10
-1300518.7952936925,1817575.7869383823,10
-1300055.4825771651,1817575.7869383823,10
-1299592.1698606375,1817575.7869383823,16
-1299128.8571441101,1817575.7869383823,16
-1298665.5444275825,1817575.7869383823,16
-1298202.2317110552,1817575.7869383823,16
-1297738.9189945275,1817575.7869383823,16
-1297275.6062780002,1817575.7869383823,16
-1296812.2935614726,1817575.7869383823,16
-1296348.9808449452,1817575.7869383823,16
-1295885.6681284176,1817575.7869383823,16
-1295422.3554118902,1817575.7869383823,16
-1294959.0426953626,1817575.7869383823,16
-1294495.7299788352,1817575.7869383823,16
-1294032.4172623076,1817575.7869383823,16
-1293569.10454578,1817575.7869383823,16
-1293105.7918292526,1817575.7869383823,16
-1292642.479112725,1817575.7869383823,16
-1292179.1663961976,1817575.7869383823,16
-1291715.85367967,1817575.7869383823,16
-1291252.5409631426,1817575.7869383823,10
-1290789.228246615,1817575.7869383823,10
-1290325.9155300877,1817575.7869383823,10
-1289862.60281356,1817575.7869383823,7
-1289399.2900970327,1817575.7869383823,10
-1288935.977380505,1817575.7869383823,16
-1288472.6646639777,1817575.7869383823,16
-1288009.35194745,1817575.7869383823,16
-1287546.0392309227,1817575.7869383823,16
-1287082.726514395,1817575.7869383823,16
-1286619.4137978677,1817575.7869383823,16
-1286156.10108134,1817575.7869383823,16
-1285692.7883648127,1817575.7869383823,16
-1285229.4756482851,1817575.7869383823,16
-1284766.1629317575,1817575.7869383823,16
-1284302.8502152301,1817575.7869383823,16
-1283839.5374987025,1817575.7869383823,16
-1283376.2247821752,1817575.7869383823,16
-1282912.9120656475,1817575.7869383823,10
-1282449.5993491202,1817575.7869383823,10
-1281986.2866325926,1817575.7869383823,10
-1281522.9739160652,1817575.7869383823,10
-1281059.6611995376,1817575.7869383823,10
-1280596.3484830102,1817575.7869383823,10
-1280133.0357664826,1817575.7869383823,10
-1279669.7230499552,1817575.7869383823,10
-1279206.4103334276,1817575.7869383823,10
-1278743.0976169002,1817575.7869383823,10
-1278279.7849003726,1817575.7869383823,10
-1277816.472183845,1817575.7869383823,10
-1277353.1594673176,1817575.7869383823,10
-1276889.84675079,1817575.7869383823,10
-1276426.5340342626,1817575.7869383823,10
-1275963.221317735,1817575.7869383823,10
-1275499.9086012077,1817575.7869383823,10
-1275036.59588468,1817575.7869383823,10
-1274573.2831681527,1817575.7869383823,10
-1274109.970451625,1817575.7869383823,10
-1273646.6577350977,1817575.7869383823,10
-1273183.34501857,1817575.7869383823,10
-1272720.0323020427,1817575.7869383823,10
-1272256.719585515,1817575.7869383823,10
-1271793.4068689877,1817575.7869383823,10
-1271330.09415246,1817575.7869383823,10
-1270866.7814359325,1817575.7869383823,10
-1270403.4687194051,1817575.7869383823,10
-1269940.1560028775,1817575.7869383823,10
-1269476.8432863501,1817575.7869383823,10
-1269013.5305698225,1817575.7869383823,10
-1268550.2178532952,1817575.7869383823,10
-1268086.9051367675,1817575.7869383823,10
-1267623.5924202402,1817575.7869383823,10
-1267160.2797037126,1817575.7869383823,10
-1266696.9669871852,1817575.7869383823,10
-1266233.6542706576,1817575.7869383823,10
-1265770.3415541302,1817575.7869383823,10
-1265307.0288376026,1817575.7869383823,10
-1264843.7161210752,1817575.7869383823,10
-1264380.4034045476,1817575.7869383823,10
-1263917.09068802,1817575.7869383823,10
-1263453.7779714926,1817575.7869383823,10
-1262990.465254965,1817575.7869383823,10
-1262527.1525384376,1817575.7869383823,10
-1262063.83982191,1817575.7869383823,10
-1261600.5271053826,1817575.7869383823,10
-1261137.214388855,1817575.7869383823,10
-1260673.9016723277,1817575.7869383823,10
-1260210.5889558,1817575.7869383823,10
-1259747.2762392727,1817575.7869383823,10
-1259283.963522745,1817575.7869383823,10
-1258820.6508062177,1817575.7869383823,10
-1258357.33808969,1817575.7869383823,10
-1257894.0253731627,1817575.7869383823,10
-1257430.712656635,1817575.7869383823,10
-1256967.3999401077,1817575.7869383823,10
-1256504.08722358,1817575.7869383823,10
-1256040.7745070527,1817575.7869383823,10
-1255577.4617905251,1817575.7869383823,10
-1255114.1490739975,1817575.7869383823,10
-1254650.8363574701,1817575.7869383823,10
-1254187.5236409425,1817575.7869383823,10
-1253724.2109244152,1817575.7869383823,10
-1253260.8982078875,1817575.7869383823,10
-1252797.5854913602,1817575.7869383823,10
-1252334.2727748326,1817575.7869383823,10
-1251870.9600583052,1817575.7869383823,10
-1251407.6473417776,1817575.7869383823,7
-1250944.3346252502,1817575.7869383823,10
-1250481.0219087226,1817575.7869383823,10
-1250017.7091921952,1817575.7869383823,10
-1249554.3964756676,1817575.7869383823,10
-1249091.0837591402,1817575.7869383823,10
-1248627.7710426126,1817575.7869383823,10
-1248164.458326085,1817575.7869383823,10
-1247701.1456095576,1817575.7869383823,10
-1247237.83289303,1817575.7869383823,10
-1246774.5201765026,1817575.7869383823,10
-1246311.207459975,1817575.7869383823,10
-1245847.8947434477,1817575.7869383823,10
-1245384.58202692,1817575.7869383823,10
-1244921.2693103927,1817575.7869383823,10
-1244457.956593865,1817575.7869383823,10
-1243994.6438773377,1817575.7869383823,10
-1243531.33116081,1817575.7869383823,10
-1243068.0184442827,1817575.7869383823,10
-1242604.705727755,1817575.7869383823,10
-1242141.3930112277,1817575.7869383823,10
-1241678.0802947,1817575.7869383823,10
-1241214.7675781725,1817575.7869383823,10
-1240751.4548616451,1817575.7869383823,10
-1240288.1421451175,1817575.7869383823,10
-1239824.8294285901,1817575.7869383823,10
-1239361.5167120625,1817575.7869383823,10
-1238898.2039955352,1817575.7869383823,10
-1238434.8912790075,1817575.7869383823,10
-1237971.5785624802,1817575.7869383823,10
-1237508.2658459526,1817575.7869383823,10
-1237044.9531294252,1817575.7869383823,10
-1236581.6404128976,1817575.7869383823,10
-1236118.3276963702,1817575.7869383823,10
-1235655.0149798426,1817575.7869383823,10
-1235191.7022633152,1817575.7869383823,10
-1234728.3895467876,1817575.7869383823,10
-1234265.07683026,1817575.7869383823,10
-1233801.7641137326,1817575.7869383823,10
-1233338.4513972052,1817575.7869383823,10
-1232875.1386806776,1817575.7869383823,10
-1232411.82596415,1817575.7869383823,10
-1231948.5132476226,1817575.7869383823,10
-1231485.200531095,1817575.7869383823,10
-1231021.8878145677,1817575.7869383823,10
-1230558.57509804,1817575.7869383823,10
-1230095.2623815127,1817575.7869383823,10
-1229631.949664985,1817575.7869383823,10
-1229168.6369484577,1817575.7869383823,10
-1228705.32423193,1817575.7869383823,10
-1228242.0115154027,1817575.7869383823,10
-1227778.698798875,1817575.7869383823,10
-1227315.3860823475,1817575.7869383823,10
-1226852.07336582,1817575.7869383823,10
-1226388.7606492927,1817575.7869383823,10
-1225925.4479327651,1817575.7869383823,10
-1225462.1352162375,1817575.7869383823,10
-1224998.8224997101,1817575.7869383823,10
-1224535.5097831825,1817575.7869383823,10
-1224072.1970666551,1817575.7869383823,10
-1223608.8843501275,1817575.7869383823,10
-1223145.5716336002,1817575.7869383823,10
-1222682.2589170726,1817575.7869383823,10
-1222218.9462005452,1817575.7869383823,10
-1221755.6334840176,1817575.7869383823,10
-1221292.3207674902,1817575.7869383823,10
-1220829.0080509626,1817575.7869383823,10
-1220365.6953344352,1817575.7869383823,10
-1219902.3826179076,1817575.7869383823,10
-1219439.0699013802,1817575.7869383823,10
-1218975.7571848526,1817575.7869383823,10
-1218512.444468325,1817575.7869383823,10
-1218049.1317517976,1817575.7869383823,10
-1217585.81903527,1817575.7869383823,10
-1217122.5063187426,1817575.7869383823,10
-1216659.193602215,1817575.7869383823,10
-1216195.8808856877,1817575.7869383823,10
-1215732.56816916,1817575.7869383823,10
-1215269.2554526327,1817575.7869383823,10
-1214805.942736105,1817575.7869383823,10
-1214342.6300195777,1817575.7869383823,10
-1213879.31730305,1817575.7869383823,10
-1213416.0045865227,1817575.7869383823,10
-1212952.691869995,1817575.7869383823,10
-1212489.3791534677,1817575.7869383823,10
-1212026.06643694,1817575.7869383823,10
-1211562.7537204125,1817575.7869383823,10
-1211099.4410038851,1817575.7869383823,10
-1210636.1282873575,1817575.7869383823,10
-1210172.8155708301,1817575.7869383823,10
-1209709.5028543025,1817575.7869383823,10
-1209246.1901377751,1817575.7869383823,10
-1208782.8774212475,1817575.7869383823,10
-1208319.5647047202,1817575.7869383823,10
-1207856.2519881926,1817575.7869383823,10
-1207392.9392716652,1817575.7869383823,10
-1206929.6265551376,1817575.7869383823,10
-1206466.3138386102,1817575.7869383823,10
-1206003.0011220826,1817575.7869383823,10
-1205539.6884055552,1817575.7869383823,10
-1205076.3756890276,1817575.7869383823,10
-1204613.0629725,1817575.7869383823,10
-1204149.7502559726,1817575.7869383823,10
-1203686.4375394452,1817575.7869383823,10
-1203223.1248229176,1817575.7869383823,10
-1202759.81210639,1817575.7869383823,10
-1202296.4993898626,1817575.7869383823,10
-1201833.186673335,1817575.7869383823,10
-1201369.8739568077,1817575.7869383823,10
-1200906.56124028,1817575.7869383823,10
-1200443.2485237527,1817575.7869383823,10
-1199979.935807225,1817575.7869383823,10
-1199516.6230906977,1817575.7869383823,10
-1199053.31037417,1817575.7869383823,10
-1198589.9976576427,1817575.7869383823,10
-1198126.684941115,1817575.7869383823,10
-1197663.3722245875,1817575.7869383823,10
-1197200.05950806,1817575.7869383823,10
-1196736.7467915327,1817575.7869383823,10
-1196273.4340750051,1817575.7869383823,10
-1195810.1213584775,1817575.7869383823,10
-1195346.8086419501,1817575.7869383823,10
-1194883.4959254225,1817575.7869383823,10
-1194420.1832088951,1817575.7869383823,10
-1193956.8704923675,1817575.7869383823,10
-1193493.5577758402,1817575.7869383823,10
-1193030.2450593126,1817575.7869383823,10
-1192566.9323427852,1817575.7869383823,10
-1192103.6196262576,1817575.7869383823,10
-1191640.3069097302,1817575.7869383823,10
-1191176.9941932026,1817575.7869383823,10
-1190713.6814766752,1817575.7869383823,10
-1190250.3687601476,1817575.7869383823,10
-1189787.0560436202,1817575.7869383823,10
-1189323.7433270926,1817575.7869383823,10
-1188860.430610565,1817575.7869383823,10
-1188397.1178940376,1817575.7869383823,10
-1187933.80517751,1817575.7869383823,10
-1187470.4924609826,1817575.7869383823,10
-1187007.179744455,1817575.7869383823,10
-1186543.8670279277,1817575.7869383823,10
-1186080.5543114,1817575.7869383823,10
-1185617.2415948727,1817575.7869383823,10
-1185153.928878345,1817575.7869383823,10
-1184690.6161618177,1817575.7869383823,10
-1184227.30344529,1817575.7869383823,10
-1183763.9907287627,1817575.7869383823,10
-1183300.678012235,1817575.7869383823,10
-1182837.3652957077,1817575.7869383823,10
-1182374.05257918,1817575.7869383823,10
-1181910.7398626525,1817575.7869383823,10
-1181447.4271461251,1817575.7869383823,10
-1180984.1144295975,1817575.7869383823,10
-1180520.8017130701,1817575.7869383823,10
-1180057.4889965425,1817575.7869383823,10
-1179594.1762800151,1817575.7869383823,10
-1179130.8635634875,1817575.7869383823,10
-1178667.5508469602,1817575.7869383823,10
-1178204.2381304326,1817575.7869383823,10
-1177740.9254139052,1817575.7869383823,10
-1177277.6126973776,1817575.7869383823,10
-1176814.2999808502,1817575.7869383823,10
-1176350.9872643226,1817575.7869383823,10
-1175887.6745477952,1817575.7869383823,10
-1175424.3618312676,1817575.7869383823,10
-1174961.04911474,1817575.7869383823,10
-1174497.7363982126,1817575.7869383823,10
-1174034.4236816852,1817575.7869383823,10
-1173571.1109651576,1817575.7869383823,10
-1173107.79824863,1817575.7869383823,10
-1172644.4855321026,1817575.7869383823,10
-1172181.172815575,1817575.7869383823,10
-1171717.8600990477,1817575.7869383823,10
-1171254.54738252,1817575.7869383823,10
-1170791.2346659927,1817575.7869383823,10
-1170327.921949465,1817575.7869383823,10
-1169864.6092329377,1817575.7869383823,10
-1169401.29651641,1817575.7869383823,10
-1168937.9837998827,1817575.7869383823,10
-1168474.671083355,1817575.7869383823,10
-1168011.3583668275,1817575.7869383823,10
-1167548.0456503,1817575.7869383823,10
-1167084.7329337727,1817575.7869383823,10
-1166621.4202172451,1817575.7869383823,10
-1166158.1075007175,1817575.7869383823,10
-1165694.7947841901,1817575.7869383823,10
-1165231.4820676625,1817575.7869383823,10
-1164768.1693511351,1817575.7869383823,10
-1164304.8566346075,1817575.7869383823,10
-1163841.5439180802,1817575.7869383823,10
-1163378.2312015526,1817575.7869383823,10
-1162914.9184850252,1817575.7869383823,10
-1162451.6057684976,1817575.7869383823,10
-1161988.2930519702,1817575.7869383823,10
-1161524.9803354426,1817575.7869383823,10
-1161061.6676189152,1817575.7869383823,10
-1160598.3549023876,1817575.7869383823,10
-1160135.0421858602,1817575.7869383823,10
-1159671.7294693326,1817575.7869383823,10
-1159208.416752805,1817575.7869383823,10
-1158745.1040362776,1817575.7869383823,10
-1158281.79131975,1817575.7869383823,10
-1157818.4786032226,1817575.7869383823,10
-1157355.165886695,1817575.7869383823,10
-1156891.8531701677,1817575.7869383823,10
-1324147.7438365952,1817112.4742218547,10
-1323684.4311200676,1817112.4742218547,16
-1323221.11840354,1817112.4742218547,16
-1322757.8056870126,1817112.4742218547,16
-1322294.492970485,1817112.4742218547,16
-1321831.1802539576,1817112.4742218547,16
-1321367.86753743,1817112.4742218547,16
-1320904.5548209026,1817112.4742218547,16
-1320441.242104375,1817112.4742218547,16
-1319977.9293878477,1817112.4742218547,10
-1319514.61667132,1817112.4742218547,10
-1319051.3039547927,1817112.4742218547,16
-1318587.991238265,1817112.4742218547,16
-1318124.6785217377,1817112.4742218547,16
-1317661.36580521,1817112.4742218547,16
-1317198.0530886827,1817112.4742218547,16
-1316734.740372155,1817112.4742218547,16
-1316271.4276556277,1817112.4742218547,16
-1315808.1149391,1817112.4742218547,10
-1315344.8022225727,1817112.4742218547,10
-1314881.4895060451,1817112.4742218547,10
-1314418.1767895175,1817112.4742218547,10
-1313954.8640729901,1817112.4742218547,10
-1313491.5513564625,1817112.4742218547,10
-1313028.2386399352,1817112.4742218547,10
-1312564.9259234075,1817112.4742218547,10
-1312101.6132068802,1817112.4742218547,10
-1311638.3004903526,1817112.4742218547,10
-1311174.9877738252,1817112.4742218547,10
-1310711.6750572976,1817112.4742218547,10
-1310248.3623407702,1817112.4742218547,16
-1309785.0496242426,1817112.4742218547,16
-1309321.7369077152,1817112.4742218547,16
-1308858.4241911876,1817112.4742218547,16
-1308395.1114746602,1817112.4742218547,16
-1307931.7987581326,1817112.4742218547,16
-1307468.486041605,1817112.4742218547,16
-1307005.1733250776,1817112.4742218547,16
-1306541.86060855,1817112.4742218547,16
-1306078.5478920226,1817112.4742218547,16
-1305615.235175495,1817112.4742218547,16
-1305151.9224589677,1817112.4742218547,16
-1304688.60974244,1817112.4742218547,16
-1304225.2970259127,1817112.4742218547,10
-1303761.984309385,1817112.4742218547,10
-1303298.6715928577,1817112.4742218547,10
-1302835.35887633,1817112.4742218547,10
-1302372.0461598027,1817112.4742218547,10
-1301908.733443275,1817112.4742218547,10
-1301445.4207267477,1817112.4742218547,10
-1300982.10801022,1817112.4742218547,10
-1300518.7952936925,1817112.4742218547,10
-1300055.4825771651,1817112.4742218547,16
-1299592.1698606375,1817112.4742218547,16
-1299128.8571441101,1817112.4742218547,16
-1298665.5444275825,1817112.4742218547,16
-1298202.2317110552,1817112.4742218547,16
-1297738.9189945275,1817112.4742218547,16
-1297275.6062780002,1817112.4742218547,16
-1296812.2935614726,1817112.4742218547,16
-1296348.9808449452,1817112.4742218547,16
-1295885.6681284176,1817112.4742218547,16
-1295422.3554118902,1817112.4742218547,16
-1294959.0426953626,1817112.4742218547,16
-1294495.7299788352,1817112.4742218547,16
-1294032.4172623076,1817112.4742218547,16
-1293569.10454578,1817112.4742218547,16
-1293105.7918292526,1817112.4742218547,16
-1292642.479112725,1817112.4742218547,16
-1292179.1663961976,1817112.4742218547,16
-1291715.85367967,1817112.4742218547,16
-1291252.5409631426,1817112.4742218547,16
-1290789.228246615,1817112.4742218547,16
-1290325.9155300877,1817112.4742218547,10
-1289862.60281356,1817112.4742218547,10
-1289399.2900970327,1817112.4742218547,10
-1288935.977380505,1817112.4742218547,16
-1288472.6646639777,1817112.4742218547,16
-1288009.35194745,1817112.4742218547,16
-1287546.0392309227,1817112.4742218547,16
-1287082.726514395,1817112.4742218547,16
-1286619.4137978677,1817112.4742218547,16
-1286156.10108134,1817112.4742218547,16
-1285692.7883648127,1817112.4742218547,10
-1285229.4756482851,1817112.4742218547,16
-1284766.1629317575,1817112.4742218547,16
-1284302.8502152301,1817112.4742218547,16
-1283839.5374987025,1817112.4742218547,16
-1283376.2247821752,1817112.4742218547,10
-1282912.9120656475,1817112.4742218547,10
-1282449.5993491202,1817112.4742218547,10
-1281986.2866325926,1817112.4742218547,10
-1281522.9739160652,1817112.4742218547,10
-1281059.6611995376,1817112.4742218547,10
-1280596.3484830102,1817112.4742218547,10
-1280133.0357664826,1817112.4742218547,10
-1279669.7230499552,1817112.4742218547,10
-1279206.4103334276,1817112.4742218547,10
-1278743.0976169002,1817112.4742218547,10
-1278279.7849003726,1817112.4742218547,10
-1277816.472183845,1817112.4742218547,10
-1277353.1594673176,1817112.4742218547,10
-1276889.84675079,1817112.4742218547,10
-1276426.5340342626,1817112.4742218547,10
-1275963.221317735,1817112.4742218547,10
-1275499.9086012077,1817112.4742218547,10
-1275036.59588468,1817112.4742218547,10
-1274573.2831681527,1817112.4742218547,10
-1274109.970451625,1817112.4742218547,10
-1273646.6577350977,1817112.4742218547,10
-1273183.34501857,1817112.4742218547,10
-1272720.0323020427,1817112.4742218547,10
-1272256.719585515,1817112.4742218547,10
-1271793.4068689877,1817112.4742218547,10
-1271330.09415246,1817112.4742218547,10
-1270866.7814359325,1817112.4742218547,7
-1270403.4687194051,1817112.4742218547,7
-1269940.1560028775,1817112.4742218547,7
-1269476.8432863501,1817112.4742218547,10
-1269013.5305698225,1817112.4742218547,10
-1268550.2178532952,1817112.4742218547,10
-1268086.9051367675,1817112.4742218547,10
-1267623.5924202402,1817112.4742218547,10
-1267160.2797037126,1817112.4742218547,10
-1266696.9669871852,1817112.4742218547,10
-1266233.6542706576,1817112.4742218547,10
-1265770.3415541302,1817112.4742218547,10
-1265307.0288376026,1817112.4742218547,10
-1264843.7161210752,1817112.4742218547,10
-1264380.4034045476,1817112.4742218547,10
-1263917.09068802,1817112.4742218547,10
-1263453.7779714926,1817112.4742218547,10
-1262990.465254965,1817112.4742218547,10
-1262527.1525384376,1817112.4742218547,10
-1262063.83982191,1817112.4742218547,10
-1261600.5271053826,1817112.4742218547,10
-1261137.214388855,1817112.4742218547,10
-1260673.9016723277,1817112.4742218547,10
-1260210.5889558,1817112.4742218547,10
-1259747.2762392727,1817112.4742218547,10
-1259283.963522745,1817112.4742218547,10
-1258820.6508062177,1817112.4742218547,10
-1258357.33808969,1817112.4742218547,10
-1257894.0253731627,1817112.4742218547,10
-1257430.712656635,1817112.4742218547,10
-1256967.3999401077,1817112.4742218547,10
-1256504.08722358,1817112.4742218547,10
-1256040.7745070527,1817112.4742218547,10
-1255577.4617905251,1817112.4742218547,10
-1255114.1490739975,1817112.4742218547,10
-1254650.8363574701,1817112.4742218547,10
-1254187.5236409425,1817112.4742218547,10
-1253724.2109244152,1817112.4742218547,10
-1253260.8982078875,1817112.4742218547,10
-1252797.5854913602,1817112.4742218547,10
-1252334.2727748326,1817112.4742218547,10
-1251870.9600583052,1817112.4742218547,10
-1251407.6473417776,1817112.4742218547,10
-1250944.3346252502,1817112.4742218547,10
-1250481.0219087226,1817112.4742218547,10
-1250017.7091921952,1817112.4742218547,10
-1249554.3964756676,1817112.4742218547,10
-1249091.0837591402,1817112.4742218547,10
-1248627.7710426126,1817112.4742218547,10
-1248164.458326085,1817112.4742218547,10
-1247701.1456095576,1817112.4742218547,10
-1247237.83289303,1817112.4742218547,10
-1246774.5201765026,1817112.4742218547,10
-1246311.207459975,1817112.4742218547,10
-1245847.8947434477,1817112.4742218547,10
-1245384.58202692,1817112.4742218547,10
-1244921.2693103927,1817112.4742218547,10
-1244457.956593865,1817112.4742218547,10
-1243994.6438773377,1817112.4742218547,10
-1243531.33116081,1817112.4742218547,10
-1243068.0184442827,1817112.4742218547,10
-1242604.705727755,1817112.4742218547,10
-1242141.3930112277,1817112.4742218547,10
-1241678.0802947,1817112.4742218547,10
-1241214.7675781725,1817112.4742218547,10
-1240751.4548616451,1817112.4742218547,10
-1240288.1421451175,1817112.4742218547,10
-1239824.8294285901,1817112.4742218547,10
-1239361.5167120625,1817112.4742218547,10
-1238898.2039955352,1817112.4742218547,10
-1238434.8912790075,1817112.4742218547,10
-1237971.5785624802,1817112.4742218547,10
-1237508.2658459526,1817112.4742218547,10
-1237044.9531294252,1817112.4742218547,10
-1236581.6404128976,1817112.4742218547,10
-1236118.3276963702,1817112.4742218547,10
-1235655.0149798426,1817112.4742218547,10
-1235191.7022633152,1817112.4742218547,10
-1234728.3895467876,1817112.4742218547,10
-1234265.07683026,1817112.4742218547,10
-1233801.7641137326,1817112.4742218547,10
-1233338.4513972052,1817112.4742218547,10
-1232875.1386806776,1817112.4742218547,10
-1232411.82596415,1817112.4742218547,10
-1231948.5132476226,1817112.4742218547,10
-1231485.200531095,1817112.4742218547,10
-1231021.8878145677,1817112.4742218547,10
-1230558.57509804,1817112.4742218547,10
-1230095.2623815127,1817112.4742218547,10
-1229631.949664985,1817112.4742218547,10
-1229168.6369484577,1817112.4742218547,10
-1228705.32423193,1817112.4742218547,10
-1228242.0115154027,1817112.4742218547,10
-1227778.698798875,1817112.4742218547,10
-1227315.3860823475,1817112.4742218547,10
-1226852.07336582,1817112.4742218547,10
-1226388.7606492927,1817112.4742218547,10
-1225925.4479327651,1817112.4742218547,10
-1225462.1352162375,1817112.4742218547,10
-1224998.8224997101,1817112.4742218547,10
-1224535.5097831825,1817112.4742218547,10
-1224072.1970666551,1817112.4742218547,10
-1223608.8843501275,1817112.4742218547,10
-1223145.5716336002,1817112.4742218547,10
-1222682.2589170726,1817112.4742218547,10
-1222218.9462005452,1817112.4742218547,10
-1221755.6334840176,1817112.4742218547,10
-1221292.3207674902,1817112.4742218547,10
-1220829.0080509626,1817112.4742218547,10
-1220365.6953344352,1817112.4742218547,10
-1219902.3826179076,1817112.4742218547,10
-1219439.0699013802,1817112.4742218547,10
-1218975.7571848526,1817112.4742218547,10
-1218512.444468325,1817112.4742218547,10
-1218049.1317517976,1817112.4742218547,10
-1217585.81903527,1817112.4742218547,10
-1217122.5063187426,1817112.4742218547,10
-1216659.193602215,1817112.4742218547,10
-1216195.8808856877,1817112.4742218547,10
-1215732.56816916,1817112.4742218547,10
-1215269.2554526327,1817112.4742218547,10
-1214805.942736105,1817112.4742218547,10
-1214342.6300195777,1817112.4742218547,10
-1213879.31730305,1817112.4742218547,10
-1213416.0045865227,1817112.4742218547,10
-1212952.691869995,1817112.4742218547,10
-1212489.3791534677,1817112.4742218547,10
-1212026.06643694,1817112.4742218547,10
-1211562.7537204125,1817112.4742218547,10
-1211099.4410038851,1817112.4742218547,10
-1210636.1282873575,1817112.4742218547,10
-1210172.8155708301,1817112.4742218547,10
-1209709.5028543025,1817112.4742218547,10
-1209246.1901377751,1817112.4742218547,10
-1208782.8774212475,1817112.4742218547,10
-1208319.5647047202,1817112.4742218547,10
-1207856.2519881926,1817112.4742218547,10
-1207392.9392716652,1817112.4742218547,10
-1206929.6265551376,1817112.4742218547,10
-1206466.3138386102,1817112.4742218547,10
-1206003.0011220826,1817112.4742218547,10
-1205539.6884055552,1817112.4742218547,10
-1205076.3756890276,1817112.4742218547,10
-1204613.0629725,1817112.4742218547,10
-1204149.7502559726,1817112.4742218547,10
-1203686.4375394452,1817112.4742218547,10
-1203223.1248229176,1817112.4742218547,10
-1202759.81210639,1817112.4742218547,10
-1202296.4993898626,1817112.4742218547,10
-1201833.186673335,1817112.4742218547,10
-1201369.8739568077,1817112.4742218547,10
-1200906.56124028,1817112.4742218547,10
-1200443.2485237527,1817112.4742218547,10
-1199979.935807225,1817112.4742218547,10
-1199516.6230906977,1817112.4742218547,10
-1199053.31037417,1817112.4742218547,10
-1198589.9976576427,1817112.4742218547,10
-1198126.684941115,1817112.4742218547,10
-1197663.3722245875,1817112.4742218547,10
-1197200.05950806,1817112.4742218547,10
-1196736.7467915327,1817112.4742218547,10
-1196273.4340750051,1817112.4742218547,10
-1195810.1213584775,1817112.4742218547,10
-1195346.8086419501,1817112.4742218547,10
-1194883.4959254225,1817112.4742218547,10
-1194420.1832088951,1817112.4742218547,10
-1193956.8704923675,1817112.4742218547,10
-1193493.5577758402,1817112.4742218547,10
-1193030.2450593126,1817112.4742218547,10
-1192566.9323427852,1817112.4742218547,10
-1192103.6196262576,1817112.4742218547,10
-1191640.3069097302,1817112.4742218547,10
-1191176.9941932026,1817112.4742218547,10
-1190713.6814766752,1817112.4742218547,10
-1190250.3687601476,1817112.4742218547,10
-1189787.0560436202,1817112.4742218547,10
-1189323.7433270926,1817112.4742218547,10
-1188860.430610565,1817112.4742218547,10
-1188397.1178940376,1817112.4742218547,10
-1187933.80517751,1817112.4742218547,10
-1187470.4924609826,1817112.4742218547,10
-1187007.179744455,1817112.4742218547,10
-1186543.8670279277,1817112.4742218547,10
-1186080.5543114,1817112.4742218547,10
-1185617.2415948727,1817112.4742218547,10
-1185153.928878345,1817112.4742218547,10
-1184690.6161618177,1817112.4742218547,10
-1184227.30344529,1817112.4742218547,10
-1183763.9907287627,1817112.4742218547,10
-1183300.678012235,1817112.4742218547,10
-1182837.3652957077,1817112.4742218547,10
-1182374.05257918,1817112.4742218547,10
-1181910.7398626525,1817112.4742218547,10
-1181447.4271461251,1817112.4742218547,10
-1180984.1144295975,1817112.4742218547,10
-1180520.8017130701,1817112.4742218547,10
-1180057.4889965425,1817112.4742218547,10
-1179594.1762800151,1817112.4742218547,10
-1179130.8635634875,1817112.4742218547,10
-1178667.5508469602,1817112.4742218547,10
-1178204.2381304326,1817112.4742218547,10
-1177740.9254139052,1817112.4742218547,10
-1177277.6126973776,1817112.4742218547,10
-1176814.2999808502,1817112.4742218547,10
-1176350.9872643226,1817112.4742218547,10
-1175887.6745477952,1817112.4742218547,10
-1175424.3618312676,1817112.4742218547,10
-1174961.04911474,1817112.4742218547,10
-1174497.7363982126,1817112.4742218547,10
-1174034.4236816852,1817112.4742218547,10
-1173571.1109651576,1817112.4742218547,10
-1173107.79824863,1817112.4742218547,10
-1172644.4855321026,1817112.4742218547,10
-1172181.172815575,1817112.4742218547,10
-1171717.8600990477,1817112.4742218547,10
-1171254.54738252,1817112.4742218547,10
-1170791.2346659927,1817112.4742218547,10
-1170327.921949465,1817112.4742218547,10
-1169864.6092329377,1817112.4742218547,10
-1169401.29651641,1817112.4742218547,10
-1168937.9837998827,1817112.4742218547,10
-1168474.671083355,1817112.4742218547,10
-1168011.3583668275,1817112.4742218547,10
-1167548.0456503,1817112.4742218547,10
-1167084.7329337727,1817112.4742218547,10
-1166621.4202172451,1817112.4742218547,10
-1166158.1075007175,1817112.4742218547,10
-1165694.7947841901,1817112.4742218547,10
-1165231.4820676625,1817112.4742218547,10
-1164768.1693511351,1817112.4742218547,10
-1164304.8566346075,1817112.4742218547,10
-1163841.5439180802,1817112.4742218547,10
-1163378.2312015526,1817112.4742218547,10
-1162914.9184850252,1817112.4742218547,10
-1162451.6057684976,1817112.4742218547,10
-1161988.2930519702,1817112.4742218547,10
-1161524.9803354426,1817112.4742218547,10
-1161061.6676189152,1817112.4742218547,10
-1160598.3549023876,1817112.4742218547,10
-1160135.0421858602,1817112.4742218547,10
-1159671.7294693326,1817112.4742218547,10
-1159208.416752805,1817112.4742218547,10
-1158745.1040362776,1817112.4742218547,10
-1158281.79131975,1817112.4742218547,10
-1157818.4786032226,1817112.4742218547,10
-1157355.165886695,1817112.4742218547,10
-1156891.8531701677,1817112.4742218547,10
-1324147.7438365952,1816649.161505327,10
-1323684.4311200676,1816649.161505327,16
-1323221.11840354,1816649.161505327,16
-1322757.8056870126,1816649.161505327,16
-1322294.492970485,1816649.161505327,16
-1321831.1802539576,1816649.161505327,16
-1321367.86753743,1816649.161505327,16
-1320904.5548209026,1816649.161505327,16
-1320441.242104375,1816649.161505327,10
-1319977.9293878477,1816649.161505327,10
-1319514.61667132,1816649.161505327,10
-1319051.3039547927,1816649.161505327,16
-1318587.991238265,1816649.161505327,16
-1318124.6785217377,1816649.161505327,16
-1317661.36580521,1816649.161505327,10
-1317198.0530886827,1816649.161505327,10
-1316734.740372155,1816649.161505327,16
-1316271.4276556277,1816649.161505327,10
-1315808.1149391,1816649.161505327,10
-1315344.8022225727,1816649.161505327,10
-1314881.4895060451,1816649.161505327,10
-1314418.1767895175,1816649.161505327,10
-1313954.8640729901,1816649.161505327,10
-1313491.5513564625,1816649.161505327,10
-1313028.2386399352,1816649.161505327,10
-1312564.9259234075,1816649.161505327,16
-1312101.6132068802,1816649.161505327,16
-1311638.3004903526,1816649.161505327,16
-1311174.9877738252,1816649.161505327,16
-1310711.6750572976,1816649.161505327,16
-1310248.3623407702,1816649.161505327,16
-1309785.0496242426,1816649.161505327,16
-1309321.7369077152,1816649.161505327,16
-1308858.4241911876,1816649.161505327,16
-1308395.1114746602,1816649.161505327,16
-1307931.7987581326,1816649.161505327,16
-1307468.486041605,1816649.161505327,16
-1307005.1733250776,1816649.161505327,16
-1306541.86060855,1816649.161505327,16
-1306078.5478920226,1816649.161505327,16
-1305615.235175495,1816649.161505327,16
-1305151.9224589677,1816649.161505327,16
-1304688.60974244,1816649.161505327,16
-1304225.2970259127,1816649.161505327,16
-1303761.984309385,1816649.161505327,10
-1303298.6715928577,1816649.161505327,10
-1302835.35887633,1816649.161505327,10
-1302372.0461598027,1816649.161505327,10
-1301908.733443275,1816649.161505327,10
-1301445.4207267477,1816649.161505327,16
-1300982.10801022,1816649.161505327,16
-1300518.7952936925,1816649.161505327,16
-1300055.4825771651,1816649.161505327,16
-1299592.1698606375,1816649.161505327,16
-1299128.8571441101,1816649.161505327,16
-1298665.5444275825,1816649.161505327,16
-1298202.2317110552,1816649.161505327,16
-1297738.9189945275,1816649.161505327,16
-1297275.6062780002,1816649.161505327,16
-1296812.2935614726,1816649.161505327,16
-1296348.9808449452,1816649.161505327,16
-1295885.6681284176,1816649.161505327,16
-1295422.3554118902,1816649.161505327,16
-1294959.0426953626,1816649.161505327,16
-1294495.7299788352,1816649.161505327,16
-1294032.4172623076,1816649.161505327,16
-1293569.10454578,1816649.161505327,16
-1293105.7918292526,1816649.161505327,16
-1292642.479112725,1816649.161505327,16
-1292179.1663961976,1816649.161505327,16
-1291715.85367967,1816649.161505327,16
-1291252.5409631426,1816649.161505327,16
-1290789.228246615,1816649.161505327,16
-1290325.9155300877,1816649.161505327,16
-1289862.60281356,1816649.161505327,16
-1289399.2900970327,1816649.161505327,10
-1288935.977380505,1816649.161505327,10
-1288472.6646639777,1816649.161505327,10
-1288009.35194745,1816649.161505327,16
-1287546.0392309227,1816649.161505327,16
-1287082.726514395,1816649.161505327,10
-1286619.4137978677,1816649.161505327,10
-1286156.10108134,1816649.161505327,10
-1285692.7883648127,1816649.161505327,10
-1285229.4756482851,1816649.161505327,10
-1284766.1629317575,1816649.161505327,16
-1284302.8502152301,1816649.161505327,16
-1283839.5374987025,1816649.161505327,10
-1283376.2247821752,1816649.161505327,10
-1282912.9120656475,1816649.161505327,10
-1282449.5993491202,1816649.161505327,10
-1281986.2866325926,1816649.161505327,10
-1281522.9739160652,1816649.161505327,10
-1281059.6611995376,1816649.161505327,10
-1280596.3484830102,1816649.161505327,10
-1280133.0357664826,1816649.161505327,10
-1279669.7230499552,1816649.161505327,10
-1279206.4103334276,1816649.161505327,10
-1278743.0976169002,1816649.161505327,10
-1278279.7849003726,1816649.161505327,10
-1277816.472183845,1816649.161505327,10
-1277353.1594673176,1816649.161505327,10
-1276889.84675079,1816649.161505327,10
-1276426.5340342626,1816649.161505327,10
-1275963.221317735,1816649.161505327,10
-1275499.9086012077,1816649.161505327,10
-1275036.59588468,1816649.161505327,10
-1274573.2831681527,1816649.161505327,10
-1274109.970451625,1816649.161505327,10
-1273646.6577350977,1816649.161505327,10
-1273183.34501857,1816649.161505327,10
-1272720.0323020427,1816649.161505327,10
-1272256.719585515,1816649.161505327,10
-1271793.4068689877,1816649.161505327,10
-1271330.09415246,1816649.161505327,7
-1270866.7814359325,1816649.161505327,10
-1270403.4687194051,1816649.161505327,10
-1269940.1560028775,1816649.161505327,10
-1269476.8432863501,1816649.161505327,10
-1269013.5305698225,1816649.161505327,10
-1268550.2178532952,1816649.161505327,7
-1268086.9051367675,1816649.161505327,7
-1267623.5924202402,1816649.161505327,10
-1267160.2797037126,1816649.161505327,10
-1266696.9669871852,1816649.161505327,10
-1266233.6542706576,1816649.161505327,10
-1265770.3415541302,1816649.161505327,10
-1265307.0288376026,1816649.161505327,10
-1264843.7161210752,1816649.161505327,10
-1264380.4034045476,1816649.161505327,10
-1263917.09068802,1816649.161505327,10
-1263453.7779714926,1816649.161505327,10
-1262990.465254965,1816649.161505327,10
-1262527.1525384376,1816649.161505327,10
-1262063.83982191,1816649.161505327,10
-1261600.5271053826,1816649.161505327,10
-1261137.214388855,1816649.161505327,10
-1260673.9016723277,1816649.161505327,10
-1260210.5889558,1816649.161505327,10
-1259747.2762392727,1816649.161505327,10
-1259283.963522745,1816649.161505327,10
-1258820.6508062177,1816649.161505327,10
-1258357.33808969,1816649.161505327,10
-1257894.0253731627,1816649.161505327,10
-1257430.712656635,1816649.161505327,10
-1256967.3999401077,1816649.161505327,10
-1256504.08722358,1816649.161505327,10
-1256040.7745070527,1816649.161505327,10
-1255577.4617905251,1816649.161505327,10
-1255114.1490739975,1816649.161505327,10
-1254650.8363574701,1816649.161505327,10
-1254187.5236409425,1816649.161505327,10
-1253724.2109244152,1816649.161505327,10
-1253260.8982078875,1816649.161505327,10
-1252797.5854913602,1816649.161505327,10
-1252334.2727748326,1816649.161505327,10
-1251870.9600583052,1816649.161505327,10
-1251407.6473417776,1816649.161505327,10
-1250944.3346252502,1816649.161505327,10
-1250481.0219087226,1816649.161505327,10
-1250017.7091921952,1816649.161505327,10
-1249554.3964756676,1816649.161505327,10
-1249091.0837591402,1816649.161505327,10
-1248627.7710426126,1816649.161505327,10
-1248164.458326085,1816649.161505327,10
-1247701.1456095576,1816649.161505327,10
-1247237.83289303,1816649.161505327,10
-1246774.5201765026,1816649.161505327,10
-1246311.207459975,1816649.161505327,10
-1245847.8947434477,1816649.161505327,10
-1245384.58202692,1816649.161505327,10
-1244921.2693103927,1816649.161505327,10
-1244457.956593865,1816649.161505327,10
-1243994.6438773377,1816649.161505327,10
-1243531.33116081,1816649.161505327,10
-1243068.0184442827,1816649.161505327,10
-1242604.705727755,1816649.161505327,10
-1242141.3930112277,1816649.161505327,10
-1241678.0802947,1816649.161505327,10
-1241214.7675781725,1816649.161505327,10
-1240751.4548616451,1816649.161505327,10
-1240288.1421451175,1816649.161505327,10
-1239824.8294285901,1816649.161505327,10
-1239361.5167120625,1816649.161505327,10
-1238898.2039955352,1816649.161505327,10
-1238434.8912790075,1816649.161505327,10
-1237971.5785624802,1816649.161505327,10
-1237508.2658459526,1816649.161505327,10
-1237044.9531294252,1816649.161505327,10
-1236581.6404128976,1816649.161505327,10
-1236118.3276963702,1816649.161505327,10
-1235655.0149798426,1816649.161505327,10
-1235191.7022633152,1816649.161505327,10
-1234728.3895467876,1816649.161505327,10
-1234265.07683026,1816649.161505327,10
-1233801.7641137326,1816649.161505327,10
-1233338.4513972052,1816649.161505327,10
-1232875.1386806776,1816649.161505327,10
-1232411.82596415,1816649.161505327,10
-1231948.5132476226,1816649.161505327,10
-1231485.200531095,1816649.161505327,10
-1231021.8878145677,1816649.161505327,10
-1230558.57509804,1816649.161505327,10
-1230095.2623815127,1816649.161505327,10
-1229631.949664985,1816649.161505327,10
-1229168.6369484577,1816649.161505327,10
-1228705.32423193,1816649.161505327,10
-1228242.0115154027,1816649.161505327,10
-1227778.698798875,1816649.161505327,10
-1227315.3860823475,1816649.161505327,10
-1226852.07336582,1816649.161505327,10
-1226388.7606492927,1816649.161505327,10
-1225925.4479327651,1816649.161505327,10
-1225462.1352162375,1816649.161505327,10
-1224998.8224997101,1816649.161505327,10
-1224535.5097831825,1816649.161505327,10
-1224072.1970666551,1816649.161505327,10
-1223608.8843501275,1816649.161505327,10
-1223145.5716336002,1816649.161505327,10
-1222682.2589170726,1816649.161505327,10
-1222218.9462005452,1816649.161505327,10
-1221755.6334840176,1816649.161505327,10
-1221292.3207674902,1816649.161505327,10
-1220829.0080509626,1816649.161505327,10
-1220365.6953344352,1816649.161505327,10
-1219902.3826179076,1816649.161505327,10
-1219439.0699013802,1816649.161505327,10
-1218975.7571848526,1816649.161505327,10
-1218512.444468325,1816649.161505327,10
-1218049.1317517976,1816649.161505327,10
-1217585.81903527,1816649.161505327,10
-1217122.5063187426,1816649.161505327,10
-1216659.193602215,1816649.161505327,10
-1216195.8808856877,1816649.161505327,10
-1215732.56816916,1816649.161505327,10
-1215269.2554526327,1816649.161505327,10
-1214805.942736105,1816649.161505327,10
-1214342.6300195777,1816649.161505327,10
-1213879.31730305,1816649.161505327,10
-1213416.0045865227,1816649.161505327,10
-1212952.691869995,1816649.161505327,10
-1212489.3791534677,1816649.161505327,10
-1212026.06643694,1816649.161505327,10
-1211562.7537204125,1816649.161505327,10
-1211099.4410038851,1816649.161505327,10
-1210636.1282873575,1816649.161505327,10
-1210172.8155708301,1816649.161505327,10
-1209709.5028543025,1816649.161505327,10
-1209246.1901377751,1816649.161505327,10
-1208782.8774212475,1816649.161505327,10
-1208319.5647047202,1816649.161505327,10
-1207856.2519881926,1816649.161505327,10
-1207392.9392716652,1816649.161505327,10
-1206929.6265551376,1816649.161505327,10
-1206466.3138386102,1816649.161505327,10
-1206003.0011220826,1816649.161505327,10
-1205539.6884055552,1816649.161505327,10
-1205076.3756890276,1816649.161505327,10
-1204613.0629725,1816649.161505327,10
-1204149.7502559726,1816649.161505327,10
-1203686.4375394452,1816649.161505327,10
-1203223.1248229176,1816649.161505327,10
-1202759.81210639,1816649.161505327,10
-1202296.4993898626,1816649.161505327,10
-1201833.186673335,1816649.161505327,10
-1201369.8739568077,1816649.161505327,10
-1200906.56124028,1816649.161505327,10
-1200443.2485237527,1816649.161505327,10
-1199979.935807225,1816649.161505327,10
-1199516.6230906977,1816649.161505327,10
-1199053.31037417,1816649.161505327,10
-1198589.9976576427,1816649.161505327,10
-1198126.684941115,1816649.161505327,10
-1197663.3722245875,1816649.161505327,10
-1197200.05950806,1816649.161505327,10
-1196736.7467915327,1816649.161505327,10
-1196273.4340750051,1816649.161505327,10
-1195810.1213584775,1816649.161505327,10
-1195346.8086419501,1816649.161505327,10
-1194883.4959254225,1816649.161505327,10
-1194420.1832088951,1816649.161505327,10
-1193956.8704923675,1816649.161505327,10
-1193493.5577758402,1816649.161505327,10
-1193030.2450593126,1816649.161505327,10
-1192566.9323427852,1816649.161505327,10
-1192103.6196262576,1816649.161505327,10
-1191640.3069097302,1816649.161505327,10
-1191176.9941932026,1816649.161505327,10
-1190713.6814766752,1816649.161505327,10
-1190250.3687601476,1816649.161505327,10
-1189787.0560436202,1816649.161505327,10
-1189323.7433270926,1816649.161505327,10
-1188860.430610565,1816649.161505327,10
-1188397.1178940376,1816649.161505327,10
-1187933.80517751,1816649.161505327,10
-1187470.4924609826,1816649.161505327,10
-1187007.179744455,1816649.161505327,10
-1186543.8670279277,1816649.161505327,10
-1186080.5543114,1816649.161505327,10
-1185617.2415948727,1816649.161505327,10
-1185153.928878345,1816649.161505327,10
-1184690.6161618177,1816649.161505327,10
-1184227.30344529,1816649.161505327,10
-1183763.9907287627,1816649.161505327,10
-1183300.678012235,1816649.161505327,10
-1182837.3652957077,1816649.161505327,10
-1182374.05257918,1816649.161505327,10
-1181910.7398626525,1816649.161505327,10
-1181447.4271461251,1816649.161505327,10
-1180984.1144295975,1816649.161505327,10
-1180520.8017130701,1816649.161505327,10
-1180057.4889965425,1816649.161505327,10
-1179594.1762800151,1816649.161505327,10
-1179130.8635634875,1816649.161505327,10
-1178667.5508469602,1816649.161505327,10
-1178204.2381304326,1816649.161505327,10
-1177740.9254139052,1816649.161505327,10
-1177277.6126973776,1816649.161505327,10
-1176814.2999808502,1816649.161505327,10
-1176350.9872643226,1816649.161505327,10
-1175887.6745477952,1816649.161505327,10
-1175424.3618312676,1816649.161505327,10
-1174961.04911474,1816649.161505327,10
-1174497.7363982126,1816649.161505327,10
-1174034.4236816852,1816649.161505327,10
-1173571.1109651576,1816649.161505327,10
-1173107.79824863,1816649.161505327,10
-1172644.4855321026,1816649.161505327,10
-1172181.172815575,1816649.161505327,10
-1171717.8600990477,1816649.161505327,10
-1171254.54738252,1816649.161505327,10
-1170791.2346659927,1816649.161505327,10
-1170327.921949465,1816649.161505327,10
-1169864.6092329377,1816649.161505327,10
-1169401.29651641,1816649.161505327,10
-1168937.9837998827,1816649.161505327,10
-1168474.671083355,1816649.161505327,10
-1168011.3583668275,1816649.161505327,10
-1167548.0456503,1816649.161505327,10
-1167084.7329337727,1816649.161505327,10
-1166621.4202172451,1816649.161505327,10
-1166158.1075007175,1816649.161505327,10
-1165694.7947841901,1816649.161505327,10
-1165231.4820676625,1816649.161505327,10
-1164768.1693511351,1816649.161505327,10
-1164304.8566346075,1816649.161505327,10
-1163841.5439180802,1816649.161505327,10
-1163378.2312015526,1816649.161505327,10
-1162914.9184850252,1816649.161505327,10
-1162451.6057684976,1816649.161505327,10
-1161988.2930519702,1816649.161505327,10
-1161524.9803354426,1816649.161505327,10
-1161061.6676189152,1816649.161505327,10
-1160598.3549023876,1816649.161505327,10
-1160135.0421858602,1816649.161505327,10
-1159671.7294693326,1816649.161505327,10
-1159208.416752805,1816649.161505327,10
-1158745.1040362776,1816649.161505327,10
-1158281.79131975,1816649.161505327,10
-1157818.4786032226,1816649.161505327,10
-1157355.165886695,1816649.161505327,10
-1156891.8531701677,1816649.161505327,10
-1156428.54045364,1816649.161505327,10
-1155965.2277371127,1816649.161505327,10
-1155501.915020585,1816649.161505327,10
-1324147.7438365952,1816185.8487887997,10
-1323684.4311200676,1816185.8487887997,10
-1323221.11840354,1816185.8487887997,16
-1322757.8056870126,1816185.8487887997,10
-1322294.492970485,1816185.8487887997,16
-1321831.1802539576,1816185.8487887997,16
-1321367.86753743,1816185.8487887997,16
-1320904.5548209026,1816185.8487887997,16
-1320441.242104375,1816185.8487887997,16
-1319977.9293878477,1816185.8487887997,16
-1319514.61667132,1816185.8487887997,16
-1319051.3039547927,1816185.8487887997,16
-1318587.991238265,1816185.8487887997,16
-1318124.6785217377,1816185.8487887997,16
-1317661.36580521,1816185.8487887997,10
-1317198.0530886827,1816185.8487887997,10
-1316734.740372155,1816185.8487887997,16
-1316271.4276556277,1816185.8487887997,16
-1315808.1149391,1816185.8487887997,16
-1315344.8022225727,1816185.8487887997,16
-1314881.4895060451,1816185.8487887997,10
-1314418.1767895175,1816185.8487887997,10
-1313954.8640729901,1816185.8487887997,16
-1313491.5513564625,1816185.8487887997,16
-1313028.2386399352,1816185.8487887997,16
-1312564.9259234075,1816185.8487887997,16
-1312101.6132068802,1816185.8487887997,16
-1311638.3004903526,1816185.8487887997,16
-1311174.9877738252,1816185.8487887997,16
-1310711.6750572976,1816185.8487887997,16
-1310248.3623407702,1816185.8487887997,16
-1309785.0496242426,1816185.8487887997,16
-1309321.7369077152,1816185.8487887997,16
-1308858.4241911876,1816185.8487887997,16
-1308395.1114746602,1816185.8487887997,16
-1307931.7987581326,1816185.8487887997,16
-1307468.486041605,1816185.8487887997,16
-1307005.1733250776,1816185.8487887997,16
-1306541.86060855,1816185.8487887997,16
-1306078.5478920226,1816185.8487887997,16
-1305615.235175495,1816185.8487887997,16
-1305151.9224589677,1816185.8487887997,16
-1304688.60974244,1816185.8487887997,16
-1304225.2970259127,1816185.8487887997,10
-1303761.984309385,1816185.8487887997,10
-1303298.6715928577,1816185.8487887997,10
-1302835.35887633,1816185.8487887997,10
-1302372.0461598027,1816185.8487887997,10
-1301908.733443275,1816185.8487887997,10
-1301445.4207267477,1816185.8487887997,16
-1300982.10801022,1816185.8487887997,16
-1300518.7952936925,1816185.8487887997,16
-1300055.4825771651,1816185.8487887997,16
-1299592.1698606375,1816185.8487887997,10
-1299128.8571441101,1816185.8487887997,10
-1298665.5444275825,1816185.8487887997,10
-1298202.2317110552,1816185.8487887997,16
-1297738.9189945275,1816185.8487887997,16
-1297275.6062780002,1816185.8487887997,16
-1296812.2935614726,1816185.8487887997,16
-1296348.9808449452,1816185.8487887997,16
-1295885.6681284176,1816185.8487887997,16
-1295422.3554118902,1816185.8487887997,16
-1294959.0426953626,1816185.8487887997,16
-1294495.7299788352,1816185.8487887997,16
-1294032.4172623076,1816185.8487887997,16
-1293569.10454578,1816185.8487887997,16
-1293105.7918292526,1816185.8487887997,16
-1292642.479112725,1816185.8487887997,16
-1292179.1663961976,1816185.8487887997,16
-1291715.85367967,1816185.8487887997,16
-1291252.5409631426,1816185.8487887997,16
-1290789.228246615,1816185.8487887997,16
-1290325.9155300877,1816185.8487887997,16
-1289862.60281356,1816185.8487887997,10
-1289399.2900970327,1816185.8487887997,10
-1288935.977380505,1816185.8487887997,10
-1288472.6646639777,1816185.8487887997,10
-1288009.35194745,1816185.8487887997,10
-1287546.0392309227,1816185.8487887997,16
-1287082.726514395,1816185.8487887997,10
-1286619.4137978677,1816185.8487887997,10
-1286156.10108134,1816185.8487887997,10
-1285692.7883648127,1816185.8487887997,16
-1285229.4756482851,1816185.8487887997,10
-1284766.1629317575,1816185.8487887997,16
-1284302.8502152301,1816185.8487887997,10
-1283839.5374987025,1816185.8487887997,10
-1283376.2247821752,1816185.8487887997,10
-1282912.9120656475,1816185.8487887997,10
-1282449.5993491202,1816185.8487887997,10
-1281986.2866325926,1816185.8487887997,10
-1281522.9739160652,1816185.8487887997,10
-1281059.6611995376,1816185.8487887997,10
-1280596.3484830102,1816185.8487887997,10
-1280133.0357664826,1816185.8487887997,10
-1279669.7230499552,1816185.8487887997,10
-1279206.4103334276,1816185.8487887997,10
-1278743.0976169002,1816185.8487887997,10
-1278279.7849003726,1816185.8487887997,10
-1277816.472183845,1816185.8487887997,10
-1277353.1594673176,1816185.8487887997,7
-1276889.84675079,1816185.8487887997,10
-1276426.5340342626,1816185.8487887997,10
-1275963.221317735,1816185.8487887997,10
-1275499.9086012077,1816185.8487887997,10
-1275036.59588468,1816185.8487887997,10
-1274573.2831681527,1816185.8487887997,10
-1274109.970451625,1816185.8487887997,10
-1273646.6577350977,1816185.8487887997,10
-1273183.34501857,1816185.8487887997,10
-1272720.0323020427,1816185.8487887997,10
-1272256.719585515,1816185.8487887997,10
-1271793.4068689877,1816185.8487887997,10
-1271330.09415246,1816185.8487887997,10
-1270866.7814359325,1816185.8487887997,10
-1270403.4687194051,1816185.8487887997,10
-1269940.1560028775,1816185.8487887997,10
-1269476.8432863501,1816185.8487887997,7
-1269013.5305698225,1816185.8487887997,7
-1268550.2178532952,1816185.8487887997,10
-1268086.9051367675,1816185.8487887997,10
-1267623.5924202402,1816185.8487887997,10
-1267160.2797037126,1816185.8487887997,10
-1266696.9669871852,1816185.8487887997,10
-1266233.6542706576,1816185.8487887997,10
-1265770.3415541302,1816185.8487887997,10
-1265307.0288376026,1816185.8487887997,10
-1264843.7161210752,1816185.8487887997,10
-1264380.4034045476,1816185.8487887997,10
-1263917.09068802,1816185.8487887997,10
-1263453.7779714926,1816185.8487887997,10
-1262990.465254965,1816185.8487887997,10
-1262527.1525384376,1816185.8487887997,10
-1262063.83982191,1816185.8487887997,10
-1261600.5271053826,1816185.8487887997,10
-1261137.214388855,1816185.8487887997,10
-1260673.9016723277,1816185.8487887997,10
-1260210.5889558,1816185.8487887997,10
-1259747.2762392727,1816185.8487887997,10
-1259283.963522745,1816185.8487887997,10
-1258820.6508062177,1816185.8487887997,10
-1258357.33808969,1816185.8487887997,10
-1257894.0253731627,1816185.8487887997,10
-1257430.712656635,1816185.8487887997,10
-1256967.3999401077,1816185.8487887997,10
-1256504.08722358,1816185.8487887997,10
-1256040.7745070527,1816185.8487887997,10
-1255577.4617905251,1816185.8487887997,10
-1255114.1490739975,1816185.8487887997,10
-1254650.8363574701,1816185.8487887997,10
-1254187.5236409425,1816185.8487887997,10
-1253724.2109244152,1816185.8487887997,10
-1253260.8982078875,1816185.8487887997,10
-1252797.5854913602,1816185.8487887997,10
-1252334.2727748326,1816185.8487887997,10
-1251870.9600583052,1816185.8487887997,10
-1251407.6473417776,1816185.8487887997,10
-1250944.3346252502,1816185.8487887997,10
-1250481.0219087226,1816185.8487887997,10
-1250017.7091921952,1816185.8487887997,10
-1249554.3964756676,1816185.8487887997,10
-1249091.0837591402,1816185.8487887997,10
-1248627.7710426126,1816185.8487887997,10
-1248164.458326085,1816185.8487887997,10
-1247701.1456095576,1816185.8487887997,10
-1247237.83289303,1816185.8487887997,10
-1246774.5201765026,1816185.8487887997,10
-1246311.207459975,1816185.8487887997,10
-1245847.8947434477,1816185.8487887997,10
-1245384.58202692,1816185.8487887997,10
-1244921.2693103927,1816185.8487887997,10
-1244457.956593865,1816185.8487887997,10
-1243994.6438773377,1816185.8487887997,10
-1243531.33116081,1816185.8487887997,10
-1243068.0184442827,1816185.8487887997,10
-1242604.705727755,1816185.8487887997,10
-1242141.3930112277,1816185.8487887997,10
-1241678.0802947,1816185.8487887997,10
-1241214.7675781725,1816185.8487887997,10
-1240751.4548616451,1816185.8487887997,10
-1240288.1421451175,1816185.8487887997,10
-1239824.8294285901,1816185.8487887997,10
-1239361.5167120625,1816185.8487887997,10
-1238898.2039955352,1816185.8487887997,10
-1238434.8912790075,1816185.8487887997,10
-1237971.5785624802,1816185.8487887997,10
-1237508.2658459526,1816185.8487887997,10
-1237044.9531294252,1816185.8487887997,10
-1236581.6404128976,1816185.8487887997,10
-1236118.3276963702,1816185.8487887997,10
-1235655.0149798426,1816185.8487887997,10
-1235191.7022633152,1816185.8487887997,10
-1234728.3895467876,1816185.8487887997,10
-1234265.07683026,1816185.8487887997,10
-1233801.7641137326,1816185.8487887997,10
-1233338.4513972052,1816185.8487887997,10
-1232875.1386806776,1816185.8487887997,10
-1232411.82596415,1816185.8487887997,10
-1231948.5132476226,1816185.8487887997,10
-1231485.200531095,1816185.8487887997,10
-1231021.8878145677,1816185.8487887997,10
-1230558.57509804,1816185.8487887997,10
-1230095.2623815127,1816185.8487887997,10
-1229631.949664985,1816185.8487887997,10
-1229168.6369484577,1816185.8487887997,10
-1228705.32423193,1816185.8487887997,10
-1228242.0115154027,1816185.8487887997,10
-1227778.698798875,1816185.8487887997,10
-1227315.3860823475,1816185.8487887997,10
-1226852.07336582,1816185.8487887997,10
-1226388.7606492927,1816185.8487887997,10
-1225925.4479327651,1816185.8487887997,10
-1225462.1352162375,1816185.8487887997,10
-1224998.8224997101,1816185.8487887997,10
-1224535.5097831825,1816185.8487887997,10
-1224072.1970666551,1816185.8487887997,10
-1223608.8843501275,1816185.8487887997,10
-1223145.5716336002,1816185.8487887997,10
-1222682.2589170726,1816185.8487887997,10
-1222218.9462005452,1816185.8487887997,10
-1221755.6334840176,1816185.8487887997,10
-1221292.3207674902,1816185.8487887997,10
-1220829.0080509626,1816185.8487887997,10
-1220365.6953344352,1816185.8487887997,10
-1219902.3826179076,1816185.8487887997,10
-1219439.0699013802,1816185.8487887997,10
-1218975.7571848526,1816185.8487887997,10
-1218512.444468325,1816185.8487887997,10
-1218049.1317517976,1816185.8487887997,10
-1217585.81903527,1816185.8487887997,10
-1217122.5063187426,1816185.8487887997,10
-1216659.193602215,1816185.8487887997,10
-1216195.8808856877,1816185.8487887997,10
-1215732.56816916,1816185.8487887997,10
-1215269.2554526327,1816185.8487887997,10
-1214805.942736105,1816185.8487887997,10
-1214342.6300195777,1816185.8487887997,10
-1213879.31730305,1816185.8487887997,10
-1213416.0045865227,1816185.8487887997,10
-1212952.691869995,1816185.8487887997,10
-1212489.3791534677,1816185.8487887997,10
-1212026.06643694,1816185.8487887997,10
-1211562.7537204125,1816185.8487887997,10
-1211099.4410038851,1816185.8487887997,10
-1210636.1282873575,1816185.8487887997,10
-1210172.8155708301,1816185.8487887997,10
-1209709.5028543025,1816185.8487887997,10
-1209246.1901377751,1816185.8487887997,10
-1208782.8774212475,1816185.8487887997,10
-1208319.5647047202,1816185.8487887997,10
-1207856.2519881926,1816185.8487887997,10
-1207392.9392716652,1816185.8487887997,10
-1206929.6265551376,1816185.8487887997,10
-1206466.3138386102,1816185.8487887997,10
-1206003.0011220826,1816185.8487887997,10
-1205539.6884055552,1816185.8487887997,10
-1205076.3756890276,1816185.8487887997,10
-1204613.0629725,1816185.8487887997,10
-1204149.7502559726,1816185.8487887997,10
-1203686.4375394452,1816185.8487887997,10
-1203223.1248229176,1816185.8487887997,10
-1202759.81210639,1816185.8487887997,10
-1202296.4993898626,1816185.8487887997,10
-1201833.186673335,1816185.8487887997,10
-1201369.8739568077,1816185.8487887997,10
-1200906.56124028,1816185.8487887997,10
-1200443.2485237527,1816185.8487887997,10
-1199979.935807225,1816185.8487887997,10
-1199516.6230906977,1816185.8487887997,10
-1199053.31037417,1816185.8487887997,10
-1198589.9976576427,1816185.8487887997,10
-1198126.684941115,1816185.8487887997,10
-1197663.3722245875,1816185.8487887997,10
-1197200.05950806,1816185.8487887997,10
-1196736.7467915327,1816185.8487887997,10
-1196273.4340750051,1816185.8487887997,10
-1195810.1213584775,1816185.8487887997,10
-1195346.8086419501,1816185.8487887997,10
-1194883.4959254225,1816185.8487887997,10
-1194420.1832088951,1816185.8487887997,10
-1193956.8704923675,1816185.8487887997,10
-1193493.5577758402,1816185.8487887997,10
-1193030.2450593126,1816185.8487887997,10
-1192566.9323427852,1816185.8487887997,10
-1192103.6196262576,1816185.8487887997,10
-1191640.3069097302,1816185.8487887997,10
-1191176.9941932026,1816185.8487887997,10
-1190713.6814766752,1816185.8487887997,10
-1190250.3687601476,1816185.8487887997,10
-1189787.0560436202,1816185.8487887997,10
-1189323.7433270926,1816185.8487887997,10
-1188860.430610565,1816185.8487887997,10
-1188397.1178940376,1816185.8487887997,10
-1187933.80517751,1816185.8487887997,10
-1187470.4924609826,1816185.8487887997,10
-1187007.179744455,1816185.8487887997,10
-1186543.8670279277,1816185.8487887997,10
-1186080.5543114,1816185.8487887997,10
-1185617.2415948727,1816185.8487887997,10
-1185153.928878345,1816185.8487887997,10
-1184690.6161618177,1816185.8487887997,10
-1184227.30344529,1816185.8487887997,10
-1183763.9907287627,1816185.8487887997,10
-1183300.678012235,1816185.8487887997,10
-1182837.3652957077,1816185.8487887997,10
-1182374.05257918,1816185.8487887997,10
-1181910.7398626525,1816185.8487887997,10
-1181447.4271461251,1816185.8487887997,10
-1180984.1144295975,1816185.8487887997,10
-1180520.8017130701,1816185.8487887997,10
-1180057.4889965425,1816185.8487887997,10
-1179594.1762800151,1816185.8487887997,10
-1179130.8635634875,1816185.8487887997,10
-1178667.5508469602,1816185.8487887997,10
-1178204.2381304326,1816185.8487887997,10
-1177740.9254139052,1816185.8487887997,10
-1177277.6126973776,1816185.8487887997,10
-1176814.2999808502,1816185.8487887997,10
-1176350.9872643226,1816185.8487887997,10
-1175887.6745477952,1816185.8487887997,10
-1175424.3618312676,1816185.8487887997,10
-1174961.04911474,1816185.8487887997,10
-1174497.7363982126,1816185.8487887997,10
-1174034.4236816852,1816185.8487887997,10
-1173571.1109651576,1816185.8487887997,10
-1173107.79824863,1816185.8487887997,10
-1172644.4855321026,1816185.8487887997,10
-1172181.172815575,1816185.8487887997,10
-1171717.8600990477,1816185.8487887997,10
-1171254.54738252,1816185.8487887997,10
-1170791.2346659927,1816185.8487887997,10
-1170327.921949465,1816185.8487887997,10
-1169864.6092329377,1816185.8487887997,10
-1169401.29651641,1816185.8487887997,10
-1168937.9837998827,1816185.8487887997,10
-1168474.671083355,1816185.8487887997,10
-1168011.3583668275,1816185.8487887997,10
-1167548.0456503,1816185.8487887997,10
-1167084.7329337727,1816185.8487887997,10
-1166621.4202172451,1816185.8487887997,10
-1166158.1075007175,1816185.8487887997,10
-1165694.7947841901,1816185.8487887997,10
-1165231.4820676625,1816185.8487887997,10
-1164768.1693511351,1816185.8487887997,10
-1164304.8566346075,1816185.8487887997,10
-1163841.5439180802,1816185.8487887997,10
-1163378.2312015526,1816185.8487887997,10
-1162914.9184850252,1816185.8487887997,10
-1162451.6057684976,1816185.8487887997,10
-1161988.2930519702,1816185.8487887997,10
-1161524.9803354426,1816185.8487887997,10
-1161061.6676189152,1816185.8487887997,10
-1160598.3549023876,1816185.8487887997,10
-1160135.0421858602,1816185.8487887997,10
-1159671.7294693326,1816185.8487887997,10
-1159208.416752805,1816185.8487887997,10
-1324147.7438365952,1815722.536072272,10
-1323684.4311200676,1815722.536072272,10
-1323221.11840354,1815722.536072272,16
-1322757.8056870126,1815722.536072272,16
-1322294.492970485,1815722.536072272,16
-1321831.1802539576,1815722.536072272,16
-1321367.86753743,1815722.536072272,16
-1320904.5548209026,1815722.536072272,16
-1320441.242104375,1815722.536072272,16
-1319977.9293878477,1815722.536072272,16
-1319514.61667132,1815722.536072272,16
-1319051.3039547927,1815722.536072272,16
-1318587.991238265,1815722.536072272,16
-1318124.6785217377,1815722.536072272,10
-1317661.36580521,1815722.536072272,10
-1317198.0530886827,1815722.536072272,16
-1316734.740372155,1815722.536072272,16
-1316271.4276556277,1815722.536072272,16
-1315808.1149391,1815722.536072272,16
-1315344.8022225727,1815722.536072272,16
-1314881.4895060451,1815722.536072272,10
-1314418.1767895175,1815722.536072272,10
-1313954.8640729901,1815722.536072272,10
-1313491.5513564625,1815722.536072272,10
-1313028.2386399352,1815722.536072272,16
-1312564.9259234075,1815722.536072272,16
-1312101.6132068802,1815722.536072272,16
-1311638.3004903526,1815722.536072272,16
-1311174.9877738252,1815722.536072272,16
-1310711.6750572976,1815722.536072272,16
-1310248.3623407702,1815722.536072272,16
-1309785.0496242426,1815722.536072272,16
-1309321.7369077152,1815722.536072272,16
-1308858.4241911876,1815722.536072272,16
-1308395.1114746602,1815722.536072272,16
-1307931.7987581326,1815722.536072272,16
-1307468.486041605,1815722.536072272,16
-1307005.1733250776,1815722.536072272,16
-1306541.86060855,1815722.536072272,16
-1306078.5478920226,1815722.536072272,16
-1305615.235175495,1815722.536072272,16
-1305151.9224589677,1815722.536072272,10
-1304688.60974244,1815722.536072272,10
-1304225.2970259127,1815722.536072272,10
-1303761.984309385,1815722.536072272,10
-1303298.6715928577,1815722.536072272,10
-1302835.35887633,1815722.536072272,10
-1302372.0461598027,1815722.536072272,10
-1301908.733443275,1815722.536072272,10
-1301445.4207267477,1815722.536072272,10
-1300982.10801022,1815722.536072272,16
-1300518.7952936925,1815722.536072272,16
-1300055.4825771651,1815722.536072272,16
-1299592.1698606375,1815722.536072272,10
-1299128.8571441101,1815722.536072272,10
-1298665.5444275825,1815722.536072272,16
-1298202.2317110552,1815722.536072272,10
-1297738.9189945275,1815722.536072272,10
-1297275.6062780002,1815722.536072272,16
-1296812.2935614726,1815722.536072272,16
-1296348.9808449452,1815722.536072272,16
-1295885.6681284176,1815722.536072272,16
-1295422.3554118902,1815722.536072272,16
-1294959.0426953626,1815722.536072272,16
-1294495.7299788352,1815722.536072272,16
-1294032.4172623076,1815722.536072272,16
-1293569.10454578,1815722.536072272,16
-1293105.7918292526,1815722.536072272,16
-1292642.479112725,1815722.536072272,16
-1292179.1663961976,1815722.536072272,16
-1291715.85367967,1815722.536072272,16
-1291252.5409631426,1815722.536072272,16
-1290789.228246615,1815722.536072272,16
-1290325.9155300877,1815722.536072272,10
-1289862.60281356,1815722.536072272,10
-1289399.2900970327,1815722.536072272,10
-1288935.977380505,1815722.536072272,10
-1288472.6646639777,1815722.536072272,10
-1288009.35194745,1815722.536072272,10
-1287546.0392309227,1815722.536072272,10
-1287082.726514395,1815722.536072272,10
-1286619.4137978677,1815722.536072272,10
-1286156.10108134,1815722.536072272,16
-1285692.7883648127,1815722.536072272,16
-1285229.4756482851,1815722.536072272,16
-1284766.1629317575,1815722.536072272,16
-1284302.8502152301,1815722.536072272,10
-1283839.5374987025,1815722.536072272,10
-1283376.2247821752,1815722.536072272,10
-1282912.9120656475,1815722.536072272,10
-1282449.5993491202,1815722.536072272,10
-1281986.2866325926,1815722.536072272,10
-1281522.9739160652,1815722.536072272,10
-1281059.6611995376,1815722.536072272,10
-1280596.3484830102,1815722.536072272,10
-1280133.0357664826,1815722.536072272,10
-1279669.7230499552,1815722.536072272,10
-1279206.4103334276,1815722.536072272,10
-1278743.0976169002,1815722.536072272,10
-1278279.7849003726,1815722.536072272,10
-1277816.472183845,1815722.536072272,10
-1277353.1594673176,1815722.536072272,10
-1276889.84675079,1815722.536072272,10
-1276426.5340342626,1815722.536072272,10
-1275963.221317735,1815722.536072272,10
-1275499.9086012077,1815722.536072272,10
-1275036.59588468,1815722.536072272,10
-1274573.2831681527,1815722.536072272,10
-1274109.970451625,1815722.536072272,10
-1273646.6577350977,1815722.536072272,10
-1273183.34501857,1815722.536072272,10
-1272720.0323020427,1815722.536072272,10
-1272256.719585515,1815722.536072272,10
-1271793.4068689877,1815722.536072272,10
-1271330.09415246,1815722.536072272,10
-1270866.7814359325,1815722.536072272,10
-1270403.4687194051,1815722.536072272,10
-1269940.1560028775,1815722.536072272,10
-1269476.8432863501,1815722.536072272,10
-1269013.5305698225,1815722.536072272,10
-1268550.2178532952,1815722.536072272,10
-1268086.9051367675,1815722.536072272,10
-1267623.5924202402,1815722.536072272,10
-1267160.2797037126,1815722.536072272,10
-1266696.9669871852,1815722.536072272,10
-1266233.6542706576,1815722.536072272,10
-1265770.3415541302,1815722.536072272,10
-1265307.0288376026,1815722.536072272,10
-1264843.7161210752,1815722.536072272,10
-1264380.4034045476,1815722.536072272,10
-1263917.09068802,1815722.536072272,10
-1263453.7779714926,1815722.536072272,10
-1262990.465254965,1815722.536072272,10
-1262527.1525384376,1815722.536072272,10
-1262063.83982191,1815722.536072272,10
-1261600.5271053826,1815722.536072272,10
-1261137.214388855,1815722.536072272,10
-1260673.9016723277,1815722.536072272,10
-1260210.5889558,1815722.536072272,10
-1259747.2762392727,1815722.536072272,10
-1259283.963522745,1815722.536072272,10
-1258820.6508062177,1815722.536072272,10
-1258357.33808969,1815722.536072272,10
-1257894.0253731627,1815722.536072272,10
-1257430.712656635,1815722.536072272,10
-1256967.3999401077,1815722.536072272,10
-1256504.08722358,1815722.536072272,10
-1256040.7745070527,1815722.536072272,10
-1255577.4617905251,1815722.536072272,10
-1255114.1490739975,1815722.536072272,10
-1254650.8363574701,1815722.536072272,10
-1254187.5236409425,1815722.536072272,10
-1253724.2109244152,1815722.536072272,10
-1253260.8982078875,1815722.536072272,10
-1252797.5854913602,1815722.536072272,10
-1252334.2727748326,1815722.536072272,10
-1251870.9600583052,1815722.536072272,10
-1251407.6473417776,1815722.536072272,10
-1250944.3346252502,1815722.536072272,10
-1250481.0219087226,1815722.536072272,10
-1250017.7091921952,1815722.536072272,10
-1249554.3964756676,1815722.536072272,10
-1249091.0837591402,1815722.536072272,10
-1248627.7710426126,1815722.536072272,10
-1248164.458326085,1815722.536072272,10
-1247701.1456095576,1815722.536072272,10
-1247237.83289303,1815722.536072272,10
-1246774.5201765026,1815722.536072272,10
-1246311.207459975,1815722.536072272,10
-1245847.8947434477,1815722.536072272,10
-1245384.58202692,1815722.536072272,10
-1244921.2693103927,1815722.536072272,10
-1244457.956593865,1815722.536072272,10
-1243994.6438773377,1815722.536072272,10
-1243531.33116081,1815722.536072272,10
-1243068.0184442827,1815722.536072272,10
-1242604.705727755,1815722.536072272,10
-1242141.3930112277,1815722.536072272,10
-1241678.0802947,1815722.536072272,10
-1241214.7675781725,1815722.536072272,10
-1240751.4548616451,1815722.536072272,10
-1240288.1421451175,1815722.536072272,10
-1239824.8294285901,1815722.536072272,10
-1239361.5167120625,1815722.536072272,10
-1238898.2039955352,1815722.536072272,10
-1238434.8912790075,1815722.536072272,10
-1237971.5785624802,1815722.536072272,10
-1237508.2658459526,1815722.536072272,10
-1237044.9531294252,1815722.536072272,10
-1236581.6404128976,1815722.536072272,10
-1236118.3276963702,1815722.536072272,10
-1235655.0149798426,1815722.536072272,10
-1235191.7022633152,1815722.536072272,10
-1234728.3895467876,1815722.536072272,10
-1234265.07683026,1815722.536072272,10
-1233801.7641137326,1815722.536072272,10
-1233338.4513972052,1815722.536072272,10
-1232875.1386806776,1815722.536072272,10
-1232411.82596415,1815722.536072272,10
-1231948.5132476226,1815722.536072272,10
-1231485.200531095,1815722.536072272,10
-1231021.8878145677,1815722.536072272,10
-1230558.57509804,1815722.536072272,10
-1230095.2623815127,1815722.536072272,10
-1229631.949664985,1815722.536072272,10
-1229168.6369484577,1815722.536072272,10
-1228705.32423193,1815722.536072272,10
-1228242.0115154027,1815722.536072272,10
-1227778.698798875,1815722.536072272,10
-1227315.3860823475,1815722.536072272,10
-1226852.07336582,1815722.536072272,10
-1226388.7606492927,1815722.536072272,10
-1225925.4479327651,1815722.536072272,10
-1225462.1352162375,1815722.536072272,10
-1224998.8224997101,1815722.536072272,10
-1224535.5097831825,1815722.536072272,10
-1224072.1970666551,1815722.536072272,10
-1223608.8843501275,1815722.536072272,10
-1223145.5716336002,1815722.536072272,10
-1222682.2589170726,1815722.536072272,10
-1222218.9462005452,1815722.536072272,10
-1221755.6334840176,1815722.536072272,10
-1221292.3207674902,1815722.536072272,10
-1220829.0080509626,1815722.536072272,10
-1220365.6953344352,1815722.536072272,10
-1219902.3826179076,1815722.536072272,10
-1219439.0699013802,1815722.536072272,10
-1218975.7571848526,1815722.536072272,10
-1218512.444468325,1815722.536072272,10
-1218049.1317517976,1815722.536072272,10
-1217585.81903527,1815722.536072272,10
-1217122.5063187426,1815722.536072272,10
-1216659.193602215,1815722.536072272,10
-1216195.8808856877,1815722.536072272,10
-1215732.56816916,1815722.536072272,10
-1215269.2554526327,1815722.536072272,10
-1214805.942736105,1815722.536072272,10
-1214342.6300195777,1815722.536072272,10
-1213879.31730305,1815722.536072272,10
-1213416.0045865227,1815722.536072272,10
-1212952.691869995,1815722.536072272,10
-1212489.3791534677,1815722.536072272,10
-1212026.06643694,1815722.536072272,10
-1211562.7537204125,1815722.536072272,10
-1211099.4410038851,1815722.536072272,10
-1210636.1282873575,1815722.536072272,10
-1210172.8155708301,1815722.536072272,10
-1209709.5028543025,1815722.536072272,10
-1209246.1901377751,1815722.536072272,10
-1208782.8774212475,1815722.536072272,10
-1208319.5647047202,1815722.536072272,10
-1207856.2519881926,1815722.536072272,10
-1207392.9392716652,1815722.536072272,10
-1206929.6265551376,1815722.536072272,10
-1206466.3138386102,1815722.536072272,10
-1206003.0011220826,1815722.536072272,10
-1205539.6884055552,1815722.536072272,10
-1205076.3756890276,1815722.536072272,10
-1204613.0629725,1815722.536072272,10
-1204149.7502559726,1815722.536072272,10
-1203686.4375394452,1815722.536072272,10
-1203223.1248229176,1815722.536072272,10
-1202759.81210639,1815722.536072272,10
-1202296.4993898626,1815722.536072272,10
-1201833.186673335,1815722.536072272,10
-1201369.8739568077,1815722.536072272,10
-1200906.56124028,1815722.536072272,10
-1200443.2485237527,1815722.536072272,10
-1199979.935807225,1815722.536072272,10
-1199516.6230906977,1815722.536072272,10
-1199053.31037417,1815722.536072272,10
-1198589.9976576427,1815722.536072272,10
-1198126.684941115,1815722.536072272,10
-1197663.3722245875,1815722.536072272,10
-1197200.05950806,1815722.536072272,10
-1196736.7467915327,1815722.536072272,10
-1196273.4340750051,1815722.536072272,10
-1195810.1213584775,1815722.536072272,10
-1195346.8086419501,1815722.536072272,10
-1194883.4959254225,1815722.536072272,10
-1194420.1832088951,1815722.536072272,10
-1193956.8704923675,1815722.536072272,10
-1193493.5577758402,1815722.536072272,10
-1193030.2450593126,1815722.536072272,10
-1192566.9323427852,1815722.536072272,10
-1192103.6196262576,1815722.536072272,10
-1191640.3069097302,1815722.536072272,10
-1191176.9941932026,1815722.536072272,10
-1190713.6814766752,1815722.536072272,10
-1190250.3687601476,1815722.536072272,10
-1189787.0560436202,1815722.536072272,10
-1189323.7433270926,1815722.536072272,10
-1188860.430610565,1815722.536072272,10
-1188397.1178940376,1815722.536072272,10
-1187933.80517751,1815722.536072272,10
-1187470.4924609826,1815722.536072272,10
-1187007.179744455,1815722.536072272,10
-1186543.8670279277,1815722.536072272,10
-1186080.5543114,1815722.536072272,10
-1185617.2415948727,1815722.536072272,10
-1185153.928878345,1815722.536072272,10
-1184690.6161618177,1815722.536072272,10
-1184227.30344529,1815722.536072272,10
-1183763.9907287627,1815722.536072272,10
-1183300.678012235,1815722.536072272,10
-1182837.3652957077,1815722.536072272,10
-1182374.05257918,1815722.536072272,10
-1181910.7398626525,1815722.536072272,10
-1181447.4271461251,1815722.536072272,10
-1180984.1144295975,1815722.536072272,10
-1180520.8017130701,1815722.536072272,10
-1180057.4889965425,1815722.536072272,10
-1179594.1762800151,1815722.536072272,10
-1179130.8635634875,1815722.536072272,10
-1178667.5508469602,1815722.536072272,10
-1178204.2381304326,1815722.536072272,10
-1177740.9254139052,1815722.536072272,10
-1177277.6126973776,1815722.536072272,10
-1176814.2999808502,1815722.536072272,10
-1176350.9872643226,1815722.536072272,10
-1175887.6745477952,1815722.536072272,10
-1175424.3618312676,1815722.536072272,10
-1174961.04911474,1815722.536072272,10
-1174497.7363982126,1815722.536072272,10
-1174034.4236816852,1815722.536072272,10
-1173571.1109651576,1815722.536072272,10
-1173107.79824863,1815722.536072272,10
-1172644.4855321026,1815722.536072272,10
-1172181.172815575,1815722.536072272,10
-1171717.8600990477,1815722.536072272,10
-1171254.54738252,1815722.536072272,10
-1170791.2346659927,1815722.536072272,10
-1170327.921949465,1815722.536072272,10
-1169864.6092329377,1815722.536072272,10
-1169401.29651641,1815722.536072272,10
-1168937.9837998827,1815722.536072272,10
-1168474.671083355,1815722.536072272,10
-1168011.3583668275,1815722.536072272,10
-1167548.0456503,1815722.536072272,10
-1167084.7329337727,1815722.536072272,10
-1166621.4202172451,1815722.536072272,10
-1166158.1075007175,1815722.536072272,10
-1165694.7947841901,1815722.536072272,10
-1165231.4820676625,1815722.536072272,10
-1164768.1693511351,1815722.536072272,10
-1164304.8566346075,1815722.536072272,10
-1163841.5439180802,1815722.536072272,10
-1163378.2312015526,1815722.536072272,10
-1162914.9184850252,1815722.536072272,10
-1162451.6057684976,1815722.536072272,10
-1161988.2930519702,1815722.536072272,10
-1161524.9803354426,1815722.536072272,10
-1161061.6676189152,1815722.536072272,10
-1160598.3549023876,1815722.536072272,10
-1160135.0421858602,1815722.536072272,10
-1159671.7294693326,1815722.536072272,10
-1159208.416752805,1815722.536072272,10
-1323684.4311200676,1815259.2233557447,10
-1323221.11840354,1815259.2233557447,16
-1322757.8056870126,1815259.2233557447,16
-1322294.492970485,1815259.2233557447,16
-1321831.1802539576,1815259.2233557447,16
-1321367.86753743,1815259.2233557447,16
-1320904.5548209026,1815259.2233557447,16
-1320441.242104375,1815259.2233557447,16
-1319977.9293878477,1815259.2233557447,16
-1319514.61667132,1815259.2233557447,16
-1319051.3039547927,1815259.2233557447,16
-1318587.991238265,1815259.2233557447,16
-1318124.6785217377,1815259.2233557447,16
-1317661.36580521,1815259.2233557447,16
-1317198.0530886827,1815259.2233557447,16
-1316734.740372155,1815259.2233557447,16
-1316271.4276556277,1815259.2233557447,10
-1315808.1149391,1815259.2233557447,10
-1315344.8022225727,1815259.2233557447,10
-1314881.4895060451,1815259.2233557447,10
-1314418.1767895175,1815259.2233557447,10
-1313954.8640729901,1815259.2233557447,10
-1313491.5513564625,1815259.2233557447,10
-1313028.2386399352,1815259.2233557447,16
-1312564.9259234075,1815259.2233557447,16
-1312101.6132068802,1815259.2233557447,16
-1311638.3004903526,1815259.2233557447,16
-1311174.9877738252,1815259.2233557447,16
-1310711.6750572976,1815259.2233557447,16
-1310248.3623407702,1815259.2233557447,16
-1309785.0496242426,1815259.2233557447,16
-1309321.7369077152,1815259.2233557447,16
-1308858.4241911876,1815259.2233557447,16
-1308395.1114746602,1815259.2233557447,16
-1307931.7987581326,1815259.2233557447,16
-1307468.486041605,1815259.2233557447,16
-1307005.1733250776,1815259.2233557447,16
-1306541.86060855,1815259.2233557447,16
-1306078.5478920226,1815259.2233557447,16
-1305615.235175495,1815259.2233557447,10
-1305151.9224589677,1815259.2233557447,10
-1304688.60974244,1815259.2233557447,10
-1304225.2970259127,1815259.2233557447,10
-1303761.984309385,1815259.2233557447,10
-1303298.6715928577,1815259.2233557447,10
-1302835.35887633,1815259.2233557447,10
-1302372.0461598027,1815259.2233557447,10
-1301908.733443275,1815259.2233557447,10
-1301445.4207267477,1815259.2233557447,16
-1300982.10801022,1815259.2233557447,16
-1300518.7952936925,1815259.2233557447,16
-1300055.4825771651,1815259.2233557447,16
-1299592.1698606375,1815259.2233557447,16
-1299128.8571441101,1815259.2233557447,16
-1298665.5444275825,1815259.2233557447,16
-1298202.2317110552,1815259.2233557447,16
-1297738.9189945275,1815259.2233557447,16
-1297275.6062780002,1815259.2233557447,16
-1296812.2935614726,1815259.2233557447,16
-1296348.9808449452,1815259.2233557447,16
-1295885.6681284176,1815259.2233557447,16
-1295422.3554118902,1815259.2233557447,16
-1294959.0426953626,1815259.2233557447,16
-1294495.7299788352,1815259.2233557447,16
-1294032.4172623076,1815259.2233557447,16
-1293569.10454578,1815259.2233557447,16
-1293105.7918292526,1815259.2233557447,16
-1292642.479112725,1815259.2233557447,16
-1292179.1663961976,1815259.2233557447,16
-1291715.85367967,1815259.2233557447,16
-1291252.5409631426,1815259.2233557447,16
-1290789.228246615,1815259.2233557447,16
-1290325.9155300877,1815259.2233557447,10
-1289862.60281356,1815259.2233557447,10
-1289399.2900970327,1815259.2233557447,10
-1288935.977380505,1815259.2233557447,10
-1288472.6646639777,1815259.2233557447,10
-1288009.35194745,1815259.2233557447,10
-1287546.0392309227,1815259.2233557447,10
-1287082.726514395,1815259.2233557447,10
-1286619.4137978677,1815259.2233557447,10
-1286156.10108134,1815259.2233557447,16
-1285692.7883648127,1815259.2233557447,16
-1285229.4756482851,1815259.2233557447,16
-1284766.1629317575,1815259.2233557447,16
-1284302.8502152301,1815259.2233557447,10
-1283839.5374987025,1815259.2233557447,10
-1283376.2247821752,1815259.2233557447,10
-1282912.9120656475,1815259.2233557447,10
-1282449.5993491202,1815259.2233557447,10
-1281986.2866325926,1815259.2233557447,10
-1281522.9739160652,1815259.2233557447,10
-1281059.6611995376,1815259.2233557447,10
-1280596.3484830102,1815259.2233557447,10
-1280133.0357664826,1815259.2233557447,10
-1279669.7230499552,1815259.2233557447,10
-1279206.4103334276,1815259.2233557447,10
-1278743.0976169002,1815259.2233557447,10
-1278279.7849003726,1815259.2233557447,7
-1277816.472183845,1815259.2233557447,10
-1277353.1594673176,1815259.2233557447,10
-1276889.84675079,1815259.2233557447,10
-1276426.5340342626,1815259.2233557447,10
-1275963.221317735,1815259.2233557447,10
-1275499.9086012077,1815259.2233557447,10
-1275036.59588468,1815259.2233557447,10
-1274573.2831681527,1815259.2233557447,10
-1274109.970451625,1815259.2233557447,10
-1273646.6577350977,1815259.2233557447,10
-1273183.34501857,1815259.2233557447,10
-1272720.0323020427,1815259.2233557447,10
-1272256.719585515,1815259.2233557447,10
-1271793.4068689877,1815259.2233557447,10
-1271330.09415246,1815259.2233557447,10
-1270866.7814359325,1815259.2233557447,10
-1270403.4687194051,1815259.2233557447,10
-1269940.1560028775,1815259.2233557447,10
-1269476.8432863501,1815259.2233557447,10
-1269013.5305698225,1815259.2233557447,10
-1268550.2178532952,1815259.2233557447,10
-1268086.9051367675,1815259.2233557447,10
-1267623.5924202402,1815259.2233557447,10
-1267160.2797037126,1815259.2233557447,10
-1266696.9669871852,1815259.2233557447,10
-1266233.6542706576,1815259.2233557447,10
-1265770.3415541302,1815259.2233557447,10
-1265307.0288376026,1815259.2233557447,10
-1264843.7161210752,1815259.2233557447,10
-1264380.4034045476,1815259.2233557447,10
-1263917.09068802,1815259.2233557447,10
-1263453.7779714926,1815259.2233557447,10
-1262990.465254965,1815259.2233557447,10
-1262527.1525384376,1815259.2233557447,10
-1262063.83982191,1815259.2233557447,10
-1261600.5271053826,1815259.2233557447,10
-1261137.214388855,1815259.2233557447,10
-1260673.9016723277,1815259.2233557447,10
-1260210.5889558,1815259.2233557447,10
-1259747.2762392727,1815259.2233557447,10
-1259283.963522745,1815259.2233557447,10
-1258820.6508062177,1815259.2233557447,10
-1258357.33808969,1815259.2233557447,10
-1257894.0253731627,1815259.2233557447,10
-1257430.712656635,1815259.2233557447,10
-1256967.3999401077,1815259.2233557447,10
-1256504.08722358,1815259.2233557447,10
-1256040.7745070527,1815259.2233557447,10
-1255577.4617905251,1815259.2233557447,10
-1255114.1490739975,1815259.2233557447,10
-1254650.8363574701,1815259.2233557447,10
-1254187.5236409425,1815259.2233557447,10
-1253724.2109244152,1815259.2233557447,10
-1253260.8982078875,1815259.2233557447,10
-1252797.5854913602,1815259.2233557447,10
-1252334.2727748326,1815259.2233557447,10
-1251870.9600583052,1815259.2233557447,10
-1251407.6473417776,1815259.2233557447,10
-1250944.3346252502,1815259.2233557447,10
-1250481.0219087226,1815259.2233557447,10
-1250017.7091921952,1815259.2233557447,10
-1249554.3964756676,1815259.2233557447,10
-1249091.0837591402,1815259.2233557447,10
-1248627.7710426126,1815259.2233557447,10
-1248164.458326085,1815259.2233557447,10
-1247701.1456095576,1815259.2233557447,10
-1247237.83289303,1815259.2233557447,10
-1246774.5201765026,1815259.2233557447,10
-1246311.207459975,1815259.2233557447,10
-1245847.8947434477,1815259.2233557447,10
-1245384.58202692,1815259.2233557447,10
-1244921.2693103927,1815259.2233557447,10
-1244457.956593865,1815259.2233557447,10
-1243994.6438773377,1815259.2233557447,10
-1243531.33116081,1815259.2233557447,10
-1243068.0184442827,1815259.2233557447,10
-1242604.705727755,1815259.2233557447,10
-1242141.3930112277,1815259.2233557447,10
-1241678.0802947,1815259.2233557447,10
-1241214.7675781725,1815259.2233557447,10
-1240751.4548616451,1815259.2233557447,10
-1240288.1421451175,1815259.2233557447,10
-1239824.8294285901,1815259.2233557447,10
-1239361.5167120625,1815259.2233557447,10
-1238898.2039955352,1815259.2233557447,10
-1238434.8912790075,1815259.2233557447,10
-1237971.5785624802,1815259.2233557447,10
-1237508.2658459526,1815259.2233557447,10
-1237044.9531294252,1815259.2233557447,10
-1236581.6404128976,1815259.2233557447,10
-1236118.3276963702,1815259.2233557447,10
-1235655.0149798426,1815259.2233557447,10
-1235191.7022633152,1815259.2233557447,10
-1234728.3895467876,1815259.2233557447,10
-1234265.07683026,1815259.2233557447,10
-1233801.7641137326,1815259.2233557447,10
-1233338.4513972052,1815259.2233557447,10
-1232875.1386806776,1815259.2233557447,10
-1232411.82596415,1815259.2233557447,10
-1231948.5132476226,1815259.2233557447,10
-1231485.200531095,1815259.2233557447,10
-1231021.8878145677,1815259.2233557447,10
-1230558.57509804,1815259.2233557447,10
-1230095.2623815127,1815259.2233557447,10
-1229631.949664985,1815259.2233557447,10
-1229168.6369484577,1815259.2233557447,10
-1228705.32423193,1815259.2233557447,10
-1228242.0115154027,1815259.2233557447,10
-1227778.698798875,1815259.2233557447,10
-1227315.3860823475,1815259.2233557447,10
-1226852.07336582,1815259.2233557447,10
-1226388.7606492927,1815259.2233557447,10
-1225925.4479327651,1815259.2233557447,10
-1225462.1352162375,1815259.2233557447,10
-1224998.8224997101,1815259.2233557447,10
-1224535.5097831825,1815259.2233557447,10
-1224072.1970666551,1815259.2233557447,10
-1223608.8843501275,1815259.2233557447,10
-1223145.5716336002,1815259.2233557447,10
-1222682.2589170726,1815259.2233557447,10
-1222218.9462005452,1815259.2233557447,10
-1221755.6334840176,1815259.2233557447,10
-1221292.3207674902,1815259.2233557447,10
-1220829.0080509626,1815259.2233557447,10
-1220365.6953344352,1815259.2233557447,10
-1219902.3826179076,1815259.2233557447,10
-1219439.0699013802,1815259.2233557447,10
-1218975.7571848526,1815259.2233557447,10
-1218512.444468325,1815259.2233557447,10
-1218049.1317517976,1815259.2233557447,10
-1217585.81903527,1815259.2233557447,10
-1217122.5063187426,1815259.2233557447,10
-1216659.193602215,1815259.2233557447,10
-1216195.8808856877,1815259.2233557447,10
-1215732.56816916,1815259.2233557447,10
-1215269.2554526327,1815259.2233557447,10
-1214805.942736105,1815259.2233557447,10
-1214342.6300195777,1815259.2233557447,10
-1213879.31730305,1815259.2233557447,10
-1213416.0045865227,1815259.2233557447,10
-1212952.691869995,1815259.2233557447,10
-1212489.3791534677,1815259.2233557447,10
-1212026.06643694,1815259.2233557447,10
-1211562.7537204125,1815259.2233557447,10
-1211099.4410038851,1815259.2233557447,10
-1210636.1282873575,1815259.2233557447,10
-1210172.8155708301,1815259.2233557447,10
-1209709.5028543025,1815259.2233557447,10
-1209246.1901377751,1815259.2233557447,10
-1208782.8774212475,1815259.2233557447,10
-1208319.5647047202,1815259.2233557447,10
-1207856.2519881926,1815259.2233557447,10
-1207392.9392716652,1815259.2233557447,10
-1206929.6265551376,1815259.2233557447,10
-1206466.3138386102,1815259.2233557447,10
-1206003.0011220826,1815259.2233557447,10
-1205539.6884055552,1815259.2233557447,10
-1205076.3756890276,1815259.2233557447,10
-1204613.0629725,1815259.2233557447,10
-1204149.7502559726,1815259.2233557447,10
-1203686.4375394452,1815259.2233557447,10
-1203223.1248229176,1815259.2233557447,10
-1202759.81210639,1815259.2233557447,10
-1202296.4993898626,1815259.2233557447,10
-1201833.186673335,1815259.2233557447,10
-1201369.8739568077,1815259.2233557447,10
-1200906.56124028,1815259.2233557447,10
-1200443.2485237527,1815259.2233557447,10
-1199979.935807225,1815259.2233557447,10
-1199516.6230906977,1815259.2233557447,10
-1199053.31037417,1815259.2233557447,10
-1198589.9976576427,1815259.2233557447,10
-1198126.684941115,1815259.2233557447,10
-1197663.3722245875,1815259.2233557447,10
-1197200.05950806,1815259.2233557447,10
-1196736.7467915327,1815259.2233557447,10
-1196273.4340750051,1815259.2233557447,10
-1195810.1213584775,1815259.2233557447,10
-1195346.8086419501,1815259.2233557447,10
-1194883.4959254225,1815259.2233557447,10
-1194420.1832088951,1815259.2233557447,10
-1193956.8704923675,1815259.2233557447,10
-1193493.5577758402,1815259.2233557447,10
-1193030.2450593126,1815259.2233557447,10
-1192566.9323427852,1815259.2233557447,10
-1192103.6196262576,1815259.2233557447,10
-1191640.3069097302,1815259.2233557447,10
-1191176.9941932026,1815259.2233557447,10
-1190713.6814766752,1815259.2233557447,10
-1190250.3687601476,1815259.2233557447,10
-1189787.0560436202,1815259.2233557447,10
-1189323.7433270926,1815259.2233557447,10
-1188860.430610565,1815259.2233557447,10
-1188397.1178940376,1815259.2233557447,10
-1187933.80517751,1815259.2233557447,10
-1187470.4924609826,1815259.2233557447,10
-1187007.179744455,1815259.2233557447,10
-1186543.8670279277,1815259.2233557447,10
-1186080.5543114,1815259.2233557447,10
-1185617.2415948727,1815259.2233557447,10
-1185153.928878345,1815259.2233557447,10
-1184690.6161618177,1815259.2233557447,10
-1184227.30344529,1815259.2233557447,10
-1183763.9907287627,1815259.2233557447,10
-1183300.678012235,1815259.2233557447,10
-1182837.3652957077,1815259.2233557447,10
-1182374.05257918,1815259.2233557447,10
-1181910.7398626525,1815259.2233557447,10
-1181447.4271461251,1815259.2233557447,10
-1180984.1144295975,1815259.2233557447,10
-1180520.8017130701,1815259.2233557447,10
-1180057.4889965425,1815259.2233557447,10
-1179594.1762800151,1815259.2233557447,10
-1179130.8635634875,1815259.2233557447,10
-1178667.5508469602,1815259.2233557447,10
-1178204.2381304326,1815259.2233557447,10
-1177740.9254139052,1815259.2233557447,10
-1177277.6126973776,1815259.2233557447,10
-1176814.2999808502,1815259.2233557447,10
-1176350.9872643226,1815259.2233557447,10
-1175887.6745477952,1815259.2233557447,10
-1175424.3618312676,1815259.2233557447,10
-1174961.04911474,1815259.2233557447,10
-1174497.7363982126,1815259.2233557447,10
-1174034.4236816852,1815259.2233557447,10
-1173571.1109651576,1815259.2233557447,10
-1173107.79824863,1815259.2233557447,10
-1172644.4855321026,1815259.2233557447,10
-1172181.172815575,1815259.2233557447,10
-1171717.8600990477,1815259.2233557447,10
-1171254.54738252,1815259.2233557447,10
-1170791.2346659927,1815259.2233557447,10
-1170327.921949465,1815259.2233557447,10
-1169864.6092329377,1815259.2233557447,10
-1169401.29651641,1815259.2233557447,10
-1168937.9837998827,1815259.2233557447,10
-1168474.671083355,1815259.2233557447,10
-1168011.3583668275,1815259.2233557447,10
-1167548.0456503,1815259.2233557447,10
-1167084.7329337727,1815259.2233557447,10
-1166621.4202172451,1815259.2233557447,10
-1166158.1075007175,1815259.2233557447,10
-1165694.7947841901,1815259.2233557447,10
-1165231.4820676625,1815259.2233557447,10
-1164768.1693511351,1815259.2233557447,10
-1164304.8566346075,1815259.2233557447,10
-1163841.5439180802,1815259.2233557447,10
-1163378.2312015526,1815259.2233557447,10
-1162914.9184850252,1815259.2233557447,10
-1162451.6057684976,1815259.2233557447,10
-1161988.2930519702,1815259.2233557447,10
-1161524.9803354426,1815259.2233557447,10
-1161061.6676189152,1815259.2233557447,10
-1160598.3549023876,1815259.2233557447,10
-1160135.0421858602,1815259.2233557447,10
-1159671.7294693326,1815259.2233557447,10
-1159208.416752805,1815259.2233557447,10
-1323684.4311200676,1814795.9106392171,10
-1323221.11840354,1814795.9106392171,16
-1322757.8056870126,1814795.9106392171,16
-1322294.492970485,1814795.9106392171,16
-1321831.1802539576,1814795.9106392171,10
-1321367.86753743,1814795.9106392171,10
-1320904.5548209026,1814795.9106392171,16
-1320441.242104375,1814795.9106392171,16
-1319977.9293878477,1814795.9106392171,10
-1319514.61667132,1814795.9106392171,10
-1319051.3039547927,1814795.9106392171,16
-1318587.991238265,1814795.9106392171,16
-1318124.6785217377,1814795.9106392171,16
-1317661.36580521,1814795.9106392171,16
-1317198.0530886827,1814795.9106392171,16
-1316734.740372155,1814795.9106392171,16
-1316271.4276556277,1814795.9106392171,10
-1315808.1149391,1814795.9106392171,10
-1315344.8022225727,1814795.9106392171,10
-1314881.4895060451,1814795.9106392171,10
-1314418.1767895175,1814795.9106392171,10
-1313954.8640729901,1814795.9106392171,16
-1313491.5513564625,1814795.9106392171,16
-1313028.2386399352,1814795.9106392171,16
-1312564.9259234075,1814795.9106392171,16
-1312101.6132068802,1814795.9106392171,16
-1311638.3004903526,1814795.9106392171,16
-1311174.9877738252,1814795.9106392171,16
-1310711.6750572976,1814795.9106392171,16
-1310248.3623407702,1814795.9106392171,16
-1309785.0496242426,1814795.9106392171,16
-1309321.7369077152,1814795.9106392171,16
-1308858.4241911876,1814795.9106392171,16
-1308395.1114746602,1814795.9106392171,16
-1307931.7987581326,1814795.9106392171,16
-1307468.486041605,1814795.9106392171,16
-1307005.1733250776,1814795.9106392171,16
-1306541.86060855,1814795.9106392171,16
-1306078.5478920226,1814795.9106392171,16
-1305615.235175495,1814795.9106392171,10
-1305151.9224589677,1814795.9106392171,10
-1304688.60974244,1814795.9106392171,10
-1304225.2970259127,1814795.9106392171,10
-1303761.984309385,1814795.9106392171,10
-1303298.6715928577,1814795.9106392171,10
-1302835.35887633,1814795.9106392171,10
-1302372.0461598027,1814795.9106392171,10
-1301908.733443275,1814795.9106392171,10
-1301445.4207267477,1814795.9106392171,16
-1300982.10801022,1814795.9106392171,16
-1300518.7952936925,1814795.9106392171,16
-1300055.4825771651,1814795.9106392171,16
-1299592.1698606375,1814795.9106392171,16
-1299128.8571441101,1814795.9106392171,16
-1298665.5444275825,1814795.9106392171,16
-1298202.2317110552,1814795.9106392171,10
-1297738.9189945275,1814795.9106392171,16
-1297275.6062780002,1814795.9106392171,16
-1296812.2935614726,1814795.9106392171,16
-1296348.9808449452,1814795.9106392171,16
-1295885.6681284176,1814795.9106392171,16
-1295422.3554118902,1814795.9106392171,16
-1294959.0426953626,1814795.9106392171,16
-1294495.7299788352,1814795.9106392171,16
-1294032.4172623076,1814795.9106392171,16
-1293569.10454578,1814795.9106392171,16
-1293105.7918292526,1814795.9106392171,16
-1292642.479112725,1814795.9106392171,16
-1292179.1663961976,1814795.9106392171,16
-1291715.85367967,1814795.9106392171,16
-1291252.5409631426,1814795.9106392171,16
-1290789.228246615,1814795.9106392171,10
-1290325.9155300877,1814795.9106392171,10
-1289862.60281356,1814795.9106392171,10
-1289399.2900970327,1814795.9106392171,10
-1288935.977380505,1814795.9106392171,10
-1288472.6646639777,1814795.9106392171,10
-1288009.35194745,1814795.9106392171,16
-1287546.0392309227,1814795.9106392171,16
-1287082.726514395,1814795.9106392171,10
-1286619.4137978677,1814795.9106392171,10
-1286156.10108134,1814795.9106392171,10
-1285692.7883648127,1814795.9106392171,10
-1285229.4756482851,1814795.9106392171,10
-1284766.1629317575,1814795.9106392171,10
-1284302.8502152301,1814795.9106392171,10
-1283839.5374987025,1814795.9106392171,10
-1283376.2247821752,1814795.9106392171,10
-1282912.9120656475,1814795.9106392171,10
-1282449.5993491202,1814795.9106392171,10
-1281986.2866325926,1814795.9106392171,10
-1281522.9739160652,1814795.9106392171,10
-1281059.6611995376,1814795.9106392171,10
-1280596.3484830102,1814795.9106392171,10
-1280133.0357664826,1814795.9106392171,10
-1279669.7230499552,1814795.9106392171,10
-1279206.4103334276,1814795.9106392171,10
-1278743.0976169002,1814795.9106392171,10
-1278279.7849003726,1814795.9106392171,7
-1277816.472183845,1814795.9106392171,10
-1277353.1594673176,1814795.9106392171,10
-1276889.84675079,1814795.9106392171,10
-1276426.5340342626,1814795.9106392171,10
-1275963.221317735,1814795.9106392171,10
-1275499.9086012077,1814795.9106392171,10
-1275036.59588468,1814795.9106392171,10
-1274573.2831681527,1814795.9106392171,10
-1274109.970451625,1814795.9106392171,10
-1273646.6577350977,1814795.9106392171,10
-1273183.34501857,1814795.9106392171,10
-1272720.0323020427,1814795.9106392171,10
-1272256.719585515,1814795.9106392171,10
-1271793.4068689877,1814795.9106392171,10
-1271330.09415246,1814795.9106392171,10
-1270866.7814359325,1814795.9106392171,10
-1270403.4687194051,1814795.9106392171,10
-1269940.1560028775,1814795.9106392171,10
-1269476.8432863501,1814795.9106392171,10
-1269013.5305698225,1814795.9106392171,10
-1268550.2178532952,1814795.9106392171,10
-1268086.9051367675,1814795.9106392171,10
-1267623.5924202402,1814795.9106392171,10
-1267160.2797037126,1814795.9106392171,10
-1266696.9669871852,1814795.9106392171,10
-1266233.6542706576,1814795.9106392171,10
-1265770.3415541302,1814795.9106392171,10
-1265307.0288376026,1814795.9106392171,10
-1264843.7161210752,1814795.9106392171,10
-1264380.4034045476,1814795.9106392171,10
-1263917.09068802,1814795.9106392171,10
-1263453.7779714926,1814795.9106392171,10
-1262990.465254965,1814795.9106392171,10
-1262527.1525384376,1814795.9106392171,10
-1262063.83982191,1814795.9106392171,10
-1261600.5271053826,1814795.9106392171,10
-1261137.214388855,1814795.9106392171,10
-1260673.9016723277,1814795.9106392171,10
-1260210.5889558,1814795.9106392171,10
-1259747.2762392727,1814795.9106392171,10
-1259283.963522745,1814795.9106392171,10
-1258820.6508062177,1814795.9106392171,10
-1258357.33808969,1814795.9106392171,10
-1257894.0253731627,1814795.9106392171,10
-1257430.712656635,1814795.9106392171,10
-1256967.3999401077,1814795.9106392171,10
-1256504.08722358,1814795.9106392171,10
-1256040.7745070527,1814795.9106392171,10
-1255577.4617905251,1814795.9106392171,10
-1255114.1490739975,1814795.9106392171,10
-1254650.8363574701,1814795.9106392171,10
-1254187.5236409425,1814795.9106392171,10
-1253724.2109244152,1814795.9106392171,10
-1253260.8982078875,1814795.9106392171,10
-1252797.5854913602,1814795.9106392171,10
-1252334.2727748326,1814795.9106392171,10
-1251870.9600583052,1814795.9106392171,10
-1251407.6473417776,1814795.9106392171,10
-1250944.3346252502,1814795.9106392171,10
-1250481.0219087226,1814795.9106392171,10
-1250017.7091921952,1814795.9106392171,10
-1249554.3964756676,1814795.9106392171,10
-1249091.0837591402,1814795.9106392171,10
-1248627.7710426126,1814795.9106392171,10
-1248164.458326085,1814795.9106392171,10
-1247701.1456095576,1814795.9106392171,10
-1247237.83289303,1814795.9106392171,10
-1246774.5201765026,1814795.9106392171,10
-1246311.207459975,1814795.9106392171,10
-1245847.8947434477,1814795.9106392171,10
-1245384.58202692,1814795.9106392171,10
-1244921.2693103927,1814795.9106392171,10
-1244457.956593865,1814795.9106392171,10
-1243994.6438773377,1814795.9106392171,10
-1243531.33116081,1814795.9106392171,10
-1243068.0184442827,1814795.9106392171,10
-1242604.705727755,1814795.9106392171,10
-1242141.3930112277,1814795.9106392171,10
-1241678.0802947,1814795.9106392171,10
-1241214.7675781725,1814795.9106392171,10
-1240751.4548616451,1814795.9106392171,10
-1240288.1421451175,1814795.9106392171,10
-1239824.8294285901,1814795.9106392171,10
-1239361.5167120625,1814795.9106392171,10
-1238898.2039955352,1814795.9106392171,10
-1238434.8912790075,1814795.9106392171,10
-1237971.5785624802,1814795.9106392171,10
-1237508.2658459526,1814795.9106392171,10
-1237044.9531294252,1814795.9106392171,10
-1236581.6404128976,1814795.9106392171,10
-1236118.3276963702,1814795.9106392171,10
-1235655.0149798426,1814795.9106392171,10
-1235191.7022633152,1814795.9106392171,10
-1234728.3895467876,1814795.9106392171,10
-1234265.07683026,1814795.9106392171,10
-1233801.7641137326,1814795.9106392171,10
-1233338.4513972052,1814795.9106392171,10
-1232875.1386806776,1814795.9106392171,10
-1232411.82596415,1814795.9106392171,10
-1231948.5132476226,1814795.9106392171,10
-1231485.200531095,1814795.9106392171,10
-1231021.8878145677,1814795.9106392171,10
-1230558.57509804,1814795.9106392171,10
-1230095.2623815127,1814795.9106392171,10
-1229631.949664985,1814795.9106392171,10
-1229168.6369484577,1814795.9106392171,10
-1228705.32423193,1814795.9106392171,10
-1228242.0115154027,1814795.9106392171,10
-1227778.698798875,1814795.9106392171,10
-1227315.3860823475,1814795.9106392171,10
-1226852.07336582,1814795.9106392171,10
-1226388.7606492927,1814795.9106392171,10
-1225925.4479327651,1814795.9106392171,10
-1225462.1352162375,1814795.9106392171,10
-1224998.8224997101,1814795.9106392171,10
-1224535.5097831825,1814795.9106392171,10
-1224072.1970666551,1814795.9106392171,10
-1223608.8843501275,1814795.9106392171,10
-1223145.5716336002,1814795.9106392171,10
-1222682.2589170726,1814795.9106392171,10
-1222218.9462005452,1814795.9106392171,10
-1221755.6334840176,1814795.9106392171,10
-1221292.3207674902,1814795.9106392171,10
-1220829.0080509626,1814795.9106392171,10
-1220365.6953344352,1814795.9106392171,10
-1219902.3826179076,1814795.9106392171,10
-1219439.0699013802,1814795.9106392171,10
-1218975.7571848526,1814795.9106392171,10
-1218512.444468325,1814795.9106392171,10
-1218049.1317517976,1814795.9106392171,10
-1217585.81903527,1814795.9106392171,10
-1217122.5063187426,1814795.9106392171,10
-1216659.193602215,1814795.9106392171,10
-1216195.8808856877,1814795.9106392171,10
-1215732.56816916,1814795.9106392171,10
-1215269.2554526327,1814795.9106392171,10
-1214805.942736105,1814795.9106392171,10
-1214342.6300195777,1814795.9106392171,10
-1213879.31730305,1814795.9106392171,10
-1213416.0045865227,1814795.9106392171,10
-1212952.691869995,1814795.9106392171,10
-1212489.3791534677,1814795.9106392171,10
-1212026.06643694,1814795.9106392171,10
-1211562.7537204125,1814795.9106392171,10
-1211099.4410038851,1814795.9106392171,10
-1210636.1282873575,1814795.9106392171,10
-1210172.8155708301,1814795.9106392171,10
-1209709.5028543025,1814795.9106392171,10
-1209246.1901377751,1814795.9106392171,10
-1208782.8774212475,1814795.9106392171,10
-1208319.5647047202,1814795.9106392171,10
-1207856.2519881926,1814795.9106392171,10
-1207392.9392716652,1814795.9106392171,10
-1206929.6265551376,1814795.9106392171,10
-1206466.3138386102,1814795.9106392171,10
-1206003.0011220826,1814795.9106392171,10
-1205539.6884055552,1814795.9106392171,10
-1205076.3756890276,1814795.9106392171,10
-1204613.0629725,1814795.9106392171,10
-1204149.7502559726,1814795.9106392171,10
-1203686.4375394452,1814795.9106392171,10
-1203223.1248229176,1814795.9106392171,10
-1202759.81210639,1814795.9106392171,10
-1202296.4993898626,1814795.9106392171,10
-1201833.186673335,1814795.9106392171,10
-1201369.8739568077,1814795.9106392171,10
-1200906.56124028,1814795.9106392171,10
-1200443.2485237527,1814795.9106392171,10
-1199979.935807225,1814795.9106392171,10
-1199516.6230906977,1814795.9106392171,10
-1199053.31037417,1814795.9106392171,10
-1198589.9976576427,1814795.9106392171,10
-1198126.684941115,1814795.9106392171,10
-1197663.3722245875,1814795.9106392171,10
-1197200.05950806,1814795.9106392171,10
-1196736.7467915327,1814795.9106392171,10
-1196273.4340750051,1814795.9106392171,10
-1195810.1213584775,1814795.9106392171,10
-1195346.8086419501,1814795.9106392171,10
-1194883.4959254225,1814795.9106392171,10
-1194420.1832088951,1814795.9106392171,10
-1193956.8704923675,1814795.9106392171,10
-1193493.5577758402,1814795.9106392171,10
-1193030.2450593126,1814795.9106392171,10
-1192566.9323427852,1814795.9106392171,10
-1192103.6196262576,1814795.9106392171,10
-1191640.3069097302,1814795.9106392171,10
-1191176.9941932026,1814795.9106392171,10
-1190713.6814766752,1814795.9106392171,10
-1190250.3687601476,1814795.9106392171,10
-1189787.0560436202,1814795.9106392171,10
-1189323.7433270926,1814795.9106392171,10
-1188860.430610565,1814795.9106392171,10
-1188397.1178940376,1814795.9106392171,10
-1187933.80517751,1814795.9106392171,10
-1187470.4924609826,1814795.9106392171,10
-1187007.179744455,1814795.9106392171,10
-1186543.8670279277,1814795.9106392171,10
-1186080.5543114,1814795.9106392171,10
-1185617.2415948727,1814795.9106392171,10
-1185153.928878345,1814795.9106392171,10
-1184690.6161618177,1814795.9106392171,10
-1184227.30344529,1814795.9106392171,10
-1183763.9907287627,1814795.9106392171,10
-1183300.678012235,1814795.9106392171,10
-1182837.3652957077,1814795.9106392171,10
-1182374.05257918,1814795.9106392171,10
-1181910.7398626525,1814795.9106392171,10
-1181447.4271461251,1814795.9106392171,10
-1180984.1144295975,1814795.9106392171,10
-1180520.8017130701,1814795.9106392171,10
-1180057.4889965425,1814795.9106392171,10
-1179594.1762800151,1814795.9106392171,10
-1179130.8635634875,1814795.9106392171,10
-1178667.5508469602,1814795.9106392171,10
-1178204.2381304326,1814795.9106392171,10
-1177740.9254139052,1814795.9106392171,10
-1177277.6126973776,1814795.9106392171,10
-1176814.2999808502,1814795.9106392171,10
-1176350.9872643226,1814795.9106392171,10
-1175887.6745477952,1814795.9106392171,10
-1175424.3618312676,1814795.9106392171,10
-1174961.04911474,1814795.9106392171,10
-1174497.7363982126,1814795.9106392171,10
-1174034.4236816852,1814795.9106392171,10
-1173571.1109651576,1814795.9106392171,10
-1173107.79824863,1814795.9106392171,10
-1172644.4855321026,1814795.9106392171,10
-1172181.172815575,1814795.9106392171,10
-1171717.8600990477,1814795.9106392171,10
-1171254.54738252,1814795.9106392171,10
-1170791.2346659927,1814795.9106392171,7
-1170327.921949465,1814795.9106392171,7
-1169864.6092329377,1814795.9106392171,7
-1169401.29651641,1814795.9106392171,10
-1168937.9837998827,1814795.9106392171,10
-1168474.671083355,1814795.9106392171,10
-1168011.3583668275,1814795.9106392171,10
-1167548.0456503,1814795.9106392171,10
-1167084.7329337727,1814795.9106392171,10
-1166621.4202172451,1814795.9106392171,10
-1166158.1075007175,1814795.9106392171,10
-1165694.7947841901,1814795.9106392171,10
-1165231.4820676625,1814795.9106392171,10
-1164768.1693511351,1814795.9106392171,10
-1164304.8566346075,1814795.9106392171,10
-1163841.5439180802,1814795.9106392171,10
-1163378.2312015526,1814795.9106392171,10
-1162914.9184850252,1814795.9106392171,10
-1162451.6057684976,1814795.9106392171,10
-1161988.2930519702,1814795.9106392171,10
-1161524.9803354426,1814795.9106392171,10
-1161061.6676189152,1814795.9106392171,10
-1160598.3549023876,1814795.9106392171,10
-1160135.0421858602,1814795.9106392171,10
-1159671.7294693326,1814795.9106392171,10
-1159208.416752805,1814795.9106392171,10
-1158745.1040362776,1814795.9106392171,10
-1158281.79131975,1814795.9106392171,10
-1323684.4311200676,1814332.5979226897,10
-1323221.11840354,1814332.5979226897,10
-1322757.8056870126,1814332.5979226897,10
-1322294.492970485,1814332.5979226897,10
-1321831.1802539576,1814332.5979226897,10
-1321367.86753743,1814332.5979226897,10
-1320904.5548209026,1814332.5979226897,10
-1320441.242104375,1814332.5979226897,16
-1319977.9293878477,1814332.5979226897,16
-1319514.61667132,1814332.5979226897,16
-1319051.3039547927,1814332.5979226897,16
-1318587.991238265,1814332.5979226897,16
-1318124.6785217377,1814332.5979226897,16
-1317661.36580521,1814332.5979226897,16
-1317198.0530886827,1814332.5979226897,16
-1316734.740372155,1814332.5979226897,16
-1316271.4276556277,1814332.5979226897,10
-1315808.1149391,1814332.5979226897,10
-1315344.8022225727,1814332.5979226897,10
-1314881.4895060451,1814332.5979226897,10
-1314418.1767895175,1814332.5979226897,16
-1313954.8640729901,1814332.5979226897,16
-1313491.5513564625,1814332.5979226897,16
-1313028.2386399352,1814332.5979226897,16
-1312564.9259234075,1814332.5979226897,16
-1312101.6132068802,1814332.5979226897,16
-1311638.3004903526,1814332.5979226897,16
-1311174.9877738252,1814332.5979226897,16
-1310711.6750572976,1814332.5979226897,16
-1310248.3623407702,1814332.5979226897,16
-1309785.0496242426,1814332.5979226897,16
-1309321.7369077152,1814332.5979226897,16
-1308858.4241911876,1814332.5979226897,16
-1308395.1114746602,1814332.5979226897,16
-1307931.7987581326,1814332.5979226897,16
-1307468.486041605,1814332.5979226897,16
-1307005.1733250776,1814332.5979226897,16
-1306541.86060855,1814332.5979226897,16
-1306078.5478920226,1814332.5979226897,16
-1305615.235175495,1814332.5979226897,10
-1305151.9224589677,1814332.5979226897,10
-1304688.60974244,1814332.5979226897,10
-1304225.2970259127,1814332.5979226897,10
-1303761.984309385,1814332.5979226897,10
-1303298.6715928577,1814332.5979226897,10
-1302835.35887633,1814332.5979226897,10
-1302372.0461598027,1814332.5979226897,10
-1301908.733443275,1814332.5979226897,10
-1301445.4207267477,1814332.5979226897,16
-1300982.10801022,1814332.5979226897,16
-1300518.7952936925,1814332.5979226897,16
-1300055.4825771651,1814332.5979226897,16
-1299592.1698606375,1814332.5979226897,16
-1299128.8571441101,1814332.5979226897,10
-1298665.5444275825,1814332.5979226897,10
-1298202.2317110552,1814332.5979226897,10
-1297738.9189945275,1814332.5979226897,10
-1297275.6062780002,1814332.5979226897,16
-1296812.2935614726,1814332.5979226897,16
-1296348.9808449452,1814332.5979226897,16
-1295885.6681284176,1814332.5979226897,16
-1295422.3554118902,1814332.5979226897,10
-1294959.0426953626,1814332.5979226897,10
-1294495.7299788352,1814332.5979226897,16
-1294032.4172623076,1814332.5979226897,16
-1293569.10454578,1814332.5979226897,16
-1293105.7918292526,1814332.5979226897,16
-1292642.479112725,1814332.5979226897,16
-1292179.1663961976,1814332.5979226897,16
-1291715.85367967,1814332.5979226897,16
-1291252.5409631426,1814332.5979226897,16
-1290789.228246615,1814332.5979226897,16
-1290325.9155300877,1814332.5979226897,10
-1289862.60281356,1814332.5979226897,10
-1289399.2900970327,1814332.5979226897,10
-1288935.977380505,1814332.5979226897,10
-1288472.6646639777,1814332.5979226897,16
-1288009.35194745,1814332.5979226897,16
-1287546.0392309227,1814332.5979226897,16
-1287082.726514395,1814332.5979226897,10
-1286619.4137978677,1814332.5979226897,10
-1286156.10108134,1814332.5979226897,10
-1285692.7883648127,1814332.5979226897,10
-1285229.4756482851,1814332.5979226897,16
-1284766.1629317575,1814332.5979226897,16
-1284302.8502152301,1814332.5979226897,10
-1283839.5374987025,1814332.5979226897,10
-1283376.2247821752,1814332.5979226897,10
-1282912.9120656475,1814332.5979226897,10
-1282449.5993491202,1814332.5979226897,10
-1281986.2866325926,1814332.5979226897,10
-1281522.9739160652,1814332.5979226897,10
-1281059.6611995376,1814332.5979226897,10
-1280596.3484830102,1814332.5979226897,10
-1280133.0357664826,1814332.5979226897,10
-1279669.7230499552,1814332.5979226897,10
-1279206.4103334276,1814332.5979226897,10
-1278743.0976169002,1814332.5979226897,7
-1278279.7849003726,1814332.5979226897,10
-1277816.472183845,1814332.5979226897,10
-1277353.1594673176,1814332.5979226897,10
-1276889.84675079,1814332.5979226897,10
-1276426.5340342626,1814332.5979226897,10
-1275963.221317735,1814332.5979226897,10
-1275499.9086012077,1814332.5979226897,10
-1275036.59588468,1814332.5979226897,10
-1274573.2831681527,1814332.5979226897,10
-1274109.970451625,1814332.5979226897,10
-1273646.6577350977,1814332.5979226897,7
-1273183.34501857,1814332.5979226897,10
-1272720.0323020427,1814332.5979226897,10
-1272256.719585515,1814332.5979226897,10
-1271793.4068689877,1814332.5979226897,10
-1271330.09415246,1814332.5979226897,10
-1270866.7814359325,1814332.5979226897,10
-1270403.4687194051,1814332.5979226897,10
-1269940.1560028775,1814332.5979226897,10
-1269476.8432863501,1814332.5979226897,10
-1269013.5305698225,1814332.5979226897,10
-1268550.2178532952,1814332.5979226897,10
-1268086.9051367675,1814332.5979226897,10
-1267623.5924202402,1814332.5979226897,10
-1267160.2797037126,1814332.5979226897,10
-1266696.9669871852,1814332.5979226897,10
-1266233.6542706576,1814332.5979226897,10
-1265770.3415541302,1814332.5979226897,10
-1265307.0288376026,1814332.5979226897,10
-1264843.7161210752,1814332.5979226897,10
-1264380.4034045476,1814332.5979226897,10
-1263917.09068802,1814332.5979226897,10
-1263453.7779714926,1814332.5979226897,10
-1262990.465254965,1814332.5979226897,10
-1262527.1525384376,1814332.5979226897,10
-1262063.83982191,1814332.5979226897,10
-1261600.5271053826,1814332.5979226897,10
-1261137.214388855,1814332.5979226897,10
-1260673.9016723277,1814332.5979226897,10
-1260210.5889558,1814332.5979226897,10
-1259747.2762392727,1814332.5979226897,10
-1259283.963522745,1814332.5979226897,10
-1258820.6508062177,1814332.5979226897,10
-1258357.33808969,1814332.5979226897,10
-1257894.0253731627,1814332.5979226897,10
-1257430.712656635,1814332.5979226897,10
-1256967.3999401077,1814332.5979226897,10
-1256504.08722358,1814332.5979226897,10
-1256040.7745070527,1814332.5979226897,10
-1255577.4617905251,1814332.5979226897,10
-1255114.1490739975,1814332.5979226897,10
-1254650.8363574701,1814332.5979226897,10
-1254187.5236409425,1814332.5979226897,10
-1253724.2109244152,1814332.5979226897,10
-1253260.8982078875,1814332.5979226897,10
-1252797.5854913602,1814332.5979226897,10
-1252334.2727748326,1814332.5979226897,10
-1251870.9600583052,1814332.5979226897,10
-1251407.6473417776,1814332.5979226897,10
-1250944.3346252502,1814332.5979226897,10
-1250481.0219087226,1814332.5979226897,10
-1250017.7091921952,1814332.5979226897,10
-1249554.3964756676,1814332.5979226897,10
-1249091.0837591402,1814332.5979226897,10
-1248627.7710426126,1814332.5979226897,10
-1248164.458326085,1814332.5979226897,10
-1247701.1456095576,1814332.5979226897,10
-1247237.83289303,1814332.5979226897,10
-1246774.5201765026,1814332.5979226897,10
-1246311.207459975,1814332.5979226897,10
-1245847.8947434477,1814332.5979226897,10
-1245384.58202692,1814332.5979226897,10
-1244921.2693103927,1814332.5979226897,10
-1244457.956593865,1814332.5979226897,10
-1243994.6438773377,1814332.5979226897,10
-1243531.33116081,1814332.5979226897,10
-1243068.0184442827,1814332.5979226897,10
-1242604.705727755,1814332.5979226897,10
-1242141.3930112277,1814332.5979226897,10
-1241678.0802947,1814332.5979226897,10
-1241214.7675781725,1814332.5979226897,10
-1240751.4548616451,1814332.5979226897,10
-1240288.1421451175,1814332.5979226897,10
-1239824.8294285901,1814332.5979226897,10
-1239361.5167120625,1814332.5979226897,10
-1238898.2039955352,1814332.5979226897,10
-1238434.8912790075,1814332.5979226897,10
-1237971.5785624802,1814332.5979226897,10
-1237508.2658459526,1814332.5979226897,10
-1237044.9531294252,1814332.5979226897,10
-1236581.6404128976,1814332.5979226897,10
-1236118.3276963702,1814332.5979226897,10
-1235655.0149798426,1814332.5979226897,10
-1235191.7022633152,1814332.5979226897,10
-1234728.3895467876,1814332.5979226897,10
-1234265.07683026,1814332.5979226897,10
-1233801.7641137326,1814332.5979226897,10
-1233338.4513972052,1814332.5979226897,10
-1232875.1386806776,1814332.5979226897,10
-1232411.82596415,1814332.5979226897,10
-1231948.5132476226,1814332.5979226897,10
-1231485.200531095,1814332.5979226897,10
-1231021.8878145677,1814332.5979226897,10
-1230558.57509804,1814332.5979226897,10
-1230095.2623815127,1814332.5979226897,10
-1229631.949664985,1814332.5979226897,10
-1229168.6369484577,1814332.5979226897,10
-1228705.32423193,1814332.5979226897,10
-1228242.0115154027,1814332.5979226897,10
-1227778.698798875,1814332.5979226897,10
-1227315.3860823475,1814332.5979226897,10
-1226852.07336582,1814332.5979226897,10
-1226388.7606492927,1814332.5979226897,10
-1225925.4479327651,1814332.5979226897,10
-1225462.1352162375,1814332.5979226897,10
-1224998.8224997101,1814332.5979226897,10
-1224535.5097831825,1814332.5979226897,10
-1224072.1970666551,1814332.5979226897,10
-1223608.8843501275,1814332.5979226897,10
-1223145.5716336002,1814332.5979226897,10
-1222682.2589170726,1814332.5979226897,10
-1222218.9462005452,1814332.5979226897,10
-1221755.6334840176,1814332.5979226897,10
-1221292.3207674902,1814332.5979226897,10
-1220829.0080509626,1814332.5979226897,10
-1220365.6953344352,1814332.5979226897,10
-1219902.3826179076,1814332.5979226897,10
-1219439.0699013802,1814332.5979226897,10
-1218975.7571848526,1814332.5979226897,10
-1218512.444468325,1814332.5979226897,10
-1218049.1317517976,1814332.5979226897,10
-1217585.81903527,1814332.5979226897,10
-1217122.5063187426,1814332.5979226897,10
-1216659.193602215,1814332.5979226897,10
-1216195.8808856877,1814332.5979226897,10
-1215732.56816916,1814332.5979226897,10
-1215269.2554526327,1814332.5979226897,10
-1214805.942736105,1814332.5979226897,10
-1214342.6300195777,1814332.5979226897,10
-1213879.31730305,1814332.5979226897,10
-1213416.0045865227,1814332.5979226897,10
-1212952.691869995,1814332.5979226897,10
-1212489.3791534677,1814332.5979226897,10
-1212026.06643694,1814332.5979226897,10
-1211562.7537204125,1814332.5979226897,10
-1211099.4410038851,1814332.5979226897,10
-1210636.1282873575,1814332.5979226897,10
-1210172.8155708301,1814332.5979226897,10
-1209709.5028543025,1814332.5979226897,10
-1209246.1901377751,1814332.5979226897,10
-1208782.8774212475,1814332.5979226897,10
-1208319.5647047202,1814332.5979226897,10
-1207856.2519881926,1814332.5979226897,10
-1207392.9392716652,1814332.5979226897,10
-1206929.6265551376,1814332.5979226897,10
-1206466.3138386102,1814332.5979226897,10
-1206003.0011220826,1814332.5979226897,10
-1205539.6884055552,1814332.5979226897,10
-1205076.3756890276,1814332.5979226897,10
-1204613.0629725,1814332.5979226897,10
-1204149.7502559726,1814332.5979226897,10
-1203686.4375394452,1814332.5979226897,10
-1203223.1248229176,1814332.5979226897,10
-1202759.81210639,1814332.5979226897,10
-1202296.4993898626,1814332.5979226897,10
-1201833.186673335,1814332.5979226897,10
-1201369.8739568077,1814332.5979226897,10
-1200906.56124028,1814332.5979226897,10
-1200443.2485237527,1814332.5979226897,10
-1199979.935807225,1814332.5979226897,10
-1199516.6230906977,1814332.5979226897,10
-1199053.31037417,1814332.5979226897,10
-1198589.9976576427,1814332.5979226897,10
-1198126.684941115,1814332.5979226897,10
-1197663.3722245875,1814332.5979226897,10
-1197200.05950806,1814332.5979226897,10
-1196736.7467915327,1814332.5979226897,10
-1196273.4340750051,1814332.5979226897,10
-1195810.1213584775,1814332.5979226897,10
-1195346.8086419501,1814332.5979226897,10
-1194883.4959254225,1814332.5979226897,10
-1194420.1832088951,1814332.5979226897,10
-1193956.8704923675,1814332.5979226897,10
-1193493.5577758402,1814332.5979226897,10
-1193030.2450593126,1814332.5979226897,10
-1192566.9323427852,1814332.5979226897,10
-1192103.6196262576,1814332.5979226897,10
-1191640.3069097302,1814332.5979226897,10
-1191176.9941932026,1814332.5979226897,10
-1190713.6814766752,1814332.5979226897,10
-1190250.3687601476,1814332.5979226897,10
-1189787.0560436202,1814332.5979226897,10
-1189323.7433270926,1814332.5979226897,10
-1188860.430610565,1814332.5979226897,10
-1188397.1178940376,1814332.5979226897,10
-1187933.80517751,1814332.5979226897,10
-1187470.4924609826,1814332.5979226897,10
-1187007.179744455,1814332.5979226897,10
-1186543.8670279277,1814332.5979226897,10
-1186080.5543114,1814332.5979226897,10
-1185617.2415948727,1814332.5979226897,10
-1185153.928878345,1814332.5979226897,10
-1184690.6161618177,1814332.5979226897,10
-1184227.30344529,1814332.5979226897,10
-1183763.9907287627,1814332.5979226897,10
-1183300.678012235,1814332.5979226897,10
-1182837.3652957077,1814332.5979226897,10
-1182374.05257918,1814332.5979226897,10
-1181910.7398626525,1814332.5979226897,10
-1181447.4271461251,1814332.5979226897,10
-1180984.1144295975,1814332.5979226897,10
-1180520.8017130701,1814332.5979226897,10
-1180057.4889965425,1814332.5979226897,10
-1179594.1762800151,1814332.5979226897,10
-1179130.8635634875,1814332.5979226897,10
-1178667.5508469602,1814332.5979226897,10
-1178204.2381304326,1814332.5979226897,10
-1177740.9254139052,1814332.5979226897,10
-1177277.6126973776,1814332.5979226897,10
-1176814.2999808502,1814332.5979226897,10
-1176350.9872643226,1814332.5979226897,10
-1175887.6745477952,1814332.5979226897,10
-1175424.3618312676,1814332.5979226897,10
-1174961.04911474,1814332.5979226897,10
-1174497.7363982126,1814332.5979226897,10
-1174034.4236816852,1814332.5979226897,10
-1173571.1109651576,1814332.5979226897,10
-1173107.79824863,1814332.5979226897,10
-1172644.4855321026,1814332.5979226897,10
-1172181.172815575,1814332.5979226897,10
-1171717.8600990477,1814332.5979226897,10
-1171254.54738252,1814332.5979226897,10
-1170791.2346659927,1814332.5979226897,10
-1170327.921949465,1814332.5979226897,10
-1169864.6092329377,1814332.5979226897,10
-1169401.29651641,1814332.5979226897,10
-1168937.9837998827,1814332.5979226897,10
-1168474.671083355,1814332.5979226897,10
-1168011.3583668275,1814332.5979226897,10
-1167548.0456503,1814332.5979226897,10
-1167084.7329337727,1814332.5979226897,10
-1166621.4202172451,1814332.5979226897,10
-1166158.1075007175,1814332.5979226897,10
-1165694.7947841901,1814332.5979226897,10
-1165231.4820676625,1814332.5979226897,10
-1164768.1693511351,1814332.5979226897,10
-1164304.8566346075,1814332.5979226897,10
-1163841.5439180802,1814332.5979226897,10
-1163378.2312015526,1814332.5979226897,10
-1162914.9184850252,1814332.5979226897,10
-1162451.6057684976,1814332.5979226897,10
-1161988.2930519702,1814332.5979226897,10
-1161524.9803354426,1814332.5979226897,10
-1161061.6676189152,1814332.5979226897,10
-1160598.3549023876,1814332.5979226897,10
-1160135.0421858602,1814332.5979226897,10
-1159671.7294693326,1814332.5979226897,10
-1159208.416752805,1814332.5979226897,10
-1158745.1040362776,1814332.5979226897,10
-1158281.79131975,1814332.5979226897,10
-1157818.4786032226,1814332.5979226897,10
-1323684.4311200676,1813869.2852061621,10
-1323221.11840354,1813869.2852061621,10
-1322757.8056870126,1813869.2852061621,10
-1322294.492970485,1813869.2852061621,16
-1321831.1802539576,1813869.2852061621,16
-1321367.86753743,1813869.2852061621,16
-1320904.5548209026,1813869.2852061621,10
-1320441.242104375,1813869.2852061621,10
-1319977.9293878477,1813869.2852061621,16
-1319514.61667132,1813869.2852061621,16
-1319051.3039547927,1813869.2852061621,16
-1318587.991238265,1813869.2852061621,16
-1318124.6785217377,1813869.2852061621,16
-1317661.36580521,1813869.2852061621,16
-1317198.0530886827,1813869.2852061621,16
-1316734.740372155,1813869.2852061621,16
-1316271.4276556277,1813869.2852061621,10
-1315808.1149391,1813869.2852061621,10
-1315344.8022225727,1813869.2852061621,10
-1314881.4895060451,1813869.2852061621,10
-1314418.1767895175,1813869.2852061621,10
-1313954.8640729901,1813869.2852061621,16
-1313491.5513564625,1813869.2852061621,16
-1313028.2386399352,1813869.2852061621,16
-1312564.9259234075,1813869.2852061621,16
-1312101.6132068802,1813869.2852061621,16
-1311638.3004903526,1813869.2852061621,16
-1311174.9877738252,1813869.2852061621,16
-1310711.6750572976,1813869.2852061621,16
-1310248.3623407702,1813869.2852061621,16
-1309785.0496242426,1813869.2852061621,16
-1309321.7369077152,1813869.2852061621,16
-1308858.4241911876,1813869.2852061621,16
-1308395.1114746602,1813869.2852061621,16
-1307931.7987581326,1813869.2852061621,16
-1307468.486041605,1813869.2852061621,16
-1307005.1733250776,1813869.2852061621,16
-1306541.86060855,1813869.2852061621,16
-1306078.5478920226,1813869.2852061621,10
-1305615.235175495,1813869.2852061621,10
-1305151.9224589677,1813869.2852061621,10
-1304688.60974244,1813869.2852061621,10
-1304225.2970259127,1813869.2852061621,10
-1303761.984309385,1813869.2852061621,10
-1303298.6715928577,1813869.2852061621,10
-1302835.35887633,1813869.2852061621,10
-1302372.0461598027,1813869.2852061621,10
-1301908.733443275,1813869.2852061621,10
-1301445.4207267477,1813869.2852061621,16
-1300982.10801022,1813869.2852061621,16
-1300518.7952936925,1813869.2852061621,16
-1300055.4825771651,1813869.2852061621,16
-1299592.1698606375,1813869.2852061621,16
-1299128.8571441101,1813869.2852061621,16
-1298665.5444275825,1813869.2852061621,16
-1298202.2317110552,1813869.2852061621,16
-1297738.9189945275,1813869.2852061621,16
-1297275.6062780002,1813869.2852061621,16
-1296812.2935614726,1813869.2852061621,16
-1296348.9808449452,1813869.2852061621,16
-1295885.6681284176,1813869.2852061621,16
-1295422.3554118902,1813869.2852061621,16
-1294959.0426953626,1813869.2852061621,10
-1294495.7299788352,1813869.2852061621,10
-1294032.4172623076,1813869.2852061621,16
-1293569.10454578,1813869.2852061621,16
-1293105.7918292526,1813869.2852061621,16
-1292642.479112725,1813869.2852061621,16
-1292179.1663961976,1813869.2852061621,16
-1291715.85367967,1813869.2852061621,16
-1291252.5409631426,1813869.2852061621,16
-1290789.228246615,1813869.2852061621,16
-1290325.9155300877,1813869.2852061621,10
-1289862.60281356,1813869.2852061621,10
-1289399.2900970327,1813869.2852061621,10
-1288935.977380505,1813869.2852061621,16
-1288472.6646639777,1813869.2852061621,16
-1288009.35194745,1813869.2852061621,16
-1287546.0392309227,1813869.2852061621,16
-1287082.726514395,1813869.2852061621,16
-1286619.4137978677,1813869.2852061621,10
-1286156.10108134,1813869.2852061621,10
-1285692.7883648127,1813869.2852061621,10
-1285229.4756482851,1813869.2852061621,16
-1284766.1629317575,1813869.2852061621,16
-1284302.8502152301,1813869.2852061621,10
-1283839.5374987025,1813869.2852061621,10
-1283376.2247821752,1813869.2852061621,10
-1282912.9120656475,1813869.2852061621,10
-1282449.5993491202,1813869.2852061621,10
-1281986.2866325926,1813869.2852061621,10
-1281522.9739160652,1813869.2852061621,10
-1281059.6611995376,1813869.2852061621,10
-1280596.3484830102,1813869.2852061621,10
-1280133.0357664826,1813869.2852061621,10
-1279669.7230499552,1813869.2852061621,10
-1279206.4103334276,1813869.2852061621,10
-1278743.0976169002,1813869.2852061621,10
-1278279.7849003726,1813869.2852061621,10
-1277816.472183845,1813869.2852061621,10
-1277353.1594673176,1813869.2852061621,10
-1276889.84675079,1813869.2852061621,10
-1276426.5340342626,1813869.2852061621,10
-1275963.221317735,1813869.2852061621,10
-1275499.9086012077,1813869.2852061621,10
-1275036.59588468,1813869.2852061621,10
-1274573.2831681527,1813869.2852061621,10
-1274109.970451625,1813869.2852061621,10
-1273646.6577350977,1813869.2852061621,10
-1273183.34501857,1813869.2852061621,10
-1272720.0323020427,1813869.2852061621,10
-1272256.719585515,1813869.2852061621,10
-1271793.4068689877,1813869.2852061621,10
-1271330.09415246,1813869.2852061621,10
-1270866.7814359325,1813869.2852061621,10
-1270403.4687194051,1813869.2852061621,10
-1269940.1560028775,1813869.2852061621,10
-1269476.8432863501,1813869.2852061621,10
-1269013.5305698225,1813869.2852061621,10
-1268550.2178532952,1813869.2852061621,10
-1268086.9051367675,1813869.2852061621,10
-1267623.5924202402,1813869.2852061621,10
-1267160.2797037126,1813869.2852061621,10
-1266696.9669871852,1813869.2852061621,10
-1266233.6542706576,1813869.2852061621,10
-1265770.3415541302,1813869.2852061621,10
-1265307.0288376026,1813869.2852061621,10
-1264843.7161210752,1813869.2852061621,10
-1264380.4034045476,1813869.2852061621,10
-1263917.09068802,1813869.2852061621,10
-1263453.7779714926,1813869.2852061621,10
-1262990.465254965,1813869.2852061621,10
-1262527.1525384376,1813869.2852061621,10
-1262063.83982191,1813869.2852061621,10
-1261600.5271053826,1813869.2852061621,10
-1261137.214388855,1813869.2852061621,10
-1260673.9016723277,1813869.2852061621,10
-1260210.5889558,1813869.2852061621,10
-1259747.2762392727,1813869.2852061621,10
-1259283.963522745,1813869.2852061621,10
-1258820.6508062177,1813869.2852061621,10
-1258357.33808969,1813869.2852061621,10
-1257894.0253731627,1813869.2852061621,10
-1257430.712656635,1813869.2852061621,10
-1256967.3999401077,1813869.2852061621,10
-1256504.08722358,1813869.2852061621,10
-1256040.7745070527,1813869.2852061621,10
-1255577.4617905251,1813869.2852061621,10
-1255114.1490739975,1813869.2852061621,10
-1254650.8363574701,1813869.2852061621,10
-1254187.5236409425,1813869.2852061621,10
-1253724.2109244152,1813869.2852061621,10
-1253260.8982078875,1813869.2852061621,10
-1252797.5854913602,1813869.2852061621,10
-1252334.2727748326,1813869.2852061621,10
-1251870.9600583052,1813869.2852061621,10
-1251407.6473417776,1813869.2852061621,10
-1250944.3346252502,1813869.2852061621,10
-1250481.0219087226,1813869.2852061621,10
-1250017.7091921952,1813869.2852061621,10
-1249554.3964756676,1813869.2852061621,10
-1249091.0837591402,1813869.2852061621,10
-1248627.7710426126,1813869.2852061621,10
-1248164.458326085,1813869.2852061621,10
-1247701.1456095576,1813869.2852061621,10
-1247237.83289303,1813869.2852061621,10
-1246774.5201765026,1813869.2852061621,10
-1246311.207459975,1813869.2852061621,10
-1245847.8947434477,1813869.2852061621,10
-1245384.58202692,1813869.2852061621,10
-1244921.2693103927,1813869.2852061621,10
-1244457.956593865,1813869.2852061621,10
-1243994.6438773377,1813869.2852061621,10
-1243531.33116081,1813869.2852061621,10
-1243068.0184442827,1813869.2852061621,10
-1242604.705727755,1813869.2852061621,10
-1242141.3930112277,1813869.2852061621,10
-1241678.0802947,1813869.2852061621,10
-1241214.7675781725,1813869.2852061621,10
-1240751.4548616451,1813869.2852061621,10
-1240288.1421451175,1813869.2852061621,10
-1239824.8294285901,1813869.2852061621,10
-1239361.5167120625,1813869.2852061621,10
-1238898.2039955352,1813869.2852061621,10
-1238434.8912790075,1813869.2852061621,10
-1237971.5785624802,1813869.2852061621,10
-1237508.2658459526,1813869.2852061621,10
-1237044.9531294252,1813869.2852061621,10
-1236581.6404128976,1813869.2852061621,10
-1236118.3276963702,1813869.2852061621,10
-1235655.0149798426,1813869.2852061621,10
-1235191.7022633152,1813869.2852061621,10
-1234728.3895467876,1813869.2852061621,10
-1234265.07683026,1813869.2852061621,10
-1233801.7641137326,1813869.2852061621,10
-1233338.4513972052,1813869.2852061621,10
-1232875.1386806776,1813869.2852061621,10
-1232411.82596415,1813869.2852061621,10
-1231948.5132476226,1813869.2852061621,10
-1231485.200531095,1813869.2852061621,10
-1231021.8878145677,1813869.2852061621,10
-1230558.57509804,1813869.2852061621,10
-1230095.2623815127,1813869.2852061621,10
-1229631.949664985,1813869.2852061621,10
-1229168.6369484577,1813869.2852061621,10
-1228705.32423193,1813869.2852061621,10
-1228242.0115154027,1813869.2852061621,10
-1227778.698798875,1813869.2852061621,10
-1227315.3860823475,1813869.2852061621,10
-1226852.07336582,1813869.2852061621,10
-1226388.7606492927,1813869.2852061621,10
-1225925.4479327651,1813869.2852061621,10
-1225462.1352162375,1813869.2852061621,10
-1224998.8224997101,1813869.2852061621,10
-1224535.5097831825,1813869.2852061621,10
-1224072.1970666551,1813869.2852061621,10
-1223608.8843501275,1813869.2852061621,10
-1223145.5716336002,1813869.2852061621,10
-1222682.2589170726,1813869.2852061621,10
-1222218.9462005452,1813869.2852061621,10
-1221755.6334840176,1813869.2852061621,10
-1221292.3207674902,1813869.2852061621,10
-1220829.0080509626,1813869.2852061621,10
-1220365.6953344352,1813869.2852061621,10
-1219902.3826179076,1813869.2852061621,10
-1219439.0699013802,1813869.2852061621,10
-1218975.7571848526,1813869.2852061621,10
-1218512.444468325,1813869.2852061621,10
-1218049.1317517976,1813869.2852061621,10
-1217585.81903527,1813869.2852061621,10
-1217122.5063187426,1813869.2852061621,10
-1216659.193602215,1813869.2852061621,10
-1216195.8808856877,1813869.2852061621,10
-1215732.56816916,1813869.2852061621,10
-1215269.2554526327,1813869.2852061621,10
-1214805.942736105,1813869.2852061621,10
-1214342.6300195777,1813869.2852061621,10
-1213879.31730305,1813869.2852061621,10
-1213416.0045865227,1813869.2852061621,10
-1212952.691869995,1813869.2852061621,10
-1212489.3791534677,1813869.2852061621,10
-1212026.06643694,1813869.2852061621,10
-1211562.7537204125,1813869.2852061621,10
-1211099.4410038851,1813869.2852061621,10
-1210636.1282873575,1813869.2852061621,10
-1210172.8155708301,1813869.2852061621,10
-1209709.5028543025,1813869.2852061621,10
-1209246.1901377751,1813869.2852061621,10
-1208782.8774212475,1813869.2852061621,10
-1208319.5647047202,1813869.2852061621,10
-1207856.2519881926,1813869.2852061621,10
-1207392.9392716652,1813869.2852061621,10
-1206929.6265551376,1813869.2852061621,10
-1206466.3138386102,1813869.2852061621,10
-1206003.0011220826,1813869.2852061621,10
-1205539.6884055552,1813869.2852061621,10
-1205076.3756890276,1813869.2852061621,10
-1204613.0629725,1813869.2852061621,10
-1204149.7502559726,1813869.2852061621,10
-1203686.4375394452,1813869.2852061621,10
-1203223.1248229176,1813869.2852061621,10
-1202759.81210639,1813869.2852061621,10
-1202296.4993898626,1813869.2852061621,10
-1201833.186673335,1813869.2852061621,10
-1201369.8739568077,1813869.2852061621,10
-1200906.56124028,1813869.2852061621,10
-1200443.2485237527,1813869.2852061621,10
-1199979.935807225,1813869.2852061621,10
-1199516.6230906977,1813869.2852061621,10
-1199053.31037417,1813869.2852061621,10
-1198589.9976576427,1813869.2852061621,10
-1198126.684941115,1813869.2852061621,10
-1197663.3722245875,1813869.2852061621,10
-1197200.05950806,1813869.2852061621,10
-1196736.7467915327,1813869.2852061621,10
-1196273.4340750051,1813869.2852061621,10
-1195810.1213584775,1813869.2852061621,10
-1195346.8086419501,1813869.2852061621,10
-1194883.4959254225,1813869.2852061621,10
-1194420.1832088951,1813869.2852061621,10
-1193956.8704923675,1813869.2852061621,10
-1193493.5577758402,1813869.2852061621,10
-1193030.2450593126,1813869.2852061621,10
-1192566.9323427852,1813869.2852061621,10
-1192103.6196262576,1813869.2852061621,10
-1191640.3069097302,1813869.2852061621,10
-1191176.9941932026,1813869.2852061621,10
-1190713.6814766752,1813869.2852061621,10
-1190250.3687601476,1813869.2852061621,10
-1189787.0560436202,1813869.2852061621,10
-1189323.7433270926,1813869.2852061621,10
-1188860.430610565,1813869.2852061621,10
-1188397.1178940376,1813869.2852061621,10
-1187933.80517751,1813869.2852061621,10
-1187470.4924609826,1813869.2852061621,10
-1187007.179744455,1813869.2852061621,10
-1186543.8670279277,1813869.2852061621,10
-1186080.5543114,1813869.2852061621,10
-1185617.2415948727,1813869.2852061621,10
-1185153.928878345,1813869.2852061621,10
-1184690.6161618177,1813869.2852061621,10
-1184227.30344529,1813869.2852061621,10
-1183763.9907287627,1813869.2852061621,10
-1183300.678012235,1813869.2852061621,10
-1182837.3652957077,1813869.2852061621,10
-1182374.05257918,1813869.2852061621,10
-1181910.7398626525,1813869.2852061621,10
-1181447.4271461251,1813869.2852061621,10
-1180984.1144295975,1813869.2852061621,10
-1180520.8017130701,1813869.2852061621,10
-1180057.4889965425,1813869.2852061621,10
-1179594.1762800151,1813869.2852061621,10
-1179130.8635634875,1813869.2852061621,10
-1178667.5508469602,1813869.2852061621,10
-1178204.2381304326,1813869.2852061621,10
-1177740.9254139052,1813869.2852061621,10
-1177277.6126973776,1813869.2852061621,10
-1176814.2999808502,1813869.2852061621,10
-1176350.9872643226,1813869.2852061621,10
-1175887.6745477952,1813869.2852061621,10
-1175424.3618312676,1813869.2852061621,10
-1174961.04911474,1813869.2852061621,10
-1174497.7363982126,1813869.2852061621,10
-1174034.4236816852,1813869.2852061621,10
-1173571.1109651576,1813869.2852061621,10
-1173107.79824863,1813869.2852061621,10
-1172644.4855321026,1813869.2852061621,10
-1172181.172815575,1813869.2852061621,10
-1171717.8600990477,1813869.2852061621,10
-1171254.54738252,1813869.2852061621,10
-1170791.2346659927,1813869.2852061621,10
-1170327.921949465,1813869.2852061621,10
-1169864.6092329377,1813869.2852061621,10
-1169401.29651641,1813869.2852061621,10
-1168937.9837998827,1813869.2852061621,10
-1168474.671083355,1813869.2852061621,10
-1168011.3583668275,1813869.2852061621,10
-1167548.0456503,1813869.2852061621,10
-1167084.7329337727,1813869.2852061621,10
-1166621.4202172451,1813869.2852061621,10
-1166158.1075007175,1813869.2852061621,10
-1165694.7947841901,1813869.2852061621,10
-1165231.4820676625,1813869.2852061621,10
-1164768.1693511351,1813869.2852061621,10
-1164304.8566346075,1813869.2852061621,10
-1163841.5439180802,1813869.2852061621,10
-1163378.2312015526,1813869.2852061621,10
-1162914.9184850252,1813869.2852061621,10
-1162451.6057684976,1813869.2852061621,10
-1161988.2930519702,1813869.2852061621,10
-1161524.9803354426,1813869.2852061621,10
-1161061.6676189152,1813869.2852061621,10
-1160598.3549023876,1813869.2852061621,10
-1160135.0421858602,1813869.2852061621,10
-1159671.7294693326,1813869.2852061621,10
-1159208.416752805,1813869.2852061621,10
-1158745.1040362776,1813869.2852061621,10
-1158281.79131975,1813869.2852061621,10
-1323684.4311200676,1813405.9724896348,10
-1323221.11840354,1813405.9724896348,10
-1322757.8056870126,1813405.9724896348,16
-1322294.492970485,1813405.9724896348,16
-1321831.1802539576,1813405.9724896348,16
-1321367.86753743,1813405.9724896348,16
-1320904.5548209026,1813405.9724896348,10
-1320441.242104375,1813405.9724896348,10
-1319977.9293878477,1813405.9724896348,10
-1319514.61667132,1813405.9724896348,16
-1319051.3039547927,1813405.9724896348,16
-1318587.991238265,1813405.9724896348,16
-1318124.6785217377,1813405.9724896348,16
-1317661.36580521,1813405.9724896348,16
-1317198.0530886827,1813405.9724896348,16
-1316734.740372155,1813405.9724896348,10
-1316271.4276556277,1813405.9724896348,10
-1315808.1149391,1813405.9724896348,10
-1315344.8022225727,1813405.9724896348,10
-1314881.4895060451,1813405.9724896348,10
-1314418.1767895175,1813405.9724896348,10
-1313954.8640729901,1813405.9724896348,10
-1313491.5513564625,1813405.9724896348,16
-1313028.2386399352,1813405.9724896348,16
-1312564.9259234075,1813405.9724896348,16
-1312101.6132068802,1813405.9724896348,16
-1311638.3004903526,1813405.9724896348,16
-1311174.9877738252,1813405.9724896348,16
-1310711.6750572976,1813405.9724896348,16
-1310248.3623407702,1813405.9724896348,16
-1309785.0496242426,1813405.9724896348,16
-1309321.7369077152,1813405.9724896348,16
-1308858.4241911876,1813405.9724896348,16
-1308395.1114746602,1813405.9724896348,16
-1307931.7987581326,1813405.9724896348,16
-1307468.486041605,1813405.9724896348,10
-1307005.1733250776,1813405.9724896348,16
-1306541.86060855,1813405.9724896348,16
-1306078.5478920226,1813405.9724896348,10
-1305615.235175495,1813405.9724896348,10
-1305151.9224589677,1813405.9724896348,10
-1304688.60974244,1813405.9724896348,10
-1304225.2970259127,1813405.9724896348,10
-1303761.984309385,1813405.9724896348,10
-1303298.6715928577,1813405.9724896348,10
-1302835.35887633,1813405.9724896348,10
-1302372.0461598027,1813405.9724896348,10
-1301908.733443275,1813405.9724896348,10
-1301445.4207267477,1813405.9724896348,16
-1300982.10801022,1813405.9724896348,16
-1300518.7952936925,1813405.9724896348,16
-1300055.4825771651,1813405.9724896348,16
-1299592.1698606375,1813405.9724896348,16
-1299128.8571441101,1813405.9724896348,16
-1298665.5444275825,1813405.9724896348,16
-1298202.2317110552,1813405.9724896348,16
-1297738.9189945275,1813405.9724896348,16
-1297275.6062780002,1813405.9724896348,16
-1296812.2935614726,1813405.9724896348,16
-1296348.9808449452,1813405.9724896348,16
-1295885.6681284176,1813405.9724896348,16
-1295422.3554118902,1813405.9724896348,16
-1294959.0426953626,1813405.9724896348,16
-1294495.7299788352,1813405.9724896348,16
-1294032.4172623076,1813405.9724896348,10
-1293569.10454578,1813405.9724896348,10
-1293105.7918292526,1813405.9724896348,16
-1292642.479112725,1813405.9724896348,16
-1292179.1663961976,1813405.9724896348,16
-1291715.85367967,1813405.9724896348,16
-1291252.5409631426,1813405.9724896348,16
-1290789.228246615,1813405.9724896348,10
-1290325.9155300877,1813405.9724896348,10
-1289862.60281356,1813405.9724896348,10
-1289399.2900970327,1813405.9724896348,10
-1288935.977380505,1813405.9724896348,16
-1288472.6646639777,1813405.9724896348,10
-1288009.35194745,1813405.9724896348,10
-1287546.0392309227,1813405.9724896348,16
-1287082.726514395,1813405.9724896348,16
-1286619.4137978677,1813405.9724896348,16
-1286156.10108134,1813405.9724896348,10
-1285692.7883648127,1813405.9724896348,10
-1285229.4756482851,1813405.9724896348,16
-1284766.1629317575,1813405.9724896348,16
-1284302.8502152301,1813405.9724896348,10
-1283839.5374987025,1813405.9724896348,10
-1283376.2247821752,1813405.9724896348,10
-1282912.9120656475,1813405.9724896348,10
-1282449.5993491202,1813405.9724896348,10
-1281986.2866325926,1813405.9724896348,10
-1281522.9739160652,1813405.9724896348,10
-1281059.6611995376,1813405.9724896348,10
-1280596.3484830102,1813405.9724896348,10
-1280133.0357664826,1813405.9724896348,10
-1279669.7230499552,1813405.9724896348,10
-1279206.4103334276,1813405.9724896348,10
-1278743.0976169002,1813405.9724896348,10
-1278279.7849003726,1813405.9724896348,10
-1277816.472183845,1813405.9724896348,10
-1277353.1594673176,1813405.9724896348,10
-1276889.84675079,1813405.9724896348,10
-1276426.5340342626,1813405.9724896348,10
-1275963.221317735,1813405.9724896348,10
-1275499.9086012077,1813405.9724896348,10
-1275036.59588468,1813405.9724896348,10
-1274573.2831681527,1813405.9724896348,10
-1274109.970451625,1813405.9724896348,10
-1273646.6577350977,1813405.9724896348,10
-1273183.34501857,1813405.9724896348,10
-1272720.0323020427,1813405.9724896348,10
-1272256.719585515,1813405.9724896348,10
-1271793.4068689877,1813405.9724896348,10
-1271330.09415246,1813405.9724896348,10
-1270866.7814359325,1813405.9724896348,10
-1270403.4687194051,1813405.9724896348,10
-1269940.1560028775,1813405.9724896348,10
-1269476.8432863501,1813405.9724896348,10
-1269013.5305698225,1813405.9724896348,10
-1268550.2178532952,1813405.9724896348,10
-1268086.9051367675,1813405.9724896348,10
-1267623.5924202402,1813405.9724896348,10
-1267160.2797037126,1813405.9724896348,10
-1266696.9669871852,1813405.9724896348,10
-1266233.6542706576,1813405.9724896348,10
-1265770.3415541302,1813405.9724896348,10
-1265307.0288376026,1813405.9724896348,10
-1264843.7161210752,1813405.9724896348,10
-1264380.4034045476,1813405.9724896348,10
-1263917.09068802,1813405.9724896348,10
-1263453.7779714926,1813405.9724896348,10
-1262990.465254965,1813405.9724896348,10
-1262527.1525384376,1813405.9724896348,10
-1262063.83982191,1813405.9724896348,10
-1261600.5271053826,1813405.9724896348,10
-1261137.214388855,1813405.9724896348,10
-1260673.9016723277,1813405.9724896348,10
-1260210.5889558,1813405.9724896348,10
-1259747.2762392727,1813405.9724896348,10
-1259283.963522745,1813405.9724896348,10
-1258820.6508062177,1813405.9724896348,10
-1258357.33808969,1813405.9724896348,10
-1257894.0253731627,1813405.9724896348,10
-1257430.712656635,1813405.9724896348,10
-1256967.3999401077,1813405.9724896348,10
-1256504.08722358,1813405.9724896348,10
-1256040.7745070527,1813405.9724896348,10
-1255577.4617905251,1813405.9724896348,10
-1255114.1490739975,1813405.9724896348,10
-1254650.8363574701,1813405.9724896348,10
-1254187.5236409425,1813405.9724896348,10
-1253724.2109244152,1813405.9724896348,10
-1253260.8982078875,1813405.9724896348,10
-1252797.5854913602,1813405.9724896348,10
-1252334.2727748326,1813405.9724896348,10
-1251870.9600583052,1813405.9724896348,10
-1251407.6473417776,1813405.9724896348,7
-1250944.3346252502,1813405.9724896348,10
-1250481.0219087226,1813405.9724896348,10
-1250017.7091921952,1813405.9724896348,10
-1249554.3964756676,1813405.9724896348,10
-1249091.0837591402,1813405.9724896348,10
-1248627.7710426126,1813405.9724896348,10
-1248164.458326085,1813405.9724896348,10
-1247701.1456095576,1813405.9724896348,10
-1247237.83289303,1813405.9724896348,10
-1246774.5201765026,1813405.9724896348,10
-1246311.207459975,1813405.9724896348,10
-1245847.8947434477,1813405.9724896348,10
-1245384.58202692,1813405.9724896348,10
-1244921.2693103927,1813405.9724896348,10
-1244457.956593865,1813405.9724896348,10
-1243994.6438773377,1813405.9724896348,10
-1243531.33116081,1813405.9724896348,10
-1243068.0184442827,1813405.9724896348,10
-1242604.705727755,1813405.9724896348,10
-1242141.3930112277,1813405.9724896348,10
-1241678.0802947,1813405.9724896348,10
-1241214.7675781725,1813405.9724896348,10
-1240751.4548616451,1813405.9724896348,10
-1240288.1421451175,1813405.9724896348,10
-1239824.8294285901,1813405.9724896348,10
-1239361.5167120625,1813405.9724896348,10
-1238898.2039955352,1813405.9724896348,10
-1238434.8912790075,1813405.9724896348,10
-1237971.5785624802,1813405.9724896348,10
-1237508.2658459526,1813405.9724896348,10
-1237044.9531294252,1813405.9724896348,10
-1236581.6404128976,1813405.9724896348,10
-1236118.3276963702,1813405.9724896348,10
-1235655.0149798426,1813405.9724896348,10
-1235191.7022633152,1813405.9724896348,10
-1234728.3895467876,1813405.9724896348,10
-1234265.07683026,1813405.9724896348,10
-1233801.7641137326,1813405.9724896348,10
-1233338.4513972052,1813405.9724896348,10
-1232875.1386806776,1813405.9724896348,10
-1232411.82596415,1813405.9724896348,10
-1231948.5132476226,1813405.9724896348,10
-1231485.200531095,1813405.9724896348,10
-1231021.8878145677,1813405.9724896348,10
-1230558.57509804,1813405.9724896348,10
-1230095.2623815127,1813405.9724896348,10
-1229631.949664985,1813405.9724896348,10
-1229168.6369484577,1813405.9724896348,10
-1228705.32423193,1813405.9724896348,10
-1228242.0115154027,1813405.9724896348,10
-1227778.698798875,1813405.9724896348,10
-1227315.3860823475,1813405.9724896348,10
-1226852.07336582,1813405.9724896348,10
-1226388.7606492927,1813405.9724896348,10
-1225925.4479327651,1813405.9724896348,10
-1225462.1352162375,1813405.9724896348,10
-1224998.8224997101,1813405.9724896348,10
-1224535.5097831825,1813405.9724896348,10
-1224072.1970666551,1813405.9724896348,10
-1223608.8843501275,1813405.9724896348,10
-1223145.5716336002,1813405.9724896348,10
-1222682.2589170726,1813405.9724896348,10
-1222218.9462005452,1813405.9724896348,10
-1221755.6334840176,1813405.9724896348,10
-1221292.3207674902,1813405.9724896348,10
-1220829.0080509626,1813405.9724896348,10
-1220365.6953344352,1813405.9724896348,10
-1219902.3826179076,1813405.9724896348,10
-1219439.0699013802,1813405.9724896348,10
-1218975.7571848526,1813405.9724896348,10
-1218512.444468325,1813405.9724896348,10
-1218049.1317517976,1813405.9724896348,10
-1217585.81903527,1813405.9724896348,10
-1217122.5063187426,1813405.9724896348,10
-1216659.193602215,1813405.9724896348,10
-1216195.8808856877,1813405.9724896348,10
-1215732.56816916,1813405.9724896348,10
-1215269.2554526327,1813405.9724896348,10
-1214805.942736105,1813405.9724896348,10
-1214342.6300195777,1813405.9724896348,10
-1213879.31730305,1813405.9724896348,10
-1213416.0045865227,1813405.9724896348,10
-1212952.691869995,1813405.9724896348,10
-1212489.3791534677,1813405.9724896348,10
-1212026.06643694,1813405.9724896348,10
-1211562.7537204125,1813405.9724896348,10
-1211099.4410038851,1813405.9724896348,10
-1210636.1282873575,1813405.9724896348,10
-1210172.8155708301,1813405.9724896348,10
-1209709.5028543025,1813405.9724896348,10
-1209246.1901377751,1813405.9724896348,10
-1208782.8774212475,1813405.9724896348,10
-1208319.5647047202,1813405.9724896348,10
-1207856.2519881926,1813405.9724896348,10
-1207392.9392716652,1813405.9724896348,10
-1206929.6265551376,1813405.9724896348,10
-1206466.3138386102,1813405.9724896348,10
-1206003.0011220826,1813405.9724896348,10
-1205539.6884055552,1813405.9724896348,10
-1205076.3756890276,1813405.9724896348,10
-1204613.0629725,1813405.9724896348,10
-1204149.7502559726,1813405.9724896348,10
-1203686.4375394452,1813405.9724896348,10
-1203223.1248229176,1813405.9724896348,10
-1202759.81210639,1813405.9724896348,10
-1202296.4993898626,1813405.9724896348,10
-1201833.186673335,1813405.9724896348,10
-1201369.8739568077,1813405.9724896348,10
-1200906.56124028,1813405.9724896348,10
-1200443.2485237527,1813405.9724896348,10
-1199979.935807225,1813405.9724896348,10
-1199516.6230906977,1813405.9724896348,10
-1199053.31037417,1813405.9724896348,10
-1198589.9976576427,1813405.9724896348,10
-1198126.684941115,1813405.9724896348,10
-1197663.3722245875,1813405.9724896348,10
-1197200.05950806,1813405.9724896348,10
-1196736.7467915327,1813405.9724896348,10
-1196273.4340750051,1813405.9724896348,10
-1195810.1213584775,1813405.9724896348,10
-1195346.8086419501,1813405.9724896348,10
-1194883.4959254225,1813405.9724896348,10
-1194420.1832088951,1813405.9724896348,10
-1193956.8704923675,1813405.9724896348,10
-1193493.5577758402,1813405.9724896348,10
-1193030.2450593126,1813405.9724896348,10
-1192566.9323427852,1813405.9724896348,10
-1192103.6196262576,1813405.9724896348,10
-1191640.3069097302,1813405.9724896348,10
-1191176.9941932026,1813405.9724896348,10
-1190713.6814766752,1813405.9724896348,10
-1190250.3687601476,1813405.9724896348,10
-1189787.0560436202,1813405.9724896348,10
-1189323.7433270926,1813405.9724896348,10
-1188860.430610565,1813405.9724896348,10
-1188397.1178940376,1813405.9724896348,10
-1187933.80517751,1813405.9724896348,10
-1187470.4924609826,1813405.9724896348,10
-1187007.179744455,1813405.9724896348,10
-1186543.8670279277,1813405.9724896348,10
-1186080.5543114,1813405.9724896348,10
-1185617.2415948727,1813405.9724896348,10
-1185153.928878345,1813405.9724896348,10
-1184690.6161618177,1813405.9724896348,10
-1184227.30344529,1813405.9724896348,10
-1183763.9907287627,1813405.9724896348,10
-1183300.678012235,1813405.9724896348,10
-1182837.3652957077,1813405.9724896348,10
-1182374.05257918,1813405.9724896348,10
-1181910.7398626525,1813405.9724896348,10
-1181447.4271461251,1813405.9724896348,10
-1180984.1144295975,1813405.9724896348,10
-1180520.8017130701,1813405.9724896348,10
-1180057.4889965425,1813405.9724896348,10
-1179594.1762800151,1813405.9724896348,10
-1179130.8635634875,1813405.9724896348,10
-1178667.5508469602,1813405.9724896348,10
-1178204.2381304326,1813405.9724896348,10
-1177740.9254139052,1813405.9724896348,10
-1177277.6126973776,1813405.9724896348,10
-1176814.2999808502,1813405.9724896348,10
-1176350.9872643226,1813405.9724896348,10
-1175887.6745477952,1813405.9724896348,10
-1175424.3618312676,1813405.9724896348,10
-1174961.04911474,1813405.9724896348,10
-1174497.7363982126,1813405.9724896348,10
-1174034.4236816852,1813405.9724896348,10
-1173571.1109651576,1813405.9724896348,10
-1173107.79824863,1813405.9724896348,10
-1172644.4855321026,1813405.9724896348,10
-1172181.172815575,1813405.9724896348,10
-1171717.8600990477,1813405.9724896348,10
-1171254.54738252,1813405.9724896348,10
-1170791.2346659927,1813405.9724896348,10
-1170327.921949465,1813405.9724896348,10
-1169864.6092329377,1813405.9724896348,10
-1169401.29651641,1813405.9724896348,10
-1168937.9837998827,1813405.9724896348,10
-1168474.671083355,1813405.9724896348,10
-1168011.3583668275,1813405.9724896348,10
-1167548.0456503,1813405.9724896348,10
-1167084.7329337727,1813405.9724896348,10
-1166621.4202172451,1813405.9724896348,10
-1166158.1075007175,1813405.9724896348,10
-1165694.7947841901,1813405.9724896348,10
-1165231.4820676625,1813405.9724896348,10
-1164768.1693511351,1813405.9724896348,10
-1164304.8566346075,1813405.9724896348,10
-1163841.5439180802,1813405.9724896348,10
-1163378.2312015526,1813405.9724896348,10
-1162914.9184850252,1813405.9724896348,10
-1162451.6057684976,1813405.9724896348,10
-1161988.2930519702,1813405.9724896348,10
-1161524.9803354426,1813405.9724896348,10
-1161061.6676189152,1813405.9724896348,10
-1160598.3549023876,1813405.9724896348,10
-1160135.0421858602,1813405.9724896348,10
-1159671.7294693326,1813405.9724896348,10
-1159208.416752805,1813405.9724896348,10
-1158745.1040362776,1813405.9724896348,10
-1158281.79131975,1813405.9724896348,10
-1323684.4311200676,1812942.6597731072,10
-1323221.11840354,1812942.6597731072,10
-1322757.8056870126,1812942.6597731072,16
-1322294.492970485,1812942.6597731072,16
-1321831.1802539576,1812942.6597731072,16
-1321367.86753743,1812942.6597731072,16
-1320904.5548209026,1812942.6597731072,16
-1320441.242104375,1812942.6597731072,16
-1319977.9293878477,1812942.6597731072,10
-1319514.61667132,1812942.6597731072,16
-1319051.3039547927,1812942.6597731072,16
-1318587.991238265,1812942.6597731072,16
-1318124.6785217377,1812942.6597731072,16
-1317661.36580521,1812942.6597731072,10
-1317198.0530886827,1812942.6597731072,10
-1316734.740372155,1812942.6597731072,10
-1316271.4276556277,1812942.6597731072,10
-1315808.1149391,1812942.6597731072,10
-1315344.8022225727,1812942.6597731072,10
-1314881.4895060451,1812942.6597731072,10
-1314418.1767895175,1812942.6597731072,10
-1313954.8640729901,1812942.6597731072,10
-1313491.5513564625,1812942.6597731072,16
-1313028.2386399352,1812942.6597731072,16
-1312564.9259234075,1812942.6597731072,16
-1312101.6132068802,1812942.6597731072,16
-1311638.3004903526,1812942.6597731072,16
-1311174.9877738252,1812942.6597731072,16
-1310711.6750572976,1812942.6597731072,16
-1310248.3623407702,1812942.6597731072,16
-1309785.0496242426,1812942.6597731072,16
-1309321.7369077152,1812942.6597731072,16
-1308858.4241911876,1812942.6597731072,16
-1308395.1114746602,1812942.6597731072,16
-1307931.7987581326,1812942.6597731072,10
-1307468.486041605,1812942.6597731072,10
-1307005.1733250776,1812942.6597731072,16
-1306541.86060855,1812942.6597731072,16
-1306078.5478920226,1812942.6597731072,10
-1305615.235175495,1812942.6597731072,10
-1305151.9224589677,1812942.6597731072,10
-1304688.60974244,1812942.6597731072,10
-1304225.2970259127,1812942.6597731072,10
-1303761.984309385,1812942.6597731072,10
-1303298.6715928577,1812942.6597731072,10
-1302835.35887633,1812942.6597731072,10
-1302372.0461598027,1812942.6597731072,10
-1301908.733443275,1812942.6597731072,10
-1301445.4207267477,1812942.6597731072,16
-1300982.10801022,1812942.6597731072,16
-1300518.7952936925,1812942.6597731072,16
-1300055.4825771651,1812942.6597731072,16
-1299592.1698606375,1812942.6597731072,16
-1299128.8571441101,1812942.6597731072,16
-1298665.5444275825,1812942.6597731072,16
-1298202.2317110552,1812942.6597731072,16
-1297738.9189945275,1812942.6597731072,16
-1297275.6062780002,1812942.6597731072,16
-1296812.2935614726,1812942.6597731072,16
-1296348.9808449452,1812942.6597731072,16
-1295885.6681284176,1812942.6597731072,16
-1295422.3554118902,1812942.6597731072,16
-1294959.0426953626,1812942.6597731072,16
-1294495.7299788352,1812942.6597731072,16
-1294032.4172623076,1812942.6597731072,16
-1293569.10454578,1812942.6597731072,10
-1293105.7918292526,1812942.6597731072,10
-1292642.479112725,1812942.6597731072,16
-1292179.1663961976,1812942.6597731072,16
-1291715.85367967,1812942.6597731072,16
-1291252.5409631426,1812942.6597731072,16
-1290789.228246615,1812942.6597731072,10
-1290325.9155300877,1812942.6597731072,10
-1289862.60281356,1812942.6597731072,10
-1289399.2900970327,1812942.6597731072,10
-1288935.977380505,1812942.6597731072,16
-1288472.6646639777,1812942.6597731072,16
-1288009.35194745,1812942.6597731072,10
-1287546.0392309227,1812942.6597731072,16
-1287082.726514395,1812942.6597731072,16
-1286619.4137978677,1812942.6597731072,16
-1286156.10108134,1812942.6597731072,10
-1285692.7883648127,1812942.6597731072,10
-1285229.4756482851,1812942.6597731072,10
-1284766.1629317575,1812942.6597731072,10
-1284302.8502152301,1812942.6597731072,10
-1283839.5374987025,1812942.6597731072,10
-1283376.2247821752,1812942.6597731072,10
-1282912.9120656475,1812942.6597731072,10
-1282449.5993491202,1812942.6597731072,10
-1281986.2866325926,1812942.6597731072,10
-1281522.9739160652,1812942.6597731072,10
-1281059.6611995376,1812942.6597731072,10
-1280596.3484830102,1812942.6597731072,10
-1280133.0357664826,1812942.6597731072,10
-1279669.7230499552,1812942.6597731072,10
-1279206.4103334276,1812942.6597731072,10
-1278743.0976169002,1812942.6597731072,7
-1278279.7849003726,1812942.6597731072,10
-1277816.472183845,1812942.6597731072,10
-1277353.1594673176,1812942.6597731072,10
-1276889.84675079,1812942.6597731072,10
-1276426.5340342626,1812942.6597731072,10
-1275963.221317735,1812942.6597731072,10
-1275499.9086012077,1812942.6597731072,10
-1275036.59588468,1812942.6597731072,10
-1274573.2831681527,1812942.6597731072,10
-1274109.970451625,1812942.6597731072,10
-1273646.6577350977,1812942.6597731072,10
-1273183.34501857,1812942.6597731072,10
-1272720.0323020427,1812942.6597731072,10
-1272256.719585515,1812942.6597731072,10
-1271793.4068689877,1812942.6597731072,10
-1271330.09415246,1812942.6597731072,10
-1270866.7814359325,1812942.6597731072,10
-1270403.4687194051,1812942.6597731072,10
-1269940.1560028775,1812942.6597731072,10
-1269476.8432863501,1812942.6597731072,10
-1269013.5305698225,1812942.6597731072,10
-1268550.2178532952,1812942.6597731072,10
-1268086.9051367675,1812942.6597731072,10
-1267623.5924202402,1812942.6597731072,10
-1267160.2797037126,1812942.6597731072,10
-1266696.9669871852,1812942.6597731072,10
-1266233.6542706576,1812942.6597731072,10
-1265770.3415541302,1812942.6597731072,10
-1265307.0288376026,1812942.6597731072,10
-1264843.7161210752,1812942.6597731072,10
-1264380.4034045476,1812942.6597731072,10
-1263917.09068802,1812942.6597731072,10
-1263453.7779714926,1812942.6597731072,10
-1262990.465254965,1812942.6597731072,10
-1262527.1525384376,1812942.6597731072,10
-1262063.83982191,1812942.6597731072,10
-1261600.5271053826,1812942.6597731072,10
-1261137.214388855,1812942.6597731072,10
-1260673.9016723277,1812942.6597731072,10
-1260210.5889558,1812942.6597731072,10
-1259747.2762392727,1812942.6597731072,10
-1259283.963522745,1812942.6597731072,10
-1258820.6508062177,1812942.6597731072,10
-1258357.33808969,1812942.6597731072,10
-1257894.0253731627,1812942.6597731072,10
-1257430.712656635,1812942.6597731072,10
-1256967.3999401077,1812942.6597731072,10
-1256504.08722358,1812942.6597731072,10
-1256040.7745070527,1812942.6597731072,10
-1255577.4617905251,1812942.6597731072,10
-1255114.1490739975,1812942.6597731072,10
-1254650.8363574701,1812942.6597731072,10
-1254187.5236409425,1812942.6597731072,10
-1253724.2109244152,1812942.6597731072,10
-1253260.8982078875,1812942.6597731072,10
-1252797.5854913602,1812942.6597731072,10
-1252334.2727748326,1812942.6597731072,10
-1251870.9600583052,1812942.6597731072,10
-1251407.6473417776,1812942.6597731072,10
-1250944.3346252502,1812942.6597731072,7
-1250481.0219087226,1812942.6597731072,10
-1250017.7091921952,1812942.6597731072,10
-1249554.3964756676,1812942.6597731072,10
-1249091.0837591402,1812942.6597731072,10
-1248627.7710426126,1812942.6597731072,10
-1248164.458326085,1812942.6597731072,10
-1247701.1456095576,1812942.6597731072,10
-1247237.83289303,1812942.6597731072,10
-1246774.5201765026,1812942.6597731072,10
-1246311.207459975,1812942.6597731072,10
-1245847.8947434477,1812942.6597731072,10
-1245384.58202692,1812942.6597731072,10
-1244921.2693103927,1812942.6597731072,10
-1244457.956593865,1812942.6597731072,10
-1243994.6438773377,1812942.6597731072,10
-1243531.33116081,1812942.6597731072,10
-1243068.0184442827,1812942.6597731072,10
-1242604.705727755,1812942.6597731072,10
-1242141.3930112277,1812942.6597731072,10
-1241678.0802947,1812942.6597731072,10
-1241214.7675781725,1812942.6597731072,10
-1240751.4548616451,1812942.6597731072,10
-1240288.1421451175,1812942.6597731072,10
-1239824.8294285901,1812942.6597731072,10
-1239361.5167120625,1812942.6597731072,10
-1238898.2039955352,1812942.6597731072,10
-1238434.8912790075,1812942.6597731072,10
-1237971.5785624802,1812942.6597731072,10
-1237508.2658459526,1812942.6597731072,10
-1237044.9531294252,1812942.6597731072,10
-1236581.6404128976,1812942.6597731072,10
-1236118.3276963702,1812942.6597731072,10
-1235655.0149798426,1812942.6597731072,10
-1235191.7022633152,1812942.6597731072,10
-1234728.3895467876,1812942.6597731072,10
-1234265.07683026,1812942.6597731072,10
-1233801.7641137326,1812942.6597731072,10
-1233338.4513972052,1812942.6597731072,10
-1232875.1386806776,1812942.6597731072,10
-1232411.82596415,1812942.6597731072,10
-1231948.5132476226,1812942.6597731072,10
-1231485.200531095,1812942.6597731072,10
-1231021.8878145677,1812942.6597731072,10
-1230558.57509804,1812942.6597731072,10
-1230095.2623815127,1812942.6597731072,10
-1229631.949664985,1812942.6597731072,10
-1229168.6369484577,1812942.6597731072,10
-1228705.32423193,1812942.6597731072,10
-1228242.0115154027,1812942.6597731072,10
-1227778.698798875,1812942.6597731072,10
-1227315.3860823475,1812942.6597731072,10
-1226852.07336582,1812942.6597731072,10
-1226388.7606492927,1812942.6597731072,10
-1225925.4479327651,1812942.6597731072,10
-1225462.1352162375,1812942.6597731072,10
-1224998.8224997101,1812942.6597731072,10
-1224535.5097831825,1812942.6597731072,10
-1224072.1970666551,1812942.6597731072,10
-1223608.8843501275,1812942.6597731072,10
-1223145.5716336002,1812942.6597731072,10
-1222682.2589170726,1812942.6597731072,10
-1222218.9462005452,1812942.6597731072,10
-1221755.6334840176,1812942.6597731072,10
-1221292.3207674902,1812942.6597731072,10
-1220829.0080509626,1812942.6597731072,10
-1220365.6953344352,1812942.6597731072,10
-1219902.3826179076,1812942.6597731072,10
-1219439.0699013802,1812942.6597731072,10
-1218975.7571848526,1812942.6597731072,10
-1218512.444468325,1812942.6597731072,10
-1218049.1317517976,1812942.6597731072,10
-1217585.81903527,1812942.6597731072,10
-1217122.5063187426,1812942.6597731072,10
-1216659.193602215,1812942.6597731072,10
-1216195.8808856877,1812942.6597731072,10
-1215732.56816916,1812942.6597731072,10
-1215269.2554526327,1812942.6597731072,10
-1214805.942736105,1812942.6597731072,10
-1214342.6300195777,1812942.6597731072,10
-1213879.31730305,1812942.6597731072,10
-1213416.0045865227,1812942.6597731072,10
-1212952.691869995,1812942.6597731072,10
-1212489.3791534677,1812942.6597731072,10
-1212026.06643694,1812942.6597731072,10
-1211562.7537204125,1812942.6597731072,10
-1211099.4410038851,1812942.6597731072,10
-1210636.1282873575,1812942.6597731072,10
-1210172.8155708301,1812942.6597731072,10
-1209709.5028543025,1812942.6597731072,10
-1209246.1901377751,1812942.6597731072,10
-1208782.8774212475,1812942.6597731072,10
-1208319.5647047202,1812942.6597731072,10
-1207856.2519881926,1812942.6597731072,10
-1207392.9392716652,1812942.6597731072,10
-1206929.6265551376,1812942.6597731072,10
-1206466.3138386102,1812942.6597731072,10
-1206003.0011220826,1812942.6597731072,10
-1205539.6884055552,1812942.6597731072,10
-1205076.3756890276,1812942.6597731072,10
-1204613.0629725,1812942.6597731072,10
-1204149.7502559726,1812942.6597731072,10
-1203686.4375394452,1812942.6597731072,10
-1203223.1248229176,1812942.6597731072,10
-1202759.81210639,1812942.6597731072,10
-1202296.4993898626,1812942.6597731072,10
-1201833.186673335,1812942.6597731072,10
-1201369.8739568077,1812942.6597731072,10
-1200906.56124028,1812942.6597731072,10
-1200443.2485237527,1812942.6597731072,10
-1199979.935807225,1812942.6597731072,10
-1199516.6230906977,1812942.6597731072,10
-1199053.31037417,1812942.6597731072,10
-1198589.9976576427,1812942.6597731072,10
-1198126.684941115,1812942.6597731072,10
-1197663.3722245875,1812942.6597731072,10
-1197200.05950806,1812942.6597731072,10
-1196736.7467915327,1812942.6597731072,10
-1196273.4340750051,1812942.6597731072,10
-1195810.1213584775,1812942.6597731072,10
-1195346.8086419501,1812942.6597731072,10
-1194883.4959254225,1812942.6597731072,10
-1194420.1832088951,1812942.6597731072,10
-1193956.8704923675,1812942.6597731072,10
-1193493.5577758402,1812942.6597731072,10
-1193030.2450593126,1812942.6597731072,10
-1192566.9323427852,1812942.6597731072,10
-1192103.6196262576,1812942.6597731072,10
-1191640.3069097302,1812942.6597731072,10
-1191176.9941932026,1812942.6597731072,10
-1190713.6814766752,1812942.6597731072,10
-1190250.3687601476,1812942.6597731072,10
-1189787.0560436202,1812942.6597731072,10
-1189323.7433270926,1812942.6597731072,10
-1188860.430610565,1812942.6597731072,10
-1188397.1178940376,1812942.6597731072,10
-1187933.80517751,1812942.6597731072,10
-1187470.4924609826,1812942.6597731072,10
-1187007.179744455,1812942.6597731072,10
-1186543.8670279277,1812942.6597731072,10
-1186080.5543114,1812942.6597731072,10
-1185617.2415948727,1812942.6597731072,10
-1185153.928878345,1812942.6597731072,10
-1184690.6161618177,1812942.6597731072,10
-1184227.30344529,1812942.6597731072,10
-1183763.9907287627,1812942.6597731072,10
-1183300.678012235,1812942.6597731072,10
-1182837.3652957077,1812942.6597731072,10
-1182374.05257918,1812942.6597731072,10
-1181910.7398626525,1812942.6597731072,10
-1181447.4271461251,1812942.6597731072,10
-1180984.1144295975,1812942.6597731072,10
-1180520.8017130701,1812942.6597731072,10
-1180057.4889965425,1812942.6597731072,10
-1179594.1762800151,1812942.6597731072,10
-1179130.8635634875,1812942.6597731072,10
-1178667.5508469602,1812942.6597731072,10
-1178204.2381304326,1812942.6597731072,10
-1177740.9254139052,1812942.6597731072,10
-1177277.6126973776,1812942.6597731072,10
-1176814.2999808502,1812942.6597731072,10
-1176350.9872643226,1812942.6597731072,10
-1175887.6745477952,1812942.6597731072,10
-1175424.3618312676,1812942.6597731072,10
-1174961.04911474,1812942.6597731072,10
-1174497.7363982126,1812942.6597731072,10
-1174034.4236816852,1812942.6597731072,10
-1173571.1109651576,1812942.6597731072,10
-1173107.79824863,1812942.6597731072,10
-1172644.4855321026,1812942.6597731072,10
-1172181.172815575,1812942.6597731072,10
-1171717.8600990477,1812942.6597731072,10
-1171254.54738252,1812942.6597731072,10
-1170791.2346659927,1812942.6597731072,10
-1170327.921949465,1812942.6597731072,10
-1169864.6092329377,1812942.6597731072,10
-1169401.29651641,1812942.6597731072,10
-1168937.9837998827,1812942.6597731072,10
-1168474.671083355,1812942.6597731072,10
-1168011.3583668275,1812942.6597731072,10
-1167548.0456503,1812942.6597731072,10
-1167084.7329337727,1812942.6597731072,10
-1166621.4202172451,1812942.6597731072,10
-1166158.1075007175,1812942.6597731072,10
-1165694.7947841901,1812942.6597731072,10
-1165231.4820676625,1812942.6597731072,10
-1164768.1693511351,1812942.6597731072,10
-1164304.8566346075,1812942.6597731072,10
-1163841.5439180802,1812942.6597731072,10
-1163378.2312015526,1812942.6597731072,10
-1162914.9184850252,1812942.6597731072,10
-1162451.6057684976,1812942.6597731072,10
-1161988.2930519702,1812942.6597731072,10
-1161524.9803354426,1812942.6597731072,10
-1161061.6676189152,1812942.6597731072,10
-1160598.3549023876,1812942.6597731072,10
-1160135.0421858602,1812942.6597731072,10
-1159671.7294693326,1812942.6597731072,10
-1159208.416752805,1812942.6597731072,10
-1158745.1040362776,1812942.6597731072,10
-1157355.165886695,1812942.6597731072,10
-1156891.8531701677,1812942.6597731072,10
-1324147.7438365952,1812479.3470565798,10
-1323684.4311200676,1812479.3470565798,10
-1323221.11840354,1812479.3470565798,16
-1322757.8056870126,1812479.3470565798,16
-1322294.492970485,1812479.3470565798,16
-1321831.1802539576,1812479.3470565798,16
-1321367.86753743,1812479.3470565798,16
-1320904.5548209026,1812479.3470565798,16
-1320441.242104375,1812479.3470565798,16
-1319977.9293878477,1812479.3470565798,16
-1319514.61667132,1812479.3470565798,16
-1319051.3039547927,1812479.3470565798,16
-1318587.991238265,1812479.3470565798,16
-1318124.6785217377,1812479.3470565798,16
-1317661.36580521,1812479.3470565798,10
-1317198.0530886827,1812479.3470565798,10
-1316734.740372155,1812479.3470565798,10
-1316271.4276556277,1812479.3470565798,10
-1315808.1149391,1812479.3470565798,10
-1315344.8022225727,1812479.3470565798,10
-1314881.4895060451,1812479.3470565798,10
-1314418.1767895175,1812479.3470565798,10
-1313954.8640729901,1812479.3470565798,16
-1313491.5513564625,1812479.3470565798,16
-1313028.2386399352,1812479.3470565798,16
-1312564.9259234075,1812479.3470565798,16
-1312101.6132068802,1812479.3470565798,16
-1311638.3004903526,1812479.3470565798,16
-1311174.9877738252,1812479.3470565798,16
-1310711.6750572976,1812479.3470565798,16
-1310248.3623407702,1812479.3470565798,16
-1309785.0496242426,1812479.3470565798,16
-1309321.7369077152,1812479.3470565798,16
-1308858.4241911876,1812479.3470565798,16
-1308395.1114746602,1812479.3470565798,16
-1307931.7987581326,1812479.3470565798,10
-1307468.486041605,1812479.3470565798,10
-1307005.1733250776,1812479.3470565798,16
-1306541.86060855,1812479.3470565798,10
-1306078.5478920226,1812479.3470565798,10
-1305615.235175495,1812479.3470565798,10
-1305151.9224589677,1812479.3470565798,10
-1304688.60974244,1812479.3470565798,10
-1304225.2970259127,1812479.3470565798,10
-1303761.984309385,1812479.3470565798,10
-1303298.6715928577,1812479.3470565798,10
-1302835.35887633,1812479.3470565798,10
-1302372.0461598027,1812479.3470565798,10
-1301908.733443275,1812479.3470565798,10
-1301445.4207267477,1812479.3470565798,16
-1300982.10801022,1812479.3470565798,16
-1300518.7952936925,1812479.3470565798,16
-1300055.4825771651,1812479.3470565798,16
-1299592.1698606375,1812479.3470565798,10
-1299128.8571441101,1812479.3470565798,10
-1298665.5444275825,1812479.3470565798,10
-1298202.2317110552,1812479.3470565798,16
-1297738.9189945275,1812479.3470565798,16
-1297275.6062780002,1812479.3470565798,16
-1296812.2935614726,1812479.3470565798,16
-1296348.9808449452,1812479.3470565798,16
-1295885.6681284176,1812479.3470565798,16
-1295422.3554118902,1812479.3470565798,16
-1294959.0426953626,1812479.3470565798,16
-1294495.7299788352,1812479.3470565798,16
-1294032.4172623076,1812479.3470565798,16
-1293569.10454578,1812479.3470565798,10
-1293105.7918292526,1812479.3470565798,10
-1292642.479112725,1812479.3470565798,10
-1292179.1663961976,1812479.3470565798,10
-1291715.85367967,1812479.3470565798,10
-1291252.5409631426,1812479.3470565798,16
-1290789.228246615,1812479.3470565798,16
-1290325.9155300877,1812479.3470565798,16
-1289862.60281356,1812479.3470565798,10
-1289399.2900970327,1812479.3470565798,10
-1288935.977380505,1812479.3470565798,10
-1288472.6646639777,1812479.3470565798,16
-1288009.35194745,1812479.3470565798,16
-1287546.0392309227,1812479.3470565798,16
-1287082.726514395,1812479.3470565798,10
-1286619.4137978677,1812479.3470565798,16
-1286156.10108134,1812479.3470565798,16
-1285692.7883648127,1812479.3470565798,10
-1285229.4756482851,1812479.3470565798,10
-1284766.1629317575,1812479.3470565798,10
-1284302.8502152301,1812479.3470565798,10
-1283839.5374987025,1812479.3470565798,10
-1283376.2247821752,1812479.3470565798,10
-1282912.9120656475,1812479.3470565798,10
-1282449.5993491202,1812479.3470565798,10
-1281986.2866325926,1812479.3470565798,10
-1281522.9739160652,1812479.3470565798,10
-1281059.6611995376,1812479.3470565798,10
-1280596.3484830102,1812479.3470565798,10
-1280133.0357664826,1812479.3470565798,10
-1279669.7230499552,1812479.3470565798,10
-1279206.4103334276,1812479.3470565798,7
-1278743.0976169002,1812479.3470565798,10
-1278279.7849003726,1812479.3470565798,10
-1277816.472183845,1812479.3470565798,10
-1277353.1594673176,1812479.3470565798,10
-1276889.84675079,1812479.3470565798,10
-1276426.5340342626,1812479.3470565798,10
-1275963.221317735,1812479.3470565798,10
-1275499.9086012077,1812479.3470565798,10
-1275036.59588468,1812479.3470565798,10
-1274573.2831681527,1812479.3470565798,10
-1274109.970451625,1812479.3470565798,10
-1273646.6577350977,1812479.3470565798,10
-1273183.34501857,1812479.3470565798,10
-1272720.0323020427,1812479.3470565798,10
-1272256.719585515,1812479.3470565798,10
-1271793.4068689877,1812479.3470565798,10
-1271330.09415246,1812479.3470565798,10
-1270866.7814359325,1812479.3470565798,10
-1270403.4687194051,1812479.3470565798,10
-1269940.1560028775,1812479.3470565798,10
-1269476.8432863501,1812479.3470565798,10
-1269013.5305698225,1812479.3470565798,10
-1268550.2178532952,1812479.3470565798,10
-1268086.9051367675,1812479.3470565798,10
-1267623.5924202402,1812479.3470565798,10
-1267160.2797037126,1812479.3470565798,10
-1266696.9669871852,1812479.3470565798,10
-1266233.6542706576,1812479.3470565798,10
-1265770.3415541302,1812479.3470565798,10
-1265307.0288376026,1812479.3470565798,10
-1264843.7161210752,1812479.3470565798,10
-1264380.4034045476,1812479.3470565798,10
-1263917.09068802,1812479.3470565798,10
-1263453.7779714926,1812479.3470565798,10
-1262990.465254965,1812479.3470565798,10
-1262527.1525384376,1812479.3470565798,10
-1262063.83982191,1812479.3470565798,10
-1261600.5271053826,1812479.3470565798,10
-1261137.214388855,1812479.3470565798,10
-1260673.9016723277,1812479.3470565798,10
-1260210.5889558,1812479.3470565798,10
-1259747.2762392727,1812479.3470565798,10
-1259283.963522745,1812479.3470565798,10
-1258820.6508062177,1812479.3470565798,10
-1258357.33808969,1812479.3470565798,10
-1257894.0253731627,1812479.3470565798,10
-1257430.712656635,1812479.3470565798,10
-1256967.3999401077,1812479.3470565798,10
-1256504.08722358,1812479.3470565798,10
-1256040.7745070527,1812479.3470565798,10
-1255577.4617905251,1812479.3470565798,10
-1255114.1490739975,1812479.3470565798,10
-1254650.8363574701,1812479.3470565798,10
-1254187.5236409425,1812479.3470565798,10
-1253724.2109244152,1812479.3470565798,10
-1253260.8982078875,1812479.3470565798,10
-1252797.5854913602,1812479.3470565798,10
-1252334.2727748326,1812479.3470565798,10
-1251870.9600583052,1812479.3470565798,10
-1251407.6473417776,1812479.3470565798,10
-1250944.3346252502,1812479.3470565798,10
-1250481.0219087226,1812479.3470565798,7
-1250017.7091921952,1812479.3470565798,10
-1249554.3964756676,1812479.3470565798,10
-1249091.0837591402,1812479.3470565798,10
-1248627.7710426126,1812479.3470565798,10
-1248164.458326085,1812479.3470565798,10
-1247701.1456095576,1812479.3470565798,10
-1247237.83289303,1812479.3470565798,10
-1246774.5201765026,1812479.3470565798,10
-1246311.207459975,1812479.3470565798,10
-1245847.8947434477,1812479.3470565798,10
-1245384.58202692,1812479.3470565798,10
-1244921.2693103927,1812479.3470565798,10
-1244457.956593865,1812479.3470565798,10
-1243994.6438773377,1812479.3470565798,10
-1243531.33116081,1812479.3470565798,10
-1243068.0184442827,1812479.3470565798,10
-1242604.705727755,1812479.3470565798,10
-1242141.3930112277,1812479.3470565798,10
-1241678.0802947,1812479.3470565798,10
-1241214.7675781725,1812479.3470565798,10
-1240751.4548616451,1812479.3470565798,10
-1240288.1421451175,1812479.3470565798,10
-1239824.8294285901,1812479.3470565798,10
-1239361.5167120625,1812479.3470565798,10
-1238898.2039955352,1812479.3470565798,10
-1238434.8912790075,1812479.3470565798,10
-1237971.5785624802,1812479.3470565798,10
-1237508.2658459526,1812479.3470565798,10
-1237044.9531294252,1812479.3470565798,10
-1236581.6404128976,1812479.3470565798,10
-1236118.3276963702,1812479.3470565798,10
-1235655.0149798426,1812479.3470565798,10
-1235191.7022633152,1812479.3470565798,10
-1234728.3895467876,1812479.3470565798,10
-1234265.07683026,1812479.3470565798,10
-1233801.7641137326,1812479.3470565798,10
-1233338.4513972052,1812479.3470565798,10
-1232875.1386806776,1812479.3470565798,10
-1232411.82596415,1812479.3470565798,10
-1231948.5132476226,1812479.3470565798,10
-1231485.200531095,1812479.3470565798,10
-1231021.8878145677,1812479.3470565798,10
-1230558.57509804,1812479.3470565798,10
-1230095.2623815127,1812479.3470565798,10
-1229631.949664985,1812479.3470565798,10
-1229168.6369484577,1812479.3470565798,10
-1228705.32423193,1812479.3470565798,10
-1228242.0115154027,1812479.3470565798,10
-1227778.698798875,1812479.3470565798,10
-1227315.3860823475,1812479.3470565798,10
-1226852.07336582,1812479.3470565798,10
-1226388.7606492927,1812479.3470565798,10
-1225925.4479327651,1812479.3470565798,10
-1225462.1352162375,1812479.3470565798,10
-1224998.8224997101,1812479.3470565798,10
-1224535.5097831825,1812479.3470565798,10
-1224072.1970666551,1812479.3470565798,10
-1223608.8843501275,1812479.3470565798,10
-1223145.5716336002,1812479.3470565798,10
-1222682.2589170726,1812479.3470565798,10
-1222218.9462005452,1812479.3470565798,10
-1221755.6334840176,1812479.3470565798,10
-1221292.3207674902,1812479.3470565798,10
-1220829.0080509626,1812479.3470565798,10
-1220365.6953344352,1812479.3470565798,10
-1219902.3826179076,1812479.3470565798,10
-1219439.0699013802,1812479.3470565798,10
-1218975.7571848526,1812479.3470565798,10
-1218512.444468325,1812479.3470565798,10
-1218049.1317517976,1812479.3470565798,10
-1217585.81903527,1812479.3470565798,10
-1217122.5063187426,1812479.3470565798,10
-1216659.193602215,1812479.3470565798,10
-1216195.8808856877,1812479.3470565798,10
-1215732.56816916,1812479.3470565798,10
-1215269.2554526327,1812479.3470565798,10
-1214805.942736105,1812479.3470565798,10
-1214342.6300195777,1812479.3470565798,10
-1213879.31730305,1812479.3470565798,10
-1213416.0045865227,1812479.3470565798,10
-1212952.691869995,1812479.3470565798,10
-1212489.3791534677,1812479.3470565798,10
-1212026.06643694,1812479.3470565798,10
-1211562.7537204125,1812479.3470565798,10
-1211099.4410038851,1812479.3470565798,10
-1210636.1282873575,1812479.3470565798,10
-1210172.8155708301,1812479.3470565798,10
-1209709.5028543025,1812479.3470565798,10
-1209246.1901377751,1812479.3470565798,10
-1208782.8774212475,1812479.3470565798,10
-1208319.5647047202,1812479.3470565798,10
-1207856.2519881926,1812479.3470565798,10
-1207392.9392716652,1812479.3470565798,10
-1206929.6265551376,1812479.3470565798,10
-1206466.3138386102,1812479.3470565798,10
-1206003.0011220826,1812479.3470565798,10
-1205539.6884055552,1812479.3470565798,10
-1205076.3756890276,1812479.3470565798,10
-1204613.0629725,1812479.3470565798,10
-1204149.7502559726,1812479.3470565798,10
-1203686.4375394452,1812479.3470565798,10
-1203223.1248229176,1812479.3470565798,10
-1202759.81210639,1812479.3470565798,10
-1202296.4993898626,1812479.3470565798,10
-1201833.186673335,1812479.3470565798,10
-1201369.8739568077,1812479.3470565798,10
-1200906.56124028,1812479.3470565798,10
-1200443.2485237527,1812479.3470565798,10
-1199979.935807225,1812479.3470565798,10
-1199516.6230906977,1812479.3470565798,10
-1199053.31037417,1812479.3470565798,10
-1198589.9976576427,1812479.3470565798,10
-1198126.684941115,1812479.3470565798,10
-1197663.3722245875,1812479.3470565798,10
-1197200.05950806,1812479.3470565798,10
-1196736.7467915327,1812479.3470565798,10
-1196273.4340750051,1812479.3470565798,10
-1195810.1213584775,1812479.3470565798,10
-1195346.8086419501,1812479.3470565798,10
-1194883.4959254225,1812479.3470565798,10
-1194420.1832088951,1812479.3470565798,10
-1193956.8704923675,1812479.3470565798,10
-1193493.5577758402,1812479.3470565798,10
-1193030.2450593126,1812479.3470565798,10
-1192566.9323427852,1812479.3470565798,10
-1192103.6196262576,1812479.3470565798,10
-1191640.3069097302,1812479.3470565798,10
-1191176.9941932026,1812479.3470565798,10
-1190713.6814766752,1812479.3470565798,10
-1190250.3687601476,1812479.3470565798,10
-1189787.0560436202,1812479.3470565798,10
-1189323.7433270926,1812479.3470565798,10
-1188860.430610565,1812479.3470565798,10
-1188397.1178940376,1812479.3470565798,10
-1187933.80517751,1812479.3470565798,10
-1187470.4924609826,1812479.3470565798,10
-1187007.179744455,1812479.3470565798,10
-1186543.8670279277,1812479.3470565798,10
-1186080.5543114,1812479.3470565798,10
-1185617.2415948727,1812479.3470565798,10
-1185153.928878345,1812479.3470565798,10
-1184690.6161618177,1812479.3470565798,10
-1184227.30344529,1812479.3470565798,10
-1183763.9907287627,1812479.3470565798,10
-1183300.678012235,1812479.3470565798,10
-1182837.3652957077,1812479.3470565798,10
-1182374.05257918,1812479.3470565798,10
-1181910.7398626525,1812479.3470565798,10
-1181447.4271461251,1812479.3470565798,10
-1180984.1144295975,1812479.3470565798,10
-1180520.8017130701,1812479.3470565798,10
-1180057.4889965425,1812479.3470565798,10
-1179594.1762800151,1812479.3470565798,10
-1179130.8635634875,1812479.3470565798,10
-1178667.5508469602,1812479.3470565798,10
-1178204.2381304326,1812479.3470565798,10
-1177740.9254139052,1812479.3470565798,10
-1177277.6126973776,1812479.3470565798,10
-1176814.2999808502,1812479.3470565798,10
-1176350.9872643226,1812479.3470565798,10
-1175887.6745477952,1812479.3470565798,10
-1175424.3618312676,1812479.3470565798,10
-1174961.04911474,1812479.3470565798,10
-1174497.7363982126,1812479.3470565798,10
-1174034.4236816852,1812479.3470565798,10
-1173571.1109651576,1812479.3470565798,10
-1173107.79824863,1812479.3470565798,10
-1172644.4855321026,1812479.3470565798,10
-1172181.172815575,1812479.3470565798,10
-1171717.8600990477,1812479.3470565798,10
-1171254.54738252,1812479.3470565798,10
-1170791.2346659927,1812479.3470565798,10
-1170327.921949465,1812479.3470565798,10
-1169864.6092329377,1812479.3470565798,10
-1169401.29651641,1812479.3470565798,10
-1168937.9837998827,1812479.3470565798,10
-1168474.671083355,1812479.3470565798,10
-1168011.3583668275,1812479.3470565798,10
-1167548.0456503,1812479.3470565798,10
-1167084.7329337727,1812479.3470565798,10
-1166621.4202172451,1812479.3470565798,10
-1166158.1075007175,1812479.3470565798,10
-1165694.7947841901,1812479.3470565798,10
-1165231.4820676625,1812479.3470565798,10
-1164768.1693511351,1812479.3470565798,10
-1164304.8566346075,1812479.3470565798,10
-1163841.5439180802,1812479.3470565798,10
-1163378.2312015526,1812479.3470565798,10
-1162914.9184850252,1812479.3470565798,10
-1162451.6057684976,1812479.3470565798,10
-1161988.2930519702,1812479.3470565798,10
-1161524.9803354426,1812479.3470565798,10
-1161061.6676189152,1812479.3470565798,10
-1160598.3549023876,1812479.3470565798,10
-1160135.0421858602,1812479.3470565798,10
-1159671.7294693326,1812479.3470565798,10
-1159208.416752805,1812479.3470565798,10
-1158745.1040362776,1812479.3470565798,10
-1158281.79131975,1812479.3470565798,10
-1157818.4786032226,1812479.3470565798,10
-1157355.165886695,1812479.3470565798,10
-1156891.8531701677,1812479.3470565798,10
-1156428.54045364,1812479.3470565798,10
-1324147.7438365952,1812016.0343400522,10
-1323684.4311200676,1812016.0343400522,16
-1323221.11840354,1812016.0343400522,16
-1322757.8056870126,1812016.0343400522,16
-1322294.492970485,1812016.0343400522,16
-1321831.1802539576,1812016.0343400522,16
-1321367.86753743,1812016.0343400522,16
-1320904.5548209026,1812016.0343400522,16
-1320441.242104375,1812016.0343400522,16
-1319977.9293878477,1812016.0343400522,16
-1319514.61667132,1812016.0343400522,16
-1319051.3039547927,1812016.0343400522,16
-1318587.991238265,1812016.0343400522,16
-1318124.6785217377,1812016.0343400522,16
-1317661.36580521,1812016.0343400522,16
-1317198.0530886827,1812016.0343400522,10
-1316734.740372155,1812016.0343400522,10
-1316271.4276556277,1812016.0343400522,10
-1315808.1149391,1812016.0343400522,10
-1315344.8022225727,1812016.0343400522,10
-1314881.4895060451,1812016.0343400522,16
-1314418.1767895175,1812016.0343400522,16
-1313954.8640729901,1812016.0343400522,16
-1313491.5513564625,1812016.0343400522,16
-1313028.2386399352,1812016.0343400522,16
-1312564.9259234075,1812016.0343400522,16
-1312101.6132068802,1812016.0343400522,16
-1311638.3004903526,1812016.0343400522,16
-1311174.9877738252,1812016.0343400522,16
-1310711.6750572976,1812016.0343400522,16
-1310248.3623407702,1812016.0343400522,16
-1309785.0496242426,1812016.0343400522,16
-1309321.7369077152,1812016.0343400522,16
-1308858.4241911876,1812016.0343400522,16
-1308395.1114746602,1812016.0343400522,10
-1307931.7987581326,1812016.0343400522,10
-1307468.486041605,1812016.0343400522,16
-1307005.1733250776,1812016.0343400522,16
-1306541.86060855,1812016.0343400522,10
-1306078.5478920226,1812016.0343400522,10
-1305615.235175495,1812016.0343400522,10
-1305151.9224589677,1812016.0343400522,10
-1304688.60974244,1812016.0343400522,10
-1304225.2970259127,1812016.0343400522,10
-1303761.984309385,1812016.0343400522,10
-1303298.6715928577,1812016.0343400522,10
-1302835.35887633,1812016.0343400522,10
-1302372.0461598027,1812016.0343400522,10
-1301908.733443275,1812016.0343400522,16
-1301445.4207267477,1812016.0343400522,16
-1300982.10801022,1812016.0343400522,16
-1300518.7952936925,1812016.0343400522,10
-1300055.4825771651,1812016.0343400522,10
-1299592.1698606375,1812016.0343400522,10
-1299128.8571441101,1812016.0343400522,10
-1298665.5444275825,1812016.0343400522,10
-1298202.2317110552,1812016.0343400522,10
-1297738.9189945275,1812016.0343400522,16
-1297275.6062780002,1812016.0343400522,16
-1296812.2935614726,1812016.0343400522,16
-1296348.9808449452,1812016.0343400522,16
-1295885.6681284176,1812016.0343400522,16
-1295422.3554118902,1812016.0343400522,16
-1294959.0426953626,1812016.0343400522,16
-1294495.7299788352,1812016.0343400522,16
-1294032.4172623076,1812016.0343400522,16
-1293569.10454578,1812016.0343400522,16
-1293105.7918292526,1812016.0343400522,10
-1292642.479112725,1812016.0343400522,10
-1292179.1663961976,1812016.0343400522,16
-1291715.85367967,1812016.0343400522,16
-1291252.5409631426,1812016.0343400522,10
-1290789.228246615,1812016.0343400522,16
-1290325.9155300877,1812016.0343400522,16
-1289862.60281356,1812016.0343400522,16
-1289399.2900970327,1812016.0343400522,10
-1288935.977380505,1812016.0343400522,10
-1288472.6646639777,1812016.0343400522,16
-1288009.35194745,1812016.0343400522,16
-1287546.0392309227,1812016.0343400522,10
-1287082.726514395,1812016.0343400522,10
-1286619.4137978677,1812016.0343400522,10
-1286156.10108134,1812016.0343400522,10
-1285692.7883648127,1812016.0343400522,10
-1285229.4756482851,1812016.0343400522,10
-1284766.1629317575,1812016.0343400522,10
-1284302.8502152301,1812016.0343400522,10
-1283839.5374987025,1812016.0343400522,10
-1283376.2247821752,1812016.0343400522,10
-1282912.9120656475,1812016.0343400522,10
-1282449.5993491202,1812016.0343400522,10
-1281986.2866325926,1812016.0343400522,10
-1281522.9739160652,1812016.0343400522,10
-1281059.6611995376,1812016.0343400522,10
-1280596.3484830102,1812016.0343400522,10
-1280133.0357664826,1812016.0343400522,7
-1279669.7230499552,1812016.0343400522,7
-1279206.4103334276,1812016.0343400522,10
-1278743.0976169002,1812016.0343400522,10
-1278279.7849003726,1812016.0343400522,10
-1277816.472183845,1812016.0343400522,10
-1277353.1594673176,1812016.0343400522,10
-1276889.84675079,1812016.0343400522,10
-1276426.5340342626,1812016.0343400522,10
-1275963.221317735,1812016.0343400522,10
-1275499.9086012077,1812016.0343400522,10
-1275036.59588468,1812016.0343400522,10
-1274573.2831681527,1812016.0343400522,10
-1274109.970451625,1812016.0343400522,10
-1273646.6577350977,1812016.0343400522,10
-1273183.34501857,1812016.0343400522,10
-1272720.0323020427,1812016.0343400522,10
-1272256.719585515,1812016.0343400522,10
-1271793.4068689877,1812016.0343400522,10
-1271330.09415246,1812016.0343400522,10
-1270866.7814359325,1812016.0343400522,10
-1270403.4687194051,1812016.0343400522,10
-1269940.1560028775,1812016.0343400522,10
-1269476.8432863501,1812016.0343400522,10
-1269013.5305698225,1812016.0343400522,10
-1268550.2178532952,1812016.0343400522,10
-1268086.9051367675,1812016.0343400522,10
-1267623.5924202402,1812016.0343400522,10
-1267160.2797037126,1812016.0343400522,10
-1266696.9669871852,1812016.0343400522,10
-1266233.6542706576,1812016.0343400522,10
-1265770.3415541302,1812016.0343400522,10
-1265307.0288376026,1812016.0343400522,10
-1264843.7161210752,1812016.0343400522,10
-1264380.4034045476,1812016.0343400522,10
-1263917.09068802,1812016.0343400522,10
-1263453.7779714926,1812016.0343400522,10
-1262990.465254965,1812016.0343400522,10
-1262527.1525384376,1812016.0343400522,10
-1262063.83982191,1812016.0343400522,10
-1261600.5271053826,1812016.0343400522,10
-1261137.214388855,1812016.0343400522,10
-1260673.9016723277,1812016.0343400522,10
-1260210.5889558,1812016.0343400522,10
-1259747.2762392727,1812016.0343400522,10
-1259283.963522745,1812016.0343400522,10
-1258820.6508062177,1812016.0343400522,10
-1258357.33808969,1812016.0343400522,10
-1257894.0253731627,1812016.0343400522,10
-1257430.712656635,1812016.0343400522,10
-1256967.3999401077,1812016.0343400522,10
-1256504.08722358,1812016.0343400522,10
-1256040.7745070527,1812016.0343400522,10
-1255577.4617905251,1812016.0343400522,10
-1255114.1490739975,1812016.0343400522,10
-1254650.8363574701,1812016.0343400522,10
-1254187.5236409425,1812016.0343400522,10
-1253724.2109244152,1812016.0343400522,10
-1253260.8982078875,1812016.0343400522,10
-1252797.5854913602,1812016.0343400522,10
-1252334.2727748326,1812016.0343400522,10
-1251870.9600583052,1812016.0343400522,10
-1251407.6473417776,1812016.0343400522,10
-1250944.3346252502,1812016.0343400522,10
-1250481.0219087226,1812016.0343400522,10
-1250017.7091921952,1812016.0343400522,10
-1249554.3964756676,1812016.0343400522,10
-1249091.0837591402,1812016.0343400522,10
-1248627.7710426126,1812016.0343400522,10
-1248164.458326085,1812016.0343400522,10
-1247701.1456095576,1812016.0343400522,10
-1247237.83289303,1812016.0343400522,10
-1246774.5201765026,1812016.0343400522,10
-1246311.207459975,1812016.0343400522,10
-1245847.8947434477,1812016.0343400522,10
-1245384.58202692,1812016.0343400522,10
-1244921.2693103927,1812016.0343400522,10
-1244457.956593865,1812016.0343400522,10
-1243994.6438773377,1812016.0343400522,10
-1243531.33116081,1812016.0343400522,10
-1243068.0184442827,1812016.0343400522,10
-1242604.705727755,1812016.0343400522,10
-1242141.3930112277,1812016.0343400522,10
-1241678.0802947,1812016.0343400522,10
-1241214.7675781725,1812016.0343400522,10
-1240751.4548616451,1812016.0343400522,10
-1240288.1421451175,1812016.0343400522,10
-1239824.8294285901,1812016.0343400522,10
-1239361.5167120625,1812016.0343400522,10
-1238898.2039955352,1812016.0343400522,10
-1238434.8912790075,1812016.0343400522,10
-1237971.5785624802,1812016.0343400522,10
-1237508.2658459526,1812016.0343400522,10
-1237044.9531294252,1812016.0343400522,10
-1236581.6404128976,1812016.0343400522,10
-1236118.3276963702,1812016.0343400522,10
-1235655.0149798426,1812016.0343400522,10
-1235191.7022633152,1812016.0343400522,10
-1234728.3895467876,1812016.0343400522,10
-1234265.07683026,1812016.0343400522,10
-1233801.7641137326,1812016.0343400522,10
-1233338.4513972052,1812016.0343400522,10
-1232875.1386806776,1812016.0343400522,10
-1232411.82596415,1812016.0343400522,10
-1231948.5132476226,1812016.0343400522,10
-1231485.200531095,1812016.0343400522,10
-1231021.8878145677,1812016.0343400522,10
-1230558.57509804,1812016.0343400522,10
-1230095.2623815127,1812016.0343400522,10
-1229631.949664985,1812016.0343400522,10
-1229168.6369484577,1812016.0343400522,10
-1228705.32423193,1812016.0343400522,10
-1228242.0115154027,1812016.0343400522,10
-1227778.698798875,1812016.0343400522,10
-1227315.3860823475,1812016.0343400522,10
-1226852.07336582,1812016.0343400522,10
-1226388.7606492927,1812016.0343400522,10
-1225925.4479327651,1812016.0343400522,10
-1225462.1352162375,1812016.0343400522,10
-1224998.8224997101,1812016.0343400522,10
-1224535.5097831825,1812016.0343400522,10
-1224072.1970666551,1812016.0343400522,10
-1223608.8843501275,1812016.0343400522,10
-1223145.5716336002,1812016.0343400522,10
-1222682.2589170726,1812016.0343400522,10
-1222218.9462005452,1812016.0343400522,10
-1221755.6334840176,1812016.0343400522,10
-1221292.3207674902,1812016.0343400522,10
-1220829.0080509626,1812016.0343400522,10
-1220365.6953344352,1812016.0343400522,10
-1219902.3826179076,1812016.0343400522,10
-1219439.0699013802,1812016.0343400522,10
-1218975.7571848526,1812016.0343400522,10
-1218512.444468325,1812016.0343400522,10
-1218049.1317517976,1812016.0343400522,10
-1217585.81903527,1812016.0343400522,10
-1217122.5063187426,1812016.0343400522,10
-1216659.193602215,1812016.0343400522,10
-1216195.8808856877,1812016.0343400522,10
-1215732.56816916,1812016.0343400522,10
-1215269.2554526327,1812016.0343400522,10
-1214805.942736105,1812016.0343400522,10
-1214342.6300195777,1812016.0343400522,10
-1213879.31730305,1812016.0343400522,10
-1213416.0045865227,1812016.0343400522,10
-1212952.691869995,1812016.0343400522,10
-1212489.3791534677,1812016.0343400522,10
-1212026.06643694,1812016.0343400522,10
-1211562.7537204125,1812016.0343400522,10
-1211099.4410038851,1812016.0343400522,10
-1210636.1282873575,1812016.0343400522,10
-1210172.8155708301,1812016.0343400522,10
-1209709.5028543025,1812016.0343400522,10
-1209246.1901377751,1812016.0343400522,10
-1208782.8774212475,1812016.0343400522,10
-1208319.5647047202,1812016.0343400522,10
-1207856.2519881926,1812016.0343400522,10
-1207392.9392716652,1812016.0343400522,10
-1206929.6265551376,1812016.0343400522,10
-1206466.3138386102,1812016.0343400522,10
-1206003.0011220826,1812016.0343400522,10
-1205539.6884055552,1812016.0343400522,10
-1205076.3756890276,1812016.0343400522,10
-1204613.0629725,1812016.0343400522,10
-1204149.7502559726,1812016.0343400522,10
-1203686.4375394452,1812016.0343400522,10
-1203223.1248229176,1812016.0343400522,10
-1202759.81210639,1812016.0343400522,10
-1202296.4993898626,1812016.0343400522,10
-1201833.186673335,1812016.0343400522,10
-1201369.8739568077,1812016.0343400522,10
-1200906.56124028,1812016.0343400522,10
-1200443.2485237527,1812016.0343400522,10
-1199979.935807225,1812016.0343400522,10
-1199516.6230906977,1812016.0343400522,10
-1199053.31037417,1812016.0343400522,10
-1198589.9976576427,1812016.0343400522,10
-1198126.684941115,1812016.0343400522,10
-1197663.3722245875,1812016.0343400522,10
-1197200.05950806,1812016.0343400522,10
-1196736.7467915327,1812016.0343400522,10
-1196273.4340750051,1812016.0343400522,10
-1195810.1213584775,1812016.0343400522,10
-1195346.8086419501,1812016.0343400522,10
-1194883.4959254225,1812016.0343400522,10
-1194420.1832088951,1812016.0343400522,10
-1193956.8704923675,1812016.0343400522,10
-1193493.5577758402,1812016.0343400522,10
-1193030.2450593126,1812016.0343400522,10
-1192566.9323427852,1812016.0343400522,10
-1192103.6196262576,1812016.0343400522,10
-1191640.3069097302,1812016.0343400522,10
-1191176.9941932026,1812016.0343400522,10
-1190713.6814766752,1812016.0343400522,10
-1190250.3687601476,1812016.0343400522,10
-1189787.0560436202,1812016.0343400522,10
-1189323.7433270926,1812016.0343400522,10
-1188860.430610565,1812016.0343400522,10
-1188397.1178940376,1812016.0343400522,10
-1187933.80517751,1812016.0343400522,10
-1187470.4924609826,1812016.0343400522,10
-1187007.179744455,1812016.0343400522,10
-1186543.8670279277,1812016.0343400522,10
-1186080.5543114,1812016.0343400522,10
-1185617.2415948727,1812016.0343400522,10
-1185153.928878345,1812016.0343400522,10
-1184690.6161618177,1812016.0343400522,10
-1184227.30344529,1812016.0343400522,10
-1183763.9907287627,1812016.0343400522,10
-1183300.678012235,1812016.0343400522,10
-1182837.3652957077,1812016.0343400522,10
-1182374.05257918,1812016.0343400522,10
-1181910.7398626525,1812016.0343400522,10
-1181447.4271461251,1812016.0343400522,10
-1180984.1144295975,1812016.0343400522,10
-1180520.8017130701,1812016.0343400522,10
-1180057.4889965425,1812016.0343400522,10
-1179594.1762800151,1812016.0343400522,10
-1179130.8635634875,1812016.0343400522,10
-1178667.5508469602,1812016.0343400522,10
-1178204.2381304326,1812016.0343400522,10
-1177740.9254139052,1812016.0343400522,10
-1177277.6126973776,1812016.0343400522,10
-1176814.2999808502,1812016.0343400522,10
-1176350.9872643226,1812016.0343400522,10
-1175887.6745477952,1812016.0343400522,10
-1175424.3618312676,1812016.0343400522,10
-1174961.04911474,1812016.0343400522,10
-1174497.7363982126,1812016.0343400522,10
-1174034.4236816852,1812016.0343400522,10
-1173571.1109651576,1812016.0343400522,10
-1173107.79824863,1812016.0343400522,10
-1172644.4855321026,1812016.0343400522,10
-1172181.172815575,1812016.0343400522,10
-1171717.8600990477,1812016.0343400522,10
-1171254.54738252,1812016.0343400522,10
-1170791.2346659927,1812016.0343400522,10
-1170327.921949465,1812016.0343400522,10
-1169864.6092329377,1812016.0343400522,10
-1169401.29651641,1812016.0343400522,10
-1168937.9837998827,1812016.0343400522,10
-1168474.671083355,1812016.0343400522,10
-1168011.3583668275,1812016.0343400522,10
-1167548.0456503,1812016.0343400522,10
-1167084.7329337727,1812016.0343400522,10
-1166621.4202172451,1812016.0343400522,10
-1166158.1075007175,1812016.0343400522,10
-1165694.7947841901,1812016.0343400522,10
-1165231.4820676625,1812016.0343400522,10
-1164768.1693511351,1812016.0343400522,10
-1164304.8566346075,1812016.0343400522,10
-1163841.5439180802,1812016.0343400522,10
-1163378.2312015526,1812016.0343400522,10
-1162914.9184850252,1812016.0343400522,10
-1162451.6057684976,1812016.0343400522,10
-1161988.2930519702,1812016.0343400522,10
-1161524.9803354426,1812016.0343400522,10
-1161061.6676189152,1812016.0343400522,10
-1160598.3549023876,1812016.0343400522,10
-1160135.0421858602,1812016.0343400522,10
-1159671.7294693326,1812016.0343400522,10
-1159208.416752805,1812016.0343400522,10
-1158745.1040362776,1812016.0343400522,10
-1158281.79131975,1812016.0343400522,10
-1157818.4786032226,1812016.0343400522,10
-1157355.165886695,1812016.0343400522,10
-1156891.8531701677,1812016.0343400522,10
-1156428.54045364,1812016.0343400522,10
-1324611.0565531226,1811552.7216235248,10
-1324147.7438365952,1811552.7216235248,16
-1323684.4311200676,1811552.7216235248,16
-1323221.11840354,1811552.7216235248,16
-1322757.8056870126,1811552.7216235248,16
-1322294.492970485,1811552.7216235248,16
-1321831.1802539576,1811552.7216235248,16
-1321367.86753743,1811552.7216235248,16
-1320904.5548209026,1811552.7216235248,16
-1320441.242104375,1811552.7216235248,16
-1319977.9293878477,1811552.7216235248,16
-1319514.61667132,1811552.7216235248,16
-1319051.3039547927,1811552.7216235248,16
-1318587.991238265,1811552.7216235248,16
-1318124.6785217377,1811552.7216235248,16
-1317661.36580521,1811552.7216235248,16
-1317198.0530886827,1811552.7216235248,10
-1316734.740372155,1811552.7216235248,10
-1316271.4276556277,1811552.7216235248,10
-1315808.1149391,1811552.7216235248,10
-1315344.8022225727,1811552.7216235248,10
-1314881.4895060451,1811552.7216235248,16
-1314418.1767895175,1811552.7216235248,16
-1313954.8640729901,1811552.7216235248,16
-1313491.5513564625,1811552.7216235248,16
-1313028.2386399352,1811552.7216235248,16
-1312564.9259234075,1811552.7216235248,16
-1312101.6132068802,1811552.7216235248,16
-1311638.3004903526,1811552.7216235248,16
-1311174.9877738252,1811552.7216235248,16
-1310711.6750572976,1811552.7216235248,16
-1310248.3623407702,1811552.7216235248,16
-1309785.0496242426,1811552.7216235248,16
-1309321.7369077152,1811552.7216235248,16
-1308858.4241911876,1811552.7216235248,16
-1308395.1114746602,1811552.7216235248,10
-1307931.7987581326,1811552.7216235248,10
-1307468.486041605,1811552.7216235248,10
-1307005.1733250776,1811552.7216235248,16
-1306541.86060855,1811552.7216235248,10
-1306078.5478920226,1811552.7216235248,10
-1305615.235175495,1811552.7216235248,10
-1305151.9224589677,1811552.7216235248,10
-1304688.60974244,1811552.7216235248,10
-1304225.2970259127,1811552.7216235248,10
-1303761.984309385,1811552.7216235248,10
-1303298.6715928577,1811552.7216235248,10
-1302835.35887633,1811552.7216235248,10
-1302372.0461598027,1811552.7216235248,16
-1301908.733443275,1811552.7216235248,16
-1301445.4207267477,1811552.7216235248,16
-1300982.10801022,1811552.7216235248,10
-1300518.7952936925,1811552.7216235248,10
-1300055.4825771651,1811552.7216235248,10
-1299592.1698606375,1811552.7216235248,10
-1299128.8571441101,1811552.7216235248,16
-1298665.5444275825,1811552.7216235248,10
-1298202.2317110552,1811552.7216235248,10
-1297738.9189945275,1811552.7216235248,10
-1297275.6062780002,1811552.7216235248,10
-1296812.2935614726,1811552.7216235248,16
-1296348.9808449452,1811552.7216235248,16
-1295885.6681284176,1811552.7216235248,16
-1295422.3554118902,1811552.7216235248,16
-1294959.0426953626,1811552.7216235248,16
-1294495.7299788352,1811552.7216235248,16
-1294032.4172623076,1811552.7216235248,16
-1293569.10454578,1811552.7216235248,16
-1293105.7918292526,1811552.7216235248,10
-1292642.479112725,1811552.7216235248,10
-1292179.1663961976,1811552.7216235248,10
-1291715.85367967,1811552.7216235248,16
-1291252.5409631426,1811552.7216235248,16
-1290789.228246615,1811552.7216235248,16
-1290325.9155300877,1811552.7216235248,16
-1289862.60281356,1811552.7216235248,16
-1289399.2900970327,1811552.7216235248,10
-1288935.977380505,1811552.7216235248,10
-1288472.6646639777,1811552.7216235248,16
-1288009.35194745,1811552.7216235248,16
-1287546.0392309227,1811552.7216235248,10
-1287082.726514395,1811552.7216235248,10
-1286619.4137978677,1811552.7216235248,10
-1286156.10108134,1811552.7216235248,10
-1285692.7883648127,1811552.7216235248,10
-1285229.4756482851,1811552.7216235248,10
-1284766.1629317575,1811552.7216235248,10
-1284302.8502152301,1811552.7216235248,10
-1283839.5374987025,1811552.7216235248,10
-1283376.2247821752,1811552.7216235248,10
-1282912.9120656475,1811552.7216235248,10
-1282449.5993491202,1811552.7216235248,10
-1281986.2866325926,1811552.7216235248,10
-1281522.9739160652,1811552.7216235248,10
-1281059.6611995376,1811552.7216235248,10
-1280596.3484830102,1811552.7216235248,10
-1280133.0357664826,1811552.7216235248,10
-1279669.7230499552,1811552.7216235248,10
-1279206.4103334276,1811552.7216235248,10
-1278743.0976169002,1811552.7216235248,10
-1278279.7849003726,1811552.7216235248,10
-1277816.472183845,1811552.7216235248,10
-1277353.1594673176,1811552.7216235248,10
-1276889.84675079,1811552.7216235248,10
-1276426.5340342626,1811552.7216235248,10
-1275963.221317735,1811552.7216235248,10
-1275499.9086012077,1811552.7216235248,10
-1275036.59588468,1811552.7216235248,10
-1274573.2831681527,1811552.7216235248,10
-1274109.970451625,1811552.7216235248,10
-1273646.6577350977,1811552.7216235248,10
-1273183.34501857,1811552.7216235248,10
-1272720.0323020427,1811552.7216235248,10
-1272256.719585515,1811552.7216235248,10
-1271793.4068689877,1811552.7216235248,10
-1271330.09415246,1811552.7216235248,10
-1270866.7814359325,1811552.7216235248,10
-1270403.4687194051,1811552.7216235248,10
-1269940.1560028775,1811552.7216235248,10
-1269476.8432863501,1811552.7216235248,10
-1269013.5305698225,1811552.7216235248,10
-1268550.2178532952,1811552.7216235248,10
-1268086.9051367675,1811552.7216235248,10
-1267623.5924202402,1811552.7216235248,10
-1267160.2797037126,1811552.7216235248,10
-1266696.9669871852,1811552.7216235248,10
-1266233.6542706576,1811552.7216235248,10
-1265770.3415541302,1811552.7216235248,10
-1265307.0288376026,1811552.7216235248,10
-1264843.7161210752,1811552.7216235248,10
-1264380.4034045476,1811552.7216235248,10
-1263917.09068802,1811552.7216235248,10
-1263453.7779714926,1811552.7216235248,10
-1262990.465254965,1811552.7216235248,10
-1262527.1525384376,1811552.7216235248,10
-1262063.83982191,1811552.7216235248,10
-1261600.5271053826,1811552.7216235248,10
-1261137.214388855,1811552.7216235248,10
-1260673.9016723277,1811552.7216235248,10
-1260210.5889558,1811552.7216235248,10
-1259747.2762392727,1811552.7216235248,10
-1259283.963522745,1811552.7216235248,10
-1258820.6508062177,1811552.7216235248,10
-1258357.33808969,1811552.7216235248,10
-1257894.0253731627,1811552.7216235248,10
-1257430.712656635,1811552.7216235248,10
-1256967.3999401077,1811552.7216235248,10
-1256504.08722358,1811552.7216235248,10
-1256040.7745070527,1811552.7216235248,10
-1255577.4617905251,1811552.7216235248,10
-1255114.1490739975,1811552.7216235248,10
-1254650.8363574701,1811552.7216235248,10
-1254187.5236409425,1811552.7216235248,10
-1253724.2109244152,1811552.7216235248,10
-1253260.8982078875,1811552.7216235248,10
-1252797.5854913602,1811552.7216235248,10
-1252334.2727748326,1811552.7216235248,10
-1251870.9600583052,1811552.7216235248,10
-1251407.6473417776,1811552.7216235248,10
-1250944.3346252502,1811552.7216235248,10
-1250481.0219087226,1811552.7216235248,10
-1250017.7091921952,1811552.7216235248,10
-1249554.3964756676,1811552.7216235248,10
-1249091.0837591402,1811552.7216235248,10
-1248627.7710426126,1811552.7216235248,10
-1248164.458326085,1811552.7216235248,10
-1247701.1456095576,1811552.7216235248,10
-1247237.83289303,1811552.7216235248,10
-1246774.5201765026,1811552.7216235248,10
-1246311.207459975,1811552.7216235248,10
-1245847.8947434477,1811552.7216235248,10
-1245384.58202692,1811552.7216235248,10
-1244921.2693103927,1811552.7216235248,10
-1244457.956593865,1811552.7216235248,10
-1243994.6438773377,1811552.7216235248,10
-1243531.33116081,1811552.7216235248,10
-1243068.0184442827,1811552.7216235248,10
-1242604.705727755,1811552.7216235248,10
-1242141.3930112277,1811552.7216235248,10
-1241678.0802947,1811552.7216235248,10
-1241214.7675781725,1811552.7216235248,10
-1240751.4548616451,1811552.7216235248,10
-1240288.1421451175,1811552.7216235248,10
-1239824.8294285901,1811552.7216235248,10
-1239361.5167120625,1811552.7216235248,10
-1238898.2039955352,1811552.7216235248,10
-1238434.8912790075,1811552.7216235248,10
-1237971.5785624802,1811552.7216235248,10
-1237508.2658459526,1811552.7216235248,10
-1237044.9531294252,1811552.7216235248,10
-1236581.6404128976,1811552.7216235248,10
-1236118.3276963702,1811552.7216235248,10
-1235655.0149798426,1811552.7216235248,10
-1235191.7022633152,1811552.7216235248,10
-1234728.3895467876,1811552.7216235248,10
-1234265.07683026,1811552.7216235248,10
-1233801.7641137326,1811552.7216235248,10
-1233338.4513972052,1811552.7216235248,10
-1232875.1386806776,1811552.7216235248,10
-1232411.82596415,1811552.7216235248,10
-1231948.5132476226,1811552.7216235248,10
-1231485.200531095,1811552.7216235248,10
-1231021.8878145677,1811552.7216235248,10
-1230558.57509804,1811552.7216235248,10
-1230095.2623815127,1811552.7216235248,10
-1229631.949664985,1811552.7216235248,10
-1229168.6369484577,1811552.7216235248,10
-1228705.32423193,1811552.7216235248,10
-1228242.0115154027,1811552.7216235248,10
-1227778.698798875,1811552.7216235248,10
-1227315.3860823475,1811552.7216235248,10
-1226852.07336582,1811552.7216235248,10
-1226388.7606492927,1811552.7216235248,10
-1225925.4479327651,1811552.7216235248,10
-1225462.1352162375,1811552.7216235248,10
-1224998.8224997101,1811552.7216235248,10
-1224535.5097831825,1811552.7216235248,10
-1224072.1970666551,1811552.7216235248,10
-1223608.8843501275,1811552.7216235248,10
-1223145.5716336002,1811552.7216235248,10
-1222682.2589170726,1811552.7216235248,10
-1222218.9462005452,1811552.7216235248,10
-1221755.6334840176,1811552.7216235248,10
-1221292.3207674902,1811552.7216235248,10
-1220829.0080509626,1811552.7216235248,10
-1220365.6953344352,1811552.7216235248,10
-1219902.3826179076,1811552.7216235248,10
-1219439.0699013802,1811552.7216235248,10
-1218975.7571848526,1811552.7216235248,10
-1218512.444468325,1811552.7216235248,10
-1218049.1317517976,1811552.7216235248,10
-1217585.81903527,1811552.7216235248,10
-1217122.5063187426,1811552.7216235248,10
-1216659.193602215,1811552.7216235248,10
-1216195.8808856877,1811552.7216235248,10
-1215732.56816916,1811552.7216235248,10
-1215269.2554526327,1811552.7216235248,10
-1214805.942736105,1811552.7216235248,10
-1214342.6300195777,1811552.7216235248,10
-1213879.31730305,1811552.7216235248,10
-1213416.0045865227,1811552.7216235248,10
-1212952.691869995,1811552.7216235248,10
-1212489.3791534677,1811552.7216235248,10
-1212026.06643694,1811552.7216235248,10
-1211562.7537204125,1811552.7216235248,10
-1211099.4410038851,1811552.7216235248,10
-1210636.1282873575,1811552.7216235248,10
-1210172.8155708301,1811552.7216235248,10
-1209709.5028543025,1811552.7216235248,10
-1209246.1901377751,1811552.7216235248,10
-1208782.8774212475,1811552.7216235248,10
-1208319.5647047202,1811552.7216235248,10
-1207856.2519881926,1811552.7216235248,10
-1207392.9392716652,1811552.7216235248,10
-1206929.6265551376,1811552.7216235248,10
-1206466.3138386102,1811552.7216235248,10
-1206003.0011220826,1811552.7216235248,10
-1205539.6884055552,1811552.7216235248,10
-1205076.3756890276,1811552.7216235248,10
-1204613.0629725,1811552.7216235248,10
-1204149.7502559726,1811552.7216235248,10
-1203686.4375394452,1811552.7216235248,10
-1203223.1248229176,1811552.7216235248,10
-1202759.81210639,1811552.7216235248,10
-1202296.4993898626,1811552.7216235248,10
-1201833.186673335,1811552.7216235248,10
-1201369.8739568077,1811552.7216235248,10
-1200906.56124028,1811552.7216235248,10
-1200443.2485237527,1811552.7216235248,10
-1199979.935807225,1811552.7216235248,10
-1199516.6230906977,1811552.7216235248,10
-1199053.31037417,1811552.7216235248,10
-1198589.9976576427,1811552.7216235248,10
-1198126.684941115,1811552.7216235248,10
-1197663.3722245875,1811552.7216235248,10
-1197200.05950806,1811552.7216235248,10
-1196736.7467915327,1811552.7216235248,10
-1196273.4340750051,1811552.7216235248,10
-1195810.1213584775,1811552.7216235248,10
-1195346.8086419501,1811552.7216235248,10
-1194883.4959254225,1811552.7216235248,10
-1194420.1832088951,1811552.7216235248,10
-1193956.8704923675,1811552.7216235248,10
-1193493.5577758402,1811552.7216235248,10
-1193030.2450593126,1811552.7216235248,10
-1192566.9323427852,1811552.7216235248,10
-1192103.6196262576,1811552.7216235248,10
-1191640.3069097302,1811552.7216235248,10
-1191176.9941932026,1811552.7216235248,10
-1190713.6814766752,1811552.7216235248,10
-1190250.3687601476,1811552.7216235248,10
-1189787.0560436202,1811552.7216235248,10
-1189323.7433270926,1811552.7216235248,10
-1188860.430610565,1811552.7216235248,10
-1188397.1178940376,1811552.7216235248,10
-1187933.80517751,1811552.7216235248,10
-1187470.4924609826,1811552.7216235248,10
-1187007.179744455,1811552.7216235248,10
-1186543.8670279277,1811552.7216235248,10
-1186080.5543114,1811552.7216235248,10
-1185617.2415948727,1811552.7216235248,10
-1185153.928878345,1811552.7216235248,10
-1184690.6161618177,1811552.7216235248,10
-1184227.30344529,1811552.7216235248,10
-1183763.9907287627,1811552.7216235248,10
-1183300.678012235,1811552.7216235248,10
-1182837.3652957077,1811552.7216235248,10
-1182374.05257918,1811552.7216235248,10
-1181910.7398626525,1811552.7216235248,10
-1181447.4271461251,1811552.7216235248,10
-1180984.1144295975,1811552.7216235248,10
-1180520.8017130701,1811552.7216235248,10
-1180057.4889965425,1811552.7216235248,10
-1179594.1762800151,1811552.7216235248,10
-1179130.8635634875,1811552.7216235248,10
-1178667.5508469602,1811552.7216235248,10
-1178204.2381304326,1811552.7216235248,10
-1177740.9254139052,1811552.7216235248,10
-1177277.6126973776,1811552.7216235248,10
-1176814.2999808502,1811552.7216235248,10
-1176350.9872643226,1811552.7216235248,10
-1175887.6745477952,1811552.7216235248,10
-1175424.3618312676,1811552.7216235248,10
-1174961.04911474,1811552.7216235248,10
-1174497.7363982126,1811552.7216235248,10
-1174034.4236816852,1811552.7216235248,10
-1173571.1109651576,1811552.7216235248,10
-1173107.79824863,1811552.7216235248,10
-1172644.4855321026,1811552.7216235248,10
-1172181.172815575,1811552.7216235248,10
-1171717.8600990477,1811552.7216235248,10
-1171254.54738252,1811552.7216235248,10
-1170791.2346659927,1811552.7216235248,10
-1170327.921949465,1811552.7216235248,10
-1169864.6092329377,1811552.7216235248,10
-1169401.29651641,1811552.7216235248,10
-1168937.9837998827,1811552.7216235248,10
-1168474.671083355,1811552.7216235248,10
-1168011.3583668275,1811552.7216235248,10
-1167548.0456503,1811552.7216235248,10
-1167084.7329337727,1811552.7216235248,10
-1166621.4202172451,1811552.7216235248,10
-1166158.1075007175,1811552.7216235248,10
-1165694.7947841901,1811552.7216235248,10
-1165231.4820676625,1811552.7216235248,10
-1164768.1693511351,1811552.7216235248,10
-1164304.8566346075,1811552.7216235248,10
-1163841.5439180802,1811552.7216235248,10
-1163378.2312015526,1811552.7216235248,10
-1162914.9184850252,1811552.7216235248,10
-1162451.6057684976,1811552.7216235248,10
-1161988.2930519702,1811552.7216235248,10
-1161524.9803354426,1811552.7216235248,10
-1161061.6676189152,1811552.7216235248,10
-1160598.3549023876,1811552.7216235248,10
-1160135.0421858602,1811552.7216235248,10
-1159671.7294693326,1811552.7216235248,10
-1159208.416752805,1811552.7216235248,10
-1158745.1040362776,1811552.7216235248,10
-1158281.79131975,1811552.7216235248,10
-1157818.4786032226,1811552.7216235248,10
-1157355.165886695,1811552.7216235248,10
-1156891.8531701677,1811552.7216235248,10
-1156428.54045364,1811552.7216235248,10
-1324611.0565531226,1811089.4089069972,10
-1324147.7438365952,1811089.4089069972,10
-1323684.4311200676,1811089.4089069972,16
-1323221.11840354,1811089.4089069972,16
-1322757.8056870126,1811089.4089069972,16
-1322294.492970485,1811089.4089069972,16
-1321831.1802539576,1811089.4089069972,16
-1321367.86753743,1811089.4089069972,16
-1320904.5548209026,1811089.4089069972,16
-1320441.242104375,1811089.4089069972,16
-1319977.9293878477,1811089.4089069972,16
-1319514.61667132,1811089.4089069972,16
-1319051.3039547927,1811089.4089069972,16
-1318587.991238265,1811089.4089069972,16
-1318124.6785217377,1811089.4089069972,10
-1317661.36580521,1811089.4089069972,10
-1317198.0530886827,1811089.4089069972,10
-1316734.740372155,1811089.4089069972,10
-1316271.4276556277,1811089.4089069972,10
-1315808.1149391,1811089.4089069972,10
-1315344.8022225727,1811089.4089069972,10
-1314881.4895060451,1811089.4089069972,16
-1314418.1767895175,1811089.4089069972,16
-1313954.8640729901,1811089.4089069972,16
-1313491.5513564625,1811089.4089069972,16
-1313028.2386399352,1811089.4089069972,16
-1312564.9259234075,1811089.4089069972,16
-1312101.6132068802,1811089.4089069972,16
-1311638.3004903526,1811089.4089069972,16
-1311174.9877738252,1811089.4089069972,16
-1310711.6750572976,1811089.4089069972,16
-1310248.3623407702,1811089.4089069972,16
-1309785.0496242426,1811089.4089069972,16
-1309321.7369077152,1811089.4089069972,16
-1308858.4241911876,1811089.4089069972,16
-1308395.1114746602,1811089.4089069972,10
-1307931.7987581326,1811089.4089069972,10
-1307468.486041605,1811089.4089069972,10
-1307005.1733250776,1811089.4089069972,16
-1306541.86060855,1811089.4089069972,10
-1306078.5478920226,1811089.4089069972,10
-1305615.235175495,1811089.4089069972,10
-1305151.9224589677,1811089.4089069972,10
-1304688.60974244,1811089.4089069972,10
-1304225.2970259127,1811089.4089069972,10
-1303761.984309385,1811089.4089069972,10
-1303298.6715928577,1811089.4089069972,10
-1302835.35887633,1811089.4089069972,10
-1302372.0461598027,1811089.4089069972,16
-1301908.733443275,1811089.4089069972,16
-1301445.4207267477,1811089.4089069972,16
-1300982.10801022,1811089.4089069972,10
-1300518.7952936925,1811089.4089069972,10
-1300055.4825771651,1811089.4089069972,10
-1299592.1698606375,1811089.4089069972,16
-1299128.8571441101,1811089.4089069972,16
-1298665.5444275825,1811089.4089069972,10
-1298202.2317110552,1811089.4089069972,10
-1297738.9189945275,1811089.4089069972,10
-1297275.6062780002,1811089.4089069972,10
-1296812.2935614726,1811089.4089069972,10
-1296348.9808449452,1811089.4089069972,16
-1295885.6681284176,1811089.4089069972,16
-1295422.3554118902,1811089.4089069972,16
-1294959.0426953626,1811089.4089069972,16
-1294495.7299788352,1811089.4089069972,16
-1294032.4172623076,1811089.4089069972,16
-1293569.10454578,1811089.4089069972,16
-1293105.7918292526,1811089.4089069972,16
-1292642.479112725,1811089.4089069972,10
-1292179.1663961976,1811089.4089069972,10
-1291715.85367967,1811089.4089069972,16
-1291252.5409631426,1811089.4089069972,16
-1290789.228246615,1811089.4089069972,16
-1290325.9155300877,1811089.4089069972,16
-1289862.60281356,1811089.4089069972,16
-1289399.2900970327,1811089.4089069972,16
-1288935.977380505,1811089.4089069972,10
-1288472.6646639777,1811089.4089069972,10
-1288009.35194745,1811089.4089069972,10
-1287546.0392309227,1811089.4089069972,10
-1287082.726514395,1811089.4089069972,10
-1286619.4137978677,1811089.4089069972,10
-1286156.10108134,1811089.4089069972,10
-1285692.7883648127,1811089.4089069972,10
-1285229.4756482851,1811089.4089069972,10
-1284766.1629317575,1811089.4089069972,10
-1284302.8502152301,1811089.4089069972,10
-1283839.5374987025,1811089.4089069972,10
-1283376.2247821752,1811089.4089069972,10
-1282912.9120656475,1811089.4089069972,10
-1282449.5993491202,1811089.4089069972,10
-1281986.2866325926,1811089.4089069972,10
-1281522.9739160652,1811089.4089069972,10
-1281059.6611995376,1811089.4089069972,10
-1280596.3484830102,1811089.4089069972,10
-1280133.0357664826,1811089.4089069972,10
-1279669.7230499552,1811089.4089069972,10
-1279206.4103334276,1811089.4089069972,10
-1278743.0976169002,1811089.4089069972,10
-1278279.7849003726,1811089.4089069972,10
-1277816.472183845,1811089.4089069972,10
-1277353.1594673176,1811089.4089069972,10
-1276889.84675079,1811089.4089069972,10
-1276426.5340342626,1811089.4089069972,10
-1275963.221317735,1811089.4089069972,10
-1275499.9086012077,1811089.4089069972,10
-1275036.59588468,1811089.4089069972,10
-1274573.2831681527,1811089.4089069972,10
-1274109.970451625,1811089.4089069972,10
-1273646.6577350977,1811089.4089069972,10
-1273183.34501857,1811089.4089069972,10
-1272720.0323020427,1811089.4089069972,10
-1272256.719585515,1811089.4089069972,10
-1271793.4068689877,1811089.4089069972,10
-1271330.09415246,1811089.4089069972,10
-1270866.7814359325,1811089.4089069972,10
-1270403.4687194051,1811089.4089069972,10
-1269940.1560028775,1811089.4089069972,10
-1269476.8432863501,1811089.4089069972,10
-1269013.5305698225,1811089.4089069972,10
-1268550.2178532952,1811089.4089069972,10
-1268086.9051367675,1811089.4089069972,10
-1267623.5924202402,1811089.4089069972,10
-1267160.2797037126,1811089.4089069972,10
-1266696.9669871852,1811089.4089069972,10
-1266233.6542706576,1811089.4089069972,10
-1265770.3415541302,1811089.4089069972,10
-1265307.0288376026,1811089.4089069972,10
-1264843.7161210752,1811089.4089069972,10
-1264380.4034045476,1811089.4089069972,10
-1263917.09068802,1811089.4089069972,10
-1263453.7779714926,1811089.4089069972,10
-1262990.465254965,1811089.4089069972,10
-1262527.1525384376,1811089.4089069972,10
-1262063.83982191,1811089.4089069972,10
-1261600.5271053826,1811089.4089069972,10
-1261137.214388855,1811089.4089069972,10
-1260673.9016723277,1811089.4089069972,10
-1260210.5889558,1811089.4089069972,10
-1259747.2762392727,1811089.4089069972,10
-1259283.963522745,1811089.4089069972,10
-1258820.6508062177,1811089.4089069972,10
-1258357.33808969,1811089.4089069972,10
-1257894.0253731627,1811089.4089069972,10
-1257430.712656635,1811089.4089069972,10
-1256967.3999401077,1811089.4089069972,10
-1256504.08722358,1811089.4089069972,10
-1256040.7745070527,1811089.4089069972,10
-1255577.4617905251,1811089.4089069972,10
-1255114.1490739975,1811089.4089069972,10
-1254650.8363574701,1811089.4089069972,10
-1254187.5236409425,1811089.4089069972,10
-1253724.2109244152,1811089.4089069972,10
-1253260.8982078875,1811089.4089069972,10
-1252797.5854913602,1811089.4089069972,10
-1252334.2727748326,1811089.4089069972,10
-1251870.9600583052,1811089.4089069972,10
-1251407.6473417776,1811089.4089069972,10
-1250944.3346252502,1811089.4089069972,10
-1250481.0219087226,1811089.4089069972,7
-1250017.7091921952,1811089.4089069972,10
-1249554.3964756676,1811089.4089069972,10
-1249091.0837591402,1811089.4089069972,10
-1248627.7710426126,1811089.4089069972,10
-1248164.458326085,1811089.4089069972,10
-1247701.1456095576,1811089.4089069972,10
-1247237.83289303,1811089.4089069972,10
-1246774.5201765026,1811089.4089069972,10
-1246311.207459975,1811089.4089069972,10
-1245847.8947434477,1811089.4089069972,10
-1245384.58202692,1811089.4089069972,10
-1244921.2693103927,1811089.4089069972,10
-1244457.956593865,1811089.4089069972,10
-1243994.6438773377,1811089.4089069972,10
-1243531.33116081,1811089.4089069972,10
-1243068.0184442827,1811089.4089069972,10
-1242604.705727755,1811089.4089069972,10
-1242141.3930112277,1811089.4089069972,10
-1241678.0802947,1811089.4089069972,10
-1241214.7675781725,1811089.4089069972,10
-1240751.4548616451,1811089.4089069972,10
-1240288.1421451175,1811089.4089069972,10
-1239824.8294285901,1811089.4089069972,10
-1239361.5167120625,1811089.4089069972,10
-1238898.2039955352,1811089.4089069972,10
-1238434.8912790075,1811089.4089069972,10
-1237971.5785624802,1811089.4089069972,10
-1237508.2658459526,1811089.4089069972,10
-1237044.9531294252,1811089.4089069972,10
-1236581.6404128976,1811089.4089069972,10
-1236118.3276963702,1811089.4089069972,10
-1235655.0149798426,1811089.4089069972,10
-1235191.7022633152,1811089.4089069972,10
-1234728.3895467876,1811089.4089069972,10
-1234265.07683026,1811089.4089069972,10
-1233801.7641137326,1811089.4089069972,10
-1233338.4513972052,1811089.4089069972,10
-1232875.1386806776,1811089.4089069972,10
-1232411.82596415,1811089.4089069972,10
-1231948.5132476226,1811089.4089069972,10
-1231485.200531095,1811089.4089069972,10
-1231021.8878145677,1811089.4089069972,10
-1230558.57509804,1811089.4089069972,10
-1230095.2623815127,1811089.4089069972,10
-1229631.949664985,1811089.4089069972,10
-1229168.6369484577,1811089.4089069972,10
-1228705.32423193,1811089.4089069972,10
-1228242.0115154027,1811089.4089069972,10
-1227778.698798875,1811089.4089069972,10
-1227315.3860823475,1811089.4089069972,10
-1226852.07336582,1811089.4089069972,10
-1226388.7606492927,1811089.4089069972,10
-1225925.4479327651,1811089.4089069972,10
-1225462.1352162375,1811089.4089069972,10
-1224998.8224997101,1811089.4089069972,10
-1224535.5097831825,1811089.4089069972,10
-1224072.1970666551,1811089.4089069972,10
-1223608.8843501275,1811089.4089069972,10
-1223145.5716336002,1811089.4089069972,10
-1222682.2589170726,1811089.4089069972,10
-1222218.9462005452,1811089.4089069972,10
-1221755.6334840176,1811089.4089069972,10
-1221292.3207674902,1811089.4089069972,10
-1220829.0080509626,1811089.4089069972,10
-1220365.6953344352,1811089.4089069972,10
-1219902.3826179076,1811089.4089069972,10
-1219439.0699013802,1811089.4089069972,10
-1218975.7571848526,1811089.4089069972,10
-1218512.444468325,1811089.4089069972,10
-1218049.1317517976,1811089.4089069972,10
-1217585.81903527,1811089.4089069972,10
-1217122.5063187426,1811089.4089069972,10
-1216659.193602215,1811089.4089069972,10
-1216195.8808856877,1811089.4089069972,10
-1215732.56816916,1811089.4089069972,10
-1215269.2554526327,1811089.4089069972,10
-1214805.942736105,1811089.4089069972,10
-1214342.6300195777,1811089.4089069972,10
-1213879.31730305,1811089.4089069972,10
-1213416.0045865227,1811089.4089069972,10
-1212952.691869995,1811089.4089069972,10
-1212489.3791534677,1811089.4089069972,10
-1212026.06643694,1811089.4089069972,10
-1211562.7537204125,1811089.4089069972,10
-1211099.4410038851,1811089.4089069972,10
-1210636.1282873575,1811089.4089069972,10
-1210172.8155708301,1811089.4089069972,10
-1209709.5028543025,1811089.4089069972,10
-1209246.1901377751,1811089.4089069972,10
-1208782.8774212475,1811089.4089069972,10
-1208319.5647047202,1811089.4089069972,10
-1207856.2519881926,1811089.4089069972,10
-1207392.9392716652,1811089.4089069972,10
-1206929.6265551376,1811089.4089069972,10
-1206466.3138386102,1811089.4089069972,10
-1206003.0011220826,1811089.4089069972,10
-1205539.6884055552,1811089.4089069972,10
-1205076.3756890276,1811089.4089069972,10
-1204613.0629725,1811089.4089069972,10
-1204149.7502559726,1811089.4089069972,10
-1203686.4375394452,1811089.4089069972,10
-1203223.1248229176,1811089.4089069972,10
-1202759.81210639,1811089.4089069972,10
-1202296.4993898626,1811089.4089069972,10
-1201833.186673335,1811089.4089069972,10
-1201369.8739568077,1811089.4089069972,10
-1200906.56124028,1811089.4089069972,10
-1200443.2485237527,1811089.4089069972,10
-1199979.935807225,1811089.4089069972,10
-1199516.6230906977,1811089.4089069972,10
-1199053.31037417,1811089.4089069972,10
-1198589.9976576427,1811089.4089069972,10
-1198126.684941115,1811089.4089069972,10
-1197663.3722245875,1811089.4089069972,10
-1197200.05950806,1811089.4089069972,10
-1196736.7467915327,1811089.4089069972,10
-1196273.4340750051,1811089.4089069972,10
-1195810.1213584775,1811089.4089069972,10
-1195346.8086419501,1811089.4089069972,10
-1194883.4959254225,1811089.4089069972,10
-1194420.1832088951,1811089.4089069972,10
-1193956.8704923675,1811089.4089069972,10
-1193493.5577758402,1811089.4089069972,10
-1193030.2450593126,1811089.4089069972,10
-1192566.9323427852,1811089.4089069972,10
-1192103.6196262576,1811089.4089069972,10
-1191640.3069097302,1811089.4089069972,10
-1191176.9941932026,1811089.4089069972,10
-1190713.6814766752,1811089.4089069972,10
-1190250.3687601476,1811089.4089069972,10
-1189787.0560436202,1811089.4089069972,10
-1189323.7433270926,1811089.4089069972,10
-1188860.430610565,1811089.4089069972,10
-1188397.1178940376,1811089.4089069972,10
-1187933.80517751,1811089.4089069972,10
-1187470.4924609826,1811089.4089069972,10
-1187007.179744455,1811089.4089069972,10
-1186543.8670279277,1811089.4089069972,10
-1186080.5543114,1811089.4089069972,10
-1185617.2415948727,1811089.4089069972,10
-1185153.928878345,1811089.4089069972,10
-1184690.6161618177,1811089.4089069972,10
-1184227.30344529,1811089.4089069972,10
-1183763.9907287627,1811089.4089069972,10
-1183300.678012235,1811089.4089069972,10
-1182837.3652957077,1811089.4089069972,10
-1182374.05257918,1811089.4089069972,10
-1181910.7398626525,1811089.4089069972,10
-1181447.4271461251,1811089.4089069972,10
-1180984.1144295975,1811089.4089069972,10
-1180520.8017130701,1811089.4089069972,10
-1180057.4889965425,1811089.4089069972,10
-1179594.1762800151,1811089.4089069972,10
-1179130.8635634875,1811089.4089069972,10
-1178667.5508469602,1811089.4089069972,10
-1178204.2381304326,1811089.4089069972,10
-1177740.9254139052,1811089.4089069972,10
-1177277.6126973776,1811089.4089069972,10
-1176814.2999808502,1811089.4089069972,10
-1176350.9872643226,1811089.4089069972,10
-1175887.6745477952,1811089.4089069972,10
-1175424.3618312676,1811089.4089069972,10
-1174961.04911474,1811089.4089069972,10
-1174497.7363982126,1811089.4089069972,10
-1174034.4236816852,1811089.4089069972,10
-1173571.1109651576,1811089.4089069972,10
-1173107.79824863,1811089.4089069972,10
-1172644.4855321026,1811089.4089069972,10
-1172181.172815575,1811089.4089069972,10
-1171717.8600990477,1811089.4089069972,10
-1171254.54738252,1811089.4089069972,10
-1170791.2346659927,1811089.4089069972,10
-1170327.921949465,1811089.4089069972,10
-1169864.6092329377,1811089.4089069972,10
-1169401.29651641,1811089.4089069972,10
-1168937.9837998827,1811089.4089069972,10
-1168474.671083355,1811089.4089069972,10
-1168011.3583668275,1811089.4089069972,10
-1167548.0456503,1811089.4089069972,10
-1167084.7329337727,1811089.4089069972,10
-1166621.4202172451,1811089.4089069972,10
-1166158.1075007175,1811089.4089069972,10
-1165694.7947841901,1811089.4089069972,10
-1165231.4820676625,1811089.4089069972,10
-1164768.1693511351,1811089.4089069972,10
-1164304.8566346075,1811089.4089069972,10
-1163841.5439180802,1811089.4089069972,10
-1163378.2312015526,1811089.4089069972,10
-1162914.9184850252,1811089.4089069972,10
-1162451.6057684976,1811089.4089069972,10
-1161988.2930519702,1811089.4089069972,10
-1161524.9803354426,1811089.4089069972,10
-1161061.6676189152,1811089.4089069972,10
-1160598.3549023876,1811089.4089069972,10
-1160135.0421858602,1811089.4089069972,10
-1159671.7294693326,1811089.4089069972,10
-1159208.416752805,1811089.4089069972,10
-1158745.1040362776,1811089.4089069972,10
-1158281.79131975,1811089.4089069972,10
-1157818.4786032226,1811089.4089069972,10
-1157355.165886695,1811089.4089069972,10
-1156891.8531701677,1811089.4089069972,10
-1156428.54045364,1811089.4089069972,10
-1324611.0565531226,1810626.0961904698,10
-1324147.7438365952,1810626.0961904698,10
-1323684.4311200676,1810626.0961904698,10
-1323221.11840354,1810626.0961904698,16
-1322757.8056870126,1810626.0961904698,16
-1322294.492970485,1810626.0961904698,16
-1321831.1802539576,1810626.0961904698,16
-1321367.86753743,1810626.0961904698,16
-1320904.5548209026,1810626.0961904698,16
-1320441.242104375,1810626.0961904698,16
-1319977.9293878477,1810626.0961904698,16
-1319514.61667132,1810626.0961904698,16
-1319051.3039547927,1810626.0961904698,16
-1318587.991238265,1810626.0961904698,10
-1318124.6785217377,1810626.0961904698,10
-1317661.36580521,1810626.0961904698,10
-1317198.0530886827,1810626.0961904698,10
-1316734.740372155,1810626.0961904698,10
-1316271.4276556277,1810626.0961904698,10
-1315808.1149391,1810626.0961904698,10
-1315344.8022225727,1810626.0961904698,10
-1314881.4895060451,1810626.0961904698,10
-1314418.1767895175,1810626.0961904698,16
-1313954.8640729901,1810626.0961904698,16
-1313491.5513564625,1810626.0961904698,16
-1313028.2386399352,1810626.0961904698,16
-1312564.9259234075,1810626.0961904698,16
-1312101.6132068802,1810626.0961904698,16
-1311638.3004903526,1810626.0961904698,16
-1311174.9877738252,1810626.0961904698,16
-1310711.6750572976,1810626.0961904698,16
-1310248.3623407702,1810626.0961904698,16
-1309785.0496242426,1810626.0961904698,16
-1309321.7369077152,1810626.0961904698,16
-1308858.4241911876,1810626.0961904698,16
-1308395.1114746602,1810626.0961904698,10
-1307931.7987581326,1810626.0961904698,10
-1307468.486041605,1810626.0961904698,16
-1307005.1733250776,1810626.0961904698,10
-1306541.86060855,1810626.0961904698,10
-1306078.5478920226,1810626.0961904698,10
-1305615.235175495,1810626.0961904698,10
-1305151.9224589677,1810626.0961904698,10
-1304688.60974244,1810626.0961904698,10
-1304225.2970259127,1810626.0961904698,16
-1303761.984309385,1810626.0961904698,10
-1303298.6715928577,1810626.0961904698,10
-1302835.35887633,1810626.0961904698,10
-1302372.0461598027,1810626.0961904698,16
-1301908.733443275,1810626.0961904698,16
-1301445.4207267477,1810626.0961904698,16
-1300982.10801022,1810626.0961904698,16
-1300518.7952936925,1810626.0961904698,10
-1300055.4825771651,1810626.0961904698,10
-1299592.1698606375,1810626.0961904698,10
-1299128.8571441101,1810626.0961904698,10
-1298665.5444275825,1810626.0961904698,10
-1298202.2317110552,1810626.0961904698,10
-1297738.9189945275,1810626.0961904698,10
-1297275.6062780002,1810626.0961904698,10
-1296812.2935614726,1810626.0961904698,10
-1296348.9808449452,1810626.0961904698,10
-1295885.6681284176,1810626.0961904698,16
-1295422.3554118902,1810626.0961904698,16
-1294959.0426953626,1810626.0961904698,16
-1294495.7299788352,1810626.0961904698,16
-1294032.4172623076,1810626.0961904698,16
-1293569.10454578,1810626.0961904698,16
-1293105.7918292526,1810626.0961904698,16
-1292642.479112725,1810626.0961904698,16
-1292179.1663961976,1810626.0961904698,16
-1291715.85367967,1810626.0961904698,16
-1291252.5409631426,1810626.0961904698,16
-1290789.228246615,1810626.0961904698,16
-1290325.9155300877,1810626.0961904698,16
-1289862.60281356,1810626.0961904698,16
-1289399.2900970327,1810626.0961904698,16
-1288935.977380505,1810626.0961904698,10
-1288472.6646639777,1810626.0961904698,10
-1288009.35194745,1810626.0961904698,10
-1287546.0392309227,1810626.0961904698,10
-1287082.726514395,1810626.0961904698,10
-1286619.4137978677,1810626.0961904698,10
-1286156.10108134,1810626.0961904698,10
-1285692.7883648127,1810626.0961904698,10
-1285229.4756482851,1810626.0961904698,10
-1284766.1629317575,1810626.0961904698,10
-1284302.8502152301,1810626.0961904698,10
-1283839.5374987025,1810626.0961904698,10
-1283376.2247821752,1810626.0961904698,10
-1282912.9120656475,1810626.0961904698,10
-1282449.5993491202,1810626.0961904698,10
-1281986.2866325926,1810626.0961904698,10
-1281522.9739160652,1810626.0961904698,10
-1281059.6611995376,1810626.0961904698,10
-1280596.3484830102,1810626.0961904698,10
-1280133.0357664826,1810626.0961904698,10
-1279669.7230499552,1810626.0961904698,10
-1279206.4103334276,1810626.0961904698,10
-1278743.0976169002,1810626.0961904698,10
-1278279.7849003726,1810626.0961904698,10
-1277816.472183845,1810626.0961904698,10
-1277353.1594673176,1810626.0961904698,10
-1276889.84675079,1810626.0961904698,10
-1276426.5340342626,1810626.0961904698,10
-1275963.221317735,1810626.0961904698,10
-1275499.9086012077,1810626.0961904698,10
-1275036.59588468,1810626.0961904698,10
-1274573.2831681527,1810626.0961904698,10
-1274109.970451625,1810626.0961904698,10
-1273646.6577350977,1810626.0961904698,10
-1273183.34501857,1810626.0961904698,10
-1272720.0323020427,1810626.0961904698,10
-1272256.719585515,1810626.0961904698,10
-1271793.4068689877,1810626.0961904698,10
-1271330.09415246,1810626.0961904698,10
-1270866.7814359325,1810626.0961904698,10
-1270403.4687194051,1810626.0961904698,10
-1269940.1560028775,1810626.0961904698,10
-1269476.8432863501,1810626.0961904698,10
-1269013.5305698225,1810626.0961904698,10
-1268550.2178532952,1810626.0961904698,10
-1268086.9051367675,1810626.0961904698,10
-1267623.5924202402,1810626.0961904698,10
-1267160.2797037126,1810626.0961904698,10
-1266696.9669871852,1810626.0961904698,10
-1266233.6542706576,1810626.0961904698,10
-1265770.3415541302,1810626.0961904698,10
-1265307.0288376026,1810626.0961904698,10
-1264843.7161210752,1810626.0961904698,10
-1264380.4034045476,1810626.0961904698,10
-1263917.09068802,1810626.0961904698,10
-1263453.7779714926,1810626.0961904698,10
-1262990.465254965,1810626.0961904698,10
-1262527.1525384376,1810626.0961904698,10
-1262063.83982191,1810626.0961904698,10
-1261600.5271053826,1810626.0961904698,10
-1261137.214388855,1810626.0961904698,10
-1260673.9016723277,1810626.0961904698,10
-1260210.5889558,1810626.0961904698,10
-1259747.2762392727,1810626.0961904698,10
-1259283.963522745,1810626.0961904698,10
-1258820.6508062177,1810626.0961904698,10
-1258357.33808969,1810626.0961904698,10
-1257894.0253731627,1810626.0961904698,10
-1257430.712656635,1810626.0961904698,10
-1256967.3999401077,1810626.0961904698,10
-1256504.08722358,1810626.0961904698,10
-1256040.7745070527,1810626.0961904698,10
-1255577.4617905251,1810626.0961904698,10
-1255114.1490739975,1810626.0961904698,10
-1254650.8363574701,1810626.0961904698,10
-1254187.5236409425,1810626.0961904698,10
-1253724.2109244152,1810626.0961904698,10
-1253260.8982078875,1810626.0961904698,10
-1252797.5854913602,1810626.0961904698,10
-1252334.2727748326,1810626.0961904698,10
-1251870.9600583052,1810626.0961904698,10
-1251407.6473417776,1810626.0961904698,10
-1250944.3346252502,1810626.0961904698,10
-1250481.0219087226,1810626.0961904698,10
-1250017.7091921952,1810626.0961904698,7
-1249554.3964756676,1810626.0961904698,10
-1249091.0837591402,1810626.0961904698,10
-1248627.7710426126,1810626.0961904698,10
-1248164.458326085,1810626.0961904698,10
-1247701.1456095576,1810626.0961904698,10
-1247237.83289303,1810626.0961904698,10
-1246774.5201765026,1810626.0961904698,10
-1246311.207459975,1810626.0961904698,10
-1245847.8947434477,1810626.0961904698,10
-1245384.58202692,1810626.0961904698,10
-1244921.2693103927,1810626.0961904698,10
-1244457.956593865,1810626.0961904698,10
-1243994.6438773377,1810626.0961904698,10
-1243531.33116081,1810626.0961904698,10
-1243068.0184442827,1810626.0961904698,10
-1242604.705727755,1810626.0961904698,10
-1242141.3930112277,1810626.0961904698,10
-1241678.0802947,1810626.0961904698,10
-1241214.7675781725,1810626.0961904698,10
-1240751.4548616451,1810626.0961904698,10
-1240288.1421451175,1810626.0961904698,10
-1239824.8294285901,1810626.0961904698,10
-1239361.5167120625,1810626.0961904698,10
-1238898.2039955352,1810626.0961904698,10
-1238434.8912790075,1810626.0961904698,10
-1237971.5785624802,1810626.0961904698,10
-1237508.2658459526,1810626.0961904698,10
-1237044.9531294252,1810626.0961904698,10
-1236581.6404128976,1810626.0961904698,10
-1236118.3276963702,1810626.0961904698,10
-1235655.0149798426,1810626.0961904698,10
-1235191.7022633152,1810626.0961904698,10
-1234728.3895467876,1810626.0961904698,10
-1234265.07683026,1810626.0961904698,10
-1233801.7641137326,1810626.0961904698,10
-1233338.4513972052,1810626.0961904698,10
-1232875.1386806776,1810626.0961904698,10
-1232411.82596415,1810626.0961904698,10
-1231948.5132476226,1810626.0961904698,10
-1231485.200531095,1810626.0961904698,10
-1231021.8878145677,1810626.0961904698,10
-1230558.57509804,1810626.0961904698,10
-1230095.2623815127,1810626.0961904698,10
-1229631.949664985,1810626.0961904698,10
-1229168.6369484577,1810626.0961904698,10
-1228705.32423193,1810626.0961904698,10
-1228242.0115154027,1810626.0961904698,10
-1227778.698798875,1810626.0961904698,10
-1227315.3860823475,1810626.0961904698,10
-1226852.07336582,1810626.0961904698,10
-1226388.7606492927,1810626.0961904698,10
-1225925.4479327651,1810626.0961904698,10
-1225462.1352162375,1810626.0961904698,10
-1224998.8224997101,1810626.0961904698,10
-1224535.5097831825,1810626.0961904698,10
-1224072.1970666551,1810626.0961904698,10
-1223608.8843501275,1810626.0961904698,10
-1223145.5716336002,1810626.0961904698,10
-1222682.2589170726,1810626.0961904698,10
-1222218.9462005452,1810626.0961904698,10
-1221755.6334840176,1810626.0961904698,10
-1221292.3207674902,1810626.0961904698,10
-1220829.0080509626,1810626.0961904698,10
-1220365.6953344352,1810626.0961904698,10
-1219902.3826179076,1810626.0961904698,10
-1219439.0699013802,1810626.0961904698,10
-1218975.7571848526,1810626.0961904698,10
-1218512.444468325,1810626.0961904698,10
-1218049.1317517976,1810626.0961904698,10
-1217585.81903527,1810626.0961904698,10
-1217122.5063187426,1810626.0961904698,10
-1216659.193602215,1810626.0961904698,10
-1216195.8808856877,1810626.0961904698,10
-1215732.56816916,1810626.0961904698,10
-1215269.2554526327,1810626.0961904698,10
-1214805.942736105,1810626.0961904698,10
-1214342.6300195777,1810626.0961904698,10
-1213879.31730305,1810626.0961904698,10
-1213416.0045865227,1810626.0961904698,10
-1212952.691869995,1810626.0961904698,10
-1212489.3791534677,1810626.0961904698,10
-1212026.06643694,1810626.0961904698,10
-1211562.7537204125,1810626.0961904698,10
-1211099.4410038851,1810626.0961904698,10
-1210636.1282873575,1810626.0961904698,10
-1210172.8155708301,1810626.0961904698,10
-1209709.5028543025,1810626.0961904698,10
-1209246.1901377751,1810626.0961904698,10
-1208782.8774212475,1810626.0961904698,10
-1208319.5647047202,1810626.0961904698,10
-1207856.2519881926,1810626.0961904698,10
-1207392.9392716652,1810626.0961904698,10
-1206929.6265551376,1810626.0961904698,10
-1206466.3138386102,1810626.0961904698,10
-1206003.0011220826,1810626.0961904698,10
-1205539.6884055552,1810626.0961904698,10
-1205076.3756890276,1810626.0961904698,10
-1204613.0629725,1810626.0961904698,10
-1204149.7502559726,1810626.0961904698,10
-1203686.4375394452,1810626.0961904698,10
-1203223.1248229176,1810626.0961904698,10
-1202759.81210639,1810626.0961904698,10
-1202296.4993898626,1810626.0961904698,10
-1201833.186673335,1810626.0961904698,10
-1201369.8739568077,1810626.0961904698,10
-1200906.56124028,1810626.0961904698,10
-1200443.2485237527,1810626.0961904698,10
-1199979.935807225,1810626.0961904698,10
-1199516.6230906977,1810626.0961904698,10
-1199053.31037417,1810626.0961904698,10
-1198589.9976576427,1810626.0961904698,10
-1198126.684941115,1810626.0961904698,10
-1197663.3722245875,1810626.0961904698,10
-1197200.05950806,1810626.0961904698,10
-1196736.7467915327,1810626.0961904698,10
-1196273.4340750051,1810626.0961904698,10
-1195810.1213584775,1810626.0961904698,10
-1195346.8086419501,1810626.0961904698,10
-1194883.4959254225,1810626.0961904698,10
-1194420.1832088951,1810626.0961904698,10
-1193956.8704923675,1810626.0961904698,10
-1193493.5577758402,1810626.0961904698,10
-1193030.2450593126,1810626.0961904698,10
-1192566.9323427852,1810626.0961904698,10
-1192103.6196262576,1810626.0961904698,10
-1191640.3069097302,1810626.0961904698,10
-1191176.9941932026,1810626.0961904698,10
-1190713.6814766752,1810626.0961904698,10
-1190250.3687601476,1810626.0961904698,10
-1189787.0560436202,1810626.0961904698,10
-1189323.7433270926,1810626.0961904698,10
-1188860.430610565,1810626.0961904698,10
-1188397.1178940376,1810626.0961904698,10
-1187933.80517751,1810626.0961904698,10
-1187470.4924609826,1810626.0961904698,10
-1187007.179744455,1810626.0961904698,10
-1186543.8670279277,1810626.0961904698,10
-1186080.5543114,1810626.0961904698,10
-1185617.2415948727,1810626.0961904698,10
-1185153.928878345,1810626.0961904698,10
-1184690.6161618177,1810626.0961904698,10
-1184227.30344529,1810626.0961904698,10
-1183763.9907287627,1810626.0961904698,10
-1183300.678012235,1810626.0961904698,10
-1182837.3652957077,1810626.0961904698,10
-1182374.05257918,1810626.0961904698,10
-1181910.7398626525,1810626.0961904698,10
-1181447.4271461251,1810626.0961904698,10
-1180984.1144295975,1810626.0961904698,10
-1180520.8017130701,1810626.0961904698,10
-1180057.4889965425,1810626.0961904698,10
-1179594.1762800151,1810626.0961904698,10
-1179130.8635634875,1810626.0961904698,10
-1178667.5508469602,1810626.0961904698,10
-1178204.2381304326,1810626.0961904698,10
-1177740.9254139052,1810626.0961904698,10
-1177277.6126973776,1810626.0961904698,10
-1176814.2999808502,1810626.0961904698,10
-1176350.9872643226,1810626.0961904698,10
-1175887.6745477952,1810626.0961904698,10
-1175424.3618312676,1810626.0961904698,10
-1174961.04911474,1810626.0961904698,10
-1174497.7363982126,1810626.0961904698,10
-1174034.4236816852,1810626.0961904698,10
-1173571.1109651576,1810626.0961904698,10
-1173107.79824863,1810626.0961904698,10
-1172644.4855321026,1810626.0961904698,10
-1172181.172815575,1810626.0961904698,10
-1171717.8600990477,1810626.0961904698,10
-1171254.54738252,1810626.0961904698,10
-1170791.2346659927,1810626.0961904698,10
-1170327.921949465,1810626.0961904698,10
-1169864.6092329377,1810626.0961904698,10
-1169401.29651641,1810626.0961904698,10
-1168937.9837998827,1810626.0961904698,10
-1168474.671083355,1810626.0961904698,10
-1168011.3583668275,1810626.0961904698,10
-1167548.0456503,1810626.0961904698,10
-1167084.7329337727,1810626.0961904698,10
-1166621.4202172451,1810626.0961904698,10
-1166158.1075007175,1810626.0961904698,10
-1165694.7947841901,1810626.0961904698,10
-1165231.4820676625,1810626.0961904698,10
-1164768.1693511351,1810626.0961904698,10
-1164304.8566346075,1810626.0961904698,10
-1163841.5439180802,1810626.0961904698,10
-1163378.2312015526,1810626.0961904698,10
-1162914.9184850252,1810626.0961904698,10
-1162451.6057684976,1810626.0961904698,10
-1161988.2930519702,1810626.0961904698,10
-1161524.9803354426,1810626.0961904698,10
-1161061.6676189152,1810626.0961904698,10
-1160598.3549023876,1810626.0961904698,10
-1160135.0421858602,1810626.0961904698,10
-1159671.7294693326,1810626.0961904698,10
-1159208.416752805,1810626.0961904698,10
-1158745.1040362776,1810626.0961904698,10
-1158281.79131975,1810626.0961904698,10
-1157818.4786032226,1810626.0961904698,10
-1157355.165886695,1810626.0961904698,10
-1156891.8531701677,1810626.0961904698,10
-1156428.54045364,1810626.0961904698,10
-1155965.2277371127,1810626.0961904698,10
-1325074.3692696502,1810162.7834739422,10
-1324611.0565531226,1810162.7834739422,10
-1324147.7438365952,1810162.7834739422,16
-1323684.4311200676,1810162.7834739422,16
-1323221.11840354,1810162.7834739422,16
-1322757.8056870126,1810162.7834739422,16
-1322294.492970485,1810162.7834739422,16
-1321831.1802539576,1810162.7834739422,16
-1321367.86753743,1810162.7834739422,16
-1320904.5548209026,1810162.7834739422,16
-1320441.242104375,1810162.7834739422,16
-1319977.9293878477,1810162.7834739422,16
-1319514.61667132,1810162.7834739422,16
-1319051.3039547927,1810162.7834739422,16
-1318587.991238265,1810162.7834739422,10
-1318124.6785217377,1810162.7834739422,10
-1317661.36580521,1810162.7834739422,10
-1317198.0530886827,1810162.7834739422,10
-1316734.740372155,1810162.7834739422,10
-1316271.4276556277,1810162.7834739422,10
-1315808.1149391,1810162.7834739422,10
-1315344.8022225727,1810162.7834739422,10
-1314881.4895060451,1810162.7834739422,16
-1314418.1767895175,1810162.7834739422,16
-1313954.8640729901,1810162.7834739422,16
-1313491.5513564625,1810162.7834739422,16
-1313028.2386399352,1810162.7834739422,16
-1312564.9259234075,1810162.7834739422,16
-1312101.6132068802,1810162.7834739422,16
-1311638.3004903526,1810162.7834739422,16
-1311174.9877738252,1810162.7834739422,16
-1310711.6750572976,1810162.7834739422,16
-1310248.3623407702,1810162.7834739422,16
-1309785.0496242426,1810162.7834739422,16
-1309321.7369077152,1810162.7834739422,16
-1308858.4241911876,1810162.7834739422,10
-1308395.1114746602,1810162.7834739422,10
-1307931.7987581326,1810162.7834739422,10
-1307468.486041605,1810162.7834739422,16
-1307005.1733250776,1810162.7834739422,10
-1306541.86060855,1810162.7834739422,10
-1306078.5478920226,1810162.7834739422,10
-1305615.235175495,1810162.7834739422,10
-1305151.9224589677,1810162.7834739422,10
-1304688.60974244,1810162.7834739422,10
-1304225.2970259127,1810162.7834739422,10
-1303761.984309385,1810162.7834739422,10
-1303298.6715928577,1810162.7834739422,10
-1302835.35887633,1810162.7834739422,10
-1302372.0461598027,1810162.7834739422,16
-1301908.733443275,1810162.7834739422,16
-1301445.4207267477,1810162.7834739422,16
-1300982.10801022,1810162.7834739422,16
-1300518.7952936925,1810162.7834739422,10
-1300055.4825771651,1810162.7834739422,10
-1299592.1698606375,1810162.7834739422,10
-1299128.8571441101,1810162.7834739422,10
-1298665.5444275825,1810162.7834739422,10
-1298202.2317110552,1810162.7834739422,10
-1297738.9189945275,1810162.7834739422,10
-1297275.6062780002,1810162.7834739422,10
-1296812.2935614726,1810162.7834739422,16
-1296348.9808449452,1810162.7834739422,16
-1295885.6681284176,1810162.7834739422,16
-1295422.3554118902,1810162.7834739422,16
-1294959.0426953626,1810162.7834739422,16
-1294495.7299788352,1810162.7834739422,16
-1294032.4172623076,1810162.7834739422,16
-1293569.10454578,1810162.7834739422,16
-1293105.7918292526,1810162.7834739422,16
-1292642.479112725,1810162.7834739422,16
-1292179.1663961976,1810162.7834739422,16
-1291715.85367967,1810162.7834739422,10
-1291252.5409631426,1810162.7834739422,10
-1290789.228246615,1810162.7834739422,16
-1290325.9155300877,1810162.7834739422,16
-1289862.60281356,1810162.7834739422,10
-1289399.2900970327,1810162.7834739422,10
-1288935.977380505,1810162.7834739422,10
-1288472.6646639777,1810162.7834739422,10
-1288009.35194745,1810162.7834739422,10
-1287546.0392309227,1810162.7834739422,10
-1287082.726514395,1810162.7834739422,10
-1286619.4137978677,1810162.7834739422,10
-1286156.10108134,1810162.7834739422,10
-1285692.7883648127,1810162.7834739422,10
-1285229.4756482851,1810162.7834739422,10
-1284766.1629317575,1810162.7834739422,10
-1284302.8502152301,1810162.7834739422,10
-1283839.5374987025,1810162.7834739422,10
-1283376.2247821752,1810162.7834739422,10
-1282912.9120656475,1810162.7834739422,10
-1282449.5993491202,1810162.7834739422,10
-1281986.2866325926,1810162.7834739422,10
-1281522.9739160652,1810162.7834739422,10
-1281059.6611995376,1810162.7834739422,10
-1280596.3484830102,1810162.7834739422,10
-1280133.0357664826,1810162.7834739422,10
-1279669.7230499552,1810162.7834739422,10
-1279206.4103334276,1810162.7834739422,10
-1278743.0976169002,1810162.7834739422,10
-1278279.7849003726,1810162.7834739422,10
-1277816.472183845,1810162.7834739422,10
-1277353.1594673176,1810162.7834739422,10
-1276889.84675079,1810162.7834739422,10
-1276426.5340342626,1810162.7834739422,10
-1275963.221317735,1810162.7834739422,10
-1275499.9086012077,1810162.7834739422,10
-1275036.59588468,1810162.7834739422,10
-1274573.2831681527,1810162.7834739422,10
-1274109.970451625,1810162.7834739422,10
-1273646.6577350977,1810162.7834739422,10
-1273183.34501857,1810162.7834739422,10
-1272720.0323020427,1810162.7834739422,10
-1272256.719585515,1810162.7834739422,10
-1271793.4068689877,1810162.7834739422,10
-1271330.09415246,1810162.7834739422,10
-1270866.7814359325,1810162.7834739422,10
-1270403.4687194051,1810162.7834739422,10
-1269940.1560028775,1810162.7834739422,10
-1269476.8432863501,1810162.7834739422,10
-1269013.5305698225,1810162.7834739422,10
-1268550.2178532952,1810162.7834739422,10
-1268086.9051367675,1810162.7834739422,10
-1267623.5924202402,1810162.7834739422,10
-1267160.2797037126,1810162.7834739422,10
-1266696.9669871852,1810162.7834739422,10
-1266233.6542706576,1810162.7834739422,10
-1265770.3415541302,1810162.7834739422,10
-1265307.0288376026,1810162.7834739422,10
-1264843.7161210752,1810162.7834739422,10
-1264380.4034045476,1810162.7834739422,10
-1263917.09068802,1810162.7834739422,10
-1263453.7779714926,1810162.7834739422,10
-1262990.465254965,1810162.7834739422,10
-1262527.1525384376,1810162.7834739422,10
-1262063.83982191,1810162.7834739422,10
-1261600.5271053826,1810162.7834739422,10
-1261137.214388855,1810162.7834739422,10
-1260673.9016723277,1810162.7834739422,10
-1260210.5889558,1810162.7834739422,10
-1259747.2762392727,1810162.7834739422,10
-1259283.963522745,1810162.7834739422,10
-1258820.6508062177,1810162.7834739422,10
-1258357.33808969,1810162.7834739422,10
-1257894.0253731627,1810162.7834739422,10
-1257430.712656635,1810162.7834739422,10
-1256967.3999401077,1810162.7834739422,10
-1256504.08722358,1810162.7834739422,10
-1256040.7745070527,1810162.7834739422,10
-1255577.4617905251,1810162.7834739422,10
-1255114.1490739975,1810162.7834739422,10
-1254650.8363574701,1810162.7834739422,10
-1254187.5236409425,1810162.7834739422,10
-1253724.2109244152,1810162.7834739422,10
-1253260.8982078875,1810162.7834739422,10
-1252797.5854913602,1810162.7834739422,10
-1252334.2727748326,1810162.7834739422,10
-1251870.9600583052,1810162.7834739422,10
-1251407.6473417776,1810162.7834739422,10
-1250944.3346252502,1810162.7834739422,10
-1250481.0219087226,1810162.7834739422,10
-1250017.7091921952,1810162.7834739422,10
-1249554.3964756676,1810162.7834739422,10
-1249091.0837591402,1810162.7834739422,10
-1248627.7710426126,1810162.7834739422,10
-1248164.458326085,1810162.7834739422,10
-1247701.1456095576,1810162.7834739422,10
-1247237.83289303,1810162.7834739422,10
-1246774.5201765026,1810162.7834739422,10
-1246311.207459975,1810162.7834739422,10
-1245847.8947434477,1810162.7834739422,10
-1245384.58202692,1810162.7834739422,10
-1244921.2693103927,1810162.7834739422,10
-1244457.956593865,1810162.7834739422,10
-1243994.6438773377,1810162.7834739422,10
-1243531.33116081,1810162.7834739422,10
-1243068.0184442827,1810162.7834739422,10
-1242604.705727755,1810162.7834739422,10
-1242141.3930112277,1810162.7834739422,10
-1241678.0802947,1810162.7834739422,10
-1241214.7675781725,1810162.7834739422,10
-1240751.4548616451,1810162.7834739422,10
-1240288.1421451175,1810162.7834739422,10
-1239824.8294285901,1810162.7834739422,10
-1239361.5167120625,1810162.7834739422,10
-1238898.2039955352,1810162.7834739422,10
-1238434.8912790075,1810162.7834739422,10
-1237971.5785624802,1810162.7834739422,10
-1237508.2658459526,1810162.7834739422,10
-1237044.9531294252,1810162.7834739422,10
-1236581.6404128976,1810162.7834739422,10
-1236118.3276963702,1810162.7834739422,10
-1235655.0149798426,1810162.7834739422,10
-1235191.7022633152,1810162.7834739422,10
-1234728.3895467876,1810162.7834739422,10
-1234265.07683026,1810162.7834739422,10
-1233801.7641137326,1810162.7834739422,10
-1233338.4513972052,1810162.7834739422,10
-1232875.1386806776,1810162.7834739422,10
-1232411.82596415,1810162.7834739422,10
-1231948.5132476226,1810162.7834739422,10
-1231485.200531095,1810162.7834739422,10
-1231021.8878145677,1810162.7834739422,10
-1230558.57509804,1810162.7834739422,10
-1230095.2623815127,1810162.7834739422,10
-1229631.949664985,1810162.7834739422,10
-1229168.6369484577,1810162.7834739422,10
-1228705.32423193,1810162.7834739422,10
-1228242.0115154027,1810162.7834739422,10
-1227778.698798875,1810162.7834739422,10
-1227315.3860823475,1810162.7834739422,10
-1226852.07336582,1810162.7834739422,10
-1226388.7606492927,1810162.7834739422,10
-1225925.4479327651,1810162.7834739422,10
-1225462.1352162375,1810162.7834739422,10
-1224998.8224997101,1810162.7834739422,10
-1224535.5097831825,1810162.7834739422,10
-1224072.1970666551,1810162.7834739422,10
-1223608.8843501275,1810162.7834739422,10
-1223145.5716336002,1810162.7834739422,10
-1222682.2589170726,1810162.7834739422,10
-1222218.9462005452,1810162.7834739422,10
-1221755.6334840176,1810162.7834739422,10
-1221292.3207674902,1810162.7834739422,10
-1220829.0080509626,1810162.7834739422,10
-1220365.6953344352,1810162.7834739422,10
-1219902.3826179076,1810162.7834739422,10
-1219439.0699013802,1810162.7834739422,10
-1218975.7571848526,1810162.7834739422,10
-1218512.444468325,1810162.7834739422,10
-1218049.1317517976,1810162.7834739422,10
-1217585.81903527,1810162.7834739422,10
-1217122.5063187426,1810162.7834739422,10
-1216659.193602215,1810162.7834739422,10
-1216195.8808856877,1810162.7834739422,10
-1215732.56816916,1810162.7834739422,10
-1215269.2554526327,1810162.7834739422,10
-1214805.942736105,1810162.7834739422,10
-1214342.6300195777,1810162.7834739422,10
-1213879.31730305,1810162.7834739422,10
-1213416.0045865227,1810162.7834739422,10
-1212952.691869995,1810162.7834739422,10
-1212489.3791534677,1810162.7834739422,10
-1212026.06643694,1810162.7834739422,10
-1211562.7537204125,1810162.7834739422,10
-1211099.4410038851,1810162.7834739422,10
-1210636.1282873575,1810162.7834739422,10
-1210172.8155708301,1810162.7834739422,10
-1209709.5028543025,1810162.7834739422,10
-1209246.1901377751,1810162.7834739422,10
-1208782.8774212475,1810162.7834739422,10
-1208319.5647047202,1810162.7834739422,10
-1207856.2519881926,1810162.7834739422,10
-1207392.9392716652,1810162.7834739422,10
-1206929.6265551376,1810162.7834739422,10
-1206466.3138386102,1810162.7834739422,10
-1206003.0011220826,1810162.7834739422,10
-1205539.6884055552,1810162.7834739422,10
-1205076.3756890276,1810162.7834739422,10
-1204613.0629725,1810162.7834739422,10
-1204149.7502559726,1810162.7834739422,10
-1203686.4375394452,1810162.7834739422,10
-1203223.1248229176,1810162.7834739422,10
-1202759.81210639,1810162.7834739422,10
-1202296.4993898626,1810162.7834739422,10
-1201833.186673335,1810162.7834739422,10
-1201369.8739568077,1810162.7834739422,10
-1200906.56124028,1810162.7834739422,10
-1200443.2485237527,1810162.7834739422,10
-1199979.935807225,1810162.7834739422,10
-1199516.6230906977,1810162.7834739422,10
-1199053.31037417,1810162.7834739422,10
-1198589.9976576427,1810162.7834739422,10
-1198126.684941115,1810162.7834739422,10
-1197663.3722245875,1810162.7834739422,10
-1197200.05950806,1810162.7834739422,10
-1196736.7467915327,1810162.7834739422,10
-1196273.4340750051,1810162.7834739422,10
-1195810.1213584775,1810162.7834739422,10
-1195346.8086419501,1810162.7834739422,10
-1194883.4959254225,1810162.7834739422,10
-1194420.1832088951,1810162.7834739422,10
-1193956.8704923675,1810162.7834739422,10
-1193493.5577758402,1810162.7834739422,10
-1193030.2450593126,1810162.7834739422,10
-1192566.9323427852,1810162.7834739422,10
-1192103.6196262576,1810162.7834739422,10
-1191640.3069097302,1810162.7834739422,10
-1191176.9941932026,1810162.7834739422,10
-1190713.6814766752,1810162.7834739422,10
-1190250.3687601476,1810162.7834739422,10
-1189787.0560436202,1810162.7834739422,10
-1189323.7433270926,1810162.7834739422,10
-1188860.430610565,1810162.7834739422,10
-1188397.1178940376,1810162.7834739422,10
-1187933.80517751,1810162.7834739422,10
-1187470.4924609826,1810162.7834739422,10
-1187007.179744455,1810162.7834739422,10
-1186543.8670279277,1810162.7834739422,10
-1186080.5543114,1810162.7834739422,10
-1185617.2415948727,1810162.7834739422,10
-1185153.928878345,1810162.7834739422,10
-1184690.6161618177,1810162.7834739422,10
-1184227.30344529,1810162.7834739422,10
-1183763.9907287627,1810162.7834739422,10
-1183300.678012235,1810162.7834739422,10
-1182837.3652957077,1810162.7834739422,10
-1182374.05257918,1810162.7834739422,10
-1181910.7398626525,1810162.7834739422,10
-1181447.4271461251,1810162.7834739422,10
-1180984.1144295975,1810162.7834739422,10
-1180520.8017130701,1810162.7834739422,10
-1180057.4889965425,1810162.7834739422,10
-1179594.1762800151,1810162.7834739422,10
-1179130.8635634875,1810162.7834739422,10
-1178667.5508469602,1810162.7834739422,10
-1178204.2381304326,1810162.7834739422,10
-1177740.9254139052,1810162.7834739422,10
-1177277.6126973776,1810162.7834739422,10
-1176814.2999808502,1810162.7834739422,10
-1176350.9872643226,1810162.7834739422,10
-1175887.6745477952,1810162.7834739422,10
-1175424.3618312676,1810162.7834739422,10
-1174961.04911474,1810162.7834739422,10
-1174497.7363982126,1810162.7834739422,10
-1174034.4236816852,1810162.7834739422,10
-1173571.1109651576,1810162.7834739422,10
-1173107.79824863,1810162.7834739422,10
-1172644.4855321026,1810162.7834739422,10
-1172181.172815575,1810162.7834739422,10
-1171717.8600990477,1810162.7834739422,10
-1171254.54738252,1810162.7834739422,10
-1170791.2346659927,1810162.7834739422,10
-1170327.921949465,1810162.7834739422,10
-1169864.6092329377,1810162.7834739422,10
-1169401.29651641,1810162.7834739422,10
-1168937.9837998827,1810162.7834739422,10
-1168474.671083355,1810162.7834739422,10
-1168011.3583668275,1810162.7834739422,10
-1167548.0456503,1810162.7834739422,10
-1167084.7329337727,1810162.7834739422,10
-1166621.4202172451,1810162.7834739422,10
-1166158.1075007175,1810162.7834739422,10
-1165694.7947841901,1810162.7834739422,10
-1165231.4820676625,1810162.7834739422,10
-1164768.1693511351,1810162.7834739422,10
-1164304.8566346075,1810162.7834739422,10
-1163841.5439180802,1810162.7834739422,10
-1163378.2312015526,1810162.7834739422,10
-1162914.9184850252,1810162.7834739422,10
-1162451.6057684976,1810162.7834739422,10
-1161988.2930519702,1810162.7834739422,10
-1161524.9803354426,1810162.7834739422,10
-1161061.6676189152,1810162.7834739422,10
-1160598.3549023876,1810162.7834739422,10
-1160135.0421858602,1810162.7834739422,10
-1159671.7294693326,1810162.7834739422,10
-1159208.416752805,1810162.7834739422,10
-1158745.1040362776,1810162.7834739422,10
-1158281.79131975,1810162.7834739422,10
-1157818.4786032226,1810162.7834739422,10
-1157355.165886695,1810162.7834739422,10
-1156891.8531701677,1810162.7834739422,10
-1156428.54045364,1810162.7834739422,10
-1155965.2277371127,1810162.7834739422,10
-1325074.3692696502,1809699.4707574146,10
-1324611.0565531226,1809699.4707574146,16
-1324147.7438365952,1809699.4707574146,16
-1323684.4311200676,1809699.4707574146,16
-1323221.11840354,1809699.4707574146,16
-1322757.8056870126,1809699.4707574146,16
-1322294.492970485,1809699.4707574146,16
-1321831.1802539576,1809699.4707574146,16
-1321367.86753743,1809699.4707574146,16
-1320904.5548209026,1809699.4707574146,16
-1320441.242104375,1809699.4707574146,16
-1319977.9293878477,1809699.4707574146,16
-1319514.61667132,1809699.4707574146,16
-1319051.3039547927,1809699.4707574146,16
-1318587.991238265,1809699.4707574146,10
-1318124.6785217377,1809699.4707574146,10
-1317661.36580521,1809699.4707574146,10
-1317198.0530886827,1809699.4707574146,16
-1316734.740372155,1809699.4707574146,16
-1316271.4276556277,1809699.4707574146,10
-1315808.1149391,1809699.4707574146,10
-1315344.8022225727,1809699.4707574146,16
-1314881.4895060451,1809699.4707574146,16
-1314418.1767895175,1809699.4707574146,16
-1313954.8640729901,1809699.4707574146,16
-1313491.5513564625,1809699.4707574146,16
-1313028.2386399352,1809699.4707574146,16
-1312564.9259234075,1809699.4707574146,16
-1312101.6132068802,1809699.4707574146,16
-1311638.3004903526,1809699.4707574146,16
-1311174.9877738252,1809699.4707574146,16
-1310711.6750572976,1809699.4707574146,16
-1310248.3623407702,1809699.4707574146,16
-1309785.0496242426,1809699.4707574146,16
-1309321.7369077152,1809699.4707574146,16
-1308858.4241911876,1809699.4707574146,10
-1308395.1114746602,1809699.4707574146,10
-1307931.7987581326,1809699.4707574146,10
-1307468.486041605,1809699.4707574146,16
-1307005.1733250776,1809699.4707574146,10
-1306541.86060855,1809699.4707574146,10
-1306078.5478920226,1809699.4707574146,10
-1305615.235175495,1809699.4707574146,10
-1305151.9224589677,1809699.4707574146,10
-1304688.60974244,1809699.4707574146,10
-1304225.2970259127,1809699.4707574146,16
-1303761.984309385,1809699.4707574146,10
-1303298.6715928577,1809699.4707574146,10
-1302835.35887633,1809699.4707574146,16
-1302372.0461598027,1809699.4707574146,16
-1301908.733443275,1809699.4707574146,16
-1301445.4207267477,1809699.4707574146,16
-1300982.10801022,1809699.4707574146,10
-1300518.7952936925,1809699.4707574146,10
-1300055.4825771651,1809699.4707574146,10
-1299592.1698606375,1809699.4707574146,10
-1299128.8571441101,1809699.4707574146,10
-1298665.5444275825,1809699.4707574146,16
-1298202.2317110552,1809699.4707574146,10
-1297738.9189945275,1809699.4707574146,10
-1297275.6062780002,1809699.4707574146,10
-1296812.2935614726,1809699.4707574146,16
-1296348.9808449452,1809699.4707574146,16
-1295885.6681284176,1809699.4707574146,16
-1295422.3554118902,1809699.4707574146,16
-1294959.0426953626,1809699.4707574146,16
-1294495.7299788352,1809699.4707574146,16
-1294032.4172623076,1809699.4707574146,16
-1293569.10454578,1809699.4707574146,16
-1293105.7918292526,1809699.4707574146,16
-1292642.479112725,1809699.4707574146,16
-1292179.1663961976,1809699.4707574146,10
-1291715.85367967,1809699.4707574146,10
-1291252.5409631426,1809699.4707574146,10
-1290789.228246615,1809699.4707574146,10
-1290325.9155300877,1809699.4707574146,10
-1289862.60281356,1809699.4707574146,16
-1289399.2900970327,1809699.4707574146,10
-1288935.977380505,1809699.4707574146,10
-1288472.6646639777,1809699.4707574146,10
-1288009.35194745,1809699.4707574146,10
-1287546.0392309227,1809699.4707574146,10
-1287082.726514395,1809699.4707574146,10
-1286619.4137978677,1809699.4707574146,10
-1286156.10108134,1809699.4707574146,10
-1285692.7883648127,1809699.4707574146,10
-1285229.4756482851,1809699.4707574146,10
-1284766.1629317575,1809699.4707574146,10
-1284302.8502152301,1809699.4707574146,10
-1283839.5374987025,1809699.4707574146,10
-1283376.2247821752,1809699.4707574146,10
-1282912.9120656475,1809699.4707574146,10
-1282449.5993491202,1809699.4707574146,10
-1281986.2866325926,1809699.4707574146,10
-1281522.9739160652,1809699.4707574146,10
-1281059.6611995376,1809699.4707574146,10
-1280596.3484830102,1809699.4707574146,10
-1280133.0357664826,1809699.4707574146,10
-1279669.7230499552,1809699.4707574146,10
-1279206.4103334276,1809699.4707574146,10
-1278743.0976169002,1809699.4707574146,10
-1278279.7849003726,1809699.4707574146,10
-1277816.472183845,1809699.4707574146,10
-1277353.1594673176,1809699.4707574146,10
-1276889.84675079,1809699.4707574146,10
-1276426.5340342626,1809699.4707574146,10
-1275963.221317735,1809699.4707574146,10
-1275499.9086012077,1809699.4707574146,10
-1275036.59588468,1809699.4707574146,10
-1274573.2831681527,1809699.4707574146,10
-1274109.970451625,1809699.4707574146,10
-1273646.6577350977,1809699.4707574146,10
-1273183.34501857,1809699.4707574146,10
-1272720.0323020427,1809699.4707574146,10
-1272256.719585515,1809699.4707574146,10
-1271793.4068689877,1809699.4707574146,10
-1271330.09415246,1809699.4707574146,10
-1270866.7814359325,1809699.4707574146,10
-1270403.4687194051,1809699.4707574146,10
-1269940.1560028775,1809699.4707574146,10
-1269476.8432863501,1809699.4707574146,10
-1269013.5305698225,1809699.4707574146,10
-1268550.2178532952,1809699.4707574146,10
-1268086.9051367675,1809699.4707574146,10
-1267623.5924202402,1809699.4707574146,10
-1267160.2797037126,1809699.4707574146,10
-1266696.9669871852,1809699.4707574146,10
-1266233.6542706576,1809699.4707574146,10
-1265770.3415541302,1809699.4707574146,10
-1265307.0288376026,1809699.4707574146,10
-1264843.7161210752,1809699.4707574146,10
-1264380.4034045476,1809699.4707574146,10
-1263917.09068802,1809699.4707574146,10
-1263453.7779714926,1809699.4707574146,10
-1262990.465254965,1809699.4707574146,10
-1262527.1525384376,1809699.4707574146,10
-1262063.83982191,1809699.4707574146,10
-1261600.5271053826,1809699.4707574146,10
-1261137.214388855,1809699.4707574146,10
-1260673.9016723277,1809699.4707574146,10
-1260210.5889558,1809699.4707574146,10
-1259747.2762392727,1809699.4707574146,10
-1259283.963522745,1809699.4707574146,10
-1258820.6508062177,1809699.4707574146,10
-1258357.33808969,1809699.4707574146,10
-1257894.0253731627,1809699.4707574146,10
-1257430.712656635,1809699.4707574146,10
-1256967.3999401077,1809699.4707574146,10
-1256504.08722358,1809699.4707574146,10
-1256040.7745070527,1809699.4707574146,10
-1255577.4617905251,1809699.4707574146,10
-1255114.1490739975,1809699.4707574146,10
-1254650.8363574701,1809699.4707574146,10
-1254187.5236409425,1809699.4707574146,10
-1253724.2109244152,1809699.4707574146,10
-1253260.8982078875,1809699.4707574146,10
-1252797.5854913602,1809699.4707574146,10
-1252334.2727748326,1809699.4707574146,10
-1251870.9600583052,1809699.4707574146,10
-1251407.6473417776,1809699.4707574146,10
-1250944.3346252502,1809699.4707574146,10
-1250481.0219087226,1809699.4707574146,10
-1250017.7091921952,1809699.4707574146,10
-1249554.3964756676,1809699.4707574146,10
-1249091.0837591402,1809699.4707574146,10
-1248627.7710426126,1809699.4707574146,10
-1248164.458326085,1809699.4707574146,10
-1247701.1456095576,1809699.4707574146,10
-1247237.83289303,1809699.4707574146,10
-1246774.5201765026,1809699.4707574146,10
-1246311.207459975,1809699.4707574146,10
-1245847.8947434477,1809699.4707574146,10
-1245384.58202692,1809699.4707574146,10
-1244921.2693103927,1809699.4707574146,10
-1244457.956593865,1809699.4707574146,10
-1243994.6438773377,1809699.4707574146,10
-1243531.33116081,1809699.4707574146,10
-1243068.0184442827,1809699.4707574146,10
-1242604.705727755,1809699.4707574146,10
-1242141.3930112277,1809699.4707574146,10
-1241678.0802947,1809699.4707574146,10
-1241214.7675781725,1809699.4707574146,10
-1240751.4548616451,1809699.4707574146,10
-1240288.1421451175,1809699.4707574146,10
-1239824.8294285901,1809699.4707574146,10
-1239361.5167120625,1809699.4707574146,10
-1238898.2039955352,1809699.4707574146,10
-1238434.8912790075,1809699.4707574146,10
-1237971.5785624802,1809699.4707574146,10
-1237508.2658459526,1809699.4707574146,10
-1237044.9531294252,1809699.4707574146,10
-1236581.6404128976,1809699.4707574146,10
-1236118.3276963702,1809699.4707574146,10
-1235655.0149798426,1809699.4707574146,10
-1235191.7022633152,1809699.4707574146,10
-1234728.3895467876,1809699.4707574146,10
-1234265.07683026,1809699.4707574146,10
-1233801.7641137326,1809699.4707574146,10
-1233338.4513972052,1809699.4707574146,10
-1232875.1386806776,1809699.4707574146,10
-1232411.82596415,1809699.4707574146,10
-1231948.5132476226,1809699.4707574146,10
-1231485.200531095,1809699.4707574146,10
-1231021.8878145677,1809699.4707574146,10
-1230558.57509804,1809699.4707574146,10
-1230095.2623815127,1809699.4707574146,10
-1229631.949664985,1809699.4707574146,10
-1229168.6369484577,1809699.4707574146,10
-1228705.32423193,1809699.4707574146,10
-1228242.0115154027,1809699.4707574146,10
-1227778.698798875,1809699.4707574146,10
-1227315.3860823475,1809699.4707574146,10
-1226852.07336582,1809699.4707574146,10
-1226388.7606492927,1809699.4707574146,10
-1225925.4479327651,1809699.4707574146,10
-1225462.1352162375,1809699.4707574146,10
-1224998.8224997101,1809699.4707574146,10
-1224535.5097831825,1809699.4707574146,10
-1224072.1970666551,1809699.4707574146,10
-1223608.8843501275,1809699.4707574146,10
-1223145.5716336002,1809699.4707574146,10
-1222682.2589170726,1809699.4707574146,10
-1222218.9462005452,1809699.4707574146,10
-1221755.6334840176,1809699.4707574146,10
-1221292.3207674902,1809699.4707574146,10
-1220829.0080509626,1809699.4707574146,10
-1220365.6953344352,1809699.4707574146,10
-1219902.3826179076,1809699.4707574146,10
-1219439.0699013802,1809699.4707574146,10
-1218975.7571848526,1809699.4707574146,10
-1218512.444468325,1809699.4707574146,10
-1218049.1317517976,1809699.4707574146,10
-1217585.81903527,1809699.4707574146,10
-1217122.5063187426,1809699.4707574146,10
-1216659.193602215,1809699.4707574146,10
-1216195.8808856877,1809699.4707574146,10
-1215732.56816916,1809699.4707574146,10
-1215269.2554526327,1809699.4707574146,10
-1214805.942736105,1809699.4707574146,10
-1214342.6300195777,1809699.4707574146,10
-1213879.31730305,1809699.4707574146,10
-1213416.0045865227,1809699.4707574146,10
-1212952.691869995,1809699.4707574146,10
-1212489.3791534677,1809699.4707574146,10
-1212026.06643694,1809699.4707574146,10
-1211562.7537204125,1809699.4707574146,10
-1211099.4410038851,1809699.4707574146,10
-1210636.1282873575,1809699.4707574146,10
-1210172.8155708301,1809699.4707574146,10
-1209709.5028543025,1809699.4707574146,10
-1209246.1901377751,1809699.4707574146,10
-1208782.8774212475,1809699.4707574146,10
-1208319.5647047202,1809699.4707574146,10
-1207856.2519881926,1809699.4707574146,10
-1207392.9392716652,1809699.4707574146,10
-1206929.6265551376,1809699.4707574146,10
-1206466.3138386102,1809699.4707574146,10
-1206003.0011220826,1809699.4707574146,10
-1205539.6884055552,1809699.4707574146,10
-1205076.3756890276,1809699.4707574146,10
-1204613.0629725,1809699.4707574146,10
-1204149.7502559726,1809699.4707574146,10
-1203686.4375394452,1809699.4707574146,10
-1203223.1248229176,1809699.4707574146,10
-1202759.81210639,1809699.4707574146,10
-1202296.4993898626,1809699.4707574146,10
-1201833.186673335,1809699.4707574146,10
-1201369.8739568077,1809699.4707574146,10
-1200906.56124028,1809699.4707574146,10
-1200443.2485237527,1809699.4707574146,10
-1199979.935807225,1809699.4707574146,10
-1199516.6230906977,1809699.4707574146,10
-1199053.31037417,1809699.4707574146,10
-1198589.9976576427,1809699.4707574146,10
-1198126.684941115,1809699.4707574146,10
-1197663.3722245875,1809699.4707574146,10
-1197200.05950806,1809699.4707574146,10
-1196736.7467915327,1809699.4707574146,10
-1196273.4340750051,1809699.4707574146,10
-1195810.1213584775,1809699.4707574146,10
-1195346.8086419501,1809699.4707574146,10
-1194883.4959254225,1809699.4707574146,10
-1194420.1832088951,1809699.4707574146,10
-1193956.8704923675,1809699.4707574146,10
-1193493.5577758402,1809699.4707574146,10
-1193030.2450593126,1809699.4707574146,10
-1192566.9323427852,1809699.4707574146,10
-1192103.6196262576,1809699.4707574146,10
-1191640.3069097302,1809699.4707574146,10
-1191176.9941932026,1809699.4707574146,10
-1190713.6814766752,1809699.4707574146,10
-1190250.3687601476,1809699.4707574146,10
-1189787.0560436202,1809699.4707574146,10
-1189323.7433270926,1809699.4707574146,10
-1188860.430610565,1809699.4707574146,10
-1188397.1178940376,1809699.4707574146,10
-1187933.80517751,1809699.4707574146,10
-1187470.4924609826,1809699.4707574146,10
-1187007.179744455,1809699.4707574146,10
-1186543.8670279277,1809699.4707574146,10
-1186080.5543114,1809699.4707574146,10
-1185617.2415948727,1809699.4707574146,10
-1185153.928878345,1809699.4707574146,10
-1184690.6161618177,1809699.4707574146,10
-1184227.30344529,1809699.4707574146,10
-1183763.9907287627,1809699.4707574146,10
-1183300.678012235,1809699.4707574146,10
-1182837.3652957077,1809699.4707574146,10
-1182374.05257918,1809699.4707574146,10
-1181910.7398626525,1809699.4707574146,10
-1181447.4271461251,1809699.4707574146,10
-1180984.1144295975,1809699.4707574146,10
-1180520.8017130701,1809699.4707574146,10
-1180057.4889965425,1809699.4707574146,10
-1179594.1762800151,1809699.4707574146,10
-1179130.8635634875,1809699.4707574146,10
-1178667.5508469602,1809699.4707574146,10
-1178204.2381304326,1809699.4707574146,10
-1177740.9254139052,1809699.4707574146,10
-1177277.6126973776,1809699.4707574146,10
-1176814.2999808502,1809699.4707574146,10
-1176350.9872643226,1809699.4707574146,10
-1175887.6745477952,1809699.4707574146,10
-1175424.3618312676,1809699.4707574146,10
-1174961.04911474,1809699.4707574146,10
-1174497.7363982126,1809699.4707574146,10
-1174034.4236816852,1809699.4707574146,10
-1173571.1109651576,1809699.4707574146,10
-1173107.79824863,1809699.4707574146,10
-1172644.4855321026,1809699.4707574146,10
-1172181.172815575,1809699.4707574146,10
-1171717.8600990477,1809699.4707574146,10
-1171254.54738252,1809699.4707574146,10
-1170791.2346659927,1809699.4707574146,10
-1170327.921949465,1809699.4707574146,10
-1169864.6092329377,1809699.4707574146,10
-1169401.29651641,1809699.4707574146,10
-1168937.9837998827,1809699.4707574146,10
-1168474.671083355,1809699.4707574146,10
-1168011.3583668275,1809699.4707574146,10
-1167548.0456503,1809699.4707574146,10
-1167084.7329337727,1809699.4707574146,10
-1166621.4202172451,1809699.4707574146,10
-1166158.1075007175,1809699.4707574146,10
-1165694.7947841901,1809699.4707574146,10
-1165231.4820676625,1809699.4707574146,10
-1164768.1693511351,1809699.4707574146,10
-1164304.8566346075,1809699.4707574146,10
-1163841.5439180802,1809699.4707574146,10
-1163378.2312015526,1809699.4707574146,10
-1162914.9184850252,1809699.4707574146,10
-1162451.6057684976,1809699.4707574146,10
-1161988.2930519702,1809699.4707574146,10
-1161524.9803354426,1809699.4707574146,10
-1161061.6676189152,1809699.4707574146,10
-1160598.3549023876,1809699.4707574146,10
-1160135.0421858602,1809699.4707574146,10
-1159671.7294693326,1809699.4707574146,10
-1159208.416752805,1809699.4707574146,10
-1158745.1040362776,1809699.4707574146,10
-1158281.79131975,1809699.4707574146,10
-1157818.4786032226,1809699.4707574146,10
-1157355.165886695,1809699.4707574146,10
-1156891.8531701677,1809699.4707574146,10
-1325074.3692696502,1809236.1580408872,10
-1324611.0565531226,1809236.1580408872,16
-1324147.7438365952,1809236.1580408872,16
-1323684.4311200676,1809236.1580408872,16
-1323221.11840354,1809236.1580408872,16
-1322757.8056870126,1809236.1580408872,16
-1322294.492970485,1809236.1580408872,16
-1321831.1802539576,1809236.1580408872,16
-1321367.86753743,1809236.1580408872,16
-1320904.5548209026,1809236.1580408872,16
-1320441.242104375,1809236.1580408872,16
-1319977.9293878477,1809236.1580408872,16
-1319514.61667132,1809236.1580408872,16
-1319051.3039547927,1809236.1580408872,10
-1318587.991238265,1809236.1580408872,10
-1318124.6785217377,1809236.1580408872,10
-1317661.36580521,1809236.1580408872,16
-1317198.0530886827,1809236.1580408872,16
-1316734.740372155,1809236.1580408872,16
-1316271.4276556277,1809236.1580408872,10
-1315808.1149391,1809236.1580408872,10
-1315344.8022225727,1809236.1580408872,16
-1314881.4895060451,1809236.1580408872,16
-1314418.1767895175,1809236.1580408872,16
-1313954.8640729901,1809236.1580408872,16
-1313491.5513564625,1809236.1580408872,16
-1313028.2386399352,1809236.1580408872,16
-1312564.9259234075,1809236.1580408872,16
-1312101.6132068802,1809236.1580408872,10
-1311638.3004903526,1809236.1580408872,10
-1311174.9877738252,1809236.1580408872,10
-1310711.6750572976,1809236.1580408872,16
-1310248.3623407702,1809236.1580408872,16
-1309785.0496242426,1809236.1580408872,16
-1309321.7369077152,1809236.1580408872,16
-1308858.4241911876,1809236.1580408872,10
-1308395.1114746602,1809236.1580408872,10
-1307931.7987581326,1809236.1580408872,10
-1307468.486041605,1809236.1580408872,10
-1307005.1733250776,1809236.1580408872,10
-1306541.86060855,1809236.1580408872,10
-1306078.5478920226,1809236.1580408872,10
-1305615.235175495,1809236.1580408872,10
-1305151.9224589677,1809236.1580408872,10
-1304688.60974244,1809236.1580408872,10
-1304225.2970259127,1809236.1580408872,16
-1303761.984309385,1809236.1580408872,16
-1303298.6715928577,1809236.1580408872,16
-1302835.35887633,1809236.1580408872,16
-1302372.0461598027,1809236.1580408872,16
-1301908.733443275,1809236.1580408872,16
-1301445.4207267477,1809236.1580408872,16
-1300982.10801022,1809236.1580408872,10
-1300518.7952936925,1809236.1580408872,10
-1300055.4825771651,1809236.1580408872,10
-1299592.1698606375,1809236.1580408872,10
-1299128.8571441101,1809236.1580408872,10
-1298665.5444275825,1809236.1580408872,10
-1298202.2317110552,1809236.1580408872,10
-1297738.9189945275,1809236.1580408872,10
-1297275.6062780002,1809236.1580408872,16
-1296812.2935614726,1809236.1580408872,16
-1296348.9808449452,1809236.1580408872,16
-1295885.6681284176,1809236.1580408872,16
-1295422.3554118902,1809236.1580408872,16
-1294959.0426953626,1809236.1580408872,10
-1294495.7299788352,1809236.1580408872,16
-1294032.4172623076,1809236.1580408872,16
-1293569.10454578,1809236.1580408872,16
-1293105.7918292526,1809236.1580408872,10
-1292642.479112725,1809236.1580408872,10
-1292179.1663961976,1809236.1580408872,10
-1291715.85367967,1809236.1580408872,10
-1291252.5409631426,1809236.1580408872,10
-1290789.228246615,1809236.1580408872,10
-1290325.9155300877,1809236.1580408872,10
-1289862.60281356,1809236.1580408872,10
-1289399.2900970327,1809236.1580408872,10
-1288935.977380505,1809236.1580408872,10
-1288472.6646639777,1809236.1580408872,10
-1288009.35194745,1809236.1580408872,10
-1287546.0392309227,1809236.1580408872,10
-1287082.726514395,1809236.1580408872,10
-1286619.4137978677,1809236.1580408872,10
-1286156.10108134,1809236.1580408872,10
-1285692.7883648127,1809236.1580408872,10
-1285229.4756482851,1809236.1580408872,10
-1284766.1629317575,1809236.1580408872,10
-1284302.8502152301,1809236.1580408872,10
-1283839.5374987025,1809236.1580408872,10
-1283376.2247821752,1809236.1580408872,10
-1282912.9120656475,1809236.1580408872,10
-1282449.5993491202,1809236.1580408872,10
-1281986.2866325926,1809236.1580408872,10
-1281522.9739160652,1809236.1580408872,10
-1281059.6611995376,1809236.1580408872,10
-1280596.3484830102,1809236.1580408872,10
-1280133.0357664826,1809236.1580408872,10
-1279669.7230499552,1809236.1580408872,10
-1279206.4103334276,1809236.1580408872,10
-1278743.0976169002,1809236.1580408872,10
-1278279.7849003726,1809236.1580408872,10
-1277816.472183845,1809236.1580408872,10
-1277353.1594673176,1809236.1580408872,10
-1276889.84675079,1809236.1580408872,10
-1276426.5340342626,1809236.1580408872,10
-1275963.221317735,1809236.1580408872,10
-1275499.9086012077,1809236.1580408872,10
-1275036.59588468,1809236.1580408872,10
-1274573.2831681527,1809236.1580408872,10
-1274109.970451625,1809236.1580408872,10
-1273646.6577350977,1809236.1580408872,10
-1273183.34501857,1809236.1580408872,10
-1272720.0323020427,1809236.1580408872,10
-1272256.719585515,1809236.1580408872,10
-1271793.4068689877,1809236.1580408872,10
-1271330.09415246,1809236.1580408872,10
-1270866.7814359325,1809236.1580408872,10
-1270403.4687194051,1809236.1580408872,10
-1269940.1560028775,1809236.1580408872,10
-1269476.8432863501,1809236.1580408872,10
-1269013.5305698225,1809236.1580408872,10
-1268550.2178532952,1809236.1580408872,10
-1268086.9051367675,1809236.1580408872,10
-1267623.5924202402,1809236.1580408872,10
-1267160.2797037126,1809236.1580408872,10
-1266696.9669871852,1809236.1580408872,10
-1266233.6542706576,1809236.1580408872,10
-1265770.3415541302,1809236.1580408872,10
-1265307.0288376026,1809236.1580408872,10
-1264843.7161210752,1809236.1580408872,10
-1264380.4034045476,1809236.1580408872,10
-1263917.09068802,1809236.1580408872,10
-1263453.7779714926,1809236.1580408872,10
-1262990.465254965,1809236.1580408872,10
-1262527.1525384376,1809236.1580408872,10
-1262063.83982191,1809236.1580408872,10
-1261600.5271053826,1809236.1580408872,10
-1261137.214388855,1809236.1580408872,10
-1260673.9016723277,1809236.1580408872,10
-1260210.5889558,1809236.1580408872,10
-1259747.2762392727,1809236.1580408872,10
-1259283.963522745,1809236.1580408872,10
-1258820.6508062177,1809236.1580408872,10
-1258357.33808969,1809236.1580408872,10
-1257894.0253731627,1809236.1580408872,10
-1257430.712656635,1809236.1580408872,10
-1256967.3999401077,1809236.1580408872,10
-1256504.08722358,1809236.1580408872,10
-1256040.7745070527,1809236.1580408872,10
-1255577.4617905251,1809236.1580408872,10
-1255114.1490739975,1809236.1580408872,10
-1254650.8363574701,1809236.1580408872,10
-1254187.5236409425,1809236.1580408872,10
-1253724.2109244152,1809236.1580408872,10
-1253260.8982078875,1809236.1580408872,10
-1252797.5854913602,1809236.1580408872,10
-1252334.2727748326,1809236.1580408872,10
-1251870.9600583052,1809236.1580408872,10
-1251407.6473417776,1809236.1580408872,10
-1250944.3346252502,1809236.1580408872,10
-1250481.0219087226,1809236.1580408872,10
-1250017.7091921952,1809236.1580408872,10
-1249554.3964756676,1809236.1580408872,10
-1249091.0837591402,1809236.1580408872,10
-1248627.7710426126,1809236.1580408872,10
-1248164.458326085,1809236.1580408872,10
-1247701.1456095576,1809236.1580408872,10
-1247237.83289303,1809236.1580408872,10
-1246774.5201765026,1809236.1580408872,10
-1246311.207459975,1809236.1580408872,10
-1245847.8947434477,1809236.1580408872,10
-1245384.58202692,1809236.1580408872,10
-1244921.2693103927,1809236.1580408872,10
-1244457.956593865,1809236.1580408872,10
-1243994.6438773377,1809236.1580408872,10
-1243531.33116081,1809236.1580408872,10
-1243068.0184442827,1809236.1580408872,10
-1242604.705727755,1809236.1580408872,10
-1242141.3930112277,1809236.1580408872,10
-1241678.0802947,1809236.1580408872,10
-1241214.7675781725,1809236.1580408872,10
-1240751.4548616451,1809236.1580408872,10
-1240288.1421451175,1809236.1580408872,10
-1239824.8294285901,1809236.1580408872,10
-1239361.5167120625,1809236.1580408872,10
-1238898.2039955352,1809236.1580408872,10
-1238434.8912790075,1809236.1580408872,10
-1237971.5785624802,1809236.1580408872,10
-1237508.2658459526,1809236.1580408872,10
-1237044.9531294252,1809236.1580408872,10
-1236581.6404128976,1809236.1580408872,10
-1236118.3276963702,1809236.1580408872,10
-1235655.0149798426,1809236.1580408872,10
-1235191.7022633152,1809236.1580408872,10
-1234728.3895467876,1809236.1580408872,10
-1234265.07683026,1809236.1580408872,10
-1233801.7641137326,1809236.1580408872,10
-1233338.4513972052,1809236.1580408872,10
-1232875.1386806776,1809236.1580408872,10
-1232411.82596415,1809236.1580408872,10
-1231948.5132476226,1809236.1580408872,10
-1231485.200531095,1809236.1580408872,10
-1231021.8878145677,1809236.1580408872,10
-1230558.57509804,1809236.1580408872,10
-1230095.2623815127,1809236.1580408872,10
-1229631.949664985,1809236.1580408872,10
-1229168.6369484577,1809236.1580408872,10
-1228705.32423193,1809236.1580408872,10
-1228242.0115154027,1809236.1580408872,10
-1227778.698798875,1809236.1580408872,10
-1227315.3860823475,1809236.1580408872,10
-1226852.07336582,1809236.1580408872,10
-1226388.7606492927,1809236.1580408872,10
-1225925.4479327651,1809236.1580408872,10
-1225462.1352162375,1809236.1580408872,10
-1224998.8224997101,1809236.1580408872,10
-1224535.5097831825,1809236.1580408872,10
-1224072.1970666551,1809236.1580408872,10
-1223608.8843501275,1809236.1580408872,10
-1223145.5716336002,1809236.1580408872,10
-1222682.2589170726,1809236.1580408872,10
-1222218.9462005452,1809236.1580408872,10
-1221755.6334840176,1809236.1580408872,10
-1221292.3207674902,1809236.1580408872,10
-1220829.0080509626,1809236.1580408872,10
-1220365.6953344352,1809236.1580408872,10
-1219902.3826179076,1809236.1580408872,10
-1219439.0699013802,1809236.1580408872,10
-1218975.7571848526,1809236.1580408872,10
-1218512.444468325,1809236.1580408872,10
-1218049.1317517976,1809236.1580408872,10
-1217585.81903527,1809236.1580408872,10
-1217122.5063187426,1809236.1580408872,10
-1216659.193602215,1809236.1580408872,10
-1216195.8808856877,1809236.1580408872,10
-1215732.56816916,1809236.1580408872,10
-1215269.2554526327,1809236.1580408872,10
-1214805.942736105,1809236.1580408872,10
-1214342.6300195777,1809236.1580408872,10
-1213879.31730305,1809236.1580408872,10
-1213416.0045865227,1809236.1580408872,10
-1212952.691869995,1809236.1580408872,10
-1212489.3791534677,1809236.1580408872,10
-1212026.06643694,1809236.1580408872,10
-1211562.7537204125,1809236.1580408872,10
-1211099.4410038851,1809236.1580408872,10
-1210636.1282873575,1809236.1580408872,10
-1210172.8155708301,1809236.1580408872,10
-1209709.5028543025,1809236.1580408872,10
-1209246.1901377751,1809236.1580408872,10
-1208782.8774212475,1809236.1580408872,10
-1208319.5647047202,1809236.1580408872,10
-1207856.2519881926,1809236.1580408872,10
-1207392.9392716652,1809236.1580408872,10
-1206929.6265551376,1809236.1580408872,10
-1206466.3138386102,1809236.1580408872,10
-1206003.0011220826,1809236.1580408872,10
-1205539.6884055552,1809236.1580408872,10
-1205076.3756890276,1809236.1580408872,10
-1204613.0629725,1809236.1580408872,10
-1204149.7502559726,1809236.1580408872,10
-1203686.4375394452,1809236.1580408872,10
-1203223.1248229176,1809236.1580408872,10
-1202759.81210639,1809236.1580408872,10
-1202296.4993898626,1809236.1580408872,10
-1201833.186673335,1809236.1580408872,10
-1201369.8739568077,1809236.1580408872,10
-1200906.56124028,1809236.1580408872,10
-1200443.2485237527,1809236.1580408872,10
-1199979.935807225,1809236.1580408872,10
-1199516.6230906977,1809236.1580408872,10
-1199053.31037417,1809236.1580408872,10
-1198589.9976576427,1809236.1580408872,10
-1198126.684941115,1809236.1580408872,10
-1197663.3722245875,1809236.1580408872,10
-1197200.05950806,1809236.1580408872,10
-1196736.7467915327,1809236.1580408872,10
-1196273.4340750051,1809236.1580408872,10
-1195810.1213584775,1809236.1580408872,10
-1195346.8086419501,1809236.1580408872,10
-1194883.4959254225,1809236.1580408872,10
-1194420.1832088951,1809236.1580408872,10
-1193956.8704923675,1809236.1580408872,10
-1193493.5577758402,1809236.1580408872,10
-1193030.2450593126,1809236.1580408872,10
-1192566.9323427852,1809236.1580408872,10
-1192103.6196262576,1809236.1580408872,10
-1191640.3069097302,1809236.1580408872,10
-1191176.9941932026,1809236.1580408872,10
-1190713.6814766752,1809236.1580408872,10
-1190250.3687601476,1809236.1580408872,10
-1189787.0560436202,1809236.1580408872,10
-1189323.7433270926,1809236.1580408872,10
-1188860.430610565,1809236.1580408872,10
-1188397.1178940376,1809236.1580408872,10
-1187933.80517751,1809236.1580408872,10
-1187470.4924609826,1809236.1580408872,10
-1187007.179744455,1809236.1580408872,10
-1186543.8670279277,1809236.1580408872,10
-1186080.5543114,1809236.1580408872,10
-1185617.2415948727,1809236.1580408872,10
-1185153.928878345,1809236.1580408872,10
-1184690.6161618177,1809236.1580408872,10
-1184227.30344529,1809236.1580408872,10
-1183763.9907287627,1809236.1580408872,10
-1183300.678012235,1809236.1580408872,10
-1182837.3652957077,1809236.1580408872,10
-1182374.05257918,1809236.1580408872,10
-1181910.7398626525,1809236.1580408872,10
-1181447.4271461251,1809236.1580408872,10
-1180984.1144295975,1809236.1580408872,10
-1180520.8017130701,1809236.1580408872,10
-1180057.4889965425,1809236.1580408872,10
-1179594.1762800151,1809236.1580408872,10
-1179130.8635634875,1809236.1580408872,10
-1178667.5508469602,1809236.1580408872,10
-1178204.2381304326,1809236.1580408872,10
-1177740.9254139052,1809236.1580408872,10
-1177277.6126973776,1809236.1580408872,10
-1176814.2999808502,1809236.1580408872,10
-1176350.9872643226,1809236.1580408872,10
-1175887.6745477952,1809236.1580408872,10
-1175424.3618312676,1809236.1580408872,10
-1174961.04911474,1809236.1580408872,10
-1174497.7363982126,1809236.1580408872,10
-1174034.4236816852,1809236.1580408872,10
-1173571.1109651576,1809236.1580408872,10
-1173107.79824863,1809236.1580408872,10
-1172644.4855321026,1809236.1580408872,10
-1172181.172815575,1809236.1580408872,10
-1171717.8600990477,1809236.1580408872,10
-1171254.54738252,1809236.1580408872,10
-1170791.2346659927,1809236.1580408872,10
-1170327.921949465,1809236.1580408872,10
-1169864.6092329377,1809236.1580408872,10
-1169401.29651641,1809236.1580408872,10
-1168937.9837998827,1809236.1580408872,10
-1168474.671083355,1809236.1580408872,10
-1168011.3583668275,1809236.1580408872,10
-1167548.0456503,1809236.1580408872,10
-1167084.7329337727,1809236.1580408872,10
-1166621.4202172451,1809236.1580408872,10
-1166158.1075007175,1809236.1580408872,10
-1165694.7947841901,1809236.1580408872,10
-1165231.4820676625,1809236.1580408872,10
-1164768.1693511351,1809236.1580408872,10
-1164304.8566346075,1809236.1580408872,10
-1163841.5439180802,1809236.1580408872,10
-1163378.2312015526,1809236.1580408872,10
-1162914.9184850252,1809236.1580408872,10
-1162451.6057684976,1809236.1580408872,10
-1161988.2930519702,1809236.1580408872,10
-1161524.9803354426,1809236.1580408872,10
-1161061.6676189152,1809236.1580408872,10
-1160598.3549023876,1809236.1580408872,10
-1160135.0421858602,1809236.1580408872,10
-1159671.7294693326,1809236.1580408872,10
-1159208.416752805,1809236.1580408872,10
-1158745.1040362776,1809236.1580408872,10
-1158281.79131975,1809236.1580408872,10
-1157818.4786032226,1809236.1580408872,10
-1157355.165886695,1809236.1580408872,10
-1325074.3692696502,1808772.8453243596,10
-1324611.0565531226,1808772.8453243596,10
-1324147.7438365952,1808772.8453243596,16
-1323684.4311200676,1808772.8453243596,16
-1323221.11840354,1808772.8453243596,16
-1322757.8056870126,1808772.8453243596,16
-1322294.492970485,1808772.8453243596,16
-1321831.1802539576,1808772.8453243596,16
-1321367.86753743,1808772.8453243596,16
-1320904.5548209026,1808772.8453243596,16
-1320441.242104375,1808772.8453243596,16
-1319977.9293878477,1808772.8453243596,10
-1319514.61667132,1808772.8453243596,10
-1319051.3039547927,1808772.8453243596,10
-1318587.991238265,1808772.8453243596,10
-1318124.6785217377,1808772.8453243596,10
-1317661.36580521,1808772.8453243596,16
-1317198.0530886827,1808772.8453243596,16
-1316734.740372155,1808772.8453243596,16
-1316271.4276556277,1808772.8453243596,16
-1315808.1149391,1808772.8453243596,10
-1315344.8022225727,1808772.8453243596,10
-1314881.4895060451,1808772.8453243596,16
-1314418.1767895175,1808772.8453243596,16
-1313954.8640729901,1808772.8453243596,16
-1313491.5513564625,1808772.8453243596,16
-1313028.2386399352,1808772.8453243596,16
-1312564.9259234075,1808772.8453243596,10
-1312101.6132068802,1808772.8453243596,10
-1311638.3004903526,1808772.8453243596,10
-1311174.9877738252,1808772.8453243596,10
-1310711.6750572976,1808772.8453243596,16
-1310248.3623407702,1808772.8453243596,16
-1309785.0496242426,1808772.8453243596,16
-1309321.7369077152,1808772.8453243596,10
-1308858.4241911876,1808772.8453243596,10
-1308395.1114746602,1808772.8453243596,10
-1307931.7987581326,1808772.8453243596,10
-1307468.486041605,1808772.8453243596,16
-1307005.1733250776,1808772.8453243596,16
-1306541.86060855,1808772.8453243596,10
-1306078.5478920226,1808772.8453243596,10
-1305615.235175495,1808772.8453243596,10
-1305151.9224589677,1808772.8453243596,10
-1304688.60974244,1808772.8453243596,16
-1304225.2970259127,1808772.8453243596,16
-1303761.984309385,1808772.8453243596,16
-1303298.6715928577,1808772.8453243596,16
-1302835.35887633,1808772.8453243596,16
-1302372.0461598027,1808772.8453243596,16
-1301908.733443275,1808772.8453243596,10
-1301445.4207267477,1808772.8453243596,10
-1300982.10801022,1808772.8453243596,10
-1300518.7952936925,1808772.8453243596,10
-1300055.4825771651,1808772.8453243596,10
-1299592.1698606375,1808772.8453243596,10
-1299128.8571441101,1808772.8453243596,10
-1298665.5444275825,1808772.8453243596,10
-1298202.2317110552,1808772.8453243596,10
-1297738.9189945275,1808772.8453243596,10
-1297275.6062780002,1808772.8453243596,16
-1296812.2935614726,1808772.8453243596,16
-1296348.9808449452,1808772.8453243596,16
-1295885.6681284176,1808772.8453243596,16
-1295422.3554118902,1808772.8453243596,10
-1294959.0426953626,1808772.8453243596,10
-1294495.7299788352,1808772.8453243596,10
-1294032.4172623076,1808772.8453243596,10
-1293569.10454578,1808772.8453243596,10
-1293105.7918292526,1808772.8453243596,10
-1292642.479112725,1808772.8453243596,16
-1292179.1663961976,1808772.8453243596,16
-1291715.85367967,1808772.8453243596,10
-1291252.5409631426,1808772.8453243596,7
-1290789.228246615,1808772.8453243596,10
-1290325.9155300877,1808772.8453243596,10
-1289862.60281356,1808772.8453243596,10
-1289399.2900970327,1808772.8453243596,10
-1288935.977380505,1808772.8453243596,10
-1288472.6646639777,1808772.8453243596,10
-1288009.35194745,1808772.8453243596,10
-1287546.0392309227,1808772.8453243596,10
-1287082.726514395,1808772.8453243596,10
-1286619.4137978677,1808772.8453243596,10
-1286156.10108134,1808772.8453243596,10
-1285692.7883648127,1808772.8453243596,10
-1285229.4756482851,1808772.8453243596,10
-1284766.1629317575,1808772.8453243596,10
-1284302.8502152301,1808772.8453243596,10
-1283839.5374987025,1808772.8453243596,10
-1283376.2247821752,1808772.8453243596,10
-1282912.9120656475,1808772.8453243596,10
-1282449.5993491202,1808772.8453243596,10
-1281986.2866325926,1808772.8453243596,10
-1281522.9739160652,1808772.8453243596,10
-1281059.6611995376,1808772.8453243596,10
-1280596.3484830102,1808772.8453243596,10
-1280133.0357664826,1808772.8453243596,10
-1279669.7230499552,1808772.8453243596,10
-1279206.4103334276,1808772.8453243596,10
-1278743.0976169002,1808772.8453243596,10
-1278279.7849003726,1808772.8453243596,10
-1277816.472183845,1808772.8453243596,10
-1277353.1594673176,1808772.8453243596,10
-1276889.84675079,1808772.8453243596,10
-1276426.5340342626,1808772.8453243596,10
-1275963.221317735,1808772.8453243596,10
-1275499.9086012077,1808772.8453243596,10
-1275036.59588468,1808772.8453243596,10
-1274573.2831681527,1808772.8453243596,10
-1274109.970451625,1808772.8453243596,10
-1273646.6577350977,1808772.8453243596,10
-1273183.34501857,1808772.8453243596,10
-1272720.0323020427,1808772.8453243596,10
-1272256.719585515,1808772.8453243596,10
-1271793.4068689877,1808772.8453243596,10
-1271330.09415246,1808772.8453243596,10
-1270866.7814359325,1808772.8453243596,10
-1270403.4687194051,1808772.8453243596,10
-1269940.1560028775,1808772.8453243596,10
-1269476.8432863501,1808772.8453243596,10
-1269013.5305698225,1808772.8453243596,10
-1268550.2178532952,1808772.8453243596,10
-1268086.9051367675,1808772.8453243596,10
-1267623.5924202402,1808772.8453243596,10
-1267160.2797037126,1808772.8453243596,10
-1266696.9669871852,1808772.8453243596,10
-1266233.6542706576,1808772.8453243596,10
-1265770.3415541302,1808772.8453243596,10
-1265307.0288376026,1808772.8453243596,10
-1264843.7161210752,1808772.8453243596,10
-1264380.4034045476,1808772.8453243596,10
-1263917.09068802,1808772.8453243596,10
-1263453.7779714926,1808772.8453243596,10
-1262990.465254965,1808772.8453243596,10
-1262527.1525384376,1808772.8453243596,10
-1262063.83982191,1808772.8453243596,10
-1261600.5271053826,1808772.8453243596,10
-1261137.214388855,1808772.8453243596,10
-1260673.9016723277,1808772.8453243596,10
-1260210.5889558,1808772.8453243596,10
-1259747.2762392727,1808772.8453243596,10
-1259283.963522745,1808772.8453243596,10
-1258820.6508062177,1808772.8453243596,10
-1258357.33808969,1808772.8453243596,10
-1257894.0253731627,1808772.8453243596,10
-1257430.712656635,1808772.8453243596,10
-1256967.3999401077,1808772.8453243596,10
-1256504.08722358,1808772.8453243596,10
-1256040.7745070527,1808772.8453243596,10
-1255577.4617905251,1808772.8453243596,10
-1255114.1490739975,1808772.8453243596,10
-1254650.8363574701,1808772.8453243596,10
-1254187.5236409425,1808772.8453243596,10
-1253724.2109244152,1808772.8453243596,10
-1253260.8982078875,1808772.8453243596,10
-1252797.5854913602,1808772.8453243596,10
-1252334.2727748326,1808772.8453243596,10
-1251870.9600583052,1808772.8453243596,10
-1251407.6473417776,1808772.8453243596,10
-1250944.3346252502,1808772.8453243596,10
-1250481.0219087226,1808772.8453243596,10
-1250017.7091921952,1808772.8453243596,10
-1249554.3964756676,1808772.8453243596,10
-1249091.0837591402,1808772.8453243596,10
-1248627.7710426126,1808772.8453243596,10
-1248164.458326085,1808772.8453243596,10
-1247701.1456095576,1808772.8453243596,10
-1247237.83289303,1808772.8453243596,10
-1246774.5201765026,1808772.8453243596,10
-1246311.207459975,1808772.8453243596,10
-1245847.8947434477,1808772.8453243596,10
-1245384.58202692,1808772.8453243596,10
-1244921.2693103927,1808772.8453243596,10
-1244457.956593865,1808772.8453243596,10
-1243994.6438773377,1808772.8453243596,10
-1243531.33116081,1808772.8453243596,10
-1243068.0184442827,1808772.8453243596,10
-1242604.705727755,1808772.8453243596,10
-1242141.3930112277,1808772.8453243596,10
-1241678.0802947,1808772.8453243596,10
-1241214.7675781725,1808772.8453243596,10
-1240751.4548616451,1808772.8453243596,10
-1240288.1421451175,1808772.8453243596,10
-1239824.8294285901,1808772.8453243596,10
-1239361.5167120625,1808772.8453243596,10
-1238898.2039955352,1808772.8453243596,10
-1238434.8912790075,1808772.8453243596,10
-1237971.5785624802,1808772.8453243596,10
-1237508.2658459526,1808772.8453243596,10
-1237044.9531294252,1808772.8453243596,10
-1236581.6404128976,1808772.8453243596,10
-1236118.3276963702,1808772.8453243596,10
-1235655.0149798426,1808772.8453243596,10
-1235191.7022633152,1808772.8453243596,10
-1234728.3895467876,1808772.8453243596,10
-1234265.07683026,1808772.8453243596,10
-1233801.7641137326,1808772.8453243596,10
-1233338.4513972052,1808772.8453243596,10
-1232875.1386806776,1808772.8453243596,10
-1232411.82596415,1808772.8453243596,10
-1231948.5132476226,1808772.8453243596,10
-1231485.200531095,1808772.8453243596,10
-1231021.8878145677,1808772.8453243596,10
-1230558.57509804,1808772.8453243596,10
-1230095.2623815127,1808772.8453243596,10
-1229631.949664985,1808772.8453243596,10
-1229168.6369484577,1808772.8453243596,10
-1228705.32423193,1808772.8453243596,10
-1228242.0115154027,1808772.8453243596,10
-1227778.698798875,1808772.8453243596,10
-1227315.3860823475,1808772.8453243596,10
-1226852.07336582,1808772.8453243596,10
-1226388.7606492927,1808772.8453243596,10
-1225925.4479327651,1808772.8453243596,10
-1225462.1352162375,1808772.8453243596,10
-1224998.8224997101,1808772.8453243596,10
-1224535.5097831825,1808772.8453243596,10
-1224072.1970666551,1808772.8453243596,10
-1223608.8843501275,1808772.8453243596,10
-1223145.5716336002,1808772.8453243596,10
-1222682.2589170726,1808772.8453243596,10
-1222218.9462005452,1808772.8453243596,10
-1221755.6334840176,1808772.8453243596,10
-1221292.3207674902,1808772.8453243596,10
-1220829.0080509626,1808772.8453243596,10
-1220365.6953344352,1808772.8453243596,10
-1219902.3826179076,1808772.8453243596,10
-1219439.0699013802,1808772.8453243596,10
-1218975.7571848526,1808772.8453243596,10
-1218512.444468325,1808772.8453243596,10
-1218049.1317517976,1808772.8453243596,10
-1217585.81903527,1808772.8453243596,10
-1217122.5063187426,1808772.8453243596,10
-1216659.193602215,1808772.8453243596,10
-1216195.8808856877,1808772.8453243596,10
-1215732.56816916,1808772.8453243596,10
-1215269.2554526327,1808772.8453243596,10
-1214805.942736105,1808772.8453243596,10
-1214342.6300195777,1808772.8453243596,10
-1213879.31730305,1808772.8453243596,10
-1213416.0045865227,1808772.8453243596,10
-1212952.691869995,1808772.8453243596,10
-1212489.3791534677,1808772.8453243596,10
-1212026.06643694,1808772.8453243596,10
-1211562.7537204125,1808772.8453243596,10
-1211099.4410038851,1808772.8453243596,10
-1210636.1282873575,1808772.8453243596,10
-1210172.8155708301,1808772.8453243596,10
-1209709.5028543025,1808772.8453243596,10
-1209246.1901377751,1808772.8453243596,10
-1208782.8774212475,1808772.8453243596,10
-1208319.5647047202,1808772.8453243596,10
-1207856.2519881926,1808772.8453243596,10
-1207392.9392716652,1808772.8453243596,10
-1206929.6265551376,1808772.8453243596,10
-1206466.3138386102,1808772.8453243596,10
-1206003.0011220826,1808772.8453243596,10
-1205539.6884055552,1808772.8453243596,10
-1205076.3756890276,1808772.8453243596,10
-1204613.0629725,1808772.8453243596,10
-1204149.7502559726,1808772.8453243596,10
-1203686.4375394452,1808772.8453243596,10
-1203223.1248229176,1808772.8453243596,10
-1202759.81210639,1808772.8453243596,10
-1202296.4993898626,1808772.8453243596,10
-1201833.186673335,1808772.8453243596,10
-1201369.8739568077,1808772.8453243596,10
-1200906.56124028,1808772.8453243596,10
-1200443.2485237527,1808772.8453243596,10
-1199979.935807225,1808772.8453243596,10
-1199516.6230906977,1808772.8453243596,10
-1199053.31037417,1808772.8453243596,10
-1198589.9976576427,1808772.8453243596,10
-1198126.684941115,1808772.8453243596,10
-1197663.3722245875,1808772.8453243596,10
-1197200.05950806,1808772.8453243596,10
-1196736.7467915327,1808772.8453243596,10
-1196273.4340750051,1808772.8453243596,10
-1195810.1213584775,1808772.8453243596,10
-1195346.8086419501,1808772.8453243596,10
-1194883.4959254225,1808772.8453243596,10
-1194420.1832088951,1808772.8453243596,10
-1193956.8704923675,1808772.8453243596,10
-1193493.5577758402,1808772.8453243596,10
-1193030.2450593126,1808772.8453243596,10
-1192566.9323427852,1808772.8453243596,10
-1192103.6196262576,1808772.8453243596,10
-1191640.3069097302,1808772.8453243596,10
-1191176.9941932026,1808772.8453243596,10
-1190713.6814766752,1808772.8453243596,10
-1190250.3687601476,1808772.8453243596,10
-1189787.0560436202,1808772.8453243596,10
-1189323.7433270926,1808772.8453243596,10
-1188860.430610565,1808772.8453243596,10
-1188397.1178940376,1808772.8453243596,10
-1187933.80517751,1808772.8453243596,10
-1187470.4924609826,1808772.8453243596,10
-1187007.179744455,1808772.8453243596,10
-1186543.8670279277,1808772.8453243596,10
-1186080.5543114,1808772.8453243596,10
-1185617.2415948727,1808772.8453243596,10
-1185153.928878345,1808772.8453243596,10
-1184690.6161618177,1808772.8453243596,10
-1184227.30344529,1808772.8453243596,10
-1183763.9907287627,1808772.8453243596,10
-1183300.678012235,1808772.8453243596,10
-1182837.3652957077,1808772.8453243596,10
-1182374.05257918,1808772.8453243596,10
-1181910.7398626525,1808772.8453243596,10
-1181447.4271461251,1808772.8453243596,10
-1180984.1144295975,1808772.8453243596,10
-1180520.8017130701,1808772.8453243596,10
-1180057.4889965425,1808772.8453243596,10
-1179594.1762800151,1808772.8453243596,10
-1179130.8635634875,1808772.8453243596,10
-1178667.5508469602,1808772.8453243596,10
-1178204.2381304326,1808772.8453243596,10
-1177740.9254139052,1808772.8453243596,10
-1177277.6126973776,1808772.8453243596,10
-1176814.2999808502,1808772.8453243596,10
-1176350.9872643226,1808772.8453243596,10
-1175887.6745477952,1808772.8453243596,10
-1175424.3618312676,1808772.8453243596,10
-1174961.04911474,1808772.8453243596,10
-1174497.7363982126,1808772.8453243596,10
-1174034.4236816852,1808772.8453243596,10
-1173571.1109651576,1808772.8453243596,10
-1173107.79824863,1808772.8453243596,10
-1172644.4855321026,1808772.8453243596,10
-1172181.172815575,1808772.8453243596,10
-1171717.8600990477,1808772.8453243596,10
-1171254.54738252,1808772.8453243596,10
-1170791.2346659927,1808772.8453243596,10
-1170327.921949465,1808772.8453243596,10
-1169864.6092329377,1808772.8453243596,10
-1169401.29651641,1808772.8453243596,10
-1168937.9837998827,1808772.8453243596,10
-1168474.671083355,1808772.8453243596,10
-1168011.3583668275,1808772.8453243596,10
-1167548.0456503,1808772.8453243596,10
-1167084.7329337727,1808772.8453243596,10
-1166621.4202172451,1808772.8453243596,10
-1166158.1075007175,1808772.8453243596,10
-1165694.7947841901,1808772.8453243596,10
-1165231.4820676625,1808772.8453243596,10
-1164768.1693511351,1808772.8453243596,10
-1164304.8566346075,1808772.8453243596,10
-1163841.5439180802,1808772.8453243596,10
-1163378.2312015526,1808772.8453243596,10
-1162914.9184850252,1808772.8453243596,10
-1162451.6057684976,1808772.8453243596,10
-1161988.2930519702,1808772.8453243596,10
-1161524.9803354426,1808772.8453243596,10
-1161061.6676189152,1808772.8453243596,10
-1160598.3549023876,1808772.8453243596,10
-1160135.0421858602,1808772.8453243596,10
-1159671.7294693326,1808772.8453243596,10
-1159208.416752805,1808772.8453243596,10
-1158745.1040362776,1808772.8453243596,10
-1158281.79131975,1808772.8453243596,10
-1157818.4786032226,1808772.8453243596,10
-1325074.3692696502,1808309.5326078322,10
-1324611.0565531226,1808309.5326078322,10
-1324147.7438365952,1808309.5326078322,16
-1323684.4311200676,1808309.5326078322,16
-1323221.11840354,1808309.5326078322,16
-1322757.8056870126,1808309.5326078322,16
-1322294.492970485,1808309.5326078322,16
-1321831.1802539576,1808309.5326078322,16
-1321367.86753743,1808309.5326078322,16
-1320904.5548209026,1808309.5326078322,16
-1320441.242104375,1808309.5326078322,10
-1319977.9293878477,1808309.5326078322,10
-1319514.61667132,1808309.5326078322,10
-1319051.3039547927,1808309.5326078322,10
-1318587.991238265,1808309.5326078322,10
-1318124.6785217377,1808309.5326078322,10
-1317661.36580521,1808309.5326078322,16
-1317198.0530886827,1808309.5326078322,16
-1316734.740372155,1808309.5326078322,16
-1316271.4276556277,1808309.5326078322,16
-1315808.1149391,1808309.5326078322,10
-1315344.8022225727,1808309.5326078322,10
-1314881.4895060451,1808309.5326078322,16
-1314418.1767895175,1808309.5326078322,16
-1313954.8640729901,1808309.5326078322,16
-1313491.5513564625,1808309.5326078322,10
-1313028.2386399352,1808309.5326078322,10
-1312564.9259234075,1808309.5326078322,10
-1312101.6132068802,1808309.5326078322,10
-1311638.3004903526,1808309.5326078322,10
-1311174.9877738252,1808309.5326078322,16
-1310711.6750572976,1808309.5326078322,16
-1310248.3623407702,1808309.5326078322,16
-1309785.0496242426,1808309.5326078322,16
-1309321.7369077152,1808309.5326078322,16
-1308858.4241911876,1808309.5326078322,10
-1308395.1114746602,1808309.5326078322,10
-1307931.7987581326,1808309.5326078322,10
-1307468.486041605,1808309.5326078322,16
-1307005.1733250776,1808309.5326078322,16
-1306541.86060855,1808309.5326078322,10
-1306078.5478920226,1808309.5326078322,10
-1305615.235175495,1808309.5326078322,10
-1305151.9224589677,1808309.5326078322,10
-1304688.60974244,1808309.5326078322,16
-1304225.2970259127,1808309.5326078322,10
-1303761.984309385,1808309.5326078322,10
-1303298.6715928577,1808309.5326078322,16
-1302835.35887633,1808309.5326078322,16
-1302372.0461598027,1808309.5326078322,10
-1301908.733443275,1808309.5326078322,10
-1301445.4207267477,1808309.5326078322,10
-1300982.10801022,1808309.5326078322,10
-1300518.7952936925,1808309.5326078322,10
-1300055.4825771651,1808309.5326078322,10
-1299592.1698606375,1808309.5326078322,10
-1299128.8571441101,1808309.5326078322,10
-1298665.5444275825,1808309.5326078322,10
-1298202.2317110552,1808309.5326078322,10
-1297738.9189945275,1808309.5326078322,16
-1297275.6062780002,1808309.5326078322,16
-1296812.2935614726,1808309.5326078322,16
-1296348.9808449452,1808309.5326078322,16
-1295885.6681284176,1808309.5326078322,16
-1295422.3554118902,1808309.5326078322,16
-1294959.0426953626,1808309.5326078322,16
-1294495.7299788352,1808309.5326078322,16
-1294032.4172623076,1808309.5326078322,16
-1293569.10454578,1808309.5326078322,10
-1293105.7918292526,1808309.5326078322,10
-1292642.479112725,1808309.5326078322,16
-1292179.1663961976,1808309.5326078322,16
-1291715.85367967,1808309.5326078322,10
-1291252.5409631426,1808309.5326078322,10
-1290789.228246615,1808309.5326078322,10
-1290325.9155300877,1808309.5326078322,10
-1289862.60281356,1808309.5326078322,10
-1289399.2900970327,1808309.5326078322,10
-1288935.977380505,1808309.5326078322,10
-1288472.6646639777,1808309.5326078322,10
-1288009.35194745,1808309.5326078322,10
-1287546.0392309227,1808309.5326078322,16
-1287082.726514395,1808309.5326078322,16
-1286619.4137978677,1808309.5326078322,10
-1286156.10108134,1808309.5326078322,10
-1285692.7883648127,1808309.5326078322,10
-1285229.4756482851,1808309.5326078322,10
-1284766.1629317575,1808309.5326078322,10
-1284302.8502152301,1808309.5326078322,10
-1283839.5374987025,1808309.5326078322,10
-1283376.2247821752,1808309.5326078322,10
-1282912.9120656475,1808309.5326078322,10
-1282449.5993491202,1808309.5326078322,10
-1281986.2866325926,1808309.5326078322,10
-1281522.9739160652,1808309.5326078322,10
-1281059.6611995376,1808309.5326078322,10
-1280596.3484830102,1808309.5326078322,10
-1280133.0357664826,1808309.5326078322,10
-1279669.7230499552,1808309.5326078322,10
-1279206.4103334276,1808309.5326078322,10
-1278743.0976169002,1808309.5326078322,10
-1278279.7849003726,1808309.5326078322,10
-1277816.472183845,1808309.5326078322,10
-1277353.1594673176,1808309.5326078322,10
-1276889.84675079,1808309.5326078322,10
-1276426.5340342626,1808309.5326078322,10
-1275963.221317735,1808309.5326078322,10
-1275499.9086012077,1808309.5326078322,10
-1275036.59588468,1808309.5326078322,10
-1274573.2831681527,1808309.5326078322,10
-1274109.970451625,1808309.5326078322,10
-1273646.6577350977,1808309.5326078322,10
-1273183.34501857,1808309.5326078322,10
-1272720.0323020427,1808309.5326078322,10
-1272256.719585515,1808309.5326078322,10
-1271793.4068689877,1808309.5326078322,10
-1271330.09415246,1808309.5326078322,10
-1270866.7814359325,1808309.5326078322,10
-1270403.4687194051,1808309.5326078322,10
-1269940.1560028775,1808309.5326078322,10
-1269476.8432863501,1808309.5326078322,10
-1269013.5305698225,1808309.5326078322,10
-1268550.2178532952,1808309.5326078322,10
-1268086.9051367675,1808309.5326078322,10
-1267623.5924202402,1808309.5326078322,10
-1267160.2797037126,1808309.5326078322,10
-1266696.9669871852,1808309.5326078322,10
-1266233.6542706576,1808309.5326078322,10
-1265770.3415541302,1808309.5326078322,10
-1265307.0288376026,1808309.5326078322,10
-1264843.7161210752,1808309.5326078322,10
-1264380.4034045476,1808309.5326078322,10
-1263917.09068802,1808309.5326078322,10
-1263453.7779714926,1808309.5326078322,10
-1262990.465254965,1808309.5326078322,10
-1262527.1525384376,1808309.5326078322,10
-1262063.83982191,1808309.5326078322,10
-1261600.5271053826,1808309.5326078322,10
-1261137.214388855,1808309.5326078322,10
-1260673.9016723277,1808309.5326078322,10
-1260210.5889558,1808309.5326078322,10
-1259747.2762392727,1808309.5326078322,10
-1259283.963522745,1808309.5326078322,10
-1258820.6508062177,1808309.5326078322,10
-1258357.33808969,1808309.5326078322,10
-1257894.0253731627,1808309.5326078322,10
-1257430.712656635,1808309.5326078322,10
-1256967.3999401077,1808309.5326078322,10
-1256504.08722358,1808309.5326078322,10
-1256040.7745070527,1808309.5326078322,10
-1255577.4617905251,1808309.5326078322,10
-1255114.1490739975,1808309.5326078322,10
-1254650.8363574701,1808309.5326078322,10
-1254187.5236409425,1808309.5326078322,10
-1253724.2109244152,1808309.5326078322,10
-1253260.8982078875,1808309.5326078322,10
-1252797.5854913602,1808309.5326078322,10
-1252334.2727748326,1808309.5326078322,10
-1251870.9600583052,1808309.5326078322,10
-1251407.6473417776,1808309.5326078322,10
-1250944.3346252502,1808309.5326078322,10
-1250481.0219087226,1808309.5326078322,10
-1250017.7091921952,1808309.5326078322,10
-1249554.3964756676,1808309.5326078322,10
-1249091.0837591402,1808309.5326078322,10
-1248627.7710426126,1808309.5326078322,10
-1248164.458326085,1808309.5326078322,10
-1247701.1456095576,1808309.5326078322,10
-1247237.83289303,1808309.5326078322,10
-1246774.5201765026,1808309.5326078322,10
-1246311.207459975,1808309.5326078322,10
-1245847.8947434477,1808309.5326078322,10
-1245384.58202692,1808309.5326078322,10
-1244921.2693103927,1808309.5326078322,10
-1244457.956593865,1808309.5326078322,10
-1243994.6438773377,1808309.5326078322,10
-1243531.33116081,1808309.5326078322,10
-1243068.0184442827,1808309.5326078322,10
-1242604.705727755,1808309.5326078322,10
-1242141.3930112277,1808309.5326078322,10
-1241678.0802947,1808309.5326078322,10
-1241214.7675781725,1808309.5326078322,10
-1240751.4548616451,1808309.5326078322,10
-1240288.1421451175,1808309.5326078322,10
-1239824.8294285901,1808309.5326078322,10
-1239361.5167120625,1808309.5326078322,10
-1238898.2039955352,1808309.5326078322,10
-1238434.8912790075,1808309.5326078322,10
-1237971.5785624802,1808309.5326078322,10
-1237508.2658459526,1808309.5326078322,10
-1237044.9531294252,1808309.5326078322,10
-1236581.6404128976,1808309.5326078322,10
-1236118.3276963702,1808309.5326078322,10
-1235655.0149798426,1808309.5326078322,10
-1235191.7022633152,1808309.5326078322,10
-1234728.3895467876,1808309.5326078322,10
-1234265.07683026,1808309.5326078322,10
-1233801.7641137326,1808309.5326078322,10
-1233338.4513972052,1808309.5326078322,10
-1232875.1386806776,1808309.5326078322,10
-1232411.82596415,1808309.5326078322,10
-1231948.5132476226,1808309.5326078322,10
-1231485.200531095,1808309.5326078322,10
-1231021.8878145677,1808309.5326078322,10
-1230558.57509804,1808309.5326078322,10
-1230095.2623815127,1808309.5326078322,10
-1229631.949664985,1808309.5326078322,10
-1229168.6369484577,1808309.5326078322,10
-1228705.32423193,1808309.5326078322,10
-1228242.0115154027,1808309.5326078322,10
-1227778.698798875,1808309.5326078322,10
-1227315.3860823475,1808309.5326078322,10
-1226852.07336582,1808309.5326078322,10
-1226388.7606492927,1808309.5326078322,10
-1225925.4479327651,1808309.5326078322,10
-1225462.1352162375,1808309.5326078322,10
-1224998.8224997101,1808309.5326078322,10
-1224535.5097831825,1808309.5326078322,10
-1224072.1970666551,1808309.5326078322,10
-1223608.8843501275,1808309.5326078322,10
-1223145.5716336002,1808309.5326078322,10
-1222682.2589170726,1808309.5326078322,10
-1222218.9462005452,1808309.5326078322,10
-1221755.6334840176,1808309.5326078322,10
-1221292.3207674902,1808309.5326078322,10
-1220829.0080509626,1808309.5326078322,10
-1220365.6953344352,1808309.5326078322,10
-1219902.3826179076,1808309.5326078322,10
-1219439.0699013802,1808309.5326078322,10
-1218975.7571848526,1808309.5326078322,10
-1218512.444468325,1808309.5326078322,10
-1218049.1317517976,1808309.5326078322,10
-1217585.81903527,1808309.5326078322,10
-1217122.5063187426,1808309.5326078322,10
-1216659.193602215,1808309.5326078322,10
-1216195.8808856877,1808309.5326078322,10
-1215732.56816916,1808309.5326078322,10
-1215269.2554526327,1808309.5326078322,10
-1214805.942736105,1808309.5326078322,10
-1214342.6300195777,1808309.5326078322,10
-1213879.31730305,1808309.5326078322,10
-1213416.0045865227,1808309.5326078322,10
-1212952.691869995,1808309.5326078322,10
-1212489.3791534677,1808309.5326078322,10
-1212026.06643694,1808309.5326078322,10
-1211562.7537204125,1808309.5326078322,10
-1211099.4410038851,1808309.5326078322,10
-1210636.1282873575,1808309.5326078322,10
-1210172.8155708301,1808309.5326078322,10
-1209709.5028543025,1808309.5326078322,10
-1209246.1901377751,1808309.5326078322,10
-1208782.8774212475,1808309.5326078322,10
-1208319.5647047202,1808309.5326078322,10
-1207856.2519881926,1808309.5326078322,10
-1207392.9392716652,1808309.5326078322,10
-1206929.6265551376,1808309.5326078322,10
-1206466.3138386102,1808309.5326078322,10
-1206003.0011220826,1808309.5326078322,10
-1205539.6884055552,1808309.5326078322,10
-1205076.3756890276,1808309.5326078322,10
-1204613.0629725,1808309.5326078322,10
-1204149.7502559726,1808309.5326078322,10
-1203686.4375394452,1808309.5326078322,10
-1203223.1248229176,1808309.5326078322,10
-1202759.81210639,1808309.5326078322,10
-1202296.4993898626,1808309.5326078322,10
-1201833.186673335,1808309.5326078322,10
-1201369.8739568077,1808309.5326078322,10
-1200906.56124028,1808309.5326078322,10
-1200443.2485237527,1808309.5326078322,10
-1199979.935807225,1808309.5326078322,10
-1199516.6230906977,1808309.5326078322,10
-1199053.31037417,1808309.5326078322,10
-1198589.9976576427,1808309.5326078322,10
-1198126.684941115,1808309.5326078322,10
-1197663.3722245875,1808309.5326078322,10
-1197200.05950806,1808309.5326078322,10
-1196736.7467915327,1808309.5326078322,10
-1196273.4340750051,1808309.5326078322,10
-1195810.1213584775,1808309.5326078322,10
-1195346.8086419501,1808309.5326078322,10
-1194883.4959254225,1808309.5326078322,10
-1194420.1832088951,1808309.5326078322,10
-1193956.8704923675,1808309.5326078322,10
-1193493.5577758402,1808309.5326078322,10
-1193030.2450593126,1808309.5326078322,10
-1192566.9323427852,1808309.5326078322,10
-1192103.6196262576,1808309.5326078322,10
-1191640.3069097302,1808309.5326078322,10
-1191176.9941932026,1808309.5326078322,10
-1190713.6814766752,1808309.5326078322,10
-1190250.3687601476,1808309.5326078322,10
-1189787.0560436202,1808309.5326078322,10
-1189323.7433270926,1808309.5326078322,10
-1188860.430610565,1808309.5326078322,10
-1188397.1178940376,1808309.5326078322,10
-1187933.80517751,1808309.5326078322,10
-1187470.4924609826,1808309.5326078322,10
-1187007.179744455,1808309.5326078322,10
-1186543.8670279277,1808309.5326078322,10
-1186080.5543114,1808309.5326078322,10
-1185617.2415948727,1808309.5326078322,10
-1185153.928878345,1808309.5326078322,10
-1184690.6161618177,1808309.5326078322,10
-1184227.30344529,1808309.5326078322,10
-1183763.9907287627,1808309.5326078322,10
-1183300.678012235,1808309.5326078322,10
-1182837.3652957077,1808309.5326078322,10
-1182374.05257918,1808309.5326078322,10
-1181910.7398626525,1808309.5326078322,10
-1181447.4271461251,1808309.5326078322,10
-1180984.1144295975,1808309.5326078322,10
-1180520.8017130701,1808309.5326078322,10
-1180057.4889965425,1808309.5326078322,10
-1179594.1762800151,1808309.5326078322,10
-1179130.8635634875,1808309.5326078322,10
-1178667.5508469602,1808309.5326078322,10
-1178204.2381304326,1808309.5326078322,10
-1177740.9254139052,1808309.5326078322,10
-1177277.6126973776,1808309.5326078322,10
-1176814.2999808502,1808309.5326078322,10
-1176350.9872643226,1808309.5326078322,10
-1175887.6745477952,1808309.5326078322,10
-1175424.3618312676,1808309.5326078322,10
-1174961.04911474,1808309.5326078322,10
-1174497.7363982126,1808309.5326078322,10
-1174034.4236816852,1808309.5326078322,10
-1173571.1109651576,1808309.5326078322,10
-1173107.79824863,1808309.5326078322,10
-1172644.4855321026,1808309.5326078322,10
-1172181.172815575,1808309.5326078322,10
-1171717.8600990477,1808309.5326078322,10
-1171254.54738252,1808309.5326078322,10
-1170791.2346659927,1808309.5326078322,10
-1170327.921949465,1808309.5326078322,10
-1169864.6092329377,1808309.5326078322,10
-1169401.29651641,1808309.5326078322,10
-1168937.9837998827,1808309.5326078322,10
-1168474.671083355,1808309.5326078322,10
-1168011.3583668275,1808309.5326078322,10
-1167548.0456503,1808309.5326078322,10
-1167084.7329337727,1808309.5326078322,10
-1166621.4202172451,1808309.5326078322,10
-1166158.1075007175,1808309.5326078322,10
-1165694.7947841901,1808309.5326078322,10
-1165231.4820676625,1808309.5326078322,10
-1164768.1693511351,1808309.5326078322,10
-1164304.8566346075,1808309.5326078322,10
-1163841.5439180802,1808309.5326078322,10
-1163378.2312015526,1808309.5326078322,10
-1162914.9184850252,1808309.5326078322,10
-1162451.6057684976,1808309.5326078322,10
-1161988.2930519702,1808309.5326078322,10
-1161524.9803354426,1808309.5326078322,10
-1161061.6676189152,1808309.5326078322,10
-1160598.3549023876,1808309.5326078322,10
-1160135.0421858602,1808309.5326078322,10
-1159671.7294693326,1808309.5326078322,10
-1159208.416752805,1808309.5326078322,10
-1158745.1040362776,1808309.5326078322,10
-1158281.79131975,1808309.5326078322,10
-1325537.6819861776,1807846.2198913046,10
-1325074.3692696502,1807846.2198913046,10
-1324611.0565531226,1807846.2198913046,10
-1324147.7438365952,1807846.2198913046,16
-1323684.4311200676,1807846.2198913046,16
-1323221.11840354,1807846.2198913046,16
-1322757.8056870126,1807846.2198913046,16
-1322294.492970485,1807846.2198913046,16
-1321831.1802539576,1807846.2198913046,16
-1321367.86753743,1807846.2198913046,16
-1320904.5548209026,1807846.2198913046,10
-1320441.242104375,1807846.2198913046,10
-1319977.9293878477,1807846.2198913046,10
-1319514.61667132,1807846.2198913046,10
-1319051.3039547927,1807846.2198913046,10
-1318587.991238265,1807846.2198913046,16
-1318124.6785217377,1807846.2198913046,16
-1317661.36580521,1807846.2198913046,16
-1317198.0530886827,1807846.2198913046,16
-1316734.740372155,1807846.2198913046,16
-1316271.4276556277,1807846.2198913046,16
-1315808.1149391,1807846.2198913046,10
-1315344.8022225727,1807846.2198913046,10
-1314881.4895060451,1807846.2198913046,10
-1314418.1767895175,1807846.2198913046,10
-1313954.8640729901,1807846.2198913046,10
-1313491.5513564625,1807846.2198913046,10
-1313028.2386399352,1807846.2198913046,10
-1312564.9259234075,1807846.2198913046,10
-1312101.6132068802,1807846.2198913046,10
-1311638.3004903526,1807846.2198913046,10
-1311174.9877738252,1807846.2198913046,16
-1310711.6750572976,1807846.2198913046,16
-1310248.3623407702,1807846.2198913046,16
-1309785.0496242426,1807846.2198913046,16
-1309321.7369077152,1807846.2198913046,16
-1308858.4241911876,1807846.2198913046,10
-1308395.1114746602,1807846.2198913046,10
-1307931.7987581326,1807846.2198913046,10
-1307468.486041605,1807846.2198913046,16
-1307005.1733250776,1807846.2198913046,16
-1306541.86060855,1807846.2198913046,10
-1306078.5478920226,1807846.2198913046,10
-1305615.235175495,1807846.2198913046,10
-1305151.9224589677,1807846.2198913046,10
-1304688.60974244,1807846.2198913046,10
-1304225.2970259127,1807846.2198913046,10
-1303761.984309385,1807846.2198913046,10
-1303298.6715928577,1807846.2198913046,10
-1302835.35887633,1807846.2198913046,10
-1302372.0461598027,1807846.2198913046,10
-1301908.733443275,1807846.2198913046,10
-1301445.4207267477,1807846.2198913046,10
-1300982.10801022,1807846.2198913046,10
-1300518.7952936925,1807846.2198913046,10
-1300055.4825771651,1807846.2198913046,10
-1299592.1698606375,1807846.2198913046,16
-1299128.8571441101,1807846.2198913046,10
-1298665.5444275825,1807846.2198913046,10
-1298202.2317110552,1807846.2198913046,16
-1297738.9189945275,1807846.2198913046,16
-1297275.6062780002,1807846.2198913046,16
-1296812.2935614726,1807846.2198913046,10
-1296348.9808449452,1807846.2198913046,10
-1295885.6681284176,1807846.2198913046,10
-1295422.3554118902,1807846.2198913046,16
-1294959.0426953626,1807846.2198913046,16
-1294495.7299788352,1807846.2198913046,16
-1294032.4172623076,1807846.2198913046,16
-1293569.10454578,1807846.2198913046,16
-1293105.7918292526,1807846.2198913046,16
-1292642.479112725,1807846.2198913046,16
-1292179.1663961976,1807846.2198913046,16
-1291715.85367967,1807846.2198913046,16
-1291252.5409631426,1807846.2198913046,16
-1290789.228246615,1807846.2198913046,16
-1290325.9155300877,1807846.2198913046,10
-1289862.60281356,1807846.2198913046,10
-1289399.2900970327,1807846.2198913046,10
-1288935.977380505,1807846.2198913046,10
-1288472.6646639777,1807846.2198913046,16
-1288009.35194745,1807846.2198913046,10
-1287546.0392309227,1807846.2198913046,10
-1287082.726514395,1807846.2198913046,10
-1286619.4137978677,1807846.2198913046,16
-1286156.10108134,1807846.2198913046,10
-1285692.7883648127,1807846.2198913046,10
-1285229.4756482851,1807846.2198913046,10
-1284766.1629317575,1807846.2198913046,10
-1284302.8502152301,1807846.2198913046,10
-1283839.5374987025,1807846.2198913046,10
-1283376.2247821752,1807846.2198913046,10
-1282912.9120656475,1807846.2198913046,10
-1282449.5993491202,1807846.2198913046,10
-1281986.2866325926,1807846.2198913046,10
-1281522.9739160652,1807846.2198913046,10
-1281059.6611995376,1807846.2198913046,10
-1280596.3484830102,1807846.2198913046,10
-1280133.0357664826,1807846.2198913046,10
-1279669.7230499552,1807846.2198913046,10
-1279206.4103334276,1807846.2198913046,10
-1278743.0976169002,1807846.2198913046,10
-1278279.7849003726,1807846.2198913046,10
-1277816.472183845,1807846.2198913046,10
-1277353.1594673176,1807846.2198913046,10
-1276889.84675079,1807846.2198913046,10
-1276426.5340342626,1807846.2198913046,10
-1275963.221317735,1807846.2198913046,10
-1275499.9086012077,1807846.2198913046,10
-1275036.59588468,1807846.2198913046,10
-1274573.2831681527,1807846.2198913046,10
-1274109.970451625,1807846.2198913046,10
-1273646.6577350977,1807846.2198913046,10
-1273183.34501857,1807846.2198913046,10
-1272720.0323020427,1807846.2198913046,10
-1272256.719585515,1807846.2198913046,10
-1271793.4068689877,1807846.2198913046,10
-1271330.09415246,1807846.2198913046,10
-1270866.7814359325,1807846.2198913046,10
-1270403.4687194051,1807846.2198913046,10
-1269940.1560028775,1807846.2198913046,10
-1269476.8432863501,1807846.2198913046,10
-1269013.5305698225,1807846.2198913046,10
-1268550.2178532952,1807846.2198913046,10
-1268086.9051367675,1807846.2198913046,10
-1267623.5924202402,1807846.2198913046,10
-1267160.2797037126,1807846.2198913046,10
-1266696.9669871852,1807846.2198913046,10
-1266233.6542706576,1807846.2198913046,10
-1265770.3415541302,1807846.2198913046,10
-1265307.0288376026,1807846.2198913046,10
-1264843.7161210752,1807846.2198913046,10
-1264380.4034045476,1807846.2198913046,10
-1263917.09068802,1807846.2198913046,10
-1263453.7779714926,1807846.2198913046,10
-1262990.465254965,1807846.2198913046,10
-1262527.1525384376,1807846.2198913046,10
-1262063.83982191,1807846.2198913046,10
-1261600.5271053826,1807846.2198913046,10
-1261137.214388855,1807846.2198913046,10
-1260673.9016723277,1807846.2198913046,10
-1260210.5889558,1807846.2198913046,10
-1259747.2762392727,1807846.2198913046,10
-1259283.963522745,1807846.2198913046,10
-1258820.6508062177,1807846.2198913046,10
-1258357.33808969,1807846.2198913046,10
-1257894.0253731627,1807846.2198913046,10
-1257430.712656635,1807846.2198913046,10
-1256967.3999401077,1807846.2198913046,10
-1256504.08722358,1807846.2198913046,10
-1256040.7745070527,1807846.2198913046,10
-1255577.4617905251,1807846.2198913046,10
-1255114.1490739975,1807846.2198913046,10
-1254650.8363574701,1807846.2198913046,10
-1254187.5236409425,1807846.2198913046,10
-1253724.2109244152,1807846.2198913046,10
-1253260.8982078875,1807846.2198913046,10
-1252797.5854913602,1807846.2198913046,10
-1252334.2727748326,1807846.2198913046,10
-1251870.9600583052,1807846.2198913046,10
-1251407.6473417776,1807846.2198913046,10
-1250944.3346252502,1807846.2198913046,10
-1250481.0219087226,1807846.2198913046,10
-1250017.7091921952,1807846.2198913046,10
-1249554.3964756676,1807846.2198913046,10
-1249091.0837591402,1807846.2198913046,10
-1248627.7710426126,1807846.2198913046,10
-1248164.458326085,1807846.2198913046,10
-1247701.1456095576,1807846.2198913046,10
-1247237.83289303,1807846.2198913046,10
-1246774.5201765026,1807846.2198913046,10
-1246311.207459975,1807846.2198913046,10
-1245847.8947434477,1807846.2198913046,10
-1245384.58202692,1807846.2198913046,10
-1244921.2693103927,1807846.2198913046,10
-1244457.956593865,1807846.2198913046,10
-1243994.6438773377,1807846.2198913046,10
-1243531.33116081,1807846.2198913046,10
-1243068.0184442827,1807846.2198913046,10
-1242604.705727755,1807846.2198913046,10
-1242141.3930112277,1807846.2198913046,10
-1241678.0802947,1807846.2198913046,10
-1241214.7675781725,1807846.2198913046,10
-1240751.4548616451,1807846.2198913046,10
-1240288.1421451175,1807846.2198913046,10
-1239824.8294285901,1807846.2198913046,10
-1239361.5167120625,1807846.2198913046,10
-1238898.2039955352,1807846.2198913046,10
-1238434.8912790075,1807846.2198913046,10
-1237971.5785624802,1807846.2198913046,10
-1237508.2658459526,1807846.2198913046,10
-1237044.9531294252,1807846.2198913046,10
-1236581.6404128976,1807846.2198913046,10
-1236118.3276963702,1807846.2198913046,10
-1235655.0149798426,1807846.2198913046,10
-1235191.7022633152,1807846.2198913046,10
-1234728.3895467876,1807846.2198913046,10
-1234265.07683026,1807846.2198913046,10
-1233801.7641137326,1807846.2198913046,10
-1233338.4513972052,1807846.2198913046,10
-1232875.1386806776,1807846.2198913046,10
-1232411.82596415,1807846.2198913046,10
-1231948.5132476226,1807846.2198913046,10
-1231485.200531095,1807846.2198913046,10
-1231021.8878145677,1807846.2198913046,10
-1230558.57509804,1807846.2198913046,10
-1230095.2623815127,1807846.2198913046,10
-1229631.949664985,1807846.2198913046,10
-1229168.6369484577,1807846.2198913046,10
-1228705.32423193,1807846.2198913046,10
-1228242.0115154027,1807846.2198913046,10
-1227778.698798875,1807846.2198913046,10
-1227315.3860823475,1807846.2198913046,10
-1226852.07336582,1807846.2198913046,10
-1226388.7606492927,1807846.2198913046,10
-1225925.4479327651,1807846.2198913046,10
-1225462.1352162375,1807846.2198913046,10
-1224998.8224997101,1807846.2198913046,10
-1224535.5097831825,1807846.2198913046,10
-1224072.1970666551,1807846.2198913046,10
-1223608.8843501275,1807846.2198913046,10
-1223145.5716336002,1807846.2198913046,10
-1222682.2589170726,1807846.2198913046,10
-1222218.9462005452,1807846.2198913046,10
-1221755.6334840176,1807846.2198913046,10
-1221292.3207674902,1807846.2198913046,10
-1220829.0080509626,1807846.2198913046,10
-1220365.6953344352,1807846.2198913046,10
-1219902.3826179076,1807846.2198913046,10
-1219439.0699013802,1807846.2198913046,10
-1218975.7571848526,1807846.2198913046,10
-1218512.444468325,1807846.2198913046,10
-1218049.1317517976,1807846.2198913046,10
-1217585.81903527,1807846.2198913046,10
-1217122.5063187426,1807846.2198913046,10
-1216659.193602215,1807846.2198913046,10
-1216195.8808856877,1807846.2198913046,10
-1215732.56816916,1807846.2198913046,10
-1215269.2554526327,1807846.2198913046,10
-1214805.942736105,1807846.2198913046,10
-1214342.6300195777,1807846.2198913046,10
-1213879.31730305,1807846.2198913046,10
-1213416.0045865227,1807846.2198913046,10
-1212952.691869995,1807846.2198913046,10
-1212489.3791534677,1807846.2198913046,10
-1212026.06643694,1807846.2198913046,10
-1211562.7537204125,1807846.2198913046,10
-1211099.4410038851,1807846.2198913046,10
-1210636.1282873575,1807846.2198913046,10
-1210172.8155708301,1807846.2198913046,10
-1209709.5028543025,1807846.2198913046,10
-1209246.1901377751,1807846.2198913046,10
-1208782.8774212475,1807846.2198913046,10
-1208319.5647047202,1807846.2198913046,10
-1207856.2519881926,1807846.2198913046,10
-1207392.9392716652,1807846.2198913046,10
-1206929.6265551376,1807846.2198913046,10
-1206466.3138386102,1807846.2198913046,10
-1206003.0011220826,1807846.2198913046,10
-1205539.6884055552,1807846.2198913046,10
-1205076.3756890276,1807846.2198913046,10
-1204613.0629725,1807846.2198913046,10
-1204149.7502559726,1807846.2198913046,10
-1203686.4375394452,1807846.2198913046,10
-1203223.1248229176,1807846.2198913046,10
-1202759.81210639,1807846.2198913046,10
-1202296.4993898626,1807846.2198913046,10
-1201833.186673335,1807846.2198913046,10
-1201369.8739568077,1807846.2198913046,10
-1200906.56124028,1807846.2198913046,10
-1200443.2485237527,1807846.2198913046,10
-1199979.935807225,1807846.2198913046,10
-1199516.6230906977,1807846.2198913046,10
-1199053.31037417,1807846.2198913046,10
-1198589.9976576427,1807846.2198913046,10
-1198126.684941115,1807846.2198913046,10
-1197663.3722245875,1807846.2198913046,10
-1197200.05950806,1807846.2198913046,10
-1196736.7467915327,1807846.2198913046,10
-1196273.4340750051,1807846.2198913046,10
-1195810.1213584775,1807846.2198913046,10
-1195346.8086419501,1807846.2198913046,10
-1194883.4959254225,1807846.2198913046,10
-1194420.1832088951,1807846.2198913046,10
-1193956.8704923675,1807846.2198913046,10
-1193493.5577758402,1807846.2198913046,10
-1193030.2450593126,1807846.2198913046,10
-1192566.9323427852,1807846.2198913046,10
-1192103.6196262576,1807846.2198913046,10
-1191640.3069097302,1807846.2198913046,10
-1191176.9941932026,1807846.2198913046,10
-1190713.6814766752,1807846.2198913046,10
-1190250.3687601476,1807846.2198913046,10
-1189787.0560436202,1807846.2198913046,10
-1189323.7433270926,1807846.2198913046,10
-1188860.430610565,1807846.2198913046,10
-1188397.1178940376,1807846.2198913046,10
-1187933.80517751,1807846.2198913046,10
-1187470.4924609826,1807846.2198913046,10
-1187007.179744455,1807846.2198913046,10
-1186543.8670279277,1807846.2198913046,10
-1186080.5543114,1807846.2198913046,10
-1185617.2415948727,1807846.2198913046,10
-1185153.928878345,1807846.2198913046,10
-1184690.6161618177,1807846.2198913046,10
-1184227.30344529,1807846.2198913046,10
-1183763.9907287627,1807846.2198913046,10
-1183300.678012235,1807846.2198913046,10
-1182837.3652957077,1807846.2198913046,10
-1182374.05257918,1807846.2198913046,10
-1181910.7398626525,1807846.2198913046,10
-1181447.4271461251,1807846.2198913046,10
-1180984.1144295975,1807846.2198913046,10
-1180520.8017130701,1807846.2198913046,10
-1180057.4889965425,1807846.2198913046,10
-1179594.1762800151,1807846.2198913046,10
-1179130.8635634875,1807846.2198913046,10
-1178667.5508469602,1807846.2198913046,10
-1178204.2381304326,1807846.2198913046,10
-1177740.9254139052,1807846.2198913046,10
-1177277.6126973776,1807846.2198913046,10
-1176814.2999808502,1807846.2198913046,10
-1176350.9872643226,1807846.2198913046,10
-1175887.6745477952,1807846.2198913046,10
-1175424.3618312676,1807846.2198913046,10
-1174961.04911474,1807846.2198913046,10
-1174497.7363982126,1807846.2198913046,10
-1174034.4236816852,1807846.2198913046,10
-1173571.1109651576,1807846.2198913046,10
-1173107.79824863,1807846.2198913046,10
-1172644.4855321026,1807846.2198913046,10
-1172181.172815575,1807846.2198913046,10
-1171717.8600990477,1807846.2198913046,10
-1171254.54738252,1807846.2198913046,10
-1170791.2346659927,1807846.2198913046,10
-1170327.921949465,1807846.2198913046,10
-1169864.6092329377,1807846.2198913046,10
-1169401.29651641,1807846.2198913046,10
-1168937.9837998827,1807846.2198913046,10
-1168474.671083355,1807846.2198913046,10
-1168011.3583668275,1807846.2198913046,10
-1167548.0456503,1807846.2198913046,10
-1167084.7329337727,1807846.2198913046,10
-1166621.4202172451,1807846.2198913046,10
-1166158.1075007175,1807846.2198913046,10
-1165694.7947841901,1807846.2198913046,10
-1165231.4820676625,1807846.2198913046,10
-1164768.1693511351,1807846.2198913046,10
-1164304.8566346075,1807846.2198913046,10
-1163841.5439180802,1807846.2198913046,10
-1163378.2312015526,1807846.2198913046,10
-1162914.9184850252,1807846.2198913046,10
-1162451.6057684976,1807846.2198913046,10
-1161988.2930519702,1807846.2198913046,10
-1161524.9803354426,1807846.2198913046,10
-1161061.6676189152,1807846.2198913046,10
-1160598.3549023876,1807846.2198913046,10
-1160135.0421858602,1807846.2198913046,10
-1159671.7294693326,1807846.2198913046,10
-1159208.416752805,1807846.2198913046,10
-1158745.1040362776,1807846.2198913046,10
-1158281.79131975,1807846.2198913046,10
-1157818.4786032226,1807846.2198913046,10
-1326464.3074192326,1807382.9071747772,10
-1326000.9947027052,1807382.9071747772,10
-1325537.6819861776,1807382.9071747772,10
-1325074.3692696502,1807382.9071747772,10
-1324611.0565531226,1807382.9071747772,16
-1324147.7438365952,1807382.9071747772,16
-1323684.4311200676,1807382.9071747772,16
-1323221.11840354,1807382.9071747772,16
-1322757.8056870126,1807382.9071747772,16
-1322294.492970485,1807382.9071747772,16
-1321831.1802539576,1807382.9071747772,16
-1321367.86753743,1807382.9071747772,16
-1320904.5548209026,1807382.9071747772,10
-1320441.242104375,1807382.9071747772,10
-1319977.9293878477,1807382.9071747772,10
-1319514.61667132,1807382.9071747772,10
-1319051.3039547927,1807382.9071747772,16
-1318587.991238265,1807382.9071747772,16
-1318124.6785217377,1807382.9071747772,16
-1317661.36580521,1807382.9071747772,10
-1317198.0530886827,1807382.9071747772,16
-1316734.740372155,1807382.9071747772,16
-1316271.4276556277,1807382.9071747772,16
-1315808.1149391,1807382.9071747772,10
-1315344.8022225727,1807382.9071747772,10
-1314881.4895060451,1807382.9071747772,10
-1314418.1767895175,1807382.9071747772,10
-1311638.3004903526,1807382.9071747772,10
-1311174.9877738252,1807382.9071747772,16
-1310711.6750572976,1807382.9071747772,16
-1310248.3623407702,1807382.9071747772,16
-1309785.0496242426,1807382.9071747772,16
-1309321.7369077152,1807382.9071747772,16
-1308858.4241911876,1807382.9071747772,10
-1308395.1114746602,1807382.9071747772,10
-1307931.7987581326,1807382.9071747772,16
-1307468.486041605,1807382.9071747772,16
-1307005.1733250776,1807382.9071747772,16
-1306541.86060855,1807382.9071747772,10
-1306078.5478920226,1807382.9071747772,10
-1305615.235175495,1807382.9071747772,10
-1305151.9224589677,1807382.9071747772,10
-1304688.60974244,1807382.9071747772,10
-1304225.2970259127,1807382.9071747772,10
-1303761.984309385,1807382.9071747772,10
-1303298.6715928577,1807382.9071747772,10
-1302835.35887633,1807382.9071747772,10
-1302372.0461598027,1807382.9071747772,10
-1301908.733443275,1807382.9071747772,16
-1301445.4207267477,1807382.9071747772,10
-1300982.10801022,1807382.9071747772,16
-1300518.7952936925,1807382.9071747772,16
-1300055.4825771651,1807382.9071747772,16
-1299592.1698606375,1807382.9071747772,16
-1299128.8571441101,1807382.9071747772,16
-1298665.5444275825,1807382.9071747772,16
-1298202.2317110552,1807382.9071747772,16
-1297738.9189945275,1807382.9071747772,16
-1297275.6062780002,1807382.9071747772,16
-1296812.2935614726,1807382.9071747772,10
-1296348.9808449452,1807382.9071747772,10
-1295885.6681284176,1807382.9071747772,10
-1295422.3554118902,1807382.9071747772,16
-1294959.0426953626,1807382.9071747772,16
-1294495.7299788352,1807382.9071747772,16
-1294032.4172623076,1807382.9071747772,16
-1293569.10454578,1807382.9071747772,16
-1293105.7918292526,1807382.9071747772,16
-1292642.479112725,1807382.9071747772,16
-1292179.1663961976,1807382.9071747772,16
-1291715.85367967,1807382.9071747772,16
-1291252.5409631426,1807382.9071747772,16
-1290789.228246615,1807382.9071747772,16
-1290325.9155300877,1807382.9071747772,10
-1289862.60281356,1807382.9071747772,10
-1289399.2900970327,1807382.9071747772,10
-1288935.977380505,1807382.9071747772,10
-1288472.6646639777,1807382.9071747772,16
-1288009.35194745,1807382.9071747772,16
-1287546.0392309227,1807382.9071747772,10
-1287082.726514395,1807382.9071747772,16
-1286619.4137978677,1807382.9071747772,16
-1286156.10108134,1807382.9071747772,16
-1285692.7883648127,1807382.9071747772,10
-1285229.4756482851,1807382.9071747772,10
-1284766.1629317575,1807382.9071747772,10
-1284302.8502152301,1807382.9071747772,10
-1283839.5374987025,1807382.9071747772,10
-1283376.2247821752,1807382.9071747772,10
-1282912.9120656475,1807382.9071747772,10
-1282449.5993491202,1807382.9071747772,10
-1281986.2866325926,1807382.9071747772,10
-1281522.9739160652,1807382.9071747772,10
-1281059.6611995376,1807382.9071747772,10
-1280596.3484830102,1807382.9071747772,10
-1280133.0357664826,1807382.9071747772,10
-1279669.7230499552,1807382.9071747772,10
-1279206.4103334276,1807382.9071747772,10
-1278743.0976169002,1807382.9071747772,10
-1278279.7849003726,1807382.9071747772,10
-1277816.472183845,1807382.9071747772,10
-1277353.1594673176,1807382.9071747772,10
-1276889.84675079,1807382.9071747772,10
-1276426.5340342626,1807382.9071747772,10
-1275963.221317735,1807382.9071747772,10
-1275499.9086012077,1807382.9071747772,10
-1275036.59588468,1807382.9071747772,10
-1274573.2831681527,1807382.9071747772,10
-1274109.970451625,1807382.9071747772,10
-1273646.6577350977,1807382.9071747772,10
-1273183.34501857,1807382.9071747772,10
-1272720.0323020427,1807382.9071747772,10
-1272256.719585515,1807382.9071747772,10
-1271793.4068689877,1807382.9071747772,10
-1271330.09415246,1807382.9071747772,10
-1270866.7814359325,1807382.9071747772,10
-1270403.4687194051,1807382.9071747772,10
-1269940.1560028775,1807382.9071747772,10
-1269476.8432863501,1807382.9071747772,10
-1269013.5305698225,1807382.9071747772,10
-1268550.2178532952,1807382.9071747772,10
-1268086.9051367675,1807382.9071747772,10
-1267623.5924202402,1807382.9071747772,10
-1267160.2797037126,1807382.9071747772,10
-1266696.9669871852,1807382.9071747772,10
-1266233.6542706576,1807382.9071747772,10
-1265770.3415541302,1807382.9071747772,10
-1265307.0288376026,1807382.9071747772,10
-1264843.7161210752,1807382.9071747772,10
-1264380.4034045476,1807382.9071747772,10
-1263917.09068802,1807382.9071747772,10
-1263453.7779714926,1807382.9071747772,10
-1262990.465254965,1807382.9071747772,10
-1262527.1525384376,1807382.9071747772,10
-1262063.83982191,1807382.9071747772,10
-1261600.5271053826,1807382.9071747772,10
-1261137.214388855,1807382.9071747772,10
-1260673.9016723277,1807382.9071747772,10
-1260210.5889558,1807382.9071747772,10
-1259747.2762392727,1807382.9071747772,10
-1259283.963522745,1807382.9071747772,10
-1258820.6508062177,1807382.9071747772,10
-1258357.33808969,1807382.9071747772,10
-1257894.0253731627,1807382.9071747772,10
-1257430.712656635,1807382.9071747772,10
-1256967.3999401077,1807382.9071747772,10
-1256504.08722358,1807382.9071747772,10
-1256040.7745070527,1807382.9071747772,10
-1255577.4617905251,1807382.9071747772,10
-1255114.1490739975,1807382.9071747772,10
-1254650.8363574701,1807382.9071747772,10
-1254187.5236409425,1807382.9071747772,10
-1253724.2109244152,1807382.9071747772,10
-1253260.8982078875,1807382.9071747772,10
-1252797.5854913602,1807382.9071747772,10
-1252334.2727748326,1807382.9071747772,10
-1251870.9600583052,1807382.9071747772,10
-1251407.6473417776,1807382.9071747772,10
-1250944.3346252502,1807382.9071747772,10
-1250481.0219087226,1807382.9071747772,10
-1250017.7091921952,1807382.9071747772,10
-1249554.3964756676,1807382.9071747772,10
-1249091.0837591402,1807382.9071747772,10
-1248627.7710426126,1807382.9071747772,10
-1248164.458326085,1807382.9071747772,10
-1247701.1456095576,1807382.9071747772,10
-1247237.83289303,1807382.9071747772,10
-1246774.5201765026,1807382.9071747772,10
-1246311.207459975,1807382.9071747772,10
-1245847.8947434477,1807382.9071747772,10
-1245384.58202692,1807382.9071747772,10
-1244921.2693103927,1807382.9071747772,10
-1244457.956593865,1807382.9071747772,10
-1243994.6438773377,1807382.9071747772,10
-1243531.33116081,1807382.9071747772,10
-1243068.0184442827,1807382.9071747772,10
-1242604.705727755,1807382.9071747772,10
-1242141.3930112277,1807382.9071747772,10
-1241678.0802947,1807382.9071747772,10
-1241214.7675781725,1807382.9071747772,10
-1240751.4548616451,1807382.9071747772,10
-1240288.1421451175,1807382.9071747772,10
-1239824.8294285901,1807382.9071747772,10
-1239361.5167120625,1807382.9071747772,10
-1238898.2039955352,1807382.9071747772,10
-1238434.8912790075,1807382.9071747772,10
-1237971.5785624802,1807382.9071747772,10
-1237508.2658459526,1807382.9071747772,10
-1237044.9531294252,1807382.9071747772,10
-1236581.6404128976,1807382.9071747772,10
-1236118.3276963702,1807382.9071747772,10
-1235655.0149798426,1807382.9071747772,10
-1235191.7022633152,1807382.9071747772,10
-1234728.3895467876,1807382.9071747772,10
-1234265.07683026,1807382.9071747772,10
-1233801.7641137326,1807382.9071747772,10
-1233338.4513972052,1807382.9071747772,10
-1232875.1386806776,1807382.9071747772,10
-1232411.82596415,1807382.9071747772,10
-1231948.5132476226,1807382.9071747772,10
-1231485.200531095,1807382.9071747772,10
-1231021.8878145677,1807382.9071747772,10
-1230558.57509804,1807382.9071747772,10
-1230095.2623815127,1807382.9071747772,10
-1229631.949664985,1807382.9071747772,10
-1229168.6369484577,1807382.9071747772,10
-1228705.32423193,1807382.9071747772,10
-1228242.0115154027,1807382.9071747772,10
-1227778.698798875,1807382.9071747772,10
-1227315.3860823475,1807382.9071747772,10
-1226852.07336582,1807382.9071747772,10
-1226388.7606492927,1807382.9071747772,10
-1225925.4479327651,1807382.9071747772,10
-1225462.1352162375,1807382.9071747772,10
-1224998.8224997101,1807382.9071747772,10
-1224535.5097831825,1807382.9071747772,10
-1224072.1970666551,1807382.9071747772,10
-1223608.8843501275,1807382.9071747772,10
-1223145.5716336002,1807382.9071747772,10
-1222682.2589170726,1807382.9071747772,10
-1222218.9462005452,1807382.9071747772,10
-1221755.6334840176,1807382.9071747772,10
-1221292.3207674902,1807382.9071747772,10
-1220829.0080509626,1807382.9071747772,10
-1220365.6953344352,1807382.9071747772,10
-1219902.3826179076,1807382.9071747772,10
-1219439.0699013802,1807382.9071747772,10
-1218975.7571848526,1807382.9071747772,10
-1218512.444468325,1807382.9071747772,10
-1218049.1317517976,1807382.9071747772,10
-1217585.81903527,1807382.9071747772,10
-1217122.5063187426,1807382.9071747772,10
-1216659.193602215,1807382.9071747772,10
-1216195.8808856877,1807382.9071747772,10
-1215732.56816916,1807382.9071747772,10
-1215269.2554526327,1807382.9071747772,10
-1214805.942736105,1807382.9071747772,10
-1214342.6300195777,1807382.9071747772,10
-1213879.31730305,1807382.9071747772,10
-1213416.0045865227,1807382.9071747772,10
-1212952.691869995,1807382.9071747772,10
-1212489.3791534677,1807382.9071747772,10
-1212026.06643694,1807382.9071747772,10
-1211562.7537204125,1807382.9071747772,10
-1211099.4410038851,1807382.9071747772,10
-1210636.1282873575,1807382.9071747772,10
-1210172.8155708301,1807382.9071747772,10
-1209709.5028543025,1807382.9071747772,10
-1209246.1901377751,1807382.9071747772,10
-1208782.8774212475,1807382.9071747772,10
-1208319.5647047202,1807382.9071747772,10
-1207856.2519881926,1807382.9071747772,10
-1207392.9392716652,1807382.9071747772,10
-1206929.6265551376,1807382.9071747772,10
-1206466.3138386102,1807382.9071747772,10
-1206003.0011220826,1807382.9071747772,10
-1205539.6884055552,1807382.9071747772,10
-1205076.3756890276,1807382.9071747772,10
-1204613.0629725,1807382.9071747772,10
-1204149.7502559726,1807382.9071747772,10
-1203686.4375394452,1807382.9071747772,10
-1203223.1248229176,1807382.9071747772,10
-1202759.81210639,1807382.9071747772,10
-1202296.4993898626,1807382.9071747772,10
-1201833.186673335,1807382.9071747772,10
-1201369.8739568077,1807382.9071747772,10
-1200906.56124028,1807382.9071747772,10
-1200443.2485237527,1807382.9071747772,10
-1199979.935807225,1807382.9071747772,10
-1199516.6230906977,1807382.9071747772,10
-1199053.31037417,1807382.9071747772,10
-1198589.9976576427,1807382.9071747772,10
-1198126.684941115,1807382.9071747772,10
-1197663.3722245875,1807382.9071747772,10
-1197200.05950806,1807382.9071747772,10
-1196736.7467915327,1807382.9071747772,10
-1196273.4340750051,1807382.9071747772,10
-1195810.1213584775,1807382.9071747772,10
-1195346.8086419501,1807382.9071747772,10
-1194883.4959254225,1807382.9071747772,10
-1194420.1832088951,1807382.9071747772,10
-1193956.8704923675,1807382.9071747772,10
-1193493.5577758402,1807382.9071747772,10
-1193030.2450593126,1807382.9071747772,10
-1192566.9323427852,1807382.9071747772,10
-1192103.6196262576,1807382.9071747772,10
-1191640.3069097302,1807382.9071747772,10
-1191176.9941932026,1807382.9071747772,10
-1190713.6814766752,1807382.9071747772,10
-1190250.3687601476,1807382.9071747772,10
-1189787.0560436202,1807382.9071747772,10
-1189323.7433270926,1807382.9071747772,10
-1188860.430610565,1807382.9071747772,10
-1188397.1178940376,1807382.9071747772,10
-1187933.80517751,1807382.9071747772,10
-1187470.4924609826,1807382.9071747772,10
-1187007.179744455,1807382.9071747772,10
-1186543.8670279277,1807382.9071747772,10
-1186080.5543114,1807382.9071747772,10
-1185617.2415948727,1807382.9071747772,10
-1185153.928878345,1807382.9071747772,10
-1184690.6161618177,1807382.9071747772,10
-1184227.30344529,1807382.9071747772,10
-1183763.9907287627,1807382.9071747772,10
-1183300.678012235,1807382.9071747772,10
-1182837.3652957077,1807382.9071747772,10
-1182374.05257918,1807382.9071747772,10
-1181910.7398626525,1807382.9071747772,10
-1181447.4271461251,1807382.9071747772,10
-1180984.1144295975,1807382.9071747772,10
-1180520.8017130701,1807382.9071747772,10
-1180057.4889965425,1807382.9071747772,10
-1179594.1762800151,1807382.9071747772,10
-1179130.8635634875,1807382.9071747772,10
-1178667.5508469602,1807382.9071747772,10
-1178204.2381304326,1807382.9071747772,10
-1177740.9254139052,1807382.9071747772,10
-1177277.6126973776,1807382.9071747772,10
-1176814.2999808502,1807382.9071747772,10
-1176350.9872643226,1807382.9071747772,10
-1175887.6745477952,1807382.9071747772,10
-1175424.3618312676,1807382.9071747772,10
-1174961.04911474,1807382.9071747772,10
-1174497.7363982126,1807382.9071747772,10
-1174034.4236816852,1807382.9071747772,10
-1173571.1109651576,1807382.9071747772,10
-1173107.79824863,1807382.9071747772,10
-1172644.4855321026,1807382.9071747772,10
-1172181.172815575,1807382.9071747772,10
-1171717.8600990477,1807382.9071747772,10
-1171254.54738252,1807382.9071747772,10
-1170791.2346659927,1807382.9071747772,10
-1170327.921949465,1807382.9071747772,10
-1169864.6092329377,1807382.9071747772,10
-1169401.29651641,1807382.9071747772,10
-1168937.9837998827,1807382.9071747772,10
-1168474.671083355,1807382.9071747772,10
-1168011.3583668275,1807382.9071747772,10
-1167548.0456503,1807382.9071747772,10
-1167084.7329337727,1807382.9071747772,10
-1166621.4202172451,1807382.9071747772,10
-1166158.1075007175,1807382.9071747772,10
-1165694.7947841901,1807382.9071747772,10
-1165231.4820676625,1807382.9071747772,10
-1164768.1693511351,1807382.9071747772,10
-1164304.8566346075,1807382.9071747772,10
-1163841.5439180802,1807382.9071747772,10
-1163378.2312015526,1807382.9071747772,10
-1162914.9184850252,1807382.9071747772,10
-1162451.6057684976,1807382.9071747772,10
-1161988.2930519702,1807382.9071747772,10
-1161524.9803354426,1807382.9071747772,10
-1161061.6676189152,1807382.9071747772,10
-1160598.3549023876,1807382.9071747772,10
-1160135.0421858602,1807382.9071747772,10
-1159671.7294693326,1807382.9071747772,10
-1159208.416752805,1807382.9071747772,10
-1158745.1040362776,1807382.9071747772,10
-1158281.79131975,1807382.9071747772,10
-1157818.4786032226,1807382.9071747772,10
-1326927.6201357602,1806919.5944582496,10
-1326464.3074192326,1806919.5944582496,10
-1326000.9947027052,1806919.5944582496,10
-1325537.6819861776,1806919.5944582496,10
-1325074.3692696502,1806919.5944582496,16
-1324611.0565531226,1806919.5944582496,16
-1324147.7438365952,1806919.5944582496,16
-1323684.4311200676,1806919.5944582496,16
-1323221.11840354,1806919.5944582496,16
-1322757.8056870126,1806919.5944582496,16
-1322294.492970485,1806919.5944582496,16
-1321831.1802539576,1806919.5944582496,16
-1321367.86753743,1806919.5944582496,10
-1320904.5548209026,1806919.5944582496,10
-1320441.242104375,1806919.5944582496,10
-1319977.9293878477,1806919.5944582496,10
-1319514.61667132,1806919.5944582496,16
-1319051.3039547927,1806919.5944582496,16
-1318587.991238265,1806919.5944582496,16
-1318124.6785217377,1806919.5944582496,10
-1317661.36580521,1806919.5944582496,10
-1317198.0530886827,1806919.5944582496,10
-1316734.740372155,1806919.5944582496,10
-1316271.4276556277,1806919.5944582496,10
-1311174.9877738252,1806919.5944582496,10
-1310711.6750572976,1806919.5944582496,16
-1310248.3623407702,1806919.5944582496,16
-1309785.0496242426,1806919.5944582496,16
-1309321.7369077152,1806919.5944582496,10
-1308858.4241911876,1806919.5944582496,10
-1308395.1114746602,1806919.5944582496,10
-1307931.7987581326,1806919.5944582496,16
-1307468.486041605,1806919.5944582496,16
-1307005.1733250776,1806919.5944582496,16
-1306541.86060855,1806919.5944582496,10
-1306078.5478920226,1806919.5944582496,10
-1305615.235175495,1806919.5944582496,10
-1305151.9224589677,1806919.5944582496,10
-1304688.60974244,1806919.5944582496,10
-1304225.2970259127,1806919.5944582496,10
-1303761.984309385,1806919.5944582496,10
-1303298.6715928577,1806919.5944582496,10
-1302835.35887633,1806919.5944582496,10
-1302372.0461598027,1806919.5944582496,10
-1301908.733443275,1806919.5944582496,16
-1301445.4207267477,1806919.5944582496,16
-1300982.10801022,1806919.5944582496,16
-1300518.7952936925,1806919.5944582496,16
-1300055.4825771651,1806919.5944582496,16
-1299592.1698606375,1806919.5944582496,16
-1299128.8571441101,1806919.5944582496,16
-1298665.5444275825,1806919.5944582496,10
-1298202.2317110552,1806919.5944582496,10
-1297738.9189945275,1806919.5944582496,16
-1297275.6062780002,1806919.5944582496,16
-1296812.2935614726,1806919.5944582496,16
-1296348.9808449452,1806919.5944582496,16
-1295885.6681284176,1806919.5944582496,16
-1295422.3554118902,1806919.5944582496,16
-1294959.0426953626,1806919.5944582496,16
-1294495.7299788352,1806919.5944582496,16
-1294032.4172623076,1806919.5944582496,16
-1293569.10454578,1806919.5944582496,16
-1293105.7918292526,1806919.5944582496,16
-1292642.479112725,1806919.5944582496,16
-1292179.1663961976,1806919.5944582496,16
-1291715.85367967,1806919.5944582496,16
-1291252.5409631426,1806919.5944582496,16
-1290789.228246615,1806919.5944582496,16
-1290325.9155300877,1806919.5944582496,10
-1289862.60281356,1806919.5944582496,10
-1289399.2900970327,1806919.5944582496,10
-1288935.977380505,1806919.5944582496,10
-1288472.6646639777,1806919.5944582496,16
-1288009.35194745,1806919.5944582496,10
-1287546.0392309227,1806919.5944582496,10
-1287082.726514395,1806919.5944582496,10
-1286619.4137978677,1806919.5944582496,10
-1286156.10108134,1806919.5944582496,16
-1285692.7883648127,1806919.5944582496,16
-1285229.4756482851,1806919.5944582496,10
-1284766.1629317575,1806919.5944582496,10
-1284302.8502152301,1806919.5944582496,10
-1283839.5374987025,1806919.5944582496,10
-1283376.2247821752,1806919.5944582496,10
-1282912.9120656475,1806919.5944582496,10
-1282449.5993491202,1806919.5944582496,10
-1281986.2866325926,1806919.5944582496,10
-1281522.9739160652,1806919.5944582496,10
-1281059.6611995376,1806919.5944582496,10
-1280596.3484830102,1806919.5944582496,10
-1280133.0357664826,1806919.5944582496,10
-1279669.7230499552,1806919.5944582496,10
-1279206.4103334276,1806919.5944582496,10
-1278743.0976169002,1806919.5944582496,10
-1278279.7849003726,1806919.5944582496,10
-1277816.472183845,1806919.5944582496,10
-1277353.1594673176,1806919.5944582496,10
-1276889.84675079,1806919.5944582496,10
-1276426.5340342626,1806919.5944582496,10
-1275963.221317735,1806919.5944582496,10
-1275499.9086012077,1806919.5944582496,10
-1275036.59588468,1806919.5944582496,10
-1274573.2831681527,1806919.5944582496,10
-1274109.970451625,1806919.5944582496,10
-1273646.6577350977,1806919.5944582496,10
-1273183.34501857,1806919.5944582496,10
-1272720.0323020427,1806919.5944582496,10
-1272256.719585515,1806919.5944582496,10
-1271793.4068689877,1806919.5944582496,10
-1271330.09415246,1806919.5944582496,10
-1270866.7814359325,1806919.5944582496,10
-1270403.4687194051,1806919.5944582496,10
-1269940.1560028775,1806919.5944582496,10
-1269476.8432863501,1806919.5944582496,10
-1269013.5305698225,1806919.5944582496,10
-1268550.2178532952,1806919.5944582496,10
-1268086.9051367675,1806919.5944582496,10
-1267623.5924202402,1806919.5944582496,10
-1267160.2797037126,1806919.5944582496,10
-1266696.9669871852,1806919.5944582496,10
-1266233.6542706576,1806919.5944582496,10
-1265770.3415541302,1806919.5944582496,10
-1265307.0288376026,1806919.5944582496,10
-1264843.7161210752,1806919.5944582496,10
-1264380.4034045476,1806919.5944582496,10
-1263917.09068802,1806919.5944582496,10
-1263453.7779714926,1806919.5944582496,10
-1262990.465254965,1806919.5944582496,10
-1262527.1525384376,1806919.5944582496,10
-1262063.83982191,1806919.5944582496,10
-1261600.5271053826,1806919.5944582496,10
-1261137.214388855,1806919.5944582496,10
-1260673.9016723277,1806919.5944582496,10
-1260210.5889558,1806919.5944582496,10
-1259747.2762392727,1806919.5944582496,10
-1259283.963522745,1806919.5944582496,10
-1258820.6508062177,1806919.5944582496,10
-1258357.33808969,1806919.5944582496,10
-1257894.0253731627,1806919.5944582496,10
-1257430.712656635,1806919.5944582496,10
-1256967.3999401077,1806919.5944582496,10
-1256504.08722358,1806919.5944582496,10
-1256040.7745070527,1806919.5944582496,10
-1255577.4617905251,1806919.5944582496,10
-1255114.1490739975,1806919.5944582496,10
-1254650.8363574701,1806919.5944582496,10
-1254187.5236409425,1806919.5944582496,10
-1253724.2109244152,1806919.5944582496,10
-1253260.8982078875,1806919.5944582496,10
-1252797.5854913602,1806919.5944582496,10
-1252334.2727748326,1806919.5944582496,10
-1251870.9600583052,1806919.5944582496,10
-1251407.6473417776,1806919.5944582496,10
-1250944.3346252502,1806919.5944582496,10
-1250481.0219087226,1806919.5944582496,10
-1250017.7091921952,1806919.5944582496,10
-1249554.3964756676,1806919.5944582496,10
-1249091.0837591402,1806919.5944582496,10
-1248627.7710426126,1806919.5944582496,10
-1248164.458326085,1806919.5944582496,10
-1247701.1456095576,1806919.5944582496,10
-1247237.83289303,1806919.5944582496,10
-1246774.5201765026,1806919.5944582496,10
-1246311.207459975,1806919.5944582496,10
-1245847.8947434477,1806919.5944582496,10
-1245384.58202692,1806919.5944582496,10
-1244921.2693103927,1806919.5944582496,10
-1244457.956593865,1806919.5944582496,10
-1243994.6438773377,1806919.5944582496,10
-1243531.33116081,1806919.5944582496,10
-1243068.0184442827,1806919.5944582496,10
-1242604.705727755,1806919.5944582496,10
-1242141.3930112277,1806919.5944582496,10
-1241678.0802947,1806919.5944582496,10
-1241214.7675781725,1806919.5944582496,10
-1240751.4548616451,1806919.5944582496,10
-1240288.1421451175,1806919.5944582496,10
-1239824.8294285901,1806919.5944582496,10
-1239361.5167120625,1806919.5944582496,10
-1238898.2039955352,1806919.5944582496,10
-1238434.8912790075,1806919.5944582496,10
-1237971.5785624802,1806919.5944582496,10
-1237508.2658459526,1806919.5944582496,10
-1237044.9531294252,1806919.5944582496,10
-1236581.6404128976,1806919.5944582496,10
-1236118.3276963702,1806919.5944582496,10
-1235655.0149798426,1806919.5944582496,10
-1235191.7022633152,1806919.5944582496,10
-1234728.3895467876,1806919.5944582496,10
-1234265.07683026,1806919.5944582496,10
-1233801.7641137326,1806919.5944582496,10
-1233338.4513972052,1806919.5944582496,10
-1232875.1386806776,1806919.5944582496,10
-1232411.82596415,1806919.5944582496,10
-1231948.5132476226,1806919.5944582496,10
-1231485.200531095,1806919.5944582496,10
-1231021.8878145677,1806919.5944582496,10
-1230558.57509804,1806919.5944582496,10
-1230095.2623815127,1806919.5944582496,10
-1229631.949664985,1806919.5944582496,10
-1229168.6369484577,1806919.5944582496,10
-1228705.32423193,1806919.5944582496,10
-1228242.0115154027,1806919.5944582496,10
-1227778.698798875,1806919.5944582496,10
-1227315.3860823475,1806919.5944582496,10
-1226852.07336582,1806919.5944582496,10
-1226388.7606492927,1806919.5944582496,10
-1225925.4479327651,1806919.5944582496,10
-1225462.1352162375,1806919.5944582496,10
-1224998.8224997101,1806919.5944582496,10
-1224535.5097831825,1806919.5944582496,10
-1224072.1970666551,1806919.5944582496,10
-1223608.8843501275,1806919.5944582496,10
-1223145.5716336002,1806919.5944582496,10
-1222682.2589170726,1806919.5944582496,10
-1222218.9462005452,1806919.5944582496,10
-1221755.6334840176,1806919.5944582496,10
-1221292.3207674902,1806919.5944582496,10
-1220829.0080509626,1806919.5944582496,10
-1220365.6953344352,1806919.5944582496,10
-1219902.3826179076,1806919.5944582496,10
-1219439.0699013802,1806919.5944582496,10
-1218975.7571848526,1806919.5944582496,10
-1218512.444468325,1806919.5944582496,10
-1218049.1317517976,1806919.5944582496,10
-1217585.81903527,1806919.5944582496,10
-1217122.5063187426,1806919.5944582496,10
-1216659.193602215,1806919.5944582496,10
-1216195.8808856877,1806919.5944582496,10
-1215732.56816916,1806919.5944582496,10
-1215269.2554526327,1806919.5944582496,10
-1214805.942736105,1806919.5944582496,10
-1214342.6300195777,1806919.5944582496,10
-1213879.31730305,1806919.5944582496,10
-1213416.0045865227,1806919.5944582496,10
-1212952.691869995,1806919.5944582496,10
-1212489.3791534677,1806919.5944582496,10
-1212026.06643694,1806919.5944582496,10
-1211562.7537204125,1806919.5944582496,10
-1211099.4410038851,1806919.5944582496,10
-1210636.1282873575,1806919.5944582496,10
-1210172.8155708301,1806919.5944582496,10
-1209709.5028543025,1806919.5944582496,10
-1209246.1901377751,1806919.5944582496,10
-1208782.8774212475,1806919.5944582496,10
-1208319.5647047202,1806919.5944582496,10
-1207856.2519881926,1806919.5944582496,10
-1207392.9392716652,1806919.5944582496,10
-1206929.6265551376,1806919.5944582496,10
-1206466.3138386102,1806919.5944582496,10
-1206003.0011220826,1806919.5944582496,10
-1205539.6884055552,1806919.5944582496,10
-1205076.3756890276,1806919.5944582496,10
-1204613.0629725,1806919.5944582496,10
-1204149.7502559726,1806919.5944582496,10
-1203686.4375394452,1806919.5944582496,10
-1203223.1248229176,1806919.5944582496,10
-1202759.81210639,1806919.5944582496,10
-1202296.4993898626,1806919.5944582496,10
-1201833.186673335,1806919.5944582496,10
-1201369.8739568077,1806919.5944582496,10
-1200906.56124028,1806919.5944582496,10
-1200443.2485237527,1806919.5944582496,10
-1199979.935807225,1806919.5944582496,10
-1199516.6230906977,1806919.5944582496,10
-1199053.31037417,1806919.5944582496,10
-1198589.9976576427,1806919.5944582496,10
-1198126.684941115,1806919.5944582496,10
-1197663.3722245875,1806919.5944582496,10
-1197200.05950806,1806919.5944582496,10
-1196736.7467915327,1806919.5944582496,10
-1196273.4340750051,1806919.5944582496,10
-1195810.1213584775,1806919.5944582496,10
-1195346.8086419501,1806919.5944582496,10
-1194883.4959254225,1806919.5944582496,10
-1194420.1832088951,1806919.5944582496,10
-1193956.8704923675,1806919.5944582496,10
-1193493.5577758402,1806919.5944582496,10
-1193030.2450593126,1806919.5944582496,10
-1192566.9323427852,1806919.5944582496,10
-1192103.6196262576,1806919.5944582496,10
-1191640.3069097302,1806919.5944582496,10
-1191176.9941932026,1806919.5944582496,10
-1190713.6814766752,1806919.5944582496,10
-1190250.3687601476,1806919.5944582496,10
-1189787.0560436202,1806919.5944582496,10
-1189323.7433270926,1806919.5944582496,10
-1188860.430610565,1806919.5944582496,10
-1188397.1178940376,1806919.5944582496,10
-1187933.80517751,1806919.5944582496,10
-1187470.4924609826,1806919.5944582496,10
-1187007.179744455,1806919.5944582496,10
-1186543.8670279277,1806919.5944582496,10
-1186080.5543114,1806919.5944582496,10
-1185617.2415948727,1806919.5944582496,10
-1185153.928878345,1806919.5944582496,10
-1184690.6161618177,1806919.5944582496,10
-1184227.30344529,1806919.5944582496,10
-1183763.9907287627,1806919.5944582496,10
-1183300.678012235,1806919.5944582496,10
-1182837.3652957077,1806919.5944582496,10
-1182374.05257918,1806919.5944582496,10
-1181910.7398626525,1806919.5944582496,10
-1181447.4271461251,1806919.5944582496,10
-1180984.1144295975,1806919.5944582496,10
-1180520.8017130701,1806919.5944582496,10
-1180057.4889965425,1806919.5944582496,10
-1179594.1762800151,1806919.5944582496,10
-1179130.8635634875,1806919.5944582496,10
-1178667.5508469602,1806919.5944582496,10
-1178204.2381304326,1806919.5944582496,10
-1177740.9254139052,1806919.5944582496,10
-1177277.6126973776,1806919.5944582496,10
-1176814.2999808502,1806919.5944582496,10
-1176350.9872643226,1806919.5944582496,10
-1175887.6745477952,1806919.5944582496,10
-1175424.3618312676,1806919.5944582496,10
-1174961.04911474,1806919.5944582496,10
-1174497.7363982126,1806919.5944582496,10
-1174034.4236816852,1806919.5944582496,10
-1173571.1109651576,1806919.5944582496,10
-1173107.79824863,1806919.5944582496,10
-1172644.4855321026,1806919.5944582496,10
-1172181.172815575,1806919.5944582496,10
-1171717.8600990477,1806919.5944582496,10
-1171254.54738252,1806919.5944582496,10
-1170791.2346659927,1806919.5944582496,10
-1170327.921949465,1806919.5944582496,10
-1169864.6092329377,1806919.5944582496,10
-1169401.29651641,1806919.5944582496,10
-1168937.9837998827,1806919.5944582496,10
-1168474.671083355,1806919.5944582496,10
-1168011.3583668275,1806919.5944582496,10
-1167548.0456503,1806919.5944582496,10
-1167084.7329337727,1806919.5944582496,10
-1166621.4202172451,1806919.5944582496,10
-1166158.1075007175,1806919.5944582496,10
-1165694.7947841901,1806919.5944582496,10
-1165231.4820676625,1806919.5944582496,10
-1164768.1693511351,1806919.5944582496,10
-1164304.8566346075,1806919.5944582496,10
-1163841.5439180802,1806919.5944582496,10
-1163378.2312015526,1806919.5944582496,10
-1162914.9184850252,1806919.5944582496,10
-1162451.6057684976,1806919.5944582496,10
-1161988.2930519702,1806919.5944582496,10
-1161524.9803354426,1806919.5944582496,10
-1161061.6676189152,1806919.5944582496,10
-1160598.3549023876,1806919.5944582496,10
-1160135.0421858602,1806919.5944582496,10
-1159671.7294693326,1806919.5944582496,10
-1159208.416752805,1806919.5944582496,10
-1158745.1040362776,1806919.5944582496,10
-1158281.79131975,1806919.5944582496,10
-1157818.4786032226,1806919.5944582496,10
-1157355.165886695,1806919.5944582496,10
-1326927.6201357602,1806456.2817417223,10
-1326464.3074192326,1806456.2817417223,10
-1326000.9947027052,1806456.2817417223,16
-1325537.6819861776,1806456.2817417223,16
-1325074.3692696502,1806456.2817417223,16
-1324611.0565531226,1806456.2817417223,16
-1324147.7438365952,1806456.2817417223,16
-1323684.4311200676,1806456.2817417223,16
-1323221.11840354,1806456.2817417223,16
-1322757.8056870126,1806456.2817417223,16
-1322294.492970485,1806456.2817417223,16
-1321831.1802539576,1806456.2817417223,16
-1321367.86753743,1806456.2817417223,10
-1320904.5548209026,1806456.2817417223,10
-1320441.242104375,1806456.2817417223,10
-1319977.9293878477,1806456.2817417223,10
-1319514.61667132,1806456.2817417223,16
-1319051.3039547927,1806456.2817417223,16
-1318587.991238265,1806456.2817417223,16
-1318124.6785217377,1806456.2817417223,10
-1317661.36580521,1806456.2817417223,10
-1317198.0530886827,1806456.2817417223,10
-1310711.6750572976,1806456.2817417223,16
-1310248.3623407702,1806456.2817417223,16
-1309785.0496242426,1806456.2817417223,10
-1309321.7369077152,1806456.2817417223,10
-1308858.4241911876,1806456.2817417223,10
-1308395.1114746602,1806456.2817417223,10
-1307931.7987581326,1806456.2817417223,10
-1307468.486041605,1806456.2817417223,10
-1307005.1733250776,1806456.2817417223,10
-1306541.86060855,1806456.2817417223,10
-1306078.5478920226,1806456.2817417223,10
-1305615.235175495,1806456.2817417223,10
-1305151.9224589677,1806456.2817417223,10
-1304688.60974244,1806456.2817417223,10
-1304225.2970259127,1806456.2817417223,10
-1303761.984309385,1806456.2817417223,10
-1303298.6715928577,1806456.2817417223,10
-1302835.35887633,1806456.2817417223,16
-1302372.0461598027,1806456.2817417223,16
-1301908.733443275,1806456.2817417223,16
-1301445.4207267477,1806456.2817417223,16
-1300982.10801022,1806456.2817417223,16
-1300518.7952936925,1806456.2817417223,16
-1300055.4825771651,1806456.2817417223,10
-1299592.1698606375,1806456.2817417223,10
-1299128.8571441101,1806456.2817417223,16
-1298665.5444275825,1806456.2817417223,16
-1298202.2317110552,1806456.2817417223,10
-1297738.9189945275,1806456.2817417223,10
-1297275.6062780002,1806456.2817417223,16
-1296812.2935614726,1806456.2817417223,16
-1296348.9808449452,1806456.2817417223,10
-1295885.6681284176,1806456.2817417223,10
-1295422.3554118902,1806456.2817417223,16
-1294959.0426953626,1806456.2817417223,16
-1294495.7299788352,1806456.2817417223,16
-1294032.4172623076,1806456.2817417223,16
-1293569.10454578,1806456.2817417223,16
-1293105.7918292526,1806456.2817417223,16
-1292642.479112725,1806456.2817417223,16
-1292179.1663961976,1806456.2817417223,10
-1291715.85367967,1806456.2817417223,10
-1291252.5409631426,1806456.2817417223,16
-1290789.228246615,1806456.2817417223,10
-1290325.9155300877,1806456.2817417223,10
-1289862.60281356,1806456.2817417223,10
-1289399.2900970327,1806456.2817417223,10
-1288935.977380505,1806456.2817417223,10
-1288472.6646639777,1806456.2817417223,10
-1288009.35194745,1806456.2817417223,10
-1287546.0392309227,1806456.2817417223,10
-1287082.726514395,1806456.2817417223,16
-1286619.4137978677,1806456.2817417223,16
-1286156.10108134,1806456.2817417223,16
-1285692.7883648127,1806456.2817417223,10
-1285229.4756482851,1806456.2817417223,10
-1284766.1629317575,1806456.2817417223,10
-1284302.8502152301,1806456.2817417223,10
-1283839.5374987025,1806456.2817417223,10
-1283376.2247821752,1806456.2817417223,10
-1282912.9120656475,1806456.2817417223,10
-1282449.5993491202,1806456.2817417223,10
-1281986.2866325926,1806456.2817417223,10
-1281522.9739160652,1806456.2817417223,10
-1281059.6611995376,1806456.2817417223,10
-1280596.3484830102,1806456.2817417223,10
-1280133.0357664826,1806456.2817417223,10
-1279669.7230499552,1806456.2817417223,10
-1279206.4103334276,1806456.2817417223,10
-1278743.0976169002,1806456.2817417223,10
-1278279.7849003726,1806456.2817417223,10
-1277816.472183845,1806456.2817417223,10
-1277353.1594673176,1806456.2817417223,10
-1276889.84675079,1806456.2817417223,10
-1276426.5340342626,1806456.2817417223,10
-1275963.221317735,1806456.2817417223,10
-1275499.9086012077,1806456.2817417223,10
-1275036.59588468,1806456.2817417223,10
-1274573.2831681527,1806456.2817417223,10
-1274109.970451625,1806456.2817417223,10
-1273646.6577350977,1806456.2817417223,10
-1273183.34501857,1806456.2817417223,10
-1272720.0323020427,1806456.2817417223,10
-1272256.719585515,1806456.2817417223,10
-1271793.4068689877,1806456.2817417223,10
-1271330.09415246,1806456.2817417223,10
-1270866.7814359325,1806456.2817417223,10
-1270403.4687194051,1806456.2817417223,10
-1269940.1560028775,1806456.2817417223,10
-1269476.8432863501,1806456.2817417223,10
-1269013.5305698225,1806456.2817417223,10
-1268550.2178532952,1806456.2817417223,10
-1268086.9051367675,1806456.2817417223,10
-1267623.5924202402,1806456.2817417223,10
-1267160.2797037126,1806456.2817417223,10
-1266696.9669871852,1806456.2817417223,10
-1266233.6542706576,1806456.2817417223,10
-1265770.3415541302,1806456.2817417223,10
-1265307.0288376026,1806456.2817417223,10
-1264843.7161210752,1806456.2817417223,10
-1264380.4034045476,1806456.2817417223,10
-1263917.09068802,1806456.2817417223,10
-1263453.7779714926,1806456.2817417223,10
-1262990.465254965,1806456.2817417223,10
-1262527.1525384376,1806456.2817417223,10
-1262063.83982191,1806456.2817417223,10
-1261600.5271053826,1806456.2817417223,10
-1261137.214388855,1806456.2817417223,10
-1260673.9016723277,1806456.2817417223,10
-1260210.5889558,1806456.2817417223,10
-1259747.2762392727,1806456.2817417223,10
-1259283.963522745,1806456.2817417223,10
-1258820.6508062177,1806456.2817417223,10
-1258357.33808969,1806456.2817417223,10
-1257894.0253731627,1806456.2817417223,10
-1257430.712656635,1806456.2817417223,10
-1256967.3999401077,1806456.2817417223,10
-1256504.08722358,1806456.2817417223,10
-1256040.7745070527,1806456.2817417223,10
-1255577.4617905251,1806456.2817417223,10
-1255114.1490739975,1806456.2817417223,10
-1254650.8363574701,1806456.2817417223,10
-1254187.5236409425,1806456.2817417223,10
-1253724.2109244152,1806456.2817417223,10
-1253260.8982078875,1806456.2817417223,10
-1252797.5854913602,1806456.2817417223,10
-1252334.2727748326,1806456.2817417223,10
-1251870.9600583052,1806456.2817417223,10
-1251407.6473417776,1806456.2817417223,10
-1250944.3346252502,1806456.2817417223,10
-1250481.0219087226,1806456.2817417223,10
-1250017.7091921952,1806456.2817417223,10
-1249554.3964756676,1806456.2817417223,10
-1249091.0837591402,1806456.2817417223,10
-1248627.7710426126,1806456.2817417223,10
-1248164.458326085,1806456.2817417223,10
-1247701.1456095576,1806456.2817417223,10
-1247237.83289303,1806456.2817417223,10
-1246774.5201765026,1806456.2817417223,10
-1246311.207459975,1806456.2817417223,10
-1245847.8947434477,1806456.2817417223,10
-1245384.58202692,1806456.2817417223,10
-1244921.2693103927,1806456.2817417223,10
-1244457.956593865,1806456.2817417223,10
-1243994.6438773377,1806456.2817417223,10
-1243531.33116081,1806456.2817417223,10
-1243068.0184442827,1806456.2817417223,10
-1242604.705727755,1806456.2817417223,10
-1242141.3930112277,1806456.2817417223,10
-1241678.0802947,1806456.2817417223,10
-1241214.7675781725,1806456.2817417223,10
-1240751.4548616451,1806456.2817417223,10
-1240288.1421451175,1806456.2817417223,10
-1239824.8294285901,1806456.2817417223,10
-1239361.5167120625,1806456.2817417223,10
-1238898.2039955352,1806456.2817417223,10
-1238434.8912790075,1806456.2817417223,10
-1237971.5785624802,1806456.2817417223,10
-1237508.2658459526,1806456.2817417223,10
-1237044.9531294252,1806456.2817417223,10
-1236581.6404128976,1806456.2817417223,10
-1236118.3276963702,1806456.2817417223,10
-1235655.0149798426,1806456.2817417223,10
-1235191.7022633152,1806456.2817417223,10
-1234728.3895467876,1806456.2817417223,10
-1234265.07683026,1806456.2817417223,10
-1233801.7641137326,1806456.2817417223,10
-1233338.4513972052,1806456.2817417223,10
-1232875.1386806776,1806456.2817417223,10
-1232411.82596415,1806456.2817417223,10
-1231948.5132476226,1806456.2817417223,10
-1231485.200531095,1806456.2817417223,10
-1231021.8878145677,1806456.2817417223,10
-1230558.57509804,1806456.2817417223,10
-1230095.2623815127,1806456.2817417223,10
-1229631.949664985,1806456.2817417223,10
-1229168.6369484577,1806456.2817417223,10
-1228705.32423193,1806456.2817417223,10
-1228242.0115154027,1806456.2817417223,10
-1227778.698798875,1806456.2817417223,10
-1227315.3860823475,1806456.2817417223,10
-1226852.07336582,1806456.2817417223,10
-1226388.7606492927,1806456.2817417223,10
-1225925.4479327651,1806456.2817417223,10
-1225462.1352162375,1806456.2817417223,10
-1224998.8224997101,1806456.2817417223,10
-1224535.5097831825,1806456.2817417223,10
-1224072.1970666551,1806456.2817417223,10
-1223608.8843501275,1806456.2817417223,10
-1223145.5716336002,1806456.2817417223,10
-1222682.2589170726,1806456.2817417223,10
-1222218.9462005452,1806456.2817417223,10
-1221755.6334840176,1806456.2817417223,10
-1221292.3207674902,1806456.2817417223,10
-1220829.0080509626,1806456.2817417223,10
-1220365.6953344352,1806456.2817417223,10
-1219902.3826179076,1806456.2817417223,10
-1219439.0699013802,1806456.2817417223,10
-1218975.7571848526,1806456.2817417223,10
-1218512.444468325,1806456.2817417223,10
-1218049.1317517976,1806456.2817417223,10
-1217585.81903527,1806456.2817417223,10
-1217122.5063187426,1806456.2817417223,10
-1216659.193602215,1806456.2817417223,10
-1216195.8808856877,1806456.2817417223,10
-1215732.56816916,1806456.2817417223,10
-1215269.2554526327,1806456.2817417223,10
-1214805.942736105,1806456.2817417223,10
-1214342.6300195777,1806456.2817417223,10
-1213879.31730305,1806456.2817417223,10
-1213416.0045865227,1806456.2817417223,10
-1212952.691869995,1806456.2817417223,10
-1212489.3791534677,1806456.2817417223,10
-1212026.06643694,1806456.2817417223,10
-1211562.7537204125,1806456.2817417223,10
-1211099.4410038851,1806456.2817417223,10
-1210636.1282873575,1806456.2817417223,10
-1210172.8155708301,1806456.2817417223,10
-1209709.5028543025,1806456.2817417223,10
-1209246.1901377751,1806456.2817417223,10
-1208782.8774212475,1806456.2817417223,10
-1208319.5647047202,1806456.2817417223,10
-1207856.2519881926,1806456.2817417223,10
-1207392.9392716652,1806456.2817417223,10
-1206929.6265551376,1806456.2817417223,10
-1206466.3138386102,1806456.2817417223,10
-1206003.0011220826,1806456.2817417223,10
-1205539.6884055552,1806456.2817417223,10
-1205076.3756890276,1806456.2817417223,10
-1204613.0629725,1806456.2817417223,10
-1204149.7502559726,1806456.2817417223,10
-1203686.4375394452,1806456.2817417223,10
-1203223.1248229176,1806456.2817417223,10
-1202759.81210639,1806456.2817417223,10
-1202296.4993898626,1806456.2817417223,10
-1201833.186673335,1806456.2817417223,10
-1201369.8739568077,1806456.2817417223,10
-1200906.56124028,1806456.2817417223,10
-1200443.2485237527,1806456.2817417223,10
-1199979.935807225,1806456.2817417223,10
-1199516.6230906977,1806456.2817417223,10
-1199053.31037417,1806456.2817417223,10
-1198589.9976576427,1806456.2817417223,10
-1198126.684941115,1806456.2817417223,10
-1197663.3722245875,1806456.2817417223,10
-1197200.05950806,1806456.2817417223,10
-1196736.7467915327,1806456.2817417223,10
-1196273.4340750051,1806456.2817417223,10
-1195810.1213584775,1806456.2817417223,10
-1195346.8086419501,1806456.2817417223,10
-1194883.4959254225,1806456.2817417223,10
-1194420.1832088951,1806456.2817417223,10
-1193956.8704923675,1806456.2817417223,10
-1193493.5577758402,1806456.2817417223,10
-1193030.2450593126,1806456.2817417223,10
-1192566.9323427852,1806456.2817417223,10
-1192103.6196262576,1806456.2817417223,10
-1191640.3069097302,1806456.2817417223,10
-1191176.9941932026,1806456.2817417223,10
-1190713.6814766752,1806456.2817417223,10
-1190250.3687601476,1806456.2817417223,10
-1189787.0560436202,1806456.2817417223,10
-1189323.7433270926,1806456.2817417223,10
-1188860.430610565,1806456.2817417223,10
-1188397.1178940376,1806456.2817417223,10
-1187933.80517751,1806456.2817417223,10
-1187470.4924609826,1806456.2817417223,10
-1187007.179744455,1806456.2817417223,10
-1186543.8670279277,1806456.2817417223,10
-1186080.5543114,1806456.2817417223,10
-1185617.2415948727,1806456.2817417223,10
-1185153.928878345,1806456.2817417223,10
-1184690.6161618177,1806456.2817417223,10
-1184227.30344529,1806456.2817417223,10
-1183763.9907287627,1806456.2817417223,10
-1183300.678012235,1806456.2817417223,10
-1182837.3652957077,1806456.2817417223,10
-1182374.05257918,1806456.2817417223,10
-1181910.7398626525,1806456.2817417223,10
-1181447.4271461251,1806456.2817417223,10
-1180984.1144295975,1806456.2817417223,10
-1180520.8017130701,1806456.2817417223,10
-1180057.4889965425,1806456.2817417223,10
-1179594.1762800151,1806456.2817417223,10
-1179130.8635634875,1806456.2817417223,10
-1178667.5508469602,1806456.2817417223,10
-1178204.2381304326,1806456.2817417223,10
-1177740.9254139052,1806456.2817417223,10
-1177277.6126973776,1806456.2817417223,10
-1176814.2999808502,1806456.2817417223,10
-1176350.9872643226,1806456.2817417223,10
-1175887.6745477952,1806456.2817417223,10
-1175424.3618312676,1806456.2817417223,10
-1174961.04911474,1806456.2817417223,10
-1174497.7363982126,1806456.2817417223,10
-1174034.4236816852,1806456.2817417223,10
-1173571.1109651576,1806456.2817417223,10
-1173107.79824863,1806456.2817417223,10
-1172644.4855321026,1806456.2817417223,10
-1172181.172815575,1806456.2817417223,10
-1171717.8600990477,1806456.2817417223,10
-1171254.54738252,1806456.2817417223,10
-1170791.2346659927,1806456.2817417223,10
-1170327.921949465,1806456.2817417223,10
-1169864.6092329377,1806456.2817417223,10
-1169401.29651641,1806456.2817417223,10
-1168937.9837998827,1806456.2817417223,10
-1168474.671083355,1806456.2817417223,10
-1168011.3583668275,1806456.2817417223,10
-1167548.0456503,1806456.2817417223,10
-1167084.7329337727,1806456.2817417223,10
-1166621.4202172451,1806456.2817417223,10
-1166158.1075007175,1806456.2817417223,10
-1165694.7947841901,1806456.2817417223,10
-1165231.4820676625,1806456.2817417223,10
-1164768.1693511351,1806456.2817417223,10
-1164304.8566346075,1806456.2817417223,10
-1163841.5439180802,1806456.2817417223,10
-1163378.2312015526,1806456.2817417223,10
-1162914.9184850252,1806456.2817417223,10
-1162451.6057684976,1806456.2817417223,10
-1161988.2930519702,1806456.2817417223,10
-1161524.9803354426,1806456.2817417223,10
-1161061.6676189152,1806456.2817417223,10
-1160598.3549023876,1806456.2817417223,10
-1160135.0421858602,1806456.2817417223,10
-1159671.7294693326,1806456.2817417223,10
-1159208.416752805,1806456.2817417223,10
-1158745.1040362776,1806456.2817417223,10
-1158281.79131975,1806456.2817417223,10
-1157818.4786032226,1806456.2817417223,10
-1157355.165886695,1806456.2817417223,10
-1156891.8531701677,1806456.2817417223,10
-1326464.3074192326,1805992.9690251946,10
-1326000.9947027052,1805992.9690251946,16
-1325537.6819861776,1805992.9690251946,16
-1325074.3692696502,1805992.9690251946,16
-1324611.0565531226,1805992.9690251946,16
-1324147.7438365952,1805992.9690251946,16
-1323684.4311200676,1805992.9690251946,16
-1323221.11840354,1805992.9690251946,16
-1322757.8056870126,1805992.9690251946,16
-1322294.492970485,1805992.9690251946,16
-1321831.1802539576,1805992.9690251946,16
-1321367.86753743,1805992.9690251946,10
-1320904.5548209026,1805992.9690251946,10
-1320441.242104375,1805992.9690251946,10
-1319977.9293878477,1805992.9690251946,10
-1319514.61667132,1805992.9690251946,16
-1319051.3039547927,1805992.9690251946,16
-1318587.991238265,1805992.9690251946,10
-1318124.6785217377,1805992.9690251946,10
-1310248.3623407702,1805992.9690251946,10
-1309785.0496242426,1805992.9690251946,10
-1309321.7369077152,1805992.9690251946,10
-1308858.4241911876,1805992.9690251946,10
-1308395.1114746602,1805992.9690251946,10
-1307931.7987581326,1805992.9690251946,10
-1307468.486041605,1805992.9690251946,10
-1307005.1733250776,1805992.9690251946,10
-1306541.86060855,1805992.9690251946,10
-1306078.5478920226,1805992.9690251946,10
-1305615.235175495,1805992.9690251946,10
-1305151.9224589677,1805992.9690251946,10
-1304688.60974244,1805992.9690251946,16
-1304225.2970259127,1805992.9690251946,10
-1303761.984309385,1805992.9690251946,10
-1303298.6715928577,1805992.9690251946,16
-1302835.35887633,1805992.9690251946,16
-1302372.0461598027,1805992.9690251946,16
-1301908.733443275,1805992.9690251946,16
-1301445.4207267477,1805992.9690251946,10
-1300982.10801022,1805992.9690251946,10
-1300518.7952936925,1805992.9690251946,10
-1300055.4825771651,1805992.9690251946,10
-1299592.1698606375,1805992.9690251946,10
-1299128.8571441101,1805992.9690251946,10
-1298665.5444275825,1805992.9690251946,10
-1298202.2317110552,1805992.9690251946,10
-1297738.9189945275,1805992.9690251946,10
-1297275.6062780002,1805992.9690251946,10
-1296812.2935614726,1805992.9690251946,10
-1296348.9808449452,1805992.9690251946,10
-1295885.6681284176,1805992.9690251946,10
-1295422.3554118902,1805992.9690251946,10
-1294959.0426953626,1805992.9690251946,16
-1294495.7299788352,1805992.9690251946,16
-1294032.4172623076,1805992.9690251946,16
-1293569.10454578,1805992.9690251946,16
-1293105.7918292526,1805992.9690251946,16
-1292642.479112725,1805992.9690251946,10
-1292179.1663961976,1805992.9690251946,10
-1291715.85367967,1805992.9690251946,10
-1291252.5409631426,1805992.9690251946,10
-1290789.228246615,1805992.9690251946,10
-1290325.9155300877,1805992.9690251946,10
-1289862.60281356,1805992.9690251946,10
-1289399.2900970327,1805992.9690251946,10
-1288935.977380505,1805992.9690251946,10
-1288472.6646639777,1805992.9690251946,10
-1288009.35194745,1805992.9690251946,10
-1287546.0392309227,1805992.9690251946,10
-1287082.726514395,1805992.9690251946,10
-1286619.4137978677,1805992.9690251946,16
-1286156.10108134,1805992.9690251946,16
-1285692.7883648127,1805992.9690251946,10
-1285229.4756482851,1805992.9690251946,10
-1284766.1629317575,1805992.9690251946,10
-1284302.8502152301,1805992.9690251946,10
-1283839.5374987025,1805992.9690251946,10
-1283376.2247821752,1805992.9690251946,10
-1282912.9120656475,1805992.9690251946,10
-1282449.5993491202,1805992.9690251946,10
-1281986.2866325926,1805992.9690251946,10
-1281522.9739160652,1805992.9690251946,10
-1281059.6611995376,1805992.9690251946,10
-1280596.3484830102,1805992.9690251946,10
-1280133.0357664826,1805992.9690251946,10
-1279669.7230499552,1805992.9690251946,10
-1279206.4103334276,1805992.9690251946,10
-1278743.0976169002,1805992.9690251946,10
-1278279.7849003726,1805992.9690251946,10
-1277816.472183845,1805992.9690251946,10
-1277353.1594673176,1805992.9690251946,10
-1276889.84675079,1805992.9690251946,10
-1276426.5340342626,1805992.9690251946,10
-1275963.221317735,1805992.9690251946,10
-1275499.9086012077,1805992.9690251946,10
-1275036.59588468,1805992.9690251946,10
-1274573.2831681527,1805992.9690251946,10
-1274109.970451625,1805992.9690251946,10
-1273646.6577350977,1805992.9690251946,10
-1273183.34501857,1805992.9690251946,10
-1272720.0323020427,1805992.9690251946,10
-1272256.719585515,1805992.9690251946,10
-1271793.4068689877,1805992.9690251946,10
-1271330.09415246,1805992.9690251946,10
-1270866.7814359325,1805992.9690251946,10
-1270403.4687194051,1805992.9690251946,10
-1269940.1560028775,1805992.9690251946,10
-1269476.8432863501,1805992.9690251946,10
-1269013.5305698225,1805992.9690251946,10
-1268550.2178532952,1805992.9690251946,10
-1268086.9051367675,1805992.9690251946,10
-1267623.5924202402,1805992.9690251946,10
-1267160.2797037126,1805992.9690251946,10
-1266696.9669871852,1805992.9690251946,10
-1266233.6542706576,1805992.9690251946,10
-1265770.3415541302,1805992.9690251946,10
-1265307.0288376026,1805992.9690251946,10
-1264843.7161210752,1805992.9690251946,10
-1264380.4034045476,1805992.9690251946,10
-1263917.09068802,1805992.9690251946,10
-1263453.7779714926,1805992.9690251946,10
-1262990.465254965,1805992.9690251946,10
-1262527.1525384376,1805992.9690251946,10
-1262063.83982191,1805992.9690251946,10
-1261600.5271053826,1805992.9690251946,10
-1261137.214388855,1805992.9690251946,10
-1260673.9016723277,1805992.9690251946,10
-1260210.5889558,1805992.9690251946,10
-1259747.2762392727,1805992.9690251946,10
-1259283.963522745,1805992.9690251946,10
-1258820.6508062177,1805992.9690251946,10
-1258357.33808969,1805992.9690251946,10
-1257894.0253731627,1805992.9690251946,10
-1257430.712656635,1805992.9690251946,10
-1256967.3999401077,1805992.9690251946,10
-1256504.08722358,1805992.9690251946,10
-1256040.7745070527,1805992.9690251946,10
-1255577.4617905251,1805992.9690251946,10
-1255114.1490739975,1805992.9690251946,10
-1254650.8363574701,1805992.9690251946,10
-1254187.5236409425,1805992.9690251946,10
-1253724.2109244152,1805992.9690251946,10
-1253260.8982078875,1805992.9690251946,10
-1252797.5854913602,1805992.9690251946,10
-1252334.2727748326,1805992.9690251946,10
-1251870.9600583052,1805992.9690251946,10
-1251407.6473417776,1805992.9690251946,10
-1250944.3346252502,1805992.9690251946,10
-1250481.0219087226,1805992.9690251946,10
-1250017.7091921952,1805992.9690251946,10
-1249554.3964756676,1805992.9690251946,10
-1249091.0837591402,1805992.9690251946,10
-1248627.7710426126,1805992.9690251946,10
-1248164.458326085,1805992.9690251946,10
-1247701.1456095576,1805992.9690251946,10
-1247237.83289303,1805992.9690251946,10
-1246774.5201765026,1805992.9690251946,10
-1246311.207459975,1805992.9690251946,10
-1245847.8947434477,1805992.9690251946,10
-1245384.58202692,1805992.9690251946,10
-1244921.2693103927,1805992.9690251946,10
-1244457.956593865,1805992.9690251946,10
-1243994.6438773377,1805992.9690251946,10
-1243531.33116081,1805992.9690251946,10
-1243068.0184442827,1805992.9690251946,10
-1242604.705727755,1805992.9690251946,10
-1242141.3930112277,1805992.9690251946,10
-1241678.0802947,1805992.9690251946,10
-1241214.7675781725,1805992.9690251946,10
-1240751.4548616451,1805992.9690251946,10
-1240288.1421451175,1805992.9690251946,10
-1239824.8294285901,1805992.9690251946,10
-1239361.5167120625,1805992.9690251946,10
-1238898.2039955352,1805992.9690251946,10
-1238434.8912790075,1805992.9690251946,10
-1237971.5785624802,1805992.9690251946,10
-1237508.2658459526,1805992.9690251946,10
-1237044.9531294252,1805992.9690251946,10
-1236581.6404128976,1805992.9690251946,10
-1236118.3276963702,1805992.9690251946,10
-1235655.0149798426,1805992.9690251946,10
-1235191.7022633152,1805992.9690251946,10
-1234728.3895467876,1805992.9690251946,10
-1234265.07683026,1805992.9690251946,10
-1233801.7641137326,1805992.9690251946,10
-1233338.4513972052,1805992.9690251946,10
-1232875.1386806776,1805992.9690251946,10
-1232411.82596415,1805992.9690251946,10
-1231948.5132476226,1805992.9690251946,10
-1231485.200531095,1805992.9690251946,10
-1231021.8878145677,1805992.9690251946,10
-1230558.57509804,1805992.9690251946,10
-1230095.2623815127,1805992.9690251946,10
-1229631.949664985,1805992.9690251946,10
-1229168.6369484577,1805992.9690251946,10
-1228705.32423193,1805992.9690251946,10
-1228242.0115154027,1805992.9690251946,10
-1227778.698798875,1805992.9690251946,10
-1227315.3860823475,1805992.9690251946,10
-1226852.07336582,1805992.9690251946,10
-1226388.7606492927,1805992.9690251946,10
-1225925.4479327651,1805992.9690251946,10
-1225462.1352162375,1805992.9690251946,10
-1224998.8224997101,1805992.9690251946,10
-1224535.5097831825,1805992.9690251946,10
-1224072.1970666551,1805992.9690251946,10
-1223608.8843501275,1805992.9690251946,10
-1223145.5716336002,1805992.9690251946,10
-1222682.2589170726,1805992.9690251946,10
-1222218.9462005452,1805992.9690251946,10
-1221755.6334840176,1805992.9690251946,10
-1221292.3207674902,1805992.9690251946,10
-1220829.0080509626,1805992.9690251946,10
-1220365.6953344352,1805992.9690251946,10
-1219902.3826179076,1805992.9690251946,10
-1219439.0699013802,1805992.9690251946,10
-1218975.7571848526,1805992.9690251946,10
-1218512.444468325,1805992.9690251946,10
-1218049.1317517976,1805992.9690251946,10
-1217585.81903527,1805992.9690251946,10
-1217122.5063187426,1805992.9690251946,10
-1216659.193602215,1805992.9690251946,10
-1216195.8808856877,1805992.9690251946,10
-1215732.56816916,1805992.9690251946,10
-1215269.2554526327,1805992.9690251946,10
-1214805.942736105,1805992.9690251946,10
-1214342.6300195777,1805992.9690251946,10
-1213879.31730305,1805992.9690251946,10
-1213416.0045865227,1805992.9690251946,10
-1212952.691869995,1805992.9690251946,10
-1212489.3791534677,1805992.9690251946,10
-1212026.06643694,1805992.9690251946,10
-1211562.7537204125,1805992.9690251946,10
-1211099.4410038851,1805992.9690251946,10
-1210636.1282873575,1805992.9690251946,10
-1210172.8155708301,1805992.9690251946,10
-1209709.5028543025,1805992.9690251946,10
-1209246.1901377751,1805992.9690251946,10
-1208782.8774212475,1805992.9690251946,10
-1208319.5647047202,1805992.9690251946,10
-1207856.2519881926,1805992.9690251946,10
-1207392.9392716652,1805992.9690251946,10
-1206929.6265551376,1805992.9690251946,10
-1206466.3138386102,1805992.9690251946,10
-1206003.0011220826,1805992.9690251946,10
-1205539.6884055552,1805992.9690251946,10
-1205076.3756890276,1805992.9690251946,10
-1204613.0629725,1805992.9690251946,10
-1204149.7502559726,1805992.9690251946,10
-1203686.4375394452,1805992.9690251946,10
-1203223.1248229176,1805992.9690251946,10
-1202759.81210639,1805992.9690251946,10
-1202296.4993898626,1805992.9690251946,10
-1201833.186673335,1805992.9690251946,10
-1201369.8739568077,1805992.9690251946,10
-1200906.56124028,1805992.9690251946,10
-1200443.2485237527,1805992.9690251946,10
-1199979.935807225,1805992.9690251946,10
-1199516.6230906977,1805992.9690251946,10
-1199053.31037417,1805992.9690251946,10
-1198589.9976576427,1805992.9690251946,10
-1198126.684941115,1805992.9690251946,10
-1197663.3722245875,1805992.9690251946,10
-1197200.05950806,1805992.9690251946,10
-1196736.7467915327,1805992.9690251946,10
-1196273.4340750051,1805992.9690251946,10
-1195810.1213584775,1805992.9690251946,10
-1195346.8086419501,1805992.9690251946,10
-1194883.4959254225,1805992.9690251946,10
-1194420.1832088951,1805992.9690251946,10
-1193956.8704923675,1805992.9690251946,10
-1193493.5577758402,1805992.9690251946,10
-1193030.2450593126,1805992.9690251946,10
-1192566.9323427852,1805992.9690251946,10
-1192103.6196262576,1805992.9690251946,10
-1191640.3069097302,1805992.9690251946,10
-1191176.9941932026,1805992.9690251946,10
-1190713.6814766752,1805992.9690251946,10
-1190250.3687601476,1805992.9690251946,10
-1189787.0560436202,1805992.9690251946,10
-1189323.7433270926,1805992.9690251946,10
-1188860.430610565,1805992.9690251946,10
-1188397.1178940376,1805992.9690251946,10
-1187933.80517751,1805992.9690251946,10
-1187470.4924609826,1805992.9690251946,10
-1187007.179744455,1805992.9690251946,10
-1186543.8670279277,1805992.9690251946,10
-1186080.5543114,1805992.9690251946,10
-1185617.2415948727,1805992.9690251946,10
-1185153.928878345,1805992.9690251946,10
-1184690.6161618177,1805992.9690251946,10
-1184227.30344529,1805992.9690251946,10
-1183763.9907287627,1805992.9690251946,10
-1183300.678012235,1805992.9690251946,10
-1182837.3652957077,1805992.9690251946,10
-1182374.05257918,1805992.9690251946,10
-1181910.7398626525,1805992.9690251946,10
-1181447.4271461251,1805992.9690251946,10
-1180984.1144295975,1805992.9690251946,10
-1180520.8017130701,1805992.9690251946,10
-1180057.4889965425,1805992.9690251946,10
-1179594.1762800151,1805992.9690251946,10
-1179130.8635634875,1805992.9690251946,10
-1178667.5508469602,1805992.9690251946,10
-1178204.2381304326,1805992.9690251946,10
-1177740.9254139052,1805992.9690251946,10
-1177277.6126973776,1805992.9690251946,10
-1176814.2999808502,1805992.9690251946,10
-1176350.9872643226,1805992.9690251946,10
-1175887.6745477952,1805992.9690251946,10
-1175424.3618312676,1805992.9690251946,10
-1174961.04911474,1805992.9690251946,10
-1174497.7363982126,1805992.9690251946,10
-1174034.4236816852,1805992.9690251946,10
-1173571.1109651576,1805992.9690251946,10
-1173107.79824863,1805992.9690251946,10
-1172644.4855321026,1805992.9690251946,10
-1172181.172815575,1805992.9690251946,10
-1171717.8600990477,1805992.9690251946,10
-1171254.54738252,1805992.9690251946,10
-1170791.2346659927,1805992.9690251946,10
-1170327.921949465,1805992.9690251946,10
-1169864.6092329377,1805992.9690251946,10
-1169401.29651641,1805992.9690251946,10
-1168937.9837998827,1805992.9690251946,10
-1168474.671083355,1805992.9690251946,10
-1168011.3583668275,1805992.9690251946,10
-1167548.0456503,1805992.9690251946,10
-1167084.7329337727,1805992.9690251946,10
-1166621.4202172451,1805992.9690251946,10
-1166158.1075007175,1805992.9690251946,10
-1165694.7947841901,1805992.9690251946,10
-1165231.4820676625,1805992.9690251946,10
-1164768.1693511351,1805992.9690251946,10
-1164304.8566346075,1805992.9690251946,10
-1163841.5439180802,1805992.9690251946,10
-1163378.2312015526,1805992.9690251946,10
-1162914.9184850252,1805992.9690251946,10
-1162451.6057684976,1805992.9690251946,10
-1161988.2930519702,1805992.9690251946,10
-1161524.9803354426,1805992.9690251946,10
-1161061.6676189152,1805992.9690251946,10
-1160598.3549023876,1805992.9690251946,10
-1160135.0421858602,1805992.9690251946,10
-1159671.7294693326,1805992.9690251946,10
-1159208.416752805,1805992.9690251946,10
-1158745.1040362776,1805992.9690251946,10
-1158281.79131975,1805992.9690251946,10
-1157818.4786032226,1805992.9690251946,10
-1157355.165886695,1805992.9690251946,10
-1156891.8531701677,1805992.9690251946,10
-1156428.54045364,1805992.9690251946,10
-1155965.2277371127,1805992.9690251946,10
-1326464.3074192326,1805529.6563086673,10
-1326000.9947027052,1805529.6563086673,10
-1325537.6819861776,1805529.6563086673,16
-1325074.3692696502,1805529.6563086673,16
-1324611.0565531226,1805529.6563086673,16
-1324147.7438365952,1805529.6563086673,16
-1323684.4311200676,1805529.6563086673,16
-1323221.11840354,1805529.6563086673,16
-1322757.8056870126,1805529.6563086673,16
-1322294.492970485,1805529.6563086673,16
-1321831.1802539576,1805529.6563086673,16
-1321367.86753743,1805529.6563086673,10
-1320904.5548209026,1805529.6563086673,10
-1320441.242104375,1805529.6563086673,10
-1319977.9293878477,1805529.6563086673,16
-1319514.61667132,1805529.6563086673,10
-1319051.3039547927,1805529.6563086673,10
-1318587.991238265,1805529.6563086673,10
-1307468.486041605,1805529.6563086673,10
-1307005.1733250776,1805529.6563086673,10
-1306541.86060855,1805529.6563086673,10
-1306078.5478920226,1805529.6563086673,10
-1305615.235175495,1805529.6563086673,10
-1305151.9224589677,1805529.6563086673,16
-1304688.60974244,1805529.6563086673,16
-1304225.2970259127,1805529.6563086673,16
-1303761.984309385,1805529.6563086673,16
-1303298.6715928577,1805529.6563086673,16
-1302835.35887633,1805529.6563086673,16
-1302372.0461598027,1805529.6563086673,16
-1301908.733443275,1805529.6563086673,10
-1301445.4207267477,1805529.6563086673,10
-1300982.10801022,1805529.6563086673,10
-1300518.7952936925,1805529.6563086673,10
-1300055.4825771651,1805529.6563086673,10
-1299592.1698606375,1805529.6563086673,10
-1299128.8571441101,1805529.6563086673,10
-1298665.5444275825,1805529.6563086673,10
-1298202.2317110552,1805529.6563086673,10
-1297738.9189945275,1805529.6563086673,10
-1297275.6062780002,1805529.6563086673,10
-1296812.2935614726,1805529.6563086673,10
-1296348.9808449452,1805529.6563086673,16
-1295885.6681284176,1805529.6563086673,16
-1295422.3554118902,1805529.6563086673,16
-1294959.0426953626,1805529.6563086673,16
-1294495.7299788352,1805529.6563086673,16
-1294032.4172623076,1805529.6563086673,16
-1293569.10454578,1805529.6563086673,16
-1293105.7918292526,1805529.6563086673,16
-1292642.479112725,1805529.6563086673,10
-1292179.1663961976,1805529.6563086673,10
-1291715.85367967,1805529.6563086673,16
-1291252.5409631426,1805529.6563086673,16
-1290789.228246615,1805529.6563086673,10
-1290325.9155300877,1805529.6563086673,10
-1289862.60281356,1805529.6563086673,10
-1289399.2900970327,1805529.6563086673,10
-1288935.977380505,1805529.6563086673,10
-1288472.6646639777,1805529.6563086673,10
-1288009.35194745,1805529.6563086673,10
-1287546.0392309227,1805529.6563086673,10
-1287082.726514395,1805529.6563086673,10
-1286619.4137978677,1805529.6563086673,10
-1286156.10108134,1805529.6563086673,16
-1285692.7883648127,1805529.6563086673,16
-1285229.4756482851,1805529.6563086673,10
-1284766.1629317575,1805529.6563086673,10
-1284302.8502152301,1805529.6563086673,10
-1283839.5374987025,1805529.6563086673,10
-1283376.2247821752,1805529.6563086673,10
-1282912.9120656475,1805529.6563086673,10
-1282449.5993491202,1805529.6563086673,10
-1281986.2866325926,1805529.6563086673,10
-1281522.9739160652,1805529.6563086673,10
-1281059.6611995376,1805529.6563086673,10
-1280596.3484830102,1805529.6563086673,10
-1280133.0357664826,1805529.6563086673,10
-1279669.7230499552,1805529.6563086673,10
-1279206.4103334276,1805529.6563086673,10
-1278743.0976169002,1805529.6563086673,10
-1278279.7849003726,1805529.6563086673,10
-1277816.472183845,1805529.6563086673,10
-1277353.1594673176,1805529.6563086673,10
-1276889.84675079,1805529.6563086673,10
-1276426.5340342626,1805529.6563086673,10
-1275963.221317735,1805529.6563086673,10
-1275499.9086012077,1805529.6563086673,10
-1275036.59588468,1805529.6563086673,10
-1274573.2831681527,1805529.6563086673,10
-1274109.970451625,1805529.6563086673,10
-1273646.6577350977,1805529.6563086673,10
-1273183.34501857,1805529.6563086673,10
-1272720.0323020427,1805529.6563086673,10
-1272256.719585515,1805529.6563086673,10
-1271793.4068689877,1805529.6563086673,10
-1271330.09415246,1805529.6563086673,10
-1270866.7814359325,1805529.6563086673,10
-1270403.4687194051,1805529.6563086673,10
-1269940.1560028775,1805529.6563086673,10
-1269476.8432863501,1805529.6563086673,10
-1269013.5305698225,1805529.6563086673,10
-1268550.2178532952,1805529.6563086673,10
-1268086.9051367675,1805529.6563086673,10
-1267623.5924202402,1805529.6563086673,10
-1267160.2797037126,1805529.6563086673,10
-1266696.9669871852,1805529.6563086673,10
-1266233.6542706576,1805529.6563086673,10
-1265770.3415541302,1805529.6563086673,10
-1265307.0288376026,1805529.6563086673,10
-1264843.7161210752,1805529.6563086673,10
-1264380.4034045476,1805529.6563086673,10
-1263917.09068802,1805529.6563086673,10
-1263453.7779714926,1805529.6563086673,10
-1262990.465254965,1805529.6563086673,10
-1262527.1525384376,1805529.6563086673,10
-1262063.83982191,1805529.6563086673,10
-1261600.5271053826,1805529.6563086673,10
-1261137.214388855,1805529.6563086673,10
-1260673.9016723277,1805529.6563086673,10
-1260210.5889558,1805529.6563086673,10
-1259747.2762392727,1805529.6563086673,10
-1259283.963522745,1805529.6563086673,10
-1258820.6508062177,1805529.6563086673,10
-1258357.33808969,1805529.6563086673,10
-1257894.0253731627,1805529.6563086673,10
-1257430.712656635,1805529.6563086673,10
-1256967.3999401077,1805529.6563086673,10
-1256504.08722358,1805529.6563086673,10
-1256040.7745070527,1805529.6563086673,10
-1255577.4617905251,1805529.6563086673,10
-1255114.1490739975,1805529.6563086673,10
-1254650.8363574701,1805529.6563086673,10
-1254187.5236409425,1805529.6563086673,10
-1253724.2109244152,1805529.6563086673,10
-1253260.8982078875,1805529.6563086673,10
-1252797.5854913602,1805529.6563086673,10
-1252334.2727748326,1805529.6563086673,10
-1251870.9600583052,1805529.6563086673,10
-1251407.6473417776,1805529.6563086673,10
-1250944.3346252502,1805529.6563086673,10
-1250481.0219087226,1805529.6563086673,10
-1250017.7091921952,1805529.6563086673,10
-1249554.3964756676,1805529.6563086673,10
-1249091.0837591402,1805529.6563086673,10
-1248627.7710426126,1805529.6563086673,10
-1248164.458326085,1805529.6563086673,10
-1247701.1456095576,1805529.6563086673,10
-1247237.83289303,1805529.6563086673,10
-1246774.5201765026,1805529.6563086673,10
-1246311.207459975,1805529.6563086673,10
-1245847.8947434477,1805529.6563086673,10
-1245384.58202692,1805529.6563086673,10
-1244921.2693103927,1805529.6563086673,10
-1244457.956593865,1805529.6563086673,10
-1243994.6438773377,1805529.6563086673,10
-1243531.33116081,1805529.6563086673,10
-1243068.0184442827,1805529.6563086673,10
-1242604.705727755,1805529.6563086673,10
-1242141.3930112277,1805529.6563086673,10
-1241678.0802947,1805529.6563086673,10
-1241214.7675781725,1805529.6563086673,10
-1240751.4548616451,1805529.6563086673,10
-1240288.1421451175,1805529.6563086673,10
-1239824.8294285901,1805529.6563086673,10
-1239361.5167120625,1805529.6563086673,10
-1238898.2039955352,1805529.6563086673,10
-1238434.8912790075,1805529.6563086673,10
-1237971.5785624802,1805529.6563086673,10
-1237508.2658459526,1805529.6563086673,10
-1237044.9531294252,1805529.6563086673,10
-1236581.6404128976,1805529.6563086673,10
-1236118.3276963702,1805529.6563086673,10
-1235655.0149798426,1805529.6563086673,10
-1235191.7022633152,1805529.6563086673,10
-1234728.3895467876,1805529.6563086673,10
-1234265.07683026,1805529.6563086673,10
-1233801.7641137326,1805529.6563086673,10
-1233338.4513972052,1805529.6563086673,10
-1232875.1386806776,1805529.6563086673,10
-1232411.82596415,1805529.6563086673,10
-1231948.5132476226,1805529.6563086673,10
-1231485.200531095,1805529.6563086673,10
-1231021.8878145677,1805529.6563086673,10
-1230558.57509804,1805529.6563086673,10
-1230095.2623815127,1805529.6563086673,10
-1229631.949664985,1805529.6563086673,10
-1229168.6369484577,1805529.6563086673,10
-1228705.32423193,1805529.6563086673,10
-1228242.0115154027,1805529.6563086673,10
-1227778.698798875,1805529.6563086673,10
-1227315.3860823475,1805529.6563086673,10
-1226852.07336582,1805529.6563086673,10
-1226388.7606492927,1805529.6563086673,10
-1225925.4479327651,1805529.6563086673,10
-1225462.1352162375,1805529.6563086673,10
-1224998.8224997101,1805529.6563086673,10
-1224535.5097831825,1805529.6563086673,10
-1224072.1970666551,1805529.6563086673,10
-1223608.8843501275,1805529.6563086673,10
-1223145.5716336002,1805529.6563086673,10
-1222682.2589170726,1805529.6563086673,10
-1222218.9462005452,1805529.6563086673,10
-1221755.6334840176,1805529.6563086673,10
-1221292.3207674902,1805529.6563086673,10
-1220829.0080509626,1805529.6563086673,10
-1220365.6953344352,1805529.6563086673,10
-1219902.3826179076,1805529.6563086673,10
-1219439.0699013802,1805529.6563086673,10
-1218975.7571848526,1805529.6563086673,10
-1218512.444468325,1805529.6563086673,10
-1218049.1317517976,1805529.6563086673,10
-1217585.81903527,1805529.6563086673,10
-1217122.5063187426,1805529.6563086673,10
-1216659.193602215,1805529.6563086673,10
-1216195.8808856877,1805529.6563086673,10
-1215732.56816916,1805529.6563086673,10
-1215269.2554526327,1805529.6563086673,10
-1214805.942736105,1805529.6563086673,10
-1214342.6300195777,1805529.6563086673,10
-1213879.31730305,1805529.6563086673,10
-1213416.0045865227,1805529.6563086673,10
-1212952.691869995,1805529.6563086673,10
-1212489.3791534677,1805529.6563086673,10
-1212026.06643694,1805529.6563086673,10
-1211562.7537204125,1805529.6563086673,10
-1211099.4410038851,1805529.6563086673,10
-1210636.1282873575,1805529.6563086673,10
-1210172.8155708301,1805529.6563086673,10
-1209709.5028543025,1805529.6563086673,10
-1209246.1901377751,1805529.6563086673,10
-1208782.8774212475,1805529.6563086673,10
-1208319.5647047202,1805529.6563086673,10
-1207856.2519881926,1805529.6563086673,10
-1207392.9392716652,1805529.6563086673,10
-1206929.6265551376,1805529.6563086673,10
-1206466.3138386102,1805529.6563086673,10
-1206003.0011220826,1805529.6563086673,10
-1205539.6884055552,1805529.6563086673,10
-1205076.3756890276,1805529.6563086673,10
-1204613.0629725,1805529.6563086673,10
-1204149.7502559726,1805529.6563086673,10
-1203686.4375394452,1805529.6563086673,10
-1203223.1248229176,1805529.6563086673,10
-1202759.81210639,1805529.6563086673,10
-1202296.4993898626,1805529.6563086673,10
-1201833.186673335,1805529.6563086673,10
-1201369.8739568077,1805529.6563086673,10
-1200906.56124028,1805529.6563086673,10
-1200443.2485237527,1805529.6563086673,10
-1199979.935807225,1805529.6563086673,10
-1199516.6230906977,1805529.6563086673,10
-1199053.31037417,1805529.6563086673,10
-1198589.9976576427,1805529.6563086673,10
-1198126.684941115,1805529.6563086673,10
-1197663.3722245875,1805529.6563086673,10
-1197200.05950806,1805529.6563086673,10
-1196736.7467915327,1805529.6563086673,10
-1196273.4340750051,1805529.6563086673,10
-1195810.1213584775,1805529.6563086673,10
-1195346.8086419501,1805529.6563086673,10
-1194883.4959254225,1805529.6563086673,10
-1194420.1832088951,1805529.6563086673,10
-1193956.8704923675,1805529.6563086673,10
-1193493.5577758402,1805529.6563086673,10
-1193030.2450593126,1805529.6563086673,10
-1192566.9323427852,1805529.6563086673,10
-1192103.6196262576,1805529.6563086673,10
-1191640.3069097302,1805529.6563086673,10
-1191176.9941932026,1805529.6563086673,10
-1190713.6814766752,1805529.6563086673,10
-1190250.3687601476,1805529.6563086673,10
-1189787.0560436202,1805529.6563086673,10
-1189323.7433270926,1805529.6563086673,10
-1188860.430610565,1805529.6563086673,10
-1188397.1178940376,1805529.6563086673,10
-1187933.80517751,1805529.6563086673,10
-1187470.4924609826,1805529.6563086673,10
-1187007.179744455,1805529.6563086673,10
-1186543.8670279277,1805529.6563086673,10
-1186080.5543114,1805529.6563086673,10
-1185617.2415948727,1805529.6563086673,10
-1185153.928878345,1805529.6563086673,10
-1184690.6161618177,1805529.6563086673,10
-1184227.30344529,1805529.6563086673,10
-1183763.9907287627,1805529.6563086673,10
-1183300.678012235,1805529.6563086673,10
-1182837.3652957077,1805529.6563086673,10
-1182374.05257918,1805529.6563086673,10
-1181910.7398626525,1805529.6563086673,10
-1181447.4271461251,1805529.6563086673,10
-1180984.1144295975,1805529.6563086673,10
-1180520.8017130701,1805529.6563086673,10
-1180057.4889965425,1805529.6563086673,10
-1179594.1762800151,1805529.6563086673,10
-1179130.8635634875,1805529.6563086673,10
-1178667.5508469602,1805529.6563086673,10
-1178204.2381304326,1805529.6563086673,10
-1177740.9254139052,1805529.6563086673,10
-1177277.6126973776,1805529.6563086673,10
-1176814.2999808502,1805529.6563086673,10
-1176350.9872643226,1805529.6563086673,10
-1175887.6745477952,1805529.6563086673,10
-1175424.3618312676,1805529.6563086673,10
-1174961.04911474,1805529.6563086673,10
-1174497.7363982126,1805529.6563086673,10
-1174034.4236816852,1805529.6563086673,10
-1173571.1109651576,1805529.6563086673,10
-1173107.79824863,1805529.6563086673,10
-1172644.4855321026,1805529.6563086673,10
-1172181.172815575,1805529.6563086673,10
-1171717.8600990477,1805529.6563086673,10
-1171254.54738252,1805529.6563086673,10
-1170791.2346659927,1805529.6563086673,10
-1170327.921949465,1805529.6563086673,10
-1169864.6092329377,1805529.6563086673,10
-1169401.29651641,1805529.6563086673,10
-1168937.9837998827,1805529.6563086673,10
-1168474.671083355,1805529.6563086673,10
-1168011.3583668275,1805529.6563086673,10
-1167548.0456503,1805529.6563086673,10
-1167084.7329337727,1805529.6563086673,10
-1166621.4202172451,1805529.6563086673,10
-1166158.1075007175,1805529.6563086673,10
-1165694.7947841901,1805529.6563086673,10
-1165231.4820676625,1805529.6563086673,10
-1164768.1693511351,1805529.6563086673,10
-1164304.8566346075,1805529.6563086673,10
-1163841.5439180802,1805529.6563086673,10
-1163378.2312015526,1805529.6563086673,10
-1162914.9184850252,1805529.6563086673,10
-1162451.6057684976,1805529.6563086673,10
-1161988.2930519702,1805529.6563086673,10
-1161524.9803354426,1805529.6563086673,10
-1161061.6676189152,1805529.6563086673,10
-1160598.3549023876,1805529.6563086673,10
-1160135.0421858602,1805529.6563086673,10
-1159671.7294693326,1805529.6563086673,10
-1159208.416752805,1805529.6563086673,10
-1158745.1040362776,1805529.6563086673,10
-1158281.79131975,1805529.6563086673,10
-1157818.4786032226,1805529.6563086673,10
-1157355.165886695,1805529.6563086673,10
-1156891.8531701677,1805529.6563086673,10
-1156428.54045364,1805529.6563086673,10
-1155965.2277371127,1805529.6563086673,10
-1155501.915020585,1805529.6563086673,10
-1155038.6023040577,1805529.6563086673,10
-1154575.28958753,1805529.6563086673,10
-1154111.9768710027,1805529.6563086673,10
-1326464.3074192326,1805066.3435921397,7
-1326000.9947027052,1805066.3435921397,10
-1325537.6819861776,1805066.3435921397,16
-1325074.3692696502,1805066.3435921397,16
-1324611.0565531226,1805066.3435921397,16
-1324147.7438365952,1805066.3435921397,16
-1323684.4311200676,1805066.3435921397,16
-1323221.11840354,1805066.3435921397,16
-1322757.8056870126,1805066.3435921397,16
-1322294.492970485,1805066.3435921397,16
-1321831.1802539576,1805066.3435921397,10
-1321367.86753743,1805066.3435921397,10
-1320904.5548209026,1805066.3435921397,10
-1320441.242104375,1805066.3435921397,10
-1319977.9293878477,1805066.3435921397,10
-1319514.61667132,1805066.3435921397,10
-1307005.1733250776,1805066.3435921397,10
-1306541.86060855,1805066.3435921397,10
-1306078.5478920226,1805066.3435921397,10
-1305615.235175495,1805066.3435921397,10
-1305151.9224589677,1805066.3435921397,16
-1304688.60974244,1805066.3435921397,16
-1304225.2970259127,1805066.3435921397,16
-1303761.984309385,1805066.3435921397,16
-1303298.6715928577,1805066.3435921397,16
-1302835.35887633,1805066.3435921397,16
-1302372.0461598027,1805066.3435921397,16
-1301908.733443275,1805066.3435921397,10
-1301445.4207267477,1805066.3435921397,10
-1300982.10801022,1805066.3435921397,10
-1300518.7952936925,1805066.3435921397,10
-1300055.4825771651,1805066.3435921397,10
-1299592.1698606375,1805066.3435921397,10
-1299128.8571441101,1805066.3435921397,10
-1298665.5444275825,1805066.3435921397,10
-1298202.2317110552,1805066.3435921397,10
-1297738.9189945275,1805066.3435921397,10
-1297275.6062780002,1805066.3435921397,10
-1296812.2935614726,1805066.3435921397,10
-1296348.9808449452,1805066.3435921397,16
-1295885.6681284176,1805066.3435921397,16
-1295422.3554118902,1805066.3435921397,16
-1294959.0426953626,1805066.3435921397,16
-1294495.7299788352,1805066.3435921397,16
-1294032.4172623076,1805066.3435921397,16
-1293569.10454578,1805066.3435921397,16
-1293105.7918292526,1805066.3435921397,16
-1292642.479112725,1805066.3435921397,16
-1292179.1663961976,1805066.3435921397,16
-1291715.85367967,1805066.3435921397,16
-1291252.5409631426,1805066.3435921397,16
-1290789.228246615,1805066.3435921397,10
-1290325.9155300877,1805066.3435921397,10
-1289862.60281356,1805066.3435921397,10
-1289399.2900970327,1805066.3435921397,10
-1288935.977380505,1805066.3435921397,10
-1288472.6646639777,1805066.3435921397,10
-1288009.35194745,1805066.3435921397,10
-1287546.0392309227,1805066.3435921397,10
-1287082.726514395,1805066.3435921397,10
-1286619.4137978677,1805066.3435921397,16
-1286156.10108134,1805066.3435921397,16
-1285692.7883648127,1805066.3435921397,10
-1285229.4756482851,1805066.3435921397,10
-1284766.1629317575,1805066.3435921397,10
-1284302.8502152301,1805066.3435921397,10
-1283839.5374987025,1805066.3435921397,10
-1283376.2247821752,1805066.3435921397,10
-1282912.9120656475,1805066.3435921397,10
-1282449.5993491202,1805066.3435921397,10
-1281986.2866325926,1805066.3435921397,10
-1281522.9739160652,1805066.3435921397,10
-1281059.6611995376,1805066.3435921397,10
-1280596.3484830102,1805066.3435921397,10
-1280133.0357664826,1805066.3435921397,10
-1279669.7230499552,1805066.3435921397,10
-1279206.4103334276,1805066.3435921397,10
-1278743.0976169002,1805066.3435921397,10
-1278279.7849003726,1805066.3435921397,10
-1277816.472183845,1805066.3435921397,10
-1277353.1594673176,1805066.3435921397,10
-1276889.84675079,1805066.3435921397,10
-1276426.5340342626,1805066.3435921397,10
-1275963.221317735,1805066.3435921397,10
-1275499.9086012077,1805066.3435921397,10
-1275036.59588468,1805066.3435921397,10
-1274573.2831681527,1805066.3435921397,10
-1274109.970451625,1805066.3435921397,10
-1273646.6577350977,1805066.3435921397,10
-1273183.34501857,1805066.3435921397,10
-1272720.0323020427,1805066.3435921397,10
-1272256.719585515,1805066.3435921397,10
-1271793.4068689877,1805066.3435921397,10
-1271330.09415246,1805066.3435921397,10
-1270866.7814359325,1805066.3435921397,10
-1270403.4687194051,1805066.3435921397,10
-1269940.1560028775,1805066.3435921397,10
-1269476.8432863501,1805066.3435921397,10
-1269013.5305698225,1805066.3435921397,10
-1268550.2178532952,1805066.3435921397,10
-1268086.9051367675,1805066.3435921397,10
-1267623.5924202402,1805066.3435921397,10
-1267160.2797037126,1805066.3435921397,10
-1266696.9669871852,1805066.3435921397,10
-1266233.6542706576,1805066.3435921397,10
-1265770.3415541302,1805066.3435921397,10
-1265307.0288376026,1805066.3435921397,10
-1264843.7161210752,1805066.3435921397,10
-1264380.4034045476,1805066.3435921397,10
-1263917.09068802,1805066.3435921397,10
-1263453.7779714926,1805066.3435921397,10
-1262990.465254965,1805066.3435921397,10
-1262527.1525384376,1805066.3435921397,10
-1262063.83982191,1805066.3435921397,10
-1261600.5271053826,1805066.3435921397,10
-1261137.214388855,1805066.3435921397,10
-1260673.9016723277,1805066.3435921397,10
-1260210.5889558,1805066.3435921397,10
-1259747.2762392727,1805066.3435921397,10
-1259283.963522745,1805066.3435921397,10
-1258820.6508062177,1805066.3435921397,10
-1258357.33808969,1805066.3435921397,10
-1257894.0253731627,1805066.3435921397,10
-1257430.712656635,1805066.3435921397,10
-1256967.3999401077,1805066.3435921397,10
-1256504.08722358,1805066.3435921397,10
-1256040.7745070527,1805066.3435921397,10
-1255577.4617905251,1805066.3435921397,10
-1255114.1490739975,1805066.3435921397,10
-1254650.8363574701,1805066.3435921397,10
-1254187.5236409425,1805066.3435921397,10
-1253724.2109244152,1805066.3435921397,10
-1253260.8982078875,1805066.3435921397,10
-1252797.5854913602,1805066.3435921397,10
-1252334.2727748326,1805066.3435921397,10
-1251870.9600583052,1805066.3435921397,10
-1251407.6473417776,1805066.3435921397,10
-1250944.3346252502,1805066.3435921397,10
-1250481.0219087226,1805066.3435921397,10
-1250017.7091921952,1805066.3435921397,10
-1249554.3964756676,1805066.3435921397,10
-1249091.0837591402,1805066.3435921397,10
-1248627.7710426126,1805066.3435921397,10
-1248164.458326085,1805066.3435921397,10
-1247701.1456095576,1805066.3435921397,10
-1247237.83289303,1805066.3435921397,10
-1246774.5201765026,1805066.3435921397,10
-1246311.207459975,1805066.3435921397,10
-1245847.8947434477,1805066.3435921397,10
-1245384.58202692,1805066.3435921397,10
-1244921.2693103927,1805066.3435921397,10
-1244457.956593865,1805066.3435921397,10
-1243994.6438773377,1805066.3435921397,10
-1243531.33116081,1805066.3435921397,10
-1243068.0184442827,1805066.3435921397,10
-1242604.705727755,1805066.3435921397,10
-1242141.3930112277,1805066.3435921397,10
-1241678.0802947,1805066.3435921397,10
-1241214.7675781725,1805066.3435921397,10
-1240751.4548616451,1805066.3435921397,10
-1240288.1421451175,1805066.3435921397,10
-1239824.8294285901,1805066.3435921397,10
-1239361.5167120625,1805066.3435921397,10
-1238898.2039955352,1805066.3435921397,10
-1238434.8912790075,1805066.3435921397,10
-1237971.5785624802,1805066.3435921397,10
-1237508.2658459526,1805066.3435921397,10
-1237044.9531294252,1805066.3435921397,10
-1236581.6404128976,1805066.3435921397,10
-1236118.3276963702,1805066.3435921397,10
-1235655.0149798426,1805066.3435921397,10
-1235191.7022633152,1805066.3435921397,10
-1234728.3895467876,1805066.3435921397,10
-1234265.07683026,1805066.3435921397,10
-1233801.7641137326,1805066.3435921397,10
-1233338.4513972052,1805066.3435921397,10
-1232875.1386806776,1805066.3435921397,10
-1232411.82596415,1805066.3435921397,10
-1231948.5132476226,1805066.3435921397,10
-1231485.200531095,1805066.3435921397,10
-1231021.8878145677,1805066.3435921397,10
-1230558.57509804,1805066.3435921397,10
-1230095.2623815127,1805066.3435921397,10
-1229631.949664985,1805066.3435921397,10
-1229168.6369484577,1805066.3435921397,10
-1228705.32423193,1805066.3435921397,10
-1228242.0115154027,1805066.3435921397,10
-1227778.698798875,1805066.3435921397,10
-1227315.3860823475,1805066.3435921397,10
-1226852.07336582,1805066.3435921397,10
-1226388.7606492927,1805066.3435921397,10
-1225925.4479327651,1805066.3435921397,10
-1225462.1352162375,1805066.3435921397,10
-1224998.8224997101,1805066.3435921397,10
-1224535.5097831825,1805066.3435921397,10
-1224072.1970666551,1805066.3435921397,10
-1223608.8843501275,1805066.3435921397,10
-1223145.5716336002,1805066.3435921397,10
-1222682.2589170726,1805066.3435921397,10
-1222218.9462005452,1805066.3435921397,10
-1221755.6334840176,1805066.3435921397,10
-1221292.3207674902,1805066.3435921397,10
-1220829.0080509626,1805066.3435921397,10
-1220365.6953344352,1805066.3435921397,10
-1219902.3826179076,1805066.3435921397,10
-1219439.0699013802,1805066.3435921397,10
-1218975.7571848526,1805066.3435921397,10
-1218512.444468325,1805066.3435921397,10
-1218049.1317517976,1805066.3435921397,10
-1217585.81903527,1805066.3435921397,10
-1217122.5063187426,1805066.3435921397,10
-1216659.193602215,1805066.3435921397,10
-1216195.8808856877,1805066.3435921397,10
-1215732.56816916,1805066.3435921397,10
-1215269.2554526327,1805066.3435921397,10
-1214805.942736105,1805066.3435921397,10
-1214342.6300195777,1805066.3435921397,10
-1213879.31730305,1805066.3435921397,10
-1213416.0045865227,1805066.3435921397,10
-1212952.691869995,1805066.3435921397,10
-1212489.3791534677,1805066.3435921397,10
-1212026.06643694,1805066.3435921397,10
-1211562.7537204125,1805066.3435921397,10
-1211099.4410038851,1805066.3435921397,10
-1210636.1282873575,1805066.3435921397,10
-1210172.8155708301,1805066.3435921397,10
-1209709.5028543025,1805066.3435921397,10
-1209246.1901377751,1805066.3435921397,10
-1208782.8774212475,1805066.3435921397,10
-1208319.5647047202,1805066.3435921397,10
-1207856.2519881926,1805066.3435921397,10
-1207392.9392716652,1805066.3435921397,10
-1206929.6265551376,1805066.3435921397,10
-1206466.3138386102,1805066.3435921397,10
-1206003.0011220826,1805066.3435921397,10
-1205539.6884055552,1805066.3435921397,10
-1205076.3756890276,1805066.3435921397,10
-1204613.0629725,1805066.3435921397,10
-1204149.7502559726,1805066.3435921397,10
-1203686.4375394452,1805066.3435921397,10
-1203223.1248229176,1805066.3435921397,10
-1202759.81210639,1805066.3435921397,10
-1202296.4993898626,1805066.3435921397,10
-1201833.186673335,1805066.3435921397,10
-1201369.8739568077,1805066.3435921397,10
-1200906.56124028,1805066.3435921397,10
-1200443.2485237527,1805066.3435921397,10
-1199979.935807225,1805066.3435921397,10
-1199516.6230906977,1805066.3435921397,10
-1199053.31037417,1805066.3435921397,10
-1198589.9976576427,1805066.3435921397,10
-1198126.684941115,1805066.3435921397,10
-1197663.3722245875,1805066.3435921397,10
-1197200.05950806,1805066.3435921397,10
-1196736.7467915327,1805066.3435921397,10
-1196273.4340750051,1805066.3435921397,10
-1195810.1213584775,1805066.3435921397,10
-1195346.8086419501,1805066.3435921397,10
-1194883.4959254225,1805066.3435921397,10
-1194420.1832088951,1805066.3435921397,10
-1193956.8704923675,1805066.3435921397,10
-1193493.5577758402,1805066.3435921397,10
-1193030.2450593126,1805066.3435921397,10
-1192566.9323427852,1805066.3435921397,10
-1192103.6196262576,1805066.3435921397,10
-1191640.3069097302,1805066.3435921397,10
-1191176.9941932026,1805066.3435921397,10
-1190713.6814766752,1805066.3435921397,10
-1190250.3687601476,1805066.3435921397,10
-1189787.0560436202,1805066.3435921397,10
-1189323.7433270926,1805066.3435921397,10
-1188860.430610565,1805066.3435921397,10
-1188397.1178940376,1805066.3435921397,10
-1187933.80517751,1805066.3435921397,10
-1187470.4924609826,1805066.3435921397,10
-1187007.179744455,1805066.3435921397,10
-1186543.8670279277,1805066.3435921397,10
-1186080.5543114,1805066.3435921397,10
-1185617.2415948727,1805066.3435921397,10
-1185153.928878345,1805066.3435921397,10
-1184690.6161618177,1805066.3435921397,10
-1184227.30344529,1805066.3435921397,10
-1183763.9907287627,1805066.3435921397,10
-1183300.678012235,1805066.3435921397,10
-1182837.3652957077,1805066.3435921397,10
-1182374.05257918,1805066.3435921397,10
-1181910.7398626525,1805066.3435921397,10
-1181447.4271461251,1805066.3435921397,10
-1180984.1144295975,1805066.3435921397,10
-1180520.8017130701,1805066.3435921397,10
-1180057.4889965425,1805066.3435921397,10
-1179594.1762800151,1805066.3435921397,10
-1179130.8635634875,1805066.3435921397,10
-1178667.5508469602,1805066.3435921397,10
-1178204.2381304326,1805066.3435921397,10
-1177740.9254139052,1805066.3435921397,10
-1177277.6126973776,1805066.3435921397,10
-1176814.2999808502,1805066.3435921397,10
-1176350.9872643226,1805066.3435921397,10
-1175887.6745477952,1805066.3435921397,10
-1175424.3618312676,1805066.3435921397,10
-1174961.04911474,1805066.3435921397,10
-1174497.7363982126,1805066.3435921397,10
-1174034.4236816852,1805066.3435921397,10
-1173571.1109651576,1805066.3435921397,10
-1173107.79824863,1805066.3435921397,10
-1172644.4855321026,1805066.3435921397,10
-1172181.172815575,1805066.3435921397,10
-1171717.8600990477,1805066.3435921397,10
-1171254.54738252,1805066.3435921397,10
-1170791.2346659927,1805066.3435921397,10
-1170327.921949465,1805066.3435921397,10
-1169864.6092329377,1805066.3435921397,10
-1169401.29651641,1805066.3435921397,10
-1168937.9837998827,1805066.3435921397,10
-1168474.671083355,1805066.3435921397,10
-1168011.3583668275,1805066.3435921397,10
-1167548.0456503,1805066.3435921397,10
-1167084.7329337727,1805066.3435921397,10
-1166621.4202172451,1805066.3435921397,10
-1166158.1075007175,1805066.3435921397,10
-1165694.7947841901,1805066.3435921397,10
-1165231.4820676625,1805066.3435921397,10
-1164768.1693511351,1805066.3435921397,10
-1164304.8566346075,1805066.3435921397,10
-1163841.5439180802,1805066.3435921397,10
-1163378.2312015526,1805066.3435921397,10
-1162914.9184850252,1805066.3435921397,10
-1162451.6057684976,1805066.3435921397,10
-1161988.2930519702,1805066.3435921397,10
-1161524.9803354426,1805066.3435921397,10
-1161061.6676189152,1805066.3435921397,10
-1160598.3549023876,1805066.3435921397,10
-1160135.0421858602,1805066.3435921397,10
-1159671.7294693326,1805066.3435921397,10
-1159208.416752805,1805066.3435921397,10
-1158745.1040362776,1805066.3435921397,10
-1158281.79131975,1805066.3435921397,10
-1157818.4786032226,1805066.3435921397,10
-1157355.165886695,1805066.3435921397,10
-1156891.8531701677,1805066.3435921397,10
-1156428.54045364,1805066.3435921397,10
-1155965.2277371127,1805066.3435921397,10
-1155501.915020585,1805066.3435921397,10
-1155038.6023040577,1805066.3435921397,10
-1154575.28958753,1805066.3435921397,10
-1154111.9768710027,1805066.3435921397,10
-1153648.664154475,1805066.3435921397,10
-1153185.3514379477,1805066.3435921397,10
-1326464.3074192326,1804603.0308756123,10
-1326000.9947027052,1804603.0308756123,10
-1325537.6819861776,1804603.0308756123,10
-1325074.3692696502,1804603.0308756123,16
-1324611.0565531226,1804603.0308756123,16
-1324147.7438365952,1804603.0308756123,16
-1323684.4311200676,1804603.0308756123,16
-1323221.11840354,1804603.0308756123,16
-1322757.8056870126,1804603.0308756123,16
-1322294.492970485,1804603.0308756123,16
-1321831.1802539576,1804603.0308756123,10
-1321367.86753743,1804603.0308756123,10
-1320904.5548209026,1804603.0308756123,10
-1320441.242104375,1804603.0308756123,10
-1319977.9293878477,1804603.0308756123,10
-1306541.86060855,1804603.0308756123,10
-1306078.5478920226,1804603.0308756123,10
-1305615.235175495,1804603.0308756123,10
-1305151.9224589677,1804603.0308756123,10
-1304688.60974244,1804603.0308756123,16
-1304225.2970259127,1804603.0308756123,16
-1303761.984309385,1804603.0308756123,16
-1303298.6715928577,1804603.0308756123,16
-1302835.35887633,1804603.0308756123,16
-1302372.0461598027,1804603.0308756123,16
-1301908.733443275,1804603.0308756123,16
-1301445.4207267477,1804603.0308756123,10
-1300982.10801022,1804603.0308756123,10
-1300518.7952936925,1804603.0308756123,10
-1300055.4825771651,1804603.0308756123,10
-1299592.1698606375,1804603.0308756123,10
-1299128.8571441101,1804603.0308756123,10
-1298665.5444275825,1804603.0308756123,10
-1298202.2317110552,1804603.0308756123,10
-1297738.9189945275,1804603.0308756123,10
-1297275.6062780002,1804603.0308756123,10
-1296812.2935614726,1804603.0308756123,10
-1296348.9808449452,1804603.0308756123,10
-1295885.6681284176,1804603.0308756123,16
-1295422.3554118902,1804603.0308756123,16
-1294959.0426953626,1804603.0308756123,16
-1294495.7299788352,1804603.0308756123,16
-1294032.4172623076,1804603.0308756123,16
-1293569.10454578,1804603.0308756123,16
-1293105.7918292526,1804603.0308756123,16
-1292642.479112725,1804603.0308756123,10
-1292179.1663961976,1804603.0308756123,10
-1291715.85367967,1804603.0308756123,10
-1291252.5409631426,1804603.0308756123,10
-1290789.228246615,1804603.0308756123,10
-1290325.9155300877,1804603.0308756123,10
-1289862.60281356,1804603.0308756123,10
-1289399.2900970327,1804603.0308756123,10
-1288935.977380505,1804603.0308756123,10
-1288472.6646639777,1804603.0308756123,10
-1288009.35194745,1804603.0308756123,10
-1287546.0392309227,1804603.0308756123,10
-1287082.726514395,1804603.0308756123,10
-1286619.4137978677,1804603.0308756123,16
-1286156.10108134,1804603.0308756123,16
-1285692.7883648127,1804603.0308756123,10
-1285229.4756482851,1804603.0308756123,10
-1284766.1629317575,1804603.0308756123,10
-1284302.8502152301,1804603.0308756123,10
-1283839.5374987025,1804603.0308756123,10
-1283376.2247821752,1804603.0308756123,10
-1282912.9120656475,1804603.0308756123,10
-1282449.5993491202,1804603.0308756123,10
-1281986.2866325926,1804603.0308756123,10
-1281522.9739160652,1804603.0308756123,10
-1281059.6611995376,1804603.0308756123,10
-1280596.3484830102,1804603.0308756123,10
-1280133.0357664826,1804603.0308756123,10
-1279669.7230499552,1804603.0308756123,10
-1279206.4103334276,1804603.0308756123,10
-1278743.0976169002,1804603.0308756123,10
-1278279.7849003726,1804603.0308756123,10
-1277816.472183845,1804603.0308756123,10
-1277353.1594673176,1804603.0308756123,10
-1276889.84675079,1804603.0308756123,10
-1276426.5340342626,1804603.0308756123,10
-1275963.221317735,1804603.0308756123,10
-1275499.9086012077,1804603.0308756123,10
-1275036.59588468,1804603.0308756123,10
-1274573.2831681527,1804603.0308756123,10
-1274109.970451625,1804603.0308756123,10
-1273646.6577350977,1804603.0308756123,10
-1273183.34501857,1804603.0308756123,10
-1272720.0323020427,1804603.0308756123,10
-1272256.719585515,1804603.0308756123,10
-1271793.4068689877,1804603.0308756123,10
-1271330.09415246,1804603.0308756123,10
-1270866.7814359325,1804603.0308756123,10
-1270403.4687194051,1804603.0308756123,10
-1269940.1560028775,1804603.0308756123,10
-1269476.8432863501,1804603.0308756123,10
-1269013.5305698225,1804603.0308756123,10
-1268550.2178532952,1804603.0308756123,10
-1268086.9051367675,1804603.0308756123,10
-1267623.5924202402,1804603.0308756123,10
-1267160.2797037126,1804603.0308756123,10
-1266696.9669871852,1804603.0308756123,10
-1266233.6542706576,1804603.0308756123,10
-1265770.3415541302,1804603.0308756123,10
-1265307.0288376026,1804603.0308756123,10
-1264843.7161210752,1804603.0308756123,10
-1264380.4034045476,1804603.0308756123,10
-1263917.09068802,1804603.0308756123,10
-1263453.7779714926,1804603.0308756123,10
-1262990.465254965,1804603.0308756123,10
-1262527.1525384376,1804603.0308756123,10
-1262063.83982191,1804603.0308756123,10
-1261600.5271053826,1804603.0308756123,10
-1261137.214388855,1804603.0308756123,10
-1260673.9016723277,1804603.0308756123,10
-1260210.5889558,1804603.0308756123,10
-1259747.2762392727,1804603.0308756123,10
-1259283.963522745,1804603.0308756123,10
-1258820.6508062177,1804603.0308756123,10
-1258357.33808969,1804603.0308756123,10
-1257894.0253731627,1804603.0308756123,10
-1257430.712656635,1804603.0308756123,10
-1256967.3999401077,1804603.0308756123,10
-1256504.08722358,1804603.0308756123,10
-1256040.7745070527,1804603.0308756123,10
-1255577.4617905251,1804603.0308756123,10
-1255114.1490739975,1804603.0308756123,10
-1254650.8363574701,1804603.0308756123,10
-1254187.5236409425,1804603.0308756123,10
-1253724.2109244152,1804603.0308756123,10
-1253260.8982078875,1804603.0308756123,10
-1252797.5854913602,1804603.0308756123,10
-1252334.2727748326,1804603.0308756123,10
-1251870.9600583052,1804603.0308756123,10
-1251407.6473417776,1804603.0308756123,10
-1250944.3346252502,1804603.0308756123,10
-1250481.0219087226,1804603.0308756123,10
-1250017.7091921952,1804603.0308756123,10
-1249554.3964756676,1804603.0308756123,10
-1249091.0837591402,1804603.0308756123,10
-1248627.7710426126,1804603.0308756123,10
-1248164.458326085,1804603.0308756123,10
-1247701.1456095576,1804603.0308756123,10
-1247237.83289303,1804603.0308756123,10
-1246774.5201765026,1804603.0308756123,10
-1246311.207459975,1804603.0308756123,10
-1245847.8947434477,1804603.0308756123,10
-1245384.58202692,1804603.0308756123,10
-1244921.2693103927,1804603.0308756123,10
-1244457.956593865,1804603.0308756123,10
-1243994.6438773377,1804603.0308756123,10
-1243531.33116081,1804603.0308756123,10
-1243068.0184442827,1804603.0308756123,10
-1242604.705727755,1804603.0308756123,10
-1242141.3930112277,1804603.0308756123,10
-1241678.0802947,1804603.0308756123,10
-1241214.7675781725,1804603.0308756123,10
-1240751.4548616451,1804603.0308756123,10
-1240288.1421451175,1804603.0308756123,10
-1239824.8294285901,1804603.0308756123,10
-1239361.5167120625,1804603.0308756123,10
-1238898.2039955352,1804603.0308756123,10
-1238434.8912790075,1804603.0308756123,10
-1237971.5785624802,1804603.0308756123,10
-1237508.2658459526,1804603.0308756123,10
-1237044.9531294252,1804603.0308756123,10
-1236581.6404128976,1804603.0308756123,10
-1236118.3276963702,1804603.0308756123,10
-1235655.0149798426,1804603.0308756123,10
-1235191.7022633152,1804603.0308756123,10
-1234728.3895467876,1804603.0308756123,10
-1234265.07683026,1804603.0308756123,10
-1233801.7641137326,1804603.0308756123,10
-1233338.4513972052,1804603.0308756123,10
-1232875.1386806776,1804603.0308756123,10
-1232411.82596415,1804603.0308756123,10
-1231948.5132476226,1804603.0308756123,10
-1231485.200531095,1804603.0308756123,10
-1231021.8878145677,1804603.0308756123,10
-1230558.57509804,1804603.0308756123,10
-1230095.2623815127,1804603.0308756123,10
-1229631.949664985,1804603.0308756123,10
-1229168.6369484577,1804603.0308756123,10
-1228705.32423193,1804603.0308756123,10
-1228242.0115154027,1804603.0308756123,10
-1227778.698798875,1804603.0308756123,10
-1227315.3860823475,1804603.0308756123,10
-1226852.07336582,1804603.0308756123,10
-1226388.7606492927,1804603.0308756123,10
-1225925.4479327651,1804603.0308756123,10
-1225462.1352162375,1804603.0308756123,10
-1224998.8224997101,1804603.0308756123,10
-1224535.5097831825,1804603.0308756123,10
-1224072.1970666551,1804603.0308756123,10
-1223608.8843501275,1804603.0308756123,10
-1223145.5716336002,1804603.0308756123,10
-1222682.2589170726,1804603.0308756123,10
-1222218.9462005452,1804603.0308756123,10
-1221755.6334840176,1804603.0308756123,10
-1221292.3207674902,1804603.0308756123,10
-1220829.0080509626,1804603.0308756123,10
-1220365.6953344352,1804603.0308756123,10
-1219902.3826179076,1804603.0308756123,10
-1219439.0699013802,1804603.0308756123,10
-1218975.7571848526,1804603.0308756123,10
-1218512.444468325,1804603.0308756123,10
-1218049.1317517976,1804603.0308756123,10
-1217585.81903527,1804603.0308756123,10
-1217122.5063187426,1804603.0308756123,10
-1216659.193602215,1804603.0308756123,10
-1216195.8808856877,1804603.0308756123,10
-1215732.56816916,1804603.0308756123,10
-1215269.2554526327,1804603.0308756123,10
-1214805.942736105,1804603.0308756123,10
-1214342.6300195777,1804603.0308756123,10
-1213879.31730305,1804603.0308756123,10
-1213416.0045865227,1804603.0308756123,10
-1212952.691869995,1804603.0308756123,10
-1212489.3791534677,1804603.0308756123,10
-1212026.06643694,1804603.0308756123,10
-1211562.7537204125,1804603.0308756123,10
-1211099.4410038851,1804603.0308756123,10
-1210636.1282873575,1804603.0308756123,10
-1210172.8155708301,1804603.0308756123,10
-1209709.5028543025,1804603.0308756123,10
-1209246.1901377751,1804603.0308756123,10
-1208782.8774212475,1804603.0308756123,10
-1208319.5647047202,1804603.0308756123,10
-1207856.2519881926,1804603.0308756123,10
-1207392.9392716652,1804603.0308756123,10
-1206929.6265551376,1804603.0308756123,10
-1206466.3138386102,1804603.0308756123,10
-1206003.0011220826,1804603.0308756123,10
-1205539.6884055552,1804603.0308756123,10
-1205076.3756890276,1804603.0308756123,10
-1204613.0629725,1804603.0308756123,10
-1204149.7502559726,1804603.0308756123,10
-1203686.4375394452,1804603.0308756123,10
-1203223.1248229176,1804603.0308756123,10
-1202759.81210639,1804603.0308756123,10
-1202296.4993898626,1804603.0308756123,10
-1201833.186673335,1804603.0308756123,10
-1201369.8739568077,1804603.0308756123,10
-1200906.56124028,1804603.0308756123,10
-1200443.2485237527,1804603.0308756123,10
-1199979.935807225,1804603.0308756123,10
-1199516.6230906977,1804603.0308756123,10
-1199053.31037417,1804603.0308756123,10
-1198589.9976576427,1804603.0308756123,10
-1198126.684941115,1804603.0308756123,10
-1197663.3722245875,1804603.0308756123,10
-1197200.05950806,1804603.0308756123,10
-1196736.7467915327,1804603.0308756123,10
-1196273.4340750051,1804603.0308756123,10
-1195810.1213584775,1804603.0308756123,10
-1195346.8086419501,1804603.0308756123,10
-1194883.4959254225,1804603.0308756123,10
-1194420.1832088951,1804603.0308756123,10
-1193956.8704923675,1804603.0308756123,10
-1193493.5577758402,1804603.0308756123,10
-1193030.2450593126,1804603.0308756123,10
-1192566.9323427852,1804603.0308756123,10
-1192103.6196262576,1804603.0308756123,10
-1191640.3069097302,1804603.0308756123,10
-1191176.9941932026,1804603.0308756123,10
-1190713.6814766752,1804603.0308756123,10
-1190250.3687601476,1804603.0308756123,10
-1189787.0560436202,1804603.0308756123,10
-1189323.7433270926,1804603.0308756123,10
-1188860.430610565,1804603.0308756123,10
-1188397.1178940376,1804603.0308756123,10
-1187933.80517751,1804603.0308756123,10
-1187470.4924609826,1804603.0308756123,10
-1187007.179744455,1804603.0308756123,10
-1186543.8670279277,1804603.0308756123,10
-1186080.5543114,1804603.0308756123,10
-1185617.2415948727,1804603.0308756123,10
-1185153.928878345,1804603.0308756123,10
-1184690.6161618177,1804603.0308756123,10
-1184227.30344529,1804603.0308756123,10
-1183763.9907287627,1804603.0308756123,10
-1183300.678012235,1804603.0308756123,10
-1182837.3652957077,1804603.0308756123,10
-1182374.05257918,1804603.0308756123,10
-1181910.7398626525,1804603.0308756123,10
-1181447.4271461251,1804603.0308756123,10
-1180984.1144295975,1804603.0308756123,10
-1180520.8017130701,1804603.0308756123,10
-1180057.4889965425,1804603.0308756123,10
-1179594.1762800151,1804603.0308756123,10
-1179130.8635634875,1804603.0308756123,10
-1178667.5508469602,1804603.0308756123,10
-1178204.2381304326,1804603.0308756123,10
-1177740.9254139052,1804603.0308756123,10
-1177277.6126973776,1804603.0308756123,10
-1176814.2999808502,1804603.0308756123,10
-1176350.9872643226,1804603.0308756123,10
-1175887.6745477952,1804603.0308756123,10
-1175424.3618312676,1804603.0308756123,10
-1174961.04911474,1804603.0308756123,10
-1174497.7363982126,1804603.0308756123,10
-1174034.4236816852,1804603.0308756123,10
-1173571.1109651576,1804603.0308756123,10
-1173107.79824863,1804603.0308756123,10
-1172644.4855321026,1804603.0308756123,10
-1172181.172815575,1804603.0308756123,10
-1171717.8600990477,1804603.0308756123,10
-1171254.54738252,1804603.0308756123,10
-1170791.2346659927,1804603.0308756123,10
-1170327.921949465,1804603.0308756123,10
-1169864.6092329377,1804603.0308756123,10
-1169401.29651641,1804603.0308756123,10
-1168937.9837998827,1804603.0308756123,10
-1168474.671083355,1804603.0308756123,10
-1168011.3583668275,1804603.0308756123,10
-1167548.0456503,1804603.0308756123,10
-1167084.7329337727,1804603.0308756123,10
-1166621.4202172451,1804603.0308756123,10
-1166158.1075007175,1804603.0308756123,10
-1165694.7947841901,1804603.0308756123,10
-1165231.4820676625,1804603.0308756123,10
-1164768.1693511351,1804603.0308756123,10
-1164304.8566346075,1804603.0308756123,10
-1163841.5439180802,1804603.0308756123,10
-1163378.2312015526,1804603.0308756123,10
-1162914.9184850252,1804603.0308756123,10
-1162451.6057684976,1804603.0308756123,10
-1161988.2930519702,1804603.0308756123,10
-1161524.9803354426,1804603.0308756123,10
-1161061.6676189152,1804603.0308756123,10
-1160598.3549023876,1804603.0308756123,10
-1160135.0421858602,1804603.0308756123,10
-1159671.7294693326,1804603.0308756123,10
-1159208.416752805,1804603.0308756123,10
-1158745.1040362776,1804603.0308756123,10
-1158281.79131975,1804603.0308756123,10
-1157818.4786032226,1804603.0308756123,10
-1157355.165886695,1804603.0308756123,10
-1156891.8531701677,1804603.0308756123,10
-1156428.54045364,1804603.0308756123,10
-1155965.2277371127,1804603.0308756123,10
-1155501.915020585,1804603.0308756123,10
-1155038.6023040577,1804603.0308756123,10
-1154575.28958753,1804603.0308756123,10
-1154111.9768710027,1804603.0308756123,10
-1153648.664154475,1804603.0308756123,10
-1153185.3514379477,1804603.0308756123,10
-1152722.03872142,1804603.0308756123,10
-1152258.7260048925,1804603.0308756123,10
-1151795.4132883651,1804603.0308756123,10
-1326464.3074192326,1804139.7181590847,10
-1326000.9947027052,1804139.7181590847,10
-1325537.6819861776,1804139.7181590847,10
-1325074.3692696502,1804139.7181590847,10
-1324611.0565531226,1804139.7181590847,16
-1324147.7438365952,1804139.7181590847,16
-1323684.4311200676,1804139.7181590847,16
-1323221.11840354,1804139.7181590847,16
-1322757.8056870126,1804139.7181590847,16
-1322294.492970485,1804139.7181590847,16
-1321831.1802539576,1804139.7181590847,10
-1321367.86753743,1804139.7181590847,10
-1320904.5548209026,1804139.7181590847,10
-1320441.242104375,1804139.7181590847,10
-1306541.86060855,1804139.7181590847,10
-1306078.5478920226,1804139.7181590847,10
-1305615.235175495,1804139.7181590847,16
-1305151.9224589677,1804139.7181590847,16
-1304688.60974244,1804139.7181590847,16
-1304225.2970259127,1804139.7181590847,16
-1303761.984309385,1804139.7181590847,16
-1303298.6715928577,1804139.7181590847,16
-1302835.35887633,1804139.7181590847,16
-1302372.0461598027,1804139.7181590847,16
-1301908.733443275,1804139.7181590847,16
-1301445.4207267477,1804139.7181590847,16
-1300982.10801022,1804139.7181590847,10
-1300518.7952936925,1804139.7181590847,10
-1300055.4825771651,1804139.7181590847,10
-1299592.1698606375,1804139.7181590847,10
-1299128.8571441101,1804139.7181590847,10
-1298665.5444275825,1804139.7181590847,10
-1298202.2317110552,1804139.7181590847,10
-1297738.9189945275,1804139.7181590847,10
-1297275.6062780002,1804139.7181590847,10
-1296812.2935614726,1804139.7181590847,10
-1296348.9808449452,1804139.7181590847,10
-1295885.6681284176,1804139.7181590847,16
-1295422.3554118902,1804139.7181590847,16
-1294959.0426953626,1804139.7181590847,16
-1294495.7299788352,1804139.7181590847,16
-1294032.4172623076,1804139.7181590847,16
-1293569.10454578,1804139.7181590847,16
-1293105.7918292526,1804139.7181590847,16
-1292642.479112725,1804139.7181590847,16
-1292179.1663961976,1804139.7181590847,16
-1291715.85367967,1804139.7181590847,16
-1291252.5409631426,1804139.7181590847,16
-1290789.228246615,1804139.7181590847,10
-1290325.9155300877,1804139.7181590847,10
-1289862.60281356,1804139.7181590847,10
-1289399.2900970327,1804139.7181590847,10
-1288935.977380505,1804139.7181590847,10
-1288472.6646639777,1804139.7181590847,10
-1288009.35194745,1804139.7181590847,10
-1287546.0392309227,1804139.7181590847,10
-1287082.726514395,1804139.7181590847,10
-1286619.4137978677,1804139.7181590847,10
-1286156.10108134,1804139.7181590847,10
-1285692.7883648127,1804139.7181590847,10
-1285229.4756482851,1804139.7181590847,10
-1284766.1629317575,1804139.7181590847,10
-1284302.8502152301,1804139.7181590847,10
-1283839.5374987025,1804139.7181590847,10
-1283376.2247821752,1804139.7181590847,10
-1282912.9120656475,1804139.7181590847,10
-1282449.5993491202,1804139.7181590847,10
-1281986.2866325926,1804139.7181590847,10
-1281522.9739160652,1804139.7181590847,10
-1281059.6611995376,1804139.7181590847,10
-1280596.3484830102,1804139.7181590847,10
-1280133.0357664826,1804139.7181590847,10
-1279669.7230499552,1804139.7181590847,10
-1279206.4103334276,1804139.7181590847,10
-1278743.0976169002,1804139.7181590847,10
-1278279.7849003726,1804139.7181590847,10
-1277816.472183845,1804139.7181590847,10
-1277353.1594673176,1804139.7181590847,10
-1276889.84675079,1804139.7181590847,10
-1276426.5340342626,1804139.7181590847,10
-1275963.221317735,1804139.7181590847,10
-1275499.9086012077,1804139.7181590847,10
-1275036.59588468,1804139.7181590847,10
-1274573.2831681527,1804139.7181590847,10
-1274109.970451625,1804139.7181590847,10
-1273646.6577350977,1804139.7181590847,10
-1273183.34501857,1804139.7181590847,10
-1272720.0323020427,1804139.7181590847,10
-1272256.719585515,1804139.7181590847,10
-1271793.4068689877,1804139.7181590847,10
-1271330.09415246,1804139.7181590847,10
-1270866.7814359325,1804139.7181590847,10
-1270403.4687194051,1804139.7181590847,10
-1269940.1560028775,1804139.7181590847,10
-1269476.8432863501,1804139.7181590847,10
-1269013.5305698225,1804139.7181590847,10
-1268550.2178532952,1804139.7181590847,10
-1268086.9051367675,1804139.7181590847,10
-1267623.5924202402,1804139.7181590847,10
-1267160.2797037126,1804139.7181590847,10
-1266696.9669871852,1804139.7181590847,10
-1266233.6542706576,1804139.7181590847,10
-1265770.3415541302,1804139.7181590847,10
-1265307.0288376026,1804139.7181590847,10
-1264843.7161210752,1804139.7181590847,10
-1264380.4034045476,1804139.7181590847,10
-1263917.09068802,1804139.7181590847,10
-1263453.7779714926,1804139.7181590847,10
-1262990.465254965,1804139.7181590847,10
-1262527.1525384376,1804139.7181590847,10
-1262063.83982191,1804139.7181590847,10
-1261600.5271053826,1804139.7181590847,10
-1261137.214388855,1804139.7181590847,10
-1260673.9016723277,1804139.7181590847,10
-1260210.5889558,1804139.7181590847,10
-1259747.2762392727,1804139.7181590847,10
-1259283.963522745,1804139.7181590847,10
-1258820.6508062177,1804139.7181590847,10
-1258357.33808969,1804139.7181590847,10
-1257894.0253731627,1804139.7181590847,10
-1257430.712656635,1804139.7181590847,10
-1256967.3999401077,1804139.7181590847,10
-1256504.08722358,1804139.7181590847,10
-1256040.7745070527,1804139.7181590847,10
-1255577.4617905251,1804139.7181590847,10
-1255114.1490739975,1804139.7181590847,10
-1254650.8363574701,1804139.7181590847,10
-1254187.5236409425,1804139.7181590847,10
-1253724.2109244152,1804139.7181590847,10
-1253260.8982078875,1804139.7181590847,10
-1252797.5854913602,1804139.7181590847,10
-1252334.2727748326,1804139.7181590847,10
-1251870.9600583052,1804139.7181590847,10
-1251407.6473417776,1804139.7181590847,10
-1250944.3346252502,1804139.7181590847,10
-1250481.0219087226,1804139.7181590847,10
-1250017.7091921952,1804139.7181590847,10
-1249554.3964756676,1804139.7181590847,10
-1249091.0837591402,1804139.7181590847,10
-1248627.7710426126,1804139.7181590847,10
-1248164.458326085,1804139.7181590847,10
-1247701.1456095576,1804139.7181590847,10
-1247237.83289303,1804139.7181590847,10
-1246774.5201765026,1804139.7181590847,10
-1246311.207459975,1804139.7181590847,10
-1245847.8947434477,1804139.7181590847,10
-1245384.58202692,1804139.7181590847,10
-1244921.2693103927,1804139.7181590847,10
-1244457.956593865,1804139.7181590847,10
-1243994.6438773377,1804139.7181590847,10
-1243531.33116081,1804139.7181590847,10
-1243068.0184442827,1804139.7181590847,10
-1242604.705727755,1804139.7181590847,10
-1242141.3930112277,1804139.7181590847,10
-1241678.0802947,1804139.7181590847,10
-1241214.7675781725,1804139.7181590847,10
-1240751.4548616451,1804139.7181590847,10
-1240288.1421451175,1804139.7181590847,10
-1239824.8294285901,1804139.7181590847,10
-1239361.5167120625,1804139.7181590847,10
-1238898.2039955352,1804139.7181590847,10
-1238434.8912790075,1804139.7181590847,10
-1237971.5785624802,1804139.7181590847,10
-1237508.2658459526,1804139.7181590847,10
-1237044.9531294252,1804139.7181590847,10
-1236581.6404128976,1804139.7181590847,10
-1236118.3276963702,1804139.7181590847,10
-1235655.0149798426,1804139.7181590847,10
-1235191.7022633152,1804139.7181590847,10
-1234728.3895467876,1804139.7181590847,10
-1234265.07683026,1804139.7181590847,10
-1233801.7641137326,1804139.7181590847,10
-1233338.4513972052,1804139.7181590847,10
-1232875.1386806776,1804139.7181590847,10
-1232411.82596415,1804139.7181590847,10
-1231948.5132476226,1804139.7181590847,10
-1231485.200531095,1804139.7181590847,10
-1231021.8878145677,1804139.7181590847,10
-1230558.57509804,1804139.7181590847,10
-1230095.2623815127,1804139.7181590847,10
-1229631.949664985,1804139.7181590847,10
-1229168.6369484577,1804139.7181590847,10
-1228705.32423193,1804139.7181590847,10
-1228242.0115154027,1804139.7181590847,10
-1227778.698798875,1804139.7181590847,10
-1227315.3860823475,1804139.7181590847,10
-1226852.07336582,1804139.7181590847,10
-1226388.7606492927,1804139.7181590847,10
-1225925.4479327651,1804139.7181590847,10
-1225462.1352162375,1804139.7181590847,10
-1224998.8224997101,1804139.7181590847,10
-1224535.5097831825,1804139.7181590847,10
-1224072.1970666551,1804139.7181590847,10
-1223608.8843501275,1804139.7181590847,10
-1223145.5716336002,1804139.7181590847,10
-1222682.2589170726,1804139.7181590847,10
-1222218.9462005452,1804139.7181590847,10
-1221755.6334840176,1804139.7181590847,10
-1221292.3207674902,1804139.7181590847,10
-1220829.0080509626,1804139.7181590847,10
-1220365.6953344352,1804139.7181590847,10
-1219902.3826179076,1804139.7181590847,10
-1219439.0699013802,1804139.7181590847,10
-1218975.7571848526,1804139.7181590847,10
-1218512.444468325,1804139.7181590847,10
-1218049.1317517976,1804139.7181590847,10
-1217585.81903527,1804139.7181590847,10
-1217122.5063187426,1804139.7181590847,10
-1216659.193602215,1804139.7181590847,10
-1216195.8808856877,1804139.7181590847,10
-1215732.56816916,1804139.7181590847,10
-1215269.2554526327,1804139.7181590847,10
-1214805.942736105,1804139.7181590847,10
-1214342.6300195777,1804139.7181590847,10
-1213879.31730305,1804139.7181590847,10
-1213416.0045865227,1804139.7181590847,10
-1212952.691869995,1804139.7181590847,10
-1212489.3791534677,1804139.7181590847,10
-1212026.06643694,1804139.7181590847,10
-1211562.7537204125,1804139.7181590847,10
-1211099.4410038851,1804139.7181590847,10
-1210636.1282873575,1804139.7181590847,10
-1210172.8155708301,1804139.7181590847,10
-1209709.5028543025,1804139.7181590847,10
-1209246.1901377751,1804139.7181590847,10
-1208782.8774212475,1804139.7181590847,10
-1208319.5647047202,1804139.7181590847,10
-1207856.2519881926,1804139.7181590847,10
-1207392.9392716652,1804139.7181590847,10
-1206929.6265551376,1804139.7181590847,10
-1206466.3138386102,1804139.7181590847,10
-1206003.0011220826,1804139.7181590847,10
-1205539.6884055552,1804139.7181590847,10
-1205076.3756890276,1804139.7181590847,10
-1204613.0629725,1804139.7181590847,10
-1204149.7502559726,1804139.7181590847,10
-1203686.4375394452,1804139.7181590847,10
-1203223.1248229176,1804139.7181590847,10
-1202759.81210639,1804139.7181590847,10
-1202296.4993898626,1804139.7181590847,10
-1201833.186673335,1804139.7181590847,10
-1201369.8739568077,1804139.7181590847,10
-1200906.56124028,1804139.7181590847,10
-1200443.2485237527,1804139.7181590847,10
-1199979.935807225,1804139.7181590847,10
-1199516.6230906977,1804139.7181590847,10
-1199053.31037417,1804139.7181590847,10
-1198589.9976576427,1804139.7181590847,10
-1198126.684941115,1804139.7181590847,10
-1197663.3722245875,1804139.7181590847,10
-1197200.05950806,1804139.7181590847,10
-1196736.7467915327,1804139.7181590847,10
-1196273.4340750051,1804139.7181590847,10
-1195810.1213584775,1804139.7181590847,10
-1195346.8086419501,1804139.7181590847,10
-1194883.4959254225,1804139.7181590847,10
-1194420.1832088951,1804139.7181590847,10
-1193956.8704923675,1804139.7181590847,10
-1193493.5577758402,1804139.7181590847,10
-1193030.2450593126,1804139.7181590847,10
-1192566.9323427852,1804139.7181590847,10
-1192103.6196262576,1804139.7181590847,10
-1191640.3069097302,1804139.7181590847,10
-1191176.9941932026,1804139.7181590847,10
-1190713.6814766752,1804139.7181590847,10
-1190250.3687601476,1804139.7181590847,10
-1189787.0560436202,1804139.7181590847,10
-1189323.7433270926,1804139.7181590847,10
-1188860.430610565,1804139.7181590847,10
-1188397.1178940376,1804139.7181590847,10
-1187933.80517751,1804139.7181590847,10
-1187470.4924609826,1804139.7181590847,10
-1187007.179744455,1804139.7181590847,10
-1186543.8670279277,1804139.7181590847,10
-1186080.5543114,1804139.7181590847,10
-1185617.2415948727,1804139.7181590847,10
-1185153.928878345,1804139.7181590847,10
-1184690.6161618177,1804139.7181590847,10
-1184227.30344529,1804139.7181590847,10
-1183763.9907287627,1804139.7181590847,10
-1183300.678012235,1804139.7181590847,10
-1182837.3652957077,1804139.7181590847,10
-1182374.05257918,1804139.7181590847,10
-1181910.7398626525,1804139.7181590847,10
-1181447.4271461251,1804139.7181590847,10
-1180984.1144295975,1804139.7181590847,10
-1180520.8017130701,1804139.7181590847,10
-1180057.4889965425,1804139.7181590847,10
-1179594.1762800151,1804139.7181590847,10
-1179130.8635634875,1804139.7181590847,10
-1178667.5508469602,1804139.7181590847,10
-1178204.2381304326,1804139.7181590847,10
-1177740.9254139052,1804139.7181590847,10
-1177277.6126973776,1804139.7181590847,10
-1176814.2999808502,1804139.7181590847,10
-1176350.9872643226,1804139.7181590847,10
-1175887.6745477952,1804139.7181590847,10
-1175424.3618312676,1804139.7181590847,10
-1174961.04911474,1804139.7181590847,10
-1174497.7363982126,1804139.7181590847,10
-1174034.4236816852,1804139.7181590847,10
-1173571.1109651576,1804139.7181590847,10
-1173107.79824863,1804139.7181590847,10
-1172644.4855321026,1804139.7181590847,10
-1172181.172815575,1804139.7181590847,10
-1171717.8600990477,1804139.7181590847,10
-1171254.54738252,1804139.7181590847,10
-1170791.2346659927,1804139.7181590847,10
-1170327.921949465,1804139.7181590847,10
-1169864.6092329377,1804139.7181590847,10
-1169401.29651641,1804139.7181590847,10
-1168937.9837998827,1804139.7181590847,10
-1168474.671083355,1804139.7181590847,10
-1168011.3583668275,1804139.7181590847,10
-1167548.0456503,1804139.7181590847,10
-1167084.7329337727,1804139.7181590847,10
-1166621.4202172451,1804139.7181590847,10
-1166158.1075007175,1804139.7181590847,7
-1165694.7947841901,1804139.7181590847,10
-1165231.4820676625,1804139.7181590847,10
-1164768.1693511351,1804139.7181590847,10
-1164304.8566346075,1804139.7181590847,10
-1163841.5439180802,1804139.7181590847,10
-1163378.2312015526,1804139.7181590847,10
-1162914.9184850252,1804139.7181590847,10
-1162451.6057684976,1804139.7181590847,10
-1161988.2930519702,1804139.7181590847,10
-1161524.9803354426,1804139.7181590847,10
-1161061.6676189152,1804139.7181590847,10
-1160598.3549023876,1804139.7181590847,10
-1160135.0421858602,1804139.7181590847,10
-1159671.7294693326,1804139.7181590847,10
-1159208.416752805,1804139.7181590847,10
-1158745.1040362776,1804139.7181590847,10
-1158281.79131975,1804139.7181590847,10
-1157818.4786032226,1804139.7181590847,10
-1157355.165886695,1804139.7181590847,10
-1156891.8531701677,1804139.7181590847,10
-1156428.54045364,1804139.7181590847,10
-1155965.2277371127,1804139.7181590847,10
-1155501.915020585,1804139.7181590847,10
-1155038.6023040577,1804139.7181590847,10
-1154575.28958753,1804139.7181590847,10
-1154111.9768710027,1804139.7181590847,10
-1153648.664154475,1804139.7181590847,10
-1153185.3514379477,1804139.7181590847,10
-1152722.03872142,1804139.7181590847,10
-1152258.7260048925,1804139.7181590847,10
-1151795.4132883651,1804139.7181590847,10
-1151332.1005718375,1804139.7181590847,10
-1326927.6201357602,1803676.4054425573,10
-1326464.3074192326,1803676.4054425573,10
-1326000.9947027052,1803676.4054425573,10
-1325537.6819861776,1803676.4054425573,16
-1325074.3692696502,1803676.4054425573,16
-1324611.0565531226,1803676.4054425573,16
-1324147.7438365952,1803676.4054425573,16
-1323684.4311200676,1803676.4054425573,16
-1323221.11840354,1803676.4054425573,16
-1322757.8056870126,1803676.4054425573,16
-1322294.492970485,1803676.4054425573,10
-1321831.1802539576,1803676.4054425573,10
-1321367.86753743,1803676.4054425573,10
-1320904.5548209026,1803676.4054425573,10
-1306541.86060855,1803676.4054425573,10
-1306078.5478920226,1803676.4054425573,10
-1305615.235175495,1803676.4054425573,10
-1305151.9224589677,1803676.4054425573,16
-1304688.60974244,1803676.4054425573,16
-1304225.2970259127,1803676.4054425573,16
-1303761.984309385,1803676.4054425573,16
-1303298.6715928577,1803676.4054425573,16
-1302835.35887633,1803676.4054425573,16
-1302372.0461598027,1803676.4054425573,16
-1301908.733443275,1803676.4054425573,16
-1301445.4207267477,1803676.4054425573,16
-1300982.10801022,1803676.4054425573,10
-1300518.7952936925,1803676.4054425573,10
-1300055.4825771651,1803676.4054425573,10
-1299592.1698606375,1803676.4054425573,10
-1299128.8571441101,1803676.4054425573,10
-1298665.5444275825,1803676.4054425573,10
-1298202.2317110552,1803676.4054425573,10
-1297738.9189945275,1803676.4054425573,10
-1297275.6062780002,1803676.4054425573,10
-1296812.2935614726,1803676.4054425573,10
-1296348.9808449452,1803676.4054425573,10
-1295885.6681284176,1803676.4054425573,10
-1295422.3554118902,1803676.4054425573,16
-1294959.0426953626,1803676.4054425573,16
-1294495.7299788352,1803676.4054425573,16
-1294032.4172623076,1803676.4054425573,16
-1293569.10454578,1803676.4054425573,16
-1293105.7918292526,1803676.4054425573,10
-1292642.479112725,1803676.4054425573,16
-1292179.1663961976,1803676.4054425573,16
-1291715.85367967,1803676.4054425573,10
-1291252.5409631426,1803676.4054425573,10
-1290789.228246615,1803676.4054425573,10
-1290325.9155300877,1803676.4054425573,10
-1289862.60281356,1803676.4054425573,10
-1289399.2900970327,1803676.4054425573,10
-1288935.977380505,1803676.4054425573,10
-1288472.6646639777,1803676.4054425573,10
-1288009.35194745,1803676.4054425573,10
-1287546.0392309227,1803676.4054425573,10
-1287082.726514395,1803676.4054425573,10
-1286619.4137978677,1803676.4054425573,10
-1286156.10108134,1803676.4054425573,10
-1285692.7883648127,1803676.4054425573,10
-1285229.4756482851,1803676.4054425573,10
-1284766.1629317575,1803676.4054425573,10
-1284302.8502152301,1803676.4054425573,10
-1283839.5374987025,1803676.4054425573,10
-1283376.2247821752,1803676.4054425573,10
-1282912.9120656475,1803676.4054425573,10
-1282449.5993491202,1803676.4054425573,10
-1281986.2866325926,1803676.4054425573,10
-1281522.9739160652,1803676.4054425573,10
-1281059.6611995376,1803676.4054425573,10
-1280596.3484830102,1803676.4054425573,10
-1280133.0357664826,1803676.4054425573,10
-1279669.7230499552,1803676.4054425573,10
-1279206.4103334276,1803676.4054425573,10
-1278743.0976169002,1803676.4054425573,10
-1278279.7849003726,1803676.4054425573,10
-1277816.472183845,1803676.4054425573,10
-1277353.1594673176,1803676.4054425573,10
-1276889.84675079,1803676.4054425573,10
-1276426.5340342626,1803676.4054425573,10
-1275963.221317735,1803676.4054425573,10
-1275499.9086012077,1803676.4054425573,10
-1275036.59588468,1803676.4054425573,10
-1274573.2831681527,1803676.4054425573,10
-1274109.970451625,1803676.4054425573,10
-1273646.6577350977,1803676.4054425573,10
-1273183.34501857,1803676.4054425573,10
-1272720.0323020427,1803676.4054425573,10
-1272256.719585515,1803676.4054425573,10
-1271793.4068689877,1803676.4054425573,10
-1271330.09415246,1803676.4054425573,10
-1270866.7814359325,1803676.4054425573,10
-1270403.4687194051,1803676.4054425573,10
-1269940.1560028775,1803676.4054425573,10
-1269476.8432863501,1803676.4054425573,10
-1269013.5305698225,1803676.4054425573,10
-1268550.2178532952,1803676.4054425573,10
-1268086.9051367675,1803676.4054425573,10
-1267623.5924202402,1803676.4054425573,10
-1267160.2797037126,1803676.4054425573,10
-1266696.9669871852,1803676.4054425573,10
-1266233.6542706576,1803676.4054425573,10
-1265770.3415541302,1803676.4054425573,10
-1265307.0288376026,1803676.4054425573,10
-1264843.7161210752,1803676.4054425573,10
-1264380.4034045476,1803676.4054425573,10
-1263917.09068802,1803676.4054425573,10
-1263453.7779714926,1803676.4054425573,10
-1262990.465254965,1803676.4054425573,10
-1262527.1525384376,1803676.4054425573,10
-1262063.83982191,1803676.4054425573,10
-1261600.5271053826,1803676.4054425573,10
-1261137.214388855,1803676.4054425573,10
-1260673.9016723277,1803676.4054425573,10
-1260210.5889558,1803676.4054425573,10
-1259747.2762392727,1803676.4054425573,10
-1259283.963522745,1803676.4054425573,10
-1258820.6508062177,1803676.4054425573,10
-1258357.33808969,1803676.4054425573,10
-1257894.0253731627,1803676.4054425573,10
-1257430.712656635,1803676.4054425573,10
-1256967.3999401077,1803676.4054425573,10
-1256504.08722358,1803676.4054425573,10
-1256040.7745070527,1803676.4054425573,10
-1255577.4617905251,1803676.4054425573,10
-1255114.1490739975,1803676.4054425573,10
-1254650.8363574701,1803676.4054425573,10
-1254187.5236409425,1803676.4054425573,10
-1253724.2109244152,1803676.4054425573,10
-1253260.8982078875,1803676.4054425573,10
-1252797.5854913602,1803676.4054425573,10
-1252334.2727748326,1803676.4054425573,10
-1251870.9600583052,1803676.4054425573,10
-1251407.6473417776,1803676.4054425573,10
-1250944.3346252502,1803676.4054425573,10
-1250481.0219087226,1803676.4054425573,10
-1250017.7091921952,1803676.4054425573,10
-1249554.3964756676,1803676.4054425573,10
-1249091.0837591402,1803676.4054425573,10
-1248627.7710426126,1803676.4054425573,10
-1248164.458326085,1803676.4054425573,10
-1247701.1456095576,1803676.4054425573,10
-1247237.83289303,1803676.4054425573,10
-1246774.5201765026,1803676.4054425573,10
-1246311.207459975,1803676.4054425573,10
-1245847.8947434477,1803676.4054425573,10
-1245384.58202692,1803676.4054425573,10
-1244921.2693103927,1803676.4054425573,10
-1244457.956593865,1803676.4054425573,10
-1243994.6438773377,1803676.4054425573,10
-1243531.33116081,1803676.4054425573,10
-1243068.0184442827,1803676.4054425573,10
-1242604.705727755,1803676.4054425573,10
-1242141.3930112277,1803676.4054425573,10
-1241678.0802947,1803676.4054425573,10
-1241214.7675781725,1803676.4054425573,10
-1240751.4548616451,1803676.4054425573,10
-1240288.1421451175,1803676.4054425573,10
-1239824.8294285901,1803676.4054425573,10
-1239361.5167120625,1803676.4054425573,10
-1238898.2039955352,1803676.4054425573,10
-1238434.8912790075,1803676.4054425573,10
-1237971.5785624802,1803676.4054425573,10
-1237508.2658459526,1803676.4054425573,10
-1237044.9531294252,1803676.4054425573,10
-1236581.6404128976,1803676.4054425573,10
-1236118.3276963702,1803676.4054425573,10
-1235655.0149798426,1803676.4054425573,10
-1235191.7022633152,1803676.4054425573,10
-1234728.3895467876,1803676.4054425573,10
-1234265.07683026,1803676.4054425573,10
-1233801.7641137326,1803676.4054425573,10
-1233338.4513972052,1803676.4054425573,10
-1232875.1386806776,1803676.4054425573,10
-1232411.82596415,1803676.4054425573,10
-1231948.5132476226,1803676.4054425573,10
-1231485.200531095,1803676.4054425573,10
-1231021.8878145677,1803676.4054425573,10
-1230558.57509804,1803676.4054425573,10
-1230095.2623815127,1803676.4054425573,10
-1229631.949664985,1803676.4054425573,10
-1229168.6369484577,1803676.4054425573,10
-1228705.32423193,1803676.4054425573,10
-1228242.0115154027,1803676.4054425573,10
-1227778.698798875,1803676.4054425573,10
-1227315.3860823475,1803676.4054425573,10
-1226852.07336582,1803676.4054425573,10
-1226388.7606492927,1803676.4054425573,10
-1225925.4479327651,1803676.4054425573,10
-1225462.1352162375,1803676.4054425573,10
-1224998.8224997101,1803676.4054425573,10
-1224535.5097831825,1803676.4054425573,10
-1224072.1970666551,1803676.4054425573,10
-1223608.8843501275,1803676.4054425573,10
-1223145.5716336002,1803676.4054425573,10
-1222682.2589170726,1803676.4054425573,10
-1222218.9462005452,1803676.4054425573,10
-1221755.6334840176,1803676.4054425573,10
-1221292.3207674902,1803676.4054425573,10
-1220829.0080509626,1803676.4054425573,10
-1220365.6953344352,1803676.4054425573,10
-1219902.3826179076,1803676.4054425573,10
-1219439.0699013802,1803676.4054425573,10
-1218975.7571848526,1803676.4054425573,10
-1218512.444468325,1803676.4054425573,10
-1218049.1317517976,1803676.4054425573,10
-1217585.81903527,1803676.4054425573,10
-1217122.5063187426,1803676.4054425573,10
-1216659.193602215,1803676.4054425573,10
-1216195.8808856877,1803676.4054425573,10
-1215732.56816916,1803676.4054425573,10
-1215269.2554526327,1803676.4054425573,10
-1214805.942736105,1803676.4054425573,10
-1214342.6300195777,1803676.4054425573,10
-1213879.31730305,1803676.4054425573,10
-1213416.0045865227,1803676.4054425573,10
-1212952.691869995,1803676.4054425573,10
-1212489.3791534677,1803676.4054425573,10
-1212026.06643694,1803676.4054425573,10
-1211562.7537204125,1803676.4054425573,10
-1211099.4410038851,1803676.4054425573,10
-1210636.1282873575,1803676.4054425573,10
-1210172.8155708301,1803676.4054425573,10
-1209709.5028543025,1803676.4054425573,10
-1209246.1901377751,1803676.4054425573,10
-1208782.8774212475,1803676.4054425573,10
-1208319.5647047202,1803676.4054425573,10
-1207856.2519881926,1803676.4054425573,10
-1207392.9392716652,1803676.4054425573,10
-1206929.6265551376,1803676.4054425573,10
-1206466.3138386102,1803676.4054425573,10
-1206003.0011220826,1803676.4054425573,10
-1205539.6884055552,1803676.4054425573,10
-1205076.3756890276,1803676.4054425573,10
-1204613.0629725,1803676.4054425573,10
-1204149.7502559726,1803676.4054425573,10
-1203686.4375394452,1803676.4054425573,10
-1203223.1248229176,1803676.4054425573,10
-1202759.81210639,1803676.4054425573,10
-1202296.4993898626,1803676.4054425573,10
-1201833.186673335,1803676.4054425573,10
-1201369.8739568077,1803676.4054425573,10
-1200906.56124028,1803676.4054425573,10
-1200443.2485237527,1803676.4054425573,10
-1199979.935807225,1803676.4054425573,10
-1199516.6230906977,1803676.4054425573,10
-1199053.31037417,1803676.4054425573,10
-1198589.9976576427,1803676.4054425573,10
-1198126.684941115,1803676.4054425573,10
-1197663.3722245875,1803676.4054425573,10
-1197200.05950806,1803676.4054425573,10
-1196736.7467915327,1803676.4054425573,10
-1196273.4340750051,1803676.4054425573,10
-1195810.1213584775,1803676.4054425573,10
-1195346.8086419501,1803676.4054425573,10
-1194883.4959254225,1803676.4054425573,10
-1194420.1832088951,1803676.4054425573,10
-1193956.8704923675,1803676.4054425573,10
-1193493.5577758402,1803676.4054425573,10
-1193030.2450593126,1803676.4054425573,10
-1192566.9323427852,1803676.4054425573,10
-1192103.6196262576,1803676.4054425573,10
-1191640.3069097302,1803676.4054425573,10
-1191176.9941932026,1803676.4054425573,10
-1190713.6814766752,1803676.4054425573,10
-1190250.3687601476,1803676.4054425573,10
-1189787.0560436202,1803676.4054425573,10
-1189323.7433270926,1803676.4054425573,10
-1188860.430610565,1803676.4054425573,10
-1188397.1178940376,1803676.4054425573,10
-1187933.80517751,1803676.4054425573,10
-1187470.4924609826,1803676.4054425573,10
-1187007.179744455,1803676.4054425573,10
-1186543.8670279277,1803676.4054425573,10
-1186080.5543114,1803676.4054425573,10
-1185617.2415948727,1803676.4054425573,10
-1185153.928878345,1803676.4054425573,10
-1184690.6161618177,1803676.4054425573,10
-1184227.30344529,1803676.4054425573,10
-1183763.9907287627,1803676.4054425573,10
-1183300.678012235,1803676.4054425573,10
-1182837.3652957077,1803676.4054425573,10
-1182374.05257918,1803676.4054425573,10
-1181910.7398626525,1803676.4054425573,10
-1181447.4271461251,1803676.4054425573,10
-1180984.1144295975,1803676.4054425573,10
-1180520.8017130701,1803676.4054425573,10
-1180057.4889965425,1803676.4054425573,10
-1179594.1762800151,1803676.4054425573,10
-1179130.8635634875,1803676.4054425573,10
-1178667.5508469602,1803676.4054425573,10
-1178204.2381304326,1803676.4054425573,10
-1177740.9254139052,1803676.4054425573,10
-1177277.6126973776,1803676.4054425573,10
-1176814.2999808502,1803676.4054425573,10
-1176350.9872643226,1803676.4054425573,10
-1175887.6745477952,1803676.4054425573,10
-1175424.3618312676,1803676.4054425573,10
-1174961.04911474,1803676.4054425573,10
-1174497.7363982126,1803676.4054425573,10
-1174034.4236816852,1803676.4054425573,10
-1173571.1109651576,1803676.4054425573,10
-1173107.79824863,1803676.4054425573,10
-1172644.4855321026,1803676.4054425573,10
-1172181.172815575,1803676.4054425573,10
-1171717.8600990477,1803676.4054425573,10
-1171254.54738252,1803676.4054425573,10
-1170791.2346659927,1803676.4054425573,10
-1170327.921949465,1803676.4054425573,10
-1169864.6092329377,1803676.4054425573,10
-1169401.29651641,1803676.4054425573,10
-1168937.9837998827,1803676.4054425573,10
-1168474.671083355,1803676.4054425573,10
-1168011.3583668275,1803676.4054425573,10
-1167548.0456503,1803676.4054425573,10
-1167084.7329337727,1803676.4054425573,10
-1166621.4202172451,1803676.4054425573,10
-1166158.1075007175,1803676.4054425573,7
-1165694.7947841901,1803676.4054425573,10
-1165231.4820676625,1803676.4054425573,10
-1164768.1693511351,1803676.4054425573,10
-1164304.8566346075,1803676.4054425573,10
-1163841.5439180802,1803676.4054425573,10
-1163378.2312015526,1803676.4054425573,10
-1162914.9184850252,1803676.4054425573,10
-1162451.6057684976,1803676.4054425573,10
-1161988.2930519702,1803676.4054425573,10
-1161524.9803354426,1803676.4054425573,10
-1161061.6676189152,1803676.4054425573,10
-1160598.3549023876,1803676.4054425573,10
-1160135.0421858602,1803676.4054425573,10
-1159671.7294693326,1803676.4054425573,10
-1159208.416752805,1803676.4054425573,10
-1158745.1040362776,1803676.4054425573,10
-1158281.79131975,1803676.4054425573,10
-1157818.4786032226,1803676.4054425573,10
-1157355.165886695,1803676.4054425573,10
-1156891.8531701677,1803676.4054425573,10
-1156428.54045364,1803676.4054425573,10
-1155965.2277371127,1803676.4054425573,10
-1155501.915020585,1803676.4054425573,10
-1155038.6023040577,1803676.4054425573,10
-1154575.28958753,1803676.4054425573,10
-1154111.9768710027,1803676.4054425573,10
-1153648.664154475,1803676.4054425573,10
-1153185.3514379477,1803676.4054425573,10
-1152722.03872142,1803676.4054425573,10
-1152258.7260048925,1803676.4054425573,10
-1151795.4132883651,1803676.4054425573,10
-1151332.1005718375,1803676.4054425573,10
-1150868.7878553101,1803676.4054425573,10
-1326927.6201357602,1803213.0927260297,10
-1326464.3074192326,1803213.0927260297,10
-1326000.9947027052,1803213.0927260297,10
-1325537.6819861776,1803213.0927260297,16
-1325074.3692696502,1803213.0927260297,16
-1324611.0565531226,1803213.0927260297,16
-1324147.7438365952,1803213.0927260297,16
-1323684.4311200676,1803213.0927260297,16
-1323221.11840354,1803213.0927260297,16
-1322757.8056870126,1803213.0927260297,10
-1322294.492970485,1803213.0927260297,10
-1321831.1802539576,1803213.0927260297,10
-1321367.86753743,1803213.0927260297,10
-1306541.86060855,1803213.0927260297,10
-1306078.5478920226,1803213.0927260297,10
-1305615.235175495,1803213.0927260297,10
-1305151.9224589677,1803213.0927260297,16
-1304688.60974244,1803213.0927260297,16
-1304225.2970259127,1803213.0927260297,16
-1303761.984309385,1803213.0927260297,10
-1303298.6715928577,1803213.0927260297,16
-1302835.35887633,1803213.0927260297,16
-1302372.0461598027,1803213.0927260297,16
-1301908.733443275,1803213.0927260297,16
-1301445.4207267477,1803213.0927260297,16
-1300982.10801022,1803213.0927260297,10
-1300518.7952936925,1803213.0927260297,10
-1300055.4825771651,1803213.0927260297,10
-1299592.1698606375,1803213.0927260297,10
-1299128.8571441101,1803213.0927260297,10
-1298665.5444275825,1803213.0927260297,10
-1298202.2317110552,1803213.0927260297,10
-1297738.9189945275,1803213.0927260297,10
-1297275.6062780002,1803213.0927260297,10
-1296812.2935614726,1803213.0927260297,10
-1296348.9808449452,1803213.0927260297,7
-1295885.6681284176,1803213.0927260297,10
-1295422.3554118902,1803213.0927260297,16
-1294959.0426953626,1803213.0927260297,16
-1294495.7299788352,1803213.0927260297,16
-1294032.4172623076,1803213.0927260297,16
-1293569.10454578,1803213.0927260297,16
-1293105.7918292526,1803213.0927260297,16
-1292642.479112725,1803213.0927260297,16
-1292179.1663961976,1803213.0927260297,16
-1291715.85367967,1803213.0927260297,10
-1291252.5409631426,1803213.0927260297,10
-1290789.228246615,1803213.0927260297,10
-1290325.9155300877,1803213.0927260297,10
-1289862.60281356,1803213.0927260297,10
-1289399.2900970327,1803213.0927260297,10
-1288935.977380505,1803213.0927260297,10
-1288472.6646639777,1803213.0927260297,10
-1288009.35194745,1803213.0927260297,10
-1287546.0392309227,1803213.0927260297,10
-1287082.726514395,1803213.0927260297,16
-1286619.4137978677,1803213.0927260297,16
-1286156.10108134,1803213.0927260297,10
-1285692.7883648127,1803213.0927260297,10
-1285229.4756482851,1803213.0927260297,10
-1284766.1629317575,1803213.0927260297,10
-1284302.8502152301,1803213.0927260297,10
-1283839.5374987025,1803213.0927260297,10
-1283376.2247821752,1803213.0927260297,10
-1282912.9120656475,1803213.0927260297,10
-1282449.5993491202,1803213.0927260297,10
-1281986.2866325926,1803213.0927260297,10
-1281522.9739160652,1803213.0927260297,10
-1281059.6611995376,1803213.0927260297,10
-1280596.3484830102,1803213.0927260297,10
-1280133.0357664826,1803213.0927260297,10
-1279669.7230499552,1803213.0927260297,10
-1279206.4103334276,1803213.0927260297,10
-1278743.0976169002,1803213.0927260297,10
-1278279.7849003726,1803213.0927260297,10
-1277816.472183845,1803213.0927260297,10
-1277353.1594673176,1803213.0927260297,10
-1276889.84675079,1803213.0927260297,10
-1276426.5340342626,1803213.0927260297,10
-1275963.221317735,1803213.0927260297,10
-1275499.9086012077,1803213.0927260297,10
-1275036.59588468,1803213.0927260297,10
-1274573.2831681527,1803213.0927260297,10
-1274109.970451625,1803213.0927260297,10
-1273646.6577350977,1803213.0927260297,10
-1273183.34501857,1803213.0927260297,10
-1272720.0323020427,1803213.0927260297,10
-1272256.719585515,1803213.0927260297,10
-1271793.4068689877,1803213.0927260297,10
-1271330.09415246,1803213.0927260297,10
-1270866.7814359325,1803213.0927260297,10
-1270403.4687194051,1803213.0927260297,10
-1269940.1560028775,1803213.0927260297,10
-1269476.8432863501,1803213.0927260297,10
-1269013.5305698225,1803213.0927260297,10
-1268550.2178532952,1803213.0927260297,10
-1268086.9051367675,1803213.0927260297,10
-1267623.5924202402,1803213.0927260297,10
-1267160.2797037126,1803213.0927260297,10
-1266696.9669871852,1803213.0927260297,10
-1266233.6542706576,1803213.0927260297,10
-1265770.3415541302,1803213.0927260297,10
-1265307.0288376026,1803213.0927260297,10
-1264843.7161210752,1803213.0927260297,10
-1264380.4034045476,1803213.0927260297,10
-1263917.09068802,1803213.0927260297,10
-1263453.7779714926,1803213.0927260297,10
-1262990.465254965,1803213.0927260297,10
-1262527.1525384376,1803213.0927260297,10
-1262063.83982191,1803213.0927260297,10
-1261600.5271053826,1803213.0927260297,10
-1261137.214388855,1803213.0927260297,10
-1260673.9016723277,1803213.0927260297,10
-1260210.5889558,1803213.0927260297,10
-1259747.2762392727,1803213.0927260297,10
-1259283.963522745,1803213.0927260297,10
-1258820.6508062177,1803213.0927260297,10
-1258357.33808969,1803213.0927260297,10
-1257894.0253731627,1803213.0927260297,10
-1257430.712656635,1803213.0927260297,10
-1256967.3999401077,1803213.0927260297,10
-1256504.08722358,1803213.0927260297,10
-1256040.7745070527,1803213.0927260297,10
-1255577.4617905251,1803213.0927260297,10
-1255114.1490739975,1803213.0927260297,10
-1254650.8363574701,1803213.0927260297,10
-1254187.5236409425,1803213.0927260297,10
-1253724.2109244152,1803213.0927260297,10
-1253260.8982078875,1803213.0927260297,10
-1252797.5854913602,1803213.0927260297,10
-1252334.2727748326,1803213.0927260297,10
-1251870.9600583052,1803213.0927260297,10
-1251407.6473417776,1803213.0927260297,10
-1250944.3346252502,1803213.0927260297,10
-1250481.0219087226,1803213.0927260297,10
-1250017.7091921952,1803213.0927260297,10
-1249554.3964756676,1803213.0927260297,10
-1249091.0837591402,1803213.0927260297,10
-1248627.7710426126,1803213.0927260297,10
-1248164.458326085,1803213.0927260297,10
-1247701.1456095576,1803213.0927260297,10
-1247237.83289303,1803213.0927260297,10
-1246774.5201765026,1803213.0927260297,10
-1246311.207459975,1803213.0927260297,10
-1245847.8947434477,1803213.0927260297,10
-1245384.58202692,1803213.0927260297,10
-1244921.2693103927,1803213.0927260297,10
-1244457.956593865,1803213.0927260297,10
-1243994.6438773377,1803213.0927260297,10
-1243531.33116081,1803213.0927260297,10
-1243068.0184442827,1803213.0927260297,10
-1242604.705727755,1803213.0927260297,10
-1242141.3930112277,1803213.0927260297,10
-1241678.0802947,1803213.0927260297,10
-1241214.7675781725,1803213.0927260297,10
-1240751.4548616451,1803213.0927260297,10
-1240288.1421451175,1803213.0927260297,10
-1239824.8294285901,1803213.0927260297,10
-1239361.5167120625,1803213.0927260297,10
-1238898.2039955352,1803213.0927260297,10
-1238434.8912790075,1803213.0927260297,10
-1237971.5785624802,1803213.0927260297,10
-1237508.2658459526,1803213.0927260297,10
-1237044.9531294252,1803213.0927260297,10
-1236581.6404128976,1803213.0927260297,10
-1236118.3276963702,1803213.0927260297,10
-1235655.0149798426,1803213.0927260297,10
-1235191.7022633152,1803213.0927260297,10
-1234728.3895467876,1803213.0927260297,10
-1234265.07683026,1803213.0927260297,10
-1233801.7641137326,1803213.0927260297,10
-1233338.4513972052,1803213.0927260297,10
-1232875.1386806776,1803213.0927260297,10
-1232411.82596415,1803213.0927260297,10
-1231948.5132476226,1803213.0927260297,10
-1231485.200531095,1803213.0927260297,10
-1231021.8878145677,1803213.0927260297,10
-1230558.57509804,1803213.0927260297,10
-1230095.2623815127,1803213.0927260297,10
-1229631.949664985,1803213.0927260297,10
-1229168.6369484577,1803213.0927260297,10
-1228705.32423193,1803213.0927260297,10
-1228242.0115154027,1803213.0927260297,10
-1227778.698798875,1803213.0927260297,10
-1227315.3860823475,1803213.0927260297,10
-1226852.07336582,1803213.0927260297,10
-1226388.7606492927,1803213.0927260297,10
-1225925.4479327651,1803213.0927260297,10
-1225462.1352162375,1803213.0927260297,10
-1224998.8224997101,1803213.0927260297,10
-1224535.5097831825,1803213.0927260297,10
-1224072.1970666551,1803213.0927260297,10
-1223608.8843501275,1803213.0927260297,10
-1223145.5716336002,1803213.0927260297,10
-1222682.2589170726,1803213.0927260297,10
-1222218.9462005452,1803213.0927260297,10
-1221755.6334840176,1803213.0927260297,10
-1221292.3207674902,1803213.0927260297,10
-1220829.0080509626,1803213.0927260297,10
-1220365.6953344352,1803213.0927260297,10
-1219902.3826179076,1803213.0927260297,10
-1219439.0699013802,1803213.0927260297,10
-1218975.7571848526,1803213.0927260297,10
-1218512.444468325,1803213.0927260297,10
-1218049.1317517976,1803213.0927260297,10
-1217585.81903527,1803213.0927260297,10
-1217122.5063187426,1803213.0927260297,10
-1216659.193602215,1803213.0927260297,10
-1216195.8808856877,1803213.0927260297,10
-1215732.56816916,1803213.0927260297,10
-1215269.2554526327,1803213.0927260297,10
-1214805.942736105,1803213.0927260297,10
-1214342.6300195777,1803213.0927260297,10
-1213879.31730305,1803213.0927260297,10
-1213416.0045865227,1803213.0927260297,10
-1212952.691869995,1803213.0927260297,10
-1212489.3791534677,1803213.0927260297,10
-1212026.06643694,1803213.0927260297,10
-1211562.7537204125,1803213.0927260297,10
-1211099.4410038851,1803213.0927260297,10
-1210636.1282873575,1803213.0927260297,10
-1210172.8155708301,1803213.0927260297,10
-1209709.5028543025,1803213.0927260297,10
-1209246.1901377751,1803213.0927260297,10
-1208782.8774212475,1803213.0927260297,10
-1208319.5647047202,1803213.0927260297,10
-1207856.2519881926,1803213.0927260297,10
-1207392.9392716652,1803213.0927260297,10
-1206929.6265551376,1803213.0927260297,10
-1206466.3138386102,1803213.0927260297,10
-1206003.0011220826,1803213.0927260297,10
-1205539.6884055552,1803213.0927260297,10
-1205076.3756890276,1803213.0927260297,10
-1204613.0629725,1803213.0927260297,10
-1204149.7502559726,1803213.0927260297,10
-1203686.4375394452,1803213.0927260297,10
-1203223.1248229176,1803213.0927260297,10
-1202759.81210639,1803213.0927260297,10
-1202296.4993898626,1803213.0927260297,10
-1201833.186673335,1803213.0927260297,10
-1201369.8739568077,1803213.0927260297,10
-1200906.56124028,1803213.0927260297,10
-1200443.2485237527,1803213.0927260297,10
-1199979.935807225,1803213.0927260297,10
-1199516.6230906977,1803213.0927260297,10
-1199053.31037417,1803213.0927260297,10
-1198589.9976576427,1803213.0927260297,10
-1198126.684941115,1803213.0927260297,10
-1197663.3722245875,1803213.0927260297,10
-1197200.05950806,1803213.0927260297,10
-1196736.7467915327,1803213.0927260297,10
-1196273.4340750051,1803213.0927260297,10
-1195810.1213584775,1803213.0927260297,10
-1195346.8086419501,1803213.0927260297,10
-1194883.4959254225,1803213.0927260297,10
-1194420.1832088951,1803213.0927260297,10
-1193956.8704923675,1803213.0927260297,10
-1193493.5577758402,1803213.0927260297,10
-1193030.2450593126,1803213.0927260297,10
-1192566.9323427852,1803213.0927260297,10
-1192103.6196262576,1803213.0927260297,10
-1191640.3069097302,1803213.0927260297,10
-1191176.9941932026,1803213.0927260297,10
-1190713.6814766752,1803213.0927260297,10
-1190250.3687601476,1803213.0927260297,10
-1189787.0560436202,1803213.0927260297,10
-1189323.7433270926,1803213.0927260297,10
-1188860.430610565,1803213.0927260297,10
-1188397.1178940376,1803213.0927260297,10
-1187933.80517751,1803213.0927260297,10
-1187470.4924609826,1803213.0927260297,10
-1187007.179744455,1803213.0927260297,10
-1186543.8670279277,1803213.0927260297,10
-1186080.5543114,1803213.0927260297,10
-1185617.2415948727,1803213.0927260297,10
-1185153.928878345,1803213.0927260297,10
-1184690.6161618177,1803213.0927260297,10
-1184227.30344529,1803213.0927260297,10
-1183763.9907287627,1803213.0927260297,10
-1183300.678012235,1803213.0927260297,10
-1182837.3652957077,1803213.0927260297,10
-1182374.05257918,1803213.0927260297,10
-1181910.7398626525,1803213.0927260297,10
-1181447.4271461251,1803213.0927260297,10
-1180984.1144295975,1803213.0927260297,10
-1180520.8017130701,1803213.0927260297,10
-1180057.4889965425,1803213.0927260297,10
-1179594.1762800151,1803213.0927260297,10
-1179130.8635634875,1803213.0927260297,10
-1178667.5508469602,1803213.0927260297,10
-1178204.2381304326,1803213.0927260297,10
-1177740.9254139052,1803213.0927260297,10
-1177277.6126973776,1803213.0927260297,10
-1176814.2999808502,1803213.0927260297,10
-1176350.9872643226,1803213.0927260297,10
-1175887.6745477952,1803213.0927260297,10
-1175424.3618312676,1803213.0927260297,10
-1174961.04911474,1803213.0927260297,10
-1174497.7363982126,1803213.0927260297,10
-1174034.4236816852,1803213.0927260297,10
-1173571.1109651576,1803213.0927260297,10
-1173107.79824863,1803213.0927260297,10
-1172644.4855321026,1803213.0927260297,10
-1172181.172815575,1803213.0927260297,10
-1171717.8600990477,1803213.0927260297,10
-1171254.54738252,1803213.0927260297,10
-1170791.2346659927,1803213.0927260297,10
-1170327.921949465,1803213.0927260297,10
-1169864.6092329377,1803213.0927260297,10
-1169401.29651641,1803213.0927260297,10
-1168937.9837998827,1803213.0927260297,10
-1168474.671083355,1803213.0927260297,10
-1168011.3583668275,1803213.0927260297,10
-1167548.0456503,1803213.0927260297,10
-1167084.7329337727,1803213.0927260297,10
-1166621.4202172451,1803213.0927260297,10
-1166158.1075007175,1803213.0927260297,10
-1165694.7947841901,1803213.0927260297,10
-1165231.4820676625,1803213.0927260297,10
-1164768.1693511351,1803213.0927260297,10
-1164304.8566346075,1803213.0927260297,10
-1163841.5439180802,1803213.0927260297,10
-1163378.2312015526,1803213.0927260297,10
-1162914.9184850252,1803213.0927260297,10
-1162451.6057684976,1803213.0927260297,10
-1161988.2930519702,1803213.0927260297,10
-1161524.9803354426,1803213.0927260297,10
-1161061.6676189152,1803213.0927260297,10
-1160598.3549023876,1803213.0927260297,10
-1160135.0421858602,1803213.0927260297,10
-1159671.7294693326,1803213.0927260297,10
-1159208.416752805,1803213.0927260297,10
-1158745.1040362776,1803213.0927260297,10
-1158281.79131975,1803213.0927260297,10
-1157818.4786032226,1803213.0927260297,10
-1157355.165886695,1803213.0927260297,10
-1156891.8531701677,1803213.0927260297,10
-1156428.54045364,1803213.0927260297,10
-1155965.2277371127,1803213.0927260297,10
-1155501.915020585,1803213.0927260297,10
-1155038.6023040577,1803213.0927260297,10
-1154575.28958753,1803213.0927260297,10
-1154111.9768710027,1803213.0927260297,10
-1153648.664154475,1803213.0927260297,10
-1153185.3514379477,1803213.0927260297,10
-1152722.03872142,1803213.0927260297,10
-1152258.7260048925,1803213.0927260297,10
-1151795.4132883651,1803213.0927260297,10
-1151332.1005718375,1803213.0927260297,10
-1150868.7878553101,1803213.0927260297,10
-1150405.4751387825,1803213.0927260297,10
-1326464.3074192326,1802749.780009502,10
-1326000.9947027052,1802749.780009502,10
-1325537.6819861776,1802749.780009502,10
-1325074.3692696502,1802749.780009502,16
-1324611.0565531226,1802749.780009502,16
-1324147.7438365952,1802749.780009502,16
-1323684.4311200676,1802749.780009502,16
-1323221.11840354,1802749.780009502,10
-1322757.8056870126,1802749.780009502,10
-1322294.492970485,1802749.780009502,10
-1306541.86060855,1802749.780009502,10
-1306078.5478920226,1802749.780009502,10
-1305615.235175495,1802749.780009502,10
-1305151.9224589677,1802749.780009502,16
-1304688.60974244,1802749.780009502,16
-1304225.2970259127,1802749.780009502,16
-1303761.984309385,1802749.780009502,16
-1303298.6715928577,1802749.780009502,16
-1302835.35887633,1802749.780009502,16
-1302372.0461598027,1802749.780009502,16
-1301908.733443275,1802749.780009502,16
-1301445.4207267477,1802749.780009502,16
-1300982.10801022,1802749.780009502,16
-1300518.7952936925,1802749.780009502,10
-1300055.4825771651,1802749.780009502,16
-1299592.1698606375,1802749.780009502,10
-1299128.8571441101,1802749.780009502,10
-1298665.5444275825,1802749.780009502,10
-1298202.2317110552,1802749.780009502,10
-1297738.9189945275,1802749.780009502,10
-1297275.6062780002,1802749.780009502,10
-1296812.2935614726,1802749.780009502,10
-1296348.9808449452,1802749.780009502,7
-1295885.6681284176,1802749.780009502,10
-1295422.3554118902,1802749.780009502,16
-1294959.0426953626,1802749.780009502,16
-1294495.7299788352,1802749.780009502,16
-1294032.4172623076,1802749.780009502,16
-1293569.10454578,1802749.780009502,16
-1293105.7918292526,1802749.780009502,16
-1292642.479112725,1802749.780009502,16
-1292179.1663961976,1802749.780009502,16
-1291715.85367967,1802749.780009502,16
-1291252.5409631426,1802749.780009502,16
-1290789.228246615,1802749.780009502,10
-1290325.9155300877,1802749.780009502,10
-1289862.60281356,1802749.780009502,10
-1289399.2900970327,1802749.780009502,16
-1288935.977380505,1802749.780009502,10
-1288472.6646639777,1802749.780009502,10
-1288009.35194745,1802749.780009502,10
-1287546.0392309227,1802749.780009502,10
-1287082.726514395,1802749.780009502,10
-1286619.4137978677,1802749.780009502,10
-1286156.10108134,1802749.780009502,10
-1285692.7883648127,1802749.780009502,10
-1285229.4756482851,1802749.780009502,10
-1284766.1629317575,1802749.780009502,10
-1284302.8502152301,1802749.780009502,10
-1283839.5374987025,1802749.780009502,10
-1283376.2247821752,1802749.780009502,10
-1282912.9120656475,1802749.780009502,10
-1282449.5993491202,1802749.780009502,10
-1281986.2866325926,1802749.780009502,10
-1281522.9739160652,1802749.780009502,10
-1281059.6611995376,1802749.780009502,10
-1280596.3484830102,1802749.780009502,10
-1280133.0357664826,1802749.780009502,10
-1279669.7230499552,1802749.780009502,10
-1279206.4103334276,1802749.780009502,10
-1278743.0976169002,1802749.780009502,10
-1278279.7849003726,1802749.780009502,10
-1277816.472183845,1802749.780009502,10
-1277353.1594673176,1802749.780009502,10
-1276889.84675079,1802749.780009502,10
-1276426.5340342626,1802749.780009502,10
-1275963.221317735,1802749.780009502,10
-1275499.9086012077,1802749.780009502,10
-1275036.59588468,1802749.780009502,10
-1274573.2831681527,1802749.780009502,10
-1274109.970451625,1802749.780009502,10
-1273646.6577350977,1802749.780009502,10
-1273183.34501857,1802749.780009502,10
-1272720.0323020427,1802749.780009502,10
-1272256.719585515,1802749.780009502,10
-1271793.4068689877,1802749.780009502,10
-1271330.09415246,1802749.780009502,10
-1270866.7814359325,1802749.780009502,10
-1270403.4687194051,1802749.780009502,10
-1269940.1560028775,1802749.780009502,10
-1269476.8432863501,1802749.780009502,10
-1269013.5305698225,1802749.780009502,10
-1268550.2178532952,1802749.780009502,10
-1268086.9051367675,1802749.780009502,10
-1267623.5924202402,1802749.780009502,10
-1267160.2797037126,1802749.780009502,10
-1266696.9669871852,1802749.780009502,10
-1266233.6542706576,1802749.780009502,10
-1265770.3415541302,1802749.780009502,10
-1265307.0288376026,1802749.780009502,10
-1264843.7161210752,1802749.780009502,10
-1264380.4034045476,1802749.780009502,10
-1263917.09068802,1802749.780009502,10
-1263453.7779714926,1802749.780009502,10
-1262990.465254965,1802749.780009502,10
-1262527.1525384376,1802749.780009502,10
-1262063.83982191,1802749.780009502,10
-1261600.5271053826,1802749.780009502,10
-1261137.214388855,1802749.780009502,10
-1260673.9016723277,1802749.780009502,10
-1260210.5889558,1802749.780009502,10
-1259747.2762392727,1802749.780009502,10
-1259283.963522745,1802749.780009502,10
-1258820.6508062177,1802749.780009502,10
-1258357.33808969,1802749.780009502,10
-1257894.0253731627,1802749.780009502,10
-1257430.712656635,1802749.780009502,10
-1256967.3999401077,1802749.780009502,10
-1256504.08722358,1802749.780009502,10
-1256040.7745070527,1802749.780009502,10
-1255577.4617905251,1802749.780009502,10
-1255114.1490739975,1802749.780009502,10
-1254650.8363574701,1802749.780009502,10
-1254187.5236409425,1802749.780009502,10
-1253724.2109244152,1802749.780009502,10
-1253260.8982078875,1802749.780009502,10
-1252797.5854913602,1802749.780009502,10
-1252334.2727748326,1802749.780009502,10
-1251870.9600583052,1802749.780009502,10
-1251407.6473417776,1802749.780009502,10
-1250944.3346252502,1802749.780009502,10
-1250481.0219087226,1802749.780009502,10
-1250017.7091921952,1802749.780009502,10
-1249554.3964756676,1802749.780009502,10
-1249091.0837591402,1802749.780009502,10
-1248627.7710426126,1802749.780009502,10
-1248164.458326085,1802749.780009502,10
-1247701.1456095576,1802749.780009502,10
-1247237.83289303,1802749.780009502,10
-1246774.5201765026,1802749.780009502,10
-1246311.207459975,1802749.780009502,10
-1245847.8947434477,1802749.780009502,10
-1245384.58202692,1802749.780009502,10
-1244921.2693103927,1802749.780009502,10
-1244457.956593865,1802749.780009502,10
-1243994.6438773377,1802749.780009502,10
-1243531.33116081,1802749.780009502,10
-1243068.0184442827,1802749.780009502,10
-1242604.705727755,1802749.780009502,10
-1242141.3930112277,1802749.780009502,10
-1241678.0802947,1802749.780009502,10
-1241214.7675781725,1802749.780009502,10
-1240751.4548616451,1802749.780009502,10
-1240288.1421451175,1802749.780009502,10
-1239824.8294285901,1802749.780009502,10
-1239361.5167120625,1802749.780009502,10
-1238898.2039955352,1802749.780009502,10
-1238434.8912790075,1802749.780009502,10
-1237971.5785624802,1802749.780009502,10
-1237508.2658459526,1802749.780009502,10
-1237044.9531294252,1802749.780009502,10
-1236581.6404128976,1802749.780009502,10
-1236118.3276963702,1802749.780009502,10
-1235655.0149798426,1802749.780009502,10
-1235191.7022633152,1802749.780009502,10
-1234728.3895467876,1802749.780009502,10
-1234265.07683026,1802749.780009502,10
-1233801.7641137326,1802749.780009502,10
-1233338.4513972052,1802749.780009502,10
-1232875.1386806776,1802749.780009502,10
-1232411.82596415,1802749.780009502,10
-1231948.5132476226,1802749.780009502,10
-1231485.200531095,1802749.780009502,10
-1231021.8878145677,1802749.780009502,10
-1230558.57509804,1802749.780009502,10
-1230095.2623815127,1802749.780009502,10
-1229631.949664985,1802749.780009502,10
-1229168.6369484577,1802749.780009502,10
-1228705.32423193,1802749.780009502,10
-1228242.0115154027,1802749.780009502,10
-1227778.698798875,1802749.780009502,10
-1227315.3860823475,1802749.780009502,10
-1226852.07336582,1802749.780009502,10
-1226388.7606492927,1802749.780009502,10
-1225925.4479327651,1802749.780009502,10
-1225462.1352162375,1802749.780009502,10
-1224998.8224997101,1802749.780009502,10
-1224535.5097831825,1802749.780009502,10
-1224072.1970666551,1802749.780009502,10
-1223608.8843501275,1802749.780009502,10
-1223145.5716336002,1802749.780009502,10
-1222682.2589170726,1802749.780009502,10
-1222218.9462005452,1802749.780009502,10
-1221755.6334840176,1802749.780009502,10
-1221292.3207674902,1802749.780009502,10
-1220829.0080509626,1802749.780009502,10
-1220365.6953344352,1802749.780009502,10
-1219902.3826179076,1802749.780009502,10
-1219439.0699013802,1802749.780009502,10
-1218975.7571848526,1802749.780009502,10
-1218512.444468325,1802749.780009502,10
-1218049.1317517976,1802749.780009502,10
-1217585.81903527,1802749.780009502,10
-1217122.5063187426,1802749.780009502,10
-1216659.193602215,1802749.780009502,10
-1216195.8808856877,1802749.780009502,10
-1215732.56816916,1802749.780009502,10
-1215269.2554526327,1802749.780009502,10
-1214805.942736105,1802749.780009502,10
-1214342.6300195777,1802749.780009502,10
-1213879.31730305,1802749.780009502,10
-1213416.0045865227,1802749.780009502,10
-1212952.691869995,1802749.780009502,10
-1212489.3791534677,1802749.780009502,10
-1212026.06643694,1802749.780009502,10
-1211562.7537204125,1802749.780009502,10
-1211099.4410038851,1802749.780009502,10
-1210636.1282873575,1802749.780009502,10
-1210172.8155708301,1802749.780009502,10
-1209709.5028543025,1802749.780009502,10
-1209246.1901377751,1802749.780009502,10
-1208782.8774212475,1802749.780009502,10
-1208319.5647047202,1802749.780009502,10
-1207856.2519881926,1802749.780009502,10
-1207392.9392716652,1802749.780009502,10
-1206929.6265551376,1802749.780009502,10
-1206466.3138386102,1802749.780009502,10
-1206003.0011220826,1802749.780009502,10
-1205539.6884055552,1802749.780009502,10
-1205076.3756890276,1802749.780009502,10
-1204613.0629725,1802749.780009502,10
-1204149.7502559726,1802749.780009502,10
-1203686.4375394452,1802749.780009502,10
-1203223.1248229176,1802749.780009502,10
-1202759.81210639,1802749.780009502,10
-1202296.4993898626,1802749.780009502,10
-1201833.186673335,1802749.780009502,10
-1201369.8739568077,1802749.780009502,10
-1200906.56124028,1802749.780009502,10
-1200443.2485237527,1802749.780009502,10
-1199979.935807225,1802749.780009502,10
-1199516.6230906977,1802749.780009502,10
-1199053.31037417,1802749.780009502,10
-1198589.9976576427,1802749.780009502,10
-1198126.684941115,1802749.780009502,10
-1197663.3722245875,1802749.780009502,10
-1197200.05950806,1802749.780009502,10
-1196736.7467915327,1802749.780009502,10
-1196273.4340750051,1802749.780009502,10
-1195810.1213584775,1802749.780009502,10
-1195346.8086419501,1802749.780009502,10
-1194883.4959254225,1802749.780009502,10
-1194420.1832088951,1802749.780009502,10
-1193956.8704923675,1802749.780009502,10
-1193493.5577758402,1802749.780009502,10
-1193030.2450593126,1802749.780009502,10
-1192566.9323427852,1802749.780009502,10
-1192103.6196262576,1802749.780009502,10
-1191640.3069097302,1802749.780009502,10
-1191176.9941932026,1802749.780009502,10
-1190713.6814766752,1802749.780009502,10
-1190250.3687601476,1802749.780009502,10
-1189787.0560436202,1802749.780009502,10
-1189323.7433270926,1802749.780009502,10
-1188860.430610565,1802749.780009502,10
-1188397.1178940376,1802749.780009502,10
-1187933.80517751,1802749.780009502,10
-1187470.4924609826,1802749.780009502,10
-1187007.179744455,1802749.780009502,10
-1186543.8670279277,1802749.780009502,10
-1186080.5543114,1802749.780009502,10
-1185617.2415948727,1802749.780009502,10
-1185153.928878345,1802749.780009502,10
-1184690.6161618177,1802749.780009502,10
-1184227.30344529,1802749.780009502,10
-1183763.9907287627,1802749.780009502,10
-1183300.678012235,1802749.780009502,10
-1182837.3652957077,1802749.780009502,10
-1182374.05257918,1802749.780009502,10
-1181910.7398626525,1802749.780009502,10
-1181447.4271461251,1802749.780009502,10
-1180984.1144295975,1802749.780009502,10
-1180520.8017130701,1802749.780009502,10
-1180057.4889965425,1802749.780009502,10
-1179594.1762800151,1802749.780009502,10
-1179130.8635634875,1802749.780009502,10
-1178667.5508469602,1802749.780009502,10
-1178204.2381304326,1802749.780009502,10
-1177740.9254139052,1802749.780009502,10
-1177277.6126973776,1802749.780009502,10
-1176814.2999808502,1802749.780009502,10
-1176350.9872643226,1802749.780009502,10
-1175887.6745477952,1802749.780009502,10
-1175424.3618312676,1802749.780009502,10
-1174961.04911474,1802749.780009502,10
-1174497.7363982126,1802749.780009502,10
-1174034.4236816852,1802749.780009502,10
-1173571.1109651576,1802749.780009502,10
-1173107.79824863,1802749.780009502,10
-1172644.4855321026,1802749.780009502,10
-1172181.172815575,1802749.780009502,10
-1171717.8600990477,1802749.780009502,10
-1171254.54738252,1802749.780009502,10
-1170791.2346659927,1802749.780009502,10
-1170327.921949465,1802749.780009502,10
-1169864.6092329377,1802749.780009502,10
-1169401.29651641,1802749.780009502,10
-1168937.9837998827,1802749.780009502,10
-1168474.671083355,1802749.780009502,10
-1168011.3583668275,1802749.780009502,10
-1167548.0456503,1802749.780009502,10
-1167084.7329337727,1802749.780009502,10
-1166621.4202172451,1802749.780009502,10
-1166158.1075007175,1802749.780009502,10
-1165694.7947841901,1802749.780009502,10
-1165231.4820676625,1802749.780009502,10
-1164768.1693511351,1802749.780009502,10
-1164304.8566346075,1802749.780009502,10
-1163841.5439180802,1802749.780009502,10
-1163378.2312015526,1802749.780009502,10
-1162914.9184850252,1802749.780009502,10
-1162451.6057684976,1802749.780009502,10
-1161988.2930519702,1802749.780009502,10
-1161524.9803354426,1802749.780009502,10
-1161061.6676189152,1802749.780009502,10
-1160598.3549023876,1802749.780009502,10
-1160135.0421858602,1802749.780009502,10
-1159671.7294693326,1802749.780009502,10
-1159208.416752805,1802749.780009502,10
-1158745.1040362776,1802749.780009502,10
-1158281.79131975,1802749.780009502,10
-1157818.4786032226,1802749.780009502,10
-1157355.165886695,1802749.780009502,10
-1156891.8531701677,1802749.780009502,10
-1156428.54045364,1802749.780009502,10
-1155965.2277371127,1802749.780009502,10
-1155501.915020585,1802749.780009502,10
-1155038.6023040577,1802749.780009502,10
-1154575.28958753,1802749.780009502,10
-1154111.9768710027,1802749.780009502,10
-1153648.664154475,1802749.780009502,10
-1153185.3514379477,1802749.780009502,10
-1152722.03872142,1802749.780009502,10
-1152258.7260048925,1802749.780009502,10
-1151795.4132883651,1802749.780009502,10
-1151332.1005718375,1802749.780009502,10
-1150868.7878553101,1802749.780009502,10
-1150405.4751387825,1802749.780009502,10
-1326464.3074192326,1802286.4672929747,10
-1326000.9947027052,1802286.4672929747,16
-1325537.6819861776,1802286.4672929747,16
-1325074.3692696502,1802286.4672929747,16
-1324611.0565531226,1802286.4672929747,16
-1324147.7438365952,1802286.4672929747,16
-1323684.4311200676,1802286.4672929747,10
-1323221.11840354,1802286.4672929747,10
-1306541.86060855,1802286.4672929747,10
-1306078.5478920226,1802286.4672929747,10
-1305615.235175495,1802286.4672929747,10
-1305151.9224589677,1802286.4672929747,16
-1304688.60974244,1802286.4672929747,16
-1304225.2970259127,1802286.4672929747,16
-1303761.984309385,1802286.4672929747,16
-1303298.6715928577,1802286.4672929747,16
-1302835.35887633,1802286.4672929747,16
-1302372.0461598027,1802286.4672929747,16
-1301908.733443275,1802286.4672929747,16
-1301445.4207267477,1802286.4672929747,10
-1300982.10801022,1802286.4672929747,16
-1300518.7952936925,1802286.4672929747,16
-1300055.4825771651,1802286.4672929747,16
-1299592.1698606375,1802286.4672929747,10
-1299128.8571441101,1802286.4672929747,10
-1298665.5444275825,1802286.4672929747,10
-1298202.2317110552,1802286.4672929747,10
-1297738.9189945275,1802286.4672929747,16
-1297275.6062780002,1802286.4672929747,16
-1296812.2935614726,1802286.4672929747,10
-1296348.9808449452,1802286.4672929747,7
-1295885.6681284176,1802286.4672929747,16
-1295422.3554118902,1802286.4672929747,16
-1294959.0426953626,1802286.4672929747,16
-1294495.7299788352,1802286.4672929747,16
-1294032.4172623076,1802286.4672929747,16
-1293569.10454578,1802286.4672929747,16
-1293105.7918292526,1802286.4672929747,10
-1292642.479112725,1802286.4672929747,16
-1292179.1663961976,1802286.4672929747,16
-1291715.85367967,1802286.4672929747,16
-1291252.5409631426,1802286.4672929747,16
-1290789.228246615,1802286.4672929747,10
-1290325.9155300877,1802286.4672929747,10
-1289862.60281356,1802286.4672929747,10
-1289399.2900970327,1802286.4672929747,16
-1288935.977380505,1802286.4672929747,10
-1288472.6646639777,1802286.4672929747,10
-1288009.35194745,1802286.4672929747,10
-1287546.0392309227,1802286.4672929747,10
-1287082.726514395,1802286.4672929747,10
-1286619.4137978677,1802286.4672929747,10
-1286156.10108134,1802286.4672929747,10
-1285692.7883648127,1802286.4672929747,10
-1285229.4756482851,1802286.4672929747,10
-1284766.1629317575,1802286.4672929747,10
-1284302.8502152301,1802286.4672929747,10
-1283839.5374987025,1802286.4672929747,10
-1283376.2247821752,1802286.4672929747,10
-1282912.9120656475,1802286.4672929747,10
-1282449.5993491202,1802286.4672929747,10
-1281986.2866325926,1802286.4672929747,10
-1281522.9739160652,1802286.4672929747,10
-1281059.6611995376,1802286.4672929747,10
-1280596.3484830102,1802286.4672929747,10
-1280133.0357664826,1802286.4672929747,10
-1279669.7230499552,1802286.4672929747,10
-1279206.4103334276,1802286.4672929747,10
-1278743.0976169002,1802286.4672929747,10
-1278279.7849003726,1802286.4672929747,10
-1277816.472183845,1802286.4672929747,10
-1277353.1594673176,1802286.4672929747,10
-1276889.84675079,1802286.4672929747,10
-1276426.5340342626,1802286.4672929747,10
-1275963.221317735,1802286.4672929747,10
-1275499.9086012077,1802286.4672929747,10
-1275036.59588468,1802286.4672929747,10
-1274573.2831681527,1802286.4672929747,10
-1274109.970451625,1802286.4672929747,10
-1273646.6577350977,1802286.4672929747,10
-1273183.34501857,1802286.4672929747,10
-1272720.0323020427,1802286.4672929747,10
-1272256.719585515,1802286.4672929747,10
-1271793.4068689877,1802286.4672929747,10
-1271330.09415246,1802286.4672929747,10
-1270866.7814359325,1802286.4672929747,10
-1270403.4687194051,1802286.4672929747,10
-1269940.1560028775,1802286.4672929747,10
-1269476.8432863501,1802286.4672929747,10
-1269013.5305698225,1802286.4672929747,10
-1268550.2178532952,1802286.4672929747,10
-1268086.9051367675,1802286.4672929747,10
-1267623.5924202402,1802286.4672929747,10
-1267160.2797037126,1802286.4672929747,10
-1266696.9669871852,1802286.4672929747,10
-1266233.6542706576,1802286.4672929747,10
-1265770.3415541302,1802286.4672929747,10
-1265307.0288376026,1802286.4672929747,10
-1264843.7161210752,1802286.4672929747,10
-1264380.4034045476,1802286.4672929747,10
-1263917.09068802,1802286.4672929747,10
-1263453.7779714926,1802286.4672929747,10
-1262990.465254965,1802286.4672929747,10
-1262527.1525384376,1802286.4672929747,10
-1262063.83982191,1802286.4672929747,10
-1261600.5271053826,1802286.4672929747,10
-1261137.214388855,1802286.4672929747,10
-1260673.9016723277,1802286.4672929747,10
-1260210.5889558,1802286.4672929747,10
-1259747.2762392727,1802286.4672929747,10
-1259283.963522745,1802286.4672929747,10
-1258820.6508062177,1802286.4672929747,10
-1258357.33808969,1802286.4672929747,10
-1257894.0253731627,1802286.4672929747,10
-1257430.712656635,1802286.4672929747,10
-1256967.3999401077,1802286.4672929747,10
-1256504.08722358,1802286.4672929747,10
-1256040.7745070527,1802286.4672929747,10
-1255577.4617905251,1802286.4672929747,10
-1255114.1490739975,1802286.4672929747,10
-1254650.8363574701,1802286.4672929747,10
-1254187.5236409425,1802286.4672929747,10
-1253724.2109244152,1802286.4672929747,10
-1253260.8982078875,1802286.4672929747,10
-1252797.5854913602,1802286.4672929747,10
-1252334.2727748326,1802286.4672929747,10
-1251870.9600583052,1802286.4672929747,10
-1251407.6473417776,1802286.4672929747,10
-1250944.3346252502,1802286.4672929747,10
-1250481.0219087226,1802286.4672929747,10
-1250017.7091921952,1802286.4672929747,10
-1249554.3964756676,1802286.4672929747,10
-1249091.0837591402,1802286.4672929747,10
-1248627.7710426126,1802286.4672929747,10
-1248164.458326085,1802286.4672929747,10
-1247701.1456095576,1802286.4672929747,10
-1247237.83289303,1802286.4672929747,10
-1246774.5201765026,1802286.4672929747,10
-1246311.207459975,1802286.4672929747,10
-1245847.8947434477,1802286.4672929747,10
-1245384.58202692,1802286.4672929747,10
-1244921.2693103927,1802286.4672929747,10
-1244457.956593865,1802286.4672929747,10
-1243994.6438773377,1802286.4672929747,10
-1243531.33116081,1802286.4672929747,10
-1243068.0184442827,1802286.4672929747,10
-1242604.705727755,1802286.4672929747,10
-1242141.3930112277,1802286.4672929747,10
-1241678.0802947,1802286.4672929747,10
-1241214.7675781725,1802286.4672929747,10
-1240751.4548616451,1802286.4672929747,10
-1240288.1421451175,1802286.4672929747,10
-1239824.8294285901,1802286.4672929747,10
-1239361.5167120625,1802286.4672929747,10
-1238898.2039955352,1802286.4672929747,10
-1238434.8912790075,1802286.4672929747,10
-1237971.5785624802,1802286.4672929747,10
-1237508.2658459526,1802286.4672929747,10
-1237044.9531294252,1802286.4672929747,10
-1236581.6404128976,1802286.4672929747,10
-1236118.3276963702,1802286.4672929747,10
-1235655.0149798426,1802286.4672929747,10
-1235191.7022633152,1802286.4672929747,10
-1234728.3895467876,1802286.4672929747,10
-1234265.07683026,1802286.4672929747,10
-1233801.7641137326,1802286.4672929747,10
-1233338.4513972052,1802286.4672929747,10
-1232875.1386806776,1802286.4672929747,10
-1232411.82596415,1802286.4672929747,10
-1231948.5132476226,1802286.4672929747,10
-1231485.200531095,1802286.4672929747,10
-1231021.8878145677,1802286.4672929747,10
-1230558.57509804,1802286.4672929747,10
-1230095.2623815127,1802286.4672929747,10
-1229631.949664985,1802286.4672929747,10
-1229168.6369484577,1802286.4672929747,10
-1228705.32423193,1802286.4672929747,10
-1228242.0115154027,1802286.4672929747,10
-1227778.698798875,1802286.4672929747,10
-1227315.3860823475,1802286.4672929747,10
-1226852.07336582,1802286.4672929747,10
-1226388.7606492927,1802286.4672929747,10
-1225925.4479327651,1802286.4672929747,10
-1225462.1352162375,1802286.4672929747,10
-1224998.8224997101,1802286.4672929747,10
-1224535.5097831825,1802286.4672929747,10
-1224072.1970666551,1802286.4672929747,10
-1223608.8843501275,1802286.4672929747,10
-1223145.5716336002,1802286.4672929747,10
-1222682.2589170726,1802286.4672929747,10
-1222218.9462005452,1802286.4672929747,10
-1221755.6334840176,1802286.4672929747,10
-1221292.3207674902,1802286.4672929747,10
-1220829.0080509626,1802286.4672929747,10
-1220365.6953344352,1802286.4672929747,10
-1219902.3826179076,1802286.4672929747,10
-1219439.0699013802,1802286.4672929747,10
-1218975.7571848526,1802286.4672929747,10
-1218512.444468325,1802286.4672929747,10
-1218049.1317517976,1802286.4672929747,10
-1217585.81903527,1802286.4672929747,10
-1217122.5063187426,1802286.4672929747,10
-1216659.193602215,1802286.4672929747,10
-1216195.8808856877,1802286.4672929747,10
-1215732.56816916,1802286.4672929747,10
-1215269.2554526327,1802286.4672929747,10
-1214805.942736105,1802286.4672929747,10
-1214342.6300195777,1802286.4672929747,10
-1213879.31730305,1802286.4672929747,10
-1213416.0045865227,1802286.4672929747,10
-1212952.691869995,1802286.4672929747,10
-1212489.3791534677,1802286.4672929747,10
-1212026.06643694,1802286.4672929747,10
-1211562.7537204125,1802286.4672929747,10
-1211099.4410038851,1802286.4672929747,10
-1210636.1282873575,1802286.4672929747,10
-1210172.8155708301,1802286.4672929747,10
-1209709.5028543025,1802286.4672929747,10
-1209246.1901377751,1802286.4672929747,10
-1208782.8774212475,1802286.4672929747,10
-1208319.5647047202,1802286.4672929747,10
-1207856.2519881926,1802286.4672929747,10
-1207392.9392716652,1802286.4672929747,10
-1206929.6265551376,1802286.4672929747,10
-1206466.3138386102,1802286.4672929747,10
-1206003.0011220826,1802286.4672929747,10
-1205539.6884055552,1802286.4672929747,10
-1205076.3756890276,1802286.4672929747,10
-1204613.0629725,1802286.4672929747,10
-1204149.7502559726,1802286.4672929747,10
-1203686.4375394452,1802286.4672929747,10
-1203223.1248229176,1802286.4672929747,10
-1202759.81210639,1802286.4672929747,10
-1202296.4993898626,1802286.4672929747,10
-1201833.186673335,1802286.4672929747,10
-1201369.8739568077,1802286.4672929747,10
-1200906.56124028,1802286.4672929747,10
-1200443.2485237527,1802286.4672929747,10
-1199979.935807225,1802286.4672929747,10
-1199516.6230906977,1802286.4672929747,10
-1199053.31037417,1802286.4672929747,10
-1198589.9976576427,1802286.4672929747,10
-1198126.684941115,1802286.4672929747,10
-1197663.3722245875,1802286.4672929747,10
-1197200.05950806,1802286.4672929747,10
-1196736.7467915327,1802286.4672929747,10
-1196273.4340750051,1802286.4672929747,10
-1195810.1213584775,1802286.4672929747,10
-1195346.8086419501,1802286.4672929747,10
-1194883.4959254225,1802286.4672929747,10
-1194420.1832088951,1802286.4672929747,10
-1193956.8704923675,1802286.4672929747,10
-1193493.5577758402,1802286.4672929747,10
-1193030.2450593126,1802286.4672929747,10
-1192566.9323427852,1802286.4672929747,10
-1192103.6196262576,1802286.4672929747,10
-1191640.3069097302,1802286.4672929747,10
-1191176.9941932026,1802286.4672929747,10
-1190713.6814766752,1802286.4672929747,10
-1190250.3687601476,1802286.4672929747,10
-1189787.0560436202,1802286.4672929747,10
-1189323.7433270926,1802286.4672929747,10
-1188860.430610565,1802286.4672929747,10
-1188397.1178940376,1802286.4672929747,10
-1187933.80517751,1802286.4672929747,10
-1187470.4924609826,1802286.4672929747,10
-1187007.179744455,1802286.4672929747,10
-1186543.8670279277,1802286.4672929747,10
-1186080.5543114,1802286.4672929747,10
-1185617.2415948727,1802286.4672929747,10
-1185153.928878345,1802286.4672929747,10
-1184690.6161618177,1802286.4672929747,10
-1184227.30344529,1802286.4672929747,10
-1183763.9907287627,1802286.4672929747,10
-1183300.678012235,1802286.4672929747,10
-1182837.3652957077,1802286.4672929747,10
-1182374.05257918,1802286.4672929747,10
-1181910.7398626525,1802286.4672929747,10
-1181447.4271461251,1802286.4672929747,10
-1180984.1144295975,1802286.4672929747,10
-1180520.8017130701,1802286.4672929747,10
-1180057.4889965425,1802286.4672929747,10
-1179594.1762800151,1802286.4672929747,10
-1179130.8635634875,1802286.4672929747,10
-1178667.5508469602,1802286.4672929747,10
-1178204.2381304326,1802286.4672929747,10
-1177740.9254139052,1802286.4672929747,10
-1177277.6126973776,1802286.4672929747,10
-1176814.2999808502,1802286.4672929747,10
-1176350.9872643226,1802286.4672929747,10
-1175887.6745477952,1802286.4672929747,10
-1175424.3618312676,1802286.4672929747,10
-1174961.04911474,1802286.4672929747,10
-1174497.7363982126,1802286.4672929747,10
-1174034.4236816852,1802286.4672929747,10
-1173571.1109651576,1802286.4672929747,10
-1173107.79824863,1802286.4672929747,10
-1172644.4855321026,1802286.4672929747,10
-1172181.172815575,1802286.4672929747,10
-1171717.8600990477,1802286.4672929747,10
-1171254.54738252,1802286.4672929747,10
-1170791.2346659927,1802286.4672929747,10
-1170327.921949465,1802286.4672929747,10
-1169864.6092329377,1802286.4672929747,10
-1169401.29651641,1802286.4672929747,10
-1168937.9837998827,1802286.4672929747,10
-1168474.671083355,1802286.4672929747,10
-1168011.3583668275,1802286.4672929747,10
-1167548.0456503,1802286.4672929747,10
-1167084.7329337727,1802286.4672929747,10
-1166621.4202172451,1802286.4672929747,10
-1166158.1075007175,1802286.4672929747,10
-1165694.7947841901,1802286.4672929747,10
-1165231.4820676625,1802286.4672929747,10
-1164768.1693511351,1802286.4672929747,10
-1164304.8566346075,1802286.4672929747,10
-1163841.5439180802,1802286.4672929747,10
-1163378.2312015526,1802286.4672929747,10
-1162914.9184850252,1802286.4672929747,10
-1162451.6057684976,1802286.4672929747,10
-1161988.2930519702,1802286.4672929747,10
-1161524.9803354426,1802286.4672929747,10
-1161061.6676189152,1802286.4672929747,10
-1160598.3549023876,1802286.4672929747,10
-1160135.0421858602,1802286.4672929747,10
-1159671.7294693326,1802286.4672929747,10
-1159208.416752805,1802286.4672929747,10
-1158745.1040362776,1802286.4672929747,10
-1158281.79131975,1802286.4672929747,10
-1157818.4786032226,1802286.4672929747,10
-1157355.165886695,1802286.4672929747,10
-1156891.8531701677,1802286.4672929747,10
-1156428.54045364,1802286.4672929747,10
-1155965.2277371127,1802286.4672929747,10
-1155501.915020585,1802286.4672929747,10
-1155038.6023040577,1802286.4672929747,10
-1154575.28958753,1802286.4672929747,10
-1154111.9768710027,1802286.4672929747,10
-1153648.664154475,1802286.4672929747,10
-1153185.3514379477,1802286.4672929747,10
-1152722.03872142,1802286.4672929747,10
-1152258.7260048925,1802286.4672929747,10
-1151795.4132883651,1802286.4672929747,10
-1151332.1005718375,1802286.4672929747,10
-1150868.7878553101,1802286.4672929747,10
-1150405.4751387825,1802286.4672929747,10
-1326464.3074192326,1801823.1545764473,10
-1326000.9947027052,1801823.1545764473,10
-1325537.6819861776,1801823.1545764473,16
-1325074.3692696502,1801823.1545764473,16
-1324611.0565531226,1801823.1545764473,16
-1324147.7438365952,1801823.1545764473,16
-1323684.4311200676,1801823.1545764473,10
-1306541.86060855,1801823.1545764473,10
-1306078.5478920226,1801823.1545764473,10
-1305615.235175495,1801823.1545764473,10
-1305151.9224589677,1801823.1545764473,10
-1304688.60974244,1801823.1545764473,10
-1304225.2970259127,1801823.1545764473,10
-1303761.984309385,1801823.1545764473,10
-1303298.6715928577,1801823.1545764473,10
-1302835.35887633,1801823.1545764473,16
-1302372.0461598027,1801823.1545764473,16
-1301908.733443275,1801823.1545764473,16
-1301445.4207267477,1801823.1545764473,16
-1300982.10801022,1801823.1545764473,16
-1300518.7952936925,1801823.1545764473,16
-1300055.4825771651,1801823.1545764473,16
-1299592.1698606375,1801823.1545764473,10
-1299128.8571441101,1801823.1545764473,10
-1298665.5444275825,1801823.1545764473,10
-1298202.2317110552,1801823.1545764473,16
-1297738.9189945275,1801823.1545764473,16
-1297275.6062780002,1801823.1545764473,16
-1296812.2935614726,1801823.1545764473,10
-1296348.9808449452,1801823.1545764473,10
-1295885.6681284176,1801823.1545764473,10
-1295422.3554118902,1801823.1545764473,16
-1294959.0426953626,1801823.1545764473,16
-1294495.7299788352,1801823.1545764473,16
-1294032.4172623076,1801823.1545764473,16
-1293569.10454578,1801823.1545764473,16
-1293105.7918292526,1801823.1545764473,10
-1292642.479112725,1801823.1545764473,10
-1292179.1663961976,1801823.1545764473,10
-1291715.85367967,1801823.1545764473,10
-1291252.5409631426,1801823.1545764473,10
-1290789.228246615,1801823.1545764473,10
-1290325.9155300877,1801823.1545764473,10
-1289862.60281356,1801823.1545764473,10
-1289399.2900970327,1801823.1545764473,10
-1288935.977380505,1801823.1545764473,16
-1288472.6646639777,1801823.1545764473,16
-1288009.35194745,1801823.1545764473,16
-1287546.0392309227,1801823.1545764473,10
-1287082.726514395,1801823.1545764473,10
-1286619.4137978677,1801823.1545764473,10
-1286156.10108134,1801823.1545764473,10
-1285692.7883648127,1801823.1545764473,10
-1285229.4756482851,1801823.1545764473,10
-1284766.1629317575,1801823.1545764473,10
-1284302.8502152301,1801823.1545764473,10
-1283839.5374987025,1801823.1545764473,10
-1283376.2247821752,1801823.1545764473,10
-1282912.9120656475,1801823.1545764473,10
-1282449.5993491202,1801823.1545764473,10
-1281986.2866325926,1801823.1545764473,10
-1281522.9739160652,1801823.1545764473,10
-1281059.6611995376,1801823.1545764473,10
-1280596.3484830102,1801823.1545764473,10
-1280133.0357664826,1801823.1545764473,10
-1279669.7230499552,1801823.1545764473,10
-1279206.4103334276,1801823.1545764473,10
-1278743.0976169002,1801823.1545764473,10
-1278279.7849003726,1801823.1545764473,10
-1277816.472183845,1801823.1545764473,10
-1277353.1594673176,1801823.1545764473,10
-1276889.84675079,1801823.1545764473,10
-1276426.5340342626,1801823.1545764473,10
-1275963.221317735,1801823.1545764473,10
-1275499.9086012077,1801823.1545764473,10
-1275036.59588468,1801823.1545764473,10
-1274573.2831681527,1801823.1545764473,10
-1274109.970451625,1801823.1545764473,10
-1273646.6577350977,1801823.1545764473,10
-1273183.34501857,1801823.1545764473,10
-1272720.0323020427,1801823.1545764473,10
-1272256.719585515,1801823.1545764473,10
-1271793.4068689877,1801823.1545764473,10
-1271330.09415246,1801823.1545764473,10
-1270866.7814359325,1801823.1545764473,10
-1270403.4687194051,1801823.1545764473,10
-1269940.1560028775,1801823.1545764473,10
-1269476.8432863501,1801823.1545764473,10
-1269013.5305698225,1801823.1545764473,10
-1268550.2178532952,1801823.1545764473,10
-1268086.9051367675,1801823.1545764473,10
-1267623.5924202402,1801823.1545764473,10
-1267160.2797037126,1801823.1545764473,10
-1266696.9669871852,1801823.1545764473,10
-1266233.6542706576,1801823.1545764473,10
-1265770.3415541302,1801823.1545764473,10
-1265307.0288376026,1801823.1545764473,10
-1264843.7161210752,1801823.1545764473,10
-1264380.4034045476,1801823.1545764473,10
-1263917.09068802,1801823.1545764473,10
-1263453.7779714926,1801823.1545764473,10
-1262990.465254965,1801823.1545764473,10
-1262527.1525384376,1801823.1545764473,10
-1262063.83982191,1801823.1545764473,10
-1261600.5271053826,1801823.1545764473,10
-1261137.214388855,1801823.1545764473,10
-1260673.9016723277,1801823.1545764473,10
-1260210.5889558,1801823.1545764473,10
-1259747.2762392727,1801823.1545764473,10
-1259283.963522745,1801823.1545764473,10
-1258820.6508062177,1801823.1545764473,10
-1258357.33808969,1801823.1545764473,10
-1257894.0253731627,1801823.1545764473,10
-1257430.712656635,1801823.1545764473,10
-1256967.3999401077,1801823.1545764473,10
-1256504.08722358,1801823.1545764473,10
-1256040.7745070527,1801823.1545764473,10
-1255577.4617905251,1801823.1545764473,10
-1255114.1490739975,1801823.1545764473,10
-1254650.8363574701,1801823.1545764473,10
-1254187.5236409425,1801823.1545764473,10
-1253724.2109244152,1801823.1545764473,10
-1253260.8982078875,1801823.1545764473,10
-1252797.5854913602,1801823.1545764473,10
-1252334.2727748326,1801823.1545764473,10
-1251870.9600583052,1801823.1545764473,10
-1251407.6473417776,1801823.1545764473,10
-1250944.3346252502,1801823.1545764473,10
-1250481.0219087226,1801823.1545764473,10
-1250017.7091921952,1801823.1545764473,10
-1249554.3964756676,1801823.1545764473,10
-1249091.0837591402,1801823.1545764473,10
-1248627.7710426126,1801823.1545764473,10
-1248164.458326085,1801823.1545764473,10
-1247701.1456095576,1801823.1545764473,10
-1247237.83289303,1801823.1545764473,10
-1246774.5201765026,1801823.1545764473,10
-1246311.207459975,1801823.1545764473,10
-1245847.8947434477,1801823.1545764473,10
-1245384.58202692,1801823.1545764473,10
-1244921.2693103927,1801823.1545764473,10
-1244457.956593865,1801823.1545764473,10
-1243994.6438773377,1801823.1545764473,10
-1243531.33116081,1801823.1545764473,10
-1243068.0184442827,1801823.1545764473,10
-1242604.705727755,1801823.1545764473,10
-1242141.3930112277,1801823.1545764473,10
-1241678.0802947,1801823.1545764473,10
-1241214.7675781725,1801823.1545764473,10
-1240751.4548616451,1801823.1545764473,10
-1240288.1421451175,1801823.1545764473,10
-1239824.8294285901,1801823.1545764473,10
-1239361.5167120625,1801823.1545764473,10
-1238898.2039955352,1801823.1545764473,10
-1238434.8912790075,1801823.1545764473,10
-1237971.5785624802,1801823.1545764473,10
-1237508.2658459526,1801823.1545764473,10
-1237044.9531294252,1801823.1545764473,10
-1236581.6404128976,1801823.1545764473,10
-1236118.3276963702,1801823.1545764473,10
-1235655.0149798426,1801823.1545764473,10
-1235191.7022633152,1801823.1545764473,10
-1234728.3895467876,1801823.1545764473,10
-1234265.07683026,1801823.1545764473,10
-1233801.7641137326,1801823.1545764473,10
-1233338.4513972052,1801823.1545764473,10
-1232875.1386806776,1801823.1545764473,10
-1232411.82596415,1801823.1545764473,10
-1231948.5132476226,1801823.1545764473,10
-1231485.200531095,1801823.1545764473,10
-1231021.8878145677,1801823.1545764473,10
-1230558.57509804,1801823.1545764473,10
-1230095.2623815127,1801823.1545764473,10
-1229631.949664985,1801823.1545764473,10
-1229168.6369484577,1801823.1545764473,10
-1228705.32423193,1801823.1545764473,10
-1228242.0115154027,1801823.1545764473,10
-1227778.698798875,1801823.1545764473,10
-1227315.3860823475,1801823.1545764473,10
-1226852.07336582,1801823.1545764473,10
-1226388.7606492927,1801823.1545764473,10
-1225925.4479327651,1801823.1545764473,10
-1225462.1352162375,1801823.1545764473,10
-1224998.8224997101,1801823.1545764473,10
-1224535.5097831825,1801823.1545764473,10
-1224072.1970666551,1801823.1545764473,10
-1223608.8843501275,1801823.1545764473,10
-1223145.5716336002,1801823.1545764473,10
-1222682.2589170726,1801823.1545764473,10
-1222218.9462005452,1801823.1545764473,10
-1221755.6334840176,1801823.1545764473,10
-1221292.3207674902,1801823.1545764473,10
-1220829.0080509626,1801823.1545764473,10
-1220365.6953344352,1801823.1545764473,10
-1219902.3826179076,1801823.1545764473,10
-1219439.0699013802,1801823.1545764473,10
-1218975.7571848526,1801823.1545764473,10
-1218512.444468325,1801823.1545764473,10
-1218049.1317517976,1801823.1545764473,10
-1217585.81903527,1801823.1545764473,10
-1217122.5063187426,1801823.1545764473,10
-1216659.193602215,1801823.1545764473,10
-1216195.8808856877,1801823.1545764473,10
-1215732.56816916,1801823.1545764473,10
-1215269.2554526327,1801823.1545764473,10
-1214805.942736105,1801823.1545764473,10
-1214342.6300195777,1801823.1545764473,10
-1213879.31730305,1801823.1545764473,10
-1213416.0045865227,1801823.1545764473,10
-1212952.691869995,1801823.1545764473,10
-1212489.3791534677,1801823.1545764473,10
-1212026.06643694,1801823.1545764473,10
-1211562.7537204125,1801823.1545764473,10
-1211099.4410038851,1801823.1545764473,10
-1210636.1282873575,1801823.1545764473,10
-1210172.8155708301,1801823.1545764473,10
-1209709.5028543025,1801823.1545764473,10
-1209246.1901377751,1801823.1545764473,10
-1208782.8774212475,1801823.1545764473,10
-1208319.5647047202,1801823.1545764473,10
-1207856.2519881926,1801823.1545764473,10
-1207392.9392716652,1801823.1545764473,10
-1206929.6265551376,1801823.1545764473,10
-1206466.3138386102,1801823.1545764473,10
-1206003.0011220826,1801823.1545764473,10
-1205539.6884055552,1801823.1545764473,10
-1205076.3756890276,1801823.1545764473,10
-1204613.0629725,1801823.1545764473,10
-1204149.7502559726,1801823.1545764473,10
-1203686.4375394452,1801823.1545764473,10
-1203223.1248229176,1801823.1545764473,10
-1202759.81210639,1801823.1545764473,10
-1202296.4993898626,1801823.1545764473,10
-1201833.186673335,1801823.1545764473,10
-1201369.8739568077,1801823.1545764473,10
-1200906.56124028,1801823.1545764473,10
-1200443.2485237527,1801823.1545764473,10
-1199979.935807225,1801823.1545764473,10
-1199516.6230906977,1801823.1545764473,10
-1199053.31037417,1801823.1545764473,10
-1198589.9976576427,1801823.1545764473,10
-1198126.684941115,1801823.1545764473,10
-1197663.3722245875,1801823.1545764473,10
-1197200.05950806,1801823.1545764473,10
-1196736.7467915327,1801823.1545764473,10
-1196273.4340750051,1801823.1545764473,10
-1195810.1213584775,1801823.1545764473,10
-1195346.8086419501,1801823.1545764473,10
-1194883.4959254225,1801823.1545764473,10
-1194420.1832088951,1801823.1545764473,10
-1193956.8704923675,1801823.1545764473,10
-1193493.5577758402,1801823.1545764473,10
-1193030.2450593126,1801823.1545764473,10
-1192566.9323427852,1801823.1545764473,10
-1192103.6196262576,1801823.1545764473,10
-1191640.3069097302,1801823.1545764473,10
-1191176.9941932026,1801823.1545764473,10
-1190713.6814766752,1801823.1545764473,10
-1190250.3687601476,1801823.1545764473,10
-1189787.0560436202,1801823.1545764473,10
-1189323.7433270926,1801823.1545764473,10
-1188860.430610565,1801823.1545764473,10
-1188397.1178940376,1801823.1545764473,10
-1187933.80517751,1801823.1545764473,10
-1187470.4924609826,1801823.1545764473,10
-1187007.179744455,1801823.1545764473,10
-1186543.8670279277,1801823.1545764473,10
-1186080.5543114,1801823.1545764473,10
-1185617.2415948727,1801823.1545764473,10
-1185153.928878345,1801823.1545764473,10
-1184690.6161618177,1801823.1545764473,10
-1184227.30344529,1801823.1545764473,10
-1183763.9907287627,1801823.1545764473,10
-1183300.678012235,1801823.1545764473,10
-1182837.3652957077,1801823.1545764473,10
-1182374.05257918,1801823.1545764473,10
-1181910.7398626525,1801823.1545764473,10
-1181447.4271461251,1801823.1545764473,10
-1180984.1144295975,1801823.1545764473,10
-1180520.8017130701,1801823.1545764473,10
-1180057.4889965425,1801823.1545764473,10
-1179594.1762800151,1801823.1545764473,10
-1179130.8635634875,1801823.1545764473,10
-1178667.5508469602,1801823.1545764473,10
-1178204.2381304326,1801823.1545764473,10
-1177740.9254139052,1801823.1545764473,10
-1177277.6126973776,1801823.1545764473,10
-1176814.2999808502,1801823.1545764473,10
-1176350.9872643226,1801823.1545764473,10
-1175887.6745477952,1801823.1545764473,10
-1175424.3618312676,1801823.1545764473,10
-1174961.04911474,1801823.1545764473,10
-1174497.7363982126,1801823.1545764473,10
-1174034.4236816852,1801823.1545764473,10
-1173571.1109651576,1801823.1545764473,10
-1173107.79824863,1801823.1545764473,10
-1172644.4855321026,1801823.1545764473,10
-1172181.172815575,1801823.1545764473,10
-1171717.8600990477,1801823.1545764473,10
-1171254.54738252,1801823.1545764473,10
-1170791.2346659927,1801823.1545764473,10
-1170327.921949465,1801823.1545764473,10
-1169864.6092329377,1801823.1545764473,10
-1169401.29651641,1801823.1545764473,10
-1168937.9837998827,1801823.1545764473,10
-1168474.671083355,1801823.1545764473,10
-1168011.3583668275,1801823.1545764473,10
-1167548.0456503,1801823.1545764473,10
-1167084.7329337727,1801823.1545764473,10
-1166621.4202172451,1801823.1545764473,10
-1166158.1075007175,1801823.1545764473,10
-1165694.7947841901,1801823.1545764473,10
-1165231.4820676625,1801823.1545764473,10
-1164768.1693511351,1801823.1545764473,10
-1164304.8566346075,1801823.1545764473,10
-1163841.5439180802,1801823.1545764473,10
-1163378.2312015526,1801823.1545764473,10
-1162914.9184850252,1801823.1545764473,10
-1162451.6057684976,1801823.1545764473,10
-1161988.2930519702,1801823.1545764473,10
-1161524.9803354426,1801823.1545764473,10
-1161061.6676189152,1801823.1545764473,10
-1160598.3549023876,1801823.1545764473,10
-1160135.0421858602,1801823.1545764473,10
-1159671.7294693326,1801823.1545764473,10
-1159208.416752805,1801823.1545764473,10
-1158745.1040362776,1801823.1545764473,10
-1158281.79131975,1801823.1545764473,10
-1157818.4786032226,1801823.1545764473,10
-1157355.165886695,1801823.1545764473,10
-1156891.8531701677,1801823.1545764473,10
-1156428.54045364,1801823.1545764473,10
-1155965.2277371127,1801823.1545764473,10
-1155501.915020585,1801823.1545764473,10
-1155038.6023040577,1801823.1545764473,10
-1154575.28958753,1801823.1545764473,10
-1154111.9768710027,1801823.1545764473,10
-1153648.664154475,1801823.1545764473,10
-1153185.3514379477,1801823.1545764473,10
-1152722.03872142,1801823.1545764473,10
-1152258.7260048925,1801823.1545764473,10
-1151795.4132883651,1801823.1545764473,10
-1151332.1005718375,1801823.1545764473,10
-1150868.7878553101,1801823.1545764473,10
-1150405.4751387825,1801823.1545764473,10
-1149942.1624222551,1801823.1545764473,10
-1326464.3074192326,1801359.8418599197,10
-1326000.9947027052,1801359.8418599197,10
-1325537.6819861776,1801359.8418599197,16
-1325074.3692696502,1801359.8418599197,16
-1324611.0565531226,1801359.8418599197,16
-1306541.86060855,1801359.8418599197,10
-1306078.5478920226,1801359.8418599197,10
-1305615.235175495,1801359.8418599197,10
-1305151.9224589677,1801359.8418599197,10
-1304688.60974244,1801359.8418599197,10
-1304225.2970259127,1801359.8418599197,10
-1303761.984309385,1801359.8418599197,10
-1303298.6715928577,1801359.8418599197,10
-1302835.35887633,1801359.8418599197,16
-1302372.0461598027,1801359.8418599197,16
-1301908.733443275,1801359.8418599197,16
-1301445.4207267477,1801359.8418599197,16
-1300982.10801022,1801359.8418599197,16
-1300518.7952936925,1801359.8418599197,16
-1300055.4825771651,1801359.8418599197,10
-1299592.1698606375,1801359.8418599197,10
-1299128.8571441101,1801359.8418599197,10
-1298665.5444275825,1801359.8418599197,10
-1298202.2317110552,1801359.8418599197,16
-1297738.9189945275,1801359.8418599197,16
-1297275.6062780002,1801359.8418599197,16
-1296812.2935614726,1801359.8418599197,10
-1296348.9808449452,1801359.8418599197,10
-1295885.6681284176,1801359.8418599197,10
-1295422.3554118902,1801359.8418599197,10
-1294959.0426953626,1801359.8418599197,10
-1294495.7299788352,1801359.8418599197,16
-1294032.4172623076,1801359.8418599197,16
-1293569.10454578,1801359.8418599197,16
-1293105.7918292526,1801359.8418599197,10
-1292642.479112725,1801359.8418599197,10
-1292179.1663961976,1801359.8418599197,10
-1291715.85367967,1801359.8418599197,10
-1291252.5409631426,1801359.8418599197,10
-1290789.228246615,1801359.8418599197,10
-1290325.9155300877,1801359.8418599197,10
-1289862.60281356,1801359.8418599197,16
-1289399.2900970327,1801359.8418599197,10
-1288935.977380505,1801359.8418599197,10
-1288472.6646639777,1801359.8418599197,16
-1288009.35194745,1801359.8418599197,16
-1287546.0392309227,1801359.8418599197,16
-1287082.726514395,1801359.8418599197,10
-1286619.4137978677,1801359.8418599197,10
-1286156.10108134,1801359.8418599197,10
-1285692.7883648127,1801359.8418599197,10
-1285229.4756482851,1801359.8418599197,10
-1284766.1629317575,1801359.8418599197,10
-1284302.8502152301,1801359.8418599197,10
-1283839.5374987025,1801359.8418599197,10
-1283376.2247821752,1801359.8418599197,10
-1282912.9120656475,1801359.8418599197,10
-1282449.5993491202,1801359.8418599197,10
-1281986.2866325926,1801359.8418599197,10
-1281522.9739160652,1801359.8418599197,10
-1281059.6611995376,1801359.8418599197,10
-1280596.3484830102,1801359.8418599197,10
-1280133.0357664826,1801359.8418599197,10
-1279669.7230499552,1801359.8418599197,10
-1279206.4103334276,1801359.8418599197,10
-1278743.0976169002,1801359.8418599197,10
-1278279.7849003726,1801359.8418599197,10
-1277816.472183845,1801359.8418599197,10
-1277353.1594673176,1801359.8418599197,10
-1276889.84675079,1801359.8418599197,10
-1276426.5340342626,1801359.8418599197,10
-1275963.221317735,1801359.8418599197,10
-1275499.9086012077,1801359.8418599197,10
-1275036.59588468,1801359.8418599197,10
-1274573.2831681527,1801359.8418599197,10
-1274109.970451625,1801359.8418599197,10
-1273646.6577350977,1801359.8418599197,10
-1273183.34501857,1801359.8418599197,10
-1272720.0323020427,1801359.8418599197,10
-1272256.719585515,1801359.8418599197,10
-1271793.4068689877,1801359.8418599197,10
-1271330.09415246,1801359.8418599197,10
-1270866.7814359325,1801359.8418599197,10
-1270403.4687194051,1801359.8418599197,10
-1269940.1560028775,1801359.8418599197,10
-1269476.8432863501,1801359.8418599197,10
-1269013.5305698225,1801359.8418599197,10
-1268550.2178532952,1801359.8418599197,10
-1268086.9051367675,1801359.8418599197,10
-1267623.5924202402,1801359.8418599197,10
-1267160.2797037126,1801359.8418599197,10
-1266696.9669871852,1801359.8418599197,10
-1266233.6542706576,1801359.8418599197,10
-1265770.3415541302,1801359.8418599197,10
-1265307.0288376026,1801359.8418599197,10
-1264843.7161210752,1801359.8418599197,10
-1264380.4034045476,1801359.8418599197,10
-1263917.09068802,1801359.8418599197,10
-1263453.7779714926,1801359.8418599197,10
-1262990.465254965,1801359.8418599197,10
-1262527.1525384376,1801359.8418599197,10
-1262063.83982191,1801359.8418599197,10
-1261600.5271053826,1801359.8418599197,10
-1261137.214388855,1801359.8418599197,10
-1260673.9016723277,1801359.8418599197,10
-1260210.5889558,1801359.8418599197,10
-1259747.2762392727,1801359.8418599197,10
-1259283.963522745,1801359.8418599197,10
-1258820.6508062177,1801359.8418599197,10
-1258357.33808969,1801359.8418599197,10
-1257894.0253731627,1801359.8418599197,10
-1257430.712656635,1801359.8418599197,10
-1256967.3999401077,1801359.8418599197,10
-1256504.08722358,1801359.8418599197,10
-1256040.7745070527,1801359.8418599197,10
-1255577.4617905251,1801359.8418599197,10
-1255114.1490739975,1801359.8418599197,10
-1254650.8363574701,1801359.8418599197,10
-1254187.5236409425,1801359.8418599197,10
-1253724.2109244152,1801359.8418599197,10
-1253260.8982078875,1801359.8418599197,10
-1252797.5854913602,1801359.8418599197,10
-1252334.2727748326,1801359.8418599197,10
-1251870.9600583052,1801359.8418599197,10
-1251407.6473417776,1801359.8418599197,10
-1250944.3346252502,1801359.8418599197,10
-1250481.0219087226,1801359.8418599197,10
-1250017.7091921952,1801359.8418599197,10
-1249554.3964756676,1801359.8418599197,10
-1249091.0837591402,1801359.8418599197,10
-1248627.7710426126,1801359.8418599197,10
-1248164.458326085,1801359.8418599197,10
-1247701.1456095576,1801359.8418599197,10
-1247237.83289303,1801359.8418599197,10
-1246774.5201765026,1801359.8418599197,10
-1246311.207459975,1801359.8418599197,10
-1245847.8947434477,1801359.8418599197,10
-1245384.58202692,1801359.8418599197,10
-1244921.2693103927,1801359.8418599197,10
-1244457.956593865,1801359.8418599197,10
-1243994.6438773377,1801359.8418599197,10
-1243531.33116081,1801359.8418599197,10
-1243068.0184442827,1801359.8418599197,10
-1242604.705727755,1801359.8418599197,10
-1242141.3930112277,1801359.8418599197,10
-1241678.0802947,1801359.8418599197,10
-1241214.7675781725,1801359.8418599197,10
-1240751.4548616451,1801359.8418599197,10
-1240288.1421451175,1801359.8418599197,10
-1239824.8294285901,1801359.8418599197,10
-1239361.5167120625,1801359.8418599197,10
-1238898.2039955352,1801359.8418599197,10
-1238434.8912790075,1801359.8418599197,10
-1237971.5785624802,1801359.8418599197,10
-1237508.2658459526,1801359.8418599197,10
-1237044.9531294252,1801359.8418599197,10
-1236581.6404128976,1801359.8418599197,10
-1236118.3276963702,1801359.8418599197,10
-1235655.0149798426,1801359.8418599197,10
-1235191.7022633152,1801359.8418599197,10
-1234728.3895467876,1801359.8418599197,10
-1234265.07683026,1801359.8418599197,10
-1233801.7641137326,1801359.8418599197,10
-1233338.4513972052,1801359.8418599197,10
-1232875.1386806776,1801359.8418599197,10
-1232411.82596415,1801359.8418599197,10
-1231948.5132476226,1801359.8418599197,10
-1231485.200531095,1801359.8418599197,10
-1231021.8878145677,1801359.8418599197,10
-1230558.57509804,1801359.8418599197,10
-1230095.2623815127,1801359.8418599197,10
-1229631.949664985,1801359.8418599197,10
-1229168.6369484577,1801359.8418599197,10
-1228705.32423193,1801359.8418599197,10
-1228242.0115154027,1801359.8418599197,10
-1227778.698798875,1801359.8418599197,10
-1227315.3860823475,1801359.8418599197,10
-1226852.07336582,1801359.8418599197,10
-1226388.7606492927,1801359.8418599197,10
-1225925.4479327651,1801359.8418599197,10
-1225462.1352162375,1801359.8418599197,10
-1224998.8224997101,1801359.8418599197,10
-1224535.5097831825,1801359.8418599197,10
-1224072.1970666551,1801359.8418599197,10
-1223608.8843501275,1801359.8418599197,10
-1223145.5716336002,1801359.8418599197,10
-1222682.2589170726,1801359.8418599197,10
-1222218.9462005452,1801359.8418599197,10
-1221755.6334840176,1801359.8418599197,10
-1221292.3207674902,1801359.8418599197,10
-1220829.0080509626,1801359.8418599197,10
-1220365.6953344352,1801359.8418599197,10
-1219902.3826179076,1801359.8418599197,10
-1219439.0699013802,1801359.8418599197,10
-1218975.7571848526,1801359.8418599197,10
-1218512.444468325,1801359.8418599197,10
-1218049.1317517976,1801359.8418599197,10
-1217585.81903527,1801359.8418599197,10
-1217122.5063187426,1801359.8418599197,10
-1216659.193602215,1801359.8418599197,10
-1216195.8808856877,1801359.8418599197,10
-1215732.56816916,1801359.8418599197,10
-1215269.2554526327,1801359.8418599197,10
-1214805.942736105,1801359.8418599197,10
-1214342.6300195777,1801359.8418599197,10
-1213879.31730305,1801359.8418599197,10
-1213416.0045865227,1801359.8418599197,10
-1212952.691869995,1801359.8418599197,10
-1212489.3791534677,1801359.8418599197,10
-1212026.06643694,1801359.8418599197,10
-1211562.7537204125,1801359.8418599197,10
-1211099.4410038851,1801359.8418599197,10
-1210636.1282873575,1801359.8418599197,10
-1210172.8155708301,1801359.8418599197,10
-1209709.5028543025,1801359.8418599197,10
-1209246.1901377751,1801359.8418599197,10
-1208782.8774212475,1801359.8418599197,10
-1208319.5647047202,1801359.8418599197,10
-1207856.2519881926,1801359.8418599197,10
-1207392.9392716652,1801359.8418599197,10
-1206929.6265551376,1801359.8418599197,10
-1206466.3138386102,1801359.8418599197,10
-1206003.0011220826,1801359.8418599197,10
-1205539.6884055552,1801359.8418599197,10
-1205076.3756890276,1801359.8418599197,10
-1204613.0629725,1801359.8418599197,10
-1204149.7502559726,1801359.8418599197,10
-1203686.4375394452,1801359.8418599197,10
-1203223.1248229176,1801359.8418599197,10
-1202759.81210639,1801359.8418599197,10
-1202296.4993898626,1801359.8418599197,10
-1201833.186673335,1801359.8418599197,10
-1201369.8739568077,1801359.8418599197,10
-1200906.56124028,1801359.8418599197,10
-1200443.2485237527,1801359.8418599197,10
-1199979.935807225,1801359.8418599197,10
-1199516.6230906977,1801359.8418599197,10
-1199053.31037417,1801359.8418599197,10
-1198589.9976576427,1801359.8418599197,10
-1198126.684941115,1801359.8418599197,10
-1197663.3722245875,1801359.8418599197,10
-1197200.05950806,1801359.8418599197,10
-1196736.7467915327,1801359.8418599197,10
-1196273.4340750051,1801359.8418599197,10
-1195810.1213584775,1801359.8418599197,10
-1195346.8086419501,1801359.8418599197,10
-1194883.4959254225,1801359.8418599197,10
-1194420.1832088951,1801359.8418599197,10
-1193956.8704923675,1801359.8418599197,10
-1193493.5577758402,1801359.8418599197,10
-1193030.2450593126,1801359.8418599197,10
-1192566.9323427852,1801359.8418599197,10
-1192103.6196262576,1801359.8418599197,10
-1191640.3069097302,1801359.8418599197,10
-1191176.9941932026,1801359.8418599197,10
-1190713.6814766752,1801359.8418599197,10
-1190250.3687601476,1801359.8418599197,10
-1189787.0560436202,1801359.8418599197,10
-1189323.7433270926,1801359.8418599197,10
-1188860.430610565,1801359.8418599197,10
-1188397.1178940376,1801359.8418599197,10
-1187933.80517751,1801359.8418599197,10
-1187470.4924609826,1801359.8418599197,10
-1187007.179744455,1801359.8418599197,10
-1186543.8670279277,1801359.8418599197,10
-1186080.5543114,1801359.8418599197,10
-1185617.2415948727,1801359.8418599197,10
-1185153.928878345,1801359.8418599197,10
-1184690.6161618177,1801359.8418599197,10
-1184227.30344529,1801359.8418599197,10
-1183763.9907287627,1801359.8418599197,10
-1183300.678012235,1801359.8418599197,10
-1182837.3652957077,1801359.8418599197,10
-1182374.05257918,1801359.8418599197,10
-1181910.7398626525,1801359.8418599197,10
-1181447.4271461251,1801359.8418599197,10
-1180984.1144295975,1801359.8418599197,10
-1180520.8017130701,1801359.8418599197,10
-1180057.4889965425,1801359.8418599197,10
-1179594.1762800151,1801359.8418599197,10
-1179130.8635634875,1801359.8418599197,10
-1178667.5508469602,1801359.8418599197,10
-1178204.2381304326,1801359.8418599197,10
-1177740.9254139052,1801359.8418599197,10
-1177277.6126973776,1801359.8418599197,10
-1176814.2999808502,1801359.8418599197,10
-1176350.9872643226,1801359.8418599197,10
-1175887.6745477952,1801359.8418599197,10
-1175424.3618312676,1801359.8418599197,10
-1174961.04911474,1801359.8418599197,10
-1174497.7363982126,1801359.8418599197,10
-1174034.4236816852,1801359.8418599197,10
-1173571.1109651576,1801359.8418599197,10
-1173107.79824863,1801359.8418599197,10
-1172644.4855321026,1801359.8418599197,10
-1172181.172815575,1801359.8418599197,10
-1171717.8600990477,1801359.8418599197,10
-1171254.54738252,1801359.8418599197,10
-1170791.2346659927,1801359.8418599197,10
-1170327.921949465,1801359.8418599197,10
-1169864.6092329377,1801359.8418599197,10
-1169401.29651641,1801359.8418599197,10
-1168937.9837998827,1801359.8418599197,10
-1168474.671083355,1801359.8418599197,10
-1168011.3583668275,1801359.8418599197,10
-1167548.0456503,1801359.8418599197,10
-1167084.7329337727,1801359.8418599197,10
-1166621.4202172451,1801359.8418599197,10
-1166158.1075007175,1801359.8418599197,10
-1165694.7947841901,1801359.8418599197,10
-1165231.4820676625,1801359.8418599197,10
-1164768.1693511351,1801359.8418599197,10
-1164304.8566346075,1801359.8418599197,10
-1163841.5439180802,1801359.8418599197,10
-1163378.2312015526,1801359.8418599197,10
-1162914.9184850252,1801359.8418599197,10
-1162451.6057684976,1801359.8418599197,10
-1161988.2930519702,1801359.8418599197,10
-1161524.9803354426,1801359.8418599197,10
-1161061.6676189152,1801359.8418599197,10
-1160598.3549023876,1801359.8418599197,10
-1160135.0421858602,1801359.8418599197,10
-1159671.7294693326,1801359.8418599197,10
-1159208.416752805,1801359.8418599197,10
-1158745.1040362776,1801359.8418599197,10
-1158281.79131975,1801359.8418599197,10
-1157818.4786032226,1801359.8418599197,10
-1157355.165886695,1801359.8418599197,10
-1156891.8531701677,1801359.8418599197,10
-1156428.54045364,1801359.8418599197,10
-1155965.2277371127,1801359.8418599197,10
-1155501.915020585,1801359.8418599197,10
-1155038.6023040577,1801359.8418599197,10
-1154575.28958753,1801359.8418599197,10
-1154111.9768710027,1801359.8418599197,10
-1153648.664154475,1801359.8418599197,10
-1153185.3514379477,1801359.8418599197,10
-1152722.03872142,1801359.8418599197,10
-1152258.7260048925,1801359.8418599197,10
-1151795.4132883651,1801359.8418599197,10
-1151332.1005718375,1801359.8418599197,10
-1150868.7878553101,1801359.8418599197,10
-1150405.4751387825,1801359.8418599197,10
-1149942.1624222551,1801359.8418599197,10
-1149478.8497057275,1801359.8418599197,10
-1306541.86060855,1800896.529143392,10
-1306078.5478920226,1800896.529143392,10
-1305615.235175495,1800896.529143392,10
-1305151.9224589677,1800896.529143392,10
-1304688.60974244,1800896.529143392,10
-1304225.2970259127,1800896.529143392,10
-1303761.984309385,1800896.529143392,10
-1303298.6715928577,1800896.529143392,10
-1302835.35887633,1800896.529143392,10
-1302372.0461598027,1800896.529143392,10
-1301908.733443275,1800896.529143392,10
-1301445.4207267477,1800896.529143392,10
-1300982.10801022,1800896.529143392,10
-1300518.7952936925,1800896.529143392,10
-1300055.4825771651,1800896.529143392,10
-1299592.1698606375,1800896.529143392,10
-1299128.8571441101,1800896.529143392,10
-1298665.5444275825,1800896.529143392,10
-1298202.2317110552,1800896.529143392,16
-1297738.9189945275,1800896.529143392,16
-1297275.6062780002,1800896.529143392,16
-1296812.2935614726,1800896.529143392,10
-1296348.9808449452,1800896.529143392,10
-1295885.6681284176,1800896.529143392,10
-1295422.3554118902,1800896.529143392,10
-1294959.0426953626,1800896.529143392,10
-1294495.7299788352,1800896.529143392,10
-1294032.4172623076,1800896.529143392,10
-1293569.10454578,1800896.529143392,10
-1293105.7918292526,1800896.529143392,10
-1292642.479112725,1800896.529143392,10
-1292179.1663961976,1800896.529143392,10
-1291715.85367967,1800896.529143392,10
-1291252.5409631426,1800896.529143392,10
-1290789.228246615,1800896.529143392,10
-1290325.9155300877,1800896.529143392,10
-1289862.60281356,1800896.529143392,10
-1289399.2900970327,1800896.529143392,10
-1288935.977380505,1800896.529143392,16
-1288472.6646639777,1800896.529143392,16
-1288009.35194745,1800896.529143392,16
-1287546.0392309227,1800896.529143392,16
-1287082.726514395,1800896.529143392,10
-1286619.4137978677,1800896.529143392,10
-1286156.10108134,1800896.529143392,10
-1285692.7883648127,1800896.529143392,10
-1285229.4756482851,1800896.529143392,10
-1284766.1629317575,1800896.529143392,10
-1284302.8502152301,1800896.529143392,10
-1283839.5374987025,1800896.529143392,10
-1283376.2247821752,1800896.529143392,10
-1282912.9120656475,1800896.529143392,10
-1282449.5993491202,1800896.529143392,10
-1281986.2866325926,1800896.529143392,10
-1281522.9739160652,1800896.529143392,10
-1281059.6611995376,1800896.529143392,10
-1280596.3484830102,1800896.529143392,10
-1280133.0357664826,1800896.529143392,10
-1279669.7230499552,1800896.529143392,10
-1279206.4103334276,1800896.529143392,10
-1278743.0976169002,1800896.529143392,10
-1278279.7849003726,1800896.529143392,10
-1277816.472183845,1800896.529143392,10
-1277353.1594673176,1800896.529143392,10
-1276889.84675079,1800896.529143392,10
-1276426.5340342626,1800896.529143392,10
-1275963.221317735,1800896.529143392,10
-1275499.9086012077,1800896.529143392,10
-1275036.59588468,1800896.529143392,10
-1274573.2831681527,1800896.529143392,10
-1274109.970451625,1800896.529143392,10
-1273646.6577350977,1800896.529143392,10
-1273183.34501857,1800896.529143392,10
-1272720.0323020427,1800896.529143392,10
-1272256.719585515,1800896.529143392,10
-1271793.4068689877,1800896.529143392,10
-1271330.09415246,1800896.529143392,10
-1270866.7814359325,1800896.529143392,10
-1270403.4687194051,1800896.529143392,10
-1269940.1560028775,1800896.529143392,10
-1269476.8432863501,1800896.529143392,10
-1269013.5305698225,1800896.529143392,10
-1268550.2178532952,1800896.529143392,10
-1268086.9051367675,1800896.529143392,10
-1267623.5924202402,1800896.529143392,10
-1267160.2797037126,1800896.529143392,10
-1266696.9669871852,1800896.529143392,10
-1266233.6542706576,1800896.529143392,10
-1265770.3415541302,1800896.529143392,10
-1265307.0288376026,1800896.529143392,10
-1264843.7161210752,1800896.529143392,10
-1264380.4034045476,1800896.529143392,10
-1263917.09068802,1800896.529143392,10
-1263453.7779714926,1800896.529143392,10
-1262990.465254965,1800896.529143392,10
-1262527.1525384376,1800896.529143392,10
-1262063.83982191,1800896.529143392,10
-1261600.5271053826,1800896.529143392,10
-1261137.214388855,1800896.529143392,10
-1260673.9016723277,1800896.529143392,10
-1260210.5889558,1800896.529143392,10
-1259747.2762392727,1800896.529143392,10
-1259283.963522745,1800896.529143392,10
-1258820.6508062177,1800896.529143392,10
-1258357.33808969,1800896.529143392,10
-1257894.0253731627,1800896.529143392,10
-1257430.712656635,1800896.529143392,10
-1256967.3999401077,1800896.529143392,10
-1256504.08722358,1800896.529143392,10
-1256040.7745070527,1800896.529143392,10
-1255577.4617905251,1800896.529143392,10
-1255114.1490739975,1800896.529143392,10
-1254650.8363574701,1800896.529143392,10
-1254187.5236409425,1800896.529143392,10
-1253724.2109244152,1800896.529143392,10
-1253260.8982078875,1800896.529143392,10
-1252797.5854913602,1800896.529143392,10
-1252334.2727748326,1800896.529143392,10
-1251870.9600583052,1800896.529143392,10
-1251407.6473417776,1800896.529143392,10
-1250944.3346252502,1800896.529143392,10
-1250481.0219087226,1800896.529143392,10
-1250017.7091921952,1800896.529143392,10
-1249554.3964756676,1800896.529143392,10
-1249091.0837591402,1800896.529143392,10
-1248627.7710426126,1800896.529143392,10
-1248164.458326085,1800896.529143392,10
-1247701.1456095576,1800896.529143392,10
-1247237.83289303,1800896.529143392,10
-1246774.5201765026,1800896.529143392,10
-1246311.207459975,1800896.529143392,10
-1245847.8947434477,1800896.529143392,10
-1245384.58202692,1800896.529143392,10
-1244921.2693103927,1800896.529143392,10
-1244457.956593865,1800896.529143392,10
-1243994.6438773377,1800896.529143392,10
-1243531.33116081,1800896.529143392,10
-1243068.0184442827,1800896.529143392,10
-1242604.705727755,1800896.529143392,10
-1242141.3930112277,1800896.529143392,10
-1241678.0802947,1800896.529143392,10
-1241214.7675781725,1800896.529143392,10
-1240751.4548616451,1800896.529143392,10
-1240288.1421451175,1800896.529143392,10
-1239824.8294285901,1800896.529143392,10
-1239361.5167120625,1800896.529143392,10
-1238898.2039955352,1800896.529143392,10
-1238434.8912790075,1800896.529143392,10
-1237971.5785624802,1800896.529143392,10
-1237508.2658459526,1800896.529143392,10
-1237044.9531294252,1800896.529143392,10
-1236581.6404128976,1800896.529143392,10
-1236118.3276963702,1800896.529143392,10
-1235655.0149798426,1800896.529143392,10
-1235191.7022633152,1800896.529143392,10
-1234728.3895467876,1800896.529143392,10
-1234265.07683026,1800896.529143392,10
-1233801.7641137326,1800896.529143392,10
-1233338.4513972052,1800896.529143392,10
-1232875.1386806776,1800896.529143392,10
-1232411.82596415,1800896.529143392,10
-1231948.5132476226,1800896.529143392,10
-1231485.200531095,1800896.529143392,10
-1231021.8878145677,1800896.529143392,10
-1230558.57509804,1800896.529143392,10
-1230095.2623815127,1800896.529143392,10
-1229631.949664985,1800896.529143392,10
-1229168.6369484577,1800896.529143392,10
-1228705.32423193,1800896.529143392,10
-1228242.0115154027,1800896.529143392,10
-1227778.698798875,1800896.529143392,10
-1227315.3860823475,1800896.529143392,10
-1226852.07336582,1800896.529143392,10
-1226388.7606492927,1800896.529143392,10
-1225925.4479327651,1800896.529143392,10
-1225462.1352162375,1800896.529143392,10
-1224998.8224997101,1800896.529143392,10
-1224535.5097831825,1800896.529143392,10
-1224072.1970666551,1800896.529143392,10
-1223608.8843501275,1800896.529143392,10
-1223145.5716336002,1800896.529143392,10
-1222682.2589170726,1800896.529143392,10
-1222218.9462005452,1800896.529143392,10
-1221755.6334840176,1800896.529143392,10
-1221292.3207674902,1800896.529143392,10
-1220829.0080509626,1800896.529143392,10
-1220365.6953344352,1800896.529143392,10
-1219902.3826179076,1800896.529143392,10
-1219439.0699013802,1800896.529143392,10
-1218975.7571848526,1800896.529143392,10
-1218512.444468325,1800896.529143392,10
-1218049.1317517976,1800896.529143392,10
-1217585.81903527,1800896.529143392,10
-1217122.5063187426,1800896.529143392,10
-1216659.193602215,1800896.529143392,10
-1216195.8808856877,1800896.529143392,10
-1215732.56816916,1800896.529143392,10
-1215269.2554526327,1800896.529143392,10
-1214805.942736105,1800896.529143392,10
-1214342.6300195777,1800896.529143392,10
-1213879.31730305,1800896.529143392,10
-1213416.0045865227,1800896.529143392,10
-1212952.691869995,1800896.529143392,10
-1212489.3791534677,1800896.529143392,10
-1212026.06643694,1800896.529143392,10
-1211562.7537204125,1800896.529143392,10
-1211099.4410038851,1800896.529143392,10
-1210636.1282873575,1800896.529143392,10
-1210172.8155708301,1800896.529143392,10
-1209709.5028543025,1800896.529143392,10
-1209246.1901377751,1800896.529143392,10
-1208782.8774212475,1800896.529143392,10
-1208319.5647047202,1800896.529143392,10
-1207856.2519881926,1800896.529143392,10
-1207392.9392716652,1800896.529143392,10
-1206929.6265551376,1800896.529143392,10
-1206466.3138386102,1800896.529143392,10
-1206003.0011220826,1800896.529143392,10
-1205539.6884055552,1800896.529143392,10
-1205076.3756890276,1800896.529143392,10
-1204613.0629725,1800896.529143392,10
-1204149.7502559726,1800896.529143392,10
-1203686.4375394452,1800896.529143392,10
-1203223.1248229176,1800896.529143392,10
-1202759.81210639,1800896.529143392,10
-1202296.4993898626,1800896.529143392,10
-1201833.186673335,1800896.529143392,10
-1201369.8739568077,1800896.529143392,10
-1200906.56124028,1800896.529143392,10
-1200443.2485237527,1800896.529143392,10
-1199979.935807225,1800896.529143392,10
-1199516.6230906977,1800896.529143392,10
-1199053.31037417,1800896.529143392,10
-1198589.9976576427,1800896.529143392,10
-1198126.684941115,1800896.529143392,10
-1197663.3722245875,1800896.529143392,10
-1197200.05950806,1800896.529143392,10
-1196736.7467915327,1800896.529143392,10
-1196273.4340750051,1800896.529143392,10
-1195810.1213584775,1800896.529143392,10
-1195346.8086419501,1800896.529143392,10
-1194883.4959254225,1800896.529143392,10
-1194420.1832088951,1800896.529143392,10
-1193956.8704923675,1800896.529143392,10
-1193493.5577758402,1800896.529143392,10
-1193030.2450593126,1800896.529143392,10
-1192566.9323427852,1800896.529143392,10
-1192103.6196262576,1800896.529143392,10
-1191640.3069097302,1800896.529143392,10
-1191176.9941932026,1800896.529143392,10
-1190713.6814766752,1800896.529143392,10
-1190250.3687601476,1800896.529143392,10
-1189787.0560436202,1800896.529143392,10
-1189323.7433270926,1800896.529143392,10
-1188860.430610565,1800896.529143392,10
-1188397.1178940376,1800896.529143392,10
-1187933.80517751,1800896.529143392,10
-1187470.4924609826,1800896.529143392,10
-1187007.179744455,1800896.529143392,10
-1186543.8670279277,1800896.529143392,10
-1186080.5543114,1800896.529143392,10
-1185617.2415948727,1800896.529143392,10
-1185153.928878345,1800896.529143392,10
-1184690.6161618177,1800896.529143392,10
-1184227.30344529,1800896.529143392,10
-1183763.9907287627,1800896.529143392,10
-1183300.678012235,1800896.529143392,10
-1182837.3652957077,1800896.529143392,10
-1182374.05257918,1800896.529143392,10
-1181910.7398626525,1800896.529143392,10
-1181447.4271461251,1800896.529143392,10
-1180984.1144295975,1800896.529143392,10
-1180520.8017130701,1800896.529143392,10
-1180057.4889965425,1800896.529143392,10
-1179594.1762800151,1800896.529143392,10
-1179130.8635634875,1800896.529143392,10
-1178667.5508469602,1800896.529143392,10
-1178204.2381304326,1800896.529143392,10
-1177740.9254139052,1800896.529143392,10
-1177277.6126973776,1800896.529143392,10
-1176814.2999808502,1800896.529143392,10
-1176350.9872643226,1800896.529143392,10
-1175887.6745477952,1800896.529143392,10
-1175424.3618312676,1800896.529143392,10
-1174961.04911474,1800896.529143392,10
-1174497.7363982126,1800896.529143392,10
-1174034.4236816852,1800896.529143392,10
-1173571.1109651576,1800896.529143392,10
-1173107.79824863,1800896.529143392,10
-1172644.4855321026,1800896.529143392,10
-1172181.172815575,1800896.529143392,10
-1171717.8600990477,1800896.529143392,10
-1171254.54738252,1800896.529143392,10
-1170791.2346659927,1800896.529143392,10
-1170327.921949465,1800896.529143392,10
-1169864.6092329377,1800896.529143392,10
-1169401.29651641,1800896.529143392,10
-1168937.9837998827,1800896.529143392,10
-1168474.671083355,1800896.529143392,10
-1168011.3583668275,1800896.529143392,10
-1167548.0456503,1800896.529143392,10
-1167084.7329337727,1800896.529143392,10
-1166621.4202172451,1800896.529143392,10
-1166158.1075007175,1800896.529143392,10
-1165694.7947841901,1800896.529143392,10
-1165231.4820676625,1800896.529143392,10
-1164768.1693511351,1800896.529143392,10
-1164304.8566346075,1800896.529143392,10
-1163841.5439180802,1800896.529143392,10
-1163378.2312015526,1800896.529143392,10
-1162914.9184850252,1800896.529143392,10
-1162451.6057684976,1800896.529143392,10
-1161988.2930519702,1800896.529143392,10
-1161524.9803354426,1800896.529143392,10
-1161061.6676189152,1800896.529143392,10
-1160598.3549023876,1800896.529143392,10
-1160135.0421858602,1800896.529143392,10
-1159671.7294693326,1800896.529143392,10
-1159208.416752805,1800896.529143392,10
-1158745.1040362776,1800896.529143392,10
-1158281.79131975,1800896.529143392,10
-1157818.4786032226,1800896.529143392,10
-1157355.165886695,1800896.529143392,10
-1156891.8531701677,1800896.529143392,10
-1156428.54045364,1800896.529143392,10
-1155965.2277371127,1800896.529143392,10
-1155501.915020585,1800896.529143392,10
-1155038.6023040577,1800896.529143392,10
-1154575.28958753,1800896.529143392,10
-1154111.9768710027,1800896.529143392,10
-1153648.664154475,1800896.529143392,10
-1153185.3514379477,1800896.529143392,10
-1152722.03872142,1800896.529143392,10
-1152258.7260048925,1800896.529143392,10
-1151795.4132883651,1800896.529143392,10
-1151332.1005718375,1800896.529143392,10
-1150868.7878553101,1800896.529143392,10
-1150405.4751387825,1800896.529143392,10
-1149942.1624222551,1800896.529143392,10
-1149478.8497057275,1800896.529143392,10
-1149015.5369892002,1800896.529143392,10
-1306541.86060855,1800433.2164268647,10
-1306078.5478920226,1800433.2164268647,10
-1305615.235175495,1800433.2164268647,10
-1305151.9224589677,1800433.2164268647,10
-1304688.60974244,1800433.2164268647,10
-1304225.2970259127,1800433.2164268647,10
-1303761.984309385,1800433.2164268647,10
-1303298.6715928577,1800433.2164268647,10
-1302835.35887633,1800433.2164268647,10
-1302372.0461598027,1800433.2164268647,10
-1301908.733443275,1800433.2164268647,10
-1301445.4207267477,1800433.2164268647,10
-1300982.10801022,1800433.2164268647,10
-1300518.7952936925,1800433.2164268647,10
-1300055.4825771651,1800433.2164268647,10
-1299592.1698606375,1800433.2164268647,10
-1299128.8571441101,1800433.2164268647,16
-1298665.5444275825,1800433.2164268647,16
-1298202.2317110552,1800433.2164268647,10
-1297738.9189945275,1800433.2164268647,10
-1297275.6062780002,1800433.2164268647,16
-1296812.2935614726,1800433.2164268647,16
-1296348.9808449452,1800433.2164268647,10
-1295885.6681284176,1800433.2164268647,16
-1295422.3554118902,1800433.2164268647,10
-1294959.0426953626,1800433.2164268647,10
-1294495.7299788352,1800433.2164268647,10
-1294032.4172623076,1800433.2164268647,10
-1293569.10454578,1800433.2164268647,10
-1293105.7918292526,1800433.2164268647,10
-1292642.479112725,1800433.2164268647,10
-1292179.1663961976,1800433.2164268647,10
-1291715.85367967,1800433.2164268647,10
-1291252.5409631426,1800433.2164268647,10
-1290789.228246615,1800433.2164268647,10
-1290325.9155300877,1800433.2164268647,10
-1289862.60281356,1800433.2164268647,10
-1289399.2900970327,1800433.2164268647,10
-1288935.977380505,1800433.2164268647,16
-1288472.6646639777,1800433.2164268647,16
-1288009.35194745,1800433.2164268647,10
-1287546.0392309227,1800433.2164268647,10
-1287082.726514395,1800433.2164268647,10
-1286619.4137978677,1800433.2164268647,10
-1286156.10108134,1800433.2164268647,10
-1285692.7883648127,1800433.2164268647,10
-1285229.4756482851,1800433.2164268647,10
-1284766.1629317575,1800433.2164268647,10
-1284302.8502152301,1800433.2164268647,10
-1283839.5374987025,1800433.2164268647,10
-1283376.2247821752,1800433.2164268647,10
-1282912.9120656475,1800433.2164268647,10
-1282449.5993491202,1800433.2164268647,10
-1281986.2866325926,1800433.2164268647,10
-1281522.9739160652,1800433.2164268647,10
-1281059.6611995376,1800433.2164268647,10
-1280596.3484830102,1800433.2164268647,10
-1280133.0357664826,1800433.2164268647,10
-1279669.7230499552,1800433.2164268647,10
-1279206.4103334276,1800433.2164268647,10
-1278743.0976169002,1800433.2164268647,10
-1278279.7849003726,1800433.2164268647,10
-1277816.472183845,1800433.2164268647,10
-1277353.1594673176,1800433.2164268647,10
-1276889.84675079,1800433.2164268647,10
-1276426.5340342626,1800433.2164268647,10
-1275963.221317735,1800433.2164268647,10
-1275499.9086012077,1800433.2164268647,10
-1275036.59588468,1800433.2164268647,10
-1274573.2831681527,1800433.2164268647,10
-1274109.970451625,1800433.2164268647,10
-1273646.6577350977,1800433.2164268647,10
-1273183.34501857,1800433.2164268647,10
-1272720.0323020427,1800433.2164268647,10
-1272256.719585515,1800433.2164268647,10
-1271793.4068689877,1800433.2164268647,10
-1271330.09415246,1800433.2164268647,10
-1270866.7814359325,1800433.2164268647,10
-1270403.4687194051,1800433.2164268647,10
-1269940.1560028775,1800433.2164268647,10
-1269476.8432863501,1800433.2164268647,10
-1269013.5305698225,1800433.2164268647,10
-1268550.2178532952,1800433.2164268647,10
-1268086.9051367675,1800433.2164268647,10
-1267623.5924202402,1800433.2164268647,10
-1267160.2797037126,1800433.2164268647,10
-1266696.9669871852,1800433.2164268647,10
-1266233.6542706576,1800433.2164268647,10
-1265770.3415541302,1800433.2164268647,10
-1265307.0288376026,1800433.2164268647,10
-1264843.7161210752,1800433.2164268647,10
-1264380.4034045476,1800433.2164268647,10
-1263917.09068802,1800433.2164268647,10
-1263453.7779714926,1800433.2164268647,10
-1262990.465254965,1800433.2164268647,10
-1262527.1525384376,1800433.2164268647,10
-1262063.83982191,1800433.2164268647,10
-1261600.5271053826,1800433.2164268647,10
-1261137.214388855,1800433.2164268647,10
-1260673.9016723277,1800433.2164268647,10
-1260210.5889558,1800433.2164268647,10
-1259747.2762392727,1800433.2164268647,10
-1259283.963522745,1800433.2164268647,10
-1258820.6508062177,1800433.2164268647,10
-1258357.33808969,1800433.2164268647,10
-1257894.0253731627,1800433.2164268647,10
-1257430.712656635,1800433.2164268647,10
-1256967.3999401077,1800433.2164268647,10
-1256504.08722358,1800433.2164268647,10
-1256040.7745070527,1800433.2164268647,10
-1255577.4617905251,1800433.2164268647,10
-1255114.1490739975,1800433.2164268647,10
-1254650.8363574701,1800433.2164268647,10
-1254187.5236409425,1800433.2164268647,10
-1253724.2109244152,1800433.2164268647,10
-1253260.8982078875,1800433.2164268647,10
-1252797.5854913602,1800433.2164268647,10
-1252334.2727748326,1800433.2164268647,10
-1251870.9600583052,1800433.2164268647,10
-1251407.6473417776,1800433.2164268647,10
-1250944.3346252502,1800433.2164268647,10
-1250481.0219087226,1800433.2164268647,10
-1250017.7091921952,1800433.2164268647,10
-1249554.3964756676,1800433.2164268647,10
-1249091.0837591402,1800433.2164268647,10
-1248627.7710426126,1800433.2164268647,10
-1248164.458326085,1800433.2164268647,10
-1247701.1456095576,1800433.2164268647,10
-1247237.83289303,1800433.2164268647,10
-1246774.5201765026,1800433.2164268647,10
-1246311.207459975,1800433.2164268647,10
-1245847.8947434477,1800433.2164268647,10
-1245384.58202692,1800433.2164268647,10
-1244921.2693103927,1800433.2164268647,10
-1244457.956593865,1800433.2164268647,10
-1243994.6438773377,1800433.2164268647,10
-1243531.33116081,1800433.2164268647,10
-1243068.0184442827,1800433.2164268647,10
-1242604.705727755,1800433.2164268647,10
-1242141.3930112277,1800433.2164268647,10
-1241678.0802947,1800433.2164268647,10
-1241214.7675781725,1800433.2164268647,10
-1240751.4548616451,1800433.2164268647,10
-1240288.1421451175,1800433.2164268647,10
-1239824.8294285901,1800433.2164268647,10
-1239361.5167120625,1800433.2164268647,10
-1238898.2039955352,1800433.2164268647,10
-1238434.8912790075,1800433.2164268647,10
-1237971.5785624802,1800433.2164268647,10
-1237508.2658459526,1800433.2164268647,10
-1237044.9531294252,1800433.2164268647,10
-1236581.6404128976,1800433.2164268647,10
-1236118.3276963702,1800433.2164268647,10
-1235655.0149798426,1800433.2164268647,10
-1235191.7022633152,1800433.2164268647,10
-1234728.3895467876,1800433.2164268647,10
-1234265.07683026,1800433.2164268647,10
-1233801.7641137326,1800433.2164268647,10
-1233338.4513972052,1800433.2164268647,10
-1232875.1386806776,1800433.2164268647,10
-1232411.82596415,1800433.2164268647,10
-1231948.5132476226,1800433.2164268647,10
-1231485.200531095,1800433.2164268647,10
-1231021.8878145677,1800433.2164268647,10
-1230558.57509804,1800433.2164268647,10
-1230095.2623815127,1800433.2164268647,10
-1229631.949664985,1800433.2164268647,10
-1229168.6369484577,1800433.2164268647,10
-1228705.32423193,1800433.2164268647,10
-1228242.0115154027,1800433.2164268647,10
-1227778.698798875,1800433.2164268647,10
-1227315.3860823475,1800433.2164268647,10
-1226852.07336582,1800433.2164268647,10
-1226388.7606492927,1800433.2164268647,10
-1225925.4479327651,1800433.2164268647,10
-1225462.1352162375,1800433.2164268647,10
-1224998.8224997101,1800433.2164268647,10
-1224535.5097831825,1800433.2164268647,10
-1224072.1970666551,1800433.2164268647,10
-1223608.8843501275,1800433.2164268647,10
-1223145.5716336002,1800433.2164268647,10
-1222682.2589170726,1800433.2164268647,10
-1222218.9462005452,1800433.2164268647,10
-1221755.6334840176,1800433.2164268647,10
-1221292.3207674902,1800433.2164268647,10
-1220829.0080509626,1800433.2164268647,10
-1220365.6953344352,1800433.2164268647,10
-1219902.3826179076,1800433.2164268647,10
-1219439.0699013802,1800433.2164268647,10
-1218975.7571848526,1800433.2164268647,10
-1218512.444468325,1800433.2164268647,10
-1218049.1317517976,1800433.2164268647,10
-1217585.81903527,1800433.2164268647,10
-1217122.5063187426,1800433.2164268647,10
-1216659.193602215,1800433.2164268647,10
-1216195.8808856877,1800433.2164268647,10
-1215732.56816916,1800433.2164268647,10
-1215269.2554526327,1800433.2164268647,10
-1214805.942736105,1800433.2164268647,10
-1214342.6300195777,1800433.2164268647,10
-1213879.31730305,1800433.2164268647,10
-1213416.0045865227,1800433.2164268647,10
-1212952.691869995,1800433.2164268647,10
-1212489.3791534677,1800433.2164268647,10
-1212026.06643694,1800433.2164268647,10
-1211562.7537204125,1800433.2164268647,10
-1211099.4410038851,1800433.2164268647,10
-1210636.1282873575,1800433.2164268647,10
-1210172.8155708301,1800433.2164268647,10
-1209709.5028543025,1800433.2164268647,10
-1209246.1901377751,1800433.2164268647,10
-1208782.8774212475,1800433.2164268647,10
-1208319.5647047202,1800433.2164268647,10
-1207856.2519881926,1800433.2164268647,10
-1207392.9392716652,1800433.2164268647,10
-1206929.6265551376,1800433.2164268647,10
-1206466.3138386102,1800433.2164268647,10
-1206003.0011220826,1800433.2164268647,10
-1205539.6884055552,1800433.2164268647,10
-1205076.3756890276,1800433.2164268647,10
-1204613.0629725,1800433.2164268647,10
-1204149.7502559726,1800433.2164268647,10
-1203686.4375394452,1800433.2164268647,10
-1203223.1248229176,1800433.2164268647,10
-1202759.81210639,1800433.2164268647,10
-1202296.4993898626,1800433.2164268647,10
-1201833.186673335,1800433.2164268647,10
-1201369.8739568077,1800433.2164268647,10
-1200906.56124028,1800433.2164268647,10
-1200443.2485237527,1800433.2164268647,10
-1199979.935807225,1800433.2164268647,10
-1199516.6230906977,1800433.2164268647,10
-1199053.31037417,1800433.2164268647,10
-1198589.9976576427,1800433.2164268647,10
-1198126.684941115,1800433.2164268647,10
-1197663.3722245875,1800433.2164268647,10
-1197200.05950806,1800433.2164268647,10
-1196736.7467915327,1800433.2164268647,10
-1196273.4340750051,1800433.2164268647,10
-1195810.1213584775,1800433.2164268647,10
-1195346.8086419501,1800433.2164268647,10
-1194883.4959254225,1800433.2164268647,10
-1194420.1832088951,1800433.2164268647,10
-1193956.8704923675,1800433.2164268647,10
-1193493.5577758402,1800433.2164268647,10
-1193030.2450593126,1800433.2164268647,10
-1192566.9323427852,1800433.2164268647,10
-1192103.6196262576,1800433.2164268647,10
-1191640.3069097302,1800433.2164268647,10
-1191176.9941932026,1800433.2164268647,10
-1190713.6814766752,1800433.2164268647,10
-1190250.3687601476,1800433.2164268647,10
-1189787.0560436202,1800433.2164268647,10
-1189323.7433270926,1800433.2164268647,10
-1188860.430610565,1800433.2164268647,10
-1188397.1178940376,1800433.2164268647,10
-1187933.80517751,1800433.2164268647,10
-1187470.4924609826,1800433.2164268647,10
-1187007.179744455,1800433.2164268647,10
-1186543.8670279277,1800433.2164268647,10
-1186080.5543114,1800433.2164268647,10
-1185617.2415948727,1800433.2164268647,10
-1185153.928878345,1800433.2164268647,10
-1184690.6161618177,1800433.2164268647,10
-1184227.30344529,1800433.2164268647,10
-1183763.9907287627,1800433.2164268647,10
-1183300.678012235,1800433.2164268647,10
-1182837.3652957077,1800433.2164268647,10
-1182374.05257918,1800433.2164268647,10
-1181910.7398626525,1800433.2164268647,10
-1181447.4271461251,1800433.2164268647,10
-1180984.1144295975,1800433.2164268647,10
-1180520.8017130701,1800433.2164268647,10
-1180057.4889965425,1800433.2164268647,10
-1179594.1762800151,1800433.2164268647,10
-1179130.8635634875,1800433.2164268647,10
-1178667.5508469602,1800433.2164268647,10
-1178204.2381304326,1800433.2164268647,10
-1177740.9254139052,1800433.2164268647,10
-1177277.6126973776,1800433.2164268647,10
-1176814.2999808502,1800433.2164268647,10
-1176350.9872643226,1800433.2164268647,10
-1175887.6745477952,1800433.2164268647,10
-1175424.3618312676,1800433.2164268647,10
-1174961.04911474,1800433.2164268647,10
-1174497.7363982126,1800433.2164268647,10
-1174034.4236816852,1800433.2164268647,10
-1173571.1109651576,1800433.2164268647,10
-1173107.79824863,1800433.2164268647,10
-1172644.4855321026,1800433.2164268647,10
-1172181.172815575,1800433.2164268647,10
-1171717.8600990477,1800433.2164268647,10
-1171254.54738252,1800433.2164268647,10
-1170791.2346659927,1800433.2164268647,10
-1170327.921949465,1800433.2164268647,10
-1169864.6092329377,1800433.2164268647,10
-1169401.29651641,1800433.2164268647,10
-1168937.9837998827,1800433.2164268647,10
-1168474.671083355,1800433.2164268647,10
-1168011.3583668275,1800433.2164268647,10
-1167548.0456503,1800433.2164268647,10
-1167084.7329337727,1800433.2164268647,10
-1166621.4202172451,1800433.2164268647,10
-1166158.1075007175,1800433.2164268647,10
-1165694.7947841901,1800433.2164268647,10
-1165231.4820676625,1800433.2164268647,10
-1164768.1693511351,1800433.2164268647,10
-1164304.8566346075,1800433.2164268647,10
-1163841.5439180802,1800433.2164268647,10
-1163378.2312015526,1800433.2164268647,10
-1162914.9184850252,1800433.2164268647,10
-1162451.6057684976,1800433.2164268647,10
-1161988.2930519702,1800433.2164268647,10
-1161524.9803354426,1800433.2164268647,10
-1161061.6676189152,1800433.2164268647,10
-1160598.3549023876,1800433.2164268647,10
-1160135.0421858602,1800433.2164268647,10
-1159671.7294693326,1800433.2164268647,10
-1159208.416752805,1800433.2164268647,10
-1158745.1040362776,1800433.2164268647,10
-1158281.79131975,1800433.2164268647,10
-1157818.4786032226,1800433.2164268647,10
-1157355.165886695,1800433.2164268647,10
-1156891.8531701677,1800433.2164268647,10
-1156428.54045364,1800433.2164268647,10
-1155965.2277371127,1800433.2164268647,10
-1155501.915020585,1800433.2164268647,10
-1155038.6023040577,1800433.2164268647,10
-1154575.28958753,1800433.2164268647,10
-1154111.9768710027,1800433.2164268647,10
-1153648.664154475,1800433.2164268647,10
-1153185.3514379477,1800433.2164268647,10
-1152722.03872142,1800433.2164268647,10
-1152258.7260048925,1800433.2164268647,10
-1151795.4132883651,1800433.2164268647,10
-1151332.1005718375,1800433.2164268647,10
-1150868.7878553101,1800433.2164268647,10
-1150405.4751387825,1800433.2164268647,10
-1149942.1624222551,1800433.2164268647,10
-1149478.8497057275,1800433.2164268647,10
-1149015.5369892002,1800433.2164268647,10
-1306541.86060855,1799969.9037103371,10
-1306078.5478920226,1799969.9037103371,10
-1305615.235175495,1799969.9037103371,10
-1305151.9224589677,1799969.9037103371,10
-1304688.60974244,1799969.9037103371,16
-1304225.2970259127,1799969.9037103371,10
-1303761.984309385,1799969.9037103371,10
-1303298.6715928577,1799969.9037103371,10
-1302835.35887633,1799969.9037103371,16
-1302372.0461598027,1799969.9037103371,10
-1301908.733443275,1799969.9037103371,10
-1301445.4207267477,1799969.9037103371,10
-1300982.10801022,1799969.9037103371,10
-1300518.7952936925,1799969.9037103371,10
-1300055.4825771651,1799969.9037103371,10
-1299592.1698606375,1799969.9037103371,10
-1299128.8571441101,1799969.9037103371,16
-1298665.5444275825,1799969.9037103371,16
-1298202.2317110552,1799969.9037103371,16
-1297738.9189945275,1799969.9037103371,16
-1297275.6062780002,1799969.9037103371,16
-1296812.2935614726,1799969.9037103371,16
-1296348.9808449452,1799969.9037103371,16
-1295885.6681284176,1799969.9037103371,16
-1295422.3554118902,1799969.9037103371,16
-1294959.0426953626,1799969.9037103371,10
-1294495.7299788352,1799969.9037103371,10
-1294032.4172623076,1799969.9037103371,10
-1293569.10454578,1799969.9037103371,10
-1293105.7918292526,1799969.9037103371,10
-1292642.479112725,1799969.9037103371,10
-1292179.1663961976,1799969.9037103371,10
-1291715.85367967,1799969.9037103371,16
-1291252.5409631426,1799969.9037103371,10
-1290789.228246615,1799969.9037103371,10
-1290325.9155300877,1799969.9037103371,10
-1289862.60281356,1799969.9037103371,10
-1289399.2900970327,1799969.9037103371,10
-1288935.977380505,1799969.9037103371,16
-1288472.6646639777,1799969.9037103371,16
-1288009.35194745,1799969.9037103371,10
-1287546.0392309227,1799969.9037103371,10
-1287082.726514395,1799969.9037103371,10
-1286619.4137978677,1799969.9037103371,10
-1286156.10108134,1799969.9037103371,10
-1285692.7883648127,1799969.9037103371,10
-1285229.4756482851,1799969.9037103371,10
-1284766.1629317575,1799969.9037103371,10
-1284302.8502152301,1799969.9037103371,10
-1283839.5374987025,1799969.9037103371,10
-1283376.2247821752,1799969.9037103371,10
-1282912.9120656475,1799969.9037103371,10
-1282449.5993491202,1799969.9037103371,10
-1281986.2866325926,1799969.9037103371,10
-1281522.9739160652,1799969.9037103371,10
-1281059.6611995376,1799969.9037103371,10
-1280596.3484830102,1799969.9037103371,10
-1280133.0357664826,1799969.9037103371,10
-1279669.7230499552,1799969.9037103371,10
-1279206.4103334276,1799969.9037103371,10
-1278743.0976169002,1799969.9037103371,10
-1278279.7849003726,1799969.9037103371,10
-1277816.472183845,1799969.9037103371,10
-1277353.1594673176,1799969.9037103371,10
-1276889.84675079,1799969.9037103371,10
-1276426.5340342626,1799969.9037103371,10
-1275963.221317735,1799969.9037103371,10
-1275499.9086012077,1799969.9037103371,10
-1275036.59588468,1799969.9037103371,10
-1274573.2831681527,1799969.9037103371,10
-1274109.970451625,1799969.9037103371,10
-1273646.6577350977,1799969.9037103371,10
-1273183.34501857,1799969.9037103371,10
-1272720.0323020427,1799969.9037103371,10
-1272256.719585515,1799969.9037103371,10
-1271793.4068689877,1799969.9037103371,10
-1271330.09415246,1799969.9037103371,10
-1270866.7814359325,1799969.9037103371,10
-1270403.4687194051,1799969.9037103371,10
-1269940.1560028775,1799969.9037103371,10
-1269476.8432863501,1799969.9037103371,10
-1269013.5305698225,1799969.9037103371,10
-1268550.2178532952,1799969.9037103371,10
-1268086.9051367675,1799969.9037103371,10
-1267623.5924202402,1799969.9037103371,10
-1267160.2797037126,1799969.9037103371,10
-1266696.9669871852,1799969.9037103371,10
-1266233.6542706576,1799969.9037103371,10
-1265770.3415541302,1799969.9037103371,10
-1265307.0288376026,1799969.9037103371,10
-1264843.7161210752,1799969.9037103371,10
-1264380.4034045476,1799969.9037103371,10
-1263917.09068802,1799969.9037103371,10
-1263453.7779714926,1799969.9037103371,10
-1262990.465254965,1799969.9037103371,10
-1262527.1525384376,1799969.9037103371,10
-1262063.83982191,1799969.9037103371,10
-1261600.5271053826,1799969.9037103371,10
-1261137.214388855,1799969.9037103371,10
-1260673.9016723277,1799969.9037103371,10
-1260210.5889558,1799969.9037103371,10
-1259747.2762392727,1799969.9037103371,10
-1259283.963522745,1799969.9037103371,10
-1258820.6508062177,1799969.9037103371,10
-1258357.33808969,1799969.9037103371,10
-1257894.0253731627,1799969.9037103371,10
-1257430.712656635,1799969.9037103371,10
-1256967.3999401077,1799969.9037103371,10
-1256504.08722358,1799969.9037103371,10
-1256040.7745070527,1799969.9037103371,10
-1255577.4617905251,1799969.9037103371,10
-1255114.1490739975,1799969.9037103371,10
-1254650.8363574701,1799969.9037103371,10
-1254187.5236409425,1799969.9037103371,10
-1253724.2109244152,1799969.9037103371,10
-1253260.8982078875,1799969.9037103371,10
-1252797.5854913602,1799969.9037103371,10
-1252334.2727748326,1799969.9037103371,10
-1251870.9600583052,1799969.9037103371,10
-1251407.6473417776,1799969.9037103371,10
-1250944.3346252502,1799969.9037103371,10
-1250481.0219087226,1799969.9037103371,10
-1250017.7091921952,1799969.9037103371,10
-1249554.3964756676,1799969.9037103371,10
-1249091.0837591402,1799969.9037103371,10
-1248627.7710426126,1799969.9037103371,10
-1248164.458326085,1799969.9037103371,10
-1247701.1456095576,1799969.9037103371,10
-1247237.83289303,1799969.9037103371,10
-1246774.5201765026,1799969.9037103371,10
-1246311.207459975,1799969.9037103371,10
-1245847.8947434477,1799969.9037103371,10
-1245384.58202692,1799969.9037103371,10
-1244921.2693103927,1799969.9037103371,10
-1244457.956593865,1799969.9037103371,10
-1243994.6438773377,1799969.9037103371,10
-1243531.33116081,1799969.9037103371,10
-1243068.0184442827,1799969.9037103371,10
-1242604.705727755,1799969.9037103371,10
-1242141.3930112277,1799969.9037103371,10
-1241678.0802947,1799969.9037103371,10
-1241214.7675781725,1799969.9037103371,10
-1240751.4548616451,1799969.9037103371,10
-1240288.1421451175,1799969.9037103371,10
-1239824.8294285901,1799969.9037103371,10
-1239361.5167120625,1799969.9037103371,10
-1238898.2039955352,1799969.9037103371,10
-1238434.8912790075,1799969.9037103371,10
-1237971.5785624802,1799969.9037103371,10
-1237508.2658459526,1799969.9037103371,10
-1237044.9531294252,1799969.9037103371,10
-1236581.6404128976,1799969.9037103371,10
-1236118.3276963702,1799969.9037103371,10
-1235655.0149798426,1799969.9037103371,10
-1235191.7022633152,1799969.9037103371,10
-1234728.3895467876,1799969.9037103371,10
-1234265.07683026,1799969.9037103371,10
-1233801.7641137326,1799969.9037103371,10
-1233338.4513972052,1799969.9037103371,10
-1232875.1386806776,1799969.9037103371,10
-1232411.82596415,1799969.9037103371,10
-1231948.5132476226,1799969.9037103371,10
-1231485.200531095,1799969.9037103371,10
-1231021.8878145677,1799969.9037103371,10
-1230558.57509804,1799969.9037103371,10
-1230095.2623815127,1799969.9037103371,10
-1229631.949664985,1799969.9037103371,10
-1229168.6369484577,1799969.9037103371,10
-1228705.32423193,1799969.9037103371,10
-1228242.0115154027,1799969.9037103371,10
-1227778.698798875,1799969.9037103371,10
-1227315.3860823475,1799969.9037103371,10
-1226852.07336582,1799969.9037103371,10
-1226388.7606492927,1799969.9037103371,10
-1225925.4479327651,1799969.9037103371,10
-1225462.1352162375,1799969.9037103371,10
-1224998.8224997101,1799969.9037103371,10
-1224535.5097831825,1799969.9037103371,10
-1224072.1970666551,1799969.9037103371,10
-1223608.8843501275,1799969.9037103371,10
-1223145.5716336002,1799969.9037103371,10
-1222682.2589170726,1799969.9037103371,10
-1222218.9462005452,1799969.9037103371,10
-1221755.6334840176,1799969.9037103371,10
-1221292.3207674902,1799969.9037103371,10
-1220829.0080509626,1799969.9037103371,10
-1220365.6953344352,1799969.9037103371,10
-1219902.3826179076,1799969.9037103371,10
-1219439.0699013802,1799969.9037103371,10
-1218975.7571848526,1799969.9037103371,10
-1218512.444468325,1799969.9037103371,10
-1218049.1317517976,1799969.9037103371,10
-1217585.81903527,1799969.9037103371,10
-1217122.5063187426,1799969.9037103371,10
-1216659.193602215,1799969.9037103371,10
-1216195.8808856877,1799969.9037103371,10
-1215732.56816916,1799969.9037103371,10
-1215269.2554526327,1799969.9037103371,10
-1214805.942736105,1799969.9037103371,10
-1214342.6300195777,1799969.9037103371,10
-1213879.31730305,1799969.9037103371,10
-1213416.0045865227,1799969.9037103371,10
-1212952.691869995,1799969.9037103371,10
-1212489.3791534677,1799969.9037103371,10
-1212026.06643694,1799969.9037103371,10
-1211562.7537204125,1799969.9037103371,10
-1211099.4410038851,1799969.9037103371,10
-1210636.1282873575,1799969.9037103371,10
-1210172.8155708301,1799969.9037103371,10
-1209709.5028543025,1799969.9037103371,10
-1209246.1901377751,1799969.9037103371,10
-1208782.8774212475,1799969.9037103371,10
-1208319.5647047202,1799969.9037103371,10
-1207856.2519881926,1799969.9037103371,10
-1207392.9392716652,1799969.9037103371,10
-1206929.6265551376,1799969.9037103371,10
-1206466.3138386102,1799969.9037103371,10
-1206003.0011220826,1799969.9037103371,10
-1205539.6884055552,1799969.9037103371,10
-1205076.3756890276,1799969.9037103371,10
-1204613.0629725,1799969.9037103371,10
-1204149.7502559726,1799969.9037103371,10
-1203686.4375394452,1799969.9037103371,10
-1203223.1248229176,1799969.9037103371,10
-1202759.81210639,1799969.9037103371,10
-1202296.4993898626,1799969.9037103371,10
-1201833.186673335,1799969.9037103371,10
-1201369.8739568077,1799969.9037103371,10
-1200906.56124028,1799969.9037103371,10
-1200443.2485237527,1799969.9037103371,10
-1199979.935807225,1799969.9037103371,10
-1199516.6230906977,1799969.9037103371,10
-1199053.31037417,1799969.9037103371,10
-1198589.9976576427,1799969.9037103371,10
-1198126.684941115,1799969.9037103371,10
-1197663.3722245875,1799969.9037103371,10
-1197200.05950806,1799969.9037103371,10
-1196736.7467915327,1799969.9037103371,10
-1196273.4340750051,1799969.9037103371,10
-1195810.1213584775,1799969.9037103371,10
-1195346.8086419501,1799969.9037103371,10
-1194883.4959254225,1799969.9037103371,10
-1194420.1832088951,1799969.9037103371,10
-1193956.8704923675,1799969.9037103371,10
-1193493.5577758402,1799969.9037103371,10
-1193030.2450593126,1799969.9037103371,10
-1192566.9323427852,1799969.9037103371,10
-1192103.6196262576,1799969.9037103371,10
-1191640.3069097302,1799969.9037103371,10
-1191176.9941932026,1799969.9037103371,10
-1190713.6814766752,1799969.9037103371,10
-1190250.3687601476,1799969.9037103371,10
-1189787.0560436202,1799969.9037103371,10
-1189323.7433270926,1799969.9037103371,10
-1188860.430610565,1799969.9037103371,10
-1188397.1178940376,1799969.9037103371,10
-1187933.80517751,1799969.9037103371,10
-1187470.4924609826,1799969.9037103371,10
-1187007.179744455,1799969.9037103371,10
-1186543.8670279277,1799969.9037103371,10
-1186080.5543114,1799969.9037103371,10
-1185617.2415948727,1799969.9037103371,10
-1185153.928878345,1799969.9037103371,10
-1184690.6161618177,1799969.9037103371,10
-1184227.30344529,1799969.9037103371,10
-1183763.9907287627,1799969.9037103371,10
-1183300.678012235,1799969.9037103371,10
-1182837.3652957077,1799969.9037103371,10
-1182374.05257918,1799969.9037103371,10
-1181910.7398626525,1799969.9037103371,10
-1181447.4271461251,1799969.9037103371,10
-1180984.1144295975,1799969.9037103371,10
-1180520.8017130701,1799969.9037103371,10
-1180057.4889965425,1799969.9037103371,10
-1179594.1762800151,1799969.9037103371,10
-1179130.8635634875,1799969.9037103371,10
-1178667.5508469602,1799969.9037103371,10
-1178204.2381304326,1799969.9037103371,10
-1177740.9254139052,1799969.9037103371,10
-1177277.6126973776,1799969.9037103371,10
-1176814.2999808502,1799969.9037103371,10
-1176350.9872643226,1799969.9037103371,10
-1175887.6745477952,1799969.9037103371,10
-1175424.3618312676,1799969.9037103371,10
-1174961.04911474,1799969.9037103371,10
-1174497.7363982126,1799969.9037103371,10
-1174034.4236816852,1799969.9037103371,10
-1173571.1109651576,1799969.9037103371,10
-1173107.79824863,1799969.9037103371,10
-1172644.4855321026,1799969.9037103371,10
-1172181.172815575,1799969.9037103371,10
-1171717.8600990477,1799969.9037103371,10
-1171254.54738252,1799969.9037103371,10
-1170791.2346659927,1799969.9037103371,10
-1170327.921949465,1799969.9037103371,10
-1169864.6092329377,1799969.9037103371,10
-1169401.29651641,1799969.9037103371,10
-1168937.9837998827,1799969.9037103371,10
-1168474.671083355,1799969.9037103371,10
-1168011.3583668275,1799969.9037103371,10
-1167548.0456503,1799969.9037103371,10
-1167084.7329337727,1799969.9037103371,10
-1166621.4202172451,1799969.9037103371,10
-1166158.1075007175,1799969.9037103371,10
-1165694.7947841901,1799969.9037103371,10
-1165231.4820676625,1799969.9037103371,10
-1164768.1693511351,1799969.9037103371,10
-1164304.8566346075,1799969.9037103371,10
-1163841.5439180802,1799969.9037103371,10
-1163378.2312015526,1799969.9037103371,10
-1162914.9184850252,1799969.9037103371,10
-1162451.6057684976,1799969.9037103371,10
-1161988.2930519702,1799969.9037103371,10
-1161524.9803354426,1799969.9037103371,10
-1161061.6676189152,1799969.9037103371,10
-1160598.3549023876,1799969.9037103371,10
-1160135.0421858602,1799969.9037103371,10
-1159671.7294693326,1799969.9037103371,10
-1159208.416752805,1799969.9037103371,10
-1158745.1040362776,1799969.9037103371,10
-1158281.79131975,1799969.9037103371,10
-1157818.4786032226,1799969.9037103371,10
-1157355.165886695,1799969.9037103371,10
-1156891.8531701677,1799969.9037103371,10
-1156428.54045364,1799969.9037103371,10
-1155965.2277371127,1799969.9037103371,10
-1155501.915020585,1799969.9037103371,10
-1155038.6023040577,1799969.9037103371,10
-1154575.28958753,1799969.9037103371,10
-1154111.9768710027,1799969.9037103371,10
-1153648.664154475,1799969.9037103371,10
-1153185.3514379477,1799969.9037103371,10
-1152722.03872142,1799969.9037103371,10
-1152258.7260048925,1799969.9037103371,10
-1151795.4132883651,1799969.9037103371,10
-1151332.1005718375,1799969.9037103371,10
-1150868.7878553101,1799969.9037103371,10
-1150405.4751387825,1799969.9037103371,10
-1149942.1624222551,1799969.9037103371,10
-1149478.8497057275,1799969.9037103371,10
-1149015.5369892002,1799969.9037103371,10
-1148552.2242726726,1799969.9037103371,10
-1306541.86060855,1799506.5909938097,10
-1306078.5478920226,1799506.5909938097,10
-1305615.235175495,1799506.5909938097,16
-1305151.9224589677,1799506.5909938097,16
-1304688.60974244,1799506.5909938097,16
-1304225.2970259127,1799506.5909938097,10
-1303761.984309385,1799506.5909938097,10
-1303298.6715928577,1799506.5909938097,16
-1302835.35887633,1799506.5909938097,16
-1302372.0461598027,1799506.5909938097,16
-1301908.733443275,1799506.5909938097,10
-1301445.4207267477,1799506.5909938097,16
-1300982.10801022,1799506.5909938097,10
-1300518.7952936925,1799506.5909938097,10
-1300055.4825771651,1799506.5909938097,10
-1299592.1698606375,1799506.5909938097,10
-1299128.8571441101,1799506.5909938097,10
-1298665.5444275825,1799506.5909938097,16
-1298202.2317110552,1799506.5909938097,16
-1297738.9189945275,1799506.5909938097,16
-1297275.6062780002,1799506.5909938097,16
-1296812.2935614726,1799506.5909938097,16
-1296348.9808449452,1799506.5909938097,16
-1295885.6681284176,1799506.5909938097,16
-1295422.3554118902,1799506.5909938097,16
-1294959.0426953626,1799506.5909938097,16
-1294495.7299788352,1799506.5909938097,10
-1294032.4172623076,1799506.5909938097,10
-1293569.10454578,1799506.5909938097,16
-1293105.7918292526,1799506.5909938097,16
-1292642.479112725,1799506.5909938097,10
-1292179.1663961976,1799506.5909938097,10
-1291715.85367967,1799506.5909938097,10
-1291252.5409631426,1799506.5909938097,10
-1290789.228246615,1799506.5909938097,10
-1290325.9155300877,1799506.5909938097,10
-1289862.60281356,1799506.5909938097,10
-1289399.2900970327,1799506.5909938097,10
-1288935.977380505,1799506.5909938097,10
-1288472.6646639777,1799506.5909938097,10
-1288009.35194745,1799506.5909938097,10
-1287546.0392309227,1799506.5909938097,10
-1287082.726514395,1799506.5909938097,10
-1286619.4137978677,1799506.5909938097,10
-1286156.10108134,1799506.5909938097,10
-1285692.7883648127,1799506.5909938097,10
-1285229.4756482851,1799506.5909938097,10
-1284766.1629317575,1799506.5909938097,10
-1284302.8502152301,1799506.5909938097,10
-1283839.5374987025,1799506.5909938097,10
-1283376.2247821752,1799506.5909938097,10
-1282912.9120656475,1799506.5909938097,10
-1282449.5993491202,1799506.5909938097,10
-1281986.2866325926,1799506.5909938097,10
-1281522.9739160652,1799506.5909938097,10
-1281059.6611995376,1799506.5909938097,10
-1280596.3484830102,1799506.5909938097,10
-1280133.0357664826,1799506.5909938097,10
-1279669.7230499552,1799506.5909938097,10
-1279206.4103334276,1799506.5909938097,10
-1278743.0976169002,1799506.5909938097,10
-1278279.7849003726,1799506.5909938097,10
-1277816.472183845,1799506.5909938097,10
-1277353.1594673176,1799506.5909938097,10
-1276889.84675079,1799506.5909938097,10
-1276426.5340342626,1799506.5909938097,10
-1275963.221317735,1799506.5909938097,10
-1275499.9086012077,1799506.5909938097,10
-1275036.59588468,1799506.5909938097,10
-1274573.2831681527,1799506.5909938097,10
-1274109.970451625,1799506.5909938097,10
-1273646.6577350977,1799506.5909938097,10
-1273183.34501857,1799506.5909938097,10
-1272720.0323020427,1799506.5909938097,10
-1272256.719585515,1799506.5909938097,10
-1271793.4068689877,1799506.5909938097,10
-1271330.09415246,1799506.5909938097,10
-1270866.7814359325,1799506.5909938097,10
-1270403.4687194051,1799506.5909938097,10
-1269940.1560028775,1799506.5909938097,10
-1269476.8432863501,1799506.5909938097,10
-1269013.5305698225,1799506.5909938097,10
-1268550.2178532952,1799506.5909938097,10
-1268086.9051367675,1799506.5909938097,10
-1267623.5924202402,1799506.5909938097,10
-1267160.2797037126,1799506.5909938097,10
-1266696.9669871852,1799506.5909938097,10
-1266233.6542706576,1799506.5909938097,10
-1265770.3415541302,1799506.5909938097,10
-1265307.0288376026,1799506.5909938097,10
-1264843.7161210752,1799506.5909938097,10
-1264380.4034045476,1799506.5909938097,10
-1263917.09068802,1799506.5909938097,10
-1263453.7779714926,1799506.5909938097,10
-1262990.465254965,1799506.5909938097,10
-1262527.1525384376,1799506.5909938097,10
-1262063.83982191,1799506.5909938097,10
-1261600.5271053826,1799506.5909938097,10
-1261137.214388855,1799506.5909938097,10
-1260673.9016723277,1799506.5909938097,10
-1260210.5889558,1799506.5909938097,10
-1259747.2762392727,1799506.5909938097,10
-1259283.963522745,1799506.5909938097,10
-1258820.6508062177,1799506.5909938097,10
-1258357.33808969,1799506.5909938097,10
-1257894.0253731627,1799506.5909938097,10
-1257430.712656635,1799506.5909938097,10
-1256967.3999401077,1799506.5909938097,10
-1256504.08722358,1799506.5909938097,10
-1256040.7745070527,1799506.5909938097,10
-1255577.4617905251,1799506.5909938097,10
-1255114.1490739975,1799506.5909938097,10
-1254650.8363574701,1799506.5909938097,10
-1254187.5236409425,1799506.5909938097,10
-1253724.2109244152,1799506.5909938097,10
-1253260.8982078875,1799506.5909938097,10
-1252797.5854913602,1799506.5909938097,10
-1252334.2727748326,1799506.5909938097,10
-1251870.9600583052,1799506.5909938097,10
-1251407.6473417776,1799506.5909938097,10
-1250944.3346252502,1799506.5909938097,10
-1250481.0219087226,1799506.5909938097,10
-1250017.7091921952,1799506.5909938097,10
-1249554.3964756676,1799506.5909938097,10
-1249091.0837591402,1799506.5909938097,10
-1248627.7710426126,1799506.5909938097,10
-1248164.458326085,1799506.5909938097,10
-1247701.1456095576,1799506.5909938097,10
-1247237.83289303,1799506.5909938097,10
-1246774.5201765026,1799506.5909938097,10
-1246311.207459975,1799506.5909938097,10
-1245847.8947434477,1799506.5909938097,10
-1245384.58202692,1799506.5909938097,10
-1244921.2693103927,1799506.5909938097,10
-1244457.956593865,1799506.5909938097,10
-1243994.6438773377,1799506.5909938097,10
-1243531.33116081,1799506.5909938097,10
-1243068.0184442827,1799506.5909938097,10
-1242604.705727755,1799506.5909938097,10
-1242141.3930112277,1799506.5909938097,10
-1241678.0802947,1799506.5909938097,10
-1241214.7675781725,1799506.5909938097,10
-1240751.4548616451,1799506.5909938097,10
-1240288.1421451175,1799506.5909938097,10
-1239824.8294285901,1799506.5909938097,10
-1239361.5167120625,1799506.5909938097,10
-1238898.2039955352,1799506.5909938097,10
-1238434.8912790075,1799506.5909938097,10
-1237971.5785624802,1799506.5909938097,10
-1237508.2658459526,1799506.5909938097,10
-1237044.9531294252,1799506.5909938097,10
-1236581.6404128976,1799506.5909938097,10
-1236118.3276963702,1799506.5909938097,10
-1235655.0149798426,1799506.5909938097,10
-1235191.7022633152,1799506.5909938097,10
-1234728.3895467876,1799506.5909938097,10
-1234265.07683026,1799506.5909938097,10
-1233801.7641137326,1799506.5909938097,10
-1233338.4513972052,1799506.5909938097,10
-1232875.1386806776,1799506.5909938097,10
-1232411.82596415,1799506.5909938097,10
-1231948.5132476226,1799506.5909938097,10
-1231485.200531095,1799506.5909938097,10
-1231021.8878145677,1799506.5909938097,10
-1230558.57509804,1799506.5909938097,10
-1230095.2623815127,1799506.5909938097,10
-1229631.949664985,1799506.5909938097,10
-1229168.6369484577,1799506.5909938097,10
-1228705.32423193,1799506.5909938097,10
-1228242.0115154027,1799506.5909938097,10
-1227778.698798875,1799506.5909938097,10
-1227315.3860823475,1799506.5909938097,10
-1226852.07336582,1799506.5909938097,10
-1226388.7606492927,1799506.5909938097,10
-1225925.4479327651,1799506.5909938097,10
-1225462.1352162375,1799506.5909938097,10
-1224998.8224997101,1799506.5909938097,10
-1224535.5097831825,1799506.5909938097,10
-1224072.1970666551,1799506.5909938097,10
-1223608.8843501275,1799506.5909938097,10
-1223145.5716336002,1799506.5909938097,10
-1222682.2589170726,1799506.5909938097,10
-1222218.9462005452,1799506.5909938097,10
-1221755.6334840176,1799506.5909938097,10
-1221292.3207674902,1799506.5909938097,10
-1220829.0080509626,1799506.5909938097,10
-1220365.6953344352,1799506.5909938097,10
-1219902.3826179076,1799506.5909938097,10
-1219439.0699013802,1799506.5909938097,10
-1218975.7571848526,1799506.5909938097,10
-1218512.444468325,1799506.5909938097,10
-1218049.1317517976,1799506.5909938097,10
-1217585.81903527,1799506.5909938097,10
-1217122.5063187426,1799506.5909938097,10
-1216659.193602215,1799506.5909938097,10
-1216195.8808856877,1799506.5909938097,10
-1215732.56816916,1799506.5909938097,10
-1215269.2554526327,1799506.5909938097,10
-1214805.942736105,1799506.5909938097,10
-1214342.6300195777,1799506.5909938097,10
-1213879.31730305,1799506.5909938097,10
-1213416.0045865227,1799506.5909938097,10
-1212952.691869995,1799506.5909938097,10
-1212489.3791534677,1799506.5909938097,10
-1212026.06643694,1799506.5909938097,10
-1211562.7537204125,1799506.5909938097,10
-1211099.4410038851,1799506.5909938097,10
-1210636.1282873575,1799506.5909938097,10
-1210172.8155708301,1799506.5909938097,10
-1209709.5028543025,1799506.5909938097,10
-1209246.1901377751,1799506.5909938097,10
-1208782.8774212475,1799506.5909938097,10
-1208319.5647047202,1799506.5909938097,10
-1207856.2519881926,1799506.5909938097,10
-1207392.9392716652,1799506.5909938097,10
-1206929.6265551376,1799506.5909938097,10
-1206466.3138386102,1799506.5909938097,10
-1206003.0011220826,1799506.5909938097,10
-1205539.6884055552,1799506.5909938097,10
-1205076.3756890276,1799506.5909938097,10
-1204613.0629725,1799506.5909938097,10
-1204149.7502559726,1799506.5909938097,10
-1203686.4375394452,1799506.5909938097,10
-1203223.1248229176,1799506.5909938097,10
-1202759.81210639,1799506.5909938097,10
-1202296.4993898626,1799506.5909938097,10
-1201833.186673335,1799506.5909938097,10
-1201369.8739568077,1799506.5909938097,10
-1200906.56124028,1799506.5909938097,10
-1200443.2485237527,1799506.5909938097,10
-1199979.935807225,1799506.5909938097,10
-1199516.6230906977,1799506.5909938097,10
-1199053.31037417,1799506.5909938097,10
-1198589.9976576427,1799506.5909938097,10
-1198126.684941115,1799506.5909938097,10
-1197663.3722245875,1799506.5909938097,10
-1197200.05950806,1799506.5909938097,10
-1196736.7467915327,1799506.5909938097,10
-1196273.4340750051,1799506.5909938097,10
-1195810.1213584775,1799506.5909938097,10
-1195346.8086419501,1799506.5909938097,10
-1194883.4959254225,1799506.5909938097,10
-1194420.1832088951,1799506.5909938097,10
-1193956.8704923675,1799506.5909938097,10
-1193493.5577758402,1799506.5909938097,10
-1193030.2450593126,1799506.5909938097,10
-1192566.9323427852,1799506.5909938097,10
-1192103.6196262576,1799506.5909938097,10
-1191640.3069097302,1799506.5909938097,10
-1191176.9941932026,1799506.5909938097,10
-1190713.6814766752,1799506.5909938097,10
-1190250.3687601476,1799506.5909938097,10
-1189787.0560436202,1799506.5909938097,10
-1189323.7433270926,1799506.5909938097,10
-1188860.430610565,1799506.5909938097,10
-1188397.1178940376,1799506.5909938097,10
-1187933.80517751,1799506.5909938097,10
-1187470.4924609826,1799506.5909938097,10
-1187007.179744455,1799506.5909938097,10
-1186543.8670279277,1799506.5909938097,10
-1186080.5543114,1799506.5909938097,10
-1185617.2415948727,1799506.5909938097,10
-1185153.928878345,1799506.5909938097,10
-1184690.6161618177,1799506.5909938097,10
-1184227.30344529,1799506.5909938097,10
-1183763.9907287627,1799506.5909938097,10
-1183300.678012235,1799506.5909938097,10
-1182837.3652957077,1799506.5909938097,10
-1182374.05257918,1799506.5909938097,10
-1181910.7398626525,1799506.5909938097,10
-1181447.4271461251,1799506.5909938097,10
-1180984.1144295975,1799506.5909938097,10
-1180520.8017130701,1799506.5909938097,10
-1180057.4889965425,1799506.5909938097,10
-1179594.1762800151,1799506.5909938097,10
-1179130.8635634875,1799506.5909938097,10
-1178667.5508469602,1799506.5909938097,10
-1178204.2381304326,1799506.5909938097,10
-1177740.9254139052,1799506.5909938097,10
-1177277.6126973776,1799506.5909938097,10
-1176814.2999808502,1799506.5909938097,10
-1176350.9872643226,1799506.5909938097,10
-1175887.6745477952,1799506.5909938097,10
-1175424.3618312676,1799506.5909938097,10
-1174961.04911474,1799506.5909938097,10
-1174497.7363982126,1799506.5909938097,10
-1174034.4236816852,1799506.5909938097,10
-1173571.1109651576,1799506.5909938097,10
-1173107.79824863,1799506.5909938097,10
-1172644.4855321026,1799506.5909938097,10
-1172181.172815575,1799506.5909938097,10
-1171717.8600990477,1799506.5909938097,10
-1171254.54738252,1799506.5909938097,10
-1170791.2346659927,1799506.5909938097,10
-1170327.921949465,1799506.5909938097,10
-1169864.6092329377,1799506.5909938097,10
-1169401.29651641,1799506.5909938097,10
-1168937.9837998827,1799506.5909938097,10
-1168474.671083355,1799506.5909938097,10
-1168011.3583668275,1799506.5909938097,10
-1167548.0456503,1799506.5909938097,10
-1167084.7329337727,1799506.5909938097,10
-1166621.4202172451,1799506.5909938097,10
-1166158.1075007175,1799506.5909938097,10
-1165694.7947841901,1799506.5909938097,10
-1165231.4820676625,1799506.5909938097,10
-1164768.1693511351,1799506.5909938097,10
-1164304.8566346075,1799506.5909938097,10
-1163841.5439180802,1799506.5909938097,10
-1163378.2312015526,1799506.5909938097,10
-1162914.9184850252,1799506.5909938097,10
-1162451.6057684976,1799506.5909938097,10
-1161988.2930519702,1799506.5909938097,10
-1161524.9803354426,1799506.5909938097,10
-1161061.6676189152,1799506.5909938097,10
-1160598.3549023876,1799506.5909938097,10
-1160135.0421858602,1799506.5909938097,10
-1159671.7294693326,1799506.5909938097,10
-1159208.416752805,1799506.5909938097,10
-1158745.1040362776,1799506.5909938097,10
-1158281.79131975,1799506.5909938097,10
-1157818.4786032226,1799506.5909938097,10
-1157355.165886695,1799506.5909938097,10
-1156891.8531701677,1799506.5909938097,10
-1156428.54045364,1799506.5909938097,10
-1155965.2277371127,1799506.5909938097,10
-1155501.915020585,1799506.5909938097,10
-1155038.6023040577,1799506.5909938097,10
-1154575.28958753,1799506.5909938097,10
-1154111.9768710027,1799506.5909938097,10
-1153648.664154475,1799506.5909938097,10
-1153185.3514379477,1799506.5909938097,10
-1152722.03872142,1799506.5909938097,10
-1152258.7260048925,1799506.5909938097,10
-1151795.4132883651,1799506.5909938097,10
-1151332.1005718375,1799506.5909938097,10
-1150868.7878553101,1799506.5909938097,10
-1150405.4751387825,1799506.5909938097,10
-1149942.1624222551,1799506.5909938097,10
-1149478.8497057275,1799506.5909938097,10
-1149015.5369892002,1799506.5909938097,10
-1148552.2242726726,1799506.5909938097,10
-1148088.9115561452,1799506.5909938097,10
-1306078.5478920226,1799043.2782772821,10
-1305615.235175495,1799043.2782772821,10
-1305151.9224589677,1799043.2782772821,16
-1304688.60974244,1799043.2782772821,16
-1304225.2970259127,1799043.2782772821,16
-1303761.984309385,1799043.2782772821,16
-1303298.6715928577,1799043.2782772821,16
-1302835.35887633,1799043.2782772821,16
-1302372.0461598027,1799043.2782772821,16
-1301908.733443275,1799043.2782772821,10
-1301445.4207267477,1799043.2782772821,10
-1300982.10801022,1799043.2782772821,10
-1300518.7952936925,1799043.2782772821,10
-1300055.4825771651,1799043.2782772821,10
-1299592.1698606375,1799043.2782772821,10
-1299128.8571441101,1799043.2782772821,16
-1298665.5444275825,1799043.2782772821,16
-1298202.2317110552,1799043.2782772821,16
-1297738.9189945275,1799043.2782772821,16
-1297275.6062780002,1799043.2782772821,16
-1296812.2935614726,1799043.2782772821,16
-1296348.9808449452,1799043.2782772821,16
-1295885.6681284176,1799043.2782772821,16
-1295422.3554118902,1799043.2782772821,16
-1294959.0426953626,1799043.2782772821,10
-1294495.7299788352,1799043.2782772821,10
-1294032.4172623076,1799043.2782772821,10
-1293569.10454578,1799043.2782772821,16
-1293105.7918292526,1799043.2782772821,16
-1292642.479112725,1799043.2782772821,10
-1292179.1663961976,1799043.2782772821,10
-1291715.85367967,1799043.2782772821,10
-1291252.5409631426,1799043.2782772821,10
-1290789.228246615,1799043.2782772821,10
-1290325.9155300877,1799043.2782772821,10
-1289862.60281356,1799043.2782772821,10
-1289399.2900970327,1799043.2782772821,10
-1288935.977380505,1799043.2782772821,10
-1288472.6646639777,1799043.2782772821,10
-1288009.35194745,1799043.2782772821,10
-1287546.0392309227,1799043.2782772821,10
-1287082.726514395,1799043.2782772821,10
-1286619.4137978677,1799043.2782772821,10
-1286156.10108134,1799043.2782772821,10
-1285692.7883648127,1799043.2782772821,10
-1285229.4756482851,1799043.2782772821,10
-1284766.1629317575,1799043.2782772821,10
-1284302.8502152301,1799043.2782772821,10
-1283839.5374987025,1799043.2782772821,10
-1283376.2247821752,1799043.2782772821,10
-1282912.9120656475,1799043.2782772821,10
-1282449.5993491202,1799043.2782772821,10
-1281986.2866325926,1799043.2782772821,10
-1281522.9739160652,1799043.2782772821,10
-1281059.6611995376,1799043.2782772821,10
-1280596.3484830102,1799043.2782772821,10
-1280133.0357664826,1799043.2782772821,10
-1279669.7230499552,1799043.2782772821,10
-1279206.4103334276,1799043.2782772821,10
-1278743.0976169002,1799043.2782772821,10
-1278279.7849003726,1799043.2782772821,10
-1277816.472183845,1799043.2782772821,10
-1277353.1594673176,1799043.2782772821,10
-1276889.84675079,1799043.2782772821,10
-1276426.5340342626,1799043.2782772821,10
-1275963.221317735,1799043.2782772821,10
-1275499.9086012077,1799043.2782772821,10
-1275036.59588468,1799043.2782772821,10
-1274573.2831681527,1799043.2782772821,10
-1274109.970451625,1799043.2782772821,10
-1273646.6577350977,1799043.2782772821,10
-1273183.34501857,1799043.2782772821,10
-1272720.0323020427,1799043.2782772821,10
-1272256.719585515,1799043.2782772821,10
-1271793.4068689877,1799043.2782772821,10
-1271330.09415246,1799043.2782772821,10
-1270866.7814359325,1799043.2782772821,10
-1270403.4687194051,1799043.2782772821,10
-1269940.1560028775,1799043.2782772821,10
-1269476.8432863501,1799043.2782772821,10
-1269013.5305698225,1799043.2782772821,10
-1268550.2178532952,1799043.2782772821,10
-1268086.9051367675,1799043.2782772821,10
-1267623.5924202402,1799043.2782772821,10
-1267160.2797037126,1799043.2782772821,10
-1266696.9669871852,1799043.2782772821,10
-1266233.6542706576,1799043.2782772821,10
-1265770.3415541302,1799043.2782772821,10
-1265307.0288376026,1799043.2782772821,10
-1264843.7161210752,1799043.2782772821,10
-1264380.4034045476,1799043.2782772821,10
-1263917.09068802,1799043.2782772821,10
-1263453.7779714926,1799043.2782772821,10
-1262990.465254965,1799043.2782772821,10
-1262527.1525384376,1799043.2782772821,10
-1262063.83982191,1799043.2782772821,10
-1261600.5271053826,1799043.2782772821,10
-1261137.214388855,1799043.2782772821,10
-1260673.9016723277,1799043.2782772821,10
-1260210.5889558,1799043.2782772821,10
-1259747.2762392727,1799043.2782772821,10
-1259283.963522745,1799043.2782772821,10
-1258820.6508062177,1799043.2782772821,10
-1258357.33808969,1799043.2782772821,10
-1257894.0253731627,1799043.2782772821,10
-1257430.712656635,1799043.2782772821,10
-1256967.3999401077,1799043.2782772821,10
-1256504.08722358,1799043.2782772821,10
-1256040.7745070527,1799043.2782772821,10
-1255577.4617905251,1799043.2782772821,10
-1255114.1490739975,1799043.2782772821,10
-1254650.8363574701,1799043.2782772821,10
-1254187.5236409425,1799043.2782772821,10
-1253724.2109244152,1799043.2782772821,10
-1253260.8982078875,1799043.2782772821,10
-1252797.5854913602,1799043.2782772821,10
-1252334.2727748326,1799043.2782772821,10
-1251870.9600583052,1799043.2782772821,10
-1251407.6473417776,1799043.2782772821,10
-1250944.3346252502,1799043.2782772821,10
-1250481.0219087226,1799043.2782772821,10
-1250017.7091921952,1799043.2782772821,10
-1249554.3964756676,1799043.2782772821,10
-1249091.0837591402,1799043.2782772821,10
-1248627.7710426126,1799043.2782772821,10
-1248164.458326085,1799043.2782772821,10
-1247701.1456095576,1799043.2782772821,10
-1247237.83289303,1799043.2782772821,10
-1246774.5201765026,1799043.2782772821,10
-1246311.207459975,1799043.2782772821,10
-1245847.8947434477,1799043.2782772821,10
-1245384.58202692,1799043.2782772821,10
-1244921.2693103927,1799043.2782772821,10
-1244457.956593865,1799043.2782772821,10
-1243994.6438773377,1799043.2782772821,10
-1243531.33116081,1799043.2782772821,10
-1243068.0184442827,1799043.2782772821,10
-1242604.705727755,1799043.2782772821,10
-1242141.3930112277,1799043.2782772821,10
-1241678.0802947,1799043.2782772821,10
-1241214.7675781725,1799043.2782772821,10
-1240751.4548616451,1799043.2782772821,10
-1240288.1421451175,1799043.2782772821,10
-1239824.8294285901,1799043.2782772821,10
-1239361.5167120625,1799043.2782772821,10
-1238898.2039955352,1799043.2782772821,10
-1238434.8912790075,1799043.2782772821,10
-1237971.5785624802,1799043.2782772821,10
-1237508.2658459526,1799043.2782772821,10
-1237044.9531294252,1799043.2782772821,10
-1236581.6404128976,1799043.2782772821,10
-1236118.3276963702,1799043.2782772821,10
-1235655.0149798426,1799043.2782772821,10
-1235191.7022633152,1799043.2782772821,10
-1234728.3895467876,1799043.2782772821,10
-1234265.07683026,1799043.2782772821,10
-1233801.7641137326,1799043.2782772821,10
-1233338.4513972052,1799043.2782772821,10
-1232875.1386806776,1799043.2782772821,10
-1232411.82596415,1799043.2782772821,10
-1231948.5132476226,1799043.2782772821,10
-1231485.200531095,1799043.2782772821,10
-1231021.8878145677,1799043.2782772821,10
-1230558.57509804,1799043.2782772821,10
-1230095.2623815127,1799043.2782772821,10
-1229631.949664985,1799043.2782772821,10
-1229168.6369484577,1799043.2782772821,10
-1228705.32423193,1799043.2782772821,10
-1228242.0115154027,1799043.2782772821,10
-1227778.698798875,1799043.2782772821,10
-1227315.3860823475,1799043.2782772821,10
-1226852.07336582,1799043.2782772821,10
-1226388.7606492927,1799043.2782772821,10
-1225925.4479327651,1799043.2782772821,10
-1225462.1352162375,1799043.2782772821,10
-1224998.8224997101,1799043.2782772821,10
-1224535.5097831825,1799043.2782772821,10
-1224072.1970666551,1799043.2782772821,10
-1223608.8843501275,1799043.2782772821,10
-1223145.5716336002,1799043.2782772821,10
-1222682.2589170726,1799043.2782772821,10
-1222218.9462005452,1799043.2782772821,10
-1221755.6334840176,1799043.2782772821,10
-1221292.3207674902,1799043.2782772821,10
-1220829.0080509626,1799043.2782772821,10
-1220365.6953344352,1799043.2782772821,10
-1219902.3826179076,1799043.2782772821,10
-1219439.0699013802,1799043.2782772821,10
-1218975.7571848526,1799043.2782772821,10
-1218512.444468325,1799043.2782772821,10
-1218049.1317517976,1799043.2782772821,10
-1217585.81903527,1799043.2782772821,10
-1217122.5063187426,1799043.2782772821,10
-1216659.193602215,1799043.2782772821,10
-1216195.8808856877,1799043.2782772821,10
-1215732.56816916,1799043.2782772821,10
-1215269.2554526327,1799043.2782772821,10
-1214805.942736105,1799043.2782772821,10
-1214342.6300195777,1799043.2782772821,10
-1213879.31730305,1799043.2782772821,10
-1213416.0045865227,1799043.2782772821,10
-1212952.691869995,1799043.2782772821,10
-1212489.3791534677,1799043.2782772821,10
-1212026.06643694,1799043.2782772821,10
-1211562.7537204125,1799043.2782772821,10
-1211099.4410038851,1799043.2782772821,10
-1210636.1282873575,1799043.2782772821,10
-1210172.8155708301,1799043.2782772821,10
-1209709.5028543025,1799043.2782772821,10
-1209246.1901377751,1799043.2782772821,10
-1208782.8774212475,1799043.2782772821,10
-1208319.5647047202,1799043.2782772821,10
-1207856.2519881926,1799043.2782772821,10
-1207392.9392716652,1799043.2782772821,10
-1206929.6265551376,1799043.2782772821,10
-1206466.3138386102,1799043.2782772821,10
-1206003.0011220826,1799043.2782772821,10
-1205539.6884055552,1799043.2782772821,10
-1205076.3756890276,1799043.2782772821,10
-1204613.0629725,1799043.2782772821,10
-1204149.7502559726,1799043.2782772821,10
-1203686.4375394452,1799043.2782772821,10
-1203223.1248229176,1799043.2782772821,10
-1202759.81210639,1799043.2782772821,10
-1202296.4993898626,1799043.2782772821,10
-1201833.186673335,1799043.2782772821,10
-1201369.8739568077,1799043.2782772821,10
-1200906.56124028,1799043.2782772821,10
-1200443.2485237527,1799043.2782772821,10
-1199979.935807225,1799043.2782772821,10
-1199516.6230906977,1799043.2782772821,10
-1199053.31037417,1799043.2782772821,10
-1198589.9976576427,1799043.2782772821,10
-1198126.684941115,1799043.2782772821,10
-1197663.3722245875,1799043.2782772821,10
-1197200.05950806,1799043.2782772821,10
-1196736.7467915327,1799043.2782772821,10
-1196273.4340750051,1799043.2782772821,10
-1195810.1213584775,1799043.2782772821,10
-1195346.8086419501,1799043.2782772821,10
-1194883.4959254225,1799043.2782772821,10
-1194420.1832088951,1799043.2782772821,10
-1193956.8704923675,1799043.2782772821,10
-1193493.5577758402,1799043.2782772821,10
-1193030.2450593126,1799043.2782772821,10
-1192566.9323427852,1799043.2782772821,10
-1192103.6196262576,1799043.2782772821,10
-1191640.3069097302,1799043.2782772821,10
-1191176.9941932026,1799043.2782772821,10
-1190713.6814766752,1799043.2782772821,10
-1190250.3687601476,1799043.2782772821,10
-1189787.0560436202,1799043.2782772821,10
-1189323.7433270926,1799043.2782772821,10
-1188860.430610565,1799043.2782772821,10
-1188397.1178940376,1799043.2782772821,10
-1187933.80517751,1799043.2782772821,10
-1187470.4924609826,1799043.2782772821,10
-1187007.179744455,1799043.2782772821,10
-1186543.8670279277,1799043.2782772821,10
-1186080.5543114,1799043.2782772821,10
-1185617.2415948727,1799043.2782772821,10
-1185153.928878345,1799043.2782772821,10
-1184690.6161618177,1799043.2782772821,10
-1184227.30344529,1799043.2782772821,10
-1183763.9907287627,1799043.2782772821,10
-1183300.678012235,1799043.2782772821,10
-1182837.3652957077,1799043.2782772821,10
-1182374.05257918,1799043.2782772821,10
-1181910.7398626525,1799043.2782772821,10
-1181447.4271461251,1799043.2782772821,10
-1180984.1144295975,1799043.2782772821,10
-1180520.8017130701,1799043.2782772821,10
-1180057.4889965425,1799043.2782772821,10
-1179594.1762800151,1799043.2782772821,10
-1179130.8635634875,1799043.2782772821,10
-1178667.5508469602,1799043.2782772821,10
-1178204.2381304326,1799043.2782772821,10
-1177740.9254139052,1799043.2782772821,10
-1177277.6126973776,1799043.2782772821,10
-1176814.2999808502,1799043.2782772821,10
-1176350.9872643226,1799043.2782772821,10
-1175887.6745477952,1799043.2782772821,10
-1175424.3618312676,1799043.2782772821,10
-1174961.04911474,1799043.2782772821,10
-1174497.7363982126,1799043.2782772821,10
-1174034.4236816852,1799043.2782772821,10
-1173571.1109651576,1799043.2782772821,10
-1173107.79824863,1799043.2782772821,10
-1172644.4855321026,1799043.2782772821,10
-1172181.172815575,1799043.2782772821,10
-1171717.8600990477,1799043.2782772821,10
-1171254.54738252,1799043.2782772821,10
-1170791.2346659927,1799043.2782772821,10
-1170327.921949465,1799043.2782772821,10
-1169864.6092329377,1799043.2782772821,10
-1169401.29651641,1799043.2782772821,10
-1168937.9837998827,1799043.2782772821,10
-1168474.671083355,1799043.2782772821,10
-1168011.3583668275,1799043.2782772821,10
-1167548.0456503,1799043.2782772821,10
-1167084.7329337727,1799043.2782772821,10
-1166621.4202172451,1799043.2782772821,10
-1166158.1075007175,1799043.2782772821,10
-1165694.7947841901,1799043.2782772821,10
-1165231.4820676625,1799043.2782772821,10
-1164768.1693511351,1799043.2782772821,10
-1164304.8566346075,1799043.2782772821,10
-1163841.5439180802,1799043.2782772821,10
-1163378.2312015526,1799043.2782772821,10
-1162914.9184850252,1799043.2782772821,10
-1162451.6057684976,1799043.2782772821,10
-1161988.2930519702,1799043.2782772821,10
-1161524.9803354426,1799043.2782772821,10
-1161061.6676189152,1799043.2782772821,10
-1160598.3549023876,1799043.2782772821,10
-1160135.0421858602,1799043.2782772821,10
-1159671.7294693326,1799043.2782772821,10
-1159208.416752805,1799043.2782772821,10
-1158745.1040362776,1799043.2782772821,10
-1158281.79131975,1799043.2782772821,10
-1157818.4786032226,1799043.2782772821,10
-1157355.165886695,1799043.2782772821,10
-1156891.8531701677,1799043.2782772821,10
-1156428.54045364,1799043.2782772821,10
-1155965.2277371127,1799043.2782772821,10
-1155501.915020585,1799043.2782772821,10
-1155038.6023040577,1799043.2782772821,10
-1154575.28958753,1799043.2782772821,10
-1154111.9768710027,1799043.2782772821,10
-1153648.664154475,1799043.2782772821,10
-1153185.3514379477,1799043.2782772821,10
-1152722.03872142,1799043.2782772821,10
-1152258.7260048925,1799043.2782772821,10
-1151795.4132883651,1799043.2782772821,10
-1151332.1005718375,1799043.2782772821,10
-1150868.7878553101,1799043.2782772821,10
-1150405.4751387825,1799043.2782772821,10
-1149942.1624222551,1799043.2782772821,10
-1149478.8497057275,1799043.2782772821,10
-1149015.5369892002,1799043.2782772821,10
-1148552.2242726726,1799043.2782772821,10
-1148088.9115561452,1799043.2782772821,10
-1147625.5988396176,1799043.2782772821,10
-1306078.5478920226,1798579.9655607548,10
-1305615.235175495,1798579.9655607548,10
-1305151.9224589677,1798579.9655607548,10
-1304688.60974244,1798579.9655607548,10
-1304225.2970259127,1798579.9655607548,16
-1303761.984309385,1798579.9655607548,16
-1303298.6715928577,1798579.9655607548,16
-1302835.35887633,1798579.9655607548,16
-1302372.0461598027,1798579.9655607548,16
-1301908.733443275,1798579.9655607548,10
-1301445.4207267477,1798579.9655607548,10
-1300982.10801022,1798579.9655607548,10
-1300518.7952936925,1798579.9655607548,10
-1300055.4825771651,1798579.9655607548,10
-1299592.1698606375,1798579.9655607548,10
-1299128.8571441101,1798579.9655607548,16
-1298665.5444275825,1798579.9655607548,16
-1298202.2317110552,1798579.9655607548,16
-1297738.9189945275,1798579.9655607548,16
-1297275.6062780002,1798579.9655607548,16
-1296812.2935614726,1798579.9655607548,16
-1296348.9808449452,1798579.9655607548,16
-1295885.6681284176,1798579.9655607548,16
-1295422.3554118902,1798579.9655607548,16
-1294959.0426953626,1798579.9655607548,10
-1294495.7299788352,1798579.9655607548,16
-1294032.4172623076,1798579.9655607548,10
-1293569.10454578,1798579.9655607548,16
-1293105.7918292526,1798579.9655607548,10
-1292642.479112725,1798579.9655607548,10
-1292179.1663961976,1798579.9655607548,16
-1291715.85367967,1798579.9655607548,16
-1291252.5409631426,1798579.9655607548,16
-1290789.228246615,1798579.9655607548,10
-1290325.9155300877,1798579.9655607548,10
-1289862.60281356,1798579.9655607548,10
-1289399.2900970327,1798579.9655607548,10
-1288935.977380505,1798579.9655607548,10
-1288472.6646639777,1798579.9655607548,10
-1288009.35194745,1798579.9655607548,10
-1287546.0392309227,1798579.9655607548,10
-1287082.726514395,1798579.9655607548,10
-1286619.4137978677,1798579.9655607548,10
-1286156.10108134,1798579.9655607548,10
-1285692.7883648127,1798579.9655607548,10
-1285229.4756482851,1798579.9655607548,10
-1284766.1629317575,1798579.9655607548,10
-1284302.8502152301,1798579.9655607548,10
-1283839.5374987025,1798579.9655607548,10
-1283376.2247821752,1798579.9655607548,10
-1282912.9120656475,1798579.9655607548,10
-1282449.5993491202,1798579.9655607548,10
-1281986.2866325926,1798579.9655607548,10
-1281522.9739160652,1798579.9655607548,10
-1281059.6611995376,1798579.9655607548,10
-1280596.3484830102,1798579.9655607548,10
-1280133.0357664826,1798579.9655607548,10
-1279669.7230499552,1798579.9655607548,10
-1279206.4103334276,1798579.9655607548,10
-1278743.0976169002,1798579.9655607548,10
-1278279.7849003726,1798579.9655607548,10
-1277816.472183845,1798579.9655607548,10
-1277353.1594673176,1798579.9655607548,10
-1276889.84675079,1798579.9655607548,10
-1276426.5340342626,1798579.9655607548,10
-1275963.221317735,1798579.9655607548,10
-1275499.9086012077,1798579.9655607548,10
-1275036.59588468,1798579.9655607548,10
-1274573.2831681527,1798579.9655607548,10
-1274109.970451625,1798579.9655607548,10
-1273646.6577350977,1798579.9655607548,10
-1273183.34501857,1798579.9655607548,10
-1272720.0323020427,1798579.9655607548,10
-1272256.719585515,1798579.9655607548,10
-1271793.4068689877,1798579.9655607548,10
-1271330.09415246,1798579.9655607548,10
-1270866.7814359325,1798579.9655607548,10
-1270403.4687194051,1798579.9655607548,10
-1269940.1560028775,1798579.9655607548,10
-1269476.8432863501,1798579.9655607548,10
-1269013.5305698225,1798579.9655607548,10
-1268550.2178532952,1798579.9655607548,10
-1268086.9051367675,1798579.9655607548,10
-1267623.5924202402,1798579.9655607548,10
-1267160.2797037126,1798579.9655607548,10
-1266696.9669871852,1798579.9655607548,10
-1266233.6542706576,1798579.9655607548,10
-1265770.3415541302,1798579.9655607548,10
-1265307.0288376026,1798579.9655607548,10
-1264843.7161210752,1798579.9655607548,10
-1264380.4034045476,1798579.9655607548,10
-1263917.09068802,1798579.9655607548,10
-1263453.7779714926,1798579.9655607548,10
-1262990.465254965,1798579.9655607548,10
-1262527.1525384376,1798579.9655607548,10
-1262063.83982191,1798579.9655607548,10
-1261600.5271053826,1798579.9655607548,10
-1261137.214388855,1798579.9655607548,10
-1260673.9016723277,1798579.9655607548,10
-1260210.5889558,1798579.9655607548,10
-1259747.2762392727,1798579.9655607548,10
-1259283.963522745,1798579.9655607548,10
-1258820.6508062177,1798579.9655607548,10
-1258357.33808969,1798579.9655607548,10
-1257894.0253731627,1798579.9655607548,10
-1257430.712656635,1798579.9655607548,10
-1256967.3999401077,1798579.9655607548,10
-1256504.08722358,1798579.9655607548,10
-1256040.7745070527,1798579.9655607548,10
-1255577.4617905251,1798579.9655607548,10
-1255114.1490739975,1798579.9655607548,10
-1254650.8363574701,1798579.9655607548,10
-1254187.5236409425,1798579.9655607548,10
-1253724.2109244152,1798579.9655607548,10
-1253260.8982078875,1798579.9655607548,10
-1252797.5854913602,1798579.9655607548,10
-1252334.2727748326,1798579.9655607548,10
-1251870.9600583052,1798579.9655607548,10
-1251407.6473417776,1798579.9655607548,10
-1250944.3346252502,1798579.9655607548,10
-1250481.0219087226,1798579.9655607548,10
-1250017.7091921952,1798579.9655607548,10
-1249554.3964756676,1798579.9655607548,10
-1249091.0837591402,1798579.9655607548,10
-1248627.7710426126,1798579.9655607548,10
-1248164.458326085,1798579.9655607548,10
-1247701.1456095576,1798579.9655607548,10
-1247237.83289303,1798579.9655607548,10
-1246774.5201765026,1798579.9655607548,10
-1246311.207459975,1798579.9655607548,10
-1245847.8947434477,1798579.9655607548,10
-1245384.58202692,1798579.9655607548,10
-1244921.2693103927,1798579.9655607548,10
-1244457.956593865,1798579.9655607548,10
-1243994.6438773377,1798579.9655607548,10
-1243531.33116081,1798579.9655607548,10
-1243068.0184442827,1798579.9655607548,10
-1242604.705727755,1798579.9655607548,10
-1242141.3930112277,1798579.9655607548,10
-1241678.0802947,1798579.9655607548,10
-1241214.7675781725,1798579.9655607548,10
-1240751.4548616451,1798579.9655607548,10
-1240288.1421451175,1798579.9655607548,10
-1239824.8294285901,1798579.9655607548,10
-1239361.5167120625,1798579.9655607548,10
-1238898.2039955352,1798579.9655607548,10
-1238434.8912790075,1798579.9655607548,10
-1237971.5785624802,1798579.9655607548,10
-1237508.2658459526,1798579.9655607548,10
-1237044.9531294252,1798579.9655607548,10
-1236581.6404128976,1798579.9655607548,10
-1236118.3276963702,1798579.9655607548,10
-1235655.0149798426,1798579.9655607548,10
-1235191.7022633152,1798579.9655607548,10
-1234728.3895467876,1798579.9655607548,10
-1234265.07683026,1798579.9655607548,10
-1233801.7641137326,1798579.9655607548,10
-1233338.4513972052,1798579.9655607548,10
-1232875.1386806776,1798579.9655607548,10
-1232411.82596415,1798579.9655607548,10
-1231948.5132476226,1798579.9655607548,10
-1231485.200531095,1798579.9655607548,10
-1231021.8878145677,1798579.9655607548,10
-1230558.57509804,1798579.9655607548,10
-1230095.2623815127,1798579.9655607548,10
-1229631.949664985,1798579.9655607548,10
-1229168.6369484577,1798579.9655607548,10
-1228705.32423193,1798579.9655607548,10
-1228242.0115154027,1798579.9655607548,10
-1227778.698798875,1798579.9655607548,10
-1227315.3860823475,1798579.9655607548,10
-1226852.07336582,1798579.9655607548,10
-1226388.7606492927,1798579.9655607548,10
-1225925.4479327651,1798579.9655607548,10
-1225462.1352162375,1798579.9655607548,10
-1224998.8224997101,1798579.9655607548,10
-1224535.5097831825,1798579.9655607548,10
-1224072.1970666551,1798579.9655607548,10
-1223608.8843501275,1798579.9655607548,10
-1223145.5716336002,1798579.9655607548,10
-1222682.2589170726,1798579.9655607548,10
-1222218.9462005452,1798579.9655607548,10
-1221755.6334840176,1798579.9655607548,10
-1221292.3207674902,1798579.9655607548,10
-1220829.0080509626,1798579.9655607548,10
-1220365.6953344352,1798579.9655607548,10
-1219902.3826179076,1798579.9655607548,10
-1219439.0699013802,1798579.9655607548,10
-1218975.7571848526,1798579.9655607548,10
-1218512.444468325,1798579.9655607548,10
-1218049.1317517976,1798579.9655607548,10
-1217585.81903527,1798579.9655607548,10
-1217122.5063187426,1798579.9655607548,10
-1216659.193602215,1798579.9655607548,10
-1216195.8808856877,1798579.9655607548,10
-1215732.56816916,1798579.9655607548,10
-1215269.2554526327,1798579.9655607548,10
-1214805.942736105,1798579.9655607548,10
-1214342.6300195777,1798579.9655607548,10
-1213879.31730305,1798579.9655607548,10
-1213416.0045865227,1798579.9655607548,10
-1212952.691869995,1798579.9655607548,10
-1212489.3791534677,1798579.9655607548,10
-1212026.06643694,1798579.9655607548,10
-1211562.7537204125,1798579.9655607548,10
-1211099.4410038851,1798579.9655607548,10
-1210636.1282873575,1798579.9655607548,10
-1210172.8155708301,1798579.9655607548,10
-1209709.5028543025,1798579.9655607548,10
-1209246.1901377751,1798579.9655607548,10
-1208782.8774212475,1798579.9655607548,10
-1208319.5647047202,1798579.9655607548,10
-1207856.2519881926,1798579.9655607548,10
-1207392.9392716652,1798579.9655607548,10
-1206929.6265551376,1798579.9655607548,10
-1206466.3138386102,1798579.9655607548,10
-1206003.0011220826,1798579.9655607548,10
-1205539.6884055552,1798579.9655607548,10
-1205076.3756890276,1798579.9655607548,10
-1204613.0629725,1798579.9655607548,10
-1204149.7502559726,1798579.9655607548,10
-1203686.4375394452,1798579.9655607548,10
-1203223.1248229176,1798579.9655607548,10
-1202759.81210639,1798579.9655607548,10
-1202296.4993898626,1798579.9655607548,10
-1201833.186673335,1798579.9655607548,10
-1201369.8739568077,1798579.9655607548,10
-1200906.56124028,1798579.9655607548,10
-1200443.2485237527,1798579.9655607548,10
-1199979.935807225,1798579.9655607548,10
-1199516.6230906977,1798579.9655607548,10
-1199053.31037417,1798579.9655607548,10
-1198589.9976576427,1798579.9655607548,10
-1198126.684941115,1798579.9655607548,10
-1197663.3722245875,1798579.9655607548,10
-1197200.05950806,1798579.9655607548,10
-1196736.7467915327,1798579.9655607548,10
-1196273.4340750051,1798579.9655607548,10
-1195810.1213584775,1798579.9655607548,10
-1195346.8086419501,1798579.9655607548,10
-1194883.4959254225,1798579.9655607548,10
-1194420.1832088951,1798579.9655607548,10
-1193956.8704923675,1798579.9655607548,10
-1193493.5577758402,1798579.9655607548,10
-1193030.2450593126,1798579.9655607548,10
-1192566.9323427852,1798579.9655607548,10
-1192103.6196262576,1798579.9655607548,10
-1191640.3069097302,1798579.9655607548,10
-1191176.9941932026,1798579.9655607548,10
-1190713.6814766752,1798579.9655607548,10
-1190250.3687601476,1798579.9655607548,10
-1189787.0560436202,1798579.9655607548,10
-1189323.7433270926,1798579.9655607548,10
-1188860.430610565,1798579.9655607548,10
-1188397.1178940376,1798579.9655607548,10
-1187933.80517751,1798579.9655607548,10
-1187470.4924609826,1798579.9655607548,10
-1187007.179744455,1798579.9655607548,10
-1186543.8670279277,1798579.9655607548,10
-1186080.5543114,1798579.9655607548,10
-1185617.2415948727,1798579.9655607548,10
-1185153.928878345,1798579.9655607548,10
-1184690.6161618177,1798579.9655607548,10
-1184227.30344529,1798579.9655607548,10
-1183763.9907287627,1798579.9655607548,10
-1183300.678012235,1798579.9655607548,10
-1182837.3652957077,1798579.9655607548,10
-1182374.05257918,1798579.9655607548,10
-1181910.7398626525,1798579.9655607548,10
-1181447.4271461251,1798579.9655607548,10
-1180984.1144295975,1798579.9655607548,10
-1180520.8017130701,1798579.9655607548,10
-1180057.4889965425,1798579.9655607548,10
-1179594.1762800151,1798579.9655607548,10
-1179130.8635634875,1798579.9655607548,10
-1178667.5508469602,1798579.9655607548,10
-1178204.2381304326,1798579.9655607548,10
-1177740.9254139052,1798579.9655607548,10
-1177277.6126973776,1798579.9655607548,10
-1176814.2999808502,1798579.9655607548,10
-1176350.9872643226,1798579.9655607548,10
-1175887.6745477952,1798579.9655607548,10
-1175424.3618312676,1798579.9655607548,10
-1174961.04911474,1798579.9655607548,10
-1174497.7363982126,1798579.9655607548,10
-1174034.4236816852,1798579.9655607548,10
-1173571.1109651576,1798579.9655607548,10
-1173107.79824863,1798579.9655607548,10
-1172644.4855321026,1798579.9655607548,10
-1172181.172815575,1798579.9655607548,10
-1171717.8600990477,1798579.9655607548,10
-1171254.54738252,1798579.9655607548,10
-1170791.2346659927,1798579.9655607548,10
-1170327.921949465,1798579.9655607548,10
-1169864.6092329377,1798579.9655607548,10
-1169401.29651641,1798579.9655607548,10
-1168937.9837998827,1798579.9655607548,10
-1168474.671083355,1798579.9655607548,10
-1168011.3583668275,1798579.9655607548,10
-1167548.0456503,1798579.9655607548,10
-1167084.7329337727,1798579.9655607548,10
-1166621.4202172451,1798579.9655607548,10
-1166158.1075007175,1798579.9655607548,10
-1165694.7947841901,1798579.9655607548,10
-1165231.4820676625,1798579.9655607548,10
-1164768.1693511351,1798579.9655607548,10
-1164304.8566346075,1798579.9655607548,10
-1163841.5439180802,1798579.9655607548,10
-1163378.2312015526,1798579.9655607548,10
-1162914.9184850252,1798579.9655607548,10
-1162451.6057684976,1798579.9655607548,10
-1161988.2930519702,1798579.9655607548,10
-1161524.9803354426,1798579.9655607548,10
-1161061.6676189152,1798579.9655607548,10
-1160598.3549023876,1798579.9655607548,10
-1160135.0421858602,1798579.9655607548,10
-1159671.7294693326,1798579.9655607548,10
-1159208.416752805,1798579.9655607548,10
-1158745.1040362776,1798579.9655607548,10
-1158281.79131975,1798579.9655607548,10
-1157818.4786032226,1798579.9655607548,10
-1157355.165886695,1798579.9655607548,10
-1156891.8531701677,1798579.9655607548,10
-1156428.54045364,1798579.9655607548,10
-1155965.2277371127,1798579.9655607548,10
-1155501.915020585,1798579.9655607548,10
-1155038.6023040577,1798579.9655607548,10
-1154575.28958753,1798579.9655607548,10
-1154111.9768710027,1798579.9655607548,10
-1153648.664154475,1798579.9655607548,10
-1153185.3514379477,1798579.9655607548,10
-1152722.03872142,1798579.9655607548,10
-1152258.7260048925,1798579.9655607548,10
-1151795.4132883651,1798579.9655607548,10
-1151332.1005718375,1798579.9655607548,10
-1150868.7878553101,1798579.9655607548,10
-1150405.4751387825,1798579.9655607548,10
-1149942.1624222551,1798579.9655607548,10
-1149478.8497057275,1798579.9655607548,10
-1149015.5369892002,1798579.9655607548,10
-1148552.2242726726,1798579.9655607548,10
-1148088.9115561452,1798579.9655607548,10
-1147625.5988396176,1798579.9655607548,10
-1306078.5478920226,1798116.6528442272,10
-1305615.235175495,1798116.6528442272,10
-1305151.9224589677,1798116.6528442272,10
-1304688.60974244,1798116.6528442272,10
-1304225.2970259127,1798116.6528442272,10
-1303761.984309385,1798116.6528442272,16
-1303298.6715928577,1798116.6528442272,16
-1302835.35887633,1798116.6528442272,16
-1302372.0461598027,1798116.6528442272,16
-1301908.733443275,1798116.6528442272,10
-1301445.4207267477,1798116.6528442272,10
-1300982.10801022,1798116.6528442272,10
-1300518.7952936925,1798116.6528442272,10
-1300055.4825771651,1798116.6528442272,10
-1299592.1698606375,1798116.6528442272,10
-1299128.8571441101,1798116.6528442272,10
-1298665.5444275825,1798116.6528442272,16
-1298202.2317110552,1798116.6528442272,16
-1297738.9189945275,1798116.6528442272,16
-1297275.6062780002,1798116.6528442272,16
-1296812.2935614726,1798116.6528442272,16
-1296348.9808449452,1798116.6528442272,16
-1295885.6681284176,1798116.6528442272,16
-1295422.3554118902,1798116.6528442272,16
-1294959.0426953626,1798116.6528442272,10
-1294495.7299788352,1798116.6528442272,10
-1294032.4172623076,1798116.6528442272,10
-1293569.10454578,1798116.6528442272,10
-1293105.7918292526,1798116.6528442272,10
-1292642.479112725,1798116.6528442272,16
-1292179.1663961976,1798116.6528442272,16
-1291715.85367967,1798116.6528442272,16
-1291252.5409631426,1798116.6528442272,10
-1290789.228246615,1798116.6528442272,10
-1290325.9155300877,1798116.6528442272,10
-1289862.60281356,1798116.6528442272,10
-1289399.2900970327,1798116.6528442272,10
-1288935.977380505,1798116.6528442272,10
-1288472.6646639777,1798116.6528442272,10
-1288009.35194745,1798116.6528442272,10
-1287546.0392309227,1798116.6528442272,10
-1287082.726514395,1798116.6528442272,10
-1286619.4137978677,1798116.6528442272,10
-1286156.10108134,1798116.6528442272,10
-1285692.7883648127,1798116.6528442272,10
-1285229.4756482851,1798116.6528442272,10
-1284766.1629317575,1798116.6528442272,10
-1284302.8502152301,1798116.6528442272,10
-1283839.5374987025,1798116.6528442272,10
-1283376.2247821752,1798116.6528442272,10
-1282912.9120656475,1798116.6528442272,10
-1282449.5993491202,1798116.6528442272,10
-1281986.2866325926,1798116.6528442272,10
-1281522.9739160652,1798116.6528442272,10
-1281059.6611995376,1798116.6528442272,10
-1280596.3484830102,1798116.6528442272,10
-1280133.0357664826,1798116.6528442272,10
-1279669.7230499552,1798116.6528442272,10
-1279206.4103334276,1798116.6528442272,10
-1278743.0976169002,1798116.6528442272,10
-1278279.7849003726,1798116.6528442272,10
-1277816.472183845,1798116.6528442272,10
-1277353.1594673176,1798116.6528442272,10
-1276889.84675079,1798116.6528442272,10
-1276426.5340342626,1798116.6528442272,10
-1275963.221317735,1798116.6528442272,10
-1275499.9086012077,1798116.6528442272,10
-1275036.59588468,1798116.6528442272,10
-1274573.2831681527,1798116.6528442272,10
-1274109.970451625,1798116.6528442272,10
-1273646.6577350977,1798116.6528442272,10
-1273183.34501857,1798116.6528442272,10
-1272720.0323020427,1798116.6528442272,10
-1272256.719585515,1798116.6528442272,10
-1271793.4068689877,1798116.6528442272,10
-1271330.09415246,1798116.6528442272,10
-1270866.7814359325,1798116.6528442272,10
-1270403.4687194051,1798116.6528442272,10
-1269940.1560028775,1798116.6528442272,10
-1269476.8432863501,1798116.6528442272,10
-1269013.5305698225,1798116.6528442272,10
-1268550.2178532952,1798116.6528442272,10
-1268086.9051367675,1798116.6528442272,10
-1267623.5924202402,1798116.6528442272,10
-1267160.2797037126,1798116.6528442272,10
-1266696.9669871852,1798116.6528442272,10
-1266233.6542706576,1798116.6528442272,10
-1265770.3415541302,1798116.6528442272,10
-1265307.0288376026,1798116.6528442272,10
-1264843.7161210752,1798116.6528442272,10
-1264380.4034045476,1798116.6528442272,10
-1263917.09068802,1798116.6528442272,10
-1263453.7779714926,1798116.6528442272,10
-1262990.465254965,1798116.6528442272,10
-1262527.1525384376,1798116.6528442272,10
-1262063.83982191,1798116.6528442272,10
-1261600.5271053826,1798116.6528442272,10
-1261137.214388855,1798116.6528442272,10
-1260673.9016723277,1798116.6528442272,10
-1260210.5889558,1798116.6528442272,10
-1259747.2762392727,1798116.6528442272,10
-1259283.963522745,1798116.6528442272,10
-1258820.6508062177,1798116.6528442272,10
-1258357.33808969,1798116.6528442272,10
-1257894.0253731627,1798116.6528442272,10
-1257430.712656635,1798116.6528442272,10
-1256967.3999401077,1798116.6528442272,10
-1256504.08722358,1798116.6528442272,10
-1256040.7745070527,1798116.6528442272,10
-1255577.4617905251,1798116.6528442272,10
-1255114.1490739975,1798116.6528442272,10
-1254650.8363574701,1798116.6528442272,10
-1254187.5236409425,1798116.6528442272,10
-1253724.2109244152,1798116.6528442272,10
-1253260.8982078875,1798116.6528442272,10
-1252797.5854913602,1798116.6528442272,10
-1252334.2727748326,1798116.6528442272,10
-1251870.9600583052,1798116.6528442272,10
-1251407.6473417776,1798116.6528442272,10
-1250944.3346252502,1798116.6528442272,10
-1250481.0219087226,1798116.6528442272,10
-1250017.7091921952,1798116.6528442272,10
-1249554.3964756676,1798116.6528442272,10
-1249091.0837591402,1798116.6528442272,10
-1248627.7710426126,1798116.6528442272,10
-1248164.458326085,1798116.6528442272,10
-1247701.1456095576,1798116.6528442272,10
-1247237.83289303,1798116.6528442272,10
-1246774.5201765026,1798116.6528442272,10
-1246311.207459975,1798116.6528442272,10
-1245847.8947434477,1798116.6528442272,10
-1245384.58202692,1798116.6528442272,10
-1244921.2693103927,1798116.6528442272,10
-1244457.956593865,1798116.6528442272,10
-1243994.6438773377,1798116.6528442272,10
-1243531.33116081,1798116.6528442272,10
-1243068.0184442827,1798116.6528442272,10
-1242604.705727755,1798116.6528442272,10
-1242141.3930112277,1798116.6528442272,10
-1241678.0802947,1798116.6528442272,10
-1241214.7675781725,1798116.6528442272,10
-1240751.4548616451,1798116.6528442272,10
-1240288.1421451175,1798116.6528442272,10
-1239824.8294285901,1798116.6528442272,10
-1239361.5167120625,1798116.6528442272,10
-1238898.2039955352,1798116.6528442272,10
-1238434.8912790075,1798116.6528442272,10
-1237971.5785624802,1798116.6528442272,10
-1237508.2658459526,1798116.6528442272,10
-1237044.9531294252,1798116.6528442272,10
-1236581.6404128976,1798116.6528442272,10
-1236118.3276963702,1798116.6528442272,10
-1235655.0149798426,1798116.6528442272,10
-1235191.7022633152,1798116.6528442272,10
-1234728.3895467876,1798116.6528442272,10
-1234265.07683026,1798116.6528442272,10
-1233801.7641137326,1798116.6528442272,10
-1233338.4513972052,1798116.6528442272,10
-1232875.1386806776,1798116.6528442272,10
-1232411.82596415,1798116.6528442272,10
-1231948.5132476226,1798116.6528442272,10
-1231485.200531095,1798116.6528442272,10
-1231021.8878145677,1798116.6528442272,10
-1230558.57509804,1798116.6528442272,10
-1230095.2623815127,1798116.6528442272,10
-1229631.949664985,1798116.6528442272,10
-1229168.6369484577,1798116.6528442272,10
-1228705.32423193,1798116.6528442272,10
-1228242.0115154027,1798116.6528442272,10
-1227778.698798875,1798116.6528442272,10
-1227315.3860823475,1798116.6528442272,10
-1226852.07336582,1798116.6528442272,10
-1226388.7606492927,1798116.6528442272,10
-1225925.4479327651,1798116.6528442272,10
-1225462.1352162375,1798116.6528442272,10
-1224998.8224997101,1798116.6528442272,10
-1224535.5097831825,1798116.6528442272,10
-1224072.1970666551,1798116.6528442272,10
-1223608.8843501275,1798116.6528442272,10
-1223145.5716336002,1798116.6528442272,10
-1222682.2589170726,1798116.6528442272,10
-1222218.9462005452,1798116.6528442272,10
-1221755.6334840176,1798116.6528442272,10
-1221292.3207674902,1798116.6528442272,10
-1220829.0080509626,1798116.6528442272,10
-1220365.6953344352,1798116.6528442272,10
-1219902.3826179076,1798116.6528442272,10
-1219439.0699013802,1798116.6528442272,10
-1218975.7571848526,1798116.6528442272,10
-1218512.444468325,1798116.6528442272,10
-1218049.1317517976,1798116.6528442272,10
-1217585.81903527,1798116.6528442272,10
-1217122.5063187426,1798116.6528442272,10
-1216659.193602215,1798116.6528442272,10
-1216195.8808856877,1798116.6528442272,10
-1215732.56816916,1798116.6528442272,10
-1215269.2554526327,1798116.6528442272,10
-1214805.942736105,1798116.6528442272,10
-1214342.6300195777,1798116.6528442272,10
-1213879.31730305,1798116.6528442272,10
-1213416.0045865227,1798116.6528442272,10
-1212952.691869995,1798116.6528442272,10
-1212489.3791534677,1798116.6528442272,10
-1212026.06643694,1798116.6528442272,10
-1211562.7537204125,1798116.6528442272,10
-1211099.4410038851,1798116.6528442272,10
-1210636.1282873575,1798116.6528442272,10
-1210172.8155708301,1798116.6528442272,10
-1209709.5028543025,1798116.6528442272,10
-1209246.1901377751,1798116.6528442272,10
-1208782.8774212475,1798116.6528442272,10
-1208319.5647047202,1798116.6528442272,10
-1207856.2519881926,1798116.6528442272,10
-1207392.9392716652,1798116.6528442272,10
-1206929.6265551376,1798116.6528442272,10
-1206466.3138386102,1798116.6528442272,10
-1206003.0011220826,1798116.6528442272,10
-1205539.6884055552,1798116.6528442272,10
-1205076.3756890276,1798116.6528442272,10
-1204613.0629725,1798116.6528442272,10
-1204149.7502559726,1798116.6528442272,10
-1203686.4375394452,1798116.6528442272,10
-1203223.1248229176,1798116.6528442272,10
-1202759.81210639,1798116.6528442272,10
-1202296.4993898626,1798116.6528442272,10
-1201833.186673335,1798116.6528442272,10
-1201369.8739568077,1798116.6528442272,10
-1200906.56124028,1798116.6528442272,10
-1200443.2485237527,1798116.6528442272,10
-1199979.935807225,1798116.6528442272,10
-1199516.6230906977,1798116.6528442272,10
-1199053.31037417,1798116.6528442272,10
-1198589.9976576427,1798116.6528442272,10
-1198126.684941115,1798116.6528442272,10
-1197663.3722245875,1798116.6528442272,10
-1197200.05950806,1798116.6528442272,10
-1196736.7467915327,1798116.6528442272,10
-1196273.4340750051,1798116.6528442272,10
-1195810.1213584775,1798116.6528442272,10
-1195346.8086419501,1798116.6528442272,10
-1194883.4959254225,1798116.6528442272,10
-1194420.1832088951,1798116.6528442272,10
-1193956.8704923675,1798116.6528442272,10
-1193493.5577758402,1798116.6528442272,10
-1193030.2450593126,1798116.6528442272,10
-1192566.9323427852,1798116.6528442272,10
-1192103.6196262576,1798116.6528442272,10
-1191640.3069097302,1798116.6528442272,10
-1191176.9941932026,1798116.6528442272,10
-1190713.6814766752,1798116.6528442272,10
-1190250.3687601476,1798116.6528442272,10
-1189787.0560436202,1798116.6528442272,10
-1189323.7433270926,1798116.6528442272,10
-1188860.430610565,1798116.6528442272,10
-1188397.1178940376,1798116.6528442272,10
-1187933.80517751,1798116.6528442272,10
-1187470.4924609826,1798116.6528442272,10
-1187007.179744455,1798116.6528442272,10
-1186543.8670279277,1798116.6528442272,10
-1186080.5543114,1798116.6528442272,10
-1185617.2415948727,1798116.6528442272,10
-1185153.928878345,1798116.6528442272,10
-1184690.6161618177,1798116.6528442272,10
-1184227.30344529,1798116.6528442272,10
-1183763.9907287627,1798116.6528442272,10
-1183300.678012235,1798116.6528442272,10
-1182837.3652957077,1798116.6528442272,10
-1182374.05257918,1798116.6528442272,10
-1181910.7398626525,1798116.6528442272,10
-1181447.4271461251,1798116.6528442272,10
-1180984.1144295975,1798116.6528442272,10
-1180520.8017130701,1798116.6528442272,10
-1180057.4889965425,1798116.6528442272,10
-1179594.1762800151,1798116.6528442272,10
-1179130.8635634875,1798116.6528442272,10
-1178667.5508469602,1798116.6528442272,10
-1178204.2381304326,1798116.6528442272,10
-1177740.9254139052,1798116.6528442272,10
-1177277.6126973776,1798116.6528442272,10
-1176814.2999808502,1798116.6528442272,10
-1176350.9872643226,1798116.6528442272,10
-1175887.6745477952,1798116.6528442272,10
-1175424.3618312676,1798116.6528442272,10
-1174961.04911474,1798116.6528442272,10
-1174497.7363982126,1798116.6528442272,10
-1174034.4236816852,1798116.6528442272,10
-1173571.1109651576,1798116.6528442272,10
-1173107.79824863,1798116.6528442272,10
-1172644.4855321026,1798116.6528442272,10
-1172181.172815575,1798116.6528442272,10
-1171717.8600990477,1798116.6528442272,10
-1171254.54738252,1798116.6528442272,10
-1170791.2346659927,1798116.6528442272,10
-1170327.921949465,1798116.6528442272,10
-1169864.6092329377,1798116.6528442272,10
-1169401.29651641,1798116.6528442272,10
-1168937.9837998827,1798116.6528442272,10
-1168474.671083355,1798116.6528442272,10
-1168011.3583668275,1798116.6528442272,10
-1167548.0456503,1798116.6528442272,10
-1167084.7329337727,1798116.6528442272,10
-1166621.4202172451,1798116.6528442272,10
-1166158.1075007175,1798116.6528442272,10
-1165694.7947841901,1798116.6528442272,10
-1165231.4820676625,1798116.6528442272,10
-1164768.1693511351,1798116.6528442272,10
-1164304.8566346075,1798116.6528442272,10
-1163841.5439180802,1798116.6528442272,10
-1163378.2312015526,1798116.6528442272,10
-1162914.9184850252,1798116.6528442272,10
-1162451.6057684976,1798116.6528442272,10
-1161988.2930519702,1798116.6528442272,10
-1161524.9803354426,1798116.6528442272,10
-1161061.6676189152,1798116.6528442272,10
-1160598.3549023876,1798116.6528442272,10
-1160135.0421858602,1798116.6528442272,10
-1159671.7294693326,1798116.6528442272,10
-1159208.416752805,1798116.6528442272,10
-1158745.1040362776,1798116.6528442272,10
-1158281.79131975,1798116.6528442272,10
-1157818.4786032226,1798116.6528442272,10
-1157355.165886695,1798116.6528442272,10
-1156891.8531701677,1798116.6528442272,10
-1156428.54045364,1798116.6528442272,10
-1155965.2277371127,1798116.6528442272,10
-1155501.915020585,1798116.6528442272,10
-1155038.6023040577,1798116.6528442272,10
-1154575.28958753,1798116.6528442272,10
-1154111.9768710027,1798116.6528442272,10
-1153648.664154475,1798116.6528442272,10
-1153185.3514379477,1798116.6528442272,10
-1152722.03872142,1798116.6528442272,10
-1152258.7260048925,1798116.6528442272,10
-1151795.4132883651,1798116.6528442272,10
-1151332.1005718375,1798116.6528442272,10
-1150868.7878553101,1798116.6528442272,10
-1150405.4751387825,1798116.6528442272,10
-1149942.1624222551,1798116.6528442272,10
-1149478.8497057275,1798116.6528442272,10
-1149015.5369892002,1798116.6528442272,10
-1148552.2242726726,1798116.6528442272,10
-1148088.9115561452,1798116.6528442272,10
-1147625.5988396176,1798116.6528442272,10
-1306078.5478920226,1797653.3401276998,10
-1305615.235175495,1797653.3401276998,10
-1305151.9224589677,1797653.3401276998,10
-1304688.60974244,1797653.3401276998,10
-1304225.2970259127,1797653.3401276998,10
-1303761.984309385,1797653.3401276998,10
-1303298.6715928577,1797653.3401276998,16
-1302835.35887633,1797653.3401276998,16
-1302372.0461598027,1797653.3401276998,16
-1301908.733443275,1797653.3401276998,16
-1301445.4207267477,1797653.3401276998,10
-1300982.10801022,1797653.3401276998,10
-1300518.7952936925,1797653.3401276998,10
-1300055.4825771651,1797653.3401276998,10
-1299592.1698606375,1797653.3401276998,16
-1299128.8571441101,1797653.3401276998,16
-1298665.5444275825,1797653.3401276998,16
-1298202.2317110552,1797653.3401276998,16
-1297738.9189945275,1797653.3401276998,16
-1297275.6062780002,1797653.3401276998,16
-1296812.2935614726,1797653.3401276998,16
-1296348.9808449452,1797653.3401276998,16
-1295885.6681284176,1797653.3401276998,16
-1295422.3554118902,1797653.3401276998,16
-1294959.0426953626,1797653.3401276998,16
-1294495.7299788352,1797653.3401276998,16
-1294032.4172623076,1797653.3401276998,10
-1293569.10454578,1797653.3401276998,10
-1293105.7918292526,1797653.3401276998,10
-1292642.479112725,1797653.3401276998,10
-1292179.1663961976,1797653.3401276998,10
-1291715.85367967,1797653.3401276998,10
-1291252.5409631426,1797653.3401276998,10
-1290789.228246615,1797653.3401276998,10
-1290325.9155300877,1797653.3401276998,10
-1289862.60281356,1797653.3401276998,10
-1289399.2900970327,1797653.3401276998,10
-1288935.977380505,1797653.3401276998,10
-1288472.6646639777,1797653.3401276998,10
-1288009.35194745,1797653.3401276998,10
-1287546.0392309227,1797653.3401276998,10
-1287082.726514395,1797653.3401276998,10
-1286619.4137978677,1797653.3401276998,10
-1286156.10108134,1797653.3401276998,10
-1285692.7883648127,1797653.3401276998,10
-1285229.4756482851,1797653.3401276998,10
-1284766.1629317575,1797653.3401276998,10
-1284302.8502152301,1797653.3401276998,10
-1283839.5374987025,1797653.3401276998,10
-1283376.2247821752,1797653.3401276998,10
-1282912.9120656475,1797653.3401276998,10
-1282449.5993491202,1797653.3401276998,10
-1281986.2866325926,1797653.3401276998,10
-1281522.9739160652,1797653.3401276998,10
-1281059.6611995376,1797653.3401276998,10
-1280596.3484830102,1797653.3401276998,10
-1280133.0357664826,1797653.3401276998,10
-1279669.7230499552,1797653.3401276998,10
-1279206.4103334276,1797653.3401276998,10
-1278743.0976169002,1797653.3401276998,10
-1278279.7849003726,1797653.3401276998,10
-1277816.472183845,1797653.3401276998,10
-1277353.1594673176,1797653.3401276998,10
-1276889.84675079,1797653.3401276998,10
-1276426.5340342626,1797653.3401276998,10
-1275963.221317735,1797653.3401276998,10
-1275499.9086012077,1797653.3401276998,10
-1275036.59588468,1797653.3401276998,10
-1274573.2831681527,1797653.3401276998,10
-1274109.970451625,1797653.3401276998,10
-1273646.6577350977,1797653.3401276998,10
-1273183.34501857,1797653.3401276998,10
-1272720.0323020427,1797653.3401276998,10
-1272256.719585515,1797653.3401276998,10
-1271793.4068689877,1797653.3401276998,10
-1271330.09415246,1797653.3401276998,10
-1270866.7814359325,1797653.3401276998,10
-1270403.4687194051,1797653.3401276998,10
-1269940.1560028775,1797653.3401276998,10
-1269476.8432863501,1797653.3401276998,10
-1269013.5305698225,1797653.3401276998,10
-1268550.2178532952,1797653.3401276998,10
-1268086.9051367675,1797653.3401276998,10
-1267623.5924202402,1797653.3401276998,10
-1267160.2797037126,1797653.3401276998,10
-1266696.9669871852,1797653.3401276998,10
-1266233.6542706576,1797653.3401276998,10
-1265770.3415541302,1797653.3401276998,10
-1265307.0288376026,1797653.3401276998,10
-1264843.7161210752,1797653.3401276998,10
-1264380.4034045476,1797653.3401276998,10
-1263917.09068802,1797653.3401276998,10
-1263453.7779714926,1797653.3401276998,10
-1262990.465254965,1797653.3401276998,10
-1262527.1525384376,1797653.3401276998,10
-1262063.83982191,1797653.3401276998,10
-1261600.5271053826,1797653.3401276998,10
-1261137.214388855,1797653.3401276998,10
-1260673.9016723277,1797653.3401276998,10
-1260210.5889558,1797653.3401276998,10
-1259747.2762392727,1797653.3401276998,10
-1259283.963522745,1797653.3401276998,10
-1258820.6508062177,1797653.3401276998,10
-1258357.33808969,1797653.3401276998,10
-1257894.0253731627,1797653.3401276998,10
-1257430.712656635,1797653.3401276998,10
-1256967.3999401077,1797653.3401276998,10
-1256504.08722358,1797653.3401276998,10
-1256040.7745070527,1797653.3401276998,10
-1255577.4617905251,1797653.3401276998,10
-1255114.1490739975,1797653.3401276998,10
-1254650.8363574701,1797653.3401276998,10
-1254187.5236409425,1797653.3401276998,10
-1253724.2109244152,1797653.3401276998,10
-1253260.8982078875,1797653.3401276998,10
-1252797.5854913602,1797653.3401276998,10
-1252334.2727748326,1797653.3401276998,10
-1251870.9600583052,1797653.3401276998,10
-1251407.6473417776,1797653.3401276998,10
-1250944.3346252502,1797653.3401276998,10
-1250481.0219087226,1797653.3401276998,10
-1250017.7091921952,1797653.3401276998,10
-1249554.3964756676,1797653.3401276998,10
-1249091.0837591402,1797653.3401276998,10
-1248627.7710426126,1797653.3401276998,10
-1248164.458326085,1797653.3401276998,10
-1247701.1456095576,1797653.3401276998,10
-1247237.83289303,1797653.3401276998,10
-1246774.5201765026,1797653.3401276998,10
-1246311.207459975,1797653.3401276998,10
-1245847.8947434477,1797653.3401276998,10
-1245384.58202692,1797653.3401276998,10
-1244921.2693103927,1797653.3401276998,10
-1244457.956593865,1797653.3401276998,10
-1243994.6438773377,1797653.3401276998,10
-1243531.33116081,1797653.3401276998,10
-1243068.0184442827,1797653.3401276998,10
-1242604.705727755,1797653.3401276998,10
-1242141.3930112277,1797653.3401276998,10
-1241678.0802947,1797653.3401276998,10
-1241214.7675781725,1797653.3401276998,10
-1240751.4548616451,1797653.3401276998,10
-1240288.1421451175,1797653.3401276998,10
-1239824.8294285901,1797653.3401276998,10
-1239361.5167120625,1797653.3401276998,10
-1238898.2039955352,1797653.3401276998,10
-1238434.8912790075,1797653.3401276998,10
-1237971.5785624802,1797653.3401276998,10
-1237508.2658459526,1797653.3401276998,10
-1237044.9531294252,1797653.3401276998,10
-1236581.6404128976,1797653.3401276998,10
-1236118.3276963702,1797653.3401276998,10
-1235655.0149798426,1797653.3401276998,10
-1235191.7022633152,1797653.3401276998,10
-1234728.3895467876,1797653.3401276998,10
-1234265.07683026,1797653.3401276998,10
-1233801.7641137326,1797653.3401276998,10
-1233338.4513972052,1797653.3401276998,10
-1232875.1386806776,1797653.3401276998,10
-1232411.82596415,1797653.3401276998,10
-1231948.5132476226,1797653.3401276998,10
-1231485.200531095,1797653.3401276998,10
-1231021.8878145677,1797653.3401276998,10
-1230558.57509804,1797653.3401276998,10
-1230095.2623815127,1797653.3401276998,10
-1229631.949664985,1797653.3401276998,10
-1229168.6369484577,1797653.3401276998,10
-1228705.32423193,1797653.3401276998,10
-1228242.0115154027,1797653.3401276998,10
-1227778.698798875,1797653.3401276998,10
-1227315.3860823475,1797653.3401276998,10
-1226852.07336582,1797653.3401276998,10
-1226388.7606492927,1797653.3401276998,10
-1225925.4479327651,1797653.3401276998,10
-1225462.1352162375,1797653.3401276998,10
-1224998.8224997101,1797653.3401276998,10
-1224535.5097831825,1797653.3401276998,10
-1224072.1970666551,1797653.3401276998,10
-1223608.8843501275,1797653.3401276998,10
-1223145.5716336002,1797653.3401276998,10
-1222682.2589170726,1797653.3401276998,10
-1222218.9462005452,1797653.3401276998,10
-1221755.6334840176,1797653.3401276998,10
-1221292.3207674902,1797653.3401276998,10
-1220829.0080509626,1797653.3401276998,10
-1220365.6953344352,1797653.3401276998,10
-1219902.3826179076,1797653.3401276998,10
-1219439.0699013802,1797653.3401276998,10
-1218975.7571848526,1797653.3401276998,10
-1218512.444468325,1797653.3401276998,10
-1218049.1317517976,1797653.3401276998,10
-1217585.81903527,1797653.3401276998,10
-1217122.5063187426,1797653.3401276998,10
-1216659.193602215,1797653.3401276998,10
-1216195.8808856877,1797653.3401276998,10
-1215732.56816916,1797653.3401276998,10
-1215269.2554526327,1797653.3401276998,10
-1214805.942736105,1797653.3401276998,10
-1214342.6300195777,1797653.3401276998,10
-1213879.31730305,1797653.3401276998,10
-1213416.0045865227,1797653.3401276998,10
-1212952.691869995,1797653.3401276998,10
-1212489.3791534677,1797653.3401276998,10
-1212026.06643694,1797653.3401276998,10
-1211562.7537204125,1797653.3401276998,10
-1211099.4410038851,1797653.3401276998,10
-1210636.1282873575,1797653.3401276998,10
-1210172.8155708301,1797653.3401276998,10
-1209709.5028543025,1797653.3401276998,10
-1209246.1901377751,1797653.3401276998,10
-1208782.8774212475,1797653.3401276998,10
-1208319.5647047202,1797653.3401276998,10
-1207856.2519881926,1797653.3401276998,10
-1207392.9392716652,1797653.3401276998,10
-1206929.6265551376,1797653.3401276998,10
-1206466.3138386102,1797653.3401276998,10
-1206003.0011220826,1797653.3401276998,10
-1205539.6884055552,1797653.3401276998,10
-1205076.3756890276,1797653.3401276998,10
-1204613.0629725,1797653.3401276998,10
-1204149.7502559726,1797653.3401276998,10
-1203686.4375394452,1797653.3401276998,10
-1203223.1248229176,1797653.3401276998,10
-1202759.81210639,1797653.3401276998,10
-1202296.4993898626,1797653.3401276998,10
-1201833.186673335,1797653.3401276998,10
-1201369.8739568077,1797653.3401276998,10
-1200906.56124028,1797653.3401276998,10
-1200443.2485237527,1797653.3401276998,10
-1199979.935807225,1797653.3401276998,10
-1199516.6230906977,1797653.3401276998,10
-1199053.31037417,1797653.3401276998,10
-1198589.9976576427,1797653.3401276998,10
-1198126.684941115,1797653.3401276998,10
-1197663.3722245875,1797653.3401276998,10
-1197200.05950806,1797653.3401276998,10
-1196736.7467915327,1797653.3401276998,10
-1196273.4340750051,1797653.3401276998,10
-1195810.1213584775,1797653.3401276998,10
-1195346.8086419501,1797653.3401276998,10
-1194883.4959254225,1797653.3401276998,10
-1194420.1832088951,1797653.3401276998,10
-1193956.8704923675,1797653.3401276998,10
-1193493.5577758402,1797653.3401276998,10
-1193030.2450593126,1797653.3401276998,10
-1192566.9323427852,1797653.3401276998,10
-1192103.6196262576,1797653.3401276998,10
-1191640.3069097302,1797653.3401276998,10
-1191176.9941932026,1797653.3401276998,10
-1190713.6814766752,1797653.3401276998,10
-1190250.3687601476,1797653.3401276998,10
-1189787.0560436202,1797653.3401276998,10
-1189323.7433270926,1797653.3401276998,10
-1188860.430610565,1797653.3401276998,10
-1188397.1178940376,1797653.3401276998,10
-1187933.80517751,1797653.3401276998,10
-1187470.4924609826,1797653.3401276998,10
-1187007.179744455,1797653.3401276998,10
-1186543.8670279277,1797653.3401276998,10
-1186080.5543114,1797653.3401276998,10
-1185617.2415948727,1797653.3401276998,10
-1185153.928878345,1797653.3401276998,10
-1184690.6161618177,1797653.3401276998,10
-1184227.30344529,1797653.3401276998,10
-1183763.9907287627,1797653.3401276998,10
-1183300.678012235,1797653.3401276998,10
-1182837.3652957077,1797653.3401276998,10
-1182374.05257918,1797653.3401276998,10
-1181910.7398626525,1797653.3401276998,10
-1181447.4271461251,1797653.3401276998,10
-1180984.1144295975,1797653.3401276998,10
-1180520.8017130701,1797653.3401276998,10
-1180057.4889965425,1797653.3401276998,10
-1179594.1762800151,1797653.3401276998,10
-1179130.8635634875,1797653.3401276998,10
-1178667.5508469602,1797653.3401276998,10
-1178204.2381304326,1797653.3401276998,10
-1177740.9254139052,1797653.3401276998,10
-1177277.6126973776,1797653.3401276998,10
-1176814.2999808502,1797653.3401276998,10
-1176350.9872643226,1797653.3401276998,10
-1175887.6745477952,1797653.3401276998,10
-1175424.3618312676,1797653.3401276998,10
-1174961.04911474,1797653.3401276998,10
-1174497.7363982126,1797653.3401276998,10
-1174034.4236816852,1797653.3401276998,10
-1173571.1109651576,1797653.3401276998,10
-1173107.79824863,1797653.3401276998,10
-1172644.4855321026,1797653.3401276998,10
-1172181.172815575,1797653.3401276998,10
-1171717.8600990477,1797653.3401276998,10
-1171254.54738252,1797653.3401276998,10
-1170791.2346659927,1797653.3401276998,10
-1170327.921949465,1797653.3401276998,10
-1169864.6092329377,1797653.3401276998,10
-1169401.29651641,1797653.3401276998,10
-1168937.9837998827,1797653.3401276998,10
-1168474.671083355,1797653.3401276998,10
-1168011.3583668275,1797653.3401276998,10
-1167548.0456503,1797653.3401276998,10
-1167084.7329337727,1797653.3401276998,10
-1166621.4202172451,1797653.3401276998,10
-1166158.1075007175,1797653.3401276998,10
-1165694.7947841901,1797653.3401276998,10
-1165231.4820676625,1797653.3401276998,10
-1164768.1693511351,1797653.3401276998,10
-1164304.8566346075,1797653.3401276998,10
-1163841.5439180802,1797653.3401276998,10
-1163378.2312015526,1797653.3401276998,10
-1162914.9184850252,1797653.3401276998,10
-1162451.6057684976,1797653.3401276998,10
-1161988.2930519702,1797653.3401276998,10
-1161524.9803354426,1797653.3401276998,10
-1161061.6676189152,1797653.3401276998,10
-1160598.3549023876,1797653.3401276998,10
-1160135.0421858602,1797653.3401276998,10
-1159671.7294693326,1797653.3401276998,10
-1159208.416752805,1797653.3401276998,10
-1158745.1040362776,1797653.3401276998,10
-1158281.79131975,1797653.3401276998,10
-1157818.4786032226,1797653.3401276998,10
-1157355.165886695,1797653.3401276998,10
-1156891.8531701677,1797653.3401276998,10
-1156428.54045364,1797653.3401276998,10
-1155965.2277371127,1797653.3401276998,10
-1155501.915020585,1797653.3401276998,10
-1155038.6023040577,1797653.3401276998,10
-1154575.28958753,1797653.3401276998,10
-1154111.9768710027,1797653.3401276998,10
-1153648.664154475,1797653.3401276998,10
-1153185.3514379477,1797653.3401276998,10
-1152722.03872142,1797653.3401276998,10
-1152258.7260048925,1797653.3401276998,10
-1151795.4132883651,1797653.3401276998,10
-1151332.1005718375,1797653.3401276998,10
-1150868.7878553101,1797653.3401276998,10
-1150405.4751387825,1797653.3401276998,10
-1149942.1624222551,1797653.3401276998,10
-1149478.8497057275,1797653.3401276998,10
-1149015.5369892002,1797653.3401276998,10
-1148552.2242726726,1797653.3401276998,10
-1148088.9115561452,1797653.3401276998,10
-1147625.5988396176,1797653.3401276998,10
-1306541.86060855,1797190.0274111722,10
-1306078.5478920226,1797190.0274111722,10
-1305615.235175495,1797190.0274111722,10
-1305151.9224589677,1797190.0274111722,10
-1304688.60974244,1797190.0274111722,10
-1304225.2970259127,1797190.0274111722,10
-1303761.984309385,1797190.0274111722,10
-1303298.6715928577,1797190.0274111722,16
-1302835.35887633,1797190.0274111722,16
-1302372.0461598027,1797190.0274111722,16
-1301908.733443275,1797190.0274111722,16
-1301445.4207267477,1797190.0274111722,10
-1300982.10801022,1797190.0274111722,10
-1300518.7952936925,1797190.0274111722,10
-1300055.4825771651,1797190.0274111722,16
-1299592.1698606375,1797190.0274111722,16
-1299128.8571441101,1797190.0274111722,16
-1298665.5444275825,1797190.0274111722,16
-1298202.2317110552,1797190.0274111722,16
-1297738.9189945275,1797190.0274111722,16
-1297275.6062780002,1797190.0274111722,16
-1296812.2935614726,1797190.0274111722,10
-1296348.9808449452,1797190.0274111722,10
-1295885.6681284176,1797190.0274111722,10
-1295422.3554118902,1797190.0274111722,10
-1294959.0426953626,1797190.0274111722,16
-1294495.7299788352,1797190.0274111722,16
-1294032.4172623076,1797190.0274111722,16
-1293569.10454578,1797190.0274111722,16
-1293105.7918292526,1797190.0274111722,16
-1292642.479112725,1797190.0274111722,16
-1292179.1663961976,1797190.0274111722,10
-1291715.85367967,1797190.0274111722,10
-1291252.5409631426,1797190.0274111722,10
-1290789.228246615,1797190.0274111722,10
-1290325.9155300877,1797190.0274111722,10
-1289862.60281356,1797190.0274111722,10
-1289399.2900970327,1797190.0274111722,10
-1288935.977380505,1797190.0274111722,10
-1288472.6646639777,1797190.0274111722,10
-1288009.35194745,1797190.0274111722,10
-1287546.0392309227,1797190.0274111722,10
-1287082.726514395,1797190.0274111722,10
-1286619.4137978677,1797190.0274111722,10
-1286156.10108134,1797190.0274111722,10
-1285692.7883648127,1797190.0274111722,10
-1285229.4756482851,1797190.0274111722,10
-1284766.1629317575,1797190.0274111722,10
-1284302.8502152301,1797190.0274111722,10
-1283839.5374987025,1797190.0274111722,10
-1283376.2247821752,1797190.0274111722,10
-1282912.9120656475,1797190.0274111722,10
-1282449.5993491202,1797190.0274111722,10
-1281986.2866325926,1797190.0274111722,10
-1281522.9739160652,1797190.0274111722,10
-1281059.6611995376,1797190.0274111722,10
-1280596.3484830102,1797190.0274111722,10
-1280133.0357664826,1797190.0274111722,10
-1279669.7230499552,1797190.0274111722,10
-1279206.4103334276,1797190.0274111722,10
-1278743.0976169002,1797190.0274111722,10
-1278279.7849003726,1797190.0274111722,10
-1277816.472183845,1797190.0274111722,10
-1277353.1594673176,1797190.0274111722,10
-1276889.84675079,1797190.0274111722,10
-1276426.5340342626,1797190.0274111722,10
-1275963.221317735,1797190.0274111722,10
-1275499.9086012077,1797190.0274111722,10
-1275036.59588468,1797190.0274111722,10
-1274573.2831681527,1797190.0274111722,10
-1274109.970451625,1797190.0274111722,10
-1273646.6577350977,1797190.0274111722,10
-1273183.34501857,1797190.0274111722,10
-1272720.0323020427,1797190.0274111722,10
-1272256.719585515,1797190.0274111722,10
-1271793.4068689877,1797190.0274111722,10
-1271330.09415246,1797190.0274111722,10
-1270866.7814359325,1797190.0274111722,10
-1270403.4687194051,1797190.0274111722,10
-1269940.1560028775,1797190.0274111722,10
-1269476.8432863501,1797190.0274111722,10
-1269013.5305698225,1797190.0274111722,10
-1268550.2178532952,1797190.0274111722,10
-1268086.9051367675,1797190.0274111722,10
-1267623.5924202402,1797190.0274111722,10
-1267160.2797037126,1797190.0274111722,10
-1266696.9669871852,1797190.0274111722,10
-1266233.6542706576,1797190.0274111722,10
-1265770.3415541302,1797190.0274111722,10
-1265307.0288376026,1797190.0274111722,10
-1264843.7161210752,1797190.0274111722,10
-1264380.4034045476,1797190.0274111722,10
-1263917.09068802,1797190.0274111722,10
-1263453.7779714926,1797190.0274111722,10
-1262990.465254965,1797190.0274111722,10
-1262527.1525384376,1797190.0274111722,10
-1262063.83982191,1797190.0274111722,10
-1261600.5271053826,1797190.0274111722,10
-1261137.214388855,1797190.0274111722,10
-1260673.9016723277,1797190.0274111722,10
-1260210.5889558,1797190.0274111722,10
-1259747.2762392727,1797190.0274111722,10
-1259283.963522745,1797190.0274111722,10
-1258820.6508062177,1797190.0274111722,10
-1258357.33808969,1797190.0274111722,10
-1257894.0253731627,1797190.0274111722,10
-1257430.712656635,1797190.0274111722,10
-1256967.3999401077,1797190.0274111722,10
-1256504.08722358,1797190.0274111722,10
-1256040.7745070527,1797190.0274111722,10
-1255577.4617905251,1797190.0274111722,10
-1255114.1490739975,1797190.0274111722,10
-1254650.8363574701,1797190.0274111722,10
-1254187.5236409425,1797190.0274111722,10
-1253724.2109244152,1797190.0274111722,10
-1253260.8982078875,1797190.0274111722,10
-1252797.5854913602,1797190.0274111722,10
-1252334.2727748326,1797190.0274111722,10
-1251870.9600583052,1797190.0274111722,10
-1251407.6473417776,1797190.0274111722,10
-1250944.3346252502,1797190.0274111722,10
-1250481.0219087226,1797190.0274111722,10
-1250017.7091921952,1797190.0274111722,10
-1249554.3964756676,1797190.0274111722,10
-1249091.0837591402,1797190.0274111722,10
-1248627.7710426126,1797190.0274111722,10
-1248164.458326085,1797190.0274111722,10
-1247701.1456095576,1797190.0274111722,10
-1247237.83289303,1797190.0274111722,10
-1246774.5201765026,1797190.0274111722,10
-1246311.207459975,1797190.0274111722,10
-1245847.8947434477,1797190.0274111722,10
-1245384.58202692,1797190.0274111722,10
-1244921.2693103927,1797190.0274111722,10
-1244457.956593865,1797190.0274111722,10
-1243994.6438773377,1797190.0274111722,10
-1243531.33116081,1797190.0274111722,10
-1243068.0184442827,1797190.0274111722,10
-1242604.705727755,1797190.0274111722,10
-1242141.3930112277,1797190.0274111722,10
-1241678.0802947,1797190.0274111722,10
-1241214.7675781725,1797190.0274111722,10
-1240751.4548616451,1797190.0274111722,10
-1240288.1421451175,1797190.0274111722,10
-1239824.8294285901,1797190.0274111722,10
-1239361.5167120625,1797190.0274111722,10
-1238898.2039955352,1797190.0274111722,10
-1238434.8912790075,1797190.0274111722,10
-1237971.5785624802,1797190.0274111722,10
-1237508.2658459526,1797190.0274111722,10
-1237044.9531294252,1797190.0274111722,10
-1236581.6404128976,1797190.0274111722,10
-1236118.3276963702,1797190.0274111722,10
-1235655.0149798426,1797190.0274111722,10
-1235191.7022633152,1797190.0274111722,10
-1234728.3895467876,1797190.0274111722,10
-1234265.07683026,1797190.0274111722,10
-1233801.7641137326,1797190.0274111722,10
-1233338.4513972052,1797190.0274111722,10
-1232875.1386806776,1797190.0274111722,10
-1232411.82596415,1797190.0274111722,10
-1231948.5132476226,1797190.0274111722,10
-1231485.200531095,1797190.0274111722,10
-1231021.8878145677,1797190.0274111722,10
-1230558.57509804,1797190.0274111722,10
-1230095.2623815127,1797190.0274111722,10
-1229631.949664985,1797190.0274111722,10
-1229168.6369484577,1797190.0274111722,10
-1228705.32423193,1797190.0274111722,10
-1228242.0115154027,1797190.0274111722,10
-1227778.698798875,1797190.0274111722,10
-1227315.3860823475,1797190.0274111722,10
-1226852.07336582,1797190.0274111722,10
-1226388.7606492927,1797190.0274111722,10
-1225925.4479327651,1797190.0274111722,10
-1225462.1352162375,1797190.0274111722,10
-1224998.8224997101,1797190.0274111722,10
-1224535.5097831825,1797190.0274111722,10
-1224072.1970666551,1797190.0274111722,10
-1223608.8843501275,1797190.0274111722,10
-1223145.5716336002,1797190.0274111722,10
-1222682.2589170726,1797190.0274111722,10
-1222218.9462005452,1797190.0274111722,10
-1221755.6334840176,1797190.0274111722,10
-1221292.3207674902,1797190.0274111722,10
-1220829.0080509626,1797190.0274111722,10
-1220365.6953344352,1797190.0274111722,10
-1219902.3826179076,1797190.0274111722,10
-1219439.0699013802,1797190.0274111722,10
-1218975.7571848526,1797190.0274111722,10
-1218512.444468325,1797190.0274111722,10
-1218049.1317517976,1797190.0274111722,10
-1217585.81903527,1797190.0274111722,10
-1217122.5063187426,1797190.0274111722,10
-1216659.193602215,1797190.0274111722,10
-1216195.8808856877,1797190.0274111722,10
-1215732.56816916,1797190.0274111722,10
-1215269.2554526327,1797190.0274111722,10
-1214805.942736105,1797190.0274111722,10
-1214342.6300195777,1797190.0274111722,10
-1213879.31730305,1797190.0274111722,10
-1213416.0045865227,1797190.0274111722,10
-1212952.691869995,1797190.0274111722,10
-1212489.3791534677,1797190.0274111722,10
-1212026.06643694,1797190.0274111722,10
-1211562.7537204125,1797190.0274111722,10
-1211099.4410038851,1797190.0274111722,10
-1210636.1282873575,1797190.0274111722,10
-1210172.8155708301,1797190.0274111722,10
-1209709.5028543025,1797190.0274111722,10
-1209246.1901377751,1797190.0274111722,10
-1208782.8774212475,1797190.0274111722,10
-1208319.5647047202,1797190.0274111722,10
-1207856.2519881926,1797190.0274111722,10
-1207392.9392716652,1797190.0274111722,10
-1206929.6265551376,1797190.0274111722,10
-1206466.3138386102,1797190.0274111722,10
-1206003.0011220826,1797190.0274111722,10
-1205539.6884055552,1797190.0274111722,10
-1205076.3756890276,1797190.0274111722,10
-1204613.0629725,1797190.0274111722,10
-1204149.7502559726,1797190.0274111722,10
-1203686.4375394452,1797190.0274111722,10
-1203223.1248229176,1797190.0274111722,10
-1202759.81210639,1797190.0274111722,10
-1202296.4993898626,1797190.0274111722,10
-1201833.186673335,1797190.0274111722,10
-1201369.8739568077,1797190.0274111722,10
-1200906.56124028,1797190.0274111722,10
-1200443.2485237527,1797190.0274111722,10
-1199979.935807225,1797190.0274111722,10
-1199516.6230906977,1797190.0274111722,10
-1199053.31037417,1797190.0274111722,10
-1198589.9976576427,1797190.0274111722,10
-1198126.684941115,1797190.0274111722,10
-1197663.3722245875,1797190.0274111722,10
-1197200.05950806,1797190.0274111722,10
-1196736.7467915327,1797190.0274111722,10
-1196273.4340750051,1797190.0274111722,10
-1195810.1213584775,1797190.0274111722,10
-1195346.8086419501,1797190.0274111722,10
-1194883.4959254225,1797190.0274111722,10
-1194420.1832088951,1797190.0274111722,10
-1193956.8704923675,1797190.0274111722,10
-1193493.5577758402,1797190.0274111722,10
-1193030.2450593126,1797190.0274111722,10
-1192566.9323427852,1797190.0274111722,10
-1192103.6196262576,1797190.0274111722,10
-1191640.3069097302,1797190.0274111722,10
-1191176.9941932026,1797190.0274111722,10
-1190713.6814766752,1797190.0274111722,10
-1190250.3687601476,1797190.0274111722,10
-1189787.0560436202,1797190.0274111722,10
-1189323.7433270926,1797190.0274111722,10
-1188860.430610565,1797190.0274111722,10
-1188397.1178940376,1797190.0274111722,10
-1187933.80517751,1797190.0274111722,10
-1187470.4924609826,1797190.0274111722,10
-1187007.179744455,1797190.0274111722,10
-1186543.8670279277,1797190.0274111722,10
-1186080.5543114,1797190.0274111722,10
-1185617.2415948727,1797190.0274111722,10
-1185153.928878345,1797190.0274111722,10
-1184690.6161618177,1797190.0274111722,10
-1184227.30344529,1797190.0274111722,10
-1183763.9907287627,1797190.0274111722,10
-1183300.678012235,1797190.0274111722,10
-1182837.3652957077,1797190.0274111722,10
-1182374.05257918,1797190.0274111722,10
-1181910.7398626525,1797190.0274111722,10
-1181447.4271461251,1797190.0274111722,10
-1180984.1144295975,1797190.0274111722,10
-1180520.8017130701,1797190.0274111722,10
-1180057.4889965425,1797190.0274111722,10
-1179594.1762800151,1797190.0274111722,10
-1179130.8635634875,1797190.0274111722,10
-1178667.5508469602,1797190.0274111722,10
-1178204.2381304326,1797190.0274111722,10
-1177740.9254139052,1797190.0274111722,10
-1177277.6126973776,1797190.0274111722,10
-1176814.2999808502,1797190.0274111722,10
-1176350.9872643226,1797190.0274111722,10
-1175887.6745477952,1797190.0274111722,10
-1175424.3618312676,1797190.0274111722,10
-1174961.04911474,1797190.0274111722,10
-1174497.7363982126,1797190.0274111722,10
-1174034.4236816852,1797190.0274111722,10
-1173571.1109651576,1797190.0274111722,10
-1173107.79824863,1797190.0274111722,10
-1172644.4855321026,1797190.0274111722,10
-1172181.172815575,1797190.0274111722,10
-1171717.8600990477,1797190.0274111722,10
-1171254.54738252,1797190.0274111722,10
-1170791.2346659927,1797190.0274111722,10
-1170327.921949465,1797190.0274111722,10
-1169864.6092329377,1797190.0274111722,10
-1169401.29651641,1797190.0274111722,10
-1168937.9837998827,1797190.0274111722,10
-1168474.671083355,1797190.0274111722,10
-1168011.3583668275,1797190.0274111722,10
-1167548.0456503,1797190.0274111722,10
-1167084.7329337727,1797190.0274111722,10
-1166621.4202172451,1797190.0274111722,10
-1166158.1075007175,1797190.0274111722,10
-1165694.7947841901,1797190.0274111722,10
-1165231.4820676625,1797190.0274111722,10
-1164768.1693511351,1797190.0274111722,10
-1164304.8566346075,1797190.0274111722,10
-1163841.5439180802,1797190.0274111722,10
-1163378.2312015526,1797190.0274111722,10
-1162914.9184850252,1797190.0274111722,10
-1162451.6057684976,1797190.0274111722,10
-1161988.2930519702,1797190.0274111722,10
-1161524.9803354426,1797190.0274111722,10
-1161061.6676189152,1797190.0274111722,10
-1160598.3549023876,1797190.0274111722,10
-1160135.0421858602,1797190.0274111722,10
-1159671.7294693326,1797190.0274111722,10
-1159208.416752805,1797190.0274111722,10
-1158745.1040362776,1797190.0274111722,10
-1158281.79131975,1797190.0274111722,10
-1157818.4786032226,1797190.0274111722,10
-1157355.165886695,1797190.0274111722,10
-1156891.8531701677,1797190.0274111722,10
-1156428.54045364,1797190.0274111722,10
-1155965.2277371127,1797190.0274111722,10
-1155501.915020585,1797190.0274111722,10
-1155038.6023040577,1797190.0274111722,10
-1154575.28958753,1797190.0274111722,10
-1154111.9768710027,1797190.0274111722,10
-1153648.664154475,1797190.0274111722,10
-1153185.3514379477,1797190.0274111722,10
-1152722.03872142,1797190.0274111722,10
-1152258.7260048925,1797190.0274111722,10
-1151795.4132883651,1797190.0274111722,10
-1151332.1005718375,1797190.0274111722,10
-1150868.7878553101,1797190.0274111722,10
-1150405.4751387825,1797190.0274111722,10
-1149942.1624222551,1797190.0274111722,10
-1149478.8497057275,1797190.0274111722,10
-1149015.5369892002,1797190.0274111722,10
-1148552.2242726726,1797190.0274111722,10
-1148088.9115561452,1797190.0274111722,10
-1147625.5988396176,1797190.0274111722,10
-1306541.86060855,1796726.7146946448,10
-1306078.5478920226,1796726.7146946448,10
-1305615.235175495,1796726.7146946448,10
-1305151.9224589677,1796726.7146946448,10
-1304688.60974244,1796726.7146946448,10
-1304225.2970259127,1796726.7146946448,10
-1303761.984309385,1796726.7146946448,10
-1303298.6715928577,1796726.7146946448,16
-1302835.35887633,1796726.7146946448,16
-1302372.0461598027,1796726.7146946448,16
-1301908.733443275,1796726.7146946448,16
-1301445.4207267477,1796726.7146946448,16
-1300982.10801022,1796726.7146946448,16
-1300518.7952936925,1796726.7146946448,16
-1300055.4825771651,1796726.7146946448,16
-1299592.1698606375,1796726.7146946448,16
-1299128.8571441101,1796726.7146946448,16
-1298665.5444275825,1796726.7146946448,16
-1298202.2317110552,1796726.7146946448,16
-1297738.9189945275,1796726.7146946448,16
-1297275.6062780002,1796726.7146946448,16
-1296812.2935614726,1796726.7146946448,16
-1296348.9808449452,1796726.7146946448,10
-1295885.6681284176,1796726.7146946448,10
-1295422.3554118902,1796726.7146946448,7
-1294959.0426953626,1796726.7146946448,10
-1294495.7299788352,1796726.7146946448,16
-1294032.4172623076,1796726.7146946448,16
-1293569.10454578,1796726.7146946448,16
-1293105.7918292526,1796726.7146946448,16
-1292642.479112725,1796726.7146946448,16
-1292179.1663961976,1796726.7146946448,10
-1291715.85367967,1796726.7146946448,10
-1291252.5409631426,1796726.7146946448,16
-1290789.228246615,1796726.7146946448,16
-1290325.9155300877,1796726.7146946448,10
-1289862.60281356,1796726.7146946448,10
-1289399.2900970327,1796726.7146946448,10
-1288935.977380505,1796726.7146946448,10
-1288472.6646639777,1796726.7146946448,10
-1288009.35194745,1796726.7146946448,10
-1287546.0392309227,1796726.7146946448,10
-1287082.726514395,1796726.7146946448,10
-1286619.4137978677,1796726.7146946448,10
-1286156.10108134,1796726.7146946448,10
-1285692.7883648127,1796726.7146946448,10
-1285229.4756482851,1796726.7146946448,10
-1284766.1629317575,1796726.7146946448,10
-1284302.8502152301,1796726.7146946448,10
-1283839.5374987025,1796726.7146946448,10
-1283376.2247821752,1796726.7146946448,7
-1282912.9120656475,1796726.7146946448,10
-1282449.5993491202,1796726.7146946448,10
-1281986.2866325926,1796726.7146946448,10
-1281522.9739160652,1796726.7146946448,10
-1281059.6611995376,1796726.7146946448,10
-1280596.3484830102,1796726.7146946448,10
-1280133.0357664826,1796726.7146946448,10
-1279669.7230499552,1796726.7146946448,10
-1279206.4103334276,1796726.7146946448,10
-1278743.0976169002,1796726.7146946448,10
-1278279.7849003726,1796726.7146946448,10
-1277816.472183845,1796726.7146946448,10
-1277353.1594673176,1796726.7146946448,10
-1276889.84675079,1796726.7146946448,10
-1276426.5340342626,1796726.7146946448,10
-1275963.221317735,1796726.7146946448,10
-1275499.9086012077,1796726.7146946448,10
-1275036.59588468,1796726.7146946448,10
-1274573.2831681527,1796726.7146946448,10
-1274109.970451625,1796726.7146946448,10
-1273646.6577350977,1796726.7146946448,10
-1273183.34501857,1796726.7146946448,10
-1272720.0323020427,1796726.7146946448,10
-1272256.719585515,1796726.7146946448,10
-1271793.4068689877,1796726.7146946448,10
-1271330.09415246,1796726.7146946448,10
-1270866.7814359325,1796726.7146946448,10
-1270403.4687194051,1796726.7146946448,10
-1269940.1560028775,1796726.7146946448,10
-1269476.8432863501,1796726.7146946448,10
-1269013.5305698225,1796726.7146946448,10
-1268550.2178532952,1796726.7146946448,10
-1268086.9051367675,1796726.7146946448,10
-1267623.5924202402,1796726.7146946448,10
-1267160.2797037126,1796726.7146946448,10
-1266696.9669871852,1796726.7146946448,10
-1266233.6542706576,1796726.7146946448,10
-1265770.3415541302,1796726.7146946448,10
-1265307.0288376026,1796726.7146946448,10
-1264843.7161210752,1796726.7146946448,10
-1264380.4034045476,1796726.7146946448,10
-1263917.09068802,1796726.7146946448,10
-1263453.7779714926,1796726.7146946448,10
-1262990.465254965,1796726.7146946448,10
-1262527.1525384376,1796726.7146946448,10
-1262063.83982191,1796726.7146946448,10
-1261600.5271053826,1796726.7146946448,10
-1261137.214388855,1796726.7146946448,10
-1260673.9016723277,1796726.7146946448,10
-1260210.5889558,1796726.7146946448,10
-1259747.2762392727,1796726.7146946448,10
-1259283.963522745,1796726.7146946448,10
-1258820.6508062177,1796726.7146946448,10
-1258357.33808969,1796726.7146946448,10
-1257894.0253731627,1796726.7146946448,10
-1257430.712656635,1796726.7146946448,10
-1256967.3999401077,1796726.7146946448,10
-1256504.08722358,1796726.7146946448,10
-1256040.7745070527,1796726.7146946448,10
-1255577.4617905251,1796726.7146946448,10
-1255114.1490739975,1796726.7146946448,10
-1254650.8363574701,1796726.7146946448,10
-1254187.5236409425,1796726.7146946448,10
-1253724.2109244152,1796726.7146946448,10
-1253260.8982078875,1796726.7146946448,10
-1252797.5854913602,1796726.7146946448,10
-1252334.2727748326,1796726.7146946448,10
-1251870.9600583052,1796726.7146946448,10
-1251407.6473417776,1796726.7146946448,10
-1250944.3346252502,1796726.7146946448,10
-1250481.0219087226,1796726.7146946448,10
-1250017.7091921952,1796726.7146946448,10
-1249554.3964756676,1796726.7146946448,10
-1249091.0837591402,1796726.7146946448,10
-1248627.7710426126,1796726.7146946448,10
-1248164.458326085,1796726.7146946448,10
-1247701.1456095576,1796726.7146946448,10
-1247237.83289303,1796726.7146946448,10
-1246774.5201765026,1796726.7146946448,10
-1246311.207459975,1796726.7146946448,10
-1245847.8947434477,1796726.7146946448,10
-1245384.58202692,1796726.7146946448,10
-1244921.2693103927,1796726.7146946448,10
-1244457.956593865,1796726.7146946448,10
-1243994.6438773377,1796726.7146946448,10
-1243531.33116081,1796726.7146946448,10
-1243068.0184442827,1796726.7146946448,10
-1242604.705727755,1796726.7146946448,10
-1242141.3930112277,1796726.7146946448,10
-1241678.0802947,1796726.7146946448,10
-1241214.7675781725,1796726.7146946448,10
-1240751.4548616451,1796726.7146946448,10
-1240288.1421451175,1796726.7146946448,10
-1239824.8294285901,1796726.7146946448,10
-1239361.5167120625,1796726.7146946448,10
-1238898.2039955352,1796726.7146946448,10
-1238434.8912790075,1796726.7146946448,10
-1237971.5785624802,1796726.7146946448,10
-1237508.2658459526,1796726.7146946448,10
-1237044.9531294252,1796726.7146946448,10
-1236581.6404128976,1796726.7146946448,10
-1236118.3276963702,1796726.7146946448,10
-1235655.0149798426,1796726.7146946448,10
-1235191.7022633152,1796726.7146946448,10
-1234728.3895467876,1796726.7146946448,10
-1234265.07683026,1796726.7146946448,10
-1233801.7641137326,1796726.7146946448,10
-1233338.4513972052,1796726.7146946448,10
-1232875.1386806776,1796726.7146946448,10
-1232411.82596415,1796726.7146946448,10
-1231948.5132476226,1796726.7146946448,10
-1231485.200531095,1796726.7146946448,10
-1231021.8878145677,1796726.7146946448,10
-1230558.57509804,1796726.7146946448,10
-1230095.2623815127,1796726.7146946448,10
-1229631.949664985,1796726.7146946448,10
-1229168.6369484577,1796726.7146946448,10
-1228705.32423193,1796726.7146946448,10
-1228242.0115154027,1796726.7146946448,10
-1227778.698798875,1796726.7146946448,10
-1227315.3860823475,1796726.7146946448,10
-1226852.07336582,1796726.7146946448,10
-1226388.7606492927,1796726.7146946448,10
-1225925.4479327651,1796726.7146946448,10
-1225462.1352162375,1796726.7146946448,10
-1224998.8224997101,1796726.7146946448,10
-1224535.5097831825,1796726.7146946448,10
-1224072.1970666551,1796726.7146946448,10
-1223608.8843501275,1796726.7146946448,10
-1223145.5716336002,1796726.7146946448,10
-1222682.2589170726,1796726.7146946448,10
-1222218.9462005452,1796726.7146946448,10
-1221755.6334840176,1796726.7146946448,10
-1221292.3207674902,1796726.7146946448,10
-1220829.0080509626,1796726.7146946448,10
-1220365.6953344352,1796726.7146946448,10
-1219902.3826179076,1796726.7146946448,10
-1219439.0699013802,1796726.7146946448,10
-1218975.7571848526,1796726.7146946448,10
-1218512.444468325,1796726.7146946448,10
-1218049.1317517976,1796726.7146946448,10
-1217585.81903527,1796726.7146946448,10
-1217122.5063187426,1796726.7146946448,10
-1216659.193602215,1796726.7146946448,10
-1216195.8808856877,1796726.7146946448,10
-1215732.56816916,1796726.7146946448,10
-1215269.2554526327,1796726.7146946448,10
-1214805.942736105,1796726.7146946448,10
-1214342.6300195777,1796726.7146946448,10
-1213879.31730305,1796726.7146946448,10
-1213416.0045865227,1796726.7146946448,10
-1212952.691869995,1796726.7146946448,10
-1212489.3791534677,1796726.7146946448,10
-1212026.06643694,1796726.7146946448,10
-1211562.7537204125,1796726.7146946448,10
-1211099.4410038851,1796726.7146946448,10
-1210636.1282873575,1796726.7146946448,10
-1210172.8155708301,1796726.7146946448,10
-1209709.5028543025,1796726.7146946448,10
-1209246.1901377751,1796726.7146946448,10
-1208782.8774212475,1796726.7146946448,10
-1208319.5647047202,1796726.7146946448,10
-1207856.2519881926,1796726.7146946448,10
-1207392.9392716652,1796726.7146946448,10
-1206929.6265551376,1796726.7146946448,10
-1206466.3138386102,1796726.7146946448,10
-1206003.0011220826,1796726.7146946448,10
-1205539.6884055552,1796726.7146946448,10
-1205076.3756890276,1796726.7146946448,10
-1204613.0629725,1796726.7146946448,10
-1204149.7502559726,1796726.7146946448,10
-1203686.4375394452,1796726.7146946448,10
-1203223.1248229176,1796726.7146946448,10
-1202759.81210639,1796726.7146946448,10
-1202296.4993898626,1796726.7146946448,10
-1201833.186673335,1796726.7146946448,10
-1201369.8739568077,1796726.7146946448,10
-1200906.56124028,1796726.7146946448,10
-1200443.2485237527,1796726.7146946448,10
-1199979.935807225,1796726.7146946448,10
-1199516.6230906977,1796726.7146946448,10
-1199053.31037417,1796726.7146946448,10
-1198589.9976576427,1796726.7146946448,10
-1198126.684941115,1796726.7146946448,10
-1197663.3722245875,1796726.7146946448,10
-1197200.05950806,1796726.7146946448,10
-1196736.7467915327,1796726.7146946448,10
-1196273.4340750051,1796726.7146946448,10
-1195810.1213584775,1796726.7146946448,10
-1195346.8086419501,1796726.7146946448,10
-1194883.4959254225,1796726.7146946448,10
-1194420.1832088951,1796726.7146946448,10
-1193956.8704923675,1796726.7146946448,10
-1193493.5577758402,1796726.7146946448,10
-1193030.2450593126,1796726.7146946448,10
-1192566.9323427852,1796726.7146946448,10
-1192103.6196262576,1796726.7146946448,10
-1191640.3069097302,1796726.7146946448,10
-1191176.9941932026,1796726.7146946448,10
-1190713.6814766752,1796726.7146946448,10
-1190250.3687601476,1796726.7146946448,10
-1189787.0560436202,1796726.7146946448,10
-1189323.7433270926,1796726.7146946448,10
-1188860.430610565,1796726.7146946448,10
-1188397.1178940376,1796726.7146946448,10
-1187933.80517751,1796726.7146946448,10
-1187470.4924609826,1796726.7146946448,10
-1187007.179744455,1796726.7146946448,10
-1186543.8670279277,1796726.7146946448,10
-1186080.5543114,1796726.7146946448,10
-1185617.2415948727,1796726.7146946448,10
-1185153.928878345,1796726.7146946448,10
-1184690.6161618177,1796726.7146946448,10
-1184227.30344529,1796726.7146946448,10
-1183763.9907287627,1796726.7146946448,10
-1183300.678012235,1796726.7146946448,10
-1182837.3652957077,1796726.7146946448,10
-1182374.05257918,1796726.7146946448,10
-1181910.7398626525,1796726.7146946448,10
-1181447.4271461251,1796726.7146946448,10
-1180984.1144295975,1796726.7146946448,10
-1180520.8017130701,1796726.7146946448,10
-1180057.4889965425,1796726.7146946448,10
-1179594.1762800151,1796726.7146946448,10
-1179130.8635634875,1796726.7146946448,10
-1178667.5508469602,1796726.7146946448,10
-1178204.2381304326,1796726.7146946448,10
-1177740.9254139052,1796726.7146946448,10
-1177277.6126973776,1796726.7146946448,10
-1176814.2999808502,1796726.7146946448,10
-1176350.9872643226,1796726.7146946448,10
-1175887.6745477952,1796726.7146946448,10
-1175424.3618312676,1796726.7146946448,10
-1174961.04911474,1796726.7146946448,10
-1174497.7363982126,1796726.7146946448,10
-1174034.4236816852,1796726.7146946448,10
-1173571.1109651576,1796726.7146946448,10
-1173107.79824863,1796726.7146946448,10
-1172644.4855321026,1796726.7146946448,10
-1172181.172815575,1796726.7146946448,10
-1171717.8600990477,1796726.7146946448,10
-1171254.54738252,1796726.7146946448,10
-1170791.2346659927,1796726.7146946448,10
-1170327.921949465,1796726.7146946448,10
-1169864.6092329377,1796726.7146946448,10
-1169401.29651641,1796726.7146946448,10
-1168937.9837998827,1796726.7146946448,10
-1168474.671083355,1796726.7146946448,10
-1168011.3583668275,1796726.7146946448,10
-1167548.0456503,1796726.7146946448,10
-1167084.7329337727,1796726.7146946448,10
-1166621.4202172451,1796726.7146946448,10
-1166158.1075007175,1796726.7146946448,10
-1165694.7947841901,1796726.7146946448,10
-1165231.4820676625,1796726.7146946448,10
-1164768.1693511351,1796726.7146946448,10
-1164304.8566346075,1796726.7146946448,10
-1163841.5439180802,1796726.7146946448,10
-1163378.2312015526,1796726.7146946448,10
-1162914.9184850252,1796726.7146946448,10
-1162451.6057684976,1796726.7146946448,10
-1161988.2930519702,1796726.7146946448,10
-1161524.9803354426,1796726.7146946448,10
-1161061.6676189152,1796726.7146946448,10
-1160598.3549023876,1796726.7146946448,10
-1160135.0421858602,1796726.7146946448,10
-1159671.7294693326,1796726.7146946448,10
-1159208.416752805,1796726.7146946448,10
-1158745.1040362776,1796726.7146946448,10
-1158281.79131975,1796726.7146946448,10
-1157818.4786032226,1796726.7146946448,10
-1157355.165886695,1796726.7146946448,10
-1156891.8531701677,1796726.7146946448,10
-1156428.54045364,1796726.7146946448,10
-1155965.2277371127,1796726.7146946448,10
-1155501.915020585,1796726.7146946448,10
-1155038.6023040577,1796726.7146946448,10
-1154575.28958753,1796726.7146946448,10
-1154111.9768710027,1796726.7146946448,10
-1153648.664154475,1796726.7146946448,10
-1153185.3514379477,1796726.7146946448,10
-1152722.03872142,1796726.7146946448,10
-1152258.7260048925,1796726.7146946448,10
-1151795.4132883651,1796726.7146946448,10
-1151332.1005718375,1796726.7146946448,10
-1150868.7878553101,1796726.7146946448,10
-1150405.4751387825,1796726.7146946448,10
-1149942.1624222551,1796726.7146946448,10
-1149478.8497057275,1796726.7146946448,10
-1149015.5369892002,1796726.7146946448,10
-1148552.2242726726,1796726.7146946448,10
-1148088.9115561452,1796726.7146946448,10
-1147625.5988396176,1796726.7146946448,10
-1306541.86060855,1796263.4019781172,10
-1306078.5478920226,1796263.4019781172,10
-1305615.235175495,1796263.4019781172,10
-1305151.9224589677,1796263.4019781172,10
-1304688.60974244,1796263.4019781172,10
-1304225.2970259127,1796263.4019781172,10
-1303761.984309385,1796263.4019781172,10
-1303298.6715928577,1796263.4019781172,10
-1302835.35887633,1796263.4019781172,16
-1302372.0461598027,1796263.4019781172,16
-1301908.733443275,1796263.4019781172,16
-1301445.4207267477,1796263.4019781172,16
-1300982.10801022,1796263.4019781172,16
-1300518.7952936925,1796263.4019781172,16
-1300055.4825771651,1796263.4019781172,16
-1299592.1698606375,1796263.4019781172,16
-1299128.8571441101,1796263.4019781172,16
-1298665.5444275825,1796263.4019781172,16
-1298202.2317110552,1796263.4019781172,16
-1297738.9189945275,1796263.4019781172,16
-1297275.6062780002,1796263.4019781172,16
-1296812.2935614726,1796263.4019781172,16
-1296348.9808449452,1796263.4019781172,10
-1295885.6681284176,1796263.4019781172,10
-1295422.3554118902,1796263.4019781172,10
-1294959.0426953626,1796263.4019781172,10
-1294495.7299788352,1796263.4019781172,10
-1294032.4172623076,1796263.4019781172,16
-1293569.10454578,1796263.4019781172,10
-1293105.7918292526,1796263.4019781172,10
-1292642.479112725,1796263.4019781172,10
-1292179.1663961976,1796263.4019781172,10
-1291715.85367967,1796263.4019781172,10
-1291252.5409631426,1796263.4019781172,10
-1290789.228246615,1796263.4019781172,10
-1290325.9155300877,1796263.4019781172,10
-1289862.60281356,1796263.4019781172,10
-1289399.2900970327,1796263.4019781172,10
-1288935.977380505,1796263.4019781172,10
-1288472.6646639777,1796263.4019781172,10
-1288009.35194745,1796263.4019781172,10
-1287546.0392309227,1796263.4019781172,10
-1287082.726514395,1796263.4019781172,10
-1286619.4137978677,1796263.4019781172,10
-1286156.10108134,1796263.4019781172,10
-1285692.7883648127,1796263.4019781172,10
-1285229.4756482851,1796263.4019781172,10
-1284766.1629317575,1796263.4019781172,10
-1284302.8502152301,1796263.4019781172,10
-1283839.5374987025,1796263.4019781172,10
-1283376.2247821752,1796263.4019781172,10
-1282912.9120656475,1796263.4019781172,10
-1282449.5993491202,1796263.4019781172,10
-1281986.2866325926,1796263.4019781172,10
-1281522.9739160652,1796263.4019781172,10
-1281059.6611995376,1796263.4019781172,10
-1280596.3484830102,1796263.4019781172,10
-1280133.0357664826,1796263.4019781172,10
-1279669.7230499552,1796263.4019781172,10
-1279206.4103334276,1796263.4019781172,10
-1278743.0976169002,1796263.4019781172,10
-1278279.7849003726,1796263.4019781172,10
-1277816.472183845,1796263.4019781172,10
-1277353.1594673176,1796263.4019781172,10
-1276889.84675079,1796263.4019781172,10
-1276426.5340342626,1796263.4019781172,10
-1275963.221317735,1796263.4019781172,10
-1275499.9086012077,1796263.4019781172,10
-1275036.59588468,1796263.4019781172,10
-1274573.2831681527,1796263.4019781172,10
-1274109.970451625,1796263.4019781172,10
-1273646.6577350977,1796263.4019781172,10
-1273183.34501857,1796263.4019781172,10
-1272720.0323020427,1796263.4019781172,10
-1272256.719585515,1796263.4019781172,10
-1271793.4068689877,1796263.4019781172,10
-1271330.09415246,1796263.4019781172,10
-1270866.7814359325,1796263.4019781172,10
-1270403.4687194051,1796263.4019781172,10
-1269940.1560028775,1796263.4019781172,10
-1269476.8432863501,1796263.4019781172,10
-1269013.5305698225,1796263.4019781172,10
-1268550.2178532952,1796263.4019781172,10
-1268086.9051367675,1796263.4019781172,10
-1267623.5924202402,1796263.4019781172,10
-1267160.2797037126,1796263.4019781172,10
-1266696.9669871852,1796263.4019781172,10
-1266233.6542706576,1796263.4019781172,10
-1265770.3415541302,1796263.4019781172,10
-1265307.0288376026,1796263.4019781172,10
-1264843.7161210752,1796263.4019781172,10
-1264380.4034045476,1796263.4019781172,10
-1263917.09068802,1796263.4019781172,10
-1263453.7779714926,1796263.4019781172,10
-1262990.465254965,1796263.4019781172,10
-1262527.1525384376,1796263.4019781172,10
-1262063.83982191,1796263.4019781172,10
-1261600.5271053826,1796263.4019781172,10
-1261137.214388855,1796263.4019781172,10
-1260673.9016723277,1796263.4019781172,10
-1260210.5889558,1796263.4019781172,10
-1259747.2762392727,1796263.4019781172,10
-1259283.963522745,1796263.4019781172,10
-1258820.6508062177,1796263.4019781172,10
-1258357.33808969,1796263.4019781172,10
-1257894.0253731627,1796263.4019781172,10
-1257430.712656635,1796263.4019781172,10
-1256967.3999401077,1796263.4019781172,10
-1256504.08722358,1796263.4019781172,10
-1256040.7745070527,1796263.4019781172,10
-1255577.4617905251,1796263.4019781172,10
-1255114.1490739975,1796263.4019781172,10
-1254650.8363574701,1796263.4019781172,10
-1254187.5236409425,1796263.4019781172,10
-1253724.2109244152,1796263.4019781172,10
-1253260.8982078875,1796263.4019781172,10
-1252797.5854913602,1796263.4019781172,10
-1252334.2727748326,1796263.4019781172,10
-1251870.9600583052,1796263.4019781172,10
-1251407.6473417776,1796263.4019781172,10
-1250944.3346252502,1796263.4019781172,10
-1250481.0219087226,1796263.4019781172,10
-1250017.7091921952,1796263.4019781172,10
-1249554.3964756676,1796263.4019781172,10
-1249091.0837591402,1796263.4019781172,10
-1248627.7710426126,1796263.4019781172,10
-1248164.458326085,1796263.4019781172,10
-1247701.1456095576,1796263.4019781172,10
-1247237.83289303,1796263.4019781172,10
-1246774.5201765026,1796263.4019781172,10
-1246311.207459975,1796263.4019781172,10
-1245847.8947434477,1796263.4019781172,10
-1245384.58202692,1796263.4019781172,10
-1244921.2693103927,1796263.4019781172,10
-1244457.956593865,1796263.4019781172,10
-1243994.6438773377,1796263.4019781172,10
-1243531.33116081,1796263.4019781172,10
-1243068.0184442827,1796263.4019781172,10
-1242604.705727755,1796263.4019781172,10
-1242141.3930112277,1796263.4019781172,10
-1241678.0802947,1796263.4019781172,10
-1241214.7675781725,1796263.4019781172,10
-1240751.4548616451,1796263.4019781172,10
-1240288.1421451175,1796263.4019781172,10
-1239824.8294285901,1796263.4019781172,10
-1239361.5167120625,1796263.4019781172,10
-1238898.2039955352,1796263.4019781172,10
-1238434.8912790075,1796263.4019781172,10
-1237971.5785624802,1796263.4019781172,10
-1237508.2658459526,1796263.4019781172,10
-1237044.9531294252,1796263.4019781172,10
-1236581.6404128976,1796263.4019781172,10
-1236118.3276963702,1796263.4019781172,10
-1235655.0149798426,1796263.4019781172,10
-1235191.7022633152,1796263.4019781172,10
-1234728.3895467876,1796263.4019781172,10
-1234265.07683026,1796263.4019781172,10
-1233801.7641137326,1796263.4019781172,10
-1233338.4513972052,1796263.4019781172,10
-1232875.1386806776,1796263.4019781172,10
-1232411.82596415,1796263.4019781172,10
-1231948.5132476226,1796263.4019781172,10
-1231485.200531095,1796263.4019781172,10
-1231021.8878145677,1796263.4019781172,10
-1230558.57509804,1796263.4019781172,10
-1230095.2623815127,1796263.4019781172,10
-1229631.949664985,1796263.4019781172,10
-1229168.6369484577,1796263.4019781172,10
-1228705.32423193,1796263.4019781172,10
-1228242.0115154027,1796263.4019781172,10
-1227778.698798875,1796263.4019781172,10
-1227315.3860823475,1796263.4019781172,10
-1226852.07336582,1796263.4019781172,10
-1226388.7606492927,1796263.4019781172,10
-1225925.4479327651,1796263.4019781172,10
-1225462.1352162375,1796263.4019781172,10
-1224998.8224997101,1796263.4019781172,10
-1224535.5097831825,1796263.4019781172,10
-1224072.1970666551,1796263.4019781172,10
-1223608.8843501275,1796263.4019781172,10
-1223145.5716336002,1796263.4019781172,10
-1222682.2589170726,1796263.4019781172,10
-1222218.9462005452,1796263.4019781172,10
-1221755.6334840176,1796263.4019781172,10
-1221292.3207674902,1796263.4019781172,10
-1220829.0080509626,1796263.4019781172,10
-1220365.6953344352,1796263.4019781172,10
-1219902.3826179076,1796263.4019781172,10
-1219439.0699013802,1796263.4019781172,10
-1218975.7571848526,1796263.4019781172,10
-1218512.444468325,1796263.4019781172,10
-1218049.1317517976,1796263.4019781172,10
-1217585.81903527,1796263.4019781172,10
-1217122.5063187426,1796263.4019781172,10
-1216659.193602215,1796263.4019781172,10
-1216195.8808856877,1796263.4019781172,10
-1215732.56816916,1796263.4019781172,10
-1215269.2554526327,1796263.4019781172,10
-1214805.942736105,1796263.4019781172,10
-1214342.6300195777,1796263.4019781172,10
-1213879.31730305,1796263.4019781172,10
-1213416.0045865227,1796263.4019781172,10
-1212952.691869995,1796263.4019781172,10
-1212489.3791534677,1796263.4019781172,10
-1212026.06643694,1796263.4019781172,10
-1211562.7537204125,1796263.4019781172,10
-1211099.4410038851,1796263.4019781172,10
-1210636.1282873575,1796263.4019781172,10
-1210172.8155708301,1796263.4019781172,10
-1209709.5028543025,1796263.4019781172,10
-1209246.1901377751,1796263.4019781172,10
-1208782.8774212475,1796263.4019781172,10
-1208319.5647047202,1796263.4019781172,10
-1207856.2519881926,1796263.4019781172,10
-1207392.9392716652,1796263.4019781172,10
-1206929.6265551376,1796263.4019781172,10
-1206466.3138386102,1796263.4019781172,10
-1206003.0011220826,1796263.4019781172,10
-1205539.6884055552,1796263.4019781172,10
-1205076.3756890276,1796263.4019781172,10
-1204613.0629725,1796263.4019781172,10
-1204149.7502559726,1796263.4019781172,10
-1203686.4375394452,1796263.4019781172,10
-1203223.1248229176,1796263.4019781172,10
-1202759.81210639,1796263.4019781172,10
-1202296.4993898626,1796263.4019781172,10
-1201833.186673335,1796263.4019781172,10
-1201369.8739568077,1796263.4019781172,10
-1200906.56124028,1796263.4019781172,10
-1200443.2485237527,1796263.4019781172,10
-1199979.935807225,1796263.4019781172,10
-1199516.6230906977,1796263.4019781172,10
-1199053.31037417,1796263.4019781172,10
-1198589.9976576427,1796263.4019781172,10
-1198126.684941115,1796263.4019781172,10
-1197663.3722245875,1796263.4019781172,10
-1197200.05950806,1796263.4019781172,10
-1196736.7467915327,1796263.4019781172,10
-1196273.4340750051,1796263.4019781172,10
-1195810.1213584775,1796263.4019781172,10
-1195346.8086419501,1796263.4019781172,10
-1194883.4959254225,1796263.4019781172,10
-1194420.1832088951,1796263.4019781172,10
-1193956.8704923675,1796263.4019781172,10
-1193493.5577758402,1796263.4019781172,10
-1193030.2450593126,1796263.4019781172,10
-1192566.9323427852,1796263.4019781172,10
-1192103.6196262576,1796263.4019781172,10
-1191640.3069097302,1796263.4019781172,10
-1191176.9941932026,1796263.4019781172,10
-1190713.6814766752,1796263.4019781172,10
-1190250.3687601476,1796263.4019781172,10
-1189787.0560436202,1796263.4019781172,10
-1189323.7433270926,1796263.4019781172,10
-1188860.430610565,1796263.4019781172,10
-1188397.1178940376,1796263.4019781172,10
-1187933.80517751,1796263.4019781172,10
-1187470.4924609826,1796263.4019781172,10
-1187007.179744455,1796263.4019781172,10
-1186543.8670279277,1796263.4019781172,10
-1186080.5543114,1796263.4019781172,10
-1185617.2415948727,1796263.4019781172,10
-1185153.928878345,1796263.4019781172,10
-1184690.6161618177,1796263.4019781172,10
-1184227.30344529,1796263.4019781172,10
-1183763.9907287627,1796263.4019781172,10
-1183300.678012235,1796263.4019781172,10
-1182837.3652957077,1796263.4019781172,10
-1182374.05257918,1796263.4019781172,10
-1181910.7398626525,1796263.4019781172,10
-1181447.4271461251,1796263.4019781172,10
-1180984.1144295975,1796263.4019781172,10
-1180520.8017130701,1796263.4019781172,10
-1180057.4889965425,1796263.4019781172,10
-1179594.1762800151,1796263.4019781172,10
-1179130.8635634875,1796263.4019781172,10
-1178667.5508469602,1796263.4019781172,10
-1178204.2381304326,1796263.4019781172,10
-1177740.9254139052,1796263.4019781172,10
-1177277.6126973776,1796263.4019781172,10
-1176814.2999808502,1796263.4019781172,10
-1176350.9872643226,1796263.4019781172,10
-1175887.6745477952,1796263.4019781172,10
-1175424.3618312676,1796263.4019781172,10
-1174961.04911474,1796263.4019781172,10
-1174497.7363982126,1796263.4019781172,10
-1174034.4236816852,1796263.4019781172,10
-1173571.1109651576,1796263.4019781172,10
-1173107.79824863,1796263.4019781172,10
-1172644.4855321026,1796263.4019781172,10
-1172181.172815575,1796263.4019781172,10
-1171717.8600990477,1796263.4019781172,10
-1171254.54738252,1796263.4019781172,10
-1170791.2346659927,1796263.4019781172,10
-1170327.921949465,1796263.4019781172,10
-1169864.6092329377,1796263.4019781172,10
-1169401.29651641,1796263.4019781172,10
-1168937.9837998827,1796263.4019781172,10
-1168474.671083355,1796263.4019781172,10
-1168011.3583668275,1796263.4019781172,10
-1167548.0456503,1796263.4019781172,10
-1167084.7329337727,1796263.4019781172,10
-1166621.4202172451,1796263.4019781172,10
-1166158.1075007175,1796263.4019781172,10
-1165694.7947841901,1796263.4019781172,10
-1165231.4820676625,1796263.4019781172,10
-1164768.1693511351,1796263.4019781172,10
-1164304.8566346075,1796263.4019781172,10
-1163841.5439180802,1796263.4019781172,10
-1163378.2312015526,1796263.4019781172,10
-1162914.9184850252,1796263.4019781172,10
-1162451.6057684976,1796263.4019781172,10
-1161988.2930519702,1796263.4019781172,10
-1161524.9803354426,1796263.4019781172,10
-1161061.6676189152,1796263.4019781172,10
-1160598.3549023876,1796263.4019781172,10
-1160135.0421858602,1796263.4019781172,10
-1159671.7294693326,1796263.4019781172,10
-1159208.416752805,1796263.4019781172,10
-1158745.1040362776,1796263.4019781172,10
-1158281.79131975,1796263.4019781172,10
-1157818.4786032226,1796263.4019781172,10
-1157355.165886695,1796263.4019781172,10
-1156891.8531701677,1796263.4019781172,10
-1156428.54045364,1796263.4019781172,10
-1155965.2277371127,1796263.4019781172,10
-1155501.915020585,1796263.4019781172,10
-1155038.6023040577,1796263.4019781172,10
-1154575.28958753,1796263.4019781172,10
-1154111.9768710027,1796263.4019781172,10
-1153648.664154475,1796263.4019781172,10
-1153185.3514379477,1796263.4019781172,10
-1152722.03872142,1796263.4019781172,10
-1152258.7260048925,1796263.4019781172,10
-1151795.4132883651,1796263.4019781172,10
-1151332.1005718375,1796263.4019781172,10
-1150868.7878553101,1796263.4019781172,10
-1150405.4751387825,1796263.4019781172,10
-1149942.1624222551,1796263.4019781172,10
-1149478.8497057275,1796263.4019781172,10
-1149015.5369892002,1796263.4019781172,10
-1148552.2242726726,1796263.4019781172,10
-1148088.9115561452,1796263.4019781172,10
-1147625.5988396176,1796263.4019781172,10
-1306541.86060855,1795800.0892615896,10
-1306078.5478920226,1795800.0892615896,10
-1305615.235175495,1795800.0892615896,10
-1305151.9224589677,1795800.0892615896,10
-1304688.60974244,1795800.0892615896,10
-1304225.2970259127,1795800.0892615896,10
-1303761.984309385,1795800.0892615896,16
-1303298.6715928577,1795800.0892615896,16
-1302835.35887633,1795800.0892615896,16
-1302372.0461598027,1795800.0892615896,16
-1301908.733443275,1795800.0892615896,16
-1301445.4207267477,1795800.0892615896,16
-1300982.10801022,1795800.0892615896,16
-1300518.7952936925,1795800.0892615896,16
-1300055.4825771651,1795800.0892615896,16
-1299592.1698606375,1795800.0892615896,16
-1299128.8571441101,1795800.0892615896,16
-1298665.5444275825,1795800.0892615896,16
-1298202.2317110552,1795800.0892615896,16
-1297738.9189945275,1795800.0892615896,16
-1297275.6062780002,1795800.0892615896,16
-1296812.2935614726,1795800.0892615896,16
-1296348.9808449452,1795800.0892615896,10
-1295885.6681284176,1795800.0892615896,16
-1295422.3554118902,1795800.0892615896,10
-1294959.0426953626,1795800.0892615896,10
-1294495.7299788352,1795800.0892615896,10
-1294032.4172623076,1795800.0892615896,10
-1293569.10454578,1795800.0892615896,10
-1293105.7918292526,1795800.0892615896,10
-1292642.479112725,1795800.0892615896,10
-1292179.1663961976,1795800.0892615896,16
-1291715.85367967,1795800.0892615896,10
-1291252.5409631426,1795800.0892615896,10
-1290789.228246615,1795800.0892615896,10
-1290325.9155300877,1795800.0892615896,7
-1289862.60281356,1795800.0892615896,10
-1289399.2900970327,1795800.0892615896,10
-1288935.977380505,1795800.0892615896,10
-1288472.6646639777,1795800.0892615896,10
-1288009.35194745,1795800.0892615896,10
-1287546.0392309227,1795800.0892615896,10
-1287082.726514395,1795800.0892615896,10
-1286619.4137978677,1795800.0892615896,10
-1286156.10108134,1795800.0892615896,10
-1285692.7883648127,1795800.0892615896,10
-1285229.4756482851,1795800.0892615896,10
-1284766.1629317575,1795800.0892615896,10
-1284302.8502152301,1795800.0892615896,10
-1283839.5374987025,1795800.0892615896,10
-1283376.2247821752,1795800.0892615896,10
-1282912.9120656475,1795800.0892615896,10
-1282449.5993491202,1795800.0892615896,10
-1281986.2866325926,1795800.0892615896,10
-1281522.9739160652,1795800.0892615896,10
-1281059.6611995376,1795800.0892615896,10
-1280596.3484830102,1795800.0892615896,10
-1280133.0357664826,1795800.0892615896,10
-1279669.7230499552,1795800.0892615896,10
-1279206.4103334276,1795800.0892615896,10
-1278743.0976169002,1795800.0892615896,10
-1278279.7849003726,1795800.0892615896,10
-1277816.472183845,1795800.0892615896,10
-1277353.1594673176,1795800.0892615896,10
-1276889.84675079,1795800.0892615896,10
-1276426.5340342626,1795800.0892615896,10
-1275963.221317735,1795800.0892615896,10
-1275499.9086012077,1795800.0892615896,10
-1275036.59588468,1795800.0892615896,10
-1274573.2831681527,1795800.0892615896,10
-1274109.970451625,1795800.0892615896,10
-1273646.6577350977,1795800.0892615896,10
-1273183.34501857,1795800.0892615896,10
-1272720.0323020427,1795800.0892615896,10
-1272256.719585515,1795800.0892615896,10
-1271793.4068689877,1795800.0892615896,10
-1271330.09415246,1795800.0892615896,10
-1270866.7814359325,1795800.0892615896,10
-1270403.4687194051,1795800.0892615896,10
-1269940.1560028775,1795800.0892615896,10
-1269476.8432863501,1795800.0892615896,10
-1269013.5305698225,1795800.0892615896,10
-1268550.2178532952,1795800.0892615896,10
-1268086.9051367675,1795800.0892615896,10
-1267623.5924202402,1795800.0892615896,10
-1267160.2797037126,1795800.0892615896,10
-1266696.9669871852,1795800.0892615896,10
-1266233.6542706576,1795800.0892615896,10
-1265770.3415541302,1795800.0892615896,10
-1265307.0288376026,1795800.0892615896,10
-1264843.7161210752,1795800.0892615896,10
-1264380.4034045476,1795800.0892615896,10
-1263917.09068802,1795800.0892615896,10
-1263453.7779714926,1795800.0892615896,10
-1262990.465254965,1795800.0892615896,10
-1262527.1525384376,1795800.0892615896,10
-1262063.83982191,1795800.0892615896,10
-1261600.5271053826,1795800.0892615896,10
-1261137.214388855,1795800.0892615896,10
-1260673.9016723277,1795800.0892615896,10
-1260210.5889558,1795800.0892615896,10
-1259747.2762392727,1795800.0892615896,10
-1259283.963522745,1795800.0892615896,10
-1258820.6508062177,1795800.0892615896,10
-1258357.33808969,1795800.0892615896,10
-1257894.0253731627,1795800.0892615896,10
-1257430.712656635,1795800.0892615896,10
-1256967.3999401077,1795800.0892615896,10
-1256504.08722358,1795800.0892615896,10
-1256040.7745070527,1795800.0892615896,10
-1255577.4617905251,1795800.0892615896,10
-1255114.1490739975,1795800.0892615896,10
-1254650.8363574701,1795800.0892615896,10
-1254187.5236409425,1795800.0892615896,10
-1253724.2109244152,1795800.0892615896,10
-1253260.8982078875,1795800.0892615896,10
-1252797.5854913602,1795800.0892615896,10
-1252334.2727748326,1795800.0892615896,10
-1251870.9600583052,1795800.0892615896,10
-1251407.6473417776,1795800.0892615896,10
-1250944.3346252502,1795800.0892615896,10
-1250481.0219087226,1795800.0892615896,10
-1250017.7091921952,1795800.0892615896,10
-1249554.3964756676,1795800.0892615896,10
-1249091.0837591402,1795800.0892615896,10
-1248627.7710426126,1795800.0892615896,10
-1248164.458326085,1795800.0892615896,10
-1247701.1456095576,1795800.0892615896,10
-1247237.83289303,1795800.0892615896,10
-1246774.5201765026,1795800.0892615896,10
-1246311.207459975,1795800.0892615896,10
-1245847.8947434477,1795800.0892615896,10
-1245384.58202692,1795800.0892615896,10
-1244921.2693103927,1795800.0892615896,10
-1244457.956593865,1795800.0892615896,10
-1243994.6438773377,1795800.0892615896,10
-1243531.33116081,1795800.0892615896,10
-1243068.0184442827,1795800.0892615896,10
-1242604.705727755,1795800.0892615896,10
-1242141.3930112277,1795800.0892615896,10
-1241678.0802947,1795800.0892615896,10
-1241214.7675781725,1795800.0892615896,10
-1240751.4548616451,1795800.0892615896,10
-1240288.1421451175,1795800.0892615896,10
-1239824.8294285901,1795800.0892615896,10
-1239361.5167120625,1795800.0892615896,10
-1238898.2039955352,1795800.0892615896,10
-1238434.8912790075,1795800.0892615896,10
-1237971.5785624802,1795800.0892615896,10
-1237508.2658459526,1795800.0892615896,10
-1237044.9531294252,1795800.0892615896,10
-1236581.6404128976,1795800.0892615896,10
-1236118.3276963702,1795800.0892615896,10
-1235655.0149798426,1795800.0892615896,10
-1235191.7022633152,1795800.0892615896,10
-1234728.3895467876,1795800.0892615896,10
-1234265.07683026,1795800.0892615896,10
-1233801.7641137326,1795800.0892615896,10
-1233338.4513972052,1795800.0892615896,10
-1232875.1386806776,1795800.0892615896,10
-1232411.82596415,1795800.0892615896,10
-1231948.5132476226,1795800.0892615896,10
-1231485.200531095,1795800.0892615896,10
-1231021.8878145677,1795800.0892615896,10
-1230558.57509804,1795800.0892615896,10
-1230095.2623815127,1795800.0892615896,10
-1229631.949664985,1795800.0892615896,10
-1229168.6369484577,1795800.0892615896,10
-1228705.32423193,1795800.0892615896,10
-1228242.0115154027,1795800.0892615896,10
-1227778.698798875,1795800.0892615896,10
-1227315.3860823475,1795800.0892615896,10
-1226852.07336582,1795800.0892615896,10
-1226388.7606492927,1795800.0892615896,10
-1225925.4479327651,1795800.0892615896,10
-1225462.1352162375,1795800.0892615896,10
-1224998.8224997101,1795800.0892615896,10
-1224535.5097831825,1795800.0892615896,10
-1224072.1970666551,1795800.0892615896,10
-1223608.8843501275,1795800.0892615896,10
-1223145.5716336002,1795800.0892615896,10
-1222682.2589170726,1795800.0892615896,10
-1222218.9462005452,1795800.0892615896,10
-1221755.6334840176,1795800.0892615896,10
-1221292.3207674902,1795800.0892615896,10
-1220829.0080509626,1795800.0892615896,10
-1220365.6953344352,1795800.0892615896,10
-1219902.3826179076,1795800.0892615896,10
-1219439.0699013802,1795800.0892615896,10
-1218975.7571848526,1795800.0892615896,10
-1218512.444468325,1795800.0892615896,10
-1218049.1317517976,1795800.0892615896,10
-1217585.81903527,1795800.0892615896,10
-1217122.5063187426,1795800.0892615896,10
-1216659.193602215,1795800.0892615896,10
-1216195.8808856877,1795800.0892615896,10
-1215732.56816916,1795800.0892615896,10
-1215269.2554526327,1795800.0892615896,10
-1214805.942736105,1795800.0892615896,10
-1214342.6300195777,1795800.0892615896,10
-1213879.31730305,1795800.0892615896,10
-1213416.0045865227,1795800.0892615896,10
-1212952.691869995,1795800.0892615896,10
-1212489.3791534677,1795800.0892615896,10
-1212026.06643694,1795800.0892615896,10
-1211562.7537204125,1795800.0892615896,10
-1211099.4410038851,1795800.0892615896,10
-1210636.1282873575,1795800.0892615896,10
-1210172.8155708301,1795800.0892615896,10
-1209709.5028543025,1795800.0892615896,10
-1209246.1901377751,1795800.0892615896,10
-1208782.8774212475,1795800.0892615896,10
-1208319.5647047202,1795800.0892615896,10
-1207856.2519881926,1795800.0892615896,10
-1207392.9392716652,1795800.0892615896,10
-1206929.6265551376,1795800.0892615896,10
-1206466.3138386102,1795800.0892615896,10
-1206003.0011220826,1795800.0892615896,10
-1205539.6884055552,1795800.0892615896,10
-1205076.3756890276,1795800.0892615896,10
-1204613.0629725,1795800.0892615896,10
-1204149.7502559726,1795800.0892615896,10
-1203686.4375394452,1795800.0892615896,10
-1203223.1248229176,1795800.0892615896,10
-1202759.81210639,1795800.0892615896,10
-1202296.4993898626,1795800.0892615896,10
-1201833.186673335,1795800.0892615896,10
-1201369.8739568077,1795800.0892615896,10
-1200906.56124028,1795800.0892615896,10
-1200443.2485237527,1795800.0892615896,10
-1199979.935807225,1795800.0892615896,10
-1199516.6230906977,1795800.0892615896,10
-1199053.31037417,1795800.0892615896,10
-1198589.9976576427,1795800.0892615896,10
-1198126.684941115,1795800.0892615896,10
-1197663.3722245875,1795800.0892615896,10
-1197200.05950806,1795800.0892615896,10
-1196736.7467915327,1795800.0892615896,10
-1196273.4340750051,1795800.0892615896,10
-1195810.1213584775,1795800.0892615896,10
-1195346.8086419501,1795800.0892615896,10
-1194883.4959254225,1795800.0892615896,10
-1194420.1832088951,1795800.0892615896,10
-1193956.8704923675,1795800.0892615896,10
-1193493.5577758402,1795800.0892615896,10
-1193030.2450593126,1795800.0892615896,10
-1192566.9323427852,1795800.0892615896,10
-1192103.6196262576,1795800.0892615896,10
-1191640.3069097302,1795800.0892615896,10
-1191176.9941932026,1795800.0892615896,10
-1190713.6814766752,1795800.0892615896,10
-1190250.3687601476,1795800.0892615896,10
-1189787.0560436202,1795800.0892615896,10
-1189323.7433270926,1795800.0892615896,10
-1188860.430610565,1795800.0892615896,10
-1188397.1178940376,1795800.0892615896,10
-1187933.80517751,1795800.0892615896,10
-1187470.4924609826,1795800.0892615896,10
-1187007.179744455,1795800.0892615896,10
-1186543.8670279277,1795800.0892615896,10
-1186080.5543114,1795800.0892615896,10
-1185617.2415948727,1795800.0892615896,10
-1185153.928878345,1795800.0892615896,10
-1184690.6161618177,1795800.0892615896,10
-1184227.30344529,1795800.0892615896,10
-1183763.9907287627,1795800.0892615896,10
-1183300.678012235,1795800.0892615896,10
-1182837.3652957077,1795800.0892615896,10
-1182374.05257918,1795800.0892615896,10
-1181910.7398626525,1795800.0892615896,10
-1181447.4271461251,1795800.0892615896,10
-1180984.1144295975,1795800.0892615896,10
-1180520.8017130701,1795800.0892615896,10
-1180057.4889965425,1795800.0892615896,10
-1179594.1762800151,1795800.0892615896,10
-1179130.8635634875,1795800.0892615896,10
-1178667.5508469602,1795800.0892615896,10
-1178204.2381304326,1795800.0892615896,10
-1177740.9254139052,1795800.0892615896,10
-1177277.6126973776,1795800.0892615896,10
-1176814.2999808502,1795800.0892615896,10
-1176350.9872643226,1795800.0892615896,10
-1175887.6745477952,1795800.0892615896,10
-1175424.3618312676,1795800.0892615896,10
-1174961.04911474,1795800.0892615896,10
-1174497.7363982126,1795800.0892615896,10
-1174034.4236816852,1795800.0892615896,10
-1173571.1109651576,1795800.0892615896,10
-1173107.79824863,1795800.0892615896,10
-1172644.4855321026,1795800.0892615896,10
-1172181.172815575,1795800.0892615896,10
-1171717.8600990477,1795800.0892615896,10
-1171254.54738252,1795800.0892615896,10
-1170791.2346659927,1795800.0892615896,10
-1170327.921949465,1795800.0892615896,10
-1169864.6092329377,1795800.0892615896,10
-1169401.29651641,1795800.0892615896,10
-1168937.9837998827,1795800.0892615896,10
-1168474.671083355,1795800.0892615896,10
-1168011.3583668275,1795800.0892615896,10
-1167548.0456503,1795800.0892615896,10
-1167084.7329337727,1795800.0892615896,10
-1166621.4202172451,1795800.0892615896,10
-1166158.1075007175,1795800.0892615896,10
-1165694.7947841901,1795800.0892615896,10
-1165231.4820676625,1795800.0892615896,10
-1164768.1693511351,1795800.0892615896,10
-1164304.8566346075,1795800.0892615896,10
-1163841.5439180802,1795800.0892615896,10
-1163378.2312015526,1795800.0892615896,10
-1162914.9184850252,1795800.0892615896,10
-1162451.6057684976,1795800.0892615896,10
-1161988.2930519702,1795800.0892615896,10
-1161524.9803354426,1795800.0892615896,10
-1161061.6676189152,1795800.0892615896,10
-1160598.3549023876,1795800.0892615896,10
-1160135.0421858602,1795800.0892615896,10
-1159671.7294693326,1795800.0892615896,10
-1159208.416752805,1795800.0892615896,10
-1158745.1040362776,1795800.0892615896,10
-1158281.79131975,1795800.0892615896,10
-1157818.4786032226,1795800.0892615896,10
-1157355.165886695,1795800.0892615896,10
-1156891.8531701677,1795800.0892615896,10
-1156428.54045364,1795800.0892615896,10
-1155965.2277371127,1795800.0892615896,10
-1155501.915020585,1795800.0892615896,10
-1155038.6023040577,1795800.0892615896,10
-1154575.28958753,1795800.0892615896,10
-1154111.9768710027,1795800.0892615896,10
-1153648.664154475,1795800.0892615896,10
-1153185.3514379477,1795800.0892615896,10
-1152722.03872142,1795800.0892615896,10
-1152258.7260048925,1795800.0892615896,10
-1151795.4132883651,1795800.0892615896,10
-1151332.1005718375,1795800.0892615896,10
-1150868.7878553101,1795800.0892615896,10
-1150405.4751387825,1795800.0892615896,10
-1149942.1624222551,1795800.0892615896,10
-1149478.8497057275,1795800.0892615896,10
-1149015.5369892002,1795800.0892615896,10
-1148552.2242726726,1795800.0892615896,10
-1148088.9115561452,1795800.0892615896,10
-1147625.5988396176,1795800.0892615896,10
-1147162.2861230902,1795800.0892615896,10
-1306541.86060855,1795336.7765450622,10
-1306078.5478920226,1795336.7765450622,10
-1305615.235175495,1795336.7765450622,10
-1305151.9224589677,1795336.7765450622,16
-1304688.60974244,1795336.7765450622,16
-1304225.2970259127,1795336.7765450622,16
-1303761.984309385,1795336.7765450622,16
-1303298.6715928577,1795336.7765450622,10
-1302835.35887633,1795336.7765450622,16
-1302372.0461598027,1795336.7765450622,16
-1301908.733443275,1795336.7765450622,16
-1301445.4207267477,1795336.7765450622,16
-1300982.10801022,1795336.7765450622,16
-1300518.7952936925,1795336.7765450622,16
-1300055.4825771651,1795336.7765450622,16
-1299592.1698606375,1795336.7765450622,16
-1299128.8571441101,1795336.7765450622,10
-1298665.5444275825,1795336.7765450622,10
-1298202.2317110552,1795336.7765450622,16
-1297738.9189945275,1795336.7765450622,10
-1297275.6062780002,1795336.7765450622,10
-1296812.2935614726,1795336.7765450622,10
-1296348.9808449452,1795336.7765450622,10
-1295885.6681284176,1795336.7765450622,10
-1295422.3554118902,1795336.7765450622,10
-1294959.0426953626,1795336.7765450622,10
-1294495.7299788352,1795336.7765450622,10
-1294032.4172623076,1795336.7765450622,10
-1293569.10454578,1795336.7765450622,10
-1293105.7918292526,1795336.7765450622,10
-1292642.479112725,1795336.7765450622,16
-1292179.1663961976,1795336.7765450622,16
-1291715.85367967,1795336.7765450622,16
-1291252.5409631426,1795336.7765450622,10
-1290789.228246615,1795336.7765450622,10
-1290325.9155300877,1795336.7765450622,10
-1289862.60281356,1795336.7765450622,10
-1289399.2900970327,1795336.7765450622,10
-1288935.977380505,1795336.7765450622,10
-1288472.6646639777,1795336.7765450622,10
-1288009.35194745,1795336.7765450622,10
-1287546.0392309227,1795336.7765450622,10
-1287082.726514395,1795336.7765450622,10
-1286619.4137978677,1795336.7765450622,10
-1286156.10108134,1795336.7765450622,10
-1285692.7883648127,1795336.7765450622,10
-1285229.4756482851,1795336.7765450622,10
-1284766.1629317575,1795336.7765450622,10
-1284302.8502152301,1795336.7765450622,10
-1283839.5374987025,1795336.7765450622,10
-1283376.2247821752,1795336.7765450622,10
-1282912.9120656475,1795336.7765450622,10
-1282449.5993491202,1795336.7765450622,10
-1281986.2866325926,1795336.7765450622,10
-1281522.9739160652,1795336.7765450622,10
-1281059.6611995376,1795336.7765450622,10
-1280596.3484830102,1795336.7765450622,10
-1280133.0357664826,1795336.7765450622,10
-1279669.7230499552,1795336.7765450622,10
-1279206.4103334276,1795336.7765450622,10
-1278743.0976169002,1795336.7765450622,10
-1278279.7849003726,1795336.7765450622,10
-1277816.472183845,1795336.7765450622,10
-1277353.1594673176,1795336.7765450622,10
-1276889.84675079,1795336.7765450622,10
-1276426.5340342626,1795336.7765450622,10
-1275963.221317735,1795336.7765450622,10
-1275499.9086012077,1795336.7765450622,10
-1275036.59588468,1795336.7765450622,10
-1274573.2831681527,1795336.7765450622,10
-1274109.970451625,1795336.7765450622,10
-1273646.6577350977,1795336.7765450622,10
-1273183.34501857,1795336.7765450622,10
-1272720.0323020427,1795336.7765450622,10
-1272256.719585515,1795336.7765450622,10
-1271793.4068689877,1795336.7765450622,10
-1271330.09415246,1795336.7765450622,10
-1270866.7814359325,1795336.7765450622,10
-1270403.4687194051,1795336.7765450622,10
-1269940.1560028775,1795336.7765450622,10
-1269476.8432863501,1795336.7765450622,10
-1269013.5305698225,1795336.7765450622,10
-1268550.2178532952,1795336.7765450622,10
-1268086.9051367675,1795336.7765450622,10
-1267623.5924202402,1795336.7765450622,10
-1267160.2797037126,1795336.7765450622,10
-1266696.9669871852,1795336.7765450622,10
-1266233.6542706576,1795336.7765450622,10
-1265770.3415541302,1795336.7765450622,10
-1265307.0288376026,1795336.7765450622,10
-1264843.7161210752,1795336.7765450622,10
-1264380.4034045476,1795336.7765450622,10
-1263917.09068802,1795336.7765450622,10
-1263453.7779714926,1795336.7765450622,10
-1262990.465254965,1795336.7765450622,10
-1262527.1525384376,1795336.7765450622,10
-1262063.83982191,1795336.7765450622,10
-1261600.5271053826,1795336.7765450622,10
-1261137.214388855,1795336.7765450622,10
-1260673.9016723277,1795336.7765450622,10
-1260210.5889558,1795336.7765450622,10
-1259747.2762392727,1795336.7765450622,10
-1259283.963522745,1795336.7765450622,10
-1258820.6508062177,1795336.7765450622,10
-1258357.33808969,1795336.7765450622,10
-1257894.0253731627,1795336.7765450622,10
-1257430.712656635,1795336.7765450622,10
-1256967.3999401077,1795336.7765450622,10
-1256504.08722358,1795336.7765450622,10
-1256040.7745070527,1795336.7765450622,10
-1255577.4617905251,1795336.7765450622,10
-1255114.1490739975,1795336.7765450622,10
-1254650.8363574701,1795336.7765450622,10
-1254187.5236409425,1795336.7765450622,10
-1253724.2109244152,1795336.7765450622,10
-1253260.8982078875,1795336.7765450622,10
-1252797.5854913602,1795336.7765450622,10
-1252334.2727748326,1795336.7765450622,10
-1251870.9600583052,1795336.7765450622,10
-1251407.6473417776,1795336.7765450622,10
-1250944.3346252502,1795336.7765450622,10
-1250481.0219087226,1795336.7765450622,10
-1250017.7091921952,1795336.7765450622,10
-1249554.3964756676,1795336.7765450622,10
-1249091.0837591402,1795336.7765450622,10
-1248627.7710426126,1795336.7765450622,10
-1248164.458326085,1795336.7765450622,10
-1247701.1456095576,1795336.7765450622,10
-1247237.83289303,1795336.7765450622,10
-1246774.5201765026,1795336.7765450622,10
-1246311.207459975,1795336.7765450622,10
-1245847.8947434477,1795336.7765450622,10
-1245384.58202692,1795336.7765450622,10
-1244921.2693103927,1795336.7765450622,10
-1244457.956593865,1795336.7765450622,10
-1243994.6438773377,1795336.7765450622,10
-1243531.33116081,1795336.7765450622,10
-1243068.0184442827,1795336.7765450622,10
-1242604.705727755,1795336.7765450622,10
-1242141.3930112277,1795336.7765450622,10
-1241678.0802947,1795336.7765450622,10
-1241214.7675781725,1795336.7765450622,10
-1240751.4548616451,1795336.7765450622,10
-1240288.1421451175,1795336.7765450622,10
-1239824.8294285901,1795336.7765450622,10
-1239361.5167120625,1795336.7765450622,10
-1238898.2039955352,1795336.7765450622,10
-1238434.8912790075,1795336.7765450622,10
-1237971.5785624802,1795336.7765450622,10
-1237508.2658459526,1795336.7765450622,10
-1237044.9531294252,1795336.7765450622,10
-1236581.6404128976,1795336.7765450622,10
-1236118.3276963702,1795336.7765450622,10
-1235655.0149798426,1795336.7765450622,10
-1235191.7022633152,1795336.7765450622,10
-1234728.3895467876,1795336.7765450622,10
-1234265.07683026,1795336.7765450622,10
-1233801.7641137326,1795336.7765450622,10
-1233338.4513972052,1795336.7765450622,10
-1232875.1386806776,1795336.7765450622,10
-1232411.82596415,1795336.7765450622,10
-1231948.5132476226,1795336.7765450622,10
-1231485.200531095,1795336.7765450622,10
-1231021.8878145677,1795336.7765450622,10
-1230558.57509804,1795336.7765450622,10
-1230095.2623815127,1795336.7765450622,10
-1229631.949664985,1795336.7765450622,10
-1229168.6369484577,1795336.7765450622,10
-1228705.32423193,1795336.7765450622,10
-1228242.0115154027,1795336.7765450622,10
-1227778.698798875,1795336.7765450622,10
-1227315.3860823475,1795336.7765450622,10
-1226852.07336582,1795336.7765450622,10
-1226388.7606492927,1795336.7765450622,10
-1225925.4479327651,1795336.7765450622,10
-1225462.1352162375,1795336.7765450622,10
-1224998.8224997101,1795336.7765450622,10
-1224535.5097831825,1795336.7765450622,10
-1224072.1970666551,1795336.7765450622,10
-1223608.8843501275,1795336.7765450622,10
-1223145.5716336002,1795336.7765450622,10
-1222682.2589170726,1795336.7765450622,10
-1222218.9462005452,1795336.7765450622,10
-1221755.6334840176,1795336.7765450622,10
-1221292.3207674902,1795336.7765450622,10
-1220829.0080509626,1795336.7765450622,10
-1220365.6953344352,1795336.7765450622,10
-1219902.3826179076,1795336.7765450622,10
-1219439.0699013802,1795336.7765450622,10
-1218975.7571848526,1795336.7765450622,10
-1218512.444468325,1795336.7765450622,10
-1218049.1317517976,1795336.7765450622,10
-1217585.81903527,1795336.7765450622,10
-1217122.5063187426,1795336.7765450622,10
-1216659.193602215,1795336.7765450622,10
-1216195.8808856877,1795336.7765450622,10
-1215732.56816916,1795336.7765450622,10
-1215269.2554526327,1795336.7765450622,10
-1214805.942736105,1795336.7765450622,10
-1214342.6300195777,1795336.7765450622,10
-1213879.31730305,1795336.7765450622,10
-1213416.0045865227,1795336.7765450622,10
-1212952.691869995,1795336.7765450622,10
-1212489.3791534677,1795336.7765450622,10
-1212026.06643694,1795336.7765450622,10
-1211562.7537204125,1795336.7765450622,10
-1211099.4410038851,1795336.7765450622,10
-1210636.1282873575,1795336.7765450622,10
-1210172.8155708301,1795336.7765450622,10
-1209709.5028543025,1795336.7765450622,10
-1209246.1901377751,1795336.7765450622,10
-1208782.8774212475,1795336.7765450622,10
-1208319.5647047202,1795336.7765450622,10
-1207856.2519881926,1795336.7765450622,10
-1207392.9392716652,1795336.7765450622,10
-1206929.6265551376,1795336.7765450622,10
-1206466.3138386102,1795336.7765450622,10
-1206003.0011220826,1795336.7765450622,10
-1205539.6884055552,1795336.7765450622,10
-1205076.3756890276,1795336.7765450622,10
-1204613.0629725,1795336.7765450622,10
-1204149.7502559726,1795336.7765450622,10
-1203686.4375394452,1795336.7765450622,10
-1203223.1248229176,1795336.7765450622,10
-1202759.81210639,1795336.7765450622,10
-1202296.4993898626,1795336.7765450622,10
-1201833.186673335,1795336.7765450622,10
-1201369.8739568077,1795336.7765450622,10
-1200906.56124028,1795336.7765450622,10
-1200443.2485237527,1795336.7765450622,10
-1199979.935807225,1795336.7765450622,10
-1199516.6230906977,1795336.7765450622,10
-1199053.31037417,1795336.7765450622,10
-1198589.9976576427,1795336.7765450622,10
-1198126.684941115,1795336.7765450622,10
-1197663.3722245875,1795336.7765450622,10
-1197200.05950806,1795336.7765450622,10
-1196736.7467915327,1795336.7765450622,10
-1196273.4340750051,1795336.7765450622,10
-1195810.1213584775,1795336.7765450622,10
-1195346.8086419501,1795336.7765450622,10
-1194883.4959254225,1795336.7765450622,10
-1194420.1832088951,1795336.7765450622,10
-1193956.8704923675,1795336.7765450622,10
-1193493.5577758402,1795336.7765450622,10
-1193030.2450593126,1795336.7765450622,10
-1192566.9323427852,1795336.7765450622,10
-1192103.6196262576,1795336.7765450622,10
-1191640.3069097302,1795336.7765450622,10
-1191176.9941932026,1795336.7765450622,10
-1190713.6814766752,1795336.7765450622,10
-1190250.3687601476,1795336.7765450622,10
-1189787.0560436202,1795336.7765450622,10
-1189323.7433270926,1795336.7765450622,10
-1188860.430610565,1795336.7765450622,10
-1188397.1178940376,1795336.7765450622,10
-1187933.80517751,1795336.7765450622,10
-1187470.4924609826,1795336.7765450622,10
-1187007.179744455,1795336.7765450622,10
-1186543.8670279277,1795336.7765450622,10
-1186080.5543114,1795336.7765450622,10
-1185617.2415948727,1795336.7765450622,10
-1185153.928878345,1795336.7765450622,10
-1184690.6161618177,1795336.7765450622,10
-1184227.30344529,1795336.7765450622,10
-1183763.9907287627,1795336.7765450622,10
-1183300.678012235,1795336.7765450622,10
-1182837.3652957077,1795336.7765450622,10
-1182374.05257918,1795336.7765450622,10
-1181910.7398626525,1795336.7765450622,10
-1181447.4271461251,1795336.7765450622,10
-1180984.1144295975,1795336.7765450622,10
-1180520.8017130701,1795336.7765450622,10
-1180057.4889965425,1795336.7765450622,10
-1179594.1762800151,1795336.7765450622,10
-1179130.8635634875,1795336.7765450622,10
-1178667.5508469602,1795336.7765450622,10
-1178204.2381304326,1795336.7765450622,10
-1177740.9254139052,1795336.7765450622,10
-1177277.6126973776,1795336.7765450622,10
-1176814.2999808502,1795336.7765450622,10
-1176350.9872643226,1795336.7765450622,10
-1175887.6745477952,1795336.7765450622,10
-1175424.3618312676,1795336.7765450622,10
-1174961.04911474,1795336.7765450622,10
-1174497.7363982126,1795336.7765450622,10
-1174034.4236816852,1795336.7765450622,10
-1173571.1109651576,1795336.7765450622,10
-1173107.79824863,1795336.7765450622,10
-1172644.4855321026,1795336.7765450622,10
-1172181.172815575,1795336.7765450622,10
-1171717.8600990477,1795336.7765450622,10
-1171254.54738252,1795336.7765450622,10
-1170791.2346659927,1795336.7765450622,10
-1170327.921949465,1795336.7765450622,10
-1169864.6092329377,1795336.7765450622,10
-1169401.29651641,1795336.7765450622,10
-1168937.9837998827,1795336.7765450622,10
-1168474.671083355,1795336.7765450622,10
-1168011.3583668275,1795336.7765450622,10
-1167548.0456503,1795336.7765450622,10
-1167084.7329337727,1795336.7765450622,10
-1166621.4202172451,1795336.7765450622,10
-1166158.1075007175,1795336.7765450622,10
-1165694.7947841901,1795336.7765450622,10
-1165231.4820676625,1795336.7765450622,10
-1164768.1693511351,1795336.7765450622,10
-1164304.8566346075,1795336.7765450622,10
-1163841.5439180802,1795336.7765450622,10
-1163378.2312015526,1795336.7765450622,10
-1162914.9184850252,1795336.7765450622,10
-1162451.6057684976,1795336.7765450622,10
-1161988.2930519702,1795336.7765450622,10
-1161524.9803354426,1795336.7765450622,10
-1161061.6676189152,1795336.7765450622,10
-1160598.3549023876,1795336.7765450622,10
-1160135.0421858602,1795336.7765450622,10
-1159671.7294693326,1795336.7765450622,10
-1159208.416752805,1795336.7765450622,10
-1158745.1040362776,1795336.7765450622,10
-1158281.79131975,1795336.7765450622,10
-1157818.4786032226,1795336.7765450622,10
-1157355.165886695,1795336.7765450622,10
-1156891.8531701677,1795336.7765450622,10
-1156428.54045364,1795336.7765450622,10
-1155965.2277371127,1795336.7765450622,10
-1155501.915020585,1795336.7765450622,10
-1155038.6023040577,1795336.7765450622,10
-1154575.28958753,1795336.7765450622,10
-1154111.9768710027,1795336.7765450622,10
-1153648.664154475,1795336.7765450622,10
-1153185.3514379477,1795336.7765450622,10
-1152722.03872142,1795336.7765450622,10
-1152258.7260048925,1795336.7765450622,10
-1151795.4132883651,1795336.7765450622,10
-1151332.1005718375,1795336.7765450622,10
-1150868.7878553101,1795336.7765450622,10
-1150405.4751387825,1795336.7765450622,10
-1149942.1624222551,1795336.7765450622,10
-1149478.8497057275,1795336.7765450622,10
-1149015.5369892002,1795336.7765450622,10
-1148552.2242726726,1795336.7765450622,10
-1148088.9115561452,1795336.7765450622,10
-1147625.5988396176,1795336.7765450622,10
-1147162.2861230902,1795336.7765450622,10
-1306078.5478920226,1794873.4638285348,16
-1305615.235175495,1794873.4638285348,16
-1305151.9224589677,1794873.4638285348,16
-1304688.60974244,1794873.4638285348,16
-1304225.2970259127,1794873.4638285348,16
-1303761.984309385,1794873.4638285348,16
-1303298.6715928577,1794873.4638285348,16
-1302835.35887633,1794873.4638285348,16
-1302372.0461598027,1794873.4638285348,16
-1301908.733443275,1794873.4638285348,16
-1301445.4207267477,1794873.4638285348,16
-1300982.10801022,1794873.4638285348,16
-1300518.7952936925,1794873.4638285348,16
-1300055.4825771651,1794873.4638285348,16
-1299592.1698606375,1794873.4638285348,10
-1299128.8571441101,1794873.4638285348,10
-1298665.5444275825,1794873.4638285348,10
-1298202.2317110552,1794873.4638285348,10
-1297738.9189945275,1794873.4638285348,16
-1297275.6062780002,1794873.4638285348,16
-1296812.2935614726,1794873.4638285348,10
-1296348.9808449452,1794873.4638285348,10
-1295885.6681284176,1794873.4638285348,10
-1295422.3554118902,1794873.4638285348,16
-1294959.0426953626,1794873.4638285348,10
-1294495.7299788352,1794873.4638285348,10
-1294032.4172623076,1794873.4638285348,10
-1293569.10454578,1794873.4638285348,16
-1293105.7918292526,1794873.4638285348,16
-1292642.479112725,1794873.4638285348,16
-1292179.1663961976,1794873.4638285348,10
-1291715.85367967,1794873.4638285348,10
-1291252.5409631426,1794873.4638285348,10
-1290789.228246615,1794873.4638285348,10
-1290325.9155300877,1794873.4638285348,10
-1289862.60281356,1794873.4638285348,10
-1289399.2900970327,1794873.4638285348,10
-1288935.977380505,1794873.4638285348,10
-1288472.6646639777,1794873.4638285348,10
-1288009.35194745,1794873.4638285348,10
-1287546.0392309227,1794873.4638285348,10
-1287082.726514395,1794873.4638285348,10
-1286619.4137978677,1794873.4638285348,10
-1286156.10108134,1794873.4638285348,10
-1285692.7883648127,1794873.4638285348,10
-1285229.4756482851,1794873.4638285348,10
-1284766.1629317575,1794873.4638285348,10
-1284302.8502152301,1794873.4638285348,10
-1283839.5374987025,1794873.4638285348,10
-1283376.2247821752,1794873.4638285348,10
-1282912.9120656475,1794873.4638285348,10
-1282449.5993491202,1794873.4638285348,10
-1281986.2866325926,1794873.4638285348,10
-1281522.9739160652,1794873.4638285348,10
-1281059.6611995376,1794873.4638285348,10
-1280596.3484830102,1794873.4638285348,10
-1280133.0357664826,1794873.4638285348,10
-1279669.7230499552,1794873.4638285348,10
-1279206.4103334276,1794873.4638285348,10
-1278743.0976169002,1794873.4638285348,10
-1278279.7849003726,1794873.4638285348,10
-1277816.472183845,1794873.4638285348,10
-1277353.1594673176,1794873.4638285348,10
-1276889.84675079,1794873.4638285348,10
-1276426.5340342626,1794873.4638285348,10
-1275963.221317735,1794873.4638285348,10
-1275499.9086012077,1794873.4638285348,10
-1275036.59588468,1794873.4638285348,10
-1274573.2831681527,1794873.4638285348,10
-1274109.970451625,1794873.4638285348,10
-1273646.6577350977,1794873.4638285348,10
-1273183.34501857,1794873.4638285348,10
-1272720.0323020427,1794873.4638285348,10
-1272256.719585515,1794873.4638285348,10
-1271793.4068689877,1794873.4638285348,10
-1271330.09415246,1794873.4638285348,10
-1270866.7814359325,1794873.4638285348,10
-1270403.4687194051,1794873.4638285348,10
-1269940.1560028775,1794873.4638285348,10
-1269476.8432863501,1794873.4638285348,10
-1269013.5305698225,1794873.4638285348,10
-1268550.2178532952,1794873.4638285348,10
-1268086.9051367675,1794873.4638285348,10
-1267623.5924202402,1794873.4638285348,10
-1267160.2797037126,1794873.4638285348,10
-1266696.9669871852,1794873.4638285348,10
-1266233.6542706576,1794873.4638285348,10
-1265770.3415541302,1794873.4638285348,10
-1265307.0288376026,1794873.4638285348,10
-1264843.7161210752,1794873.4638285348,10
-1264380.4034045476,1794873.4638285348,10
-1263917.09068802,1794873.4638285348,10
-1263453.7779714926,1794873.4638285348,10
-1262990.465254965,1794873.4638285348,10
-1262527.1525384376,1794873.4638285348,10
-1262063.83982191,1794873.4638285348,10
-1261600.5271053826,1794873.4638285348,10
-1261137.214388855,1794873.4638285348,10
-1260673.9016723277,1794873.4638285348,10
-1260210.5889558,1794873.4638285348,10
-1259747.2762392727,1794873.4638285348,10
-1259283.963522745,1794873.4638285348,10
-1258820.6508062177,1794873.4638285348,10
-1258357.33808969,1794873.4638285348,10
-1257894.0253731627,1794873.4638285348,10
-1257430.712656635,1794873.4638285348,10
-1256967.3999401077,1794873.4638285348,10
-1256504.08722358,1794873.4638285348,10
-1256040.7745070527,1794873.4638285348,10
-1255577.4617905251,1794873.4638285348,10
-1255114.1490739975,1794873.4638285348,10
-1254650.8363574701,1794873.4638285348,10
-1254187.5236409425,1794873.4638285348,10
-1253724.2109244152,1794873.4638285348,10
-1253260.8982078875,1794873.4638285348,10
-1252797.5854913602,1794873.4638285348,10
-1252334.2727748326,1794873.4638285348,10
-1251870.9600583052,1794873.4638285348,10
-1251407.6473417776,1794873.4638285348,10
-1250944.3346252502,1794873.4638285348,10
-1250481.0219087226,1794873.4638285348,10
-1250017.7091921952,1794873.4638285348,10
-1249554.3964756676,1794873.4638285348,10
-1249091.0837591402,1794873.4638285348,10
-1248627.7710426126,1794873.4638285348,10
-1248164.458326085,1794873.4638285348,10
-1247701.1456095576,1794873.4638285348,10
-1247237.83289303,1794873.4638285348,10
-1246774.5201765026,1794873.4638285348,10
-1246311.207459975,1794873.4638285348,10
-1245847.8947434477,1794873.4638285348,10
-1245384.58202692,1794873.4638285348,10
-1244921.2693103927,1794873.4638285348,10
-1244457.956593865,1794873.4638285348,10
-1243994.6438773377,1794873.4638285348,10
-1243531.33116081,1794873.4638285348,10
-1243068.0184442827,1794873.4638285348,10
-1242604.705727755,1794873.4638285348,10
-1242141.3930112277,1794873.4638285348,10
-1241678.0802947,1794873.4638285348,10
-1241214.7675781725,1794873.4638285348,10
-1240751.4548616451,1794873.4638285348,10
-1240288.1421451175,1794873.4638285348,10
-1239824.8294285901,1794873.4638285348,10
-1239361.5167120625,1794873.4638285348,10
-1238898.2039955352,1794873.4638285348,10
-1238434.8912790075,1794873.4638285348,10
-1237971.5785624802,1794873.4638285348,10
-1237508.2658459526,1794873.4638285348,10
-1237044.9531294252,1794873.4638285348,10
-1236581.6404128976,1794873.4638285348,10
-1236118.3276963702,1794873.4638285348,10
-1235655.0149798426,1794873.4638285348,10
-1235191.7022633152,1794873.4638285348,10
-1234728.3895467876,1794873.4638285348,10
-1234265.07683026,1794873.4638285348,10
-1233801.7641137326,1794873.4638285348,10
-1233338.4513972052,1794873.4638285348,10
-1232875.1386806776,1794873.4638285348,10
-1232411.82596415,1794873.4638285348,10
-1231948.5132476226,1794873.4638285348,10
-1231485.200531095,1794873.4638285348,10
-1231021.8878145677,1794873.4638285348,10
-1230558.57509804,1794873.4638285348,10
-1230095.2623815127,1794873.4638285348,10
-1229631.949664985,1794873.4638285348,10
-1229168.6369484577,1794873.4638285348,10
-1228705.32423193,1794873.4638285348,10
-1228242.0115154027,1794873.4638285348,10
-1227778.698798875,1794873.4638285348,10
-1227315.3860823475,1794873.4638285348,10
-1226852.07336582,1794873.4638285348,10
-1226388.7606492927,1794873.4638285348,10
-1225925.4479327651,1794873.4638285348,10
-1225462.1352162375,1794873.4638285348,10
-1224998.8224997101,1794873.4638285348,10
-1224535.5097831825,1794873.4638285348,10
-1224072.1970666551,1794873.4638285348,10
-1223608.8843501275,1794873.4638285348,10
-1223145.5716336002,1794873.4638285348,10
-1222682.2589170726,1794873.4638285348,10
-1222218.9462005452,1794873.4638285348,10
-1221755.6334840176,1794873.4638285348,10
-1221292.3207674902,1794873.4638285348,10
-1220829.0080509626,1794873.4638285348,10
-1220365.6953344352,1794873.4638285348,10
-1219902.3826179076,1794873.4638285348,10
-1219439.0699013802,1794873.4638285348,10
-1218975.7571848526,1794873.4638285348,10
-1218512.444468325,1794873.4638285348,10
-1218049.1317517976,1794873.4638285348,10
-1217585.81903527,1794873.4638285348,10
-1217122.5063187426,1794873.4638285348,10
-1216659.193602215,1794873.4638285348,10
-1216195.8808856877,1794873.4638285348,10
-1215732.56816916,1794873.4638285348,10
-1215269.2554526327,1794873.4638285348,10
-1214805.942736105,1794873.4638285348,10
-1214342.6300195777,1794873.4638285348,10
-1213879.31730305,1794873.4638285348,10
-1213416.0045865227,1794873.4638285348,10
-1212952.691869995,1794873.4638285348,10
-1212489.3791534677,1794873.4638285348,10
-1212026.06643694,1794873.4638285348,10
-1211562.7537204125,1794873.4638285348,10
-1211099.4410038851,1794873.4638285348,10
-1210636.1282873575,1794873.4638285348,10
-1210172.8155708301,1794873.4638285348,10
-1209709.5028543025,1794873.4638285348,10
-1209246.1901377751,1794873.4638285348,10
-1208782.8774212475,1794873.4638285348,10
-1208319.5647047202,1794873.4638285348,10
-1207856.2519881926,1794873.4638285348,10
-1207392.9392716652,1794873.4638285348,10
-1206929.6265551376,1794873.4638285348,10
-1206466.3138386102,1794873.4638285348,10
-1206003.0011220826,1794873.4638285348,10
-1205539.6884055552,1794873.4638285348,10
-1205076.3756890276,1794873.4638285348,10
-1204613.0629725,1794873.4638285348,10
-1204149.7502559726,1794873.4638285348,10
-1203686.4375394452,1794873.4638285348,10
-1203223.1248229176,1794873.4638285348,10
-1202759.81210639,1794873.4638285348,10
-1202296.4993898626,1794873.4638285348,10
-1201833.186673335,1794873.4638285348,10
-1201369.8739568077,1794873.4638285348,10
-1200906.56124028,1794873.4638285348,10
-1200443.2485237527,1794873.4638285348,10
-1199979.935807225,1794873.4638285348,10
-1199516.6230906977,1794873.4638285348,10
-1199053.31037417,1794873.4638285348,10
-1198589.9976576427,1794873.4638285348,10
-1198126.684941115,1794873.4638285348,10
-1197663.3722245875,1794873.4638285348,10
-1197200.05950806,1794873.4638285348,10
-1196736.7467915327,1794873.4638285348,10
-1196273.4340750051,1794873.4638285348,10
-1195810.1213584775,1794873.4638285348,10
-1195346.8086419501,1794873.4638285348,10
-1194883.4959254225,1794873.4638285348,10
-1194420.1832088951,1794873.4638285348,10
-1193956.8704923675,1794873.4638285348,10
-1193493.5577758402,1794873.4638285348,10
-1193030.2450593126,1794873.4638285348,10
-1192566.9323427852,1794873.4638285348,10
-1192103.6196262576,1794873.4638285348,10
-1191640.3069097302,1794873.4638285348,10
-1191176.9941932026,1794873.4638285348,10
-1190713.6814766752,1794873.4638285348,10
-1190250.3687601476,1794873.4638285348,10
-1189787.0560436202,1794873.4638285348,10
-1189323.7433270926,1794873.4638285348,10
-1188860.430610565,1794873.4638285348,10
-1188397.1178940376,1794873.4638285348,10
-1187933.80517751,1794873.4638285348,10
-1187470.4924609826,1794873.4638285348,10
-1187007.179744455,1794873.4638285348,10
-1186543.8670279277,1794873.4638285348,10
-1186080.5543114,1794873.4638285348,10
-1185617.2415948727,1794873.4638285348,10
-1185153.928878345,1794873.4638285348,10
-1184690.6161618177,1794873.4638285348,10
-1184227.30344529,1794873.4638285348,10
-1183763.9907287627,1794873.4638285348,10
-1183300.678012235,1794873.4638285348,10
-1182837.3652957077,1794873.4638285348,10
-1182374.05257918,1794873.4638285348,10
-1181910.7398626525,1794873.4638285348,10
-1181447.4271461251,1794873.4638285348,10
-1180984.1144295975,1794873.4638285348,10
-1180520.8017130701,1794873.4638285348,10
-1180057.4889965425,1794873.4638285348,10
-1179594.1762800151,1794873.4638285348,10
-1179130.8635634875,1794873.4638285348,10
-1178667.5508469602,1794873.4638285348,10
-1178204.2381304326,1794873.4638285348,10
-1177740.9254139052,1794873.4638285348,10
-1177277.6126973776,1794873.4638285348,10
-1176814.2999808502,1794873.4638285348,10
-1176350.9872643226,1794873.4638285348,10
-1175887.6745477952,1794873.4638285348,10
-1175424.3618312676,1794873.4638285348,10
-1174961.04911474,1794873.4638285348,10
-1174497.7363982126,1794873.4638285348,10
-1174034.4236816852,1794873.4638285348,10
-1173571.1109651576,1794873.4638285348,10
-1173107.79824863,1794873.4638285348,10
-1172644.4855321026,1794873.4638285348,10
-1172181.172815575,1794873.4638285348,10
-1171717.8600990477,1794873.4638285348,10
-1171254.54738252,1794873.4638285348,10
-1170791.2346659927,1794873.4638285348,10
-1170327.921949465,1794873.4638285348,10
-1169864.6092329377,1794873.4638285348,10
-1169401.29651641,1794873.4638285348,10
-1168937.9837998827,1794873.4638285348,10
-1168474.671083355,1794873.4638285348,10
-1168011.3583668275,1794873.4638285348,10
-1167548.0456503,1794873.4638285348,10
-1167084.7329337727,1794873.4638285348,10
-1166621.4202172451,1794873.4638285348,10
-1166158.1075007175,1794873.4638285348,10
-1165694.7947841901,1794873.4638285348,10
-1165231.4820676625,1794873.4638285348,10
-1164768.1693511351,1794873.4638285348,10
-1164304.8566346075,1794873.4638285348,10
-1163841.5439180802,1794873.4638285348,10
-1163378.2312015526,1794873.4638285348,10
-1162914.9184850252,1794873.4638285348,10
-1162451.6057684976,1794873.4638285348,10
-1161988.2930519702,1794873.4638285348,10
-1161524.9803354426,1794873.4638285348,10
-1161061.6676189152,1794873.4638285348,10
-1160598.3549023876,1794873.4638285348,10
-1160135.0421858602,1794873.4638285348,10
-1159671.7294693326,1794873.4638285348,10
-1159208.416752805,1794873.4638285348,10
-1158745.1040362776,1794873.4638285348,10
-1158281.79131975,1794873.4638285348,10
-1157818.4786032226,1794873.4638285348,10
-1157355.165886695,1794873.4638285348,10
-1156891.8531701677,1794873.4638285348,10
-1156428.54045364,1794873.4638285348,10
-1155965.2277371127,1794873.4638285348,10
-1155501.915020585,1794873.4638285348,10
-1155038.6023040577,1794873.4638285348,10
-1154575.28958753,1794873.4638285348,10
-1154111.9768710027,1794873.4638285348,10
-1153648.664154475,1794873.4638285348,10
-1153185.3514379477,1794873.4638285348,10
-1152722.03872142,1794873.4638285348,10
-1152258.7260048925,1794873.4638285348,10
-1151795.4132883651,1794873.4638285348,10
-1151332.1005718375,1794873.4638285348,10
-1150868.7878553101,1794873.4638285348,10
-1150405.4751387825,1794873.4638285348,10
-1149942.1624222551,1794873.4638285348,10
-1149478.8497057275,1794873.4638285348,10
-1149015.5369892002,1794873.4638285348,10
-1148552.2242726726,1794873.4638285348,10
-1148088.9115561452,1794873.4638285348,10
-1147625.5988396176,1794873.4638285348,10
-1147162.2861230902,1794873.4638285348,10
-1306078.5478920226,1794410.1511120072,16
-1305615.235175495,1794410.1511120072,16
-1305151.9224589677,1794410.1511120072,16
-1304688.60974244,1794410.1511120072,16
-1304225.2970259127,1794410.1511120072,16
-1303761.984309385,1794410.1511120072,16
-1303298.6715928577,1794410.1511120072,16
-1302835.35887633,1794410.1511120072,16
-1302372.0461598027,1794410.1511120072,16
-1301908.733443275,1794410.1511120072,16
-1301445.4207267477,1794410.1511120072,16
-1300982.10801022,1794410.1511120072,16
-1300518.7952936925,1794410.1511120072,16
-1300055.4825771651,1794410.1511120072,16
-1299592.1698606375,1794410.1511120072,10
-1299128.8571441101,1794410.1511120072,10
-1298665.5444275825,1794410.1511120072,10
-1298202.2317110552,1794410.1511120072,10
-1297738.9189945275,1794410.1511120072,10
-1297275.6062780002,1794410.1511120072,10
-1296812.2935614726,1794410.1511120072,10
-1296348.9808449452,1794410.1511120072,10
-1295885.6681284176,1794410.1511120072,10
-1295422.3554118902,1794410.1511120072,10
-1294959.0426953626,1794410.1511120072,10
-1294495.7299788352,1794410.1511120072,16
-1294032.4172623076,1794410.1511120072,16
-1293569.10454578,1794410.1511120072,16
-1293105.7918292526,1794410.1511120072,16
-1292642.479112725,1794410.1511120072,16
-1292179.1663961976,1794410.1511120072,10
-1291715.85367967,1794410.1511120072,16
-1291252.5409631426,1794410.1511120072,10
-1290789.228246615,1794410.1511120072,10
-1290325.9155300877,1794410.1511120072,10
-1289862.60281356,1794410.1511120072,10
-1289399.2900970327,1794410.1511120072,10
-1288935.977380505,1794410.1511120072,10
-1288472.6646639777,1794410.1511120072,10
-1288009.35194745,1794410.1511120072,10
-1287546.0392309227,1794410.1511120072,10
-1287082.726514395,1794410.1511120072,10
-1286619.4137978677,1794410.1511120072,10
-1286156.10108134,1794410.1511120072,10
-1285692.7883648127,1794410.1511120072,10
-1285229.4756482851,1794410.1511120072,10
-1284766.1629317575,1794410.1511120072,10
-1284302.8502152301,1794410.1511120072,10
-1283839.5374987025,1794410.1511120072,10
-1283376.2247821752,1794410.1511120072,10
-1282912.9120656475,1794410.1511120072,10
-1282449.5993491202,1794410.1511120072,10
-1281986.2866325926,1794410.1511120072,10
-1281522.9739160652,1794410.1511120072,10
-1281059.6611995376,1794410.1511120072,10
-1280596.3484830102,1794410.1511120072,10
-1280133.0357664826,1794410.1511120072,10
-1279669.7230499552,1794410.1511120072,10
-1279206.4103334276,1794410.1511120072,10
-1278743.0976169002,1794410.1511120072,10
-1278279.7849003726,1794410.1511120072,10
-1277816.472183845,1794410.1511120072,10
-1277353.1594673176,1794410.1511120072,10
-1276889.84675079,1794410.1511120072,10
-1276426.5340342626,1794410.1511120072,10
-1275963.221317735,1794410.1511120072,10
-1275499.9086012077,1794410.1511120072,10
-1275036.59588468,1794410.1511120072,10
-1274573.2831681527,1794410.1511120072,10
-1274109.970451625,1794410.1511120072,10
-1273646.6577350977,1794410.1511120072,10
-1273183.34501857,1794410.1511120072,10
-1272720.0323020427,1794410.1511120072,10
-1272256.719585515,1794410.1511120072,10
-1271793.4068689877,1794410.1511120072,10
-1271330.09415246,1794410.1511120072,10
-1270866.7814359325,1794410.1511120072,10
-1270403.4687194051,1794410.1511120072,10
-1269940.1560028775,1794410.1511120072,10
-1269476.8432863501,1794410.1511120072,10
-1269013.5305698225,1794410.1511120072,10
-1268550.2178532952,1794410.1511120072,10
-1268086.9051367675,1794410.1511120072,10
-1267623.5924202402,1794410.1511120072,10
-1267160.2797037126,1794410.1511120072,10
-1266696.9669871852,1794410.1511120072,10
-1266233.6542706576,1794410.1511120072,10
-1265770.3415541302,1794410.1511120072,10
-1265307.0288376026,1794410.1511120072,10
-1264843.7161210752,1794410.1511120072,10
-1264380.4034045476,1794410.1511120072,10
-1263917.09068802,1794410.1511120072,10
-1263453.7779714926,1794410.1511120072,10
-1262990.465254965,1794410.1511120072,10
-1262527.1525384376,1794410.1511120072,10
-1262063.83982191,1794410.1511120072,10
-1261600.5271053826,1794410.1511120072,10
-1261137.214388855,1794410.1511120072,10
-1260673.9016723277,1794410.1511120072,10
-1260210.5889558,1794410.1511120072,10
-1259747.2762392727,1794410.1511120072,10
-1259283.963522745,1794410.1511120072,10
-1258820.6508062177,1794410.1511120072,10
-1258357.33808969,1794410.1511120072,10
-1257894.0253731627,1794410.1511120072,10
-1257430.712656635,1794410.1511120072,10
-1256967.3999401077,1794410.1511120072,10
-1256504.08722358,1794410.1511120072,10
-1256040.7745070527,1794410.1511120072,10
-1255577.4617905251,1794410.1511120072,10
-1255114.1490739975,1794410.1511120072,10
-1254650.8363574701,1794410.1511120072,10
-1254187.5236409425,1794410.1511120072,10
-1253724.2109244152,1794410.1511120072,10
-1253260.8982078875,1794410.1511120072,10
-1252797.5854913602,1794410.1511120072,10
-1252334.2727748326,1794410.1511120072,10
-1251870.9600583052,1794410.1511120072,10
-1251407.6473417776,1794410.1511120072,10
-1250944.3346252502,1794410.1511120072,10
-1250481.0219087226,1794410.1511120072,10
-1250017.7091921952,1794410.1511120072,10
-1249554.3964756676,1794410.1511120072,10
-1249091.0837591402,1794410.1511120072,10
-1248627.7710426126,1794410.1511120072,10
-1248164.458326085,1794410.1511120072,10
-1247701.1456095576,1794410.1511120072,10
-1247237.83289303,1794410.1511120072,10
-1246774.5201765026,1794410.1511120072,10
-1246311.207459975,1794410.1511120072,10
-1245847.8947434477,1794410.1511120072,10
-1245384.58202692,1794410.1511120072,10
-1244921.2693103927,1794410.1511120072,10
-1244457.956593865,1794410.1511120072,10
-1243994.6438773377,1794410.1511120072,10
-1243531.33116081,1794410.1511120072,10
-1243068.0184442827,1794410.1511120072,10
-1242604.705727755,1794410.1511120072,10
-1242141.3930112277,1794410.1511120072,10
-1241678.0802947,1794410.1511120072,10
-1241214.7675781725,1794410.1511120072,10
-1240751.4548616451,1794410.1511120072,10
-1240288.1421451175,1794410.1511120072,10
-1239824.8294285901,1794410.1511120072,10
-1239361.5167120625,1794410.1511120072,10
-1238898.2039955352,1794410.1511120072,10
-1238434.8912790075,1794410.1511120072,10
-1237971.5785624802,1794410.1511120072,10
-1237508.2658459526,1794410.1511120072,10
-1237044.9531294252,1794410.1511120072,10
-1236581.6404128976,1794410.1511120072,10
-1236118.3276963702,1794410.1511120072,10
-1235655.0149798426,1794410.1511120072,10
-1235191.7022633152,1794410.1511120072,10
-1234728.3895467876,1794410.1511120072,10
-1234265.07683026,1794410.1511120072,10
-1233801.7641137326,1794410.1511120072,10
-1233338.4513972052,1794410.1511120072,10
-1232875.1386806776,1794410.1511120072,10
-1232411.82596415,1794410.1511120072,10
-1231948.5132476226,1794410.1511120072,10
-1231485.200531095,1794410.1511120072,10
-1231021.8878145677,1794410.1511120072,10
-1230558.57509804,1794410.1511120072,10
-1230095.2623815127,1794410.1511120072,10
-1229631.949664985,1794410.1511120072,10
-1229168.6369484577,1794410.1511120072,10
-1228705.32423193,1794410.1511120072,10
-1228242.0115154027,1794410.1511120072,10
-1227778.698798875,1794410.1511120072,10
-1227315.3860823475,1794410.1511120072,10
-1226852.07336582,1794410.1511120072,10
-1226388.7606492927,1794410.1511120072,10
-1225925.4479327651,1794410.1511120072,10
-1225462.1352162375,1794410.1511120072,10
-1224998.8224997101,1794410.1511120072,10
-1224535.5097831825,1794410.1511120072,10
-1224072.1970666551,1794410.1511120072,10
-1223608.8843501275,1794410.1511120072,10
-1223145.5716336002,1794410.1511120072,10
-1222682.2589170726,1794410.1511120072,10
-1222218.9462005452,1794410.1511120072,10
-1221755.6334840176,1794410.1511120072,10
-1221292.3207674902,1794410.1511120072,10
-1220829.0080509626,1794410.1511120072,10
-1220365.6953344352,1794410.1511120072,10
-1219902.3826179076,1794410.1511120072,10
-1219439.0699013802,1794410.1511120072,10
-1218975.7571848526,1794410.1511120072,10
-1218512.444468325,1794410.1511120072,10
-1218049.1317517976,1794410.1511120072,10
-1217585.81903527,1794410.1511120072,10
-1217122.5063187426,1794410.1511120072,10
-1216659.193602215,1794410.1511120072,10
-1216195.8808856877,1794410.1511120072,10
-1215732.56816916,1794410.1511120072,10
-1215269.2554526327,1794410.1511120072,10
-1214805.942736105,1794410.1511120072,10
-1214342.6300195777,1794410.1511120072,10
-1213879.31730305,1794410.1511120072,10
-1213416.0045865227,1794410.1511120072,10
-1212952.691869995,1794410.1511120072,10
-1212489.3791534677,1794410.1511120072,10
-1212026.06643694,1794410.1511120072,10
-1211562.7537204125,1794410.1511120072,10
-1211099.4410038851,1794410.1511120072,10
-1210636.1282873575,1794410.1511120072,10
-1210172.8155708301,1794410.1511120072,10
-1209709.5028543025,1794410.1511120072,10
-1209246.1901377751,1794410.1511120072,10
-1208782.8774212475,1794410.1511120072,10
-1208319.5647047202,1794410.1511120072,10
-1207856.2519881926,1794410.1511120072,10
-1207392.9392716652,1794410.1511120072,10
-1206929.6265551376,1794410.1511120072,10
-1206466.3138386102,1794410.1511120072,10
-1206003.0011220826,1794410.1511120072,10
-1205539.6884055552,1794410.1511120072,10
-1205076.3756890276,1794410.1511120072,10
-1204613.0629725,1794410.1511120072,10
-1204149.7502559726,1794410.1511120072,10
-1203686.4375394452,1794410.1511120072,10
-1203223.1248229176,1794410.1511120072,10
-1202759.81210639,1794410.1511120072,10
-1202296.4993898626,1794410.1511120072,10
-1201833.186673335,1794410.1511120072,10
-1201369.8739568077,1794410.1511120072,10
-1200906.56124028,1794410.1511120072,10
-1200443.2485237527,1794410.1511120072,10
-1199979.935807225,1794410.1511120072,10
-1199516.6230906977,1794410.1511120072,10
-1199053.31037417,1794410.1511120072,10
-1198589.9976576427,1794410.1511120072,10
-1198126.684941115,1794410.1511120072,10
-1197663.3722245875,1794410.1511120072,10
-1197200.05950806,1794410.1511120072,10
-1196736.7467915327,1794410.1511120072,10
-1196273.4340750051,1794410.1511120072,10
-1195810.1213584775,1794410.1511120072,10
-1195346.8086419501,1794410.1511120072,10
-1194883.4959254225,1794410.1511120072,10
-1194420.1832088951,1794410.1511120072,10
-1193956.8704923675,1794410.1511120072,10
-1193493.5577758402,1794410.1511120072,10
-1193030.2450593126,1794410.1511120072,10
-1192566.9323427852,1794410.1511120072,10
-1192103.6196262576,1794410.1511120072,10
-1191640.3069097302,1794410.1511120072,10
-1191176.9941932026,1794410.1511120072,10
-1190713.6814766752,1794410.1511120072,10
-1190250.3687601476,1794410.1511120072,10
-1189787.0560436202,1794410.1511120072,10
-1189323.7433270926,1794410.1511120072,10
-1188860.430610565,1794410.1511120072,10
-1188397.1178940376,1794410.1511120072,10
-1187933.80517751,1794410.1511120072,10
-1187470.4924609826,1794410.1511120072,10
-1187007.179744455,1794410.1511120072,10
-1186543.8670279277,1794410.1511120072,10
-1186080.5543114,1794410.1511120072,10
-1185617.2415948727,1794410.1511120072,10
-1185153.928878345,1794410.1511120072,10
-1184690.6161618177,1794410.1511120072,10
-1184227.30344529,1794410.1511120072,10
-1183763.9907287627,1794410.1511120072,10
-1183300.678012235,1794410.1511120072,10
-1182837.3652957077,1794410.1511120072,10
-1182374.05257918,1794410.1511120072,10
-1181910.7398626525,1794410.1511120072,10
-1181447.4271461251,1794410.1511120072,10
-1180984.1144295975,1794410.1511120072,10
-1180520.8017130701,1794410.1511120072,10
-1180057.4889965425,1794410.1511120072,10
-1179594.1762800151,1794410.1511120072,10
-1179130.8635634875,1794410.1511120072,10
-1178667.5508469602,1794410.1511120072,10
-1178204.2381304326,1794410.1511120072,10
-1177740.9254139052,1794410.1511120072,10
-1177277.6126973776,1794410.1511120072,10
-1176814.2999808502,1794410.1511120072,10
-1176350.9872643226,1794410.1511120072,10
-1175887.6745477952,1794410.1511120072,10
-1175424.3618312676,1794410.1511120072,10
-1174961.04911474,1794410.1511120072,10
-1174497.7363982126,1794410.1511120072,10
-1174034.4236816852,1794410.1511120072,10
-1173571.1109651576,1794410.1511120072,10
-1173107.79824863,1794410.1511120072,10
-1172644.4855321026,1794410.1511120072,10
-1172181.172815575,1794410.1511120072,10
-1171717.8600990477,1794410.1511120072,10
-1171254.54738252,1794410.1511120072,10
-1170791.2346659927,1794410.1511120072,10
-1170327.921949465,1794410.1511120072,10
-1169864.6092329377,1794410.1511120072,10
-1169401.29651641,1794410.1511120072,10
-1168937.9837998827,1794410.1511120072,10
-1168474.671083355,1794410.1511120072,10
-1168011.3583668275,1794410.1511120072,10
-1167548.0456503,1794410.1511120072,10
-1167084.7329337727,1794410.1511120072,10
-1166621.4202172451,1794410.1511120072,10
-1166158.1075007175,1794410.1511120072,10
-1165694.7947841901,1794410.1511120072,10
-1165231.4820676625,1794410.1511120072,10
-1164768.1693511351,1794410.1511120072,10
-1164304.8566346075,1794410.1511120072,10
-1163841.5439180802,1794410.1511120072,10
-1163378.2312015526,1794410.1511120072,10
-1162914.9184850252,1794410.1511120072,10
-1162451.6057684976,1794410.1511120072,10
-1161988.2930519702,1794410.1511120072,10
-1161524.9803354426,1794410.1511120072,10
-1161061.6676189152,1794410.1511120072,10
-1160598.3549023876,1794410.1511120072,10
-1160135.0421858602,1794410.1511120072,10
-1159671.7294693326,1794410.1511120072,10
-1159208.416752805,1794410.1511120072,10
-1158745.1040362776,1794410.1511120072,10
-1158281.79131975,1794410.1511120072,10
-1157818.4786032226,1794410.1511120072,10
-1157355.165886695,1794410.1511120072,10
-1156891.8531701677,1794410.1511120072,10
-1156428.54045364,1794410.1511120072,10
-1155965.2277371127,1794410.1511120072,10
-1155501.915020585,1794410.1511120072,10
-1155038.6023040577,1794410.1511120072,10
-1154575.28958753,1794410.1511120072,10
-1154111.9768710027,1794410.1511120072,10
-1153648.664154475,1794410.1511120072,10
-1153185.3514379477,1794410.1511120072,10
-1152722.03872142,1794410.1511120072,10
-1152258.7260048925,1794410.1511120072,10
-1151795.4132883651,1794410.1511120072,10
-1151332.1005718375,1794410.1511120072,10
-1150868.7878553101,1794410.1511120072,10
-1150405.4751387825,1794410.1511120072,10
-1149942.1624222551,1794410.1511120072,10
-1149478.8497057275,1794410.1511120072,10
-1149015.5369892002,1794410.1511120072,10
-1148552.2242726726,1794410.1511120072,10
-1148088.9115561452,1794410.1511120072,10
-1147625.5988396176,1794410.1511120072,10
-1147162.2861230902,1794410.1511120072,10
-1306078.5478920226,1793946.8383954796,10
-1305615.235175495,1793946.8383954796,10
-1305151.9224589677,1793946.8383954796,16
-1304688.60974244,1793946.8383954796,16
-1304225.2970259127,1793946.8383954796,16
-1303761.984309385,1793946.8383954796,16
-1303298.6715928577,1793946.8383954796,16
-1302835.35887633,1793946.8383954796,16
-1302372.0461598027,1793946.8383954796,16
-1301908.733443275,1793946.8383954796,16
-1301445.4207267477,1793946.8383954796,16
-1300982.10801022,1793946.8383954796,16
-1300518.7952936925,1793946.8383954796,16
-1300055.4825771651,1793946.8383954796,16
-1299592.1698606375,1793946.8383954796,16
-1299128.8571441101,1793946.8383954796,10
-1298665.5444275825,1793946.8383954796,10
-1298202.2317110552,1793946.8383954796,10
-1297738.9189945275,1793946.8383954796,10
-1297275.6062780002,1793946.8383954796,10
-1296812.2935614726,1793946.8383954796,10
-1296348.9808449452,1793946.8383954796,10
-1295885.6681284176,1793946.8383954796,10
-1295422.3554118902,1793946.8383954796,10
-1294959.0426953626,1793946.8383954796,10
-1294495.7299788352,1793946.8383954796,16
-1294032.4172623076,1793946.8383954796,16
-1293569.10454578,1793946.8383954796,10
-1293105.7918292526,1793946.8383954796,10
-1292642.479112725,1793946.8383954796,10
-1292179.1663961976,1793946.8383954796,10
-1291715.85367967,1793946.8383954796,16
-1291252.5409631426,1793946.8383954796,10
-1290789.228246615,1793946.8383954796,10
-1290325.9155300877,1793946.8383954796,10
-1289862.60281356,1793946.8383954796,10
-1289399.2900970327,1793946.8383954796,10
-1288935.977380505,1793946.8383954796,10
-1288472.6646639777,1793946.8383954796,10
-1288009.35194745,1793946.8383954796,10
-1287546.0392309227,1793946.8383954796,10
-1287082.726514395,1793946.8383954796,10
-1286619.4137978677,1793946.8383954796,10
-1286156.10108134,1793946.8383954796,10
-1285692.7883648127,1793946.8383954796,10
-1285229.4756482851,1793946.8383954796,10
-1284766.1629317575,1793946.8383954796,10
-1284302.8502152301,1793946.8383954796,10
-1283839.5374987025,1793946.8383954796,10
-1283376.2247821752,1793946.8383954796,10
-1282912.9120656475,1793946.8383954796,10
-1282449.5993491202,1793946.8383954796,10
-1281986.2866325926,1793946.8383954796,10
-1281522.9739160652,1793946.8383954796,10
-1281059.6611995376,1793946.8383954796,10
-1280596.3484830102,1793946.8383954796,10
-1280133.0357664826,1793946.8383954796,10
-1279669.7230499552,1793946.8383954796,10
-1279206.4103334276,1793946.8383954796,10
-1278743.0976169002,1793946.8383954796,10
-1278279.7849003726,1793946.8383954796,10
-1277816.472183845,1793946.8383954796,10
-1277353.1594673176,1793946.8383954796,10
-1276889.84675079,1793946.8383954796,10
-1276426.5340342626,1793946.8383954796,10
-1275963.221317735,1793946.8383954796,10
-1275499.9086012077,1793946.8383954796,10
-1275036.59588468,1793946.8383954796,10
-1274573.2831681527,1793946.8383954796,10
-1274109.970451625,1793946.8383954796,10
-1273646.6577350977,1793946.8383954796,10
-1273183.34501857,1793946.8383954796,10
-1272720.0323020427,1793946.8383954796,10
-1272256.719585515,1793946.8383954796,10
-1271793.4068689877,1793946.8383954796,10
-1271330.09415246,1793946.8383954796,10
-1270866.7814359325,1793946.8383954796,10
-1270403.4687194051,1793946.8383954796,10
-1269940.1560028775,1793946.8383954796,10
-1269476.8432863501,1793946.8383954796,10
-1269013.5305698225,1793946.8383954796,10
-1268550.2178532952,1793946.8383954796,10
-1268086.9051367675,1793946.8383954796,10
-1267623.5924202402,1793946.8383954796,10
-1267160.2797037126,1793946.8383954796,10
-1266696.9669871852,1793946.8383954796,10
-1266233.6542706576,1793946.8383954796,10
-1265770.3415541302,1793946.8383954796,10
-1265307.0288376026,1793946.8383954796,10
-1264843.7161210752,1793946.8383954796,10
-1264380.4034045476,1793946.8383954796,10
-1263917.09068802,1793946.8383954796,10
-1263453.7779714926,1793946.8383954796,10
-1262990.465254965,1793946.8383954796,10
-1262527.1525384376,1793946.8383954796,10
-1262063.83982191,1793946.8383954796,10
-1261600.5271053826,1793946.8383954796,10
-1261137.214388855,1793946.8383954796,10
-1260673.9016723277,1793946.8383954796,10
-1260210.5889558,1793946.8383954796,10
-1259747.2762392727,1793946.8383954796,10
-1259283.963522745,1793946.8383954796,10
-1258820.6508062177,1793946.8383954796,10
-1258357.33808969,1793946.8383954796,10
-1257894.0253731627,1793946.8383954796,10
-1257430.712656635,1793946.8383954796,10
-1256967.3999401077,1793946.8383954796,10
-1256504.08722358,1793946.8383954796,10
-1256040.7745070527,1793946.8383954796,10
-1255577.4617905251,1793946.8383954796,10
-1255114.1490739975,1793946.8383954796,10
-1254650.8363574701,1793946.8383954796,10
-1254187.5236409425,1793946.8383954796,10
-1253724.2109244152,1793946.8383954796,10
-1253260.8982078875,1793946.8383954796,10
-1252797.5854913602,1793946.8383954796,10
-1252334.2727748326,1793946.8383954796,10
-1251870.9600583052,1793946.8383954796,10
-1251407.6473417776,1793946.8383954796,10
-1250944.3346252502,1793946.8383954796,10
-1250481.0219087226,1793946.8383954796,10
-1250017.7091921952,1793946.8383954796,10
-1249554.3964756676,1793946.8383954796,10
-1249091.0837591402,1793946.8383954796,10
-1248627.7710426126,1793946.8383954796,10
-1248164.458326085,1793946.8383954796,10
-1247701.1456095576,1793946.8383954796,10
-1247237.83289303,1793946.8383954796,10
-1246774.5201765026,1793946.8383954796,10
-1246311.207459975,1793946.8383954796,10
-1245847.8947434477,1793946.8383954796,10
-1245384.58202692,1793946.8383954796,10
-1244921.2693103927,1793946.8383954796,10
-1244457.956593865,1793946.8383954796,10
-1243994.6438773377,1793946.8383954796,10
-1243531.33116081,1793946.8383954796,10
-1243068.0184442827,1793946.8383954796,10
-1242604.705727755,1793946.8383954796,10
-1242141.3930112277,1793946.8383954796,10
-1241678.0802947,1793946.8383954796,10
-1241214.7675781725,1793946.8383954796,10
-1240751.4548616451,1793946.8383954796,10
-1240288.1421451175,1793946.8383954796,10
-1239824.8294285901,1793946.8383954796,10
-1239361.5167120625,1793946.8383954796,10
-1238898.2039955352,1793946.8383954796,10
-1238434.8912790075,1793946.8383954796,10
-1237971.5785624802,1793946.8383954796,10
-1237508.2658459526,1793946.8383954796,10
-1237044.9531294252,1793946.8383954796,10
-1236581.6404128976,1793946.8383954796,10
-1236118.3276963702,1793946.8383954796,10
-1235655.0149798426,1793946.8383954796,10
-1235191.7022633152,1793946.8383954796,10
-1234728.3895467876,1793946.8383954796,10
-1234265.07683026,1793946.8383954796,10
-1233801.7641137326,1793946.8383954796,10
-1233338.4513972052,1793946.8383954796,10
-1232875.1386806776,1793946.8383954796,10
-1232411.82596415,1793946.8383954796,10
-1231948.5132476226,1793946.8383954796,10
-1231485.200531095,1793946.8383954796,10
-1231021.8878145677,1793946.8383954796,10
-1230558.57509804,1793946.8383954796,10
-1230095.2623815127,1793946.8383954796,10
-1229631.949664985,1793946.8383954796,10
-1229168.6369484577,1793946.8383954796,10
-1228705.32423193,1793946.8383954796,10
-1228242.0115154027,1793946.8383954796,10
-1227778.698798875,1793946.8383954796,10
-1227315.3860823475,1793946.8383954796,10
-1226852.07336582,1793946.8383954796,10
-1226388.7606492927,1793946.8383954796,10
-1225925.4479327651,1793946.8383954796,10
-1225462.1352162375,1793946.8383954796,10
-1224998.8224997101,1793946.8383954796,10
-1224535.5097831825,1793946.8383954796,10
-1224072.1970666551,1793946.8383954796,10
-1223608.8843501275,1793946.8383954796,10
-1223145.5716336002,1793946.8383954796,10
-1222682.2589170726,1793946.8383954796,10
-1222218.9462005452,1793946.8383954796,10
-1221755.6334840176,1793946.8383954796,10
-1221292.3207674902,1793946.8383954796,10
-1220829.0080509626,1793946.8383954796,10
-1220365.6953344352,1793946.8383954796,10
-1219902.3826179076,1793946.8383954796,10
-1219439.0699013802,1793946.8383954796,10
-1218975.7571848526,1793946.8383954796,10
-1218512.444468325,1793946.8383954796,10
-1218049.1317517976,1793946.8383954796,10
-1217585.81903527,1793946.8383954796,10
-1217122.5063187426,1793946.8383954796,10
-1216659.193602215,1793946.8383954796,10
-1216195.8808856877,1793946.8383954796,10
-1215732.56816916,1793946.8383954796,10
-1215269.2554526327,1793946.8383954796,10
-1214805.942736105,1793946.8383954796,10
-1214342.6300195777,1793946.8383954796,10
-1213879.31730305,1793946.8383954796,10
-1213416.0045865227,1793946.8383954796,10
-1212952.691869995,1793946.8383954796,10
-1212489.3791534677,1793946.8383954796,10
-1212026.06643694,1793946.8383954796,10
-1211562.7537204125,1793946.8383954796,10
-1211099.4410038851,1793946.8383954796,10
-1210636.1282873575,1793946.8383954796,10
-1210172.8155708301,1793946.8383954796,10
-1209709.5028543025,1793946.8383954796,10
-1209246.1901377751,1793946.8383954796,10
-1208782.8774212475,1793946.8383954796,10
-1208319.5647047202,1793946.8383954796,10
-1207856.2519881926,1793946.8383954796,10
-1207392.9392716652,1793946.8383954796,10
-1206929.6265551376,1793946.8383954796,10
-1206466.3138386102,1793946.8383954796,10
-1206003.0011220826,1793946.8383954796,10
-1205539.6884055552,1793946.8383954796,10
-1205076.3756890276,1793946.8383954796,10
-1204613.0629725,1793946.8383954796,10
-1204149.7502559726,1793946.8383954796,10
-1203686.4375394452,1793946.8383954796,10
-1203223.1248229176,1793946.8383954796,10
-1202759.81210639,1793946.8383954796,10
-1202296.4993898626,1793946.8383954796,10
-1201833.186673335,1793946.8383954796,10
-1201369.8739568077,1793946.8383954796,10
-1200906.56124028,1793946.8383954796,10
-1200443.2485237527,1793946.8383954796,10
-1199979.935807225,1793946.8383954796,10
-1199516.6230906977,1793946.8383954796,10
-1199053.31037417,1793946.8383954796,10
-1198589.9976576427,1793946.8383954796,10
-1198126.684941115,1793946.8383954796,10
-1197663.3722245875,1793946.8383954796,10
-1197200.05950806,1793946.8383954796,10
-1196736.7467915327,1793946.8383954796,10
-1196273.4340750051,1793946.8383954796,10
-1195810.1213584775,1793946.8383954796,10
-1195346.8086419501,1793946.8383954796,10
-1194883.4959254225,1793946.8383954796,10
-1194420.1832088951,1793946.8383954796,10
-1193956.8704923675,1793946.8383954796,10
-1193493.5577758402,1793946.8383954796,10
-1193030.2450593126,1793946.8383954796,10
-1192566.9323427852,1793946.8383954796,10
-1192103.6196262576,1793946.8383954796,10
-1191640.3069097302,1793946.8383954796,10
-1191176.9941932026,1793946.8383954796,10
-1190713.6814766752,1793946.8383954796,10
-1190250.3687601476,1793946.8383954796,10
-1189787.0560436202,1793946.8383954796,10
-1189323.7433270926,1793946.8383954796,10
-1188860.430610565,1793946.8383954796,10
-1188397.1178940376,1793946.8383954796,10
-1187933.80517751,1793946.8383954796,10
-1187470.4924609826,1793946.8383954796,10
-1187007.179744455,1793946.8383954796,10
-1186543.8670279277,1793946.8383954796,10
-1186080.5543114,1793946.8383954796,10
-1185617.2415948727,1793946.8383954796,10
-1185153.928878345,1793946.8383954796,10
-1184690.6161618177,1793946.8383954796,10
-1184227.30344529,1793946.8383954796,10
-1183763.9907287627,1793946.8383954796,10
-1183300.678012235,1793946.8383954796,10
-1182837.3652957077,1793946.8383954796,10
-1182374.05257918,1793946.8383954796,10
-1181910.7398626525,1793946.8383954796,10
-1181447.4271461251,1793946.8383954796,10
-1180984.1144295975,1793946.8383954796,10
-1180520.8017130701,1793946.8383954796,10
-1180057.4889965425,1793946.8383954796,10
-1179594.1762800151,1793946.8383954796,10
-1179130.8635634875,1793946.8383954796,10
-1178667.5508469602,1793946.8383954796,10
-1178204.2381304326,1793946.8383954796,10
-1177740.9254139052,1793946.8383954796,10
-1177277.6126973776,1793946.8383954796,10
-1176814.2999808502,1793946.8383954796,10
-1176350.9872643226,1793946.8383954796,10
-1175887.6745477952,1793946.8383954796,10
-1175424.3618312676,1793946.8383954796,10
-1174961.04911474,1793946.8383954796,10
-1174497.7363982126,1793946.8383954796,10
-1174034.4236816852,1793946.8383954796,10
-1173571.1109651576,1793946.8383954796,10
-1173107.79824863,1793946.8383954796,10
-1172644.4855321026,1793946.8383954796,10
-1172181.172815575,1793946.8383954796,10
-1171717.8600990477,1793946.8383954796,10
-1171254.54738252,1793946.8383954796,10
-1170791.2346659927,1793946.8383954796,10
-1170327.921949465,1793946.8383954796,10
-1169864.6092329377,1793946.8383954796,10
-1169401.29651641,1793946.8383954796,10
-1168937.9837998827,1793946.8383954796,10
-1168474.671083355,1793946.8383954796,10
-1168011.3583668275,1793946.8383954796,10
-1167548.0456503,1793946.8383954796,10
-1167084.7329337727,1793946.8383954796,10
-1166621.4202172451,1793946.8383954796,10
-1166158.1075007175,1793946.8383954796,10
-1165694.7947841901,1793946.8383954796,10
-1165231.4820676625,1793946.8383954796,10
-1164768.1693511351,1793946.8383954796,10
-1164304.8566346075,1793946.8383954796,10
-1163841.5439180802,1793946.8383954796,10
-1163378.2312015526,1793946.8383954796,10
-1162914.9184850252,1793946.8383954796,10
-1162451.6057684976,1793946.8383954796,10
-1161988.2930519702,1793946.8383954796,10
-1161524.9803354426,1793946.8383954796,10
-1161061.6676189152,1793946.8383954796,10
-1160598.3549023876,1793946.8383954796,10
-1160135.0421858602,1793946.8383954796,10
-1159671.7294693326,1793946.8383954796,10
-1159208.416752805,1793946.8383954796,10
-1158745.1040362776,1793946.8383954796,10
-1158281.79131975,1793946.8383954796,10
-1157818.4786032226,1793946.8383954796,10
-1157355.165886695,1793946.8383954796,10
-1156891.8531701677,1793946.8383954796,10
-1156428.54045364,1793946.8383954796,10
-1155965.2277371127,1793946.8383954796,10
-1155501.915020585,1793946.8383954796,10
-1155038.6023040577,1793946.8383954796,10
-1154575.28958753,1793946.8383954796,10
-1154111.9768710027,1793946.8383954796,10
-1153648.664154475,1793946.8383954796,10
-1153185.3514379477,1793946.8383954796,10
-1152722.03872142,1793946.8383954796,10
-1152258.7260048925,1793946.8383954796,10
-1151795.4132883651,1793946.8383954796,10
-1151332.1005718375,1793946.8383954796,10
-1150868.7878553101,1793946.8383954796,10
-1150405.4751387825,1793946.8383954796,10
-1149942.1624222551,1793946.8383954796,10
-1149478.8497057275,1793946.8383954796,10
-1149015.5369892002,1793946.8383954796,10
-1148552.2242726726,1793946.8383954796,10
-1148088.9115561452,1793946.8383954796,10
-1147625.5988396176,1793946.8383954796,10
-1147162.2861230902,1793946.8383954796,10
-1305615.235175495,1793483.5256789522,10
-1305151.9224589677,1793483.5256789522,10
-1304688.60974244,1793483.5256789522,16
-1304225.2970259127,1793483.5256789522,16
-1303761.984309385,1793483.5256789522,16
-1303298.6715928577,1793483.5256789522,16
-1302835.35887633,1793483.5256789522,16
-1302372.0461598027,1793483.5256789522,16
-1301908.733443275,1793483.5256789522,16
-1301445.4207267477,1793483.5256789522,16
-1300982.10801022,1793483.5256789522,16
-1300518.7952936925,1793483.5256789522,10
-1300055.4825771651,1793483.5256789522,16
-1299592.1698606375,1793483.5256789522,10
-1299128.8571441101,1793483.5256789522,10
-1298665.5444275825,1793483.5256789522,10
-1298202.2317110552,1793483.5256789522,10
-1297738.9189945275,1793483.5256789522,10
-1297275.6062780002,1793483.5256789522,10
-1296812.2935614726,1793483.5256789522,10
-1296348.9808449452,1793483.5256789522,10
-1295885.6681284176,1793483.5256789522,10
-1295422.3554118902,1793483.5256789522,10
-1294959.0426953626,1793483.5256789522,10
-1294495.7299788352,1793483.5256789522,16
-1294032.4172623076,1793483.5256789522,16
-1293569.10454578,1793483.5256789522,10
-1293105.7918292526,1793483.5256789522,10
-1292642.479112725,1793483.5256789522,10
-1292179.1663961976,1793483.5256789522,10
-1291715.85367967,1793483.5256789522,10
-1291252.5409631426,1793483.5256789522,10
-1290789.228246615,1793483.5256789522,10
-1290325.9155300877,1793483.5256789522,10
-1289862.60281356,1793483.5256789522,10
-1289399.2900970327,1793483.5256789522,10
-1288935.977380505,1793483.5256789522,10
-1288472.6646639777,1793483.5256789522,10
-1288009.35194745,1793483.5256789522,10
-1287546.0392309227,1793483.5256789522,10
-1287082.726514395,1793483.5256789522,10
-1286619.4137978677,1793483.5256789522,10
-1286156.10108134,1793483.5256789522,10
-1285692.7883648127,1793483.5256789522,10
-1285229.4756482851,1793483.5256789522,10
-1284766.1629317575,1793483.5256789522,10
-1284302.8502152301,1793483.5256789522,10
-1283839.5374987025,1793483.5256789522,10
-1283376.2247821752,1793483.5256789522,10
-1282912.9120656475,1793483.5256789522,10
-1282449.5993491202,1793483.5256789522,10
-1281986.2866325926,1793483.5256789522,10
-1281522.9739160652,1793483.5256789522,10
-1281059.6611995376,1793483.5256789522,10
-1280596.3484830102,1793483.5256789522,10
-1280133.0357664826,1793483.5256789522,10
-1279669.7230499552,1793483.5256789522,10
-1279206.4103334276,1793483.5256789522,10
-1278743.0976169002,1793483.5256789522,10
-1278279.7849003726,1793483.5256789522,10
-1277816.472183845,1793483.5256789522,10
-1277353.1594673176,1793483.5256789522,10
-1276889.84675079,1793483.5256789522,10
-1276426.5340342626,1793483.5256789522,10
-1275963.221317735,1793483.5256789522,10
-1275499.9086012077,1793483.5256789522,10
-1275036.59588468,1793483.5256789522,10
-1274573.2831681527,1793483.5256789522,10
-1274109.970451625,1793483.5256789522,10
-1273646.6577350977,1793483.5256789522,10
-1273183.34501857,1793483.5256789522,10
-1272720.0323020427,1793483.5256789522,10
-1272256.719585515,1793483.5256789522,10
-1271793.4068689877,1793483.5256789522,10
-1271330.09415246,1793483.5256789522,10
-1270866.7814359325,1793483.5256789522,10
-1270403.4687194051,1793483.5256789522,10
-1269940.1560028775,1793483.5256789522,10
-1269476.8432863501,1793483.5256789522,10
-1269013.5305698225,1793483.5256789522,10
-1268550.2178532952,1793483.5256789522,10
-1268086.9051367675,1793483.5256789522,10
-1267623.5924202402,1793483.5256789522,10
-1267160.2797037126,1793483.5256789522,10
-1266696.9669871852,1793483.5256789522,10
-1266233.6542706576,1793483.5256789522,10
-1265770.3415541302,1793483.5256789522,10
-1265307.0288376026,1793483.5256789522,10
-1264843.7161210752,1793483.5256789522,10
-1264380.4034045476,1793483.5256789522,10
-1263917.09068802,1793483.5256789522,10
-1263453.7779714926,1793483.5256789522,10
-1262990.465254965,1793483.5256789522,10
-1262527.1525384376,1793483.5256789522,10
-1262063.83982191,1793483.5256789522,10
-1261600.5271053826,1793483.5256789522,10
-1261137.214388855,1793483.5256789522,10
-1260673.9016723277,1793483.5256789522,10
-1260210.5889558,1793483.5256789522,10
-1259747.2762392727,1793483.5256789522,10
-1259283.963522745,1793483.5256789522,10
-1258820.6508062177,1793483.5256789522,10
-1258357.33808969,1793483.5256789522,10
-1257894.0253731627,1793483.5256789522,10
-1257430.712656635,1793483.5256789522,10
-1256967.3999401077,1793483.5256789522,10
-1256504.08722358,1793483.5256789522,10
-1256040.7745070527,1793483.5256789522,10
-1255577.4617905251,1793483.5256789522,10
-1255114.1490739975,1793483.5256789522,10
-1254650.8363574701,1793483.5256789522,10
-1254187.5236409425,1793483.5256789522,10
-1253724.2109244152,1793483.5256789522,10
-1253260.8982078875,1793483.5256789522,10
-1252797.5854913602,1793483.5256789522,10
-1252334.2727748326,1793483.5256789522,10
-1251870.9600583052,1793483.5256789522,10
-1251407.6473417776,1793483.5256789522,10
-1250944.3346252502,1793483.5256789522,10
-1250481.0219087226,1793483.5256789522,10
-1250017.7091921952,1793483.5256789522,10
-1249554.3964756676,1793483.5256789522,10
-1249091.0837591402,1793483.5256789522,10
-1248627.7710426126,1793483.5256789522,10
-1248164.458326085,1793483.5256789522,10
-1247701.1456095576,1793483.5256789522,10
-1247237.83289303,1793483.5256789522,10
-1246774.5201765026,1793483.5256789522,10
-1246311.207459975,1793483.5256789522,10
-1245847.8947434477,1793483.5256789522,10
-1245384.58202692,1793483.5256789522,10
-1244921.2693103927,1793483.5256789522,10
-1244457.956593865,1793483.5256789522,10
-1243994.6438773377,1793483.5256789522,10
-1243531.33116081,1793483.5256789522,10
-1243068.0184442827,1793483.5256789522,10
-1242604.705727755,1793483.5256789522,10
-1242141.3930112277,1793483.5256789522,10
-1241678.0802947,1793483.5256789522,10
-1241214.7675781725,1793483.5256789522,10
-1240751.4548616451,1793483.5256789522,10
-1240288.1421451175,1793483.5256789522,10
-1239824.8294285901,1793483.5256789522,10
-1239361.5167120625,1793483.5256789522,10
-1238898.2039955352,1793483.5256789522,10
-1238434.8912790075,1793483.5256789522,10
-1237971.5785624802,1793483.5256789522,10
-1237508.2658459526,1793483.5256789522,10
-1237044.9531294252,1793483.5256789522,10
-1236581.6404128976,1793483.5256789522,10
-1236118.3276963702,1793483.5256789522,10
-1235655.0149798426,1793483.5256789522,10
-1235191.7022633152,1793483.5256789522,10
-1234728.3895467876,1793483.5256789522,10
-1234265.07683026,1793483.5256789522,10
-1233801.7641137326,1793483.5256789522,10
-1233338.4513972052,1793483.5256789522,10
-1232875.1386806776,1793483.5256789522,10
-1232411.82596415,1793483.5256789522,10
-1231948.5132476226,1793483.5256789522,10
-1231485.200531095,1793483.5256789522,10
-1231021.8878145677,1793483.5256789522,10
-1230558.57509804,1793483.5256789522,10
-1230095.2623815127,1793483.5256789522,10
-1229631.949664985,1793483.5256789522,10
-1229168.6369484577,1793483.5256789522,10
-1228705.32423193,1793483.5256789522,10
-1228242.0115154027,1793483.5256789522,10
-1227778.698798875,1793483.5256789522,10
-1227315.3860823475,1793483.5256789522,10
-1226852.07336582,1793483.5256789522,10
-1226388.7606492927,1793483.5256789522,10
-1225925.4479327651,1793483.5256789522,10
-1225462.1352162375,1793483.5256789522,10
-1224998.8224997101,1793483.5256789522,10
-1224535.5097831825,1793483.5256789522,10
-1224072.1970666551,1793483.5256789522,10
-1223608.8843501275,1793483.5256789522,10
-1223145.5716336002,1793483.5256789522,10
-1222682.2589170726,1793483.5256789522,10
-1222218.9462005452,1793483.5256789522,10
-1221755.6334840176,1793483.5256789522,10
-1221292.3207674902,1793483.5256789522,10
-1220829.0080509626,1793483.5256789522,10
-1220365.6953344352,1793483.5256789522,10
-1219902.3826179076,1793483.5256789522,10
-1219439.0699013802,1793483.5256789522,10
-1218975.7571848526,1793483.5256789522,10
-1218512.444468325,1793483.5256789522,10
-1218049.1317517976,1793483.5256789522,10
-1217585.81903527,1793483.5256789522,10
-1217122.5063187426,1793483.5256789522,10
-1216659.193602215,1793483.5256789522,10
-1216195.8808856877,1793483.5256789522,10
-1215732.56816916,1793483.5256789522,10
-1215269.2554526327,1793483.5256789522,10
-1214805.942736105,1793483.5256789522,10
-1214342.6300195777,1793483.5256789522,10
-1213879.31730305,1793483.5256789522,10
-1213416.0045865227,1793483.5256789522,10
-1212952.691869995,1793483.5256789522,10
-1212489.3791534677,1793483.5256789522,10
-1212026.06643694,1793483.5256789522,10
-1211562.7537204125,1793483.5256789522,10
-1211099.4410038851,1793483.5256789522,10
-1210636.1282873575,1793483.5256789522,10
-1210172.8155708301,1793483.5256789522,10
-1209709.5028543025,1793483.5256789522,10
-1209246.1901377751,1793483.5256789522,10
-1208782.8774212475,1793483.5256789522,10
-1208319.5647047202,1793483.5256789522,10
-1207856.2519881926,1793483.5256789522,10
-1207392.9392716652,1793483.5256789522,10
-1206929.6265551376,1793483.5256789522,10
-1206466.3138386102,1793483.5256789522,10
-1206003.0011220826,1793483.5256789522,10
-1205539.6884055552,1793483.5256789522,10
-1205076.3756890276,1793483.5256789522,10
-1204613.0629725,1793483.5256789522,10
-1204149.7502559726,1793483.5256789522,10
-1203686.4375394452,1793483.5256789522,10
-1203223.1248229176,1793483.5256789522,10
-1202759.81210639,1793483.5256789522,10
-1202296.4993898626,1793483.5256789522,10
-1201833.186673335,1793483.5256789522,10
-1201369.8739568077,1793483.5256789522,10
-1200906.56124028,1793483.5256789522,10
-1200443.2485237527,1793483.5256789522,10
-1199979.935807225,1793483.5256789522,10
-1199516.6230906977,1793483.5256789522,10
-1199053.31037417,1793483.5256789522,10
-1198589.9976576427,1793483.5256789522,10
-1198126.684941115,1793483.5256789522,10
-1197663.3722245875,1793483.5256789522,10
-1197200.05950806,1793483.5256789522,10
-1196736.7467915327,1793483.5256789522,10
-1196273.4340750051,1793483.5256789522,10
-1195810.1213584775,1793483.5256789522,10
-1195346.8086419501,1793483.5256789522,10
-1194883.4959254225,1793483.5256789522,10
-1194420.1832088951,1793483.5256789522,10
-1193956.8704923675,1793483.5256789522,10
-1193493.5577758402,1793483.5256789522,10
-1193030.2450593126,1793483.5256789522,10
-1192566.9323427852,1793483.5256789522,10
-1192103.6196262576,1793483.5256789522,10
-1191640.3069097302,1793483.5256789522,10
-1191176.9941932026,1793483.5256789522,10
-1190713.6814766752,1793483.5256789522,10
-1190250.3687601476,1793483.5256789522,10
-1189787.0560436202,1793483.5256789522,10
-1189323.7433270926,1793483.5256789522,10
-1188860.430610565,1793483.5256789522,10
-1188397.1178940376,1793483.5256789522,10
-1187933.80517751,1793483.5256789522,10
-1187470.4924609826,1793483.5256789522,10
-1187007.179744455,1793483.5256789522,10
-1186543.8670279277,1793483.5256789522,10
-1186080.5543114,1793483.5256789522,10
-1185617.2415948727,1793483.5256789522,10
-1185153.928878345,1793483.5256789522,10
-1184690.6161618177,1793483.5256789522,10
-1184227.30344529,1793483.5256789522,10
-1183763.9907287627,1793483.5256789522,10
-1183300.678012235,1793483.5256789522,10
-1182837.3652957077,1793483.5256789522,10
-1182374.05257918,1793483.5256789522,10
-1181910.7398626525,1793483.5256789522,10
-1181447.4271461251,1793483.5256789522,10
-1180984.1144295975,1793483.5256789522,10
-1180520.8017130701,1793483.5256789522,10
-1180057.4889965425,1793483.5256789522,10
-1179594.1762800151,1793483.5256789522,10
-1179130.8635634875,1793483.5256789522,10
-1178667.5508469602,1793483.5256789522,10
-1178204.2381304326,1793483.5256789522,10
-1177740.9254139052,1793483.5256789522,10
-1177277.6126973776,1793483.5256789522,10
-1176814.2999808502,1793483.5256789522,10
-1176350.9872643226,1793483.5256789522,10
-1175887.6745477952,1793483.5256789522,10
-1175424.3618312676,1793483.5256789522,10
-1174961.04911474,1793483.5256789522,10
-1174497.7363982126,1793483.5256789522,10
-1174034.4236816852,1793483.5256789522,10
-1173571.1109651576,1793483.5256789522,10
-1173107.79824863,1793483.5256789522,10
-1172644.4855321026,1793483.5256789522,10
-1172181.172815575,1793483.5256789522,10
-1171717.8600990477,1793483.5256789522,10
-1171254.54738252,1793483.5256789522,10
-1170791.2346659927,1793483.5256789522,10
-1170327.921949465,1793483.5256789522,10
-1169864.6092329377,1793483.5256789522,10
-1169401.29651641,1793483.5256789522,10
-1168937.9837998827,1793483.5256789522,10
-1168474.671083355,1793483.5256789522,10
-1168011.3583668275,1793483.5256789522,10
-1167548.0456503,1793483.5256789522,10
-1167084.7329337727,1793483.5256789522,10
-1166621.4202172451,1793483.5256789522,10
-1166158.1075007175,1793483.5256789522,10
-1165694.7947841901,1793483.5256789522,10
-1165231.4820676625,1793483.5256789522,10
-1164768.1693511351,1793483.5256789522,10
-1164304.8566346075,1793483.5256789522,10
-1163841.5439180802,1793483.5256789522,10
-1163378.2312015526,1793483.5256789522,10
-1162914.9184850252,1793483.5256789522,10
-1162451.6057684976,1793483.5256789522,10
-1161988.2930519702,1793483.5256789522,10
-1161524.9803354426,1793483.5256789522,10
-1161061.6676189152,1793483.5256789522,10
-1160598.3549023876,1793483.5256789522,10
-1160135.0421858602,1793483.5256789522,10
-1159671.7294693326,1793483.5256789522,10
-1159208.416752805,1793483.5256789522,10
-1158745.1040362776,1793483.5256789522,10
-1158281.79131975,1793483.5256789522,10
-1157818.4786032226,1793483.5256789522,10
-1157355.165886695,1793483.5256789522,10
-1156891.8531701677,1793483.5256789522,10
-1156428.54045364,1793483.5256789522,10
-1155965.2277371127,1793483.5256789522,10
-1155501.915020585,1793483.5256789522,10
-1155038.6023040577,1793483.5256789522,10
-1154575.28958753,1793483.5256789522,10
-1154111.9768710027,1793483.5256789522,10
-1153648.664154475,1793483.5256789522,10
-1153185.3514379477,1793483.5256789522,10
-1152722.03872142,1793483.5256789522,10
-1152258.7260048925,1793483.5256789522,10
-1151795.4132883651,1793483.5256789522,10
-1151332.1005718375,1793483.5256789522,10
-1150868.7878553101,1793483.5256789522,10
-1150405.4751387825,1793483.5256789522,10
-1149942.1624222551,1793483.5256789522,10
-1149478.8497057275,1793483.5256789522,10
-1149015.5369892002,1793483.5256789522,10
-1148552.2242726726,1793483.5256789522,10
-1148088.9115561452,1793483.5256789522,10
-1147625.5988396176,1793483.5256789522,10
-1147162.2861230902,1793483.5256789522,10
-1305615.235175495,1793020.2129624246,10
-1305151.9224589677,1793020.2129624246,10
-1304688.60974244,1793020.2129624246,10
-1304225.2970259127,1793020.2129624246,10
-1303761.984309385,1793020.2129624246,16
-1303298.6715928577,1793020.2129624246,16
-1302835.35887633,1793020.2129624246,16
-1302372.0461598027,1793020.2129624246,16
-1301908.733443275,1793020.2129624246,16
-1301445.4207267477,1793020.2129624246,16
-1300982.10801022,1793020.2129624246,10
-1300518.7952936925,1793020.2129624246,10
-1300055.4825771651,1793020.2129624246,10
-1299592.1698606375,1793020.2129624246,16
-1299128.8571441101,1793020.2129624246,10
-1298665.5444275825,1793020.2129624246,10
-1298202.2317110552,1793020.2129624246,10
-1297738.9189945275,1793020.2129624246,10
-1297275.6062780002,1793020.2129624246,10
-1296812.2935614726,1793020.2129624246,10
-1296348.9808449452,1793020.2129624246,10
-1295885.6681284176,1793020.2129624246,10
-1295422.3554118902,1793020.2129624246,10
-1294959.0426953626,1793020.2129624246,10
-1294495.7299788352,1793020.2129624246,16
-1294032.4172623076,1793020.2129624246,10
-1293569.10454578,1793020.2129624246,16
-1293105.7918292526,1793020.2129624246,16
-1292642.479112725,1793020.2129624246,10
-1292179.1663961976,1793020.2129624246,10
-1291715.85367967,1793020.2129624246,10
-1291252.5409631426,1793020.2129624246,10
-1290789.228246615,1793020.2129624246,10
-1290325.9155300877,1793020.2129624246,10
-1289862.60281356,1793020.2129624246,10
-1289399.2900970327,1793020.2129624246,10
-1288935.977380505,1793020.2129624246,10
-1288472.6646639777,1793020.2129624246,10
-1288009.35194745,1793020.2129624246,10
-1287546.0392309227,1793020.2129624246,10
-1287082.726514395,1793020.2129624246,10
-1286619.4137978677,1793020.2129624246,10
-1286156.10108134,1793020.2129624246,10
-1285692.7883648127,1793020.2129624246,10
-1285229.4756482851,1793020.2129624246,10
-1284766.1629317575,1793020.2129624246,10
-1284302.8502152301,1793020.2129624246,10
-1283839.5374987025,1793020.2129624246,10
-1283376.2247821752,1793020.2129624246,10
-1282912.9120656475,1793020.2129624246,10
-1282449.5993491202,1793020.2129624246,10
-1281986.2866325926,1793020.2129624246,10
-1281522.9739160652,1793020.2129624246,10
-1281059.6611995376,1793020.2129624246,10
-1280596.3484830102,1793020.2129624246,10
-1280133.0357664826,1793020.2129624246,10
-1279669.7230499552,1793020.2129624246,10
-1279206.4103334276,1793020.2129624246,10
-1278743.0976169002,1793020.2129624246,10
-1278279.7849003726,1793020.2129624246,10
-1277816.472183845,1793020.2129624246,10
-1277353.1594673176,1793020.2129624246,10
-1276889.84675079,1793020.2129624246,10
-1276426.5340342626,1793020.2129624246,10
-1275963.221317735,1793020.2129624246,10
-1275499.9086012077,1793020.2129624246,10
-1275036.59588468,1793020.2129624246,10
-1274573.2831681527,1793020.2129624246,10
-1274109.970451625,1793020.2129624246,10
-1273646.6577350977,1793020.2129624246,10
-1273183.34501857,1793020.2129624246,10
-1272720.0323020427,1793020.2129624246,10
-1272256.719585515,1793020.2129624246,10
-1271793.4068689877,1793020.2129624246,10
-1271330.09415246,1793020.2129624246,10
-1270866.7814359325,1793020.2129624246,10
-1270403.4687194051,1793020.2129624246,10
-1269940.1560028775,1793020.2129624246,10
-1269476.8432863501,1793020.2129624246,10
-1269013.5305698225,1793020.2129624246,10
-1268550.2178532952,1793020.2129624246,10
-1268086.9051367675,1793020.2129624246,10
-1267623.5924202402,1793020.2129624246,10
-1267160.2797037126,1793020.2129624246,10
-1266696.9669871852,1793020.2129624246,10
-1266233.6542706576,1793020.2129624246,10
-1265770.3415541302,1793020.2129624246,10
-1265307.0288376026,1793020.2129624246,10
-1264843.7161210752,1793020.2129624246,10
-1264380.4034045476,1793020.2129624246,10
-1263917.09068802,1793020.2129624246,10
-1263453.7779714926,1793020.2129624246,10
-1262990.465254965,1793020.2129624246,10
-1262527.1525384376,1793020.2129624246,10
-1262063.83982191,1793020.2129624246,10
-1261600.5271053826,1793020.2129624246,10
-1261137.214388855,1793020.2129624246,10
-1260673.9016723277,1793020.2129624246,10
-1260210.5889558,1793020.2129624246,10
-1259747.2762392727,1793020.2129624246,10
-1259283.963522745,1793020.2129624246,10
-1258820.6508062177,1793020.2129624246,10
-1258357.33808969,1793020.2129624246,10
-1257894.0253731627,1793020.2129624246,10
-1257430.712656635,1793020.2129624246,10
-1256967.3999401077,1793020.2129624246,10
-1256504.08722358,1793020.2129624246,10
-1256040.7745070527,1793020.2129624246,10
-1255577.4617905251,1793020.2129624246,10
-1255114.1490739975,1793020.2129624246,10
-1254650.8363574701,1793020.2129624246,10
-1254187.5236409425,1793020.2129624246,10
-1253724.2109244152,1793020.2129624246,10
-1253260.8982078875,1793020.2129624246,10
-1252797.5854913602,1793020.2129624246,10
-1252334.2727748326,1793020.2129624246,10
-1251870.9600583052,1793020.2129624246,10
-1251407.6473417776,1793020.2129624246,10
-1250944.3346252502,1793020.2129624246,10
-1250481.0219087226,1793020.2129624246,10
-1250017.7091921952,1793020.2129624246,10
-1249554.3964756676,1793020.2129624246,10
-1249091.0837591402,1793020.2129624246,10
-1248627.7710426126,1793020.2129624246,10
-1248164.458326085,1793020.2129624246,10
-1247701.1456095576,1793020.2129624246,10
-1247237.83289303,1793020.2129624246,10
-1246774.5201765026,1793020.2129624246,10
-1246311.207459975,1793020.2129624246,10
-1245847.8947434477,1793020.2129624246,10
-1245384.58202692,1793020.2129624246,10
-1244921.2693103927,1793020.2129624246,10
-1244457.956593865,1793020.2129624246,10
-1243994.6438773377,1793020.2129624246,10
-1243531.33116081,1793020.2129624246,10
-1243068.0184442827,1793020.2129624246,10
-1242604.705727755,1793020.2129624246,10
-1242141.3930112277,1793020.2129624246,10
-1241678.0802947,1793020.2129624246,10
-1241214.7675781725,1793020.2129624246,10
-1240751.4548616451,1793020.2129624246,10
-1240288.1421451175,1793020.2129624246,10
-1239824.8294285901,1793020.2129624246,10
-1239361.5167120625,1793020.2129624246,10
-1238898.2039955352,1793020.2129624246,10
-1238434.8912790075,1793020.2129624246,10
-1237971.5785624802,1793020.2129624246,10
-1237508.2658459526,1793020.2129624246,10
-1237044.9531294252,1793020.2129624246,10
-1236581.6404128976,1793020.2129624246,10
-1236118.3276963702,1793020.2129624246,10
-1235655.0149798426,1793020.2129624246,10
-1235191.7022633152,1793020.2129624246,10
-1234728.3895467876,1793020.2129624246,10
-1234265.07683026,1793020.2129624246,10
-1233801.7641137326,1793020.2129624246,10
-1233338.4513972052,1793020.2129624246,10
-1232875.1386806776,1793020.2129624246,10
-1232411.82596415,1793020.2129624246,10
-1231948.5132476226,1793020.2129624246,10
-1231485.200531095,1793020.2129624246,10
-1231021.8878145677,1793020.2129624246,10
-1230558.57509804,1793020.2129624246,10
-1230095.2623815127,1793020.2129624246,10
-1229631.949664985,1793020.2129624246,10
-1229168.6369484577,1793020.2129624246,10
-1228705.32423193,1793020.2129624246,10
-1228242.0115154027,1793020.2129624246,10
-1227778.698798875,1793020.2129624246,10
-1227315.3860823475,1793020.2129624246,10
-1226852.07336582,1793020.2129624246,10
-1226388.7606492927,1793020.2129624246,10
-1225925.4479327651,1793020.2129624246,10
-1225462.1352162375,1793020.2129624246,10
-1224998.8224997101,1793020.2129624246,10
-1224535.5097831825,1793020.2129624246,10
-1224072.1970666551,1793020.2129624246,10
-1223608.8843501275,1793020.2129624246,10
-1223145.5716336002,1793020.2129624246,10
-1222682.2589170726,1793020.2129624246,10
-1222218.9462005452,1793020.2129624246,10
-1221755.6334840176,1793020.2129624246,10
-1221292.3207674902,1793020.2129624246,10
-1220829.0080509626,1793020.2129624246,10
-1220365.6953344352,1793020.2129624246,10
-1219902.3826179076,1793020.2129624246,10
-1219439.0699013802,1793020.2129624246,10
-1218975.7571848526,1793020.2129624246,10
-1218512.444468325,1793020.2129624246,10
-1218049.1317517976,1793020.2129624246,10
-1217585.81903527,1793020.2129624246,10
-1217122.5063187426,1793020.2129624246,10
-1216659.193602215,1793020.2129624246,10
-1216195.8808856877,1793020.2129624246,10
-1215732.56816916,1793020.2129624246,10
-1215269.2554526327,1793020.2129624246,10
-1214805.942736105,1793020.2129624246,10
-1214342.6300195777,1793020.2129624246,10
-1213879.31730305,1793020.2129624246,10
-1213416.0045865227,1793020.2129624246,10
-1212952.691869995,1793020.2129624246,10
-1212489.3791534677,1793020.2129624246,10
-1212026.06643694,1793020.2129624246,10
-1211562.7537204125,1793020.2129624246,10
-1211099.4410038851,1793020.2129624246,10
-1210636.1282873575,1793020.2129624246,10
-1210172.8155708301,1793020.2129624246,10
-1209709.5028543025,1793020.2129624246,10
-1209246.1901377751,1793020.2129624246,10
-1208782.8774212475,1793020.2129624246,10
-1208319.5647047202,1793020.2129624246,10
-1207856.2519881926,1793020.2129624246,10
-1207392.9392716652,1793020.2129624246,10
-1206929.6265551376,1793020.2129624246,10
-1206466.3138386102,1793020.2129624246,10
-1206003.0011220826,1793020.2129624246,10
-1205539.6884055552,1793020.2129624246,10
-1205076.3756890276,1793020.2129624246,10
-1204613.0629725,1793020.2129624246,10
-1204149.7502559726,1793020.2129624246,10
-1203686.4375394452,1793020.2129624246,10
-1203223.1248229176,1793020.2129624246,10
-1202759.81210639,1793020.2129624246,10
-1202296.4993898626,1793020.2129624246,10
-1201833.186673335,1793020.2129624246,10
-1201369.8739568077,1793020.2129624246,10
-1200906.56124028,1793020.2129624246,10
-1200443.2485237527,1793020.2129624246,10
-1199979.935807225,1793020.2129624246,10
-1199516.6230906977,1793020.2129624246,10
-1199053.31037417,1793020.2129624246,10
-1198589.9976576427,1793020.2129624246,10
-1198126.684941115,1793020.2129624246,10
-1197663.3722245875,1793020.2129624246,10
-1197200.05950806,1793020.2129624246,10
-1196736.7467915327,1793020.2129624246,10
-1196273.4340750051,1793020.2129624246,10
-1195810.1213584775,1793020.2129624246,10
-1195346.8086419501,1793020.2129624246,10
-1194883.4959254225,1793020.2129624246,10
-1194420.1832088951,1793020.2129624246,10
-1193956.8704923675,1793020.2129624246,10
-1193493.5577758402,1793020.2129624246,10
-1193030.2450593126,1793020.2129624246,10
-1192566.9323427852,1793020.2129624246,10
-1192103.6196262576,1793020.2129624246,10
-1191640.3069097302,1793020.2129624246,10
-1191176.9941932026,1793020.2129624246,10
-1190713.6814766752,1793020.2129624246,10
-1190250.3687601476,1793020.2129624246,10
-1189787.0560436202,1793020.2129624246,10
-1189323.7433270926,1793020.2129624246,10
-1188860.430610565,1793020.2129624246,10
-1188397.1178940376,1793020.2129624246,10
-1187933.80517751,1793020.2129624246,10
-1187470.4924609826,1793020.2129624246,10
-1187007.179744455,1793020.2129624246,10
-1186543.8670279277,1793020.2129624246,10
-1186080.5543114,1793020.2129624246,10
-1185617.2415948727,1793020.2129624246,10
-1185153.928878345,1793020.2129624246,10
-1184690.6161618177,1793020.2129624246,10
-1184227.30344529,1793020.2129624246,10
-1183763.9907287627,1793020.2129624246,10
-1183300.678012235,1793020.2129624246,10
-1182837.3652957077,1793020.2129624246,10
-1182374.05257918,1793020.2129624246,10
-1181910.7398626525,1793020.2129624246,10
-1181447.4271461251,1793020.2129624246,10
-1180984.1144295975,1793020.2129624246,10
-1180520.8017130701,1793020.2129624246,10
-1180057.4889965425,1793020.2129624246,10
-1179594.1762800151,1793020.2129624246,10
-1179130.8635634875,1793020.2129624246,10
-1178667.5508469602,1793020.2129624246,10
-1178204.2381304326,1793020.2129624246,10
-1177740.9254139052,1793020.2129624246,10
-1177277.6126973776,1793020.2129624246,10
-1176814.2999808502,1793020.2129624246,10
-1176350.9872643226,1793020.2129624246,10
-1175887.6745477952,1793020.2129624246,10
-1175424.3618312676,1793020.2129624246,10
-1174961.04911474,1793020.2129624246,10
-1174497.7363982126,1793020.2129624246,10
-1174034.4236816852,1793020.2129624246,10
-1173571.1109651576,1793020.2129624246,10
-1173107.79824863,1793020.2129624246,10
-1172644.4855321026,1793020.2129624246,10
-1172181.172815575,1793020.2129624246,10
-1171717.8600990477,1793020.2129624246,10
-1171254.54738252,1793020.2129624246,10
-1170791.2346659927,1793020.2129624246,10
-1170327.921949465,1793020.2129624246,10
-1169864.6092329377,1793020.2129624246,10
-1169401.29651641,1793020.2129624246,10
-1168937.9837998827,1793020.2129624246,10
-1168474.671083355,1793020.2129624246,10
-1168011.3583668275,1793020.2129624246,10
-1167548.0456503,1793020.2129624246,10
-1167084.7329337727,1793020.2129624246,10
-1166621.4202172451,1793020.2129624246,10
-1166158.1075007175,1793020.2129624246,10
-1165694.7947841901,1793020.2129624246,10
-1165231.4820676625,1793020.2129624246,10
-1164768.1693511351,1793020.2129624246,10
-1164304.8566346075,1793020.2129624246,10
-1163841.5439180802,1793020.2129624246,10
-1163378.2312015526,1793020.2129624246,10
-1162914.9184850252,1793020.2129624246,10
-1162451.6057684976,1793020.2129624246,10
-1161988.2930519702,1793020.2129624246,10
-1161524.9803354426,1793020.2129624246,10
-1161061.6676189152,1793020.2129624246,10
-1160598.3549023876,1793020.2129624246,10
-1160135.0421858602,1793020.2129624246,10
-1159671.7294693326,1793020.2129624246,10
-1159208.416752805,1793020.2129624246,10
-1158745.1040362776,1793020.2129624246,10
-1158281.79131975,1793020.2129624246,10
-1157818.4786032226,1793020.2129624246,10
-1157355.165886695,1793020.2129624246,10
-1156891.8531701677,1793020.2129624246,10
-1156428.54045364,1793020.2129624246,10
-1155965.2277371127,1793020.2129624246,10
-1155501.915020585,1793020.2129624246,10
-1155038.6023040577,1793020.2129624246,10
-1154575.28958753,1793020.2129624246,10
-1154111.9768710027,1793020.2129624246,10
-1153648.664154475,1793020.2129624246,10
-1153185.3514379477,1793020.2129624246,10
-1152722.03872142,1793020.2129624246,10
-1152258.7260048925,1793020.2129624246,10
-1151795.4132883651,1793020.2129624246,10
-1151332.1005718375,1793020.2129624246,10
-1150868.7878553101,1793020.2129624246,10
-1150405.4751387825,1793020.2129624246,10
-1149942.1624222551,1793020.2129624246,10
-1149478.8497057275,1793020.2129624246,10
-1149015.5369892002,1793020.2129624246,10
-1148552.2242726726,1793020.2129624246,10
-1148088.9115561452,1793020.2129624246,10
-1147625.5988396176,1793020.2129624246,10
-1305151.9224589677,1792556.9002458972,10
-1302372.0461598027,1792556.9002458972,10
-1301908.733443275,1792556.9002458972,10
-1301445.4207267477,1792556.9002458972,10
-1300982.10801022,1792556.9002458972,10
-1300518.7952936925,1792556.9002458972,10
-1300055.4825771651,1792556.9002458972,16
-1299592.1698606375,1792556.9002458972,16
-1299128.8571441101,1792556.9002458972,10
-1298665.5444275825,1792556.9002458972,10
-1298202.2317110552,1792556.9002458972,10
-1297738.9189945275,1792556.9002458972,10
-1297275.6062780002,1792556.9002458972,10
-1296812.2935614726,1792556.9002458972,10
-1296348.9808449452,1792556.9002458972,10
-1295885.6681284176,1792556.9002458972,10
-1295422.3554118902,1792556.9002458972,10
-1294959.0426953626,1792556.9002458972,10
-1294495.7299788352,1792556.9002458972,10
-1294032.4172623076,1792556.9002458972,10
-1293569.10454578,1792556.9002458972,10
-1293105.7918292526,1792556.9002458972,10
-1292642.479112725,1792556.9002458972,10
-1292179.1663961976,1792556.9002458972,10
-1291715.85367967,1792556.9002458972,10
-1291252.5409631426,1792556.9002458972,16
-1290789.228246615,1792556.9002458972,10
-1290325.9155300877,1792556.9002458972,10
-1289862.60281356,1792556.9002458972,10
-1289399.2900970327,1792556.9002458972,10
-1288935.977380505,1792556.9002458972,10
-1288472.6646639777,1792556.9002458972,10
-1288009.35194745,1792556.9002458972,10
-1287546.0392309227,1792556.9002458972,10
-1287082.726514395,1792556.9002458972,10
-1286619.4137978677,1792556.9002458972,10
-1286156.10108134,1792556.9002458972,10
-1285692.7883648127,1792556.9002458972,10
-1285229.4756482851,1792556.9002458972,10
-1284766.1629317575,1792556.9002458972,10
-1284302.8502152301,1792556.9002458972,10
-1283839.5374987025,1792556.9002458972,10
-1283376.2247821752,1792556.9002458972,10
-1282912.9120656475,1792556.9002458972,10
-1282449.5993491202,1792556.9002458972,10
-1281986.2866325926,1792556.9002458972,10
-1281522.9739160652,1792556.9002458972,10
-1281059.6611995376,1792556.9002458972,10
-1280596.3484830102,1792556.9002458972,10
-1280133.0357664826,1792556.9002458972,10
-1279669.7230499552,1792556.9002458972,10
-1279206.4103334276,1792556.9002458972,10
-1278743.0976169002,1792556.9002458972,10
-1278279.7849003726,1792556.9002458972,10
-1277816.472183845,1792556.9002458972,10
-1277353.1594673176,1792556.9002458972,10
-1276889.84675079,1792556.9002458972,10
-1276426.5340342626,1792556.9002458972,10
-1275963.221317735,1792556.9002458972,10
-1275499.9086012077,1792556.9002458972,10
-1275036.59588468,1792556.9002458972,10
-1274573.2831681527,1792556.9002458972,10
-1274109.970451625,1792556.9002458972,10
-1273646.6577350977,1792556.9002458972,10
-1273183.34501857,1792556.9002458972,10
-1272720.0323020427,1792556.9002458972,10
-1272256.719585515,1792556.9002458972,10
-1271793.4068689877,1792556.9002458972,10
-1271330.09415246,1792556.9002458972,10
-1270866.7814359325,1792556.9002458972,10
-1270403.4687194051,1792556.9002458972,10
-1269940.1560028775,1792556.9002458972,10
-1269476.8432863501,1792556.9002458972,10
-1269013.5305698225,1792556.9002458972,10
-1268550.2178532952,1792556.9002458972,10
-1268086.9051367675,1792556.9002458972,10
-1267623.5924202402,1792556.9002458972,10
-1267160.2797037126,1792556.9002458972,10
-1266696.9669871852,1792556.9002458972,10
-1266233.6542706576,1792556.9002458972,10
-1265770.3415541302,1792556.9002458972,10
-1265307.0288376026,1792556.9002458972,10
-1264843.7161210752,1792556.9002458972,10
-1264380.4034045476,1792556.9002458972,10
-1263917.09068802,1792556.9002458972,10
-1263453.7779714926,1792556.9002458972,10
-1262990.465254965,1792556.9002458972,10
-1262527.1525384376,1792556.9002458972,10
-1262063.83982191,1792556.9002458972,10
-1261600.5271053826,1792556.9002458972,10
-1261137.214388855,1792556.9002458972,10
-1260673.9016723277,1792556.9002458972,10
-1260210.5889558,1792556.9002458972,10
-1259747.2762392727,1792556.9002458972,10
-1259283.963522745,1792556.9002458972,10
-1258820.6508062177,1792556.9002458972,10
-1258357.33808969,1792556.9002458972,10
-1257894.0253731627,1792556.9002458972,10
-1257430.712656635,1792556.9002458972,10
-1256967.3999401077,1792556.9002458972,10
-1256504.08722358,1792556.9002458972,10
-1256040.7745070527,1792556.9002458972,10
-1255577.4617905251,1792556.9002458972,10
-1255114.1490739975,1792556.9002458972,10
-1254650.8363574701,1792556.9002458972,10
-1254187.5236409425,1792556.9002458972,10
-1253724.2109244152,1792556.9002458972,10
-1253260.8982078875,1792556.9002458972,10
-1252797.5854913602,1792556.9002458972,10
-1252334.2727748326,1792556.9002458972,10
-1251870.9600583052,1792556.9002458972,10
-1251407.6473417776,1792556.9002458972,10
-1250944.3346252502,1792556.9002458972,10
-1250481.0219087226,1792556.9002458972,10
-1250017.7091921952,1792556.9002458972,10
-1249554.3964756676,1792556.9002458972,10
-1249091.0837591402,1792556.9002458972,10
-1248627.7710426126,1792556.9002458972,10
-1248164.458326085,1792556.9002458972,10
-1247701.1456095576,1792556.9002458972,10
-1247237.83289303,1792556.9002458972,10
-1246774.5201765026,1792556.9002458972,10
-1246311.207459975,1792556.9002458972,10
-1245847.8947434477,1792556.9002458972,10
-1245384.58202692,1792556.9002458972,10
-1244921.2693103927,1792556.9002458972,10
-1244457.956593865,1792556.9002458972,10
-1243994.6438773377,1792556.9002458972,10
-1243531.33116081,1792556.9002458972,10
-1243068.0184442827,1792556.9002458972,10
-1242604.705727755,1792556.9002458972,10
-1242141.3930112277,1792556.9002458972,10
-1241678.0802947,1792556.9002458972,10
-1241214.7675781725,1792556.9002458972,10
-1240751.4548616451,1792556.9002458972,10
-1240288.1421451175,1792556.9002458972,10
-1239824.8294285901,1792556.9002458972,10
-1239361.5167120625,1792556.9002458972,10
-1238898.2039955352,1792556.9002458972,10
-1238434.8912790075,1792556.9002458972,10
-1237971.5785624802,1792556.9002458972,10
-1237508.2658459526,1792556.9002458972,10
-1237044.9531294252,1792556.9002458972,10
-1236581.6404128976,1792556.9002458972,10
-1236118.3276963702,1792556.9002458972,10
-1235655.0149798426,1792556.9002458972,10
-1235191.7022633152,1792556.9002458972,10
-1234728.3895467876,1792556.9002458972,10
-1234265.07683026,1792556.9002458972,10
-1233801.7641137326,1792556.9002458972,10
-1233338.4513972052,1792556.9002458972,10
-1232875.1386806776,1792556.9002458972,10
-1232411.82596415,1792556.9002458972,10
-1231948.5132476226,1792556.9002458972,10
-1231485.200531095,1792556.9002458972,10
-1231021.8878145677,1792556.9002458972,10
-1230558.57509804,1792556.9002458972,10
-1230095.2623815127,1792556.9002458972,10
-1229631.949664985,1792556.9002458972,10
-1229168.6369484577,1792556.9002458972,10
-1228705.32423193,1792556.9002458972,10
-1228242.0115154027,1792556.9002458972,10
-1227778.698798875,1792556.9002458972,10
-1227315.3860823475,1792556.9002458972,10
-1226852.07336582,1792556.9002458972,10
-1226388.7606492927,1792556.9002458972,10
-1225925.4479327651,1792556.9002458972,10
-1225462.1352162375,1792556.9002458972,10
-1224998.8224997101,1792556.9002458972,10
-1224535.5097831825,1792556.9002458972,10
-1224072.1970666551,1792556.9002458972,10
-1223608.8843501275,1792556.9002458972,10
-1223145.5716336002,1792556.9002458972,10
-1222682.2589170726,1792556.9002458972,10
-1222218.9462005452,1792556.9002458972,10
-1221755.6334840176,1792556.9002458972,10
-1221292.3207674902,1792556.9002458972,10
-1220829.0080509626,1792556.9002458972,10
-1220365.6953344352,1792556.9002458972,10
-1219902.3826179076,1792556.9002458972,10
-1219439.0699013802,1792556.9002458972,10
-1218975.7571848526,1792556.9002458972,10
-1218512.444468325,1792556.9002458972,10
-1218049.1317517976,1792556.9002458972,10
-1217585.81903527,1792556.9002458972,10
-1217122.5063187426,1792556.9002458972,10
-1216659.193602215,1792556.9002458972,10
-1216195.8808856877,1792556.9002458972,10
-1215732.56816916,1792556.9002458972,10
-1215269.2554526327,1792556.9002458972,10
-1214805.942736105,1792556.9002458972,10
-1214342.6300195777,1792556.9002458972,10
-1213879.31730305,1792556.9002458972,10
-1213416.0045865227,1792556.9002458972,10
-1212952.691869995,1792556.9002458972,10
-1212489.3791534677,1792556.9002458972,10
-1212026.06643694,1792556.9002458972,10
-1211562.7537204125,1792556.9002458972,10
-1211099.4410038851,1792556.9002458972,10
-1210636.1282873575,1792556.9002458972,10
-1210172.8155708301,1792556.9002458972,10
-1209709.5028543025,1792556.9002458972,10
-1209246.1901377751,1792556.9002458972,10
-1208782.8774212475,1792556.9002458972,10
-1208319.5647047202,1792556.9002458972,10
-1207856.2519881926,1792556.9002458972,10
-1207392.9392716652,1792556.9002458972,10
-1206929.6265551376,1792556.9002458972,10
-1206466.3138386102,1792556.9002458972,10
-1206003.0011220826,1792556.9002458972,10
-1205539.6884055552,1792556.9002458972,10
-1205076.3756890276,1792556.9002458972,10
-1204613.0629725,1792556.9002458972,10
-1204149.7502559726,1792556.9002458972,10
-1203686.4375394452,1792556.9002458972,10
-1203223.1248229176,1792556.9002458972,10
-1202759.81210639,1792556.9002458972,10
-1202296.4993898626,1792556.9002458972,10
-1201833.186673335,1792556.9002458972,10
-1201369.8739568077,1792556.9002458972,10
-1200906.56124028,1792556.9002458972,10
-1200443.2485237527,1792556.9002458972,10
-1199979.935807225,1792556.9002458972,10
-1199516.6230906977,1792556.9002458972,10
-1199053.31037417,1792556.9002458972,10
-1198589.9976576427,1792556.9002458972,10
-1198126.684941115,1792556.9002458972,10
-1197663.3722245875,1792556.9002458972,10
-1197200.05950806,1792556.9002458972,10
-1196736.7467915327,1792556.9002458972,10
-1196273.4340750051,1792556.9002458972,10
-1195810.1213584775,1792556.9002458972,10
-1195346.8086419501,1792556.9002458972,10
-1194883.4959254225,1792556.9002458972,10
-1194420.1832088951,1792556.9002458972,10
-1193956.8704923675,1792556.9002458972,10
-1193493.5577758402,1792556.9002458972,10
-1193030.2450593126,1792556.9002458972,10
-1192566.9323427852,1792556.9002458972,10
-1192103.6196262576,1792556.9002458972,10
-1191640.3069097302,1792556.9002458972,10
-1191176.9941932026,1792556.9002458972,10
-1190713.6814766752,1792556.9002458972,10
-1190250.3687601476,1792556.9002458972,10
-1189787.0560436202,1792556.9002458972,10
-1189323.7433270926,1792556.9002458972,10
-1188860.430610565,1792556.9002458972,10
-1188397.1178940376,1792556.9002458972,10
-1187933.80517751,1792556.9002458972,10
-1187470.4924609826,1792556.9002458972,10
-1187007.179744455,1792556.9002458972,10
-1186543.8670279277,1792556.9002458972,10
-1186080.5543114,1792556.9002458972,10
-1185617.2415948727,1792556.9002458972,10
-1185153.928878345,1792556.9002458972,10
-1184690.6161618177,1792556.9002458972,10
-1184227.30344529,1792556.9002458972,10
-1183763.9907287627,1792556.9002458972,10
-1183300.678012235,1792556.9002458972,10
-1182837.3652957077,1792556.9002458972,10
-1182374.05257918,1792556.9002458972,10
-1181910.7398626525,1792556.9002458972,10
-1181447.4271461251,1792556.9002458972,10
-1180984.1144295975,1792556.9002458972,10
-1180520.8017130701,1792556.9002458972,10
-1180057.4889965425,1792556.9002458972,10
-1179594.1762800151,1792556.9002458972,10
-1179130.8635634875,1792556.9002458972,10
-1178667.5508469602,1792556.9002458972,10
-1178204.2381304326,1792556.9002458972,10
-1177740.9254139052,1792556.9002458972,10
-1177277.6126973776,1792556.9002458972,10
-1176814.2999808502,1792556.9002458972,10
-1176350.9872643226,1792556.9002458972,10
-1175887.6745477952,1792556.9002458972,10
-1175424.3618312676,1792556.9002458972,10
-1174961.04911474,1792556.9002458972,10
-1174497.7363982126,1792556.9002458972,10
-1174034.4236816852,1792556.9002458972,10
-1173571.1109651576,1792556.9002458972,10
-1173107.79824863,1792556.9002458972,10
-1172644.4855321026,1792556.9002458972,10
-1172181.172815575,1792556.9002458972,10
-1171717.8600990477,1792556.9002458972,10
-1171254.54738252,1792556.9002458972,10
-1170791.2346659927,1792556.9002458972,10
-1170327.921949465,1792556.9002458972,10
-1169864.6092329377,1792556.9002458972,10
-1169401.29651641,1792556.9002458972,10
-1168937.9837998827,1792556.9002458972,10
-1168474.671083355,1792556.9002458972,10
-1168011.3583668275,1792556.9002458972,10
-1167548.0456503,1792556.9002458972,10
-1167084.7329337727,1792556.9002458972,10
-1166621.4202172451,1792556.9002458972,10
-1166158.1075007175,1792556.9002458972,10
-1165694.7947841901,1792556.9002458972,10
-1165231.4820676625,1792556.9002458972,10
-1164768.1693511351,1792556.9002458972,10
-1164304.8566346075,1792556.9002458972,10
-1163841.5439180802,1792556.9002458972,10
-1163378.2312015526,1792556.9002458972,10
-1162914.9184850252,1792556.9002458972,10
-1162451.6057684976,1792556.9002458972,10
-1161988.2930519702,1792556.9002458972,10
-1161524.9803354426,1792556.9002458972,10
-1161061.6676189152,1792556.9002458972,10
-1160598.3549023876,1792556.9002458972,10
-1160135.0421858602,1792556.9002458972,10
-1159671.7294693326,1792556.9002458972,10
-1159208.416752805,1792556.9002458972,10
-1158745.1040362776,1792556.9002458972,10
-1158281.79131975,1792556.9002458972,10
-1157818.4786032226,1792556.9002458972,10
-1157355.165886695,1792556.9002458972,10
-1156891.8531701677,1792556.9002458972,10
-1156428.54045364,1792556.9002458972,10
-1155965.2277371127,1792556.9002458972,10
-1155501.915020585,1792556.9002458972,10
-1155038.6023040577,1792556.9002458972,10
-1154575.28958753,1792556.9002458972,10
-1154111.9768710027,1792556.9002458972,10
-1153648.664154475,1792556.9002458972,10
-1153185.3514379477,1792556.9002458972,10
-1152722.03872142,1792556.9002458972,10
-1152258.7260048925,1792556.9002458972,10
-1151795.4132883651,1792556.9002458972,10
-1151332.1005718375,1792556.9002458972,10
-1150868.7878553101,1792556.9002458972,10
-1150405.4751387825,1792556.9002458972,10
-1149942.1624222551,1792556.9002458972,10
-1149478.8497057275,1792556.9002458972,10
-1149015.5369892002,1792556.9002458972,10
-1148552.2242726726,1792556.9002458972,10
-1148088.9115561452,1792556.9002458972,10
-1147625.5988396176,1792556.9002458972,10
-1300055.4825771651,1792093.5875293696,16
-1299592.1698606375,1792093.5875293696,10
-1299128.8571441101,1792093.5875293696,10
-1298665.5444275825,1792093.5875293696,10
-1298202.2317110552,1792093.5875293696,10
-1297738.9189945275,1792093.5875293696,10
-1297275.6062780002,1792093.5875293696,10
-1295422.3554118902,1792093.5875293696,10
-1294959.0426953626,1792093.5875293696,10
-1294495.7299788352,1792093.5875293696,10
-1294032.4172623076,1792093.5875293696,10
-1293569.10454578,1792093.5875293696,10
-1293105.7918292526,1792093.5875293696,10
-1292642.479112725,1792093.5875293696,10
-1292179.1663961976,1792093.5875293696,10
-1291715.85367967,1792093.5875293696,16
-1291252.5409631426,1792093.5875293696,16
-1290789.228246615,1792093.5875293696,16
-1290325.9155300877,1792093.5875293696,10
-1289862.60281356,1792093.5875293696,10
-1289399.2900970327,1792093.5875293696,10
-1288935.977380505,1792093.5875293696,10
-1288472.6646639777,1792093.5875293696,10
-1288009.35194745,1792093.5875293696,10
-1287546.0392309227,1792093.5875293696,10
-1287082.726514395,1792093.5875293696,10
-1286619.4137978677,1792093.5875293696,10
-1286156.10108134,1792093.5875293696,10
-1285692.7883648127,1792093.5875293696,10
-1285229.4756482851,1792093.5875293696,10
-1284766.1629317575,1792093.5875293696,10
-1284302.8502152301,1792093.5875293696,10
-1283839.5374987025,1792093.5875293696,10
-1283376.2247821752,1792093.5875293696,10
-1282912.9120656475,1792093.5875293696,10
-1282449.5993491202,1792093.5875293696,10
-1281986.2866325926,1792093.5875293696,10
-1281522.9739160652,1792093.5875293696,10
-1281059.6611995376,1792093.5875293696,10
-1280596.3484830102,1792093.5875293696,10
-1280133.0357664826,1792093.5875293696,10
-1279669.7230499552,1792093.5875293696,10
-1279206.4103334276,1792093.5875293696,10
-1278743.0976169002,1792093.5875293696,10
-1278279.7849003726,1792093.5875293696,10
-1277816.472183845,1792093.5875293696,10
-1277353.1594673176,1792093.5875293696,10
-1276889.84675079,1792093.5875293696,10
-1276426.5340342626,1792093.5875293696,10
-1275963.221317735,1792093.5875293696,10
-1275499.9086012077,1792093.5875293696,10
-1275036.59588468,1792093.5875293696,10
-1274573.2831681527,1792093.5875293696,10
-1274109.970451625,1792093.5875293696,10
-1273646.6577350977,1792093.5875293696,10
-1273183.34501857,1792093.5875293696,10
-1272720.0323020427,1792093.5875293696,10
-1272256.719585515,1792093.5875293696,10
-1271793.4068689877,1792093.5875293696,10
-1271330.09415246,1792093.5875293696,10
-1270866.7814359325,1792093.5875293696,10
-1270403.4687194051,1792093.5875293696,10
-1269940.1560028775,1792093.5875293696,10
-1269476.8432863501,1792093.5875293696,10
-1269013.5305698225,1792093.5875293696,10
-1268550.2178532952,1792093.5875293696,10
-1268086.9051367675,1792093.5875293696,10
-1267623.5924202402,1792093.5875293696,10
-1267160.2797037126,1792093.5875293696,10
-1266696.9669871852,1792093.5875293696,10
-1266233.6542706576,1792093.5875293696,10
-1265770.3415541302,1792093.5875293696,10
-1265307.0288376026,1792093.5875293696,10
-1264843.7161210752,1792093.5875293696,10
-1264380.4034045476,1792093.5875293696,10
-1263917.09068802,1792093.5875293696,10
-1263453.7779714926,1792093.5875293696,10
-1262990.465254965,1792093.5875293696,10
-1262527.1525384376,1792093.5875293696,10
-1262063.83982191,1792093.5875293696,10
-1261600.5271053826,1792093.5875293696,10
-1261137.214388855,1792093.5875293696,10
-1260673.9016723277,1792093.5875293696,10
-1260210.5889558,1792093.5875293696,10
-1259747.2762392727,1792093.5875293696,10
-1259283.963522745,1792093.5875293696,10
-1258820.6508062177,1792093.5875293696,10
-1258357.33808969,1792093.5875293696,10
-1257894.0253731627,1792093.5875293696,10
-1257430.712656635,1792093.5875293696,10
-1256967.3999401077,1792093.5875293696,10
-1256504.08722358,1792093.5875293696,10
-1256040.7745070527,1792093.5875293696,10
-1255577.4617905251,1792093.5875293696,10
-1255114.1490739975,1792093.5875293696,10
-1254650.8363574701,1792093.5875293696,10
-1254187.5236409425,1792093.5875293696,10
-1253724.2109244152,1792093.5875293696,10
-1253260.8982078875,1792093.5875293696,10
-1252797.5854913602,1792093.5875293696,10
-1252334.2727748326,1792093.5875293696,10
-1251870.9600583052,1792093.5875293696,10
-1251407.6473417776,1792093.5875293696,10
-1250944.3346252502,1792093.5875293696,10
-1250481.0219087226,1792093.5875293696,10
-1250017.7091921952,1792093.5875293696,10
-1249554.3964756676,1792093.5875293696,10
-1249091.0837591402,1792093.5875293696,10
-1248627.7710426126,1792093.5875293696,10
-1248164.458326085,1792093.5875293696,10
-1247701.1456095576,1792093.5875293696,10
-1247237.83289303,1792093.5875293696,10
-1246774.5201765026,1792093.5875293696,10
-1246311.207459975,1792093.5875293696,10
-1245847.8947434477,1792093.5875293696,10
-1245384.58202692,1792093.5875293696,10
-1244921.2693103927,1792093.5875293696,10
-1244457.956593865,1792093.5875293696,10
-1243994.6438773377,1792093.5875293696,10
-1243531.33116081,1792093.5875293696,10
-1243068.0184442827,1792093.5875293696,10
-1242604.705727755,1792093.5875293696,10
-1242141.3930112277,1792093.5875293696,10
-1241678.0802947,1792093.5875293696,10
-1241214.7675781725,1792093.5875293696,10
-1240751.4548616451,1792093.5875293696,10
-1240288.1421451175,1792093.5875293696,10
-1239824.8294285901,1792093.5875293696,10
-1239361.5167120625,1792093.5875293696,10
-1238898.2039955352,1792093.5875293696,10
-1238434.8912790075,1792093.5875293696,10
-1237971.5785624802,1792093.5875293696,10
-1237508.2658459526,1792093.5875293696,10
-1237044.9531294252,1792093.5875293696,10
-1236581.6404128976,1792093.5875293696,10
-1236118.3276963702,1792093.5875293696,10
-1235655.0149798426,1792093.5875293696,10
-1235191.7022633152,1792093.5875293696,10
-1234728.3895467876,1792093.5875293696,10
-1234265.07683026,1792093.5875293696,10
-1233801.7641137326,1792093.5875293696,10
-1233338.4513972052,1792093.5875293696,10
-1232875.1386806776,1792093.5875293696,10
-1232411.82596415,1792093.5875293696,10
-1231948.5132476226,1792093.5875293696,10
-1231485.200531095,1792093.5875293696,10
-1231021.8878145677,1792093.5875293696,10
-1230558.57509804,1792093.5875293696,10
-1230095.2623815127,1792093.5875293696,10
-1229631.949664985,1792093.5875293696,10
-1229168.6369484577,1792093.5875293696,10
-1228705.32423193,1792093.5875293696,10
-1228242.0115154027,1792093.5875293696,10
-1227778.698798875,1792093.5875293696,10
-1227315.3860823475,1792093.5875293696,10
-1226852.07336582,1792093.5875293696,10
-1226388.7606492927,1792093.5875293696,10
-1225925.4479327651,1792093.5875293696,10
-1225462.1352162375,1792093.5875293696,10
-1224998.8224997101,1792093.5875293696,10
-1224535.5097831825,1792093.5875293696,10
-1224072.1970666551,1792093.5875293696,10
-1223608.8843501275,1792093.5875293696,10
-1223145.5716336002,1792093.5875293696,10
-1222682.2589170726,1792093.5875293696,10
-1222218.9462005452,1792093.5875293696,10
-1221755.6334840176,1792093.5875293696,10
-1221292.3207674902,1792093.5875293696,10
-1220829.0080509626,1792093.5875293696,10
-1220365.6953344352,1792093.5875293696,10
-1219902.3826179076,1792093.5875293696,10
-1219439.0699013802,1792093.5875293696,10
-1218975.7571848526,1792093.5875293696,10
-1218512.444468325,1792093.5875293696,10
-1218049.1317517976,1792093.5875293696,10
-1217585.81903527,1792093.5875293696,10
-1217122.5063187426,1792093.5875293696,10
-1216659.193602215,1792093.5875293696,10
-1216195.8808856877,1792093.5875293696,10
-1215732.56816916,1792093.5875293696,10
-1215269.2554526327,1792093.5875293696,10
-1214805.942736105,1792093.5875293696,10
-1214342.6300195777,1792093.5875293696,10
-1213879.31730305,1792093.5875293696,10
-1213416.0045865227,1792093.5875293696,10
-1212952.691869995,1792093.5875293696,10
-1212489.3791534677,1792093.5875293696,10
-1212026.06643694,1792093.5875293696,10
-1211562.7537204125,1792093.5875293696,10
-1211099.4410038851,1792093.5875293696,10
-1210636.1282873575,1792093.5875293696,10
-1210172.8155708301,1792093.5875293696,10
-1209709.5028543025,1792093.5875293696,10
-1209246.1901377751,1792093.5875293696,10
-1208782.8774212475,1792093.5875293696,10
-1208319.5647047202,1792093.5875293696,10
-1207856.2519881926,1792093.5875293696,10
-1207392.9392716652,1792093.5875293696,10
-1206929.6265551376,1792093.5875293696,10
-1206466.3138386102,1792093.5875293696,10
-1206003.0011220826,1792093.5875293696,10
-1205539.6884055552,1792093.5875293696,10
-1205076.3756890276,1792093.5875293696,10
-1204613.0629725,1792093.5875293696,10
-1204149.7502559726,1792093.5875293696,10
-1203686.4375394452,1792093.5875293696,10
-1203223.1248229176,1792093.5875293696,10
-1202759.81210639,1792093.5875293696,10
-1202296.4993898626,1792093.5875293696,10
-1201833.186673335,1792093.5875293696,10
-1201369.8739568077,1792093.5875293696,10
-1200906.56124028,1792093.5875293696,10
-1200443.2485237527,1792093.5875293696,10
-1199979.935807225,1792093.5875293696,10
-1199516.6230906977,1792093.5875293696,10
-1199053.31037417,1792093.5875293696,10
-1198589.9976576427,1792093.5875293696,10
-1198126.684941115,1792093.5875293696,10
-1197663.3722245875,1792093.5875293696,10
-1197200.05950806,1792093.5875293696,10
-1196736.7467915327,1792093.5875293696,10
-1196273.4340750051,1792093.5875293696,10
-1195810.1213584775,1792093.5875293696,10
-1195346.8086419501,1792093.5875293696,10
-1194883.4959254225,1792093.5875293696,10
-1194420.1832088951,1792093.5875293696,10
-1193956.8704923675,1792093.5875293696,10
-1193493.5577758402,1792093.5875293696,10
-1193030.2450593126,1792093.5875293696,10
-1192566.9323427852,1792093.5875293696,10
-1192103.6196262576,1792093.5875293696,10
-1191640.3069097302,1792093.5875293696,10
-1191176.9941932026,1792093.5875293696,10
-1190713.6814766752,1792093.5875293696,10
-1190250.3687601476,1792093.5875293696,10
-1189787.0560436202,1792093.5875293696,10
-1189323.7433270926,1792093.5875293696,10
-1188860.430610565,1792093.5875293696,10
-1188397.1178940376,1792093.5875293696,10
-1187933.80517751,1792093.5875293696,10
-1187470.4924609826,1792093.5875293696,10
-1187007.179744455,1792093.5875293696,10
-1186543.8670279277,1792093.5875293696,10
-1186080.5543114,1792093.5875293696,10
-1185617.2415948727,1792093.5875293696,10
-1185153.928878345,1792093.5875293696,10
-1184690.6161618177,1792093.5875293696,10
-1184227.30344529,1792093.5875293696,10
-1183763.9907287627,1792093.5875293696,10
-1183300.678012235,1792093.5875293696,10
-1182837.3652957077,1792093.5875293696,10
-1182374.05257918,1792093.5875293696,10
-1181910.7398626525,1792093.5875293696,10
-1181447.4271461251,1792093.5875293696,10
-1180984.1144295975,1792093.5875293696,10
-1180520.8017130701,1792093.5875293696,10
-1180057.4889965425,1792093.5875293696,10
-1179594.1762800151,1792093.5875293696,10
-1179130.8635634875,1792093.5875293696,10
-1178667.5508469602,1792093.5875293696,10
-1178204.2381304326,1792093.5875293696,10
-1177740.9254139052,1792093.5875293696,10
-1177277.6126973776,1792093.5875293696,10
-1176814.2999808502,1792093.5875293696,10
-1176350.9872643226,1792093.5875293696,10
-1175887.6745477952,1792093.5875293696,10
-1175424.3618312676,1792093.5875293696,10
-1174961.04911474,1792093.5875293696,10
-1174497.7363982126,1792093.5875293696,10
-1174034.4236816852,1792093.5875293696,10
-1173571.1109651576,1792093.5875293696,10
-1173107.79824863,1792093.5875293696,10
-1172644.4855321026,1792093.5875293696,10
-1172181.172815575,1792093.5875293696,10
-1171717.8600990477,1792093.5875293696,10
-1171254.54738252,1792093.5875293696,10
-1170791.2346659927,1792093.5875293696,10
-1170327.921949465,1792093.5875293696,10
-1169864.6092329377,1792093.5875293696,10
-1169401.29651641,1792093.5875293696,10
-1168937.9837998827,1792093.5875293696,10
-1168474.671083355,1792093.5875293696,10
-1168011.3583668275,1792093.5875293696,10
-1167548.0456503,1792093.5875293696,10
-1167084.7329337727,1792093.5875293696,10
-1166621.4202172451,1792093.5875293696,10
-1166158.1075007175,1792093.5875293696,10
-1165694.7947841901,1792093.5875293696,10
-1165231.4820676625,1792093.5875293696,10
-1164768.1693511351,1792093.5875293696,10
-1164304.8566346075,1792093.5875293696,10
-1163841.5439180802,1792093.5875293696,10
-1163378.2312015526,1792093.5875293696,10
-1162914.9184850252,1792093.5875293696,10
-1162451.6057684976,1792093.5875293696,10
-1161988.2930519702,1792093.5875293696,10
-1161524.9803354426,1792093.5875293696,10
-1161061.6676189152,1792093.5875293696,10
-1160598.3549023876,1792093.5875293696,10
-1160135.0421858602,1792093.5875293696,10
-1159671.7294693326,1792093.5875293696,10
-1159208.416752805,1792093.5875293696,10
-1158745.1040362776,1792093.5875293696,10
-1158281.79131975,1792093.5875293696,10
-1157818.4786032226,1792093.5875293696,10
-1157355.165886695,1792093.5875293696,10
-1156891.8531701677,1792093.5875293696,10
-1156428.54045364,1792093.5875293696,10
-1155965.2277371127,1792093.5875293696,10
-1155501.915020585,1792093.5875293696,10
-1155038.6023040577,1792093.5875293696,10
-1154575.28958753,1792093.5875293696,10
-1154111.9768710027,1792093.5875293696,10
-1153648.664154475,1792093.5875293696,10
-1153185.3514379477,1792093.5875293696,10
-1152722.03872142,1792093.5875293696,10
-1152258.7260048925,1792093.5875293696,10
-1151795.4132883651,1792093.5875293696,10
-1151332.1005718375,1792093.5875293696,10
-1150868.7878553101,1792093.5875293696,10
-1150405.4751387825,1792093.5875293696,10
-1149942.1624222551,1792093.5875293696,10
-1149478.8497057275,1792093.5875293696,10
-1149015.5369892002,1792093.5875293696,10
-1148552.2242726726,1792093.5875293696,10
-1148088.9115561452,1792093.5875293696,10
-1298665.5444275825,1791630.2748128423,10
-1298202.2317110552,1791630.2748128423,10
-1297738.9189945275,1791630.2748128423,10
-1293569.10454578,1791630.2748128423,10
-1293105.7918292526,1791630.2748128423,10
-1292642.479112725,1791630.2748128423,10
-1292179.1663961976,1791630.2748128423,10
-1291715.85367967,1791630.2748128423,10
-1291252.5409631426,1791630.2748128423,16
-1290789.228246615,1791630.2748128423,16
-1290325.9155300877,1791630.2748128423,10
-1289862.60281356,1791630.2748128423,10
-1289399.2900970327,1791630.2748128423,10
-1288935.977380505,1791630.2748128423,10
-1288472.6646639777,1791630.2748128423,10
-1288009.35194745,1791630.2748128423,10
-1287546.0392309227,1791630.2748128423,10
-1287082.726514395,1791630.2748128423,10
-1286619.4137978677,1791630.2748128423,10
-1286156.10108134,1791630.2748128423,10
-1285692.7883648127,1791630.2748128423,10
-1285229.4756482851,1791630.2748128423,10
-1284766.1629317575,1791630.2748128423,10
-1284302.8502152301,1791630.2748128423,10
-1283839.5374987025,1791630.2748128423,10
-1283376.2247821752,1791630.2748128423,10
-1282912.9120656475,1791630.2748128423,10
-1282449.5993491202,1791630.2748128423,10
-1281986.2866325926,1791630.2748128423,10
-1281522.9739160652,1791630.2748128423,10
-1281059.6611995376,1791630.2748128423,10
-1280596.3484830102,1791630.2748128423,10
-1280133.0357664826,1791630.2748128423,10
-1279669.7230499552,1791630.2748128423,10
-1279206.4103334276,1791630.2748128423,10
-1278743.0976169002,1791630.2748128423,10
-1278279.7849003726,1791630.2748128423,10
-1277816.472183845,1791630.2748128423,10
-1277353.1594673176,1791630.2748128423,10
-1276889.84675079,1791630.2748128423,10
-1276426.5340342626,1791630.2748128423,10
-1275963.221317735,1791630.2748128423,10
-1275499.9086012077,1791630.2748128423,10
-1275036.59588468,1791630.2748128423,10
-1274573.2831681527,1791630.2748128423,10
-1274109.970451625,1791630.2748128423,10
-1273646.6577350977,1791630.2748128423,10
-1273183.34501857,1791630.2748128423,10
-1272720.0323020427,1791630.2748128423,10
-1272256.719585515,1791630.2748128423,10
-1271793.4068689877,1791630.2748128423,10
-1271330.09415246,1791630.2748128423,10
-1270866.7814359325,1791630.2748128423,10
-1270403.4687194051,1791630.2748128423,10
-1269940.1560028775,1791630.2748128423,10
-1269476.8432863501,1791630.2748128423,10
-1269013.5305698225,1791630.2748128423,10
-1268550.2178532952,1791630.2748128423,10
-1268086.9051367675,1791630.2748128423,10
-1267623.5924202402,1791630.2748128423,10
-1267160.2797037126,1791630.2748128423,10
-1266696.9669871852,1791630.2748128423,10
-1266233.6542706576,1791630.2748128423,10
-1265770.3415541302,1791630.2748128423,10
-1265307.0288376026,1791630.2748128423,10
-1264843.7161210752,1791630.2748128423,10
-1264380.4034045476,1791630.2748128423,10
-1263917.09068802,1791630.2748128423,10
-1263453.7779714926,1791630.2748128423,10
-1262990.465254965,1791630.2748128423,10
-1262527.1525384376,1791630.2748128423,10
-1262063.83982191,1791630.2748128423,10
-1261600.5271053826,1791630.2748128423,10
-1261137.214388855,1791630.2748128423,10
-1260673.9016723277,1791630.2748128423,10
-1260210.5889558,1791630.2748128423,10
-1259747.2762392727,1791630.2748128423,10
-1259283.963522745,1791630.2748128423,10
-1258820.6508062177,1791630.2748128423,10
-1258357.33808969,1791630.2748128423,10
-1257894.0253731627,1791630.2748128423,10
-1257430.712656635,1791630.2748128423,10
-1256967.3999401077,1791630.2748128423,10
-1256504.08722358,1791630.2748128423,10
-1256040.7745070527,1791630.2748128423,10
-1255577.4617905251,1791630.2748128423,10
-1255114.1490739975,1791630.2748128423,10
-1254650.8363574701,1791630.2748128423,10
-1254187.5236409425,1791630.2748128423,10
-1253724.2109244152,1791630.2748128423,10
-1253260.8982078875,1791630.2748128423,10
-1252797.5854913602,1791630.2748128423,10
-1252334.2727748326,1791630.2748128423,10
-1251870.9600583052,1791630.2748128423,10
-1251407.6473417776,1791630.2748128423,10
-1250944.3346252502,1791630.2748128423,10
-1250481.0219087226,1791630.2748128423,10
-1250017.7091921952,1791630.2748128423,10
-1249554.3964756676,1791630.2748128423,10
-1249091.0837591402,1791630.2748128423,10
-1248627.7710426126,1791630.2748128423,10
-1248164.458326085,1791630.2748128423,10
-1247701.1456095576,1791630.2748128423,10
-1247237.83289303,1791630.2748128423,10
-1246774.5201765026,1791630.2748128423,10
-1246311.207459975,1791630.2748128423,10
-1245847.8947434477,1791630.2748128423,10
-1245384.58202692,1791630.2748128423,10
-1244921.2693103927,1791630.2748128423,10
-1244457.956593865,1791630.2748128423,10
-1243994.6438773377,1791630.2748128423,10
-1243531.33116081,1791630.2748128423,10
-1243068.0184442827,1791630.2748128423,10
-1242604.705727755,1791630.2748128423,10
-1242141.3930112277,1791630.2748128423,10
-1241678.0802947,1791630.2748128423,10
-1241214.7675781725,1791630.2748128423,10
-1240751.4548616451,1791630.2748128423,10
-1240288.1421451175,1791630.2748128423,10
-1239824.8294285901,1791630.2748128423,10
-1239361.5167120625,1791630.2748128423,10
-1238898.2039955352,1791630.2748128423,10
-1238434.8912790075,1791630.2748128423,10
-1237971.5785624802,1791630.2748128423,10
-1237508.2658459526,1791630.2748128423,10
-1237044.9531294252,1791630.2748128423,10
-1236581.6404128976,1791630.2748128423,10
-1236118.3276963702,1791630.2748128423,10
-1235655.0149798426,1791630.2748128423,10
-1235191.7022633152,1791630.2748128423,10
-1234728.3895467876,1791630.2748128423,10
-1234265.07683026,1791630.2748128423,10
-1233801.7641137326,1791630.2748128423,10
-1233338.4513972052,1791630.2748128423,10
-1232875.1386806776,1791630.2748128423,10
-1232411.82596415,1791630.2748128423,10
-1231948.5132476226,1791630.2748128423,10
-1231485.200531095,1791630.2748128423,10
-1231021.8878145677,1791630.2748128423,10
-1230558.57509804,1791630.2748128423,10
-1230095.2623815127,1791630.2748128423,10
-1229631.949664985,1791630.2748128423,10
-1229168.6369484577,1791630.2748128423,10
-1228705.32423193,1791630.2748128423,10
-1228242.0115154027,1791630.2748128423,10
-1227778.698798875,1791630.2748128423,10
-1227315.3860823475,1791630.2748128423,10
-1226852.07336582,1791630.2748128423,10
-1226388.7606492927,1791630.2748128423,10
-1225925.4479327651,1791630.2748128423,10
-1225462.1352162375,1791630.2748128423,10
-1224998.8224997101,1791630.2748128423,10
-1224535.5097831825,1791630.2748128423,10
-1224072.1970666551,1791630.2748128423,10
-1223608.8843501275,1791630.2748128423,10
-1223145.5716336002,1791630.2748128423,10
-1222682.2589170726,1791630.2748128423,10
-1222218.9462005452,1791630.2748128423,10
-1221755.6334840176,1791630.2748128423,10
-1221292.3207674902,1791630.2748128423,10
-1220829.0080509626,1791630.2748128423,10
-1220365.6953344352,1791630.2748128423,10
-1219902.3826179076,1791630.2748128423,10
-1219439.0699013802,1791630.2748128423,10
-1218975.7571848526,1791630.2748128423,10
-1218512.444468325,1791630.2748128423,10
-1218049.1317517976,1791630.2748128423,10
-1217585.81903527,1791630.2748128423,10
-1217122.5063187426,1791630.2748128423,10
-1216659.193602215,1791630.2748128423,10
-1216195.8808856877,1791630.2748128423,10
-1215732.56816916,1791630.2748128423,10
-1215269.2554526327,1791630.2748128423,10
-1214805.942736105,1791630.2748128423,10
-1214342.6300195777,1791630.2748128423,10
-1213879.31730305,1791630.2748128423,10
-1213416.0045865227,1791630.2748128423,10
-1212952.691869995,1791630.2748128423,10
-1212489.3791534677,1791630.2748128423,10
-1212026.06643694,1791630.2748128423,10
-1211562.7537204125,1791630.2748128423,10
-1211099.4410038851,1791630.2748128423,10
-1210636.1282873575,1791630.2748128423,10
-1210172.8155708301,1791630.2748128423,10
-1209709.5028543025,1791630.2748128423,10
-1209246.1901377751,1791630.2748128423,10
-1208782.8774212475,1791630.2748128423,10
-1208319.5647047202,1791630.2748128423,10
-1207856.2519881926,1791630.2748128423,10
-1207392.9392716652,1791630.2748128423,10
-1206929.6265551376,1791630.2748128423,10
-1206466.3138386102,1791630.2748128423,10
-1206003.0011220826,1791630.2748128423,10
-1205539.6884055552,1791630.2748128423,10
-1205076.3756890276,1791630.2748128423,10
-1204613.0629725,1791630.2748128423,10
-1204149.7502559726,1791630.2748128423,10
-1203686.4375394452,1791630.2748128423,10
-1203223.1248229176,1791630.2748128423,10
-1202759.81210639,1791630.2748128423,10
-1202296.4993898626,1791630.2748128423,10
-1201833.186673335,1791630.2748128423,10
-1201369.8739568077,1791630.2748128423,10
-1200906.56124028,1791630.2748128423,10
-1200443.2485237527,1791630.2748128423,10
-1199979.935807225,1791630.2748128423,10
-1199516.6230906977,1791630.2748128423,10
-1199053.31037417,1791630.2748128423,10
-1198589.9976576427,1791630.2748128423,10
-1198126.684941115,1791630.2748128423,10
-1197663.3722245875,1791630.2748128423,10
-1197200.05950806,1791630.2748128423,10
-1196736.7467915327,1791630.2748128423,10
-1196273.4340750051,1791630.2748128423,10
-1195810.1213584775,1791630.2748128423,10
-1195346.8086419501,1791630.2748128423,10
-1194883.4959254225,1791630.2748128423,10
-1194420.1832088951,1791630.2748128423,10
-1193956.8704923675,1791630.2748128423,10
-1193493.5577758402,1791630.2748128423,10
-1193030.2450593126,1791630.2748128423,10
-1192566.9323427852,1791630.2748128423,10
-1192103.6196262576,1791630.2748128423,10
-1191640.3069097302,1791630.2748128423,10
-1191176.9941932026,1791630.2748128423,10
-1190713.6814766752,1791630.2748128423,10
-1190250.3687601476,1791630.2748128423,10
-1189787.0560436202,1791630.2748128423,10
-1189323.7433270926,1791630.2748128423,10
-1188860.430610565,1791630.2748128423,10
-1188397.1178940376,1791630.2748128423,10
-1187933.80517751,1791630.2748128423,10
-1187470.4924609826,1791630.2748128423,10
-1187007.179744455,1791630.2748128423,10
-1186543.8670279277,1791630.2748128423,10
-1186080.5543114,1791630.2748128423,10
-1185617.2415948727,1791630.2748128423,10
-1185153.928878345,1791630.2748128423,10
-1184690.6161618177,1791630.2748128423,10
-1184227.30344529,1791630.2748128423,10
-1183763.9907287627,1791630.2748128423,10
-1183300.678012235,1791630.2748128423,10
-1182837.3652957077,1791630.2748128423,10
-1182374.05257918,1791630.2748128423,10
-1181910.7398626525,1791630.2748128423,10
-1181447.4271461251,1791630.2748128423,10
-1180984.1144295975,1791630.2748128423,10
-1180520.8017130701,1791630.2748128423,10
-1180057.4889965425,1791630.2748128423,10
-1179594.1762800151,1791630.2748128423,10
-1179130.8635634875,1791630.2748128423,10
-1178667.5508469602,1791630.2748128423,10
-1178204.2381304326,1791630.2748128423,10
-1177740.9254139052,1791630.2748128423,10
-1177277.6126973776,1791630.2748128423,10
-1176814.2999808502,1791630.2748128423,10
-1176350.9872643226,1791630.2748128423,10
-1175887.6745477952,1791630.2748128423,10
-1175424.3618312676,1791630.2748128423,10
-1174961.04911474,1791630.2748128423,10
-1174497.7363982126,1791630.2748128423,10
-1174034.4236816852,1791630.2748128423,10
-1173571.1109651576,1791630.2748128423,10
-1173107.79824863,1791630.2748128423,10
-1172644.4855321026,1791630.2748128423,10
-1172181.172815575,1791630.2748128423,10
-1171717.8600990477,1791630.2748128423,10
-1171254.54738252,1791630.2748128423,10
-1170791.2346659927,1791630.2748128423,10
-1170327.921949465,1791630.2748128423,10
-1169864.6092329377,1791630.2748128423,10
-1169401.29651641,1791630.2748128423,10
-1168937.9837998827,1791630.2748128423,10
-1168474.671083355,1791630.2748128423,10
-1168011.3583668275,1791630.2748128423,10
-1167548.0456503,1791630.2748128423,10
-1167084.7329337727,1791630.2748128423,10
-1166621.4202172451,1791630.2748128423,10
-1166158.1075007175,1791630.2748128423,10
-1165694.7947841901,1791630.2748128423,10
-1165231.4820676625,1791630.2748128423,10
-1164768.1693511351,1791630.2748128423,10
-1164304.8566346075,1791630.2748128423,10
-1163841.5439180802,1791630.2748128423,10
-1163378.2312015526,1791630.2748128423,10
-1162914.9184850252,1791630.2748128423,10
-1162451.6057684976,1791630.2748128423,10
-1161988.2930519702,1791630.2748128423,10
-1161524.9803354426,1791630.2748128423,10
-1161061.6676189152,1791630.2748128423,10
-1160598.3549023876,1791630.2748128423,10
-1160135.0421858602,1791630.2748128423,10
-1159671.7294693326,1791630.2748128423,10
-1159208.416752805,1791630.2748128423,10
-1158745.1040362776,1791630.2748128423,10
-1158281.79131975,1791630.2748128423,10
-1157818.4786032226,1791630.2748128423,10
-1157355.165886695,1791630.2748128423,10
-1156891.8531701677,1791630.2748128423,10
-1156428.54045364,1791630.2748128423,10
-1155965.2277371127,1791630.2748128423,10
-1155501.915020585,1791630.2748128423,10
-1155038.6023040577,1791630.2748128423,10
-1154575.28958753,1791630.2748128423,10
-1154111.9768710027,1791630.2748128423,10
-1153648.664154475,1791630.2748128423,10
-1153185.3514379477,1791630.2748128423,10
-1152722.03872142,1791630.2748128423,10
-1152258.7260048925,1791630.2748128423,10
-1151795.4132883651,1791630.2748128423,10
-1151332.1005718375,1791630.2748128423,10
-1150868.7878553101,1791630.2748128423,10
-1150405.4751387825,1791630.2748128423,10
-1149942.1624222551,1791630.2748128423,10
-1149478.8497057275,1791630.2748128423,10
-1149015.5369892002,1791630.2748128423,10
-1148552.2242726726,1791630.2748128423,10
-1148088.9115561452,1791630.2748128423,10
-1298202.2317110552,1791166.9620963146,10
-1292642.479112725,1791166.9620963146,10
-1292179.1663961976,1791166.9620963146,10
-1291715.85367967,1791166.9620963146,16
-1291252.5409631426,1791166.9620963146,16
-1290789.228246615,1791166.9620963146,16
-1290325.9155300877,1791166.9620963146,10
-1289862.60281356,1791166.9620963146,10
-1289399.2900970327,1791166.9620963146,10
-1288935.977380505,1791166.9620963146,10
-1288472.6646639777,1791166.9620963146,10
-1288009.35194745,1791166.9620963146,10
-1287546.0392309227,1791166.9620963146,10
-1287082.726514395,1791166.9620963146,10
-1286619.4137978677,1791166.9620963146,10
-1286156.10108134,1791166.9620963146,10
-1285692.7883648127,1791166.9620963146,10
-1285229.4756482851,1791166.9620963146,10
-1284766.1629317575,1791166.9620963146,10
-1284302.8502152301,1791166.9620963146,10
-1283839.5374987025,1791166.9620963146,10
-1283376.2247821752,1791166.9620963146,10
-1282912.9120656475,1791166.9620963146,10
-1282449.5993491202,1791166.9620963146,10
-1281986.2866325926,1791166.9620963146,10
-1281522.9739160652,1791166.9620963146,10
-1281059.6611995376,1791166.9620963146,10
-1280596.3484830102,1791166.9620963146,10
-1280133.0357664826,1791166.9620963146,10
-1279669.7230499552,1791166.9620963146,10
-1279206.4103334276,1791166.9620963146,10
-1278743.0976169002,1791166.9620963146,10
-1278279.7849003726,1791166.9620963146,10
-1277816.472183845,1791166.9620963146,10
-1277353.1594673176,1791166.9620963146,10
-1276889.84675079,1791166.9620963146,10
-1276426.5340342626,1791166.9620963146,10
-1275963.221317735,1791166.9620963146,10
-1275499.9086012077,1791166.9620963146,10
-1275036.59588468,1791166.9620963146,10
-1274573.2831681527,1791166.9620963146,10
-1274109.970451625,1791166.9620963146,10
-1273646.6577350977,1791166.9620963146,10
-1273183.34501857,1791166.9620963146,10
-1272720.0323020427,1791166.9620963146,10
-1272256.719585515,1791166.9620963146,10
-1271793.4068689877,1791166.9620963146,10
-1271330.09415246,1791166.9620963146,10
-1270866.7814359325,1791166.9620963146,10
-1270403.4687194051,1791166.9620963146,10
-1269940.1560028775,1791166.9620963146,10
-1269476.8432863501,1791166.9620963146,10
-1269013.5305698225,1791166.9620963146,10
-1268550.2178532952,1791166.9620963146,10
-1268086.9051367675,1791166.9620963146,10
-1267623.5924202402,1791166.9620963146,10
-1267160.2797037126,1791166.9620963146,10
-1266696.9669871852,1791166.9620963146,10
-1266233.6542706576,1791166.9620963146,10
-1265770.3415541302,1791166.9620963146,10
-1265307.0288376026,1791166.9620963146,10
-1264843.7161210752,1791166.9620963146,10
-1264380.4034045476,1791166.9620963146,10
-1263917.09068802,1791166.9620963146,10
-1263453.7779714926,1791166.9620963146,10
-1262990.465254965,1791166.9620963146,10
-1262527.1525384376,1791166.9620963146,10
-1262063.83982191,1791166.9620963146,10
-1261600.5271053826,1791166.9620963146,10
-1261137.214388855,1791166.9620963146,10
-1260673.9016723277,1791166.9620963146,10
-1260210.5889558,1791166.9620963146,10
-1259747.2762392727,1791166.9620963146,10
-1259283.963522745,1791166.9620963146,10
-1258820.6508062177,1791166.9620963146,10
-1258357.33808969,1791166.9620963146,10
-1257894.0253731627,1791166.9620963146,10
-1257430.712656635,1791166.9620963146,10
-1256967.3999401077,1791166.9620963146,10
-1256504.08722358,1791166.9620963146,10
-1256040.7745070527,1791166.9620963146,10
-1255577.4617905251,1791166.9620963146,10
-1255114.1490739975,1791166.9620963146,10
-1254650.8363574701,1791166.9620963146,10
-1254187.5236409425,1791166.9620963146,10
-1253724.2109244152,1791166.9620963146,10
-1253260.8982078875,1791166.9620963146,10
-1252797.5854913602,1791166.9620963146,10
-1252334.2727748326,1791166.9620963146,10
-1251870.9600583052,1791166.9620963146,10
-1251407.6473417776,1791166.9620963146,10
-1250944.3346252502,1791166.9620963146,10
-1250481.0219087226,1791166.9620963146,10
-1250017.7091921952,1791166.9620963146,10
-1249554.3964756676,1791166.9620963146,10
-1249091.0837591402,1791166.9620963146,10
-1248627.7710426126,1791166.9620963146,10
-1248164.458326085,1791166.9620963146,10
-1247701.1456095576,1791166.9620963146,10
-1247237.83289303,1791166.9620963146,10
-1246774.5201765026,1791166.9620963146,10
-1246311.207459975,1791166.9620963146,10
-1245847.8947434477,1791166.9620963146,10
-1245384.58202692,1791166.9620963146,10
-1244921.2693103927,1791166.9620963146,10
-1244457.956593865,1791166.9620963146,10
-1243994.6438773377,1791166.9620963146,10
-1243531.33116081,1791166.9620963146,10
-1243068.0184442827,1791166.9620963146,10
-1242604.705727755,1791166.9620963146,10
-1242141.3930112277,1791166.9620963146,10
-1241678.0802947,1791166.9620963146,10
-1241214.7675781725,1791166.9620963146,10
-1240751.4548616451,1791166.9620963146,10
-1240288.1421451175,1791166.9620963146,10
-1239824.8294285901,1791166.9620963146,10
-1239361.5167120625,1791166.9620963146,10
-1238898.2039955352,1791166.9620963146,10
-1238434.8912790075,1791166.9620963146,10
-1237971.5785624802,1791166.9620963146,10
-1237508.2658459526,1791166.9620963146,10
-1237044.9531294252,1791166.9620963146,10
-1236581.6404128976,1791166.9620963146,10
-1236118.3276963702,1791166.9620963146,10
-1235655.0149798426,1791166.9620963146,10
-1235191.7022633152,1791166.9620963146,10
-1234728.3895467876,1791166.9620963146,10
-1234265.07683026,1791166.9620963146,10
-1233801.7641137326,1791166.9620963146,10
-1233338.4513972052,1791166.9620963146,10
-1232875.1386806776,1791166.9620963146,10
-1232411.82596415,1791166.9620963146,10
-1231948.5132476226,1791166.9620963146,10
-1231485.200531095,1791166.9620963146,10
-1231021.8878145677,1791166.9620963146,10
-1230558.57509804,1791166.9620963146,10
-1230095.2623815127,1791166.9620963146,10
-1229631.949664985,1791166.9620963146,10
-1229168.6369484577,1791166.9620963146,10
-1228705.32423193,1791166.9620963146,10
-1228242.0115154027,1791166.9620963146,10
-1227778.698798875,1791166.9620963146,10
-1227315.3860823475,1791166.9620963146,10
-1226852.07336582,1791166.9620963146,10
-1226388.7606492927,1791166.9620963146,10
-1225925.4479327651,1791166.9620963146,10
-1225462.1352162375,1791166.9620963146,10
-1224998.8224997101,1791166.9620963146,10
-1224535.5097831825,1791166.9620963146,10
-1224072.1970666551,1791166.9620963146,10
-1223608.8843501275,1791166.9620963146,10
-1223145.5716336002,1791166.9620963146,10
-1222682.2589170726,1791166.9620963146,10
-1222218.9462005452,1791166.9620963146,10
-1221755.6334840176,1791166.9620963146,10
-1221292.3207674902,1791166.9620963146,10
-1220829.0080509626,1791166.9620963146,10
-1220365.6953344352,1791166.9620963146,10
-1219902.3826179076,1791166.9620963146,10
-1219439.0699013802,1791166.9620963146,10
-1218975.7571848526,1791166.9620963146,10
-1218512.444468325,1791166.9620963146,10
-1218049.1317517976,1791166.9620963146,10
-1217585.81903527,1791166.9620963146,10
-1217122.5063187426,1791166.9620963146,10
-1216659.193602215,1791166.9620963146,10
-1216195.8808856877,1791166.9620963146,10
-1215732.56816916,1791166.9620963146,10
-1215269.2554526327,1791166.9620963146,10
-1214805.942736105,1791166.9620963146,10
-1214342.6300195777,1791166.9620963146,10
-1213879.31730305,1791166.9620963146,10
-1213416.0045865227,1791166.9620963146,10
-1212952.691869995,1791166.9620963146,10
-1212489.3791534677,1791166.9620963146,10
-1212026.06643694,1791166.9620963146,10
-1211562.7537204125,1791166.9620963146,10
-1211099.4410038851,1791166.9620963146,10
-1210636.1282873575,1791166.9620963146,10
-1210172.8155708301,1791166.9620963146,10
-1209709.5028543025,1791166.9620963146,10
-1209246.1901377751,1791166.9620963146,10
-1208782.8774212475,1791166.9620963146,10
-1208319.5647047202,1791166.9620963146,10
-1207856.2519881926,1791166.9620963146,10
-1207392.9392716652,1791166.9620963146,10
-1206929.6265551376,1791166.9620963146,10
-1206466.3138386102,1791166.9620963146,10
-1206003.0011220826,1791166.9620963146,10
-1205539.6884055552,1791166.9620963146,10
-1205076.3756890276,1791166.9620963146,10
-1204613.0629725,1791166.9620963146,10
-1204149.7502559726,1791166.9620963146,10
-1203686.4375394452,1791166.9620963146,10
-1203223.1248229176,1791166.9620963146,10
-1202759.81210639,1791166.9620963146,10
-1202296.4993898626,1791166.9620963146,10
-1201833.186673335,1791166.9620963146,10
-1201369.8739568077,1791166.9620963146,10
-1200906.56124028,1791166.9620963146,10
-1200443.2485237527,1791166.9620963146,10
-1199979.935807225,1791166.9620963146,10
-1199516.6230906977,1791166.9620963146,10
-1199053.31037417,1791166.9620963146,10
-1198589.9976576427,1791166.9620963146,10
-1198126.684941115,1791166.9620963146,10
-1197663.3722245875,1791166.9620963146,10
-1197200.05950806,1791166.9620963146,10
-1196736.7467915327,1791166.9620963146,10
-1196273.4340750051,1791166.9620963146,10
-1195810.1213584775,1791166.9620963146,10
-1195346.8086419501,1791166.9620963146,10
-1194883.4959254225,1791166.9620963146,10
-1194420.1832088951,1791166.9620963146,10
-1193956.8704923675,1791166.9620963146,10
-1193493.5577758402,1791166.9620963146,10
-1193030.2450593126,1791166.9620963146,10
-1192566.9323427852,1791166.9620963146,10
-1192103.6196262576,1791166.9620963146,10
-1191640.3069097302,1791166.9620963146,10
-1191176.9941932026,1791166.9620963146,10
-1190713.6814766752,1791166.9620963146,10
-1190250.3687601476,1791166.9620963146,10
-1189787.0560436202,1791166.9620963146,10
-1189323.7433270926,1791166.9620963146,10
-1188860.430610565,1791166.9620963146,10
-1188397.1178940376,1791166.9620963146,10
-1187933.80517751,1791166.9620963146,10
-1187470.4924609826,1791166.9620963146,10
-1187007.179744455,1791166.9620963146,10
-1186543.8670279277,1791166.9620963146,10
-1186080.5543114,1791166.9620963146,10
-1185617.2415948727,1791166.9620963146,10
-1185153.928878345,1791166.9620963146,10
-1184690.6161618177,1791166.9620963146,10
-1184227.30344529,1791166.9620963146,10
-1183763.9907287627,1791166.9620963146,10
-1183300.678012235,1791166.9620963146,10
-1182837.3652957077,1791166.9620963146,10
-1182374.05257918,1791166.9620963146,10
-1181910.7398626525,1791166.9620963146,10
-1181447.4271461251,1791166.9620963146,10
-1180984.1144295975,1791166.9620963146,10
-1180520.8017130701,1791166.9620963146,10
-1180057.4889965425,1791166.9620963146,10
-1179594.1762800151,1791166.9620963146,10
-1179130.8635634875,1791166.9620963146,10
-1178667.5508469602,1791166.9620963146,10
-1178204.2381304326,1791166.9620963146,10
-1177740.9254139052,1791166.9620963146,10
-1177277.6126973776,1791166.9620963146,10
-1176814.2999808502,1791166.9620963146,10
-1176350.9872643226,1791166.9620963146,10
-1175887.6745477952,1791166.9620963146,10
-1175424.3618312676,1791166.9620963146,10
-1174961.04911474,1791166.9620963146,10
-1174497.7363982126,1791166.9620963146,10
-1174034.4236816852,1791166.9620963146,10
-1173571.1109651576,1791166.9620963146,10
-1173107.79824863,1791166.9620963146,10
-1172644.4855321026,1791166.9620963146,10
-1172181.172815575,1791166.9620963146,10
-1171717.8600990477,1791166.9620963146,10
-1171254.54738252,1791166.9620963146,10
-1170791.2346659927,1791166.9620963146,10
-1170327.921949465,1791166.9620963146,10
-1169864.6092329377,1791166.9620963146,10
-1169401.29651641,1791166.9620963146,10
-1168937.9837998827,1791166.9620963146,10
-1168474.671083355,1791166.9620963146,10
-1168011.3583668275,1791166.9620963146,10
-1167548.0456503,1791166.9620963146,10
-1167084.7329337727,1791166.9620963146,10
-1166621.4202172451,1791166.9620963146,10
-1166158.1075007175,1791166.9620963146,10
-1165694.7947841901,1791166.9620963146,10
-1165231.4820676625,1791166.9620963146,10
-1164768.1693511351,1791166.9620963146,10
-1164304.8566346075,1791166.9620963146,10
-1163841.5439180802,1791166.9620963146,10
-1163378.2312015526,1791166.9620963146,10
-1162914.9184850252,1791166.9620963146,10
-1162451.6057684976,1791166.9620963146,10
-1161988.2930519702,1791166.9620963146,10
-1161524.9803354426,1791166.9620963146,10
-1161061.6676189152,1791166.9620963146,10
-1160598.3549023876,1791166.9620963146,10
-1160135.0421858602,1791166.9620963146,10
-1159671.7294693326,1791166.9620963146,10
-1159208.416752805,1791166.9620963146,10
-1158745.1040362776,1791166.9620963146,10
-1158281.79131975,1791166.9620963146,10
-1157818.4786032226,1791166.9620963146,10
-1157355.165886695,1791166.9620963146,10
-1156891.8531701677,1791166.9620963146,10
-1156428.54045364,1791166.9620963146,10
-1155965.2277371127,1791166.9620963146,10
-1155501.915020585,1791166.9620963146,10
-1155038.6023040577,1791166.9620963146,10
-1154575.28958753,1791166.9620963146,10
-1154111.9768710027,1791166.9620963146,10
-1153648.664154475,1791166.9620963146,10
-1153185.3514379477,1791166.9620963146,10
-1152722.03872142,1791166.9620963146,10
-1152258.7260048925,1791166.9620963146,10
-1151795.4132883651,1791166.9620963146,10
-1151332.1005718375,1791166.9620963146,10
-1150868.7878553101,1791166.9620963146,10
-1150405.4751387825,1791166.9620963146,10
-1149942.1624222551,1791166.9620963146,10
-1149478.8497057275,1791166.9620963146,10
-1149015.5369892002,1791166.9620963146,10
-1148552.2242726726,1791166.9620963146,10
-1148088.9115561452,1791166.9620963146,10
-1291715.85367967,1790703.6493797873,16
-1291252.5409631426,1790703.6493797873,16
-1290789.228246615,1790703.6493797873,16
-1290325.9155300877,1790703.6493797873,10
-1289862.60281356,1790703.6493797873,10
-1289399.2900970327,1790703.6493797873,10
-1288935.977380505,1790703.6493797873,10
-1288472.6646639777,1790703.6493797873,10
-1288009.35194745,1790703.6493797873,10
-1287546.0392309227,1790703.6493797873,10
-1287082.726514395,1790703.6493797873,10
-1286619.4137978677,1790703.6493797873,10
-1286156.10108134,1790703.6493797873,10
-1285692.7883648127,1790703.6493797873,10
-1285229.4756482851,1790703.6493797873,10
-1284766.1629317575,1790703.6493797873,10
-1284302.8502152301,1790703.6493797873,10
-1283839.5374987025,1790703.6493797873,10
-1283376.2247821752,1790703.6493797873,10
-1282912.9120656475,1790703.6493797873,10
-1282449.5993491202,1790703.6493797873,10
-1281986.2866325926,1790703.6493797873,10
-1281522.9739160652,1790703.6493797873,10
-1281059.6611995376,1790703.6493797873,10
-1280596.3484830102,1790703.6493797873,10
-1280133.0357664826,1790703.6493797873,10
-1279669.7230499552,1790703.6493797873,10
-1279206.4103334276,1790703.6493797873,10
-1278743.0976169002,1790703.6493797873,10
-1278279.7849003726,1790703.6493797873,10
-1277816.472183845,1790703.6493797873,10
-1277353.1594673176,1790703.6493797873,10
-1276889.84675079,1790703.6493797873,10
-1276426.5340342626,1790703.6493797873,10
-1275963.221317735,1790703.6493797873,10
-1275499.9086012077,1790703.6493797873,10
-1275036.59588468,1790703.6493797873,10
-1274573.2831681527,1790703.6493797873,10
-1274109.970451625,1790703.6493797873,10
-1273646.6577350977,1790703.6493797873,10
-1273183.34501857,1790703.6493797873,10
-1272720.0323020427,1790703.6493797873,10
-1272256.719585515,1790703.6493797873,10
-1271793.4068689877,1790703.6493797873,10
-1271330.09415246,1790703.6493797873,10
-1270866.7814359325,1790703.6493797873,10
-1270403.4687194051,1790703.6493797873,10
-1269940.1560028775,1790703.6493797873,10
-1269476.8432863501,1790703.6493797873,10
-1269013.5305698225,1790703.6493797873,10
-1268550.2178532952,1790703.6493797873,10
-1268086.9051367675,1790703.6493797873,10
-1267623.5924202402,1790703.6493797873,10
-1267160.2797037126,1790703.6493797873,10
-1266696.9669871852,1790703.6493797873,10
-1266233.6542706576,1790703.6493797873,10
-1265770.3415541302,1790703.6493797873,10
-1265307.0288376026,1790703.6493797873,10
-1264843.7161210752,1790703.6493797873,10
-1264380.4034045476,1790703.6493797873,10
-1263917.09068802,1790703.6493797873,10
-1263453.7779714926,1790703.6493797873,10
-1262990.465254965,1790703.6493797873,10
-1262527.1525384376,1790703.6493797873,10
-1262063.83982191,1790703.6493797873,10
-1261600.5271053826,1790703.6493797873,10
-1261137.214388855,1790703.6493797873,10
-1260673.9016723277,1790703.6493797873,10
-1260210.5889558,1790703.6493797873,10
-1259747.2762392727,1790703.6493797873,10
-1259283.963522745,1790703.6493797873,10
-1258820.6508062177,1790703.6493797873,10
-1258357.33808969,1790703.6493797873,10
-1257894.0253731627,1790703.6493797873,10
-1257430.712656635,1790703.6493797873,10
-1256967.3999401077,1790703.6493797873,10
-1256504.08722358,1790703.6493797873,10
-1256040.7745070527,1790703.6493797873,10
-1255577.4617905251,1790703.6493797873,10
-1255114.1490739975,1790703.6493797873,10
-1254650.8363574701,1790703.6493797873,10
-1254187.5236409425,1790703.6493797873,10
-1253724.2109244152,1790703.6493797873,10
-1253260.8982078875,1790703.6493797873,10
-1252797.5854913602,1790703.6493797873,10
-1252334.2727748326,1790703.6493797873,10
-1251870.9600583052,1790703.6493797873,10
-1251407.6473417776,1790703.6493797873,10
-1250944.3346252502,1790703.6493797873,10
-1250481.0219087226,1790703.6493797873,10
-1250017.7091921952,1790703.6493797873,10
-1249554.3964756676,1790703.6493797873,10
-1249091.0837591402,1790703.6493797873,10
-1248627.7710426126,1790703.6493797873,10
-1248164.458326085,1790703.6493797873,10
-1247701.1456095576,1790703.6493797873,10
-1247237.83289303,1790703.6493797873,10
-1246774.5201765026,1790703.6493797873,10
-1246311.207459975,1790703.6493797873,10
-1245847.8947434477,1790703.6493797873,10
-1245384.58202692,1790703.6493797873,10
-1244921.2693103927,1790703.6493797873,10
-1244457.956593865,1790703.6493797873,10
-1243994.6438773377,1790703.6493797873,10
-1243531.33116081,1790703.6493797873,10
-1243068.0184442827,1790703.6493797873,10
-1242604.705727755,1790703.6493797873,10
-1242141.3930112277,1790703.6493797873,10
-1241678.0802947,1790703.6493797873,10
-1241214.7675781725,1790703.6493797873,10
-1240751.4548616451,1790703.6493797873,10
-1240288.1421451175,1790703.6493797873,10
-1239824.8294285901,1790703.6493797873,10
-1239361.5167120625,1790703.6493797873,10
-1238898.2039955352,1790703.6493797873,10
-1238434.8912790075,1790703.6493797873,10
-1237971.5785624802,1790703.6493797873,10
-1237508.2658459526,1790703.6493797873,10
-1237044.9531294252,1790703.6493797873,10
-1236581.6404128976,1790703.6493797873,10
-1236118.3276963702,1790703.6493797873,10
-1235655.0149798426,1790703.6493797873,10
-1235191.7022633152,1790703.6493797873,10
-1234728.3895467876,1790703.6493797873,10
-1234265.07683026,1790703.6493797873,10
-1233801.7641137326,1790703.6493797873,10
-1233338.4513972052,1790703.6493797873,10
-1232875.1386806776,1790703.6493797873,10
-1232411.82596415,1790703.6493797873,10
-1231948.5132476226,1790703.6493797873,10
-1231485.200531095,1790703.6493797873,10
-1231021.8878145677,1790703.6493797873,10
-1230558.57509804,1790703.6493797873,10
-1230095.2623815127,1790703.6493797873,10
-1229631.949664985,1790703.6493797873,10
-1229168.6369484577,1790703.6493797873,10
-1228705.32423193,1790703.6493797873,10
-1228242.0115154027,1790703.6493797873,10
-1227778.698798875,1790703.6493797873,10
-1227315.3860823475,1790703.6493797873,10
-1226852.07336582,1790703.6493797873,10
-1226388.7606492927,1790703.6493797873,10
-1225925.4479327651,1790703.6493797873,10
-1225462.1352162375,1790703.6493797873,10
-1224998.8224997101,1790703.6493797873,10
-1224535.5097831825,1790703.6493797873,10
-1224072.1970666551,1790703.6493797873,10
-1223608.8843501275,1790703.6493797873,10
-1223145.5716336002,1790703.6493797873,10
-1222682.2589170726,1790703.6493797873,10
-1222218.9462005452,1790703.6493797873,10
-1221755.6334840176,1790703.6493797873,10
-1221292.3207674902,1790703.6493797873,10
-1220829.0080509626,1790703.6493797873,10
-1220365.6953344352,1790703.6493797873,10
-1219902.3826179076,1790703.6493797873,10
-1219439.0699013802,1790703.6493797873,10
-1218975.7571848526,1790703.6493797873,10
-1218512.444468325,1790703.6493797873,10
-1218049.1317517976,1790703.6493797873,10
-1217585.81903527,1790703.6493797873,10
-1217122.5063187426,1790703.6493797873,10
-1216659.193602215,1790703.6493797873,10
-1216195.8808856877,1790703.6493797873,10
-1215732.56816916,1790703.6493797873,10
-1215269.2554526327,1790703.6493797873,10
-1214805.942736105,1790703.6493797873,10
-1214342.6300195777,1790703.6493797873,10
-1213879.31730305,1790703.6493797873,10
-1213416.0045865227,1790703.6493797873,10
-1212952.691869995,1790703.6493797873,10
-1212489.3791534677,1790703.6493797873,10
-1212026.06643694,1790703.6493797873,10
-1211562.7537204125,1790703.6493797873,10
-1211099.4410038851,1790703.6493797873,10
-1210636.1282873575,1790703.6493797873,10
-1210172.8155708301,1790703.6493797873,10
-1209709.5028543025,1790703.6493797873,10
-1209246.1901377751,1790703.6493797873,10
-1208782.8774212475,1790703.6493797873,10
-1208319.5647047202,1790703.6493797873,10
-1207856.2519881926,1790703.6493797873,10
-1207392.9392716652,1790703.6493797873,10
-1206929.6265551376,1790703.6493797873,10
-1206466.3138386102,1790703.6493797873,10
-1206003.0011220826,1790703.6493797873,10
-1205539.6884055552,1790703.6493797873,10
-1205076.3756890276,1790703.6493797873,10
-1204613.0629725,1790703.6493797873,10
-1204149.7502559726,1790703.6493797873,10
-1203686.4375394452,1790703.6493797873,10
-1203223.1248229176,1790703.6493797873,10
-1202759.81210639,1790703.6493797873,10
-1202296.4993898626,1790703.6493797873,10
-1201833.186673335,1790703.6493797873,10
-1201369.8739568077,1790703.6493797873,10
-1200906.56124028,1790703.6493797873,10
-1200443.2485237527,1790703.6493797873,10
-1199979.935807225,1790703.6493797873,10
-1199516.6230906977,1790703.6493797873,10
-1199053.31037417,1790703.6493797873,10
-1198589.9976576427,1790703.6493797873,10
-1198126.684941115,1790703.6493797873,10
-1197663.3722245875,1790703.6493797873,10
-1197200.05950806,1790703.6493797873,10
-1196736.7467915327,1790703.6493797873,10
-1196273.4340750051,1790703.6493797873,10
-1195810.1213584775,1790703.6493797873,10
-1195346.8086419501,1790703.6493797873,10
-1194883.4959254225,1790703.6493797873,10
-1194420.1832088951,1790703.6493797873,10
-1193956.8704923675,1790703.6493797873,10
-1193493.5577758402,1790703.6493797873,10
-1193030.2450593126,1790703.6493797873,10
-1192566.9323427852,1790703.6493797873,10
-1192103.6196262576,1790703.6493797873,10
-1191640.3069097302,1790703.6493797873,10
-1191176.9941932026,1790703.6493797873,10
-1190713.6814766752,1790703.6493797873,10
-1190250.3687601476,1790703.6493797873,10
-1189787.0560436202,1790703.6493797873,10
-1189323.7433270926,1790703.6493797873,10
-1188860.430610565,1790703.6493797873,10
-1188397.1178940376,1790703.6493797873,10
-1187933.80517751,1790703.6493797873,10
-1187470.4924609826,1790703.6493797873,10
-1187007.179744455,1790703.6493797873,10
-1186543.8670279277,1790703.6493797873,10
-1186080.5543114,1790703.6493797873,10
-1185617.2415948727,1790703.6493797873,10
-1185153.928878345,1790703.6493797873,10
-1184690.6161618177,1790703.6493797873,10
-1184227.30344529,1790703.6493797873,10
-1183763.9907287627,1790703.6493797873,10
-1183300.678012235,1790703.6493797873,10
-1182837.3652957077,1790703.6493797873,10
-1182374.05257918,1790703.6493797873,10
-1181910.7398626525,1790703.6493797873,10
-1181447.4271461251,1790703.6493797873,10
-1180984.1144295975,1790703.6493797873,10
-1180520.8017130701,1790703.6493797873,10
-1180057.4889965425,1790703.6493797873,10
-1179594.1762800151,1790703.6493797873,10
-1179130.8635634875,1790703.6493797873,10
-1178667.5508469602,1790703.6493797873,10
-1178204.2381304326,1790703.6493797873,10
-1177740.9254139052,1790703.6493797873,10
-1177277.6126973776,1790703.6493797873,10
-1176814.2999808502,1790703.6493797873,10
-1176350.9872643226,1790703.6493797873,10
-1175887.6745477952,1790703.6493797873,10
-1175424.3618312676,1790703.6493797873,10
-1174961.04911474,1790703.6493797873,10
-1174497.7363982126,1790703.6493797873,10
-1174034.4236816852,1790703.6493797873,10
-1173571.1109651576,1790703.6493797873,10
-1173107.79824863,1790703.6493797873,10
-1172644.4855321026,1790703.6493797873,10
-1172181.172815575,1790703.6493797873,10
-1171717.8600990477,1790703.6493797873,10
-1171254.54738252,1790703.6493797873,10
-1170791.2346659927,1790703.6493797873,10
-1170327.921949465,1790703.6493797873,10
-1169864.6092329377,1790703.6493797873,10
-1169401.29651641,1790703.6493797873,10
-1168937.9837998827,1790703.6493797873,10
-1168474.671083355,1790703.6493797873,10
-1168011.3583668275,1790703.6493797873,10
-1167548.0456503,1790703.6493797873,10
-1167084.7329337727,1790703.6493797873,10
-1166621.4202172451,1790703.6493797873,10
-1166158.1075007175,1790703.6493797873,10
-1165694.7947841901,1790703.6493797873,10
-1165231.4820676625,1790703.6493797873,10
-1164768.1693511351,1790703.6493797873,10
-1164304.8566346075,1790703.6493797873,10
-1163841.5439180802,1790703.6493797873,10
-1163378.2312015526,1790703.6493797873,10
-1162914.9184850252,1790703.6493797873,10
-1162451.6057684976,1790703.6493797873,10
-1161988.2930519702,1790703.6493797873,10
-1161524.9803354426,1790703.6493797873,10
-1161061.6676189152,1790703.6493797873,10
-1160598.3549023876,1790703.6493797873,10
-1160135.0421858602,1790703.6493797873,10
-1159671.7294693326,1790703.6493797873,10
-1159208.416752805,1790703.6493797873,10
-1158745.1040362776,1790703.6493797873,10
-1158281.79131975,1790703.6493797873,10
-1157818.4786032226,1790703.6493797873,10
-1157355.165886695,1790703.6493797873,10
-1156891.8531701677,1790703.6493797873,10
-1156428.54045364,1790703.6493797873,10
-1155965.2277371127,1790703.6493797873,10
-1155501.915020585,1790703.6493797873,10
-1155038.6023040577,1790703.6493797873,10
-1154575.28958753,1790703.6493797873,10
-1154111.9768710027,1790703.6493797873,10
-1153648.664154475,1790703.6493797873,10
-1153185.3514379477,1790703.6493797873,10
-1152722.03872142,1790703.6493797873,10
-1152258.7260048925,1790703.6493797873,10
-1151795.4132883651,1790703.6493797873,10
-1151332.1005718375,1790703.6493797873,10
-1150868.7878553101,1790703.6493797873,10
-1150405.4751387825,1790703.6493797873,10
-1149942.1624222551,1790703.6493797873,10
-1149478.8497057275,1790703.6493797873,10
-1149015.5369892002,1790703.6493797873,10
-1148552.2242726726,1790703.6493797873,10
-1148088.9115561452,1790703.6493797873,10
-1290789.228246615,1790240.3366632597,10
-1290325.9155300877,1790240.3366632597,10
-1289862.60281356,1790240.3366632597,10
-1289399.2900970327,1790240.3366632597,10
-1288935.977380505,1790240.3366632597,10
-1288472.6646639777,1790240.3366632597,10
-1288009.35194745,1790240.3366632597,10
-1287546.0392309227,1790240.3366632597,10
-1287082.726514395,1790240.3366632597,10
-1286619.4137978677,1790240.3366632597,10
-1286156.10108134,1790240.3366632597,10
-1285692.7883648127,1790240.3366632597,16
-1285229.4756482851,1790240.3366632597,10
-1284766.1629317575,1790240.3366632597,10
-1284302.8502152301,1790240.3366632597,10
-1283839.5374987025,1790240.3366632597,10
-1283376.2247821752,1790240.3366632597,10
-1282912.9120656475,1790240.3366632597,10
-1282449.5993491202,1790240.3366632597,10
-1281986.2866325926,1790240.3366632597,10
-1281522.9739160652,1790240.3366632597,10
-1281059.6611995376,1790240.3366632597,10
-1280596.3484830102,1790240.3366632597,10
-1280133.0357664826,1790240.3366632597,10
-1279669.7230499552,1790240.3366632597,10
-1279206.4103334276,1790240.3366632597,10
-1278743.0976169002,1790240.3366632597,10
-1278279.7849003726,1790240.3366632597,10
-1277816.472183845,1790240.3366632597,10
-1277353.1594673176,1790240.3366632597,10
-1276889.84675079,1790240.3366632597,10
-1276426.5340342626,1790240.3366632597,10
-1275963.221317735,1790240.3366632597,10
-1275499.9086012077,1790240.3366632597,10
-1275036.59588468,1790240.3366632597,10
-1274573.2831681527,1790240.3366632597,10
-1274109.970451625,1790240.3366632597,10
-1273646.6577350977,1790240.3366632597,10
-1273183.34501857,1790240.3366632597,10
-1272720.0323020427,1790240.3366632597,10
-1272256.719585515,1790240.3366632597,10
-1271793.4068689877,1790240.3366632597,10
-1271330.09415246,1790240.3366632597,10
-1270866.7814359325,1790240.3366632597,10
-1270403.4687194051,1790240.3366632597,10
-1269940.1560028775,1790240.3366632597,10
-1269476.8432863501,1790240.3366632597,10
-1269013.5305698225,1790240.3366632597,10
-1268550.2178532952,1790240.3366632597,10
-1268086.9051367675,1790240.3366632597,10
-1267623.5924202402,1790240.3366632597,10
-1267160.2797037126,1790240.3366632597,10
-1266696.9669871852,1790240.3366632597,10
-1266233.6542706576,1790240.3366632597,10
-1265770.3415541302,1790240.3366632597,10
-1265307.0288376026,1790240.3366632597,10
-1264843.7161210752,1790240.3366632597,10
-1264380.4034045476,1790240.3366632597,10
-1263917.09068802,1790240.3366632597,10
-1263453.7779714926,1790240.3366632597,10
-1262990.465254965,1790240.3366632597,10
-1262527.1525384376,1790240.3366632597,10
-1262063.83982191,1790240.3366632597,10
-1261600.5271053826,1790240.3366632597,10
-1261137.214388855,1790240.3366632597,10
-1260673.9016723277,1790240.3366632597,10
-1260210.5889558,1790240.3366632597,10
-1259747.2762392727,1790240.3366632597,10
-1259283.963522745,1790240.3366632597,10
-1258820.6508062177,1790240.3366632597,10
-1258357.33808969,1790240.3366632597,10
-1257894.0253731627,1790240.3366632597,10
-1257430.712656635,1790240.3366632597,10
-1256967.3999401077,1790240.3366632597,10
-1256504.08722358,1790240.3366632597,10
-1256040.7745070527,1790240.3366632597,10
-1255577.4617905251,1790240.3366632597,10
-1255114.1490739975,1790240.3366632597,10
-1254650.8363574701,1790240.3366632597,10
-1254187.5236409425,1790240.3366632597,10
-1253724.2109244152,1790240.3366632597,10
-1253260.8982078875,1790240.3366632597,10
-1252797.5854913602,1790240.3366632597,10
-1252334.2727748326,1790240.3366632597,10
-1251870.9600583052,1790240.3366632597,10
-1251407.6473417776,1790240.3366632597,10
-1250944.3346252502,1790240.3366632597,10
-1250481.0219087226,1790240.3366632597,10
-1250017.7091921952,1790240.3366632597,10
-1249554.3964756676,1790240.3366632597,10
-1249091.0837591402,1790240.3366632597,10
-1248627.7710426126,1790240.3366632597,10
-1248164.458326085,1790240.3366632597,10
-1247701.1456095576,1790240.3366632597,10
-1247237.83289303,1790240.3366632597,10
-1246774.5201765026,1790240.3366632597,10
-1246311.207459975,1790240.3366632597,10
-1245847.8947434477,1790240.3366632597,10
-1245384.58202692,1790240.3366632597,10
-1244921.2693103927,1790240.3366632597,10
-1244457.956593865,1790240.3366632597,10
-1243994.6438773377,1790240.3366632597,10
-1243531.33116081,1790240.3366632597,10
-1243068.0184442827,1790240.3366632597,10
-1242604.705727755,1790240.3366632597,10
-1242141.3930112277,1790240.3366632597,10
-1241678.0802947,1790240.3366632597,10
-1241214.7675781725,1790240.3366632597,10
-1240751.4548616451,1790240.3366632597,10
-1240288.1421451175,1790240.3366632597,10
-1239824.8294285901,1790240.3366632597,10
-1239361.5167120625,1790240.3366632597,10
-1238898.2039955352,1790240.3366632597,10
-1238434.8912790075,1790240.3366632597,10
-1237971.5785624802,1790240.3366632597,10
-1237508.2658459526,1790240.3366632597,10
-1237044.9531294252,1790240.3366632597,10
-1236581.6404128976,1790240.3366632597,10
-1236118.3276963702,1790240.3366632597,10
-1235655.0149798426,1790240.3366632597,10
-1235191.7022633152,1790240.3366632597,10
-1234728.3895467876,1790240.3366632597,10
-1234265.07683026,1790240.3366632597,10
-1233801.7641137326,1790240.3366632597,10
-1233338.4513972052,1790240.3366632597,10
-1232875.1386806776,1790240.3366632597,10
-1232411.82596415,1790240.3366632597,10
-1231948.5132476226,1790240.3366632597,10
-1231485.200531095,1790240.3366632597,10
-1231021.8878145677,1790240.3366632597,10
-1230558.57509804,1790240.3366632597,10
-1230095.2623815127,1790240.3366632597,10
-1229631.949664985,1790240.3366632597,10
-1229168.6369484577,1790240.3366632597,10
-1228705.32423193,1790240.3366632597,10
-1228242.0115154027,1790240.3366632597,10
-1227778.698798875,1790240.3366632597,10
-1227315.3860823475,1790240.3366632597,10
-1226852.07336582,1790240.3366632597,10
-1226388.7606492927,1790240.3366632597,10
-1225925.4479327651,1790240.3366632597,10
-1225462.1352162375,1790240.3366632597,10
-1224998.8224997101,1790240.3366632597,10
-1224535.5097831825,1790240.3366632597,10
-1224072.1970666551,1790240.3366632597,10
-1223608.8843501275,1790240.3366632597,10
-1223145.5716336002,1790240.3366632597,10
-1222682.2589170726,1790240.3366632597,10
-1222218.9462005452,1790240.3366632597,10
-1221755.6334840176,1790240.3366632597,10
-1221292.3207674902,1790240.3366632597,10
-1220829.0080509626,1790240.3366632597,10
-1220365.6953344352,1790240.3366632597,10
-1219902.3826179076,1790240.3366632597,10
-1219439.0699013802,1790240.3366632597,10
-1218975.7571848526,1790240.3366632597,10
-1218512.444468325,1790240.3366632597,10
-1218049.1317517976,1790240.3366632597,10
-1217585.81903527,1790240.3366632597,10
-1217122.5063187426,1790240.3366632597,10
-1216659.193602215,1790240.3366632597,10
-1216195.8808856877,1790240.3366632597,10
-1215732.56816916,1790240.3366632597,10
-1215269.2554526327,1790240.3366632597,10
-1214805.942736105,1790240.3366632597,10
-1214342.6300195777,1790240.3366632597,10
-1213879.31730305,1790240.3366632597,10
-1213416.0045865227,1790240.3366632597,10
-1212952.691869995,1790240.3366632597,10
-1212489.3791534677,1790240.3366632597,10
-1212026.06643694,1790240.3366632597,10
-1211562.7537204125,1790240.3366632597,10
-1211099.4410038851,1790240.3366632597,10
-1210636.1282873575,1790240.3366632597,10
-1210172.8155708301,1790240.3366632597,10
-1209709.5028543025,1790240.3366632597,10
-1209246.1901377751,1790240.3366632597,10
-1208782.8774212475,1790240.3366632597,10
-1208319.5647047202,1790240.3366632597,10
-1207856.2519881926,1790240.3366632597,10
-1207392.9392716652,1790240.3366632597,10
-1206929.6265551376,1790240.3366632597,10
-1206466.3138386102,1790240.3366632597,10
-1206003.0011220826,1790240.3366632597,10
-1205539.6884055552,1790240.3366632597,10
-1205076.3756890276,1790240.3366632597,10
-1204613.0629725,1790240.3366632597,10
-1204149.7502559726,1790240.3366632597,10
-1203686.4375394452,1790240.3366632597,10
-1203223.1248229176,1790240.3366632597,10
-1202759.81210639,1790240.3366632597,10
-1202296.4993898626,1790240.3366632597,10
-1201833.186673335,1790240.3366632597,10
-1201369.8739568077,1790240.3366632597,10
-1200906.56124028,1790240.3366632597,10
-1200443.2485237527,1790240.3366632597,10
-1199979.935807225,1790240.3366632597,10
-1199516.6230906977,1790240.3366632597,10
-1199053.31037417,1790240.3366632597,10
-1198589.9976576427,1790240.3366632597,10
-1198126.684941115,1790240.3366632597,10
-1197663.3722245875,1790240.3366632597,10
-1197200.05950806,1790240.3366632597,10
-1196736.7467915327,1790240.3366632597,10
-1196273.4340750051,1790240.3366632597,10
-1195810.1213584775,1790240.3366632597,10
-1195346.8086419501,1790240.3366632597,10
-1194883.4959254225,1790240.3366632597,10
-1194420.1832088951,1790240.3366632597,10
-1193956.8704923675,1790240.3366632597,10
-1193493.5577758402,1790240.3366632597,10
-1193030.2450593126,1790240.3366632597,10
-1192566.9323427852,1790240.3366632597,10
-1192103.6196262576,1790240.3366632597,10
-1191640.3069097302,1790240.3366632597,10
-1191176.9941932026,1790240.3366632597,10
-1190713.6814766752,1790240.3366632597,10
-1190250.3687601476,1790240.3366632597,10
-1189787.0560436202,1790240.3366632597,10
-1189323.7433270926,1790240.3366632597,10
-1188860.430610565,1790240.3366632597,10
-1188397.1178940376,1790240.3366632597,10
-1187933.80517751,1790240.3366632597,10
-1187470.4924609826,1790240.3366632597,10
-1187007.179744455,1790240.3366632597,10
-1186543.8670279277,1790240.3366632597,10
-1186080.5543114,1790240.3366632597,10
-1185617.2415948727,1790240.3366632597,10
-1185153.928878345,1790240.3366632597,10
-1184690.6161618177,1790240.3366632597,10
-1184227.30344529,1790240.3366632597,10
-1183763.9907287627,1790240.3366632597,10
-1183300.678012235,1790240.3366632597,10
-1182837.3652957077,1790240.3366632597,10
-1182374.05257918,1790240.3366632597,10
-1181910.7398626525,1790240.3366632597,10
-1181447.4271461251,1790240.3366632597,10
-1180984.1144295975,1790240.3366632597,10
-1180520.8017130701,1790240.3366632597,10
-1180057.4889965425,1790240.3366632597,10
-1179594.1762800151,1790240.3366632597,10
-1179130.8635634875,1790240.3366632597,10
-1178667.5508469602,1790240.3366632597,10
-1178204.2381304326,1790240.3366632597,10
-1177740.9254139052,1790240.3366632597,10
-1177277.6126973776,1790240.3366632597,10
-1176814.2999808502,1790240.3366632597,10
-1176350.9872643226,1790240.3366632597,10
-1175887.6745477952,1790240.3366632597,10
-1175424.3618312676,1790240.3366632597,10
-1174961.04911474,1790240.3366632597,10
-1174497.7363982126,1790240.3366632597,10
-1174034.4236816852,1790240.3366632597,10
-1173571.1109651576,1790240.3366632597,10
-1173107.79824863,1790240.3366632597,10
-1172644.4855321026,1790240.3366632597,10
-1172181.172815575,1790240.3366632597,10
-1171717.8600990477,1790240.3366632597,10
-1171254.54738252,1790240.3366632597,10
-1170791.2346659927,1790240.3366632597,10
-1170327.921949465,1790240.3366632597,10
-1169864.6092329377,1790240.3366632597,10
-1169401.29651641,1790240.3366632597,10
-1168937.9837998827,1790240.3366632597,10
-1168474.671083355,1790240.3366632597,10
-1168011.3583668275,1790240.3366632597,10
-1167548.0456503,1790240.3366632597,10
-1167084.7329337727,1790240.3366632597,10
-1166621.4202172451,1790240.3366632597,10
-1166158.1075007175,1790240.3366632597,10
-1165694.7947841901,1790240.3366632597,10
-1165231.4820676625,1790240.3366632597,10
-1164768.1693511351,1790240.3366632597,10
-1164304.8566346075,1790240.3366632597,10
-1163841.5439180802,1790240.3366632597,10
-1163378.2312015526,1790240.3366632597,10
-1162914.9184850252,1790240.3366632597,10
-1162451.6057684976,1790240.3366632597,10
-1161988.2930519702,1790240.3366632597,10
-1161524.9803354426,1790240.3366632597,10
-1161061.6676189152,1790240.3366632597,10
-1160598.3549023876,1790240.3366632597,10
-1160135.0421858602,1790240.3366632597,10
-1159671.7294693326,1790240.3366632597,10
-1159208.416752805,1790240.3366632597,10
-1158745.1040362776,1790240.3366632597,10
-1158281.79131975,1790240.3366632597,10
-1157818.4786032226,1790240.3366632597,10
-1157355.165886695,1790240.3366632597,10
-1156891.8531701677,1790240.3366632597,10
-1156428.54045364,1790240.3366632597,10
-1155965.2277371127,1790240.3366632597,10
-1155501.915020585,1790240.3366632597,10
-1155038.6023040577,1790240.3366632597,10
-1154575.28958753,1790240.3366632597,10
-1154111.9768710027,1790240.3366632597,10
-1153648.664154475,1790240.3366632597,10
-1153185.3514379477,1790240.3366632597,10
-1152722.03872142,1790240.3366632597,10
-1152258.7260048925,1790240.3366632597,10
-1151795.4132883651,1790240.3366632597,10
-1151332.1005718375,1790240.3366632597,10
-1150868.7878553101,1790240.3366632597,10
-1150405.4751387825,1790240.3366632597,10
-1149942.1624222551,1790240.3366632597,10
-1149478.8497057275,1790240.3366632597,10
-1149015.5369892002,1790240.3366632597,10
-1148552.2242726726,1790240.3366632597,10
-1290325.9155300877,1789777.0239467323,10
-1289862.60281356,1789777.0239467323,10
-1289399.2900970327,1789777.0239467323,10
-1288935.977380505,1789777.0239467323,10
-1288472.6646639777,1789777.0239467323,10
-1288009.35194745,1789777.0239467323,10
-1287546.0392309227,1789777.0239467323,10
-1287082.726514395,1789777.0239467323,10
-1286619.4137978677,1789777.0239467323,10
-1286156.10108134,1789777.0239467323,10
-1285692.7883648127,1789777.0239467323,10
-1285229.4756482851,1789777.0239467323,10
-1284766.1629317575,1789777.0239467323,10
-1284302.8502152301,1789777.0239467323,10
-1283839.5374987025,1789777.0239467323,10
-1283376.2247821752,1789777.0239467323,10
-1282912.9120656475,1789777.0239467323,10
-1282449.5993491202,1789777.0239467323,10
-1281986.2866325926,1789777.0239467323,10
-1281522.9739160652,1789777.0239467323,10
-1281059.6611995376,1789777.0239467323,10
-1280596.3484830102,1789777.0239467323,10
-1280133.0357664826,1789777.0239467323,10
-1279669.7230499552,1789777.0239467323,10
-1279206.4103334276,1789777.0239467323,10
-1278743.0976169002,1789777.0239467323,10
-1278279.7849003726,1789777.0239467323,10
-1277816.472183845,1789777.0239467323,10
-1277353.1594673176,1789777.0239467323,10
-1276889.84675079,1789777.0239467323,10
-1276426.5340342626,1789777.0239467323,10
-1275963.221317735,1789777.0239467323,10
-1275499.9086012077,1789777.0239467323,10
-1275036.59588468,1789777.0239467323,10
-1274573.2831681527,1789777.0239467323,10
-1274109.970451625,1789777.0239467323,10
-1273646.6577350977,1789777.0239467323,10
-1273183.34501857,1789777.0239467323,10
-1272720.0323020427,1789777.0239467323,10
-1272256.719585515,1789777.0239467323,10
-1271793.4068689877,1789777.0239467323,10
-1271330.09415246,1789777.0239467323,10
-1270866.7814359325,1789777.0239467323,10
-1270403.4687194051,1789777.0239467323,10
-1269940.1560028775,1789777.0239467323,10
-1269476.8432863501,1789777.0239467323,10
-1269013.5305698225,1789777.0239467323,10
-1268550.2178532952,1789777.0239467323,10
-1268086.9051367675,1789777.0239467323,10
-1267623.5924202402,1789777.0239467323,10
-1267160.2797037126,1789777.0239467323,10
-1266696.9669871852,1789777.0239467323,10
-1266233.6542706576,1789777.0239467323,10
-1265770.3415541302,1789777.0239467323,10
-1265307.0288376026,1789777.0239467323,10
-1264843.7161210752,1789777.0239467323,10
-1264380.4034045476,1789777.0239467323,10
-1263917.09068802,1789777.0239467323,10
-1263453.7779714926,1789777.0239467323,10
-1262990.465254965,1789777.0239467323,10
-1262527.1525384376,1789777.0239467323,10
-1262063.83982191,1789777.0239467323,10
-1261600.5271053826,1789777.0239467323,10
-1261137.214388855,1789777.0239467323,10
-1260673.9016723277,1789777.0239467323,10
-1260210.5889558,1789777.0239467323,10
-1259747.2762392727,1789777.0239467323,10
-1259283.963522745,1789777.0239467323,10
-1258820.6508062177,1789777.0239467323,10
-1258357.33808969,1789777.0239467323,10
-1257894.0253731627,1789777.0239467323,10
-1257430.712656635,1789777.0239467323,10
-1256967.3999401077,1789777.0239467323,10
-1256504.08722358,1789777.0239467323,10
-1256040.7745070527,1789777.0239467323,10
-1255577.4617905251,1789777.0239467323,10
-1255114.1490739975,1789777.0239467323,10
-1254650.8363574701,1789777.0239467323,10
-1254187.5236409425,1789777.0239467323,10
-1253724.2109244152,1789777.0239467323,10
-1253260.8982078875,1789777.0239467323,10
-1252797.5854913602,1789777.0239467323,10
-1252334.2727748326,1789777.0239467323,10
-1251870.9600583052,1789777.0239467323,10
-1251407.6473417776,1789777.0239467323,10
-1250944.3346252502,1789777.0239467323,10
-1250481.0219087226,1789777.0239467323,10
-1250017.7091921952,1789777.0239467323,10
-1249554.3964756676,1789777.0239467323,10
-1249091.0837591402,1789777.0239467323,10
-1248627.7710426126,1789777.0239467323,10
-1248164.458326085,1789777.0239467323,10
-1247701.1456095576,1789777.0239467323,10
-1247237.83289303,1789777.0239467323,10
-1246774.5201765026,1789777.0239467323,10
-1246311.207459975,1789777.0239467323,10
-1245847.8947434477,1789777.0239467323,10
-1245384.58202692,1789777.0239467323,10
-1244921.2693103927,1789777.0239467323,10
-1244457.956593865,1789777.0239467323,10
-1243994.6438773377,1789777.0239467323,10
-1243531.33116081,1789777.0239467323,10
-1243068.0184442827,1789777.0239467323,10
-1242604.705727755,1789777.0239467323,10
-1242141.3930112277,1789777.0239467323,10
-1241678.0802947,1789777.0239467323,10
-1241214.7675781725,1789777.0239467323,10
-1240751.4548616451,1789777.0239467323,10
-1240288.1421451175,1789777.0239467323,10
-1239824.8294285901,1789777.0239467323,10
-1239361.5167120625,1789777.0239467323,10
-1238898.2039955352,1789777.0239467323,10
-1238434.8912790075,1789777.0239467323,10
-1237971.5785624802,1789777.0239467323,10
-1237508.2658459526,1789777.0239467323,10
-1237044.9531294252,1789777.0239467323,10
-1236581.6404128976,1789777.0239467323,10
-1236118.3276963702,1789777.0239467323,10
-1235655.0149798426,1789777.0239467323,10
-1235191.7022633152,1789777.0239467323,10
-1234728.3895467876,1789777.0239467323,10
-1234265.07683026,1789777.0239467323,10
-1233801.7641137326,1789777.0239467323,10
-1233338.4513972052,1789777.0239467323,10
-1232875.1386806776,1789777.0239467323,10
-1232411.82596415,1789777.0239467323,10
-1231948.5132476226,1789777.0239467323,10
-1231485.200531095,1789777.0239467323,10
-1231021.8878145677,1789777.0239467323,10
-1230558.57509804,1789777.0239467323,10
-1230095.2623815127,1789777.0239467323,10
-1229631.949664985,1789777.0239467323,10
-1229168.6369484577,1789777.0239467323,10
-1228705.32423193,1789777.0239467323,10
-1228242.0115154027,1789777.0239467323,10
-1227778.698798875,1789777.0239467323,10
-1227315.3860823475,1789777.0239467323,10
-1226852.07336582,1789777.0239467323,10
-1226388.7606492927,1789777.0239467323,10
-1225925.4479327651,1789777.0239467323,10
-1225462.1352162375,1789777.0239467323,10
-1224998.8224997101,1789777.0239467323,10
-1224535.5097831825,1789777.0239467323,10
-1224072.1970666551,1789777.0239467323,10
-1223608.8843501275,1789777.0239467323,10
-1223145.5716336002,1789777.0239467323,10
-1222682.2589170726,1789777.0239467323,10
-1222218.9462005452,1789777.0239467323,10
-1221755.6334840176,1789777.0239467323,10
-1221292.3207674902,1789777.0239467323,10
-1220829.0080509626,1789777.0239467323,10
-1220365.6953344352,1789777.0239467323,10
-1219902.3826179076,1789777.0239467323,10
-1219439.0699013802,1789777.0239467323,10
-1218975.7571848526,1789777.0239467323,10
-1218512.444468325,1789777.0239467323,10
-1218049.1317517976,1789777.0239467323,10
-1217585.81903527,1789777.0239467323,10
-1217122.5063187426,1789777.0239467323,10
-1216659.193602215,1789777.0239467323,10
-1216195.8808856877,1789777.0239467323,10
-1215732.56816916,1789777.0239467323,10
-1215269.2554526327,1789777.0239467323,10
-1214805.942736105,1789777.0239467323,10
-1214342.6300195777,1789777.0239467323,10
-1213879.31730305,1789777.0239467323,10
-1213416.0045865227,1789777.0239467323,10
-1212952.691869995,1789777.0239467323,10
-1212489.3791534677,1789777.0239467323,10
-1212026.06643694,1789777.0239467323,10
-1211562.7537204125,1789777.0239467323,10
-1211099.4410038851,1789777.0239467323,10
-1210636.1282873575,1789777.0239467323,10
-1210172.8155708301,1789777.0239467323,10
-1209709.5028543025,1789777.0239467323,10
-1209246.1901377751,1789777.0239467323,10
-1208782.8774212475,1789777.0239467323,10
-1208319.5647047202,1789777.0239467323,10
-1207856.2519881926,1789777.0239467323,10
-1207392.9392716652,1789777.0239467323,10
-1206929.6265551376,1789777.0239467323,10
-1206466.3138386102,1789777.0239467323,10
-1206003.0011220826,1789777.0239467323,10
-1205539.6884055552,1789777.0239467323,10
-1205076.3756890276,1789777.0239467323,10
-1204613.0629725,1789777.0239467323,10
-1204149.7502559726,1789777.0239467323,10
-1203686.4375394452,1789777.0239467323,10
-1203223.1248229176,1789777.0239467323,10
-1202759.81210639,1789777.0239467323,10
-1202296.4993898626,1789777.0239467323,10
-1201833.186673335,1789777.0239467323,10
-1201369.8739568077,1789777.0239467323,10
-1200906.56124028,1789777.0239467323,10
-1200443.2485237527,1789777.0239467323,10
-1199979.935807225,1789777.0239467323,10
-1199516.6230906977,1789777.0239467323,10
-1199053.31037417,1789777.0239467323,10
-1198589.9976576427,1789777.0239467323,10
-1198126.684941115,1789777.0239467323,10
-1197663.3722245875,1789777.0239467323,10
-1197200.05950806,1789777.0239467323,10
-1196736.7467915327,1789777.0239467323,10
-1196273.4340750051,1789777.0239467323,10
-1195810.1213584775,1789777.0239467323,10
-1195346.8086419501,1789777.0239467323,10
-1194883.4959254225,1789777.0239467323,10
-1194420.1832088951,1789777.0239467323,10
-1193956.8704923675,1789777.0239467323,10
-1193493.5577758402,1789777.0239467323,10
-1193030.2450593126,1789777.0239467323,10
-1192566.9323427852,1789777.0239467323,10
-1192103.6196262576,1789777.0239467323,10
-1191640.3069097302,1789777.0239467323,10
-1191176.9941932026,1789777.0239467323,10
-1190713.6814766752,1789777.0239467323,10
-1190250.3687601476,1789777.0239467323,10
-1189787.0560436202,1789777.0239467323,10
-1189323.7433270926,1789777.0239467323,10
-1188860.430610565,1789777.0239467323,10
-1188397.1178940376,1789777.0239467323,10
-1187933.80517751,1789777.0239467323,10
-1187470.4924609826,1789777.0239467323,10
-1187007.179744455,1789777.0239467323,10
-1186543.8670279277,1789777.0239467323,10
-1186080.5543114,1789777.0239467323,10
-1185617.2415948727,1789777.0239467323,10
-1185153.928878345,1789777.0239467323,10
-1184690.6161618177,1789777.0239467323,10
-1184227.30344529,1789777.0239467323,10
-1183763.9907287627,1789777.0239467323,10
-1183300.678012235,1789777.0239467323,10
-1182837.3652957077,1789777.0239467323,10
-1182374.05257918,1789777.0239467323,10
-1181910.7398626525,1789777.0239467323,10
-1181447.4271461251,1789777.0239467323,10
-1180984.1144295975,1789777.0239467323,10
-1180520.8017130701,1789777.0239467323,10
-1180057.4889965425,1789777.0239467323,10
-1179594.1762800151,1789777.0239467323,10
-1179130.8635634875,1789777.0239467323,10
-1178667.5508469602,1789777.0239467323,10
-1178204.2381304326,1789777.0239467323,10
-1177740.9254139052,1789777.0239467323,10
-1177277.6126973776,1789777.0239467323,10
-1176814.2999808502,1789777.0239467323,10
-1176350.9872643226,1789777.0239467323,10
-1175887.6745477952,1789777.0239467323,10
-1175424.3618312676,1789777.0239467323,10
-1174961.04911474,1789777.0239467323,10
-1174497.7363982126,1789777.0239467323,10
-1174034.4236816852,1789777.0239467323,10
-1173571.1109651576,1789777.0239467323,10
-1173107.79824863,1789777.0239467323,10
-1172644.4855321026,1789777.0239467323,10
-1172181.172815575,1789777.0239467323,10
-1171717.8600990477,1789777.0239467323,10
-1171254.54738252,1789777.0239467323,10
-1170791.2346659927,1789777.0239467323,10
-1170327.921949465,1789777.0239467323,10
-1169864.6092329377,1789777.0239467323,10
-1169401.29651641,1789777.0239467323,10
-1168937.9837998827,1789777.0239467323,10
-1168474.671083355,1789777.0239467323,10
-1168011.3583668275,1789777.0239467323,10
-1167548.0456503,1789777.0239467323,10
-1167084.7329337727,1789777.0239467323,10
-1166621.4202172451,1789777.0239467323,10
-1166158.1075007175,1789777.0239467323,10
-1165694.7947841901,1789777.0239467323,10
-1165231.4820676625,1789777.0239467323,10
-1164768.1693511351,1789777.0239467323,10
-1164304.8566346075,1789777.0239467323,10
-1163841.5439180802,1789777.0239467323,10
-1163378.2312015526,1789777.0239467323,10
-1162914.9184850252,1789777.0239467323,10
-1162451.6057684976,1789777.0239467323,10
-1161988.2930519702,1789777.0239467323,10
-1161524.9803354426,1789777.0239467323,10
-1161061.6676189152,1789777.0239467323,10
-1160598.3549023876,1789777.0239467323,10
-1160135.0421858602,1789777.0239467323,10
-1159671.7294693326,1789777.0239467323,10
-1159208.416752805,1789777.0239467323,10
-1158745.1040362776,1789777.0239467323,10
-1158281.79131975,1789777.0239467323,10
-1157818.4786032226,1789777.0239467323,10
-1157355.165886695,1789777.0239467323,10
-1156891.8531701677,1789777.0239467323,10
-1156428.54045364,1789777.0239467323,10
-1155965.2277371127,1789777.0239467323,10
-1155501.915020585,1789777.0239467323,10
-1155038.6023040577,1789777.0239467323,10
-1154575.28958753,1789777.0239467323,10
-1154111.9768710027,1789777.0239467323,10
-1153648.664154475,1789777.0239467323,10
-1153185.3514379477,1789777.0239467323,10
-1152722.03872142,1789777.0239467323,10
-1152258.7260048925,1789777.0239467323,10
-1151795.4132883651,1789777.0239467323,10
-1151332.1005718375,1789777.0239467323,10
-1150868.7878553101,1789777.0239467323,10
-1150405.4751387825,1789777.0239467323,10
-1149942.1624222551,1789777.0239467323,10
-1149478.8497057275,1789777.0239467323,10
-1149015.5369892002,1789777.0239467323,10
-1289862.60281356,1789313.7112302047,10
-1289399.2900970327,1789313.7112302047,10
-1288935.977380505,1789313.7112302047,10
-1288472.6646639777,1789313.7112302047,10
-1288009.35194745,1789313.7112302047,10
-1287546.0392309227,1789313.7112302047,10
-1287082.726514395,1789313.7112302047,10
-1286619.4137978677,1789313.7112302047,10
-1286156.10108134,1789313.7112302047,10
-1285692.7883648127,1789313.7112302047,10
-1285229.4756482851,1789313.7112302047,10
-1284766.1629317575,1789313.7112302047,10
-1284302.8502152301,1789313.7112302047,10
-1283839.5374987025,1789313.7112302047,10
-1283376.2247821752,1789313.7112302047,10
-1282912.9120656475,1789313.7112302047,10
-1282449.5993491202,1789313.7112302047,10
-1281986.2866325926,1789313.7112302047,10
-1281522.9739160652,1789313.7112302047,10
-1281059.6611995376,1789313.7112302047,10
-1280596.3484830102,1789313.7112302047,10
-1280133.0357664826,1789313.7112302047,10
-1279669.7230499552,1789313.7112302047,10
-1279206.4103334276,1789313.7112302047,10
-1278743.0976169002,1789313.7112302047,10
-1278279.7849003726,1789313.7112302047,10
-1277816.472183845,1789313.7112302047,10
-1277353.1594673176,1789313.7112302047,10
-1276889.84675079,1789313.7112302047,10
-1276426.5340342626,1789313.7112302047,10
-1275963.221317735,1789313.7112302047,10
-1275499.9086012077,1789313.7112302047,10
-1275036.59588468,1789313.7112302047,10
-1274573.2831681527,1789313.7112302047,10
-1274109.970451625,1789313.7112302047,10
-1273646.6577350977,1789313.7112302047,10
-1273183.34501857,1789313.7112302047,10
-1272720.0323020427,1789313.7112302047,10
-1272256.719585515,1789313.7112302047,10
-1271793.4068689877,1789313.7112302047,10
-1271330.09415246,1789313.7112302047,10
-1270866.7814359325,1789313.7112302047,10
-1270403.4687194051,1789313.7112302047,10
-1269940.1560028775,1789313.7112302047,10
-1269476.8432863501,1789313.7112302047,10
-1269013.5305698225,1789313.7112302047,10
-1268550.2178532952,1789313.7112302047,10
-1268086.9051367675,1789313.7112302047,10
-1267623.5924202402,1789313.7112302047,10
-1267160.2797037126,1789313.7112302047,10
-1266696.9669871852,1789313.7112302047,10
-1266233.6542706576,1789313.7112302047,10
-1265770.3415541302,1789313.7112302047,10
-1265307.0288376026,1789313.7112302047,10
-1264843.7161210752,1789313.7112302047,10
-1264380.4034045476,1789313.7112302047,10
-1263917.09068802,1789313.7112302047,10
-1263453.7779714926,1789313.7112302047,10
-1262990.465254965,1789313.7112302047,10
-1262527.1525384376,1789313.7112302047,10
-1262063.83982191,1789313.7112302047,10
-1261600.5271053826,1789313.7112302047,10
-1261137.214388855,1789313.7112302047,10
-1260673.9016723277,1789313.7112302047,10
-1260210.5889558,1789313.7112302047,10
-1259747.2762392727,1789313.7112302047,10
-1259283.963522745,1789313.7112302047,10
-1258820.6508062177,1789313.7112302047,10
-1258357.33808969,1789313.7112302047,10
-1257894.0253731627,1789313.7112302047,10
-1257430.712656635,1789313.7112302047,10
-1256967.3999401077,1789313.7112302047,10
-1256504.08722358,1789313.7112302047,10
-1256040.7745070527,1789313.7112302047,10
-1255577.4617905251,1789313.7112302047,10
-1255114.1490739975,1789313.7112302047,10
-1254650.8363574701,1789313.7112302047,10
-1254187.5236409425,1789313.7112302047,10
-1253724.2109244152,1789313.7112302047,10
-1253260.8982078875,1789313.7112302047,10
-1252797.5854913602,1789313.7112302047,10
-1252334.2727748326,1789313.7112302047,10
-1251870.9600583052,1789313.7112302047,10
-1251407.6473417776,1789313.7112302047,10
-1250944.3346252502,1789313.7112302047,10
-1250481.0219087226,1789313.7112302047,10
-1250017.7091921952,1789313.7112302047,10
-1249554.3964756676,1789313.7112302047,10
-1249091.0837591402,1789313.7112302047,10
-1248627.7710426126,1789313.7112302047,10
-1248164.458326085,1789313.7112302047,10
-1247701.1456095576,1789313.7112302047,10
-1247237.83289303,1789313.7112302047,10
-1246774.5201765026,1789313.7112302047,10
-1246311.207459975,1789313.7112302047,10
-1245847.8947434477,1789313.7112302047,10
-1245384.58202692,1789313.7112302047,10
-1244921.2693103927,1789313.7112302047,10
-1244457.956593865,1789313.7112302047,10
-1243994.6438773377,1789313.7112302047,10
-1243531.33116081,1789313.7112302047,10
-1243068.0184442827,1789313.7112302047,10
-1242604.705727755,1789313.7112302047,10
-1242141.3930112277,1789313.7112302047,10
-1241678.0802947,1789313.7112302047,10
-1241214.7675781725,1789313.7112302047,10
-1240751.4548616451,1789313.7112302047,10
-1240288.1421451175,1789313.7112302047,10
-1239824.8294285901,1789313.7112302047,10
-1239361.5167120625,1789313.7112302047,10
-1238898.2039955352,1789313.7112302047,10
-1238434.8912790075,1789313.7112302047,10
-1237971.5785624802,1789313.7112302047,10
-1237508.2658459526,1789313.7112302047,10
-1237044.9531294252,1789313.7112302047,10
-1236581.6404128976,1789313.7112302047,10
-1236118.3276963702,1789313.7112302047,10
-1235655.0149798426,1789313.7112302047,10
-1235191.7022633152,1789313.7112302047,10
-1234728.3895467876,1789313.7112302047,10
-1234265.07683026,1789313.7112302047,10
-1233801.7641137326,1789313.7112302047,10
-1233338.4513972052,1789313.7112302047,10
-1232875.1386806776,1789313.7112302047,10
-1232411.82596415,1789313.7112302047,10
-1231948.5132476226,1789313.7112302047,10
-1231485.200531095,1789313.7112302047,10
-1231021.8878145677,1789313.7112302047,10
-1230558.57509804,1789313.7112302047,10
-1230095.2623815127,1789313.7112302047,10
-1229631.949664985,1789313.7112302047,10
-1229168.6369484577,1789313.7112302047,10
-1228705.32423193,1789313.7112302047,10
-1228242.0115154027,1789313.7112302047,10
-1227778.698798875,1789313.7112302047,10
-1227315.3860823475,1789313.7112302047,10
-1226852.07336582,1789313.7112302047,10
-1226388.7606492927,1789313.7112302047,10
-1225925.4479327651,1789313.7112302047,10
-1225462.1352162375,1789313.7112302047,10
-1224998.8224997101,1789313.7112302047,10
-1224535.5097831825,1789313.7112302047,10
-1224072.1970666551,1789313.7112302047,10
-1223608.8843501275,1789313.7112302047,10
-1223145.5716336002,1789313.7112302047,10
-1222682.2589170726,1789313.7112302047,10
-1222218.9462005452,1789313.7112302047,10
-1221755.6334840176,1789313.7112302047,10
-1221292.3207674902,1789313.7112302047,10
-1220829.0080509626,1789313.7112302047,10
-1220365.6953344352,1789313.7112302047,10
-1219902.3826179076,1789313.7112302047,10
-1219439.0699013802,1789313.7112302047,10
-1218975.7571848526,1789313.7112302047,10
-1218512.444468325,1789313.7112302047,10
-1218049.1317517976,1789313.7112302047,10
-1217585.81903527,1789313.7112302047,10
-1217122.5063187426,1789313.7112302047,10
-1216659.193602215,1789313.7112302047,10
-1216195.8808856877,1789313.7112302047,10
-1215732.56816916,1789313.7112302047,10
-1215269.2554526327,1789313.7112302047,10
-1214805.942736105,1789313.7112302047,10
-1214342.6300195777,1789313.7112302047,10
-1213879.31730305,1789313.7112302047,10
-1213416.0045865227,1789313.7112302047,10
-1212952.691869995,1789313.7112302047,10
-1212489.3791534677,1789313.7112302047,10
-1212026.06643694,1789313.7112302047,10
-1211562.7537204125,1789313.7112302047,10
-1211099.4410038851,1789313.7112302047,10
-1210636.1282873575,1789313.7112302047,10
-1210172.8155708301,1789313.7112302047,10
-1209709.5028543025,1789313.7112302047,10
-1209246.1901377751,1789313.7112302047,10
-1208782.8774212475,1789313.7112302047,10
-1208319.5647047202,1789313.7112302047,10
-1207856.2519881926,1789313.7112302047,10
-1207392.9392716652,1789313.7112302047,10
-1206929.6265551376,1789313.7112302047,10
-1206466.3138386102,1789313.7112302047,10
-1206003.0011220826,1789313.7112302047,10
-1205539.6884055552,1789313.7112302047,10
-1205076.3756890276,1789313.7112302047,10
-1204613.0629725,1789313.7112302047,10
-1204149.7502559726,1789313.7112302047,10
-1203686.4375394452,1789313.7112302047,10
-1203223.1248229176,1789313.7112302047,10
-1202759.81210639,1789313.7112302047,10
-1202296.4993898626,1789313.7112302047,10
-1201833.186673335,1789313.7112302047,10
-1201369.8739568077,1789313.7112302047,10
-1200906.56124028,1789313.7112302047,10
-1200443.2485237527,1789313.7112302047,10
-1199979.935807225,1789313.7112302047,10
-1199516.6230906977,1789313.7112302047,10
-1199053.31037417,1789313.7112302047,10
-1198589.9976576427,1789313.7112302047,10
-1198126.684941115,1789313.7112302047,10
-1197663.3722245875,1789313.7112302047,10
-1197200.05950806,1789313.7112302047,10
-1196736.7467915327,1789313.7112302047,10
-1196273.4340750051,1789313.7112302047,10
-1195810.1213584775,1789313.7112302047,10
-1195346.8086419501,1789313.7112302047,10
-1194883.4959254225,1789313.7112302047,10
-1194420.1832088951,1789313.7112302047,10
-1193956.8704923675,1789313.7112302047,10
-1193493.5577758402,1789313.7112302047,10
-1193030.2450593126,1789313.7112302047,10
-1192566.9323427852,1789313.7112302047,10
-1192103.6196262576,1789313.7112302047,10
-1191640.3069097302,1789313.7112302047,10
-1191176.9941932026,1789313.7112302047,10
-1190713.6814766752,1789313.7112302047,10
-1190250.3687601476,1789313.7112302047,10
-1189787.0560436202,1789313.7112302047,10
-1189323.7433270926,1789313.7112302047,10
-1188860.430610565,1789313.7112302047,10
-1188397.1178940376,1789313.7112302047,10
-1187933.80517751,1789313.7112302047,10
-1187470.4924609826,1789313.7112302047,10
-1187007.179744455,1789313.7112302047,10
-1186543.8670279277,1789313.7112302047,10
-1186080.5543114,1789313.7112302047,10
-1185617.2415948727,1789313.7112302047,10
-1185153.928878345,1789313.7112302047,10
-1184690.6161618177,1789313.7112302047,10
-1184227.30344529,1789313.7112302047,10
-1183763.9907287627,1789313.7112302047,10
-1183300.678012235,1789313.7112302047,10
-1182837.3652957077,1789313.7112302047,10
-1182374.05257918,1789313.7112302047,10
-1181910.7398626525,1789313.7112302047,10
-1181447.4271461251,1789313.7112302047,10
-1180984.1144295975,1789313.7112302047,10
-1180520.8017130701,1789313.7112302047,10
-1180057.4889965425,1789313.7112302047,10
-1179594.1762800151,1789313.7112302047,10
-1179130.8635634875,1789313.7112302047,10
-1178667.5508469602,1789313.7112302047,10
-1178204.2381304326,1789313.7112302047,10
-1177740.9254139052,1789313.7112302047,10
-1177277.6126973776,1789313.7112302047,10
-1176814.2999808502,1789313.7112302047,10
-1176350.9872643226,1789313.7112302047,10
-1175887.6745477952,1789313.7112302047,10
-1175424.3618312676,1789313.7112302047,10
-1174961.04911474,1789313.7112302047,10
-1174497.7363982126,1789313.7112302047,10
-1174034.4236816852,1789313.7112302047,10
-1173571.1109651576,1789313.7112302047,10
-1173107.79824863,1789313.7112302047,10
-1172644.4855321026,1789313.7112302047,10
-1172181.172815575,1789313.7112302047,10
-1171717.8600990477,1789313.7112302047,10
-1171254.54738252,1789313.7112302047,10
-1170791.2346659927,1789313.7112302047,10
-1170327.921949465,1789313.7112302047,10
-1169864.6092329377,1789313.7112302047,10
-1169401.29651641,1789313.7112302047,10
-1168937.9837998827,1789313.7112302047,10
-1168474.671083355,1789313.7112302047,10
-1168011.3583668275,1789313.7112302047,10
-1167548.0456503,1789313.7112302047,10
-1167084.7329337727,1789313.7112302047,10
-1166621.4202172451,1789313.7112302047,10
-1166158.1075007175,1789313.7112302047,10
-1165694.7947841901,1789313.7112302047,10
-1165231.4820676625,1789313.7112302047,10
-1164768.1693511351,1789313.7112302047,10
-1164304.8566346075,1789313.7112302047,10
-1163841.5439180802,1789313.7112302047,10
-1163378.2312015526,1789313.7112302047,10
-1162914.9184850252,1789313.7112302047,10
-1162451.6057684976,1789313.7112302047,10
-1161988.2930519702,1789313.7112302047,10
-1161524.9803354426,1789313.7112302047,10
-1161061.6676189152,1789313.7112302047,10
-1160598.3549023876,1789313.7112302047,10
-1160135.0421858602,1789313.7112302047,10
-1159671.7294693326,1789313.7112302047,10
-1159208.416752805,1789313.7112302047,10
-1158745.1040362776,1789313.7112302047,10
-1158281.79131975,1789313.7112302047,10
-1157818.4786032226,1789313.7112302047,10
-1157355.165886695,1789313.7112302047,10
-1156891.8531701677,1789313.7112302047,10
-1156428.54045364,1789313.7112302047,10
-1155965.2277371127,1789313.7112302047,10
-1155501.915020585,1789313.7112302047,10
-1155038.6023040577,1789313.7112302047,10
-1154575.28958753,1789313.7112302047,10
-1154111.9768710027,1789313.7112302047,10
-1153648.664154475,1789313.7112302047,10
-1153185.3514379477,1789313.7112302047,10
-1152722.03872142,1789313.7112302047,10
-1152258.7260048925,1789313.7112302047,10
-1151795.4132883651,1789313.7112302047,10
-1151332.1005718375,1789313.7112302047,10
-1150868.7878553101,1789313.7112302047,10
-1150405.4751387825,1789313.7112302047,10
-1149942.1624222551,1789313.7112302047,10
-1149478.8497057275,1789313.7112302047,10
-1289399.2900970327,1788850.3985136773,10
-1288935.977380505,1788850.3985136773,10
-1288472.6646639777,1788850.3985136773,10
-1288009.35194745,1788850.3985136773,10
-1287546.0392309227,1788850.3985136773,10
-1287082.726514395,1788850.3985136773,10
-1286619.4137978677,1788850.3985136773,10
-1286156.10108134,1788850.3985136773,10
-1285692.7883648127,1788850.3985136773,16
-1285229.4756482851,1788850.3985136773,10
-1284766.1629317575,1788850.3985136773,10
-1284302.8502152301,1788850.3985136773,10
-1283839.5374987025,1788850.3985136773,10
-1283376.2247821752,1788850.3985136773,10
-1282912.9120656475,1788850.3985136773,10
-1282449.5993491202,1788850.3985136773,10
-1281986.2866325926,1788850.3985136773,10
-1281522.9739160652,1788850.3985136773,10
-1281059.6611995376,1788850.3985136773,10
-1280596.3484830102,1788850.3985136773,10
-1280133.0357664826,1788850.3985136773,10
-1279669.7230499552,1788850.3985136773,10
-1279206.4103334276,1788850.3985136773,10
-1278743.0976169002,1788850.3985136773,10
-1278279.7849003726,1788850.3985136773,10
-1277816.472183845,1788850.3985136773,10
-1277353.1594673176,1788850.3985136773,10
-1276889.84675079,1788850.3985136773,10
-1276426.5340342626,1788850.3985136773,10
-1275963.221317735,1788850.3985136773,10
-1275499.9086012077,1788850.3985136773,10
-1275036.59588468,1788850.3985136773,10
-1274573.2831681527,1788850.3985136773,10
-1274109.970451625,1788850.3985136773,10
-1273646.6577350977,1788850.3985136773,10
-1273183.34501857,1788850.3985136773,10
-1272720.0323020427,1788850.3985136773,10
-1272256.719585515,1788850.3985136773,10
-1271793.4068689877,1788850.3985136773,10
-1271330.09415246,1788850.3985136773,10
-1270866.7814359325,1788850.3985136773,10
-1270403.4687194051,1788850.3985136773,10
-1269940.1560028775,1788850.3985136773,10
-1269476.8432863501,1788850.3985136773,10
-1269013.5305698225,1788850.3985136773,10
-1268550.2178532952,1788850.3985136773,10
-1268086.9051367675,1788850.3985136773,10
-1267623.5924202402,1788850.3985136773,10
-1267160.2797037126,1788850.3985136773,10
-1266696.9669871852,1788850.3985136773,10
-1266233.6542706576,1788850.3985136773,10
-1265770.3415541302,1788850.3985136773,10
-1265307.0288376026,1788850.3985136773,10
-1264843.7161210752,1788850.3985136773,10
-1264380.4034045476,1788850.3985136773,10
-1263917.09068802,1788850.3985136773,10
-1263453.7779714926,1788850.3985136773,10
-1262990.465254965,1788850.3985136773,10
-1262527.1525384376,1788850.3985136773,10
-1262063.83982191,1788850.3985136773,10
-1261600.5271053826,1788850.3985136773,10
-1261137.214388855,1788850.3985136773,10
-1260673.9016723277,1788850.3985136773,10
-1260210.5889558,1788850.3985136773,10
-1259747.2762392727,1788850.3985136773,10
-1259283.963522745,1788850.3985136773,10
-1258820.6508062177,1788850.3985136773,10
-1258357.33808969,1788850.3985136773,10
-1257894.0253731627,1788850.3985136773,10
-1257430.712656635,1788850.3985136773,10
-1256967.3999401077,1788850.3985136773,10
-1256504.08722358,1788850.3985136773,10
-1256040.7745070527,1788850.3985136773,10
-1255577.4617905251,1788850.3985136773,10
-1255114.1490739975,1788850.3985136773,10
-1254650.8363574701,1788850.3985136773,10
-1254187.5236409425,1788850.3985136773,10
-1253724.2109244152,1788850.3985136773,10
-1253260.8982078875,1788850.3985136773,10
-1252797.5854913602,1788850.3985136773,10
-1252334.2727748326,1788850.3985136773,10
-1251870.9600583052,1788850.3985136773,10
-1251407.6473417776,1788850.3985136773,10
-1250944.3346252502,1788850.3985136773,10
-1250481.0219087226,1788850.3985136773,10
-1250017.7091921952,1788850.3985136773,10
-1249554.3964756676,1788850.3985136773,10
-1249091.0837591402,1788850.3985136773,10
-1248627.7710426126,1788850.3985136773,10
-1248164.458326085,1788850.3985136773,10
-1247701.1456095576,1788850.3985136773,10
-1247237.83289303,1788850.3985136773,10
-1246774.5201765026,1788850.3985136773,10
-1246311.207459975,1788850.3985136773,10
-1245847.8947434477,1788850.3985136773,10
-1245384.58202692,1788850.3985136773,10
-1244921.2693103927,1788850.3985136773,10
-1244457.956593865,1788850.3985136773,10
-1243994.6438773377,1788850.3985136773,10
-1243531.33116081,1788850.3985136773,10
-1243068.0184442827,1788850.3985136773,10
-1242604.705727755,1788850.3985136773,10
-1242141.3930112277,1788850.3985136773,10
-1241678.0802947,1788850.3985136773,10
-1241214.7675781725,1788850.3985136773,10
-1240751.4548616451,1788850.3985136773,10
-1240288.1421451175,1788850.3985136773,10
-1239824.8294285901,1788850.3985136773,10
-1239361.5167120625,1788850.3985136773,10
-1238898.2039955352,1788850.3985136773,10
-1238434.8912790075,1788850.3985136773,10
-1237971.5785624802,1788850.3985136773,10
-1237508.2658459526,1788850.3985136773,10
-1237044.9531294252,1788850.3985136773,10
-1236581.6404128976,1788850.3985136773,10
-1236118.3276963702,1788850.3985136773,10
-1235655.0149798426,1788850.3985136773,10
-1235191.7022633152,1788850.3985136773,10
-1234728.3895467876,1788850.3985136773,10
-1234265.07683026,1788850.3985136773,10
-1233801.7641137326,1788850.3985136773,10
-1233338.4513972052,1788850.3985136773,10
-1232875.1386806776,1788850.3985136773,10
-1232411.82596415,1788850.3985136773,10
-1231948.5132476226,1788850.3985136773,10
-1231485.200531095,1788850.3985136773,10
-1231021.8878145677,1788850.3985136773,10
-1230558.57509804,1788850.3985136773,10
-1230095.2623815127,1788850.3985136773,10
-1229631.949664985,1788850.3985136773,10
-1229168.6369484577,1788850.3985136773,10
-1228705.32423193,1788850.3985136773,10
-1228242.0115154027,1788850.3985136773,10
-1227778.698798875,1788850.3985136773,10
-1227315.3860823475,1788850.3985136773,10
-1226852.07336582,1788850.3985136773,10
-1226388.7606492927,1788850.3985136773,10
-1225925.4479327651,1788850.3985136773,10
-1225462.1352162375,1788850.3985136773,10
-1224998.8224997101,1788850.3985136773,10
-1224535.5097831825,1788850.3985136773,10
-1224072.1970666551,1788850.3985136773,10
-1223608.8843501275,1788850.3985136773,10
-1223145.5716336002,1788850.3985136773,10
-1222682.2589170726,1788850.3985136773,10
-1222218.9462005452,1788850.3985136773,10
-1221755.6334840176,1788850.3985136773,10
-1221292.3207674902,1788850.3985136773,10
-1220829.0080509626,1788850.3985136773,10
-1220365.6953344352,1788850.3985136773,10
-1219902.3826179076,1788850.3985136773,10
-1219439.0699013802,1788850.3985136773,10
-1218975.7571848526,1788850.3985136773,10
-1218512.444468325,1788850.3985136773,10
-1218049.1317517976,1788850.3985136773,10
-1217585.81903527,1788850.3985136773,10
-1217122.5063187426,1788850.3985136773,10
-1216659.193602215,1788850.3985136773,10
-1216195.8808856877,1788850.3985136773,10
-1215732.56816916,1788850.3985136773,10
-1215269.2554526327,1788850.3985136773,10
-1214805.942736105,1788850.3985136773,10
-1214342.6300195777,1788850.3985136773,10
-1213879.31730305,1788850.3985136773,10
-1213416.0045865227,1788850.3985136773,10
-1212952.691869995,1788850.3985136773,10
-1212489.3791534677,1788850.3985136773,10
-1212026.06643694,1788850.3985136773,10
-1211562.7537204125,1788850.3985136773,10
-1211099.4410038851,1788850.3985136773,10
-1210636.1282873575,1788850.3985136773,10
-1210172.8155708301,1788850.3985136773,10
-1209709.5028543025,1788850.3985136773,10
-1209246.1901377751,1788850.3985136773,10
-1208782.8774212475,1788850.3985136773,10
-1208319.5647047202,1788850.3985136773,10
-1207856.2519881926,1788850.3985136773,10
-1207392.9392716652,1788850.3985136773,10
-1206929.6265551376,1788850.3985136773,10
-1206466.3138386102,1788850.3985136773,10
-1206003.0011220826,1788850.3985136773,10
-1205539.6884055552,1788850.3985136773,10
-1205076.3756890276,1788850.3985136773,10
-1204613.0629725,1788850.3985136773,10
-1204149.7502559726,1788850.3985136773,10
-1203686.4375394452,1788850.3985136773,10
-1203223.1248229176,1788850.3985136773,10
-1202759.81210639,1788850.3985136773,10
-1202296.4993898626,1788850.3985136773,10
-1201833.186673335,1788850.3985136773,10
-1201369.8739568077,1788850.3985136773,10
-1200906.56124028,1788850.3985136773,10
-1200443.2485237527,1788850.3985136773,10
-1199979.935807225,1788850.3985136773,10
-1199516.6230906977,1788850.3985136773,10
-1199053.31037417,1788850.3985136773,10
-1198589.9976576427,1788850.3985136773,10
-1198126.684941115,1788850.3985136773,10
-1197663.3722245875,1788850.3985136773,10
-1197200.05950806,1788850.3985136773,10
-1196736.7467915327,1788850.3985136773,10
-1196273.4340750051,1788850.3985136773,10
-1195810.1213584775,1788850.3985136773,10
-1195346.8086419501,1788850.3985136773,10
-1194883.4959254225,1788850.3985136773,10
-1194420.1832088951,1788850.3985136773,10
-1193956.8704923675,1788850.3985136773,10
-1193493.5577758402,1788850.3985136773,10
-1193030.2450593126,1788850.3985136773,10
-1192566.9323427852,1788850.3985136773,10
-1192103.6196262576,1788850.3985136773,10
-1191640.3069097302,1788850.3985136773,10
-1191176.9941932026,1788850.3985136773,10
-1190713.6814766752,1788850.3985136773,10
-1190250.3687601476,1788850.3985136773,10
-1189787.0560436202,1788850.3985136773,10
-1189323.7433270926,1788850.3985136773,10
-1188860.430610565,1788850.3985136773,10
-1188397.1178940376,1788850.3985136773,10
-1187933.80517751,1788850.3985136773,10
-1187470.4924609826,1788850.3985136773,10
-1187007.179744455,1788850.3985136773,10
-1186543.8670279277,1788850.3985136773,10
-1186080.5543114,1788850.3985136773,10
-1185617.2415948727,1788850.3985136773,10
-1185153.928878345,1788850.3985136773,10
-1184690.6161618177,1788850.3985136773,10
-1184227.30344529,1788850.3985136773,10
-1183763.9907287627,1788850.3985136773,10
-1183300.678012235,1788850.3985136773,10
-1182837.3652957077,1788850.3985136773,10
-1182374.05257918,1788850.3985136773,10
-1181910.7398626525,1788850.3985136773,10
-1181447.4271461251,1788850.3985136773,10
-1180984.1144295975,1788850.3985136773,10
-1180520.8017130701,1788850.3985136773,10
-1180057.4889965425,1788850.3985136773,10
-1179594.1762800151,1788850.3985136773,10
-1179130.8635634875,1788850.3985136773,10
-1178667.5508469602,1788850.3985136773,10
-1178204.2381304326,1788850.3985136773,10
-1177740.9254139052,1788850.3985136773,10
-1177277.6126973776,1788850.3985136773,10
-1176814.2999808502,1788850.3985136773,10
-1176350.9872643226,1788850.3985136773,10
-1175887.6745477952,1788850.3985136773,10
-1175424.3618312676,1788850.3985136773,10
-1174961.04911474,1788850.3985136773,10
-1174497.7363982126,1788850.3985136773,10
-1174034.4236816852,1788850.3985136773,10
-1173571.1109651576,1788850.3985136773,10
-1173107.79824863,1788850.3985136773,10
-1172644.4855321026,1788850.3985136773,10
-1172181.172815575,1788850.3985136773,10
-1171717.8600990477,1788850.3985136773,10
-1171254.54738252,1788850.3985136773,10
-1170791.2346659927,1788850.3985136773,10
-1170327.921949465,1788850.3985136773,10
-1169864.6092329377,1788850.3985136773,10
-1169401.29651641,1788850.3985136773,10
-1168937.9837998827,1788850.3985136773,10
-1168474.671083355,1788850.3985136773,10
-1168011.3583668275,1788850.3985136773,10
-1167548.0456503,1788850.3985136773,10
-1167084.7329337727,1788850.3985136773,10
-1166621.4202172451,1788850.3985136773,10
-1166158.1075007175,1788850.3985136773,10
-1165694.7947841901,1788850.3985136773,10
-1165231.4820676625,1788850.3985136773,10
-1164768.1693511351,1788850.3985136773,10
-1164304.8566346075,1788850.3985136773,10
-1163841.5439180802,1788850.3985136773,10
-1163378.2312015526,1788850.3985136773,10
-1162914.9184850252,1788850.3985136773,10
-1162451.6057684976,1788850.3985136773,10
-1161988.2930519702,1788850.3985136773,10
-1161524.9803354426,1788850.3985136773,10
-1161061.6676189152,1788850.3985136773,10
-1160598.3549023876,1788850.3985136773,10
-1160135.0421858602,1788850.3985136773,10
-1159671.7294693326,1788850.3985136773,10
-1159208.416752805,1788850.3985136773,10
-1158745.1040362776,1788850.3985136773,10
-1158281.79131975,1788850.3985136773,10
-1157818.4786032226,1788850.3985136773,10
-1157355.165886695,1788850.3985136773,10
-1156891.8531701677,1788850.3985136773,10
-1156428.54045364,1788850.3985136773,10
-1155965.2277371127,1788850.3985136773,10
-1155501.915020585,1788850.3985136773,10
-1155038.6023040577,1788850.3985136773,10
-1154575.28958753,1788850.3985136773,10
-1154111.9768710027,1788850.3985136773,10
-1153648.664154475,1788850.3985136773,10
-1153185.3514379477,1788850.3985136773,10
-1152722.03872142,1788850.3985136773,10
-1152258.7260048925,1788850.3985136773,10
-1151795.4132883651,1788850.3985136773,10
-1151332.1005718375,1788850.3985136773,10
-1150868.7878553101,1788850.3985136773,10
-1150405.4751387825,1788850.3985136773,10
-1149942.1624222551,1788850.3985136773,7
-1289399.2900970327,1788387.0857971497,10
-1288935.977380505,1788387.0857971497,10
-1288472.6646639777,1788387.0857971497,10
-1288009.35194745,1788387.0857971497,10
-1287546.0392309227,1788387.0857971497,10
-1287082.726514395,1788387.0857971497,10
-1286619.4137978677,1788387.0857971497,10
-1286156.10108134,1788387.0857971497,10
-1285692.7883648127,1788387.0857971497,10
-1285229.4756482851,1788387.0857971497,10
-1284766.1629317575,1788387.0857971497,10
-1284302.8502152301,1788387.0857971497,10
-1283839.5374987025,1788387.0857971497,10
-1283376.2247821752,1788387.0857971497,10
-1282912.9120656475,1788387.0857971497,10
-1282449.5993491202,1788387.0857971497,10
-1281986.2866325926,1788387.0857971497,10
-1281522.9739160652,1788387.0857971497,10
-1281059.6611995376,1788387.0857971497,10
-1280596.3484830102,1788387.0857971497,10
-1280133.0357664826,1788387.0857971497,10
-1279669.7230499552,1788387.0857971497,10
-1279206.4103334276,1788387.0857971497,10
-1278743.0976169002,1788387.0857971497,10
-1278279.7849003726,1788387.0857971497,10
-1277816.472183845,1788387.0857971497,10
-1277353.1594673176,1788387.0857971497,10
-1276889.84675079,1788387.0857971497,10
-1276426.5340342626,1788387.0857971497,10
-1275963.221317735,1788387.0857971497,10
-1275499.9086012077,1788387.0857971497,10
-1275036.59588468,1788387.0857971497,10
-1274573.2831681527,1788387.0857971497,16
-1274109.970451625,1788387.0857971497,16
-1273646.6577350977,1788387.0857971497,10
-1273183.34501857,1788387.0857971497,10
-1272720.0323020427,1788387.0857971497,10
-1272256.719585515,1788387.0857971497,10
-1271793.4068689877,1788387.0857971497,10
-1271330.09415246,1788387.0857971497,10
-1270866.7814359325,1788387.0857971497,10
-1270403.4687194051,1788387.0857971497,10
-1269940.1560028775,1788387.0857971497,10
-1269476.8432863501,1788387.0857971497,10
-1269013.5305698225,1788387.0857971497,10
-1268550.2178532952,1788387.0857971497,10
-1268086.9051367675,1788387.0857971497,10
-1267623.5924202402,1788387.0857971497,10
-1267160.2797037126,1788387.0857971497,10
-1266696.9669871852,1788387.0857971497,10
-1266233.6542706576,1788387.0857971497,10
-1265770.3415541302,1788387.0857971497,10
-1265307.0288376026,1788387.0857971497,10
-1264843.7161210752,1788387.0857971497,10
-1264380.4034045476,1788387.0857971497,10
-1263917.09068802,1788387.0857971497,10
-1263453.7779714926,1788387.0857971497,10
-1262990.465254965,1788387.0857971497,10
-1262527.1525384376,1788387.0857971497,10
-1262063.83982191,1788387.0857971497,10
-1261600.5271053826,1788387.0857971497,10
-1261137.214388855,1788387.0857971497,10
-1260673.9016723277,1788387.0857971497,10
-1260210.5889558,1788387.0857971497,10
-1259747.2762392727,1788387.0857971497,10
-1259283.963522745,1788387.0857971497,10
-1258820.6508062177,1788387.0857971497,10
-1258357.33808969,1788387.0857971497,10
-1257894.0253731627,1788387.0857971497,10
-1257430.712656635,1788387.0857971497,10
-1256967.3999401077,1788387.0857971497,10
-1256504.08722358,1788387.0857971497,10
-1256040.7745070527,1788387.0857971497,10
-1255577.4617905251,1788387.0857971497,10
-1255114.1490739975,1788387.0857971497,10
-1254650.8363574701,1788387.0857971497,10
-1254187.5236409425,1788387.0857971497,10
-1253724.2109244152,1788387.0857971497,10
-1253260.8982078875,1788387.0857971497,10
-1252797.5854913602,1788387.0857971497,10
-1252334.2727748326,1788387.0857971497,10
-1251870.9600583052,1788387.0857971497,10
-1251407.6473417776,1788387.0857971497,10
-1250944.3346252502,1788387.0857971497,10
-1250481.0219087226,1788387.0857971497,10
-1250017.7091921952,1788387.0857971497,10
-1249554.3964756676,1788387.0857971497,10
-1249091.0837591402,1788387.0857971497,10
-1248627.7710426126,1788387.0857971497,10
-1248164.458326085,1788387.0857971497,10
-1247701.1456095576,1788387.0857971497,10
-1247237.83289303,1788387.0857971497,10
-1246774.5201765026,1788387.0857971497,10
-1246311.207459975,1788387.0857971497,10
-1245847.8947434477,1788387.0857971497,10
-1245384.58202692,1788387.0857971497,10
-1244921.2693103927,1788387.0857971497,10
-1244457.956593865,1788387.0857971497,10
-1243994.6438773377,1788387.0857971497,10
-1243531.33116081,1788387.0857971497,10
-1243068.0184442827,1788387.0857971497,10
-1242604.705727755,1788387.0857971497,10
-1242141.3930112277,1788387.0857971497,10
-1241678.0802947,1788387.0857971497,10
-1241214.7675781725,1788387.0857971497,10
-1240751.4548616451,1788387.0857971497,10
-1240288.1421451175,1788387.0857971497,10
-1239824.8294285901,1788387.0857971497,10
-1239361.5167120625,1788387.0857971497,10
-1238898.2039955352,1788387.0857971497,10
-1238434.8912790075,1788387.0857971497,10
-1237971.5785624802,1788387.0857971497,10
-1237508.2658459526,1788387.0857971497,10
-1237044.9531294252,1788387.0857971497,10
-1236581.6404128976,1788387.0857971497,10
-1236118.3276963702,1788387.0857971497,10
-1235655.0149798426,1788387.0857971497,10
-1235191.7022633152,1788387.0857971497,10
-1234728.3895467876,1788387.0857971497,10
-1234265.07683026,1788387.0857971497,10
-1233801.7641137326,1788387.0857971497,10
-1233338.4513972052,1788387.0857971497,10
-1232875.1386806776,1788387.0857971497,10
-1232411.82596415,1788387.0857971497,10
-1231948.5132476226,1788387.0857971497,10
-1231485.200531095,1788387.0857971497,10
-1231021.8878145677,1788387.0857971497,10
-1230558.57509804,1788387.0857971497,10
-1230095.2623815127,1788387.0857971497,10
-1229631.949664985,1788387.0857971497,10
-1229168.6369484577,1788387.0857971497,10
-1228705.32423193,1788387.0857971497,10
-1228242.0115154027,1788387.0857971497,10
-1227778.698798875,1788387.0857971497,10
-1227315.3860823475,1788387.0857971497,10
-1226852.07336582,1788387.0857971497,10
-1226388.7606492927,1788387.0857971497,10
-1225925.4479327651,1788387.0857971497,10
-1225462.1352162375,1788387.0857971497,10
-1224998.8224997101,1788387.0857971497,10
-1224535.5097831825,1788387.0857971497,10
-1224072.1970666551,1788387.0857971497,10
-1223608.8843501275,1788387.0857971497,10
-1223145.5716336002,1788387.0857971497,10
-1222682.2589170726,1788387.0857971497,10
-1222218.9462005452,1788387.0857971497,10
-1221755.6334840176,1788387.0857971497,10
-1221292.3207674902,1788387.0857971497,10
-1220829.0080509626,1788387.0857971497,10
-1220365.6953344352,1788387.0857971497,10
-1219902.3826179076,1788387.0857971497,10
-1219439.0699013802,1788387.0857971497,10
-1218975.7571848526,1788387.0857971497,10
-1218512.444468325,1788387.0857971497,10
-1218049.1317517976,1788387.0857971497,10
-1217585.81903527,1788387.0857971497,10
-1217122.5063187426,1788387.0857971497,10
-1216659.193602215,1788387.0857971497,10
-1216195.8808856877,1788387.0857971497,10
-1215732.56816916,1788387.0857971497,10
-1215269.2554526327,1788387.0857971497,10
-1214805.942736105,1788387.0857971497,10
-1214342.6300195777,1788387.0857971497,10
-1213879.31730305,1788387.0857971497,10
-1213416.0045865227,1788387.0857971497,10
-1212952.691869995,1788387.0857971497,10
-1212489.3791534677,1788387.0857971497,10
-1212026.06643694,1788387.0857971497,10
-1211562.7537204125,1788387.0857971497,10
-1211099.4410038851,1788387.0857971497,10
-1210636.1282873575,1788387.0857971497,10
-1210172.8155708301,1788387.0857971497,10
-1209709.5028543025,1788387.0857971497,10
-1209246.1901377751,1788387.0857971497,10
-1208782.8774212475,1788387.0857971497,10
-1208319.5647047202,1788387.0857971497,10
-1207856.2519881926,1788387.0857971497,10
-1207392.9392716652,1788387.0857971497,10
-1206929.6265551376,1788387.0857971497,10
-1206466.3138386102,1788387.0857971497,10
-1206003.0011220826,1788387.0857971497,10
-1205539.6884055552,1788387.0857971497,10
-1205076.3756890276,1788387.0857971497,10
-1204613.0629725,1788387.0857971497,10
-1204149.7502559726,1788387.0857971497,10
-1203686.4375394452,1788387.0857971497,10
-1203223.1248229176,1788387.0857971497,10
-1202759.81210639,1788387.0857971497,10
-1202296.4993898626,1788387.0857971497,10
-1201833.186673335,1788387.0857971497,10
-1201369.8739568077,1788387.0857971497,10
-1200906.56124028,1788387.0857971497,10
-1200443.2485237527,1788387.0857971497,10
-1199979.935807225,1788387.0857971497,10
-1199516.6230906977,1788387.0857971497,10
-1199053.31037417,1788387.0857971497,10
-1198589.9976576427,1788387.0857971497,10
-1198126.684941115,1788387.0857971497,10
-1197663.3722245875,1788387.0857971497,10
-1197200.05950806,1788387.0857971497,10
-1196736.7467915327,1788387.0857971497,10
-1196273.4340750051,1788387.0857971497,10
-1195810.1213584775,1788387.0857971497,10
-1195346.8086419501,1788387.0857971497,10
-1194883.4959254225,1788387.0857971497,10
-1194420.1832088951,1788387.0857971497,10
-1193956.8704923675,1788387.0857971497,10
-1193493.5577758402,1788387.0857971497,10
-1193030.2450593126,1788387.0857971497,10
-1192566.9323427852,1788387.0857971497,10
-1192103.6196262576,1788387.0857971497,10
-1191640.3069097302,1788387.0857971497,10
-1191176.9941932026,1788387.0857971497,10
-1190713.6814766752,1788387.0857971497,10
-1190250.3687601476,1788387.0857971497,10
-1189787.0560436202,1788387.0857971497,10
-1189323.7433270926,1788387.0857971497,10
-1188860.430610565,1788387.0857971497,10
-1188397.1178940376,1788387.0857971497,10
-1187933.80517751,1788387.0857971497,10
-1187470.4924609826,1788387.0857971497,10
-1187007.179744455,1788387.0857971497,10
-1186543.8670279277,1788387.0857971497,10
-1186080.5543114,1788387.0857971497,10
-1185617.2415948727,1788387.0857971497,10
-1185153.928878345,1788387.0857971497,10
-1184690.6161618177,1788387.0857971497,10
-1184227.30344529,1788387.0857971497,10
-1183763.9907287627,1788387.0857971497,10
-1183300.678012235,1788387.0857971497,10
-1182837.3652957077,1788387.0857971497,10
-1182374.05257918,1788387.0857971497,10
-1181910.7398626525,1788387.0857971497,10
-1181447.4271461251,1788387.0857971497,10
-1180984.1144295975,1788387.0857971497,10
-1180520.8017130701,1788387.0857971497,10
-1180057.4889965425,1788387.0857971497,10
-1179594.1762800151,1788387.0857971497,10
-1179130.8635634875,1788387.0857971497,10
-1178667.5508469602,1788387.0857971497,10
-1178204.2381304326,1788387.0857971497,10
-1177740.9254139052,1788387.0857971497,10
-1177277.6126973776,1788387.0857971497,10
-1176814.2999808502,1788387.0857971497,10
-1176350.9872643226,1788387.0857971497,10
-1175887.6745477952,1788387.0857971497,10
-1175424.3618312676,1788387.0857971497,10
-1174961.04911474,1788387.0857971497,10
-1174497.7363982126,1788387.0857971497,10
-1174034.4236816852,1788387.0857971497,10
-1173571.1109651576,1788387.0857971497,10
-1173107.79824863,1788387.0857971497,10
-1172644.4855321026,1788387.0857971497,10
-1172181.172815575,1788387.0857971497,10
-1171717.8600990477,1788387.0857971497,10
-1171254.54738252,1788387.0857971497,10
-1170791.2346659927,1788387.0857971497,10
-1170327.921949465,1788387.0857971497,10
-1169864.6092329377,1788387.0857971497,10
-1169401.29651641,1788387.0857971497,10
-1168937.9837998827,1788387.0857971497,10
-1168474.671083355,1788387.0857971497,10
-1168011.3583668275,1788387.0857971497,10
-1167548.0456503,1788387.0857971497,10
-1167084.7329337727,1788387.0857971497,10
-1166621.4202172451,1788387.0857971497,10
-1166158.1075007175,1788387.0857971497,10
-1165694.7947841901,1788387.0857971497,10
-1165231.4820676625,1788387.0857971497,10
-1164768.1693511351,1788387.0857971497,10
-1164304.8566346075,1788387.0857971497,10
-1163841.5439180802,1788387.0857971497,10
-1163378.2312015526,1788387.0857971497,10
-1162914.9184850252,1788387.0857971497,10
-1162451.6057684976,1788387.0857971497,10
-1161988.2930519702,1788387.0857971497,10
-1161524.9803354426,1788387.0857971497,10
-1161061.6676189152,1788387.0857971497,10
-1160598.3549023876,1788387.0857971497,10
-1160135.0421858602,1788387.0857971497,10
-1159671.7294693326,1788387.0857971497,10
-1159208.416752805,1788387.0857971497,10
-1158745.1040362776,1788387.0857971497,10
-1158281.79131975,1788387.0857971497,10
-1157818.4786032226,1788387.0857971497,10
-1157355.165886695,1788387.0857971497,10
-1156891.8531701677,1788387.0857971497,10
-1156428.54045364,1788387.0857971497,10
-1155965.2277371127,1788387.0857971497,10
-1155501.915020585,1788387.0857971497,10
-1155038.6023040577,1788387.0857971497,10
-1154575.28958753,1788387.0857971497,10
-1154111.9768710027,1788387.0857971497,10
-1153648.664154475,1788387.0857971497,10
-1153185.3514379477,1788387.0857971497,10
-1152722.03872142,1788387.0857971497,10
-1152258.7260048925,1788387.0857971497,10
-1151795.4132883651,1788387.0857971497,10
-1151332.1005718375,1788387.0857971497,10
-1150868.7878553101,1788387.0857971497,10
-1150405.4751387825,1788387.0857971497,10
-1288935.977380505,1787923.7730806223,10
-1288472.6646639777,1787923.7730806223,10
-1288009.35194745,1787923.7730806223,10
-1287546.0392309227,1787923.7730806223,10
-1287082.726514395,1787923.7730806223,10
-1286619.4137978677,1787923.7730806223,10
-1286156.10108134,1787923.7730806223,10
-1285692.7883648127,1787923.7730806223,10
-1285229.4756482851,1787923.7730806223,10
-1284766.1629317575,1787923.7730806223,10
-1284302.8502152301,1787923.7730806223,10
-1283839.5374987025,1787923.7730806223,10
-1283376.2247821752,1787923.7730806223,10
-1282912.9120656475,1787923.7730806223,10
-1282449.5993491202,1787923.7730806223,10
-1281986.2866325926,1787923.7730806223,10
-1281522.9739160652,1787923.7730806223,10
-1281059.6611995376,1787923.7730806223,10
-1280596.3484830102,1787923.7730806223,10
-1280133.0357664826,1787923.7730806223,10
-1279669.7230499552,1787923.7730806223,10
-1279206.4103334276,1787923.7730806223,10
-1278743.0976169002,1787923.7730806223,10
-1278279.7849003726,1787923.7730806223,10
-1277816.472183845,1787923.7730806223,10
-1277353.1594673176,1787923.7730806223,10
-1276889.84675079,1787923.7730806223,10
-1276426.5340342626,1787923.7730806223,10
-1275963.221317735,1787923.7730806223,10
-1275499.9086012077,1787923.7730806223,10
-1275036.59588468,1787923.7730806223,10
-1274573.2831681527,1787923.7730806223,10
-1274109.970451625,1787923.7730806223,16
-1273646.6577350977,1787923.7730806223,10
-1273183.34501857,1787923.7730806223,10
-1272720.0323020427,1787923.7730806223,10
-1272256.719585515,1787923.7730806223,10
-1271793.4068689877,1787923.7730806223,10
-1271330.09415246,1787923.7730806223,10
-1270866.7814359325,1787923.7730806223,10
-1270403.4687194051,1787923.7730806223,10
-1269940.1560028775,1787923.7730806223,10
-1269476.8432863501,1787923.7730806223,10
-1269013.5305698225,1787923.7730806223,10
-1268550.2178532952,1787923.7730806223,10
-1268086.9051367675,1787923.7730806223,10
-1267623.5924202402,1787923.7730806223,10
-1267160.2797037126,1787923.7730806223,10
-1266696.9669871852,1787923.7730806223,10
-1266233.6542706576,1787923.7730806223,10
-1265770.3415541302,1787923.7730806223,10
-1265307.0288376026,1787923.7730806223,10
-1264843.7161210752,1787923.7730806223,10
-1264380.4034045476,1787923.7730806223,10
-1263917.09068802,1787923.7730806223,10
-1263453.7779714926,1787923.7730806223,10
-1262990.465254965,1787923.7730806223,10
-1262527.1525384376,1787923.7730806223,10
-1262063.83982191,1787923.7730806223,10
-1261600.5271053826,1787923.7730806223,10
-1261137.214388855,1787923.7730806223,10
-1260673.9016723277,1787923.7730806223,10
-1260210.5889558,1787923.7730806223,10
-1259747.2762392727,1787923.7730806223,10
-1259283.963522745,1787923.7730806223,10
-1258820.6508062177,1787923.7730806223,10
-1258357.33808969,1787923.7730806223,10
-1257894.0253731627,1787923.7730806223,10
-1257430.712656635,1787923.7730806223,10
-1256967.3999401077,1787923.7730806223,10
-1256504.08722358,1787923.7730806223,10
-1256040.7745070527,1787923.7730806223,10
-1255577.4617905251,1787923.7730806223,10
-1255114.1490739975,1787923.7730806223,10
-1254650.8363574701,1787923.7730806223,10
-1254187.5236409425,1787923.7730806223,10
-1253724.2109244152,1787923.7730806223,10
-1253260.8982078875,1787923.7730806223,10
-1252797.5854913602,1787923.7730806223,10
-1252334.2727748326,1787923.7730806223,10
-1251870.9600583052,1787923.7730806223,10
-1251407.6473417776,1787923.7730806223,10
-1250944.3346252502,1787923.7730806223,10
-1250481.0219087226,1787923.7730806223,10
-1250017.7091921952,1787923.7730806223,10
-1249554.3964756676,1787923.7730806223,10
-1249091.0837591402,1787923.7730806223,10
-1248627.7710426126,1787923.7730806223,10
-1248164.458326085,1787923.7730806223,10
-1247701.1456095576,1787923.7730806223,10
-1247237.83289303,1787923.7730806223,10
-1246774.5201765026,1787923.7730806223,10
-1246311.207459975,1787923.7730806223,10
-1245847.8947434477,1787923.7730806223,10
-1245384.58202692,1787923.7730806223,10
-1244921.2693103927,1787923.7730806223,10
-1244457.956593865,1787923.7730806223,10
-1243994.6438773377,1787923.7730806223,10
-1243531.33116081,1787923.7730806223,10
-1243068.0184442827,1787923.7730806223,10
-1242604.705727755,1787923.7730806223,10
-1242141.3930112277,1787923.7730806223,10
-1241678.0802947,1787923.7730806223,10
-1241214.7675781725,1787923.7730806223,10
-1240751.4548616451,1787923.7730806223,10
-1240288.1421451175,1787923.7730806223,10
-1239824.8294285901,1787923.7730806223,10
-1239361.5167120625,1787923.7730806223,10
-1238898.2039955352,1787923.7730806223,10
-1238434.8912790075,1787923.7730806223,10
-1237971.5785624802,1787923.7730806223,10
-1237508.2658459526,1787923.7730806223,10
-1237044.9531294252,1787923.7730806223,10
-1236581.6404128976,1787923.7730806223,10
-1236118.3276963702,1787923.7730806223,10
-1235655.0149798426,1787923.7730806223,10
-1235191.7022633152,1787923.7730806223,10
-1234728.3895467876,1787923.7730806223,10
-1234265.07683026,1787923.7730806223,10
-1233801.7641137326,1787923.7730806223,10
-1233338.4513972052,1787923.7730806223,10
-1232875.1386806776,1787923.7730806223,10
-1232411.82596415,1787923.7730806223,10
-1231948.5132476226,1787923.7730806223,10
-1231485.200531095,1787923.7730806223,10
-1231021.8878145677,1787923.7730806223,10
-1230558.57509804,1787923.7730806223,10
-1230095.2623815127,1787923.7730806223,10
-1229631.949664985,1787923.7730806223,10
-1229168.6369484577,1787923.7730806223,10
-1228705.32423193,1787923.7730806223,10
-1228242.0115154027,1787923.7730806223,10
-1227778.698798875,1787923.7730806223,10
-1227315.3860823475,1787923.7730806223,10
-1226852.07336582,1787923.7730806223,10
-1226388.7606492927,1787923.7730806223,10
-1225925.4479327651,1787923.7730806223,10
-1225462.1352162375,1787923.7730806223,10
-1224998.8224997101,1787923.7730806223,10
-1224535.5097831825,1787923.7730806223,10
-1224072.1970666551,1787923.7730806223,10
-1223608.8843501275,1787923.7730806223,10
-1223145.5716336002,1787923.7730806223,10
-1222682.2589170726,1787923.7730806223,10
-1222218.9462005452,1787923.7730806223,10
-1221755.6334840176,1787923.7730806223,10
-1221292.3207674902,1787923.7730806223,10
-1220829.0080509626,1787923.7730806223,10
-1220365.6953344352,1787923.7730806223,10
-1219902.3826179076,1787923.7730806223,10
-1219439.0699013802,1787923.7730806223,10
-1218975.7571848526,1787923.7730806223,10
-1218512.444468325,1787923.7730806223,10
-1218049.1317517976,1787923.7730806223,10
-1217585.81903527,1787923.7730806223,10
-1217122.5063187426,1787923.7730806223,10
-1216659.193602215,1787923.7730806223,10
-1216195.8808856877,1787923.7730806223,10
-1215732.56816916,1787923.7730806223,10
-1215269.2554526327,1787923.7730806223,10
-1214805.942736105,1787923.7730806223,10
-1214342.6300195777,1787923.7730806223,10
-1213879.31730305,1787923.7730806223,10
-1213416.0045865227,1787923.7730806223,10
-1212952.691869995,1787923.7730806223,10
-1212489.3791534677,1787923.7730806223,10
-1212026.06643694,1787923.7730806223,10
-1211562.7537204125,1787923.7730806223,10
-1211099.4410038851,1787923.7730806223,10
-1210636.1282873575,1787923.7730806223,10
-1210172.8155708301,1787923.7730806223,10
-1209709.5028543025,1787923.7730806223,10
-1209246.1901377751,1787923.7730806223,10
-1208782.8774212475,1787923.7730806223,10
-1208319.5647047202,1787923.7730806223,10
-1207856.2519881926,1787923.7730806223,10
-1207392.9392716652,1787923.7730806223,10
-1206929.6265551376,1787923.7730806223,10
-1206466.3138386102,1787923.7730806223,10
-1206003.0011220826,1787923.7730806223,10
-1205539.6884055552,1787923.7730806223,10
-1205076.3756890276,1787923.7730806223,10
-1204613.0629725,1787923.7730806223,10
-1204149.7502559726,1787923.7730806223,10
-1203686.4375394452,1787923.7730806223,10
-1203223.1248229176,1787923.7730806223,10
-1202759.81210639,1787923.7730806223,10
-1202296.4993898626,1787923.7730806223,10
-1201833.186673335,1787923.7730806223,10
-1201369.8739568077,1787923.7730806223,10
-1200906.56124028,1787923.7730806223,10
-1200443.2485237527,1787923.7730806223,10
-1199979.935807225,1787923.7730806223,10
-1199516.6230906977,1787923.7730806223,10
-1199053.31037417,1787923.7730806223,10
-1198589.9976576427,1787923.7730806223,10
-1198126.684941115,1787923.7730806223,10
-1197663.3722245875,1787923.7730806223,10
-1197200.05950806,1787923.7730806223,10
-1196736.7467915327,1787923.7730806223,10
-1196273.4340750051,1787923.7730806223,10
-1195810.1213584775,1787923.7730806223,10
-1195346.8086419501,1787923.7730806223,10
-1194883.4959254225,1787923.7730806223,10
-1194420.1832088951,1787923.7730806223,10
-1193956.8704923675,1787923.7730806223,10
-1193493.5577758402,1787923.7730806223,10
-1193030.2450593126,1787923.7730806223,10
-1192566.9323427852,1787923.7730806223,10
-1192103.6196262576,1787923.7730806223,10
-1191640.3069097302,1787923.7730806223,10
-1191176.9941932026,1787923.7730806223,10
-1190713.6814766752,1787923.7730806223,10
-1190250.3687601476,1787923.7730806223,10
-1189787.0560436202,1787923.7730806223,10
-1189323.7433270926,1787923.7730806223,10
-1188860.430610565,1787923.7730806223,10
-1188397.1178940376,1787923.7730806223,10
-1187933.80517751,1787923.7730806223,10
-1187470.4924609826,1787923.7730806223,10
-1187007.179744455,1787923.7730806223,10
-1186543.8670279277,1787923.7730806223,10
-1186080.5543114,1787923.7730806223,10
-1185617.2415948727,1787923.7730806223,10
-1185153.928878345,1787923.7730806223,10
-1184690.6161618177,1787923.7730806223,10
-1184227.30344529,1787923.7730806223,10
-1183763.9907287627,1787923.7730806223,10
-1183300.678012235,1787923.7730806223,10
-1182837.3652957077,1787923.7730806223,10
-1182374.05257918,1787923.7730806223,10
-1181910.7398626525,1787923.7730806223,10
-1181447.4271461251,1787923.7730806223,10
-1180984.1144295975,1787923.7730806223,10
-1180520.8017130701,1787923.7730806223,10
-1180057.4889965425,1787923.7730806223,10
-1179594.1762800151,1787923.7730806223,10
-1179130.8635634875,1787923.7730806223,10
-1178667.5508469602,1787923.7730806223,10
-1178204.2381304326,1787923.7730806223,10
-1177740.9254139052,1787923.7730806223,10
-1177277.6126973776,1787923.7730806223,10
-1176814.2999808502,1787923.7730806223,10
-1176350.9872643226,1787923.7730806223,10
-1175887.6745477952,1787923.7730806223,10
-1175424.3618312676,1787923.7730806223,10
-1174961.04911474,1787923.7730806223,10
-1174497.7363982126,1787923.7730806223,10
-1174034.4236816852,1787923.7730806223,10
-1173571.1109651576,1787923.7730806223,10
-1173107.79824863,1787923.7730806223,10
-1172644.4855321026,1787923.7730806223,10
-1172181.172815575,1787923.7730806223,10
-1171717.8600990477,1787923.7730806223,10
-1171254.54738252,1787923.7730806223,10
-1170791.2346659927,1787923.7730806223,10
-1170327.921949465,1787923.7730806223,10
-1169864.6092329377,1787923.7730806223,10
-1169401.29651641,1787923.7730806223,10
-1168937.9837998827,1787923.7730806223,10
-1168474.671083355,1787923.7730806223,10
-1168011.3583668275,1787923.7730806223,10
-1167548.0456503,1787923.7730806223,10
-1167084.7329337727,1787923.7730806223,10
-1166621.4202172451,1787923.7730806223,10
-1166158.1075007175,1787923.7730806223,10
-1165694.7947841901,1787923.7730806223,10
-1165231.4820676625,1787923.7730806223,10
-1164768.1693511351,1787923.7730806223,10
-1164304.8566346075,1787923.7730806223,10
-1163841.5439180802,1787923.7730806223,10
-1163378.2312015526,1787923.7730806223,10
-1162914.9184850252,1787923.7730806223,10
-1162451.6057684976,1787923.7730806223,10
-1161988.2930519702,1787923.7730806223,10
-1161524.9803354426,1787923.7730806223,10
-1161061.6676189152,1787923.7730806223,10
-1160598.3549023876,1787923.7730806223,10
-1160135.0421858602,1787923.7730806223,10
-1159671.7294693326,1787923.7730806223,10
-1159208.416752805,1787923.7730806223,10
-1158745.1040362776,1787923.7730806223,10
-1158281.79131975,1787923.7730806223,10
-1157818.4786032226,1787923.7730806223,10
-1157355.165886695,1787923.7730806223,10
-1156891.8531701677,1787923.7730806223,10
-1156428.54045364,1787923.7730806223,10
-1155965.2277371127,1787923.7730806223,10
-1155501.915020585,1787923.7730806223,10
-1155038.6023040577,1787923.7730806223,10
-1154575.28958753,1787923.7730806223,10
-1154111.9768710027,1787923.7730806223,10
-1153648.664154475,1787923.7730806223,10
-1153185.3514379477,1787923.7730806223,10
-1152722.03872142,1787923.7730806223,10
-1152258.7260048925,1787923.7730806223,10
-1151795.4132883651,1787923.7730806223,10
-1151332.1005718375,1787923.7730806223,10
-1150868.7878553101,1787923.7730806223,10
-1288472.6646639777,1787460.4603640947,10
-1288009.35194745,1787460.4603640947,10
-1287546.0392309227,1787460.4603640947,10
-1287082.726514395,1787460.4603640947,10
-1286619.4137978677,1787460.4603640947,10
-1286156.10108134,1787460.4603640947,10
-1285692.7883648127,1787460.4603640947,10
-1285229.4756482851,1787460.4603640947,10
-1284766.1629317575,1787460.4603640947,10
-1284302.8502152301,1787460.4603640947,10
-1283839.5374987025,1787460.4603640947,10
-1283376.2247821752,1787460.4603640947,10
-1282912.9120656475,1787460.4603640947,10
-1282449.5993491202,1787460.4603640947,10
-1281986.2866325926,1787460.4603640947,10
-1281522.9739160652,1787460.4603640947,10
-1281059.6611995376,1787460.4603640947,10
-1280596.3484830102,1787460.4603640947,10
-1280133.0357664826,1787460.4603640947,10
-1279669.7230499552,1787460.4603640947,10
-1279206.4103334276,1787460.4603640947,10
-1278743.0976169002,1787460.4603640947,10
-1278279.7849003726,1787460.4603640947,10
-1277816.472183845,1787460.4603640947,10
-1277353.1594673176,1787460.4603640947,10
-1276889.84675079,1787460.4603640947,10
-1276426.5340342626,1787460.4603640947,10
-1275963.221317735,1787460.4603640947,10
-1275499.9086012077,1787460.4603640947,10
-1275036.59588468,1787460.4603640947,10
-1274573.2831681527,1787460.4603640947,10
-1274109.970451625,1787460.4603640947,10
-1273646.6577350977,1787460.4603640947,10
-1273183.34501857,1787460.4603640947,10
-1272720.0323020427,1787460.4603640947,10
-1272256.719585515,1787460.4603640947,10
-1271793.4068689877,1787460.4603640947,10
-1271330.09415246,1787460.4603640947,10
-1270866.7814359325,1787460.4603640947,10
-1270403.4687194051,1787460.4603640947,10
-1269940.1560028775,1787460.4603640947,10
-1269476.8432863501,1787460.4603640947,10
-1269013.5305698225,1787460.4603640947,10
-1268550.2178532952,1787460.4603640947,10
-1268086.9051367675,1787460.4603640947,10
-1267623.5924202402,1787460.4603640947,10
-1267160.2797037126,1787460.4603640947,10
-1266696.9669871852,1787460.4603640947,10
-1266233.6542706576,1787460.4603640947,10
-1265770.3415541302,1787460.4603640947,10
-1265307.0288376026,1787460.4603640947,10
-1264843.7161210752,1787460.4603640947,10
-1264380.4034045476,1787460.4603640947,10
-1263917.09068802,1787460.4603640947,10
-1263453.7779714926,1787460.4603640947,10
-1262990.465254965,1787460.4603640947,10
-1262527.1525384376,1787460.4603640947,10
-1262063.83982191,1787460.4603640947,10
-1261600.5271053826,1787460.4603640947,10
-1261137.214388855,1787460.4603640947,10
-1260673.9016723277,1787460.4603640947,10
-1260210.5889558,1787460.4603640947,10
-1259747.2762392727,1787460.4603640947,10
-1259283.963522745,1787460.4603640947,10
-1258820.6508062177,1787460.4603640947,10
-1258357.33808969,1787460.4603640947,10
-1257894.0253731627,1787460.4603640947,10
-1257430.712656635,1787460.4603640947,10
-1256967.3999401077,1787460.4603640947,10
-1256504.08722358,1787460.4603640947,10
-1256040.7745070527,1787460.4603640947,10
-1255577.4617905251,1787460.4603640947,10
-1255114.1490739975,1787460.4603640947,10
-1254650.8363574701,1787460.4603640947,10
-1254187.5236409425,1787460.4603640947,10
-1253724.2109244152,1787460.4603640947,10
-1253260.8982078875,1787460.4603640947,10
-1252797.5854913602,1787460.4603640947,10
-1252334.2727748326,1787460.4603640947,10
-1251870.9600583052,1787460.4603640947,10
-1251407.6473417776,1787460.4603640947,10
-1250944.3346252502,1787460.4603640947,10
-1250481.0219087226,1787460.4603640947,10
-1250017.7091921952,1787460.4603640947,10
-1249554.3964756676,1787460.4603640947,10
-1249091.0837591402,1787460.4603640947,10
-1248627.7710426126,1787460.4603640947,10
-1248164.458326085,1787460.4603640947,10
-1247701.1456095576,1787460.4603640947,10
-1247237.83289303,1787460.4603640947,10
-1246774.5201765026,1787460.4603640947,10
-1246311.207459975,1787460.4603640947,10
-1245847.8947434477,1787460.4603640947,10
-1245384.58202692,1787460.4603640947,10
-1244921.2693103927,1787460.4603640947,10
-1244457.956593865,1787460.4603640947,10
-1243994.6438773377,1787460.4603640947,10
-1243531.33116081,1787460.4603640947,10
-1243068.0184442827,1787460.4603640947,10
-1242604.705727755,1787460.4603640947,10
-1242141.3930112277,1787460.4603640947,10
-1241678.0802947,1787460.4603640947,10
-1241214.7675781725,1787460.4603640947,10
-1240751.4548616451,1787460.4603640947,10
-1240288.1421451175,1787460.4603640947,10
-1239824.8294285901,1787460.4603640947,10
-1239361.5167120625,1787460.4603640947,10
-1238898.2039955352,1787460.4603640947,10
-1238434.8912790075,1787460.4603640947,10
-1237971.5785624802,1787460.4603640947,10
-1237508.2658459526,1787460.4603640947,10
-1237044.9531294252,1787460.4603640947,10
-1236581.6404128976,1787460.4603640947,10
-1236118.3276963702,1787460.4603640947,10
-1235655.0149798426,1787460.4603640947,10
-1235191.7022633152,1787460.4603640947,10
-1234728.3895467876,1787460.4603640947,10
-1234265.07683026,1787460.4603640947,10
-1233801.7641137326,1787460.4603640947,10
-1233338.4513972052,1787460.4603640947,10
-1232875.1386806776,1787460.4603640947,10
-1232411.82596415,1787460.4603640947,10
-1231948.5132476226,1787460.4603640947,10
-1231485.200531095,1787460.4603640947,10
-1231021.8878145677,1787460.4603640947,10
-1230558.57509804,1787460.4603640947,10
-1230095.2623815127,1787460.4603640947,10
-1229631.949664985,1787460.4603640947,10
-1229168.6369484577,1787460.4603640947,10
-1228705.32423193,1787460.4603640947,10
-1228242.0115154027,1787460.4603640947,10
-1227778.698798875,1787460.4603640947,10
-1227315.3860823475,1787460.4603640947,10
-1226852.07336582,1787460.4603640947,10
-1226388.7606492927,1787460.4603640947,10
-1225925.4479327651,1787460.4603640947,10
-1225462.1352162375,1787460.4603640947,10
-1224998.8224997101,1787460.4603640947,10
-1224535.5097831825,1787460.4603640947,10
-1224072.1970666551,1787460.4603640947,10
-1223608.8843501275,1787460.4603640947,10
-1223145.5716336002,1787460.4603640947,10
-1222682.2589170726,1787460.4603640947,10
-1222218.9462005452,1787460.4603640947,10
-1221755.6334840176,1787460.4603640947,10
-1221292.3207674902,1787460.4603640947,10
-1220829.0080509626,1787460.4603640947,10
-1220365.6953344352,1787460.4603640947,10
-1219902.3826179076,1787460.4603640947,10
-1219439.0699013802,1787460.4603640947,10
-1218975.7571848526,1787460.4603640947,10
-1218512.444468325,1787460.4603640947,10
-1218049.1317517976,1787460.4603640947,10
-1217585.81903527,1787460.4603640947,10
-1217122.5063187426,1787460.4603640947,10
-1216659.193602215,1787460.4603640947,10
-1216195.8808856877,1787460.4603640947,10
-1215732.56816916,1787460.4603640947,10
-1215269.2554526327,1787460.4603640947,10
-1214805.942736105,1787460.4603640947,10
-1214342.6300195777,1787460.4603640947,10
-1213879.31730305,1787460.4603640947,10
-1213416.0045865227,1787460.4603640947,10
-1212952.691869995,1787460.4603640947,10
-1212489.3791534677,1787460.4603640947,10
-1212026.06643694,1787460.4603640947,10
-1211562.7537204125,1787460.4603640947,10
-1211099.4410038851,1787460.4603640947,10
-1210636.1282873575,1787460.4603640947,10
-1210172.8155708301,1787460.4603640947,10
-1209709.5028543025,1787460.4603640947,10
-1209246.1901377751,1787460.4603640947,10
-1208782.8774212475,1787460.4603640947,10
-1208319.5647047202,1787460.4603640947,10
-1207856.2519881926,1787460.4603640947,10
-1207392.9392716652,1787460.4603640947,10
-1206929.6265551376,1787460.4603640947,10
-1206466.3138386102,1787460.4603640947,10
-1206003.0011220826,1787460.4603640947,10
-1205539.6884055552,1787460.4603640947,10
-1205076.3756890276,1787460.4603640947,10
-1204613.0629725,1787460.4603640947,10
-1204149.7502559726,1787460.4603640947,10
-1203686.4375394452,1787460.4603640947,10
-1203223.1248229176,1787460.4603640947,10
-1202759.81210639,1787460.4603640947,10
-1202296.4993898626,1787460.4603640947,10
-1201833.186673335,1787460.4603640947,10
-1201369.8739568077,1787460.4603640947,10
-1200906.56124028,1787460.4603640947,10
-1200443.2485237527,1787460.4603640947,10
-1199979.935807225,1787460.4603640947,10
-1199516.6230906977,1787460.4603640947,10
-1199053.31037417,1787460.4603640947,10
-1198589.9976576427,1787460.4603640947,10
-1198126.684941115,1787460.4603640947,10
-1197663.3722245875,1787460.4603640947,10
-1197200.05950806,1787460.4603640947,10
-1196736.7467915327,1787460.4603640947,10
-1196273.4340750051,1787460.4603640947,10
-1195810.1213584775,1787460.4603640947,10
-1195346.8086419501,1787460.4603640947,10
-1194883.4959254225,1787460.4603640947,10
-1194420.1832088951,1787460.4603640947,10
-1193956.8704923675,1787460.4603640947,10
-1193493.5577758402,1787460.4603640947,10
-1193030.2450593126,1787460.4603640947,10
-1192566.9323427852,1787460.4603640947,10
-1192103.6196262576,1787460.4603640947,10
-1191640.3069097302,1787460.4603640947,10
-1191176.9941932026,1787460.4603640947,10
-1190713.6814766752,1787460.4603640947,10
-1190250.3687601476,1787460.4603640947,10
-1189787.0560436202,1787460.4603640947,10
-1189323.7433270926,1787460.4603640947,10
-1188860.430610565,1787460.4603640947,10
-1188397.1178940376,1787460.4603640947,10
-1187933.80517751,1787460.4603640947,10
-1187470.4924609826,1787460.4603640947,10
-1187007.179744455,1787460.4603640947,10
-1186543.8670279277,1787460.4603640947,10
-1186080.5543114,1787460.4603640947,10
-1185617.2415948727,1787460.4603640947,10
-1185153.928878345,1787460.4603640947,10
-1184690.6161618177,1787460.4603640947,10
-1184227.30344529,1787460.4603640947,10
-1183763.9907287627,1787460.4603640947,10
-1183300.678012235,1787460.4603640947,10
-1182837.3652957077,1787460.4603640947,10
-1182374.05257918,1787460.4603640947,10
-1181910.7398626525,1787460.4603640947,10
-1181447.4271461251,1787460.4603640947,10
-1180984.1144295975,1787460.4603640947,10
-1180520.8017130701,1787460.4603640947,10
-1180057.4889965425,1787460.4603640947,10
-1179594.1762800151,1787460.4603640947,10
-1179130.8635634875,1787460.4603640947,10
-1178667.5508469602,1787460.4603640947,10
-1178204.2381304326,1787460.4603640947,10
-1177740.9254139052,1787460.4603640947,10
-1177277.6126973776,1787460.4603640947,10
-1176814.2999808502,1787460.4603640947,10
-1176350.9872643226,1787460.4603640947,10
-1175887.6745477952,1787460.4603640947,10
-1175424.3618312676,1787460.4603640947,10
-1174961.04911474,1787460.4603640947,10
-1174497.7363982126,1787460.4603640947,10
-1174034.4236816852,1787460.4603640947,10
-1173571.1109651576,1787460.4603640947,10
-1173107.79824863,1787460.4603640947,10
-1172644.4855321026,1787460.4603640947,10
-1172181.172815575,1787460.4603640947,10
-1171717.8600990477,1787460.4603640947,10
-1171254.54738252,1787460.4603640947,10
-1170791.2346659927,1787460.4603640947,10
-1170327.921949465,1787460.4603640947,10
-1169864.6092329377,1787460.4603640947,10
-1169401.29651641,1787460.4603640947,10
-1168937.9837998827,1787460.4603640947,10
-1168474.671083355,1787460.4603640947,10
-1168011.3583668275,1787460.4603640947,10
-1167548.0456503,1787460.4603640947,10
-1167084.7329337727,1787460.4603640947,10
-1166621.4202172451,1787460.4603640947,10
-1166158.1075007175,1787460.4603640947,10
-1165694.7947841901,1787460.4603640947,10
-1165231.4820676625,1787460.4603640947,10
-1164768.1693511351,1787460.4603640947,10
-1164304.8566346075,1787460.4603640947,10
-1163841.5439180802,1787460.4603640947,10
-1163378.2312015526,1787460.4603640947,10
-1162914.9184850252,1787460.4603640947,10
-1162451.6057684976,1787460.4603640947,10
-1161988.2930519702,1787460.4603640947,10
-1161524.9803354426,1787460.4603640947,10
-1161061.6676189152,1787460.4603640947,10
-1160598.3549023876,1787460.4603640947,10
-1160135.0421858602,1787460.4603640947,10
-1159671.7294693326,1787460.4603640947,10
-1159208.416752805,1787460.4603640947,10
-1158745.1040362776,1787460.4603640947,10
-1158281.79131975,1787460.4603640947,10
-1157818.4786032226,1787460.4603640947,10
-1157355.165886695,1787460.4603640947,10
-1156891.8531701677,1787460.4603640947,10
-1156428.54045364,1787460.4603640947,10
-1155965.2277371127,1787460.4603640947,10
-1155501.915020585,1787460.4603640947,10
-1155038.6023040577,1787460.4603640947,10
-1154575.28958753,1787460.4603640947,10
-1154111.9768710027,1787460.4603640947,10
-1153648.664154475,1787460.4603640947,10
-1153185.3514379477,1787460.4603640947,10
-1152722.03872142,1787460.4603640947,10
-1152258.7260048925,1787460.4603640947,10
-1151795.4132883651,1787460.4603640947,10
-1151332.1005718375,1787460.4603640947,10
-1150868.7878553101,1787460.4603640947,10
-1288009.35194745,1786997.147647567,10
-1287546.0392309227,1786997.147647567,10
-1287082.726514395,1786997.147647567,10
-1286619.4137978677,1786997.147647567,10
-1286156.10108134,1786997.147647567,10
-1285692.7883648127,1786997.147647567,10
-1285229.4756482851,1786997.147647567,10
-1284766.1629317575,1786997.147647567,10
-1284302.8502152301,1786997.147647567,10
-1283839.5374987025,1786997.147647567,10
-1283376.2247821752,1786997.147647567,10
-1282912.9120656475,1786997.147647567,10
-1282449.5993491202,1786997.147647567,10
-1281986.2866325926,1786997.147647567,10
-1281522.9739160652,1786997.147647567,10
-1281059.6611995376,1786997.147647567,10
-1280596.3484830102,1786997.147647567,10
-1280133.0357664826,1786997.147647567,10
-1279669.7230499552,1786997.147647567,10
-1279206.4103334276,1786997.147647567,10
-1278743.0976169002,1786997.147647567,10
-1278279.7849003726,1786997.147647567,10
-1277816.472183845,1786997.147647567,10
-1277353.1594673176,1786997.147647567,10
-1276889.84675079,1786997.147647567,10
-1276426.5340342626,1786997.147647567,10
-1275963.221317735,1786997.147647567,10
-1275499.9086012077,1786997.147647567,10
-1275036.59588468,1786997.147647567,10
-1274573.2831681527,1786997.147647567,10
-1274109.970451625,1786997.147647567,10
-1273646.6577350977,1786997.147647567,10
-1273183.34501857,1786997.147647567,10
-1272720.0323020427,1786997.147647567,10
-1272256.719585515,1786997.147647567,10
-1271793.4068689877,1786997.147647567,10
-1271330.09415246,1786997.147647567,10
-1270866.7814359325,1786997.147647567,10
-1270403.4687194051,1786997.147647567,10
-1269940.1560028775,1786997.147647567,10
-1269476.8432863501,1786997.147647567,10
-1269013.5305698225,1786997.147647567,10
-1268550.2178532952,1786997.147647567,10
-1268086.9051367675,1786997.147647567,10
-1267623.5924202402,1786997.147647567,10
-1267160.2797037126,1786997.147647567,10
-1266696.9669871852,1786997.147647567,10
-1266233.6542706576,1786997.147647567,10
-1265770.3415541302,1786997.147647567,10
-1265307.0288376026,1786997.147647567,10
-1264843.7161210752,1786997.147647567,10
-1264380.4034045476,1786997.147647567,10
-1263917.09068802,1786997.147647567,10
-1263453.7779714926,1786997.147647567,10
-1262990.465254965,1786997.147647567,10
-1262527.1525384376,1786997.147647567,10
-1262063.83982191,1786997.147647567,10
-1261600.5271053826,1786997.147647567,10
-1261137.214388855,1786997.147647567,10
-1260673.9016723277,1786997.147647567,10
-1260210.5889558,1786997.147647567,10
-1259747.2762392727,1786997.147647567,10
-1259283.963522745,1786997.147647567,10
-1258820.6508062177,1786997.147647567,10
-1258357.33808969,1786997.147647567,10
-1257894.0253731627,1786997.147647567,10
-1257430.712656635,1786997.147647567,10
-1256967.3999401077,1786997.147647567,10
-1256504.08722358,1786997.147647567,10
-1256040.7745070527,1786997.147647567,10
-1255577.4617905251,1786997.147647567,10
-1255114.1490739975,1786997.147647567,10
-1254650.8363574701,1786997.147647567,10
-1254187.5236409425,1786997.147647567,10
-1253724.2109244152,1786997.147647567,10
-1253260.8982078875,1786997.147647567,10
-1252797.5854913602,1786997.147647567,10
-1252334.2727748326,1786997.147647567,10
-1251870.9600583052,1786997.147647567,10
-1251407.6473417776,1786997.147647567,10
-1250944.3346252502,1786997.147647567,10
-1250481.0219087226,1786997.147647567,10
-1250017.7091921952,1786997.147647567,10
-1249554.3964756676,1786997.147647567,10
-1249091.0837591402,1786997.147647567,10
-1248627.7710426126,1786997.147647567,10
-1248164.458326085,1786997.147647567,10
-1247701.1456095576,1786997.147647567,10
-1247237.83289303,1786997.147647567,10
-1246774.5201765026,1786997.147647567,10
-1246311.207459975,1786997.147647567,10
-1245847.8947434477,1786997.147647567,10
-1245384.58202692,1786997.147647567,10
-1244921.2693103927,1786997.147647567,10
-1244457.956593865,1786997.147647567,10
-1243994.6438773377,1786997.147647567,10
-1243531.33116081,1786997.147647567,10
-1243068.0184442827,1786997.147647567,10
-1242604.705727755,1786997.147647567,10
-1242141.3930112277,1786997.147647567,10
-1241678.0802947,1786997.147647567,10
-1241214.7675781725,1786997.147647567,10
-1240751.4548616451,1786997.147647567,10
-1240288.1421451175,1786997.147647567,10
-1239824.8294285901,1786997.147647567,10
-1239361.5167120625,1786997.147647567,10
-1238898.2039955352,1786997.147647567,10
-1238434.8912790075,1786997.147647567,10
-1237971.5785624802,1786997.147647567,10
-1237508.2658459526,1786997.147647567,10
-1237044.9531294252,1786997.147647567,10
-1236581.6404128976,1786997.147647567,10
-1236118.3276963702,1786997.147647567,10
-1235655.0149798426,1786997.147647567,10
-1235191.7022633152,1786997.147647567,10
-1234728.3895467876,1786997.147647567,10
-1234265.07683026,1786997.147647567,10
-1233801.7641137326,1786997.147647567,10
-1233338.4513972052,1786997.147647567,10
-1232875.1386806776,1786997.147647567,10
-1232411.82596415,1786997.147647567,10
-1231948.5132476226,1786997.147647567,10
-1231485.200531095,1786997.147647567,10
-1231021.8878145677,1786997.147647567,10
-1230558.57509804,1786997.147647567,10
-1230095.2623815127,1786997.147647567,10
-1229631.949664985,1786997.147647567,10
-1229168.6369484577,1786997.147647567,10
-1228705.32423193,1786997.147647567,10
-1228242.0115154027,1786997.147647567,10
-1227778.698798875,1786997.147647567,10
-1227315.3860823475,1786997.147647567,10
-1226852.07336582,1786997.147647567,10
-1226388.7606492927,1786997.147647567,10
-1225925.4479327651,1786997.147647567,10
-1225462.1352162375,1786997.147647567,10
-1224998.8224997101,1786997.147647567,10
-1224535.5097831825,1786997.147647567,10
-1224072.1970666551,1786997.147647567,10
-1223608.8843501275,1786997.147647567,10
-1223145.5716336002,1786997.147647567,10
-1222682.2589170726,1786997.147647567,10
-1222218.9462005452,1786997.147647567,10
-1221755.6334840176,1786997.147647567,10
-1221292.3207674902,1786997.147647567,10
-1220829.0080509626,1786997.147647567,10
-1220365.6953344352,1786997.147647567,10
-1219902.3826179076,1786997.147647567,10
-1219439.0699013802,1786997.147647567,10
-1218975.7571848526,1786997.147647567,10
-1218512.444468325,1786997.147647567,10
-1218049.1317517976,1786997.147647567,10
-1217585.81903527,1786997.147647567,10
-1217122.5063187426,1786997.147647567,10
-1216659.193602215,1786997.147647567,10
-1216195.8808856877,1786997.147647567,10
-1215732.56816916,1786997.147647567,10
-1215269.2554526327,1786997.147647567,10
-1214805.942736105,1786997.147647567,10
-1214342.6300195777,1786997.147647567,10
-1213879.31730305,1786997.147647567,10
-1213416.0045865227,1786997.147647567,10
-1212952.691869995,1786997.147647567,10
-1212489.3791534677,1786997.147647567,10
-1212026.06643694,1786997.147647567,10
-1211562.7537204125,1786997.147647567,10
-1211099.4410038851,1786997.147647567,10
-1210636.1282873575,1786997.147647567,10
-1210172.8155708301,1786997.147647567,10
-1209709.5028543025,1786997.147647567,10
-1209246.1901377751,1786997.147647567,10
-1208782.8774212475,1786997.147647567,10
-1208319.5647047202,1786997.147647567,10
-1207856.2519881926,1786997.147647567,10
-1207392.9392716652,1786997.147647567,10
-1206929.6265551376,1786997.147647567,10
-1206466.3138386102,1786997.147647567,10
-1206003.0011220826,1786997.147647567,10
-1205539.6884055552,1786997.147647567,10
-1205076.3756890276,1786997.147647567,10
-1204613.0629725,1786997.147647567,10
-1204149.7502559726,1786997.147647567,10
-1203686.4375394452,1786997.147647567,10
-1203223.1248229176,1786997.147647567,10
-1202759.81210639,1786997.147647567,10
-1202296.4993898626,1786997.147647567,10
-1201833.186673335,1786997.147647567,10
-1201369.8739568077,1786997.147647567,10
-1200906.56124028,1786997.147647567,10
-1200443.2485237527,1786997.147647567,10
-1199979.935807225,1786997.147647567,10
-1199516.6230906977,1786997.147647567,10
-1199053.31037417,1786997.147647567,10
-1198589.9976576427,1786997.147647567,10
-1198126.684941115,1786997.147647567,10
-1197663.3722245875,1786997.147647567,10
-1197200.05950806,1786997.147647567,10
-1196736.7467915327,1786997.147647567,10
-1196273.4340750051,1786997.147647567,10
-1195810.1213584775,1786997.147647567,10
-1195346.8086419501,1786997.147647567,10
-1194883.4959254225,1786997.147647567,10
-1194420.1832088951,1786997.147647567,10
-1193956.8704923675,1786997.147647567,10
-1193493.5577758402,1786997.147647567,10
-1193030.2450593126,1786997.147647567,10
-1192566.9323427852,1786997.147647567,10
-1192103.6196262576,1786997.147647567,10
-1191640.3069097302,1786997.147647567,10
-1191176.9941932026,1786997.147647567,10
-1190713.6814766752,1786997.147647567,10
-1190250.3687601476,1786997.147647567,10
-1189787.0560436202,1786997.147647567,10
-1189323.7433270926,1786997.147647567,10
-1188860.430610565,1786997.147647567,10
-1188397.1178940376,1786997.147647567,10
-1187933.80517751,1786997.147647567,10
-1187470.4924609826,1786997.147647567,10
-1187007.179744455,1786997.147647567,10
-1186543.8670279277,1786997.147647567,10
-1186080.5543114,1786997.147647567,10
-1185617.2415948727,1786997.147647567,10
-1185153.928878345,1786997.147647567,10
-1184690.6161618177,1786997.147647567,10
-1184227.30344529,1786997.147647567,10
-1183763.9907287627,1786997.147647567,10
-1183300.678012235,1786997.147647567,10
-1182837.3652957077,1786997.147647567,10
-1182374.05257918,1786997.147647567,10
-1181910.7398626525,1786997.147647567,10
-1181447.4271461251,1786997.147647567,10
-1180984.1144295975,1786997.147647567,10
-1180520.8017130701,1786997.147647567,10
-1180057.4889965425,1786997.147647567,10
-1179594.1762800151,1786997.147647567,10
-1179130.8635634875,1786997.147647567,10
-1178667.5508469602,1786997.147647567,10
-1178204.2381304326,1786997.147647567,10
-1177740.9254139052,1786997.147647567,10
-1177277.6126973776,1786997.147647567,10
-1176814.2999808502,1786997.147647567,10
-1176350.9872643226,1786997.147647567,10
-1175887.6745477952,1786997.147647567,10
-1175424.3618312676,1786997.147647567,10
-1174961.04911474,1786997.147647567,10
-1174497.7363982126,1786997.147647567,10
-1174034.4236816852,1786997.147647567,10
-1173571.1109651576,1786997.147647567,10
-1173107.79824863,1786997.147647567,10
-1172644.4855321026,1786997.147647567,10
-1172181.172815575,1786997.147647567,10
-1171717.8600990477,1786997.147647567,10
-1171254.54738252,1786997.147647567,10
-1170791.2346659927,1786997.147647567,10
-1170327.921949465,1786997.147647567,10
-1169864.6092329377,1786997.147647567,10
-1169401.29651641,1786997.147647567,10
-1168937.9837998827,1786997.147647567,10
-1168474.671083355,1786997.147647567,10
-1168011.3583668275,1786997.147647567,10
-1167548.0456503,1786997.147647567,10
-1167084.7329337727,1786997.147647567,10
-1166621.4202172451,1786997.147647567,10
-1166158.1075007175,1786997.147647567,10
-1165694.7947841901,1786997.147647567,10
-1165231.4820676625,1786997.147647567,10
-1164768.1693511351,1786997.147647567,10
-1164304.8566346075,1786997.147647567,10
-1163841.5439180802,1786997.147647567,10
-1163378.2312015526,1786997.147647567,10
-1162914.9184850252,1786997.147647567,10
-1162451.6057684976,1786997.147647567,10
-1161988.2930519702,1786997.147647567,10
-1161524.9803354426,1786997.147647567,10
-1161061.6676189152,1786997.147647567,10
-1160598.3549023876,1786997.147647567,10
-1160135.0421858602,1786997.147647567,10
-1159671.7294693326,1786997.147647567,10
-1159208.416752805,1786997.147647567,10
-1158745.1040362776,1786997.147647567,10
-1158281.79131975,1786997.147647567,10
-1157818.4786032226,1786997.147647567,10
-1157355.165886695,1786997.147647567,10
-1156891.8531701677,1786997.147647567,10
-1156428.54045364,1786997.147647567,10
-1155965.2277371127,1786997.147647567,10
-1155501.915020585,1786997.147647567,10
-1155038.6023040577,1786997.147647567,10
-1154575.28958753,1786997.147647567,10
-1154111.9768710027,1786997.147647567,10
-1153648.664154475,1786997.147647567,10
-1153185.3514379477,1786997.147647567,10
-1152722.03872142,1786997.147647567,10
-1152258.7260048925,1786997.147647567,10
-1151795.4132883651,1786997.147647567,10
-1151332.1005718375,1786997.147647567,10
-1288009.35194745,1786533.8349310397,10
-1287546.0392309227,1786533.8349310397,10
-1287082.726514395,1786533.8349310397,10
-1286619.4137978677,1786533.8349310397,10
-1286156.10108134,1786533.8349310397,10
-1285692.7883648127,1786533.8349310397,10
-1285229.4756482851,1786533.8349310397,10
-1284766.1629317575,1786533.8349310397,10
-1284302.8502152301,1786533.8349310397,10
-1283839.5374987025,1786533.8349310397,10
-1283376.2247821752,1786533.8349310397,10
-1282912.9120656475,1786533.8349310397,10
-1282449.5993491202,1786533.8349310397,10
-1281986.2866325926,1786533.8349310397,10
-1281522.9739160652,1786533.8349310397,10
-1281059.6611995376,1786533.8349310397,10
-1280596.3484830102,1786533.8349310397,10
-1280133.0357664826,1786533.8349310397,10
-1279669.7230499552,1786533.8349310397,10
-1279206.4103334276,1786533.8349310397,10
-1278743.0976169002,1786533.8349310397,10
-1278279.7849003726,1786533.8349310397,10
-1277816.472183845,1786533.8349310397,10
-1277353.1594673176,1786533.8349310397,10
-1276889.84675079,1786533.8349310397,10
-1276426.5340342626,1786533.8349310397,10
-1275963.221317735,1786533.8349310397,10
-1275499.9086012077,1786533.8349310397,10
-1275036.59588468,1786533.8349310397,10
-1274573.2831681527,1786533.8349310397,10
-1274109.970451625,1786533.8349310397,10
-1273646.6577350977,1786533.8349310397,10
-1273183.34501857,1786533.8349310397,10
-1272720.0323020427,1786533.8349310397,10
-1272256.719585515,1786533.8349310397,10
-1271793.4068689877,1786533.8349310397,10
-1271330.09415246,1786533.8349310397,10
-1270866.7814359325,1786533.8349310397,10
-1270403.4687194051,1786533.8349310397,10
-1269940.1560028775,1786533.8349310397,10
-1269476.8432863501,1786533.8349310397,10
-1269013.5305698225,1786533.8349310397,10
-1268550.2178532952,1786533.8349310397,10
-1268086.9051367675,1786533.8349310397,10
-1267623.5924202402,1786533.8349310397,10
-1267160.2797037126,1786533.8349310397,10
-1266696.9669871852,1786533.8349310397,10
-1266233.6542706576,1786533.8349310397,10
-1265770.3415541302,1786533.8349310397,10
-1265307.0288376026,1786533.8349310397,10
-1264843.7161210752,1786533.8349310397,10
-1264380.4034045476,1786533.8349310397,10
-1263917.09068802,1786533.8349310397,10
-1263453.7779714926,1786533.8349310397,10
-1262990.465254965,1786533.8349310397,10
-1262527.1525384376,1786533.8349310397,10
-1262063.83982191,1786533.8349310397,10
-1261600.5271053826,1786533.8349310397,10
-1261137.214388855,1786533.8349310397,10
-1260673.9016723277,1786533.8349310397,10
-1260210.5889558,1786533.8349310397,10
-1259747.2762392727,1786533.8349310397,10
-1259283.963522745,1786533.8349310397,10
-1258820.6508062177,1786533.8349310397,10
-1258357.33808969,1786533.8349310397,10
-1257894.0253731627,1786533.8349310397,10
-1257430.712656635,1786533.8349310397,10
-1256967.3999401077,1786533.8349310397,10
-1256504.08722358,1786533.8349310397,10
-1256040.7745070527,1786533.8349310397,10
-1255577.4617905251,1786533.8349310397,10
-1255114.1490739975,1786533.8349310397,10
-1254650.8363574701,1786533.8349310397,10
-1254187.5236409425,1786533.8349310397,10
-1253724.2109244152,1786533.8349310397,10
-1253260.8982078875,1786533.8349310397,10
-1252797.5854913602,1786533.8349310397,10
-1252334.2727748326,1786533.8349310397,10
-1251870.9600583052,1786533.8349310397,10
-1251407.6473417776,1786533.8349310397,10
-1250944.3346252502,1786533.8349310397,10
-1250481.0219087226,1786533.8349310397,10
-1250017.7091921952,1786533.8349310397,10
-1249554.3964756676,1786533.8349310397,10
-1249091.0837591402,1786533.8349310397,10
-1248627.7710426126,1786533.8349310397,10
-1248164.458326085,1786533.8349310397,10
-1247701.1456095576,1786533.8349310397,10
-1247237.83289303,1786533.8349310397,10
-1246774.5201765026,1786533.8349310397,10
-1246311.207459975,1786533.8349310397,10
-1245847.8947434477,1786533.8349310397,10
-1245384.58202692,1786533.8349310397,10
-1244921.2693103927,1786533.8349310397,10
-1244457.956593865,1786533.8349310397,10
-1243994.6438773377,1786533.8349310397,10
-1243531.33116081,1786533.8349310397,10
-1243068.0184442827,1786533.8349310397,10
-1242604.705727755,1786533.8349310397,10
-1242141.3930112277,1786533.8349310397,10
-1241678.0802947,1786533.8349310397,10
-1241214.7675781725,1786533.8349310397,10
-1240751.4548616451,1786533.8349310397,10
-1240288.1421451175,1786533.8349310397,10
-1239824.8294285901,1786533.8349310397,10
-1239361.5167120625,1786533.8349310397,10
-1238898.2039955352,1786533.8349310397,10
-1238434.8912790075,1786533.8349310397,10
-1237971.5785624802,1786533.8349310397,10
-1237508.2658459526,1786533.8349310397,10
-1237044.9531294252,1786533.8349310397,10
-1236581.6404128976,1786533.8349310397,10
-1236118.3276963702,1786533.8349310397,10
-1235655.0149798426,1786533.8349310397,10
-1235191.7022633152,1786533.8349310397,10
-1234728.3895467876,1786533.8349310397,10
-1234265.07683026,1786533.8349310397,10
-1233801.7641137326,1786533.8349310397,10
-1233338.4513972052,1786533.8349310397,10
-1232875.1386806776,1786533.8349310397,10
-1232411.82596415,1786533.8349310397,10
-1231948.5132476226,1786533.8349310397,10
-1231485.200531095,1786533.8349310397,10
-1231021.8878145677,1786533.8349310397,10
-1230558.57509804,1786533.8349310397,10
-1230095.2623815127,1786533.8349310397,10
-1229631.949664985,1786533.8349310397,10
-1229168.6369484577,1786533.8349310397,10
-1228705.32423193,1786533.8349310397,10
-1228242.0115154027,1786533.8349310397,10
-1227778.698798875,1786533.8349310397,10
-1227315.3860823475,1786533.8349310397,10
-1226852.07336582,1786533.8349310397,10
-1226388.7606492927,1786533.8349310397,10
-1225925.4479327651,1786533.8349310397,10
-1225462.1352162375,1786533.8349310397,10
-1224998.8224997101,1786533.8349310397,10
-1224535.5097831825,1786533.8349310397,10
-1224072.1970666551,1786533.8349310397,10
-1223608.8843501275,1786533.8349310397,10
-1223145.5716336002,1786533.8349310397,10
-1222682.2589170726,1786533.8349310397,10
-1222218.9462005452,1786533.8349310397,10
-1221755.6334840176,1786533.8349310397,10
-1221292.3207674902,1786533.8349310397,10
-1220829.0080509626,1786533.8349310397,10
-1220365.6953344352,1786533.8349310397,10
-1219902.3826179076,1786533.8349310397,10
-1219439.0699013802,1786533.8349310397,10
-1218975.7571848526,1786533.8349310397,10
-1218512.444468325,1786533.8349310397,10
-1218049.1317517976,1786533.8349310397,10
-1217585.81903527,1786533.8349310397,10
-1217122.5063187426,1786533.8349310397,10
-1216659.193602215,1786533.8349310397,10
-1216195.8808856877,1786533.8349310397,10
-1215732.56816916,1786533.8349310397,10
-1215269.2554526327,1786533.8349310397,10
-1214805.942736105,1786533.8349310397,10
-1214342.6300195777,1786533.8349310397,10
-1213879.31730305,1786533.8349310397,10
-1213416.0045865227,1786533.8349310397,10
-1212952.691869995,1786533.8349310397,10
-1212489.3791534677,1786533.8349310397,10
-1212026.06643694,1786533.8349310397,10
-1211562.7537204125,1786533.8349310397,10
-1211099.4410038851,1786533.8349310397,10
-1210636.1282873575,1786533.8349310397,10
-1210172.8155708301,1786533.8349310397,10
-1209709.5028543025,1786533.8349310397,10
-1209246.1901377751,1786533.8349310397,10
-1208782.8774212475,1786533.8349310397,10
-1208319.5647047202,1786533.8349310397,10
-1207856.2519881926,1786533.8349310397,10
-1207392.9392716652,1786533.8349310397,10
-1206929.6265551376,1786533.8349310397,10
-1206466.3138386102,1786533.8349310397,10
-1206003.0011220826,1786533.8349310397,10
-1205539.6884055552,1786533.8349310397,10
-1205076.3756890276,1786533.8349310397,10
-1204613.0629725,1786533.8349310397,10
-1204149.7502559726,1786533.8349310397,10
-1203686.4375394452,1786533.8349310397,10
-1203223.1248229176,1786533.8349310397,10
-1202759.81210639,1786533.8349310397,10
-1202296.4993898626,1786533.8349310397,10
-1201833.186673335,1786533.8349310397,10
-1201369.8739568077,1786533.8349310397,10
-1200906.56124028,1786533.8349310397,10
-1200443.2485237527,1786533.8349310397,10
-1199979.935807225,1786533.8349310397,10
-1199516.6230906977,1786533.8349310397,10
-1199053.31037417,1786533.8349310397,10
-1198589.9976576427,1786533.8349310397,10
-1198126.684941115,1786533.8349310397,10
-1197663.3722245875,1786533.8349310397,10
-1197200.05950806,1786533.8349310397,10
-1196736.7467915327,1786533.8349310397,10
-1196273.4340750051,1786533.8349310397,10
-1195810.1213584775,1786533.8349310397,10
-1195346.8086419501,1786533.8349310397,10
-1194883.4959254225,1786533.8349310397,10
-1194420.1832088951,1786533.8349310397,10
-1193956.8704923675,1786533.8349310397,10
-1193493.5577758402,1786533.8349310397,10
-1193030.2450593126,1786533.8349310397,10
-1192566.9323427852,1786533.8349310397,10
-1192103.6196262576,1786533.8349310397,10
-1191640.3069097302,1786533.8349310397,10
-1191176.9941932026,1786533.8349310397,10
-1190713.6814766752,1786533.8349310397,10
-1190250.3687601476,1786533.8349310397,10
-1189787.0560436202,1786533.8349310397,10
-1189323.7433270926,1786533.8349310397,10
-1188860.430610565,1786533.8349310397,10
-1188397.1178940376,1786533.8349310397,10
-1187933.80517751,1786533.8349310397,10
-1187470.4924609826,1786533.8349310397,10
-1187007.179744455,1786533.8349310397,10
-1186543.8670279277,1786533.8349310397,10
-1186080.5543114,1786533.8349310397,10
-1185617.2415948727,1786533.8349310397,10
-1185153.928878345,1786533.8349310397,10
-1184690.6161618177,1786533.8349310397,10
-1184227.30344529,1786533.8349310397,10
-1183763.9907287627,1786533.8349310397,10
-1183300.678012235,1786533.8349310397,10
-1182837.3652957077,1786533.8349310397,10
-1182374.05257918,1786533.8349310397,10
-1181910.7398626525,1786533.8349310397,10
-1181447.4271461251,1786533.8349310397,10
-1180984.1144295975,1786533.8349310397,10
-1180520.8017130701,1786533.8349310397,10
-1180057.4889965425,1786533.8349310397,10
-1179594.1762800151,1786533.8349310397,10
-1179130.8635634875,1786533.8349310397,10
-1178667.5508469602,1786533.8349310397,10
-1178204.2381304326,1786533.8349310397,10
-1177740.9254139052,1786533.8349310397,10
-1177277.6126973776,1786533.8349310397,10
-1176814.2999808502,1786533.8349310397,10
-1176350.9872643226,1786533.8349310397,10
-1175887.6745477952,1786533.8349310397,10
-1175424.3618312676,1786533.8349310397,10
-1174961.04911474,1786533.8349310397,10
-1174497.7363982126,1786533.8349310397,10
-1174034.4236816852,1786533.8349310397,10
-1173571.1109651576,1786533.8349310397,10
-1173107.79824863,1786533.8349310397,10
-1172644.4855321026,1786533.8349310397,10
-1172181.172815575,1786533.8349310397,10
-1171717.8600990477,1786533.8349310397,10
-1171254.54738252,1786533.8349310397,10
-1170791.2346659927,1786533.8349310397,10
-1170327.921949465,1786533.8349310397,10
-1169864.6092329377,1786533.8349310397,10
-1169401.29651641,1786533.8349310397,10
-1168937.9837998827,1786533.8349310397,10
-1168474.671083355,1786533.8349310397,10
-1168011.3583668275,1786533.8349310397,10
-1167548.0456503,1786533.8349310397,10
-1167084.7329337727,1786533.8349310397,10
-1166621.4202172451,1786533.8349310397,10
-1166158.1075007175,1786533.8349310397,10
-1165694.7947841901,1786533.8349310397,10
-1165231.4820676625,1786533.8349310397,10
-1164768.1693511351,1786533.8349310397,10
-1164304.8566346075,1786533.8349310397,10
-1163841.5439180802,1786533.8349310397,10
-1163378.2312015526,1786533.8349310397,10
-1162914.9184850252,1786533.8349310397,10
-1162451.6057684976,1786533.8349310397,10
-1161988.2930519702,1786533.8349310397,10
-1161524.9803354426,1786533.8349310397,10
-1161061.6676189152,1786533.8349310397,10
-1160598.3549023876,1786533.8349310397,10
-1160135.0421858602,1786533.8349310397,10
-1159671.7294693326,1786533.8349310397,10
-1159208.416752805,1786533.8349310397,10
-1158745.1040362776,1786533.8349310397,10
-1158281.79131975,1786533.8349310397,10
-1157818.4786032226,1786533.8349310397,10
-1157355.165886695,1786533.8349310397,10
-1156891.8531701677,1786533.8349310397,10
-1156428.54045364,1786533.8349310397,10
-1155965.2277371127,1786533.8349310397,10
-1155501.915020585,1786533.8349310397,10
-1155038.6023040577,1786533.8349310397,10
-1154575.28958753,1786533.8349310397,10
-1154111.9768710027,1786533.8349310397,10
-1153648.664154475,1786533.8349310397,10
-1153185.3514379477,1786533.8349310397,10
-1152722.03872142,1786533.8349310397,10
-1152258.7260048925,1786533.8349310397,10
-1151795.4132883651,1786533.8349310397,10
-1151332.1005718375,1786533.8349310397,10
-1288009.35194745,1786070.522214512,10
-1287546.0392309227,1786070.522214512,10
-1287082.726514395,1786070.522214512,10
-1286619.4137978677,1786070.522214512,10
-1286156.10108134,1786070.522214512,10
-1285692.7883648127,1786070.522214512,10
-1285229.4756482851,1786070.522214512,10
-1284766.1629317575,1786070.522214512,10
-1284302.8502152301,1786070.522214512,10
-1283839.5374987025,1786070.522214512,10
-1283376.2247821752,1786070.522214512,10
-1282912.9120656475,1786070.522214512,10
-1282449.5993491202,1786070.522214512,10
-1281986.2866325926,1786070.522214512,10
-1281522.9739160652,1786070.522214512,10
-1281059.6611995376,1786070.522214512,10
-1280596.3484830102,1786070.522214512,10
-1280133.0357664826,1786070.522214512,10
-1279669.7230499552,1786070.522214512,10
-1279206.4103334276,1786070.522214512,10
-1278743.0976169002,1786070.522214512,10
-1278279.7849003726,1786070.522214512,10
-1277816.472183845,1786070.522214512,10
-1277353.1594673176,1786070.522214512,10
-1276889.84675079,1786070.522214512,10
-1276426.5340342626,1786070.522214512,10
-1275963.221317735,1786070.522214512,10
-1275499.9086012077,1786070.522214512,10
-1275036.59588468,1786070.522214512,10
-1274573.2831681527,1786070.522214512,10
-1274109.970451625,1786070.522214512,10
-1273646.6577350977,1786070.522214512,10
-1273183.34501857,1786070.522214512,10
-1272720.0323020427,1786070.522214512,10
-1272256.719585515,1786070.522214512,10
-1271793.4068689877,1786070.522214512,10
-1271330.09415246,1786070.522214512,10
-1270866.7814359325,1786070.522214512,10
-1270403.4687194051,1786070.522214512,10
-1269940.1560028775,1786070.522214512,10
-1269476.8432863501,1786070.522214512,10
-1269013.5305698225,1786070.522214512,10
-1268550.2178532952,1786070.522214512,10
-1268086.9051367675,1786070.522214512,10
-1267623.5924202402,1786070.522214512,10
-1267160.2797037126,1786070.522214512,10
-1266696.9669871852,1786070.522214512,10
-1266233.6542706576,1786070.522214512,10
-1265770.3415541302,1786070.522214512,10
-1265307.0288376026,1786070.522214512,10
-1264843.7161210752,1786070.522214512,10
-1264380.4034045476,1786070.522214512,10
-1263917.09068802,1786070.522214512,10
-1263453.7779714926,1786070.522214512,10
-1262990.465254965,1786070.522214512,10
-1262527.1525384376,1786070.522214512,10
-1262063.83982191,1786070.522214512,10
-1261600.5271053826,1786070.522214512,10
-1261137.214388855,1786070.522214512,10
-1260673.9016723277,1786070.522214512,10
-1260210.5889558,1786070.522214512,10
-1259747.2762392727,1786070.522214512,10
-1259283.963522745,1786070.522214512,10
-1258820.6508062177,1786070.522214512,10
-1258357.33808969,1786070.522214512,10
-1257894.0253731627,1786070.522214512,10
-1257430.712656635,1786070.522214512,10
-1256967.3999401077,1786070.522214512,10
-1256504.08722358,1786070.522214512,10
-1256040.7745070527,1786070.522214512,10
-1255577.4617905251,1786070.522214512,10
-1255114.1490739975,1786070.522214512,10
-1254650.8363574701,1786070.522214512,10
-1254187.5236409425,1786070.522214512,10
-1253724.2109244152,1786070.522214512,10
-1253260.8982078875,1786070.522214512,10
-1252797.5854913602,1786070.522214512,10
-1252334.2727748326,1786070.522214512,10
-1251870.9600583052,1786070.522214512,10
-1251407.6473417776,1786070.522214512,10
-1250944.3346252502,1786070.522214512,10
-1250481.0219087226,1786070.522214512,10
-1250017.7091921952,1786070.522214512,10
-1249554.3964756676,1786070.522214512,10
-1249091.0837591402,1786070.522214512,10
-1248627.7710426126,1786070.522214512,10
-1248164.458326085,1786070.522214512,10
-1247701.1456095576,1786070.522214512,10
-1247237.83289303,1786070.522214512,10
-1246774.5201765026,1786070.522214512,10
-1246311.207459975,1786070.522214512,10
-1245847.8947434477,1786070.522214512,10
-1245384.58202692,1786070.522214512,10
-1244921.2693103927,1786070.522214512,10
-1244457.956593865,1786070.522214512,10
-1243994.6438773377,1786070.522214512,10
-1243531.33116081,1786070.522214512,10
-1243068.0184442827,1786070.522214512,10
-1242604.705727755,1786070.522214512,10
-1242141.3930112277,1786070.522214512,10
-1241678.0802947,1786070.522214512,10
-1241214.7675781725,1786070.522214512,10
-1240751.4548616451,1786070.522214512,10
-1240288.1421451175,1786070.522214512,10
-1239824.8294285901,1786070.522214512,10
-1239361.5167120625,1786070.522214512,10
-1238898.2039955352,1786070.522214512,10
-1238434.8912790075,1786070.522214512,10
-1237971.5785624802,1786070.522214512,10
-1237508.2658459526,1786070.522214512,10
-1237044.9531294252,1786070.522214512,10
-1236581.6404128976,1786070.522214512,10
-1236118.3276963702,1786070.522214512,10
-1235655.0149798426,1786070.522214512,10
-1235191.7022633152,1786070.522214512,10
-1234728.3895467876,1786070.522214512,10
-1234265.07683026,1786070.522214512,10
-1233801.7641137326,1786070.522214512,10
-1233338.4513972052,1786070.522214512,10
-1232875.1386806776,1786070.522214512,10
-1232411.82596415,1786070.522214512,10
-1231948.5132476226,1786070.522214512,10
-1231485.200531095,1786070.522214512,10
-1231021.8878145677,1786070.522214512,10
-1230558.57509804,1786070.522214512,10
-1230095.2623815127,1786070.522214512,10
-1229631.949664985,1786070.522214512,10
-1229168.6369484577,1786070.522214512,10
-1228705.32423193,1786070.522214512,10
-1228242.0115154027,1786070.522214512,10
-1227778.698798875,1786070.522214512,10
-1227315.3860823475,1786070.522214512,10
-1226852.07336582,1786070.522214512,10
-1226388.7606492927,1786070.522214512,10
-1225925.4479327651,1786070.522214512,10
-1225462.1352162375,1786070.522214512,10
-1224998.8224997101,1786070.522214512,10
-1224535.5097831825,1786070.522214512,10
-1224072.1970666551,1786070.522214512,10
-1223608.8843501275,1786070.522214512,10
-1223145.5716336002,1786070.522214512,10
-1222682.2589170726,1786070.522214512,10
-1222218.9462005452,1786070.522214512,10
-1221755.6334840176,1786070.522214512,10
-1221292.3207674902,1786070.522214512,10
-1220829.0080509626,1786070.522214512,10
-1220365.6953344352,1786070.522214512,10
-1219902.3826179076,1786070.522214512,10
-1219439.0699013802,1786070.522214512,10
-1218975.7571848526,1786070.522214512,10
-1218512.444468325,1786070.522214512,10
-1218049.1317517976,1786070.522214512,10
-1217585.81903527,1786070.522214512,10
-1217122.5063187426,1786070.522214512,10
-1216659.193602215,1786070.522214512,10
-1216195.8808856877,1786070.522214512,10
-1215732.56816916,1786070.522214512,10
-1215269.2554526327,1786070.522214512,10
-1214805.942736105,1786070.522214512,10
-1214342.6300195777,1786070.522214512,10
-1213879.31730305,1786070.522214512,10
-1213416.0045865227,1786070.522214512,10
-1212952.691869995,1786070.522214512,10
-1212489.3791534677,1786070.522214512,10
-1212026.06643694,1786070.522214512,10
-1211562.7537204125,1786070.522214512,10
-1211099.4410038851,1786070.522214512,10
-1210636.1282873575,1786070.522214512,10
-1210172.8155708301,1786070.522214512,10
-1209709.5028543025,1786070.522214512,10
-1209246.1901377751,1786070.522214512,10
-1208782.8774212475,1786070.522214512,10
-1208319.5647047202,1786070.522214512,10
-1207856.2519881926,1786070.522214512,10
-1207392.9392716652,1786070.522214512,10
-1206929.6265551376,1786070.522214512,10
-1206466.3138386102,1786070.522214512,10
-1206003.0011220826,1786070.522214512,10
-1205539.6884055552,1786070.522214512,10
-1205076.3756890276,1786070.522214512,10
-1204613.0629725,1786070.522214512,10
-1204149.7502559726,1786070.522214512,10
-1203686.4375394452,1786070.522214512,10
-1203223.1248229176,1786070.522214512,10
-1202759.81210639,1786070.522214512,10
-1202296.4993898626,1786070.522214512,10
-1201833.186673335,1786070.522214512,10
-1201369.8739568077,1786070.522214512,10
-1200906.56124028,1786070.522214512,10
-1200443.2485237527,1786070.522214512,10
-1199979.935807225,1786070.522214512,10
-1199516.6230906977,1786070.522214512,10
-1199053.31037417,1786070.522214512,10
-1198589.9976576427,1786070.522214512,10
-1198126.684941115,1786070.522214512,10
-1197663.3722245875,1786070.522214512,10
-1197200.05950806,1786070.522214512,10
-1196736.7467915327,1786070.522214512,10
-1196273.4340750051,1786070.522214512,10
-1195810.1213584775,1786070.522214512,10
-1195346.8086419501,1786070.522214512,10
-1194883.4959254225,1786070.522214512,10
-1194420.1832088951,1786070.522214512,10
-1193956.8704923675,1786070.522214512,10
-1193493.5577758402,1786070.522214512,10
-1193030.2450593126,1786070.522214512,10
-1192566.9323427852,1786070.522214512,10
-1192103.6196262576,1786070.522214512,10
-1191640.3069097302,1786070.522214512,10
-1191176.9941932026,1786070.522214512,10
-1190713.6814766752,1786070.522214512,10
-1190250.3687601476,1786070.522214512,10
-1189787.0560436202,1786070.522214512,10
-1189323.7433270926,1786070.522214512,10
-1188860.430610565,1786070.522214512,10
-1188397.1178940376,1786070.522214512,10
-1187933.80517751,1786070.522214512,10
-1187470.4924609826,1786070.522214512,10
-1187007.179744455,1786070.522214512,10
-1186543.8670279277,1786070.522214512,10
-1186080.5543114,1786070.522214512,10
-1185617.2415948727,1786070.522214512,10
-1185153.928878345,1786070.522214512,10
-1184690.6161618177,1786070.522214512,10
-1184227.30344529,1786070.522214512,10
-1183763.9907287627,1786070.522214512,10
-1183300.678012235,1786070.522214512,10
-1182837.3652957077,1786070.522214512,10
-1182374.05257918,1786070.522214512,10
-1181910.7398626525,1786070.522214512,10
-1181447.4271461251,1786070.522214512,10
-1180984.1144295975,1786070.522214512,10
-1180520.8017130701,1786070.522214512,10
-1180057.4889965425,1786070.522214512,10
-1179594.1762800151,1786070.522214512,10
-1179130.8635634875,1786070.522214512,10
-1178667.5508469602,1786070.522214512,10
-1178204.2381304326,1786070.522214512,10
-1177740.9254139052,1786070.522214512,10
-1177277.6126973776,1786070.522214512,10
-1176814.2999808502,1786070.522214512,10
-1176350.9872643226,1786070.522214512,10
-1175887.6745477952,1786070.522214512,10
-1175424.3618312676,1786070.522214512,10
-1174961.04911474,1786070.522214512,10
-1174497.7363982126,1786070.522214512,10
-1174034.4236816852,1786070.522214512,10
-1173571.1109651576,1786070.522214512,10
-1173107.79824863,1786070.522214512,10
-1172644.4855321026,1786070.522214512,10
-1172181.172815575,1786070.522214512,10
-1171717.8600990477,1786070.522214512,10
-1171254.54738252,1786070.522214512,10
-1170791.2346659927,1786070.522214512,10
-1170327.921949465,1786070.522214512,10
-1169864.6092329377,1786070.522214512,10
-1169401.29651641,1786070.522214512,10
-1168937.9837998827,1786070.522214512,10
-1168474.671083355,1786070.522214512,10
-1168011.3583668275,1786070.522214512,10
-1167548.0456503,1786070.522214512,10
-1167084.7329337727,1786070.522214512,10
-1166621.4202172451,1786070.522214512,10
-1166158.1075007175,1786070.522214512,10
-1165694.7947841901,1786070.522214512,10
-1165231.4820676625,1786070.522214512,10
-1164768.1693511351,1786070.522214512,10
-1164304.8566346075,1786070.522214512,10
-1163841.5439180802,1786070.522214512,10
-1163378.2312015526,1786070.522214512,10
-1162914.9184850252,1786070.522214512,10
-1162451.6057684976,1786070.522214512,10
-1161988.2930519702,1786070.522214512,10
-1161524.9803354426,1786070.522214512,10
-1161061.6676189152,1786070.522214512,10
-1160598.3549023876,1786070.522214512,10
-1160135.0421858602,1786070.522214512,10
-1159671.7294693326,1786070.522214512,10
-1159208.416752805,1786070.522214512,10
-1158745.1040362776,1786070.522214512,10
-1158281.79131975,1786070.522214512,10
-1157818.4786032226,1786070.522214512,10
-1157355.165886695,1786070.522214512,10
-1156891.8531701677,1786070.522214512,10
-1156428.54045364,1786070.522214512,10
-1155965.2277371127,1786070.522214512,10
-1155501.915020585,1786070.522214512,10
-1155038.6023040577,1786070.522214512,10
-1154575.28958753,1786070.522214512,10
-1154111.9768710027,1786070.522214512,10
-1153648.664154475,1786070.522214512,10
-1153185.3514379477,1786070.522214512,10
-1152722.03872142,1786070.522214512,10
-1152258.7260048925,1786070.522214512,10
-1151795.4132883651,1786070.522214512,10
-1151332.1005718375,1786070.522214512,10
-1288009.35194745,1785607.2094979847,10
-1287546.0392309227,1785607.2094979847,10
-1287082.726514395,1785607.2094979847,10
-1286619.4137978677,1785607.2094979847,10
-1286156.10108134,1785607.2094979847,10
-1285692.7883648127,1785607.2094979847,10
-1285229.4756482851,1785607.2094979847,10
-1284766.1629317575,1785607.2094979847,10
-1284302.8502152301,1785607.2094979847,10
-1283839.5374987025,1785607.2094979847,10
-1282449.5993491202,1785607.2094979847,10
-1281986.2866325926,1785607.2094979847,10
-1281522.9739160652,1785607.2094979847,10
-1281059.6611995376,1785607.2094979847,10
-1280596.3484830102,1785607.2094979847,10
-1280133.0357664826,1785607.2094979847,10
-1279669.7230499552,1785607.2094979847,10
-1279206.4103334276,1785607.2094979847,10
-1278743.0976169002,1785607.2094979847,10
-1278279.7849003726,1785607.2094979847,10
-1277816.472183845,1785607.2094979847,10
-1277353.1594673176,1785607.2094979847,10
-1276889.84675079,1785607.2094979847,10
-1276426.5340342626,1785607.2094979847,10
-1275963.221317735,1785607.2094979847,10
-1275499.9086012077,1785607.2094979847,10
-1275036.59588468,1785607.2094979847,10
-1274573.2831681527,1785607.2094979847,10
-1274109.970451625,1785607.2094979847,10
-1273646.6577350977,1785607.2094979847,10
-1273183.34501857,1785607.2094979847,10
-1272720.0323020427,1785607.2094979847,10
-1272256.719585515,1785607.2094979847,10
-1271793.4068689877,1785607.2094979847,10
-1271330.09415246,1785607.2094979847,10
-1270866.7814359325,1785607.2094979847,10
-1270403.4687194051,1785607.2094979847,10
-1269940.1560028775,1785607.2094979847,10
-1269476.8432863501,1785607.2094979847,10
-1269013.5305698225,1785607.2094979847,10
-1268550.2178532952,1785607.2094979847,10
-1268086.9051367675,1785607.2094979847,10
-1267623.5924202402,1785607.2094979847,10
-1267160.2797037126,1785607.2094979847,10
-1266696.9669871852,1785607.2094979847,10
-1266233.6542706576,1785607.2094979847,10
-1265770.3415541302,1785607.2094979847,10
-1265307.0288376026,1785607.2094979847,10
-1264843.7161210752,1785607.2094979847,10
-1264380.4034045476,1785607.2094979847,10
-1263917.09068802,1785607.2094979847,10
-1263453.7779714926,1785607.2094979847,10
-1262990.465254965,1785607.2094979847,10
-1262527.1525384376,1785607.2094979847,10
-1262063.83982191,1785607.2094979847,10
-1261600.5271053826,1785607.2094979847,10
-1261137.214388855,1785607.2094979847,10
-1260673.9016723277,1785607.2094979847,10
-1260210.5889558,1785607.2094979847,10
-1259747.2762392727,1785607.2094979847,10
-1259283.963522745,1785607.2094979847,10
-1258820.6508062177,1785607.2094979847,10
-1258357.33808969,1785607.2094979847,10
-1257894.0253731627,1785607.2094979847,10
-1257430.712656635,1785607.2094979847,10
-1256967.3999401077,1785607.2094979847,10
-1256504.08722358,1785607.2094979847,10
-1256040.7745070527,1785607.2094979847,10
-1255577.4617905251,1785607.2094979847,10
-1255114.1490739975,1785607.2094979847,10
-1254650.8363574701,1785607.2094979847,10
-1254187.5236409425,1785607.2094979847,10
-1253724.2109244152,1785607.2094979847,10
-1253260.8982078875,1785607.2094979847,10
-1252797.5854913602,1785607.2094979847,10
-1252334.2727748326,1785607.2094979847,10
-1251870.9600583052,1785607.2094979847,10
-1251407.6473417776,1785607.2094979847,10
-1250944.3346252502,1785607.2094979847,10
-1250481.0219087226,1785607.2094979847,10
-1250017.7091921952,1785607.2094979847,10
-1249554.3964756676,1785607.2094979847,10
-1249091.0837591402,1785607.2094979847,10
-1248627.7710426126,1785607.2094979847,10
-1248164.458326085,1785607.2094979847,10
-1247701.1456095576,1785607.2094979847,10
-1247237.83289303,1785607.2094979847,10
-1246774.5201765026,1785607.2094979847,10
-1246311.207459975,1785607.2094979847,10
-1245847.8947434477,1785607.2094979847,10
-1245384.58202692,1785607.2094979847,10
-1244921.2693103927,1785607.2094979847,10
-1244457.956593865,1785607.2094979847,10
-1243994.6438773377,1785607.2094979847,10
-1243531.33116081,1785607.2094979847,10
-1243068.0184442827,1785607.2094979847,10
-1242604.705727755,1785607.2094979847,10
-1242141.3930112277,1785607.2094979847,10
-1241678.0802947,1785607.2094979847,10
-1241214.7675781725,1785607.2094979847,10
-1240751.4548616451,1785607.2094979847,10
-1240288.1421451175,1785607.2094979847,10
-1239824.8294285901,1785607.2094979847,10
-1239361.5167120625,1785607.2094979847,10
-1238898.2039955352,1785607.2094979847,10
-1238434.8912790075,1785607.2094979847,10
-1237971.5785624802,1785607.2094979847,10
-1237508.2658459526,1785607.2094979847,10
-1237044.9531294252,1785607.2094979847,10
-1236581.6404128976,1785607.2094979847,10
-1236118.3276963702,1785607.2094979847,10
-1235655.0149798426,1785607.2094979847,10
-1235191.7022633152,1785607.2094979847,10
-1234728.3895467876,1785607.2094979847,10
-1234265.07683026,1785607.2094979847,10
-1233801.7641137326,1785607.2094979847,10
-1233338.4513972052,1785607.2094979847,10
-1232875.1386806776,1785607.2094979847,10
-1232411.82596415,1785607.2094979847,10
-1231948.5132476226,1785607.2094979847,10
-1231485.200531095,1785607.2094979847,10
-1231021.8878145677,1785607.2094979847,10
-1230558.57509804,1785607.2094979847,10
-1230095.2623815127,1785607.2094979847,10
-1229631.949664985,1785607.2094979847,10
-1229168.6369484577,1785607.2094979847,10
-1228705.32423193,1785607.2094979847,10
-1228242.0115154027,1785607.2094979847,10
-1227778.698798875,1785607.2094979847,10
-1227315.3860823475,1785607.2094979847,10
-1226852.07336582,1785607.2094979847,10
-1226388.7606492927,1785607.2094979847,10
-1225925.4479327651,1785607.2094979847,10
-1225462.1352162375,1785607.2094979847,10
-1224998.8224997101,1785607.2094979847,10
-1224535.5097831825,1785607.2094979847,10
-1224072.1970666551,1785607.2094979847,10
-1223608.8843501275,1785607.2094979847,10
-1223145.5716336002,1785607.2094979847,10
-1222682.2589170726,1785607.2094979847,10
-1222218.9462005452,1785607.2094979847,10
-1221755.6334840176,1785607.2094979847,10
-1221292.3207674902,1785607.2094979847,10
-1220829.0080509626,1785607.2094979847,10
-1220365.6953344352,1785607.2094979847,10
-1219902.3826179076,1785607.2094979847,10
-1219439.0699013802,1785607.2094979847,10
-1218975.7571848526,1785607.2094979847,10
-1218512.444468325,1785607.2094979847,10
-1218049.1317517976,1785607.2094979847,10
-1217585.81903527,1785607.2094979847,10
-1217122.5063187426,1785607.2094979847,10
-1216659.193602215,1785607.2094979847,10
-1216195.8808856877,1785607.2094979847,10
-1215732.56816916,1785607.2094979847,10
-1215269.2554526327,1785607.2094979847,10
-1214805.942736105,1785607.2094979847,10
-1214342.6300195777,1785607.2094979847,10
-1213879.31730305,1785607.2094979847,10
-1213416.0045865227,1785607.2094979847,10
-1212952.691869995,1785607.2094979847,10
-1212489.3791534677,1785607.2094979847,10
-1212026.06643694,1785607.2094979847,10
-1211562.7537204125,1785607.2094979847,10
-1211099.4410038851,1785607.2094979847,10
-1210636.1282873575,1785607.2094979847,10
-1210172.8155708301,1785607.2094979847,10
-1209709.5028543025,1785607.2094979847,10
-1209246.1901377751,1785607.2094979847,10
-1208782.8774212475,1785607.2094979847,10
-1208319.5647047202,1785607.2094979847,10
-1207856.2519881926,1785607.2094979847,10
-1207392.9392716652,1785607.2094979847,10
-1206929.6265551376,1785607.2094979847,10
-1206466.3138386102,1785607.2094979847,10
-1206003.0011220826,1785607.2094979847,10
-1205539.6884055552,1785607.2094979847,10
-1205076.3756890276,1785607.2094979847,10
-1204613.0629725,1785607.2094979847,10
-1204149.7502559726,1785607.2094979847,10
-1203686.4375394452,1785607.2094979847,10
-1203223.1248229176,1785607.2094979847,10
-1202759.81210639,1785607.2094979847,10
-1202296.4993898626,1785607.2094979847,10
-1201833.186673335,1785607.2094979847,10
-1201369.8739568077,1785607.2094979847,10
-1200906.56124028,1785607.2094979847,10
-1200443.2485237527,1785607.2094979847,10
-1199979.935807225,1785607.2094979847,10
-1199516.6230906977,1785607.2094979847,10
-1199053.31037417,1785607.2094979847,10
-1198589.9976576427,1785607.2094979847,10
-1198126.684941115,1785607.2094979847,10
-1197663.3722245875,1785607.2094979847,10
-1197200.05950806,1785607.2094979847,10
-1196736.7467915327,1785607.2094979847,10
-1196273.4340750051,1785607.2094979847,10
-1195810.1213584775,1785607.2094979847,10
-1195346.8086419501,1785607.2094979847,10
-1194883.4959254225,1785607.2094979847,10
-1194420.1832088951,1785607.2094979847,10
-1193956.8704923675,1785607.2094979847,10
-1193493.5577758402,1785607.2094979847,10
-1193030.2450593126,1785607.2094979847,10
-1192566.9323427852,1785607.2094979847,10
-1192103.6196262576,1785607.2094979847,10
-1191640.3069097302,1785607.2094979847,10
-1191176.9941932026,1785607.2094979847,10
-1190713.6814766752,1785607.2094979847,10
-1190250.3687601476,1785607.2094979847,10
-1189787.0560436202,1785607.2094979847,10
-1189323.7433270926,1785607.2094979847,10
-1188860.430610565,1785607.2094979847,10
-1188397.1178940376,1785607.2094979847,10
-1187933.80517751,1785607.2094979847,10
-1187470.4924609826,1785607.2094979847,10
-1187007.179744455,1785607.2094979847,10
-1186543.8670279277,1785607.2094979847,10
-1186080.5543114,1785607.2094979847,10
-1185617.2415948727,1785607.2094979847,10
-1185153.928878345,1785607.2094979847,10
-1184690.6161618177,1785607.2094979847,10
-1184227.30344529,1785607.2094979847,10
-1183763.9907287627,1785607.2094979847,10
-1183300.678012235,1785607.2094979847,10
-1182837.3652957077,1785607.2094979847,10
-1182374.05257918,1785607.2094979847,10
-1181910.7398626525,1785607.2094979847,10
-1181447.4271461251,1785607.2094979847,10
-1180984.1144295975,1785607.2094979847,10
-1180520.8017130701,1785607.2094979847,10
-1180057.4889965425,1785607.2094979847,10
-1179594.1762800151,1785607.2094979847,10
-1179130.8635634875,1785607.2094979847,10
-1178667.5508469602,1785607.2094979847,10
-1178204.2381304326,1785607.2094979847,10
-1177740.9254139052,1785607.2094979847,10
-1177277.6126973776,1785607.2094979847,10
-1176814.2999808502,1785607.2094979847,10
-1176350.9872643226,1785607.2094979847,10
-1175887.6745477952,1785607.2094979847,10
-1175424.3618312676,1785607.2094979847,10
-1174961.04911474,1785607.2094979847,10
-1174497.7363982126,1785607.2094979847,10
-1174034.4236816852,1785607.2094979847,10
-1173571.1109651576,1785607.2094979847,10
-1173107.79824863,1785607.2094979847,10
-1172644.4855321026,1785607.2094979847,10
-1172181.172815575,1785607.2094979847,10
-1171717.8600990477,1785607.2094979847,10
-1171254.54738252,1785607.2094979847,10
-1170791.2346659927,1785607.2094979847,10
-1170327.921949465,1785607.2094979847,10
-1169864.6092329377,1785607.2094979847,10
-1169401.29651641,1785607.2094979847,10
-1168937.9837998827,1785607.2094979847,10
-1168474.671083355,1785607.2094979847,10
-1168011.3583668275,1785607.2094979847,10
-1167548.0456503,1785607.2094979847,10
-1167084.7329337727,1785607.2094979847,10
-1166621.4202172451,1785607.2094979847,10
-1166158.1075007175,1785607.2094979847,10
-1165694.7947841901,1785607.2094979847,10
-1165231.4820676625,1785607.2094979847,10
-1164768.1693511351,1785607.2094979847,10
-1164304.8566346075,1785607.2094979847,10
-1163841.5439180802,1785607.2094979847,10
-1163378.2312015526,1785607.2094979847,10
-1162914.9184850252,1785607.2094979847,10
-1162451.6057684976,1785607.2094979847,10
-1161988.2930519702,1785607.2094979847,10
-1161524.9803354426,1785607.2094979847,10
-1161061.6676189152,1785607.2094979847,10
-1160598.3549023876,1785607.2094979847,10
-1160135.0421858602,1785607.2094979847,10
-1159671.7294693326,1785607.2094979847,10
-1159208.416752805,1785607.2094979847,10
-1158745.1040362776,1785607.2094979847,10
-1158281.79131975,1785607.2094979847,10
-1157818.4786032226,1785607.2094979847,10
-1157355.165886695,1785607.2094979847,10
-1156891.8531701677,1785607.2094979847,10
-1156428.54045364,1785607.2094979847,10
-1155965.2277371127,1785607.2094979847,10
-1155501.915020585,1785607.2094979847,10
-1155038.6023040577,1785607.2094979847,10
-1154575.28958753,1785607.2094979847,10
-1154111.9768710027,1785607.2094979847,10
-1153648.664154475,1785607.2094979847,10
-1153185.3514379477,1785607.2094979847,10
-1152722.03872142,1785607.2094979847,10
-1152258.7260048925,1785607.2094979847,10
-1151795.4132883651,1785607.2094979847,10
-1151332.1005718375,1785607.2094979847,10
-1287082.726514395,1785143.8967814571,10
-1286619.4137978677,1785143.8967814571,10
-1286156.10108134,1785143.8967814571,10
-1285692.7883648127,1785143.8967814571,10
-1285229.4756482851,1785143.8967814571,10
-1284766.1629317575,1785143.8967814571,10
-1281986.2866325926,1785143.8967814571,10
-1281522.9739160652,1785143.8967814571,10
-1281059.6611995376,1785143.8967814571,10
-1280596.3484830102,1785143.8967814571,10
-1280133.0357664826,1785143.8967814571,10
-1279669.7230499552,1785143.8967814571,10
-1279206.4103334276,1785143.8967814571,10
-1278743.0976169002,1785143.8967814571,10
-1278279.7849003726,1785143.8967814571,10
-1277816.472183845,1785143.8967814571,10
-1277353.1594673176,1785143.8967814571,10
-1276889.84675079,1785143.8967814571,10
-1276426.5340342626,1785143.8967814571,10
-1275963.221317735,1785143.8967814571,10
-1275499.9086012077,1785143.8967814571,10
-1275036.59588468,1785143.8967814571,10
-1274573.2831681527,1785143.8967814571,10
-1274109.970451625,1785143.8967814571,10
-1273646.6577350977,1785143.8967814571,10
-1273183.34501857,1785143.8967814571,10
-1272720.0323020427,1785143.8967814571,10
-1272256.719585515,1785143.8967814571,10
-1271793.4068689877,1785143.8967814571,10
-1271330.09415246,1785143.8967814571,10
-1270866.7814359325,1785143.8967814571,10
-1270403.4687194051,1785143.8967814571,10
-1269940.1560028775,1785143.8967814571,10
-1269476.8432863501,1785143.8967814571,10
-1269013.5305698225,1785143.8967814571,10
-1268550.2178532952,1785143.8967814571,10
-1268086.9051367675,1785143.8967814571,10
-1267623.5924202402,1785143.8967814571,10
-1267160.2797037126,1785143.8967814571,10
-1266696.9669871852,1785143.8967814571,10
-1266233.6542706576,1785143.8967814571,10
-1265770.3415541302,1785143.8967814571,10
-1265307.0288376026,1785143.8967814571,10
-1264843.7161210752,1785143.8967814571,10
-1264380.4034045476,1785143.8967814571,10
-1263917.09068802,1785143.8967814571,10
-1263453.7779714926,1785143.8967814571,10
-1262990.465254965,1785143.8967814571,10
-1262527.1525384376,1785143.8967814571,10
-1262063.83982191,1785143.8967814571,10
-1261600.5271053826,1785143.8967814571,10
-1261137.214388855,1785143.8967814571,10
-1260673.9016723277,1785143.8967814571,10
-1260210.5889558,1785143.8967814571,10
-1259747.2762392727,1785143.8967814571,10
-1259283.963522745,1785143.8967814571,10
-1258820.6508062177,1785143.8967814571,10
-1258357.33808969,1785143.8967814571,10
-1257894.0253731627,1785143.8967814571,10
-1257430.712656635,1785143.8967814571,10
-1256967.3999401077,1785143.8967814571,10
-1256504.08722358,1785143.8967814571,10
-1256040.7745070527,1785143.8967814571,10
-1255577.4617905251,1785143.8967814571,10
-1255114.1490739975,1785143.8967814571,10
-1254650.8363574701,1785143.8967814571,10
-1254187.5236409425,1785143.8967814571,10
-1253724.2109244152,1785143.8967814571,10
-1253260.8982078875,1785143.8967814571,10
-1252797.5854913602,1785143.8967814571,10
-1252334.2727748326,1785143.8967814571,10
-1251870.9600583052,1785143.8967814571,10
-1251407.6473417776,1785143.8967814571,10
-1250944.3346252502,1785143.8967814571,10
-1250481.0219087226,1785143.8967814571,10
-1250017.7091921952,1785143.8967814571,10
-1249554.3964756676,1785143.8967814571,10
-1249091.0837591402,1785143.8967814571,10
-1248627.7710426126,1785143.8967814571,10
-1248164.458326085,1785143.8967814571,10
-1247701.1456095576,1785143.8967814571,10
-1247237.83289303,1785143.8967814571,10
-1246774.5201765026,1785143.8967814571,10
-1246311.207459975,1785143.8967814571,10
-1245847.8947434477,1785143.8967814571,10
-1245384.58202692,1785143.8967814571,10
-1244921.2693103927,1785143.8967814571,10
-1244457.956593865,1785143.8967814571,10
-1243994.6438773377,1785143.8967814571,10
-1243531.33116081,1785143.8967814571,10
-1243068.0184442827,1785143.8967814571,10
-1242604.705727755,1785143.8967814571,10
-1242141.3930112277,1785143.8967814571,10
-1241678.0802947,1785143.8967814571,10
-1241214.7675781725,1785143.8967814571,10
-1240751.4548616451,1785143.8967814571,10
-1240288.1421451175,1785143.8967814571,10
-1239824.8294285901,1785143.8967814571,10
-1239361.5167120625,1785143.8967814571,10
-1238898.2039955352,1785143.8967814571,10
-1238434.8912790075,1785143.8967814571,10
-1237971.5785624802,1785143.8967814571,10
-1237508.2658459526,1785143.8967814571,10
-1237044.9531294252,1785143.8967814571,10
-1236581.6404128976,1785143.8967814571,10
-1236118.3276963702,1785143.8967814571,10
-1235655.0149798426,1785143.8967814571,10
-1235191.7022633152,1785143.8967814571,10
-1234728.3895467876,1785143.8967814571,10
-1234265.07683026,1785143.8967814571,10
-1233801.7641137326,1785143.8967814571,10
-1233338.4513972052,1785143.8967814571,10
-1232875.1386806776,1785143.8967814571,10
-1232411.82596415,1785143.8967814571,10
-1231948.5132476226,1785143.8967814571,10
-1231485.200531095,1785143.8967814571,10
-1231021.8878145677,1785143.8967814571,10
-1230558.57509804,1785143.8967814571,10
-1230095.2623815127,1785143.8967814571,10
-1229631.949664985,1785143.8967814571,10
-1229168.6369484577,1785143.8967814571,10
-1228705.32423193,1785143.8967814571,10
-1228242.0115154027,1785143.8967814571,10
-1227778.698798875,1785143.8967814571,10
-1227315.3860823475,1785143.8967814571,10
-1226852.07336582,1785143.8967814571,10
-1226388.7606492927,1785143.8967814571,10
-1225925.4479327651,1785143.8967814571,10
-1225462.1352162375,1785143.8967814571,10
-1224998.8224997101,1785143.8967814571,10
-1224535.5097831825,1785143.8967814571,10
-1224072.1970666551,1785143.8967814571,10
-1223608.8843501275,1785143.8967814571,10
-1223145.5716336002,1785143.8967814571,10
-1222682.2589170726,1785143.8967814571,10
-1222218.9462005452,1785143.8967814571,10
-1221755.6334840176,1785143.8967814571,10
-1221292.3207674902,1785143.8967814571,10
-1220829.0080509626,1785143.8967814571,10
-1220365.6953344352,1785143.8967814571,10
-1219902.3826179076,1785143.8967814571,10
-1219439.0699013802,1785143.8967814571,10
-1218975.7571848526,1785143.8967814571,10
-1218512.444468325,1785143.8967814571,10
-1218049.1317517976,1785143.8967814571,10
-1217585.81903527,1785143.8967814571,10
-1217122.5063187426,1785143.8967814571,10
-1216659.193602215,1785143.8967814571,10
-1216195.8808856877,1785143.8967814571,10
-1215732.56816916,1785143.8967814571,10
-1215269.2554526327,1785143.8967814571,10
-1214805.942736105,1785143.8967814571,10
-1214342.6300195777,1785143.8967814571,10
-1213879.31730305,1785143.8967814571,10
-1213416.0045865227,1785143.8967814571,10
-1212952.691869995,1785143.8967814571,10
-1212489.3791534677,1785143.8967814571,10
-1212026.06643694,1785143.8967814571,10
-1211562.7537204125,1785143.8967814571,10
-1211099.4410038851,1785143.8967814571,10
-1210636.1282873575,1785143.8967814571,10
-1210172.8155708301,1785143.8967814571,10
-1209709.5028543025,1785143.8967814571,10
-1209246.1901377751,1785143.8967814571,10
-1208782.8774212475,1785143.8967814571,10
-1208319.5647047202,1785143.8967814571,10
-1207856.2519881926,1785143.8967814571,10
-1207392.9392716652,1785143.8967814571,10
-1206929.6265551376,1785143.8967814571,10
-1206466.3138386102,1785143.8967814571,10
-1206003.0011220826,1785143.8967814571,10
-1205539.6884055552,1785143.8967814571,10
-1205076.3756890276,1785143.8967814571,10
-1204613.0629725,1785143.8967814571,10
-1204149.7502559726,1785143.8967814571,10
-1203686.4375394452,1785143.8967814571,10
-1203223.1248229176,1785143.8967814571,10
-1202759.81210639,1785143.8967814571,10
-1202296.4993898626,1785143.8967814571,10
-1201833.186673335,1785143.8967814571,10
-1201369.8739568077,1785143.8967814571,10
-1200906.56124028,1785143.8967814571,10
-1200443.2485237527,1785143.8967814571,10
-1199979.935807225,1785143.8967814571,10
-1199516.6230906977,1785143.8967814571,10
-1199053.31037417,1785143.8967814571,10
-1198589.9976576427,1785143.8967814571,10
-1198126.684941115,1785143.8967814571,10
-1197663.3722245875,1785143.8967814571,10
-1197200.05950806,1785143.8967814571,10
-1196736.7467915327,1785143.8967814571,10
-1196273.4340750051,1785143.8967814571,10
-1195810.1213584775,1785143.8967814571,10
-1195346.8086419501,1785143.8967814571,10
-1194883.4959254225,1785143.8967814571,10
-1194420.1832088951,1785143.8967814571,10
-1193956.8704923675,1785143.8967814571,10
-1193493.5577758402,1785143.8967814571,10
-1193030.2450593126,1785143.8967814571,10
-1192566.9323427852,1785143.8967814571,10
-1192103.6196262576,1785143.8967814571,10
-1191640.3069097302,1785143.8967814571,10
-1191176.9941932026,1785143.8967814571,10
-1190713.6814766752,1785143.8967814571,10
-1190250.3687601476,1785143.8967814571,10
-1189787.0560436202,1785143.8967814571,10
-1189323.7433270926,1785143.8967814571,10
-1188860.430610565,1785143.8967814571,10
-1188397.1178940376,1785143.8967814571,10
-1187933.80517751,1785143.8967814571,10
-1187470.4924609826,1785143.8967814571,10
-1187007.179744455,1785143.8967814571,10
-1186543.8670279277,1785143.8967814571,10
-1186080.5543114,1785143.8967814571,10
-1185617.2415948727,1785143.8967814571,10
-1185153.928878345,1785143.8967814571,10
-1184690.6161618177,1785143.8967814571,10
-1184227.30344529,1785143.8967814571,10
-1183763.9907287627,1785143.8967814571,10
-1183300.678012235,1785143.8967814571,10
-1182837.3652957077,1785143.8967814571,10
-1182374.05257918,1785143.8967814571,10
-1181910.7398626525,1785143.8967814571,10
-1181447.4271461251,1785143.8967814571,10
-1180984.1144295975,1785143.8967814571,10
-1180520.8017130701,1785143.8967814571,10
-1180057.4889965425,1785143.8967814571,10
-1179594.1762800151,1785143.8967814571,10
-1179130.8635634875,1785143.8967814571,10
-1178667.5508469602,1785143.8967814571,10
-1178204.2381304326,1785143.8967814571,10
-1177740.9254139052,1785143.8967814571,10
-1177277.6126973776,1785143.8967814571,10
-1176814.2999808502,1785143.8967814571,10
-1176350.9872643226,1785143.8967814571,10
-1175887.6745477952,1785143.8967814571,10
-1175424.3618312676,1785143.8967814571,10
-1174961.04911474,1785143.8967814571,10
-1174497.7363982126,1785143.8967814571,10
-1174034.4236816852,1785143.8967814571,10
-1173571.1109651576,1785143.8967814571,10
-1173107.79824863,1785143.8967814571,10
-1172644.4855321026,1785143.8967814571,10
-1172181.172815575,1785143.8967814571,10
-1171717.8600990477,1785143.8967814571,10
-1171254.54738252,1785143.8967814571,10
-1170791.2346659927,1785143.8967814571,10
-1170327.921949465,1785143.8967814571,10
-1169864.6092329377,1785143.8967814571,10
-1169401.29651641,1785143.8967814571,10
-1168937.9837998827,1785143.8967814571,10
-1168474.671083355,1785143.8967814571,10
-1168011.3583668275,1785143.8967814571,10
-1167548.0456503,1785143.8967814571,10
-1167084.7329337727,1785143.8967814571,10
-1166621.4202172451,1785143.8967814571,10
-1166158.1075007175,1785143.8967814571,10
-1165694.7947841901,1785143.8967814571,10
-1165231.4820676625,1785143.8967814571,10
-1164768.1693511351,1785143.8967814571,10
-1164304.8566346075,1785143.8967814571,10
-1163841.5439180802,1785143.8967814571,10
-1163378.2312015526,1785143.8967814571,10
-1162914.9184850252,1785143.8967814571,10
-1162451.6057684976,1785143.8967814571,10
-1161988.2930519702,1785143.8967814571,10
-1161524.9803354426,1785143.8967814571,10
-1161061.6676189152,1785143.8967814571,10
-1160598.3549023876,1785143.8967814571,10
-1160135.0421858602,1785143.8967814571,10
-1159671.7294693326,1785143.8967814571,10
-1159208.416752805,1785143.8967814571,10
-1158745.1040362776,1785143.8967814571,10
-1158281.79131975,1785143.8967814571,10
-1157818.4786032226,1785143.8967814571,10
-1157355.165886695,1785143.8967814571,10
-1156891.8531701677,1785143.8967814571,10
-1156428.54045364,1785143.8967814571,10
-1155965.2277371127,1785143.8967814571,10
-1155501.915020585,1785143.8967814571,10
-1155038.6023040577,1785143.8967814571,10
-1154575.28958753,1785143.8967814571,10
-1154111.9768710027,1785143.8967814571,10
-1153648.664154475,1785143.8967814571,10
-1153185.3514379477,1785143.8967814571,10
-1152722.03872142,1785143.8967814571,10
-1152258.7260048925,1785143.8967814571,10
-1151795.4132883651,1785143.8967814571,10
-1151332.1005718375,1785143.8967814571,10
-1150868.7878553101,1785143.8967814571,10
-1281986.2866325926,1784680.5840649297,10
-1281522.9739160652,1784680.5840649297,10
-1281059.6611995376,1784680.5840649297,10
-1280596.3484830102,1784680.5840649297,10
-1280133.0357664826,1784680.5840649297,10
-1279669.7230499552,1784680.5840649297,10
-1279206.4103334276,1784680.5840649297,10
-1278743.0976169002,1784680.5840649297,10
-1278279.7849003726,1784680.5840649297,10
-1277816.472183845,1784680.5840649297,10
-1277353.1594673176,1784680.5840649297,10
-1276889.84675079,1784680.5840649297,10
-1276426.5340342626,1784680.5840649297,10
-1275963.221317735,1784680.5840649297,10
-1275499.9086012077,1784680.5840649297,10
-1275036.59588468,1784680.5840649297,10
-1274573.2831681527,1784680.5840649297,10
-1274109.970451625,1784680.5840649297,10
-1273646.6577350977,1784680.5840649297,10
-1273183.34501857,1784680.5840649297,10
-1272720.0323020427,1784680.5840649297,10
-1272256.719585515,1784680.5840649297,10
-1271793.4068689877,1784680.5840649297,10
-1271330.09415246,1784680.5840649297,10
-1270866.7814359325,1784680.5840649297,10
-1270403.4687194051,1784680.5840649297,10
-1269940.1560028775,1784680.5840649297,10
-1269476.8432863501,1784680.5840649297,10
-1269013.5305698225,1784680.5840649297,10
-1268550.2178532952,1784680.5840649297,10
-1268086.9051367675,1784680.5840649297,10
-1267623.5924202402,1784680.5840649297,10
-1267160.2797037126,1784680.5840649297,10
-1266696.9669871852,1784680.5840649297,10
-1266233.6542706576,1784680.5840649297,10
-1265770.3415541302,1784680.5840649297,10
-1265307.0288376026,1784680.5840649297,10
-1264843.7161210752,1784680.5840649297,10
-1264380.4034045476,1784680.5840649297,10
-1263917.09068802,1784680.5840649297,10
-1263453.7779714926,1784680.5840649297,10
-1262990.465254965,1784680.5840649297,10
-1262527.1525384376,1784680.5840649297,10
-1262063.83982191,1784680.5840649297,10
-1261600.5271053826,1784680.5840649297,10
-1261137.214388855,1784680.5840649297,10
-1260673.9016723277,1784680.5840649297,10
-1260210.5889558,1784680.5840649297,10
-1259747.2762392727,1784680.5840649297,10
-1259283.963522745,1784680.5840649297,10
-1258820.6508062177,1784680.5840649297,10
-1258357.33808969,1784680.5840649297,10
-1256967.3999401077,1784680.5840649297,10
-1256504.08722358,1784680.5840649297,10
-1256040.7745070527,1784680.5840649297,10
-1255577.4617905251,1784680.5840649297,10
-1255114.1490739975,1784680.5840649297,10
-1254650.8363574701,1784680.5840649297,10
-1254187.5236409425,1784680.5840649297,10
-1253724.2109244152,1784680.5840649297,10
-1253260.8982078875,1784680.5840649297,10
-1252797.5854913602,1784680.5840649297,10
-1252334.2727748326,1784680.5840649297,10
-1251870.9600583052,1784680.5840649297,10
-1251407.6473417776,1784680.5840649297,10
-1250944.3346252502,1784680.5840649297,10
-1250481.0219087226,1784680.5840649297,10
-1250017.7091921952,1784680.5840649297,10
-1249554.3964756676,1784680.5840649297,10
-1249091.0837591402,1784680.5840649297,10
-1248627.7710426126,1784680.5840649297,10
-1248164.458326085,1784680.5840649297,10
-1247701.1456095576,1784680.5840649297,10
-1247237.83289303,1784680.5840649297,10
-1246774.5201765026,1784680.5840649297,10
-1246311.207459975,1784680.5840649297,10
-1245847.8947434477,1784680.5840649297,10
-1245384.58202692,1784680.5840649297,10
-1244921.2693103927,1784680.5840649297,10
-1244457.956593865,1784680.5840649297,10
-1243994.6438773377,1784680.5840649297,10
-1243531.33116081,1784680.5840649297,10
-1243068.0184442827,1784680.5840649297,10
-1242604.705727755,1784680.5840649297,10
-1242141.3930112277,1784680.5840649297,10
-1241678.0802947,1784680.5840649297,10
-1241214.7675781725,1784680.5840649297,10
-1240751.4548616451,1784680.5840649297,10
-1240288.1421451175,1784680.5840649297,10
-1239824.8294285901,1784680.5840649297,10
-1239361.5167120625,1784680.5840649297,10
-1238898.2039955352,1784680.5840649297,10
-1238434.8912790075,1784680.5840649297,10
-1237971.5785624802,1784680.5840649297,10
-1237508.2658459526,1784680.5840649297,10
-1237044.9531294252,1784680.5840649297,10
-1236581.6404128976,1784680.5840649297,10
-1236118.3276963702,1784680.5840649297,10
-1235655.0149798426,1784680.5840649297,10
-1235191.7022633152,1784680.5840649297,10
-1234728.3895467876,1784680.5840649297,10
-1234265.07683026,1784680.5840649297,10
-1233801.7641137326,1784680.5840649297,10
-1233338.4513972052,1784680.5840649297,10
-1232875.1386806776,1784680.5840649297,10
-1232411.82596415,1784680.5840649297,10
-1231948.5132476226,1784680.5840649297,10
-1231485.200531095,1784680.5840649297,10
-1231021.8878145677,1784680.5840649297,10
-1230558.57509804,1784680.5840649297,10
-1230095.2623815127,1784680.5840649297,10
-1229631.949664985,1784680.5840649297,10
-1229168.6369484577,1784680.5840649297,10
-1228705.32423193,1784680.5840649297,10
-1228242.0115154027,1784680.5840649297,10
-1227778.698798875,1784680.5840649297,10
-1227315.3860823475,1784680.5840649297,10
-1226852.07336582,1784680.5840649297,10
-1226388.7606492927,1784680.5840649297,10
-1225925.4479327651,1784680.5840649297,10
-1225462.1352162375,1784680.5840649297,10
-1224998.8224997101,1784680.5840649297,10
-1224535.5097831825,1784680.5840649297,10
-1224072.1970666551,1784680.5840649297,10
-1223608.8843501275,1784680.5840649297,10
-1223145.5716336002,1784680.5840649297,10
-1222682.2589170726,1784680.5840649297,10
-1222218.9462005452,1784680.5840649297,10
-1221755.6334840176,1784680.5840649297,10
-1221292.3207674902,1784680.5840649297,10
-1220829.0080509626,1784680.5840649297,10
-1220365.6953344352,1784680.5840649297,10
-1219902.3826179076,1784680.5840649297,10
-1219439.0699013802,1784680.5840649297,10
-1218975.7571848526,1784680.5840649297,10
-1218512.444468325,1784680.5840649297,10
-1218049.1317517976,1784680.5840649297,10
-1217585.81903527,1784680.5840649297,10
-1217122.5063187426,1784680.5840649297,10
-1216659.193602215,1784680.5840649297,10
-1216195.8808856877,1784680.5840649297,10
-1215732.56816916,1784680.5840649297,10
-1215269.2554526327,1784680.5840649297,10
-1214805.942736105,1784680.5840649297,10
-1214342.6300195777,1784680.5840649297,10
-1213879.31730305,1784680.5840649297,10
-1213416.0045865227,1784680.5840649297,10
-1212952.691869995,1784680.5840649297,10
-1212489.3791534677,1784680.5840649297,10
-1212026.06643694,1784680.5840649297,10
-1211562.7537204125,1784680.5840649297,10
-1211099.4410038851,1784680.5840649297,10
-1210636.1282873575,1784680.5840649297,10
-1210172.8155708301,1784680.5840649297,10
-1209709.5028543025,1784680.5840649297,10
-1209246.1901377751,1784680.5840649297,10
-1208782.8774212475,1784680.5840649297,10
-1208319.5647047202,1784680.5840649297,10
-1207856.2519881926,1784680.5840649297,10
-1207392.9392716652,1784680.5840649297,10
-1206929.6265551376,1784680.5840649297,10
-1206466.3138386102,1784680.5840649297,10
-1206003.0011220826,1784680.5840649297,10
-1205539.6884055552,1784680.5840649297,10
-1205076.3756890276,1784680.5840649297,10
-1204613.0629725,1784680.5840649297,10
-1204149.7502559726,1784680.5840649297,10
-1203686.4375394452,1784680.5840649297,10
-1203223.1248229176,1784680.5840649297,10
-1202759.81210639,1784680.5840649297,10
-1202296.4993898626,1784680.5840649297,10
-1201833.186673335,1784680.5840649297,10
-1201369.8739568077,1784680.5840649297,10
-1200906.56124028,1784680.5840649297,10
-1200443.2485237527,1784680.5840649297,10
-1199979.935807225,1784680.5840649297,10
-1199516.6230906977,1784680.5840649297,10
-1199053.31037417,1784680.5840649297,10
-1198589.9976576427,1784680.5840649297,10
-1198126.684941115,1784680.5840649297,10
-1197663.3722245875,1784680.5840649297,10
-1197200.05950806,1784680.5840649297,10
-1196736.7467915327,1784680.5840649297,10
-1196273.4340750051,1784680.5840649297,10
-1195810.1213584775,1784680.5840649297,10
-1195346.8086419501,1784680.5840649297,10
-1194883.4959254225,1784680.5840649297,10
-1194420.1832088951,1784680.5840649297,10
-1193956.8704923675,1784680.5840649297,10
-1193493.5577758402,1784680.5840649297,10
-1193030.2450593126,1784680.5840649297,10
-1192566.9323427852,1784680.5840649297,10
-1192103.6196262576,1784680.5840649297,10
-1191640.3069097302,1784680.5840649297,10
-1191176.9941932026,1784680.5840649297,10
-1190713.6814766752,1784680.5840649297,10
-1190250.3687601476,1784680.5840649297,10
-1189787.0560436202,1784680.5840649297,10
-1189323.7433270926,1784680.5840649297,10
-1188860.430610565,1784680.5840649297,10
-1188397.1178940376,1784680.5840649297,10
-1187933.80517751,1784680.5840649297,10
-1187470.4924609826,1784680.5840649297,10
-1187007.179744455,1784680.5840649297,10
-1186543.8670279277,1784680.5840649297,10
-1186080.5543114,1784680.5840649297,10
-1185617.2415948727,1784680.5840649297,10
-1185153.928878345,1784680.5840649297,10
-1184690.6161618177,1784680.5840649297,10
-1184227.30344529,1784680.5840649297,10
-1183763.9907287627,1784680.5840649297,10
-1183300.678012235,1784680.5840649297,10
-1182837.3652957077,1784680.5840649297,10
-1182374.05257918,1784680.5840649297,10
-1181910.7398626525,1784680.5840649297,10
-1181447.4271461251,1784680.5840649297,10
-1180984.1144295975,1784680.5840649297,10
-1180520.8017130701,1784680.5840649297,10
-1180057.4889965425,1784680.5840649297,10
-1179594.1762800151,1784680.5840649297,10
-1179130.8635634875,1784680.5840649297,10
-1178667.5508469602,1784680.5840649297,10
-1178204.2381304326,1784680.5840649297,10
-1177740.9254139052,1784680.5840649297,10
-1177277.6126973776,1784680.5840649297,10
-1176814.2999808502,1784680.5840649297,10
-1176350.9872643226,1784680.5840649297,10
-1175887.6745477952,1784680.5840649297,10
-1175424.3618312676,1784680.5840649297,10
-1174961.04911474,1784680.5840649297,10
-1174497.7363982126,1784680.5840649297,10
-1174034.4236816852,1784680.5840649297,10
-1173571.1109651576,1784680.5840649297,10
-1173107.79824863,1784680.5840649297,10
-1172644.4855321026,1784680.5840649297,10
-1172181.172815575,1784680.5840649297,10
-1171717.8600990477,1784680.5840649297,10
-1171254.54738252,1784680.5840649297,10
-1170791.2346659927,1784680.5840649297,10
-1170327.921949465,1784680.5840649297,10
-1169864.6092329377,1784680.5840649297,10
-1169401.29651641,1784680.5840649297,10
-1168937.9837998827,1784680.5840649297,10
-1168474.671083355,1784680.5840649297,10
-1168011.3583668275,1784680.5840649297,10
-1167548.0456503,1784680.5840649297,10
-1167084.7329337727,1784680.5840649297,10
-1166621.4202172451,1784680.5840649297,10
-1166158.1075007175,1784680.5840649297,10
-1165694.7947841901,1784680.5840649297,10
-1165231.4820676625,1784680.5840649297,10
-1164768.1693511351,1784680.5840649297,10
-1164304.8566346075,1784680.5840649297,10
-1163841.5439180802,1784680.5840649297,10
-1163378.2312015526,1784680.5840649297,10
-1162914.9184850252,1784680.5840649297,10
-1162451.6057684976,1784680.5840649297,10
-1161988.2930519702,1784680.5840649297,10
-1161524.9803354426,1784680.5840649297,10
-1161061.6676189152,1784680.5840649297,10
-1160598.3549023876,1784680.5840649297,10
-1160135.0421858602,1784680.5840649297,10
-1159671.7294693326,1784680.5840649297,10
-1159208.416752805,1784680.5840649297,10
-1158745.1040362776,1784680.5840649297,10
-1158281.79131975,1784680.5840649297,10
-1157818.4786032226,1784680.5840649297,10
-1157355.165886695,1784680.5840649297,10
-1156891.8531701677,1784680.5840649297,10
-1156428.54045364,1784680.5840649297,10
-1155965.2277371127,1784680.5840649297,10
-1155501.915020585,1784680.5840649297,10
-1155038.6023040577,1784680.5840649297,10
-1154575.28958753,1784680.5840649297,10
-1154111.9768710027,1784680.5840649297,10
-1153648.664154475,1784680.5840649297,10
-1153185.3514379477,1784680.5840649297,10
-1152722.03872142,1784680.5840649297,10
-1152258.7260048925,1784680.5840649297,10
-1151795.4132883651,1784680.5840649297,10
-1151332.1005718375,1784680.5840649297,10
-1150868.7878553101,1784680.5840649297,10
-1281986.2866325926,1784217.2713484021,10
-1281522.9739160652,1784217.2713484021,10
-1281059.6611995376,1784217.2713484021,10
-1280596.3484830102,1784217.2713484021,10
-1280133.0357664826,1784217.2713484021,10
-1279669.7230499552,1784217.2713484021,10
-1279206.4103334276,1784217.2713484021,10
-1278743.0976169002,1784217.2713484021,10
-1278279.7849003726,1784217.2713484021,10
-1277816.472183845,1784217.2713484021,10
-1277353.1594673176,1784217.2713484021,10
-1276889.84675079,1784217.2713484021,10
-1276426.5340342626,1784217.2713484021,10
-1275963.221317735,1784217.2713484021,10
-1275499.9086012077,1784217.2713484021,10
-1275036.59588468,1784217.2713484021,10
-1274573.2831681527,1784217.2713484021,10
-1274109.970451625,1784217.2713484021,10
-1273646.6577350977,1784217.2713484021,10
-1273183.34501857,1784217.2713484021,10
-1272720.0323020427,1784217.2713484021,10
-1272256.719585515,1784217.2713484021,10
-1271793.4068689877,1784217.2713484021,10
-1271330.09415246,1784217.2713484021,10
-1270866.7814359325,1784217.2713484021,10
-1270403.4687194051,1784217.2713484021,10
-1269940.1560028775,1784217.2713484021,10
-1269476.8432863501,1784217.2713484021,10
-1269013.5305698225,1784217.2713484021,10
-1268550.2178532952,1784217.2713484021,10
-1268086.9051367675,1784217.2713484021,10
-1267623.5924202402,1784217.2713484021,10
-1267160.2797037126,1784217.2713484021,10
-1266696.9669871852,1784217.2713484021,10
-1266233.6542706576,1784217.2713484021,10
-1265770.3415541302,1784217.2713484021,10
-1265307.0288376026,1784217.2713484021,10
-1264843.7161210752,1784217.2713484021,10
-1264380.4034045476,1784217.2713484021,10
-1263917.09068802,1784217.2713484021,10
-1263453.7779714926,1784217.2713484021,10
-1262990.465254965,1784217.2713484021,10
-1262527.1525384376,1784217.2713484021,10
-1262063.83982191,1784217.2713484021,10
-1261600.5271053826,1784217.2713484021,10
-1261137.214388855,1784217.2713484021,10
-1260673.9016723277,1784217.2713484021,10
-1260210.5889558,1784217.2713484021,10
-1259747.2762392727,1784217.2713484021,10
-1259283.963522745,1784217.2713484021,10
-1258820.6508062177,1784217.2713484021,10
-1255114.1490739975,1784217.2713484021,10
-1254650.8363574701,1784217.2713484021,10
-1254187.5236409425,1784217.2713484021,10
-1253724.2109244152,1784217.2713484021,10
-1253260.8982078875,1784217.2713484021,10
-1252797.5854913602,1784217.2713484021,10
-1252334.2727748326,1784217.2713484021,10
-1251870.9600583052,1784217.2713484021,10
-1251407.6473417776,1784217.2713484021,10
-1250944.3346252502,1784217.2713484021,10
-1250481.0219087226,1784217.2713484021,10
-1250017.7091921952,1784217.2713484021,10
-1249554.3964756676,1784217.2713484021,10
-1249091.0837591402,1784217.2713484021,10
-1248627.7710426126,1784217.2713484021,10
-1248164.458326085,1784217.2713484021,10
-1247701.1456095576,1784217.2713484021,10
-1247237.83289303,1784217.2713484021,10
-1246774.5201765026,1784217.2713484021,10
-1246311.207459975,1784217.2713484021,10
-1245847.8947434477,1784217.2713484021,10
-1245384.58202692,1784217.2713484021,10
-1244921.2693103927,1784217.2713484021,10
-1244457.956593865,1784217.2713484021,10
-1243994.6438773377,1784217.2713484021,10
-1243531.33116081,1784217.2713484021,10
-1243068.0184442827,1784217.2713484021,10
-1242604.705727755,1784217.2713484021,10
-1242141.3930112277,1784217.2713484021,10
-1241678.0802947,1784217.2713484021,10
-1241214.7675781725,1784217.2713484021,10
-1240751.4548616451,1784217.2713484021,10
-1240288.1421451175,1784217.2713484021,10
-1239824.8294285901,1784217.2713484021,10
-1239361.5167120625,1784217.2713484021,10
-1238898.2039955352,1784217.2713484021,10
-1238434.8912790075,1784217.2713484021,10
-1237971.5785624802,1784217.2713484021,10
-1237508.2658459526,1784217.2713484021,10
-1237044.9531294252,1784217.2713484021,10
-1236581.6404128976,1784217.2713484021,10
-1236118.3276963702,1784217.2713484021,10
-1235655.0149798426,1784217.2713484021,10
-1235191.7022633152,1784217.2713484021,10
-1234728.3895467876,1784217.2713484021,10
-1234265.07683026,1784217.2713484021,10
-1233801.7641137326,1784217.2713484021,10
-1233338.4513972052,1784217.2713484021,10
-1232875.1386806776,1784217.2713484021,10
-1232411.82596415,1784217.2713484021,10
-1231948.5132476226,1784217.2713484021,10
-1231485.200531095,1784217.2713484021,10
-1231021.8878145677,1784217.2713484021,10
-1230558.57509804,1784217.2713484021,10
-1230095.2623815127,1784217.2713484021,10
-1229631.949664985,1784217.2713484021,10
-1229168.6369484577,1784217.2713484021,10
-1228705.32423193,1784217.2713484021,10
-1228242.0115154027,1784217.2713484021,10
-1227778.698798875,1784217.2713484021,10
-1227315.3860823475,1784217.2713484021,10
-1226852.07336582,1784217.2713484021,10
-1226388.7606492927,1784217.2713484021,10
-1225925.4479327651,1784217.2713484021,10
-1225462.1352162375,1784217.2713484021,10
-1224998.8224997101,1784217.2713484021,10
-1224535.5097831825,1784217.2713484021,10
-1224072.1970666551,1784217.2713484021,10
-1223608.8843501275,1784217.2713484021,10
-1223145.5716336002,1784217.2713484021,10
-1222682.2589170726,1784217.2713484021,10
-1222218.9462005452,1784217.2713484021,10
-1221755.6334840176,1784217.2713484021,10
-1221292.3207674902,1784217.2713484021,10
-1220829.0080509626,1784217.2713484021,10
-1220365.6953344352,1784217.2713484021,10
-1219902.3826179076,1784217.2713484021,10
-1219439.0699013802,1784217.2713484021,10
-1218975.7571848526,1784217.2713484021,10
-1218512.444468325,1784217.2713484021,10
-1218049.1317517976,1784217.2713484021,10
-1217585.81903527,1784217.2713484021,10
-1217122.5063187426,1784217.2713484021,10
-1216659.193602215,1784217.2713484021,10
-1216195.8808856877,1784217.2713484021,10
-1215732.56816916,1784217.2713484021,10
-1215269.2554526327,1784217.2713484021,10
-1214805.942736105,1784217.2713484021,10
-1214342.6300195777,1784217.2713484021,10
-1213879.31730305,1784217.2713484021,10
-1213416.0045865227,1784217.2713484021,10
-1212952.691869995,1784217.2713484021,10
-1212489.3791534677,1784217.2713484021,10
-1212026.06643694,1784217.2713484021,10
-1211562.7537204125,1784217.2713484021,10
-1211099.4410038851,1784217.2713484021,10
-1210636.1282873575,1784217.2713484021,10
-1210172.8155708301,1784217.2713484021,10
-1209709.5028543025,1784217.2713484021,10
-1209246.1901377751,1784217.2713484021,10
-1208782.8774212475,1784217.2713484021,10
-1208319.5647047202,1784217.2713484021,10
-1207856.2519881926,1784217.2713484021,10
-1207392.9392716652,1784217.2713484021,10
-1206929.6265551376,1784217.2713484021,10
-1206466.3138386102,1784217.2713484021,10
-1206003.0011220826,1784217.2713484021,10
-1205539.6884055552,1784217.2713484021,10
-1205076.3756890276,1784217.2713484021,10
-1204613.0629725,1784217.2713484021,10
-1204149.7502559726,1784217.2713484021,10
-1203686.4375394452,1784217.2713484021,10
-1203223.1248229176,1784217.2713484021,10
-1202759.81210639,1784217.2713484021,10
-1202296.4993898626,1784217.2713484021,10
-1201833.186673335,1784217.2713484021,10
-1201369.8739568077,1784217.2713484021,10
-1200906.56124028,1784217.2713484021,10
-1200443.2485237527,1784217.2713484021,10
-1199979.935807225,1784217.2713484021,10
-1199516.6230906977,1784217.2713484021,10
-1199053.31037417,1784217.2713484021,10
-1198589.9976576427,1784217.2713484021,10
-1198126.684941115,1784217.2713484021,10
-1197663.3722245875,1784217.2713484021,10
-1197200.05950806,1784217.2713484021,10
-1196736.7467915327,1784217.2713484021,10
-1196273.4340750051,1784217.2713484021,10
-1195810.1213584775,1784217.2713484021,10
-1195346.8086419501,1784217.2713484021,10
-1194883.4959254225,1784217.2713484021,10
-1194420.1832088951,1784217.2713484021,10
-1193956.8704923675,1784217.2713484021,10
-1193493.5577758402,1784217.2713484021,10
-1193030.2450593126,1784217.2713484021,10
-1192566.9323427852,1784217.2713484021,10
-1192103.6196262576,1784217.2713484021,10
-1191640.3069097302,1784217.2713484021,10
-1191176.9941932026,1784217.2713484021,10
-1190713.6814766752,1784217.2713484021,10
-1190250.3687601476,1784217.2713484021,10
-1189787.0560436202,1784217.2713484021,10
-1189323.7433270926,1784217.2713484021,10
-1188860.430610565,1784217.2713484021,10
-1188397.1178940376,1784217.2713484021,10
-1187933.80517751,1784217.2713484021,10
-1187470.4924609826,1784217.2713484021,10
-1187007.179744455,1784217.2713484021,10
-1186543.8670279277,1784217.2713484021,10
-1186080.5543114,1784217.2713484021,10
-1185617.2415948727,1784217.2713484021,10
-1185153.928878345,1784217.2713484021,10
-1184690.6161618177,1784217.2713484021,10
-1184227.30344529,1784217.2713484021,10
-1183763.9907287627,1784217.2713484021,10
-1183300.678012235,1784217.2713484021,10
-1182837.3652957077,1784217.2713484021,10
-1182374.05257918,1784217.2713484021,10
-1181910.7398626525,1784217.2713484021,10
-1181447.4271461251,1784217.2713484021,10
-1180984.1144295975,1784217.2713484021,10
-1180520.8017130701,1784217.2713484021,10
-1180057.4889965425,1784217.2713484021,10
-1179594.1762800151,1784217.2713484021,10
-1179130.8635634875,1784217.2713484021,10
-1178667.5508469602,1784217.2713484021,10
-1178204.2381304326,1784217.2713484021,10
-1177740.9254139052,1784217.2713484021,10
-1177277.6126973776,1784217.2713484021,10
-1176814.2999808502,1784217.2713484021,10
-1176350.9872643226,1784217.2713484021,10
-1175887.6745477952,1784217.2713484021,10
-1175424.3618312676,1784217.2713484021,10
-1174961.04911474,1784217.2713484021,10
-1174497.7363982126,1784217.2713484021,10
-1174034.4236816852,1784217.2713484021,10
-1173571.1109651576,1784217.2713484021,10
-1173107.79824863,1784217.2713484021,10
-1172644.4855321026,1784217.2713484021,10
-1172181.172815575,1784217.2713484021,10
-1171717.8600990477,1784217.2713484021,10
-1171254.54738252,1784217.2713484021,10
-1170791.2346659927,1784217.2713484021,10
-1170327.921949465,1784217.2713484021,10
-1169864.6092329377,1784217.2713484021,10
-1169401.29651641,1784217.2713484021,10
-1168937.9837998827,1784217.2713484021,10
-1168474.671083355,1784217.2713484021,10
-1168011.3583668275,1784217.2713484021,10
-1167548.0456503,1784217.2713484021,10
-1167084.7329337727,1784217.2713484021,10
-1166621.4202172451,1784217.2713484021,10
-1166158.1075007175,1784217.2713484021,10
-1165694.7947841901,1784217.2713484021,10
-1165231.4820676625,1784217.2713484021,10
-1164768.1693511351,1784217.2713484021,10
-1164304.8566346075,1784217.2713484021,10
-1163841.5439180802,1784217.2713484021,10
-1163378.2312015526,1784217.2713484021,10
-1162914.9184850252,1784217.2713484021,10
-1162451.6057684976,1784217.2713484021,10
-1161988.2930519702,1784217.2713484021,10
-1161524.9803354426,1784217.2713484021,10
-1161061.6676189152,1784217.2713484021,10
-1160598.3549023876,1784217.2713484021,10
-1160135.0421858602,1784217.2713484021,10
-1159671.7294693326,1784217.2713484021,10
-1159208.416752805,1784217.2713484021,10
-1158745.1040362776,1784217.2713484021,10
-1158281.79131975,1784217.2713484021,10
-1157818.4786032226,1784217.2713484021,10
-1157355.165886695,1784217.2713484021,10
-1156891.8531701677,1784217.2713484021,10
-1156428.54045364,1784217.2713484021,10
-1155965.2277371127,1784217.2713484021,10
-1155501.915020585,1784217.2713484021,10
-1155038.6023040577,1784217.2713484021,10
-1154575.28958753,1784217.2713484021,10
-1154111.9768710027,1784217.2713484021,10
-1153648.664154475,1784217.2713484021,10
-1153185.3514379477,1784217.2713484021,10
-1152722.03872142,1784217.2713484021,10
-1152258.7260048925,1784217.2713484021,10
-1151795.4132883651,1784217.2713484021,10
-1151332.1005718375,1784217.2713484021,10
-1150868.7878553101,1784217.2713484021,10
-1281986.2866325926,1783753.9586318748,10
-1281522.9739160652,1783753.9586318748,10
-1281059.6611995376,1783753.9586318748,10
-1280596.3484830102,1783753.9586318748,10
-1280133.0357664826,1783753.9586318748,10
-1279669.7230499552,1783753.9586318748,10
-1279206.4103334276,1783753.9586318748,10
-1278743.0976169002,1783753.9586318748,10
-1278279.7849003726,1783753.9586318748,10
-1277816.472183845,1783753.9586318748,10
-1277353.1594673176,1783753.9586318748,10
-1276889.84675079,1783753.9586318748,10
-1276426.5340342626,1783753.9586318748,10
-1275963.221317735,1783753.9586318748,10
-1275499.9086012077,1783753.9586318748,10
-1275036.59588468,1783753.9586318748,10
-1274573.2831681527,1783753.9586318748,10
-1274109.970451625,1783753.9586318748,10
-1273646.6577350977,1783753.9586318748,10
-1273183.34501857,1783753.9586318748,10
-1272720.0323020427,1783753.9586318748,10
-1272256.719585515,1783753.9586318748,10
-1271793.4068689877,1783753.9586318748,10
-1271330.09415246,1783753.9586318748,10
-1270866.7814359325,1783753.9586318748,10
-1270403.4687194051,1783753.9586318748,10
-1269940.1560028775,1783753.9586318748,10
-1269476.8432863501,1783753.9586318748,10
-1269013.5305698225,1783753.9586318748,10
-1268550.2178532952,1783753.9586318748,10
-1268086.9051367675,1783753.9586318748,10
-1267623.5924202402,1783753.9586318748,10
-1267160.2797037126,1783753.9586318748,10
-1266696.9669871852,1783753.9586318748,10
-1266233.6542706576,1783753.9586318748,10
-1265770.3415541302,1783753.9586318748,10
-1265307.0288376026,1783753.9586318748,10
-1264843.7161210752,1783753.9586318748,10
-1264380.4034045476,1783753.9586318748,10
-1263917.09068802,1783753.9586318748,10
-1263453.7779714926,1783753.9586318748,10
-1262990.465254965,1783753.9586318748,10
-1262527.1525384376,1783753.9586318748,10
-1262063.83982191,1783753.9586318748,10
-1261600.5271053826,1783753.9586318748,10
-1261137.214388855,1783753.9586318748,10
-1260673.9016723277,1783753.9586318748,10
-1260210.5889558,1783753.9586318748,10
-1259747.2762392727,1783753.9586318748,10
-1259283.963522745,1783753.9586318748,10
-1258820.6508062177,1783753.9586318748,10
-1253724.2109244152,1783753.9586318748,10
-1253260.8982078875,1783753.9586318748,10
-1252797.5854913602,1783753.9586318748,10
-1252334.2727748326,1783753.9586318748,10
-1251870.9600583052,1783753.9586318748,10
-1251407.6473417776,1783753.9586318748,10
-1250944.3346252502,1783753.9586318748,10
-1250481.0219087226,1783753.9586318748,10
-1250017.7091921952,1783753.9586318748,10
-1249554.3964756676,1783753.9586318748,10
-1249091.0837591402,1783753.9586318748,10
-1248627.7710426126,1783753.9586318748,10
-1248164.458326085,1783753.9586318748,10
-1247701.1456095576,1783753.9586318748,10
-1247237.83289303,1783753.9586318748,10
-1246774.5201765026,1783753.9586318748,10
-1246311.207459975,1783753.9586318748,10
-1245847.8947434477,1783753.9586318748,10
-1245384.58202692,1783753.9586318748,10
-1244921.2693103927,1783753.9586318748,10
-1244457.956593865,1783753.9586318748,10
-1243994.6438773377,1783753.9586318748,10
-1243531.33116081,1783753.9586318748,10
-1243068.0184442827,1783753.9586318748,10
-1242604.705727755,1783753.9586318748,10
-1242141.3930112277,1783753.9586318748,10
-1241678.0802947,1783753.9586318748,10
-1241214.7675781725,1783753.9586318748,10
-1240751.4548616451,1783753.9586318748,10
-1240288.1421451175,1783753.9586318748,10
-1239824.8294285901,1783753.9586318748,10
-1239361.5167120625,1783753.9586318748,10
-1238898.2039955352,1783753.9586318748,10
-1238434.8912790075,1783753.9586318748,10
-1237971.5785624802,1783753.9586318748,10
-1237508.2658459526,1783753.9586318748,10
-1237044.9531294252,1783753.9586318748,10
-1236581.6404128976,1783753.9586318748,10
-1236118.3276963702,1783753.9586318748,10
-1235655.0149798426,1783753.9586318748,10
-1235191.7022633152,1783753.9586318748,10
-1234728.3895467876,1783753.9586318748,10
-1234265.07683026,1783753.9586318748,10
-1233801.7641137326,1783753.9586318748,10
-1233338.4513972052,1783753.9586318748,10
-1232875.1386806776,1783753.9586318748,10
-1232411.82596415,1783753.9586318748,10
-1231948.5132476226,1783753.9586318748,10
-1231485.200531095,1783753.9586318748,10
-1231021.8878145677,1783753.9586318748,10
-1230558.57509804,1783753.9586318748,10
-1230095.2623815127,1783753.9586318748,10
-1229631.949664985,1783753.9586318748,10
-1229168.6369484577,1783753.9586318748,10
-1228705.32423193,1783753.9586318748,10
-1228242.0115154027,1783753.9586318748,10
-1227778.698798875,1783753.9586318748,10
-1227315.3860823475,1783753.9586318748,10
-1226852.07336582,1783753.9586318748,10
-1226388.7606492927,1783753.9586318748,10
-1225925.4479327651,1783753.9586318748,10
-1225462.1352162375,1783753.9586318748,10
-1224998.8224997101,1783753.9586318748,10
-1224535.5097831825,1783753.9586318748,10
-1224072.1970666551,1783753.9586318748,10
-1223608.8843501275,1783753.9586318748,10
-1223145.5716336002,1783753.9586318748,10
-1222682.2589170726,1783753.9586318748,10
-1222218.9462005452,1783753.9586318748,10
-1221755.6334840176,1783753.9586318748,10
-1221292.3207674902,1783753.9586318748,10
-1220829.0080509626,1783753.9586318748,10
-1220365.6953344352,1783753.9586318748,10
-1219902.3826179076,1783753.9586318748,10
-1219439.0699013802,1783753.9586318748,10
-1218975.7571848526,1783753.9586318748,10
-1218512.444468325,1783753.9586318748,10
-1218049.1317517976,1783753.9586318748,10
-1217585.81903527,1783753.9586318748,10
-1217122.5063187426,1783753.9586318748,10
-1216659.193602215,1783753.9586318748,10
-1216195.8808856877,1783753.9586318748,10
-1215732.56816916,1783753.9586318748,10
-1215269.2554526327,1783753.9586318748,10
-1214805.942736105,1783753.9586318748,10
-1214342.6300195777,1783753.9586318748,10
-1213879.31730305,1783753.9586318748,10
-1213416.0045865227,1783753.9586318748,10
-1212952.691869995,1783753.9586318748,10
-1212489.3791534677,1783753.9586318748,10
-1212026.06643694,1783753.9586318748,10
-1211562.7537204125,1783753.9586318748,10
-1211099.4410038851,1783753.9586318748,10
-1210636.1282873575,1783753.9586318748,10
-1210172.8155708301,1783753.9586318748,10
-1209709.5028543025,1783753.9586318748,10
-1209246.1901377751,1783753.9586318748,10
-1208782.8774212475,1783753.9586318748,10
-1208319.5647047202,1783753.9586318748,10
-1207856.2519881926,1783753.9586318748,10
-1207392.9392716652,1783753.9586318748,10
-1206929.6265551376,1783753.9586318748,10
-1206466.3138386102,1783753.9586318748,10
-1206003.0011220826,1783753.9586318748,10
-1205539.6884055552,1783753.9586318748,10
-1205076.3756890276,1783753.9586318748,10
-1204613.0629725,1783753.9586318748,10
-1204149.7502559726,1783753.9586318748,10
-1203686.4375394452,1783753.9586318748,10
-1203223.1248229176,1783753.9586318748,10
-1202759.81210639,1783753.9586318748,10
-1202296.4993898626,1783753.9586318748,10
-1201833.186673335,1783753.9586318748,10
-1201369.8739568077,1783753.9586318748,10
-1200906.56124028,1783753.9586318748,10
-1200443.2485237527,1783753.9586318748,10
-1199979.935807225,1783753.9586318748,10
-1199516.6230906977,1783753.9586318748,10
-1199053.31037417,1783753.9586318748,10
-1198589.9976576427,1783753.9586318748,10
-1198126.684941115,1783753.9586318748,10
-1197663.3722245875,1783753.9586318748,10
-1197200.05950806,1783753.9586318748,10
-1196736.7467915327,1783753.9586318748,10
-1196273.4340750051,1783753.9586318748,10
-1195810.1213584775,1783753.9586318748,10
-1195346.8086419501,1783753.9586318748,10
-1194883.4959254225,1783753.9586318748,10
-1194420.1832088951,1783753.9586318748,10
-1193956.8704923675,1783753.9586318748,10
-1193493.5577758402,1783753.9586318748,10
-1193030.2450593126,1783753.9586318748,10
-1192566.9323427852,1783753.9586318748,10
-1192103.6196262576,1783753.9586318748,10
-1191640.3069097302,1783753.9586318748,10
-1191176.9941932026,1783753.9586318748,10
-1190713.6814766752,1783753.9586318748,10
-1190250.3687601476,1783753.9586318748,10
-1189787.0560436202,1783753.9586318748,10
-1189323.7433270926,1783753.9586318748,10
-1188860.430610565,1783753.9586318748,10
-1188397.1178940376,1783753.9586318748,10
-1187933.80517751,1783753.9586318748,10
-1187470.4924609826,1783753.9586318748,10
-1187007.179744455,1783753.9586318748,10
-1186543.8670279277,1783753.9586318748,10
-1186080.5543114,1783753.9586318748,10
-1185617.2415948727,1783753.9586318748,10
-1185153.928878345,1783753.9586318748,10
-1184690.6161618177,1783753.9586318748,10
-1184227.30344529,1783753.9586318748,10
-1183763.9907287627,1783753.9586318748,10
-1183300.678012235,1783753.9586318748,10
-1182837.3652957077,1783753.9586318748,10
-1182374.05257918,1783753.9586318748,10
-1181910.7398626525,1783753.9586318748,10
-1181447.4271461251,1783753.9586318748,10
-1180984.1144295975,1783753.9586318748,10
-1180520.8017130701,1783753.9586318748,10
-1180057.4889965425,1783753.9586318748,10
-1179594.1762800151,1783753.9586318748,10
-1179130.8635634875,1783753.9586318748,10
-1178667.5508469602,1783753.9586318748,10
-1178204.2381304326,1783753.9586318748,10
-1177740.9254139052,1783753.9586318748,10
-1177277.6126973776,1783753.9586318748,10
-1176814.2999808502,1783753.9586318748,10
-1176350.9872643226,1783753.9586318748,10
-1175887.6745477952,1783753.9586318748,10
-1175424.3618312676,1783753.9586318748,10
-1174961.04911474,1783753.9586318748,10
-1174497.7363982126,1783753.9586318748,10
-1174034.4236816852,1783753.9586318748,10
-1173571.1109651576,1783753.9586318748,10
-1173107.79824863,1783753.9586318748,10
-1172644.4855321026,1783753.9586318748,10
-1172181.172815575,1783753.9586318748,10
-1171717.8600990477,1783753.9586318748,10
-1171254.54738252,1783753.9586318748,10
-1170791.2346659927,1783753.9586318748,10
-1170327.921949465,1783753.9586318748,10
-1169864.6092329377,1783753.9586318748,10
-1169401.29651641,1783753.9586318748,10
-1168937.9837998827,1783753.9586318748,10
-1168474.671083355,1783753.9586318748,10
-1168011.3583668275,1783753.9586318748,10
-1167548.0456503,1783753.9586318748,10
-1167084.7329337727,1783753.9586318748,10
-1166621.4202172451,1783753.9586318748,10
-1166158.1075007175,1783753.9586318748,10
-1165694.7947841901,1783753.9586318748,10
-1165231.4820676625,1783753.9586318748,10
-1164768.1693511351,1783753.9586318748,10
-1164304.8566346075,1783753.9586318748,10
-1163841.5439180802,1783753.9586318748,10
-1163378.2312015526,1783753.9586318748,10
-1162914.9184850252,1783753.9586318748,10
-1162451.6057684976,1783753.9586318748,10
-1161988.2930519702,1783753.9586318748,10
-1161524.9803354426,1783753.9586318748,10
-1161061.6676189152,1783753.9586318748,10
-1160598.3549023876,1783753.9586318748,10
-1160135.0421858602,1783753.9586318748,10
-1159671.7294693326,1783753.9586318748,10
-1159208.416752805,1783753.9586318748,10
-1158745.1040362776,1783753.9586318748,10
-1158281.79131975,1783753.9586318748,10
-1157818.4786032226,1783753.9586318748,10
-1157355.165886695,1783753.9586318748,10
-1156891.8531701677,1783753.9586318748,10
-1156428.54045364,1783753.9586318748,10
-1155965.2277371127,1783753.9586318748,10
-1155501.915020585,1783753.9586318748,10
-1155038.6023040577,1783753.9586318748,10
-1154575.28958753,1783753.9586318748,10
-1154111.9768710027,1783753.9586318748,10
-1153648.664154475,1783753.9586318748,10
-1153185.3514379477,1783753.9586318748,10
-1152722.03872142,1783753.9586318748,10
-1152258.7260048925,1783753.9586318748,10
-1151795.4132883651,1783753.9586318748,10
-1151332.1005718375,1783753.9586318748,10
-1281986.2866325926,1783290.6459153472,10
-1281522.9739160652,1783290.6459153472,10
-1281059.6611995376,1783290.6459153472,10
-1280596.3484830102,1783290.6459153472,10
-1280133.0357664826,1783290.6459153472,10
-1279669.7230499552,1783290.6459153472,10
-1279206.4103334276,1783290.6459153472,10
-1278743.0976169002,1783290.6459153472,10
-1278279.7849003726,1783290.6459153472,10
-1277816.472183845,1783290.6459153472,10
-1277353.1594673176,1783290.6459153472,10
-1276889.84675079,1783290.6459153472,10
-1276426.5340342626,1783290.6459153472,10
-1275963.221317735,1783290.6459153472,10
-1275499.9086012077,1783290.6459153472,10
-1275036.59588468,1783290.6459153472,10
-1274573.2831681527,1783290.6459153472,10
-1274109.970451625,1783290.6459153472,10
-1273646.6577350977,1783290.6459153472,10
-1273183.34501857,1783290.6459153472,10
-1272720.0323020427,1783290.6459153472,10
-1272256.719585515,1783290.6459153472,10
-1271793.4068689877,1783290.6459153472,10
-1271330.09415246,1783290.6459153472,10
-1270866.7814359325,1783290.6459153472,10
-1270403.4687194051,1783290.6459153472,10
-1269940.1560028775,1783290.6459153472,10
-1269476.8432863501,1783290.6459153472,10
-1269013.5305698225,1783290.6459153472,10
-1268550.2178532952,1783290.6459153472,10
-1268086.9051367675,1783290.6459153472,10
-1267623.5924202402,1783290.6459153472,10
-1267160.2797037126,1783290.6459153472,10
-1266696.9669871852,1783290.6459153472,10
-1266233.6542706576,1783290.6459153472,10
-1265770.3415541302,1783290.6459153472,10
-1265307.0288376026,1783290.6459153472,10
-1264843.7161210752,1783290.6459153472,10
-1264380.4034045476,1783290.6459153472,10
-1263917.09068802,1783290.6459153472,10
-1263453.7779714926,1783290.6459153472,10
-1262990.465254965,1783290.6459153472,10
-1261137.214388855,1783290.6459153472,10
-1260673.9016723277,1783290.6459153472,10
-1260210.5889558,1783290.6459153472,10
-1259747.2762392727,1783290.6459153472,10
-1259283.963522745,1783290.6459153472,10
-1253724.2109244152,1783290.6459153472,10
-1253260.8982078875,1783290.6459153472,10
-1252797.5854913602,1783290.6459153472,10
-1252334.2727748326,1783290.6459153472,10
-1251870.9600583052,1783290.6459153472,10
-1251407.6473417776,1783290.6459153472,10
-1250944.3346252502,1783290.6459153472,10
-1250481.0219087226,1783290.6459153472,10
-1250017.7091921952,1783290.6459153472,10
-1249554.3964756676,1783290.6459153472,10
-1249091.0837591402,1783290.6459153472,10
-1248627.7710426126,1783290.6459153472,10
-1248164.458326085,1783290.6459153472,10
-1247701.1456095576,1783290.6459153472,10
-1247237.83289303,1783290.6459153472,10
-1246774.5201765026,1783290.6459153472,10
-1246311.207459975,1783290.6459153472,10
-1245847.8947434477,1783290.6459153472,10
-1245384.58202692,1783290.6459153472,10
-1244921.2693103927,1783290.6459153472,10
-1244457.956593865,1783290.6459153472,10
-1243994.6438773377,1783290.6459153472,10
-1243531.33116081,1783290.6459153472,10
-1243068.0184442827,1783290.6459153472,10
-1242604.705727755,1783290.6459153472,10
-1242141.3930112277,1783290.6459153472,10
-1241678.0802947,1783290.6459153472,10
-1241214.7675781725,1783290.6459153472,10
-1240751.4548616451,1783290.6459153472,10
-1240288.1421451175,1783290.6459153472,10
-1239824.8294285901,1783290.6459153472,10
-1239361.5167120625,1783290.6459153472,10
-1238898.2039955352,1783290.6459153472,10
-1238434.8912790075,1783290.6459153472,10
-1237971.5785624802,1783290.6459153472,10
-1237508.2658459526,1783290.6459153472,10
-1237044.9531294252,1783290.6459153472,10
-1236581.6404128976,1783290.6459153472,10
-1236118.3276963702,1783290.6459153472,10
-1235655.0149798426,1783290.6459153472,10
-1235191.7022633152,1783290.6459153472,10
-1234728.3895467876,1783290.6459153472,10
-1234265.07683026,1783290.6459153472,10
-1233801.7641137326,1783290.6459153472,10
-1233338.4513972052,1783290.6459153472,10
-1232875.1386806776,1783290.6459153472,10
-1232411.82596415,1783290.6459153472,10
-1231948.5132476226,1783290.6459153472,10
-1231485.200531095,1783290.6459153472,10
-1231021.8878145677,1783290.6459153472,10
-1230558.57509804,1783290.6459153472,10
-1230095.2623815127,1783290.6459153472,10
-1229631.949664985,1783290.6459153472,10
-1229168.6369484577,1783290.6459153472,10
-1228705.32423193,1783290.6459153472,10
-1228242.0115154027,1783290.6459153472,10
-1227778.698798875,1783290.6459153472,10
-1227315.3860823475,1783290.6459153472,10
-1226852.07336582,1783290.6459153472,10
-1226388.7606492927,1783290.6459153472,10
-1225925.4479327651,1783290.6459153472,10
-1225462.1352162375,1783290.6459153472,10
-1224998.8224997101,1783290.6459153472,10
-1224535.5097831825,1783290.6459153472,10
-1224072.1970666551,1783290.6459153472,10
-1223608.8843501275,1783290.6459153472,10
-1223145.5716336002,1783290.6459153472,10
-1222682.2589170726,1783290.6459153472,10
-1222218.9462005452,1783290.6459153472,10
-1221755.6334840176,1783290.6459153472,10
-1221292.3207674902,1783290.6459153472,10
-1220829.0080509626,1783290.6459153472,10
-1220365.6953344352,1783290.6459153472,10
-1219902.3826179076,1783290.6459153472,10
-1219439.0699013802,1783290.6459153472,10
-1218975.7571848526,1783290.6459153472,10
-1218512.444468325,1783290.6459153472,10
-1218049.1317517976,1783290.6459153472,10
-1217585.81903527,1783290.6459153472,10
-1217122.5063187426,1783290.6459153472,10
-1216659.193602215,1783290.6459153472,10
-1216195.8808856877,1783290.6459153472,10
-1215732.56816916,1783290.6459153472,10
-1215269.2554526327,1783290.6459153472,10
-1214805.942736105,1783290.6459153472,10
-1214342.6300195777,1783290.6459153472,10
-1213879.31730305,1783290.6459153472,10
-1213416.0045865227,1783290.6459153472,10
-1212952.691869995,1783290.6459153472,10
-1212489.3791534677,1783290.6459153472,10
-1212026.06643694,1783290.6459153472,10
-1211562.7537204125,1783290.6459153472,10
-1211099.4410038851,1783290.6459153472,10
-1210636.1282873575,1783290.6459153472,10
-1210172.8155708301,1783290.6459153472,10
-1209709.5028543025,1783290.6459153472,10
-1209246.1901377751,1783290.6459153472,10
-1208782.8774212475,1783290.6459153472,10
-1208319.5647047202,1783290.6459153472,10
-1207856.2519881926,1783290.6459153472,10
-1207392.9392716652,1783290.6459153472,10
-1206929.6265551376,1783290.6459153472,10
-1206466.3138386102,1783290.6459153472,10
-1206003.0011220826,1783290.6459153472,10
-1205539.6884055552,1783290.6459153472,10
-1205076.3756890276,1783290.6459153472,10
-1204613.0629725,1783290.6459153472,10
-1204149.7502559726,1783290.6459153472,10
-1203686.4375394452,1783290.6459153472,10
-1203223.1248229176,1783290.6459153472,10
-1202759.81210639,1783290.6459153472,10
-1202296.4993898626,1783290.6459153472,10
-1201833.186673335,1783290.6459153472,10
-1201369.8739568077,1783290.6459153472,10
-1200906.56124028,1783290.6459153472,10
-1200443.2485237527,1783290.6459153472,10
-1199979.935807225,1783290.6459153472,10
-1199516.6230906977,1783290.6459153472,10
-1199053.31037417,1783290.6459153472,10
-1198589.9976576427,1783290.6459153472,10
-1198126.684941115,1783290.6459153472,10
-1197663.3722245875,1783290.6459153472,10
-1197200.05950806,1783290.6459153472,10
-1196736.7467915327,1783290.6459153472,10
-1196273.4340750051,1783290.6459153472,10
-1195810.1213584775,1783290.6459153472,10
-1195346.8086419501,1783290.6459153472,10
-1194883.4959254225,1783290.6459153472,10
-1194420.1832088951,1783290.6459153472,10
-1193956.8704923675,1783290.6459153472,10
-1193493.5577758402,1783290.6459153472,10
-1193030.2450593126,1783290.6459153472,10
-1192566.9323427852,1783290.6459153472,10
-1192103.6196262576,1783290.6459153472,10
-1191640.3069097302,1783290.6459153472,10
-1191176.9941932026,1783290.6459153472,10
-1190713.6814766752,1783290.6459153472,10
-1190250.3687601476,1783290.6459153472,10
-1189787.0560436202,1783290.6459153472,10
-1189323.7433270926,1783290.6459153472,10
-1188860.430610565,1783290.6459153472,10
-1188397.1178940376,1783290.6459153472,10
-1187933.80517751,1783290.6459153472,10
-1187470.4924609826,1783290.6459153472,10
-1187007.179744455,1783290.6459153472,10
-1186543.8670279277,1783290.6459153472,10
-1186080.5543114,1783290.6459153472,10
-1185617.2415948727,1783290.6459153472,10
-1185153.928878345,1783290.6459153472,10
-1184690.6161618177,1783290.6459153472,10
-1184227.30344529,1783290.6459153472,10
-1183763.9907287627,1783290.6459153472,10
-1183300.678012235,1783290.6459153472,10
-1182837.3652957077,1783290.6459153472,10
-1182374.05257918,1783290.6459153472,10
-1181910.7398626525,1783290.6459153472,10
-1181447.4271461251,1783290.6459153472,10
-1180984.1144295975,1783290.6459153472,10
-1180520.8017130701,1783290.6459153472,10
-1180057.4889965425,1783290.6459153472,10
-1179594.1762800151,1783290.6459153472,10
-1179130.8635634875,1783290.6459153472,10
-1178667.5508469602,1783290.6459153472,10
-1178204.2381304326,1783290.6459153472,10
-1177740.9254139052,1783290.6459153472,10
-1177277.6126973776,1783290.6459153472,10
-1176814.2999808502,1783290.6459153472,10
-1176350.9872643226,1783290.6459153472,10
-1175887.6745477952,1783290.6459153472,10
-1175424.3618312676,1783290.6459153472,10
-1174961.04911474,1783290.6459153472,10
-1174497.7363982126,1783290.6459153472,10
-1174034.4236816852,1783290.6459153472,10
-1173571.1109651576,1783290.6459153472,10
-1173107.79824863,1783290.6459153472,10
-1172644.4855321026,1783290.6459153472,10
-1172181.172815575,1783290.6459153472,10
-1171717.8600990477,1783290.6459153472,10
-1171254.54738252,1783290.6459153472,10
-1170791.2346659927,1783290.6459153472,10
-1170327.921949465,1783290.6459153472,10
-1169864.6092329377,1783290.6459153472,10
-1169401.29651641,1783290.6459153472,10
-1168937.9837998827,1783290.6459153472,10
-1168474.671083355,1783290.6459153472,10
-1168011.3583668275,1783290.6459153472,10
-1167548.0456503,1783290.6459153472,10
-1167084.7329337727,1783290.6459153472,10
-1166621.4202172451,1783290.6459153472,10
-1166158.1075007175,1783290.6459153472,10
-1165694.7947841901,1783290.6459153472,10
-1165231.4820676625,1783290.6459153472,10
-1164768.1693511351,1783290.6459153472,10
-1164304.8566346075,1783290.6459153472,10
-1163841.5439180802,1783290.6459153472,10
-1163378.2312015526,1783290.6459153472,10
-1162914.9184850252,1783290.6459153472,10
-1162451.6057684976,1783290.6459153472,10
-1161988.2930519702,1783290.6459153472,10
-1161524.9803354426,1783290.6459153472,10
-1161061.6676189152,1783290.6459153472,10
-1160598.3549023876,1783290.6459153472,10
-1160135.0421858602,1783290.6459153472,10
-1159671.7294693326,1783290.6459153472,10
-1159208.416752805,1783290.6459153472,10
-1158745.1040362776,1783290.6459153472,10
-1158281.79131975,1783290.6459153472,10
-1157818.4786032226,1783290.6459153472,10
-1157355.165886695,1783290.6459153472,10
-1156891.8531701677,1783290.6459153472,10
-1156428.54045364,1783290.6459153472,10
-1155965.2277371127,1783290.6459153472,10
-1155501.915020585,1783290.6459153472,10
-1155038.6023040577,1783290.6459153472,10
-1154575.28958753,1783290.6459153472,10
-1154111.9768710027,1783290.6459153472,10
-1153648.664154475,1783290.6459153472,10
-1153185.3514379477,1783290.6459153472,10
-1152722.03872142,1783290.6459153472,10
-1152258.7260048925,1783290.6459153472,10
-1151795.4132883651,1783290.6459153472,10
-1151332.1005718375,1783290.6459153472,10
-1282449.5993491202,1782827.3331988198,10
-1281986.2866325926,1782827.3331988198,10
-1281522.9739160652,1782827.3331988198,10
-1281059.6611995376,1782827.3331988198,10
-1280596.3484830102,1782827.3331988198,10
-1280133.0357664826,1782827.3331988198,10
-1279669.7230499552,1782827.3331988198,10
-1279206.4103334276,1782827.3331988198,10
-1278743.0976169002,1782827.3331988198,10
-1278279.7849003726,1782827.3331988198,10
-1277816.472183845,1782827.3331988198,10
-1277353.1594673176,1782827.3331988198,10
-1276889.84675079,1782827.3331988198,10
-1276426.5340342626,1782827.3331988198,10
-1275963.221317735,1782827.3331988198,10
-1275499.9086012077,1782827.3331988198,10
-1275036.59588468,1782827.3331988198,10
-1274573.2831681527,1782827.3331988198,10
-1274109.970451625,1782827.3331988198,10
-1273646.6577350977,1782827.3331988198,10
-1273183.34501857,1782827.3331988198,10
-1272720.0323020427,1782827.3331988198,10
-1272256.719585515,1782827.3331988198,10
-1271793.4068689877,1782827.3331988198,10
-1271330.09415246,1782827.3331988198,10
-1270866.7814359325,1782827.3331988198,10
-1270403.4687194051,1782827.3331988198,10
-1269940.1560028775,1782827.3331988198,10
-1269476.8432863501,1782827.3331988198,10
-1269013.5305698225,1782827.3331988198,10
-1268550.2178532952,1782827.3331988198,10
-1268086.9051367675,1782827.3331988198,10
-1267623.5924202402,1782827.3331988198,10
-1267160.2797037126,1782827.3331988198,10
-1266696.9669871852,1782827.3331988198,10
-1266233.6542706576,1782827.3331988198,10
-1265770.3415541302,1782827.3331988198,10
-1265307.0288376026,1782827.3331988198,10
-1264843.7161210752,1782827.3331988198,10
-1264380.4034045476,1782827.3331988198,10
-1263917.09068802,1782827.3331988198,10
-1263453.7779714926,1782827.3331988198,10
-1262990.465254965,1782827.3331988198,10
-1261137.214388855,1782827.3331988198,10
-1260673.9016723277,1782827.3331988198,10
-1260210.5889558,1782827.3331988198,10
-1259747.2762392727,1782827.3331988198,10
-1259283.963522745,1782827.3331988198,10
-1253260.8982078875,1782827.3331988198,10
-1252797.5854913602,1782827.3331988198,10
-1252334.2727748326,1782827.3331988198,10
-1251870.9600583052,1782827.3331988198,10
-1251407.6473417776,1782827.3331988198,10
-1250944.3346252502,1782827.3331988198,10
-1250481.0219087226,1782827.3331988198,10
-1250017.7091921952,1782827.3331988198,10
-1249554.3964756676,1782827.3331988198,10
-1249091.0837591402,1782827.3331988198,10
-1248627.7710426126,1782827.3331988198,10
-1248164.458326085,1782827.3331988198,10
-1247701.1456095576,1782827.3331988198,10
-1247237.83289303,1782827.3331988198,10
-1246774.5201765026,1782827.3331988198,10
-1246311.207459975,1782827.3331988198,10
-1245847.8947434477,1782827.3331988198,10
-1245384.58202692,1782827.3331988198,10
-1244921.2693103927,1782827.3331988198,10
-1244457.956593865,1782827.3331988198,10
-1243994.6438773377,1782827.3331988198,10
-1243531.33116081,1782827.3331988198,10
-1243068.0184442827,1782827.3331988198,10
-1242604.705727755,1782827.3331988198,10
-1242141.3930112277,1782827.3331988198,10
-1241678.0802947,1782827.3331988198,10
-1241214.7675781725,1782827.3331988198,10
-1240751.4548616451,1782827.3331988198,10
-1240288.1421451175,1782827.3331988198,10
-1239824.8294285901,1782827.3331988198,10
-1239361.5167120625,1782827.3331988198,10
-1238898.2039955352,1782827.3331988198,10
-1238434.8912790075,1782827.3331988198,10
-1237971.5785624802,1782827.3331988198,10
-1237508.2658459526,1782827.3331988198,10
-1237044.9531294252,1782827.3331988198,10
-1236581.6404128976,1782827.3331988198,10
-1236118.3276963702,1782827.3331988198,10
-1235655.0149798426,1782827.3331988198,10
-1235191.7022633152,1782827.3331988198,10
-1234728.3895467876,1782827.3331988198,10
-1234265.07683026,1782827.3331988198,10
-1233801.7641137326,1782827.3331988198,10
-1233338.4513972052,1782827.3331988198,10
-1232875.1386806776,1782827.3331988198,10
-1232411.82596415,1782827.3331988198,10
-1231948.5132476226,1782827.3331988198,10
-1231485.200531095,1782827.3331988198,10
-1231021.8878145677,1782827.3331988198,10
-1230558.57509804,1782827.3331988198,10
-1230095.2623815127,1782827.3331988198,10
-1229631.949664985,1782827.3331988198,10
-1229168.6369484577,1782827.3331988198,10
-1228705.32423193,1782827.3331988198,10
-1228242.0115154027,1782827.3331988198,10
-1227778.698798875,1782827.3331988198,10
-1227315.3860823475,1782827.3331988198,10
-1226852.07336582,1782827.3331988198,10
-1226388.7606492927,1782827.3331988198,10
-1225925.4479327651,1782827.3331988198,10
-1225462.1352162375,1782827.3331988198,10
-1224998.8224997101,1782827.3331988198,10
-1224535.5097831825,1782827.3331988198,10
-1224072.1970666551,1782827.3331988198,10
-1223608.8843501275,1782827.3331988198,10
-1223145.5716336002,1782827.3331988198,10
-1222682.2589170726,1782827.3331988198,10
-1222218.9462005452,1782827.3331988198,10
-1221755.6334840176,1782827.3331988198,10
-1221292.3207674902,1782827.3331988198,10
-1220829.0080509626,1782827.3331988198,10
-1220365.6953344352,1782827.3331988198,10
-1219902.3826179076,1782827.3331988198,10
-1219439.0699013802,1782827.3331988198,10
-1218975.7571848526,1782827.3331988198,10
-1218512.444468325,1782827.3331988198,10
-1218049.1317517976,1782827.3331988198,10
-1217585.81903527,1782827.3331988198,10
-1217122.5063187426,1782827.3331988198,10
-1216659.193602215,1782827.3331988198,10
-1216195.8808856877,1782827.3331988198,10
-1215732.56816916,1782827.3331988198,10
-1215269.2554526327,1782827.3331988198,10
-1214805.942736105,1782827.3331988198,10
-1214342.6300195777,1782827.3331988198,10
-1213879.31730305,1782827.3331988198,10
-1213416.0045865227,1782827.3331988198,10
-1212952.691869995,1782827.3331988198,10
-1212489.3791534677,1782827.3331988198,10
-1212026.06643694,1782827.3331988198,10
-1211562.7537204125,1782827.3331988198,10
-1211099.4410038851,1782827.3331988198,10
-1210636.1282873575,1782827.3331988198,10
-1210172.8155708301,1782827.3331988198,10
-1209709.5028543025,1782827.3331988198,10
-1209246.1901377751,1782827.3331988198,10
-1208782.8774212475,1782827.3331988198,10
-1208319.5647047202,1782827.3331988198,10
-1207856.2519881926,1782827.3331988198,10
-1207392.9392716652,1782827.3331988198,10
-1206929.6265551376,1782827.3331988198,10
-1206466.3138386102,1782827.3331988198,10
-1206003.0011220826,1782827.3331988198,10
-1205539.6884055552,1782827.3331988198,10
-1205076.3756890276,1782827.3331988198,10
-1204613.0629725,1782827.3331988198,10
-1204149.7502559726,1782827.3331988198,10
-1203686.4375394452,1782827.3331988198,10
-1203223.1248229176,1782827.3331988198,10
-1202759.81210639,1782827.3331988198,10
-1202296.4993898626,1782827.3331988198,10
-1201833.186673335,1782827.3331988198,10
-1201369.8739568077,1782827.3331988198,10
-1200906.56124028,1782827.3331988198,10
-1200443.2485237527,1782827.3331988198,10
-1199979.935807225,1782827.3331988198,10
-1199516.6230906977,1782827.3331988198,10
-1199053.31037417,1782827.3331988198,10
-1198589.9976576427,1782827.3331988198,10
-1198126.684941115,1782827.3331988198,10
-1197663.3722245875,1782827.3331988198,10
-1197200.05950806,1782827.3331988198,10
-1196736.7467915327,1782827.3331988198,10
-1196273.4340750051,1782827.3331988198,10
-1195810.1213584775,1782827.3331988198,10
-1195346.8086419501,1782827.3331988198,10
-1194883.4959254225,1782827.3331988198,10
-1194420.1832088951,1782827.3331988198,10
-1193956.8704923675,1782827.3331988198,10
-1193493.5577758402,1782827.3331988198,10
-1193030.2450593126,1782827.3331988198,10
-1192566.9323427852,1782827.3331988198,10
-1192103.6196262576,1782827.3331988198,10
-1191640.3069097302,1782827.3331988198,10
-1191176.9941932026,1782827.3331988198,10
-1190713.6814766752,1782827.3331988198,10
-1190250.3687601476,1782827.3331988198,10
-1189787.0560436202,1782827.3331988198,10
-1189323.7433270926,1782827.3331988198,10
-1188860.430610565,1782827.3331988198,10
-1188397.1178940376,1782827.3331988198,10
-1187933.80517751,1782827.3331988198,10
-1187470.4924609826,1782827.3331988198,10
-1187007.179744455,1782827.3331988198,10
-1186543.8670279277,1782827.3331988198,10
-1186080.5543114,1782827.3331988198,10
-1185617.2415948727,1782827.3331988198,10
-1185153.928878345,1782827.3331988198,10
-1184690.6161618177,1782827.3331988198,10
-1184227.30344529,1782827.3331988198,10
-1183763.9907287627,1782827.3331988198,10
-1183300.678012235,1782827.3331988198,10
-1182837.3652957077,1782827.3331988198,10
-1182374.05257918,1782827.3331988198,10
-1181910.7398626525,1782827.3331988198,10
-1181447.4271461251,1782827.3331988198,10
-1180984.1144295975,1782827.3331988198,10
-1180520.8017130701,1782827.3331988198,10
-1180057.4889965425,1782827.3331988198,10
-1179594.1762800151,1782827.3331988198,10
-1179130.8635634875,1782827.3331988198,10
-1178667.5508469602,1782827.3331988198,10
-1178204.2381304326,1782827.3331988198,10
-1177740.9254139052,1782827.3331988198,10
-1177277.6126973776,1782827.3331988198,10
-1176814.2999808502,1782827.3331988198,10
-1176350.9872643226,1782827.3331988198,10
-1175887.6745477952,1782827.3331988198,10
-1175424.3618312676,1782827.3331988198,10
-1174961.04911474,1782827.3331988198,10
-1174497.7363982126,1782827.3331988198,10
-1174034.4236816852,1782827.3331988198,10
-1173571.1109651576,1782827.3331988198,10
-1173107.79824863,1782827.3331988198,10
-1172644.4855321026,1782827.3331988198,10
-1172181.172815575,1782827.3331988198,10
-1171717.8600990477,1782827.3331988198,10
-1171254.54738252,1782827.3331988198,10
-1170791.2346659927,1782827.3331988198,10
-1170327.921949465,1782827.3331988198,10
-1169864.6092329377,1782827.3331988198,10
-1169401.29651641,1782827.3331988198,10
-1168937.9837998827,1782827.3331988198,10
-1168474.671083355,1782827.3331988198,10
-1168011.3583668275,1782827.3331988198,10
-1167548.0456503,1782827.3331988198,10
-1167084.7329337727,1782827.3331988198,10
-1166621.4202172451,1782827.3331988198,10
-1166158.1075007175,1782827.3331988198,10
-1165694.7947841901,1782827.3331988198,10
-1165231.4820676625,1782827.3331988198,10
-1164768.1693511351,1782827.3331988198,10
-1164304.8566346075,1782827.3331988198,10
-1163841.5439180802,1782827.3331988198,10
-1163378.2312015526,1782827.3331988198,10
-1162914.9184850252,1782827.3331988198,10
-1162451.6057684976,1782827.3331988198,10
-1161988.2930519702,1782827.3331988198,10
-1161524.9803354426,1782827.3331988198,10
-1161061.6676189152,1782827.3331988198,10
-1160598.3549023876,1782827.3331988198,10
-1160135.0421858602,1782827.3331988198,10
-1159671.7294693326,1782827.3331988198,10
-1159208.416752805,1782827.3331988198,10
-1158745.1040362776,1782827.3331988198,10
-1158281.79131975,1782827.3331988198,10
-1157818.4786032226,1782827.3331988198,10
-1157355.165886695,1782827.3331988198,10
-1156891.8531701677,1782827.3331988198,10
-1156428.54045364,1782827.3331988198,10
-1155965.2277371127,1782827.3331988198,10
-1155501.915020585,1782827.3331988198,10
-1155038.6023040577,1782827.3331988198,10
-1154575.28958753,1782827.3331988198,10
-1154111.9768710027,1782827.3331988198,10
-1153648.664154475,1782827.3331988198,10
-1153185.3514379477,1782827.3331988198,10
-1152722.03872142,1782827.3331988198,10
-1152258.7260048925,1782827.3331988198,10
-1151795.4132883651,1782827.3331988198,10
-1151332.1005718375,1782827.3331988198,10
-1282449.5993491202,1782364.0204822922,10
-1281986.2866325926,1782364.0204822922,10
-1281522.9739160652,1782364.0204822922,10
-1281059.6611995376,1782364.0204822922,10
-1280596.3484830102,1782364.0204822922,10
-1280133.0357664826,1782364.0204822922,10
-1279669.7230499552,1782364.0204822922,10
-1279206.4103334276,1782364.0204822922,10
-1278743.0976169002,1782364.0204822922,10
-1278279.7849003726,1782364.0204822922,10
-1277816.472183845,1782364.0204822922,10
-1277353.1594673176,1782364.0204822922,10
-1276889.84675079,1782364.0204822922,10
-1276426.5340342626,1782364.0204822922,10
-1275963.221317735,1782364.0204822922,10
-1275499.9086012077,1782364.0204822922,10
-1275036.59588468,1782364.0204822922,10
-1274573.2831681527,1782364.0204822922,10
-1274109.970451625,1782364.0204822922,10
-1273646.6577350977,1782364.0204822922,10
-1273183.34501857,1782364.0204822922,10
-1272720.0323020427,1782364.0204822922,10
-1272256.719585515,1782364.0204822922,10
-1271793.4068689877,1782364.0204822922,10
-1271330.09415246,1782364.0204822922,10
-1270866.7814359325,1782364.0204822922,10
-1270403.4687194051,1782364.0204822922,10
-1269940.1560028775,1782364.0204822922,10
-1269476.8432863501,1782364.0204822922,10
-1269013.5305698225,1782364.0204822922,10
-1268550.2178532952,1782364.0204822922,10
-1268086.9051367675,1782364.0204822922,10
-1267623.5924202402,1782364.0204822922,10
-1267160.2797037126,1782364.0204822922,10
-1266696.9669871852,1782364.0204822922,10
-1266233.6542706576,1782364.0204822922,10
-1265770.3415541302,1782364.0204822922,10
-1265307.0288376026,1782364.0204822922,10
-1264843.7161210752,1782364.0204822922,10
-1264380.4034045476,1782364.0204822922,10
-1263917.09068802,1782364.0204822922,10
-1263453.7779714926,1782364.0204822922,10
-1262990.465254965,1782364.0204822922,10
-1262527.1525384376,1782364.0204822922,10
-1260210.5889558,1782364.0204822922,10
-1259747.2762392727,1782364.0204822922,10
-1259283.963522745,1782364.0204822922,10
-1251870.9600583052,1782364.0204822922,10
-1251407.6473417776,1782364.0204822922,10
-1249554.3964756676,1782364.0204822922,10
-1249091.0837591402,1782364.0204822922,10
-1248627.7710426126,1782364.0204822922,10
-1248164.458326085,1782364.0204822922,10
-1247701.1456095576,1782364.0204822922,10
-1247237.83289303,1782364.0204822922,10
-1246774.5201765026,1782364.0204822922,10
-1246311.207459975,1782364.0204822922,10
-1245847.8947434477,1782364.0204822922,10
-1245384.58202692,1782364.0204822922,10
-1244921.2693103927,1782364.0204822922,10
-1244457.956593865,1782364.0204822922,10
-1243994.6438773377,1782364.0204822922,10
-1243531.33116081,1782364.0204822922,10
-1243068.0184442827,1782364.0204822922,10
-1242604.705727755,1782364.0204822922,10
-1242141.3930112277,1782364.0204822922,10
-1241678.0802947,1782364.0204822922,10
-1241214.7675781725,1782364.0204822922,10
-1240751.4548616451,1782364.0204822922,10
-1240288.1421451175,1782364.0204822922,10
-1239824.8294285901,1782364.0204822922,10
-1239361.5167120625,1782364.0204822922,10
-1238898.2039955352,1782364.0204822922,10
-1238434.8912790075,1782364.0204822922,10
-1237971.5785624802,1782364.0204822922,10
-1237508.2658459526,1782364.0204822922,10
-1237044.9531294252,1782364.0204822922,10
-1236581.6404128976,1782364.0204822922,10
-1236118.3276963702,1782364.0204822922,10
-1235655.0149798426,1782364.0204822922,10
-1235191.7022633152,1782364.0204822922,10
-1234728.3895467876,1782364.0204822922,10
-1234265.07683026,1782364.0204822922,10
-1233801.7641137326,1782364.0204822922,10
-1233338.4513972052,1782364.0204822922,10
-1232875.1386806776,1782364.0204822922,10
-1232411.82596415,1782364.0204822922,10
-1231948.5132476226,1782364.0204822922,10
-1231485.200531095,1782364.0204822922,10
-1231021.8878145677,1782364.0204822922,10
-1230558.57509804,1782364.0204822922,10
-1230095.2623815127,1782364.0204822922,10
-1229631.949664985,1782364.0204822922,10
-1229168.6369484577,1782364.0204822922,10
-1228705.32423193,1782364.0204822922,10
-1228242.0115154027,1782364.0204822922,10
-1227778.698798875,1782364.0204822922,10
-1227315.3860823475,1782364.0204822922,10
-1226852.07336582,1782364.0204822922,10
-1226388.7606492927,1782364.0204822922,10
-1225925.4479327651,1782364.0204822922,10
-1225462.1352162375,1782364.0204822922,10
-1224998.8224997101,1782364.0204822922,10
-1224535.5097831825,1782364.0204822922,10
-1224072.1970666551,1782364.0204822922,10
-1223608.8843501275,1782364.0204822922,10
-1223145.5716336002,1782364.0204822922,10
-1222682.2589170726,1782364.0204822922,10
-1222218.9462005452,1782364.0204822922,10
-1221755.6334840176,1782364.0204822922,10
-1221292.3207674902,1782364.0204822922,10
-1220829.0080509626,1782364.0204822922,10
-1220365.6953344352,1782364.0204822922,10
-1219902.3826179076,1782364.0204822922,10
-1219439.0699013802,1782364.0204822922,10
-1218975.7571848526,1782364.0204822922,10
-1218512.444468325,1782364.0204822922,10
-1218049.1317517976,1782364.0204822922,10
-1217585.81903527,1782364.0204822922,10
-1217122.5063187426,1782364.0204822922,10
-1216659.193602215,1782364.0204822922,10
-1216195.8808856877,1782364.0204822922,10
-1215732.56816916,1782364.0204822922,10
-1215269.2554526327,1782364.0204822922,10
-1214805.942736105,1782364.0204822922,10
-1214342.6300195777,1782364.0204822922,10
-1213879.31730305,1782364.0204822922,10
-1213416.0045865227,1782364.0204822922,10
-1212952.691869995,1782364.0204822922,10
-1212489.3791534677,1782364.0204822922,10
-1212026.06643694,1782364.0204822922,10
-1211562.7537204125,1782364.0204822922,10
-1211099.4410038851,1782364.0204822922,10
-1210636.1282873575,1782364.0204822922,10
-1210172.8155708301,1782364.0204822922,10
-1209709.5028543025,1782364.0204822922,10
-1209246.1901377751,1782364.0204822922,10
-1208782.8774212475,1782364.0204822922,10
-1208319.5647047202,1782364.0204822922,10
-1207856.2519881926,1782364.0204822922,10
-1207392.9392716652,1782364.0204822922,10
-1206929.6265551376,1782364.0204822922,10
-1206466.3138386102,1782364.0204822922,10
-1206003.0011220826,1782364.0204822922,10
-1205539.6884055552,1782364.0204822922,10
-1205076.3756890276,1782364.0204822922,10
-1204613.0629725,1782364.0204822922,10
-1204149.7502559726,1782364.0204822922,10
-1203686.4375394452,1782364.0204822922,10
-1203223.1248229176,1782364.0204822922,10
-1202759.81210639,1782364.0204822922,10
-1202296.4993898626,1782364.0204822922,10
-1201833.186673335,1782364.0204822922,10
-1201369.8739568077,1782364.0204822922,10
-1200906.56124028,1782364.0204822922,10
-1200443.2485237527,1782364.0204822922,10
-1199979.935807225,1782364.0204822922,10
-1199516.6230906977,1782364.0204822922,10
-1199053.31037417,1782364.0204822922,10
-1198589.9976576427,1782364.0204822922,10
-1198126.684941115,1782364.0204822922,10
-1197663.3722245875,1782364.0204822922,10
-1197200.05950806,1782364.0204822922,10
-1196736.7467915327,1782364.0204822922,10
-1196273.4340750051,1782364.0204822922,10
-1195810.1213584775,1782364.0204822922,10
-1195346.8086419501,1782364.0204822922,10
-1194883.4959254225,1782364.0204822922,10
-1194420.1832088951,1782364.0204822922,10
-1193956.8704923675,1782364.0204822922,10
-1193493.5577758402,1782364.0204822922,10
-1193030.2450593126,1782364.0204822922,10
-1192566.9323427852,1782364.0204822922,10
-1192103.6196262576,1782364.0204822922,10
-1191640.3069097302,1782364.0204822922,10
-1191176.9941932026,1782364.0204822922,10
-1190713.6814766752,1782364.0204822922,10
-1190250.3687601476,1782364.0204822922,10
-1189787.0560436202,1782364.0204822922,10
-1189323.7433270926,1782364.0204822922,10
-1188860.430610565,1782364.0204822922,10
-1188397.1178940376,1782364.0204822922,10
-1187933.80517751,1782364.0204822922,10
-1187470.4924609826,1782364.0204822922,10
-1187007.179744455,1782364.0204822922,10
-1186543.8670279277,1782364.0204822922,10
-1186080.5543114,1782364.0204822922,10
-1185617.2415948727,1782364.0204822922,10
-1185153.928878345,1782364.0204822922,10
-1184690.6161618177,1782364.0204822922,10
-1184227.30344529,1782364.0204822922,10
-1183763.9907287627,1782364.0204822922,10
-1183300.678012235,1782364.0204822922,10
-1182837.3652957077,1782364.0204822922,10
-1182374.05257918,1782364.0204822922,10
-1181910.7398626525,1782364.0204822922,10
-1181447.4271461251,1782364.0204822922,10
-1180984.1144295975,1782364.0204822922,10
-1180520.8017130701,1782364.0204822922,10
-1180057.4889965425,1782364.0204822922,10
-1179594.1762800151,1782364.0204822922,10
-1179130.8635634875,1782364.0204822922,10
-1178667.5508469602,1782364.0204822922,10
-1178204.2381304326,1782364.0204822922,10
-1177740.9254139052,1782364.0204822922,10
-1177277.6126973776,1782364.0204822922,10
-1176814.2999808502,1782364.0204822922,10
-1176350.9872643226,1782364.0204822922,10
-1175887.6745477952,1782364.0204822922,10
-1175424.3618312676,1782364.0204822922,10
-1174961.04911474,1782364.0204822922,10
-1174497.7363982126,1782364.0204822922,10
-1174034.4236816852,1782364.0204822922,10
-1173571.1109651576,1782364.0204822922,10
-1173107.79824863,1782364.0204822922,10
-1172644.4855321026,1782364.0204822922,10
-1172181.172815575,1782364.0204822922,10
-1171717.8600990477,1782364.0204822922,10
-1171254.54738252,1782364.0204822922,10
-1170791.2346659927,1782364.0204822922,10
-1170327.921949465,1782364.0204822922,10
-1169864.6092329377,1782364.0204822922,10
-1169401.29651641,1782364.0204822922,10
-1168937.9837998827,1782364.0204822922,10
-1168474.671083355,1782364.0204822922,10
-1168011.3583668275,1782364.0204822922,10
-1167548.0456503,1782364.0204822922,10
-1167084.7329337727,1782364.0204822922,10
-1166621.4202172451,1782364.0204822922,10
-1166158.1075007175,1782364.0204822922,10
-1165694.7947841901,1782364.0204822922,10
-1165231.4820676625,1782364.0204822922,10
-1164768.1693511351,1782364.0204822922,10
-1164304.8566346075,1782364.0204822922,10
-1163841.5439180802,1782364.0204822922,10
-1163378.2312015526,1782364.0204822922,10
-1162914.9184850252,1782364.0204822922,10
-1162451.6057684976,1782364.0204822922,10
-1161988.2930519702,1782364.0204822922,10
-1161524.9803354426,1782364.0204822922,10
-1161061.6676189152,1782364.0204822922,10
-1160598.3549023876,1782364.0204822922,10
-1160135.0421858602,1782364.0204822922,10
-1159671.7294693326,1782364.0204822922,10
-1159208.416752805,1782364.0204822922,10
-1158745.1040362776,1782364.0204822922,10
-1158281.79131975,1782364.0204822922,10
-1157818.4786032226,1782364.0204822922,10
-1157355.165886695,1782364.0204822922,10
-1156891.8531701677,1782364.0204822922,10
-1156428.54045364,1782364.0204822922,10
-1155965.2277371127,1782364.0204822922,10
-1155501.915020585,1782364.0204822922,10
-1155038.6023040577,1782364.0204822922,10
-1154575.28958753,1782364.0204822922,10
-1154111.9768710027,1782364.0204822922,10
-1153648.664154475,1782364.0204822922,10
-1153185.3514379477,1782364.0204822922,10
-1152722.03872142,1782364.0204822922,10
-1152258.7260048925,1782364.0204822922,10
-1151795.4132883651,1782364.0204822922,10
-1151332.1005718375,1782364.0204822922,10
-1282449.5993491202,1781900.7077657648,10
-1281986.2866325926,1781900.7077657648,10
-1281522.9739160652,1781900.7077657648,10
-1281059.6611995376,1781900.7077657648,10
-1280596.3484830102,1781900.7077657648,10
-1280133.0357664826,1781900.7077657648,10
-1279669.7230499552,1781900.7077657648,10
-1279206.4103334276,1781900.7077657648,10
-1278743.0976169002,1781900.7077657648,10
-1278279.7849003726,1781900.7077657648,10
-1277816.472183845,1781900.7077657648,10
-1277353.1594673176,1781900.7077657648,10
-1276889.84675079,1781900.7077657648,10
-1276426.5340342626,1781900.7077657648,10
-1275963.221317735,1781900.7077657648,10
-1275499.9086012077,1781900.7077657648,10
-1275036.59588468,1781900.7077657648,10
-1274573.2831681527,1781900.7077657648,10
-1274109.970451625,1781900.7077657648,10
-1273646.6577350977,1781900.7077657648,10
-1273183.34501857,1781900.7077657648,10
-1272720.0323020427,1781900.7077657648,10
-1272256.719585515,1781900.7077657648,10
-1271793.4068689877,1781900.7077657648,10
-1271330.09415246,1781900.7077657648,10
-1270866.7814359325,1781900.7077657648,10
-1270403.4687194051,1781900.7077657648,10
-1269940.1560028775,1781900.7077657648,10
-1269476.8432863501,1781900.7077657648,10
-1269013.5305698225,1781900.7077657648,10
-1268550.2178532952,1781900.7077657648,10
-1268086.9051367675,1781900.7077657648,10
-1267623.5924202402,1781900.7077657648,10
-1267160.2797037126,1781900.7077657648,10
-1266696.9669871852,1781900.7077657648,10
-1266233.6542706576,1781900.7077657648,10
-1265770.3415541302,1781900.7077657648,10
-1265307.0288376026,1781900.7077657648,10
-1264843.7161210752,1781900.7077657648,10
-1264380.4034045476,1781900.7077657648,10
-1263917.09068802,1781900.7077657648,10
-1263453.7779714926,1781900.7077657648,10
-1262990.465254965,1781900.7077657648,10
-1262527.1525384376,1781900.7077657648,10
-1249554.3964756676,1781900.7077657648,10
-1249091.0837591402,1781900.7077657648,10
-1248627.7710426126,1781900.7077657648,10
-1248164.458326085,1781900.7077657648,10
-1247701.1456095576,1781900.7077657648,10
-1247237.83289303,1781900.7077657648,10
-1246774.5201765026,1781900.7077657648,10
-1246311.207459975,1781900.7077657648,10
-1245847.8947434477,1781900.7077657648,10
-1245384.58202692,1781900.7077657648,10
-1244921.2693103927,1781900.7077657648,10
-1244457.956593865,1781900.7077657648,10
-1243994.6438773377,1781900.7077657648,10
-1243531.33116081,1781900.7077657648,10
-1243068.0184442827,1781900.7077657648,10
-1242604.705727755,1781900.7077657648,10
-1242141.3930112277,1781900.7077657648,10
-1241678.0802947,1781900.7077657648,10
-1241214.7675781725,1781900.7077657648,10
-1240751.4548616451,1781900.7077657648,10
-1240288.1421451175,1781900.7077657648,10
-1239824.8294285901,1781900.7077657648,10
-1239361.5167120625,1781900.7077657648,10
-1238898.2039955352,1781900.7077657648,10
-1238434.8912790075,1781900.7077657648,10
-1237971.5785624802,1781900.7077657648,10
-1237508.2658459526,1781900.7077657648,10
-1237044.9531294252,1781900.7077657648,10
-1236581.6404128976,1781900.7077657648,10
-1236118.3276963702,1781900.7077657648,10
-1235655.0149798426,1781900.7077657648,10
-1235191.7022633152,1781900.7077657648,10
-1234728.3895467876,1781900.7077657648,10
-1234265.07683026,1781900.7077657648,10
-1233801.7641137326,1781900.7077657648,10
-1233338.4513972052,1781900.7077657648,10
-1232875.1386806776,1781900.7077657648,10
-1232411.82596415,1781900.7077657648,10
-1231948.5132476226,1781900.7077657648,10
-1231485.200531095,1781900.7077657648,10
-1231021.8878145677,1781900.7077657648,10
-1230558.57509804,1781900.7077657648,10
-1230095.2623815127,1781900.7077657648,10
-1229631.949664985,1781900.7077657648,10
-1229168.6369484577,1781900.7077657648,10
-1228705.32423193,1781900.7077657648,10
-1228242.0115154027,1781900.7077657648,10
-1227778.698798875,1781900.7077657648,10
-1227315.3860823475,1781900.7077657648,10
-1226852.07336582,1781900.7077657648,10
-1226388.7606492927,1781900.7077657648,10
-1225925.4479327651,1781900.7077657648,10
-1225462.1352162375,1781900.7077657648,10
-1224998.8224997101,1781900.7077657648,10
-1224535.5097831825,1781900.7077657648,10
-1224072.1970666551,1781900.7077657648,10
-1223608.8843501275,1781900.7077657648,10
-1223145.5716336002,1781900.7077657648,10
-1222682.2589170726,1781900.7077657648,10
-1222218.9462005452,1781900.7077657648,10
-1221755.6334840176,1781900.7077657648,10
-1221292.3207674902,1781900.7077657648,10
-1220829.0080509626,1781900.7077657648,10
-1220365.6953344352,1781900.7077657648,10
-1219902.3826179076,1781900.7077657648,10
-1219439.0699013802,1781900.7077657648,10
-1218975.7571848526,1781900.7077657648,10
-1218512.444468325,1781900.7077657648,10
-1218049.1317517976,1781900.7077657648,10
-1217585.81903527,1781900.7077657648,10
-1217122.5063187426,1781900.7077657648,10
-1216659.193602215,1781900.7077657648,10
-1216195.8808856877,1781900.7077657648,10
-1215732.56816916,1781900.7077657648,10
-1215269.2554526327,1781900.7077657648,10
-1214805.942736105,1781900.7077657648,10
-1214342.6300195777,1781900.7077657648,10
-1213879.31730305,1781900.7077657648,10
-1213416.0045865227,1781900.7077657648,10
-1212952.691869995,1781900.7077657648,10
-1212489.3791534677,1781900.7077657648,10
-1212026.06643694,1781900.7077657648,10
-1211562.7537204125,1781900.7077657648,10
-1211099.4410038851,1781900.7077657648,10
-1210636.1282873575,1781900.7077657648,10
-1210172.8155708301,1781900.7077657648,10
-1209709.5028543025,1781900.7077657648,10
-1209246.1901377751,1781900.7077657648,10
-1208782.8774212475,1781900.7077657648,10
-1208319.5647047202,1781900.7077657648,10
-1207856.2519881926,1781900.7077657648,10
-1207392.9392716652,1781900.7077657648,10
-1206929.6265551376,1781900.7077657648,10
-1206466.3138386102,1781900.7077657648,10
-1206003.0011220826,1781900.7077657648,10
-1205539.6884055552,1781900.7077657648,10
-1205076.3756890276,1781900.7077657648,10
-1204613.0629725,1781900.7077657648,10
-1204149.7502559726,1781900.7077657648,10
-1203686.4375394452,1781900.7077657648,10
-1203223.1248229176,1781900.7077657648,10
-1202759.81210639,1781900.7077657648,10
-1202296.4993898626,1781900.7077657648,10
-1201833.186673335,1781900.7077657648,10
-1201369.8739568077,1781900.7077657648,10
-1200906.56124028,1781900.7077657648,10
-1200443.2485237527,1781900.7077657648,10
-1199979.935807225,1781900.7077657648,10
-1199516.6230906977,1781900.7077657648,10
-1199053.31037417,1781900.7077657648,10
-1198589.9976576427,1781900.7077657648,10
-1198126.684941115,1781900.7077657648,10
-1197663.3722245875,1781900.7077657648,10
-1197200.05950806,1781900.7077657648,10
-1196736.7467915327,1781900.7077657648,10
-1196273.4340750051,1781900.7077657648,10
-1195810.1213584775,1781900.7077657648,10
-1195346.8086419501,1781900.7077657648,10
-1194883.4959254225,1781900.7077657648,10
-1194420.1832088951,1781900.7077657648,10
-1193956.8704923675,1781900.7077657648,10
-1193493.5577758402,1781900.7077657648,10
-1193030.2450593126,1781900.7077657648,10
-1192566.9323427852,1781900.7077657648,10
-1192103.6196262576,1781900.7077657648,10
-1191640.3069097302,1781900.7077657648,10
-1191176.9941932026,1781900.7077657648,10
-1190713.6814766752,1781900.7077657648,10
-1190250.3687601476,1781900.7077657648,10
-1189787.0560436202,1781900.7077657648,10
-1189323.7433270926,1781900.7077657648,10
-1188860.430610565,1781900.7077657648,10
-1188397.1178940376,1781900.7077657648,10
-1187933.80517751,1781900.7077657648,10
-1187470.4924609826,1781900.7077657648,10
-1187007.179744455,1781900.7077657648,10
-1186543.8670279277,1781900.7077657648,10
-1186080.5543114,1781900.7077657648,10
-1185617.2415948727,1781900.7077657648,10
-1185153.928878345,1781900.7077657648,10
-1184690.6161618177,1781900.7077657648,10
-1184227.30344529,1781900.7077657648,10
-1183763.9907287627,1781900.7077657648,10
-1183300.678012235,1781900.7077657648,10
-1182837.3652957077,1781900.7077657648,10
-1182374.05257918,1781900.7077657648,10
-1181910.7398626525,1781900.7077657648,10
-1181447.4271461251,1781900.7077657648,10
-1180984.1144295975,1781900.7077657648,10
-1180520.8017130701,1781900.7077657648,10
-1180057.4889965425,1781900.7077657648,10
-1179594.1762800151,1781900.7077657648,10
-1179130.8635634875,1781900.7077657648,10
-1178667.5508469602,1781900.7077657648,10
-1178204.2381304326,1781900.7077657648,10
-1177740.9254139052,1781900.7077657648,10
-1177277.6126973776,1781900.7077657648,10
-1176814.2999808502,1781900.7077657648,10
-1176350.9872643226,1781900.7077657648,10
-1175887.6745477952,1781900.7077657648,10
-1175424.3618312676,1781900.7077657648,10
-1174961.04911474,1781900.7077657648,10
-1174497.7363982126,1781900.7077657648,10
-1174034.4236816852,1781900.7077657648,10
-1173571.1109651576,1781900.7077657648,10
-1173107.79824863,1781900.7077657648,10
-1172644.4855321026,1781900.7077657648,10
-1172181.172815575,1781900.7077657648,10
-1171717.8600990477,1781900.7077657648,10
-1171254.54738252,1781900.7077657648,10
-1170791.2346659927,1781900.7077657648,10
-1170327.921949465,1781900.7077657648,10
-1169864.6092329377,1781900.7077657648,10
-1169401.29651641,1781900.7077657648,10
-1168937.9837998827,1781900.7077657648,10
-1168474.671083355,1781900.7077657648,10
-1168011.3583668275,1781900.7077657648,10
-1167548.0456503,1781900.7077657648,10
-1167084.7329337727,1781900.7077657648,10
-1166621.4202172451,1781900.7077657648,10
-1166158.1075007175,1781900.7077657648,10
-1165694.7947841901,1781900.7077657648,10
-1165231.4820676625,1781900.7077657648,10
-1164768.1693511351,1781900.7077657648,10
-1164304.8566346075,1781900.7077657648,10
-1163841.5439180802,1781900.7077657648,10
-1163378.2312015526,1781900.7077657648,10
-1162914.9184850252,1781900.7077657648,10
-1162451.6057684976,1781900.7077657648,10
-1161988.2930519702,1781900.7077657648,10
-1161524.9803354426,1781900.7077657648,10
-1161061.6676189152,1781900.7077657648,10
-1160598.3549023876,1781900.7077657648,10
-1160135.0421858602,1781900.7077657648,10
-1159671.7294693326,1781900.7077657648,10
-1159208.416752805,1781900.7077657648,10
-1158745.1040362776,1781900.7077657648,10
-1158281.79131975,1781900.7077657648,10
-1157818.4786032226,1781900.7077657648,10
-1157355.165886695,1781900.7077657648,10
-1156891.8531701677,1781900.7077657648,10
-1156428.54045364,1781900.7077657648,10
-1155965.2277371127,1781900.7077657648,10
-1155501.915020585,1781900.7077657648,10
-1155038.6023040577,1781900.7077657648,10
-1154575.28958753,1781900.7077657648,10
-1154111.9768710027,1781900.7077657648,10
-1153648.664154475,1781900.7077657648,10
-1153185.3514379477,1781900.7077657648,10
-1152722.03872142,1781900.7077657648,10
-1152258.7260048925,1781900.7077657648,10
-1151795.4132883651,1781900.7077657648,10
-1151332.1005718375,1781900.7077657648,10
-1282449.5993491202,1781437.3950492372,10
-1281986.2866325926,1781437.3950492372,10
-1281522.9739160652,1781437.3950492372,10
-1281059.6611995376,1781437.3950492372,10
-1280596.3484830102,1781437.3950492372,10
-1280133.0357664826,1781437.3950492372,10
-1279669.7230499552,1781437.3950492372,10
-1279206.4103334276,1781437.3950492372,10
-1278743.0976169002,1781437.3950492372,10
-1278279.7849003726,1781437.3950492372,10
-1277816.472183845,1781437.3950492372,10
-1277353.1594673176,1781437.3950492372,10
-1276889.84675079,1781437.3950492372,10
-1276426.5340342626,1781437.3950492372,10
-1275963.221317735,1781437.3950492372,10
-1275499.9086012077,1781437.3950492372,10
-1275036.59588468,1781437.3950492372,10
-1274573.2831681527,1781437.3950492372,10
-1274109.970451625,1781437.3950492372,10
-1273646.6577350977,1781437.3950492372,10
-1273183.34501857,1781437.3950492372,10
-1272720.0323020427,1781437.3950492372,10
-1272256.719585515,1781437.3950492372,10
-1271793.4068689877,1781437.3950492372,10
-1271330.09415246,1781437.3950492372,10
-1270866.7814359325,1781437.3950492372,10
-1270403.4687194051,1781437.3950492372,10
-1269940.1560028775,1781437.3950492372,10
-1269476.8432863501,1781437.3950492372,10
-1269013.5305698225,1781437.3950492372,10
-1268550.2178532952,1781437.3950492372,10
-1268086.9051367675,1781437.3950492372,10
-1267623.5924202402,1781437.3950492372,10
-1267160.2797037126,1781437.3950492372,10
-1266696.9669871852,1781437.3950492372,10
-1266233.6542706576,1781437.3950492372,10
-1265770.3415541302,1781437.3950492372,10
-1265307.0288376026,1781437.3950492372,10
-1264843.7161210752,1781437.3950492372,10
-1264380.4034045476,1781437.3950492372,10
-1263917.09068802,1781437.3950492372,10
-1263453.7779714926,1781437.3950492372,10
-1262990.465254965,1781437.3950492372,10
-1262527.1525384376,1781437.3950492372,10
-1249554.3964756676,1781437.3950492372,10
-1249091.0837591402,1781437.3950492372,10
-1248627.7710426126,1781437.3950492372,10
-1248164.458326085,1781437.3950492372,10
-1247701.1456095576,1781437.3950492372,10
-1247237.83289303,1781437.3950492372,10
-1246774.5201765026,1781437.3950492372,10
-1246311.207459975,1781437.3950492372,10
-1245847.8947434477,1781437.3950492372,10
-1245384.58202692,1781437.3950492372,10
-1244921.2693103927,1781437.3950492372,10
-1244457.956593865,1781437.3950492372,10
-1243994.6438773377,1781437.3950492372,10
-1243531.33116081,1781437.3950492372,10
-1243068.0184442827,1781437.3950492372,10
-1242604.705727755,1781437.3950492372,10
-1242141.3930112277,1781437.3950492372,10
-1241678.0802947,1781437.3950492372,10
-1241214.7675781725,1781437.3950492372,10
-1240751.4548616451,1781437.3950492372,10
-1240288.1421451175,1781437.3950492372,10
-1239824.8294285901,1781437.3950492372,10
-1239361.5167120625,1781437.3950492372,10
-1238898.2039955352,1781437.3950492372,10
-1238434.8912790075,1781437.3950492372,10
-1237971.5785624802,1781437.3950492372,10
-1237508.2658459526,1781437.3950492372,10
-1237044.9531294252,1781437.3950492372,10
-1236581.6404128976,1781437.3950492372,10
-1236118.3276963702,1781437.3950492372,10
-1235655.0149798426,1781437.3950492372,10
-1235191.7022633152,1781437.3950492372,10
-1234728.3895467876,1781437.3950492372,10
-1234265.07683026,1781437.3950492372,10
-1233801.7641137326,1781437.3950492372,10
-1233338.4513972052,1781437.3950492372,10
-1232875.1386806776,1781437.3950492372,10
-1232411.82596415,1781437.3950492372,10
-1231948.5132476226,1781437.3950492372,10
-1231485.200531095,1781437.3950492372,10
-1231021.8878145677,1781437.3950492372,10
-1230558.57509804,1781437.3950492372,10
-1230095.2623815127,1781437.3950492372,10
-1229631.949664985,1781437.3950492372,10
-1229168.6369484577,1781437.3950492372,10
-1228705.32423193,1781437.3950492372,10
-1228242.0115154027,1781437.3950492372,10
-1227778.698798875,1781437.3950492372,10
-1227315.3860823475,1781437.3950492372,10
-1226852.07336582,1781437.3950492372,10
-1226388.7606492927,1781437.3950492372,10
-1225925.4479327651,1781437.3950492372,10
-1225462.1352162375,1781437.3950492372,10
-1224998.8224997101,1781437.3950492372,10
-1224535.5097831825,1781437.3950492372,10
-1224072.1970666551,1781437.3950492372,10
-1223608.8843501275,1781437.3950492372,10
-1223145.5716336002,1781437.3950492372,10
-1222682.2589170726,1781437.3950492372,10
-1222218.9462005452,1781437.3950492372,10
-1221755.6334840176,1781437.3950492372,10
-1221292.3207674902,1781437.3950492372,10
-1220829.0080509626,1781437.3950492372,10
-1220365.6953344352,1781437.3950492372,10
-1219902.3826179076,1781437.3950492372,10
-1219439.0699013802,1781437.3950492372,10
-1218975.7571848526,1781437.3950492372,10
-1218512.444468325,1781437.3950492372,10
-1218049.1317517976,1781437.3950492372,10
-1217585.81903527,1781437.3950492372,10
-1217122.5063187426,1781437.3950492372,10
-1216659.193602215,1781437.3950492372,10
-1216195.8808856877,1781437.3950492372,10
-1215732.56816916,1781437.3950492372,10
-1215269.2554526327,1781437.3950492372,10
-1214805.942736105,1781437.3950492372,10
-1214342.6300195777,1781437.3950492372,10
-1213879.31730305,1781437.3950492372,10
-1213416.0045865227,1781437.3950492372,10
-1212952.691869995,1781437.3950492372,10
-1212489.3791534677,1781437.3950492372,10
-1212026.06643694,1781437.3950492372,10
-1211562.7537204125,1781437.3950492372,10
-1211099.4410038851,1781437.3950492372,10
-1210636.1282873575,1781437.3950492372,10
-1210172.8155708301,1781437.3950492372,10
-1209709.5028543025,1781437.3950492372,10
-1209246.1901377751,1781437.3950492372,10
-1208782.8774212475,1781437.3950492372,10
-1208319.5647047202,1781437.3950492372,10
-1207856.2519881926,1781437.3950492372,10
-1207392.9392716652,1781437.3950492372,10
-1206929.6265551376,1781437.3950492372,10
-1206466.3138386102,1781437.3950492372,10
-1206003.0011220826,1781437.3950492372,10
-1205539.6884055552,1781437.3950492372,10
-1205076.3756890276,1781437.3950492372,10
-1204613.0629725,1781437.3950492372,10
-1204149.7502559726,1781437.3950492372,10
-1203686.4375394452,1781437.3950492372,10
-1203223.1248229176,1781437.3950492372,10
-1202759.81210639,1781437.3950492372,10
-1202296.4993898626,1781437.3950492372,10
-1201833.186673335,1781437.3950492372,10
-1201369.8739568077,1781437.3950492372,10
-1200906.56124028,1781437.3950492372,10
-1200443.2485237527,1781437.3950492372,10
-1199979.935807225,1781437.3950492372,10
-1199516.6230906977,1781437.3950492372,10
-1199053.31037417,1781437.3950492372,10
-1198589.9976576427,1781437.3950492372,10
-1198126.684941115,1781437.3950492372,10
-1197663.3722245875,1781437.3950492372,10
-1197200.05950806,1781437.3950492372,10
-1196736.7467915327,1781437.3950492372,10
-1196273.4340750051,1781437.3950492372,10
-1195810.1213584775,1781437.3950492372,10
-1195346.8086419501,1781437.3950492372,10
-1194883.4959254225,1781437.3950492372,10
-1194420.1832088951,1781437.3950492372,10
-1193956.8704923675,1781437.3950492372,10
-1193493.5577758402,1781437.3950492372,10
-1193030.2450593126,1781437.3950492372,10
-1192566.9323427852,1781437.3950492372,10
-1192103.6196262576,1781437.3950492372,10
-1191640.3069097302,1781437.3950492372,10
-1191176.9941932026,1781437.3950492372,10
-1190713.6814766752,1781437.3950492372,10
-1190250.3687601476,1781437.3950492372,10
-1189787.0560436202,1781437.3950492372,10
-1189323.7433270926,1781437.3950492372,10
-1188860.430610565,1781437.3950492372,10
-1188397.1178940376,1781437.3950492372,10
-1187933.80517751,1781437.3950492372,10
-1187470.4924609826,1781437.3950492372,10
-1187007.179744455,1781437.3950492372,10
-1186543.8670279277,1781437.3950492372,10
-1186080.5543114,1781437.3950492372,10
-1185617.2415948727,1781437.3950492372,10
-1185153.928878345,1781437.3950492372,10
-1184690.6161618177,1781437.3950492372,10
-1184227.30344529,1781437.3950492372,10
-1183763.9907287627,1781437.3950492372,10
-1183300.678012235,1781437.3950492372,10
-1182837.3652957077,1781437.3950492372,10
-1182374.05257918,1781437.3950492372,10
-1181910.7398626525,1781437.3950492372,10
-1181447.4271461251,1781437.3950492372,10
-1180984.1144295975,1781437.3950492372,10
-1180520.8017130701,1781437.3950492372,10
-1180057.4889965425,1781437.3950492372,10
-1179594.1762800151,1781437.3950492372,10
-1179130.8635634875,1781437.3950492372,10
-1178667.5508469602,1781437.3950492372,10
-1178204.2381304326,1781437.3950492372,10
-1177740.9254139052,1781437.3950492372,10
-1177277.6126973776,1781437.3950492372,10
-1176814.2999808502,1781437.3950492372,10
-1176350.9872643226,1781437.3950492372,10
-1175887.6745477952,1781437.3950492372,10
-1175424.3618312676,1781437.3950492372,10
-1174961.04911474,1781437.3950492372,10
-1174497.7363982126,1781437.3950492372,10
-1174034.4236816852,1781437.3950492372,10
-1173571.1109651576,1781437.3950492372,10
-1173107.79824863,1781437.3950492372,10
-1172644.4855321026,1781437.3950492372,10
-1172181.172815575,1781437.3950492372,10
-1171717.8600990477,1781437.3950492372,10
-1171254.54738252,1781437.3950492372,10
-1170791.2346659927,1781437.3950492372,10
-1170327.921949465,1781437.3950492372,10
-1169864.6092329377,1781437.3950492372,10
-1169401.29651641,1781437.3950492372,10
-1168937.9837998827,1781437.3950492372,10
-1168474.671083355,1781437.3950492372,10
-1168011.3583668275,1781437.3950492372,10
-1167548.0456503,1781437.3950492372,10
-1167084.7329337727,1781437.3950492372,10
-1166621.4202172451,1781437.3950492372,10
-1166158.1075007175,1781437.3950492372,10
-1165694.7947841901,1781437.3950492372,10
-1165231.4820676625,1781437.3950492372,10
-1164768.1693511351,1781437.3950492372,10
-1164304.8566346075,1781437.3950492372,10
-1163841.5439180802,1781437.3950492372,10
-1163378.2312015526,1781437.3950492372,10
-1162914.9184850252,1781437.3950492372,10
-1162451.6057684976,1781437.3950492372,10
-1161988.2930519702,1781437.3950492372,10
-1161524.9803354426,1781437.3950492372,10
-1161061.6676189152,1781437.3950492372,10
-1160598.3549023876,1781437.3950492372,10
-1160135.0421858602,1781437.3950492372,10
-1159671.7294693326,1781437.3950492372,10
-1159208.416752805,1781437.3950492372,10
-1158745.1040362776,1781437.3950492372,10
-1158281.79131975,1781437.3950492372,10
-1157818.4786032226,1781437.3950492372,10
-1157355.165886695,1781437.3950492372,10
-1156891.8531701677,1781437.3950492372,10
-1156428.54045364,1781437.3950492372,10
-1155965.2277371127,1781437.3950492372,10
-1155501.915020585,1781437.3950492372,10
-1155038.6023040577,1781437.3950492372,10
-1154575.28958753,1781437.3950492372,10
-1154111.9768710027,1781437.3950492372,10
-1153648.664154475,1781437.3950492372,10
-1153185.3514379477,1781437.3950492372,10
-1152722.03872142,1781437.3950492372,10
-1152258.7260048925,1781437.3950492372,10
-1151795.4132883651,1781437.3950492372,10
-1151332.1005718375,1781437.3950492372,10
-1150868.7878553101,1781437.3950492372,10
-1282912.9120656475,1780974.0823327098,10
-1282449.5993491202,1780974.0823327098,10
-1281986.2866325926,1780974.0823327098,10
-1281522.9739160652,1780974.0823327098,10
-1281059.6611995376,1780974.0823327098,10
-1280596.3484830102,1780974.0823327098,10
-1280133.0357664826,1780974.0823327098,10
-1279669.7230499552,1780974.0823327098,10
-1279206.4103334276,1780974.0823327098,10
-1278743.0976169002,1780974.0823327098,10
-1278279.7849003726,1780974.0823327098,10
-1277816.472183845,1780974.0823327098,10
-1277353.1594673176,1780974.0823327098,10
-1276889.84675079,1780974.0823327098,10
-1276426.5340342626,1780974.0823327098,10
-1275963.221317735,1780974.0823327098,10
-1275499.9086012077,1780974.0823327098,10
-1275036.59588468,1780974.0823327098,10
-1274573.2831681527,1780974.0823327098,10
-1274109.970451625,1780974.0823327098,10
-1273646.6577350977,1780974.0823327098,10
-1273183.34501857,1780974.0823327098,10
-1272720.0323020427,1780974.0823327098,10
-1272256.719585515,1780974.0823327098,10
-1271793.4068689877,1780974.0823327098,10
-1271330.09415246,1780974.0823327098,10
-1270866.7814359325,1780974.0823327098,10
-1270403.4687194051,1780974.0823327098,10
-1269940.1560028775,1780974.0823327098,10
-1269476.8432863501,1780974.0823327098,10
-1269013.5305698225,1780974.0823327098,10
-1268550.2178532952,1780974.0823327098,10
-1268086.9051367675,1780974.0823327098,10
-1267623.5924202402,1780974.0823327098,10
-1267160.2797037126,1780974.0823327098,10
-1266696.9669871852,1780974.0823327098,10
-1266233.6542706576,1780974.0823327098,10
-1265770.3415541302,1780974.0823327098,10
-1265307.0288376026,1780974.0823327098,10
-1264843.7161210752,1780974.0823327098,10
-1264380.4034045476,1780974.0823327098,10
-1263917.09068802,1780974.0823327098,10
-1263453.7779714926,1780974.0823327098,10
-1262990.465254965,1780974.0823327098,10
-1247701.1456095576,1780974.0823327098,10
-1247237.83289303,1780974.0823327098,10
-1246774.5201765026,1780974.0823327098,10
-1246311.207459975,1780974.0823327098,10
-1245847.8947434477,1780974.0823327098,10
-1245384.58202692,1780974.0823327098,10
-1244921.2693103927,1780974.0823327098,10
-1244457.956593865,1780974.0823327098,10
-1243994.6438773377,1780974.0823327098,10
-1243531.33116081,1780974.0823327098,10
-1243068.0184442827,1780974.0823327098,10
-1242604.705727755,1780974.0823327098,10
-1242141.3930112277,1780974.0823327098,10
-1241678.0802947,1780974.0823327098,10
-1241214.7675781725,1780974.0823327098,10
-1240751.4548616451,1780974.0823327098,10
-1240288.1421451175,1780974.0823327098,10
-1239824.8294285901,1780974.0823327098,10
-1239361.5167120625,1780974.0823327098,10
-1238898.2039955352,1780974.0823327098,10
-1238434.8912790075,1780974.0823327098,10
-1237971.5785624802,1780974.0823327098,10
-1237508.2658459526,1780974.0823327098,10
-1237044.9531294252,1780974.0823327098,10
-1236581.6404128976,1780974.0823327098,10
-1236118.3276963702,1780974.0823327098,10
-1235655.0149798426,1780974.0823327098,10
-1235191.7022633152,1780974.0823327098,10
-1234728.3895467876,1780974.0823327098,10
-1234265.07683026,1780974.0823327098,10
-1233801.7641137326,1780974.0823327098,10
-1233338.4513972052,1780974.0823327098,10
-1232875.1386806776,1780974.0823327098,10
-1232411.82596415,1780974.0823327098,10
-1231948.5132476226,1780974.0823327098,10
-1231485.200531095,1780974.0823327098,10
-1231021.8878145677,1780974.0823327098,10
-1230558.57509804,1780974.0823327098,10
-1230095.2623815127,1780974.0823327098,10
-1229631.949664985,1780974.0823327098,10
-1229168.6369484577,1780974.0823327098,10
-1228705.32423193,1780974.0823327098,10
-1228242.0115154027,1780974.0823327098,10
-1227778.698798875,1780974.0823327098,10
-1227315.3860823475,1780974.0823327098,10
-1226852.07336582,1780974.0823327098,10
-1226388.7606492927,1780974.0823327098,10
-1225925.4479327651,1780974.0823327098,10
-1225462.1352162375,1780974.0823327098,10
-1224998.8224997101,1780974.0823327098,10
-1224535.5097831825,1780974.0823327098,10
-1224072.1970666551,1780974.0823327098,10
-1223608.8843501275,1780974.0823327098,10
-1223145.5716336002,1780974.0823327098,10
-1222682.2589170726,1780974.0823327098,10
-1222218.9462005452,1780974.0823327098,10
-1221755.6334840176,1780974.0823327098,10
-1221292.3207674902,1780974.0823327098,10
-1220829.0080509626,1780974.0823327098,10
-1220365.6953344352,1780974.0823327098,10
-1219902.3826179076,1780974.0823327098,10
-1219439.0699013802,1780974.0823327098,10
-1218975.7571848526,1780974.0823327098,10
-1218512.444468325,1780974.0823327098,10
-1218049.1317517976,1780974.0823327098,10
-1217585.81903527,1780974.0823327098,10
-1217122.5063187426,1780974.0823327098,10
-1216659.193602215,1780974.0823327098,10
-1216195.8808856877,1780974.0823327098,10
-1215732.56816916,1780974.0823327098,10
-1215269.2554526327,1780974.0823327098,10
-1214805.942736105,1780974.0823327098,10
-1214342.6300195777,1780974.0823327098,10
-1213879.31730305,1780974.0823327098,10
-1213416.0045865227,1780974.0823327098,10
-1212952.691869995,1780974.0823327098,10
-1212489.3791534677,1780974.0823327098,10
-1212026.06643694,1780974.0823327098,10
-1211562.7537204125,1780974.0823327098,10
-1211099.4410038851,1780974.0823327098,10
-1210636.1282873575,1780974.0823327098,10
-1210172.8155708301,1780974.0823327098,10
-1209709.5028543025,1780974.0823327098,10
-1209246.1901377751,1780974.0823327098,10
-1208782.8774212475,1780974.0823327098,10
-1208319.5647047202,1780974.0823327098,10
-1207856.2519881926,1780974.0823327098,10
-1207392.9392716652,1780974.0823327098,10
-1206929.6265551376,1780974.0823327098,10
-1206466.3138386102,1780974.0823327098,10
-1206003.0011220826,1780974.0823327098,10
-1205539.6884055552,1780974.0823327098,10
-1205076.3756890276,1780974.0823327098,10
-1204613.0629725,1780974.0823327098,10
-1204149.7502559726,1780974.0823327098,10
-1203686.4375394452,1780974.0823327098,10
-1203223.1248229176,1780974.0823327098,10
-1202759.81210639,1780974.0823327098,10
-1202296.4993898626,1780974.0823327098,10
-1201833.186673335,1780974.0823327098,10
-1201369.8739568077,1780974.0823327098,10
-1200906.56124028,1780974.0823327098,10
-1200443.2485237527,1780974.0823327098,10
-1199979.935807225,1780974.0823327098,10
-1199516.6230906977,1780974.0823327098,10
-1199053.31037417,1780974.0823327098,10
-1198589.9976576427,1780974.0823327098,10
-1198126.684941115,1780974.0823327098,10
-1197663.3722245875,1780974.0823327098,10
-1197200.05950806,1780974.0823327098,10
-1196736.7467915327,1780974.0823327098,10
-1196273.4340750051,1780974.0823327098,10
-1195810.1213584775,1780974.0823327098,10
-1195346.8086419501,1780974.0823327098,10
-1194883.4959254225,1780974.0823327098,10
-1194420.1832088951,1780974.0823327098,10
-1193956.8704923675,1780974.0823327098,10
-1193493.5577758402,1780974.0823327098,10
-1193030.2450593126,1780974.0823327098,10
-1192566.9323427852,1780974.0823327098,10
-1192103.6196262576,1780974.0823327098,10
-1191640.3069097302,1780974.0823327098,10
-1191176.9941932026,1780974.0823327098,10
-1190713.6814766752,1780974.0823327098,10
-1190250.3687601476,1780974.0823327098,10
-1189787.0560436202,1780974.0823327098,10
-1189323.7433270926,1780974.0823327098,10
-1188860.430610565,1780974.0823327098,10
-1188397.1178940376,1780974.0823327098,10
-1187933.80517751,1780974.0823327098,10
-1187470.4924609826,1780974.0823327098,10
-1187007.179744455,1780974.0823327098,10
-1186543.8670279277,1780974.0823327098,10
-1186080.5543114,1780974.0823327098,10
-1185617.2415948727,1780974.0823327098,10
-1185153.928878345,1780974.0823327098,10
-1184690.6161618177,1780974.0823327098,10
-1184227.30344529,1780974.0823327098,10
-1183763.9907287627,1780974.0823327098,10
-1183300.678012235,1780974.0823327098,10
-1182837.3652957077,1780974.0823327098,10
-1182374.05257918,1780974.0823327098,10
-1181910.7398626525,1780974.0823327098,10
-1181447.4271461251,1780974.0823327098,10
-1180984.1144295975,1780974.0823327098,10
-1180520.8017130701,1780974.0823327098,10
-1180057.4889965425,1780974.0823327098,10
-1179594.1762800151,1780974.0823327098,10
-1179130.8635634875,1780974.0823327098,10
-1178667.5508469602,1780974.0823327098,10
-1178204.2381304326,1780974.0823327098,10
-1177740.9254139052,1780974.0823327098,10
-1177277.6126973776,1780974.0823327098,10
-1176814.2999808502,1780974.0823327098,10
-1176350.9872643226,1780974.0823327098,10
-1175887.6745477952,1780974.0823327098,10
-1175424.3618312676,1780974.0823327098,10
-1174961.04911474,1780974.0823327098,10
-1174497.7363982126,1780974.0823327098,10
-1174034.4236816852,1780974.0823327098,10
-1173571.1109651576,1780974.0823327098,10
-1173107.79824863,1780974.0823327098,10
-1172644.4855321026,1780974.0823327098,10
-1172181.172815575,1780974.0823327098,10
-1171717.8600990477,1780974.0823327098,10
-1171254.54738252,1780974.0823327098,10
-1170791.2346659927,1780974.0823327098,10
-1170327.921949465,1780974.0823327098,10
-1169864.6092329377,1780974.0823327098,10
-1169401.29651641,1780974.0823327098,10
-1168937.9837998827,1780974.0823327098,10
-1168474.671083355,1780974.0823327098,10
-1168011.3583668275,1780974.0823327098,10
-1167548.0456503,1780974.0823327098,10
-1167084.7329337727,1780974.0823327098,10
-1166621.4202172451,1780974.0823327098,10
-1166158.1075007175,1780974.0823327098,10
-1165694.7947841901,1780974.0823327098,10
-1165231.4820676625,1780974.0823327098,10
-1164768.1693511351,1780974.0823327098,10
-1164304.8566346075,1780974.0823327098,10
-1163841.5439180802,1780974.0823327098,10
-1163378.2312015526,1780974.0823327098,10
-1162914.9184850252,1780974.0823327098,10
-1162451.6057684976,1780974.0823327098,10
-1161988.2930519702,1780974.0823327098,10
-1161524.9803354426,1780974.0823327098,10
-1161061.6676189152,1780974.0823327098,10
-1160598.3549023876,1780974.0823327098,10
-1160135.0421858602,1780974.0823327098,10
-1159671.7294693326,1780974.0823327098,10
-1159208.416752805,1780974.0823327098,10
-1158745.1040362776,1780974.0823327098,10
-1158281.79131975,1780974.0823327098,10
-1157818.4786032226,1780974.0823327098,10
-1157355.165886695,1780974.0823327098,7
-1156891.8531701677,1780974.0823327098,10
-1156428.54045364,1780974.0823327098,7
-1155965.2277371127,1780974.0823327098,10
-1155501.915020585,1780974.0823327098,10
-1155038.6023040577,1780974.0823327098,10
-1154575.28958753,1780974.0823327098,10
-1154111.9768710027,1780974.0823327098,10
-1153648.664154475,1780974.0823327098,10
-1153185.3514379477,1780974.0823327098,10
-1152722.03872142,1780974.0823327098,10
-1152258.7260048925,1780974.0823327098,10
-1151795.4132883651,1780974.0823327098,10
-1151332.1005718375,1780974.0823327098,10
-1150868.7878553101,1780974.0823327098,10
-1150405.4751387825,1780974.0823327098,10
-1282912.9120656475,1780510.7696161822,10
-1282449.5993491202,1780510.7696161822,10
-1281986.2866325926,1780510.7696161822,10
-1281522.9739160652,1780510.7696161822,10
-1281059.6611995376,1780510.7696161822,10
-1280596.3484830102,1780510.7696161822,10
-1280133.0357664826,1780510.7696161822,10
-1279669.7230499552,1780510.7696161822,10
-1279206.4103334276,1780510.7696161822,10
-1278743.0976169002,1780510.7696161822,10
-1278279.7849003726,1780510.7696161822,10
-1277816.472183845,1780510.7696161822,10
-1277353.1594673176,1780510.7696161822,10
-1276889.84675079,1780510.7696161822,10
-1276426.5340342626,1780510.7696161822,10
-1275963.221317735,1780510.7696161822,10
-1275499.9086012077,1780510.7696161822,10
-1275036.59588468,1780510.7696161822,10
-1274573.2831681527,1780510.7696161822,10
-1274109.970451625,1780510.7696161822,10
-1273646.6577350977,1780510.7696161822,10
-1273183.34501857,1780510.7696161822,10
-1272720.0323020427,1780510.7696161822,10
-1272256.719585515,1780510.7696161822,10
-1271793.4068689877,1780510.7696161822,10
-1271330.09415246,1780510.7696161822,10
-1270866.7814359325,1780510.7696161822,10
-1270403.4687194051,1780510.7696161822,10
-1269940.1560028775,1780510.7696161822,10
-1269476.8432863501,1780510.7696161822,10
-1269013.5305698225,1780510.7696161822,10
-1268550.2178532952,1780510.7696161822,10
-1268086.9051367675,1780510.7696161822,10
-1267623.5924202402,1780510.7696161822,10
-1267160.2797037126,1780510.7696161822,10
-1266696.9669871852,1780510.7696161822,10
-1266233.6542706576,1780510.7696161822,10
-1265770.3415541302,1780510.7696161822,10
-1265307.0288376026,1780510.7696161822,10
-1264843.7161210752,1780510.7696161822,10
-1264380.4034045476,1780510.7696161822,10
-1263917.09068802,1780510.7696161822,10
-1263453.7779714926,1780510.7696161822,10
-1262990.465254965,1780510.7696161822,10
-1247701.1456095576,1780510.7696161822,10
-1247237.83289303,1780510.7696161822,10
-1246774.5201765026,1780510.7696161822,10
-1246311.207459975,1780510.7696161822,10
-1245847.8947434477,1780510.7696161822,10
-1245384.58202692,1780510.7696161822,10
-1244921.2693103927,1780510.7696161822,10
-1244457.956593865,1780510.7696161822,10
-1243994.6438773377,1780510.7696161822,10
-1243531.33116081,1780510.7696161822,10
-1243068.0184442827,1780510.7696161822,10
-1242604.705727755,1780510.7696161822,10
-1242141.3930112277,1780510.7696161822,10
-1241678.0802947,1780510.7696161822,10
-1241214.7675781725,1780510.7696161822,10
-1240751.4548616451,1780510.7696161822,10
-1240288.1421451175,1780510.7696161822,10
-1239824.8294285901,1780510.7696161822,10
-1239361.5167120625,1780510.7696161822,10
-1238898.2039955352,1780510.7696161822,10
-1238434.8912790075,1780510.7696161822,10
-1237971.5785624802,1780510.7696161822,10
-1237508.2658459526,1780510.7696161822,10
-1237044.9531294252,1780510.7696161822,10
-1236581.6404128976,1780510.7696161822,10
-1236118.3276963702,1780510.7696161822,10
-1235655.0149798426,1780510.7696161822,10
-1235191.7022633152,1780510.7696161822,10
-1234728.3895467876,1780510.7696161822,10
-1234265.07683026,1780510.7696161822,10
-1233801.7641137326,1780510.7696161822,10
-1233338.4513972052,1780510.7696161822,10
-1232875.1386806776,1780510.7696161822,10
-1232411.82596415,1780510.7696161822,10
-1231948.5132476226,1780510.7696161822,10
-1231485.200531095,1780510.7696161822,10
-1231021.8878145677,1780510.7696161822,10
-1230558.57509804,1780510.7696161822,10
-1230095.2623815127,1780510.7696161822,10
-1229631.949664985,1780510.7696161822,10
-1229168.6369484577,1780510.7696161822,10
-1228705.32423193,1780510.7696161822,10
-1228242.0115154027,1780510.7696161822,10
-1227778.698798875,1780510.7696161822,10
-1227315.3860823475,1780510.7696161822,10
-1226852.07336582,1780510.7696161822,10
-1226388.7606492927,1780510.7696161822,10
-1225925.4479327651,1780510.7696161822,10
-1225462.1352162375,1780510.7696161822,10
-1224998.8224997101,1780510.7696161822,10
-1224535.5097831825,1780510.7696161822,10
-1224072.1970666551,1780510.7696161822,10
-1223608.8843501275,1780510.7696161822,10
-1223145.5716336002,1780510.7696161822,10
-1222682.2589170726,1780510.7696161822,10
-1222218.9462005452,1780510.7696161822,10
-1221755.6334840176,1780510.7696161822,10
-1221292.3207674902,1780510.7696161822,10
-1220829.0080509626,1780510.7696161822,10
-1220365.6953344352,1780510.7696161822,10
-1219902.3826179076,1780510.7696161822,10
-1219439.0699013802,1780510.7696161822,10
-1218975.7571848526,1780510.7696161822,10
-1218512.444468325,1780510.7696161822,10
-1218049.1317517976,1780510.7696161822,10
-1217585.81903527,1780510.7696161822,10
-1217122.5063187426,1780510.7696161822,10
-1216659.193602215,1780510.7696161822,10
-1216195.8808856877,1780510.7696161822,10
-1215732.56816916,1780510.7696161822,10
-1215269.2554526327,1780510.7696161822,10
-1214805.942736105,1780510.7696161822,10
-1214342.6300195777,1780510.7696161822,10
-1213879.31730305,1780510.7696161822,10
-1213416.0045865227,1780510.7696161822,10
-1212952.691869995,1780510.7696161822,10
-1212489.3791534677,1780510.7696161822,10
-1212026.06643694,1780510.7696161822,10
-1211562.7537204125,1780510.7696161822,10
-1211099.4410038851,1780510.7696161822,10
-1210636.1282873575,1780510.7696161822,10
-1210172.8155708301,1780510.7696161822,10
-1209709.5028543025,1780510.7696161822,10
-1209246.1901377751,1780510.7696161822,10
-1208782.8774212475,1780510.7696161822,10
-1208319.5647047202,1780510.7696161822,10
-1207856.2519881926,1780510.7696161822,10
-1207392.9392716652,1780510.7696161822,10
-1206929.6265551376,1780510.7696161822,10
-1206466.3138386102,1780510.7696161822,10
-1206003.0011220826,1780510.7696161822,10
-1205539.6884055552,1780510.7696161822,10
-1205076.3756890276,1780510.7696161822,10
-1204613.0629725,1780510.7696161822,10
-1204149.7502559726,1780510.7696161822,10
-1203686.4375394452,1780510.7696161822,10
-1203223.1248229176,1780510.7696161822,10
-1202759.81210639,1780510.7696161822,10
-1202296.4993898626,1780510.7696161822,10
-1201833.186673335,1780510.7696161822,10
-1201369.8739568077,1780510.7696161822,10
-1200906.56124028,1780510.7696161822,10
-1200443.2485237527,1780510.7696161822,10
-1199979.935807225,1780510.7696161822,10
-1199516.6230906977,1780510.7696161822,10
-1199053.31037417,1780510.7696161822,10
-1198589.9976576427,1780510.7696161822,10
-1198126.684941115,1780510.7696161822,10
-1197663.3722245875,1780510.7696161822,10
-1197200.05950806,1780510.7696161822,10
-1196736.7467915327,1780510.7696161822,10
-1196273.4340750051,1780510.7696161822,10
-1195810.1213584775,1780510.7696161822,10
-1195346.8086419501,1780510.7696161822,10
-1194883.4959254225,1780510.7696161822,10
-1194420.1832088951,1780510.7696161822,10
-1193956.8704923675,1780510.7696161822,10
-1193493.5577758402,1780510.7696161822,10
-1193030.2450593126,1780510.7696161822,10
-1192566.9323427852,1780510.7696161822,10
-1192103.6196262576,1780510.7696161822,10
-1191640.3069097302,1780510.7696161822,10
-1191176.9941932026,1780510.7696161822,10
-1190713.6814766752,1780510.7696161822,10
-1190250.3687601476,1780510.7696161822,10
-1189787.0560436202,1780510.7696161822,10
-1189323.7433270926,1780510.7696161822,10
-1188860.430610565,1780510.7696161822,10
-1188397.1178940376,1780510.7696161822,10
-1187933.80517751,1780510.7696161822,10
-1187470.4924609826,1780510.7696161822,10
-1187007.179744455,1780510.7696161822,10
-1186543.8670279277,1780510.7696161822,10
-1186080.5543114,1780510.7696161822,10
-1185617.2415948727,1780510.7696161822,10
-1185153.928878345,1780510.7696161822,10
-1184690.6161618177,1780510.7696161822,10
-1184227.30344529,1780510.7696161822,10
-1183763.9907287627,1780510.7696161822,10
-1183300.678012235,1780510.7696161822,10
-1182837.3652957077,1780510.7696161822,10
-1182374.05257918,1780510.7696161822,10
-1181910.7398626525,1780510.7696161822,10
-1181447.4271461251,1780510.7696161822,10
-1180984.1144295975,1780510.7696161822,10
-1180520.8017130701,1780510.7696161822,10
-1180057.4889965425,1780510.7696161822,10
-1179594.1762800151,1780510.7696161822,10
-1179130.8635634875,1780510.7696161822,10
-1178667.5508469602,1780510.7696161822,10
-1178204.2381304326,1780510.7696161822,10
-1177740.9254139052,1780510.7696161822,10
-1177277.6126973776,1780510.7696161822,10
-1176814.2999808502,1780510.7696161822,10
-1176350.9872643226,1780510.7696161822,10
-1175887.6745477952,1780510.7696161822,10
-1175424.3618312676,1780510.7696161822,10
-1174961.04911474,1780510.7696161822,10
-1174497.7363982126,1780510.7696161822,10
-1174034.4236816852,1780510.7696161822,10
-1173571.1109651576,1780510.7696161822,10
-1173107.79824863,1780510.7696161822,10
-1172644.4855321026,1780510.7696161822,10
-1172181.172815575,1780510.7696161822,10
-1171717.8600990477,1780510.7696161822,10
-1171254.54738252,1780510.7696161822,10
-1170791.2346659927,1780510.7696161822,10
-1170327.921949465,1780510.7696161822,10
-1169864.6092329377,1780510.7696161822,10
-1169401.29651641,1780510.7696161822,10
-1168937.9837998827,1780510.7696161822,10
-1168474.671083355,1780510.7696161822,10
-1168011.3583668275,1780510.7696161822,10
-1167548.0456503,1780510.7696161822,10
-1167084.7329337727,1780510.7696161822,10
-1166621.4202172451,1780510.7696161822,10
-1166158.1075007175,1780510.7696161822,10
-1165694.7947841901,1780510.7696161822,10
-1165231.4820676625,1780510.7696161822,10
-1164768.1693511351,1780510.7696161822,10
-1164304.8566346075,1780510.7696161822,10
-1163841.5439180802,1780510.7696161822,10
-1163378.2312015526,1780510.7696161822,10
-1162914.9184850252,1780510.7696161822,10
-1162451.6057684976,1780510.7696161822,10
-1161988.2930519702,1780510.7696161822,10
-1161524.9803354426,1780510.7696161822,10
-1161061.6676189152,1780510.7696161822,10
-1160598.3549023876,1780510.7696161822,10
-1160135.0421858602,1780510.7696161822,10
-1159671.7294693326,1780510.7696161822,7
-1159208.416752805,1780510.7696161822,7
-1158745.1040362776,1780510.7696161822,10
-1158281.79131975,1780510.7696161822,10
-1157818.4786032226,1780510.7696161822,10
-1157355.165886695,1780510.7696161822,10
-1156891.8531701677,1780510.7696161822,10
-1156428.54045364,1780510.7696161822,10
-1155965.2277371127,1780510.7696161822,10
-1155501.915020585,1780510.7696161822,7
-1155038.6023040577,1780510.7696161822,7
-1154575.28958753,1780510.7696161822,10
-1154111.9768710027,1780510.7696161822,10
-1153648.664154475,1780510.7696161822,10
-1153185.3514379477,1780510.7696161822,10
-1152722.03872142,1780510.7696161822,10
-1152258.7260048925,1780510.7696161822,10
-1151795.4132883651,1780510.7696161822,10
-1151332.1005718375,1780510.7696161822,10
-1150868.7878553101,1780510.7696161822,10
-1150405.4751387825,1780510.7696161822,10
-1149942.1624222551,1780510.7696161822,10
-1283376.2247821752,1780047.4568996546,10
-1282912.9120656475,1780047.4568996546,10
-1282449.5993491202,1780047.4568996546,10
-1281986.2866325926,1780047.4568996546,10
-1281522.9739160652,1780047.4568996546,10
-1281059.6611995376,1780047.4568996546,10
-1280596.3484830102,1780047.4568996546,10
-1280133.0357664826,1780047.4568996546,10
-1279669.7230499552,1780047.4568996546,10
-1279206.4103334276,1780047.4568996546,10
-1278743.0976169002,1780047.4568996546,10
-1278279.7849003726,1780047.4568996546,10
-1277816.472183845,1780047.4568996546,10
-1277353.1594673176,1780047.4568996546,10
-1276889.84675079,1780047.4568996546,10
-1276426.5340342626,1780047.4568996546,10
-1275963.221317735,1780047.4568996546,10
-1275499.9086012077,1780047.4568996546,10
-1275036.59588468,1780047.4568996546,10
-1274573.2831681527,1780047.4568996546,10
-1274109.970451625,1780047.4568996546,10
-1273646.6577350977,1780047.4568996546,10
-1273183.34501857,1780047.4568996546,10
-1272720.0323020427,1780047.4568996546,10
-1272256.719585515,1780047.4568996546,10
-1271793.4068689877,1780047.4568996546,10
-1271330.09415246,1780047.4568996546,10
-1270866.7814359325,1780047.4568996546,10
-1270403.4687194051,1780047.4568996546,10
-1269940.1560028775,1780047.4568996546,10
-1269476.8432863501,1780047.4568996546,10
-1269013.5305698225,1780047.4568996546,10
-1268550.2178532952,1780047.4568996546,10
-1268086.9051367675,1780047.4568996546,10
-1267623.5924202402,1780047.4568996546,10
-1267160.2797037126,1780047.4568996546,10
-1266696.9669871852,1780047.4568996546,10
-1266233.6542706576,1780047.4568996546,10
-1265770.3415541302,1780047.4568996546,10
-1265307.0288376026,1780047.4568996546,10
-1264843.7161210752,1780047.4568996546,10
-1264380.4034045476,1780047.4568996546,10
-1263917.09068802,1780047.4568996546,10
-1263453.7779714926,1780047.4568996546,10
-1262990.465254965,1780047.4568996546,10
-1247237.83289303,1780047.4568996546,10
-1246774.5201765026,1780047.4568996546,10
-1246311.207459975,1780047.4568996546,10
-1245847.8947434477,1780047.4568996546,10
-1245384.58202692,1780047.4568996546,10
-1244921.2693103927,1780047.4568996546,10
-1244457.956593865,1780047.4568996546,10
-1243994.6438773377,1780047.4568996546,10
-1243531.33116081,1780047.4568996546,10
-1243068.0184442827,1780047.4568996546,10
-1242604.705727755,1780047.4568996546,10
-1242141.3930112277,1780047.4568996546,10
-1241678.0802947,1780047.4568996546,10
-1241214.7675781725,1780047.4568996546,10
-1240751.4548616451,1780047.4568996546,10
-1240288.1421451175,1780047.4568996546,10
-1239824.8294285901,1780047.4568996546,10
-1239361.5167120625,1780047.4568996546,10
-1238898.2039955352,1780047.4568996546,10
-1238434.8912790075,1780047.4568996546,10
-1237971.5785624802,1780047.4568996546,10
-1237508.2658459526,1780047.4568996546,10
-1237044.9531294252,1780047.4568996546,10
-1236581.6404128976,1780047.4568996546,10
-1236118.3276963702,1780047.4568996546,10
-1235655.0149798426,1780047.4568996546,10
-1235191.7022633152,1780047.4568996546,10
-1234728.3895467876,1780047.4568996546,10
-1234265.07683026,1780047.4568996546,10
-1233801.7641137326,1780047.4568996546,10
-1233338.4513972052,1780047.4568996546,10
-1232875.1386806776,1780047.4568996546,10
-1232411.82596415,1780047.4568996546,10
-1231948.5132476226,1780047.4568996546,10
-1231485.200531095,1780047.4568996546,10
-1231021.8878145677,1780047.4568996546,10
-1230558.57509804,1780047.4568996546,10
-1230095.2623815127,1780047.4568996546,10
-1229631.949664985,1780047.4568996546,10
-1229168.6369484577,1780047.4568996546,10
-1228705.32423193,1780047.4568996546,10
-1228242.0115154027,1780047.4568996546,10
-1227778.698798875,1780047.4568996546,10
-1227315.3860823475,1780047.4568996546,10
-1226852.07336582,1780047.4568996546,10
-1226388.7606492927,1780047.4568996546,10
-1225925.4479327651,1780047.4568996546,10
-1225462.1352162375,1780047.4568996546,10
-1224998.8224997101,1780047.4568996546,10
-1224535.5097831825,1780047.4568996546,10
-1224072.1970666551,1780047.4568996546,10
-1223608.8843501275,1780047.4568996546,10
-1223145.5716336002,1780047.4568996546,10
-1222682.2589170726,1780047.4568996546,10
-1222218.9462005452,1780047.4568996546,10
-1221755.6334840176,1780047.4568996546,10
-1221292.3207674902,1780047.4568996546,10
-1220829.0080509626,1780047.4568996546,10
-1220365.6953344352,1780047.4568996546,10
-1219902.3826179076,1780047.4568996546,10
-1219439.0699013802,1780047.4568996546,10
-1218975.7571848526,1780047.4568996546,10
-1218512.444468325,1780047.4568996546,10
-1218049.1317517976,1780047.4568996546,10
-1217585.81903527,1780047.4568996546,10
-1217122.5063187426,1780047.4568996546,10
-1216659.193602215,1780047.4568996546,10
-1216195.8808856877,1780047.4568996546,10
-1215732.56816916,1780047.4568996546,10
-1215269.2554526327,1780047.4568996546,10
-1214805.942736105,1780047.4568996546,10
-1214342.6300195777,1780047.4568996546,10
-1213879.31730305,1780047.4568996546,10
-1213416.0045865227,1780047.4568996546,10
-1212952.691869995,1780047.4568996546,10
-1212489.3791534677,1780047.4568996546,10
-1212026.06643694,1780047.4568996546,10
-1211562.7537204125,1780047.4568996546,10
-1211099.4410038851,1780047.4568996546,10
-1210636.1282873575,1780047.4568996546,10
-1210172.8155708301,1780047.4568996546,10
-1209709.5028543025,1780047.4568996546,10
-1209246.1901377751,1780047.4568996546,10
-1208782.8774212475,1780047.4568996546,10
-1208319.5647047202,1780047.4568996546,10
-1207856.2519881926,1780047.4568996546,10
-1207392.9392716652,1780047.4568996546,10
-1206929.6265551376,1780047.4568996546,10
-1206466.3138386102,1780047.4568996546,10
-1206003.0011220826,1780047.4568996546,10
-1205539.6884055552,1780047.4568996546,10
-1205076.3756890276,1780047.4568996546,10
-1204613.0629725,1780047.4568996546,10
-1204149.7502559726,1780047.4568996546,10
-1203686.4375394452,1780047.4568996546,10
-1203223.1248229176,1780047.4568996546,10
-1202759.81210639,1780047.4568996546,10
-1202296.4993898626,1780047.4568996546,10
-1201833.186673335,1780047.4568996546,10
-1201369.8739568077,1780047.4568996546,10
-1200906.56124028,1780047.4568996546,10
-1200443.2485237527,1780047.4568996546,10
-1199979.935807225,1780047.4568996546,10
-1199516.6230906977,1780047.4568996546,10
-1199053.31037417,1780047.4568996546,10
-1198589.9976576427,1780047.4568996546,10
-1198126.684941115,1780047.4568996546,10
-1197663.3722245875,1780047.4568996546,10
-1197200.05950806,1780047.4568996546,10
-1196736.7467915327,1780047.4568996546,10
-1196273.4340750051,1780047.4568996546,10
-1195810.1213584775,1780047.4568996546,10
-1195346.8086419501,1780047.4568996546,10
-1194883.4959254225,1780047.4568996546,10
-1194420.1832088951,1780047.4568996546,10
-1193956.8704923675,1780047.4568996546,10
-1193493.5577758402,1780047.4568996546,10
-1193030.2450593126,1780047.4568996546,10
-1192566.9323427852,1780047.4568996546,10
-1192103.6196262576,1780047.4568996546,10
-1191640.3069097302,1780047.4568996546,10
-1191176.9941932026,1780047.4568996546,10
-1190713.6814766752,1780047.4568996546,10
-1190250.3687601476,1780047.4568996546,10
-1189787.0560436202,1780047.4568996546,10
-1189323.7433270926,1780047.4568996546,10
-1188860.430610565,1780047.4568996546,10
-1188397.1178940376,1780047.4568996546,10
-1187933.80517751,1780047.4568996546,10
-1187470.4924609826,1780047.4568996546,10
-1187007.179744455,1780047.4568996546,10
-1186543.8670279277,1780047.4568996546,10
-1186080.5543114,1780047.4568996546,10
-1185617.2415948727,1780047.4568996546,10
-1185153.928878345,1780047.4568996546,10
-1184690.6161618177,1780047.4568996546,10
-1184227.30344529,1780047.4568996546,10
-1183763.9907287627,1780047.4568996546,10
-1183300.678012235,1780047.4568996546,10
-1182837.3652957077,1780047.4568996546,10
-1182374.05257918,1780047.4568996546,10
-1181910.7398626525,1780047.4568996546,10
-1181447.4271461251,1780047.4568996546,10
-1180984.1144295975,1780047.4568996546,10
-1180520.8017130701,1780047.4568996546,10
-1180057.4889965425,1780047.4568996546,10
-1179594.1762800151,1780047.4568996546,10
-1179130.8635634875,1780047.4568996546,10
-1178667.5508469602,1780047.4568996546,10
-1178204.2381304326,1780047.4568996546,10
-1177740.9254139052,1780047.4568996546,10
-1177277.6126973776,1780047.4568996546,10
-1176814.2999808502,1780047.4568996546,10
-1176350.9872643226,1780047.4568996546,10
-1175887.6745477952,1780047.4568996546,10
-1175424.3618312676,1780047.4568996546,10
-1174961.04911474,1780047.4568996546,10
-1174497.7363982126,1780047.4568996546,10
-1174034.4236816852,1780047.4568996546,10
-1173571.1109651576,1780047.4568996546,10
-1173107.79824863,1780047.4568996546,10
-1172644.4855321026,1780047.4568996546,10
-1172181.172815575,1780047.4568996546,10
-1171717.8600990477,1780047.4568996546,10
-1171254.54738252,1780047.4568996546,10
-1170791.2346659927,1780047.4568996546,10
-1170327.921949465,1780047.4568996546,10
-1169864.6092329377,1780047.4568996546,10
-1169401.29651641,1780047.4568996546,10
-1168937.9837998827,1780047.4568996546,10
-1168474.671083355,1780047.4568996546,10
-1168011.3583668275,1780047.4568996546,10
-1167548.0456503,1780047.4568996546,10
-1167084.7329337727,1780047.4568996546,10
-1166621.4202172451,1780047.4568996546,10
-1166158.1075007175,1780047.4568996546,10
-1165694.7947841901,1780047.4568996546,10
-1165231.4820676625,1780047.4568996546,10
-1164768.1693511351,1780047.4568996546,10
-1164304.8566346075,1780047.4568996546,10
-1163841.5439180802,1780047.4568996546,10
-1163378.2312015526,1780047.4568996546,10
-1162914.9184850252,1780047.4568996546,10
-1162451.6057684976,1780047.4568996546,10
-1161988.2930519702,1780047.4568996546,10
-1161524.9803354426,1780047.4568996546,10
-1161061.6676189152,1780047.4568996546,10
-1160598.3549023876,1780047.4568996546,10
-1160135.0421858602,1780047.4568996546,7
-1159671.7294693326,1780047.4568996546,7
-1159208.416752805,1780047.4568996546,10
-1158745.1040362776,1780047.4568996546,7
-1158281.79131975,1780047.4568996546,7
-1157818.4786032226,1780047.4568996546,10
-1157355.165886695,1780047.4568996546,10
-1156891.8531701677,1780047.4568996546,10
-1156428.54045364,1780047.4568996546,10
-1155965.2277371127,1780047.4568996546,10
-1155501.915020585,1780047.4568996546,10
-1155038.6023040577,1780047.4568996546,10
-1154575.28958753,1780047.4568996546,10
-1154111.9768710027,1780047.4568996546,10
-1153648.664154475,1780047.4568996546,10
-1153185.3514379477,1780047.4568996546,10
-1152722.03872142,1780047.4568996546,10
-1152258.7260048925,1780047.4568996546,10
-1151795.4132883651,1780047.4568996546,10
-1151332.1005718375,1780047.4568996546,10
-1150868.7878553101,1780047.4568996546,10
-1150405.4751387825,1780047.4568996546,10
-1149942.1624222551,1780047.4568996546,10
-1149478.8497057275,1780047.4568996546,10
-1149015.5369892002,1780047.4568996546,10
-1283376.2247821752,1779584.1441831272,10
-1282912.9120656475,1779584.1441831272,10
-1282449.5993491202,1779584.1441831272,10
-1281986.2866325926,1779584.1441831272,10
-1281522.9739160652,1779584.1441831272,10
-1281059.6611995376,1779584.1441831272,10
-1280596.3484830102,1779584.1441831272,10
-1280133.0357664826,1779584.1441831272,10
-1279669.7230499552,1779584.1441831272,10
-1279206.4103334276,1779584.1441831272,10
-1278743.0976169002,1779584.1441831272,10
-1278279.7849003726,1779584.1441831272,10
-1277816.472183845,1779584.1441831272,10
-1277353.1594673176,1779584.1441831272,10
-1276889.84675079,1779584.1441831272,10
-1276426.5340342626,1779584.1441831272,10
-1275963.221317735,1779584.1441831272,10
-1275499.9086012077,1779584.1441831272,10
-1275036.59588468,1779584.1441831272,10
-1274573.2831681527,1779584.1441831272,10
-1274109.970451625,1779584.1441831272,10
-1273646.6577350977,1779584.1441831272,10
-1273183.34501857,1779584.1441831272,10
-1272720.0323020427,1779584.1441831272,10
-1272256.719585515,1779584.1441831272,10
-1271793.4068689877,1779584.1441831272,10
-1271330.09415246,1779584.1441831272,10
-1270866.7814359325,1779584.1441831272,10
-1270403.4687194051,1779584.1441831272,10
-1269940.1560028775,1779584.1441831272,10
-1269476.8432863501,1779584.1441831272,10
-1269013.5305698225,1779584.1441831272,10
-1268550.2178532952,1779584.1441831272,10
-1268086.9051367675,1779584.1441831272,10
-1267623.5924202402,1779584.1441831272,10
-1267160.2797037126,1779584.1441831272,10
-1266696.9669871852,1779584.1441831272,10
-1266233.6542706576,1779584.1441831272,10
-1265770.3415541302,1779584.1441831272,10
-1265307.0288376026,1779584.1441831272,10
-1264843.7161210752,1779584.1441831272,10
-1264380.4034045476,1779584.1441831272,10
-1263917.09068802,1779584.1441831272,10
-1263453.7779714926,1779584.1441831272,10
-1262990.465254965,1779584.1441831272,10
-1246774.5201765026,1779584.1441831272,10
-1246311.207459975,1779584.1441831272,10
-1245847.8947434477,1779584.1441831272,10
-1245384.58202692,1779584.1441831272,10
-1244921.2693103927,1779584.1441831272,10
-1244457.956593865,1779584.1441831272,10
-1243994.6438773377,1779584.1441831272,10
-1243531.33116081,1779584.1441831272,10
-1243068.0184442827,1779584.1441831272,10
-1242604.705727755,1779584.1441831272,10
-1242141.3930112277,1779584.1441831272,10
-1241678.0802947,1779584.1441831272,10
-1241214.7675781725,1779584.1441831272,10
-1240751.4548616451,1779584.1441831272,10
-1240288.1421451175,1779584.1441831272,10
-1239824.8294285901,1779584.1441831272,10
-1239361.5167120625,1779584.1441831272,10
-1238898.2039955352,1779584.1441831272,10
-1238434.8912790075,1779584.1441831272,10
-1237971.5785624802,1779584.1441831272,10
-1237508.2658459526,1779584.1441831272,10
-1237044.9531294252,1779584.1441831272,10
-1236581.6404128976,1779584.1441831272,10
-1236118.3276963702,1779584.1441831272,10
-1235655.0149798426,1779584.1441831272,10
-1235191.7022633152,1779584.1441831272,10
-1234728.3895467876,1779584.1441831272,10
-1234265.07683026,1779584.1441831272,10
-1233801.7641137326,1779584.1441831272,10
-1233338.4513972052,1779584.1441831272,10
-1232875.1386806776,1779584.1441831272,10
-1232411.82596415,1779584.1441831272,10
-1231948.5132476226,1779584.1441831272,10
-1231485.200531095,1779584.1441831272,10
-1231021.8878145677,1779584.1441831272,10
-1230558.57509804,1779584.1441831272,10
-1230095.2623815127,1779584.1441831272,10
-1229631.949664985,1779584.1441831272,10
-1229168.6369484577,1779584.1441831272,10
-1228705.32423193,1779584.1441831272,10
-1228242.0115154027,1779584.1441831272,10
-1227778.698798875,1779584.1441831272,10
-1227315.3860823475,1779584.1441831272,10
-1226852.07336582,1779584.1441831272,10
-1226388.7606492927,1779584.1441831272,10
-1225925.4479327651,1779584.1441831272,10
-1225462.1352162375,1779584.1441831272,10
-1224998.8224997101,1779584.1441831272,10
-1224535.5097831825,1779584.1441831272,10
-1224072.1970666551,1779584.1441831272,10
-1223608.8843501275,1779584.1441831272,10
-1223145.5716336002,1779584.1441831272,10
-1222682.2589170726,1779584.1441831272,10
-1222218.9462005452,1779584.1441831272,10
-1221755.6334840176,1779584.1441831272,10
-1221292.3207674902,1779584.1441831272,10
-1220829.0080509626,1779584.1441831272,10
-1220365.6953344352,1779584.1441831272,10
-1219902.3826179076,1779584.1441831272,10
-1219439.0699013802,1779584.1441831272,10
-1218975.7571848526,1779584.1441831272,10
-1218512.444468325,1779584.1441831272,10
-1218049.1317517976,1779584.1441831272,10
-1217585.81903527,1779584.1441831272,10
-1217122.5063187426,1779584.1441831272,10
-1216659.193602215,1779584.1441831272,10
-1216195.8808856877,1779584.1441831272,10
-1215732.56816916,1779584.1441831272,10
-1215269.2554526327,1779584.1441831272,10
-1214805.942736105,1779584.1441831272,10
-1214342.6300195777,1779584.1441831272,10
-1213879.31730305,1779584.1441831272,10
-1213416.0045865227,1779584.1441831272,10
-1212952.691869995,1779584.1441831272,10
-1212489.3791534677,1779584.1441831272,10
-1212026.06643694,1779584.1441831272,10
-1211562.7537204125,1779584.1441831272,10
-1211099.4410038851,1779584.1441831272,10
-1210636.1282873575,1779584.1441831272,10
-1210172.8155708301,1779584.1441831272,10
-1209709.5028543025,1779584.1441831272,10
-1209246.1901377751,1779584.1441831272,10
-1208782.8774212475,1779584.1441831272,10
-1208319.5647047202,1779584.1441831272,10
-1207856.2519881926,1779584.1441831272,10
-1207392.9392716652,1779584.1441831272,10
-1206929.6265551376,1779584.1441831272,10
-1206466.3138386102,1779584.1441831272,10
-1206003.0011220826,1779584.1441831272,10
-1205539.6884055552,1779584.1441831272,10
-1205076.3756890276,1779584.1441831272,10
-1204613.0629725,1779584.1441831272,10
-1204149.7502559726,1779584.1441831272,10
-1203686.4375394452,1779584.1441831272,10
-1203223.1248229176,1779584.1441831272,10
-1202759.81210639,1779584.1441831272,10
-1202296.4993898626,1779584.1441831272,10
-1201833.186673335,1779584.1441831272,10
-1201369.8739568077,1779584.1441831272,10
-1200906.56124028,1779584.1441831272,10
-1200443.2485237527,1779584.1441831272,10
-1199979.935807225,1779584.1441831272,10
-1199516.6230906977,1779584.1441831272,10
-1199053.31037417,1779584.1441831272,10
-1198589.9976576427,1779584.1441831272,10
-1198126.684941115,1779584.1441831272,10
-1197663.3722245875,1779584.1441831272,10
-1197200.05950806,1779584.1441831272,10
-1196736.7467915327,1779584.1441831272,10
-1196273.4340750051,1779584.1441831272,10
-1195810.1213584775,1779584.1441831272,10
-1195346.8086419501,1779584.1441831272,10
-1194883.4959254225,1779584.1441831272,10
-1194420.1832088951,1779584.1441831272,10
-1193956.8704923675,1779584.1441831272,10
-1193493.5577758402,1779584.1441831272,10
-1193030.2450593126,1779584.1441831272,10
-1192566.9323427852,1779584.1441831272,10
-1192103.6196262576,1779584.1441831272,10
-1191640.3069097302,1779584.1441831272,10
-1191176.9941932026,1779584.1441831272,10
-1190713.6814766752,1779584.1441831272,10
-1190250.3687601476,1779584.1441831272,10
-1189787.0560436202,1779584.1441831272,10
-1189323.7433270926,1779584.1441831272,10
-1188860.430610565,1779584.1441831272,10
-1188397.1178940376,1779584.1441831272,10
-1187933.80517751,1779584.1441831272,10
-1187470.4924609826,1779584.1441831272,10
-1187007.179744455,1779584.1441831272,10
-1186543.8670279277,1779584.1441831272,10
-1186080.5543114,1779584.1441831272,10
-1185617.2415948727,1779584.1441831272,10
-1185153.928878345,1779584.1441831272,10
-1184690.6161618177,1779584.1441831272,10
-1184227.30344529,1779584.1441831272,10
-1183763.9907287627,1779584.1441831272,10
-1183300.678012235,1779584.1441831272,10
-1182837.3652957077,1779584.1441831272,10
-1182374.05257918,1779584.1441831272,10
-1181910.7398626525,1779584.1441831272,10
-1181447.4271461251,1779584.1441831272,10
-1180984.1144295975,1779584.1441831272,10
-1180520.8017130701,1779584.1441831272,10
-1180057.4889965425,1779584.1441831272,10
-1179594.1762800151,1779584.1441831272,10
-1179130.8635634875,1779584.1441831272,10
-1178667.5508469602,1779584.1441831272,10
-1178204.2381304326,1779584.1441831272,10
-1177740.9254139052,1779584.1441831272,10
-1177277.6126973776,1779584.1441831272,10
-1176814.2999808502,1779584.1441831272,10
-1176350.9872643226,1779584.1441831272,10
-1175887.6745477952,1779584.1441831272,10
-1175424.3618312676,1779584.1441831272,10
-1174961.04911474,1779584.1441831272,10
-1174497.7363982126,1779584.1441831272,10
-1174034.4236816852,1779584.1441831272,10
-1173571.1109651576,1779584.1441831272,10
-1173107.79824863,1779584.1441831272,10
-1172644.4855321026,1779584.1441831272,10
-1172181.172815575,1779584.1441831272,10
-1171717.8600990477,1779584.1441831272,10
-1171254.54738252,1779584.1441831272,10
-1170791.2346659927,1779584.1441831272,10
-1170327.921949465,1779584.1441831272,10
-1169864.6092329377,1779584.1441831272,10
-1169401.29651641,1779584.1441831272,10
-1168937.9837998827,1779584.1441831272,10
-1168474.671083355,1779584.1441831272,10
-1168011.3583668275,1779584.1441831272,10
-1167548.0456503,1779584.1441831272,10
-1167084.7329337727,1779584.1441831272,10
-1166621.4202172451,1779584.1441831272,10
-1166158.1075007175,1779584.1441831272,10
-1165694.7947841901,1779584.1441831272,10
-1165231.4820676625,1779584.1441831272,10
-1164768.1693511351,1779584.1441831272,10
-1164304.8566346075,1779584.1441831272,10
-1163841.5439180802,1779584.1441831272,10
-1163378.2312015526,1779584.1441831272,10
-1162914.9184850252,1779584.1441831272,10
-1162451.6057684976,1779584.1441831272,10
-1161988.2930519702,1779584.1441831272,10
-1161524.9803354426,1779584.1441831272,10
-1161061.6676189152,1779584.1441831272,10
-1160598.3549023876,1779584.1441831272,10
-1160135.0421858602,1779584.1441831272,10
-1159671.7294693326,1779584.1441831272,10
-1159208.416752805,1779584.1441831272,10
-1158745.1040362776,1779584.1441831272,10
-1158281.79131975,1779584.1441831272,10
-1157818.4786032226,1779584.1441831272,10
-1157355.165886695,1779584.1441831272,10
-1156891.8531701677,1779584.1441831272,10
-1156428.54045364,1779584.1441831272,10
-1155965.2277371127,1779584.1441831272,10
-1155501.915020585,1779584.1441831272,10
-1155038.6023040577,1779584.1441831272,10
-1154575.28958753,1779584.1441831272,10
-1154111.9768710027,1779584.1441831272,10
-1153648.664154475,1779584.1441831272,10
-1153185.3514379477,1779584.1441831272,10
-1152722.03872142,1779584.1441831272,10
-1152258.7260048925,1779584.1441831272,10
-1151795.4132883651,1779584.1441831272,10
-1151332.1005718375,1779584.1441831272,10
-1150868.7878553101,1779584.1441831272,10
-1150405.4751387825,1779584.1441831272,10
-1149942.1624222551,1779584.1441831272,10
-1149478.8497057275,1779584.1441831272,10
-1149015.5369892002,1779584.1441831272,10
-1148552.2242726726,1779584.1441831272,10
-1148088.9115561452,1779584.1441831272,10
-1283839.5374987025,1779120.8314665996,10
-1283376.2247821752,1779120.8314665996,10
-1282912.9120656475,1779120.8314665996,10
-1282449.5993491202,1779120.8314665996,10
-1281986.2866325926,1779120.8314665996,10
-1281522.9739160652,1779120.8314665996,10
-1281059.6611995376,1779120.8314665996,10
-1280596.3484830102,1779120.8314665996,10
-1280133.0357664826,1779120.8314665996,10
-1279669.7230499552,1779120.8314665996,10
-1279206.4103334276,1779120.8314665996,10
-1278743.0976169002,1779120.8314665996,10
-1278279.7849003726,1779120.8314665996,10
-1277816.472183845,1779120.8314665996,10
-1277353.1594673176,1779120.8314665996,10
-1276889.84675079,1779120.8314665996,10
-1276426.5340342626,1779120.8314665996,10
-1275963.221317735,1779120.8314665996,10
-1275499.9086012077,1779120.8314665996,10
-1275036.59588468,1779120.8314665996,10
-1274573.2831681527,1779120.8314665996,10
-1274109.970451625,1779120.8314665996,10
-1273646.6577350977,1779120.8314665996,10
-1273183.34501857,1779120.8314665996,10
-1272720.0323020427,1779120.8314665996,10
-1272256.719585515,1779120.8314665996,10
-1271793.4068689877,1779120.8314665996,10
-1271330.09415246,1779120.8314665996,10
-1270866.7814359325,1779120.8314665996,10
-1270403.4687194051,1779120.8314665996,10
-1269940.1560028775,1779120.8314665996,10
-1269476.8432863501,1779120.8314665996,10
-1269013.5305698225,1779120.8314665996,10
-1268550.2178532952,1779120.8314665996,10
-1268086.9051367675,1779120.8314665996,10
-1267623.5924202402,1779120.8314665996,10
-1267160.2797037126,1779120.8314665996,10
-1266696.9669871852,1779120.8314665996,10
-1266233.6542706576,1779120.8314665996,10
-1265770.3415541302,1779120.8314665996,10
-1265307.0288376026,1779120.8314665996,10
-1264843.7161210752,1779120.8314665996,10
-1264380.4034045476,1779120.8314665996,10
-1263917.09068802,1779120.8314665996,10
-1263453.7779714926,1779120.8314665996,10
-1262990.465254965,1779120.8314665996,10
-1246774.5201765026,1779120.8314665996,10
-1246311.207459975,1779120.8314665996,10
-1245847.8947434477,1779120.8314665996,10
-1245384.58202692,1779120.8314665996,10
-1244921.2693103927,1779120.8314665996,10
-1244457.956593865,1779120.8314665996,10
-1243994.6438773377,1779120.8314665996,10
-1243531.33116081,1779120.8314665996,10
-1243068.0184442827,1779120.8314665996,10
-1242604.705727755,1779120.8314665996,10
-1242141.3930112277,1779120.8314665996,10
-1241678.0802947,1779120.8314665996,10
-1241214.7675781725,1779120.8314665996,10
-1240751.4548616451,1779120.8314665996,10
-1240288.1421451175,1779120.8314665996,10
-1239824.8294285901,1779120.8314665996,10
-1239361.5167120625,1779120.8314665996,10
-1238898.2039955352,1779120.8314665996,10
-1238434.8912790075,1779120.8314665996,10
-1237971.5785624802,1779120.8314665996,10
-1237508.2658459526,1779120.8314665996,10
-1237044.9531294252,1779120.8314665996,10
-1236581.6404128976,1779120.8314665996,10
-1236118.3276963702,1779120.8314665996,10
-1235655.0149798426,1779120.8314665996,10
-1235191.7022633152,1779120.8314665996,10
-1234728.3895467876,1779120.8314665996,10
-1234265.07683026,1779120.8314665996,10
-1233801.7641137326,1779120.8314665996,10
-1233338.4513972052,1779120.8314665996,10
-1232875.1386806776,1779120.8314665996,10
-1232411.82596415,1779120.8314665996,10
-1231948.5132476226,1779120.8314665996,10
-1231485.200531095,1779120.8314665996,10
-1231021.8878145677,1779120.8314665996,10
-1230558.57509804,1779120.8314665996,10
-1230095.2623815127,1779120.8314665996,10
-1229631.949664985,1779120.8314665996,10
-1229168.6369484577,1779120.8314665996,10
-1228705.32423193,1779120.8314665996,10
-1228242.0115154027,1779120.8314665996,10
-1227778.698798875,1779120.8314665996,10
-1227315.3860823475,1779120.8314665996,10
-1226852.07336582,1779120.8314665996,10
-1226388.7606492927,1779120.8314665996,10
-1225925.4479327651,1779120.8314665996,10
-1225462.1352162375,1779120.8314665996,10
-1224998.8224997101,1779120.8314665996,10
-1224535.5097831825,1779120.8314665996,10
-1224072.1970666551,1779120.8314665996,10
-1223608.8843501275,1779120.8314665996,10
-1223145.5716336002,1779120.8314665996,10
-1222682.2589170726,1779120.8314665996,10
-1222218.9462005452,1779120.8314665996,10
-1221755.6334840176,1779120.8314665996,10
-1221292.3207674902,1779120.8314665996,10
-1220829.0080509626,1779120.8314665996,10
-1220365.6953344352,1779120.8314665996,10
-1219902.3826179076,1779120.8314665996,10
-1219439.0699013802,1779120.8314665996,10
-1218975.7571848526,1779120.8314665996,10
-1218512.444468325,1779120.8314665996,10
-1218049.1317517976,1779120.8314665996,10
-1217585.81903527,1779120.8314665996,10
-1217122.5063187426,1779120.8314665996,10
-1216659.193602215,1779120.8314665996,10
-1216195.8808856877,1779120.8314665996,10
-1215732.56816916,1779120.8314665996,10
-1215269.2554526327,1779120.8314665996,10
-1214805.942736105,1779120.8314665996,10
-1214342.6300195777,1779120.8314665996,10
-1213879.31730305,1779120.8314665996,10
-1213416.0045865227,1779120.8314665996,10
-1212952.691869995,1779120.8314665996,10
-1212489.3791534677,1779120.8314665996,10
-1212026.06643694,1779120.8314665996,10
-1211562.7537204125,1779120.8314665996,10
-1211099.4410038851,1779120.8314665996,10
-1210636.1282873575,1779120.8314665996,10
-1210172.8155708301,1779120.8314665996,10
-1209709.5028543025,1779120.8314665996,10
-1209246.1901377751,1779120.8314665996,10
-1208782.8774212475,1779120.8314665996,10
-1208319.5647047202,1779120.8314665996,10
-1207856.2519881926,1779120.8314665996,10
-1207392.9392716652,1779120.8314665996,10
-1206929.6265551376,1779120.8314665996,10
-1206466.3138386102,1779120.8314665996,10
-1206003.0011220826,1779120.8314665996,10
-1205539.6884055552,1779120.8314665996,10
-1205076.3756890276,1779120.8314665996,10
-1204613.0629725,1779120.8314665996,10
-1204149.7502559726,1779120.8314665996,10
-1203686.4375394452,1779120.8314665996,10
-1203223.1248229176,1779120.8314665996,10
-1202759.81210639,1779120.8314665996,10
-1202296.4993898626,1779120.8314665996,10
-1201833.186673335,1779120.8314665996,10
-1201369.8739568077,1779120.8314665996,10
-1200906.56124028,1779120.8314665996,10
-1200443.2485237527,1779120.8314665996,10
-1199979.935807225,1779120.8314665996,10
-1199516.6230906977,1779120.8314665996,10
-1199053.31037417,1779120.8314665996,10
-1198589.9976576427,1779120.8314665996,10
-1198126.684941115,1779120.8314665996,10
-1197663.3722245875,1779120.8314665996,10
-1197200.05950806,1779120.8314665996,10
-1196736.7467915327,1779120.8314665996,10
-1196273.4340750051,1779120.8314665996,10
-1195810.1213584775,1779120.8314665996,10
-1195346.8086419501,1779120.8314665996,10
-1194883.4959254225,1779120.8314665996,10
-1194420.1832088951,1779120.8314665996,10
-1193956.8704923675,1779120.8314665996,10
-1193493.5577758402,1779120.8314665996,10
-1193030.2450593126,1779120.8314665996,10
-1192566.9323427852,1779120.8314665996,10
-1192103.6196262576,1779120.8314665996,10
-1191640.3069097302,1779120.8314665996,10
-1191176.9941932026,1779120.8314665996,10
-1190713.6814766752,1779120.8314665996,10
-1190250.3687601476,1779120.8314665996,10
-1189787.0560436202,1779120.8314665996,10
-1189323.7433270926,1779120.8314665996,10
-1188860.430610565,1779120.8314665996,10
-1188397.1178940376,1779120.8314665996,10
-1187933.80517751,1779120.8314665996,10
-1187470.4924609826,1779120.8314665996,10
-1187007.179744455,1779120.8314665996,10
-1186543.8670279277,1779120.8314665996,10
-1186080.5543114,1779120.8314665996,10
-1185617.2415948727,1779120.8314665996,10
-1185153.928878345,1779120.8314665996,10
-1184690.6161618177,1779120.8314665996,10
-1184227.30344529,1779120.8314665996,10
-1183763.9907287627,1779120.8314665996,10
-1183300.678012235,1779120.8314665996,10
-1182837.3652957077,1779120.8314665996,10
-1182374.05257918,1779120.8314665996,10
-1181910.7398626525,1779120.8314665996,10
-1181447.4271461251,1779120.8314665996,10
-1180984.1144295975,1779120.8314665996,10
-1180520.8017130701,1779120.8314665996,10
-1180057.4889965425,1779120.8314665996,10
-1179594.1762800151,1779120.8314665996,10
-1179130.8635634875,1779120.8314665996,10
-1178667.5508469602,1779120.8314665996,10
-1178204.2381304326,1779120.8314665996,10
-1177740.9254139052,1779120.8314665996,10
-1177277.6126973776,1779120.8314665996,10
-1176814.2999808502,1779120.8314665996,10
-1176350.9872643226,1779120.8314665996,10
-1175887.6745477952,1779120.8314665996,10
-1175424.3618312676,1779120.8314665996,10
-1174961.04911474,1779120.8314665996,10
-1174497.7363982126,1779120.8314665996,10
-1174034.4236816852,1779120.8314665996,10
-1173571.1109651576,1779120.8314665996,10
-1173107.79824863,1779120.8314665996,10
-1172644.4855321026,1779120.8314665996,10
-1172181.172815575,1779120.8314665996,10
-1171717.8600990477,1779120.8314665996,10
-1171254.54738252,1779120.8314665996,10
-1170791.2346659927,1779120.8314665996,10
-1170327.921949465,1779120.8314665996,10
-1169864.6092329377,1779120.8314665996,10
-1169401.29651641,1779120.8314665996,10
-1168937.9837998827,1779120.8314665996,10
-1168474.671083355,1779120.8314665996,10
-1168011.3583668275,1779120.8314665996,10
-1167548.0456503,1779120.8314665996,10
-1167084.7329337727,1779120.8314665996,10
-1166621.4202172451,1779120.8314665996,10
-1166158.1075007175,1779120.8314665996,10
-1165694.7947841901,1779120.8314665996,10
-1165231.4820676625,1779120.8314665996,10
-1164768.1693511351,1779120.8314665996,10
-1164304.8566346075,1779120.8314665996,10
-1163841.5439180802,1779120.8314665996,10
-1163378.2312015526,1779120.8314665996,10
-1162914.9184850252,1779120.8314665996,10
-1162451.6057684976,1779120.8314665996,10
-1161988.2930519702,1779120.8314665996,10
-1161524.9803354426,1779120.8314665996,10
-1161061.6676189152,1779120.8314665996,10
-1160598.3549023876,1779120.8314665996,10
-1160135.0421858602,1779120.8314665996,10
-1159671.7294693326,1779120.8314665996,10
-1159208.416752805,1779120.8314665996,10
-1158745.1040362776,1779120.8314665996,10
-1158281.79131975,1779120.8314665996,10
-1157818.4786032226,1779120.8314665996,10
-1157355.165886695,1779120.8314665996,10
-1156891.8531701677,1779120.8314665996,10
-1156428.54045364,1779120.8314665996,10
-1155965.2277371127,1779120.8314665996,10
-1155501.915020585,1779120.8314665996,10
-1155038.6023040577,1779120.8314665996,10
-1154575.28958753,1779120.8314665996,10
-1154111.9768710027,1779120.8314665996,10
-1153648.664154475,1779120.8314665996,10
-1153185.3514379477,1779120.8314665996,10
-1152722.03872142,1779120.8314665996,10
-1152258.7260048925,1779120.8314665996,10
-1151795.4132883651,1779120.8314665996,10
-1151332.1005718375,1779120.8314665996,10
-1150868.7878553101,1779120.8314665996,10
-1150405.4751387825,1779120.8314665996,10
-1149942.1624222551,1779120.8314665996,10
-1149478.8497057275,1779120.8314665996,10
-1149015.5369892002,1779120.8314665996,10
-1148552.2242726726,1779120.8314665996,10
-1148088.9115561452,1779120.8314665996,10
-1147625.5988396176,1779120.8314665996,10
-1147162.2861230902,1779120.8314665996,10
-1283839.5374987025,1778657.5187500722,10
-1283376.2247821752,1778657.5187500722,10
-1282912.9120656475,1778657.5187500722,10
-1282449.5993491202,1778657.5187500722,10
-1281986.2866325926,1778657.5187500722,10
-1281522.9739160652,1778657.5187500722,10
-1281059.6611995376,1778657.5187500722,10
-1280596.3484830102,1778657.5187500722,10
-1280133.0357664826,1778657.5187500722,10
-1279669.7230499552,1778657.5187500722,10
-1279206.4103334276,1778657.5187500722,10
-1278743.0976169002,1778657.5187500722,10
-1278279.7849003726,1778657.5187500722,10
-1277816.472183845,1778657.5187500722,10
-1277353.1594673176,1778657.5187500722,10
-1276889.84675079,1778657.5187500722,10
-1276426.5340342626,1778657.5187500722,10
-1275963.221317735,1778657.5187500722,10
-1275499.9086012077,1778657.5187500722,10
-1275036.59588468,1778657.5187500722,10
-1274573.2831681527,1778657.5187500722,10
-1274109.970451625,1778657.5187500722,10
-1273646.6577350977,1778657.5187500722,10
-1273183.34501857,1778657.5187500722,10
-1272720.0323020427,1778657.5187500722,10
-1272256.719585515,1778657.5187500722,10
-1271793.4068689877,1778657.5187500722,10
-1271330.09415246,1778657.5187500722,10
-1270866.7814359325,1778657.5187500722,10
-1270403.4687194051,1778657.5187500722,10
-1269940.1560028775,1778657.5187500722,10
-1269476.8432863501,1778657.5187500722,10
-1269013.5305698225,1778657.5187500722,10
-1268550.2178532952,1778657.5187500722,10
-1268086.9051367675,1778657.5187500722,10
-1267623.5924202402,1778657.5187500722,10
-1267160.2797037126,1778657.5187500722,10
-1266696.9669871852,1778657.5187500722,10
-1266233.6542706576,1778657.5187500722,10
-1265770.3415541302,1778657.5187500722,10
-1265307.0288376026,1778657.5187500722,10
-1264843.7161210752,1778657.5187500722,10
-1264380.4034045476,1778657.5187500722,10
-1263917.09068802,1778657.5187500722,10
-1263453.7779714926,1778657.5187500722,10
-1262990.465254965,1778657.5187500722,10
-1262527.1525384376,1778657.5187500722,10
-1245384.58202692,1778657.5187500722,10
-1244921.2693103927,1778657.5187500722,10
-1244457.956593865,1778657.5187500722,10
-1243994.6438773377,1778657.5187500722,10
-1243531.33116081,1778657.5187500722,10
-1243068.0184442827,1778657.5187500722,10
-1242604.705727755,1778657.5187500722,10
-1242141.3930112277,1778657.5187500722,10
-1241678.0802947,1778657.5187500722,10
-1241214.7675781725,1778657.5187500722,10
-1240751.4548616451,1778657.5187500722,10
-1240288.1421451175,1778657.5187500722,10
-1239824.8294285901,1778657.5187500722,10
-1239361.5167120625,1778657.5187500722,10
-1238898.2039955352,1778657.5187500722,10
-1238434.8912790075,1778657.5187500722,10
-1237971.5785624802,1778657.5187500722,10
-1237508.2658459526,1778657.5187500722,10
-1237044.9531294252,1778657.5187500722,10
-1236581.6404128976,1778657.5187500722,10
-1236118.3276963702,1778657.5187500722,10
-1235655.0149798426,1778657.5187500722,10
-1235191.7022633152,1778657.5187500722,10
-1234728.3895467876,1778657.5187500722,10
-1234265.07683026,1778657.5187500722,10
-1233801.7641137326,1778657.5187500722,10
-1233338.4513972052,1778657.5187500722,10
-1232875.1386806776,1778657.5187500722,10
-1232411.82596415,1778657.5187500722,10
-1231948.5132476226,1778657.5187500722,10
-1231485.200531095,1778657.5187500722,10
-1231021.8878145677,1778657.5187500722,10
-1230558.57509804,1778657.5187500722,10
-1230095.2623815127,1778657.5187500722,10
-1229631.949664985,1778657.5187500722,10
-1229168.6369484577,1778657.5187500722,10
-1228705.32423193,1778657.5187500722,10
-1228242.0115154027,1778657.5187500722,10
-1227778.698798875,1778657.5187500722,10
-1227315.3860823475,1778657.5187500722,10
-1226852.07336582,1778657.5187500722,10
-1226388.7606492927,1778657.5187500722,10
-1225925.4479327651,1778657.5187500722,10
-1225462.1352162375,1778657.5187500722,10
-1224998.8224997101,1778657.5187500722,10
-1224535.5097831825,1778657.5187500722,10
-1224072.1970666551,1778657.5187500722,10
-1223608.8843501275,1778657.5187500722,10
-1223145.5716336002,1778657.5187500722,10
-1222682.2589170726,1778657.5187500722,10
-1222218.9462005452,1778657.5187500722,10
-1221755.6334840176,1778657.5187500722,10
-1221292.3207674902,1778657.5187500722,10
-1220829.0080509626,1778657.5187500722,10
-1220365.6953344352,1778657.5187500722,10
-1219902.3826179076,1778657.5187500722,10
-1219439.0699013802,1778657.5187500722,10
-1218975.7571848526,1778657.5187500722,10
-1218512.444468325,1778657.5187500722,10
-1218049.1317517976,1778657.5187500722,10
-1217585.81903527,1778657.5187500722,10
-1217122.5063187426,1778657.5187500722,10
-1216659.193602215,1778657.5187500722,10
-1216195.8808856877,1778657.5187500722,10
-1215732.56816916,1778657.5187500722,10
-1215269.2554526327,1778657.5187500722,10
-1214805.942736105,1778657.5187500722,10
-1214342.6300195777,1778657.5187500722,10
-1213879.31730305,1778657.5187500722,10
-1213416.0045865227,1778657.5187500722,10
-1212952.691869995,1778657.5187500722,10
-1212489.3791534677,1778657.5187500722,10
-1212026.06643694,1778657.5187500722,10
-1211562.7537204125,1778657.5187500722,10
-1211099.4410038851,1778657.5187500722,10
-1210636.1282873575,1778657.5187500722,10
-1210172.8155708301,1778657.5187500722,10
-1209709.5028543025,1778657.5187500722,10
-1209246.1901377751,1778657.5187500722,10
-1208782.8774212475,1778657.5187500722,10
-1208319.5647047202,1778657.5187500722,10
-1207856.2519881926,1778657.5187500722,10
-1207392.9392716652,1778657.5187500722,10
-1206929.6265551376,1778657.5187500722,10
-1206466.3138386102,1778657.5187500722,10
-1206003.0011220826,1778657.5187500722,10
-1205539.6884055552,1778657.5187500722,10
-1205076.3756890276,1778657.5187500722,10
-1204613.0629725,1778657.5187500722,10
-1204149.7502559726,1778657.5187500722,10
-1203686.4375394452,1778657.5187500722,10
-1203223.1248229176,1778657.5187500722,10
-1202759.81210639,1778657.5187500722,10
-1202296.4993898626,1778657.5187500722,10
-1201833.186673335,1778657.5187500722,10
-1201369.8739568077,1778657.5187500722,10
-1200906.56124028,1778657.5187500722,10
-1200443.2485237527,1778657.5187500722,10
-1199979.935807225,1778657.5187500722,10
-1199516.6230906977,1778657.5187500722,10
-1199053.31037417,1778657.5187500722,10
-1198589.9976576427,1778657.5187500722,10
-1198126.684941115,1778657.5187500722,10
-1197663.3722245875,1778657.5187500722,10
-1197200.05950806,1778657.5187500722,10
-1196736.7467915327,1778657.5187500722,10
-1196273.4340750051,1778657.5187500722,10
-1195810.1213584775,1778657.5187500722,10
-1195346.8086419501,1778657.5187500722,10
-1194883.4959254225,1778657.5187500722,10
-1194420.1832088951,1778657.5187500722,10
-1193956.8704923675,1778657.5187500722,10
-1193493.5577758402,1778657.5187500722,10
-1193030.2450593126,1778657.5187500722,10
-1192566.9323427852,1778657.5187500722,10
-1192103.6196262576,1778657.5187500722,10
-1191640.3069097302,1778657.5187500722,10
-1191176.9941932026,1778657.5187500722,10
-1190713.6814766752,1778657.5187500722,10
-1190250.3687601476,1778657.5187500722,10
-1189787.0560436202,1778657.5187500722,10
-1189323.7433270926,1778657.5187500722,10
-1188860.430610565,1778657.5187500722,10
-1188397.1178940376,1778657.5187500722,10
-1187933.80517751,1778657.5187500722,10
-1187470.4924609826,1778657.5187500722,10
-1187007.179744455,1778657.5187500722,10
-1186543.8670279277,1778657.5187500722,10
-1186080.5543114,1778657.5187500722,10
-1185617.2415948727,1778657.5187500722,10
-1185153.928878345,1778657.5187500722,10
-1184690.6161618177,1778657.5187500722,10
-1184227.30344529,1778657.5187500722,10
-1183763.9907287627,1778657.5187500722,10
-1183300.678012235,1778657.5187500722,10
-1182837.3652957077,1778657.5187500722,10
-1182374.05257918,1778657.5187500722,10
-1181910.7398626525,1778657.5187500722,10
-1181447.4271461251,1778657.5187500722,10
-1180984.1144295975,1778657.5187500722,10
-1180520.8017130701,1778657.5187500722,10
-1180057.4889965425,1778657.5187500722,10
-1179594.1762800151,1778657.5187500722,10
-1179130.8635634875,1778657.5187500722,10
-1178667.5508469602,1778657.5187500722,10
-1178204.2381304326,1778657.5187500722,10
-1177740.9254139052,1778657.5187500722,10
-1177277.6126973776,1778657.5187500722,10
-1176814.2999808502,1778657.5187500722,10
-1176350.9872643226,1778657.5187500722,10
-1175887.6745477952,1778657.5187500722,10
-1175424.3618312676,1778657.5187500722,10
-1174961.04911474,1778657.5187500722,10
-1174497.7363982126,1778657.5187500722,10
-1174034.4236816852,1778657.5187500722,10
-1173571.1109651576,1778657.5187500722,10
-1173107.79824863,1778657.5187500722,10
-1172644.4855321026,1778657.5187500722,10
-1172181.172815575,1778657.5187500722,10
-1171717.8600990477,1778657.5187500722,10
-1171254.54738252,1778657.5187500722,10
-1170791.2346659927,1778657.5187500722,10
-1170327.921949465,1778657.5187500722,10
-1169864.6092329377,1778657.5187500722,10
-1169401.29651641,1778657.5187500722,10
-1168937.9837998827,1778657.5187500722,10
-1168474.671083355,1778657.5187500722,10
-1168011.3583668275,1778657.5187500722,10
-1167548.0456503,1778657.5187500722,10
-1167084.7329337727,1778657.5187500722,10
-1166621.4202172451,1778657.5187500722,10
-1166158.1075007175,1778657.5187500722,10
-1165694.7947841901,1778657.5187500722,10
-1165231.4820676625,1778657.5187500722,10
-1164768.1693511351,1778657.5187500722,10
-1164304.8566346075,1778657.5187500722,10
-1163841.5439180802,1778657.5187500722,10
-1163378.2312015526,1778657.5187500722,10
-1162914.9184850252,1778657.5187500722,10
-1162451.6057684976,1778657.5187500722,10
-1161988.2930519702,1778657.5187500722,10
-1161524.9803354426,1778657.5187500722,10
-1161061.6676189152,1778657.5187500722,10
-1160598.3549023876,1778657.5187500722,10
-1160135.0421858602,1778657.5187500722,10
-1159671.7294693326,1778657.5187500722,10
-1159208.416752805,1778657.5187500722,10
-1158745.1040362776,1778657.5187500722,10
-1158281.79131975,1778657.5187500722,10
-1157818.4786032226,1778657.5187500722,10
-1157355.165886695,1778657.5187500722,10
-1156891.8531701677,1778657.5187500722,10
-1156428.54045364,1778657.5187500722,10
-1155965.2277371127,1778657.5187500722,10
-1155501.915020585,1778657.5187500722,10
-1155038.6023040577,1778657.5187500722,10
-1154575.28958753,1778657.5187500722,10
-1154111.9768710027,1778657.5187500722,10
-1153648.664154475,1778657.5187500722,10
-1153185.3514379477,1778657.5187500722,10
-1152722.03872142,1778657.5187500722,10
-1152258.7260048925,1778657.5187500722,10
-1151795.4132883651,1778657.5187500722,10
-1151332.1005718375,1778657.5187500722,10
-1150868.7878553101,1778657.5187500722,10
-1150405.4751387825,1778657.5187500722,10
-1149942.1624222551,1778657.5187500722,10
-1149478.8497057275,1778657.5187500722,10
-1149015.5369892002,1778657.5187500722,10
-1148552.2242726726,1778657.5187500722,10
-1148088.9115561452,1778657.5187500722,10
-1147625.5988396176,1778657.5187500722,10
-1147162.2861230902,1778657.5187500722,10
-1146698.9734065626,1778657.5187500722,10
-1146235.6606900352,1778657.5187500722,10
-1283839.5374987025,1778194.2060335446,10
-1283376.2247821752,1778194.2060335446,10
-1282912.9120656475,1778194.2060335446,10
-1282449.5993491202,1778194.2060335446,10
-1281986.2866325926,1778194.2060335446,10
-1281522.9739160652,1778194.2060335446,10
-1281059.6611995376,1778194.2060335446,10
-1280596.3484830102,1778194.2060335446,10
-1280133.0357664826,1778194.2060335446,10
-1279669.7230499552,1778194.2060335446,10
-1279206.4103334276,1778194.2060335446,10
-1278743.0976169002,1778194.2060335446,10
-1278279.7849003726,1778194.2060335446,10
-1277816.472183845,1778194.2060335446,10
-1277353.1594673176,1778194.2060335446,10
-1276889.84675079,1778194.2060335446,10
-1276426.5340342626,1778194.2060335446,10
-1275963.221317735,1778194.2060335446,10
-1275499.9086012077,1778194.2060335446,10
-1275036.59588468,1778194.2060335446,10
-1274573.2831681527,1778194.2060335446,10
-1274109.970451625,1778194.2060335446,10
-1273646.6577350977,1778194.2060335446,10
-1273183.34501857,1778194.2060335446,10
-1272720.0323020427,1778194.2060335446,10
-1272256.719585515,1778194.2060335446,10
-1271793.4068689877,1778194.2060335446,10
-1271330.09415246,1778194.2060335446,10
-1270866.7814359325,1778194.2060335446,10
-1270403.4687194051,1778194.2060335446,10
-1269940.1560028775,1778194.2060335446,10
-1269476.8432863501,1778194.2060335446,10
-1269013.5305698225,1778194.2060335446,10
-1268550.2178532952,1778194.2060335446,10
-1268086.9051367675,1778194.2060335446,10
-1267623.5924202402,1778194.2060335446,10
-1267160.2797037126,1778194.2060335446,10
-1266696.9669871852,1778194.2060335446,10
-1266233.6542706576,1778194.2060335446,10
-1265770.3415541302,1778194.2060335446,10
-1265307.0288376026,1778194.2060335446,10
-1264843.7161210752,1778194.2060335446,10
-1264380.4034045476,1778194.2060335446,10
-1263917.09068802,1778194.2060335446,10
-1263453.7779714926,1778194.2060335446,10
-1262990.465254965,1778194.2060335446,10
-1262527.1525384376,1778194.2060335446,10
-1262063.83982191,1778194.2060335446,10
-1244457.956593865,1778194.2060335446,10
-1243994.6438773377,1778194.2060335446,10
-1243531.33116081,1778194.2060335446,10
-1243068.0184442827,1778194.2060335446,10
-1242604.705727755,1778194.2060335446,10
-1242141.3930112277,1778194.2060335446,10
-1241678.0802947,1778194.2060335446,10
-1241214.7675781725,1778194.2060335446,10
-1240751.4548616451,1778194.2060335446,10
-1240288.1421451175,1778194.2060335446,10
-1239824.8294285901,1778194.2060335446,10
-1239361.5167120625,1778194.2060335446,10
-1238898.2039955352,1778194.2060335446,10
-1238434.8912790075,1778194.2060335446,10
-1237971.5785624802,1778194.2060335446,10
-1237508.2658459526,1778194.2060335446,10
-1237044.9531294252,1778194.2060335446,10
-1236581.6404128976,1778194.2060335446,10
-1236118.3276963702,1778194.2060335446,10
-1235655.0149798426,1778194.2060335446,10
-1235191.7022633152,1778194.2060335446,10
-1234728.3895467876,1778194.2060335446,10
-1234265.07683026,1778194.2060335446,10
-1233801.7641137326,1778194.2060335446,10
-1233338.4513972052,1778194.2060335446,10
-1232875.1386806776,1778194.2060335446,10
-1232411.82596415,1778194.2060335446,10
-1231948.5132476226,1778194.2060335446,10
-1231485.200531095,1778194.2060335446,10
-1231021.8878145677,1778194.2060335446,10
-1230558.57509804,1778194.2060335446,10
-1230095.2623815127,1778194.2060335446,10
-1229631.949664985,1778194.2060335446,10
-1229168.6369484577,1778194.2060335446,10
-1228705.32423193,1778194.2060335446,10
-1228242.0115154027,1778194.2060335446,10
-1227778.698798875,1778194.2060335446,10
-1227315.3860823475,1778194.2060335446,10
-1226852.07336582,1778194.2060335446,10
-1226388.7606492927,1778194.2060335446,10
-1225925.4479327651,1778194.2060335446,10
-1225462.1352162375,1778194.2060335446,10
-1224998.8224997101,1778194.2060335446,10
-1224535.5097831825,1778194.2060335446,10
-1224072.1970666551,1778194.2060335446,10
-1223608.8843501275,1778194.2060335446,10
-1223145.5716336002,1778194.2060335446,10
-1222682.2589170726,1778194.2060335446,10
-1222218.9462005452,1778194.2060335446,10
-1221755.6334840176,1778194.2060335446,10
-1221292.3207674902,1778194.2060335446,10
-1220829.0080509626,1778194.2060335446,10
-1220365.6953344352,1778194.2060335446,10
-1219902.3826179076,1778194.2060335446,10
-1219439.0699013802,1778194.2060335446,10
-1218975.7571848526,1778194.2060335446,10
-1218512.444468325,1778194.2060335446,10
-1218049.1317517976,1778194.2060335446,10
-1217585.81903527,1778194.2060335446,10
-1217122.5063187426,1778194.2060335446,10
-1216659.193602215,1778194.2060335446,10
-1216195.8808856877,1778194.2060335446,10
-1215732.56816916,1778194.2060335446,10
-1215269.2554526327,1778194.2060335446,10
-1214805.942736105,1778194.2060335446,10
-1214342.6300195777,1778194.2060335446,10
-1213879.31730305,1778194.2060335446,10
-1213416.0045865227,1778194.2060335446,10
-1212952.691869995,1778194.2060335446,10
-1212489.3791534677,1778194.2060335446,10
-1212026.06643694,1778194.2060335446,10
-1211562.7537204125,1778194.2060335446,10
-1211099.4410038851,1778194.2060335446,10
-1210636.1282873575,1778194.2060335446,10
-1210172.8155708301,1778194.2060335446,10
-1209709.5028543025,1778194.2060335446,10
-1209246.1901377751,1778194.2060335446,10
-1208782.8774212475,1778194.2060335446,10
-1208319.5647047202,1778194.2060335446,10
-1207856.2519881926,1778194.2060335446,10
-1207392.9392716652,1778194.2060335446,10
-1206929.6265551376,1778194.2060335446,10
-1206466.3138386102,1778194.2060335446,10
-1206003.0011220826,1778194.2060335446,10
-1205539.6884055552,1778194.2060335446,10
-1205076.3756890276,1778194.2060335446,10
-1204613.0629725,1778194.2060335446,10
-1204149.7502559726,1778194.2060335446,10
-1203686.4375394452,1778194.2060335446,10
-1203223.1248229176,1778194.2060335446,10
-1202759.81210639,1778194.2060335446,10
-1202296.4993898626,1778194.2060335446,10
-1201833.186673335,1778194.2060335446,10
-1201369.8739568077,1778194.2060335446,10
-1200906.56124028,1778194.2060335446,10
-1200443.2485237527,1778194.2060335446,10
-1199979.935807225,1778194.2060335446,10
-1199516.6230906977,1778194.2060335446,10
-1199053.31037417,1778194.2060335446,10
-1198589.9976576427,1778194.2060335446,10
-1198126.684941115,1778194.2060335446,10
-1197663.3722245875,1778194.2060335446,10
-1197200.05950806,1778194.2060335446,10
-1196736.7467915327,1778194.2060335446,10
-1196273.4340750051,1778194.2060335446,10
-1195810.1213584775,1778194.2060335446,10
-1195346.8086419501,1778194.2060335446,10
-1194883.4959254225,1778194.2060335446,10
-1194420.1832088951,1778194.2060335446,10
-1193956.8704923675,1778194.2060335446,10
-1193493.5577758402,1778194.2060335446,10
-1193030.2450593126,1778194.2060335446,10
-1192566.9323427852,1778194.2060335446,10
-1192103.6196262576,1778194.2060335446,10
-1191640.3069097302,1778194.2060335446,10
-1191176.9941932026,1778194.2060335446,10
-1190713.6814766752,1778194.2060335446,10
-1190250.3687601476,1778194.2060335446,10
-1189787.0560436202,1778194.2060335446,10
-1189323.7433270926,1778194.2060335446,10
-1188860.430610565,1778194.2060335446,10
-1188397.1178940376,1778194.2060335446,10
-1187933.80517751,1778194.2060335446,10
-1187470.4924609826,1778194.2060335446,10
-1187007.179744455,1778194.2060335446,10
-1186543.8670279277,1778194.2060335446,10
-1186080.5543114,1778194.2060335446,10
-1185617.2415948727,1778194.2060335446,10
-1185153.928878345,1778194.2060335446,10
-1184690.6161618177,1778194.2060335446,10
-1184227.30344529,1778194.2060335446,10
-1183763.9907287627,1778194.2060335446,10
-1183300.678012235,1778194.2060335446,10
-1182837.3652957077,1778194.2060335446,10
-1182374.05257918,1778194.2060335446,10
-1181910.7398626525,1778194.2060335446,10
-1181447.4271461251,1778194.2060335446,10
-1180984.1144295975,1778194.2060335446,10
-1180520.8017130701,1778194.2060335446,10
-1180057.4889965425,1778194.2060335446,10
-1179594.1762800151,1778194.2060335446,10
-1179130.8635634875,1778194.2060335446,10
-1178667.5508469602,1778194.2060335446,10
-1178204.2381304326,1778194.2060335446,10
-1177740.9254139052,1778194.2060335446,10
-1177277.6126973776,1778194.2060335446,10
-1176814.2999808502,1778194.2060335446,10
-1176350.9872643226,1778194.2060335446,10
-1175887.6745477952,1778194.2060335446,10
-1175424.3618312676,1778194.2060335446,10
-1174961.04911474,1778194.2060335446,10
-1174497.7363982126,1778194.2060335446,10
-1174034.4236816852,1778194.2060335446,10
-1173571.1109651576,1778194.2060335446,10
-1173107.79824863,1778194.2060335446,10
-1172644.4855321026,1778194.2060335446,10
-1172181.172815575,1778194.2060335446,10
-1171717.8600990477,1778194.2060335446,10
-1171254.54738252,1778194.2060335446,10
-1170791.2346659927,1778194.2060335446,10
-1170327.921949465,1778194.2060335446,10
-1169864.6092329377,1778194.2060335446,10
-1169401.29651641,1778194.2060335446,10
-1168937.9837998827,1778194.2060335446,10
-1168474.671083355,1778194.2060335446,10
-1168011.3583668275,1778194.2060335446,10
-1167548.0456503,1778194.2060335446,10
-1167084.7329337727,1778194.2060335446,10
-1166621.4202172451,1778194.2060335446,10
-1166158.1075007175,1778194.2060335446,10
-1165694.7947841901,1778194.2060335446,10
-1165231.4820676625,1778194.2060335446,10
-1164768.1693511351,1778194.2060335446,10
-1164304.8566346075,1778194.2060335446,10
-1163841.5439180802,1778194.2060335446,10
-1163378.2312015526,1778194.2060335446,10
-1162914.9184850252,1778194.2060335446,10
-1162451.6057684976,1778194.2060335446,10
-1161988.2930519702,1778194.2060335446,10
-1161524.9803354426,1778194.2060335446,10
-1161061.6676189152,1778194.2060335446,10
-1160598.3549023876,1778194.2060335446,10
-1160135.0421858602,1778194.2060335446,10
-1159671.7294693326,1778194.2060335446,10
-1159208.416752805,1778194.2060335446,10
-1158745.1040362776,1778194.2060335446,10
-1158281.79131975,1778194.2060335446,10
-1157818.4786032226,1778194.2060335446,10
-1157355.165886695,1778194.2060335446,10
-1156891.8531701677,1778194.2060335446,10
-1156428.54045364,1778194.2060335446,10
-1155965.2277371127,1778194.2060335446,10
-1155501.915020585,1778194.2060335446,10
-1155038.6023040577,1778194.2060335446,10
-1154575.28958753,1778194.2060335446,10
-1154111.9768710027,1778194.2060335446,10
-1153648.664154475,1778194.2060335446,10
-1153185.3514379477,1778194.2060335446,10
-1152722.03872142,1778194.2060335446,10
-1152258.7260048925,1778194.2060335446,10
-1151795.4132883651,1778194.2060335446,10
-1151332.1005718375,1778194.2060335446,10
-1150868.7878553101,1778194.2060335446,10
-1150405.4751387825,1778194.2060335446,10
-1149942.1624222551,1778194.2060335446,10
-1149478.8497057275,1778194.2060335446,10
-1149015.5369892002,1778194.2060335446,10
-1148552.2242726726,1778194.2060335446,10
-1148088.9115561452,1778194.2060335446,10
-1147625.5988396176,1778194.2060335446,10
-1147162.2861230902,1778194.2060335446,10
-1146698.9734065626,1778194.2060335446,10
-1146235.6606900352,1778194.2060335446,10
-1145772.3479735076,1778194.2060335446,10
-1145309.03525698,1778194.2060335446,10
-1144845.7225404526,1778194.2060335446,10
-1144382.4098239252,1778194.2060335446,10
-1143919.0971073976,1778194.2060335446,10
-1143455.78439087,1778194.2060335446,10
-1142992.4716743426,1778194.2060335446,10
-1283376.2247821752,1777730.8933170172,10
-1282912.9120656475,1777730.8933170172,10
-1282449.5993491202,1777730.8933170172,10
-1281986.2866325926,1777730.8933170172,10
-1281522.9739160652,1777730.8933170172,10
-1281059.6611995376,1777730.8933170172,10
-1280596.3484830102,1777730.8933170172,10
-1280133.0357664826,1777730.8933170172,10
-1279669.7230499552,1777730.8933170172,10
-1279206.4103334276,1777730.8933170172,10
-1278743.0976169002,1777730.8933170172,10
-1278279.7849003726,1777730.8933170172,10
-1277816.472183845,1777730.8933170172,10
-1277353.1594673176,1777730.8933170172,10
-1276889.84675079,1777730.8933170172,10
-1276426.5340342626,1777730.8933170172,10
-1275963.221317735,1777730.8933170172,10
-1275499.9086012077,1777730.8933170172,10
-1275036.59588468,1777730.8933170172,10
-1274573.2831681527,1777730.8933170172,10
-1274109.970451625,1777730.8933170172,10
-1273646.6577350977,1777730.8933170172,10
-1273183.34501857,1777730.8933170172,10
-1272720.0323020427,1777730.8933170172,10
-1272256.719585515,1777730.8933170172,10
-1271793.4068689877,1777730.8933170172,10
-1271330.09415246,1777730.8933170172,10
-1270866.7814359325,1777730.8933170172,10
-1270403.4687194051,1777730.8933170172,10
-1269940.1560028775,1777730.8933170172,10
-1269476.8432863501,1777730.8933170172,10
-1269013.5305698225,1777730.8933170172,10
-1268550.2178532952,1777730.8933170172,10
-1268086.9051367675,1777730.8933170172,10
-1267623.5924202402,1777730.8933170172,10
-1267160.2797037126,1777730.8933170172,10
-1266696.9669871852,1777730.8933170172,10
-1266233.6542706576,1777730.8933170172,10
-1265770.3415541302,1777730.8933170172,10
-1265307.0288376026,1777730.8933170172,10
-1264843.7161210752,1777730.8933170172,10
-1264380.4034045476,1777730.8933170172,10
-1263917.09068802,1777730.8933170172,10
-1263453.7779714926,1777730.8933170172,10
-1262990.465254965,1777730.8933170172,10
-1262527.1525384376,1777730.8933170172,10
-1262063.83982191,1777730.8933170172,10
-1261600.5271053826,1777730.8933170172,10
-1243531.33116081,1777730.8933170172,10
-1243068.0184442827,1777730.8933170172,10
-1242604.705727755,1777730.8933170172,10
-1242141.3930112277,1777730.8933170172,10
-1241678.0802947,1777730.8933170172,10
-1241214.7675781725,1777730.8933170172,10
-1240751.4548616451,1777730.8933170172,10
-1240288.1421451175,1777730.8933170172,10
-1239824.8294285901,1777730.8933170172,10
-1239361.5167120625,1777730.8933170172,10
-1238898.2039955352,1777730.8933170172,10
-1238434.8912790075,1777730.8933170172,10
-1237971.5785624802,1777730.8933170172,10
-1237508.2658459526,1777730.8933170172,10
-1237044.9531294252,1777730.8933170172,10
-1236581.6404128976,1777730.8933170172,10
-1236118.3276963702,1777730.8933170172,10
-1235655.0149798426,1777730.8933170172,10
-1235191.7022633152,1777730.8933170172,10
-1234728.3895467876,1777730.8933170172,10
-1234265.07683026,1777730.8933170172,10
-1233801.7641137326,1777730.8933170172,10
-1233338.4513972052,1777730.8933170172,10
-1232875.1386806776,1777730.8933170172,10
-1232411.82596415,1777730.8933170172,10
-1231948.5132476226,1777730.8933170172,10
-1231485.200531095,1777730.8933170172,10
-1231021.8878145677,1777730.8933170172,10
-1230558.57509804,1777730.8933170172,10
-1230095.2623815127,1777730.8933170172,10
-1229631.949664985,1777730.8933170172,10
-1229168.6369484577,1777730.8933170172,10
-1228705.32423193,1777730.8933170172,10
-1228242.0115154027,1777730.8933170172,10
-1227778.698798875,1777730.8933170172,10
-1227315.3860823475,1777730.8933170172,10
-1226852.07336582,1777730.8933170172,10
-1226388.7606492927,1777730.8933170172,10
-1225925.4479327651,1777730.8933170172,10
-1225462.1352162375,1777730.8933170172,10
-1224998.8224997101,1777730.8933170172,10
-1224535.5097831825,1777730.8933170172,10
-1224072.1970666551,1777730.8933170172,10
-1223608.8843501275,1777730.8933170172,10
-1223145.5716336002,1777730.8933170172,10
-1222682.2589170726,1777730.8933170172,10
-1222218.9462005452,1777730.8933170172,10
-1221755.6334840176,1777730.8933170172,10
-1221292.3207674902,1777730.8933170172,10
-1220829.0080509626,1777730.8933170172,10
-1220365.6953344352,1777730.8933170172,10
-1219902.3826179076,1777730.8933170172,10
-1219439.0699013802,1777730.8933170172,10
-1218975.7571848526,1777730.8933170172,10
-1218512.444468325,1777730.8933170172,10
-1218049.1317517976,1777730.8933170172,10
-1217585.81903527,1777730.8933170172,10
-1217122.5063187426,1777730.8933170172,10
-1216659.193602215,1777730.8933170172,10
-1216195.8808856877,1777730.8933170172,10
-1215732.56816916,1777730.8933170172,10
-1215269.2554526327,1777730.8933170172,10
-1214805.942736105,1777730.8933170172,10
-1214342.6300195777,1777730.8933170172,10
-1213879.31730305,1777730.8933170172,10
-1213416.0045865227,1777730.8933170172,10
-1212952.691869995,1777730.8933170172,10
-1212489.3791534677,1777730.8933170172,10
-1212026.06643694,1777730.8933170172,10
-1211562.7537204125,1777730.8933170172,10
-1211099.4410038851,1777730.8933170172,10
-1210636.1282873575,1777730.8933170172,10
-1210172.8155708301,1777730.8933170172,10
-1209709.5028543025,1777730.8933170172,10
-1209246.1901377751,1777730.8933170172,10
-1208782.8774212475,1777730.8933170172,10
-1208319.5647047202,1777730.8933170172,10
-1207856.2519881926,1777730.8933170172,10
-1207392.9392716652,1777730.8933170172,10
-1206929.6265551376,1777730.8933170172,10
-1206466.3138386102,1777730.8933170172,10
-1206003.0011220826,1777730.8933170172,10
-1205539.6884055552,1777730.8933170172,10
-1205076.3756890276,1777730.8933170172,10
-1204613.0629725,1777730.8933170172,10
-1204149.7502559726,1777730.8933170172,10
-1203686.4375394452,1777730.8933170172,10
-1203223.1248229176,1777730.8933170172,10
-1202759.81210639,1777730.8933170172,10
-1202296.4993898626,1777730.8933170172,10
-1201833.186673335,1777730.8933170172,10
-1201369.8739568077,1777730.8933170172,10
-1200906.56124028,1777730.8933170172,10
-1200443.2485237527,1777730.8933170172,10
-1199979.935807225,1777730.8933170172,10
-1199516.6230906977,1777730.8933170172,10
-1199053.31037417,1777730.8933170172,10
-1198589.9976576427,1777730.8933170172,10
-1198126.684941115,1777730.8933170172,10
-1197663.3722245875,1777730.8933170172,10
-1197200.05950806,1777730.8933170172,10
-1196736.7467915327,1777730.8933170172,10
-1196273.4340750051,1777730.8933170172,10
-1195810.1213584775,1777730.8933170172,10
-1195346.8086419501,1777730.8933170172,10
-1194883.4959254225,1777730.8933170172,10
-1194420.1832088951,1777730.8933170172,10
-1193956.8704923675,1777730.8933170172,10
-1193493.5577758402,1777730.8933170172,10
-1193030.2450593126,1777730.8933170172,10
-1192566.9323427852,1777730.8933170172,10
-1192103.6196262576,1777730.8933170172,10
-1191640.3069097302,1777730.8933170172,10
-1191176.9941932026,1777730.8933170172,10
-1190713.6814766752,1777730.8933170172,10
-1190250.3687601476,1777730.8933170172,10
-1189787.0560436202,1777730.8933170172,10
-1189323.7433270926,1777730.8933170172,10
-1188860.430610565,1777730.8933170172,10
-1188397.1178940376,1777730.8933170172,10
-1187933.80517751,1777730.8933170172,10
-1187470.4924609826,1777730.8933170172,10
-1187007.179744455,1777730.8933170172,10
-1186543.8670279277,1777730.8933170172,10
-1186080.5543114,1777730.8933170172,10
-1185617.2415948727,1777730.8933170172,10
-1185153.928878345,1777730.8933170172,10
-1184690.6161618177,1777730.8933170172,10
-1184227.30344529,1777730.8933170172,10
-1183763.9907287627,1777730.8933170172,10
-1183300.678012235,1777730.8933170172,10
-1182837.3652957077,1777730.8933170172,10
-1182374.05257918,1777730.8933170172,10
-1181910.7398626525,1777730.8933170172,10
-1181447.4271461251,1777730.8933170172,10
-1180984.1144295975,1777730.8933170172,10
-1180520.8017130701,1777730.8933170172,10
-1180057.4889965425,1777730.8933170172,10
-1179594.1762800151,1777730.8933170172,10
-1179130.8635634875,1777730.8933170172,10
-1178667.5508469602,1777730.8933170172,10
-1178204.2381304326,1777730.8933170172,10
-1177740.9254139052,1777730.8933170172,10
-1177277.6126973776,1777730.8933170172,10
-1176814.2999808502,1777730.8933170172,10
-1176350.9872643226,1777730.8933170172,10
-1175887.6745477952,1777730.8933170172,10
-1175424.3618312676,1777730.8933170172,10
-1174961.04911474,1777730.8933170172,10
-1174497.7363982126,1777730.8933170172,10
-1174034.4236816852,1777730.8933170172,10
-1173571.1109651576,1777730.8933170172,10
-1173107.79824863,1777730.8933170172,10
-1172644.4855321026,1777730.8933170172,10
-1172181.172815575,1777730.8933170172,10
-1171717.8600990477,1777730.8933170172,10
-1171254.54738252,1777730.8933170172,10
-1170791.2346659927,1777730.8933170172,10
-1170327.921949465,1777730.8933170172,10
-1169864.6092329377,1777730.8933170172,10
-1169401.29651641,1777730.8933170172,10
-1168937.9837998827,1777730.8933170172,10
-1168474.671083355,1777730.8933170172,10
-1168011.3583668275,1777730.8933170172,10
-1167548.0456503,1777730.8933170172,10
-1167084.7329337727,1777730.8933170172,10
-1166621.4202172451,1777730.8933170172,10
-1166158.1075007175,1777730.8933170172,10
-1165694.7947841901,1777730.8933170172,10
-1165231.4820676625,1777730.8933170172,10
-1164768.1693511351,1777730.8933170172,10
-1164304.8566346075,1777730.8933170172,10
-1163841.5439180802,1777730.8933170172,10
-1163378.2312015526,1777730.8933170172,10
-1162914.9184850252,1777730.8933170172,10
-1162451.6057684976,1777730.8933170172,10
-1161988.2930519702,1777730.8933170172,10
-1161524.9803354426,1777730.8933170172,10
-1161061.6676189152,1777730.8933170172,10
-1160598.3549023876,1777730.8933170172,10
-1160135.0421858602,1777730.8933170172,10
-1159671.7294693326,1777730.8933170172,10
-1159208.416752805,1777730.8933170172,10
-1158745.1040362776,1777730.8933170172,10
-1158281.79131975,1777730.8933170172,10
-1157818.4786032226,1777730.8933170172,10
-1157355.165886695,1777730.8933170172,10
-1156891.8531701677,1777730.8933170172,10
-1156428.54045364,1777730.8933170172,10
-1155965.2277371127,1777730.8933170172,10
-1155501.915020585,1777730.8933170172,10
-1155038.6023040577,1777730.8933170172,10
-1154575.28958753,1777730.8933170172,10
-1154111.9768710027,1777730.8933170172,10
-1153648.664154475,1777730.8933170172,10
-1153185.3514379477,1777730.8933170172,10
-1152722.03872142,1777730.8933170172,10
-1152258.7260048925,1777730.8933170172,10
-1151795.4132883651,1777730.8933170172,10
-1151332.1005718375,1777730.8933170172,10
-1150868.7878553101,1777730.8933170172,10
-1150405.4751387825,1777730.8933170172,10
-1149942.1624222551,1777730.8933170172,10
-1149478.8497057275,1777730.8933170172,10
-1149015.5369892002,1777730.8933170172,10
-1148552.2242726726,1777730.8933170172,10
-1148088.9115561452,1777730.8933170172,10
-1147625.5988396176,1777730.8933170172,10
-1147162.2861230902,1777730.8933170172,10
-1146698.9734065626,1777730.8933170172,10
-1146235.6606900352,1777730.8933170172,10
-1145772.3479735076,1777730.8933170172,10
-1145309.03525698,1777730.8933170172,10
-1144845.7225404526,1777730.8933170172,10
-1144382.4098239252,1777730.8933170172,10
-1143919.0971073976,1777730.8933170172,10
-1143455.78439087,1777730.8933170172,10
-1142992.4716743426,1777730.8933170172,10
-1142529.158957815,1777730.8933170172,10
-1283376.2247821752,1777267.5806004896,10
-1282912.9120656475,1777267.5806004896,10
-1282449.5993491202,1777267.5806004896,10
-1281986.2866325926,1777267.5806004896,10
-1281522.9739160652,1777267.5806004896,10
-1281059.6611995376,1777267.5806004896,10
-1280596.3484830102,1777267.5806004896,10
-1280133.0357664826,1777267.5806004896,10
-1279669.7230499552,1777267.5806004896,10
-1279206.4103334276,1777267.5806004896,10
-1278743.0976169002,1777267.5806004896,10
-1278279.7849003726,1777267.5806004896,10
-1277816.472183845,1777267.5806004896,10
-1277353.1594673176,1777267.5806004896,10
-1276889.84675079,1777267.5806004896,10
-1276426.5340342626,1777267.5806004896,10
-1275963.221317735,1777267.5806004896,10
-1275499.9086012077,1777267.5806004896,10
-1275036.59588468,1777267.5806004896,10
-1274573.2831681527,1777267.5806004896,10
-1274109.970451625,1777267.5806004896,10
-1273646.6577350977,1777267.5806004896,10
-1273183.34501857,1777267.5806004896,10
-1272720.0323020427,1777267.5806004896,10
-1272256.719585515,1777267.5806004896,10
-1271793.4068689877,1777267.5806004896,10
-1271330.09415246,1777267.5806004896,10
-1270866.7814359325,1777267.5806004896,10
-1270403.4687194051,1777267.5806004896,10
-1269940.1560028775,1777267.5806004896,10
-1269476.8432863501,1777267.5806004896,10
-1269013.5305698225,1777267.5806004896,10
-1268550.2178532952,1777267.5806004896,10
-1268086.9051367675,1777267.5806004896,10
-1267623.5924202402,1777267.5806004896,10
-1267160.2797037126,1777267.5806004896,10
-1266696.9669871852,1777267.5806004896,10
-1266233.6542706576,1777267.5806004896,10
-1265770.3415541302,1777267.5806004896,10
-1265307.0288376026,1777267.5806004896,10
-1264843.7161210752,1777267.5806004896,10
-1264380.4034045476,1777267.5806004896,10
-1263917.09068802,1777267.5806004896,10
-1263453.7779714926,1777267.5806004896,10
-1262990.465254965,1777267.5806004896,10
-1262527.1525384376,1777267.5806004896,10
-1262063.83982191,1777267.5806004896,10
-1261600.5271053826,1777267.5806004896,10
-1261137.214388855,1777267.5806004896,10
-1242604.705727755,1777267.5806004896,10
-1242141.3930112277,1777267.5806004896,10
-1241678.0802947,1777267.5806004896,10
-1241214.7675781725,1777267.5806004896,10
-1240751.4548616451,1777267.5806004896,10
-1240288.1421451175,1777267.5806004896,10
-1239824.8294285901,1777267.5806004896,10
-1239361.5167120625,1777267.5806004896,10
-1238898.2039955352,1777267.5806004896,10
-1238434.8912790075,1777267.5806004896,10
-1237971.5785624802,1777267.5806004896,10
-1237508.2658459526,1777267.5806004896,10
-1237044.9531294252,1777267.5806004896,10
-1236581.6404128976,1777267.5806004896,10
-1236118.3276963702,1777267.5806004896,10
-1235655.0149798426,1777267.5806004896,10
-1235191.7022633152,1777267.5806004896,10
-1234728.3895467876,1777267.5806004896,10
-1234265.07683026,1777267.5806004896,10
-1233801.7641137326,1777267.5806004896,10
-1233338.4513972052,1777267.5806004896,10
-1232875.1386806776,1777267.5806004896,10
-1232411.82596415,1777267.5806004896,10
-1231948.5132476226,1777267.5806004896,10
-1231485.200531095,1777267.5806004896,10
-1231021.8878145677,1777267.5806004896,10
-1230558.57509804,1777267.5806004896,10
-1230095.2623815127,1777267.5806004896,10
-1229631.949664985,1777267.5806004896,10
-1229168.6369484577,1777267.5806004896,10
-1228705.32423193,1777267.5806004896,10
-1228242.0115154027,1777267.5806004896,10
-1227778.698798875,1777267.5806004896,10
-1227315.3860823475,1777267.5806004896,10
-1226852.07336582,1777267.5806004896,10
-1226388.7606492927,1777267.5806004896,10
-1225925.4479327651,1777267.5806004896,10
-1225462.1352162375,1777267.5806004896,10
-1224998.8224997101,1777267.5806004896,10
-1224535.5097831825,1777267.5806004896,10
-1224072.1970666551,1777267.5806004896,10
-1223608.8843501275,1777267.5806004896,10
-1223145.5716336002,1777267.5806004896,10
-1222682.2589170726,1777267.5806004896,10
-1222218.9462005452,1777267.5806004896,10
-1221755.6334840176,1777267.5806004896,10
-1221292.3207674902,1777267.5806004896,10
-1220829.0080509626,1777267.5806004896,10
-1220365.6953344352,1777267.5806004896,10
-1219902.3826179076,1777267.5806004896,10
-1219439.0699013802,1777267.5806004896,10
-1218975.7571848526,1777267.5806004896,10
-1218512.444468325,1777267.5806004896,10
-1218049.1317517976,1777267.5806004896,10
-1217585.81903527,1777267.5806004896,10
-1217122.5063187426,1777267.5806004896,10
-1216659.193602215,1777267.5806004896,10
-1216195.8808856877,1777267.5806004896,10
-1215732.56816916,1777267.5806004896,10
-1215269.2554526327,1777267.5806004896,10
-1214805.942736105,1777267.5806004896,10
-1214342.6300195777,1777267.5806004896,10
-1213879.31730305,1777267.5806004896,10
-1213416.0045865227,1777267.5806004896,10
-1212952.691869995,1777267.5806004896,10
-1212489.3791534677,1777267.5806004896,10
-1212026.06643694,1777267.5806004896,10
-1211562.7537204125,1777267.5806004896,10
-1211099.4410038851,1777267.5806004896,10
-1210636.1282873575,1777267.5806004896,10
-1210172.8155708301,1777267.5806004896,10
-1209709.5028543025,1777267.5806004896,10
-1209246.1901377751,1777267.5806004896,10
-1208782.8774212475,1777267.5806004896,10
-1208319.5647047202,1777267.5806004896,10
-1207856.2519881926,1777267.5806004896,10
-1207392.9392716652,1777267.5806004896,10
-1206929.6265551376,1777267.5806004896,10
-1206466.3138386102,1777267.5806004896,10
-1206003.0011220826,1777267.5806004896,10
-1205539.6884055552,1777267.5806004896,10
-1205076.3756890276,1777267.5806004896,10
-1204613.0629725,1777267.5806004896,10
-1204149.7502559726,1777267.5806004896,10
-1203686.4375394452,1777267.5806004896,10
-1203223.1248229176,1777267.5806004896,10
-1202759.81210639,1777267.5806004896,10
-1202296.4993898626,1777267.5806004896,10
-1201833.186673335,1777267.5806004896,10
-1201369.8739568077,1777267.5806004896,10
-1200906.56124028,1777267.5806004896,10
-1200443.2485237527,1777267.5806004896,10
-1199979.935807225,1777267.5806004896,10
-1199516.6230906977,1777267.5806004896,10
-1199053.31037417,1777267.5806004896,10
-1198589.9976576427,1777267.5806004896,10
-1198126.684941115,1777267.5806004896,10
-1197663.3722245875,1777267.5806004896,10
-1197200.05950806,1777267.5806004896,10
-1196736.7467915327,1777267.5806004896,10
-1196273.4340750051,1777267.5806004896,10
-1195810.1213584775,1777267.5806004896,10
-1195346.8086419501,1777267.5806004896,10
-1194883.4959254225,1777267.5806004896,10
-1194420.1832088951,1777267.5806004896,10
-1193956.8704923675,1777267.5806004896,10
-1193493.5577758402,1777267.5806004896,10
-1193030.2450593126,1777267.5806004896,10
-1192566.9323427852,1777267.5806004896,10
-1192103.6196262576,1777267.5806004896,10
-1191640.3069097302,1777267.5806004896,10
-1191176.9941932026,1777267.5806004896,10
-1190713.6814766752,1777267.5806004896,10
-1190250.3687601476,1777267.5806004896,10
-1189787.0560436202,1777267.5806004896,10
-1189323.7433270926,1777267.5806004896,10
-1188860.430610565,1777267.5806004896,10
-1188397.1178940376,1777267.5806004896,10
-1187933.80517751,1777267.5806004896,10
-1187470.4924609826,1777267.5806004896,10
-1187007.179744455,1777267.5806004896,10
-1186543.8670279277,1777267.5806004896,10
-1186080.5543114,1777267.5806004896,10
-1185617.2415948727,1777267.5806004896,10
-1185153.928878345,1777267.5806004896,10
-1184690.6161618177,1777267.5806004896,10
-1184227.30344529,1777267.5806004896,10
-1183763.9907287627,1777267.5806004896,10
-1183300.678012235,1777267.5806004896,10
-1182837.3652957077,1777267.5806004896,10
-1182374.05257918,1777267.5806004896,10
-1181910.7398626525,1777267.5806004896,10
-1181447.4271461251,1777267.5806004896,10
-1180984.1144295975,1777267.5806004896,10
-1180520.8017130701,1777267.5806004896,10
-1180057.4889965425,1777267.5806004896,10
-1179594.1762800151,1777267.5806004896,10
-1179130.8635634875,1777267.5806004896,10
-1178667.5508469602,1777267.5806004896,10
-1178204.2381304326,1777267.5806004896,10
-1177740.9254139052,1777267.5806004896,10
-1177277.6126973776,1777267.5806004896,10
-1176814.2999808502,1777267.5806004896,10
-1176350.9872643226,1777267.5806004896,10
-1175887.6745477952,1777267.5806004896,10
-1175424.3618312676,1777267.5806004896,10
-1174961.04911474,1777267.5806004896,10
-1174497.7363982126,1777267.5806004896,10
-1174034.4236816852,1777267.5806004896,10
-1173571.1109651576,1777267.5806004896,10
-1173107.79824863,1777267.5806004896,10
-1172644.4855321026,1777267.5806004896,10
-1172181.172815575,1777267.5806004896,10
-1171717.8600990477,1777267.5806004896,10
-1171254.54738252,1777267.5806004896,10
-1170791.2346659927,1777267.5806004896,10
-1170327.921949465,1777267.5806004896,10
-1169864.6092329377,1777267.5806004896,10
-1169401.29651641,1777267.5806004896,10
-1168937.9837998827,1777267.5806004896,10
-1168474.671083355,1777267.5806004896,10
-1168011.3583668275,1777267.5806004896,10
-1167548.0456503,1777267.5806004896,10
-1167084.7329337727,1777267.5806004896,10
-1166621.4202172451,1777267.5806004896,10
-1166158.1075007175,1777267.5806004896,10
-1165694.7947841901,1777267.5806004896,10
-1165231.4820676625,1777267.5806004896,10
-1164768.1693511351,1777267.5806004896,10
-1164304.8566346075,1777267.5806004896,10
-1163841.5439180802,1777267.5806004896,10
-1163378.2312015526,1777267.5806004896,10
-1162914.9184850252,1777267.5806004896,10
-1162451.6057684976,1777267.5806004896,10
-1161988.2930519702,1777267.5806004896,10
-1161524.9803354426,1777267.5806004896,10
-1161061.6676189152,1777267.5806004896,10
-1160598.3549023876,1777267.5806004896,10
-1160135.0421858602,1777267.5806004896,10
-1159671.7294693326,1777267.5806004896,10
-1159208.416752805,1777267.5806004896,10
-1158745.1040362776,1777267.5806004896,10
-1158281.79131975,1777267.5806004896,10
-1157818.4786032226,1777267.5806004896,10
-1157355.165886695,1777267.5806004896,10
-1156891.8531701677,1777267.5806004896,10
-1156428.54045364,1777267.5806004896,10
-1155965.2277371127,1777267.5806004896,10
-1155501.915020585,1777267.5806004896,10
-1155038.6023040577,1777267.5806004896,10
-1154575.28958753,1777267.5806004896,10
-1154111.9768710027,1777267.5806004896,10
-1153648.664154475,1777267.5806004896,10
-1153185.3514379477,1777267.5806004896,10
-1152722.03872142,1777267.5806004896,10
-1152258.7260048925,1777267.5806004896,10
-1151795.4132883651,1777267.5806004896,10
-1151332.1005718375,1777267.5806004896,10
-1150868.7878553101,1777267.5806004896,10
-1150405.4751387825,1777267.5806004896,10
-1149942.1624222551,1777267.5806004896,10
-1149478.8497057275,1777267.5806004896,10
-1149015.5369892002,1777267.5806004896,10
-1148552.2242726726,1777267.5806004896,10
-1148088.9115561452,1777267.5806004896,10
-1147625.5988396176,1777267.5806004896,10
-1147162.2861230902,1777267.5806004896,10
-1146698.9734065626,1777267.5806004896,10
-1146235.6606900352,1777267.5806004896,10
-1145772.3479735076,1777267.5806004896,10
-1145309.03525698,1777267.5806004896,10
-1144845.7225404526,1777267.5806004896,10
-1144382.4098239252,1777267.5806004896,10
-1143919.0971073976,1777267.5806004896,10
-1143455.78439087,1777267.5806004896,10
-1142992.4716743426,1777267.5806004896,10
-1283376.2247821752,1776804.2678839623,10
-1282912.9120656475,1776804.2678839623,10
-1282449.5993491202,1776804.2678839623,10
-1281986.2866325926,1776804.2678839623,10
-1281522.9739160652,1776804.2678839623,10
-1281059.6611995376,1776804.2678839623,10
-1280596.3484830102,1776804.2678839623,10
-1280133.0357664826,1776804.2678839623,10
-1279669.7230499552,1776804.2678839623,10
-1279206.4103334276,1776804.2678839623,10
-1278743.0976169002,1776804.2678839623,10
-1278279.7849003726,1776804.2678839623,10
-1277816.472183845,1776804.2678839623,10
-1277353.1594673176,1776804.2678839623,10
-1276889.84675079,1776804.2678839623,10
-1276426.5340342626,1776804.2678839623,10
-1275963.221317735,1776804.2678839623,10
-1275499.9086012077,1776804.2678839623,10
-1275036.59588468,1776804.2678839623,10
-1274573.2831681527,1776804.2678839623,10
-1274109.970451625,1776804.2678839623,10
-1273646.6577350977,1776804.2678839623,10
-1273183.34501857,1776804.2678839623,10
-1272720.0323020427,1776804.2678839623,10
-1272256.719585515,1776804.2678839623,10
-1271793.4068689877,1776804.2678839623,10
-1271330.09415246,1776804.2678839623,10
-1270866.7814359325,1776804.2678839623,10
-1270403.4687194051,1776804.2678839623,10
-1269940.1560028775,1776804.2678839623,10
-1269476.8432863501,1776804.2678839623,10
-1269013.5305698225,1776804.2678839623,10
-1268550.2178532952,1776804.2678839623,10
-1268086.9051367675,1776804.2678839623,10
-1267623.5924202402,1776804.2678839623,10
-1267160.2797037126,1776804.2678839623,10
-1266696.9669871852,1776804.2678839623,10
-1266233.6542706576,1776804.2678839623,10
-1265770.3415541302,1776804.2678839623,10
-1265307.0288376026,1776804.2678839623,10
-1264843.7161210752,1776804.2678839623,10
-1264380.4034045476,1776804.2678839623,10
-1263917.09068802,1776804.2678839623,10
-1263453.7779714926,1776804.2678839623,10
-1262990.465254965,1776804.2678839623,10
-1262527.1525384376,1776804.2678839623,10
-1262063.83982191,1776804.2678839623,10
-1261600.5271053826,1776804.2678839623,10
-1261137.214388855,1776804.2678839623,10
-1241678.0802947,1776804.2678839623,10
-1241214.7675781725,1776804.2678839623,10
-1240751.4548616451,1776804.2678839623,10
-1240288.1421451175,1776804.2678839623,10
-1239824.8294285901,1776804.2678839623,10
-1239361.5167120625,1776804.2678839623,10
-1238898.2039955352,1776804.2678839623,10
-1238434.8912790075,1776804.2678839623,10
-1237971.5785624802,1776804.2678839623,10
-1237508.2658459526,1776804.2678839623,10
-1237044.9531294252,1776804.2678839623,10
-1236581.6404128976,1776804.2678839623,10
-1236118.3276963702,1776804.2678839623,10
-1235655.0149798426,1776804.2678839623,10
-1235191.7022633152,1776804.2678839623,10
-1234728.3895467876,1776804.2678839623,10
-1234265.07683026,1776804.2678839623,10
-1233801.7641137326,1776804.2678839623,10
-1233338.4513972052,1776804.2678839623,10
-1232875.1386806776,1776804.2678839623,10
-1232411.82596415,1776804.2678839623,10
-1231948.5132476226,1776804.2678839623,10
-1231485.200531095,1776804.2678839623,10
-1231021.8878145677,1776804.2678839623,10
-1230558.57509804,1776804.2678839623,10
-1230095.2623815127,1776804.2678839623,10
-1229631.949664985,1776804.2678839623,10
-1229168.6369484577,1776804.2678839623,10
-1228705.32423193,1776804.2678839623,10
-1228242.0115154027,1776804.2678839623,10
-1227778.698798875,1776804.2678839623,10
-1227315.3860823475,1776804.2678839623,10
-1226852.07336582,1776804.2678839623,10
-1226388.7606492927,1776804.2678839623,10
-1225925.4479327651,1776804.2678839623,10
-1225462.1352162375,1776804.2678839623,10
-1224998.8224997101,1776804.2678839623,10
-1224535.5097831825,1776804.2678839623,10
-1224072.1970666551,1776804.2678839623,10
-1223608.8843501275,1776804.2678839623,10
-1223145.5716336002,1776804.2678839623,10
-1222682.2589170726,1776804.2678839623,10
-1222218.9462005452,1776804.2678839623,10
-1221755.6334840176,1776804.2678839623,10
-1221292.3207674902,1776804.2678839623,10
-1220829.0080509626,1776804.2678839623,10
-1220365.6953344352,1776804.2678839623,10
-1219902.3826179076,1776804.2678839623,10
-1219439.0699013802,1776804.2678839623,10
-1218975.7571848526,1776804.2678839623,10
-1218512.444468325,1776804.2678839623,10
-1218049.1317517976,1776804.2678839623,10
-1217585.81903527,1776804.2678839623,10
-1217122.5063187426,1776804.2678839623,10
-1216659.193602215,1776804.2678839623,10
-1216195.8808856877,1776804.2678839623,10
-1215732.56816916,1776804.2678839623,10
-1215269.2554526327,1776804.2678839623,10
-1214805.942736105,1776804.2678839623,10
-1214342.6300195777,1776804.2678839623,10
-1213879.31730305,1776804.2678839623,10
-1213416.0045865227,1776804.2678839623,10
-1212952.691869995,1776804.2678839623,10
-1212489.3791534677,1776804.2678839623,10
-1212026.06643694,1776804.2678839623,10
-1211562.7537204125,1776804.2678839623,10
-1211099.4410038851,1776804.2678839623,10
-1210636.1282873575,1776804.2678839623,10
-1210172.8155708301,1776804.2678839623,10
-1209709.5028543025,1776804.2678839623,10
-1209246.1901377751,1776804.2678839623,10
-1208782.8774212475,1776804.2678839623,10
-1208319.5647047202,1776804.2678839623,10
-1207856.2519881926,1776804.2678839623,10
-1207392.9392716652,1776804.2678839623,10
-1206929.6265551376,1776804.2678839623,10
-1206466.3138386102,1776804.2678839623,10
-1206003.0011220826,1776804.2678839623,10
-1205539.6884055552,1776804.2678839623,10
-1205076.3756890276,1776804.2678839623,10
-1204613.0629725,1776804.2678839623,10
-1204149.7502559726,1776804.2678839623,10
-1203686.4375394452,1776804.2678839623,10
-1203223.1248229176,1776804.2678839623,10
-1202759.81210639,1776804.2678839623,10
-1202296.4993898626,1776804.2678839623,10
-1201833.186673335,1776804.2678839623,10
-1201369.8739568077,1776804.2678839623,10
-1200906.56124028,1776804.2678839623,10
-1200443.2485237527,1776804.2678839623,10
-1199979.935807225,1776804.2678839623,10
-1199516.6230906977,1776804.2678839623,10
-1199053.31037417,1776804.2678839623,10
-1198589.9976576427,1776804.2678839623,10
-1198126.684941115,1776804.2678839623,10
-1197663.3722245875,1776804.2678839623,10
-1197200.05950806,1776804.2678839623,10
-1196736.7467915327,1776804.2678839623,10
-1196273.4340750051,1776804.2678839623,10
-1195810.1213584775,1776804.2678839623,10
-1195346.8086419501,1776804.2678839623,10
-1194883.4959254225,1776804.2678839623,10
-1194420.1832088951,1776804.2678839623,10
-1193956.8704923675,1776804.2678839623,10
-1193493.5577758402,1776804.2678839623,10
-1193030.2450593126,1776804.2678839623,10
-1192566.9323427852,1776804.2678839623,10
-1192103.6196262576,1776804.2678839623,10
-1191640.3069097302,1776804.2678839623,10
-1191176.9941932026,1776804.2678839623,10
-1190713.6814766752,1776804.2678839623,10
-1190250.3687601476,1776804.2678839623,10
-1189787.0560436202,1776804.2678839623,10
-1189323.7433270926,1776804.2678839623,10
-1188860.430610565,1776804.2678839623,10
-1188397.1178940376,1776804.2678839623,10
-1187933.80517751,1776804.2678839623,10
-1187470.4924609826,1776804.2678839623,10
-1187007.179744455,1776804.2678839623,10
-1186543.8670279277,1776804.2678839623,10
-1186080.5543114,1776804.2678839623,10
-1185617.2415948727,1776804.2678839623,10
-1185153.928878345,1776804.2678839623,10
-1184690.6161618177,1776804.2678839623,10
-1184227.30344529,1776804.2678839623,10
-1183763.9907287627,1776804.2678839623,10
-1183300.678012235,1776804.2678839623,10
-1182837.3652957077,1776804.2678839623,10
-1182374.05257918,1776804.2678839623,10
-1181910.7398626525,1776804.2678839623,10
-1181447.4271461251,1776804.2678839623,10
-1180984.1144295975,1776804.2678839623,10
-1180520.8017130701,1776804.2678839623,10
-1180057.4889965425,1776804.2678839623,10
-1179594.1762800151,1776804.2678839623,10
-1179130.8635634875,1776804.2678839623,10
-1178667.5508469602,1776804.2678839623,10
-1178204.2381304326,1776804.2678839623,10
-1177740.9254139052,1776804.2678839623,10
-1177277.6126973776,1776804.2678839623,10
-1176814.2999808502,1776804.2678839623,10
-1176350.9872643226,1776804.2678839623,10
-1175887.6745477952,1776804.2678839623,10
-1175424.3618312676,1776804.2678839623,10
-1174961.04911474,1776804.2678839623,10
-1174497.7363982126,1776804.2678839623,10
-1174034.4236816852,1776804.2678839623,10
-1173571.1109651576,1776804.2678839623,10
-1173107.79824863,1776804.2678839623,10
-1172644.4855321026,1776804.2678839623,10
-1172181.172815575,1776804.2678839623,10
-1171717.8600990477,1776804.2678839623,10
-1171254.54738252,1776804.2678839623,10
-1170791.2346659927,1776804.2678839623,10
-1170327.921949465,1776804.2678839623,10
-1169864.6092329377,1776804.2678839623,10
-1169401.29651641,1776804.2678839623,10
-1168937.9837998827,1776804.2678839623,10
-1168474.671083355,1776804.2678839623,10
-1168011.3583668275,1776804.2678839623,10
-1167548.0456503,1776804.2678839623,10
-1167084.7329337727,1776804.2678839623,10
-1166621.4202172451,1776804.2678839623,10
-1166158.1075007175,1776804.2678839623,10
-1165694.7947841901,1776804.2678839623,10
-1165231.4820676625,1776804.2678839623,10
-1164768.1693511351,1776804.2678839623,10
-1164304.8566346075,1776804.2678839623,10
-1163841.5439180802,1776804.2678839623,10
-1163378.2312015526,1776804.2678839623,10
-1162914.9184850252,1776804.2678839623,10
-1162451.6057684976,1776804.2678839623,10
-1161988.2930519702,1776804.2678839623,10
-1161524.9803354426,1776804.2678839623,10
-1161061.6676189152,1776804.2678839623,10
-1160598.3549023876,1776804.2678839623,10
-1160135.0421858602,1776804.2678839623,10
-1159671.7294693326,1776804.2678839623,10
-1159208.416752805,1776804.2678839623,10
-1158745.1040362776,1776804.2678839623,10
-1158281.79131975,1776804.2678839623,10
-1157818.4786032226,1776804.2678839623,10
-1157355.165886695,1776804.2678839623,10
-1156891.8531701677,1776804.2678839623,10
-1156428.54045364,1776804.2678839623,10
-1155965.2277371127,1776804.2678839623,10
-1155501.915020585,1776804.2678839623,10
-1155038.6023040577,1776804.2678839623,10
-1154575.28958753,1776804.2678839623,10
-1154111.9768710027,1776804.2678839623,10
-1153648.664154475,1776804.2678839623,10
-1153185.3514379477,1776804.2678839623,10
-1152722.03872142,1776804.2678839623,10
-1152258.7260048925,1776804.2678839623,10
-1151795.4132883651,1776804.2678839623,10
-1151332.1005718375,1776804.2678839623,10
-1150868.7878553101,1776804.2678839623,10
-1150405.4751387825,1776804.2678839623,10
-1149942.1624222551,1776804.2678839623,10
-1149478.8497057275,1776804.2678839623,10
-1149015.5369892002,1776804.2678839623,10
-1148552.2242726726,1776804.2678839623,10
-1148088.9115561452,1776804.2678839623,10
-1147625.5988396176,1776804.2678839623,10
-1147162.2861230902,1776804.2678839623,10
-1146698.9734065626,1776804.2678839623,10
-1146235.6606900352,1776804.2678839623,10
-1145772.3479735076,1776804.2678839623,10
-1145309.03525698,1776804.2678839623,10
-1144845.7225404526,1776804.2678839623,10
-1144382.4098239252,1776804.2678839623,10
-1143919.0971073976,1776804.2678839623,10
-1143455.78439087,1776804.2678839623,10
-1282912.9120656475,1776340.9551674346,10
-1282449.5993491202,1776340.9551674346,10
-1281986.2866325926,1776340.9551674346,10
-1281522.9739160652,1776340.9551674346,10
-1281059.6611995376,1776340.9551674346,10
-1280596.3484830102,1776340.9551674346,10
-1280133.0357664826,1776340.9551674346,10
-1279669.7230499552,1776340.9551674346,10
-1279206.4103334276,1776340.9551674346,10
-1278743.0976169002,1776340.9551674346,10
-1278279.7849003726,1776340.9551674346,10
-1277816.472183845,1776340.9551674346,10
-1277353.1594673176,1776340.9551674346,10
-1276889.84675079,1776340.9551674346,10
-1276426.5340342626,1776340.9551674346,10
-1275963.221317735,1776340.9551674346,10
-1275499.9086012077,1776340.9551674346,10
-1275036.59588468,1776340.9551674346,10
-1274573.2831681527,1776340.9551674346,10
-1274109.970451625,1776340.9551674346,10
-1273646.6577350977,1776340.9551674346,10
-1273183.34501857,1776340.9551674346,10
-1272720.0323020427,1776340.9551674346,10
-1272256.719585515,1776340.9551674346,10
-1271793.4068689877,1776340.9551674346,10
-1271330.09415246,1776340.9551674346,10
-1270866.7814359325,1776340.9551674346,10
-1270403.4687194051,1776340.9551674346,10
-1269940.1560028775,1776340.9551674346,10
-1269476.8432863501,1776340.9551674346,10
-1269013.5305698225,1776340.9551674346,10
-1268550.2178532952,1776340.9551674346,10
-1268086.9051367675,1776340.9551674346,10
-1267623.5924202402,1776340.9551674346,10
-1267160.2797037126,1776340.9551674346,10
-1266696.9669871852,1776340.9551674346,10
-1266233.6542706576,1776340.9551674346,10
-1265770.3415541302,1776340.9551674346,10
-1265307.0288376026,1776340.9551674346,10
-1264843.7161210752,1776340.9551674346,10
-1264380.4034045476,1776340.9551674346,10
-1263917.09068802,1776340.9551674346,10
-1263453.7779714926,1776340.9551674346,10
-1262990.465254965,1776340.9551674346,10
-1262527.1525384376,1776340.9551674346,10
-1262063.83982191,1776340.9551674346,10
-1261600.5271053826,1776340.9551674346,10
-1261137.214388855,1776340.9551674346,10
-1240751.4548616451,1776340.9551674346,10
-1240288.1421451175,1776340.9551674346,10
-1239824.8294285901,1776340.9551674346,10
-1239361.5167120625,1776340.9551674346,10
-1238898.2039955352,1776340.9551674346,10
-1238434.8912790075,1776340.9551674346,10
-1237971.5785624802,1776340.9551674346,10
-1237508.2658459526,1776340.9551674346,10
-1237044.9531294252,1776340.9551674346,10
-1236581.6404128976,1776340.9551674346,10
-1236118.3276963702,1776340.9551674346,10
-1235655.0149798426,1776340.9551674346,10
-1235191.7022633152,1776340.9551674346,10
-1234728.3895467876,1776340.9551674346,10
-1234265.07683026,1776340.9551674346,10
-1233801.7641137326,1776340.9551674346,10
-1233338.4513972052,1776340.9551674346,10
-1232875.1386806776,1776340.9551674346,10
-1232411.82596415,1776340.9551674346,10
-1231948.5132476226,1776340.9551674346,10
-1231485.200531095,1776340.9551674346,10
-1231021.8878145677,1776340.9551674346,10
-1230558.57509804,1776340.9551674346,10
-1230095.2623815127,1776340.9551674346,10
-1229631.949664985,1776340.9551674346,10
-1229168.6369484577,1776340.9551674346,10
-1228705.32423193,1776340.9551674346,10
-1228242.0115154027,1776340.9551674346,10
-1227778.698798875,1776340.9551674346,10
-1227315.3860823475,1776340.9551674346,10
-1226852.07336582,1776340.9551674346,10
-1226388.7606492927,1776340.9551674346,10
-1225925.4479327651,1776340.9551674346,10
-1225462.1352162375,1776340.9551674346,10
-1224998.8224997101,1776340.9551674346,10
-1224535.5097831825,1776340.9551674346,10
-1224072.1970666551,1776340.9551674346,10
-1223608.8843501275,1776340.9551674346,10
-1223145.5716336002,1776340.9551674346,10
-1222682.2589170726,1776340.9551674346,10
-1222218.9462005452,1776340.9551674346,10
-1221755.6334840176,1776340.9551674346,10
-1221292.3207674902,1776340.9551674346,10
-1220829.0080509626,1776340.9551674346,10
-1220365.6953344352,1776340.9551674346,10
-1219902.3826179076,1776340.9551674346,10
-1219439.0699013802,1776340.9551674346,10
-1218975.7571848526,1776340.9551674346,10
-1218512.444468325,1776340.9551674346,10
-1218049.1317517976,1776340.9551674346,10
-1217585.81903527,1776340.9551674346,10
-1217122.5063187426,1776340.9551674346,10
-1216659.193602215,1776340.9551674346,10
-1216195.8808856877,1776340.9551674346,10
-1215732.56816916,1776340.9551674346,10
-1215269.2554526327,1776340.9551674346,10
-1214805.942736105,1776340.9551674346,10
-1214342.6300195777,1776340.9551674346,10
-1213879.31730305,1776340.9551674346,10
-1213416.0045865227,1776340.9551674346,10
-1212952.691869995,1776340.9551674346,10
-1212489.3791534677,1776340.9551674346,10
-1212026.06643694,1776340.9551674346,10
-1211562.7537204125,1776340.9551674346,10
-1211099.4410038851,1776340.9551674346,10
-1210636.1282873575,1776340.9551674346,10
-1210172.8155708301,1776340.9551674346,10
-1209709.5028543025,1776340.9551674346,10
-1209246.1901377751,1776340.9551674346,10
-1208782.8774212475,1776340.9551674346,10
-1208319.5647047202,1776340.9551674346,10
-1207856.2519881926,1776340.9551674346,10
-1207392.9392716652,1776340.9551674346,10
-1206929.6265551376,1776340.9551674346,10
-1206466.3138386102,1776340.9551674346,10
-1206003.0011220826,1776340.9551674346,10
-1205539.6884055552,1776340.9551674346,10
-1205076.3756890276,1776340.9551674346,10
-1204613.0629725,1776340.9551674346,10
-1204149.7502559726,1776340.9551674346,10
-1203686.4375394452,1776340.9551674346,10
-1203223.1248229176,1776340.9551674346,10
-1202759.81210639,1776340.9551674346,10
-1202296.4993898626,1776340.9551674346,10
-1201833.186673335,1776340.9551674346,10
-1201369.8739568077,1776340.9551674346,10
-1200906.56124028,1776340.9551674346,10
-1200443.2485237527,1776340.9551674346,10
-1199979.935807225,1776340.9551674346,10
-1199516.6230906977,1776340.9551674346,10
-1199053.31037417,1776340.9551674346,10
-1198589.9976576427,1776340.9551674346,10
-1198126.684941115,1776340.9551674346,10
-1197663.3722245875,1776340.9551674346,10
-1197200.05950806,1776340.9551674346,10
-1196736.7467915327,1776340.9551674346,10
-1196273.4340750051,1776340.9551674346,10
-1195810.1213584775,1776340.9551674346,10
-1195346.8086419501,1776340.9551674346,10
-1194883.4959254225,1776340.9551674346,10
-1194420.1832088951,1776340.9551674346,10
-1193956.8704923675,1776340.9551674346,10
-1193493.5577758402,1776340.9551674346,10
-1193030.2450593126,1776340.9551674346,10
-1192566.9323427852,1776340.9551674346,10
-1192103.6196262576,1776340.9551674346,10
-1191640.3069097302,1776340.9551674346,10
-1191176.9941932026,1776340.9551674346,10
-1190713.6814766752,1776340.9551674346,10
-1190250.3687601476,1776340.9551674346,10
-1189787.0560436202,1776340.9551674346,10
-1189323.7433270926,1776340.9551674346,10
-1188860.430610565,1776340.9551674346,10
-1188397.1178940376,1776340.9551674346,10
-1187933.80517751,1776340.9551674346,10
-1187470.4924609826,1776340.9551674346,10
-1187007.179744455,1776340.9551674346,10
-1186543.8670279277,1776340.9551674346,10
-1186080.5543114,1776340.9551674346,10
-1185617.2415948727,1776340.9551674346,10
-1185153.928878345,1776340.9551674346,10
-1184690.6161618177,1776340.9551674346,10
-1184227.30344529,1776340.9551674346,10
-1183763.9907287627,1776340.9551674346,10
-1183300.678012235,1776340.9551674346,10
-1182837.3652957077,1776340.9551674346,10
-1182374.05257918,1776340.9551674346,10
-1181910.7398626525,1776340.9551674346,10
-1181447.4271461251,1776340.9551674346,10
-1180984.1144295975,1776340.9551674346,10
-1180520.8017130701,1776340.9551674346,10
-1180057.4889965425,1776340.9551674346,10
-1179594.1762800151,1776340.9551674346,10
-1179130.8635634875,1776340.9551674346,10
-1178667.5508469602,1776340.9551674346,10
-1178204.2381304326,1776340.9551674346,10
-1177740.9254139052,1776340.9551674346,10
-1177277.6126973776,1776340.9551674346,10
-1176814.2999808502,1776340.9551674346,10
-1176350.9872643226,1776340.9551674346,10
-1175887.6745477952,1776340.9551674346,10
-1175424.3618312676,1776340.9551674346,10
-1174961.04911474,1776340.9551674346,10
-1174497.7363982126,1776340.9551674346,10
-1174034.4236816852,1776340.9551674346,10
-1173571.1109651576,1776340.9551674346,10
-1173107.79824863,1776340.9551674346,10
-1172644.4855321026,1776340.9551674346,10
-1172181.172815575,1776340.9551674346,10
-1171717.8600990477,1776340.9551674346,10
-1171254.54738252,1776340.9551674346,10
-1170791.2346659927,1776340.9551674346,10
-1170327.921949465,1776340.9551674346,10
-1169864.6092329377,1776340.9551674346,10
-1169401.29651641,1776340.9551674346,10
-1168937.9837998827,1776340.9551674346,10
-1168474.671083355,1776340.9551674346,10
-1168011.3583668275,1776340.9551674346,10
-1167548.0456503,1776340.9551674346,10
-1167084.7329337727,1776340.9551674346,10
-1166621.4202172451,1776340.9551674346,10
-1166158.1075007175,1776340.9551674346,10
-1165694.7947841901,1776340.9551674346,10
-1165231.4820676625,1776340.9551674346,10
-1164768.1693511351,1776340.9551674346,10
-1164304.8566346075,1776340.9551674346,10
-1163841.5439180802,1776340.9551674346,10
-1163378.2312015526,1776340.9551674346,10
-1162914.9184850252,1776340.9551674346,10
-1162451.6057684976,1776340.9551674346,10
-1161988.2930519702,1776340.9551674346,10
-1161524.9803354426,1776340.9551674346,10
-1161061.6676189152,1776340.9551674346,10
-1160598.3549023876,1776340.9551674346,10
-1160135.0421858602,1776340.9551674346,10
-1159671.7294693326,1776340.9551674346,10
-1159208.416752805,1776340.9551674346,10
-1158745.1040362776,1776340.9551674346,10
-1158281.79131975,1776340.9551674346,10
-1157818.4786032226,1776340.9551674346,10
-1157355.165886695,1776340.9551674346,10
-1156891.8531701677,1776340.9551674346,10
-1156428.54045364,1776340.9551674346,10
-1155965.2277371127,1776340.9551674346,10
-1155501.915020585,1776340.9551674346,10
-1155038.6023040577,1776340.9551674346,10
-1154575.28958753,1776340.9551674346,10
-1154111.9768710027,1776340.9551674346,10
-1153648.664154475,1776340.9551674346,10
-1153185.3514379477,1776340.9551674346,10
-1152722.03872142,1776340.9551674346,10
-1152258.7260048925,1776340.9551674346,10
-1151795.4132883651,1776340.9551674346,10
-1151332.1005718375,1776340.9551674346,10
-1150868.7878553101,1776340.9551674346,10
-1150405.4751387825,1776340.9551674346,10
-1149942.1624222551,1776340.9551674346,10
-1149478.8497057275,1776340.9551674346,10
-1149015.5369892002,1776340.9551674346,10
-1148552.2242726726,1776340.9551674346,10
-1148088.9115561452,1776340.9551674346,10
-1147625.5988396176,1776340.9551674346,10
-1147162.2861230902,1776340.9551674346,10
-1146698.9734065626,1776340.9551674346,10
-1146235.6606900352,1776340.9551674346,10
-1145772.3479735076,1776340.9551674346,10
-1145309.03525698,1776340.9551674346,10
-1144845.7225404526,1776340.9551674346,10
-1144382.4098239252,1776340.9551674346,10
-1143919.0971073976,1776340.9551674346,10
-1143455.78439087,1776340.9551674346,10
-1282912.9120656475,1775877.6424509073,10
-1282449.5993491202,1775877.6424509073,10
-1281986.2866325926,1775877.6424509073,10
-1281522.9739160652,1775877.6424509073,10
-1281059.6611995376,1775877.6424509073,10
-1280596.3484830102,1775877.6424509073,10
-1280133.0357664826,1775877.6424509073,10
-1279669.7230499552,1775877.6424509073,10
-1279206.4103334276,1775877.6424509073,10
-1278743.0976169002,1775877.6424509073,10
-1278279.7849003726,1775877.6424509073,10
-1277816.472183845,1775877.6424509073,10
-1277353.1594673176,1775877.6424509073,10
-1276889.84675079,1775877.6424509073,10
-1276426.5340342626,1775877.6424509073,10
-1275963.221317735,1775877.6424509073,10
-1275499.9086012077,1775877.6424509073,10
-1275036.59588468,1775877.6424509073,10
-1274573.2831681527,1775877.6424509073,10
-1274109.970451625,1775877.6424509073,10
-1273646.6577350977,1775877.6424509073,10
-1273183.34501857,1775877.6424509073,10
-1272720.0323020427,1775877.6424509073,10
-1272256.719585515,1775877.6424509073,10
-1271793.4068689877,1775877.6424509073,10
-1271330.09415246,1775877.6424509073,10
-1270866.7814359325,1775877.6424509073,10
-1270403.4687194051,1775877.6424509073,10
-1269940.1560028775,1775877.6424509073,10
-1269476.8432863501,1775877.6424509073,10
-1269013.5305698225,1775877.6424509073,10
-1268550.2178532952,1775877.6424509073,10
-1268086.9051367675,1775877.6424509073,10
-1267623.5924202402,1775877.6424509073,10
-1267160.2797037126,1775877.6424509073,10
-1266696.9669871852,1775877.6424509073,10
-1266233.6542706576,1775877.6424509073,10
-1265770.3415541302,1775877.6424509073,10
-1265307.0288376026,1775877.6424509073,10
-1264843.7161210752,1775877.6424509073,10
-1264380.4034045476,1775877.6424509073,10
-1263917.09068802,1775877.6424509073,10
-1263453.7779714926,1775877.6424509073,10
-1262990.465254965,1775877.6424509073,10
-1262527.1525384376,1775877.6424509073,10
-1262063.83982191,1775877.6424509073,10
-1261600.5271053826,1775877.6424509073,10
-1261137.214388855,1775877.6424509073,10
-1239824.8294285901,1775877.6424509073,10
-1239361.5167120625,1775877.6424509073,10
-1238898.2039955352,1775877.6424509073,10
-1238434.8912790075,1775877.6424509073,10
-1237971.5785624802,1775877.6424509073,10
-1237508.2658459526,1775877.6424509073,10
-1237044.9531294252,1775877.6424509073,10
-1236581.6404128976,1775877.6424509073,10
-1236118.3276963702,1775877.6424509073,10
-1235655.0149798426,1775877.6424509073,10
-1235191.7022633152,1775877.6424509073,10
-1234728.3895467876,1775877.6424509073,10
-1234265.07683026,1775877.6424509073,10
-1233801.7641137326,1775877.6424509073,10
-1233338.4513972052,1775877.6424509073,10
-1232875.1386806776,1775877.6424509073,10
-1232411.82596415,1775877.6424509073,10
-1231948.5132476226,1775877.6424509073,10
-1231485.200531095,1775877.6424509073,10
-1231021.8878145677,1775877.6424509073,10
-1230558.57509804,1775877.6424509073,10
-1230095.2623815127,1775877.6424509073,10
-1229631.949664985,1775877.6424509073,10
-1229168.6369484577,1775877.6424509073,10
-1228705.32423193,1775877.6424509073,10
-1228242.0115154027,1775877.6424509073,10
-1227778.698798875,1775877.6424509073,10
-1227315.3860823475,1775877.6424509073,10
-1226852.07336582,1775877.6424509073,10
-1226388.7606492927,1775877.6424509073,10
-1225925.4479327651,1775877.6424509073,10
-1225462.1352162375,1775877.6424509073,10
-1224998.8224997101,1775877.6424509073,10
-1224535.5097831825,1775877.6424509073,10
-1224072.1970666551,1775877.6424509073,10
-1223608.8843501275,1775877.6424509073,10
-1223145.5716336002,1775877.6424509073,10
-1222682.2589170726,1775877.6424509073,10
-1222218.9462005452,1775877.6424509073,10
-1221755.6334840176,1775877.6424509073,10
-1221292.3207674902,1775877.6424509073,10
-1220829.0080509626,1775877.6424509073,10
-1220365.6953344352,1775877.6424509073,10
-1219902.3826179076,1775877.6424509073,10
-1219439.0699013802,1775877.6424509073,10
-1218975.7571848526,1775877.6424509073,10
-1218512.444468325,1775877.6424509073,10
-1218049.1317517976,1775877.6424509073,10
-1217585.81903527,1775877.6424509073,10
-1217122.5063187426,1775877.6424509073,10
-1216659.193602215,1775877.6424509073,10
-1216195.8808856877,1775877.6424509073,10
-1215732.56816916,1775877.6424509073,10
-1215269.2554526327,1775877.6424509073,10
-1214805.942736105,1775877.6424509073,10
-1214342.6300195777,1775877.6424509073,10
-1213879.31730305,1775877.6424509073,10
-1213416.0045865227,1775877.6424509073,10
-1212952.691869995,1775877.6424509073,10
-1212489.3791534677,1775877.6424509073,10
-1212026.06643694,1775877.6424509073,10
-1211562.7537204125,1775877.6424509073,10
-1211099.4410038851,1775877.6424509073,10
-1210636.1282873575,1775877.6424509073,10
-1210172.8155708301,1775877.6424509073,10
-1209709.5028543025,1775877.6424509073,10
-1209246.1901377751,1775877.6424509073,10
-1208782.8774212475,1775877.6424509073,10
-1208319.5647047202,1775877.6424509073,10
-1207856.2519881926,1775877.6424509073,10
-1207392.9392716652,1775877.6424509073,10
-1206929.6265551376,1775877.6424509073,10
-1206466.3138386102,1775877.6424509073,10
-1206003.0011220826,1775877.6424509073,10
-1205539.6884055552,1775877.6424509073,10
-1205076.3756890276,1775877.6424509073,10
-1204613.0629725,1775877.6424509073,10
-1204149.7502559726,1775877.6424509073,10
-1203686.4375394452,1775877.6424509073,10
-1203223.1248229176,1775877.6424509073,10
-1202759.81210639,1775877.6424509073,10
-1202296.4993898626,1775877.6424509073,10
-1201833.186673335,1775877.6424509073,10
-1201369.8739568077,1775877.6424509073,10
-1200906.56124028,1775877.6424509073,10
-1200443.2485237527,1775877.6424509073,10
-1199979.935807225,1775877.6424509073,10
-1199516.6230906977,1775877.6424509073,10
-1199053.31037417,1775877.6424509073,10
-1198589.9976576427,1775877.6424509073,10
-1198126.684941115,1775877.6424509073,10
-1197663.3722245875,1775877.6424509073,10
-1197200.05950806,1775877.6424509073,10
-1196736.7467915327,1775877.6424509073,10
-1196273.4340750051,1775877.6424509073,10
-1195810.1213584775,1775877.6424509073,10
-1195346.8086419501,1775877.6424509073,10
-1194883.4959254225,1775877.6424509073,10
-1194420.1832088951,1775877.6424509073,10
-1193956.8704923675,1775877.6424509073,10
-1193493.5577758402,1775877.6424509073,10
-1193030.2450593126,1775877.6424509073,10
-1192566.9323427852,1775877.6424509073,10
-1192103.6196262576,1775877.6424509073,10
-1191640.3069097302,1775877.6424509073,10
-1191176.9941932026,1775877.6424509073,10
-1190713.6814766752,1775877.6424509073,10
-1190250.3687601476,1775877.6424509073,10
-1189787.0560436202,1775877.6424509073,10
-1189323.7433270926,1775877.6424509073,10
-1188860.430610565,1775877.6424509073,10
-1188397.1178940376,1775877.6424509073,10
-1187933.80517751,1775877.6424509073,10
-1187470.4924609826,1775877.6424509073,10
-1187007.179744455,1775877.6424509073,10
-1186543.8670279277,1775877.6424509073,10
-1186080.5543114,1775877.6424509073,10
-1185617.2415948727,1775877.6424509073,10
-1185153.928878345,1775877.6424509073,10
-1184690.6161618177,1775877.6424509073,10
-1184227.30344529,1775877.6424509073,10
-1183763.9907287627,1775877.6424509073,10
-1183300.678012235,1775877.6424509073,10
-1182837.3652957077,1775877.6424509073,10
-1182374.05257918,1775877.6424509073,10
-1181910.7398626525,1775877.6424509073,10
-1181447.4271461251,1775877.6424509073,10
-1180984.1144295975,1775877.6424509073,10
-1180520.8017130701,1775877.6424509073,10
-1180057.4889965425,1775877.6424509073,10
-1179594.1762800151,1775877.6424509073,10
-1179130.8635634875,1775877.6424509073,10
-1178667.5508469602,1775877.6424509073,10
-1178204.2381304326,1775877.6424509073,10
-1177740.9254139052,1775877.6424509073,10
-1177277.6126973776,1775877.6424509073,10
-1176814.2999808502,1775877.6424509073,10
-1176350.9872643226,1775877.6424509073,10
-1175887.6745477952,1775877.6424509073,10
-1175424.3618312676,1775877.6424509073,10
-1174961.04911474,1775877.6424509073,10
-1174497.7363982126,1775877.6424509073,10
-1174034.4236816852,1775877.6424509073,10
-1173571.1109651576,1775877.6424509073,10
-1173107.79824863,1775877.6424509073,10
-1172644.4855321026,1775877.6424509073,10
-1172181.172815575,1775877.6424509073,10
-1171717.8600990477,1775877.6424509073,10
-1171254.54738252,1775877.6424509073,10
-1170791.2346659927,1775877.6424509073,10
-1170327.921949465,1775877.6424509073,10
-1169864.6092329377,1775877.6424509073,10
-1169401.29651641,1775877.6424509073,10
-1168937.9837998827,1775877.6424509073,10
-1168474.671083355,1775877.6424509073,10
-1168011.3583668275,1775877.6424509073,10
-1167548.0456503,1775877.6424509073,10
-1167084.7329337727,1775877.6424509073,10
-1166621.4202172451,1775877.6424509073,10
-1166158.1075007175,1775877.6424509073,10
-1165694.7947841901,1775877.6424509073,10
-1165231.4820676625,1775877.6424509073,10
-1164768.1693511351,1775877.6424509073,10
-1164304.8566346075,1775877.6424509073,10
-1163841.5439180802,1775877.6424509073,10
-1163378.2312015526,1775877.6424509073,10
-1162914.9184850252,1775877.6424509073,10
-1162451.6057684976,1775877.6424509073,10
-1161988.2930519702,1775877.6424509073,10
-1161524.9803354426,1775877.6424509073,10
-1161061.6676189152,1775877.6424509073,10
-1160598.3549023876,1775877.6424509073,10
-1160135.0421858602,1775877.6424509073,10
-1159671.7294693326,1775877.6424509073,10
-1159208.416752805,1775877.6424509073,10
-1158745.1040362776,1775877.6424509073,10
-1158281.79131975,1775877.6424509073,10
-1157818.4786032226,1775877.6424509073,10
-1157355.165886695,1775877.6424509073,10
-1156891.8531701677,1775877.6424509073,10
-1156428.54045364,1775877.6424509073,10
-1155965.2277371127,1775877.6424509073,10
-1155501.915020585,1775877.6424509073,10
-1155038.6023040577,1775877.6424509073,10
-1154575.28958753,1775877.6424509073,10
-1154111.9768710027,1775877.6424509073,10
-1153648.664154475,1775877.6424509073,10
-1153185.3514379477,1775877.6424509073,10
-1152722.03872142,1775877.6424509073,10
-1152258.7260048925,1775877.6424509073,10
-1151795.4132883651,1775877.6424509073,10
-1151332.1005718375,1775877.6424509073,10
-1150868.7878553101,1775877.6424509073,10
-1150405.4751387825,1775877.6424509073,10
-1149942.1624222551,1775877.6424509073,10
-1149478.8497057275,1775877.6424509073,10
-1149015.5369892002,1775877.6424509073,10
-1148552.2242726726,1775877.6424509073,10
-1148088.9115561452,1775877.6424509073,10
-1147625.5988396176,1775877.6424509073,10
-1147162.2861230902,1775877.6424509073,10
-1146698.9734065626,1775877.6424509073,10
-1146235.6606900352,1775877.6424509073,10
-1145772.3479735076,1775877.6424509073,10
-1145309.03525698,1775877.6424509073,10
-1144845.7225404526,1775877.6424509073,10
-1144382.4098239252,1775877.6424509073,10
-1143919.0971073976,1775877.6424509073,10
-1143455.78439087,1775877.6424509073,10
-1282912.9120656475,1775414.3297343797,10
-1282449.5993491202,1775414.3297343797,10
-1281986.2866325926,1775414.3297343797,10
-1281522.9739160652,1775414.3297343797,10
-1281059.6611995376,1775414.3297343797,10
-1280596.3484830102,1775414.3297343797,10
-1280133.0357664826,1775414.3297343797,10
-1279669.7230499552,1775414.3297343797,10
-1279206.4103334276,1775414.3297343797,10
-1278743.0976169002,1775414.3297343797,10
-1278279.7849003726,1775414.3297343797,10
-1277816.472183845,1775414.3297343797,10
-1277353.1594673176,1775414.3297343797,10
-1276889.84675079,1775414.3297343797,10
-1276426.5340342626,1775414.3297343797,10
-1275963.221317735,1775414.3297343797,10
-1275499.9086012077,1775414.3297343797,10
-1275036.59588468,1775414.3297343797,10
-1274573.2831681527,1775414.3297343797,10
-1274109.970451625,1775414.3297343797,10
-1273646.6577350977,1775414.3297343797,10
-1273183.34501857,1775414.3297343797,10
-1272720.0323020427,1775414.3297343797,10
-1272256.719585515,1775414.3297343797,10
-1271793.4068689877,1775414.3297343797,10
-1271330.09415246,1775414.3297343797,10
-1270866.7814359325,1775414.3297343797,10
-1270403.4687194051,1775414.3297343797,10
-1269940.1560028775,1775414.3297343797,10
-1269476.8432863501,1775414.3297343797,10
-1269013.5305698225,1775414.3297343797,10
-1268550.2178532952,1775414.3297343797,10
-1268086.9051367675,1775414.3297343797,10
-1267623.5924202402,1775414.3297343797,10
-1267160.2797037126,1775414.3297343797,10
-1266696.9669871852,1775414.3297343797,10
-1266233.6542706576,1775414.3297343797,10
-1265770.3415541302,1775414.3297343797,10
-1265307.0288376026,1775414.3297343797,10
-1264843.7161210752,1775414.3297343797,10
-1264380.4034045476,1775414.3297343797,10
-1263917.09068802,1775414.3297343797,10
-1263453.7779714926,1775414.3297343797,10
-1262990.465254965,1775414.3297343797,10
-1262527.1525384376,1775414.3297343797,10
-1262063.83982191,1775414.3297343797,10
-1261600.5271053826,1775414.3297343797,10
-1261137.214388855,1775414.3297343797,10
-1238898.2039955352,1775414.3297343797,10
-1238434.8912790075,1775414.3297343797,10
-1237971.5785624802,1775414.3297343797,10
-1237508.2658459526,1775414.3297343797,10
-1237044.9531294252,1775414.3297343797,10
-1236581.6404128976,1775414.3297343797,10
-1236118.3276963702,1775414.3297343797,10
-1235655.0149798426,1775414.3297343797,10
-1235191.7022633152,1775414.3297343797,10
-1234728.3895467876,1775414.3297343797,10
-1234265.07683026,1775414.3297343797,10
-1233801.7641137326,1775414.3297343797,10
-1233338.4513972052,1775414.3297343797,10
-1232875.1386806776,1775414.3297343797,10
-1232411.82596415,1775414.3297343797,10
-1231948.5132476226,1775414.3297343797,10
-1231485.200531095,1775414.3297343797,10
-1231021.8878145677,1775414.3297343797,10
-1230558.57509804,1775414.3297343797,10
-1230095.2623815127,1775414.3297343797,10
-1229631.949664985,1775414.3297343797,10
-1229168.6369484577,1775414.3297343797,10
-1228705.32423193,1775414.3297343797,10
-1228242.0115154027,1775414.3297343797,10
-1227778.698798875,1775414.3297343797,10
-1227315.3860823475,1775414.3297343797,10
-1226852.07336582,1775414.3297343797,10
-1226388.7606492927,1775414.3297343797,10
-1225925.4479327651,1775414.3297343797,10
-1225462.1352162375,1775414.3297343797,10
-1224998.8224997101,1775414.3297343797,10
-1224535.5097831825,1775414.3297343797,10
-1224072.1970666551,1775414.3297343797,10
-1223608.8843501275,1775414.3297343797,10
-1223145.5716336002,1775414.3297343797,10
-1222682.2589170726,1775414.3297343797,10
-1222218.9462005452,1775414.3297343797,10
-1221755.6334840176,1775414.3297343797,10
-1221292.3207674902,1775414.3297343797,10
-1220829.0080509626,1775414.3297343797,10
-1220365.6953344352,1775414.3297343797,10
-1219902.3826179076,1775414.3297343797,10
-1219439.0699013802,1775414.3297343797,10
-1218975.7571848526,1775414.3297343797,10
-1218512.444468325,1775414.3297343797,10
-1218049.1317517976,1775414.3297343797,10
-1217585.81903527,1775414.3297343797,10
-1217122.5063187426,1775414.3297343797,10
-1216659.193602215,1775414.3297343797,10
-1216195.8808856877,1775414.3297343797,10
-1215732.56816916,1775414.3297343797,10
-1215269.2554526327,1775414.3297343797,10
-1214805.942736105,1775414.3297343797,10
-1214342.6300195777,1775414.3297343797,10
-1213879.31730305,1775414.3297343797,10
-1213416.0045865227,1775414.3297343797,10
-1212952.691869995,1775414.3297343797,10
-1212489.3791534677,1775414.3297343797,10
-1212026.06643694,1775414.3297343797,10
-1211562.7537204125,1775414.3297343797,10
-1211099.4410038851,1775414.3297343797,10
-1210636.1282873575,1775414.3297343797,10
-1210172.8155708301,1775414.3297343797,10
-1209709.5028543025,1775414.3297343797,10
-1209246.1901377751,1775414.3297343797,10
-1208782.8774212475,1775414.3297343797,10
-1208319.5647047202,1775414.3297343797,10
-1207856.2519881926,1775414.3297343797,10
-1207392.9392716652,1775414.3297343797,10
-1206929.6265551376,1775414.3297343797,10
-1206466.3138386102,1775414.3297343797,10
-1206003.0011220826,1775414.3297343797,10
-1205539.6884055552,1775414.3297343797,10
-1205076.3756890276,1775414.3297343797,10
-1204613.0629725,1775414.3297343797,10
-1204149.7502559726,1775414.3297343797,10
-1203686.4375394452,1775414.3297343797,10
-1203223.1248229176,1775414.3297343797,10
-1202759.81210639,1775414.3297343797,10
-1202296.4993898626,1775414.3297343797,10
-1201833.186673335,1775414.3297343797,10
-1201369.8739568077,1775414.3297343797,10
-1200906.56124028,1775414.3297343797,10
-1200443.2485237527,1775414.3297343797,10
-1199979.935807225,1775414.3297343797,10
-1199516.6230906977,1775414.3297343797,10
-1199053.31037417,1775414.3297343797,10
-1198589.9976576427,1775414.3297343797,10
-1198126.684941115,1775414.3297343797,10
-1197663.3722245875,1775414.3297343797,10
-1197200.05950806,1775414.3297343797,10
-1196736.7467915327,1775414.3297343797,10
-1196273.4340750051,1775414.3297343797,10
-1195810.1213584775,1775414.3297343797,10
-1195346.8086419501,1775414.3297343797,10
-1194883.4959254225,1775414.3297343797,10
-1194420.1832088951,1775414.3297343797,10
-1193956.8704923675,1775414.3297343797,10
-1193493.5577758402,1775414.3297343797,10
-1193030.2450593126,1775414.3297343797,10
-1192566.9323427852,1775414.3297343797,10
-1192103.6196262576,1775414.3297343797,10
-1191640.3069097302,1775414.3297343797,10
-1191176.9941932026,1775414.3297343797,10
-1190713.6814766752,1775414.3297343797,10
-1190250.3687601476,1775414.3297343797,10
-1189787.0560436202,1775414.3297343797,10
-1189323.7433270926,1775414.3297343797,10
-1188860.430610565,1775414.3297343797,10
-1188397.1178940376,1775414.3297343797,10
-1187933.80517751,1775414.3297343797,10
-1187470.4924609826,1775414.3297343797,10
-1187007.179744455,1775414.3297343797,10
-1186543.8670279277,1775414.3297343797,10
-1186080.5543114,1775414.3297343797,10
-1185617.2415948727,1775414.3297343797,10
-1185153.928878345,1775414.3297343797,10
-1184690.6161618177,1775414.3297343797,10
-1184227.30344529,1775414.3297343797,10
-1183763.9907287627,1775414.3297343797,10
-1183300.678012235,1775414.3297343797,10
-1182837.3652957077,1775414.3297343797,10
-1182374.05257918,1775414.3297343797,10
-1181910.7398626525,1775414.3297343797,10
-1181447.4271461251,1775414.3297343797,10
-1180984.1144295975,1775414.3297343797,10
-1180520.8017130701,1775414.3297343797,10
-1180057.4889965425,1775414.3297343797,10
-1179594.1762800151,1775414.3297343797,10
-1179130.8635634875,1775414.3297343797,10
-1178667.5508469602,1775414.3297343797,10
-1178204.2381304326,1775414.3297343797,10
-1177740.9254139052,1775414.3297343797,10
-1177277.6126973776,1775414.3297343797,10
-1176814.2999808502,1775414.3297343797,10
-1176350.9872643226,1775414.3297343797,10
-1175887.6745477952,1775414.3297343797,10
-1175424.3618312676,1775414.3297343797,10
-1174961.04911474,1775414.3297343797,10
-1174497.7363982126,1775414.3297343797,10
-1174034.4236816852,1775414.3297343797,10
-1173571.1109651576,1775414.3297343797,10
-1173107.79824863,1775414.3297343797,10
-1172644.4855321026,1775414.3297343797,10
-1172181.172815575,1775414.3297343797,10
-1171717.8600990477,1775414.3297343797,10
-1171254.54738252,1775414.3297343797,10
-1170791.2346659927,1775414.3297343797,10
-1170327.921949465,1775414.3297343797,10
-1169864.6092329377,1775414.3297343797,10
-1169401.29651641,1775414.3297343797,10
-1168937.9837998827,1775414.3297343797,10
-1168474.671083355,1775414.3297343797,10
-1168011.3583668275,1775414.3297343797,10
-1167548.0456503,1775414.3297343797,10
-1167084.7329337727,1775414.3297343797,10
-1166621.4202172451,1775414.3297343797,10
-1166158.1075007175,1775414.3297343797,10
-1165694.7947841901,1775414.3297343797,10
-1165231.4820676625,1775414.3297343797,10
-1164768.1693511351,1775414.3297343797,10
-1164304.8566346075,1775414.3297343797,10
-1163841.5439180802,1775414.3297343797,10
-1163378.2312015526,1775414.3297343797,10
-1162914.9184850252,1775414.3297343797,10
-1162451.6057684976,1775414.3297343797,10
-1161988.2930519702,1775414.3297343797,10
-1161524.9803354426,1775414.3297343797,10
-1161061.6676189152,1775414.3297343797,10
-1160598.3549023876,1775414.3297343797,10
-1160135.0421858602,1775414.3297343797,10
-1159671.7294693326,1775414.3297343797,10
-1159208.416752805,1775414.3297343797,10
-1158745.1040362776,1775414.3297343797,10
-1158281.79131975,1775414.3297343797,10
-1157818.4786032226,1775414.3297343797,10
-1157355.165886695,1775414.3297343797,10
-1156891.8531701677,1775414.3297343797,10
-1156428.54045364,1775414.3297343797,10
-1155965.2277371127,1775414.3297343797,10
-1155501.915020585,1775414.3297343797,10
-1155038.6023040577,1775414.3297343797,10
-1154575.28958753,1775414.3297343797,10
-1154111.9768710027,1775414.3297343797,10
-1153648.664154475,1775414.3297343797,10
-1153185.3514379477,1775414.3297343797,10
-1152722.03872142,1775414.3297343797,10
-1152258.7260048925,1775414.3297343797,10
-1151795.4132883651,1775414.3297343797,10
-1151332.1005718375,1775414.3297343797,10
-1150868.7878553101,1775414.3297343797,10
-1150405.4751387825,1775414.3297343797,10
-1149942.1624222551,1775414.3297343797,10
-1149478.8497057275,1775414.3297343797,10
-1149015.5369892002,1775414.3297343797,10
-1148552.2242726726,1775414.3297343797,10
-1148088.9115561452,1775414.3297343797,10
-1147625.5988396176,1775414.3297343797,10
-1147162.2861230902,1775414.3297343797,10
-1146698.9734065626,1775414.3297343797,10
-1146235.6606900352,1775414.3297343797,10
-1145772.3479735076,1775414.3297343797,10
-1145309.03525698,1775414.3297343797,10
-1144845.7225404526,1775414.3297343797,10
-1144382.4098239252,1775414.3297343797,10
-1143919.0971073976,1775414.3297343797,10
-1143455.78439087,1775414.3297343797,10
-1142529.158957815,1775414.3297343797,10
-1282912.9120656475,1774951.0170178523,10
-1282449.5993491202,1774951.0170178523,10
-1281986.2866325926,1774951.0170178523,10
-1281522.9739160652,1774951.0170178523,10
-1281059.6611995376,1774951.0170178523,10
-1280596.3484830102,1774951.0170178523,10
-1280133.0357664826,1774951.0170178523,10
-1279669.7230499552,1774951.0170178523,10
-1279206.4103334276,1774951.0170178523,10
-1278743.0976169002,1774951.0170178523,10
-1278279.7849003726,1774951.0170178523,10
-1277816.472183845,1774951.0170178523,10
-1277353.1594673176,1774951.0170178523,10
-1276889.84675079,1774951.0170178523,10
-1276426.5340342626,1774951.0170178523,10
-1275963.221317735,1774951.0170178523,10
-1275499.9086012077,1774951.0170178523,10
-1275036.59588468,1774951.0170178523,10
-1274573.2831681527,1774951.0170178523,10
-1274109.970451625,1774951.0170178523,10
-1273646.6577350977,1774951.0170178523,10
-1273183.34501857,1774951.0170178523,10
-1272720.0323020427,1774951.0170178523,10
-1272256.719585515,1774951.0170178523,10
-1271793.4068689877,1774951.0170178523,10
-1271330.09415246,1774951.0170178523,10
-1270866.7814359325,1774951.0170178523,10
-1270403.4687194051,1774951.0170178523,10
-1269940.1560028775,1774951.0170178523,10
-1269476.8432863501,1774951.0170178523,10
-1269013.5305698225,1774951.0170178523,10
-1268550.2178532952,1774951.0170178523,10
-1268086.9051367675,1774951.0170178523,10
-1267623.5924202402,1774951.0170178523,10
-1267160.2797037126,1774951.0170178523,10
-1266696.9669871852,1774951.0170178523,10
-1266233.6542706576,1774951.0170178523,10
-1265770.3415541302,1774951.0170178523,10
-1265307.0288376026,1774951.0170178523,10
-1264843.7161210752,1774951.0170178523,10
-1264380.4034045476,1774951.0170178523,10
-1263917.09068802,1774951.0170178523,10
-1263453.7779714926,1774951.0170178523,10
-1262990.465254965,1774951.0170178523,10
-1262527.1525384376,1774951.0170178523,10
-1262063.83982191,1774951.0170178523,10
-1261600.5271053826,1774951.0170178523,10
-1261137.214388855,1774951.0170178523,10
-1237971.5785624802,1774951.0170178523,10
-1237508.2658459526,1774951.0170178523,10
-1237044.9531294252,1774951.0170178523,10
-1236581.6404128976,1774951.0170178523,10
-1236118.3276963702,1774951.0170178523,10
-1235655.0149798426,1774951.0170178523,10
-1235191.7022633152,1774951.0170178523,10
-1234728.3895467876,1774951.0170178523,10
-1234265.07683026,1774951.0170178523,10
-1233801.7641137326,1774951.0170178523,10
-1233338.4513972052,1774951.0170178523,10
-1232875.1386806776,1774951.0170178523,10
-1232411.82596415,1774951.0170178523,10
-1231948.5132476226,1774951.0170178523,10
-1231485.200531095,1774951.0170178523,10
-1231021.8878145677,1774951.0170178523,10
-1230558.57509804,1774951.0170178523,10
-1230095.2623815127,1774951.0170178523,10
-1229631.949664985,1774951.0170178523,10
-1229168.6369484577,1774951.0170178523,10
-1228705.32423193,1774951.0170178523,10
-1228242.0115154027,1774951.0170178523,10
-1227778.698798875,1774951.0170178523,10
-1227315.3860823475,1774951.0170178523,10
-1226852.07336582,1774951.0170178523,10
-1226388.7606492927,1774951.0170178523,10
-1225925.4479327651,1774951.0170178523,10
-1225462.1352162375,1774951.0170178523,10
-1224998.8224997101,1774951.0170178523,10
-1224535.5097831825,1774951.0170178523,10
-1224072.1970666551,1774951.0170178523,10
-1223608.8843501275,1774951.0170178523,10
-1223145.5716336002,1774951.0170178523,10
-1222682.2589170726,1774951.0170178523,10
-1222218.9462005452,1774951.0170178523,10
-1221755.6334840176,1774951.0170178523,10
-1221292.3207674902,1774951.0170178523,10
-1220829.0080509626,1774951.0170178523,10
-1220365.6953344352,1774951.0170178523,10
-1219902.3826179076,1774951.0170178523,10
-1219439.0699013802,1774951.0170178523,10
-1218975.7571848526,1774951.0170178523,10
-1218512.444468325,1774951.0170178523,10
-1218049.1317517976,1774951.0170178523,10
-1217585.81903527,1774951.0170178523,10
-1217122.5063187426,1774951.0170178523,10
-1216659.193602215,1774951.0170178523,10
-1216195.8808856877,1774951.0170178523,10
-1215732.56816916,1774951.0170178523,10
-1215269.2554526327,1774951.0170178523,10
-1214805.942736105,1774951.0170178523,10
-1214342.6300195777,1774951.0170178523,10
-1213879.31730305,1774951.0170178523,10
-1213416.0045865227,1774951.0170178523,10
-1212952.691869995,1774951.0170178523,10
-1212489.3791534677,1774951.0170178523,10
-1212026.06643694,1774951.0170178523,10
-1211562.7537204125,1774951.0170178523,10
-1211099.4410038851,1774951.0170178523,10
-1210636.1282873575,1774951.0170178523,10
-1210172.8155708301,1774951.0170178523,10
-1209709.5028543025,1774951.0170178523,10
-1209246.1901377751,1774951.0170178523,10
-1208782.8774212475,1774951.0170178523,10
-1208319.5647047202,1774951.0170178523,10
-1207856.2519881926,1774951.0170178523,10
-1207392.9392716652,1774951.0170178523,10
-1206929.6265551376,1774951.0170178523,10
-1206466.3138386102,1774951.0170178523,10
-1206003.0011220826,1774951.0170178523,10
-1205539.6884055552,1774951.0170178523,10
-1205076.3756890276,1774951.0170178523,10
-1204613.0629725,1774951.0170178523,10
-1204149.7502559726,1774951.0170178523,10
-1203686.4375394452,1774951.0170178523,10
-1203223.1248229176,1774951.0170178523,10
-1202759.81210639,1774951.0170178523,10
-1202296.4993898626,1774951.0170178523,10
-1201833.186673335,1774951.0170178523,10
-1201369.8739568077,1774951.0170178523,10
-1200906.56124028,1774951.0170178523,10
-1200443.2485237527,1774951.0170178523,10
-1199979.935807225,1774951.0170178523,10
-1199516.6230906977,1774951.0170178523,10
-1199053.31037417,1774951.0170178523,10
-1198589.9976576427,1774951.0170178523,10
-1198126.684941115,1774951.0170178523,10
-1197663.3722245875,1774951.0170178523,10
-1197200.05950806,1774951.0170178523,10
-1196736.7467915327,1774951.0170178523,10
-1196273.4340750051,1774951.0170178523,10
-1195810.1213584775,1774951.0170178523,10
-1195346.8086419501,1774951.0170178523,10
-1194883.4959254225,1774951.0170178523,10
-1194420.1832088951,1774951.0170178523,10
-1193956.8704923675,1774951.0170178523,10
-1193493.5577758402,1774951.0170178523,10
-1193030.2450593126,1774951.0170178523,10
-1192566.9323427852,1774951.0170178523,10
-1192103.6196262576,1774951.0170178523,10
-1191640.3069097302,1774951.0170178523,10
-1191176.9941932026,1774951.0170178523,10
-1190713.6814766752,1774951.0170178523,10
-1190250.3687601476,1774951.0170178523,10
-1189787.0560436202,1774951.0170178523,10
-1189323.7433270926,1774951.0170178523,10
-1188860.430610565,1774951.0170178523,10
-1188397.1178940376,1774951.0170178523,10
-1187933.80517751,1774951.0170178523,10
-1187470.4924609826,1774951.0170178523,10
-1187007.179744455,1774951.0170178523,10
-1186543.8670279277,1774951.0170178523,10
-1186080.5543114,1774951.0170178523,10
-1185617.2415948727,1774951.0170178523,10
-1185153.928878345,1774951.0170178523,10
-1184690.6161618177,1774951.0170178523,10
-1184227.30344529,1774951.0170178523,10
-1183763.9907287627,1774951.0170178523,10
-1183300.678012235,1774951.0170178523,10
-1182837.3652957077,1774951.0170178523,10
-1182374.05257918,1774951.0170178523,10
-1181910.7398626525,1774951.0170178523,10
-1181447.4271461251,1774951.0170178523,10
-1180984.1144295975,1774951.0170178523,10
-1180520.8017130701,1774951.0170178523,10
-1180057.4889965425,1774951.0170178523,10
-1179594.1762800151,1774951.0170178523,10
-1179130.8635634875,1774951.0170178523,10
-1178667.5508469602,1774951.0170178523,10
-1178204.2381304326,1774951.0170178523,10
-1177740.9254139052,1774951.0170178523,10
-1177277.6126973776,1774951.0170178523,10
-1176814.2999808502,1774951.0170178523,10
-1176350.9872643226,1774951.0170178523,10
-1175887.6745477952,1774951.0170178523,10
-1175424.3618312676,1774951.0170178523,10
-1174961.04911474,1774951.0170178523,10
-1174497.7363982126,1774951.0170178523,10
-1174034.4236816852,1774951.0170178523,10
-1173571.1109651576,1774951.0170178523,10
-1173107.79824863,1774951.0170178523,10
-1172644.4855321026,1774951.0170178523,10
-1172181.172815575,1774951.0170178523,10
-1171717.8600990477,1774951.0170178523,10
-1171254.54738252,1774951.0170178523,10
-1170791.2346659927,1774951.0170178523,10
-1170327.921949465,1774951.0170178523,10
-1169864.6092329377,1774951.0170178523,10
-1169401.29651641,1774951.0170178523,10
-1168937.9837998827,1774951.0170178523,10
-1168474.671083355,1774951.0170178523,10
-1168011.3583668275,1774951.0170178523,10
-1167548.0456503,1774951.0170178523,10
-1167084.7329337727,1774951.0170178523,10
-1166621.4202172451,1774951.0170178523,10
-1166158.1075007175,1774951.0170178523,10
-1165694.7947841901,1774951.0170178523,10
-1165231.4820676625,1774951.0170178523,10
-1164768.1693511351,1774951.0170178523,10
-1164304.8566346075,1774951.0170178523,10
-1163841.5439180802,1774951.0170178523,10
-1163378.2312015526,1774951.0170178523,10
-1162914.9184850252,1774951.0170178523,10
-1162451.6057684976,1774951.0170178523,10
-1161988.2930519702,1774951.0170178523,10
-1161524.9803354426,1774951.0170178523,10
-1161061.6676189152,1774951.0170178523,10
-1160598.3549023876,1774951.0170178523,10
-1160135.0421858602,1774951.0170178523,10
-1159671.7294693326,1774951.0170178523,10
-1159208.416752805,1774951.0170178523,10
-1158745.1040362776,1774951.0170178523,10
-1158281.79131975,1774951.0170178523,10
-1157818.4786032226,1774951.0170178523,10
-1157355.165886695,1774951.0170178523,10
-1156891.8531701677,1774951.0170178523,10
-1156428.54045364,1774951.0170178523,10
-1155965.2277371127,1774951.0170178523,10
-1155501.915020585,1774951.0170178523,10
-1155038.6023040577,1774951.0170178523,10
-1154575.28958753,1774951.0170178523,10
-1154111.9768710027,1774951.0170178523,10
-1153648.664154475,1774951.0170178523,10
-1153185.3514379477,1774951.0170178523,10
-1152722.03872142,1774951.0170178523,10
-1152258.7260048925,1774951.0170178523,10
-1151795.4132883651,1774951.0170178523,10
-1151332.1005718375,1774951.0170178523,10
-1150868.7878553101,1774951.0170178523,10
-1150405.4751387825,1774951.0170178523,10
-1149942.1624222551,1774951.0170178523,10
-1149478.8497057275,1774951.0170178523,10
-1149015.5369892002,1774951.0170178523,10
-1148552.2242726726,1774951.0170178523,10
-1148088.9115561452,1774951.0170178523,10
-1147625.5988396176,1774951.0170178523,10
-1147162.2861230902,1774951.0170178523,10
-1146698.9734065626,1774951.0170178523,10
-1146235.6606900352,1774951.0170178523,10
-1145772.3479735076,1774951.0170178523,10
-1145309.03525698,1774951.0170178523,10
-1144845.7225404526,1774951.0170178523,10
-1144382.4098239252,1774951.0170178523,10
-1143919.0971073976,1774951.0170178523,10
-1143455.78439087,1774951.0170178523,10
-1142992.4716743426,1774951.0170178523,10
-1142529.158957815,1774951.0170178523,10
-1142065.8462412877,1774951.0170178523,10
-1282912.9120656475,1774487.7043013247,10
-1282449.5993491202,1774487.7043013247,10
-1281986.2866325926,1774487.7043013247,10
-1281522.9739160652,1774487.7043013247,10
-1281059.6611995376,1774487.7043013247,10
-1280596.3484830102,1774487.7043013247,10
-1280133.0357664826,1774487.7043013247,10
-1279669.7230499552,1774487.7043013247,10
-1279206.4103334276,1774487.7043013247,10
-1278743.0976169002,1774487.7043013247,10
-1278279.7849003726,1774487.7043013247,10
-1277816.472183845,1774487.7043013247,10
-1277353.1594673176,1774487.7043013247,10
-1276889.84675079,1774487.7043013247,10
-1276426.5340342626,1774487.7043013247,10
-1275963.221317735,1774487.7043013247,10
-1275499.9086012077,1774487.7043013247,10
-1275036.59588468,1774487.7043013247,10
-1274573.2831681527,1774487.7043013247,10
-1274109.970451625,1774487.7043013247,10
-1273646.6577350977,1774487.7043013247,10
-1273183.34501857,1774487.7043013247,10
-1272720.0323020427,1774487.7043013247,10
-1272256.719585515,1774487.7043013247,10
-1271793.4068689877,1774487.7043013247,10
-1271330.09415246,1774487.7043013247,10
-1270866.7814359325,1774487.7043013247,10
-1270403.4687194051,1774487.7043013247,10
-1269940.1560028775,1774487.7043013247,10
-1269476.8432863501,1774487.7043013247,10
-1269013.5305698225,1774487.7043013247,10
-1268550.2178532952,1774487.7043013247,10
-1268086.9051367675,1774487.7043013247,10
-1267623.5924202402,1774487.7043013247,10
-1267160.2797037126,1774487.7043013247,10
-1266696.9669871852,1774487.7043013247,10
-1266233.6542706576,1774487.7043013247,10
-1265770.3415541302,1774487.7043013247,10
-1265307.0288376026,1774487.7043013247,10
-1264843.7161210752,1774487.7043013247,10
-1264380.4034045476,1774487.7043013247,10
-1263917.09068802,1774487.7043013247,10
-1263453.7779714926,1774487.7043013247,10
-1262990.465254965,1774487.7043013247,10
-1262527.1525384376,1774487.7043013247,10
-1262063.83982191,1774487.7043013247,10
-1261600.5271053826,1774487.7043013247,10
-1238434.8912790075,1774487.7043013247,10
-1237971.5785624802,1774487.7043013247,10
-1237508.2658459526,1774487.7043013247,10
-1237044.9531294252,1774487.7043013247,10
-1236581.6404128976,1774487.7043013247,10
-1236118.3276963702,1774487.7043013247,10
-1235655.0149798426,1774487.7043013247,10
-1235191.7022633152,1774487.7043013247,10
-1234728.3895467876,1774487.7043013247,10
-1234265.07683026,1774487.7043013247,10
-1233801.7641137326,1774487.7043013247,10
-1233338.4513972052,1774487.7043013247,10
-1232875.1386806776,1774487.7043013247,10
-1232411.82596415,1774487.7043013247,10
-1231948.5132476226,1774487.7043013247,10
-1231485.200531095,1774487.7043013247,10
-1231021.8878145677,1774487.7043013247,10
-1230558.57509804,1774487.7043013247,10
-1230095.2623815127,1774487.7043013247,10
-1229631.949664985,1774487.7043013247,10
-1229168.6369484577,1774487.7043013247,10
-1228705.32423193,1774487.7043013247,10
-1228242.0115154027,1774487.7043013247,10
-1227778.698798875,1774487.7043013247,10
-1227315.3860823475,1774487.7043013247,10
-1226852.07336582,1774487.7043013247,10
-1226388.7606492927,1774487.7043013247,10
-1225925.4479327651,1774487.7043013247,10
-1225462.1352162375,1774487.7043013247,10
-1224998.8224997101,1774487.7043013247,10
-1224535.5097831825,1774487.7043013247,10
-1224072.1970666551,1774487.7043013247,10
-1223608.8843501275,1774487.7043013247,10
-1223145.5716336002,1774487.7043013247,10
-1222682.2589170726,1774487.7043013247,10
-1222218.9462005452,1774487.7043013247,10
-1221755.6334840176,1774487.7043013247,10
-1221292.3207674902,1774487.7043013247,10
-1220829.0080509626,1774487.7043013247,10
-1220365.6953344352,1774487.7043013247,10
-1219902.3826179076,1774487.7043013247,10
-1219439.0699013802,1774487.7043013247,10
-1218975.7571848526,1774487.7043013247,10
-1218512.444468325,1774487.7043013247,10
-1218049.1317517976,1774487.7043013247,10
-1217585.81903527,1774487.7043013247,10
-1217122.5063187426,1774487.7043013247,10
-1216659.193602215,1774487.7043013247,10
-1216195.8808856877,1774487.7043013247,10
-1215732.56816916,1774487.7043013247,10
-1215269.2554526327,1774487.7043013247,10
-1214805.942736105,1774487.7043013247,10
-1214342.6300195777,1774487.7043013247,10
-1213879.31730305,1774487.7043013247,10
-1213416.0045865227,1774487.7043013247,10
-1212952.691869995,1774487.7043013247,10
-1212489.3791534677,1774487.7043013247,10
-1212026.06643694,1774487.7043013247,10
-1211562.7537204125,1774487.7043013247,10
-1211099.4410038851,1774487.7043013247,10
-1210636.1282873575,1774487.7043013247,10
-1210172.8155708301,1774487.7043013247,10
-1209709.5028543025,1774487.7043013247,10
-1209246.1901377751,1774487.7043013247,10
-1208782.8774212475,1774487.7043013247,10
-1208319.5647047202,1774487.7043013247,10
-1207856.2519881926,1774487.7043013247,10
-1207392.9392716652,1774487.7043013247,10
-1206929.6265551376,1774487.7043013247,10
-1206466.3138386102,1774487.7043013247,10
-1206003.0011220826,1774487.7043013247,10
-1205539.6884055552,1774487.7043013247,10
-1205076.3756890276,1774487.7043013247,10
-1204613.0629725,1774487.7043013247,10
-1204149.7502559726,1774487.7043013247,10
-1203686.4375394452,1774487.7043013247,10
-1203223.1248229176,1774487.7043013247,10
-1202759.81210639,1774487.7043013247,10
-1202296.4993898626,1774487.7043013247,10
-1201833.186673335,1774487.7043013247,10
-1201369.8739568077,1774487.7043013247,10
-1200906.56124028,1774487.7043013247,10
-1200443.2485237527,1774487.7043013247,10
-1199979.935807225,1774487.7043013247,10
-1199516.6230906977,1774487.7043013247,10
-1199053.31037417,1774487.7043013247,10
-1198589.9976576427,1774487.7043013247,10
-1198126.684941115,1774487.7043013247,10
-1197663.3722245875,1774487.7043013247,10
-1197200.05950806,1774487.7043013247,10
-1196736.7467915327,1774487.7043013247,10
-1196273.4340750051,1774487.7043013247,10
-1195810.1213584775,1774487.7043013247,10
-1195346.8086419501,1774487.7043013247,10
-1194883.4959254225,1774487.7043013247,10
-1194420.1832088951,1774487.7043013247,10
-1193956.8704923675,1774487.7043013247,10
-1193493.5577758402,1774487.7043013247,10
-1193030.2450593126,1774487.7043013247,10
-1192566.9323427852,1774487.7043013247,10
-1192103.6196262576,1774487.7043013247,10
-1191640.3069097302,1774487.7043013247,10
-1191176.9941932026,1774487.7043013247,10
-1190713.6814766752,1774487.7043013247,10
-1190250.3687601476,1774487.7043013247,10
-1189787.0560436202,1774487.7043013247,10
-1189323.7433270926,1774487.7043013247,10
-1188860.430610565,1774487.7043013247,10
-1188397.1178940376,1774487.7043013247,10
-1187933.80517751,1774487.7043013247,10
-1187470.4924609826,1774487.7043013247,10
-1187007.179744455,1774487.7043013247,10
-1186543.8670279277,1774487.7043013247,10
-1186080.5543114,1774487.7043013247,10
-1185617.2415948727,1774487.7043013247,10
-1185153.928878345,1774487.7043013247,10
-1184690.6161618177,1774487.7043013247,10
-1184227.30344529,1774487.7043013247,10
-1183763.9907287627,1774487.7043013247,10
-1183300.678012235,1774487.7043013247,10
-1182837.3652957077,1774487.7043013247,10
-1182374.05257918,1774487.7043013247,10
-1181910.7398626525,1774487.7043013247,10
-1181447.4271461251,1774487.7043013247,10
-1180984.1144295975,1774487.7043013247,10
-1180520.8017130701,1774487.7043013247,10
-1180057.4889965425,1774487.7043013247,10
-1179594.1762800151,1774487.7043013247,10
-1179130.8635634875,1774487.7043013247,10
-1178667.5508469602,1774487.7043013247,10
-1178204.2381304326,1774487.7043013247,10
-1177740.9254139052,1774487.7043013247,10
-1177277.6126973776,1774487.7043013247,10
-1176814.2999808502,1774487.7043013247,10
-1176350.9872643226,1774487.7043013247,10
-1175887.6745477952,1774487.7043013247,10
-1175424.3618312676,1774487.7043013247,10
-1174961.04911474,1774487.7043013247,10
-1174497.7363982126,1774487.7043013247,10
-1174034.4236816852,1774487.7043013247,10
-1173571.1109651576,1774487.7043013247,10
-1173107.79824863,1774487.7043013247,10
-1172644.4855321026,1774487.7043013247,10
-1172181.172815575,1774487.7043013247,10
-1171717.8600990477,1774487.7043013247,10
-1171254.54738252,1774487.7043013247,10
-1170791.2346659927,1774487.7043013247,10
-1170327.921949465,1774487.7043013247,10
-1169864.6092329377,1774487.7043013247,10
-1169401.29651641,1774487.7043013247,10
-1168937.9837998827,1774487.7043013247,10
-1168474.671083355,1774487.7043013247,10
-1168011.3583668275,1774487.7043013247,10
-1167548.0456503,1774487.7043013247,10
-1167084.7329337727,1774487.7043013247,10
-1166621.4202172451,1774487.7043013247,10
-1166158.1075007175,1774487.7043013247,10
-1165694.7947841901,1774487.7043013247,10
-1165231.4820676625,1774487.7043013247,10
-1164768.1693511351,1774487.7043013247,10
-1164304.8566346075,1774487.7043013247,10
-1163841.5439180802,1774487.7043013247,10
-1163378.2312015526,1774487.7043013247,10
-1162914.9184850252,1774487.7043013247,10
-1162451.6057684976,1774487.7043013247,10
-1161988.2930519702,1774487.7043013247,10
-1161524.9803354426,1774487.7043013247,10
-1161061.6676189152,1774487.7043013247,10
-1160598.3549023876,1774487.7043013247,10
-1160135.0421858602,1774487.7043013247,10
-1159671.7294693326,1774487.7043013247,10
-1159208.416752805,1774487.7043013247,10
-1158745.1040362776,1774487.7043013247,10
-1158281.79131975,1774487.7043013247,10
-1157818.4786032226,1774487.7043013247,10
-1157355.165886695,1774487.7043013247,10
-1156891.8531701677,1774487.7043013247,10
-1156428.54045364,1774487.7043013247,10
-1155965.2277371127,1774487.7043013247,10
-1155501.915020585,1774487.7043013247,10
-1155038.6023040577,1774487.7043013247,10
-1154575.28958753,1774487.7043013247,10
-1154111.9768710027,1774487.7043013247,10
-1153648.664154475,1774487.7043013247,10
-1153185.3514379477,1774487.7043013247,10
-1152722.03872142,1774487.7043013247,10
-1152258.7260048925,1774487.7043013247,10
-1151795.4132883651,1774487.7043013247,10
-1151332.1005718375,1774487.7043013247,10
-1150868.7878553101,1774487.7043013247,10
-1150405.4751387825,1774487.7043013247,10
-1149942.1624222551,1774487.7043013247,10
-1149478.8497057275,1774487.7043013247,10
-1149015.5369892002,1774487.7043013247,10
-1148552.2242726726,1774487.7043013247,10
-1148088.9115561452,1774487.7043013247,10
-1147625.5988396176,1774487.7043013247,10
-1147162.2861230902,1774487.7043013247,10
-1146698.9734065626,1774487.7043013247,10
-1146235.6606900352,1774487.7043013247,10
-1145772.3479735076,1774487.7043013247,10
-1145309.03525698,1774487.7043013247,10
-1144845.7225404526,1774487.7043013247,10
-1144382.4098239252,1774487.7043013247,10
-1143919.0971073976,1774487.7043013247,10
-1143455.78439087,1774487.7043013247,10
-1142992.4716743426,1774487.7043013247,10
-1142529.158957815,1774487.7043013247,10
-1142065.8462412877,1774487.7043013247,10
-1282912.9120656475,1774024.3915847973,10
-1282449.5993491202,1774024.3915847973,10
-1281986.2866325926,1774024.3915847973,10
-1281522.9739160652,1774024.3915847973,10
-1281059.6611995376,1774024.3915847973,10
-1280596.3484830102,1774024.3915847973,10
-1280133.0357664826,1774024.3915847973,10
-1279669.7230499552,1774024.3915847973,10
-1279206.4103334276,1774024.3915847973,10
-1278743.0976169002,1774024.3915847973,10
-1278279.7849003726,1774024.3915847973,10
-1277816.472183845,1774024.3915847973,10
-1277353.1594673176,1774024.3915847973,10
-1276889.84675079,1774024.3915847973,10
-1276426.5340342626,1774024.3915847973,10
-1275963.221317735,1774024.3915847973,10
-1275499.9086012077,1774024.3915847973,10
-1275036.59588468,1774024.3915847973,10
-1274573.2831681527,1774024.3915847973,10
-1274109.970451625,1774024.3915847973,10
-1273646.6577350977,1774024.3915847973,10
-1273183.34501857,1774024.3915847973,10
-1272720.0323020427,1774024.3915847973,10
-1272256.719585515,1774024.3915847973,10
-1271793.4068689877,1774024.3915847973,10
-1271330.09415246,1774024.3915847973,10
-1270866.7814359325,1774024.3915847973,10
-1270403.4687194051,1774024.3915847973,10
-1269940.1560028775,1774024.3915847973,10
-1269476.8432863501,1774024.3915847973,10
-1269013.5305698225,1774024.3915847973,10
-1268550.2178532952,1774024.3915847973,10
-1268086.9051367675,1774024.3915847973,10
-1267623.5924202402,1774024.3915847973,10
-1267160.2797037126,1774024.3915847973,10
-1266696.9669871852,1774024.3915847973,10
-1266233.6542706576,1774024.3915847973,10
-1265770.3415541302,1774024.3915847973,10
-1265307.0288376026,1774024.3915847973,10
-1264843.7161210752,1774024.3915847973,10
-1264380.4034045476,1774024.3915847973,10
-1263917.09068802,1774024.3915847973,10
-1263453.7779714926,1774024.3915847973,10
-1262990.465254965,1774024.3915847973,10
-1262527.1525384376,1774024.3915847973,10
-1262063.83982191,1774024.3915847973,10
-1238898.2039955352,1774024.3915847973,10
-1238434.8912790075,1774024.3915847973,10
-1237971.5785624802,1774024.3915847973,10
-1237508.2658459526,1774024.3915847973,10
-1237044.9531294252,1774024.3915847973,10
-1236581.6404128976,1774024.3915847973,10
-1236118.3276963702,1774024.3915847973,10
-1235655.0149798426,1774024.3915847973,10
-1235191.7022633152,1774024.3915847973,10
-1234728.3895467876,1774024.3915847973,10
-1234265.07683026,1774024.3915847973,10
-1233801.7641137326,1774024.3915847973,10
-1233338.4513972052,1774024.3915847973,10
-1232875.1386806776,1774024.3915847973,10
-1232411.82596415,1774024.3915847973,10
-1231948.5132476226,1774024.3915847973,10
-1231485.200531095,1774024.3915847973,10
-1231021.8878145677,1774024.3915847973,10
-1230558.57509804,1774024.3915847973,10
-1230095.2623815127,1774024.3915847973,10
-1229631.949664985,1774024.3915847973,10
-1229168.6369484577,1774024.3915847973,10
-1228705.32423193,1774024.3915847973,10
-1228242.0115154027,1774024.3915847973,10
-1227778.698798875,1774024.3915847973,10
-1227315.3860823475,1774024.3915847973,10
-1226852.07336582,1774024.3915847973,10
-1226388.7606492927,1774024.3915847973,10
-1225925.4479327651,1774024.3915847973,10
-1225462.1352162375,1774024.3915847973,10
-1224998.8224997101,1774024.3915847973,10
-1224535.5097831825,1774024.3915847973,10
-1224072.1970666551,1774024.3915847973,10
-1223608.8843501275,1774024.3915847973,10
-1223145.5716336002,1774024.3915847973,10
-1222682.2589170726,1774024.3915847973,10
-1222218.9462005452,1774024.3915847973,10
-1221755.6334840176,1774024.3915847973,10
-1221292.3207674902,1774024.3915847973,10
-1220829.0080509626,1774024.3915847973,10
-1220365.6953344352,1774024.3915847973,10
-1219902.3826179076,1774024.3915847973,10
-1219439.0699013802,1774024.3915847973,10
-1218975.7571848526,1774024.3915847973,10
-1218512.444468325,1774024.3915847973,10
-1218049.1317517976,1774024.3915847973,10
-1217585.81903527,1774024.3915847973,10
-1217122.5063187426,1774024.3915847973,10
-1216659.193602215,1774024.3915847973,10
-1216195.8808856877,1774024.3915847973,10
-1215732.56816916,1774024.3915847973,10
-1215269.2554526327,1774024.3915847973,10
-1214805.942736105,1774024.3915847973,10
-1214342.6300195777,1774024.3915847973,10
-1213879.31730305,1774024.3915847973,10
-1213416.0045865227,1774024.3915847973,10
-1212952.691869995,1774024.3915847973,10
-1212489.3791534677,1774024.3915847973,10
-1212026.06643694,1774024.3915847973,10
-1211562.7537204125,1774024.3915847973,10
-1211099.4410038851,1774024.3915847973,10
-1210636.1282873575,1774024.3915847973,10
-1210172.8155708301,1774024.3915847973,10
-1209709.5028543025,1774024.3915847973,10
-1209246.1901377751,1774024.3915847973,10
-1208782.8774212475,1774024.3915847973,10
-1208319.5647047202,1774024.3915847973,10
-1207856.2519881926,1774024.3915847973,10
-1207392.9392716652,1774024.3915847973,10
-1206929.6265551376,1774024.3915847973,10
-1206466.3138386102,1774024.3915847973,10
-1206003.0011220826,1774024.3915847973,10
-1205539.6884055552,1774024.3915847973,10
-1205076.3756890276,1774024.3915847973,10
-1204613.0629725,1774024.3915847973,10
-1204149.7502559726,1774024.3915847973,10
-1203686.4375394452,1774024.3915847973,10
-1203223.1248229176,1774024.3915847973,10
-1202759.81210639,1774024.3915847973,10
-1202296.4993898626,1774024.3915847973,10
-1201833.186673335,1774024.3915847973,10
-1201369.8739568077,1774024.3915847973,10
-1200906.56124028,1774024.3915847973,10
-1200443.2485237527,1774024.3915847973,10
-1199979.935807225,1774024.3915847973,10
-1199516.6230906977,1774024.3915847973,10
-1199053.31037417,1774024.3915847973,10
-1198589.9976576427,1774024.3915847973,10
-1198126.684941115,1774024.3915847973,10
-1197663.3722245875,1774024.3915847973,10
-1197200.05950806,1774024.3915847973,10
-1196736.7467915327,1774024.3915847973,10
-1196273.4340750051,1774024.3915847973,10
-1195810.1213584775,1774024.3915847973,10
-1195346.8086419501,1774024.3915847973,10
-1194883.4959254225,1774024.3915847973,10
-1194420.1832088951,1774024.3915847973,10
-1193956.8704923675,1774024.3915847973,10
-1193493.5577758402,1774024.3915847973,10
-1193030.2450593126,1774024.3915847973,10
-1192566.9323427852,1774024.3915847973,10
-1192103.6196262576,1774024.3915847973,10
-1191640.3069097302,1774024.3915847973,10
-1191176.9941932026,1774024.3915847973,10
-1190713.6814766752,1774024.3915847973,10
-1190250.3687601476,1774024.3915847973,10
-1189787.0560436202,1774024.3915847973,10
-1189323.7433270926,1774024.3915847973,10
-1188860.430610565,1774024.3915847973,10
-1188397.1178940376,1774024.3915847973,10
-1187933.80517751,1774024.3915847973,10
-1187470.4924609826,1774024.3915847973,10
-1187007.179744455,1774024.3915847973,10
-1186543.8670279277,1774024.3915847973,10
-1186080.5543114,1774024.3915847973,10
-1185617.2415948727,1774024.3915847973,10
-1185153.928878345,1774024.3915847973,10
-1184690.6161618177,1774024.3915847973,10
-1184227.30344529,1774024.3915847973,10
-1183763.9907287627,1774024.3915847973,10
-1183300.678012235,1774024.3915847973,10
-1182837.3652957077,1774024.3915847973,10
-1182374.05257918,1774024.3915847973,10
-1181910.7398626525,1774024.3915847973,10
-1181447.4271461251,1774024.3915847973,10
-1180984.1144295975,1774024.3915847973,10
-1180520.8017130701,1774024.3915847973,10
-1180057.4889965425,1774024.3915847973,10
-1179594.1762800151,1774024.3915847973,10
-1179130.8635634875,1774024.3915847973,10
-1178667.5508469602,1774024.3915847973,10
-1178204.2381304326,1774024.3915847973,10
-1177740.9254139052,1774024.3915847973,10
-1177277.6126973776,1774024.3915847973,10
-1176814.2999808502,1774024.3915847973,10
-1176350.9872643226,1774024.3915847973,10
-1175887.6745477952,1774024.3915847973,10
-1175424.3618312676,1774024.3915847973,10
-1174961.04911474,1774024.3915847973,10
-1174497.7363982126,1774024.3915847973,10
-1174034.4236816852,1774024.3915847973,10
-1173571.1109651576,1774024.3915847973,10
-1173107.79824863,1774024.3915847973,10
-1172644.4855321026,1774024.3915847973,10
-1172181.172815575,1774024.3915847973,10
-1171717.8600990477,1774024.3915847973,10
-1171254.54738252,1774024.3915847973,10
-1170791.2346659927,1774024.3915847973,10
-1170327.921949465,1774024.3915847973,10
-1169864.6092329377,1774024.3915847973,10
-1169401.29651641,1774024.3915847973,10
-1168937.9837998827,1774024.3915847973,10
-1168474.671083355,1774024.3915847973,10
-1168011.3583668275,1774024.3915847973,10
-1167548.0456503,1774024.3915847973,10
-1167084.7329337727,1774024.3915847973,10
-1166621.4202172451,1774024.3915847973,10
-1166158.1075007175,1774024.3915847973,10
-1165694.7947841901,1774024.3915847973,10
-1165231.4820676625,1774024.3915847973,10
-1164768.1693511351,1774024.3915847973,10
-1164304.8566346075,1774024.3915847973,10
-1163841.5439180802,1774024.3915847973,10
-1163378.2312015526,1774024.3915847973,10
-1162914.9184850252,1774024.3915847973,10
-1162451.6057684976,1774024.3915847973,10
-1161988.2930519702,1774024.3915847973,10
-1161524.9803354426,1774024.3915847973,10
-1161061.6676189152,1774024.3915847973,10
-1160598.3549023876,1774024.3915847973,10
-1160135.0421858602,1774024.3915847973,10
-1159671.7294693326,1774024.3915847973,10
-1159208.416752805,1774024.3915847973,10
-1158745.1040362776,1774024.3915847973,10
-1158281.79131975,1774024.3915847973,10
-1157818.4786032226,1774024.3915847973,10
-1157355.165886695,1774024.3915847973,10
-1156891.8531701677,1774024.3915847973,10
-1156428.54045364,1774024.3915847973,10
-1155965.2277371127,1774024.3915847973,10
-1155501.915020585,1774024.3915847973,10
-1155038.6023040577,1774024.3915847973,10
-1154575.28958753,1774024.3915847973,10
-1154111.9768710027,1774024.3915847973,10
-1153648.664154475,1774024.3915847973,10
-1153185.3514379477,1774024.3915847973,10
-1152722.03872142,1774024.3915847973,10
-1152258.7260048925,1774024.3915847973,10
-1151795.4132883651,1774024.3915847973,10
-1151332.1005718375,1774024.3915847973,10
-1150868.7878553101,1774024.3915847973,10
-1150405.4751387825,1774024.3915847973,10
-1149942.1624222551,1774024.3915847973,10
-1149478.8497057275,1774024.3915847973,10
-1149015.5369892002,1774024.3915847973,10
-1148552.2242726726,1774024.3915847973,10
-1148088.9115561452,1774024.3915847973,10
-1147625.5988396176,1774024.3915847973,10
-1147162.2861230902,1774024.3915847973,10
-1146698.9734065626,1774024.3915847973,10
-1146235.6606900352,1774024.3915847973,10
-1145772.3479735076,1774024.3915847973,10
-1145309.03525698,1774024.3915847973,10
-1144845.7225404526,1774024.3915847973,10
-1144382.4098239252,1774024.3915847973,10
-1143919.0971073976,1774024.3915847973,10
-1143455.78439087,1774024.3915847973,10
-1142992.4716743426,1774024.3915847973,10
-1142529.158957815,1774024.3915847973,10
-1142065.8462412877,1774024.3915847973,10
-1141602.53352476,1774024.3915847973,10
-1282912.9120656475,1773561.0788682697,10
-1282449.5993491202,1773561.0788682697,10
-1281986.2866325926,1773561.0788682697,10
-1281522.9739160652,1773561.0788682697,10
-1281059.6611995376,1773561.0788682697,10
-1280596.3484830102,1773561.0788682697,10
-1280133.0357664826,1773561.0788682697,10
-1279669.7230499552,1773561.0788682697,10
-1279206.4103334276,1773561.0788682697,10
-1278743.0976169002,1773561.0788682697,10
-1278279.7849003726,1773561.0788682697,10
-1277816.472183845,1773561.0788682697,10
-1277353.1594673176,1773561.0788682697,10
-1276889.84675079,1773561.0788682697,10
-1276426.5340342626,1773561.0788682697,10
-1275963.221317735,1773561.0788682697,10
-1275499.9086012077,1773561.0788682697,10
-1275036.59588468,1773561.0788682697,10
-1274573.2831681527,1773561.0788682697,10
-1274109.970451625,1773561.0788682697,10
-1273646.6577350977,1773561.0788682697,10
-1273183.34501857,1773561.0788682697,10
-1272720.0323020427,1773561.0788682697,10
-1272256.719585515,1773561.0788682697,10
-1271793.4068689877,1773561.0788682697,10
-1271330.09415246,1773561.0788682697,10
-1270866.7814359325,1773561.0788682697,10
-1270403.4687194051,1773561.0788682697,10
-1269940.1560028775,1773561.0788682697,10
-1269476.8432863501,1773561.0788682697,10
-1269013.5305698225,1773561.0788682697,10
-1268550.2178532952,1773561.0788682697,10
-1268086.9051367675,1773561.0788682697,10
-1267623.5924202402,1773561.0788682697,10
-1267160.2797037126,1773561.0788682697,10
-1266696.9669871852,1773561.0788682697,10
-1266233.6542706576,1773561.0788682697,10
-1265770.3415541302,1773561.0788682697,10
-1265307.0288376026,1773561.0788682697,10
-1264843.7161210752,1773561.0788682697,10
-1264380.4034045476,1773561.0788682697,10
-1263917.09068802,1773561.0788682697,10
-1263453.7779714926,1773561.0788682697,10
-1262990.465254965,1773561.0788682697,10
-1262527.1525384376,1773561.0788682697,10
-1239361.5167120625,1773561.0788682697,10
-1238898.2039955352,1773561.0788682697,10
-1238434.8912790075,1773561.0788682697,10
-1237971.5785624802,1773561.0788682697,10
-1237508.2658459526,1773561.0788682697,10
-1237044.9531294252,1773561.0788682697,10
-1236581.6404128976,1773561.0788682697,10
-1236118.3276963702,1773561.0788682697,10
-1235655.0149798426,1773561.0788682697,10
-1235191.7022633152,1773561.0788682697,10
-1234728.3895467876,1773561.0788682697,10
-1234265.07683026,1773561.0788682697,10
-1233801.7641137326,1773561.0788682697,10
-1233338.4513972052,1773561.0788682697,10
-1232875.1386806776,1773561.0788682697,10
-1232411.82596415,1773561.0788682697,10
-1231948.5132476226,1773561.0788682697,10
-1231485.200531095,1773561.0788682697,10
-1231021.8878145677,1773561.0788682697,10
-1230558.57509804,1773561.0788682697,10
-1230095.2623815127,1773561.0788682697,10
-1229631.949664985,1773561.0788682697,10
-1229168.6369484577,1773561.0788682697,10
-1228705.32423193,1773561.0788682697,10
-1228242.0115154027,1773561.0788682697,10
-1227778.698798875,1773561.0788682697,10
-1227315.3860823475,1773561.0788682697,10
-1226852.07336582,1773561.0788682697,10
-1226388.7606492927,1773561.0788682697,10
-1225925.4479327651,1773561.0788682697,10
-1225462.1352162375,1773561.0788682697,10
-1224998.8224997101,1773561.0788682697,10
-1224535.5097831825,1773561.0788682697,10
-1224072.1970666551,1773561.0788682697,10
-1223608.8843501275,1773561.0788682697,10
-1223145.5716336002,1773561.0788682697,10
-1222682.2589170726,1773561.0788682697,10
-1222218.9462005452,1773561.0788682697,10
-1221755.6334840176,1773561.0788682697,10
-1221292.3207674902,1773561.0788682697,10
-1220829.0080509626,1773561.0788682697,10
-1220365.6953344352,1773561.0788682697,10
-1219902.3826179076,1773561.0788682697,10
-1219439.0699013802,1773561.0788682697,10
-1218975.7571848526,1773561.0788682697,10
-1218512.444468325,1773561.0788682697,10
-1218049.1317517976,1773561.0788682697,10
-1217585.81903527,1773561.0788682697,10
-1217122.5063187426,1773561.0788682697,10
-1216659.193602215,1773561.0788682697,10
-1216195.8808856877,1773561.0788682697,10
-1215732.56816916,1773561.0788682697,10
-1215269.2554526327,1773561.0788682697,10
-1214805.942736105,1773561.0788682697,10
-1214342.6300195777,1773561.0788682697,10
-1213879.31730305,1773561.0788682697,10
-1213416.0045865227,1773561.0788682697,10
-1212952.691869995,1773561.0788682697,10
-1212489.3791534677,1773561.0788682697,10
-1212026.06643694,1773561.0788682697,10
-1211562.7537204125,1773561.0788682697,10
-1211099.4410038851,1773561.0788682697,10
-1210636.1282873575,1773561.0788682697,10
-1210172.8155708301,1773561.0788682697,10
-1209709.5028543025,1773561.0788682697,10
-1209246.1901377751,1773561.0788682697,10
-1208782.8774212475,1773561.0788682697,10
-1208319.5647047202,1773561.0788682697,10
-1207856.2519881926,1773561.0788682697,10
-1207392.9392716652,1773561.0788682697,10
-1206929.6265551376,1773561.0788682697,10
-1206466.3138386102,1773561.0788682697,10
-1206003.0011220826,1773561.0788682697,10
-1205539.6884055552,1773561.0788682697,10
-1205076.3756890276,1773561.0788682697,10
-1204613.0629725,1773561.0788682697,10
-1204149.7502559726,1773561.0788682697,10
-1203686.4375394452,1773561.0788682697,10
-1203223.1248229176,1773561.0788682697,10
-1202759.81210639,1773561.0788682697,10
-1202296.4993898626,1773561.0788682697,10
-1201833.186673335,1773561.0788682697,10
-1201369.8739568077,1773561.0788682697,10
-1200906.56124028,1773561.0788682697,10
-1200443.2485237527,1773561.0788682697,10
-1199979.935807225,1773561.0788682697,10
-1199516.6230906977,1773561.0788682697,10
-1199053.31037417,1773561.0788682697,10
-1198589.9976576427,1773561.0788682697,10
-1198126.684941115,1773561.0788682697,10
-1197663.3722245875,1773561.0788682697,10
-1197200.05950806,1773561.0788682697,10
-1196736.7467915327,1773561.0788682697,10
-1196273.4340750051,1773561.0788682697,10
-1195810.1213584775,1773561.0788682697,10
-1195346.8086419501,1773561.0788682697,10
-1194883.4959254225,1773561.0788682697,10
-1194420.1832088951,1773561.0788682697,10
-1193956.8704923675,1773561.0788682697,10
-1193493.5577758402,1773561.0788682697,10
-1193030.2450593126,1773561.0788682697,10
-1192566.9323427852,1773561.0788682697,10
-1192103.6196262576,1773561.0788682697,10
-1191640.3069097302,1773561.0788682697,10
-1191176.9941932026,1773561.0788682697,10
-1190713.6814766752,1773561.0788682697,10
-1190250.3687601476,1773561.0788682697,10
-1189787.0560436202,1773561.0788682697,10
-1189323.7433270926,1773561.0788682697,10
-1188860.430610565,1773561.0788682697,10
-1188397.1178940376,1773561.0788682697,10
-1187933.80517751,1773561.0788682697,10
-1187470.4924609826,1773561.0788682697,10
-1187007.179744455,1773561.0788682697,10
-1186543.8670279277,1773561.0788682697,10
-1186080.5543114,1773561.0788682697,10
-1185617.2415948727,1773561.0788682697,10
-1185153.928878345,1773561.0788682697,10
-1184690.6161618177,1773561.0788682697,10
-1184227.30344529,1773561.0788682697,10
-1183763.9907287627,1773561.0788682697,10
-1183300.678012235,1773561.0788682697,10
-1182837.3652957077,1773561.0788682697,10
-1182374.05257918,1773561.0788682697,10
-1181910.7398626525,1773561.0788682697,10
-1181447.4271461251,1773561.0788682697,10
-1180984.1144295975,1773561.0788682697,10
-1180520.8017130701,1773561.0788682697,10
-1180057.4889965425,1773561.0788682697,10
-1179594.1762800151,1773561.0788682697,10
-1179130.8635634875,1773561.0788682697,10
-1178667.5508469602,1773561.0788682697,10
-1178204.2381304326,1773561.0788682697,10
-1177740.9254139052,1773561.0788682697,10
-1177277.6126973776,1773561.0788682697,10
-1176814.2999808502,1773561.0788682697,10
-1176350.9872643226,1773561.0788682697,10
-1175887.6745477952,1773561.0788682697,10
-1175424.3618312676,1773561.0788682697,10
-1174961.04911474,1773561.0788682697,10
-1174497.7363982126,1773561.0788682697,10
-1174034.4236816852,1773561.0788682697,10
-1173571.1109651576,1773561.0788682697,10
-1173107.79824863,1773561.0788682697,10
-1172644.4855321026,1773561.0788682697,10
-1172181.172815575,1773561.0788682697,10
-1171717.8600990477,1773561.0788682697,10
-1171254.54738252,1773561.0788682697,10
-1170791.2346659927,1773561.0788682697,10
-1170327.921949465,1773561.0788682697,10
-1169864.6092329377,1773561.0788682697,10
-1169401.29651641,1773561.0788682697,10
-1168937.9837998827,1773561.0788682697,10
-1168474.671083355,1773561.0788682697,10
-1168011.3583668275,1773561.0788682697,10
-1167548.0456503,1773561.0788682697,10
-1167084.7329337727,1773561.0788682697,10
-1166621.4202172451,1773561.0788682697,10
-1166158.1075007175,1773561.0788682697,10
-1165694.7947841901,1773561.0788682697,10
-1165231.4820676625,1773561.0788682697,10
-1164768.1693511351,1773561.0788682697,10
-1164304.8566346075,1773561.0788682697,10
-1163841.5439180802,1773561.0788682697,10
-1163378.2312015526,1773561.0788682697,10
-1162914.9184850252,1773561.0788682697,10
-1162451.6057684976,1773561.0788682697,10
-1161988.2930519702,1773561.0788682697,10
-1161524.9803354426,1773561.0788682697,10
-1161061.6676189152,1773561.0788682697,10
-1160598.3549023876,1773561.0788682697,10
-1160135.0421858602,1773561.0788682697,10
-1159671.7294693326,1773561.0788682697,10
-1159208.416752805,1773561.0788682697,10
-1158745.1040362776,1773561.0788682697,10
-1158281.79131975,1773561.0788682697,10
-1157818.4786032226,1773561.0788682697,10
-1157355.165886695,1773561.0788682697,10
-1156891.8531701677,1773561.0788682697,10
-1156428.54045364,1773561.0788682697,10
-1155965.2277371127,1773561.0788682697,10
-1155501.915020585,1773561.0788682697,10
-1155038.6023040577,1773561.0788682697,10
-1154575.28958753,1773561.0788682697,10
-1154111.9768710027,1773561.0788682697,10
-1153648.664154475,1773561.0788682697,10
-1153185.3514379477,1773561.0788682697,10
-1152722.03872142,1773561.0788682697,10
-1152258.7260048925,1773561.0788682697,10
-1151795.4132883651,1773561.0788682697,10
-1151332.1005718375,1773561.0788682697,10
-1150868.7878553101,1773561.0788682697,10
-1150405.4751387825,1773561.0788682697,10
-1149942.1624222551,1773561.0788682697,10
-1149478.8497057275,1773561.0788682697,10
-1149015.5369892002,1773561.0788682697,10
-1148552.2242726726,1773561.0788682697,10
-1148088.9115561452,1773561.0788682697,10
-1147625.5988396176,1773561.0788682697,10
-1147162.2861230902,1773561.0788682697,10
-1146698.9734065626,1773561.0788682697,10
-1146235.6606900352,1773561.0788682697,10
-1145772.3479735076,1773561.0788682697,10
-1145309.03525698,1773561.0788682697,10
-1144845.7225404526,1773561.0788682697,10
-1144382.4098239252,1773561.0788682697,10
-1143919.0971073976,1773561.0788682697,10
-1143455.78439087,1773561.0788682697,10
-1142992.4716743426,1773561.0788682697,10
-1142529.158957815,1773561.0788682697,10
-1142065.8462412877,1773561.0788682697,10
-1141602.53352476,1773561.0788682697,10
-1141139.2208082327,1773561.0788682697,10
-1283376.2247821752,1773097.766151742,10
-1282912.9120656475,1773097.766151742,10
-1282449.5993491202,1773097.766151742,10
-1281986.2866325926,1773097.766151742,10
-1281522.9739160652,1773097.766151742,10
-1281059.6611995376,1773097.766151742,10
-1280596.3484830102,1773097.766151742,10
-1280133.0357664826,1773097.766151742,10
-1279669.7230499552,1773097.766151742,10
-1279206.4103334276,1773097.766151742,10
-1278743.0976169002,1773097.766151742,10
-1278279.7849003726,1773097.766151742,10
-1277816.472183845,1773097.766151742,10
-1277353.1594673176,1773097.766151742,10
-1276889.84675079,1773097.766151742,10
-1276426.5340342626,1773097.766151742,10
-1275963.221317735,1773097.766151742,10
-1275499.9086012077,1773097.766151742,10
-1275036.59588468,1773097.766151742,10
-1274573.2831681527,1773097.766151742,10
-1274109.970451625,1773097.766151742,10
-1273646.6577350977,1773097.766151742,10
-1273183.34501857,1773097.766151742,10
-1272720.0323020427,1773097.766151742,10
-1272256.719585515,1773097.766151742,10
-1271793.4068689877,1773097.766151742,10
-1271330.09415246,1773097.766151742,10
-1270866.7814359325,1773097.766151742,10
-1270403.4687194051,1773097.766151742,10
-1269940.1560028775,1773097.766151742,10
-1269476.8432863501,1773097.766151742,10
-1269013.5305698225,1773097.766151742,10
-1268550.2178532952,1773097.766151742,10
-1268086.9051367675,1773097.766151742,10
-1267623.5924202402,1773097.766151742,10
-1267160.2797037126,1773097.766151742,10
-1266696.9669871852,1773097.766151742,10
-1266233.6542706576,1773097.766151742,10
-1265770.3415541302,1773097.766151742,10
-1265307.0288376026,1773097.766151742,10
-1264843.7161210752,1773097.766151742,10
-1264380.4034045476,1773097.766151742,10
-1263917.09068802,1773097.766151742,10
-1263453.7779714926,1773097.766151742,10
-1262990.465254965,1773097.766151742,10
-1262527.1525384376,1773097.766151742,10
-1239824.8294285901,1773097.766151742,10
-1239361.5167120625,1773097.766151742,10
-1238898.2039955352,1773097.766151742,10
-1238434.8912790075,1773097.766151742,10
-1237971.5785624802,1773097.766151742,10
-1237508.2658459526,1773097.766151742,10
-1237044.9531294252,1773097.766151742,10
-1236581.6404128976,1773097.766151742,10
-1236118.3276963702,1773097.766151742,10
-1235655.0149798426,1773097.766151742,10
-1235191.7022633152,1773097.766151742,10
-1234728.3895467876,1773097.766151742,10
-1234265.07683026,1773097.766151742,10
-1233801.7641137326,1773097.766151742,10
-1233338.4513972052,1773097.766151742,10
-1232875.1386806776,1773097.766151742,10
-1232411.82596415,1773097.766151742,10
-1231948.5132476226,1773097.766151742,10
-1231485.200531095,1773097.766151742,10
-1231021.8878145677,1773097.766151742,10
-1230558.57509804,1773097.766151742,10
-1230095.2623815127,1773097.766151742,10
-1229631.949664985,1773097.766151742,10
-1229168.6369484577,1773097.766151742,10
-1228705.32423193,1773097.766151742,10
-1228242.0115154027,1773097.766151742,10
-1227778.698798875,1773097.766151742,10
-1227315.3860823475,1773097.766151742,10
-1226852.07336582,1773097.766151742,10
-1226388.7606492927,1773097.766151742,10
-1225925.4479327651,1773097.766151742,10
-1225462.1352162375,1773097.766151742,10
-1224998.8224997101,1773097.766151742,10
-1224535.5097831825,1773097.766151742,10
-1224072.1970666551,1773097.766151742,10
-1223608.8843501275,1773097.766151742,10
-1223145.5716336002,1773097.766151742,10
-1222682.2589170726,1773097.766151742,10
-1222218.9462005452,1773097.766151742,10
-1221755.6334840176,1773097.766151742,10
-1221292.3207674902,1773097.766151742,10
-1220829.0080509626,1773097.766151742,10
-1220365.6953344352,1773097.766151742,10
-1219902.3826179076,1773097.766151742,10
-1219439.0699013802,1773097.766151742,10
-1218975.7571848526,1773097.766151742,10
-1218512.444468325,1773097.766151742,10
-1218049.1317517976,1773097.766151742,10
-1217585.81903527,1773097.766151742,10
-1217122.5063187426,1773097.766151742,10
-1216659.193602215,1773097.766151742,10
-1216195.8808856877,1773097.766151742,10
-1215732.56816916,1773097.766151742,10
-1215269.2554526327,1773097.766151742,10
-1214805.942736105,1773097.766151742,10
-1214342.6300195777,1773097.766151742,10
-1213879.31730305,1773097.766151742,10
-1213416.0045865227,1773097.766151742,10
-1212952.691869995,1773097.766151742,10
-1212489.3791534677,1773097.766151742,10
-1212026.06643694,1773097.766151742,10
-1211562.7537204125,1773097.766151742,10
-1211099.4410038851,1773097.766151742,10
-1210636.1282873575,1773097.766151742,10
-1210172.8155708301,1773097.766151742,10
-1209709.5028543025,1773097.766151742,10
-1209246.1901377751,1773097.766151742,10
-1208782.8774212475,1773097.766151742,10
-1208319.5647047202,1773097.766151742,10
-1207856.2519881926,1773097.766151742,10
-1207392.9392716652,1773097.766151742,10
-1206929.6265551376,1773097.766151742,10
-1206466.3138386102,1773097.766151742,10
-1206003.0011220826,1773097.766151742,10
-1205539.6884055552,1773097.766151742,10
-1205076.3756890276,1773097.766151742,10
-1204613.0629725,1773097.766151742,10
-1204149.7502559726,1773097.766151742,10
-1203686.4375394452,1773097.766151742,10
-1203223.1248229176,1773097.766151742,10
-1202759.81210639,1773097.766151742,10
-1202296.4993898626,1773097.766151742,10
-1201833.186673335,1773097.766151742,10
-1201369.8739568077,1773097.766151742,10
-1200906.56124028,1773097.766151742,10
-1200443.2485237527,1773097.766151742,10
-1199979.935807225,1773097.766151742,10
-1199516.6230906977,1773097.766151742,10
-1199053.31037417,1773097.766151742,10
-1198589.9976576427,1773097.766151742,10
-1198126.684941115,1773097.766151742,10
-1197663.3722245875,1773097.766151742,10
-1197200.05950806,1773097.766151742,10
-1196736.7467915327,1773097.766151742,10
-1196273.4340750051,1773097.766151742,10
-1195810.1213584775,1773097.766151742,10
-1195346.8086419501,1773097.766151742,10
-1194883.4959254225,1773097.766151742,10
-1194420.1832088951,1773097.766151742,10
-1193956.8704923675,1773097.766151742,10
-1193493.5577758402,1773097.766151742,10
-1193030.2450593126,1773097.766151742,10
-1192566.9323427852,1773097.766151742,10
-1192103.6196262576,1773097.766151742,10
-1191640.3069097302,1773097.766151742,10
-1191176.9941932026,1773097.766151742,10
-1190713.6814766752,1773097.766151742,10
-1190250.3687601476,1773097.766151742,10
-1189787.0560436202,1773097.766151742,10
-1189323.7433270926,1773097.766151742,10
-1188860.430610565,1773097.766151742,10
-1188397.1178940376,1773097.766151742,10
-1187933.80517751,1773097.766151742,10
-1187470.4924609826,1773097.766151742,10
-1187007.179744455,1773097.766151742,10
-1186543.8670279277,1773097.766151742,10
-1186080.5543114,1773097.766151742,10
-1185617.2415948727,1773097.766151742,10
-1185153.928878345,1773097.766151742,10
-1184690.6161618177,1773097.766151742,10
-1184227.30344529,1773097.766151742,10
-1183763.9907287627,1773097.766151742,10
-1183300.678012235,1773097.766151742,10
-1182837.3652957077,1773097.766151742,10
-1182374.05257918,1773097.766151742,10
-1181910.7398626525,1773097.766151742,10
-1181447.4271461251,1773097.766151742,10
-1180984.1144295975,1773097.766151742,10
-1180520.8017130701,1773097.766151742,10
-1180057.4889965425,1773097.766151742,10
-1179594.1762800151,1773097.766151742,10
-1179130.8635634875,1773097.766151742,10
-1178667.5508469602,1773097.766151742,10
-1178204.2381304326,1773097.766151742,10
-1177740.9254139052,1773097.766151742,10
-1177277.6126973776,1773097.766151742,10
-1176814.2999808502,1773097.766151742,10
-1176350.9872643226,1773097.766151742,10
-1175887.6745477952,1773097.766151742,10
-1175424.3618312676,1773097.766151742,10
-1174961.04911474,1773097.766151742,10
-1174497.7363982126,1773097.766151742,10
-1174034.4236816852,1773097.766151742,10
-1173571.1109651576,1773097.766151742,10
-1173107.79824863,1773097.766151742,10
-1172644.4855321026,1773097.766151742,10
-1172181.172815575,1773097.766151742,10
-1171717.8600990477,1773097.766151742,10
-1171254.54738252,1773097.766151742,10
-1170791.2346659927,1773097.766151742,10
-1170327.921949465,1773097.766151742,10
-1169864.6092329377,1773097.766151742,10
-1169401.29651641,1773097.766151742,10
-1168937.9837998827,1773097.766151742,10
-1168474.671083355,1773097.766151742,10
-1168011.3583668275,1773097.766151742,10
-1167548.0456503,1773097.766151742,10
-1167084.7329337727,1773097.766151742,10
-1166621.4202172451,1773097.766151742,10
-1166158.1075007175,1773097.766151742,10
-1165694.7947841901,1773097.766151742,10
-1165231.4820676625,1773097.766151742,10
-1164768.1693511351,1773097.766151742,10
-1164304.8566346075,1773097.766151742,10
-1163841.5439180802,1773097.766151742,10
-1163378.2312015526,1773097.766151742,10
-1162914.9184850252,1773097.766151742,10
-1162451.6057684976,1773097.766151742,10
-1161988.2930519702,1773097.766151742,10
-1161524.9803354426,1773097.766151742,10
-1161061.6676189152,1773097.766151742,10
-1160598.3549023876,1773097.766151742,10
-1160135.0421858602,1773097.766151742,10
-1159671.7294693326,1773097.766151742,10
-1159208.416752805,1773097.766151742,10
-1158745.1040362776,1773097.766151742,10
-1158281.79131975,1773097.766151742,10
-1157818.4786032226,1773097.766151742,10
-1157355.165886695,1773097.766151742,10
-1156891.8531701677,1773097.766151742,10
-1156428.54045364,1773097.766151742,10
-1155965.2277371127,1773097.766151742,10
-1155501.915020585,1773097.766151742,10
-1155038.6023040577,1773097.766151742,10
-1154575.28958753,1773097.766151742,10
-1154111.9768710027,1773097.766151742,10
-1153648.664154475,1773097.766151742,10
-1153185.3514379477,1773097.766151742,10
-1152722.03872142,1773097.766151742,10
-1152258.7260048925,1773097.766151742,10
-1151795.4132883651,1773097.766151742,10
-1151332.1005718375,1773097.766151742,10
-1150868.7878553101,1773097.766151742,10
-1150405.4751387825,1773097.766151742,10
-1149942.1624222551,1773097.766151742,10
-1149478.8497057275,1773097.766151742,10
-1149015.5369892002,1773097.766151742,10
-1148552.2242726726,1773097.766151742,10
-1148088.9115561452,1773097.766151742,10
-1147625.5988396176,1773097.766151742,10
-1147162.2861230902,1773097.766151742,10
-1146698.9734065626,1773097.766151742,10
-1146235.6606900352,1773097.766151742,10
-1145772.3479735076,1773097.766151742,10
-1145309.03525698,1773097.766151742,10
-1144845.7225404526,1773097.766151742,10
-1144382.4098239252,1773097.766151742,10
-1143919.0971073976,1773097.766151742,10
-1143455.78439087,1773097.766151742,10
-1142992.4716743426,1773097.766151742,10
-1142529.158957815,1773097.766151742,10
-1142065.8462412877,1773097.766151742,10
-1141602.53352476,1773097.766151742,10
-1141139.2208082327,1773097.766151742,10
-1283376.2247821752,1772634.4534352147,10
-1282912.9120656475,1772634.4534352147,10
-1282449.5993491202,1772634.4534352147,10
-1281986.2866325926,1772634.4534352147,10
-1281522.9739160652,1772634.4534352147,10
-1281059.6611995376,1772634.4534352147,10
-1280596.3484830102,1772634.4534352147,10
-1280133.0357664826,1772634.4534352147,10
-1279669.7230499552,1772634.4534352147,10
-1279206.4103334276,1772634.4534352147,10
-1278743.0976169002,1772634.4534352147,10
-1278279.7849003726,1772634.4534352147,10
-1277816.472183845,1772634.4534352147,10
-1277353.1594673176,1772634.4534352147,10
-1276889.84675079,1772634.4534352147,10
-1276426.5340342626,1772634.4534352147,10
-1275963.221317735,1772634.4534352147,10
-1275499.9086012077,1772634.4534352147,10
-1275036.59588468,1772634.4534352147,10
-1274573.2831681527,1772634.4534352147,10
-1274109.970451625,1772634.4534352147,10
-1273646.6577350977,1772634.4534352147,10
-1273183.34501857,1772634.4534352147,10
-1272720.0323020427,1772634.4534352147,10
-1272256.719585515,1772634.4534352147,10
-1271793.4068689877,1772634.4534352147,10
-1271330.09415246,1772634.4534352147,10
-1270866.7814359325,1772634.4534352147,10
-1270403.4687194051,1772634.4534352147,10
-1269940.1560028775,1772634.4534352147,10
-1269476.8432863501,1772634.4534352147,10
-1269013.5305698225,1772634.4534352147,10
-1268550.2178532952,1772634.4534352147,10
-1268086.9051367675,1772634.4534352147,10
-1267623.5924202402,1772634.4534352147,10
-1267160.2797037126,1772634.4534352147,10
-1266696.9669871852,1772634.4534352147,10
-1266233.6542706576,1772634.4534352147,10
-1265770.3415541302,1772634.4534352147,10
-1265307.0288376026,1772634.4534352147,10
-1239824.8294285901,1772634.4534352147,10
-1239361.5167120625,1772634.4534352147,10
-1238898.2039955352,1772634.4534352147,10
-1238434.8912790075,1772634.4534352147,10
-1237971.5785624802,1772634.4534352147,10
-1237508.2658459526,1772634.4534352147,10
-1237044.9531294252,1772634.4534352147,10
-1236581.6404128976,1772634.4534352147,10
-1236118.3276963702,1772634.4534352147,10
-1235655.0149798426,1772634.4534352147,10
-1235191.7022633152,1772634.4534352147,10
-1234728.3895467876,1772634.4534352147,10
-1234265.07683026,1772634.4534352147,10
-1233801.7641137326,1772634.4534352147,10
-1233338.4513972052,1772634.4534352147,10
-1232875.1386806776,1772634.4534352147,10
-1232411.82596415,1772634.4534352147,10
-1231948.5132476226,1772634.4534352147,10
-1231485.200531095,1772634.4534352147,10
-1231021.8878145677,1772634.4534352147,10
-1230558.57509804,1772634.4534352147,10
-1230095.2623815127,1772634.4534352147,10
-1229631.949664985,1772634.4534352147,10
-1229168.6369484577,1772634.4534352147,10
-1228705.32423193,1772634.4534352147,10
-1228242.0115154027,1772634.4534352147,10
-1227778.698798875,1772634.4534352147,10
-1227315.3860823475,1772634.4534352147,10
-1226852.07336582,1772634.4534352147,10
-1226388.7606492927,1772634.4534352147,10
-1225925.4479327651,1772634.4534352147,10
-1225462.1352162375,1772634.4534352147,10
-1224998.8224997101,1772634.4534352147,10
-1224535.5097831825,1772634.4534352147,10
-1224072.1970666551,1772634.4534352147,10
-1223608.8843501275,1772634.4534352147,10
-1223145.5716336002,1772634.4534352147,10
-1222682.2589170726,1772634.4534352147,10
-1222218.9462005452,1772634.4534352147,10
-1221755.6334840176,1772634.4534352147,10
-1221292.3207674902,1772634.4534352147,10
-1220829.0080509626,1772634.4534352147,10
-1220365.6953344352,1772634.4534352147,10
-1219902.3826179076,1772634.4534352147,10
-1219439.0699013802,1772634.4534352147,10
-1218975.7571848526,1772634.4534352147,10
-1218512.444468325,1772634.4534352147,10
-1218049.1317517976,1772634.4534352147,10
-1217585.81903527,1772634.4534352147,10
-1217122.5063187426,1772634.4534352147,10
-1216659.193602215,1772634.4534352147,10
-1216195.8808856877,1772634.4534352147,10
-1215732.56816916,1772634.4534352147,10
-1215269.2554526327,1772634.4534352147,10
-1214805.942736105,1772634.4534352147,10
-1214342.6300195777,1772634.4534352147,10
-1213879.31730305,1772634.4534352147,10
-1213416.0045865227,1772634.4534352147,10
-1212952.691869995,1772634.4534352147,10
-1212489.3791534677,1772634.4534352147,10
-1212026.06643694,1772634.4534352147,10
-1211562.7537204125,1772634.4534352147,10
-1211099.4410038851,1772634.4534352147,10
-1210636.1282873575,1772634.4534352147,10
-1210172.8155708301,1772634.4534352147,10
-1209709.5028543025,1772634.4534352147,10
-1209246.1901377751,1772634.4534352147,10
-1208782.8774212475,1772634.4534352147,10
-1208319.5647047202,1772634.4534352147,10
-1207856.2519881926,1772634.4534352147,10
-1207392.9392716652,1772634.4534352147,10
-1206929.6265551376,1772634.4534352147,10
-1206466.3138386102,1772634.4534352147,10
-1206003.0011220826,1772634.4534352147,10
-1205539.6884055552,1772634.4534352147,10
-1205076.3756890276,1772634.4534352147,10
-1204613.0629725,1772634.4534352147,10
-1204149.7502559726,1772634.4534352147,10
-1203686.4375394452,1772634.4534352147,10
-1203223.1248229176,1772634.4534352147,10
-1202759.81210639,1772634.4534352147,10
-1202296.4993898626,1772634.4534352147,10
-1201833.186673335,1772634.4534352147,10
-1201369.8739568077,1772634.4534352147,10
-1200906.56124028,1772634.4534352147,10
-1200443.2485237527,1772634.4534352147,10
-1199979.935807225,1772634.4534352147,10
-1199516.6230906977,1772634.4534352147,10
-1199053.31037417,1772634.4534352147,10
-1198589.9976576427,1772634.4534352147,10
-1198126.684941115,1772634.4534352147,10
-1197663.3722245875,1772634.4534352147,10
-1197200.05950806,1772634.4534352147,10
-1196736.7467915327,1772634.4534352147,10
-1196273.4340750051,1772634.4534352147,10
-1195810.1213584775,1772634.4534352147,10
-1195346.8086419501,1772634.4534352147,10
-1194883.4959254225,1772634.4534352147,10
-1194420.1832088951,1772634.4534352147,10
-1193956.8704923675,1772634.4534352147,10
-1193493.5577758402,1772634.4534352147,10
-1193030.2450593126,1772634.4534352147,10
-1192566.9323427852,1772634.4534352147,10
-1192103.6196262576,1772634.4534352147,10
-1191640.3069097302,1772634.4534352147,10
-1191176.9941932026,1772634.4534352147,10
-1190713.6814766752,1772634.4534352147,10
-1190250.3687601476,1772634.4534352147,10
-1189787.0560436202,1772634.4534352147,10
-1189323.7433270926,1772634.4534352147,10
-1188860.430610565,1772634.4534352147,10
-1188397.1178940376,1772634.4534352147,10
-1187933.80517751,1772634.4534352147,10
-1187470.4924609826,1772634.4534352147,10
-1187007.179744455,1772634.4534352147,10
-1186543.8670279277,1772634.4534352147,10
-1186080.5543114,1772634.4534352147,10
-1185617.2415948727,1772634.4534352147,10
-1185153.928878345,1772634.4534352147,10
-1184690.6161618177,1772634.4534352147,10
-1184227.30344529,1772634.4534352147,10
-1183763.9907287627,1772634.4534352147,10
-1183300.678012235,1772634.4534352147,10
-1182837.3652957077,1772634.4534352147,10
-1182374.05257918,1772634.4534352147,10
-1181910.7398626525,1772634.4534352147,10
-1181447.4271461251,1772634.4534352147,10
-1180984.1144295975,1772634.4534352147,10
-1180520.8017130701,1772634.4534352147,10
-1180057.4889965425,1772634.4534352147,10
-1179594.1762800151,1772634.4534352147,10
-1179130.8635634875,1772634.4534352147,10
-1178667.5508469602,1772634.4534352147,10
-1178204.2381304326,1772634.4534352147,10
-1177740.9254139052,1772634.4534352147,10
-1177277.6126973776,1772634.4534352147,10
-1176814.2999808502,1772634.4534352147,10
-1176350.9872643226,1772634.4534352147,10
-1175887.6745477952,1772634.4534352147,10
-1175424.3618312676,1772634.4534352147,10
-1174961.04911474,1772634.4534352147,10
-1174497.7363982126,1772634.4534352147,10
-1174034.4236816852,1772634.4534352147,10
-1173571.1109651576,1772634.4534352147,10
-1173107.79824863,1772634.4534352147,10
-1172644.4855321026,1772634.4534352147,10
-1172181.172815575,1772634.4534352147,10
-1171717.8600990477,1772634.4534352147,10
-1171254.54738252,1772634.4534352147,10
-1170791.2346659927,1772634.4534352147,10
-1170327.921949465,1772634.4534352147,10
-1169864.6092329377,1772634.4534352147,10
-1169401.29651641,1772634.4534352147,10
-1168937.9837998827,1772634.4534352147,10
-1168474.671083355,1772634.4534352147,10
-1168011.3583668275,1772634.4534352147,10
-1167548.0456503,1772634.4534352147,10
-1167084.7329337727,1772634.4534352147,10
-1166621.4202172451,1772634.4534352147,10
-1166158.1075007175,1772634.4534352147,10
-1165694.7947841901,1772634.4534352147,10
-1165231.4820676625,1772634.4534352147,10
-1164768.1693511351,1772634.4534352147,10
-1164304.8566346075,1772634.4534352147,10
-1163841.5439180802,1772634.4534352147,10
-1163378.2312015526,1772634.4534352147,10
-1162914.9184850252,1772634.4534352147,10
-1162451.6057684976,1772634.4534352147,10
-1161988.2930519702,1772634.4534352147,10
-1161524.9803354426,1772634.4534352147,10
-1161061.6676189152,1772634.4534352147,10
-1160598.3549023876,1772634.4534352147,10
-1160135.0421858602,1772634.4534352147,10
-1159671.7294693326,1772634.4534352147,10
-1159208.416752805,1772634.4534352147,10
-1158745.1040362776,1772634.4534352147,10
-1158281.79131975,1772634.4534352147,10
-1157818.4786032226,1772634.4534352147,10
-1157355.165886695,1772634.4534352147,10
-1156891.8531701677,1772634.4534352147,10
-1156428.54045364,1772634.4534352147,10
-1155965.2277371127,1772634.4534352147,10
-1155501.915020585,1772634.4534352147,10
-1155038.6023040577,1772634.4534352147,10
-1154575.28958753,1772634.4534352147,10
-1154111.9768710027,1772634.4534352147,10
-1153648.664154475,1772634.4534352147,10
-1153185.3514379477,1772634.4534352147,10
-1152722.03872142,1772634.4534352147,10
-1152258.7260048925,1772634.4534352147,10
-1151795.4132883651,1772634.4534352147,10
-1151332.1005718375,1772634.4534352147,10
-1150868.7878553101,1772634.4534352147,10
-1150405.4751387825,1772634.4534352147,10
-1149942.1624222551,1772634.4534352147,10
-1149478.8497057275,1772634.4534352147,10
-1149015.5369892002,1772634.4534352147,10
-1148552.2242726726,1772634.4534352147,10
-1148088.9115561452,1772634.4534352147,10
-1147625.5988396176,1772634.4534352147,10
-1147162.2861230902,1772634.4534352147,10
-1146698.9734065626,1772634.4534352147,10
-1146235.6606900352,1772634.4534352147,10
-1145772.3479735076,1772634.4534352147,10
-1145309.03525698,1772634.4534352147,10
-1144845.7225404526,1772634.4534352147,10
-1144382.4098239252,1772634.4534352147,10
-1143919.0971073976,1772634.4534352147,10
-1143455.78439087,1772634.4534352147,10
-1142992.4716743426,1772634.4534352147,10
-1142529.158957815,1772634.4534352147,10
-1142065.8462412877,1772634.4534352147,10
-1141602.53352476,1772634.4534352147,10
-1141139.2208082327,1772634.4534352147,10
-1283376.2247821752,1772171.1407186873,10
-1282912.9120656475,1772171.1407186873,10
-1282449.5993491202,1772171.1407186873,10
-1281986.2866325926,1772171.1407186873,10
-1281522.9739160652,1772171.1407186873,10
-1281059.6611995376,1772171.1407186873,10
-1280596.3484830102,1772171.1407186873,10
-1280133.0357664826,1772171.1407186873,10
-1279669.7230499552,1772171.1407186873,10
-1279206.4103334276,1772171.1407186873,10
-1278743.0976169002,1772171.1407186873,10
-1278279.7849003726,1772171.1407186873,10
-1277816.472183845,1772171.1407186873,10
-1277353.1594673176,1772171.1407186873,10
-1276889.84675079,1772171.1407186873,10
-1276426.5340342626,1772171.1407186873,10
-1275963.221317735,1772171.1407186873,10
-1275499.9086012077,1772171.1407186873,10
-1275036.59588468,1772171.1407186873,10
-1274573.2831681527,1772171.1407186873,10
-1274109.970451625,1772171.1407186873,10
-1273646.6577350977,1772171.1407186873,10
-1273183.34501857,1772171.1407186873,10
-1272720.0323020427,1772171.1407186873,10
-1272256.719585515,1772171.1407186873,10
-1271793.4068689877,1772171.1407186873,10
-1271330.09415246,1772171.1407186873,10
-1270866.7814359325,1772171.1407186873,10
-1270403.4687194051,1772171.1407186873,10
-1269940.1560028775,1772171.1407186873,10
-1269476.8432863501,1772171.1407186873,10
-1269013.5305698225,1772171.1407186873,10
-1268550.2178532952,1772171.1407186873,10
-1268086.9051367675,1772171.1407186873,10
-1267623.5924202402,1772171.1407186873,10
-1267160.2797037126,1772171.1407186873,10
-1266696.9669871852,1772171.1407186873,10
-1266233.6542706576,1772171.1407186873,10
-1265770.3415541302,1772171.1407186873,10
-1240288.1421451175,1772171.1407186873,10
-1239824.8294285901,1772171.1407186873,10
-1239361.5167120625,1772171.1407186873,10
-1238898.2039955352,1772171.1407186873,10
-1238434.8912790075,1772171.1407186873,10
-1237971.5785624802,1772171.1407186873,10
-1237508.2658459526,1772171.1407186873,10
-1237044.9531294252,1772171.1407186873,10
-1236581.6404128976,1772171.1407186873,10
-1236118.3276963702,1772171.1407186873,10
-1235655.0149798426,1772171.1407186873,10
-1235191.7022633152,1772171.1407186873,10
-1234728.3895467876,1772171.1407186873,10
-1234265.07683026,1772171.1407186873,10
-1233801.7641137326,1772171.1407186873,10
-1233338.4513972052,1772171.1407186873,10
-1232875.1386806776,1772171.1407186873,10
-1232411.82596415,1772171.1407186873,10
-1231948.5132476226,1772171.1407186873,10
-1231485.200531095,1772171.1407186873,7
-1231021.8878145677,1772171.1407186873,10
-1230558.57509804,1772171.1407186873,10
-1230095.2623815127,1772171.1407186873,10
-1229631.949664985,1772171.1407186873,10
-1229168.6369484577,1772171.1407186873,10
-1228705.32423193,1772171.1407186873,10
-1228242.0115154027,1772171.1407186873,10
-1227778.698798875,1772171.1407186873,10
-1227315.3860823475,1772171.1407186873,10
-1226852.07336582,1772171.1407186873,10
-1226388.7606492927,1772171.1407186873,10
-1225925.4479327651,1772171.1407186873,10
-1225462.1352162375,1772171.1407186873,10
-1224998.8224997101,1772171.1407186873,10
-1224535.5097831825,1772171.1407186873,10
-1224072.1970666551,1772171.1407186873,10
-1223608.8843501275,1772171.1407186873,10
-1223145.5716336002,1772171.1407186873,10
-1222682.2589170726,1772171.1407186873,10
-1222218.9462005452,1772171.1407186873,10
-1221755.6334840176,1772171.1407186873,10
-1221292.3207674902,1772171.1407186873,10
-1220829.0080509626,1772171.1407186873,10
-1220365.6953344352,1772171.1407186873,10
-1219902.3826179076,1772171.1407186873,10
-1219439.0699013802,1772171.1407186873,10
-1218975.7571848526,1772171.1407186873,10
-1218512.444468325,1772171.1407186873,10
-1218049.1317517976,1772171.1407186873,10
-1217585.81903527,1772171.1407186873,10
-1217122.5063187426,1772171.1407186873,10
-1216659.193602215,1772171.1407186873,10
-1216195.8808856877,1772171.1407186873,10
-1215732.56816916,1772171.1407186873,10
-1215269.2554526327,1772171.1407186873,10
-1214805.942736105,1772171.1407186873,10
-1214342.6300195777,1772171.1407186873,10
-1213879.31730305,1772171.1407186873,10
-1213416.0045865227,1772171.1407186873,10
-1212952.691869995,1772171.1407186873,10
-1212489.3791534677,1772171.1407186873,10
-1212026.06643694,1772171.1407186873,10
-1211562.7537204125,1772171.1407186873,10
-1211099.4410038851,1772171.1407186873,10
-1210636.1282873575,1772171.1407186873,10
-1210172.8155708301,1772171.1407186873,10
-1209709.5028543025,1772171.1407186873,10
-1209246.1901377751,1772171.1407186873,10
-1208782.8774212475,1772171.1407186873,10
-1208319.5647047202,1772171.1407186873,10
-1207856.2519881926,1772171.1407186873,10
-1207392.9392716652,1772171.1407186873,10
-1206929.6265551376,1772171.1407186873,10
-1206466.3138386102,1772171.1407186873,10
-1206003.0011220826,1772171.1407186873,10
-1205539.6884055552,1772171.1407186873,10
-1205076.3756890276,1772171.1407186873,10
-1204613.0629725,1772171.1407186873,10
-1204149.7502559726,1772171.1407186873,10
-1203686.4375394452,1772171.1407186873,10
-1203223.1248229176,1772171.1407186873,10
-1202759.81210639,1772171.1407186873,10
-1202296.4993898626,1772171.1407186873,10
-1201833.186673335,1772171.1407186873,10
-1201369.8739568077,1772171.1407186873,10
-1200906.56124028,1772171.1407186873,10
-1200443.2485237527,1772171.1407186873,10
-1199979.935807225,1772171.1407186873,10
-1199516.6230906977,1772171.1407186873,10
-1199053.31037417,1772171.1407186873,10
-1198589.9976576427,1772171.1407186873,10
-1198126.684941115,1772171.1407186873,10
-1197663.3722245875,1772171.1407186873,10
-1197200.05950806,1772171.1407186873,10
-1196736.7467915327,1772171.1407186873,10
-1196273.4340750051,1772171.1407186873,10
-1195810.1213584775,1772171.1407186873,10
-1195346.8086419501,1772171.1407186873,10
-1194883.4959254225,1772171.1407186873,10
-1194420.1832088951,1772171.1407186873,10
-1193956.8704923675,1772171.1407186873,10
-1193493.5577758402,1772171.1407186873,10
-1193030.2450593126,1772171.1407186873,10
-1192566.9323427852,1772171.1407186873,10
-1192103.6196262576,1772171.1407186873,10
-1191640.3069097302,1772171.1407186873,10
-1191176.9941932026,1772171.1407186873,10
-1190713.6814766752,1772171.1407186873,10
-1190250.3687601476,1772171.1407186873,10
-1189787.0560436202,1772171.1407186873,10
-1189323.7433270926,1772171.1407186873,10
-1188860.430610565,1772171.1407186873,10
-1188397.1178940376,1772171.1407186873,10
-1187933.80517751,1772171.1407186873,10
-1187470.4924609826,1772171.1407186873,10
-1187007.179744455,1772171.1407186873,10
-1186543.8670279277,1772171.1407186873,10
-1186080.5543114,1772171.1407186873,10
-1185617.2415948727,1772171.1407186873,10
-1185153.928878345,1772171.1407186873,10
-1184690.6161618177,1772171.1407186873,10
-1184227.30344529,1772171.1407186873,10
-1183763.9907287627,1772171.1407186873,10
-1183300.678012235,1772171.1407186873,10
-1182837.3652957077,1772171.1407186873,10
-1182374.05257918,1772171.1407186873,10
-1181910.7398626525,1772171.1407186873,10
-1181447.4271461251,1772171.1407186873,10
-1180984.1144295975,1772171.1407186873,10
-1180520.8017130701,1772171.1407186873,10
-1180057.4889965425,1772171.1407186873,10
-1179594.1762800151,1772171.1407186873,10
-1179130.8635634875,1772171.1407186873,10
-1178667.5508469602,1772171.1407186873,10
-1178204.2381304326,1772171.1407186873,10
-1177740.9254139052,1772171.1407186873,10
-1177277.6126973776,1772171.1407186873,10
-1176814.2999808502,1772171.1407186873,10
-1176350.9872643226,1772171.1407186873,10
-1175887.6745477952,1772171.1407186873,10
-1175424.3618312676,1772171.1407186873,10
-1174961.04911474,1772171.1407186873,10
-1174497.7363982126,1772171.1407186873,10
-1174034.4236816852,1772171.1407186873,10
-1173571.1109651576,1772171.1407186873,10
-1173107.79824863,1772171.1407186873,10
-1172644.4855321026,1772171.1407186873,10
-1172181.172815575,1772171.1407186873,10
-1171717.8600990477,1772171.1407186873,10
-1171254.54738252,1772171.1407186873,10
-1170791.2346659927,1772171.1407186873,10
-1170327.921949465,1772171.1407186873,10
-1169864.6092329377,1772171.1407186873,10
-1169401.29651641,1772171.1407186873,10
-1168937.9837998827,1772171.1407186873,10
-1168474.671083355,1772171.1407186873,10
-1168011.3583668275,1772171.1407186873,10
-1167548.0456503,1772171.1407186873,10
-1167084.7329337727,1772171.1407186873,10
-1166621.4202172451,1772171.1407186873,10
-1166158.1075007175,1772171.1407186873,10
-1165694.7947841901,1772171.1407186873,10
-1165231.4820676625,1772171.1407186873,10
-1164768.1693511351,1772171.1407186873,10
-1164304.8566346075,1772171.1407186873,10
-1163841.5439180802,1772171.1407186873,10
-1163378.2312015526,1772171.1407186873,10
-1162914.9184850252,1772171.1407186873,10
-1162451.6057684976,1772171.1407186873,10
-1161988.2930519702,1772171.1407186873,10
-1161524.9803354426,1772171.1407186873,10
-1161061.6676189152,1772171.1407186873,10
-1160598.3549023876,1772171.1407186873,10
-1160135.0421858602,1772171.1407186873,10
-1159671.7294693326,1772171.1407186873,10
-1159208.416752805,1772171.1407186873,10
-1158745.1040362776,1772171.1407186873,10
-1158281.79131975,1772171.1407186873,10
-1157818.4786032226,1772171.1407186873,10
-1157355.165886695,1772171.1407186873,10
-1156891.8531701677,1772171.1407186873,10
-1156428.54045364,1772171.1407186873,10
-1155965.2277371127,1772171.1407186873,10
-1155501.915020585,1772171.1407186873,10
-1155038.6023040577,1772171.1407186873,10
-1154575.28958753,1772171.1407186873,10
-1154111.9768710027,1772171.1407186873,10
-1153648.664154475,1772171.1407186873,10
-1153185.3514379477,1772171.1407186873,10
-1152722.03872142,1772171.1407186873,10
-1152258.7260048925,1772171.1407186873,10
-1151795.4132883651,1772171.1407186873,10
-1151332.1005718375,1772171.1407186873,10
-1150868.7878553101,1772171.1407186873,10
-1150405.4751387825,1772171.1407186873,10
-1149942.1624222551,1772171.1407186873,10
-1149478.8497057275,1772171.1407186873,10
-1149015.5369892002,1772171.1407186873,10
-1148552.2242726726,1772171.1407186873,10
-1148088.9115561452,1772171.1407186873,10
-1147625.5988396176,1772171.1407186873,10
-1147162.2861230902,1772171.1407186873,10
-1146698.9734065626,1772171.1407186873,10
-1146235.6606900352,1772171.1407186873,10
-1145772.3479735076,1772171.1407186873,10
-1145309.03525698,1772171.1407186873,10
-1144845.7225404526,1772171.1407186873,10
-1144382.4098239252,1772171.1407186873,10
-1143919.0971073976,1772171.1407186873,10
-1143455.78439087,1772171.1407186873,10
-1142992.4716743426,1772171.1407186873,10
-1142529.158957815,1772171.1407186873,10
-1142065.8462412877,1772171.1407186873,10
-1141602.53352476,1772171.1407186873,10
-1141139.2208082327,1772171.1407186873,10
-1140675.908091705,1772171.1407186873,10
-1279669.7230499552,1771707.8280021597,10
-1279206.4103334276,1771707.8280021597,10
-1278743.0976169002,1771707.8280021597,10
-1278279.7849003726,1771707.8280021597,10
-1277816.472183845,1771707.8280021597,10
-1277353.1594673176,1771707.8280021597,10
-1276889.84675079,1771707.8280021597,10
-1276426.5340342626,1771707.8280021597,10
-1275963.221317735,1771707.8280021597,10
-1275499.9086012077,1771707.8280021597,10
-1275036.59588468,1771707.8280021597,10
-1274573.2831681527,1771707.8280021597,10
-1274109.970451625,1771707.8280021597,10
-1273646.6577350977,1771707.8280021597,10
-1273183.34501857,1771707.8280021597,10
-1272720.0323020427,1771707.8280021597,10
-1272256.719585515,1771707.8280021597,10
-1271793.4068689877,1771707.8280021597,10
-1271330.09415246,1771707.8280021597,10
-1270866.7814359325,1771707.8280021597,10
-1270403.4687194051,1771707.8280021597,10
-1269940.1560028775,1771707.8280021597,10
-1269476.8432863501,1771707.8280021597,10
-1269013.5305698225,1771707.8280021597,10
-1268550.2178532952,1771707.8280021597,10
-1268086.9051367675,1771707.8280021597,10
-1267623.5924202402,1771707.8280021597,10
-1267160.2797037126,1771707.8280021597,10
-1266696.9669871852,1771707.8280021597,10
-1266233.6542706576,1771707.8280021597,10
-1265770.3415541302,1771707.8280021597,10
-1240751.4548616451,1771707.8280021597,10
-1240288.1421451175,1771707.8280021597,10
-1239824.8294285901,1771707.8280021597,10
-1239361.5167120625,1771707.8280021597,10
-1238898.2039955352,1771707.8280021597,10
-1238434.8912790075,1771707.8280021597,10
-1237971.5785624802,1771707.8280021597,10
-1237508.2658459526,1771707.8280021597,10
-1237044.9531294252,1771707.8280021597,10
-1236581.6404128976,1771707.8280021597,10
-1236118.3276963702,1771707.8280021597,10
-1235655.0149798426,1771707.8280021597,10
-1235191.7022633152,1771707.8280021597,10
-1234728.3895467876,1771707.8280021597,10
-1234265.07683026,1771707.8280021597,10
-1233801.7641137326,1771707.8280021597,10
-1233338.4513972052,1771707.8280021597,10
-1232875.1386806776,1771707.8280021597,10
-1232411.82596415,1771707.8280021597,10
-1231948.5132476226,1771707.8280021597,10
-1231485.200531095,1771707.8280021597,10
-1231021.8878145677,1771707.8280021597,10
-1230558.57509804,1771707.8280021597,10
-1230095.2623815127,1771707.8280021597,10
-1229631.949664985,1771707.8280021597,10
-1229168.6369484577,1771707.8280021597,10
-1228705.32423193,1771707.8280021597,10
-1228242.0115154027,1771707.8280021597,10
-1227778.698798875,1771707.8280021597,10
-1227315.3860823475,1771707.8280021597,10
-1226852.07336582,1771707.8280021597,10
-1226388.7606492927,1771707.8280021597,10
-1225925.4479327651,1771707.8280021597,10
-1225462.1352162375,1771707.8280021597,10
-1224998.8224997101,1771707.8280021597,10
-1224535.5097831825,1771707.8280021597,10
-1224072.1970666551,1771707.8280021597,10
-1223608.8843501275,1771707.8280021597,10
-1223145.5716336002,1771707.8280021597,10
-1222682.2589170726,1771707.8280021597,10
-1222218.9462005452,1771707.8280021597,10
-1221755.6334840176,1771707.8280021597,10
-1221292.3207674902,1771707.8280021597,10
-1220829.0080509626,1771707.8280021597,10
-1220365.6953344352,1771707.8280021597,10
-1219902.3826179076,1771707.8280021597,10
-1219439.0699013802,1771707.8280021597,10
-1218975.7571848526,1771707.8280021597,10
-1218512.444468325,1771707.8280021597,10
-1218049.1317517976,1771707.8280021597,10
-1217585.81903527,1771707.8280021597,10
-1217122.5063187426,1771707.8280021597,10
-1216659.193602215,1771707.8280021597,10
-1216195.8808856877,1771707.8280021597,10
-1215732.56816916,1771707.8280021597,10
-1215269.2554526327,1771707.8280021597,10
-1214805.942736105,1771707.8280021597,10
-1214342.6300195777,1771707.8280021597,10
-1213879.31730305,1771707.8280021597,10
-1213416.0045865227,1771707.8280021597,10
-1212952.691869995,1771707.8280021597,10
-1212489.3791534677,1771707.8280021597,10
-1212026.06643694,1771707.8280021597,10
-1211562.7537204125,1771707.8280021597,10
-1211099.4410038851,1771707.8280021597,10
-1210636.1282873575,1771707.8280021597,10
-1210172.8155708301,1771707.8280021597,10
-1209709.5028543025,1771707.8280021597,10
-1209246.1901377751,1771707.8280021597,10
-1208782.8774212475,1771707.8280021597,10
-1208319.5647047202,1771707.8280021597,10
-1207856.2519881926,1771707.8280021597,10
-1207392.9392716652,1771707.8280021597,10
-1206929.6265551376,1771707.8280021597,10
-1206466.3138386102,1771707.8280021597,10
-1206003.0011220826,1771707.8280021597,10
-1205539.6884055552,1771707.8280021597,10
-1205076.3756890276,1771707.8280021597,10
-1204613.0629725,1771707.8280021597,10
-1204149.7502559726,1771707.8280021597,10
-1203686.4375394452,1771707.8280021597,10
-1203223.1248229176,1771707.8280021597,10
-1202759.81210639,1771707.8280021597,10
-1202296.4993898626,1771707.8280021597,10
-1201833.186673335,1771707.8280021597,10
-1201369.8739568077,1771707.8280021597,10
-1200906.56124028,1771707.8280021597,10
-1200443.2485237527,1771707.8280021597,10
-1199979.935807225,1771707.8280021597,10
-1199516.6230906977,1771707.8280021597,10
-1199053.31037417,1771707.8280021597,10
-1198589.9976576427,1771707.8280021597,10
-1198126.684941115,1771707.8280021597,10
-1197663.3722245875,1771707.8280021597,10
-1197200.05950806,1771707.8280021597,10
-1196736.7467915327,1771707.8280021597,10
-1196273.4340750051,1771707.8280021597,10
-1195810.1213584775,1771707.8280021597,10
-1195346.8086419501,1771707.8280021597,10
-1194883.4959254225,1771707.8280021597,10
-1194420.1832088951,1771707.8280021597,10
-1193956.8704923675,1771707.8280021597,10
-1193493.5577758402,1771707.8280021597,10
-1193030.2450593126,1771707.8280021597,10
-1192566.9323427852,1771707.8280021597,10
-1192103.6196262576,1771707.8280021597,10
-1191640.3069097302,1771707.8280021597,10
-1191176.9941932026,1771707.8280021597,10
-1190713.6814766752,1771707.8280021597,10
-1190250.3687601476,1771707.8280021597,10
-1189787.0560436202,1771707.8280021597,10
-1189323.7433270926,1771707.8280021597,10
-1188860.430610565,1771707.8280021597,10
-1188397.1178940376,1771707.8280021597,10
-1187933.80517751,1771707.8280021597,10
-1187470.4924609826,1771707.8280021597,10
-1187007.179744455,1771707.8280021597,10
-1186543.8670279277,1771707.8280021597,10
-1186080.5543114,1771707.8280021597,10
-1185617.2415948727,1771707.8280021597,10
-1185153.928878345,1771707.8280021597,10
-1184690.6161618177,1771707.8280021597,10
-1184227.30344529,1771707.8280021597,10
-1183763.9907287627,1771707.8280021597,10
-1183300.678012235,1771707.8280021597,10
-1182837.3652957077,1771707.8280021597,10
-1182374.05257918,1771707.8280021597,10
-1181910.7398626525,1771707.8280021597,10
-1181447.4271461251,1771707.8280021597,10
-1180984.1144295975,1771707.8280021597,10
-1180520.8017130701,1771707.8280021597,10
-1180057.4889965425,1771707.8280021597,10
-1179594.1762800151,1771707.8280021597,10
-1179130.8635634875,1771707.8280021597,10
-1178667.5508469602,1771707.8280021597,10
-1178204.2381304326,1771707.8280021597,10
-1177740.9254139052,1771707.8280021597,10
-1177277.6126973776,1771707.8280021597,10
-1176814.2999808502,1771707.8280021597,10
-1176350.9872643226,1771707.8280021597,10
-1175887.6745477952,1771707.8280021597,10
-1175424.3618312676,1771707.8280021597,10
-1174961.04911474,1771707.8280021597,10
-1174497.7363982126,1771707.8280021597,10
-1174034.4236816852,1771707.8280021597,10
-1173571.1109651576,1771707.8280021597,10
-1173107.79824863,1771707.8280021597,10
-1172644.4855321026,1771707.8280021597,10
-1172181.172815575,1771707.8280021597,10
-1171717.8600990477,1771707.8280021597,10
-1171254.54738252,1771707.8280021597,10
-1170791.2346659927,1771707.8280021597,10
-1170327.921949465,1771707.8280021597,10
-1169864.6092329377,1771707.8280021597,10
-1169401.29651641,1771707.8280021597,10
-1168937.9837998827,1771707.8280021597,10
-1168474.671083355,1771707.8280021597,10
-1168011.3583668275,1771707.8280021597,10
-1167548.0456503,1771707.8280021597,10
-1167084.7329337727,1771707.8280021597,10
-1166621.4202172451,1771707.8280021597,10
-1166158.1075007175,1771707.8280021597,10
-1165694.7947841901,1771707.8280021597,10
-1165231.4820676625,1771707.8280021597,10
-1164768.1693511351,1771707.8280021597,10
-1164304.8566346075,1771707.8280021597,10
-1163841.5439180802,1771707.8280021597,10
-1163378.2312015526,1771707.8280021597,10
-1162914.9184850252,1771707.8280021597,10
-1162451.6057684976,1771707.8280021597,10
-1161988.2930519702,1771707.8280021597,10
-1161524.9803354426,1771707.8280021597,10
-1161061.6676189152,1771707.8280021597,10
-1160598.3549023876,1771707.8280021597,10
-1160135.0421858602,1771707.8280021597,10
-1159671.7294693326,1771707.8280021597,10
-1159208.416752805,1771707.8280021597,10
-1158745.1040362776,1771707.8280021597,10
-1158281.79131975,1771707.8280021597,10
-1157818.4786032226,1771707.8280021597,10
-1157355.165886695,1771707.8280021597,10
-1156891.8531701677,1771707.8280021597,10
-1156428.54045364,1771707.8280021597,10
-1155965.2277371127,1771707.8280021597,10
-1155501.915020585,1771707.8280021597,10
-1155038.6023040577,1771707.8280021597,10
-1154575.28958753,1771707.8280021597,10
-1154111.9768710027,1771707.8280021597,10
-1153648.664154475,1771707.8280021597,10
-1153185.3514379477,1771707.8280021597,10
-1152722.03872142,1771707.8280021597,10
-1152258.7260048925,1771707.8280021597,10
-1151795.4132883651,1771707.8280021597,10
-1151332.1005718375,1771707.8280021597,10
-1150868.7878553101,1771707.8280021597,10
-1150405.4751387825,1771707.8280021597,10
-1149942.1624222551,1771707.8280021597,10
-1149478.8497057275,1771707.8280021597,10
-1149015.5369892002,1771707.8280021597,10
-1148552.2242726726,1771707.8280021597,10
-1148088.9115561452,1771707.8280021597,10
-1147625.5988396176,1771707.8280021597,10
-1147162.2861230902,1771707.8280021597,10
-1146698.9734065626,1771707.8280021597,10
-1146235.6606900352,1771707.8280021597,10
-1145772.3479735076,1771707.8280021597,10
-1145309.03525698,1771707.8280021597,10
-1144845.7225404526,1771707.8280021597,10
-1144382.4098239252,1771707.8280021597,10
-1143919.0971073976,1771707.8280021597,10
-1143455.78439087,1771707.8280021597,10
-1142992.4716743426,1771707.8280021597,10
-1142529.158957815,1771707.8280021597,10
-1142065.8462412877,1771707.8280021597,10
-1141602.53352476,1771707.8280021597,10
-1141139.2208082327,1771707.8280021597,10
-1140675.908091705,1771707.8280021597,10
-1279206.4103334276,1771244.515285632,10
-1278743.0976169002,1771244.515285632,10
-1278279.7849003726,1771244.515285632,10
-1277816.472183845,1771244.515285632,10
-1277353.1594673176,1771244.515285632,10
-1276889.84675079,1771244.515285632,10
-1276426.5340342626,1771244.515285632,10
-1275963.221317735,1771244.515285632,10
-1275499.9086012077,1771244.515285632,10
-1275036.59588468,1771244.515285632,10
-1274573.2831681527,1771244.515285632,10
-1274109.970451625,1771244.515285632,10
-1273646.6577350977,1771244.515285632,10
-1273183.34501857,1771244.515285632,10
-1272720.0323020427,1771244.515285632,10
-1272256.719585515,1771244.515285632,10
-1271793.4068689877,1771244.515285632,10
-1271330.09415246,1771244.515285632,10
-1270866.7814359325,1771244.515285632,10
-1270403.4687194051,1771244.515285632,10
-1269940.1560028775,1771244.515285632,10
-1269476.8432863501,1771244.515285632,10
-1269013.5305698225,1771244.515285632,10
-1268550.2178532952,1771244.515285632,10
-1268086.9051367675,1771244.515285632,10
-1267623.5924202402,1771244.515285632,10
-1267160.2797037126,1771244.515285632,10
-1266696.9669871852,1771244.515285632,10
-1266233.6542706576,1771244.515285632,10
-1265770.3415541302,1771244.515285632,10
-1241214.7675781725,1771244.515285632,10
-1240751.4548616451,1771244.515285632,10
-1240288.1421451175,1771244.515285632,10
-1239824.8294285901,1771244.515285632,10
-1239361.5167120625,1771244.515285632,10
-1238898.2039955352,1771244.515285632,10
-1238434.8912790075,1771244.515285632,10
-1237971.5785624802,1771244.515285632,10
-1237508.2658459526,1771244.515285632,10
-1237044.9531294252,1771244.515285632,10
-1236581.6404128976,1771244.515285632,10
-1236118.3276963702,1771244.515285632,10
-1235655.0149798426,1771244.515285632,10
-1235191.7022633152,1771244.515285632,10
-1234728.3895467876,1771244.515285632,10
-1234265.07683026,1771244.515285632,10
-1233801.7641137326,1771244.515285632,10
-1233338.4513972052,1771244.515285632,7
-1232875.1386806776,1771244.515285632,10
-1232411.82596415,1771244.515285632,10
-1231948.5132476226,1771244.515285632,10
-1231485.200531095,1771244.515285632,10
-1231021.8878145677,1771244.515285632,10
-1230558.57509804,1771244.515285632,10
-1230095.2623815127,1771244.515285632,10
-1229631.949664985,1771244.515285632,10
-1229168.6369484577,1771244.515285632,10
-1228705.32423193,1771244.515285632,10
-1228242.0115154027,1771244.515285632,10
-1227778.698798875,1771244.515285632,10
-1227315.3860823475,1771244.515285632,10
-1226852.07336582,1771244.515285632,10
-1226388.7606492927,1771244.515285632,10
-1225925.4479327651,1771244.515285632,10
-1225462.1352162375,1771244.515285632,10
-1224998.8224997101,1771244.515285632,10
-1224535.5097831825,1771244.515285632,10
-1224072.1970666551,1771244.515285632,10
-1223608.8843501275,1771244.515285632,10
-1223145.5716336002,1771244.515285632,10
-1222682.2589170726,1771244.515285632,10
-1222218.9462005452,1771244.515285632,10
-1221755.6334840176,1771244.515285632,10
-1221292.3207674902,1771244.515285632,10
-1220829.0080509626,1771244.515285632,10
-1220365.6953344352,1771244.515285632,10
-1219902.3826179076,1771244.515285632,10
-1219439.0699013802,1771244.515285632,10
-1218975.7571848526,1771244.515285632,10
-1218512.444468325,1771244.515285632,10
-1218049.1317517976,1771244.515285632,10
-1217585.81903527,1771244.515285632,10
-1217122.5063187426,1771244.515285632,10
-1216659.193602215,1771244.515285632,10
-1216195.8808856877,1771244.515285632,10
-1215732.56816916,1771244.515285632,10
-1215269.2554526327,1771244.515285632,10
-1214805.942736105,1771244.515285632,10
-1214342.6300195777,1771244.515285632,10
-1213879.31730305,1771244.515285632,10
-1213416.0045865227,1771244.515285632,10
-1212952.691869995,1771244.515285632,10
-1212489.3791534677,1771244.515285632,10
-1212026.06643694,1771244.515285632,10
-1211562.7537204125,1771244.515285632,10
-1211099.4410038851,1771244.515285632,10
-1210636.1282873575,1771244.515285632,10
-1210172.8155708301,1771244.515285632,10
-1209709.5028543025,1771244.515285632,10
-1209246.1901377751,1771244.515285632,10
-1208782.8774212475,1771244.515285632,10
-1208319.5647047202,1771244.515285632,10
-1207856.2519881926,1771244.515285632,10
-1207392.9392716652,1771244.515285632,10
-1206929.6265551376,1771244.515285632,10
-1206466.3138386102,1771244.515285632,10
-1206003.0011220826,1771244.515285632,10
-1205539.6884055552,1771244.515285632,10
-1205076.3756890276,1771244.515285632,10
-1204613.0629725,1771244.515285632,10
-1204149.7502559726,1771244.515285632,10
-1203686.4375394452,1771244.515285632,10
-1203223.1248229176,1771244.515285632,10
-1202759.81210639,1771244.515285632,10
-1202296.4993898626,1771244.515285632,10
-1201833.186673335,1771244.515285632,10
-1201369.8739568077,1771244.515285632,10
-1200906.56124028,1771244.515285632,10
-1200443.2485237527,1771244.515285632,10
-1199979.935807225,1771244.515285632,10
-1199516.6230906977,1771244.515285632,10
-1199053.31037417,1771244.515285632,10
-1198589.9976576427,1771244.515285632,10
-1198126.684941115,1771244.515285632,10
-1197663.3722245875,1771244.515285632,10
-1197200.05950806,1771244.515285632,10
-1196736.7467915327,1771244.515285632,10
-1196273.4340750051,1771244.515285632,10
-1195810.1213584775,1771244.515285632,10
-1195346.8086419501,1771244.515285632,10
-1194883.4959254225,1771244.515285632,10
-1194420.1832088951,1771244.515285632,10
-1193956.8704923675,1771244.515285632,10
-1193493.5577758402,1771244.515285632,10
-1193030.2450593126,1771244.515285632,10
-1192566.9323427852,1771244.515285632,10
-1192103.6196262576,1771244.515285632,10
-1191640.3069097302,1771244.515285632,10
-1191176.9941932026,1771244.515285632,10
-1190713.6814766752,1771244.515285632,10
-1190250.3687601476,1771244.515285632,10
-1189787.0560436202,1771244.515285632,10
-1189323.7433270926,1771244.515285632,10
-1188860.430610565,1771244.515285632,10
-1188397.1178940376,1771244.515285632,10
-1187933.80517751,1771244.515285632,10
-1187470.4924609826,1771244.515285632,10
-1187007.179744455,1771244.515285632,10
-1186543.8670279277,1771244.515285632,10
-1186080.5543114,1771244.515285632,10
-1185617.2415948727,1771244.515285632,10
-1185153.928878345,1771244.515285632,10
-1184690.6161618177,1771244.515285632,10
-1184227.30344529,1771244.515285632,10
-1183763.9907287627,1771244.515285632,10
-1183300.678012235,1771244.515285632,10
-1182837.3652957077,1771244.515285632,10
-1182374.05257918,1771244.515285632,10
-1181910.7398626525,1771244.515285632,10
-1181447.4271461251,1771244.515285632,10
-1180984.1144295975,1771244.515285632,10
-1180520.8017130701,1771244.515285632,10
-1180057.4889965425,1771244.515285632,10
-1179594.1762800151,1771244.515285632,10
-1179130.8635634875,1771244.515285632,10
-1178667.5508469602,1771244.515285632,10
-1178204.2381304326,1771244.515285632,10
-1177740.9254139052,1771244.515285632,10
-1177277.6126973776,1771244.515285632,10
-1176814.2999808502,1771244.515285632,10
-1176350.9872643226,1771244.515285632,10
-1175887.6745477952,1771244.515285632,10
-1175424.3618312676,1771244.515285632,10
-1174961.04911474,1771244.515285632,10
-1174497.7363982126,1771244.515285632,10
-1174034.4236816852,1771244.515285632,10
-1173571.1109651576,1771244.515285632,10
-1173107.79824863,1771244.515285632,10
-1172644.4855321026,1771244.515285632,10
-1172181.172815575,1771244.515285632,10
-1171717.8600990477,1771244.515285632,10
-1171254.54738252,1771244.515285632,10
-1170791.2346659927,1771244.515285632,10
-1170327.921949465,1771244.515285632,10
-1169864.6092329377,1771244.515285632,10
-1169401.29651641,1771244.515285632,10
-1168937.9837998827,1771244.515285632,10
-1168474.671083355,1771244.515285632,10
-1168011.3583668275,1771244.515285632,10
-1167548.0456503,1771244.515285632,10
-1167084.7329337727,1771244.515285632,10
-1166621.4202172451,1771244.515285632,10
-1166158.1075007175,1771244.515285632,10
-1165694.7947841901,1771244.515285632,10
-1165231.4820676625,1771244.515285632,10
-1164768.1693511351,1771244.515285632,10
-1164304.8566346075,1771244.515285632,10
-1163841.5439180802,1771244.515285632,10
-1163378.2312015526,1771244.515285632,10
-1162914.9184850252,1771244.515285632,10
-1162451.6057684976,1771244.515285632,10
-1161988.2930519702,1771244.515285632,10
-1161524.9803354426,1771244.515285632,10
-1161061.6676189152,1771244.515285632,10
-1160598.3549023876,1771244.515285632,10
-1160135.0421858602,1771244.515285632,10
-1159671.7294693326,1771244.515285632,10
-1159208.416752805,1771244.515285632,10
-1158745.1040362776,1771244.515285632,10
-1158281.79131975,1771244.515285632,10
-1157818.4786032226,1771244.515285632,10
-1157355.165886695,1771244.515285632,10
-1156891.8531701677,1771244.515285632,10
-1156428.54045364,1771244.515285632,10
-1155965.2277371127,1771244.515285632,10
-1155501.915020585,1771244.515285632,10
-1155038.6023040577,1771244.515285632,10
-1154575.28958753,1771244.515285632,10
-1154111.9768710027,1771244.515285632,10
-1153648.664154475,1771244.515285632,10
-1153185.3514379477,1771244.515285632,10
-1152722.03872142,1771244.515285632,10
-1152258.7260048925,1771244.515285632,10
-1151795.4132883651,1771244.515285632,10
-1151332.1005718375,1771244.515285632,10
-1150868.7878553101,1771244.515285632,10
-1150405.4751387825,1771244.515285632,10
-1149942.1624222551,1771244.515285632,10
-1149478.8497057275,1771244.515285632,10
-1149015.5369892002,1771244.515285632,10
-1148552.2242726726,1771244.515285632,10
-1148088.9115561452,1771244.515285632,10
-1147625.5988396176,1771244.515285632,10
-1147162.2861230902,1771244.515285632,10
-1146698.9734065626,1771244.515285632,10
-1146235.6606900352,1771244.515285632,10
-1145772.3479735076,1771244.515285632,10
-1145309.03525698,1771244.515285632,10
-1144845.7225404526,1771244.515285632,10
-1144382.4098239252,1771244.515285632,10
-1143919.0971073976,1771244.515285632,10
-1143455.78439087,1771244.515285632,10
-1142992.4716743426,1771244.515285632,10
-1142529.158957815,1771244.515285632,10
-1142065.8462412877,1771244.515285632,10
-1141602.53352476,1771244.515285632,10
-1141139.2208082327,1771244.515285632,10
-1140675.908091705,1771244.515285632,10
-1278743.0976169002,1770781.2025691047,10
-1278279.7849003726,1770781.2025691047,10
-1277816.472183845,1770781.2025691047,10
-1277353.1594673176,1770781.2025691047,10
-1276889.84675079,1770781.2025691047,10
-1276426.5340342626,1770781.2025691047,10
-1275963.221317735,1770781.2025691047,10
-1275499.9086012077,1770781.2025691047,10
-1275036.59588468,1770781.2025691047,10
-1274573.2831681527,1770781.2025691047,10
-1274109.970451625,1770781.2025691047,10
-1273646.6577350977,1770781.2025691047,10
-1273183.34501857,1770781.2025691047,10
-1272720.0323020427,1770781.2025691047,10
-1272256.719585515,1770781.2025691047,10
-1271793.4068689877,1770781.2025691047,10
-1271330.09415246,1770781.2025691047,10
-1270866.7814359325,1770781.2025691047,10
-1270403.4687194051,1770781.2025691047,10
-1269940.1560028775,1770781.2025691047,10
-1269476.8432863501,1770781.2025691047,10
-1269013.5305698225,1770781.2025691047,10
-1268550.2178532952,1770781.2025691047,10
-1268086.9051367675,1770781.2025691047,10
-1267623.5924202402,1770781.2025691047,10
-1267160.2797037126,1770781.2025691047,10
-1266696.9669871852,1770781.2025691047,10
-1266233.6542706576,1770781.2025691047,10
-1265770.3415541302,1770781.2025691047,10
-1241678.0802947,1770781.2025691047,10
-1241214.7675781725,1770781.2025691047,10
-1240751.4548616451,1770781.2025691047,10
-1240288.1421451175,1770781.2025691047,10
-1239824.8294285901,1770781.2025691047,10
-1239361.5167120625,1770781.2025691047,10
-1238898.2039955352,1770781.2025691047,10
-1238434.8912790075,1770781.2025691047,10
-1237971.5785624802,1770781.2025691047,10
-1237508.2658459526,1770781.2025691047,10
-1237044.9531294252,1770781.2025691047,10
-1236581.6404128976,1770781.2025691047,10
-1236118.3276963702,1770781.2025691047,10
-1235655.0149798426,1770781.2025691047,10
-1235191.7022633152,1770781.2025691047,10
-1234728.3895467876,1770781.2025691047,10
-1234265.07683026,1770781.2025691047,10
-1233801.7641137326,1770781.2025691047,10
-1233338.4513972052,1770781.2025691047,10
-1232875.1386806776,1770781.2025691047,10
-1232411.82596415,1770781.2025691047,10
-1231948.5132476226,1770781.2025691047,10
-1231485.200531095,1770781.2025691047,10
-1231021.8878145677,1770781.2025691047,10
-1230558.57509804,1770781.2025691047,10
-1230095.2623815127,1770781.2025691047,10
-1229631.949664985,1770781.2025691047,10
-1229168.6369484577,1770781.2025691047,10
-1228705.32423193,1770781.2025691047,10
-1228242.0115154027,1770781.2025691047,10
-1227778.698798875,1770781.2025691047,10
-1227315.3860823475,1770781.2025691047,10
-1226852.07336582,1770781.2025691047,10
-1226388.7606492927,1770781.2025691047,10
-1225925.4479327651,1770781.2025691047,10
-1225462.1352162375,1770781.2025691047,10
-1224998.8224997101,1770781.2025691047,10
-1224535.5097831825,1770781.2025691047,10
-1224072.1970666551,1770781.2025691047,10
-1223608.8843501275,1770781.2025691047,10
-1223145.5716336002,1770781.2025691047,10
-1222682.2589170726,1770781.2025691047,10
-1222218.9462005452,1770781.2025691047,10
-1221755.6334840176,1770781.2025691047,10
-1221292.3207674902,1770781.2025691047,10
-1220829.0080509626,1770781.2025691047,10
-1220365.6953344352,1770781.2025691047,10
-1219902.3826179076,1770781.2025691047,10
-1219439.0699013802,1770781.2025691047,10
-1218975.7571848526,1770781.2025691047,10
-1218512.444468325,1770781.2025691047,10
-1218049.1317517976,1770781.2025691047,10
-1217585.81903527,1770781.2025691047,10
-1217122.5063187426,1770781.2025691047,10
-1216659.193602215,1770781.2025691047,10
-1216195.8808856877,1770781.2025691047,10
-1215732.56816916,1770781.2025691047,10
-1215269.2554526327,1770781.2025691047,10
-1214805.942736105,1770781.2025691047,10
-1214342.6300195777,1770781.2025691047,10
-1213879.31730305,1770781.2025691047,10
-1213416.0045865227,1770781.2025691047,10
-1212952.691869995,1770781.2025691047,10
-1212489.3791534677,1770781.2025691047,10
-1212026.06643694,1770781.2025691047,10
-1211562.7537204125,1770781.2025691047,10
-1211099.4410038851,1770781.2025691047,10
-1210636.1282873575,1770781.2025691047,10
-1210172.8155708301,1770781.2025691047,10
-1209709.5028543025,1770781.2025691047,10
-1209246.1901377751,1770781.2025691047,10
-1208782.8774212475,1770781.2025691047,10
-1208319.5647047202,1770781.2025691047,10
-1207856.2519881926,1770781.2025691047,10
-1207392.9392716652,1770781.2025691047,10
-1206929.6265551376,1770781.2025691047,10
-1206466.3138386102,1770781.2025691047,10
-1206003.0011220826,1770781.2025691047,10
-1205539.6884055552,1770781.2025691047,10
-1205076.3756890276,1770781.2025691047,10
-1204613.0629725,1770781.2025691047,10
-1204149.7502559726,1770781.2025691047,10
-1203686.4375394452,1770781.2025691047,10
-1203223.1248229176,1770781.2025691047,10
-1202759.81210639,1770781.2025691047,10
-1202296.4993898626,1770781.2025691047,10
-1201833.186673335,1770781.2025691047,10
-1201369.8739568077,1770781.2025691047,10
-1200906.56124028,1770781.2025691047,10
-1200443.2485237527,1770781.2025691047,10
-1199979.935807225,1770781.2025691047,10
-1199516.6230906977,1770781.2025691047,10
-1199053.31037417,1770781.2025691047,10
-1198589.9976576427,1770781.2025691047,10
-1198126.684941115,1770781.2025691047,10
-1197663.3722245875,1770781.2025691047,10
-1197200.05950806,1770781.2025691047,10
-1196736.7467915327,1770781.2025691047,10
-1196273.4340750051,1770781.2025691047,10
-1195810.1213584775,1770781.2025691047,10
-1195346.8086419501,1770781.2025691047,10
-1194883.4959254225,1770781.2025691047,10
-1194420.1832088951,1770781.2025691047,10
-1193956.8704923675,1770781.2025691047,10
-1193493.5577758402,1770781.2025691047,10
-1193030.2450593126,1770781.2025691047,10
-1192566.9323427852,1770781.2025691047,10
-1192103.6196262576,1770781.2025691047,10
-1191640.3069097302,1770781.2025691047,10
-1191176.9941932026,1770781.2025691047,10
-1190713.6814766752,1770781.2025691047,10
-1190250.3687601476,1770781.2025691047,10
-1189787.0560436202,1770781.2025691047,10
-1189323.7433270926,1770781.2025691047,10
-1188860.430610565,1770781.2025691047,10
-1188397.1178940376,1770781.2025691047,10
-1187933.80517751,1770781.2025691047,10
-1187470.4924609826,1770781.2025691047,10
-1187007.179744455,1770781.2025691047,10
-1186543.8670279277,1770781.2025691047,10
-1186080.5543114,1770781.2025691047,10
-1185617.2415948727,1770781.2025691047,10
-1185153.928878345,1770781.2025691047,10
-1184690.6161618177,1770781.2025691047,10
-1184227.30344529,1770781.2025691047,10
-1183763.9907287627,1770781.2025691047,10
-1183300.678012235,1770781.2025691047,10
-1182837.3652957077,1770781.2025691047,10
-1182374.05257918,1770781.2025691047,10
-1181910.7398626525,1770781.2025691047,10
-1181447.4271461251,1770781.2025691047,10
-1180984.1144295975,1770781.2025691047,10
-1180520.8017130701,1770781.2025691047,10
-1180057.4889965425,1770781.2025691047,10
-1179594.1762800151,1770781.2025691047,10
-1179130.8635634875,1770781.2025691047,10
-1178667.5508469602,1770781.2025691047,10
-1178204.2381304326,1770781.2025691047,10
-1177740.9254139052,1770781.2025691047,10
-1177277.6126973776,1770781.2025691047,10
-1176814.2999808502,1770781.2025691047,10
-1176350.9872643226,1770781.2025691047,10
-1175887.6745477952,1770781.2025691047,10
-1175424.3618312676,1770781.2025691047,10
-1174961.04911474,1770781.2025691047,10
-1174497.7363982126,1770781.2025691047,10
-1174034.4236816852,1770781.2025691047,10
-1173571.1109651576,1770781.2025691047,10
-1173107.79824863,1770781.2025691047,10
-1172644.4855321026,1770781.2025691047,10
-1172181.172815575,1770781.2025691047,10
-1171717.8600990477,1770781.2025691047,10
-1171254.54738252,1770781.2025691047,10
-1170791.2346659927,1770781.2025691047,10
-1170327.921949465,1770781.2025691047,10
-1169864.6092329377,1770781.2025691047,10
-1169401.29651641,1770781.2025691047,10
-1168937.9837998827,1770781.2025691047,10
-1168474.671083355,1770781.2025691047,10
-1168011.3583668275,1770781.2025691047,10
-1167548.0456503,1770781.2025691047,10
-1167084.7329337727,1770781.2025691047,10
-1166621.4202172451,1770781.2025691047,10
-1166158.1075007175,1770781.2025691047,10
-1165694.7947841901,1770781.2025691047,10
-1165231.4820676625,1770781.2025691047,10
-1164768.1693511351,1770781.2025691047,10
-1164304.8566346075,1770781.2025691047,10
-1163841.5439180802,1770781.2025691047,10
-1163378.2312015526,1770781.2025691047,10
-1162914.9184850252,1770781.2025691047,10
-1162451.6057684976,1770781.2025691047,10
-1161988.2930519702,1770781.2025691047,10
-1161524.9803354426,1770781.2025691047,10
-1161061.6676189152,1770781.2025691047,10
-1160598.3549023876,1770781.2025691047,10
-1160135.0421858602,1770781.2025691047,10
-1159671.7294693326,1770781.2025691047,10
-1159208.416752805,1770781.2025691047,10
-1158745.1040362776,1770781.2025691047,10
-1158281.79131975,1770781.2025691047,10
-1157818.4786032226,1770781.2025691047,10
-1157355.165886695,1770781.2025691047,10
-1156891.8531701677,1770781.2025691047,10
-1156428.54045364,1770781.2025691047,10
-1155965.2277371127,1770781.2025691047,10
-1155501.915020585,1770781.2025691047,10
-1155038.6023040577,1770781.2025691047,10
-1154575.28958753,1770781.2025691047,10
-1154111.9768710027,1770781.2025691047,10
-1153648.664154475,1770781.2025691047,10
-1153185.3514379477,1770781.2025691047,10
-1152722.03872142,1770781.2025691047,10
-1152258.7260048925,1770781.2025691047,10
-1151795.4132883651,1770781.2025691047,10
-1151332.1005718375,1770781.2025691047,10
-1150868.7878553101,1770781.2025691047,10
-1150405.4751387825,1770781.2025691047,10
-1149942.1624222551,1770781.2025691047,10
-1149478.8497057275,1770781.2025691047,10
-1149015.5369892002,1770781.2025691047,10
-1148552.2242726726,1770781.2025691047,10
-1148088.9115561452,1770781.2025691047,10
-1147625.5988396176,1770781.2025691047,10
-1147162.2861230902,1770781.2025691047,10
-1146698.9734065626,1770781.2025691047,10
-1146235.6606900352,1770781.2025691047,10
-1145772.3479735076,1770781.2025691047,10
-1145309.03525698,1770781.2025691047,10
-1144845.7225404526,1770781.2025691047,10
-1144382.4098239252,1770781.2025691047,10
-1143919.0971073976,1770781.2025691047,10
-1143455.78439087,1770781.2025691047,10
-1142992.4716743426,1770781.2025691047,10
-1142529.158957815,1770781.2025691047,10
-1142065.8462412877,1770781.2025691047,10
-1141602.53352476,1770781.2025691047,10
-1141139.2208082327,1770781.2025691047,10
-1140675.908091705,1770781.2025691047,10
-1278279.7849003726,1770317.8898525771,10
-1277816.472183845,1770317.8898525771,10
-1277353.1594673176,1770317.8898525771,10
-1276889.84675079,1770317.8898525771,10
-1276426.5340342626,1770317.8898525771,10
-1275963.221317735,1770317.8898525771,10
-1275499.9086012077,1770317.8898525771,10
-1275036.59588468,1770317.8898525771,10
-1274573.2831681527,1770317.8898525771,10
-1274109.970451625,1770317.8898525771,10
-1273646.6577350977,1770317.8898525771,10
-1273183.34501857,1770317.8898525771,10
-1272720.0323020427,1770317.8898525771,10
-1272256.719585515,1770317.8898525771,10
-1271793.4068689877,1770317.8898525771,10
-1271330.09415246,1770317.8898525771,10
-1270866.7814359325,1770317.8898525771,10
-1270403.4687194051,1770317.8898525771,10
-1269940.1560028775,1770317.8898525771,10
-1269476.8432863501,1770317.8898525771,10
-1269013.5305698225,1770317.8898525771,10
-1268550.2178532952,1770317.8898525771,10
-1268086.9051367675,1770317.8898525771,10
-1267623.5924202402,1770317.8898525771,10
-1267160.2797037126,1770317.8898525771,10
-1266696.9669871852,1770317.8898525771,10
-1266233.6542706576,1770317.8898525771,10
-1265770.3415541302,1770317.8898525771,10
-1242141.3930112277,1770317.8898525771,10
-1241678.0802947,1770317.8898525771,10
-1241214.7675781725,1770317.8898525771,10
-1240751.4548616451,1770317.8898525771,10
-1240288.1421451175,1770317.8898525771,10
-1239824.8294285901,1770317.8898525771,10
-1239361.5167120625,1770317.8898525771,10
-1238898.2039955352,1770317.8898525771,10
-1238434.8912790075,1770317.8898525771,10
-1237971.5785624802,1770317.8898525771,10
-1237508.2658459526,1770317.8898525771,10
-1237044.9531294252,1770317.8898525771,10
-1236581.6404128976,1770317.8898525771,10
-1236118.3276963702,1770317.8898525771,10
-1235655.0149798426,1770317.8898525771,10
-1235191.7022633152,1770317.8898525771,10
-1234728.3895467876,1770317.8898525771,10
-1234265.07683026,1770317.8898525771,10
-1233801.7641137326,1770317.8898525771,10
-1233338.4513972052,1770317.8898525771,10
-1232875.1386806776,1770317.8898525771,10
-1232411.82596415,1770317.8898525771,10
-1231948.5132476226,1770317.8898525771,10
-1231485.200531095,1770317.8898525771,10
-1231021.8878145677,1770317.8898525771,10
-1230558.57509804,1770317.8898525771,10
-1230095.2623815127,1770317.8898525771,10
-1229631.949664985,1770317.8898525771,10
-1229168.6369484577,1770317.8898525771,10
-1228705.32423193,1770317.8898525771,10
-1228242.0115154027,1770317.8898525771,10
-1227778.698798875,1770317.8898525771,10
-1227315.3860823475,1770317.8898525771,10
-1226852.07336582,1770317.8898525771,10
-1226388.7606492927,1770317.8898525771,10
-1225925.4479327651,1770317.8898525771,10
-1225462.1352162375,1770317.8898525771,10
-1224998.8224997101,1770317.8898525771,10
-1224535.5097831825,1770317.8898525771,10
-1224072.1970666551,1770317.8898525771,10
-1223608.8843501275,1770317.8898525771,10
-1223145.5716336002,1770317.8898525771,10
-1222682.2589170726,1770317.8898525771,10
-1222218.9462005452,1770317.8898525771,10
-1221755.6334840176,1770317.8898525771,10
-1221292.3207674902,1770317.8898525771,10
-1220829.0080509626,1770317.8898525771,10
-1220365.6953344352,1770317.8898525771,10
-1219902.3826179076,1770317.8898525771,10
-1219439.0699013802,1770317.8898525771,10
-1218975.7571848526,1770317.8898525771,10
-1218512.444468325,1770317.8898525771,10
-1218049.1317517976,1770317.8898525771,10
-1217585.81903527,1770317.8898525771,10
-1217122.5063187426,1770317.8898525771,10
-1216659.193602215,1770317.8898525771,10
-1216195.8808856877,1770317.8898525771,10
-1215732.56816916,1770317.8898525771,10
-1215269.2554526327,1770317.8898525771,10
-1214805.942736105,1770317.8898525771,10
-1214342.6300195777,1770317.8898525771,10
-1213879.31730305,1770317.8898525771,10
-1213416.0045865227,1770317.8898525771,10
-1212952.691869995,1770317.8898525771,10
-1212489.3791534677,1770317.8898525771,10
-1212026.06643694,1770317.8898525771,10
-1211562.7537204125,1770317.8898525771,10
-1211099.4410038851,1770317.8898525771,10
-1210636.1282873575,1770317.8898525771,10
-1210172.8155708301,1770317.8898525771,10
-1209709.5028543025,1770317.8898525771,10
-1209246.1901377751,1770317.8898525771,10
-1208782.8774212475,1770317.8898525771,10
-1208319.5647047202,1770317.8898525771,10
-1207856.2519881926,1770317.8898525771,10
-1207392.9392716652,1770317.8898525771,10
-1206929.6265551376,1770317.8898525771,10
-1206466.3138386102,1770317.8898525771,10
-1206003.0011220826,1770317.8898525771,10
-1205539.6884055552,1770317.8898525771,10
-1205076.3756890276,1770317.8898525771,10
-1204613.0629725,1770317.8898525771,10
-1204149.7502559726,1770317.8898525771,10
-1203686.4375394452,1770317.8898525771,10
-1203223.1248229176,1770317.8898525771,10
-1202759.81210639,1770317.8898525771,10
-1202296.4993898626,1770317.8898525771,10
-1201833.186673335,1770317.8898525771,10
-1201369.8739568077,1770317.8898525771,10
-1200906.56124028,1770317.8898525771,10
-1200443.2485237527,1770317.8898525771,10
-1199979.935807225,1770317.8898525771,10
-1199516.6230906977,1770317.8898525771,10
-1199053.31037417,1770317.8898525771,10
-1198589.9976576427,1770317.8898525771,10
-1198126.684941115,1770317.8898525771,10
-1197663.3722245875,1770317.8898525771,10
-1197200.05950806,1770317.8898525771,10
-1196736.7467915327,1770317.8898525771,10
-1196273.4340750051,1770317.8898525771,10
-1195810.1213584775,1770317.8898525771,10
-1195346.8086419501,1770317.8898525771,10
-1194883.4959254225,1770317.8898525771,10
-1194420.1832088951,1770317.8898525771,10
-1193956.8704923675,1770317.8898525771,10
-1193493.5577758402,1770317.8898525771,10
-1193030.2450593126,1770317.8898525771,10
-1192566.9323427852,1770317.8898525771,10
-1192103.6196262576,1770317.8898525771,10
-1191640.3069097302,1770317.8898525771,10
-1191176.9941932026,1770317.8898525771,10
-1190713.6814766752,1770317.8898525771,10
-1190250.3687601476,1770317.8898525771,10
-1189787.0560436202,1770317.8898525771,10
-1189323.7433270926,1770317.8898525771,10
-1188860.430610565,1770317.8898525771,10
-1188397.1178940376,1770317.8898525771,10
-1187933.80517751,1770317.8898525771,10
-1187470.4924609826,1770317.8898525771,10
-1187007.179744455,1770317.8898525771,10
-1186543.8670279277,1770317.8898525771,10
-1186080.5543114,1770317.8898525771,10
-1185617.2415948727,1770317.8898525771,10
-1185153.928878345,1770317.8898525771,10
-1184690.6161618177,1770317.8898525771,10
-1184227.30344529,1770317.8898525771,10
-1183763.9907287627,1770317.8898525771,10
-1183300.678012235,1770317.8898525771,10
-1182837.3652957077,1770317.8898525771,10
-1182374.05257918,1770317.8898525771,10
-1181910.7398626525,1770317.8898525771,10
-1181447.4271461251,1770317.8898525771,10
-1180984.1144295975,1770317.8898525771,10
-1180520.8017130701,1770317.8898525771,10
-1180057.4889965425,1770317.8898525771,10
-1179594.1762800151,1770317.8898525771,10
-1179130.8635634875,1770317.8898525771,10
-1178667.5508469602,1770317.8898525771,10
-1178204.2381304326,1770317.8898525771,10
-1177740.9254139052,1770317.8898525771,10
-1177277.6126973776,1770317.8898525771,10
-1176814.2999808502,1770317.8898525771,10
-1176350.9872643226,1770317.8898525771,10
-1175887.6745477952,1770317.8898525771,10
-1175424.3618312676,1770317.8898525771,10
-1174961.04911474,1770317.8898525771,10
-1174497.7363982126,1770317.8898525771,10
-1174034.4236816852,1770317.8898525771,10
-1173571.1109651576,1770317.8898525771,10
-1173107.79824863,1770317.8898525771,10
-1172644.4855321026,1770317.8898525771,10
-1172181.172815575,1770317.8898525771,10
-1171717.8600990477,1770317.8898525771,10
-1171254.54738252,1770317.8898525771,10
-1170791.2346659927,1770317.8898525771,10
-1170327.921949465,1770317.8898525771,10
-1169864.6092329377,1770317.8898525771,10
-1169401.29651641,1770317.8898525771,10
-1168937.9837998827,1770317.8898525771,10
-1168474.671083355,1770317.8898525771,10
-1168011.3583668275,1770317.8898525771,10
-1167548.0456503,1770317.8898525771,10
-1167084.7329337727,1770317.8898525771,10
-1166621.4202172451,1770317.8898525771,10
-1166158.1075007175,1770317.8898525771,10
-1165694.7947841901,1770317.8898525771,10
-1165231.4820676625,1770317.8898525771,10
-1164768.1693511351,1770317.8898525771,10
-1164304.8566346075,1770317.8898525771,10
-1163841.5439180802,1770317.8898525771,10
-1163378.2312015526,1770317.8898525771,10
-1162914.9184850252,1770317.8898525771,10
-1162451.6057684976,1770317.8898525771,10
-1161988.2930519702,1770317.8898525771,10
-1161524.9803354426,1770317.8898525771,10
-1161061.6676189152,1770317.8898525771,10
-1160598.3549023876,1770317.8898525771,10
-1160135.0421858602,1770317.8898525771,10
-1159671.7294693326,1770317.8898525771,10
-1159208.416752805,1770317.8898525771,10
-1158745.1040362776,1770317.8898525771,10
-1158281.79131975,1770317.8898525771,10
-1157818.4786032226,1770317.8898525771,10
-1157355.165886695,1770317.8898525771,10
-1156891.8531701677,1770317.8898525771,10
-1156428.54045364,1770317.8898525771,10
-1155965.2277371127,1770317.8898525771,10
-1155501.915020585,1770317.8898525771,10
-1155038.6023040577,1770317.8898525771,10
-1154575.28958753,1770317.8898525771,10
-1154111.9768710027,1770317.8898525771,10
-1153648.664154475,1770317.8898525771,10
-1153185.3514379477,1770317.8898525771,10
-1152722.03872142,1770317.8898525771,10
-1152258.7260048925,1770317.8898525771,10
-1151795.4132883651,1770317.8898525771,10
-1151332.1005718375,1770317.8898525771,10
-1150868.7878553101,1770317.8898525771,10
-1150405.4751387825,1770317.8898525771,10
-1149942.1624222551,1770317.8898525771,10
-1149478.8497057275,1770317.8898525771,10
-1149015.5369892002,1770317.8898525771,10
-1148552.2242726726,1770317.8898525771,10
-1148088.9115561452,1770317.8898525771,10
-1147625.5988396176,1770317.8898525771,10
-1147162.2861230902,1770317.8898525771,10
-1146698.9734065626,1770317.8898525771,10
-1146235.6606900352,1770317.8898525771,10
-1145772.3479735076,1770317.8898525771,10
-1145309.03525698,1770317.8898525771,10
-1144845.7225404526,1770317.8898525771,10
-1144382.4098239252,1770317.8898525771,10
-1143919.0971073976,1770317.8898525771,10
-1143455.78439087,1770317.8898525771,10
-1142992.4716743426,1770317.8898525771,10
-1142529.158957815,1770317.8898525771,10
-1142065.8462412877,1770317.8898525771,10
-1141602.53352476,1770317.8898525771,10
-1141139.2208082327,1770317.8898525771,10
-1140675.908091705,1770317.8898525771,10
-1278279.7849003726,1769854.5771360497,10
-1277816.472183845,1769854.5771360497,10
-1277353.1594673176,1769854.5771360497,10
-1276889.84675079,1769854.5771360497,10
-1276426.5340342626,1769854.5771360497,10
-1275963.221317735,1769854.5771360497,10
-1275499.9086012077,1769854.5771360497,10
-1275036.59588468,1769854.5771360497,10
-1274573.2831681527,1769854.5771360497,10
-1274109.970451625,1769854.5771360497,10
-1273646.6577350977,1769854.5771360497,10
-1273183.34501857,1769854.5771360497,10
-1272720.0323020427,1769854.5771360497,10
-1272256.719585515,1769854.5771360497,10
-1271793.4068689877,1769854.5771360497,10
-1271330.09415246,1769854.5771360497,10
-1270866.7814359325,1769854.5771360497,10
-1270403.4687194051,1769854.5771360497,10
-1269940.1560028775,1769854.5771360497,10
-1269476.8432863501,1769854.5771360497,10
-1269013.5305698225,1769854.5771360497,10
-1268550.2178532952,1769854.5771360497,10
-1268086.9051367675,1769854.5771360497,10
-1267623.5924202402,1769854.5771360497,10
-1267160.2797037126,1769854.5771360497,10
-1266696.9669871852,1769854.5771360497,10
-1266233.6542706576,1769854.5771360497,10
-1265770.3415541302,1769854.5771360497,10
-1265307.0288376026,1769854.5771360497,10
-1242141.3930112277,1769854.5771360497,10
-1241678.0802947,1769854.5771360497,10
-1241214.7675781725,1769854.5771360497,10
-1240751.4548616451,1769854.5771360497,10
-1240288.1421451175,1769854.5771360497,10
-1239824.8294285901,1769854.5771360497,10
-1239361.5167120625,1769854.5771360497,10
-1238898.2039955352,1769854.5771360497,10
-1238434.8912790075,1769854.5771360497,10
-1237971.5785624802,1769854.5771360497,10
-1237508.2658459526,1769854.5771360497,10
-1237044.9531294252,1769854.5771360497,10
-1236581.6404128976,1769854.5771360497,10
-1236118.3276963702,1769854.5771360497,10
-1235655.0149798426,1769854.5771360497,10
-1235191.7022633152,1769854.5771360497,10
-1234728.3895467876,1769854.5771360497,10
-1234265.07683026,1769854.5771360497,10
-1233801.7641137326,1769854.5771360497,10
-1233338.4513972052,1769854.5771360497,10
-1232875.1386806776,1769854.5771360497,10
-1232411.82596415,1769854.5771360497,10
-1231948.5132476226,1769854.5771360497,10
-1231485.200531095,1769854.5771360497,10
-1231021.8878145677,1769854.5771360497,10
-1230558.57509804,1769854.5771360497,10
-1230095.2623815127,1769854.5771360497,10
-1229631.949664985,1769854.5771360497,10
-1229168.6369484577,1769854.5771360497,10
-1228705.32423193,1769854.5771360497,10
-1228242.0115154027,1769854.5771360497,10
-1227778.698798875,1769854.5771360497,10
-1227315.3860823475,1769854.5771360497,10
-1226852.07336582,1769854.5771360497,10
-1226388.7606492927,1769854.5771360497,10
-1225925.4479327651,1769854.5771360497,10
-1225462.1352162375,1769854.5771360497,10
-1224998.8224997101,1769854.5771360497,10
-1224535.5097831825,1769854.5771360497,10
-1224072.1970666551,1769854.5771360497,10
-1223608.8843501275,1769854.5771360497,10
-1223145.5716336002,1769854.5771360497,10
-1222682.2589170726,1769854.5771360497,10
-1222218.9462005452,1769854.5771360497,10
-1221755.6334840176,1769854.5771360497,10
-1221292.3207674902,1769854.5771360497,10
-1220829.0080509626,1769854.5771360497,10
-1220365.6953344352,1769854.5771360497,10
-1219902.3826179076,1769854.5771360497,10
-1219439.0699013802,1769854.5771360497,10
-1218975.7571848526,1769854.5771360497,10
-1218512.444468325,1769854.5771360497,10
-1218049.1317517976,1769854.5771360497,10
-1217585.81903527,1769854.5771360497,10
-1217122.5063187426,1769854.5771360497,10
-1216659.193602215,1769854.5771360497,10
-1216195.8808856877,1769854.5771360497,10
-1215732.56816916,1769854.5771360497,10
-1215269.2554526327,1769854.5771360497,10
-1214805.942736105,1769854.5771360497,10
-1214342.6300195777,1769854.5771360497,10
-1213879.31730305,1769854.5771360497,10
-1213416.0045865227,1769854.5771360497,10
-1212952.691869995,1769854.5771360497,10
-1212489.3791534677,1769854.5771360497,10
-1212026.06643694,1769854.5771360497,10
-1211562.7537204125,1769854.5771360497,10
-1211099.4410038851,1769854.5771360497,10
-1210636.1282873575,1769854.5771360497,10
-1210172.8155708301,1769854.5771360497,10
-1209709.5028543025,1769854.5771360497,10
-1209246.1901377751,1769854.5771360497,10
-1208782.8774212475,1769854.5771360497,10
-1208319.5647047202,1769854.5771360497,10
-1207856.2519881926,1769854.5771360497,10
-1207392.9392716652,1769854.5771360497,10
-1206929.6265551376,1769854.5771360497,10
-1206466.3138386102,1769854.5771360497,10
-1206003.0011220826,1769854.5771360497,10
-1205539.6884055552,1769854.5771360497,10
-1205076.3756890276,1769854.5771360497,10
-1204613.0629725,1769854.5771360497,10
-1204149.7502559726,1769854.5771360497,10
-1203686.4375394452,1769854.5771360497,10
-1203223.1248229176,1769854.5771360497,10
-1202759.81210639,1769854.5771360497,10
-1202296.4993898626,1769854.5771360497,10
-1201833.186673335,1769854.5771360497,10
-1201369.8739568077,1769854.5771360497,10
-1200906.56124028,1769854.5771360497,10
-1200443.2485237527,1769854.5771360497,10
-1199979.935807225,1769854.5771360497,10
-1199516.6230906977,1769854.5771360497,10
-1199053.31037417,1769854.5771360497,10
-1198589.9976576427,1769854.5771360497,10
-1198126.684941115,1769854.5771360497,10
-1197663.3722245875,1769854.5771360497,10
-1197200.05950806,1769854.5771360497,10
-1196736.7467915327,1769854.5771360497,10
-1196273.4340750051,1769854.5771360497,10
-1195810.1213584775,1769854.5771360497,10
-1195346.8086419501,1769854.5771360497,10
-1194883.4959254225,1769854.5771360497,10
-1194420.1832088951,1769854.5771360497,10
-1193956.8704923675,1769854.5771360497,10
-1193493.5577758402,1769854.5771360497,10
-1193030.2450593126,1769854.5771360497,10
-1192566.9323427852,1769854.5771360497,10
-1192103.6196262576,1769854.5771360497,10
-1191640.3069097302,1769854.5771360497,10
-1191176.9941932026,1769854.5771360497,10
-1190713.6814766752,1769854.5771360497,10
-1190250.3687601476,1769854.5771360497,10
-1189787.0560436202,1769854.5771360497,10
-1189323.7433270926,1769854.5771360497,10
-1188860.430610565,1769854.5771360497,10
-1188397.1178940376,1769854.5771360497,10
-1187933.80517751,1769854.5771360497,10
-1187470.4924609826,1769854.5771360497,10
-1187007.179744455,1769854.5771360497,10
-1186543.8670279277,1769854.5771360497,10
-1186080.5543114,1769854.5771360497,10
-1185617.2415948727,1769854.5771360497,10
-1185153.928878345,1769854.5771360497,10
-1184690.6161618177,1769854.5771360497,10
-1184227.30344529,1769854.5771360497,10
-1183763.9907287627,1769854.5771360497,10
-1183300.678012235,1769854.5771360497,10
-1182837.3652957077,1769854.5771360497,10
-1182374.05257918,1769854.5771360497,10
-1181910.7398626525,1769854.5771360497,10
-1181447.4271461251,1769854.5771360497,10
-1180984.1144295975,1769854.5771360497,10
-1180520.8017130701,1769854.5771360497,10
-1180057.4889965425,1769854.5771360497,10
-1179594.1762800151,1769854.5771360497,10
-1179130.8635634875,1769854.5771360497,10
-1178667.5508469602,1769854.5771360497,10
-1178204.2381304326,1769854.5771360497,10
-1177740.9254139052,1769854.5771360497,10
-1177277.6126973776,1769854.5771360497,10
-1176814.2999808502,1769854.5771360497,10
-1176350.9872643226,1769854.5771360497,10
-1175887.6745477952,1769854.5771360497,10
-1175424.3618312676,1769854.5771360497,10
-1174961.04911474,1769854.5771360497,10
-1174497.7363982126,1769854.5771360497,10
-1174034.4236816852,1769854.5771360497,10
-1173571.1109651576,1769854.5771360497,10
-1173107.79824863,1769854.5771360497,10
-1172644.4855321026,1769854.5771360497,10
-1172181.172815575,1769854.5771360497,10
-1171717.8600990477,1769854.5771360497,10
-1171254.54738252,1769854.5771360497,10
-1170791.2346659927,1769854.5771360497,10
-1170327.921949465,1769854.5771360497,10
-1169864.6092329377,1769854.5771360497,10
-1169401.29651641,1769854.5771360497,10
-1168937.9837998827,1769854.5771360497,10
-1168474.671083355,1769854.5771360497,10
-1168011.3583668275,1769854.5771360497,10
-1167548.0456503,1769854.5771360497,10
-1167084.7329337727,1769854.5771360497,10
-1166621.4202172451,1769854.5771360497,10
-1166158.1075007175,1769854.5771360497,10
-1165694.7947841901,1769854.5771360497,10
-1165231.4820676625,1769854.5771360497,10
-1164768.1693511351,1769854.5771360497,10
-1164304.8566346075,1769854.5771360497,10
-1163841.5439180802,1769854.5771360497,10
-1163378.2312015526,1769854.5771360497,10
-1162914.9184850252,1769854.5771360497,10
-1162451.6057684976,1769854.5771360497,10
-1161988.2930519702,1769854.5771360497,10
-1161524.9803354426,1769854.5771360497,10
-1161061.6676189152,1769854.5771360497,10
-1160598.3549023876,1769854.5771360497,10
-1160135.0421858602,1769854.5771360497,10
-1159671.7294693326,1769854.5771360497,10
-1159208.416752805,1769854.5771360497,10
-1158745.1040362776,1769854.5771360497,10
-1158281.79131975,1769854.5771360497,10
-1157818.4786032226,1769854.5771360497,10
-1157355.165886695,1769854.5771360497,10
-1156891.8531701677,1769854.5771360497,10
-1156428.54045364,1769854.5771360497,10
-1155965.2277371127,1769854.5771360497,10
-1155501.915020585,1769854.5771360497,10
-1155038.6023040577,1769854.5771360497,10
-1154575.28958753,1769854.5771360497,10
-1154111.9768710027,1769854.5771360497,10
-1153648.664154475,1769854.5771360497,10
-1153185.3514379477,1769854.5771360497,10
-1152722.03872142,1769854.5771360497,10
-1152258.7260048925,1769854.5771360497,10
-1151795.4132883651,1769854.5771360497,10
-1151332.1005718375,1769854.5771360497,10
-1150868.7878553101,1769854.5771360497,10
-1150405.4751387825,1769854.5771360497,10
-1149942.1624222551,1769854.5771360497,10
-1149478.8497057275,1769854.5771360497,10
-1149015.5369892002,1769854.5771360497,10
-1148552.2242726726,1769854.5771360497,10
-1148088.9115561452,1769854.5771360497,10
-1147625.5988396176,1769854.5771360497,10
-1147162.2861230902,1769854.5771360497,10
-1146698.9734065626,1769854.5771360497,10
-1146235.6606900352,1769854.5771360497,10
-1145772.3479735076,1769854.5771360497,10
-1145309.03525698,1769854.5771360497,10
-1144845.7225404526,1769854.5771360497,10
-1144382.4098239252,1769854.5771360497,10
-1143919.0971073976,1769854.5771360497,10
-1143455.78439087,1769854.5771360497,10
-1142992.4716743426,1769854.5771360497,10
-1142529.158957815,1769854.5771360497,10
-1142065.8462412877,1769854.5771360497,10
-1141602.53352476,1769854.5771360497,10
-1141139.2208082327,1769854.5771360497,10
-1140675.908091705,1769854.5771360497,10
-1277816.472183845,1769391.2644195221,10
-1277353.1594673176,1769391.2644195221,10
-1276889.84675079,1769391.2644195221,10
-1276426.5340342626,1769391.2644195221,10
-1275963.221317735,1769391.2644195221,10
-1275499.9086012077,1769391.2644195221,10
-1275036.59588468,1769391.2644195221,10
-1274573.2831681527,1769391.2644195221,10
-1274109.970451625,1769391.2644195221,10
-1273646.6577350977,1769391.2644195221,10
-1273183.34501857,1769391.2644195221,10
-1272720.0323020427,1769391.2644195221,10
-1272256.719585515,1769391.2644195221,10
-1271793.4068689877,1769391.2644195221,10
-1269013.5305698225,1769391.2644195221,10
-1268550.2178532952,1769391.2644195221,10
-1268086.9051367675,1769391.2644195221,10
-1267623.5924202402,1769391.2644195221,10
-1267160.2797037126,1769391.2644195221,10
-1266696.9669871852,1769391.2644195221,10
-1266233.6542706576,1769391.2644195221,10
-1265770.3415541302,1769391.2644195221,10
-1265307.0288376026,1769391.2644195221,10
-1264843.7161210752,1769391.2644195221,10
-1242604.705727755,1769391.2644195221,10
-1242141.3930112277,1769391.2644195221,10
-1241678.0802947,1769391.2644195221,10
-1241214.7675781725,1769391.2644195221,10
-1240751.4548616451,1769391.2644195221,10
-1240288.1421451175,1769391.2644195221,10
-1239824.8294285901,1769391.2644195221,10
-1239361.5167120625,1769391.2644195221,10
-1238898.2039955352,1769391.2644195221,10
-1238434.8912790075,1769391.2644195221,10
-1237971.5785624802,1769391.2644195221,10
-1237508.2658459526,1769391.2644195221,10
-1237044.9531294252,1769391.2644195221,10
-1236581.6404128976,1769391.2644195221,10
-1236118.3276963702,1769391.2644195221,10
-1235655.0149798426,1769391.2644195221,10
-1235191.7022633152,1769391.2644195221,10
-1234728.3895467876,1769391.2644195221,10
-1234265.07683026,1769391.2644195221,10
-1233801.7641137326,1769391.2644195221,10
-1233338.4513972052,1769391.2644195221,10
-1232875.1386806776,1769391.2644195221,10
-1232411.82596415,1769391.2644195221,10
-1231948.5132476226,1769391.2644195221,10
-1231485.200531095,1769391.2644195221,10
-1231021.8878145677,1769391.2644195221,10
-1230558.57509804,1769391.2644195221,10
-1230095.2623815127,1769391.2644195221,10
-1229631.949664985,1769391.2644195221,10
-1229168.6369484577,1769391.2644195221,10
-1228705.32423193,1769391.2644195221,10
-1228242.0115154027,1769391.2644195221,10
-1227778.698798875,1769391.2644195221,10
-1227315.3860823475,1769391.2644195221,10
-1226852.07336582,1769391.2644195221,10
-1226388.7606492927,1769391.2644195221,10
-1225925.4479327651,1769391.2644195221,10
-1225462.1352162375,1769391.2644195221,10
-1224998.8224997101,1769391.2644195221,10
-1224535.5097831825,1769391.2644195221,10
-1224072.1970666551,1769391.2644195221,10
-1223608.8843501275,1769391.2644195221,10
-1223145.5716336002,1769391.2644195221,10
-1222682.2589170726,1769391.2644195221,10
-1222218.9462005452,1769391.2644195221,10
-1221755.6334840176,1769391.2644195221,10
-1221292.3207674902,1769391.2644195221,10
-1220829.0080509626,1769391.2644195221,10
-1220365.6953344352,1769391.2644195221,10
-1219902.3826179076,1769391.2644195221,10
-1219439.0699013802,1769391.2644195221,10
-1218975.7571848526,1769391.2644195221,10
-1218512.444468325,1769391.2644195221,10
-1218049.1317517976,1769391.2644195221,10
-1217585.81903527,1769391.2644195221,10
-1217122.5063187426,1769391.2644195221,10
-1216659.193602215,1769391.2644195221,10
-1216195.8808856877,1769391.2644195221,10
-1215732.56816916,1769391.2644195221,10
-1215269.2554526327,1769391.2644195221,10
-1214805.942736105,1769391.2644195221,10
-1214342.6300195777,1769391.2644195221,10
-1213879.31730305,1769391.2644195221,10
-1213416.0045865227,1769391.2644195221,10
-1212952.691869995,1769391.2644195221,10
-1212489.3791534677,1769391.2644195221,10
-1212026.06643694,1769391.2644195221,10
-1211562.7537204125,1769391.2644195221,10
-1211099.4410038851,1769391.2644195221,10
-1210636.1282873575,1769391.2644195221,10
-1210172.8155708301,1769391.2644195221,10
-1209709.5028543025,1769391.2644195221,10
-1209246.1901377751,1769391.2644195221,10
-1208782.8774212475,1769391.2644195221,10
-1208319.5647047202,1769391.2644195221,10
-1207856.2519881926,1769391.2644195221,10
-1207392.9392716652,1769391.2644195221,10
-1206929.6265551376,1769391.2644195221,10
-1206466.3138386102,1769391.2644195221,10
-1206003.0011220826,1769391.2644195221,10
-1205539.6884055552,1769391.2644195221,10
-1205076.3756890276,1769391.2644195221,10
-1204613.0629725,1769391.2644195221,10
-1204149.7502559726,1769391.2644195221,10
-1203686.4375394452,1769391.2644195221,10
-1203223.1248229176,1769391.2644195221,10
-1202759.81210639,1769391.2644195221,10
-1202296.4993898626,1769391.2644195221,10
-1201833.186673335,1769391.2644195221,10
-1201369.8739568077,1769391.2644195221,10
-1200906.56124028,1769391.2644195221,10
-1200443.2485237527,1769391.2644195221,10
-1199979.935807225,1769391.2644195221,10
-1199516.6230906977,1769391.2644195221,10
-1199053.31037417,1769391.2644195221,10
-1198589.9976576427,1769391.2644195221,10
-1198126.684941115,1769391.2644195221,10
-1197663.3722245875,1769391.2644195221,10
-1197200.05950806,1769391.2644195221,10
-1196736.7467915327,1769391.2644195221,10
-1196273.4340750051,1769391.2644195221,10
-1195810.1213584775,1769391.2644195221,10
-1195346.8086419501,1769391.2644195221,10
-1194883.4959254225,1769391.2644195221,10
-1194420.1832088951,1769391.2644195221,10
-1193956.8704923675,1769391.2644195221,10
-1193493.5577758402,1769391.2644195221,10
-1193030.2450593126,1769391.2644195221,10
-1192566.9323427852,1769391.2644195221,10
-1192103.6196262576,1769391.2644195221,10
-1191640.3069097302,1769391.2644195221,10
-1191176.9941932026,1769391.2644195221,10
-1190713.6814766752,1769391.2644195221,10
-1190250.3687601476,1769391.2644195221,10
-1189787.0560436202,1769391.2644195221,10
-1189323.7433270926,1769391.2644195221,10
-1188860.430610565,1769391.2644195221,10
-1188397.1178940376,1769391.2644195221,10
-1187933.80517751,1769391.2644195221,10
-1187470.4924609826,1769391.2644195221,10
-1187007.179744455,1769391.2644195221,10
-1186543.8670279277,1769391.2644195221,10
-1186080.5543114,1769391.2644195221,10
-1185617.2415948727,1769391.2644195221,10
-1185153.928878345,1769391.2644195221,10
-1184690.6161618177,1769391.2644195221,10
-1184227.30344529,1769391.2644195221,10
-1183763.9907287627,1769391.2644195221,10
-1183300.678012235,1769391.2644195221,10
-1182837.3652957077,1769391.2644195221,10
-1182374.05257918,1769391.2644195221,10
-1181910.7398626525,1769391.2644195221,10
-1181447.4271461251,1769391.2644195221,10
-1180984.1144295975,1769391.2644195221,10
-1180520.8017130701,1769391.2644195221,10
-1180057.4889965425,1769391.2644195221,10
-1179594.1762800151,1769391.2644195221,10
-1179130.8635634875,1769391.2644195221,10
-1178667.5508469602,1769391.2644195221,10
-1178204.2381304326,1769391.2644195221,10
-1177740.9254139052,1769391.2644195221,10
-1177277.6126973776,1769391.2644195221,10
-1176814.2999808502,1769391.2644195221,10
-1176350.9872643226,1769391.2644195221,10
-1175887.6745477952,1769391.2644195221,10
-1175424.3618312676,1769391.2644195221,10
-1174961.04911474,1769391.2644195221,10
-1174497.7363982126,1769391.2644195221,10
-1174034.4236816852,1769391.2644195221,10
-1173571.1109651576,1769391.2644195221,10
-1173107.79824863,1769391.2644195221,10
-1172644.4855321026,1769391.2644195221,10
-1172181.172815575,1769391.2644195221,10
-1171717.8600990477,1769391.2644195221,10
-1171254.54738252,1769391.2644195221,10
-1170791.2346659927,1769391.2644195221,10
-1170327.921949465,1769391.2644195221,10
-1169864.6092329377,1769391.2644195221,10
-1169401.29651641,1769391.2644195221,10
-1168937.9837998827,1769391.2644195221,10
-1168474.671083355,1769391.2644195221,10
-1168011.3583668275,1769391.2644195221,10
-1167548.0456503,1769391.2644195221,10
-1167084.7329337727,1769391.2644195221,10
-1166621.4202172451,1769391.2644195221,10
-1166158.1075007175,1769391.2644195221,10
-1165694.7947841901,1769391.2644195221,10
-1165231.4820676625,1769391.2644195221,10
-1164768.1693511351,1769391.2644195221,10
-1164304.8566346075,1769391.2644195221,10
-1163841.5439180802,1769391.2644195221,10
-1163378.2312015526,1769391.2644195221,10
-1162914.9184850252,1769391.2644195221,10
-1162451.6057684976,1769391.2644195221,10
-1161988.2930519702,1769391.2644195221,10
-1161524.9803354426,1769391.2644195221,10
-1161061.6676189152,1769391.2644195221,10
-1160598.3549023876,1769391.2644195221,10
-1160135.0421858602,1769391.2644195221,10
-1159671.7294693326,1769391.2644195221,10
-1159208.416752805,1769391.2644195221,10
-1158745.1040362776,1769391.2644195221,10
-1158281.79131975,1769391.2644195221,10
-1157818.4786032226,1769391.2644195221,10
-1157355.165886695,1769391.2644195221,10
-1156891.8531701677,1769391.2644195221,10
-1156428.54045364,1769391.2644195221,10
-1155965.2277371127,1769391.2644195221,10
-1155501.915020585,1769391.2644195221,10
-1155038.6023040577,1769391.2644195221,10
-1154575.28958753,1769391.2644195221,10
-1154111.9768710027,1769391.2644195221,10
-1153648.664154475,1769391.2644195221,10
-1153185.3514379477,1769391.2644195221,10
-1152722.03872142,1769391.2644195221,10
-1152258.7260048925,1769391.2644195221,10
-1151795.4132883651,1769391.2644195221,10
-1151332.1005718375,1769391.2644195221,10
-1150868.7878553101,1769391.2644195221,10
-1150405.4751387825,1769391.2644195221,10
-1149942.1624222551,1769391.2644195221,10
-1149478.8497057275,1769391.2644195221,10
-1149015.5369892002,1769391.2644195221,10
-1148552.2242726726,1769391.2644195221,10
-1148088.9115561452,1769391.2644195221,10
-1147625.5988396176,1769391.2644195221,10
-1147162.2861230902,1769391.2644195221,10
-1146698.9734065626,1769391.2644195221,10
-1146235.6606900352,1769391.2644195221,10
-1145772.3479735076,1769391.2644195221,10
-1145309.03525698,1769391.2644195221,10
-1144845.7225404526,1769391.2644195221,10
-1144382.4098239252,1769391.2644195221,10
-1143919.0971073976,1769391.2644195221,10
-1143455.78439087,1769391.2644195221,10
-1142992.4716743426,1769391.2644195221,10
-1142529.158957815,1769391.2644195221,10
-1142065.8462412877,1769391.2644195221,10
-1141602.53352476,1769391.2644195221,10
-1141139.2208082327,1769391.2644195221,10
-1140675.908091705,1769391.2644195221,10
-1277816.472183845,1768927.9517029948,10
-1277353.1594673176,1768927.9517029948,10
-1276889.84675079,1768927.9517029948,10
-1276426.5340342626,1768927.9517029948,10
-1275963.221317735,1768927.9517029948,10
-1275499.9086012077,1768927.9517029948,10
-1275036.59588468,1768927.9517029948,10
-1274573.2831681527,1768927.9517029948,10
-1274109.970451625,1768927.9517029948,10
-1273646.6577350977,1768927.9517029948,10
-1273183.34501857,1768927.9517029948,10
-1267623.5924202402,1768927.9517029948,10
-1267160.2797037126,1768927.9517029948,10
-1266696.9669871852,1768927.9517029948,10
-1266233.6542706576,1768927.9517029948,10
-1265770.3415541302,1768927.9517029948,10
-1265307.0288376026,1768927.9517029948,10
-1243068.0184442827,1768927.9517029948,10
-1242604.705727755,1768927.9517029948,10
-1242141.3930112277,1768927.9517029948,10
-1241678.0802947,1768927.9517029948,10
-1241214.7675781725,1768927.9517029948,10
-1240751.4548616451,1768927.9517029948,10
-1240288.1421451175,1768927.9517029948,10
-1239824.8294285901,1768927.9517029948,10
-1239361.5167120625,1768927.9517029948,10
-1238898.2039955352,1768927.9517029948,10
-1238434.8912790075,1768927.9517029948,10
-1237971.5785624802,1768927.9517029948,10
-1237508.2658459526,1768927.9517029948,10
-1237044.9531294252,1768927.9517029948,10
-1236581.6404128976,1768927.9517029948,10
-1236118.3276963702,1768927.9517029948,10
-1235655.0149798426,1768927.9517029948,10
-1235191.7022633152,1768927.9517029948,10
-1234728.3895467876,1768927.9517029948,10
-1234265.07683026,1768927.9517029948,10
-1233801.7641137326,1768927.9517029948,10
-1233338.4513972052,1768927.9517029948,10
-1232875.1386806776,1768927.9517029948,10
-1232411.82596415,1768927.9517029948,10
-1231948.5132476226,1768927.9517029948,10
-1231485.200531095,1768927.9517029948,10
-1231021.8878145677,1768927.9517029948,10
-1230558.57509804,1768927.9517029948,10
-1230095.2623815127,1768927.9517029948,10
-1229631.949664985,1768927.9517029948,10
-1229168.6369484577,1768927.9517029948,10
-1228705.32423193,1768927.9517029948,10
-1228242.0115154027,1768927.9517029948,10
-1227778.698798875,1768927.9517029948,10
-1227315.3860823475,1768927.9517029948,10
-1226852.07336582,1768927.9517029948,10
-1226388.7606492927,1768927.9517029948,10
-1225925.4479327651,1768927.9517029948,10
-1225462.1352162375,1768927.9517029948,10
-1224998.8224997101,1768927.9517029948,10
-1224535.5097831825,1768927.9517029948,10
-1224072.1970666551,1768927.9517029948,10
-1223608.8843501275,1768927.9517029948,10
-1223145.5716336002,1768927.9517029948,10
-1222682.2589170726,1768927.9517029948,10
-1222218.9462005452,1768927.9517029948,10
-1221755.6334840176,1768927.9517029948,10
-1221292.3207674902,1768927.9517029948,10
-1220829.0080509626,1768927.9517029948,10
-1220365.6953344352,1768927.9517029948,10
-1219902.3826179076,1768927.9517029948,10
-1219439.0699013802,1768927.9517029948,10
-1218975.7571848526,1768927.9517029948,10
-1218512.444468325,1768927.9517029948,10
-1218049.1317517976,1768927.9517029948,10
-1217585.81903527,1768927.9517029948,10
-1217122.5063187426,1768927.9517029948,10
-1216659.193602215,1768927.9517029948,10
-1216195.8808856877,1768927.9517029948,10
-1215732.56816916,1768927.9517029948,10
-1215269.2554526327,1768927.9517029948,10
-1214805.942736105,1768927.9517029948,10
-1214342.6300195777,1768927.9517029948,10
-1213879.31730305,1768927.9517029948,10
-1213416.0045865227,1768927.9517029948,10
-1212952.691869995,1768927.9517029948,10
-1212489.3791534677,1768927.9517029948,10
-1212026.06643694,1768927.9517029948,10
-1211562.7537204125,1768927.9517029948,10
-1211099.4410038851,1768927.9517029948,10
-1210636.1282873575,1768927.9517029948,10
-1210172.8155708301,1768927.9517029948,10
-1209709.5028543025,1768927.9517029948,10
-1209246.1901377751,1768927.9517029948,10
-1208782.8774212475,1768927.9517029948,10
-1208319.5647047202,1768927.9517029948,10
-1207856.2519881926,1768927.9517029948,10
-1207392.9392716652,1768927.9517029948,10
-1206929.6265551376,1768927.9517029948,10
-1206466.3138386102,1768927.9517029948,10
-1206003.0011220826,1768927.9517029948,10
-1205539.6884055552,1768927.9517029948,10
-1205076.3756890276,1768927.9517029948,10
-1204613.0629725,1768927.9517029948,10
-1204149.7502559726,1768927.9517029948,10
-1203686.4375394452,1768927.9517029948,10
-1203223.1248229176,1768927.9517029948,10
-1202759.81210639,1768927.9517029948,10
-1202296.4993898626,1768927.9517029948,10
-1201833.186673335,1768927.9517029948,10
-1201369.8739568077,1768927.9517029948,10
-1200906.56124028,1768927.9517029948,10
-1200443.2485237527,1768927.9517029948,10
-1199979.935807225,1768927.9517029948,10
-1199516.6230906977,1768927.9517029948,10
-1199053.31037417,1768927.9517029948,10
-1198589.9976576427,1768927.9517029948,10
-1198126.684941115,1768927.9517029948,10
-1197663.3722245875,1768927.9517029948,10
-1197200.05950806,1768927.9517029948,10
-1196736.7467915327,1768927.9517029948,10
-1196273.4340750051,1768927.9517029948,10
-1195810.1213584775,1768927.9517029948,10
-1195346.8086419501,1768927.9517029948,10
-1194883.4959254225,1768927.9517029948,10
-1194420.1832088951,1768927.9517029948,10
-1193956.8704923675,1768927.9517029948,10
-1193493.5577758402,1768927.9517029948,10
-1193030.2450593126,1768927.9517029948,10
-1192566.9323427852,1768927.9517029948,10
-1192103.6196262576,1768927.9517029948,10
-1191640.3069097302,1768927.9517029948,10
-1191176.9941932026,1768927.9517029948,10
-1190713.6814766752,1768927.9517029948,10
-1190250.3687601476,1768927.9517029948,10
-1189787.0560436202,1768927.9517029948,10
-1189323.7433270926,1768927.9517029948,10
-1188860.430610565,1768927.9517029948,10
-1188397.1178940376,1768927.9517029948,10
-1187933.80517751,1768927.9517029948,10
-1187470.4924609826,1768927.9517029948,10
-1187007.179744455,1768927.9517029948,10
-1186543.8670279277,1768927.9517029948,10
-1186080.5543114,1768927.9517029948,10
-1185617.2415948727,1768927.9517029948,10
-1185153.928878345,1768927.9517029948,10
-1184690.6161618177,1768927.9517029948,10
-1184227.30344529,1768927.9517029948,10
-1183763.9907287627,1768927.9517029948,10
-1183300.678012235,1768927.9517029948,10
-1182837.3652957077,1768927.9517029948,10
-1182374.05257918,1768927.9517029948,10
-1181910.7398626525,1768927.9517029948,10
-1181447.4271461251,1768927.9517029948,10
-1180984.1144295975,1768927.9517029948,10
-1180520.8017130701,1768927.9517029948,10
-1180057.4889965425,1768927.9517029948,10
-1179594.1762800151,1768927.9517029948,10
-1179130.8635634875,1768927.9517029948,10
-1178667.5508469602,1768927.9517029948,10
-1178204.2381304326,1768927.9517029948,10
-1177740.9254139052,1768927.9517029948,10
-1177277.6126973776,1768927.9517029948,10
-1176814.2999808502,1768927.9517029948,10
-1176350.9872643226,1768927.9517029948,10
-1175887.6745477952,1768927.9517029948,10
-1175424.3618312676,1768927.9517029948,10
-1174961.04911474,1768927.9517029948,10
-1174497.7363982126,1768927.9517029948,10
-1174034.4236816852,1768927.9517029948,10
-1173571.1109651576,1768927.9517029948,10
-1173107.79824863,1768927.9517029948,10
-1172644.4855321026,1768927.9517029948,10
-1172181.172815575,1768927.9517029948,10
-1171717.8600990477,1768927.9517029948,10
-1171254.54738252,1768927.9517029948,10
-1170791.2346659927,1768927.9517029948,10
-1170327.921949465,1768927.9517029948,10
-1169864.6092329377,1768927.9517029948,10
-1169401.29651641,1768927.9517029948,10
-1168937.9837998827,1768927.9517029948,10
-1168474.671083355,1768927.9517029948,10
-1168011.3583668275,1768927.9517029948,10
-1167548.0456503,1768927.9517029948,10
-1167084.7329337727,1768927.9517029948,10
-1166621.4202172451,1768927.9517029948,10
-1166158.1075007175,1768927.9517029948,10
-1165694.7947841901,1768927.9517029948,10
-1165231.4820676625,1768927.9517029948,10
-1164768.1693511351,1768927.9517029948,10
-1164304.8566346075,1768927.9517029948,10
-1163841.5439180802,1768927.9517029948,10
-1163378.2312015526,1768927.9517029948,10
-1162914.9184850252,1768927.9517029948,10
-1162451.6057684976,1768927.9517029948,10
-1161988.2930519702,1768927.9517029948,10
-1161524.9803354426,1768927.9517029948,10
-1161061.6676189152,1768927.9517029948,10
-1160598.3549023876,1768927.9517029948,10
-1160135.0421858602,1768927.9517029948,10
-1159671.7294693326,1768927.9517029948,10
-1159208.416752805,1768927.9517029948,10
-1158745.1040362776,1768927.9517029948,10
-1158281.79131975,1768927.9517029948,10
-1157818.4786032226,1768927.9517029948,10
-1157355.165886695,1768927.9517029948,10
-1156891.8531701677,1768927.9517029948,10
-1156428.54045364,1768927.9517029948,10
-1155965.2277371127,1768927.9517029948,10
-1155501.915020585,1768927.9517029948,10
-1155038.6023040577,1768927.9517029948,10
-1154575.28958753,1768927.9517029948,10
-1154111.9768710027,1768927.9517029948,10
-1153648.664154475,1768927.9517029948,10
-1153185.3514379477,1768927.9517029948,10
-1152722.03872142,1768927.9517029948,10
-1152258.7260048925,1768927.9517029948,10
-1151795.4132883651,1768927.9517029948,10
-1151332.1005718375,1768927.9517029948,10
-1150868.7878553101,1768927.9517029948,10
-1150405.4751387825,1768927.9517029948,10
-1149942.1624222551,1768927.9517029948,10
-1149478.8497057275,1768927.9517029948,10
-1149015.5369892002,1768927.9517029948,10
-1148552.2242726726,1768927.9517029948,10
-1148088.9115561452,1768927.9517029948,10
-1147625.5988396176,1768927.9517029948,10
-1147162.2861230902,1768927.9517029948,10
-1146698.9734065626,1768927.9517029948,10
-1146235.6606900352,1768927.9517029948,10
-1145772.3479735076,1768927.9517029948,10
-1145309.03525698,1768927.9517029948,10
-1144845.7225404526,1768927.9517029948,10
-1144382.4098239252,1768927.9517029948,10
-1143919.0971073976,1768927.9517029948,10
-1143455.78439087,1768927.9517029948,10
-1142992.4716743426,1768927.9517029948,10
-1142529.158957815,1768927.9517029948,10
-1142065.8462412877,1768927.9517029948,10
-1141602.53352476,1768927.9517029948,10
-1141139.2208082327,1768927.9517029948,10
-1140675.908091705,1768927.9517029948,10
-1277816.472183845,1768464.6389864672,10
-1277353.1594673176,1768464.6389864672,10
-1276889.84675079,1768464.6389864672,10
-1276426.5340342626,1768464.6389864672,10
-1275963.221317735,1768464.6389864672,10
-1275499.9086012077,1768464.6389864672,10
-1243531.33116081,1768464.6389864672,10
-1243068.0184442827,1768464.6389864672,10
-1242604.705727755,1768464.6389864672,10
-1242141.3930112277,1768464.6389864672,10
-1241678.0802947,1768464.6389864672,10
-1241214.7675781725,1768464.6389864672,10
-1240751.4548616451,1768464.6389864672,10
-1240288.1421451175,1768464.6389864672,10
-1239824.8294285901,1768464.6389864672,10
-1239361.5167120625,1768464.6389864672,10
-1238898.2039955352,1768464.6389864672,10
-1238434.8912790075,1768464.6389864672,10
-1237971.5785624802,1768464.6389864672,10
-1237508.2658459526,1768464.6389864672,10
-1237044.9531294252,1768464.6389864672,10
-1236581.6404128976,1768464.6389864672,10
-1236118.3276963702,1768464.6389864672,10
-1235655.0149798426,1768464.6389864672,10
-1235191.7022633152,1768464.6389864672,10
-1234728.3895467876,1768464.6389864672,10
-1234265.07683026,1768464.6389864672,10
-1233801.7641137326,1768464.6389864672,10
-1233338.4513972052,1768464.6389864672,10
-1232875.1386806776,1768464.6389864672,10
-1232411.82596415,1768464.6389864672,10
-1231948.5132476226,1768464.6389864672,10
-1231485.200531095,1768464.6389864672,10
-1231021.8878145677,1768464.6389864672,10
-1230558.57509804,1768464.6389864672,10
-1230095.2623815127,1768464.6389864672,10
-1229631.949664985,1768464.6389864672,10
-1229168.6369484577,1768464.6389864672,10
-1228705.32423193,1768464.6389864672,10
-1228242.0115154027,1768464.6389864672,10
-1227778.698798875,1768464.6389864672,10
-1227315.3860823475,1768464.6389864672,10
-1226852.07336582,1768464.6389864672,10
-1226388.7606492927,1768464.6389864672,10
-1225925.4479327651,1768464.6389864672,10
-1225462.1352162375,1768464.6389864672,10
-1224998.8224997101,1768464.6389864672,10
-1224535.5097831825,1768464.6389864672,10
-1224072.1970666551,1768464.6389864672,10
-1223608.8843501275,1768464.6389864672,10
-1223145.5716336002,1768464.6389864672,10
-1222682.2589170726,1768464.6389864672,10
-1222218.9462005452,1768464.6389864672,10
-1221755.6334840176,1768464.6389864672,10
-1221292.3207674902,1768464.6389864672,10
-1220829.0080509626,1768464.6389864672,10
-1220365.6953344352,1768464.6389864672,10
-1219902.3826179076,1768464.6389864672,10
-1219439.0699013802,1768464.6389864672,10
-1218975.7571848526,1768464.6389864672,10
-1218512.444468325,1768464.6389864672,10
-1218049.1317517976,1768464.6389864672,10
-1217585.81903527,1768464.6389864672,10
-1217122.5063187426,1768464.6389864672,10
-1216659.193602215,1768464.6389864672,10
-1216195.8808856877,1768464.6389864672,10
-1215732.56816916,1768464.6389864672,10
-1215269.2554526327,1768464.6389864672,10
-1214805.942736105,1768464.6389864672,10
-1214342.6300195777,1768464.6389864672,10
-1213879.31730305,1768464.6389864672,10
-1213416.0045865227,1768464.6389864672,10
-1212952.691869995,1768464.6389864672,10
-1212489.3791534677,1768464.6389864672,10
-1212026.06643694,1768464.6389864672,10
-1211562.7537204125,1768464.6389864672,10
-1211099.4410038851,1768464.6389864672,10
-1210636.1282873575,1768464.6389864672,10
-1210172.8155708301,1768464.6389864672,10
-1209709.5028543025,1768464.6389864672,10
-1209246.1901377751,1768464.6389864672,10
-1208782.8774212475,1768464.6389864672,10
-1208319.5647047202,1768464.6389864672,10
-1207856.2519881926,1768464.6389864672,10
-1207392.9392716652,1768464.6389864672,10
-1206929.6265551376,1768464.6389864672,10
-1206466.3138386102,1768464.6389864672,10
-1206003.0011220826,1768464.6389864672,10
-1205539.6884055552,1768464.6389864672,10
-1205076.3756890276,1768464.6389864672,10
-1204613.0629725,1768464.6389864672,10
-1204149.7502559726,1768464.6389864672,10
-1203686.4375394452,1768464.6389864672,10
-1203223.1248229176,1768464.6389864672,10
-1202759.81210639,1768464.6389864672,10
-1202296.4993898626,1768464.6389864672,10
-1201833.186673335,1768464.6389864672,10
-1201369.8739568077,1768464.6389864672,10
-1200906.56124028,1768464.6389864672,10
-1200443.2485237527,1768464.6389864672,10
-1199979.935807225,1768464.6389864672,10
-1199516.6230906977,1768464.6389864672,10
-1199053.31037417,1768464.6389864672,10
-1198589.9976576427,1768464.6389864672,10
-1198126.684941115,1768464.6389864672,10
-1197663.3722245875,1768464.6389864672,10
-1197200.05950806,1768464.6389864672,10
-1196736.7467915327,1768464.6389864672,10
-1196273.4340750051,1768464.6389864672,10
-1195810.1213584775,1768464.6389864672,10
-1195346.8086419501,1768464.6389864672,10
-1194883.4959254225,1768464.6389864672,10
-1194420.1832088951,1768464.6389864672,10
-1193956.8704923675,1768464.6389864672,10
-1193493.5577758402,1768464.6389864672,10
-1193030.2450593126,1768464.6389864672,10
-1192566.9323427852,1768464.6389864672,10
-1192103.6196262576,1768464.6389864672,10
-1191640.3069097302,1768464.6389864672,10
-1191176.9941932026,1768464.6389864672,10
-1190713.6814766752,1768464.6389864672,10
-1190250.3687601476,1768464.6389864672,10
-1189787.0560436202,1768464.6389864672,10
-1189323.7433270926,1768464.6389864672,10
-1188860.430610565,1768464.6389864672,10
-1188397.1178940376,1768464.6389864672,10
-1187933.80517751,1768464.6389864672,10
-1187470.4924609826,1768464.6389864672,10
-1187007.179744455,1768464.6389864672,10
-1186543.8670279277,1768464.6389864672,10
-1186080.5543114,1768464.6389864672,10
-1185617.2415948727,1768464.6389864672,10
-1185153.928878345,1768464.6389864672,10
-1184690.6161618177,1768464.6389864672,10
-1184227.30344529,1768464.6389864672,10
-1183763.9907287627,1768464.6389864672,10
-1183300.678012235,1768464.6389864672,10
-1182837.3652957077,1768464.6389864672,10
-1182374.05257918,1768464.6389864672,10
-1181910.7398626525,1768464.6389864672,10
-1181447.4271461251,1768464.6389864672,10
-1180984.1144295975,1768464.6389864672,10
-1180520.8017130701,1768464.6389864672,10
-1180057.4889965425,1768464.6389864672,10
-1179594.1762800151,1768464.6389864672,10
-1179130.8635634875,1768464.6389864672,10
-1178667.5508469602,1768464.6389864672,10
-1178204.2381304326,1768464.6389864672,10
-1177740.9254139052,1768464.6389864672,10
-1177277.6126973776,1768464.6389864672,10
-1176814.2999808502,1768464.6389864672,10
-1176350.9872643226,1768464.6389864672,10
-1175887.6745477952,1768464.6389864672,10
-1175424.3618312676,1768464.6389864672,10
-1174961.04911474,1768464.6389864672,10
-1174497.7363982126,1768464.6389864672,10
-1174034.4236816852,1768464.6389864672,10
-1173571.1109651576,1768464.6389864672,10
-1173107.79824863,1768464.6389864672,10
-1172644.4855321026,1768464.6389864672,10
-1172181.172815575,1768464.6389864672,10
-1171717.8600990477,1768464.6389864672,10
-1171254.54738252,1768464.6389864672,10
-1170791.2346659927,1768464.6389864672,10
-1170327.921949465,1768464.6389864672,10
-1169864.6092329377,1768464.6389864672,10
-1169401.29651641,1768464.6389864672,10
-1168937.9837998827,1768464.6389864672,10
-1168474.671083355,1768464.6389864672,10
-1168011.3583668275,1768464.6389864672,10
-1167548.0456503,1768464.6389864672,10
-1167084.7329337727,1768464.6389864672,10
-1166621.4202172451,1768464.6389864672,10
-1166158.1075007175,1768464.6389864672,10
-1165694.7947841901,1768464.6389864672,10
-1165231.4820676625,1768464.6389864672,10
-1164768.1693511351,1768464.6389864672,10
-1164304.8566346075,1768464.6389864672,10
-1163841.5439180802,1768464.6389864672,10
-1163378.2312015526,1768464.6389864672,10
-1162914.9184850252,1768464.6389864672,10
-1162451.6057684976,1768464.6389864672,10
-1161988.2930519702,1768464.6389864672,10
-1161524.9803354426,1768464.6389864672,10
-1161061.6676189152,1768464.6389864672,10
-1160598.3549023876,1768464.6389864672,10
-1160135.0421858602,1768464.6389864672,10
-1159671.7294693326,1768464.6389864672,10
-1159208.416752805,1768464.6389864672,10
-1158745.1040362776,1768464.6389864672,10
-1158281.79131975,1768464.6389864672,10
-1157818.4786032226,1768464.6389864672,10
-1157355.165886695,1768464.6389864672,10
-1156891.8531701677,1768464.6389864672,10
-1156428.54045364,1768464.6389864672,10
-1155965.2277371127,1768464.6389864672,10
-1155501.915020585,1768464.6389864672,10
-1155038.6023040577,1768464.6389864672,10
-1154575.28958753,1768464.6389864672,10
-1154111.9768710027,1768464.6389864672,10
-1153648.664154475,1768464.6389864672,10
-1153185.3514379477,1768464.6389864672,10
-1152722.03872142,1768464.6389864672,10
-1152258.7260048925,1768464.6389864672,10
-1151795.4132883651,1768464.6389864672,10
-1151332.1005718375,1768464.6389864672,10
-1150868.7878553101,1768464.6389864672,10
-1150405.4751387825,1768464.6389864672,10
-1149942.1624222551,1768464.6389864672,10
-1149478.8497057275,1768464.6389864672,10
-1149015.5369892002,1768464.6389864672,10
-1148552.2242726726,1768464.6389864672,10
-1148088.9115561452,1768464.6389864672,10
-1147625.5988396176,1768464.6389864672,10
-1147162.2861230902,1768464.6389864672,10
-1146698.9734065626,1768464.6389864672,10
-1146235.6606900352,1768464.6389864672,10
-1145772.3479735076,1768464.6389864672,10
-1145309.03525698,1768464.6389864672,10
-1144845.7225404526,1768464.6389864672,10
-1144382.4098239252,1768464.6389864672,10
-1143919.0971073976,1768464.6389864672,10
-1143455.78439087,1768464.6389864672,10
-1142992.4716743426,1768464.6389864672,10
-1142529.158957815,1768464.6389864672,10
-1142065.8462412877,1768464.6389864672,10
-1141602.53352476,1768464.6389864672,10
-1141139.2208082327,1768464.6389864672,10
-1140675.908091705,1768464.6389864672,10
-1277353.1594673176,1768001.3262699398,10
-1276889.84675079,1768001.3262699398,10
-1243531.33116081,1768001.3262699398,10
-1243068.0184442827,1768001.3262699398,10
-1242604.705727755,1768001.3262699398,10
-1242141.3930112277,1768001.3262699398,10
-1241678.0802947,1768001.3262699398,10
-1241214.7675781725,1768001.3262699398,10
-1240751.4548616451,1768001.3262699398,10
-1240288.1421451175,1768001.3262699398,10
-1239824.8294285901,1768001.3262699398,10
-1239361.5167120625,1768001.3262699398,10
-1238898.2039955352,1768001.3262699398,10
-1238434.8912790075,1768001.3262699398,10
-1237971.5785624802,1768001.3262699398,10
-1237508.2658459526,1768001.3262699398,10
-1237044.9531294252,1768001.3262699398,10
-1236581.6404128976,1768001.3262699398,10
-1236118.3276963702,1768001.3262699398,10
-1235655.0149798426,1768001.3262699398,10
-1235191.7022633152,1768001.3262699398,10
-1234728.3895467876,1768001.3262699398,10
-1234265.07683026,1768001.3262699398,10
-1233801.7641137326,1768001.3262699398,10
-1233338.4513972052,1768001.3262699398,10
-1232875.1386806776,1768001.3262699398,10
-1232411.82596415,1768001.3262699398,10
-1231948.5132476226,1768001.3262699398,10
-1231485.200531095,1768001.3262699398,10
-1231021.8878145677,1768001.3262699398,10
-1230558.57509804,1768001.3262699398,10
-1230095.2623815127,1768001.3262699398,10
-1229631.949664985,1768001.3262699398,10
-1229168.6369484577,1768001.3262699398,10
-1228705.32423193,1768001.3262699398,10
-1228242.0115154027,1768001.3262699398,10
-1227778.698798875,1768001.3262699398,10
-1227315.3860823475,1768001.3262699398,10
-1226852.07336582,1768001.3262699398,10
-1226388.7606492927,1768001.3262699398,10
-1225925.4479327651,1768001.3262699398,10
-1225462.1352162375,1768001.3262699398,10
-1224998.8224997101,1768001.3262699398,10
-1224535.5097831825,1768001.3262699398,10
-1224072.1970666551,1768001.3262699398,10
-1223608.8843501275,1768001.3262699398,10
-1223145.5716336002,1768001.3262699398,10
-1222682.2589170726,1768001.3262699398,10
-1222218.9462005452,1768001.3262699398,10
-1221755.6334840176,1768001.3262699398,10
-1221292.3207674902,1768001.3262699398,10
-1220829.0080509626,1768001.3262699398,10
-1220365.6953344352,1768001.3262699398,10
-1219902.3826179076,1768001.3262699398,10
-1219439.0699013802,1768001.3262699398,10
-1218975.7571848526,1768001.3262699398,10
-1218512.444468325,1768001.3262699398,10
-1218049.1317517976,1768001.3262699398,10
-1217585.81903527,1768001.3262699398,10
-1217122.5063187426,1768001.3262699398,10
-1216659.193602215,1768001.3262699398,10
-1216195.8808856877,1768001.3262699398,10
-1215732.56816916,1768001.3262699398,10
-1215269.2554526327,1768001.3262699398,10
-1214805.942736105,1768001.3262699398,10
-1214342.6300195777,1768001.3262699398,10
-1213879.31730305,1768001.3262699398,10
-1213416.0045865227,1768001.3262699398,10
-1212952.691869995,1768001.3262699398,10
-1212489.3791534677,1768001.3262699398,10
-1212026.06643694,1768001.3262699398,10
-1211562.7537204125,1768001.3262699398,10
-1211099.4410038851,1768001.3262699398,10
-1210636.1282873575,1768001.3262699398,10
-1210172.8155708301,1768001.3262699398,10
-1209709.5028543025,1768001.3262699398,10
-1209246.1901377751,1768001.3262699398,10
-1208782.8774212475,1768001.3262699398,10
-1208319.5647047202,1768001.3262699398,10
-1207856.2519881926,1768001.3262699398,10
-1207392.9392716652,1768001.3262699398,10
-1206929.6265551376,1768001.3262699398,10
-1206466.3138386102,1768001.3262699398,10
-1206003.0011220826,1768001.3262699398,10
-1205539.6884055552,1768001.3262699398,10
-1205076.3756890276,1768001.3262699398,10
-1204613.0629725,1768001.3262699398,10
-1204149.7502559726,1768001.3262699398,10
-1203686.4375394452,1768001.3262699398,10
-1203223.1248229176,1768001.3262699398,10
-1202759.81210639,1768001.3262699398,10
-1202296.4993898626,1768001.3262699398,10
-1201833.186673335,1768001.3262699398,10
-1201369.8739568077,1768001.3262699398,10
-1200906.56124028,1768001.3262699398,10
-1200443.2485237527,1768001.3262699398,10
-1199979.935807225,1768001.3262699398,10
-1199516.6230906977,1768001.3262699398,10
-1199053.31037417,1768001.3262699398,10
-1198589.9976576427,1768001.3262699398,10
-1198126.684941115,1768001.3262699398,10
-1197663.3722245875,1768001.3262699398,10
-1197200.05950806,1768001.3262699398,10
-1196736.7467915327,1768001.3262699398,10
-1196273.4340750051,1768001.3262699398,10
-1195810.1213584775,1768001.3262699398,10
-1195346.8086419501,1768001.3262699398,10
-1194883.4959254225,1768001.3262699398,10
-1194420.1832088951,1768001.3262699398,10
-1193956.8704923675,1768001.3262699398,10
-1193493.5577758402,1768001.3262699398,10
-1193030.2450593126,1768001.3262699398,10
-1192566.9323427852,1768001.3262699398,10
-1192103.6196262576,1768001.3262699398,10
-1191640.3069097302,1768001.3262699398,10
-1191176.9941932026,1768001.3262699398,10
-1190713.6814766752,1768001.3262699398,10
-1190250.3687601476,1768001.3262699398,10
-1189787.0560436202,1768001.3262699398,10
-1189323.7433270926,1768001.3262699398,10
-1188860.430610565,1768001.3262699398,10
-1188397.1178940376,1768001.3262699398,10
-1187933.80517751,1768001.3262699398,10
-1187470.4924609826,1768001.3262699398,10
-1187007.179744455,1768001.3262699398,10
-1186543.8670279277,1768001.3262699398,10
-1186080.5543114,1768001.3262699398,10
-1185617.2415948727,1768001.3262699398,10
-1185153.928878345,1768001.3262699398,10
-1184690.6161618177,1768001.3262699398,10
-1184227.30344529,1768001.3262699398,10
-1183763.9907287627,1768001.3262699398,10
-1183300.678012235,1768001.3262699398,10
-1182837.3652957077,1768001.3262699398,10
-1182374.05257918,1768001.3262699398,10
-1181910.7398626525,1768001.3262699398,10
-1181447.4271461251,1768001.3262699398,10
-1180984.1144295975,1768001.3262699398,10
-1180520.8017130701,1768001.3262699398,10
-1180057.4889965425,1768001.3262699398,10
-1179594.1762800151,1768001.3262699398,10
-1179130.8635634875,1768001.3262699398,10
-1178667.5508469602,1768001.3262699398,10
-1178204.2381304326,1768001.3262699398,10
-1177740.9254139052,1768001.3262699398,10
-1177277.6126973776,1768001.3262699398,10
-1176814.2999808502,1768001.3262699398,10
-1176350.9872643226,1768001.3262699398,10
-1175887.6745477952,1768001.3262699398,10
-1175424.3618312676,1768001.3262699398,10
-1174961.04911474,1768001.3262699398,10
-1174497.7363982126,1768001.3262699398,10
-1174034.4236816852,1768001.3262699398,10
-1173571.1109651576,1768001.3262699398,10
-1173107.79824863,1768001.3262699398,10
-1172644.4855321026,1768001.3262699398,10
-1172181.172815575,1768001.3262699398,10
-1171717.8600990477,1768001.3262699398,10
-1171254.54738252,1768001.3262699398,10
-1170791.2346659927,1768001.3262699398,10
-1170327.921949465,1768001.3262699398,10
-1169864.6092329377,1768001.3262699398,10
-1169401.29651641,1768001.3262699398,10
-1168937.9837998827,1768001.3262699398,10
-1168474.671083355,1768001.3262699398,10
-1168011.3583668275,1768001.3262699398,10
-1167548.0456503,1768001.3262699398,10
-1167084.7329337727,1768001.3262699398,10
-1166621.4202172451,1768001.3262699398,10
-1166158.1075007175,1768001.3262699398,10
-1165694.7947841901,1768001.3262699398,10
-1165231.4820676625,1768001.3262699398,10
-1164768.1693511351,1768001.3262699398,10
-1164304.8566346075,1768001.3262699398,10
-1163841.5439180802,1768001.3262699398,10
-1163378.2312015526,1768001.3262699398,10
-1162914.9184850252,1768001.3262699398,10
-1162451.6057684976,1768001.3262699398,10
-1161988.2930519702,1768001.3262699398,10
-1161524.9803354426,1768001.3262699398,10
-1161061.6676189152,1768001.3262699398,10
-1160598.3549023876,1768001.3262699398,10
-1160135.0421858602,1768001.3262699398,10
-1159671.7294693326,1768001.3262699398,10
-1159208.416752805,1768001.3262699398,10
-1158745.1040362776,1768001.3262699398,10
-1158281.79131975,1768001.3262699398,10
-1157818.4786032226,1768001.3262699398,10
-1157355.165886695,1768001.3262699398,10
-1156891.8531701677,1768001.3262699398,10
-1156428.54045364,1768001.3262699398,10
-1155965.2277371127,1768001.3262699398,10
-1155501.915020585,1768001.3262699398,10
-1155038.6023040577,1768001.3262699398,10
-1154575.28958753,1768001.3262699398,10
-1154111.9768710027,1768001.3262699398,10
-1153648.664154475,1768001.3262699398,10
-1153185.3514379477,1768001.3262699398,10
-1152722.03872142,1768001.3262699398,10
-1152258.7260048925,1768001.3262699398,10
-1151795.4132883651,1768001.3262699398,10
-1151332.1005718375,1768001.3262699398,10
-1150868.7878553101,1768001.3262699398,10
-1150405.4751387825,1768001.3262699398,10
-1149942.1624222551,1768001.3262699398,10
-1149478.8497057275,1768001.3262699398,10
-1149015.5369892002,1768001.3262699398,10
-1148552.2242726726,1768001.3262699398,10
-1148088.9115561452,1768001.3262699398,10
-1147625.5988396176,1768001.3262699398,10
-1147162.2861230902,1768001.3262699398,10
-1146698.9734065626,1768001.3262699398,10
-1146235.6606900352,1768001.3262699398,10
-1145772.3479735076,1768001.3262699398,10
-1145309.03525698,1768001.3262699398,10
-1144845.7225404526,1768001.3262699398,10
-1144382.4098239252,1768001.3262699398,10
-1143919.0971073976,1768001.3262699398,10
-1143455.78439087,1768001.3262699398,10
-1142992.4716743426,1768001.3262699398,10
-1142529.158957815,1768001.3262699398,10
-1142065.8462412877,1768001.3262699398,10
-1141602.53352476,1768001.3262699398,10
-1141139.2208082327,1768001.3262699398,10
-1140675.908091705,1768001.3262699398,10
-1243068.0184442827,1767538.0135534122,10
-1242604.705727755,1767538.0135534122,10
-1242141.3930112277,1767538.0135534122,10
-1241678.0802947,1767538.0135534122,10
-1241214.7675781725,1767538.0135534122,10
-1240751.4548616451,1767538.0135534122,10
-1240288.1421451175,1767538.0135534122,10
-1239824.8294285901,1767538.0135534122,10
-1239361.5167120625,1767538.0135534122,10
-1238898.2039955352,1767538.0135534122,10
-1238434.8912790075,1767538.0135534122,10
-1237971.5785624802,1767538.0135534122,10
-1237508.2658459526,1767538.0135534122,10
-1237044.9531294252,1767538.0135534122,10
-1236581.6404128976,1767538.0135534122,10
-1236118.3276963702,1767538.0135534122,10
-1235655.0149798426,1767538.0135534122,10
-1235191.7022633152,1767538.0135534122,10
-1234728.3895467876,1767538.0135534122,10
-1234265.07683026,1767538.0135534122,10
-1233801.7641137326,1767538.0135534122,10
-1233338.4513972052,1767538.0135534122,10
-1232875.1386806776,1767538.0135534122,10
-1232411.82596415,1767538.0135534122,10
-1231948.5132476226,1767538.0135534122,10
-1231485.200531095,1767538.0135534122,10
-1231021.8878145677,1767538.0135534122,10
-1230558.57509804,1767538.0135534122,10
-1230095.2623815127,1767538.0135534122,10
-1229631.949664985,1767538.0135534122,10
-1229168.6369484577,1767538.0135534122,10
-1228705.32423193,1767538.0135534122,10
-1228242.0115154027,1767538.0135534122,10
-1227778.698798875,1767538.0135534122,10
-1227315.3860823475,1767538.0135534122,10
-1226852.07336582,1767538.0135534122,10
-1226388.7606492927,1767538.0135534122,10
-1225925.4479327651,1767538.0135534122,10
-1225462.1352162375,1767538.0135534122,10
-1224998.8224997101,1767538.0135534122,10
-1224535.5097831825,1767538.0135534122,10
-1224072.1970666551,1767538.0135534122,10
-1223608.8843501275,1767538.0135534122,10
-1223145.5716336002,1767538.0135534122,10
-1222682.2589170726,1767538.0135534122,10
-1222218.9462005452,1767538.0135534122,10
-1221755.6334840176,1767538.0135534122,10
-1221292.3207674902,1767538.0135534122,10
-1220829.0080509626,1767538.0135534122,10
-1220365.6953344352,1767538.0135534122,10
-1219902.3826179076,1767538.0135534122,10
-1219439.0699013802,1767538.0135534122,10
-1218975.7571848526,1767538.0135534122,10
-1218512.444468325,1767538.0135534122,10
-1218049.1317517976,1767538.0135534122,10
-1217585.81903527,1767538.0135534122,10
-1217122.5063187426,1767538.0135534122,10
-1216659.193602215,1767538.0135534122,10
-1216195.8808856877,1767538.0135534122,10
-1215732.56816916,1767538.0135534122,10
-1215269.2554526327,1767538.0135534122,10
-1214805.942736105,1767538.0135534122,10
-1214342.6300195777,1767538.0135534122,10
-1213879.31730305,1767538.0135534122,10
-1213416.0045865227,1767538.0135534122,10
-1212952.691869995,1767538.0135534122,10
-1212489.3791534677,1767538.0135534122,10
-1212026.06643694,1767538.0135534122,10
-1211562.7537204125,1767538.0135534122,10
-1211099.4410038851,1767538.0135534122,10
-1210636.1282873575,1767538.0135534122,10
-1210172.8155708301,1767538.0135534122,10
-1209709.5028543025,1767538.0135534122,10
-1209246.1901377751,1767538.0135534122,10
-1208782.8774212475,1767538.0135534122,10
-1208319.5647047202,1767538.0135534122,10
-1207856.2519881926,1767538.0135534122,10
-1207392.9392716652,1767538.0135534122,10
-1206929.6265551376,1767538.0135534122,10
-1206466.3138386102,1767538.0135534122,10
-1206003.0011220826,1767538.0135534122,10
-1205539.6884055552,1767538.0135534122,10
-1205076.3756890276,1767538.0135534122,10
-1204613.0629725,1767538.0135534122,10
-1204149.7502559726,1767538.0135534122,10
-1203686.4375394452,1767538.0135534122,10
-1203223.1248229176,1767538.0135534122,10
-1202759.81210639,1767538.0135534122,10
-1202296.4993898626,1767538.0135534122,10
-1201833.186673335,1767538.0135534122,10
-1201369.8739568077,1767538.0135534122,10
-1200906.56124028,1767538.0135534122,10
-1200443.2485237527,1767538.0135534122,10
-1199979.935807225,1767538.0135534122,10
-1199516.6230906977,1767538.0135534122,10
-1199053.31037417,1767538.0135534122,10
-1198589.9976576427,1767538.0135534122,10
-1198126.684941115,1767538.0135534122,10
-1197663.3722245875,1767538.0135534122,10
-1197200.05950806,1767538.0135534122,10
-1196736.7467915327,1767538.0135534122,10
-1196273.4340750051,1767538.0135534122,10
-1195810.1213584775,1767538.0135534122,10
-1195346.8086419501,1767538.0135534122,10
-1194883.4959254225,1767538.0135534122,10
-1194420.1832088951,1767538.0135534122,10
-1193956.8704923675,1767538.0135534122,10
-1193493.5577758402,1767538.0135534122,10
-1193030.2450593126,1767538.0135534122,10
-1192566.9323427852,1767538.0135534122,10
-1192103.6196262576,1767538.0135534122,10
-1191640.3069097302,1767538.0135534122,10
-1191176.9941932026,1767538.0135534122,10
-1190713.6814766752,1767538.0135534122,10
-1190250.3687601476,1767538.0135534122,10
-1189787.0560436202,1767538.0135534122,10
-1189323.7433270926,1767538.0135534122,10
-1188860.430610565,1767538.0135534122,10
-1188397.1178940376,1767538.0135534122,10
-1187933.80517751,1767538.0135534122,10
-1187470.4924609826,1767538.0135534122,10
-1187007.179744455,1767538.0135534122,10
-1186543.8670279277,1767538.0135534122,10
-1186080.5543114,1767538.0135534122,10
-1185617.2415948727,1767538.0135534122,10
-1185153.928878345,1767538.0135534122,10
-1184690.6161618177,1767538.0135534122,10
-1184227.30344529,1767538.0135534122,10
-1183763.9907287627,1767538.0135534122,10
-1183300.678012235,1767538.0135534122,10
-1182837.3652957077,1767538.0135534122,10
-1182374.05257918,1767538.0135534122,10
-1181910.7398626525,1767538.0135534122,10
-1181447.4271461251,1767538.0135534122,10
-1180984.1144295975,1767538.0135534122,10
-1180520.8017130701,1767538.0135534122,10
-1180057.4889965425,1767538.0135534122,10
-1179594.1762800151,1767538.0135534122,10
-1179130.8635634875,1767538.0135534122,10
-1178667.5508469602,1767538.0135534122,10
-1178204.2381304326,1767538.0135534122,10
-1177740.9254139052,1767538.0135534122,10
-1177277.6126973776,1767538.0135534122,10
-1176814.2999808502,1767538.0135534122,10
-1176350.9872643226,1767538.0135534122,10
-1175887.6745477952,1767538.0135534122,10
-1175424.3618312676,1767538.0135534122,10
-1174961.04911474,1767538.0135534122,10
-1174497.7363982126,1767538.0135534122,10
-1174034.4236816852,1767538.0135534122,10
-1173571.1109651576,1767538.0135534122,10
-1173107.79824863,1767538.0135534122,10
-1172644.4855321026,1767538.0135534122,10
-1172181.172815575,1767538.0135534122,10
-1171717.8600990477,1767538.0135534122,10
-1171254.54738252,1767538.0135534122,10
-1170791.2346659927,1767538.0135534122,10
-1170327.921949465,1767538.0135534122,10
-1169864.6092329377,1767538.0135534122,10
-1169401.29651641,1767538.0135534122,10
-1168937.9837998827,1767538.0135534122,10
-1168474.671083355,1767538.0135534122,10
-1168011.3583668275,1767538.0135534122,10
-1167548.0456503,1767538.0135534122,10
-1167084.7329337727,1767538.0135534122,10
-1166621.4202172451,1767538.0135534122,10
-1166158.1075007175,1767538.0135534122,10
-1165694.7947841901,1767538.0135534122,10
-1165231.4820676625,1767538.0135534122,10
-1164768.1693511351,1767538.0135534122,10
-1164304.8566346075,1767538.0135534122,10
-1163841.5439180802,1767538.0135534122,10
-1163378.2312015526,1767538.0135534122,10
-1162914.9184850252,1767538.0135534122,10
-1162451.6057684976,1767538.0135534122,10
-1161988.2930519702,1767538.0135534122,10
-1161524.9803354426,1767538.0135534122,10
-1161061.6676189152,1767538.0135534122,10
-1160598.3549023876,1767538.0135534122,10
-1160135.0421858602,1767538.0135534122,10
-1159671.7294693326,1767538.0135534122,10
-1159208.416752805,1767538.0135534122,10
-1158745.1040362776,1767538.0135534122,10
-1158281.79131975,1767538.0135534122,10
-1157818.4786032226,1767538.0135534122,10
-1157355.165886695,1767538.0135534122,10
-1156891.8531701677,1767538.0135534122,10
-1156428.54045364,1767538.0135534122,10
-1155965.2277371127,1767538.0135534122,10
-1155501.915020585,1767538.0135534122,10
-1155038.6023040577,1767538.0135534122,10
-1154575.28958753,1767538.0135534122,10
-1154111.9768710027,1767538.0135534122,10
-1153648.664154475,1767538.0135534122,10
-1153185.3514379477,1767538.0135534122,10
-1152722.03872142,1767538.0135534122,10
-1152258.7260048925,1767538.0135534122,10
-1151795.4132883651,1767538.0135534122,10
-1151332.1005718375,1767538.0135534122,10
-1150868.7878553101,1767538.0135534122,10
-1150405.4751387825,1767538.0135534122,10
-1149942.1624222551,1767538.0135534122,10
-1149478.8497057275,1767538.0135534122,10
-1149015.5369892002,1767538.0135534122,10
-1148552.2242726726,1767538.0135534122,10
-1148088.9115561452,1767538.0135534122,10
-1147625.5988396176,1767538.0135534122,10
-1147162.2861230902,1767538.0135534122,10
-1146698.9734065626,1767538.0135534122,10
-1146235.6606900352,1767538.0135534122,10
-1145772.3479735076,1767538.0135534122,10
-1145309.03525698,1767538.0135534122,10
-1144845.7225404526,1767538.0135534122,10
-1144382.4098239252,1767538.0135534122,10
-1143919.0971073976,1767538.0135534122,10
-1143455.78439087,1767538.0135534122,10
-1142992.4716743426,1767538.0135534122,10
-1142529.158957815,1767538.0135534122,10
-1142065.8462412877,1767538.0135534122,10
-1141602.53352476,1767538.0135534122,10
-1141139.2208082327,1767538.0135534122,10
-1140675.908091705,1767538.0135534122,10
-1140212.5953751777,1767538.0135534122,10
-1242604.705727755,1767074.7008368848,10
-1242141.3930112277,1767074.7008368848,10
-1241678.0802947,1767074.7008368848,10
-1241214.7675781725,1767074.7008368848,10
-1240751.4548616451,1767074.7008368848,10
-1240288.1421451175,1767074.7008368848,10
-1239824.8294285901,1767074.7008368848,10
-1239361.5167120625,1767074.7008368848,10
-1238898.2039955352,1767074.7008368848,10
-1238434.8912790075,1767074.7008368848,10
-1237971.5785624802,1767074.7008368848,10
-1237508.2658459526,1767074.7008368848,10
-1237044.9531294252,1767074.7008368848,10
-1236581.6404128976,1767074.7008368848,10
-1236118.3276963702,1767074.7008368848,10
-1235655.0149798426,1767074.7008368848,10
-1235191.7022633152,1767074.7008368848,10
-1234728.3895467876,1767074.7008368848,10
-1234265.07683026,1767074.7008368848,10
-1233801.7641137326,1767074.7008368848,10
-1233338.4513972052,1767074.7008368848,10
-1232875.1386806776,1767074.7008368848,10
-1232411.82596415,1767074.7008368848,10
-1231948.5132476226,1767074.7008368848,10
-1231485.200531095,1767074.7008368848,10
-1231021.8878145677,1767074.7008368848,10
-1230558.57509804,1767074.7008368848,10
-1230095.2623815127,1767074.7008368848,10
-1229631.949664985,1767074.7008368848,10
-1229168.6369484577,1767074.7008368848,10
-1228705.32423193,1767074.7008368848,10
-1228242.0115154027,1767074.7008368848,10
-1227778.698798875,1767074.7008368848,10
-1227315.3860823475,1767074.7008368848,10
-1226852.07336582,1767074.7008368848,10
-1226388.7606492927,1767074.7008368848,10
-1225925.4479327651,1767074.7008368848,10
-1225462.1352162375,1767074.7008368848,10
-1224998.8224997101,1767074.7008368848,10
-1224535.5097831825,1767074.7008368848,10
-1224072.1970666551,1767074.7008368848,10
-1223608.8843501275,1767074.7008368848,10
-1223145.5716336002,1767074.7008368848,10
-1222682.2589170726,1767074.7008368848,10
-1222218.9462005452,1767074.7008368848,10
-1221755.6334840176,1767074.7008368848,10
-1221292.3207674902,1767074.7008368848,10
-1220829.0080509626,1767074.7008368848,10
-1220365.6953344352,1767074.7008368848,10
-1219902.3826179076,1767074.7008368848,10
-1219439.0699013802,1767074.7008368848,10
-1218975.7571848526,1767074.7008368848,10
-1218512.444468325,1767074.7008368848,10
-1218049.1317517976,1767074.7008368848,10
-1217585.81903527,1767074.7008368848,10
-1217122.5063187426,1767074.7008368848,10
-1216659.193602215,1767074.7008368848,10
-1216195.8808856877,1767074.7008368848,10
-1215732.56816916,1767074.7008368848,10
-1215269.2554526327,1767074.7008368848,10
-1214805.942736105,1767074.7008368848,10
-1214342.6300195777,1767074.7008368848,10
-1213879.31730305,1767074.7008368848,10
-1213416.0045865227,1767074.7008368848,10
-1212952.691869995,1767074.7008368848,10
-1212489.3791534677,1767074.7008368848,10
-1212026.06643694,1767074.7008368848,10
-1211562.7537204125,1767074.7008368848,10
-1211099.4410038851,1767074.7008368848,10
-1210636.1282873575,1767074.7008368848,10
-1210172.8155708301,1767074.7008368848,10
-1209709.5028543025,1767074.7008368848,10
-1209246.1901377751,1767074.7008368848,10
-1208782.8774212475,1767074.7008368848,10
-1208319.5647047202,1767074.7008368848,10
-1207856.2519881926,1767074.7008368848,10
-1207392.9392716652,1767074.7008368848,10
-1206929.6265551376,1767074.7008368848,10
-1206466.3138386102,1767074.7008368848,10
-1206003.0011220826,1767074.7008368848,10
-1205539.6884055552,1767074.7008368848,10
-1205076.3756890276,1767074.7008368848,10
-1204613.0629725,1767074.7008368848,10
-1204149.7502559726,1767074.7008368848,10
-1203686.4375394452,1767074.7008368848,10
-1203223.1248229176,1767074.7008368848,10
-1202759.81210639,1767074.7008368848,10
-1202296.4993898626,1767074.7008368848,10
-1201833.186673335,1767074.7008368848,10
-1201369.8739568077,1767074.7008368848,10
-1200906.56124028,1767074.7008368848,10
-1200443.2485237527,1767074.7008368848,10
-1199979.935807225,1767074.7008368848,10
-1199516.6230906977,1767074.7008368848,10
-1199053.31037417,1767074.7008368848,10
-1198589.9976576427,1767074.7008368848,10
-1198126.684941115,1767074.7008368848,10
-1197663.3722245875,1767074.7008368848,10
-1197200.05950806,1767074.7008368848,10
-1196736.7467915327,1767074.7008368848,10
-1196273.4340750051,1767074.7008368848,10
-1195810.1213584775,1767074.7008368848,10
-1195346.8086419501,1767074.7008368848,10
-1194883.4959254225,1767074.7008368848,10
-1194420.1832088951,1767074.7008368848,10
-1193956.8704923675,1767074.7008368848,10
-1193493.5577758402,1767074.7008368848,10
-1193030.2450593126,1767074.7008368848,10
-1192566.9323427852,1767074.7008368848,10
-1192103.6196262576,1767074.7008368848,10
-1191640.3069097302,1767074.7008368848,10
-1191176.9941932026,1767074.7008368848,10
-1190713.6814766752,1767074.7008368848,10
-1190250.3687601476,1767074.7008368848,10
-1189787.0560436202,1767074.7008368848,10
-1189323.7433270926,1767074.7008368848,10
-1188860.430610565,1767074.7008368848,10
-1188397.1178940376,1767074.7008368848,10
-1187933.80517751,1767074.7008368848,10
-1187470.4924609826,1767074.7008368848,10
-1187007.179744455,1767074.7008368848,10
-1186543.8670279277,1767074.7008368848,10
-1186080.5543114,1767074.7008368848,10
-1185617.2415948727,1767074.7008368848,10
-1185153.928878345,1767074.7008368848,10
-1184690.6161618177,1767074.7008368848,10
-1184227.30344529,1767074.7008368848,10
-1183763.9907287627,1767074.7008368848,10
-1183300.678012235,1767074.7008368848,10
-1182837.3652957077,1767074.7008368848,10
-1182374.05257918,1767074.7008368848,10
-1181910.7398626525,1767074.7008368848,10
-1181447.4271461251,1767074.7008368848,10
-1180984.1144295975,1767074.7008368848,10
-1180520.8017130701,1767074.7008368848,10
-1180057.4889965425,1767074.7008368848,10
-1179594.1762800151,1767074.7008368848,10
-1179130.8635634875,1767074.7008368848,10
-1178667.5508469602,1767074.7008368848,10
-1178204.2381304326,1767074.7008368848,10
-1177740.9254139052,1767074.7008368848,10
-1177277.6126973776,1767074.7008368848,10
-1176814.2999808502,1767074.7008368848,10
-1176350.9872643226,1767074.7008368848,10
-1175887.6745477952,1767074.7008368848,10
-1175424.3618312676,1767074.7008368848,10
-1174961.04911474,1767074.7008368848,10
-1174497.7363982126,1767074.7008368848,10
-1174034.4236816852,1767074.7008368848,10
-1173571.1109651576,1767074.7008368848,10
-1173107.79824863,1767074.7008368848,10
-1172644.4855321026,1767074.7008368848,10
-1172181.172815575,1767074.7008368848,10
-1171717.8600990477,1767074.7008368848,10
-1171254.54738252,1767074.7008368848,10
-1170791.2346659927,1767074.7008368848,10
-1170327.921949465,1767074.7008368848,10
-1169864.6092329377,1767074.7008368848,10
-1169401.29651641,1767074.7008368848,10
-1168937.9837998827,1767074.7008368848,10
-1168474.671083355,1767074.7008368848,10
-1168011.3583668275,1767074.7008368848,10
-1167548.0456503,1767074.7008368848,10
-1167084.7329337727,1767074.7008368848,10
-1166621.4202172451,1767074.7008368848,10
-1166158.1075007175,1767074.7008368848,10
-1165694.7947841901,1767074.7008368848,10
-1165231.4820676625,1767074.7008368848,10
-1164768.1693511351,1767074.7008368848,10
-1164304.8566346075,1767074.7008368848,10
-1163841.5439180802,1767074.7008368848,10
-1163378.2312015526,1767074.7008368848,10
-1162914.9184850252,1767074.7008368848,10
-1162451.6057684976,1767074.7008368848,10
-1161988.2930519702,1767074.7008368848,10
-1161524.9803354426,1767074.7008368848,10
-1161061.6676189152,1767074.7008368848,10
-1160598.3549023876,1767074.7008368848,10
-1160135.0421858602,1767074.7008368848,10
-1159671.7294693326,1767074.7008368848,10
-1159208.416752805,1767074.7008368848,10
-1158745.1040362776,1767074.7008368848,10
-1158281.79131975,1767074.7008368848,10
-1157818.4786032226,1767074.7008368848,10
-1157355.165886695,1767074.7008368848,10
-1156891.8531701677,1767074.7008368848,10
-1156428.54045364,1767074.7008368848,10
-1155965.2277371127,1767074.7008368848,10
-1155501.915020585,1767074.7008368848,10
-1155038.6023040577,1767074.7008368848,10
-1154575.28958753,1767074.7008368848,10
-1154111.9768710027,1767074.7008368848,10
-1153648.664154475,1767074.7008368848,10
-1153185.3514379477,1767074.7008368848,10
-1152722.03872142,1767074.7008368848,10
-1152258.7260048925,1767074.7008368848,10
-1151795.4132883651,1767074.7008368848,10
-1151332.1005718375,1767074.7008368848,10
-1150868.7878553101,1767074.7008368848,10
-1150405.4751387825,1767074.7008368848,10
-1149942.1624222551,1767074.7008368848,10
-1149478.8497057275,1767074.7008368848,10
-1149015.5369892002,1767074.7008368848,10
-1148552.2242726726,1767074.7008368848,10
-1148088.9115561452,1767074.7008368848,10
-1147625.5988396176,1767074.7008368848,10
-1147162.2861230902,1767074.7008368848,10
-1146698.9734065626,1767074.7008368848,10
-1146235.6606900352,1767074.7008368848,10
-1145772.3479735076,1767074.7008368848,10
-1145309.03525698,1767074.7008368848,10
-1144845.7225404526,1767074.7008368848,10
-1144382.4098239252,1767074.7008368848,10
-1143919.0971073976,1767074.7008368848,10
-1143455.78439087,1767074.7008368848,10
-1142992.4716743426,1767074.7008368848,10
-1142529.158957815,1767074.7008368848,10
-1142065.8462412877,1767074.7008368848,10
-1141602.53352476,1767074.7008368848,10
-1141139.2208082327,1767074.7008368848,10
-1140675.908091705,1767074.7008368848,10
-1140212.5953751777,1767074.7008368848,10
-1241678.0802947,1766611.3881203572,10
-1241214.7675781725,1766611.3881203572,10
-1240751.4548616451,1766611.3881203572,10
-1240288.1421451175,1766611.3881203572,10
-1239824.8294285901,1766611.3881203572,10
-1239361.5167120625,1766611.3881203572,10
-1238898.2039955352,1766611.3881203572,10
-1238434.8912790075,1766611.3881203572,10
-1237971.5785624802,1766611.3881203572,10
-1237508.2658459526,1766611.3881203572,10
-1237044.9531294252,1766611.3881203572,10
-1236581.6404128976,1766611.3881203572,10
-1236118.3276963702,1766611.3881203572,10
-1235655.0149798426,1766611.3881203572,10
-1235191.7022633152,1766611.3881203572,10
-1234728.3895467876,1766611.3881203572,10
-1234265.07683026,1766611.3881203572,10
-1233801.7641137326,1766611.3881203572,10
-1233338.4513972052,1766611.3881203572,10
-1232875.1386806776,1766611.3881203572,10
-1232411.82596415,1766611.3881203572,10
-1231948.5132476226,1766611.3881203572,10
-1231485.200531095,1766611.3881203572,10
-1231021.8878145677,1766611.3881203572,10
-1230558.57509804,1766611.3881203572,10
-1230095.2623815127,1766611.3881203572,10
-1229631.949664985,1766611.3881203572,10
-1229168.6369484577,1766611.3881203572,10
-1228705.32423193,1766611.3881203572,10
-1228242.0115154027,1766611.3881203572,10
-1227778.698798875,1766611.3881203572,10
-1227315.3860823475,1766611.3881203572,10
-1226852.07336582,1766611.3881203572,10
-1226388.7606492927,1766611.3881203572,10
-1225925.4479327651,1766611.3881203572,10
-1225462.1352162375,1766611.3881203572,10
-1224998.8224997101,1766611.3881203572,10
-1224535.5097831825,1766611.3881203572,10
-1224072.1970666551,1766611.3881203572,10
-1223608.8843501275,1766611.3881203572,10
-1223145.5716336002,1766611.3881203572,10
-1222682.2589170726,1766611.3881203572,10
-1222218.9462005452,1766611.3881203572,10
-1221755.6334840176,1766611.3881203572,10
-1221292.3207674902,1766611.3881203572,10
-1220829.0080509626,1766611.3881203572,10
-1220365.6953344352,1766611.3881203572,10
-1219902.3826179076,1766611.3881203572,10
-1219439.0699013802,1766611.3881203572,10
-1218975.7571848526,1766611.3881203572,10
-1218512.444468325,1766611.3881203572,10
-1218049.1317517976,1766611.3881203572,10
-1217585.81903527,1766611.3881203572,10
-1217122.5063187426,1766611.3881203572,10
-1216659.193602215,1766611.3881203572,10
-1216195.8808856877,1766611.3881203572,10
-1215732.56816916,1766611.3881203572,10
-1215269.2554526327,1766611.3881203572,10
-1214805.942736105,1766611.3881203572,10
-1214342.6300195777,1766611.3881203572,10
-1213879.31730305,1766611.3881203572,10
-1213416.0045865227,1766611.3881203572,10
-1212952.691869995,1766611.3881203572,10
-1212489.3791534677,1766611.3881203572,10
-1212026.06643694,1766611.3881203572,10
-1211562.7537204125,1766611.3881203572,10
-1211099.4410038851,1766611.3881203572,10
-1210636.1282873575,1766611.3881203572,10
-1210172.8155708301,1766611.3881203572,10
-1209709.5028543025,1766611.3881203572,10
-1209246.1901377751,1766611.3881203572,10
-1208782.8774212475,1766611.3881203572,10
-1208319.5647047202,1766611.3881203572,10
-1207856.2519881926,1766611.3881203572,10
-1207392.9392716652,1766611.3881203572,10
-1206929.6265551376,1766611.3881203572,10
-1206466.3138386102,1766611.3881203572,10
-1206003.0011220826,1766611.3881203572,10
-1205539.6884055552,1766611.3881203572,10
-1205076.3756890276,1766611.3881203572,10
-1204613.0629725,1766611.3881203572,10
-1204149.7502559726,1766611.3881203572,10
-1203686.4375394452,1766611.3881203572,10
-1203223.1248229176,1766611.3881203572,10
-1202759.81210639,1766611.3881203572,10
-1202296.4993898626,1766611.3881203572,10
-1201833.186673335,1766611.3881203572,10
-1201369.8739568077,1766611.3881203572,10
-1200906.56124028,1766611.3881203572,10
-1200443.2485237527,1766611.3881203572,10
-1199979.935807225,1766611.3881203572,10
-1199516.6230906977,1766611.3881203572,10
-1199053.31037417,1766611.3881203572,10
-1198589.9976576427,1766611.3881203572,10
-1198126.684941115,1766611.3881203572,10
-1197663.3722245875,1766611.3881203572,10
-1197200.05950806,1766611.3881203572,10
-1196736.7467915327,1766611.3881203572,10
-1196273.4340750051,1766611.3881203572,10
-1195810.1213584775,1766611.3881203572,10
-1195346.8086419501,1766611.3881203572,10
-1194883.4959254225,1766611.3881203572,10
-1194420.1832088951,1766611.3881203572,10
-1193956.8704923675,1766611.3881203572,10
-1193493.5577758402,1766611.3881203572,10
-1193030.2450593126,1766611.3881203572,10
-1192566.9323427852,1766611.3881203572,10
-1192103.6196262576,1766611.3881203572,10
-1191640.3069097302,1766611.3881203572,10
-1191176.9941932026,1766611.3881203572,10
-1190713.6814766752,1766611.3881203572,10
-1190250.3687601476,1766611.3881203572,10
-1189787.0560436202,1766611.3881203572,10
-1189323.7433270926,1766611.3881203572,10
-1188860.430610565,1766611.3881203572,10
-1188397.1178940376,1766611.3881203572,10
-1187933.80517751,1766611.3881203572,10
-1187470.4924609826,1766611.3881203572,10
-1187007.179744455,1766611.3881203572,10
-1186543.8670279277,1766611.3881203572,10
-1186080.5543114,1766611.3881203572,10
-1185617.2415948727,1766611.3881203572,10
-1185153.928878345,1766611.3881203572,10
-1184690.6161618177,1766611.3881203572,10
-1184227.30344529,1766611.3881203572,10
-1183763.9907287627,1766611.3881203572,10
-1183300.678012235,1766611.3881203572,10
-1182837.3652957077,1766611.3881203572,10
-1182374.05257918,1766611.3881203572,10
-1181910.7398626525,1766611.3881203572,10
-1181447.4271461251,1766611.3881203572,10
-1180984.1144295975,1766611.3881203572,10
-1180520.8017130701,1766611.3881203572,10
-1180057.4889965425,1766611.3881203572,10
-1179594.1762800151,1766611.3881203572,10
-1179130.8635634875,1766611.3881203572,10
-1178667.5508469602,1766611.3881203572,10
-1178204.2381304326,1766611.3881203572,10
-1177740.9254139052,1766611.3881203572,10
-1177277.6126973776,1766611.3881203572,10
-1176814.2999808502,1766611.3881203572,10
-1176350.9872643226,1766611.3881203572,10
-1175887.6745477952,1766611.3881203572,10
-1175424.3618312676,1766611.3881203572,10
-1174961.04911474,1766611.3881203572,10
-1174497.7363982126,1766611.3881203572,10
-1174034.4236816852,1766611.3881203572,10
-1173571.1109651576,1766611.3881203572,10
-1173107.79824863,1766611.3881203572,10
-1172644.4855321026,1766611.3881203572,10
-1172181.172815575,1766611.3881203572,10
-1171717.8600990477,1766611.3881203572,10
-1171254.54738252,1766611.3881203572,10
-1170791.2346659927,1766611.3881203572,10
-1170327.921949465,1766611.3881203572,10
-1169864.6092329377,1766611.3881203572,10
-1169401.29651641,1766611.3881203572,10
-1168937.9837998827,1766611.3881203572,10
-1168474.671083355,1766611.3881203572,10
-1168011.3583668275,1766611.3881203572,10
-1167548.0456503,1766611.3881203572,10
-1167084.7329337727,1766611.3881203572,10
-1166621.4202172451,1766611.3881203572,10
-1166158.1075007175,1766611.3881203572,10
-1165694.7947841901,1766611.3881203572,10
-1165231.4820676625,1766611.3881203572,10
-1164768.1693511351,1766611.3881203572,10
-1164304.8566346075,1766611.3881203572,10
-1163841.5439180802,1766611.3881203572,10
-1163378.2312015526,1766611.3881203572,10
-1162914.9184850252,1766611.3881203572,10
-1162451.6057684976,1766611.3881203572,10
-1161988.2930519702,1766611.3881203572,10
-1161524.9803354426,1766611.3881203572,10
-1161061.6676189152,1766611.3881203572,10
-1160598.3549023876,1766611.3881203572,10
-1160135.0421858602,1766611.3881203572,10
-1159671.7294693326,1766611.3881203572,10
-1159208.416752805,1766611.3881203572,10
-1158745.1040362776,1766611.3881203572,10
-1158281.79131975,1766611.3881203572,10
-1157818.4786032226,1766611.3881203572,10
-1157355.165886695,1766611.3881203572,10
-1156891.8531701677,1766611.3881203572,10
-1156428.54045364,1766611.3881203572,10
-1155965.2277371127,1766611.3881203572,10
-1155501.915020585,1766611.3881203572,10
-1155038.6023040577,1766611.3881203572,10
-1154575.28958753,1766611.3881203572,10
-1154111.9768710027,1766611.3881203572,10
-1153648.664154475,1766611.3881203572,10
-1153185.3514379477,1766611.3881203572,10
-1152722.03872142,1766611.3881203572,10
-1152258.7260048925,1766611.3881203572,10
-1151795.4132883651,1766611.3881203572,10
-1151332.1005718375,1766611.3881203572,10
-1150868.7878553101,1766611.3881203572,10
-1150405.4751387825,1766611.3881203572,10
-1149942.1624222551,1766611.3881203572,10
-1149478.8497057275,1766611.3881203572,10
-1149015.5369892002,1766611.3881203572,10
-1148552.2242726726,1766611.3881203572,10
-1148088.9115561452,1766611.3881203572,10
-1147625.5988396176,1766611.3881203572,10
-1147162.2861230902,1766611.3881203572,10
-1146698.9734065626,1766611.3881203572,10
-1146235.6606900352,1766611.3881203572,10
-1145772.3479735076,1766611.3881203572,10
-1145309.03525698,1766611.3881203572,10
-1144845.7225404526,1766611.3881203572,10
-1144382.4098239252,1766611.3881203572,10
-1143919.0971073976,1766611.3881203572,10
-1143455.78439087,1766611.3881203572,10
-1142992.4716743426,1766611.3881203572,10
-1142529.158957815,1766611.3881203572,10
-1142065.8462412877,1766611.3881203572,10
-1141602.53352476,1766611.3881203572,10
-1141139.2208082327,1766611.3881203572,10
-1140675.908091705,1766611.3881203572,10
-1140212.5953751777,1766611.3881203572,10
-1241214.7675781725,1766148.0754038296,10
-1240751.4548616451,1766148.0754038296,10
-1240288.1421451175,1766148.0754038296,10
-1239824.8294285901,1766148.0754038296,10
-1239361.5167120625,1766148.0754038296,10
-1238898.2039955352,1766148.0754038296,10
-1238434.8912790075,1766148.0754038296,10
-1237971.5785624802,1766148.0754038296,10
-1237508.2658459526,1766148.0754038296,10
-1237044.9531294252,1766148.0754038296,10
-1236581.6404128976,1766148.0754038296,10
-1236118.3276963702,1766148.0754038296,10
-1235655.0149798426,1766148.0754038296,10
-1235191.7022633152,1766148.0754038296,10
-1234728.3895467876,1766148.0754038296,10
-1234265.07683026,1766148.0754038296,10
-1233801.7641137326,1766148.0754038296,10
-1233338.4513972052,1766148.0754038296,10
-1232875.1386806776,1766148.0754038296,10
-1232411.82596415,1766148.0754038296,10
-1231948.5132476226,1766148.0754038296,10
-1231485.200531095,1766148.0754038296,10
-1231021.8878145677,1766148.0754038296,10
-1230558.57509804,1766148.0754038296,10
-1230095.2623815127,1766148.0754038296,10
-1229631.949664985,1766148.0754038296,10
-1229168.6369484577,1766148.0754038296,10
-1228705.32423193,1766148.0754038296,10
-1228242.0115154027,1766148.0754038296,10
-1227778.698798875,1766148.0754038296,10
-1227315.3860823475,1766148.0754038296,10
-1226852.07336582,1766148.0754038296,10
-1226388.7606492927,1766148.0754038296,10
-1225925.4479327651,1766148.0754038296,10
-1225462.1352162375,1766148.0754038296,10
-1224998.8224997101,1766148.0754038296,10
-1224535.5097831825,1766148.0754038296,10
-1224072.1970666551,1766148.0754038296,10
-1223608.8843501275,1766148.0754038296,10
-1223145.5716336002,1766148.0754038296,10
-1222682.2589170726,1766148.0754038296,10
-1222218.9462005452,1766148.0754038296,10
-1221755.6334840176,1766148.0754038296,10
-1221292.3207674902,1766148.0754038296,10
-1220829.0080509626,1766148.0754038296,10
-1220365.6953344352,1766148.0754038296,10
-1219902.3826179076,1766148.0754038296,10
-1219439.0699013802,1766148.0754038296,10
-1218975.7571848526,1766148.0754038296,10
-1218512.444468325,1766148.0754038296,10
-1218049.1317517976,1766148.0754038296,10
-1217585.81903527,1766148.0754038296,10
-1217122.5063187426,1766148.0754038296,10
-1216659.193602215,1766148.0754038296,10
-1216195.8808856877,1766148.0754038296,10
-1215732.56816916,1766148.0754038296,10
-1215269.2554526327,1766148.0754038296,10
-1214805.942736105,1766148.0754038296,10
-1214342.6300195777,1766148.0754038296,10
-1213879.31730305,1766148.0754038296,10
-1213416.0045865227,1766148.0754038296,10
-1212952.691869995,1766148.0754038296,10
-1212489.3791534677,1766148.0754038296,10
-1212026.06643694,1766148.0754038296,10
-1211562.7537204125,1766148.0754038296,10
-1211099.4410038851,1766148.0754038296,10
-1210636.1282873575,1766148.0754038296,10
-1210172.8155708301,1766148.0754038296,10
-1209709.5028543025,1766148.0754038296,10
-1209246.1901377751,1766148.0754038296,10
-1208782.8774212475,1766148.0754038296,10
-1208319.5647047202,1766148.0754038296,10
-1207856.2519881926,1766148.0754038296,10
-1207392.9392716652,1766148.0754038296,10
-1206929.6265551376,1766148.0754038296,10
-1206466.3138386102,1766148.0754038296,10
-1206003.0011220826,1766148.0754038296,10
-1205539.6884055552,1766148.0754038296,10
-1205076.3756890276,1766148.0754038296,10
-1204613.0629725,1766148.0754038296,10
-1204149.7502559726,1766148.0754038296,10
-1203686.4375394452,1766148.0754038296,10
-1203223.1248229176,1766148.0754038296,10
-1202759.81210639,1766148.0754038296,10
-1202296.4993898626,1766148.0754038296,10
-1201833.186673335,1766148.0754038296,10
-1201369.8739568077,1766148.0754038296,10
-1200906.56124028,1766148.0754038296,10
-1200443.2485237527,1766148.0754038296,10
-1199979.935807225,1766148.0754038296,10
-1199516.6230906977,1766148.0754038296,10
-1199053.31037417,1766148.0754038296,10
-1198589.9976576427,1766148.0754038296,10
-1198126.684941115,1766148.0754038296,10
-1197663.3722245875,1766148.0754038296,10
-1197200.05950806,1766148.0754038296,10
-1196736.7467915327,1766148.0754038296,10
-1196273.4340750051,1766148.0754038296,10
-1195810.1213584775,1766148.0754038296,10
-1195346.8086419501,1766148.0754038296,10
-1194883.4959254225,1766148.0754038296,10
-1194420.1832088951,1766148.0754038296,10
-1193956.8704923675,1766148.0754038296,10
-1193493.5577758402,1766148.0754038296,10
-1193030.2450593126,1766148.0754038296,10
-1192566.9323427852,1766148.0754038296,10
-1192103.6196262576,1766148.0754038296,10
-1191640.3069097302,1766148.0754038296,10
-1191176.9941932026,1766148.0754038296,10
-1190713.6814766752,1766148.0754038296,10
-1190250.3687601476,1766148.0754038296,10
-1189787.0560436202,1766148.0754038296,10
-1189323.7433270926,1766148.0754038296,10
-1188860.430610565,1766148.0754038296,10
-1188397.1178940376,1766148.0754038296,10
-1187933.80517751,1766148.0754038296,10
-1187470.4924609826,1766148.0754038296,10
-1187007.179744455,1766148.0754038296,10
-1186543.8670279277,1766148.0754038296,10
-1186080.5543114,1766148.0754038296,10
-1185617.2415948727,1766148.0754038296,10
-1185153.928878345,1766148.0754038296,10
-1184690.6161618177,1766148.0754038296,10
-1184227.30344529,1766148.0754038296,10
-1183763.9907287627,1766148.0754038296,10
-1183300.678012235,1766148.0754038296,10
-1182837.3652957077,1766148.0754038296,10
-1182374.05257918,1766148.0754038296,10
-1181910.7398626525,1766148.0754038296,10
-1181447.4271461251,1766148.0754038296,10
-1180984.1144295975,1766148.0754038296,10
-1180520.8017130701,1766148.0754038296,10
-1180057.4889965425,1766148.0754038296,10
-1179594.1762800151,1766148.0754038296,10
-1179130.8635634875,1766148.0754038296,10
-1178667.5508469602,1766148.0754038296,10
-1178204.2381304326,1766148.0754038296,10
-1177740.9254139052,1766148.0754038296,10
-1177277.6126973776,1766148.0754038296,10
-1176814.2999808502,1766148.0754038296,10
-1176350.9872643226,1766148.0754038296,10
-1175887.6745477952,1766148.0754038296,10
-1175424.3618312676,1766148.0754038296,10
-1174961.04911474,1766148.0754038296,10
-1174497.7363982126,1766148.0754038296,10
-1174034.4236816852,1766148.0754038296,10
-1173571.1109651576,1766148.0754038296,10
-1173107.79824863,1766148.0754038296,10
-1172644.4855321026,1766148.0754038296,10
-1172181.172815575,1766148.0754038296,10
-1171717.8600990477,1766148.0754038296,10
-1171254.54738252,1766148.0754038296,10
-1170791.2346659927,1766148.0754038296,10
-1170327.921949465,1766148.0754038296,10
-1169864.6092329377,1766148.0754038296,10
-1169401.29651641,1766148.0754038296,10
-1168937.9837998827,1766148.0754038296,10
-1168474.671083355,1766148.0754038296,10
-1168011.3583668275,1766148.0754038296,10
-1167548.0456503,1766148.0754038296,10
-1167084.7329337727,1766148.0754038296,10
-1166621.4202172451,1766148.0754038296,10
-1166158.1075007175,1766148.0754038296,10
-1165694.7947841901,1766148.0754038296,10
-1165231.4820676625,1766148.0754038296,10
-1164768.1693511351,1766148.0754038296,10
-1164304.8566346075,1766148.0754038296,10
-1163841.5439180802,1766148.0754038296,10
-1163378.2312015526,1766148.0754038296,10
-1162914.9184850252,1766148.0754038296,10
-1162451.6057684976,1766148.0754038296,10
-1161988.2930519702,1766148.0754038296,10
-1161524.9803354426,1766148.0754038296,10
-1161061.6676189152,1766148.0754038296,10
-1160598.3549023876,1766148.0754038296,10
-1160135.0421858602,1766148.0754038296,10
-1159671.7294693326,1766148.0754038296,10
-1159208.416752805,1766148.0754038296,10
-1158745.1040362776,1766148.0754038296,10
-1158281.79131975,1766148.0754038296,10
-1157818.4786032226,1766148.0754038296,10
-1157355.165886695,1766148.0754038296,10
-1156891.8531701677,1766148.0754038296,10
-1156428.54045364,1766148.0754038296,10
-1155965.2277371127,1766148.0754038296,10
-1155501.915020585,1766148.0754038296,10
-1155038.6023040577,1766148.0754038296,10
-1154575.28958753,1766148.0754038296,10
-1154111.9768710027,1766148.0754038296,10
-1153648.664154475,1766148.0754038296,10
-1153185.3514379477,1766148.0754038296,10
-1152722.03872142,1766148.0754038296,10
-1152258.7260048925,1766148.0754038296,10
-1151795.4132883651,1766148.0754038296,10
-1151332.1005718375,1766148.0754038296,10
-1150868.7878553101,1766148.0754038296,10
-1150405.4751387825,1766148.0754038296,10
-1149942.1624222551,1766148.0754038296,10
-1149478.8497057275,1766148.0754038296,10
-1149015.5369892002,1766148.0754038296,10
-1148552.2242726726,1766148.0754038296,10
-1148088.9115561452,1766148.0754038296,10
-1147625.5988396176,1766148.0754038296,10
-1147162.2861230902,1766148.0754038296,10
-1146698.9734065626,1766148.0754038296,10
-1146235.6606900352,1766148.0754038296,10
-1145772.3479735076,1766148.0754038296,10
-1145309.03525698,1766148.0754038296,10
-1144845.7225404526,1766148.0754038296,10
-1144382.4098239252,1766148.0754038296,10
-1143919.0971073976,1766148.0754038296,10
-1143455.78439087,1766148.0754038296,10
-1142992.4716743426,1766148.0754038296,10
-1142529.158957815,1766148.0754038296,10
-1142065.8462412877,1766148.0754038296,10
-1141602.53352476,1766148.0754038296,10
-1141139.2208082327,1766148.0754038296,10
-1140675.908091705,1766148.0754038296,10
-1140212.5953751777,1766148.0754038296,10
-1240751.4548616451,1765684.7626873022,10
-1240288.1421451175,1765684.7626873022,10
-1239824.8294285901,1765684.7626873022,10
-1239361.5167120625,1765684.7626873022,10
-1238898.2039955352,1765684.7626873022,10
-1238434.8912790075,1765684.7626873022,10
-1237971.5785624802,1765684.7626873022,10
-1237508.2658459526,1765684.7626873022,10
-1237044.9531294252,1765684.7626873022,10
-1236581.6404128976,1765684.7626873022,10
-1236118.3276963702,1765684.7626873022,10
-1235655.0149798426,1765684.7626873022,10
-1235191.7022633152,1765684.7626873022,10
-1234728.3895467876,1765684.7626873022,10
-1234265.07683026,1765684.7626873022,10
-1233801.7641137326,1765684.7626873022,10
-1233338.4513972052,1765684.7626873022,10
-1232875.1386806776,1765684.7626873022,10
-1232411.82596415,1765684.7626873022,10
-1231948.5132476226,1765684.7626873022,10
-1231485.200531095,1765684.7626873022,10
-1231021.8878145677,1765684.7626873022,10
-1230558.57509804,1765684.7626873022,10
-1230095.2623815127,1765684.7626873022,10
-1229631.949664985,1765684.7626873022,10
-1229168.6369484577,1765684.7626873022,10
-1228705.32423193,1765684.7626873022,10
-1228242.0115154027,1765684.7626873022,10
-1227778.698798875,1765684.7626873022,10
-1227315.3860823475,1765684.7626873022,10
-1226852.07336582,1765684.7626873022,10
-1226388.7606492927,1765684.7626873022,10
-1225925.4479327651,1765684.7626873022,10
-1225462.1352162375,1765684.7626873022,10
-1224998.8224997101,1765684.7626873022,10
-1224535.5097831825,1765684.7626873022,10
-1224072.1970666551,1765684.7626873022,10
-1223608.8843501275,1765684.7626873022,10
-1223145.5716336002,1765684.7626873022,10
-1222682.2589170726,1765684.7626873022,10
-1222218.9462005452,1765684.7626873022,10
-1221755.6334840176,1765684.7626873022,10
-1221292.3207674902,1765684.7626873022,10
-1220829.0080509626,1765684.7626873022,10
-1220365.6953344352,1765684.7626873022,10
-1219902.3826179076,1765684.7626873022,10
-1219439.0699013802,1765684.7626873022,10
-1218975.7571848526,1765684.7626873022,10
-1218512.444468325,1765684.7626873022,10
-1218049.1317517976,1765684.7626873022,10
-1217585.81903527,1765684.7626873022,10
-1217122.5063187426,1765684.7626873022,10
-1216659.193602215,1765684.7626873022,10
-1216195.8808856877,1765684.7626873022,10
-1215732.56816916,1765684.7626873022,10
-1215269.2554526327,1765684.7626873022,10
-1214805.942736105,1765684.7626873022,10
-1214342.6300195777,1765684.7626873022,10
-1213879.31730305,1765684.7626873022,10
-1213416.0045865227,1765684.7626873022,10
-1212952.691869995,1765684.7626873022,10
-1212489.3791534677,1765684.7626873022,10
-1212026.06643694,1765684.7626873022,10
-1211562.7537204125,1765684.7626873022,10
-1211099.4410038851,1765684.7626873022,10
-1210636.1282873575,1765684.7626873022,10
-1210172.8155708301,1765684.7626873022,10
-1209709.5028543025,1765684.7626873022,10
-1209246.1901377751,1765684.7626873022,10
-1208782.8774212475,1765684.7626873022,10
-1208319.5647047202,1765684.7626873022,10
-1207856.2519881926,1765684.7626873022,10
-1207392.9392716652,1765684.7626873022,10
-1206929.6265551376,1765684.7626873022,10
-1206466.3138386102,1765684.7626873022,10
-1206003.0011220826,1765684.7626873022,10
-1205539.6884055552,1765684.7626873022,10
-1205076.3756890276,1765684.7626873022,10
-1204613.0629725,1765684.7626873022,10
-1204149.7502559726,1765684.7626873022,10
-1203686.4375394452,1765684.7626873022,10
-1203223.1248229176,1765684.7626873022,10
-1202759.81210639,1765684.7626873022,10
-1202296.4993898626,1765684.7626873022,10
-1201833.186673335,1765684.7626873022,10
-1201369.8739568077,1765684.7626873022,10
-1200906.56124028,1765684.7626873022,10
-1200443.2485237527,1765684.7626873022,10
-1199979.935807225,1765684.7626873022,10
-1199516.6230906977,1765684.7626873022,10
-1199053.31037417,1765684.7626873022,10
-1198589.9976576427,1765684.7626873022,10
-1198126.684941115,1765684.7626873022,10
-1197663.3722245875,1765684.7626873022,10
-1197200.05950806,1765684.7626873022,10
-1196736.7467915327,1765684.7626873022,10
-1196273.4340750051,1765684.7626873022,10
-1195810.1213584775,1765684.7626873022,10
-1195346.8086419501,1765684.7626873022,10
-1194883.4959254225,1765684.7626873022,10
-1194420.1832088951,1765684.7626873022,10
-1193956.8704923675,1765684.7626873022,10
-1193493.5577758402,1765684.7626873022,10
-1193030.2450593126,1765684.7626873022,10
-1192566.9323427852,1765684.7626873022,10
-1192103.6196262576,1765684.7626873022,10
-1191640.3069097302,1765684.7626873022,10
-1191176.9941932026,1765684.7626873022,10
-1190713.6814766752,1765684.7626873022,10
-1190250.3687601476,1765684.7626873022,10
-1189787.0560436202,1765684.7626873022,10
-1189323.7433270926,1765684.7626873022,10
-1188860.430610565,1765684.7626873022,10
-1188397.1178940376,1765684.7626873022,10
-1187933.80517751,1765684.7626873022,10
-1187470.4924609826,1765684.7626873022,10
-1187007.179744455,1765684.7626873022,10
-1186543.8670279277,1765684.7626873022,10
-1186080.5543114,1765684.7626873022,10
-1185617.2415948727,1765684.7626873022,10
-1185153.928878345,1765684.7626873022,10
-1184690.6161618177,1765684.7626873022,10
-1184227.30344529,1765684.7626873022,10
-1183763.9907287627,1765684.7626873022,10
-1183300.678012235,1765684.7626873022,10
-1182837.3652957077,1765684.7626873022,10
-1182374.05257918,1765684.7626873022,10
-1181910.7398626525,1765684.7626873022,10
-1181447.4271461251,1765684.7626873022,10
-1180984.1144295975,1765684.7626873022,10
-1180520.8017130701,1765684.7626873022,10
-1180057.4889965425,1765684.7626873022,10
-1179594.1762800151,1765684.7626873022,10
-1179130.8635634875,1765684.7626873022,10
-1178667.5508469602,1765684.7626873022,10
-1178204.2381304326,1765684.7626873022,10
-1177740.9254139052,1765684.7626873022,10
-1177277.6126973776,1765684.7626873022,10
-1176814.2999808502,1765684.7626873022,10
-1176350.9872643226,1765684.7626873022,10
-1175887.6745477952,1765684.7626873022,10
-1175424.3618312676,1765684.7626873022,10
-1174961.04911474,1765684.7626873022,10
-1174497.7363982126,1765684.7626873022,10
-1174034.4236816852,1765684.7626873022,10
-1173571.1109651576,1765684.7626873022,10
-1173107.79824863,1765684.7626873022,10
-1172644.4855321026,1765684.7626873022,10
-1172181.172815575,1765684.7626873022,10
-1171717.8600990477,1765684.7626873022,10
-1171254.54738252,1765684.7626873022,10
-1170791.2346659927,1765684.7626873022,10
-1170327.921949465,1765684.7626873022,10
-1169864.6092329377,1765684.7626873022,10
-1169401.29651641,1765684.7626873022,10
-1168937.9837998827,1765684.7626873022,10
-1168474.671083355,1765684.7626873022,10
-1168011.3583668275,1765684.7626873022,10
-1167548.0456503,1765684.7626873022,10
-1167084.7329337727,1765684.7626873022,10
-1166621.4202172451,1765684.7626873022,10
-1166158.1075007175,1765684.7626873022,10
-1165694.7947841901,1765684.7626873022,10
-1165231.4820676625,1765684.7626873022,10
-1164768.1693511351,1765684.7626873022,10
-1164304.8566346075,1765684.7626873022,10
-1163841.5439180802,1765684.7626873022,10
-1163378.2312015526,1765684.7626873022,10
-1162914.9184850252,1765684.7626873022,10
-1162451.6057684976,1765684.7626873022,10
-1161988.2930519702,1765684.7626873022,10
-1161524.9803354426,1765684.7626873022,10
-1161061.6676189152,1765684.7626873022,10
-1160598.3549023876,1765684.7626873022,10
-1160135.0421858602,1765684.7626873022,10
-1159671.7294693326,1765684.7626873022,10
-1159208.416752805,1765684.7626873022,10
-1158745.1040362776,1765684.7626873022,10
-1158281.79131975,1765684.7626873022,10
-1157818.4786032226,1765684.7626873022,10
-1157355.165886695,1765684.7626873022,10
-1156891.8531701677,1765684.7626873022,10
-1156428.54045364,1765684.7626873022,10
-1155965.2277371127,1765684.7626873022,10
-1155501.915020585,1765684.7626873022,10
-1155038.6023040577,1765684.7626873022,10
-1154575.28958753,1765684.7626873022,10
-1154111.9768710027,1765684.7626873022,10
-1153648.664154475,1765684.7626873022,10
-1153185.3514379477,1765684.7626873022,10
-1152722.03872142,1765684.7626873022,10
-1152258.7260048925,1765684.7626873022,10
-1151795.4132883651,1765684.7626873022,10
-1151332.1005718375,1765684.7626873022,10
-1150868.7878553101,1765684.7626873022,10
-1150405.4751387825,1765684.7626873022,10
-1149942.1624222551,1765684.7626873022,10
-1149478.8497057275,1765684.7626873022,10
-1149015.5369892002,1765684.7626873022,10
-1148552.2242726726,1765684.7626873022,10
-1148088.9115561452,1765684.7626873022,10
-1147625.5988396176,1765684.7626873022,10
-1147162.2861230902,1765684.7626873022,10
-1146698.9734065626,1765684.7626873022,10
-1146235.6606900352,1765684.7626873022,10
-1145772.3479735076,1765684.7626873022,10
-1145309.03525698,1765684.7626873022,10
-1144845.7225404526,1765684.7626873022,10
-1144382.4098239252,1765684.7626873022,10
-1143919.0971073976,1765684.7626873022,10
-1143455.78439087,1765684.7626873022,10
-1142992.4716743426,1765684.7626873022,10
-1142529.158957815,1765684.7626873022,10
-1142065.8462412877,1765684.7626873022,10
-1141602.53352476,1765684.7626873022,10
-1141139.2208082327,1765684.7626873022,10
-1140675.908091705,1765684.7626873022,10
-1140212.5953751777,1765684.7626873022,10
-1239824.8294285901,1765221.4499707748,10
-1239361.5167120625,1765221.4499707748,10
-1238898.2039955352,1765221.4499707748,10
-1238434.8912790075,1765221.4499707748,10
-1237971.5785624802,1765221.4499707748,10
-1237508.2658459526,1765221.4499707748,10
-1237044.9531294252,1765221.4499707748,10
-1236581.6404128976,1765221.4499707748,10
-1236118.3276963702,1765221.4499707748,10
-1235655.0149798426,1765221.4499707748,10
-1235191.7022633152,1765221.4499707748,10
-1234728.3895467876,1765221.4499707748,10
-1234265.07683026,1765221.4499707748,10
-1233801.7641137326,1765221.4499707748,10
-1233338.4513972052,1765221.4499707748,10
-1232875.1386806776,1765221.4499707748,10
-1232411.82596415,1765221.4499707748,10
-1231948.5132476226,1765221.4499707748,10
-1231485.200531095,1765221.4499707748,10
-1231021.8878145677,1765221.4499707748,10
-1230558.57509804,1765221.4499707748,10
-1230095.2623815127,1765221.4499707748,10
-1229631.949664985,1765221.4499707748,10
-1229168.6369484577,1765221.4499707748,10
-1228705.32423193,1765221.4499707748,10
-1228242.0115154027,1765221.4499707748,10
-1227778.698798875,1765221.4499707748,10
-1227315.3860823475,1765221.4499707748,10
-1226852.07336582,1765221.4499707748,10
-1226388.7606492927,1765221.4499707748,10
-1225925.4479327651,1765221.4499707748,10
-1225462.1352162375,1765221.4499707748,10
-1224998.8224997101,1765221.4499707748,10
-1224535.5097831825,1765221.4499707748,10
-1224072.1970666551,1765221.4499707748,10
-1223608.8843501275,1765221.4499707748,10
-1223145.5716336002,1765221.4499707748,10
-1222682.2589170726,1765221.4499707748,10
-1222218.9462005452,1765221.4499707748,10
-1221755.6334840176,1765221.4499707748,10
-1221292.3207674902,1765221.4499707748,10
-1220829.0080509626,1765221.4499707748,10
-1220365.6953344352,1765221.4499707748,10
-1219902.3826179076,1765221.4499707748,10
-1219439.0699013802,1765221.4499707748,10
-1218975.7571848526,1765221.4499707748,10
-1218512.444468325,1765221.4499707748,10
-1218049.1317517976,1765221.4499707748,10
-1217585.81903527,1765221.4499707748,10
-1217122.5063187426,1765221.4499707748,10
-1216659.193602215,1765221.4499707748,10
-1216195.8808856877,1765221.4499707748,10
-1215732.56816916,1765221.4499707748,10
-1215269.2554526327,1765221.4499707748,10
-1214805.942736105,1765221.4499707748,10
-1214342.6300195777,1765221.4499707748,10
-1213879.31730305,1765221.4499707748,10
-1213416.0045865227,1765221.4499707748,10
-1212952.691869995,1765221.4499707748,10
-1212489.3791534677,1765221.4499707748,10
-1212026.06643694,1765221.4499707748,10
-1211562.7537204125,1765221.4499707748,10
-1211099.4410038851,1765221.4499707748,10
-1210636.1282873575,1765221.4499707748,10
-1210172.8155708301,1765221.4499707748,10
-1209709.5028543025,1765221.4499707748,10
-1209246.1901377751,1765221.4499707748,10
-1208782.8774212475,1765221.4499707748,10
-1208319.5647047202,1765221.4499707748,10
-1207856.2519881926,1765221.4499707748,10
-1207392.9392716652,1765221.4499707748,10
-1206929.6265551376,1765221.4499707748,10
-1206466.3138386102,1765221.4499707748,10
-1206003.0011220826,1765221.4499707748,10
-1205539.6884055552,1765221.4499707748,10
-1205076.3756890276,1765221.4499707748,10
-1204613.0629725,1765221.4499707748,10
-1204149.7502559726,1765221.4499707748,10
-1203686.4375394452,1765221.4499707748,10
-1203223.1248229176,1765221.4499707748,10
-1202759.81210639,1765221.4499707748,10
-1202296.4993898626,1765221.4499707748,10
-1201833.186673335,1765221.4499707748,10
-1201369.8739568077,1765221.4499707748,10
-1200906.56124028,1765221.4499707748,10
-1200443.2485237527,1765221.4499707748,10
-1199979.935807225,1765221.4499707748,10
-1199516.6230906977,1765221.4499707748,10
-1199053.31037417,1765221.4499707748,10
-1198589.9976576427,1765221.4499707748,10
-1198126.684941115,1765221.4499707748,10
-1197663.3722245875,1765221.4499707748,10
-1197200.05950806,1765221.4499707748,10
-1196736.7467915327,1765221.4499707748,10
-1196273.4340750051,1765221.4499707748,10
-1195810.1213584775,1765221.4499707748,10
-1195346.8086419501,1765221.4499707748,10
-1194883.4959254225,1765221.4499707748,10
-1194420.1832088951,1765221.4499707748,10
-1193956.8704923675,1765221.4499707748,10
-1193493.5577758402,1765221.4499707748,10
-1193030.2450593126,1765221.4499707748,10
-1192566.9323427852,1765221.4499707748,10
-1192103.6196262576,1765221.4499707748,10
-1191640.3069097302,1765221.4499707748,10
-1191176.9941932026,1765221.4499707748,10
-1190713.6814766752,1765221.4499707748,10
-1190250.3687601476,1765221.4499707748,10
-1189787.0560436202,1765221.4499707748,10
-1189323.7433270926,1765221.4499707748,10
-1188860.430610565,1765221.4499707748,10
-1188397.1178940376,1765221.4499707748,10
-1187933.80517751,1765221.4499707748,10
-1187470.4924609826,1765221.4499707748,10
-1187007.179744455,1765221.4499707748,10
-1186543.8670279277,1765221.4499707748,10
-1186080.5543114,1765221.4499707748,10
-1185617.2415948727,1765221.4499707748,10
-1185153.928878345,1765221.4499707748,10
-1184690.6161618177,1765221.4499707748,10
-1184227.30344529,1765221.4499707748,10
-1183763.9907287627,1765221.4499707748,10
-1183300.678012235,1765221.4499707748,10
-1182837.3652957077,1765221.4499707748,10
-1182374.05257918,1765221.4499707748,10
-1181910.7398626525,1765221.4499707748,10
-1181447.4271461251,1765221.4499707748,10
-1180984.1144295975,1765221.4499707748,10
-1180520.8017130701,1765221.4499707748,10
-1180057.4889965425,1765221.4499707748,10
-1179594.1762800151,1765221.4499707748,10
-1179130.8635634875,1765221.4499707748,10
-1178667.5508469602,1765221.4499707748,10
-1178204.2381304326,1765221.4499707748,10
-1177740.9254139052,1765221.4499707748,10
-1177277.6126973776,1765221.4499707748,10
-1176814.2999808502,1765221.4499707748,10
-1176350.9872643226,1765221.4499707748,10
-1175887.6745477952,1765221.4499707748,10
-1175424.3618312676,1765221.4499707748,10
-1174961.04911474,1765221.4499707748,10
-1174497.7363982126,1765221.4499707748,10
-1174034.4236816852,1765221.4499707748,10
-1173571.1109651576,1765221.4499707748,10
-1173107.79824863,1765221.4499707748,10
-1172644.4855321026,1765221.4499707748,10
-1172181.172815575,1765221.4499707748,10
-1171717.8600990477,1765221.4499707748,10
-1171254.54738252,1765221.4499707748,10
-1170791.2346659927,1765221.4499707748,10
-1170327.921949465,1765221.4499707748,10
-1169864.6092329377,1765221.4499707748,10
-1169401.29651641,1765221.4499707748,10
-1168937.9837998827,1765221.4499707748,10
-1168474.671083355,1765221.4499707748,10
-1168011.3583668275,1765221.4499707748,10
-1167548.0456503,1765221.4499707748,10
-1167084.7329337727,1765221.4499707748,10
-1166621.4202172451,1765221.4499707748,10
-1166158.1075007175,1765221.4499707748,10
-1165694.7947841901,1765221.4499707748,10
-1165231.4820676625,1765221.4499707748,10
-1164768.1693511351,1765221.4499707748,10
-1164304.8566346075,1765221.4499707748,10
-1163841.5439180802,1765221.4499707748,10
-1163378.2312015526,1765221.4499707748,10
-1162914.9184850252,1765221.4499707748,10
-1162451.6057684976,1765221.4499707748,10
-1161988.2930519702,1765221.4499707748,10
-1161524.9803354426,1765221.4499707748,10
-1161061.6676189152,1765221.4499707748,10
-1160598.3549023876,1765221.4499707748,10
-1160135.0421858602,1765221.4499707748,10
-1159671.7294693326,1765221.4499707748,10
-1159208.416752805,1765221.4499707748,10
-1158745.1040362776,1765221.4499707748,10
-1158281.79131975,1765221.4499707748,10
-1157818.4786032226,1765221.4499707748,10
-1157355.165886695,1765221.4499707748,10
-1156891.8531701677,1765221.4499707748,10
-1156428.54045364,1765221.4499707748,10
-1155965.2277371127,1765221.4499707748,10
-1155501.915020585,1765221.4499707748,10
-1155038.6023040577,1765221.4499707748,10
-1154575.28958753,1765221.4499707748,10
-1154111.9768710027,1765221.4499707748,10
-1153648.664154475,1765221.4499707748,10
-1153185.3514379477,1765221.4499707748,10
-1152722.03872142,1765221.4499707748,10
-1152258.7260048925,1765221.4499707748,10
-1151795.4132883651,1765221.4499707748,10
-1151332.1005718375,1765221.4499707748,10
-1150868.7878553101,1765221.4499707748,10
-1150405.4751387825,1765221.4499707748,10
-1149942.1624222551,1765221.4499707748,10
-1149478.8497057275,1765221.4499707748,10
-1149015.5369892002,1765221.4499707748,10
-1148552.2242726726,1765221.4499707748,10
-1148088.9115561452,1765221.4499707748,10
-1147625.5988396176,1765221.4499707748,10
-1147162.2861230902,1765221.4499707748,10
-1146698.9734065626,1765221.4499707748,10
-1146235.6606900352,1765221.4499707748,10
-1145772.3479735076,1765221.4499707748,10
-1145309.03525698,1765221.4499707748,10
-1144845.7225404526,1765221.4499707748,10
-1144382.4098239252,1765221.4499707748,10
-1143919.0971073976,1765221.4499707748,10
-1143455.78439087,1765221.4499707748,10
-1142992.4716743426,1765221.4499707748,10
-1142529.158957815,1765221.4499707748,10
-1142065.8462412877,1765221.4499707748,10
-1141602.53352476,1765221.4499707748,10
-1141139.2208082327,1765221.4499707748,10
-1140675.908091705,1765221.4499707748,10
-1140212.5953751777,1765221.4499707748,10
-1239361.5167120625,1764758.1372542472,10
-1238898.2039955352,1764758.1372542472,10
-1238434.8912790075,1764758.1372542472,10
-1237971.5785624802,1764758.1372542472,10
-1237508.2658459526,1764758.1372542472,10
-1237044.9531294252,1764758.1372542472,10
-1236581.6404128976,1764758.1372542472,10
-1236118.3276963702,1764758.1372542472,10
-1235655.0149798426,1764758.1372542472,10
-1235191.7022633152,1764758.1372542472,10
-1234728.3895467876,1764758.1372542472,10
-1234265.07683026,1764758.1372542472,10
-1233801.7641137326,1764758.1372542472,10
-1233338.4513972052,1764758.1372542472,10
-1232875.1386806776,1764758.1372542472,10
-1232411.82596415,1764758.1372542472,10
-1231948.5132476226,1764758.1372542472,10
-1231485.200531095,1764758.1372542472,10
-1231021.8878145677,1764758.1372542472,10
-1230558.57509804,1764758.1372542472,10
-1230095.2623815127,1764758.1372542472,10
-1229631.949664985,1764758.1372542472,10
-1229168.6369484577,1764758.1372542472,10
-1228705.32423193,1764758.1372542472,10
-1228242.0115154027,1764758.1372542472,10
-1227778.698798875,1764758.1372542472,10
-1227315.3860823475,1764758.1372542472,10
-1226852.07336582,1764758.1372542472,10
-1226388.7606492927,1764758.1372542472,10
-1225925.4479327651,1764758.1372542472,10
-1225462.1352162375,1764758.1372542472,10
-1224998.8224997101,1764758.1372542472,10
-1224535.5097831825,1764758.1372542472,10
-1224072.1970666551,1764758.1372542472,10
-1223608.8843501275,1764758.1372542472,10
-1223145.5716336002,1764758.1372542472,10
-1222682.2589170726,1764758.1372542472,10
-1222218.9462005452,1764758.1372542472,10
-1221755.6334840176,1764758.1372542472,10
-1221292.3207674902,1764758.1372542472,10
-1220829.0080509626,1764758.1372542472,10
-1220365.6953344352,1764758.1372542472,10
-1219902.3826179076,1764758.1372542472,10
-1219439.0699013802,1764758.1372542472,10
-1218975.7571848526,1764758.1372542472,10
-1218512.444468325,1764758.1372542472,10
-1218049.1317517976,1764758.1372542472,10
-1217585.81903527,1764758.1372542472,10
-1217122.5063187426,1764758.1372542472,10
-1216659.193602215,1764758.1372542472,10
-1216195.8808856877,1764758.1372542472,10
-1215732.56816916,1764758.1372542472,10
-1215269.2554526327,1764758.1372542472,10
-1214805.942736105,1764758.1372542472,10
-1214342.6300195777,1764758.1372542472,10
-1213879.31730305,1764758.1372542472,10
-1213416.0045865227,1764758.1372542472,10
-1212952.691869995,1764758.1372542472,10
-1212489.3791534677,1764758.1372542472,10
-1212026.06643694,1764758.1372542472,10
-1211562.7537204125,1764758.1372542472,10
-1211099.4410038851,1764758.1372542472,10
-1210636.1282873575,1764758.1372542472,10
-1210172.8155708301,1764758.1372542472,10
-1209709.5028543025,1764758.1372542472,10
-1209246.1901377751,1764758.1372542472,10
-1208782.8774212475,1764758.1372542472,10
-1208319.5647047202,1764758.1372542472,10
-1207856.2519881926,1764758.1372542472,10
-1207392.9392716652,1764758.1372542472,10
-1206929.6265551376,1764758.1372542472,10
-1206466.3138386102,1764758.1372542472,10
-1206003.0011220826,1764758.1372542472,10
-1205539.6884055552,1764758.1372542472,10
-1205076.3756890276,1764758.1372542472,10
-1204613.0629725,1764758.1372542472,10
-1204149.7502559726,1764758.1372542472,10
-1203686.4375394452,1764758.1372542472,10
-1203223.1248229176,1764758.1372542472,10
-1202759.81210639,1764758.1372542472,10
-1202296.4993898626,1764758.1372542472,10
-1201833.186673335,1764758.1372542472,10
-1201369.8739568077,1764758.1372542472,10
-1200906.56124028,1764758.1372542472,10
-1200443.2485237527,1764758.1372542472,10
-1199979.935807225,1764758.1372542472,10
-1199516.6230906977,1764758.1372542472,10
-1199053.31037417,1764758.1372542472,10
-1198589.9976576427,1764758.1372542472,10
-1198126.684941115,1764758.1372542472,10
-1197663.3722245875,1764758.1372542472,10
-1197200.05950806,1764758.1372542472,10
-1196736.7467915327,1764758.1372542472,10
-1196273.4340750051,1764758.1372542472,10
-1195810.1213584775,1764758.1372542472,10
-1195346.8086419501,1764758.1372542472,10
-1194883.4959254225,1764758.1372542472,10
-1194420.1832088951,1764758.1372542472,10
-1193956.8704923675,1764758.1372542472,10
-1193493.5577758402,1764758.1372542472,10
-1193030.2450593126,1764758.1372542472,10
-1192566.9323427852,1764758.1372542472,10
-1192103.6196262576,1764758.1372542472,10
-1191640.3069097302,1764758.1372542472,10
-1191176.9941932026,1764758.1372542472,10
-1190713.6814766752,1764758.1372542472,10
-1190250.3687601476,1764758.1372542472,10
-1189787.0560436202,1764758.1372542472,10
-1189323.7433270926,1764758.1372542472,10
-1188860.430610565,1764758.1372542472,10
-1188397.1178940376,1764758.1372542472,10
-1187933.80517751,1764758.1372542472,10
-1187470.4924609826,1764758.1372542472,10
-1187007.179744455,1764758.1372542472,10
-1186543.8670279277,1764758.1372542472,10
-1186080.5543114,1764758.1372542472,10
-1185617.2415948727,1764758.1372542472,10
-1185153.928878345,1764758.1372542472,10
-1184690.6161618177,1764758.1372542472,10
-1184227.30344529,1764758.1372542472,10
-1183763.9907287627,1764758.1372542472,10
-1183300.678012235,1764758.1372542472,10
-1182837.3652957077,1764758.1372542472,10
-1182374.05257918,1764758.1372542472,10
-1181910.7398626525,1764758.1372542472,10
-1181447.4271461251,1764758.1372542472,10
-1180984.1144295975,1764758.1372542472,10
-1180520.8017130701,1764758.1372542472,10
-1180057.4889965425,1764758.1372542472,10
-1179594.1762800151,1764758.1372542472,10
-1179130.8635634875,1764758.1372542472,10
-1178667.5508469602,1764758.1372542472,10
-1178204.2381304326,1764758.1372542472,10
-1177740.9254139052,1764758.1372542472,10
-1177277.6126973776,1764758.1372542472,10
-1176814.2999808502,1764758.1372542472,10
-1176350.9872643226,1764758.1372542472,10
-1175887.6745477952,1764758.1372542472,10
-1175424.3618312676,1764758.1372542472,10
-1174961.04911474,1764758.1372542472,10
-1174497.7363982126,1764758.1372542472,10
-1174034.4236816852,1764758.1372542472,10
-1173571.1109651576,1764758.1372542472,10
-1173107.79824863,1764758.1372542472,10
-1172644.4855321026,1764758.1372542472,10
-1172181.172815575,1764758.1372542472,10
-1171717.8600990477,1764758.1372542472,10
-1171254.54738252,1764758.1372542472,10
-1170791.2346659927,1764758.1372542472,10
-1170327.921949465,1764758.1372542472,10
-1169864.6092329377,1764758.1372542472,10
-1169401.29651641,1764758.1372542472,10
-1168937.9837998827,1764758.1372542472,10
-1168474.671083355,1764758.1372542472,10
-1168011.3583668275,1764758.1372542472,10
-1167548.0456503,1764758.1372542472,10
-1167084.7329337727,1764758.1372542472,10
-1166621.4202172451,1764758.1372542472,10
-1166158.1075007175,1764758.1372542472,10
-1165694.7947841901,1764758.1372542472,10
-1165231.4820676625,1764758.1372542472,10
-1164768.1693511351,1764758.1372542472,10
-1164304.8566346075,1764758.1372542472,10
-1163841.5439180802,1764758.1372542472,10
-1163378.2312015526,1764758.1372542472,10
-1162914.9184850252,1764758.1372542472,10
-1162451.6057684976,1764758.1372542472,10
-1161988.2930519702,1764758.1372542472,10
-1161524.9803354426,1764758.1372542472,10
-1161061.6676189152,1764758.1372542472,10
-1160598.3549023876,1764758.1372542472,10
-1160135.0421858602,1764758.1372542472,10
-1159671.7294693326,1764758.1372542472,10
-1159208.416752805,1764758.1372542472,10
-1158745.1040362776,1764758.1372542472,10
-1158281.79131975,1764758.1372542472,10
-1157818.4786032226,1764758.1372542472,10
-1157355.165886695,1764758.1372542472,10
-1156891.8531701677,1764758.1372542472,10
-1156428.54045364,1764758.1372542472,10
-1155965.2277371127,1764758.1372542472,10
-1155501.915020585,1764758.1372542472,10
-1155038.6023040577,1764758.1372542472,10
-1154575.28958753,1764758.1372542472,10
-1154111.9768710027,1764758.1372542472,10
-1153648.664154475,1764758.1372542472,10
-1153185.3514379477,1764758.1372542472,10
-1152722.03872142,1764758.1372542472,10
-1152258.7260048925,1764758.1372542472,10
-1151795.4132883651,1764758.1372542472,10
-1151332.1005718375,1764758.1372542472,10
-1150868.7878553101,1764758.1372542472,10
-1150405.4751387825,1764758.1372542472,10
-1149942.1624222551,1764758.1372542472,10
-1149478.8497057275,1764758.1372542472,10
-1149015.5369892002,1764758.1372542472,10
-1148552.2242726726,1764758.1372542472,10
-1148088.9115561452,1764758.1372542472,10
-1147625.5988396176,1764758.1372542472,10
-1147162.2861230902,1764758.1372542472,10
-1146698.9734065626,1764758.1372542472,10
-1146235.6606900352,1764758.1372542472,10
-1145772.3479735076,1764758.1372542472,10
-1145309.03525698,1764758.1372542472,10
-1144845.7225404526,1764758.1372542472,10
-1144382.4098239252,1764758.1372542472,10
-1143919.0971073976,1764758.1372542472,10
-1143455.78439087,1764758.1372542472,10
-1142992.4716743426,1764758.1372542472,10
-1142529.158957815,1764758.1372542472,10
-1142065.8462412877,1764758.1372542472,10
-1141602.53352476,1764758.1372542472,10
-1141139.2208082327,1764758.1372542472,10
-1140675.908091705,1764758.1372542472,10
-1140212.5953751777,1764758.1372542472,10
-1238898.2039955352,1764294.8245377196,10
-1238434.8912790075,1764294.8245377196,10
-1237971.5785624802,1764294.8245377196,10
-1237508.2658459526,1764294.8245377196,10
-1237044.9531294252,1764294.8245377196,10
-1236581.6404128976,1764294.8245377196,10
-1236118.3276963702,1764294.8245377196,10
-1235655.0149798426,1764294.8245377196,10
-1235191.7022633152,1764294.8245377196,10
-1234728.3895467876,1764294.8245377196,10
-1234265.07683026,1764294.8245377196,10
-1233801.7641137326,1764294.8245377196,10
-1233338.4513972052,1764294.8245377196,10
-1232875.1386806776,1764294.8245377196,10
-1232411.82596415,1764294.8245377196,10
-1231948.5132476226,1764294.8245377196,10
-1231485.200531095,1764294.8245377196,10
-1231021.8878145677,1764294.8245377196,10
-1230558.57509804,1764294.8245377196,10
-1230095.2623815127,1764294.8245377196,10
-1229631.949664985,1764294.8245377196,10
-1229168.6369484577,1764294.8245377196,10
-1228705.32423193,1764294.8245377196,10
-1228242.0115154027,1764294.8245377196,10
-1227778.698798875,1764294.8245377196,10
-1227315.3860823475,1764294.8245377196,10
-1226852.07336582,1764294.8245377196,10
-1226388.7606492927,1764294.8245377196,10
-1225925.4479327651,1764294.8245377196,10
-1225462.1352162375,1764294.8245377196,10
-1224998.8224997101,1764294.8245377196,10
-1224535.5097831825,1764294.8245377196,10
-1224072.1970666551,1764294.8245377196,10
-1223608.8843501275,1764294.8245377196,10
-1223145.5716336002,1764294.8245377196,10
-1222682.2589170726,1764294.8245377196,10
-1222218.9462005452,1764294.8245377196,10
-1221755.6334840176,1764294.8245377196,10
-1221292.3207674902,1764294.8245377196,10
-1220829.0080509626,1764294.8245377196,10
-1220365.6953344352,1764294.8245377196,10
-1219902.3826179076,1764294.8245377196,10
-1219439.0699013802,1764294.8245377196,10
-1218975.7571848526,1764294.8245377196,10
-1218512.444468325,1764294.8245377196,10
-1218049.1317517976,1764294.8245377196,10
-1217585.81903527,1764294.8245377196,10
-1217122.5063187426,1764294.8245377196,10
-1216659.193602215,1764294.8245377196,10
-1216195.8808856877,1764294.8245377196,10
-1215732.56816916,1764294.8245377196,10
-1215269.2554526327,1764294.8245377196,10
-1214805.942736105,1764294.8245377196,10
-1214342.6300195777,1764294.8245377196,10
-1213879.31730305,1764294.8245377196,10
-1213416.0045865227,1764294.8245377196,10
-1212952.691869995,1764294.8245377196,10
-1212489.3791534677,1764294.8245377196,10
-1212026.06643694,1764294.8245377196,10
-1211562.7537204125,1764294.8245377196,10
-1211099.4410038851,1764294.8245377196,10
-1210636.1282873575,1764294.8245377196,10
-1210172.8155708301,1764294.8245377196,10
-1209709.5028543025,1764294.8245377196,10
-1209246.1901377751,1764294.8245377196,10
-1208782.8774212475,1764294.8245377196,10
-1208319.5647047202,1764294.8245377196,10
-1207856.2519881926,1764294.8245377196,10
-1207392.9392716652,1764294.8245377196,10
-1206929.6265551376,1764294.8245377196,10
-1206466.3138386102,1764294.8245377196,10
-1206003.0011220826,1764294.8245377196,10
-1205539.6884055552,1764294.8245377196,10
-1205076.3756890276,1764294.8245377196,10
-1204613.0629725,1764294.8245377196,10
-1204149.7502559726,1764294.8245377196,10
-1203686.4375394452,1764294.8245377196,10
-1203223.1248229176,1764294.8245377196,10
-1202759.81210639,1764294.8245377196,10
-1202296.4993898626,1764294.8245377196,10
-1201833.186673335,1764294.8245377196,10
-1201369.8739568077,1764294.8245377196,10
-1200906.56124028,1764294.8245377196,10
-1200443.2485237527,1764294.8245377196,10
-1199979.935807225,1764294.8245377196,10
-1199516.6230906977,1764294.8245377196,10
-1199053.31037417,1764294.8245377196,10
-1198589.9976576427,1764294.8245377196,10
-1198126.684941115,1764294.8245377196,10
-1197663.3722245875,1764294.8245377196,10
-1197200.05950806,1764294.8245377196,10
-1196736.7467915327,1764294.8245377196,10
-1196273.4340750051,1764294.8245377196,10
-1195810.1213584775,1764294.8245377196,10
-1195346.8086419501,1764294.8245377196,10
-1194883.4959254225,1764294.8245377196,10
-1194420.1832088951,1764294.8245377196,10
-1193956.8704923675,1764294.8245377196,10
-1193493.5577758402,1764294.8245377196,10
-1193030.2450593126,1764294.8245377196,10
-1192566.9323427852,1764294.8245377196,10
-1192103.6196262576,1764294.8245377196,10
-1191640.3069097302,1764294.8245377196,10
-1191176.9941932026,1764294.8245377196,10
-1190713.6814766752,1764294.8245377196,10
-1190250.3687601476,1764294.8245377196,10
-1189787.0560436202,1764294.8245377196,10
-1189323.7433270926,1764294.8245377196,10
-1188860.430610565,1764294.8245377196,10
-1188397.1178940376,1764294.8245377196,10
-1187933.80517751,1764294.8245377196,10
-1187470.4924609826,1764294.8245377196,10
-1187007.179744455,1764294.8245377196,10
-1186543.8670279277,1764294.8245377196,10
-1186080.5543114,1764294.8245377196,10
-1185617.2415948727,1764294.8245377196,10
-1185153.928878345,1764294.8245377196,10
-1184690.6161618177,1764294.8245377196,10
-1184227.30344529,1764294.8245377196,10
-1183763.9907287627,1764294.8245377196,10
-1183300.678012235,1764294.8245377196,10
-1182837.3652957077,1764294.8245377196,10
-1182374.05257918,1764294.8245377196,10
-1181910.7398626525,1764294.8245377196,10
-1181447.4271461251,1764294.8245377196,10
-1180984.1144295975,1764294.8245377196,10
-1180520.8017130701,1764294.8245377196,10
-1180057.4889965425,1764294.8245377196,10
-1179594.1762800151,1764294.8245377196,10
-1179130.8635634875,1764294.8245377196,10
-1178667.5508469602,1764294.8245377196,10
-1178204.2381304326,1764294.8245377196,10
-1177740.9254139052,1764294.8245377196,10
-1177277.6126973776,1764294.8245377196,10
-1176814.2999808502,1764294.8245377196,10
-1176350.9872643226,1764294.8245377196,10
-1175887.6745477952,1764294.8245377196,10
-1175424.3618312676,1764294.8245377196,10
-1174961.04911474,1764294.8245377196,10
-1174497.7363982126,1764294.8245377196,10
-1174034.4236816852,1764294.8245377196,10
-1173571.1109651576,1764294.8245377196,10
-1173107.79824863,1764294.8245377196,10
-1172644.4855321026,1764294.8245377196,10
-1172181.172815575,1764294.8245377196,10
-1171717.8600990477,1764294.8245377196,10
-1171254.54738252,1764294.8245377196,10
-1170791.2346659927,1764294.8245377196,10
-1170327.921949465,1764294.8245377196,10
-1169864.6092329377,1764294.8245377196,10
-1169401.29651641,1764294.8245377196,10
-1168937.9837998827,1764294.8245377196,10
-1168474.671083355,1764294.8245377196,10
-1168011.3583668275,1764294.8245377196,10
-1167548.0456503,1764294.8245377196,10
-1167084.7329337727,1764294.8245377196,10
-1166621.4202172451,1764294.8245377196,10
-1166158.1075007175,1764294.8245377196,10
-1165694.7947841901,1764294.8245377196,10
-1165231.4820676625,1764294.8245377196,10
-1164768.1693511351,1764294.8245377196,10
-1164304.8566346075,1764294.8245377196,10
-1163841.5439180802,1764294.8245377196,10
-1163378.2312015526,1764294.8245377196,10
-1162914.9184850252,1764294.8245377196,10
-1162451.6057684976,1764294.8245377196,10
-1161988.2930519702,1764294.8245377196,10
-1161524.9803354426,1764294.8245377196,10
-1161061.6676189152,1764294.8245377196,10
-1160598.3549023876,1764294.8245377196,10
-1160135.0421858602,1764294.8245377196,10
-1159671.7294693326,1764294.8245377196,10
-1159208.416752805,1764294.8245377196,10
-1158745.1040362776,1764294.8245377196,10
-1158281.79131975,1764294.8245377196,10
-1157818.4786032226,1764294.8245377196,10
-1157355.165886695,1764294.8245377196,10
-1156891.8531701677,1764294.8245377196,10
-1156428.54045364,1764294.8245377196,10
-1155965.2277371127,1764294.8245377196,10
-1155501.915020585,1764294.8245377196,10
-1155038.6023040577,1764294.8245377196,10
-1154575.28958753,1764294.8245377196,10
-1154111.9768710027,1764294.8245377196,10
-1153648.664154475,1764294.8245377196,10
-1153185.3514379477,1764294.8245377196,10
-1152722.03872142,1764294.8245377196,10
-1152258.7260048925,1764294.8245377196,10
-1151795.4132883651,1764294.8245377196,10
-1151332.1005718375,1764294.8245377196,10
-1150868.7878553101,1764294.8245377196,10
-1150405.4751387825,1764294.8245377196,10
-1149942.1624222551,1764294.8245377196,10
-1149478.8497057275,1764294.8245377196,10
-1149015.5369892002,1764294.8245377196,10
-1148552.2242726726,1764294.8245377196,10
-1148088.9115561452,1764294.8245377196,10
-1147625.5988396176,1764294.8245377196,10
-1147162.2861230902,1764294.8245377196,10
-1146698.9734065626,1764294.8245377196,10
-1146235.6606900352,1764294.8245377196,10
-1145772.3479735076,1764294.8245377196,10
-1145309.03525698,1764294.8245377196,10
-1144845.7225404526,1764294.8245377196,10
-1144382.4098239252,1764294.8245377196,10
-1143919.0971073976,1764294.8245377196,10
-1143455.78439087,1764294.8245377196,10
-1142992.4716743426,1764294.8245377196,10
-1142529.158957815,1764294.8245377196,10
-1142065.8462412877,1764294.8245377196,10
-1141602.53352476,1764294.8245377196,10
-1141139.2208082327,1764294.8245377196,10
-1140675.908091705,1764294.8245377196,10
-1140212.5953751777,1764294.8245377196,10
-1237971.5785624802,1763831.5118211922,10
-1237508.2658459526,1763831.5118211922,10
-1237044.9531294252,1763831.5118211922,10
-1236581.6404128976,1763831.5118211922,10
-1236118.3276963702,1763831.5118211922,10
-1235655.0149798426,1763831.5118211922,10
-1235191.7022633152,1763831.5118211922,10
-1234728.3895467876,1763831.5118211922,10
-1234265.07683026,1763831.5118211922,10
-1233801.7641137326,1763831.5118211922,10
-1233338.4513972052,1763831.5118211922,10
-1232875.1386806776,1763831.5118211922,10
-1232411.82596415,1763831.5118211922,10
-1231948.5132476226,1763831.5118211922,10
-1231485.200531095,1763831.5118211922,10
-1231021.8878145677,1763831.5118211922,10
-1230558.57509804,1763831.5118211922,10
-1230095.2623815127,1763831.5118211922,10
-1229631.949664985,1763831.5118211922,10
-1229168.6369484577,1763831.5118211922,10
-1228705.32423193,1763831.5118211922,10
-1228242.0115154027,1763831.5118211922,10
-1227778.698798875,1763831.5118211922,10
-1227315.3860823475,1763831.5118211922,10
-1226852.07336582,1763831.5118211922,10
-1226388.7606492927,1763831.5118211922,10
-1225925.4479327651,1763831.5118211922,10
-1225462.1352162375,1763831.5118211922,10
-1224998.8224997101,1763831.5118211922,10
-1224535.5097831825,1763831.5118211922,10
-1224072.1970666551,1763831.5118211922,10
-1223608.8843501275,1763831.5118211922,10
-1223145.5716336002,1763831.5118211922,10
-1222682.2589170726,1763831.5118211922,10
-1222218.9462005452,1763831.5118211922,10
-1221755.6334840176,1763831.5118211922,10
-1221292.3207674902,1763831.5118211922,10
-1220829.0080509626,1763831.5118211922,10
-1220365.6953344352,1763831.5118211922,10
-1219902.3826179076,1763831.5118211922,10
-1219439.0699013802,1763831.5118211922,10
-1218975.7571848526,1763831.5118211922,10
-1218512.444468325,1763831.5118211922,10
-1218049.1317517976,1763831.5118211922,10
-1217585.81903527,1763831.5118211922,10
-1217122.5063187426,1763831.5118211922,10
-1216659.193602215,1763831.5118211922,10
-1216195.8808856877,1763831.5118211922,10
-1215732.56816916,1763831.5118211922,10
-1215269.2554526327,1763831.5118211922,10
-1214805.942736105,1763831.5118211922,10
-1214342.6300195777,1763831.5118211922,10
-1213879.31730305,1763831.5118211922,10
-1213416.0045865227,1763831.5118211922,10
-1212952.691869995,1763831.5118211922,10
-1212489.3791534677,1763831.5118211922,10
-1212026.06643694,1763831.5118211922,10
-1211562.7537204125,1763831.5118211922,10
-1211099.4410038851,1763831.5118211922,10
-1210636.1282873575,1763831.5118211922,10
-1210172.8155708301,1763831.5118211922,10
-1209709.5028543025,1763831.5118211922,10
-1209246.1901377751,1763831.5118211922,10
-1208782.8774212475,1763831.5118211922,10
-1208319.5647047202,1763831.5118211922,10
-1207856.2519881926,1763831.5118211922,10
-1207392.9392716652,1763831.5118211922,10
-1206929.6265551376,1763831.5118211922,10
-1206466.3138386102,1763831.5118211922,10
-1206003.0011220826,1763831.5118211922,10
-1205539.6884055552,1763831.5118211922,10
-1205076.3756890276,1763831.5118211922,10
-1204613.0629725,1763831.5118211922,10
-1204149.7502559726,1763831.5118211922,10
-1203686.4375394452,1763831.5118211922,10
-1203223.1248229176,1763831.5118211922,10
-1202759.81210639,1763831.5118211922,10
-1202296.4993898626,1763831.5118211922,10
-1201833.186673335,1763831.5118211922,10
-1201369.8739568077,1763831.5118211922,10
-1200906.56124028,1763831.5118211922,10
-1200443.2485237527,1763831.5118211922,10
-1199979.935807225,1763831.5118211922,10
-1199516.6230906977,1763831.5118211922,10
-1199053.31037417,1763831.5118211922,10
-1198589.9976576427,1763831.5118211922,10
-1198126.684941115,1763831.5118211922,10
-1197663.3722245875,1763831.5118211922,10
-1197200.05950806,1763831.5118211922,10
-1196736.7467915327,1763831.5118211922,10
-1196273.4340750051,1763831.5118211922,10
-1195810.1213584775,1763831.5118211922,10
-1195346.8086419501,1763831.5118211922,10
-1194883.4959254225,1763831.5118211922,10
-1194420.1832088951,1763831.5118211922,10
-1193956.8704923675,1763831.5118211922,10
-1193493.5577758402,1763831.5118211922,10
-1193030.2450593126,1763831.5118211922,10
-1192566.9323427852,1763831.5118211922,10
-1192103.6196262576,1763831.5118211922,10
-1191640.3069097302,1763831.5118211922,10
-1191176.9941932026,1763831.5118211922,10
-1190713.6814766752,1763831.5118211922,10
-1190250.3687601476,1763831.5118211922,10
-1189787.0560436202,1763831.5118211922,10
-1189323.7433270926,1763831.5118211922,10
-1188860.430610565,1763831.5118211922,10
-1188397.1178940376,1763831.5118211922,10
-1187933.80517751,1763831.5118211922,10
-1187470.4924609826,1763831.5118211922,10
-1187007.179744455,1763831.5118211922,10
-1186543.8670279277,1763831.5118211922,10
-1186080.5543114,1763831.5118211922,10
-1185617.2415948727,1763831.5118211922,10
-1185153.928878345,1763831.5118211922,10
-1184690.6161618177,1763831.5118211922,10
-1184227.30344529,1763831.5118211922,10
-1183763.9907287627,1763831.5118211922,10
-1183300.678012235,1763831.5118211922,10
-1182837.3652957077,1763831.5118211922,10
-1182374.05257918,1763831.5118211922,10
-1181910.7398626525,1763831.5118211922,10
-1181447.4271461251,1763831.5118211922,10
-1180984.1144295975,1763831.5118211922,10
-1180520.8017130701,1763831.5118211922,10
-1180057.4889965425,1763831.5118211922,10
-1179594.1762800151,1763831.5118211922,10
-1179130.8635634875,1763831.5118211922,10
-1178667.5508469602,1763831.5118211922,10
-1178204.2381304326,1763831.5118211922,10
-1177740.9254139052,1763831.5118211922,10
-1177277.6126973776,1763831.5118211922,10
-1176814.2999808502,1763831.5118211922,10
-1176350.9872643226,1763831.5118211922,10
-1175887.6745477952,1763831.5118211922,10
-1175424.3618312676,1763831.5118211922,10
-1174961.04911474,1763831.5118211922,10
-1174497.7363982126,1763831.5118211922,10
-1174034.4236816852,1763831.5118211922,10
-1173571.1109651576,1763831.5118211922,10
-1173107.79824863,1763831.5118211922,10
-1172644.4855321026,1763831.5118211922,10
-1172181.172815575,1763831.5118211922,10
-1171717.8600990477,1763831.5118211922,10
-1171254.54738252,1763831.5118211922,10
-1170791.2346659927,1763831.5118211922,10
-1170327.921949465,1763831.5118211922,10
-1169864.6092329377,1763831.5118211922,10
-1169401.29651641,1763831.5118211922,10
-1168937.9837998827,1763831.5118211922,10
-1168474.671083355,1763831.5118211922,10
-1168011.3583668275,1763831.5118211922,10
-1167548.0456503,1763831.5118211922,10
-1167084.7329337727,1763831.5118211922,10
-1166621.4202172451,1763831.5118211922,10
-1166158.1075007175,1763831.5118211922,10
-1165694.7947841901,1763831.5118211922,10
-1165231.4820676625,1763831.5118211922,10
-1164768.1693511351,1763831.5118211922,10
-1164304.8566346075,1763831.5118211922,10
-1163841.5439180802,1763831.5118211922,10
-1163378.2312015526,1763831.5118211922,10
-1162914.9184850252,1763831.5118211922,10
-1162451.6057684976,1763831.5118211922,10
-1161988.2930519702,1763831.5118211922,10
-1161524.9803354426,1763831.5118211922,10
-1161061.6676189152,1763831.5118211922,10
-1160598.3549023876,1763831.5118211922,10
-1160135.0421858602,1763831.5118211922,10
-1159671.7294693326,1763831.5118211922,10
-1159208.416752805,1763831.5118211922,10
-1158745.1040362776,1763831.5118211922,10
-1158281.79131975,1763831.5118211922,10
-1157818.4786032226,1763831.5118211922,10
-1157355.165886695,1763831.5118211922,10
-1156891.8531701677,1763831.5118211922,10
-1156428.54045364,1763831.5118211922,10
-1155965.2277371127,1763831.5118211922,10
-1155501.915020585,1763831.5118211922,10
-1155038.6023040577,1763831.5118211922,10
-1154575.28958753,1763831.5118211922,10
-1154111.9768710027,1763831.5118211922,10
-1153648.664154475,1763831.5118211922,10
-1153185.3514379477,1763831.5118211922,10
-1152722.03872142,1763831.5118211922,10
-1152258.7260048925,1763831.5118211922,10
-1151795.4132883651,1763831.5118211922,10
-1151332.1005718375,1763831.5118211922,10
-1150868.7878553101,1763831.5118211922,10
-1150405.4751387825,1763831.5118211922,10
-1149942.1624222551,1763831.5118211922,10
-1149478.8497057275,1763831.5118211922,10
-1149015.5369892002,1763831.5118211922,10
-1148552.2242726726,1763831.5118211922,10
-1148088.9115561452,1763831.5118211922,10
-1147625.5988396176,1763831.5118211922,10
-1147162.2861230902,1763831.5118211922,10
-1146698.9734065626,1763831.5118211922,10
-1146235.6606900352,1763831.5118211922,10
-1145772.3479735076,1763831.5118211922,10
-1145309.03525698,1763831.5118211922,10
-1144845.7225404526,1763831.5118211922,10
-1144382.4098239252,1763831.5118211922,10
-1143919.0971073976,1763831.5118211922,10
-1143455.78439087,1763831.5118211922,10
-1142992.4716743426,1763831.5118211922,10
-1142529.158957815,1763831.5118211922,10
-1142065.8462412877,1763831.5118211922,10
-1141602.53352476,1763831.5118211922,10
-1141139.2208082327,1763831.5118211922,10
-1140675.908091705,1763831.5118211922,10
-1140212.5953751777,1763831.5118211922,10
-1237508.2658459526,1763368.1991046646,10
-1237044.9531294252,1763368.1991046646,10
-1236581.6404128976,1763368.1991046646,10
-1236118.3276963702,1763368.1991046646,10
-1235655.0149798426,1763368.1991046646,10
-1235191.7022633152,1763368.1991046646,10
-1234728.3895467876,1763368.1991046646,10
-1234265.07683026,1763368.1991046646,10
-1233801.7641137326,1763368.1991046646,10
-1233338.4513972052,1763368.1991046646,10
-1232875.1386806776,1763368.1991046646,10
-1232411.82596415,1763368.1991046646,10
-1231948.5132476226,1763368.1991046646,10
-1231485.200531095,1763368.1991046646,10
-1231021.8878145677,1763368.1991046646,10
-1230558.57509804,1763368.1991046646,10
-1230095.2623815127,1763368.1991046646,10
-1229631.949664985,1763368.1991046646,10
-1229168.6369484577,1763368.1991046646,10
-1228705.32423193,1763368.1991046646,10
-1228242.0115154027,1763368.1991046646,10
-1227778.698798875,1763368.1991046646,10
-1227315.3860823475,1763368.1991046646,10
-1226852.07336582,1763368.1991046646,10
-1226388.7606492927,1763368.1991046646,10
-1225925.4479327651,1763368.1991046646,10
-1225462.1352162375,1763368.1991046646,10
-1224998.8224997101,1763368.1991046646,10
-1224535.5097831825,1763368.1991046646,10
-1224072.1970666551,1763368.1991046646,10
-1223608.8843501275,1763368.1991046646,10
-1223145.5716336002,1763368.1991046646,10
-1222682.2589170726,1763368.1991046646,10
-1222218.9462005452,1763368.1991046646,10
-1221755.6334840176,1763368.1991046646,10
-1221292.3207674902,1763368.1991046646,10
-1220829.0080509626,1763368.1991046646,10
-1220365.6953344352,1763368.1991046646,10
-1219902.3826179076,1763368.1991046646,10
-1219439.0699013802,1763368.1991046646,10
-1218975.7571848526,1763368.1991046646,10
-1218512.444468325,1763368.1991046646,10
-1218049.1317517976,1763368.1991046646,10
-1217585.81903527,1763368.1991046646,10
-1217122.5063187426,1763368.1991046646,10
-1216659.193602215,1763368.1991046646,10
-1216195.8808856877,1763368.1991046646,10
-1215732.56816916,1763368.1991046646,10
-1215269.2554526327,1763368.1991046646,10
-1214805.942736105,1763368.1991046646,10
-1214342.6300195777,1763368.1991046646,10
-1213879.31730305,1763368.1991046646,10
-1213416.0045865227,1763368.1991046646,10
-1212952.691869995,1763368.1991046646,10
-1212489.3791534677,1763368.1991046646,10
-1212026.06643694,1763368.1991046646,10
-1211562.7537204125,1763368.1991046646,10
-1211099.4410038851,1763368.1991046646,10
-1210636.1282873575,1763368.1991046646,10
-1210172.8155708301,1763368.1991046646,10
-1209709.5028543025,1763368.1991046646,10
-1209246.1901377751,1763368.1991046646,10
-1208782.8774212475,1763368.1991046646,10
-1208319.5647047202,1763368.1991046646,10
-1207856.2519881926,1763368.1991046646,10
-1207392.9392716652,1763368.1991046646,10
-1206929.6265551376,1763368.1991046646,10
-1206466.3138386102,1763368.1991046646,10
-1206003.0011220826,1763368.1991046646,10
-1205539.6884055552,1763368.1991046646,10
-1205076.3756890276,1763368.1991046646,10
-1204613.0629725,1763368.1991046646,10
-1204149.7502559726,1763368.1991046646,10
-1203686.4375394452,1763368.1991046646,10
-1203223.1248229176,1763368.1991046646,10
-1202759.81210639,1763368.1991046646,10
-1202296.4993898626,1763368.1991046646,10
-1201833.186673335,1763368.1991046646,10
-1201369.8739568077,1763368.1991046646,10
-1200906.56124028,1763368.1991046646,10
-1200443.2485237527,1763368.1991046646,10
-1199979.935807225,1763368.1991046646,10
-1199516.6230906977,1763368.1991046646,10
-1199053.31037417,1763368.1991046646,10
-1198589.9976576427,1763368.1991046646,10
-1198126.684941115,1763368.1991046646,10
-1197663.3722245875,1763368.1991046646,10
-1197200.05950806,1763368.1991046646,10
-1196736.7467915327,1763368.1991046646,10
-1196273.4340750051,1763368.1991046646,10
-1195810.1213584775,1763368.1991046646,10
-1195346.8086419501,1763368.1991046646,10
-1194883.4959254225,1763368.1991046646,10
-1194420.1832088951,1763368.1991046646,10
-1193956.8704923675,1763368.1991046646,10
-1193493.5577758402,1763368.1991046646,10
-1193030.2450593126,1763368.1991046646,10
-1192566.9323427852,1763368.1991046646,10
-1192103.6196262576,1763368.1991046646,10
-1191640.3069097302,1763368.1991046646,10
-1191176.9941932026,1763368.1991046646,10
-1190713.6814766752,1763368.1991046646,10
-1190250.3687601476,1763368.1991046646,10
-1189787.0560436202,1763368.1991046646,10
-1189323.7433270926,1763368.1991046646,10
-1188860.430610565,1763368.1991046646,10
-1188397.1178940376,1763368.1991046646,10
-1187933.80517751,1763368.1991046646,10
-1187470.4924609826,1763368.1991046646,10
-1187007.179744455,1763368.1991046646,10
-1186543.8670279277,1763368.1991046646,10
-1186080.5543114,1763368.1991046646,10
-1185617.2415948727,1763368.1991046646,10
-1185153.928878345,1763368.1991046646,10
-1184690.6161618177,1763368.1991046646,10
-1184227.30344529,1763368.1991046646,10
-1183763.9907287627,1763368.1991046646,10
-1183300.678012235,1763368.1991046646,10
-1182837.3652957077,1763368.1991046646,10
-1182374.05257918,1763368.1991046646,10
-1181910.7398626525,1763368.1991046646,10
-1181447.4271461251,1763368.1991046646,10
-1180984.1144295975,1763368.1991046646,10
-1180520.8017130701,1763368.1991046646,10
-1180057.4889965425,1763368.1991046646,10
-1179594.1762800151,1763368.1991046646,10
-1179130.8635634875,1763368.1991046646,10
-1178667.5508469602,1763368.1991046646,10
-1178204.2381304326,1763368.1991046646,10
-1177740.9254139052,1763368.1991046646,10
-1177277.6126973776,1763368.1991046646,10
-1176814.2999808502,1763368.1991046646,10
-1176350.9872643226,1763368.1991046646,10
-1175887.6745477952,1763368.1991046646,10
-1175424.3618312676,1763368.1991046646,10
-1174961.04911474,1763368.1991046646,10
-1174497.7363982126,1763368.1991046646,10
-1174034.4236816852,1763368.1991046646,10
-1173571.1109651576,1763368.1991046646,10
-1173107.79824863,1763368.1991046646,10
-1172644.4855321026,1763368.1991046646,10
-1172181.172815575,1763368.1991046646,10
-1171717.8600990477,1763368.1991046646,10
-1171254.54738252,1763368.1991046646,10
-1170791.2346659927,1763368.1991046646,10
-1170327.921949465,1763368.1991046646,10
-1169864.6092329377,1763368.1991046646,10
-1169401.29651641,1763368.1991046646,10
-1168937.9837998827,1763368.1991046646,10
-1168474.671083355,1763368.1991046646,10
-1168011.3583668275,1763368.1991046646,10
-1167548.0456503,1763368.1991046646,10
-1167084.7329337727,1763368.1991046646,10
-1166621.4202172451,1763368.1991046646,10
-1166158.1075007175,1763368.1991046646,10
-1165694.7947841901,1763368.1991046646,10
-1165231.4820676625,1763368.1991046646,10
-1164768.1693511351,1763368.1991046646,10
-1164304.8566346075,1763368.1991046646,10
-1163841.5439180802,1763368.1991046646,10
-1163378.2312015526,1763368.1991046646,10
-1162914.9184850252,1763368.1991046646,10
-1162451.6057684976,1763368.1991046646,10
-1161988.2930519702,1763368.1991046646,10
-1161524.9803354426,1763368.1991046646,10
-1161061.6676189152,1763368.1991046646,10
-1160598.3549023876,1763368.1991046646,10
-1160135.0421858602,1763368.1991046646,10
-1159671.7294693326,1763368.1991046646,10
-1159208.416752805,1763368.1991046646,10
-1158745.1040362776,1763368.1991046646,10
-1158281.79131975,1763368.1991046646,10
-1157818.4786032226,1763368.1991046646,10
-1157355.165886695,1763368.1991046646,10
-1156891.8531701677,1763368.1991046646,10
-1156428.54045364,1763368.1991046646,10
-1155965.2277371127,1763368.1991046646,10
-1155501.915020585,1763368.1991046646,10
-1155038.6023040577,1763368.1991046646,10
-1154575.28958753,1763368.1991046646,10
-1154111.9768710027,1763368.1991046646,10
-1153648.664154475,1763368.1991046646,10
-1153185.3514379477,1763368.1991046646,10
-1152722.03872142,1763368.1991046646,10
-1152258.7260048925,1763368.1991046646,10
-1151795.4132883651,1763368.1991046646,10
-1151332.1005718375,1763368.1991046646,10
-1150868.7878553101,1763368.1991046646,10
-1150405.4751387825,1763368.1991046646,10
-1149942.1624222551,1763368.1991046646,10
-1149478.8497057275,1763368.1991046646,10
-1149015.5369892002,1763368.1991046646,10
-1148552.2242726726,1763368.1991046646,10
-1148088.9115561452,1763368.1991046646,10
-1147625.5988396176,1763368.1991046646,10
-1147162.2861230902,1763368.1991046646,10
-1146698.9734065626,1763368.1991046646,10
-1146235.6606900352,1763368.1991046646,10
-1145772.3479735076,1763368.1991046646,10
-1145309.03525698,1763368.1991046646,10
-1144845.7225404526,1763368.1991046646,10
-1144382.4098239252,1763368.1991046646,10
-1143919.0971073976,1763368.1991046646,10
-1143455.78439087,1763368.1991046646,10
-1142992.4716743426,1763368.1991046646,10
-1142529.158957815,1763368.1991046646,10
-1142065.8462412877,1763368.1991046646,10
-1141602.53352476,1763368.1991046646,10
-1141139.2208082327,1763368.1991046646,10
-1140675.908091705,1763368.1991046646,10
-1140212.5953751777,1763368.1991046646,10
-1139749.28265865,1763368.1991046646,10
-1237508.2658459526,1762904.8863881372,10
-1237044.9531294252,1762904.8863881372,10
-1236581.6404128976,1762904.8863881372,10
-1236118.3276963702,1762904.8863881372,10
-1235655.0149798426,1762904.8863881372,10
-1235191.7022633152,1762904.8863881372,10
-1234728.3895467876,1762904.8863881372,10
-1234265.07683026,1762904.8863881372,10
-1233801.7641137326,1762904.8863881372,10
-1233338.4513972052,1762904.8863881372,10
-1232875.1386806776,1762904.8863881372,10
-1232411.82596415,1762904.8863881372,10
-1231948.5132476226,1762904.8863881372,10
-1231485.200531095,1762904.8863881372,10
-1231021.8878145677,1762904.8863881372,10
-1230558.57509804,1762904.8863881372,10
-1230095.2623815127,1762904.8863881372,10
-1229631.949664985,1762904.8863881372,10
-1229168.6369484577,1762904.8863881372,10
-1228705.32423193,1762904.8863881372,10
-1228242.0115154027,1762904.8863881372,10
-1227778.698798875,1762904.8863881372,10
-1227315.3860823475,1762904.8863881372,10
-1226852.07336582,1762904.8863881372,10
-1226388.7606492927,1762904.8863881372,10
-1225925.4479327651,1762904.8863881372,10
-1225462.1352162375,1762904.8863881372,10
-1224998.8224997101,1762904.8863881372,10
-1224535.5097831825,1762904.8863881372,10
-1224072.1970666551,1762904.8863881372,10
-1223608.8843501275,1762904.8863881372,10
-1223145.5716336002,1762904.8863881372,10
-1222682.2589170726,1762904.8863881372,10
-1222218.9462005452,1762904.8863881372,10
-1221755.6334840176,1762904.8863881372,10
-1221292.3207674902,1762904.8863881372,10
-1220829.0080509626,1762904.8863881372,10
-1220365.6953344352,1762904.8863881372,10
-1219902.3826179076,1762904.8863881372,10
-1219439.0699013802,1762904.8863881372,10
-1218975.7571848526,1762904.8863881372,10
-1218512.444468325,1762904.8863881372,10
-1218049.1317517976,1762904.8863881372,10
-1217585.81903527,1762904.8863881372,10
-1217122.5063187426,1762904.8863881372,10
-1216659.193602215,1762904.8863881372,10
-1216195.8808856877,1762904.8863881372,10
-1215732.56816916,1762904.8863881372,10
-1215269.2554526327,1762904.8863881372,10
-1214805.942736105,1762904.8863881372,10
-1214342.6300195777,1762904.8863881372,10
-1213879.31730305,1762904.8863881372,10
-1213416.0045865227,1762904.8863881372,10
-1212952.691869995,1762904.8863881372,10
-1212489.3791534677,1762904.8863881372,10
-1212026.06643694,1762904.8863881372,10
-1211562.7537204125,1762904.8863881372,10
-1211099.4410038851,1762904.8863881372,10
-1210636.1282873575,1762904.8863881372,10
-1210172.8155708301,1762904.8863881372,10
-1209709.5028543025,1762904.8863881372,10
-1209246.1901377751,1762904.8863881372,10
-1208782.8774212475,1762904.8863881372,10
-1208319.5647047202,1762904.8863881372,10
-1207856.2519881926,1762904.8863881372,10
-1207392.9392716652,1762904.8863881372,10
-1206929.6265551376,1762904.8863881372,10
-1206466.3138386102,1762904.8863881372,10
-1206003.0011220826,1762904.8863881372,10
-1205539.6884055552,1762904.8863881372,10
-1205076.3756890276,1762904.8863881372,10
-1204613.0629725,1762904.8863881372,10
-1204149.7502559726,1762904.8863881372,10
-1203686.4375394452,1762904.8863881372,10
-1203223.1248229176,1762904.8863881372,10
-1202759.81210639,1762904.8863881372,10
-1202296.4993898626,1762904.8863881372,10
-1201833.186673335,1762904.8863881372,10
-1201369.8739568077,1762904.8863881372,10
-1200906.56124028,1762904.8863881372,10
-1200443.2485237527,1762904.8863881372,10
-1199979.935807225,1762904.8863881372,10
-1199516.6230906977,1762904.8863881372,10
-1199053.31037417,1762904.8863881372,10
-1198589.9976576427,1762904.8863881372,10
-1198126.684941115,1762904.8863881372,10
-1197663.3722245875,1762904.8863881372,10
-1197200.05950806,1762904.8863881372,10
-1196736.7467915327,1762904.8863881372,10
-1196273.4340750051,1762904.8863881372,10
-1195810.1213584775,1762904.8863881372,10
-1195346.8086419501,1762904.8863881372,10
-1194883.4959254225,1762904.8863881372,10
-1194420.1832088951,1762904.8863881372,10
-1193956.8704923675,1762904.8863881372,10
-1193493.5577758402,1762904.8863881372,10
-1193030.2450593126,1762904.8863881372,10
-1192566.9323427852,1762904.8863881372,10
-1192103.6196262576,1762904.8863881372,10
-1191640.3069097302,1762904.8863881372,10
-1191176.9941932026,1762904.8863881372,10
-1190713.6814766752,1762904.8863881372,10
-1190250.3687601476,1762904.8863881372,10
-1189787.0560436202,1762904.8863881372,10
-1189323.7433270926,1762904.8863881372,10
-1188860.430610565,1762904.8863881372,10
-1188397.1178940376,1762904.8863881372,10
-1187933.80517751,1762904.8863881372,10
-1187470.4924609826,1762904.8863881372,10
-1187007.179744455,1762904.8863881372,10
-1186543.8670279277,1762904.8863881372,10
-1186080.5543114,1762904.8863881372,10
-1185617.2415948727,1762904.8863881372,10
-1185153.928878345,1762904.8863881372,10
-1184690.6161618177,1762904.8863881372,10
-1184227.30344529,1762904.8863881372,10
-1183763.9907287627,1762904.8863881372,10
-1183300.678012235,1762904.8863881372,10
-1182837.3652957077,1762904.8863881372,10
-1182374.05257918,1762904.8863881372,10
-1181910.7398626525,1762904.8863881372,10
-1181447.4271461251,1762904.8863881372,10
-1180984.1144295975,1762904.8863881372,10
-1180520.8017130701,1762904.8863881372,10
-1180057.4889965425,1762904.8863881372,10
-1179594.1762800151,1762904.8863881372,10
-1179130.8635634875,1762904.8863881372,10
-1178667.5508469602,1762904.8863881372,10
-1178204.2381304326,1762904.8863881372,10
-1177740.9254139052,1762904.8863881372,10
-1177277.6126973776,1762904.8863881372,10
-1176814.2999808502,1762904.8863881372,10
-1176350.9872643226,1762904.8863881372,10
-1175887.6745477952,1762904.8863881372,10
-1175424.3618312676,1762904.8863881372,10
-1174961.04911474,1762904.8863881372,10
-1174497.7363982126,1762904.8863881372,10
-1174034.4236816852,1762904.8863881372,10
-1173571.1109651576,1762904.8863881372,10
-1173107.79824863,1762904.8863881372,10
-1172644.4855321026,1762904.8863881372,10
-1172181.172815575,1762904.8863881372,10
-1171717.8600990477,1762904.8863881372,10
-1171254.54738252,1762904.8863881372,10
-1170791.2346659927,1762904.8863881372,10
-1170327.921949465,1762904.8863881372,10
-1169864.6092329377,1762904.8863881372,10
-1169401.29651641,1762904.8863881372,10
-1168937.9837998827,1762904.8863881372,10
-1168474.671083355,1762904.8863881372,10
-1168011.3583668275,1762904.8863881372,10
-1167548.0456503,1762904.8863881372,10
-1167084.7329337727,1762904.8863881372,10
-1166621.4202172451,1762904.8863881372,10
-1166158.1075007175,1762904.8863881372,10
-1165694.7947841901,1762904.8863881372,10
-1165231.4820676625,1762904.8863881372,10
-1164768.1693511351,1762904.8863881372,10
-1164304.8566346075,1762904.8863881372,10
-1163841.5439180802,1762904.8863881372,10
-1163378.2312015526,1762904.8863881372,10
-1162914.9184850252,1762904.8863881372,10
-1162451.6057684976,1762904.8863881372,10
-1161988.2930519702,1762904.8863881372,10
-1161524.9803354426,1762904.8863881372,10
-1161061.6676189152,1762904.8863881372,10
-1160598.3549023876,1762904.8863881372,10
-1160135.0421858602,1762904.8863881372,10
-1159671.7294693326,1762904.8863881372,10
-1159208.416752805,1762904.8863881372,10
-1158745.1040362776,1762904.8863881372,10
-1158281.79131975,1762904.8863881372,10
-1157818.4786032226,1762904.8863881372,10
-1157355.165886695,1762904.8863881372,10
-1156891.8531701677,1762904.8863881372,10
-1156428.54045364,1762904.8863881372,10
-1155965.2277371127,1762904.8863881372,10
-1155501.915020585,1762904.8863881372,10
-1155038.6023040577,1762904.8863881372,10
-1154575.28958753,1762904.8863881372,10
-1154111.9768710027,1762904.8863881372,10
-1153648.664154475,1762904.8863881372,10
-1153185.3514379477,1762904.8863881372,10
-1152722.03872142,1762904.8863881372,10
-1152258.7260048925,1762904.8863881372,10
-1151795.4132883651,1762904.8863881372,10
-1151332.1005718375,1762904.8863881372,10
-1150868.7878553101,1762904.8863881372,10
-1150405.4751387825,1762904.8863881372,10
-1149942.1624222551,1762904.8863881372,10
-1149478.8497057275,1762904.8863881372,10
-1149015.5369892002,1762904.8863881372,10
-1148552.2242726726,1762904.8863881372,10
-1148088.9115561452,1762904.8863881372,10
-1147625.5988396176,1762904.8863881372,10
-1147162.2861230902,1762904.8863881372,10
-1146698.9734065626,1762904.8863881372,10
-1146235.6606900352,1762904.8863881372,10
-1145772.3479735076,1762904.8863881372,10
-1145309.03525698,1762904.8863881372,10
-1144845.7225404526,1762904.8863881372,10
-1144382.4098239252,1762904.8863881372,10
-1143919.0971073976,1762904.8863881372,10
-1143455.78439087,1762904.8863881372,10
-1142992.4716743426,1762904.8863881372,10
-1142529.158957815,1762904.8863881372,10
-1142065.8462412877,1762904.8863881372,10
-1141602.53352476,1762904.8863881372,10
-1141139.2208082327,1762904.8863881372,10
-1140675.908091705,1762904.8863881372,10
-1140212.5953751777,1762904.8863881372,10
-1139749.28265865,1762904.8863881372,10
-1237971.5785624802,1762441.5736716096,10
-1237508.2658459526,1762441.5736716096,10
-1237044.9531294252,1762441.5736716096,10
-1236581.6404128976,1762441.5736716096,10
-1236118.3276963702,1762441.5736716096,10
-1235655.0149798426,1762441.5736716096,10
-1235191.7022633152,1762441.5736716096,10
-1234728.3895467876,1762441.5736716096,10
-1234265.07683026,1762441.5736716096,10
-1233801.7641137326,1762441.5736716096,10
-1233338.4513972052,1762441.5736716096,10
-1232875.1386806776,1762441.5736716096,10
-1232411.82596415,1762441.5736716096,10
-1231948.5132476226,1762441.5736716096,10
-1231485.200531095,1762441.5736716096,10
-1231021.8878145677,1762441.5736716096,10
-1230558.57509804,1762441.5736716096,10
-1230095.2623815127,1762441.5736716096,10
-1229631.949664985,1762441.5736716096,10
-1229168.6369484577,1762441.5736716096,10
-1228705.32423193,1762441.5736716096,10
-1228242.0115154027,1762441.5736716096,10
-1227778.698798875,1762441.5736716096,10
-1227315.3860823475,1762441.5736716096,10
-1226852.07336582,1762441.5736716096,10
-1226388.7606492927,1762441.5736716096,10
-1225925.4479327651,1762441.5736716096,10
-1225462.1352162375,1762441.5736716096,10
-1224998.8224997101,1762441.5736716096,10
-1224535.5097831825,1762441.5736716096,10
-1224072.1970666551,1762441.5736716096,10
-1223608.8843501275,1762441.5736716096,10
-1223145.5716336002,1762441.5736716096,10
-1222682.2589170726,1762441.5736716096,10
-1222218.9462005452,1762441.5736716096,10
-1221755.6334840176,1762441.5736716096,10
-1221292.3207674902,1762441.5736716096,10
-1220829.0080509626,1762441.5736716096,10
-1220365.6953344352,1762441.5736716096,10
-1219902.3826179076,1762441.5736716096,10
-1219439.0699013802,1762441.5736716096,10
-1218975.7571848526,1762441.5736716096,10
-1218512.444468325,1762441.5736716096,10
-1218049.1317517976,1762441.5736716096,10
-1217585.81903527,1762441.5736716096,10
-1217122.5063187426,1762441.5736716096,10
-1216659.193602215,1762441.5736716096,10
-1216195.8808856877,1762441.5736716096,10
-1215732.56816916,1762441.5736716096,10
-1215269.2554526327,1762441.5736716096,10
-1214805.942736105,1762441.5736716096,10
-1214342.6300195777,1762441.5736716096,10
-1213879.31730305,1762441.5736716096,10
-1213416.0045865227,1762441.5736716096,10
-1212952.691869995,1762441.5736716096,10
-1212489.3791534677,1762441.5736716096,10
-1212026.06643694,1762441.5736716096,10
-1211562.7537204125,1762441.5736716096,10
-1211099.4410038851,1762441.5736716096,10
-1210636.1282873575,1762441.5736716096,10
-1210172.8155708301,1762441.5736716096,10
-1209709.5028543025,1762441.5736716096,10
-1209246.1901377751,1762441.5736716096,10
-1208782.8774212475,1762441.5736716096,10
-1208319.5647047202,1762441.5736716096,10
-1207856.2519881926,1762441.5736716096,10
-1207392.9392716652,1762441.5736716096,10
-1206929.6265551376,1762441.5736716096,10
-1206466.3138386102,1762441.5736716096,10
-1206003.0011220826,1762441.5736716096,10
-1205539.6884055552,1762441.5736716096,10
-1205076.3756890276,1762441.5736716096,10
-1204613.0629725,1762441.5736716096,10
-1204149.7502559726,1762441.5736716096,10
-1203686.4375394452,1762441.5736716096,10
-1203223.1248229176,1762441.5736716096,10
-1202759.81210639,1762441.5736716096,10
-1202296.4993898626,1762441.5736716096,10
-1201833.186673335,1762441.5736716096,10
-1201369.8739568077,1762441.5736716096,10
-1200906.56124028,1762441.5736716096,10
-1200443.2485237527,1762441.5736716096,10
-1199979.935807225,1762441.5736716096,10
-1199516.6230906977,1762441.5736716096,10
-1199053.31037417,1762441.5736716096,10
-1198589.9976576427,1762441.5736716096,10
-1198126.684941115,1762441.5736716096,10
-1197663.3722245875,1762441.5736716096,10
-1197200.05950806,1762441.5736716096,10
-1196736.7467915327,1762441.5736716096,10
-1196273.4340750051,1762441.5736716096,10
-1195810.1213584775,1762441.5736716096,10
-1195346.8086419501,1762441.5736716096,10
-1194883.4959254225,1762441.5736716096,10
-1194420.1832088951,1762441.5736716096,10
-1193956.8704923675,1762441.5736716096,10
-1193493.5577758402,1762441.5736716096,10
-1193030.2450593126,1762441.5736716096,10
-1192566.9323427852,1762441.5736716096,10
-1192103.6196262576,1762441.5736716096,10
-1191640.3069097302,1762441.5736716096,10
-1191176.9941932026,1762441.5736716096,10
-1190713.6814766752,1762441.5736716096,10
-1190250.3687601476,1762441.5736716096,10
-1189787.0560436202,1762441.5736716096,10
-1189323.7433270926,1762441.5736716096,10
-1188860.430610565,1762441.5736716096,10
-1188397.1178940376,1762441.5736716096,10
-1187933.80517751,1762441.5736716096,10
-1187470.4924609826,1762441.5736716096,10
-1187007.179744455,1762441.5736716096,10
-1186543.8670279277,1762441.5736716096,10
-1186080.5543114,1762441.5736716096,10
-1185617.2415948727,1762441.5736716096,10
-1185153.928878345,1762441.5736716096,10
-1184690.6161618177,1762441.5736716096,10
-1184227.30344529,1762441.5736716096,10
-1183763.9907287627,1762441.5736716096,10
-1183300.678012235,1762441.5736716096,10
-1182837.3652957077,1762441.5736716096,10
-1182374.05257918,1762441.5736716096,10
-1181910.7398626525,1762441.5736716096,10
-1181447.4271461251,1762441.5736716096,10
-1180984.1144295975,1762441.5736716096,10
-1180520.8017130701,1762441.5736716096,10
-1180057.4889965425,1762441.5736716096,10
-1179594.1762800151,1762441.5736716096,10
-1179130.8635634875,1762441.5736716096,10
-1178667.5508469602,1762441.5736716096,10
-1178204.2381304326,1762441.5736716096,10
-1177740.9254139052,1762441.5736716096,10
-1177277.6126973776,1762441.5736716096,10
-1176814.2999808502,1762441.5736716096,10
-1176350.9872643226,1762441.5736716096,10
-1175887.6745477952,1762441.5736716096,10
-1175424.3618312676,1762441.5736716096,10
-1174961.04911474,1762441.5736716096,10
-1174497.7363982126,1762441.5736716096,10
-1174034.4236816852,1762441.5736716096,10
-1173571.1109651576,1762441.5736716096,10
-1173107.79824863,1762441.5736716096,10
-1172644.4855321026,1762441.5736716096,10
-1172181.172815575,1762441.5736716096,10
-1171717.8600990477,1762441.5736716096,10
-1171254.54738252,1762441.5736716096,10
-1170791.2346659927,1762441.5736716096,10
-1170327.921949465,1762441.5736716096,10
-1169864.6092329377,1762441.5736716096,10
-1169401.29651641,1762441.5736716096,10
-1168937.9837998827,1762441.5736716096,10
-1168474.671083355,1762441.5736716096,10
-1168011.3583668275,1762441.5736716096,10
-1167548.0456503,1762441.5736716096,10
-1167084.7329337727,1762441.5736716096,10
-1166621.4202172451,1762441.5736716096,10
-1166158.1075007175,1762441.5736716096,10
-1165694.7947841901,1762441.5736716096,10
-1165231.4820676625,1762441.5736716096,10
-1164768.1693511351,1762441.5736716096,10
-1164304.8566346075,1762441.5736716096,10
-1163841.5439180802,1762441.5736716096,10
-1163378.2312015526,1762441.5736716096,10
-1162914.9184850252,1762441.5736716096,10
-1162451.6057684976,1762441.5736716096,10
-1161988.2930519702,1762441.5736716096,10
-1161524.9803354426,1762441.5736716096,10
-1161061.6676189152,1762441.5736716096,10
-1160598.3549023876,1762441.5736716096,10
-1160135.0421858602,1762441.5736716096,10
-1159671.7294693326,1762441.5736716096,10
-1159208.416752805,1762441.5736716096,10
-1158745.1040362776,1762441.5736716096,10
-1158281.79131975,1762441.5736716096,10
-1157818.4786032226,1762441.5736716096,10
-1157355.165886695,1762441.5736716096,10
-1156891.8531701677,1762441.5736716096,10
-1156428.54045364,1762441.5736716096,10
-1155965.2277371127,1762441.5736716096,10
-1155501.915020585,1762441.5736716096,10
-1155038.6023040577,1762441.5736716096,10
-1154575.28958753,1762441.5736716096,10
-1154111.9768710027,1762441.5736716096,10
-1153648.664154475,1762441.5736716096,10
-1153185.3514379477,1762441.5736716096,10
-1152722.03872142,1762441.5736716096,10
-1152258.7260048925,1762441.5736716096,10
-1151795.4132883651,1762441.5736716096,10
-1151332.1005718375,1762441.5736716096,10
-1150868.7878553101,1762441.5736716096,10
-1150405.4751387825,1762441.5736716096,10
-1149942.1624222551,1762441.5736716096,10
-1149478.8497057275,1762441.5736716096,10
-1149015.5369892002,1762441.5736716096,10
-1148552.2242726726,1762441.5736716096,10
-1148088.9115561452,1762441.5736716096,10
-1147625.5988396176,1762441.5736716096,10
-1147162.2861230902,1762441.5736716096,10
-1146698.9734065626,1762441.5736716096,10
-1146235.6606900352,1762441.5736716096,10
-1145772.3479735076,1762441.5736716096,10
-1145309.03525698,1762441.5736716096,10
-1144845.7225404526,1762441.5736716096,10
-1144382.4098239252,1762441.5736716096,10
-1143919.0971073976,1762441.5736716096,10
-1143455.78439087,1762441.5736716096,10
-1142992.4716743426,1762441.5736716096,10
-1142529.158957815,1762441.5736716096,10
-1142065.8462412877,1762441.5736716096,10
-1141602.53352476,1762441.5736716096,10
-1141139.2208082327,1762441.5736716096,10
-1140675.908091705,1762441.5736716096,10
-1140212.5953751777,1762441.5736716096,10
-1139749.28265865,1762441.5736716096,10
-1238434.8912790075,1761978.2609550823,10
-1237971.5785624802,1761978.2609550823,10
-1237508.2658459526,1761978.2609550823,10
-1237044.9531294252,1761978.2609550823,10
-1236581.6404128976,1761978.2609550823,10
-1236118.3276963702,1761978.2609550823,10
-1235655.0149798426,1761978.2609550823,10
-1235191.7022633152,1761978.2609550823,10
-1234728.3895467876,1761978.2609550823,10
-1234265.07683026,1761978.2609550823,10
-1233801.7641137326,1761978.2609550823,10
-1233338.4513972052,1761978.2609550823,10
-1232875.1386806776,1761978.2609550823,10
-1232411.82596415,1761978.2609550823,10
-1231948.5132476226,1761978.2609550823,10
-1231485.200531095,1761978.2609550823,10
-1231021.8878145677,1761978.2609550823,10
-1230558.57509804,1761978.2609550823,10
-1230095.2623815127,1761978.2609550823,10
-1229631.949664985,1761978.2609550823,10
-1229168.6369484577,1761978.2609550823,10
-1228705.32423193,1761978.2609550823,10
-1228242.0115154027,1761978.2609550823,10
-1227778.698798875,1761978.2609550823,10
-1227315.3860823475,1761978.2609550823,10
-1226852.07336582,1761978.2609550823,10
-1226388.7606492927,1761978.2609550823,10
-1225925.4479327651,1761978.2609550823,10
-1225462.1352162375,1761978.2609550823,10
-1224998.8224997101,1761978.2609550823,10
-1224535.5097831825,1761978.2609550823,10
-1224072.1970666551,1761978.2609550823,10
-1223608.8843501275,1761978.2609550823,10
-1223145.5716336002,1761978.2609550823,10
-1222682.2589170726,1761978.2609550823,10
-1222218.9462005452,1761978.2609550823,10
-1221755.6334840176,1761978.2609550823,10
-1221292.3207674902,1761978.2609550823,10
-1220829.0080509626,1761978.2609550823,10
-1220365.6953344352,1761978.2609550823,10
-1219902.3826179076,1761978.2609550823,10
-1219439.0699013802,1761978.2609550823,10
-1218975.7571848526,1761978.2609550823,10
-1218512.444468325,1761978.2609550823,10
-1218049.1317517976,1761978.2609550823,10
-1217585.81903527,1761978.2609550823,10
-1217122.5063187426,1761978.2609550823,10
-1216659.193602215,1761978.2609550823,10
-1216195.8808856877,1761978.2609550823,10
-1215732.56816916,1761978.2609550823,10
-1215269.2554526327,1761978.2609550823,10
-1214805.942736105,1761978.2609550823,10
-1214342.6300195777,1761978.2609550823,10
-1213879.31730305,1761978.2609550823,10
-1213416.0045865227,1761978.2609550823,10
-1212952.691869995,1761978.2609550823,10
-1212489.3791534677,1761978.2609550823,10
-1212026.06643694,1761978.2609550823,10
-1211562.7537204125,1761978.2609550823,10
-1211099.4410038851,1761978.2609550823,10
-1210636.1282873575,1761978.2609550823,10
-1210172.8155708301,1761978.2609550823,10
-1209709.5028543025,1761978.2609550823,10
-1209246.1901377751,1761978.2609550823,10
-1208782.8774212475,1761978.2609550823,10
-1208319.5647047202,1761978.2609550823,10
-1207856.2519881926,1761978.2609550823,10
-1207392.9392716652,1761978.2609550823,10
-1206929.6265551376,1761978.2609550823,10
-1206466.3138386102,1761978.2609550823,10
-1206003.0011220826,1761978.2609550823,10
-1205539.6884055552,1761978.2609550823,10
-1205076.3756890276,1761978.2609550823,10
-1204613.0629725,1761978.2609550823,10
-1204149.7502559726,1761978.2609550823,10
-1203686.4375394452,1761978.2609550823,10
-1203223.1248229176,1761978.2609550823,10
-1202759.81210639,1761978.2609550823,10
-1202296.4993898626,1761978.2609550823,10
-1201833.186673335,1761978.2609550823,10
-1201369.8739568077,1761978.2609550823,10
-1200906.56124028,1761978.2609550823,10
-1200443.2485237527,1761978.2609550823,10
-1199979.935807225,1761978.2609550823,10
-1199516.6230906977,1761978.2609550823,10
-1199053.31037417,1761978.2609550823,10
-1198589.9976576427,1761978.2609550823,10
-1198126.684941115,1761978.2609550823,10
-1197663.3722245875,1761978.2609550823,10
-1197200.05950806,1761978.2609550823,10
-1196736.7467915327,1761978.2609550823,10
-1196273.4340750051,1761978.2609550823,10
-1195810.1213584775,1761978.2609550823,10
-1195346.8086419501,1761978.2609550823,10
-1194883.4959254225,1761978.2609550823,10
-1194420.1832088951,1761978.2609550823,10
-1193956.8704923675,1761978.2609550823,10
-1193493.5577758402,1761978.2609550823,10
-1193030.2450593126,1761978.2609550823,10
-1192566.9323427852,1761978.2609550823,10
-1192103.6196262576,1761978.2609550823,10
-1191640.3069097302,1761978.2609550823,10
-1191176.9941932026,1761978.2609550823,10
-1190713.6814766752,1761978.2609550823,10
-1190250.3687601476,1761978.2609550823,10
-1189787.0560436202,1761978.2609550823,10
-1189323.7433270926,1761978.2609550823,10
-1188860.430610565,1761978.2609550823,10
-1188397.1178940376,1761978.2609550823,10
-1187933.80517751,1761978.2609550823,10
-1187470.4924609826,1761978.2609550823,10
-1187007.179744455,1761978.2609550823,10
-1186543.8670279277,1761978.2609550823,10
-1186080.5543114,1761978.2609550823,10
-1185617.2415948727,1761978.2609550823,10
-1185153.928878345,1761978.2609550823,10
-1184690.6161618177,1761978.2609550823,10
-1184227.30344529,1761978.2609550823,10
-1183763.9907287627,1761978.2609550823,10
-1183300.678012235,1761978.2609550823,10
-1182837.3652957077,1761978.2609550823,10
-1182374.05257918,1761978.2609550823,10
-1181910.7398626525,1761978.2609550823,10
-1181447.4271461251,1761978.2609550823,10
-1180984.1144295975,1761978.2609550823,10
-1180520.8017130701,1761978.2609550823,10
-1180057.4889965425,1761978.2609550823,10
-1179594.1762800151,1761978.2609550823,10
-1179130.8635634875,1761978.2609550823,10
-1178667.5508469602,1761978.2609550823,10
-1178204.2381304326,1761978.2609550823,10
-1177740.9254139052,1761978.2609550823,10
-1177277.6126973776,1761978.2609550823,10
-1176814.2999808502,1761978.2609550823,10
-1176350.9872643226,1761978.2609550823,10
-1175887.6745477952,1761978.2609550823,10
-1175424.3618312676,1761978.2609550823,10
-1174961.04911474,1761978.2609550823,10
-1174497.7363982126,1761978.2609550823,10
-1174034.4236816852,1761978.2609550823,10
-1173571.1109651576,1761978.2609550823,10
-1173107.79824863,1761978.2609550823,10
-1172644.4855321026,1761978.2609550823,10
-1172181.172815575,1761978.2609550823,10
-1171717.8600990477,1761978.2609550823,10
-1171254.54738252,1761978.2609550823,10
-1170791.2346659927,1761978.2609550823,10
-1170327.921949465,1761978.2609550823,10
-1169864.6092329377,1761978.2609550823,10
-1169401.29651641,1761978.2609550823,10
-1168937.9837998827,1761978.2609550823,10
-1168474.671083355,1761978.2609550823,10
-1168011.3583668275,1761978.2609550823,10
-1167548.0456503,1761978.2609550823,10
-1167084.7329337727,1761978.2609550823,10
-1166621.4202172451,1761978.2609550823,10
-1166158.1075007175,1761978.2609550823,10
-1165694.7947841901,1761978.2609550823,10
-1165231.4820676625,1761978.2609550823,10
-1164768.1693511351,1761978.2609550823,10
-1164304.8566346075,1761978.2609550823,10
-1163841.5439180802,1761978.2609550823,10
-1163378.2312015526,1761978.2609550823,10
-1162914.9184850252,1761978.2609550823,10
-1162451.6057684976,1761978.2609550823,10
-1161988.2930519702,1761978.2609550823,10
-1161524.9803354426,1761978.2609550823,10
-1161061.6676189152,1761978.2609550823,10
-1160598.3549023876,1761978.2609550823,10
-1160135.0421858602,1761978.2609550823,10
-1159671.7294693326,1761978.2609550823,10
-1159208.416752805,1761978.2609550823,10
-1158745.1040362776,1761978.2609550823,10
-1158281.79131975,1761978.2609550823,10
-1157818.4786032226,1761978.2609550823,10
-1157355.165886695,1761978.2609550823,10
-1156891.8531701677,1761978.2609550823,10
-1156428.54045364,1761978.2609550823,10
-1155965.2277371127,1761978.2609550823,10
-1155501.915020585,1761978.2609550823,10
-1155038.6023040577,1761978.2609550823,10
-1154575.28958753,1761978.2609550823,10
-1154111.9768710027,1761978.2609550823,10
-1153648.664154475,1761978.2609550823,10
-1153185.3514379477,1761978.2609550823,10
-1152722.03872142,1761978.2609550823,10
-1152258.7260048925,1761978.2609550823,10
-1151795.4132883651,1761978.2609550823,10
-1151332.1005718375,1761978.2609550823,10
-1150868.7878553101,1761978.2609550823,10
-1150405.4751387825,1761978.2609550823,10
-1149942.1624222551,1761978.2609550823,10
-1149478.8497057275,1761978.2609550823,10
-1149015.5369892002,1761978.2609550823,10
-1148552.2242726726,1761978.2609550823,10
-1148088.9115561452,1761978.2609550823,10
-1147625.5988396176,1761978.2609550823,10
-1147162.2861230902,1761978.2609550823,10
-1146698.9734065626,1761978.2609550823,10
-1146235.6606900352,1761978.2609550823,10
-1145772.3479735076,1761978.2609550823,10
-1145309.03525698,1761978.2609550823,10
-1144845.7225404526,1761978.2609550823,10
-1144382.4098239252,1761978.2609550823,10
-1143919.0971073976,1761978.2609550823,10
-1143455.78439087,1761978.2609550823,10
-1142992.4716743426,1761978.2609550823,10
-1142529.158957815,1761978.2609550823,10
-1142065.8462412877,1761978.2609550823,10
-1141602.53352476,1761978.2609550823,10
-1141139.2208082327,1761978.2609550823,10
-1140675.908091705,1761978.2609550823,10
-1140212.5953751777,1761978.2609550823,10
-1139749.28265865,1761978.2609550823,10
-1238898.2039955352,1761514.9482385546,10
-1238434.8912790075,1761514.9482385546,10
-1237971.5785624802,1761514.9482385546,10
-1237508.2658459526,1761514.9482385546,10
-1237044.9531294252,1761514.9482385546,10
-1236581.6404128976,1761514.9482385546,10
-1236118.3276963702,1761514.9482385546,10
-1235655.0149798426,1761514.9482385546,10
-1235191.7022633152,1761514.9482385546,10
-1234728.3895467876,1761514.9482385546,10
-1234265.07683026,1761514.9482385546,10
-1233801.7641137326,1761514.9482385546,10
-1233338.4513972052,1761514.9482385546,10
-1232875.1386806776,1761514.9482385546,10
-1232411.82596415,1761514.9482385546,10
-1231948.5132476226,1761514.9482385546,10
-1231485.200531095,1761514.9482385546,10
-1231021.8878145677,1761514.9482385546,10
-1230558.57509804,1761514.9482385546,10
-1230095.2623815127,1761514.9482385546,10
-1229631.949664985,1761514.9482385546,10
-1229168.6369484577,1761514.9482385546,10
-1228705.32423193,1761514.9482385546,10
-1228242.0115154027,1761514.9482385546,10
-1227778.698798875,1761514.9482385546,10
-1227315.3860823475,1761514.9482385546,10
-1226852.07336582,1761514.9482385546,10
-1226388.7606492927,1761514.9482385546,10
-1225925.4479327651,1761514.9482385546,10
-1225462.1352162375,1761514.9482385546,10
-1224998.8224997101,1761514.9482385546,10
-1224535.5097831825,1761514.9482385546,10
-1224072.1970666551,1761514.9482385546,10
-1223608.8843501275,1761514.9482385546,10
-1223145.5716336002,1761514.9482385546,10
-1222682.2589170726,1761514.9482385546,10
-1222218.9462005452,1761514.9482385546,10
-1221755.6334840176,1761514.9482385546,10
-1221292.3207674902,1761514.9482385546,10
-1220829.0080509626,1761514.9482385546,10
-1220365.6953344352,1761514.9482385546,10
-1219902.3826179076,1761514.9482385546,10
-1219439.0699013802,1761514.9482385546,10
-1218975.7571848526,1761514.9482385546,10
-1218512.444468325,1761514.9482385546,10
-1218049.1317517976,1761514.9482385546,10
-1217585.81903527,1761514.9482385546,10
-1217122.5063187426,1761514.9482385546,10
-1216659.193602215,1761514.9482385546,10
-1216195.8808856877,1761514.9482385546,10
-1215732.56816916,1761514.9482385546,10
-1215269.2554526327,1761514.9482385546,10
-1214805.942736105,1761514.9482385546,10
-1214342.6300195777,1761514.9482385546,10
-1213879.31730305,1761514.9482385546,10
-1213416.0045865227,1761514.9482385546,10
-1212952.691869995,1761514.9482385546,10
-1212489.3791534677,1761514.9482385546,10
-1212026.06643694,1761514.9482385546,10
-1211562.7537204125,1761514.9482385546,10
-1211099.4410038851,1761514.9482385546,10
-1210636.1282873575,1761514.9482385546,10
-1210172.8155708301,1761514.9482385546,10
-1209709.5028543025,1761514.9482385546,10
-1209246.1901377751,1761514.9482385546,10
-1208782.8774212475,1761514.9482385546,10
-1208319.5647047202,1761514.9482385546,10
-1207856.2519881926,1761514.9482385546,10
-1207392.9392716652,1761514.9482385546,10
-1206929.6265551376,1761514.9482385546,10
-1206466.3138386102,1761514.9482385546,10
-1206003.0011220826,1761514.9482385546,10
-1205539.6884055552,1761514.9482385546,10
-1205076.3756890276,1761514.9482385546,10
-1204613.0629725,1761514.9482385546,10
-1204149.7502559726,1761514.9482385546,10
-1203686.4375394452,1761514.9482385546,10
-1203223.1248229176,1761514.9482385546,10
-1202759.81210639,1761514.9482385546,10
-1202296.4993898626,1761514.9482385546,10
-1201833.186673335,1761514.9482385546,10
-1201369.8739568077,1761514.9482385546,10
-1200906.56124028,1761514.9482385546,10
-1200443.2485237527,1761514.9482385546,10
-1199979.935807225,1761514.9482385546,10
-1199516.6230906977,1761514.9482385546,10
-1199053.31037417,1761514.9482385546,10
-1198589.9976576427,1761514.9482385546,10
-1198126.684941115,1761514.9482385546,10
-1197663.3722245875,1761514.9482385546,10
-1197200.05950806,1761514.9482385546,10
-1196736.7467915327,1761514.9482385546,10
-1196273.4340750051,1761514.9482385546,10
-1195810.1213584775,1761514.9482385546,10
-1195346.8086419501,1761514.9482385546,10
-1194883.4959254225,1761514.9482385546,10
-1194420.1832088951,1761514.9482385546,10
-1193956.8704923675,1761514.9482385546,10
-1193493.5577758402,1761514.9482385546,10
-1193030.2450593126,1761514.9482385546,10
-1192566.9323427852,1761514.9482385546,10
-1192103.6196262576,1761514.9482385546,10
-1191640.3069097302,1761514.9482385546,10
-1191176.9941932026,1761514.9482385546,10
-1190713.6814766752,1761514.9482385546,10
-1190250.3687601476,1761514.9482385546,10
-1189787.0560436202,1761514.9482385546,10
-1189323.7433270926,1761514.9482385546,10
-1188860.430610565,1761514.9482385546,10
-1188397.1178940376,1761514.9482385546,10
-1187933.80517751,1761514.9482385546,10
-1187470.4924609826,1761514.9482385546,10
-1187007.179744455,1761514.9482385546,10
-1186543.8670279277,1761514.9482385546,10
-1186080.5543114,1761514.9482385546,10
-1185617.2415948727,1761514.9482385546,10
-1185153.928878345,1761514.9482385546,10
-1184690.6161618177,1761514.9482385546,10
-1184227.30344529,1761514.9482385546,10
-1183763.9907287627,1761514.9482385546,10
-1183300.678012235,1761514.9482385546,10
-1182837.3652957077,1761514.9482385546,10
-1182374.05257918,1761514.9482385546,10
-1181910.7398626525,1761514.9482385546,10
-1181447.4271461251,1761514.9482385546,10
-1180984.1144295975,1761514.9482385546,10
-1180520.8017130701,1761514.9482385546,10
-1180057.4889965425,1761514.9482385546,10
-1179594.1762800151,1761514.9482385546,10
-1179130.8635634875,1761514.9482385546,10
-1178667.5508469602,1761514.9482385546,10
-1178204.2381304326,1761514.9482385546,10
-1177740.9254139052,1761514.9482385546,10
-1177277.6126973776,1761514.9482385546,10
-1176814.2999808502,1761514.9482385546,10
-1176350.9872643226,1761514.9482385546,10
-1175887.6745477952,1761514.9482385546,10
-1175424.3618312676,1761514.9482385546,10
-1174961.04911474,1761514.9482385546,10
-1174497.7363982126,1761514.9482385546,10
-1174034.4236816852,1761514.9482385546,10
-1173571.1109651576,1761514.9482385546,10
-1173107.79824863,1761514.9482385546,10
-1172644.4855321026,1761514.9482385546,10
-1172181.172815575,1761514.9482385546,10
-1171717.8600990477,1761514.9482385546,10
-1171254.54738252,1761514.9482385546,10
-1170791.2346659927,1761514.9482385546,10
-1170327.921949465,1761514.9482385546,10
-1169864.6092329377,1761514.9482385546,10
-1169401.29651641,1761514.9482385546,10
-1168937.9837998827,1761514.9482385546,10
-1168474.671083355,1761514.9482385546,10
-1168011.3583668275,1761514.9482385546,10
-1167548.0456503,1761514.9482385546,10
-1167084.7329337727,1761514.9482385546,10
-1166621.4202172451,1761514.9482385546,10
-1166158.1075007175,1761514.9482385546,10
-1165694.7947841901,1761514.9482385546,10
-1165231.4820676625,1761514.9482385546,10
-1164768.1693511351,1761514.9482385546,10
-1164304.8566346075,1761514.9482385546,10
-1163841.5439180802,1761514.9482385546,10
-1163378.2312015526,1761514.9482385546,10
-1162914.9184850252,1761514.9482385546,10
-1162451.6057684976,1761514.9482385546,10
-1161988.2930519702,1761514.9482385546,10
-1161524.9803354426,1761514.9482385546,10
-1161061.6676189152,1761514.9482385546,10
-1160598.3549023876,1761514.9482385546,10
-1160135.0421858602,1761514.9482385546,10
-1159671.7294693326,1761514.9482385546,10
-1159208.416752805,1761514.9482385546,10
-1158745.1040362776,1761514.9482385546,10
-1158281.79131975,1761514.9482385546,10
-1157818.4786032226,1761514.9482385546,10
-1157355.165886695,1761514.9482385546,10
-1156891.8531701677,1761514.9482385546,10
-1156428.54045364,1761514.9482385546,10
-1155965.2277371127,1761514.9482385546,10
-1155501.915020585,1761514.9482385546,10
-1155038.6023040577,1761514.9482385546,10
-1154575.28958753,1761514.9482385546,10
-1154111.9768710027,1761514.9482385546,10
-1153648.664154475,1761514.9482385546,10
-1153185.3514379477,1761514.9482385546,10
-1152722.03872142,1761514.9482385546,10
-1152258.7260048925,1761514.9482385546,10
-1151795.4132883651,1761514.9482385546,10
-1151332.1005718375,1761514.9482385546,10
-1150868.7878553101,1761514.9482385546,10
-1150405.4751387825,1761514.9482385546,10
-1149942.1624222551,1761514.9482385546,10
-1149478.8497057275,1761514.9482385546,10
-1149015.5369892002,1761514.9482385546,10
-1148552.2242726726,1761514.9482385546,10
-1148088.9115561452,1761514.9482385546,10
-1147625.5988396176,1761514.9482385546,10
-1147162.2861230902,1761514.9482385546,10
-1146698.9734065626,1761514.9482385546,10
-1146235.6606900352,1761514.9482385546,10
-1145772.3479735076,1761514.9482385546,10
-1145309.03525698,1761514.9482385546,10
-1144845.7225404526,1761514.9482385546,10
-1144382.4098239252,1761514.9482385546,10
-1143919.0971073976,1761514.9482385546,10
-1143455.78439087,1761514.9482385546,10
-1142992.4716743426,1761514.9482385546,10
-1142529.158957815,1761514.9482385546,10
-1142065.8462412877,1761514.9482385546,10
-1141602.53352476,1761514.9482385546,10
-1141139.2208082327,1761514.9482385546,10
-1140675.908091705,1761514.9482385546,10
-1140212.5953751777,1761514.9482385546,10
-1139749.28265865,1761514.9482385546,10
-1238898.2039955352,1761051.6355220273,10
-1238434.8912790075,1761051.6355220273,10
-1237971.5785624802,1761051.6355220273,10
-1237508.2658459526,1761051.6355220273,10
-1237044.9531294252,1761051.6355220273,10
-1236581.6404128976,1761051.6355220273,10
-1236118.3276963702,1761051.6355220273,10
-1235655.0149798426,1761051.6355220273,10
-1235191.7022633152,1761051.6355220273,10
-1234728.3895467876,1761051.6355220273,10
-1234265.07683026,1761051.6355220273,10
-1233801.7641137326,1761051.6355220273,10
-1233338.4513972052,1761051.6355220273,10
-1232875.1386806776,1761051.6355220273,10
-1232411.82596415,1761051.6355220273,10
-1231948.5132476226,1761051.6355220273,10
-1231485.200531095,1761051.6355220273,10
-1231021.8878145677,1761051.6355220273,10
-1230558.57509804,1761051.6355220273,10
-1230095.2623815127,1761051.6355220273,10
-1229631.949664985,1761051.6355220273,10
-1229168.6369484577,1761051.6355220273,10
-1228705.32423193,1761051.6355220273,10
-1228242.0115154027,1761051.6355220273,10
-1227778.698798875,1761051.6355220273,10
-1227315.3860823475,1761051.6355220273,10
-1226852.07336582,1761051.6355220273,10
-1226388.7606492927,1761051.6355220273,10
-1225925.4479327651,1761051.6355220273,10
-1225462.1352162375,1761051.6355220273,10
-1224998.8224997101,1761051.6355220273,10
-1224535.5097831825,1761051.6355220273,10
-1224072.1970666551,1761051.6355220273,10
-1223608.8843501275,1761051.6355220273,10
-1223145.5716336002,1761051.6355220273,10
-1222682.2589170726,1761051.6355220273,10
-1222218.9462005452,1761051.6355220273,10
-1221755.6334840176,1761051.6355220273,10
-1221292.3207674902,1761051.6355220273,10
-1220829.0080509626,1761051.6355220273,10
-1220365.6953344352,1761051.6355220273,10
-1219902.3826179076,1761051.6355220273,10
-1219439.0699013802,1761051.6355220273,10
-1218975.7571848526,1761051.6355220273,10
-1218512.444468325,1761051.6355220273,10
-1218049.1317517976,1761051.6355220273,10
-1217585.81903527,1761051.6355220273,10
-1217122.5063187426,1761051.6355220273,10
-1216659.193602215,1761051.6355220273,10
-1216195.8808856877,1761051.6355220273,10
-1215732.56816916,1761051.6355220273,10
-1215269.2554526327,1761051.6355220273,10
-1214805.942736105,1761051.6355220273,10
-1214342.6300195777,1761051.6355220273,10
-1213879.31730305,1761051.6355220273,10
-1213416.0045865227,1761051.6355220273,10
-1212952.691869995,1761051.6355220273,10
-1212489.3791534677,1761051.6355220273,10
-1212026.06643694,1761051.6355220273,10
-1211562.7537204125,1761051.6355220273,10
-1211099.4410038851,1761051.6355220273,10
-1210636.1282873575,1761051.6355220273,10
-1210172.8155708301,1761051.6355220273,10
-1209709.5028543025,1761051.6355220273,10
-1209246.1901377751,1761051.6355220273,10
-1208782.8774212475,1761051.6355220273,10
-1208319.5647047202,1761051.6355220273,10
-1207856.2519881926,1761051.6355220273,10
-1207392.9392716652,1761051.6355220273,10
-1206929.6265551376,1761051.6355220273,10
-1206466.3138386102,1761051.6355220273,10
-1206003.0011220826,1761051.6355220273,10
-1205539.6884055552,1761051.6355220273,10
-1205076.3756890276,1761051.6355220273,10
-1204613.0629725,1761051.6355220273,10
-1204149.7502559726,1761051.6355220273,10
-1203686.4375394452,1761051.6355220273,10
-1203223.1248229176,1761051.6355220273,10
-1202759.81210639,1761051.6355220273,10
-1202296.4993898626,1761051.6355220273,10
-1201833.186673335,1761051.6355220273,10
-1201369.8739568077,1761051.6355220273,10
-1200906.56124028,1761051.6355220273,10
-1200443.2485237527,1761051.6355220273,10
-1199979.935807225,1761051.6355220273,10
-1199516.6230906977,1761051.6355220273,10
-1199053.31037417,1761051.6355220273,10
-1198589.9976576427,1761051.6355220273,10
-1198126.684941115,1761051.6355220273,10
-1197663.3722245875,1761051.6355220273,10
-1197200.05950806,1761051.6355220273,10
-1196736.7467915327,1761051.6355220273,10
-1196273.4340750051,1761051.6355220273,10
-1195810.1213584775,1761051.6355220273,10
-1195346.8086419501,1761051.6355220273,10
-1194883.4959254225,1761051.6355220273,10
-1194420.1832088951,1761051.6355220273,10
-1193956.8704923675,1761051.6355220273,10
-1193493.5577758402,1761051.6355220273,10
-1193030.2450593126,1761051.6355220273,10
-1192566.9323427852,1761051.6355220273,10
-1192103.6196262576,1761051.6355220273,10
-1191640.3069097302,1761051.6355220273,10
-1191176.9941932026,1761051.6355220273,10
-1190713.6814766752,1761051.6355220273,10
-1190250.3687601476,1761051.6355220273,10
-1189787.0560436202,1761051.6355220273,10
-1189323.7433270926,1761051.6355220273,10
-1188860.430610565,1761051.6355220273,10
-1188397.1178940376,1761051.6355220273,10
-1187933.80517751,1761051.6355220273,10
-1187470.4924609826,1761051.6355220273,10
-1187007.179744455,1761051.6355220273,10
-1186543.8670279277,1761051.6355220273,10
-1186080.5543114,1761051.6355220273,10
-1185617.2415948727,1761051.6355220273,10
-1185153.928878345,1761051.6355220273,10
-1184690.6161618177,1761051.6355220273,10
-1184227.30344529,1761051.6355220273,10
-1183763.9907287627,1761051.6355220273,10
-1183300.678012235,1761051.6355220273,10
-1182837.3652957077,1761051.6355220273,10
-1182374.05257918,1761051.6355220273,10
-1181910.7398626525,1761051.6355220273,10
-1181447.4271461251,1761051.6355220273,10
-1180984.1144295975,1761051.6355220273,10
-1180520.8017130701,1761051.6355220273,10
-1180057.4889965425,1761051.6355220273,10
-1179594.1762800151,1761051.6355220273,10
-1179130.8635634875,1761051.6355220273,10
-1178667.5508469602,1761051.6355220273,10
-1178204.2381304326,1761051.6355220273,10
-1177740.9254139052,1761051.6355220273,10
-1177277.6126973776,1761051.6355220273,10
-1176814.2999808502,1761051.6355220273,10
-1176350.9872643226,1761051.6355220273,10
-1175887.6745477952,1761051.6355220273,10
-1175424.3618312676,1761051.6355220273,10
-1174961.04911474,1761051.6355220273,10
-1174497.7363982126,1761051.6355220273,10
-1174034.4236816852,1761051.6355220273,10
-1173571.1109651576,1761051.6355220273,10
-1173107.79824863,1761051.6355220273,10
-1172644.4855321026,1761051.6355220273,10
-1172181.172815575,1761051.6355220273,10
-1171717.8600990477,1761051.6355220273,10
-1171254.54738252,1761051.6355220273,10
-1170791.2346659927,1761051.6355220273,10
-1170327.921949465,1761051.6355220273,10
-1169864.6092329377,1761051.6355220273,10
-1169401.29651641,1761051.6355220273,10
-1168937.9837998827,1761051.6355220273,10
-1168474.671083355,1761051.6355220273,10
-1168011.3583668275,1761051.6355220273,10
-1167548.0456503,1761051.6355220273,10
-1167084.7329337727,1761051.6355220273,10
-1166621.4202172451,1761051.6355220273,10
-1166158.1075007175,1761051.6355220273,10
-1165694.7947841901,1761051.6355220273,10
-1165231.4820676625,1761051.6355220273,10
-1164768.1693511351,1761051.6355220273,10
-1164304.8566346075,1761051.6355220273,10
-1163841.5439180802,1761051.6355220273,10
-1163378.2312015526,1761051.6355220273,10
-1162914.9184850252,1761051.6355220273,10
-1162451.6057684976,1761051.6355220273,10
-1161988.2930519702,1761051.6355220273,10
-1161524.9803354426,1761051.6355220273,10
-1161061.6676189152,1761051.6355220273,10
-1160598.3549023876,1761051.6355220273,10
-1160135.0421858602,1761051.6355220273,10
-1159671.7294693326,1761051.6355220273,10
-1159208.416752805,1761051.6355220273,10
-1158745.1040362776,1761051.6355220273,10
-1158281.79131975,1761051.6355220273,10
-1157818.4786032226,1761051.6355220273,10
-1157355.165886695,1761051.6355220273,10
-1156891.8531701677,1761051.6355220273,10
-1156428.54045364,1761051.6355220273,10
-1155965.2277371127,1761051.6355220273,10
-1155501.915020585,1761051.6355220273,10
-1155038.6023040577,1761051.6355220273,10
-1154575.28958753,1761051.6355220273,10
-1154111.9768710027,1761051.6355220273,10
-1153648.664154475,1761051.6355220273,10
-1153185.3514379477,1761051.6355220273,10
-1152722.03872142,1761051.6355220273,10
-1152258.7260048925,1761051.6355220273,10
-1151795.4132883651,1761051.6355220273,10
-1151332.1005718375,1761051.6355220273,10
-1150868.7878553101,1761051.6355220273,10
-1150405.4751387825,1761051.6355220273,10
-1149942.1624222551,1761051.6355220273,10
-1149478.8497057275,1761051.6355220273,10
-1149015.5369892002,1761051.6355220273,10
-1148552.2242726726,1761051.6355220273,10
-1148088.9115561452,1761051.6355220273,10
-1147625.5988396176,1761051.6355220273,10
-1147162.2861230902,1761051.6355220273,10
-1146698.9734065626,1761051.6355220273,10
-1146235.6606900352,1761051.6355220273,10
-1145772.3479735076,1761051.6355220273,10
-1145309.03525698,1761051.6355220273,10
-1144845.7225404526,1761051.6355220273,10
-1144382.4098239252,1761051.6355220273,10
-1143919.0971073976,1761051.6355220273,10
-1143455.78439087,1761051.6355220273,10
-1142992.4716743426,1761051.6355220273,10
-1142529.158957815,1761051.6355220273,10
-1142065.8462412877,1761051.6355220273,10
-1141602.53352476,1761051.6355220273,10
-1141139.2208082327,1761051.6355220273,10
-1140675.908091705,1761051.6355220273,10
-1140212.5953751777,1761051.6355220273,10
-1139749.28265865,1761051.6355220273,10
-1239361.5167120625,1760588.3228054997,10
-1238898.2039955352,1760588.3228054997,10
-1238434.8912790075,1760588.3228054997,10
-1237971.5785624802,1760588.3228054997,10
-1237508.2658459526,1760588.3228054997,10
-1237044.9531294252,1760588.3228054997,10
-1236581.6404128976,1760588.3228054997,10
-1236118.3276963702,1760588.3228054997,10
-1235655.0149798426,1760588.3228054997,10
-1235191.7022633152,1760588.3228054997,10
-1234728.3895467876,1760588.3228054997,10
-1234265.07683026,1760588.3228054997,10
-1233801.7641137326,1760588.3228054997,10
-1233338.4513972052,1760588.3228054997,10
-1232875.1386806776,1760588.3228054997,10
-1232411.82596415,1760588.3228054997,10
-1231948.5132476226,1760588.3228054997,10
-1231485.200531095,1760588.3228054997,10
-1231021.8878145677,1760588.3228054997,10
-1230558.57509804,1760588.3228054997,10
-1230095.2623815127,1760588.3228054997,10
-1229631.949664985,1760588.3228054997,10
-1229168.6369484577,1760588.3228054997,10
-1228705.32423193,1760588.3228054997,10
-1228242.0115154027,1760588.3228054997,10
-1227778.698798875,1760588.3228054997,10
-1227315.3860823475,1760588.3228054997,10
-1226852.07336582,1760588.3228054997,10
-1226388.7606492927,1760588.3228054997,10
-1225925.4479327651,1760588.3228054997,10
-1225462.1352162375,1760588.3228054997,10
-1224998.8224997101,1760588.3228054997,10
-1224535.5097831825,1760588.3228054997,10
-1224072.1970666551,1760588.3228054997,10
-1223608.8843501275,1760588.3228054997,10
-1223145.5716336002,1760588.3228054997,10
-1222682.2589170726,1760588.3228054997,10
-1222218.9462005452,1760588.3228054997,10
-1221755.6334840176,1760588.3228054997,10
-1221292.3207674902,1760588.3228054997,10
-1220829.0080509626,1760588.3228054997,10
-1220365.6953344352,1760588.3228054997,10
-1219902.3826179076,1760588.3228054997,10
-1219439.0699013802,1760588.3228054997,10
-1218975.7571848526,1760588.3228054997,10
-1218512.444468325,1760588.3228054997,10
-1218049.1317517976,1760588.3228054997,10
-1217585.81903527,1760588.3228054997,10
-1217122.5063187426,1760588.3228054997,10
-1216659.193602215,1760588.3228054997,10
-1216195.8808856877,1760588.3228054997,10
-1215732.56816916,1760588.3228054997,10
-1215269.2554526327,1760588.3228054997,10
-1214805.942736105,1760588.3228054997,10
-1214342.6300195777,1760588.3228054997,10
-1213879.31730305,1760588.3228054997,10
-1213416.0045865227,1760588.3228054997,10
-1212952.691869995,1760588.3228054997,10
-1212489.3791534677,1760588.3228054997,10
-1212026.06643694,1760588.3228054997,10
-1211562.7537204125,1760588.3228054997,10
-1211099.4410038851,1760588.3228054997,10
-1210636.1282873575,1760588.3228054997,10
-1210172.8155708301,1760588.3228054997,10
-1209709.5028543025,1760588.3228054997,10
-1209246.1901377751,1760588.3228054997,10
-1208782.8774212475,1760588.3228054997,10
-1208319.5647047202,1760588.3228054997,10
-1207856.2519881926,1760588.3228054997,10
-1207392.9392716652,1760588.3228054997,10
-1206929.6265551376,1760588.3228054997,10
-1206466.3138386102,1760588.3228054997,10
-1206003.0011220826,1760588.3228054997,10
-1205539.6884055552,1760588.3228054997,10
-1205076.3756890276,1760588.3228054997,10
-1204613.0629725,1760588.3228054997,10
-1204149.7502559726,1760588.3228054997,10
-1203686.4375394452,1760588.3228054997,10
-1203223.1248229176,1760588.3228054997,10
-1202759.81210639,1760588.3228054997,10
-1202296.4993898626,1760588.3228054997,10
-1201833.186673335,1760588.3228054997,10
-1201369.8739568077,1760588.3228054997,10
-1200906.56124028,1760588.3228054997,10
-1200443.2485237527,1760588.3228054997,10
-1199979.935807225,1760588.3228054997,10
-1199516.6230906977,1760588.3228054997,10
-1199053.31037417,1760588.3228054997,10
-1198589.9976576427,1760588.3228054997,10
-1198126.684941115,1760588.3228054997,10
-1197663.3722245875,1760588.3228054997,10
-1197200.05950806,1760588.3228054997,10
-1196736.7467915327,1760588.3228054997,10
-1196273.4340750051,1760588.3228054997,10
-1195810.1213584775,1760588.3228054997,10
-1195346.8086419501,1760588.3228054997,10
-1194883.4959254225,1760588.3228054997,10
-1194420.1832088951,1760588.3228054997,10
-1193956.8704923675,1760588.3228054997,10
-1193493.5577758402,1760588.3228054997,10
-1193030.2450593126,1760588.3228054997,10
-1192566.9323427852,1760588.3228054997,10
-1192103.6196262576,1760588.3228054997,10
-1191640.3069097302,1760588.3228054997,10
-1191176.9941932026,1760588.3228054997,10
-1190713.6814766752,1760588.3228054997,10
-1190250.3687601476,1760588.3228054997,10
-1189787.0560436202,1760588.3228054997,10
-1189323.7433270926,1760588.3228054997,10
-1188860.430610565,1760588.3228054997,10
-1188397.1178940376,1760588.3228054997,10
-1187933.80517751,1760588.3228054997,10
-1187470.4924609826,1760588.3228054997,10
-1187007.179744455,1760588.3228054997,10
-1186543.8670279277,1760588.3228054997,10
-1186080.5543114,1760588.3228054997,10
-1185617.2415948727,1760588.3228054997,10
-1185153.928878345,1760588.3228054997,10
-1184690.6161618177,1760588.3228054997,10
-1184227.30344529,1760588.3228054997,10
-1183763.9907287627,1760588.3228054997,10
-1183300.678012235,1760588.3228054997,10
-1182837.3652957077,1760588.3228054997,10
-1182374.05257918,1760588.3228054997,10
-1181910.7398626525,1760588.3228054997,10
-1181447.4271461251,1760588.3228054997,10
-1180984.1144295975,1760588.3228054997,10
-1180520.8017130701,1760588.3228054997,10
-1180057.4889965425,1760588.3228054997,10
-1179594.1762800151,1760588.3228054997,10
-1179130.8635634875,1760588.3228054997,10
-1178667.5508469602,1760588.3228054997,10
-1178204.2381304326,1760588.3228054997,10
-1177740.9254139052,1760588.3228054997,10
-1177277.6126973776,1760588.3228054997,10
-1176814.2999808502,1760588.3228054997,10
-1176350.9872643226,1760588.3228054997,10
-1175887.6745477952,1760588.3228054997,10
-1175424.3618312676,1760588.3228054997,10
-1174961.04911474,1760588.3228054997,10
-1174497.7363982126,1760588.3228054997,10
-1174034.4236816852,1760588.3228054997,10
-1173571.1109651576,1760588.3228054997,10
-1173107.79824863,1760588.3228054997,10
-1172644.4855321026,1760588.3228054997,10
-1172181.172815575,1760588.3228054997,10
-1171717.8600990477,1760588.3228054997,10
-1171254.54738252,1760588.3228054997,10
-1170791.2346659927,1760588.3228054997,10
-1170327.921949465,1760588.3228054997,10
-1169864.6092329377,1760588.3228054997,10
-1169401.29651641,1760588.3228054997,10
-1168937.9837998827,1760588.3228054997,10
-1168474.671083355,1760588.3228054997,10
-1168011.3583668275,1760588.3228054997,10
-1167548.0456503,1760588.3228054997,10
-1167084.7329337727,1760588.3228054997,10
-1166621.4202172451,1760588.3228054997,10
-1166158.1075007175,1760588.3228054997,10
-1165694.7947841901,1760588.3228054997,10
-1165231.4820676625,1760588.3228054997,10
-1164768.1693511351,1760588.3228054997,10
-1164304.8566346075,1760588.3228054997,10
-1163841.5439180802,1760588.3228054997,10
-1163378.2312015526,1760588.3228054997,10
-1162914.9184850252,1760588.3228054997,10
-1162451.6057684976,1760588.3228054997,10
-1161988.2930519702,1760588.3228054997,10
-1161524.9803354426,1760588.3228054997,10
-1161061.6676189152,1760588.3228054997,10
-1160598.3549023876,1760588.3228054997,10
-1160135.0421858602,1760588.3228054997,10
-1159671.7294693326,1760588.3228054997,10
-1159208.416752805,1760588.3228054997,10
-1158745.1040362776,1760588.3228054997,10
-1158281.79131975,1760588.3228054997,10
-1157818.4786032226,1760588.3228054997,10
-1157355.165886695,1760588.3228054997,10
-1156891.8531701677,1760588.3228054997,10
-1156428.54045364,1760588.3228054997,10
-1155965.2277371127,1760588.3228054997,10
-1155501.915020585,1760588.3228054997,10
-1155038.6023040577,1760588.3228054997,10
-1154575.28958753,1760588.3228054997,10
-1154111.9768710027,1760588.3228054997,10
-1153648.664154475,1760588.3228054997,10
-1153185.3514379477,1760588.3228054997,10
-1152722.03872142,1760588.3228054997,10
-1152258.7260048925,1760588.3228054997,10
-1151795.4132883651,1760588.3228054997,10
-1151332.1005718375,1760588.3228054997,10
-1150868.7878553101,1760588.3228054997,10
-1150405.4751387825,1760588.3228054997,10
-1149942.1624222551,1760588.3228054997,10
-1149478.8497057275,1760588.3228054997,10
-1149015.5369892002,1760588.3228054997,10
-1148552.2242726726,1760588.3228054997,10
-1148088.9115561452,1760588.3228054997,10
-1147625.5988396176,1760588.3228054997,10
-1147162.2861230902,1760588.3228054997,10
-1146698.9734065626,1760588.3228054997,10
-1146235.6606900352,1760588.3228054997,10
-1145772.3479735076,1760588.3228054997,10
-1145309.03525698,1760588.3228054997,10
-1144845.7225404526,1760588.3228054997,10
-1144382.4098239252,1760588.3228054997,10
-1143919.0971073976,1760588.3228054997,10
-1143455.78439087,1760588.3228054997,10
-1142992.4716743426,1760588.3228054997,10
-1142529.158957815,1760588.3228054997,10
-1142065.8462412877,1760588.3228054997,10
-1141602.53352476,1760588.3228054997,10
-1141139.2208082327,1760588.3228054997,10
-1140675.908091705,1760588.3228054997,10
-1140212.5953751777,1760588.3228054997,10
-1139749.28265865,1760588.3228054997,10
-1239361.5167120625,1760125.0100889723,10
-1238898.2039955352,1760125.0100889723,10
-1238434.8912790075,1760125.0100889723,10
-1237971.5785624802,1760125.0100889723,10
-1237508.2658459526,1760125.0100889723,10
-1237044.9531294252,1760125.0100889723,10
-1236581.6404128976,1760125.0100889723,10
-1236118.3276963702,1760125.0100889723,10
-1235655.0149798426,1760125.0100889723,10
-1235191.7022633152,1760125.0100889723,10
-1234728.3895467876,1760125.0100889723,10
-1234265.07683026,1760125.0100889723,10
-1233801.7641137326,1760125.0100889723,10
-1233338.4513972052,1760125.0100889723,10
-1232875.1386806776,1760125.0100889723,10
-1232411.82596415,1760125.0100889723,10
-1231948.5132476226,1760125.0100889723,10
-1231485.200531095,1760125.0100889723,10
-1231021.8878145677,1760125.0100889723,10
-1230558.57509804,1760125.0100889723,10
-1230095.2623815127,1760125.0100889723,10
-1229631.949664985,1760125.0100889723,10
-1229168.6369484577,1760125.0100889723,10
-1228705.32423193,1760125.0100889723,10
-1228242.0115154027,1760125.0100889723,10
-1227778.698798875,1760125.0100889723,10
-1227315.3860823475,1760125.0100889723,10
-1226852.07336582,1760125.0100889723,10
-1226388.7606492927,1760125.0100889723,10
-1225925.4479327651,1760125.0100889723,10
-1225462.1352162375,1760125.0100889723,10
-1224998.8224997101,1760125.0100889723,10
-1224535.5097831825,1760125.0100889723,10
-1224072.1970666551,1760125.0100889723,10
-1223608.8843501275,1760125.0100889723,10
-1223145.5716336002,1760125.0100889723,10
-1222682.2589170726,1760125.0100889723,10
-1222218.9462005452,1760125.0100889723,10
-1221755.6334840176,1760125.0100889723,10
-1221292.3207674902,1760125.0100889723,10
-1220829.0080509626,1760125.0100889723,10
-1220365.6953344352,1760125.0100889723,10
-1219902.3826179076,1760125.0100889723,10
-1219439.0699013802,1760125.0100889723,10
-1218975.7571848526,1760125.0100889723,10
-1218512.444468325,1760125.0100889723,10
-1218049.1317517976,1760125.0100889723,10
-1217585.81903527,1760125.0100889723,10
-1217122.5063187426,1760125.0100889723,10
-1216659.193602215,1760125.0100889723,10
-1216195.8808856877,1760125.0100889723,10
-1215732.56816916,1760125.0100889723,10
-1215269.2554526327,1760125.0100889723,10
-1214805.942736105,1760125.0100889723,10
-1214342.6300195777,1760125.0100889723,10
-1213879.31730305,1760125.0100889723,10
-1213416.0045865227,1760125.0100889723,10
-1212952.691869995,1760125.0100889723,10
-1212489.3791534677,1760125.0100889723,10
-1212026.06643694,1760125.0100889723,10
-1211562.7537204125,1760125.0100889723,10
-1211099.4410038851,1760125.0100889723,10
-1210636.1282873575,1760125.0100889723,10
-1210172.8155708301,1760125.0100889723,10
-1209709.5028543025,1760125.0100889723,10
-1209246.1901377751,1760125.0100889723,10
-1208782.8774212475,1760125.0100889723,10
-1208319.5647047202,1760125.0100889723,10
-1207856.2519881926,1760125.0100889723,10
-1207392.9392716652,1760125.0100889723,10
-1206929.6265551376,1760125.0100889723,10
-1206466.3138386102,1760125.0100889723,10
-1206003.0011220826,1760125.0100889723,10
-1205539.6884055552,1760125.0100889723,10
-1205076.3756890276,1760125.0100889723,10
-1204613.0629725,1760125.0100889723,10
-1204149.7502559726,1760125.0100889723,10
-1203686.4375394452,1760125.0100889723,10
-1203223.1248229176,1760125.0100889723,10
-1202759.81210639,1760125.0100889723,10
-1202296.4993898626,1760125.0100889723,10
-1201833.186673335,1760125.0100889723,10
-1201369.8739568077,1760125.0100889723,10
-1200906.56124028,1760125.0100889723,10
-1200443.2485237527,1760125.0100889723,10
-1199979.935807225,1760125.0100889723,10
-1199516.6230906977,1760125.0100889723,10
-1199053.31037417,1760125.0100889723,10
-1198589.9976576427,1760125.0100889723,10
-1198126.684941115,1760125.0100889723,10
-1197663.3722245875,1760125.0100889723,10
-1197200.05950806,1760125.0100889723,10
-1196736.7467915327,1760125.0100889723,10
-1196273.4340750051,1760125.0100889723,10
-1195810.1213584775,1760125.0100889723,10
-1195346.8086419501,1760125.0100889723,10
-1194883.4959254225,1760125.0100889723,10
-1194420.1832088951,1760125.0100889723,10
-1193956.8704923675,1760125.0100889723,10
-1193493.5577758402,1760125.0100889723,10
-1193030.2450593126,1760125.0100889723,10
-1192566.9323427852,1760125.0100889723,10
-1192103.6196262576,1760125.0100889723,10
-1191640.3069097302,1760125.0100889723,10
-1191176.9941932026,1760125.0100889723,10
-1190713.6814766752,1760125.0100889723,10
-1190250.3687601476,1760125.0100889723,10
-1189787.0560436202,1760125.0100889723,10
-1189323.7433270926,1760125.0100889723,10
-1188860.430610565,1760125.0100889723,10
-1188397.1178940376,1760125.0100889723,10
-1187933.80517751,1760125.0100889723,10
-1187470.4924609826,1760125.0100889723,10
-1187007.179744455,1760125.0100889723,10
-1186543.8670279277,1760125.0100889723,10
-1186080.5543114,1760125.0100889723,10
-1185617.2415948727,1760125.0100889723,10
-1185153.928878345,1760125.0100889723,10
-1184690.6161618177,1760125.0100889723,10
-1184227.30344529,1760125.0100889723,10
-1183763.9907287627,1760125.0100889723,10
-1183300.678012235,1760125.0100889723,10
-1182837.3652957077,1760125.0100889723,10
-1182374.05257918,1760125.0100889723,10
-1181910.7398626525,1760125.0100889723,10
-1181447.4271461251,1760125.0100889723,10
-1180984.1144295975,1760125.0100889723,10
-1180520.8017130701,1760125.0100889723,10
-1180057.4889965425,1760125.0100889723,10
-1179594.1762800151,1760125.0100889723,10
-1179130.8635634875,1760125.0100889723,10
-1178667.5508469602,1760125.0100889723,10
-1178204.2381304326,1760125.0100889723,10
-1177740.9254139052,1760125.0100889723,10
-1177277.6126973776,1760125.0100889723,10
-1176814.2999808502,1760125.0100889723,10
-1176350.9872643226,1760125.0100889723,10
-1175887.6745477952,1760125.0100889723,10
-1175424.3618312676,1760125.0100889723,10
-1174961.04911474,1760125.0100889723,10
-1174497.7363982126,1760125.0100889723,10
-1174034.4236816852,1760125.0100889723,10
-1173571.1109651576,1760125.0100889723,10
-1173107.79824863,1760125.0100889723,10
-1172644.4855321026,1760125.0100889723,10
-1172181.172815575,1760125.0100889723,10
-1171717.8600990477,1760125.0100889723,10
-1171254.54738252,1760125.0100889723,10
-1170791.2346659927,1760125.0100889723,10
-1170327.921949465,1760125.0100889723,10
-1169864.6092329377,1760125.0100889723,10
-1169401.29651641,1760125.0100889723,10
-1168937.9837998827,1760125.0100889723,10
-1168474.671083355,1760125.0100889723,10
-1168011.3583668275,1760125.0100889723,10
-1167548.0456503,1760125.0100889723,10
-1167084.7329337727,1760125.0100889723,10
-1166621.4202172451,1760125.0100889723,10
-1166158.1075007175,1760125.0100889723,10
-1165694.7947841901,1760125.0100889723,10
-1165231.4820676625,1760125.0100889723,10
-1164768.1693511351,1760125.0100889723,10
-1164304.8566346075,1760125.0100889723,10
-1163841.5439180802,1760125.0100889723,10
-1163378.2312015526,1760125.0100889723,10
-1162914.9184850252,1760125.0100889723,10
-1162451.6057684976,1760125.0100889723,10
-1161988.2930519702,1760125.0100889723,10
-1161524.9803354426,1760125.0100889723,10
-1161061.6676189152,1760125.0100889723,10
-1160598.3549023876,1760125.0100889723,10
-1160135.0421858602,1760125.0100889723,10
-1159671.7294693326,1760125.0100889723,10
-1159208.416752805,1760125.0100889723,10
-1158745.1040362776,1760125.0100889723,10
-1158281.79131975,1760125.0100889723,10
-1157818.4786032226,1760125.0100889723,10
-1157355.165886695,1760125.0100889723,10
-1156891.8531701677,1760125.0100889723,10
-1156428.54045364,1760125.0100889723,10
-1155965.2277371127,1760125.0100889723,10
-1155501.915020585,1760125.0100889723,10
-1155038.6023040577,1760125.0100889723,10
-1154575.28958753,1760125.0100889723,10
-1154111.9768710027,1760125.0100889723,10
-1153648.664154475,1760125.0100889723,10
-1153185.3514379477,1760125.0100889723,10
-1152722.03872142,1760125.0100889723,10
-1152258.7260048925,1760125.0100889723,10
-1151795.4132883651,1760125.0100889723,10
-1151332.1005718375,1760125.0100889723,10
-1150868.7878553101,1760125.0100889723,10
-1150405.4751387825,1760125.0100889723,10
-1149942.1624222551,1760125.0100889723,10
-1149478.8497057275,1760125.0100889723,10
-1149015.5369892002,1760125.0100889723,10
-1148552.2242726726,1760125.0100889723,10
-1148088.9115561452,1760125.0100889723,10
-1147625.5988396176,1760125.0100889723,10
-1147162.2861230902,1760125.0100889723,10
-1146698.9734065626,1760125.0100889723,10
-1146235.6606900352,1760125.0100889723,10
-1145772.3479735076,1760125.0100889723,10
-1145309.03525698,1760125.0100889723,10
-1144845.7225404526,1760125.0100889723,10
-1144382.4098239252,1760125.0100889723,10
-1143919.0971073976,1760125.0100889723,10
-1143455.78439087,1760125.0100889723,10
-1142992.4716743426,1760125.0100889723,10
-1142529.158957815,1760125.0100889723,10
-1142065.8462412877,1760125.0100889723,10
-1141602.53352476,1760125.0100889723,10
-1141139.2208082327,1760125.0100889723,10
-1140675.908091705,1760125.0100889723,10
-1140212.5953751777,1760125.0100889723,10
-1139749.28265865,1760125.0100889723,10
-1239824.8294285901,1759661.6973724447,10
-1239361.5167120625,1759661.6973724447,10
-1238898.2039955352,1759661.6973724447,10
-1238434.8912790075,1759661.6973724447,10
-1237971.5785624802,1759661.6973724447,10
-1237508.2658459526,1759661.6973724447,10
-1237044.9531294252,1759661.6973724447,10
-1236581.6404128976,1759661.6973724447,10
-1236118.3276963702,1759661.6973724447,10
-1235655.0149798426,1759661.6973724447,10
-1235191.7022633152,1759661.6973724447,10
-1234728.3895467876,1759661.6973724447,10
-1234265.07683026,1759661.6973724447,10
-1233801.7641137326,1759661.6973724447,10
-1233338.4513972052,1759661.6973724447,10
-1232875.1386806776,1759661.6973724447,10
-1232411.82596415,1759661.6973724447,10
-1231948.5132476226,1759661.6973724447,10
-1231485.200531095,1759661.6973724447,10
-1231021.8878145677,1759661.6973724447,10
-1230558.57509804,1759661.6973724447,10
-1230095.2623815127,1759661.6973724447,10
-1229631.949664985,1759661.6973724447,10
-1229168.6369484577,1759661.6973724447,10
-1228705.32423193,1759661.6973724447,10
-1228242.0115154027,1759661.6973724447,10
-1227778.698798875,1759661.6973724447,10
-1227315.3860823475,1759661.6973724447,10
-1226852.07336582,1759661.6973724447,10
-1226388.7606492927,1759661.6973724447,10
-1225925.4479327651,1759661.6973724447,10
-1225462.1352162375,1759661.6973724447,10
-1224998.8224997101,1759661.6973724447,10
-1224535.5097831825,1759661.6973724447,10
-1224072.1970666551,1759661.6973724447,10
-1223608.8843501275,1759661.6973724447,10
-1223145.5716336002,1759661.6973724447,10
-1222682.2589170726,1759661.6973724447,10
-1222218.9462005452,1759661.6973724447,10
-1221755.6334840176,1759661.6973724447,10
-1221292.3207674902,1759661.6973724447,10
-1220829.0080509626,1759661.6973724447,10
-1220365.6953344352,1759661.6973724447,10
-1219902.3826179076,1759661.6973724447,10
-1219439.0699013802,1759661.6973724447,10
-1218975.7571848526,1759661.6973724447,10
-1218512.444468325,1759661.6973724447,10
-1218049.1317517976,1759661.6973724447,10
-1217585.81903527,1759661.6973724447,10
-1217122.5063187426,1759661.6973724447,10
-1216659.193602215,1759661.6973724447,10
-1216195.8808856877,1759661.6973724447,10
-1215732.56816916,1759661.6973724447,10
-1215269.2554526327,1759661.6973724447,10
-1214805.942736105,1759661.6973724447,10
-1214342.6300195777,1759661.6973724447,10
-1213879.31730305,1759661.6973724447,10
-1213416.0045865227,1759661.6973724447,10
-1212952.691869995,1759661.6973724447,10
-1212489.3791534677,1759661.6973724447,10
-1212026.06643694,1759661.6973724447,10
-1211562.7537204125,1759661.6973724447,10
-1211099.4410038851,1759661.6973724447,10
-1210636.1282873575,1759661.6973724447,10
-1210172.8155708301,1759661.6973724447,10
-1209709.5028543025,1759661.6973724447,10
-1209246.1901377751,1759661.6973724447,10
-1208782.8774212475,1759661.6973724447,10
-1208319.5647047202,1759661.6973724447,10
-1207856.2519881926,1759661.6973724447,10
-1207392.9392716652,1759661.6973724447,10
-1206929.6265551376,1759661.6973724447,10
-1206466.3138386102,1759661.6973724447,10
-1206003.0011220826,1759661.6973724447,10
-1205539.6884055552,1759661.6973724447,10
-1205076.3756890276,1759661.6973724447,10
-1204613.0629725,1759661.6973724447,10
-1204149.7502559726,1759661.6973724447,10
-1203686.4375394452,1759661.6973724447,10
-1203223.1248229176,1759661.6973724447,10
-1202759.81210639,1759661.6973724447,10
-1202296.4993898626,1759661.6973724447,10
-1201833.186673335,1759661.6973724447,10
-1201369.8739568077,1759661.6973724447,10
-1200906.56124028,1759661.6973724447,10
-1200443.2485237527,1759661.6973724447,10
-1199979.935807225,1759661.6973724447,10
-1199516.6230906977,1759661.6973724447,10
-1199053.31037417,1759661.6973724447,10
-1198589.9976576427,1759661.6973724447,10
-1198126.684941115,1759661.6973724447,10
-1197663.3722245875,1759661.6973724447,10
-1197200.05950806,1759661.6973724447,10
-1196736.7467915327,1759661.6973724447,10
-1196273.4340750051,1759661.6973724447,10
-1195810.1213584775,1759661.6973724447,10
-1195346.8086419501,1759661.6973724447,10
-1194883.4959254225,1759661.6973724447,10
-1194420.1832088951,1759661.6973724447,10
-1193956.8704923675,1759661.6973724447,10
-1193493.5577758402,1759661.6973724447,10
-1193030.2450593126,1759661.6973724447,10
-1192566.9323427852,1759661.6973724447,10
-1192103.6196262576,1759661.6973724447,10
-1191640.3069097302,1759661.6973724447,10
-1191176.9941932026,1759661.6973724447,10
-1190713.6814766752,1759661.6973724447,10
-1190250.3687601476,1759661.6973724447,10
-1189787.0560436202,1759661.6973724447,10
-1189323.7433270926,1759661.6973724447,10
-1188860.430610565,1759661.6973724447,10
-1188397.1178940376,1759661.6973724447,10
-1187933.80517751,1759661.6973724447,10
-1187470.4924609826,1759661.6973724447,10
-1187007.179744455,1759661.6973724447,10
-1186543.8670279277,1759661.6973724447,10
-1186080.5543114,1759661.6973724447,10
-1185617.2415948727,1759661.6973724447,10
-1185153.928878345,1759661.6973724447,10
-1184690.6161618177,1759661.6973724447,10
-1184227.30344529,1759661.6973724447,10
-1183763.9907287627,1759661.6973724447,10
-1183300.678012235,1759661.6973724447,10
-1182837.3652957077,1759661.6973724447,10
-1182374.05257918,1759661.6973724447,10
-1181910.7398626525,1759661.6973724447,10
-1181447.4271461251,1759661.6973724447,10
-1180984.1144295975,1759661.6973724447,10
-1180520.8017130701,1759661.6973724447,10
-1180057.4889965425,1759661.6973724447,10
-1179594.1762800151,1759661.6973724447,10
-1179130.8635634875,1759661.6973724447,10
-1178667.5508469602,1759661.6973724447,10
-1178204.2381304326,1759661.6973724447,10
-1177740.9254139052,1759661.6973724447,10
-1177277.6126973776,1759661.6973724447,10
-1176814.2999808502,1759661.6973724447,10
-1176350.9872643226,1759661.6973724447,10
-1175887.6745477952,1759661.6973724447,10
-1175424.3618312676,1759661.6973724447,10
-1174961.04911474,1759661.6973724447,10
-1174497.7363982126,1759661.6973724447,10
-1174034.4236816852,1759661.6973724447,10
-1173571.1109651576,1759661.6973724447,10
-1173107.79824863,1759661.6973724447,10
-1172644.4855321026,1759661.6973724447,10
-1172181.172815575,1759661.6973724447,10
-1171717.8600990477,1759661.6973724447,10
-1171254.54738252,1759661.6973724447,10
-1170791.2346659927,1759661.6973724447,10
-1170327.921949465,1759661.6973724447,10
-1169864.6092329377,1759661.6973724447,10
-1169401.29651641,1759661.6973724447,10
-1168937.9837998827,1759661.6973724447,10
-1168474.671083355,1759661.6973724447,10
-1168011.3583668275,1759661.6973724447,10
-1167548.0456503,1759661.6973724447,10
-1167084.7329337727,1759661.6973724447,10
-1166621.4202172451,1759661.6973724447,10
-1166158.1075007175,1759661.6973724447,10
-1165694.7947841901,1759661.6973724447,10
-1165231.4820676625,1759661.6973724447,10
-1164768.1693511351,1759661.6973724447,10
-1164304.8566346075,1759661.6973724447,10
-1163841.5439180802,1759661.6973724447,10
-1163378.2312015526,1759661.6973724447,10
-1162914.9184850252,1759661.6973724447,10
-1162451.6057684976,1759661.6973724447,10
-1161988.2930519702,1759661.6973724447,10
-1161524.9803354426,1759661.6973724447,10
-1161061.6676189152,1759661.6973724447,10
-1160598.3549023876,1759661.6973724447,10
-1160135.0421858602,1759661.6973724447,10
-1159671.7294693326,1759661.6973724447,10
-1159208.416752805,1759661.6973724447,10
-1158745.1040362776,1759661.6973724447,10
-1158281.79131975,1759661.6973724447,10
-1157818.4786032226,1759661.6973724447,10
-1157355.165886695,1759661.6973724447,10
-1156891.8531701677,1759661.6973724447,10
-1156428.54045364,1759661.6973724447,10
-1155965.2277371127,1759661.6973724447,10
-1155501.915020585,1759661.6973724447,10
-1155038.6023040577,1759661.6973724447,10
-1154575.28958753,1759661.6973724447,10
-1154111.9768710027,1759661.6973724447,10
-1153648.664154475,1759661.6973724447,10
-1153185.3514379477,1759661.6973724447,10
-1152722.03872142,1759661.6973724447,10
-1152258.7260048925,1759661.6973724447,10
-1151795.4132883651,1759661.6973724447,10
-1151332.1005718375,1759661.6973724447,10
-1150868.7878553101,1759661.6973724447,10
-1150405.4751387825,1759661.6973724447,10
-1149942.1624222551,1759661.6973724447,10
-1149478.8497057275,1759661.6973724447,10
-1149015.5369892002,1759661.6973724447,10
-1148552.2242726726,1759661.6973724447,10
-1148088.9115561452,1759661.6973724447,10
-1147625.5988396176,1759661.6973724447,10
-1147162.2861230902,1759661.6973724447,10
-1146698.9734065626,1759661.6973724447,10
-1146235.6606900352,1759661.6973724447,10
-1145772.3479735076,1759661.6973724447,10
-1145309.03525698,1759661.6973724447,10
-1144845.7225404526,1759661.6973724447,10
-1144382.4098239252,1759661.6973724447,10
-1143919.0971073976,1759661.6973724447,10
-1143455.78439087,1759661.6973724447,10
-1142992.4716743426,1759661.6973724447,10
-1142529.158957815,1759661.6973724447,10
-1142065.8462412877,1759661.6973724447,10
-1141602.53352476,1759661.6973724447,10
-1141139.2208082327,1759661.6973724447,10
-1140675.908091705,1759661.6973724447,10
-1140212.5953751777,1759661.6973724447,10
-1139749.28265865,1759661.6973724447,10
-1240288.1421451175,1759198.384655917,10
-1239824.8294285901,1759198.384655917,10
-1239361.5167120625,1759198.384655917,10
-1238898.2039955352,1759198.384655917,10
-1238434.8912790075,1759198.384655917,10
-1237971.5785624802,1759198.384655917,10
-1237508.2658459526,1759198.384655917,10
-1237044.9531294252,1759198.384655917,10
-1236581.6404128976,1759198.384655917,10
-1236118.3276963702,1759198.384655917,10
-1235655.0149798426,1759198.384655917,10
-1235191.7022633152,1759198.384655917,10
-1234728.3895467876,1759198.384655917,10
-1234265.07683026,1759198.384655917,10
-1233801.7641137326,1759198.384655917,10
-1233338.4513972052,1759198.384655917,10
-1232875.1386806776,1759198.384655917,10
-1232411.82596415,1759198.384655917,10
-1231948.5132476226,1759198.384655917,10
-1231485.200531095,1759198.384655917,10
-1231021.8878145677,1759198.384655917,10
-1230558.57509804,1759198.384655917,10
-1230095.2623815127,1759198.384655917,10
-1229631.949664985,1759198.384655917,10
-1229168.6369484577,1759198.384655917,10
-1228705.32423193,1759198.384655917,10
-1228242.0115154027,1759198.384655917,10
-1227778.698798875,1759198.384655917,10
-1227315.3860823475,1759198.384655917,10
-1226852.07336582,1759198.384655917,10
-1226388.7606492927,1759198.384655917,10
-1225925.4479327651,1759198.384655917,10
-1225462.1352162375,1759198.384655917,10
-1224998.8224997101,1759198.384655917,10
-1224535.5097831825,1759198.384655917,10
-1224072.1970666551,1759198.384655917,10
-1223608.8843501275,1759198.384655917,10
-1223145.5716336002,1759198.384655917,10
-1222682.2589170726,1759198.384655917,10
-1222218.9462005452,1759198.384655917,10
-1221755.6334840176,1759198.384655917,10
-1221292.3207674902,1759198.384655917,10
-1220829.0080509626,1759198.384655917,10
-1220365.6953344352,1759198.384655917,10
-1219902.3826179076,1759198.384655917,10
-1219439.0699013802,1759198.384655917,10
-1218975.7571848526,1759198.384655917,10
-1218512.444468325,1759198.384655917,10
-1218049.1317517976,1759198.384655917,10
-1217585.81903527,1759198.384655917,10
-1217122.5063187426,1759198.384655917,10
-1216659.193602215,1759198.384655917,10
-1216195.8808856877,1759198.384655917,10
-1215732.56816916,1759198.384655917,10
-1215269.2554526327,1759198.384655917,10
-1214805.942736105,1759198.384655917,10
-1214342.6300195777,1759198.384655917,10
-1213879.31730305,1759198.384655917,10
-1213416.0045865227,1759198.384655917,10
-1212952.691869995,1759198.384655917,10
-1212489.3791534677,1759198.384655917,10
-1212026.06643694,1759198.384655917,10
-1211562.7537204125,1759198.384655917,10
-1211099.4410038851,1759198.384655917,10
-1210636.1282873575,1759198.384655917,10
-1210172.8155708301,1759198.384655917,10
-1209709.5028543025,1759198.384655917,10
-1209246.1901377751,1759198.384655917,10
-1208782.8774212475,1759198.384655917,10
-1208319.5647047202,1759198.384655917,10
-1207856.2519881926,1759198.384655917,10
-1207392.9392716652,1759198.384655917,10
-1206929.6265551376,1759198.384655917,10
-1206466.3138386102,1759198.384655917,10
-1206003.0011220826,1759198.384655917,10
-1205539.6884055552,1759198.384655917,10
-1205076.3756890276,1759198.384655917,10
-1204613.0629725,1759198.384655917,10
-1204149.7502559726,1759198.384655917,10
-1203686.4375394452,1759198.384655917,10
-1203223.1248229176,1759198.384655917,10
-1202759.81210639,1759198.384655917,10
-1202296.4993898626,1759198.384655917,10
-1201833.186673335,1759198.384655917,10
-1201369.8739568077,1759198.384655917,10
-1200906.56124028,1759198.384655917,10
-1200443.2485237527,1759198.384655917,10
-1199979.935807225,1759198.384655917,10
-1199516.6230906977,1759198.384655917,10
-1199053.31037417,1759198.384655917,10
-1198589.9976576427,1759198.384655917,10
-1198126.684941115,1759198.384655917,10
-1197663.3722245875,1759198.384655917,10
-1197200.05950806,1759198.384655917,10
-1196736.7467915327,1759198.384655917,10
-1196273.4340750051,1759198.384655917,10
-1195810.1213584775,1759198.384655917,10
-1195346.8086419501,1759198.384655917,10
-1194883.4959254225,1759198.384655917,10
-1194420.1832088951,1759198.384655917,10
-1193956.8704923675,1759198.384655917,10
-1193493.5577758402,1759198.384655917,10
-1193030.2450593126,1759198.384655917,10
-1192566.9323427852,1759198.384655917,10
-1192103.6196262576,1759198.384655917,10
-1191640.3069097302,1759198.384655917,10
-1191176.9941932026,1759198.384655917,10
-1190713.6814766752,1759198.384655917,10
-1190250.3687601476,1759198.384655917,10
-1189787.0560436202,1759198.384655917,10
-1189323.7433270926,1759198.384655917,10
-1188860.430610565,1759198.384655917,10
-1188397.1178940376,1759198.384655917,10
-1187933.80517751,1759198.384655917,10
-1187470.4924609826,1759198.384655917,10
-1187007.179744455,1759198.384655917,10
-1186543.8670279277,1759198.384655917,10
-1186080.5543114,1759198.384655917,10
-1185617.2415948727,1759198.384655917,10
-1185153.928878345,1759198.384655917,10
-1184690.6161618177,1759198.384655917,10
-1184227.30344529,1759198.384655917,10
-1183763.9907287627,1759198.384655917,10
-1183300.678012235,1759198.384655917,10
-1182837.3652957077,1759198.384655917,10
-1182374.05257918,1759198.384655917,10
-1181910.7398626525,1759198.384655917,10
-1181447.4271461251,1759198.384655917,10
-1180984.1144295975,1759198.384655917,10
-1180520.8017130701,1759198.384655917,10
-1180057.4889965425,1759198.384655917,10
-1179594.1762800151,1759198.384655917,10
-1179130.8635634875,1759198.384655917,10
-1178667.5508469602,1759198.384655917,10
-1178204.2381304326,1759198.384655917,10
-1177740.9254139052,1759198.384655917,10
-1177277.6126973776,1759198.384655917,10
-1176814.2999808502,1759198.384655917,10
-1176350.9872643226,1759198.384655917,10
-1175887.6745477952,1759198.384655917,10
-1175424.3618312676,1759198.384655917,10
-1174961.04911474,1759198.384655917,10
-1174497.7363982126,1759198.384655917,10
-1174034.4236816852,1759198.384655917,10
-1173571.1109651576,1759198.384655917,10
-1173107.79824863,1759198.384655917,10
-1172644.4855321026,1759198.384655917,10
-1172181.172815575,1759198.384655917,10
-1171717.8600990477,1759198.384655917,10
-1171254.54738252,1759198.384655917,10
-1170791.2346659927,1759198.384655917,10
-1170327.921949465,1759198.384655917,10
-1169864.6092329377,1759198.384655917,10
-1169401.29651641,1759198.384655917,10
-1168937.9837998827,1759198.384655917,10
-1168474.671083355,1759198.384655917,10
-1168011.3583668275,1759198.384655917,10
-1167548.0456503,1759198.384655917,10
-1167084.7329337727,1759198.384655917,10
-1166621.4202172451,1759198.384655917,10
-1166158.1075007175,1759198.384655917,10
-1165694.7947841901,1759198.384655917,10
-1165231.4820676625,1759198.384655917,10
-1164768.1693511351,1759198.384655917,10
-1164304.8566346075,1759198.384655917,10
-1163841.5439180802,1759198.384655917,10
-1163378.2312015526,1759198.384655917,10
-1162914.9184850252,1759198.384655917,10
-1162451.6057684976,1759198.384655917,10
-1161988.2930519702,1759198.384655917,10
-1161524.9803354426,1759198.384655917,10
-1161061.6676189152,1759198.384655917,10
-1160598.3549023876,1759198.384655917,10
-1160135.0421858602,1759198.384655917,10
-1159671.7294693326,1759198.384655917,10
-1159208.416752805,1759198.384655917,10
-1158745.1040362776,1759198.384655917,10
-1158281.79131975,1759198.384655917,10
-1157818.4786032226,1759198.384655917,10
-1157355.165886695,1759198.384655917,10
-1156891.8531701677,1759198.384655917,10
-1156428.54045364,1759198.384655917,10
-1155965.2277371127,1759198.384655917,10
-1155501.915020585,1759198.384655917,10
-1155038.6023040577,1759198.384655917,10
-1154575.28958753,1759198.384655917,10
-1154111.9768710027,1759198.384655917,10
-1153648.664154475,1759198.384655917,10
-1153185.3514379477,1759198.384655917,10
-1152722.03872142,1759198.384655917,10
-1152258.7260048925,1759198.384655917,10
-1151795.4132883651,1759198.384655917,10
-1151332.1005718375,1759198.384655917,10
-1150868.7878553101,1759198.384655917,10
-1150405.4751387825,1759198.384655917,10
-1149942.1624222551,1759198.384655917,10
-1149478.8497057275,1759198.384655917,10
-1149015.5369892002,1759198.384655917,10
-1148552.2242726726,1759198.384655917,10
-1148088.9115561452,1759198.384655917,10
-1147625.5988396176,1759198.384655917,10
-1147162.2861230902,1759198.384655917,10
-1146698.9734065626,1759198.384655917,10
-1146235.6606900352,1759198.384655917,10
-1145772.3479735076,1759198.384655917,10
-1145309.03525698,1759198.384655917,10
-1144845.7225404526,1759198.384655917,10
-1144382.4098239252,1759198.384655917,10
-1143919.0971073976,1759198.384655917,10
-1143455.78439087,1759198.384655917,10
-1142992.4716743426,1759198.384655917,10
-1142529.158957815,1759198.384655917,10
-1142065.8462412877,1759198.384655917,10
-1141602.53352476,1759198.384655917,10
-1141139.2208082327,1759198.384655917,10
-1140675.908091705,1759198.384655917,10
-1140212.5953751777,1759198.384655917,10
-1139749.28265865,1759198.384655917,10
-1240288.1421451175,1758735.0719393897,10
-1239824.8294285901,1758735.0719393897,10
-1239361.5167120625,1758735.0719393897,10
-1238898.2039955352,1758735.0719393897,10
-1238434.8912790075,1758735.0719393897,10
-1237971.5785624802,1758735.0719393897,10
-1237508.2658459526,1758735.0719393897,10
-1237044.9531294252,1758735.0719393897,10
-1236581.6404128976,1758735.0719393897,10
-1236118.3276963702,1758735.0719393897,10
-1235655.0149798426,1758735.0719393897,10
-1235191.7022633152,1758735.0719393897,10
-1234728.3895467876,1758735.0719393897,10
-1234265.07683026,1758735.0719393897,10
-1233801.7641137326,1758735.0719393897,10
-1233338.4513972052,1758735.0719393897,10
-1232875.1386806776,1758735.0719393897,10
-1232411.82596415,1758735.0719393897,10
-1231948.5132476226,1758735.0719393897,10
-1231485.200531095,1758735.0719393897,10
-1231021.8878145677,1758735.0719393897,10
-1230558.57509804,1758735.0719393897,10
-1230095.2623815127,1758735.0719393897,10
-1229631.949664985,1758735.0719393897,10
-1229168.6369484577,1758735.0719393897,10
-1228705.32423193,1758735.0719393897,10
-1228242.0115154027,1758735.0719393897,10
-1227778.698798875,1758735.0719393897,10
-1227315.3860823475,1758735.0719393897,10
-1226852.07336582,1758735.0719393897,10
-1226388.7606492927,1758735.0719393897,10
-1225925.4479327651,1758735.0719393897,10
-1225462.1352162375,1758735.0719393897,10
-1224998.8224997101,1758735.0719393897,10
-1224535.5097831825,1758735.0719393897,10
-1224072.1970666551,1758735.0719393897,10
-1223608.8843501275,1758735.0719393897,10
-1223145.5716336002,1758735.0719393897,10
-1222682.2589170726,1758735.0719393897,10
-1222218.9462005452,1758735.0719393897,10
-1221755.6334840176,1758735.0719393897,10
-1221292.3207674902,1758735.0719393897,10
-1220829.0080509626,1758735.0719393897,10
-1220365.6953344352,1758735.0719393897,10
-1219902.3826179076,1758735.0719393897,10
-1219439.0699013802,1758735.0719393897,10
-1218975.7571848526,1758735.0719393897,10
-1218512.444468325,1758735.0719393897,10
-1218049.1317517976,1758735.0719393897,10
-1217585.81903527,1758735.0719393897,10
-1217122.5063187426,1758735.0719393897,10
-1216659.193602215,1758735.0719393897,10
-1216195.8808856877,1758735.0719393897,10
-1215732.56816916,1758735.0719393897,10
-1215269.2554526327,1758735.0719393897,10
-1214805.942736105,1758735.0719393897,10
-1214342.6300195777,1758735.0719393897,10
-1213879.31730305,1758735.0719393897,10
-1213416.0045865227,1758735.0719393897,10
-1212952.691869995,1758735.0719393897,10
-1212489.3791534677,1758735.0719393897,10
-1212026.06643694,1758735.0719393897,10
-1211562.7537204125,1758735.0719393897,10
-1211099.4410038851,1758735.0719393897,10
-1210636.1282873575,1758735.0719393897,10
-1210172.8155708301,1758735.0719393897,10
-1209709.5028543025,1758735.0719393897,10
-1209246.1901377751,1758735.0719393897,10
-1208782.8774212475,1758735.0719393897,10
-1208319.5647047202,1758735.0719393897,10
-1207856.2519881926,1758735.0719393897,10
-1207392.9392716652,1758735.0719393897,10
-1206929.6265551376,1758735.0719393897,10
-1206466.3138386102,1758735.0719393897,10
-1206003.0011220826,1758735.0719393897,10
-1205539.6884055552,1758735.0719393897,10
-1205076.3756890276,1758735.0719393897,10
-1204613.0629725,1758735.0719393897,10
-1204149.7502559726,1758735.0719393897,10
-1203686.4375394452,1758735.0719393897,10
-1203223.1248229176,1758735.0719393897,10
-1202759.81210639,1758735.0719393897,10
-1202296.4993898626,1758735.0719393897,10
-1201833.186673335,1758735.0719393897,10
-1201369.8739568077,1758735.0719393897,10
-1200906.56124028,1758735.0719393897,10
-1200443.2485237527,1758735.0719393897,10
-1199979.935807225,1758735.0719393897,10
-1199516.6230906977,1758735.0719393897,10
-1199053.31037417,1758735.0719393897,10
-1198589.9976576427,1758735.0719393897,10
-1198126.684941115,1758735.0719393897,10
-1197663.3722245875,1758735.0719393897,10
-1197200.05950806,1758735.0719393897,10
-1196736.7467915327,1758735.0719393897,10
-1196273.4340750051,1758735.0719393897,10
-1195810.1213584775,1758735.0719393897,10
-1195346.8086419501,1758735.0719393897,10
-1194883.4959254225,1758735.0719393897,10
-1194420.1832088951,1758735.0719393897,10
-1193956.8704923675,1758735.0719393897,10
-1193493.5577758402,1758735.0719393897,10
-1193030.2450593126,1758735.0719393897,10
-1192566.9323427852,1758735.0719393897,10
-1192103.6196262576,1758735.0719393897,10
-1191640.3069097302,1758735.0719393897,10
-1191176.9941932026,1758735.0719393897,10
-1190713.6814766752,1758735.0719393897,10
-1190250.3687601476,1758735.0719393897,10
-1189787.0560436202,1758735.0719393897,10
-1189323.7433270926,1758735.0719393897,10
-1188860.430610565,1758735.0719393897,10
-1188397.1178940376,1758735.0719393897,10
-1187933.80517751,1758735.0719393897,10
-1187470.4924609826,1758735.0719393897,10
-1187007.179744455,1758735.0719393897,10
-1186543.8670279277,1758735.0719393897,10
-1186080.5543114,1758735.0719393897,10
-1185617.2415948727,1758735.0719393897,10
-1185153.928878345,1758735.0719393897,10
-1184690.6161618177,1758735.0719393897,10
-1184227.30344529,1758735.0719393897,10
-1183763.9907287627,1758735.0719393897,10
-1183300.678012235,1758735.0719393897,10
-1182837.3652957077,1758735.0719393897,10
-1182374.05257918,1758735.0719393897,10
-1181910.7398626525,1758735.0719393897,10
-1181447.4271461251,1758735.0719393897,10
-1180984.1144295975,1758735.0719393897,10
-1180520.8017130701,1758735.0719393897,10
-1180057.4889965425,1758735.0719393897,10
-1179594.1762800151,1758735.0719393897,10
-1179130.8635634875,1758735.0719393897,10
-1178667.5508469602,1758735.0719393897,10
-1178204.2381304326,1758735.0719393897,10
-1177740.9254139052,1758735.0719393897,10
-1177277.6126973776,1758735.0719393897,10
-1176814.2999808502,1758735.0719393897,10
-1176350.9872643226,1758735.0719393897,10
-1175887.6745477952,1758735.0719393897,10
-1175424.3618312676,1758735.0719393897,10
-1174961.04911474,1758735.0719393897,10
-1174497.7363982126,1758735.0719393897,10
-1174034.4236816852,1758735.0719393897,10
-1173571.1109651576,1758735.0719393897,10
-1173107.79824863,1758735.0719393897,10
-1172644.4855321026,1758735.0719393897,10
-1172181.172815575,1758735.0719393897,10
-1171717.8600990477,1758735.0719393897,10
-1171254.54738252,1758735.0719393897,10
-1170791.2346659927,1758735.0719393897,10
-1170327.921949465,1758735.0719393897,10
-1169864.6092329377,1758735.0719393897,10
-1169401.29651641,1758735.0719393897,10
-1168937.9837998827,1758735.0719393897,10
-1168474.671083355,1758735.0719393897,10
-1168011.3583668275,1758735.0719393897,10
-1167548.0456503,1758735.0719393897,10
-1167084.7329337727,1758735.0719393897,10
-1166621.4202172451,1758735.0719393897,10
-1166158.1075007175,1758735.0719393897,10
-1165694.7947841901,1758735.0719393897,10
-1165231.4820676625,1758735.0719393897,10
-1164768.1693511351,1758735.0719393897,10
-1164304.8566346075,1758735.0719393897,10
-1163841.5439180802,1758735.0719393897,10
-1163378.2312015526,1758735.0719393897,10
-1162914.9184850252,1758735.0719393897,10
-1162451.6057684976,1758735.0719393897,10
-1161988.2930519702,1758735.0719393897,10
-1161524.9803354426,1758735.0719393897,7
-1161061.6676189152,1758735.0719393897,10
-1160598.3549023876,1758735.0719393897,10
-1160135.0421858602,1758735.0719393897,7
-1159671.7294693326,1758735.0719393897,10
-1159208.416752805,1758735.0719393897,10
-1158745.1040362776,1758735.0719393897,10
-1158281.79131975,1758735.0719393897,10
-1157818.4786032226,1758735.0719393897,10
-1157355.165886695,1758735.0719393897,10
-1156891.8531701677,1758735.0719393897,10
-1156428.54045364,1758735.0719393897,10
-1155965.2277371127,1758735.0719393897,10
-1155501.915020585,1758735.0719393897,10
-1155038.6023040577,1758735.0719393897,10
-1154575.28958753,1758735.0719393897,10
-1154111.9768710027,1758735.0719393897,10
-1153648.664154475,1758735.0719393897,10
-1153185.3514379477,1758735.0719393897,10
-1152722.03872142,1758735.0719393897,10
-1152258.7260048925,1758735.0719393897,10
-1151795.4132883651,1758735.0719393897,10
-1151332.1005718375,1758735.0719393897,10
-1150868.7878553101,1758735.0719393897,10
-1150405.4751387825,1758735.0719393897,10
-1149942.1624222551,1758735.0719393897,10
-1149478.8497057275,1758735.0719393897,10
-1149015.5369892002,1758735.0719393897,10
-1148552.2242726726,1758735.0719393897,10
-1148088.9115561452,1758735.0719393897,10
-1147625.5988396176,1758735.0719393897,10
-1147162.2861230902,1758735.0719393897,10
-1146698.9734065626,1758735.0719393897,10
-1146235.6606900352,1758735.0719393897,10
-1145772.3479735076,1758735.0719393897,10
-1145309.03525698,1758735.0719393897,10
-1144845.7225404526,1758735.0719393897,10
-1144382.4098239252,1758735.0719393897,10
-1143919.0971073976,1758735.0719393897,10
-1143455.78439087,1758735.0719393897,10
-1142992.4716743426,1758735.0719393897,10
-1142529.158957815,1758735.0719393897,10
-1142065.8462412877,1758735.0719393897,10
-1141602.53352476,1758735.0719393897,10
-1141139.2208082327,1758735.0719393897,10
-1140675.908091705,1758735.0719393897,10
-1140212.5953751777,1758735.0719393897,10
-1139749.28265865,1758735.0719393897,10
-1139285.9699421227,1758735.0719393897,10
-1240751.4548616451,1758271.7592228623,10
-1240288.1421451175,1758271.7592228623,10
-1239824.8294285901,1758271.7592228623,10
-1239361.5167120625,1758271.7592228623,10
-1238898.2039955352,1758271.7592228623,10
-1238434.8912790075,1758271.7592228623,10
-1237971.5785624802,1758271.7592228623,10
-1237508.2658459526,1758271.7592228623,10
-1237044.9531294252,1758271.7592228623,10
-1236581.6404128976,1758271.7592228623,10
-1236118.3276963702,1758271.7592228623,10
-1235655.0149798426,1758271.7592228623,10
-1235191.7022633152,1758271.7592228623,10
-1234728.3895467876,1758271.7592228623,10
-1234265.07683026,1758271.7592228623,10
-1233801.7641137326,1758271.7592228623,10
-1233338.4513972052,1758271.7592228623,10
-1232875.1386806776,1758271.7592228623,10
-1232411.82596415,1758271.7592228623,10
-1231948.5132476226,1758271.7592228623,10
-1231485.200531095,1758271.7592228623,10
-1231021.8878145677,1758271.7592228623,10
-1230558.57509804,1758271.7592228623,10
-1230095.2623815127,1758271.7592228623,10
-1229631.949664985,1758271.7592228623,10
-1229168.6369484577,1758271.7592228623,10
-1228705.32423193,1758271.7592228623,10
-1228242.0115154027,1758271.7592228623,10
-1227778.698798875,1758271.7592228623,10
-1227315.3860823475,1758271.7592228623,10
-1226852.07336582,1758271.7592228623,10
-1226388.7606492927,1758271.7592228623,10
-1225925.4479327651,1758271.7592228623,10
-1225462.1352162375,1758271.7592228623,10
-1224998.8224997101,1758271.7592228623,10
-1224535.5097831825,1758271.7592228623,10
-1224072.1970666551,1758271.7592228623,10
-1223608.8843501275,1758271.7592228623,10
-1223145.5716336002,1758271.7592228623,10
-1222682.2589170726,1758271.7592228623,10
-1222218.9462005452,1758271.7592228623,10
-1221755.6334840176,1758271.7592228623,10
-1221292.3207674902,1758271.7592228623,10
-1220829.0080509626,1758271.7592228623,10
-1220365.6953344352,1758271.7592228623,10
-1219902.3826179076,1758271.7592228623,10
-1219439.0699013802,1758271.7592228623,10
-1218975.7571848526,1758271.7592228623,10
-1218512.444468325,1758271.7592228623,10
-1218049.1317517976,1758271.7592228623,10
-1217585.81903527,1758271.7592228623,10
-1217122.5063187426,1758271.7592228623,10
-1216659.193602215,1758271.7592228623,10
-1216195.8808856877,1758271.7592228623,10
-1215732.56816916,1758271.7592228623,10
-1215269.2554526327,1758271.7592228623,10
-1214805.942736105,1758271.7592228623,10
-1214342.6300195777,1758271.7592228623,10
-1213879.31730305,1758271.7592228623,10
-1213416.0045865227,1758271.7592228623,10
-1212952.691869995,1758271.7592228623,10
-1212489.3791534677,1758271.7592228623,10
-1212026.06643694,1758271.7592228623,10
-1211562.7537204125,1758271.7592228623,10
-1211099.4410038851,1758271.7592228623,10
-1210636.1282873575,1758271.7592228623,10
-1210172.8155708301,1758271.7592228623,10
-1209709.5028543025,1758271.7592228623,10
-1209246.1901377751,1758271.7592228623,10
-1208782.8774212475,1758271.7592228623,10
-1208319.5647047202,1758271.7592228623,10
-1207856.2519881926,1758271.7592228623,10
-1207392.9392716652,1758271.7592228623,10
-1206929.6265551376,1758271.7592228623,10
-1206466.3138386102,1758271.7592228623,10
-1206003.0011220826,1758271.7592228623,10
-1205539.6884055552,1758271.7592228623,10
-1205076.3756890276,1758271.7592228623,10
-1204613.0629725,1758271.7592228623,10
-1204149.7502559726,1758271.7592228623,10
-1203686.4375394452,1758271.7592228623,10
-1203223.1248229176,1758271.7592228623,10
-1202759.81210639,1758271.7592228623,10
-1202296.4993898626,1758271.7592228623,10
-1201833.186673335,1758271.7592228623,10
-1201369.8739568077,1758271.7592228623,10
-1200906.56124028,1758271.7592228623,10
-1200443.2485237527,1758271.7592228623,10
-1199979.935807225,1758271.7592228623,10
-1199516.6230906977,1758271.7592228623,10
-1199053.31037417,1758271.7592228623,10
-1198589.9976576427,1758271.7592228623,10
-1198126.684941115,1758271.7592228623,10
-1197663.3722245875,1758271.7592228623,10
-1197200.05950806,1758271.7592228623,10
-1196736.7467915327,1758271.7592228623,10
-1196273.4340750051,1758271.7592228623,10
-1195810.1213584775,1758271.7592228623,10
-1195346.8086419501,1758271.7592228623,10
-1194883.4959254225,1758271.7592228623,10
-1194420.1832088951,1758271.7592228623,10
-1193956.8704923675,1758271.7592228623,10
-1193493.5577758402,1758271.7592228623,10
-1193030.2450593126,1758271.7592228623,10
-1192566.9323427852,1758271.7592228623,10
-1192103.6196262576,1758271.7592228623,10
-1191640.3069097302,1758271.7592228623,10
-1191176.9941932026,1758271.7592228623,10
-1190713.6814766752,1758271.7592228623,10
-1190250.3687601476,1758271.7592228623,10
-1189787.0560436202,1758271.7592228623,10
-1189323.7433270926,1758271.7592228623,10
-1188860.430610565,1758271.7592228623,10
-1188397.1178940376,1758271.7592228623,10
-1187933.80517751,1758271.7592228623,10
-1187470.4924609826,1758271.7592228623,10
-1187007.179744455,1758271.7592228623,10
-1186543.8670279277,1758271.7592228623,10
-1186080.5543114,1758271.7592228623,10
-1185617.2415948727,1758271.7592228623,10
-1185153.928878345,1758271.7592228623,10
-1184690.6161618177,1758271.7592228623,10
-1184227.30344529,1758271.7592228623,10
-1183763.9907287627,1758271.7592228623,10
-1183300.678012235,1758271.7592228623,10
-1182837.3652957077,1758271.7592228623,10
-1182374.05257918,1758271.7592228623,10
-1181910.7398626525,1758271.7592228623,10
-1181447.4271461251,1758271.7592228623,10
-1180984.1144295975,1758271.7592228623,10
-1180520.8017130701,1758271.7592228623,10
-1180057.4889965425,1758271.7592228623,10
-1179594.1762800151,1758271.7592228623,10
-1179130.8635634875,1758271.7592228623,10
-1178667.5508469602,1758271.7592228623,10
-1178204.2381304326,1758271.7592228623,10
-1177740.9254139052,1758271.7592228623,10
-1177277.6126973776,1758271.7592228623,10
-1176814.2999808502,1758271.7592228623,10
-1176350.9872643226,1758271.7592228623,10
-1175887.6745477952,1758271.7592228623,10
-1175424.3618312676,1758271.7592228623,10
-1174961.04911474,1758271.7592228623,10
-1174497.7363982126,1758271.7592228623,10
-1174034.4236816852,1758271.7592228623,10
-1173571.1109651576,1758271.7592228623,10
-1173107.79824863,1758271.7592228623,10
-1172644.4855321026,1758271.7592228623,10
-1172181.172815575,1758271.7592228623,10
-1171717.8600990477,1758271.7592228623,10
-1171254.54738252,1758271.7592228623,10
-1170791.2346659927,1758271.7592228623,10
-1170327.921949465,1758271.7592228623,10
-1169864.6092329377,1758271.7592228623,10
-1169401.29651641,1758271.7592228623,10
-1168937.9837998827,1758271.7592228623,10
-1168474.671083355,1758271.7592228623,10
-1168011.3583668275,1758271.7592228623,10
-1167548.0456503,1758271.7592228623,10
-1167084.7329337727,1758271.7592228623,10
-1166621.4202172451,1758271.7592228623,10
-1166158.1075007175,1758271.7592228623,10
-1165694.7947841901,1758271.7592228623,10
-1165231.4820676625,1758271.7592228623,10
-1164768.1693511351,1758271.7592228623,10
-1164304.8566346075,1758271.7592228623,10
-1163841.5439180802,1758271.7592228623,10
-1163378.2312015526,1758271.7592228623,10
-1162914.9184850252,1758271.7592228623,10
-1162451.6057684976,1758271.7592228623,10
-1161988.2930519702,1758271.7592228623,10
-1161524.9803354426,1758271.7592228623,10
-1161061.6676189152,1758271.7592228623,7
-1160598.3549023876,1758271.7592228623,7
-1160135.0421858602,1758271.7592228623,7
-1159671.7294693326,1758271.7592228623,7
-1159208.416752805,1758271.7592228623,10
-1158745.1040362776,1758271.7592228623,10
-1158281.79131975,1758271.7592228623,10
-1157818.4786032226,1758271.7592228623,7
-1157355.165886695,1758271.7592228623,7
-1156891.8531701677,1758271.7592228623,7
-1156428.54045364,1758271.7592228623,10
-1155965.2277371127,1758271.7592228623,10
-1155501.915020585,1758271.7592228623,10
-1155038.6023040577,1758271.7592228623,10
-1154575.28958753,1758271.7592228623,10
-1154111.9768710027,1758271.7592228623,10
-1153648.664154475,1758271.7592228623,10
-1153185.3514379477,1758271.7592228623,10
-1152722.03872142,1758271.7592228623,10
-1152258.7260048925,1758271.7592228623,10
-1151795.4132883651,1758271.7592228623,10
-1151332.1005718375,1758271.7592228623,10
-1150868.7878553101,1758271.7592228623,10
-1150405.4751387825,1758271.7592228623,10
-1149942.1624222551,1758271.7592228623,10
-1149478.8497057275,1758271.7592228623,10
-1149015.5369892002,1758271.7592228623,10
-1148552.2242726726,1758271.7592228623,10
-1148088.9115561452,1758271.7592228623,10
-1147625.5988396176,1758271.7592228623,10
-1147162.2861230902,1758271.7592228623,10
-1146698.9734065626,1758271.7592228623,10
-1146235.6606900352,1758271.7592228623,10
-1145772.3479735076,1758271.7592228623,10
-1145309.03525698,1758271.7592228623,10
-1144845.7225404526,1758271.7592228623,10
-1144382.4098239252,1758271.7592228623,10
-1143919.0971073976,1758271.7592228623,10
-1143455.78439087,1758271.7592228623,10
-1142992.4716743426,1758271.7592228623,10
-1142529.158957815,1758271.7592228623,10
-1142065.8462412877,1758271.7592228623,10
-1141602.53352476,1758271.7592228623,10
-1141139.2208082327,1758271.7592228623,10
-1140675.908091705,1758271.7592228623,10
-1140212.5953751777,1758271.7592228623,10
-1139749.28265865,1758271.7592228623,10
-1139285.9699421227,1758271.7592228623,10
-1240751.4548616451,1757808.4465063347,10
-1240288.1421451175,1757808.4465063347,10
-1239824.8294285901,1757808.4465063347,10
-1239361.5167120625,1757808.4465063347,10
-1238898.2039955352,1757808.4465063347,10
-1238434.8912790075,1757808.4465063347,10
-1237971.5785624802,1757808.4465063347,10
-1237508.2658459526,1757808.4465063347,10
-1237044.9531294252,1757808.4465063347,10
-1236581.6404128976,1757808.4465063347,10
-1236118.3276963702,1757808.4465063347,10
-1235655.0149798426,1757808.4465063347,10
-1235191.7022633152,1757808.4465063347,10
-1234728.3895467876,1757808.4465063347,10
-1234265.07683026,1757808.4465063347,10
-1233801.7641137326,1757808.4465063347,10
-1233338.4513972052,1757808.4465063347,10
-1232875.1386806776,1757808.4465063347,10
-1232411.82596415,1757808.4465063347,10
-1231948.5132476226,1757808.4465063347,10
-1231485.200531095,1757808.4465063347,10
-1231021.8878145677,1757808.4465063347,10
-1230558.57509804,1757808.4465063347,10
-1230095.2623815127,1757808.4465063347,10
-1229631.949664985,1757808.4465063347,10
-1229168.6369484577,1757808.4465063347,10
-1228705.32423193,1757808.4465063347,10
-1228242.0115154027,1757808.4465063347,10
-1227778.698798875,1757808.4465063347,10
-1227315.3860823475,1757808.4465063347,10
-1226852.07336582,1757808.4465063347,10
-1226388.7606492927,1757808.4465063347,10
-1225925.4479327651,1757808.4465063347,10
-1225462.1352162375,1757808.4465063347,10
-1224998.8224997101,1757808.4465063347,10
-1224535.5097831825,1757808.4465063347,10
-1224072.1970666551,1757808.4465063347,10
-1223608.8843501275,1757808.4465063347,10
-1223145.5716336002,1757808.4465063347,10
-1222682.2589170726,1757808.4465063347,10
-1222218.9462005452,1757808.4465063347,10
-1221755.6334840176,1757808.4465063347,10
-1221292.3207674902,1757808.4465063347,10
-1220829.0080509626,1757808.4465063347,10
-1220365.6953344352,1757808.4465063347,10
-1219902.3826179076,1757808.4465063347,10
-1219439.0699013802,1757808.4465063347,10
-1218975.7571848526,1757808.4465063347,10
-1218512.444468325,1757808.4465063347,10
-1218049.1317517976,1757808.4465063347,10
-1217585.81903527,1757808.4465063347,10
-1217122.5063187426,1757808.4465063347,10
-1216659.193602215,1757808.4465063347,10
-1216195.8808856877,1757808.4465063347,10
-1215732.56816916,1757808.4465063347,10
-1215269.2554526327,1757808.4465063347,10
-1214805.942736105,1757808.4465063347,10
-1214342.6300195777,1757808.4465063347,10
-1213879.31730305,1757808.4465063347,10
-1213416.0045865227,1757808.4465063347,10
-1212952.691869995,1757808.4465063347,10
-1212489.3791534677,1757808.4465063347,10
-1212026.06643694,1757808.4465063347,10
-1211562.7537204125,1757808.4465063347,10
-1211099.4410038851,1757808.4465063347,10
-1210636.1282873575,1757808.4465063347,10
-1210172.8155708301,1757808.4465063347,10
-1209709.5028543025,1757808.4465063347,10
-1209246.1901377751,1757808.4465063347,10
-1208782.8774212475,1757808.4465063347,10
-1208319.5647047202,1757808.4465063347,10
-1207856.2519881926,1757808.4465063347,10
-1207392.9392716652,1757808.4465063347,10
-1206929.6265551376,1757808.4465063347,10
-1206466.3138386102,1757808.4465063347,10
-1206003.0011220826,1757808.4465063347,10
-1205539.6884055552,1757808.4465063347,10
-1205076.3756890276,1757808.4465063347,10
-1204613.0629725,1757808.4465063347,10
-1204149.7502559726,1757808.4465063347,10
-1203686.4375394452,1757808.4465063347,10
-1203223.1248229176,1757808.4465063347,10
-1202759.81210639,1757808.4465063347,10
-1202296.4993898626,1757808.4465063347,10
-1201833.186673335,1757808.4465063347,10
-1201369.8739568077,1757808.4465063347,10
-1200906.56124028,1757808.4465063347,10
-1200443.2485237527,1757808.4465063347,10
-1199979.935807225,1757808.4465063347,10
-1199516.6230906977,1757808.4465063347,10
-1199053.31037417,1757808.4465063347,10
-1198589.9976576427,1757808.4465063347,10
-1198126.684941115,1757808.4465063347,10
-1197663.3722245875,1757808.4465063347,10
-1197200.05950806,1757808.4465063347,10
-1196736.7467915327,1757808.4465063347,10
-1196273.4340750051,1757808.4465063347,10
-1195810.1213584775,1757808.4465063347,10
-1195346.8086419501,1757808.4465063347,10
-1194883.4959254225,1757808.4465063347,10
-1194420.1832088951,1757808.4465063347,10
-1193956.8704923675,1757808.4465063347,10
-1193493.5577758402,1757808.4465063347,10
-1193030.2450593126,1757808.4465063347,10
-1192566.9323427852,1757808.4465063347,10
-1192103.6196262576,1757808.4465063347,10
-1191640.3069097302,1757808.4465063347,10
-1191176.9941932026,1757808.4465063347,10
-1190713.6814766752,1757808.4465063347,10
-1190250.3687601476,1757808.4465063347,10
-1189787.0560436202,1757808.4465063347,10
-1189323.7433270926,1757808.4465063347,10
-1188860.430610565,1757808.4465063347,10
-1188397.1178940376,1757808.4465063347,10
-1187933.80517751,1757808.4465063347,10
-1187470.4924609826,1757808.4465063347,10
-1187007.179744455,1757808.4465063347,10
-1186543.8670279277,1757808.4465063347,10
-1186080.5543114,1757808.4465063347,10
-1185617.2415948727,1757808.4465063347,10
-1185153.928878345,1757808.4465063347,10
-1184690.6161618177,1757808.4465063347,10
-1184227.30344529,1757808.4465063347,10
-1183763.9907287627,1757808.4465063347,10
-1183300.678012235,1757808.4465063347,10
-1182837.3652957077,1757808.4465063347,10
-1182374.05257918,1757808.4465063347,10
-1181910.7398626525,1757808.4465063347,10
-1181447.4271461251,1757808.4465063347,10
-1180984.1144295975,1757808.4465063347,10
-1180520.8017130701,1757808.4465063347,10
-1180057.4889965425,1757808.4465063347,10
-1179594.1762800151,1757808.4465063347,10
-1179130.8635634875,1757808.4465063347,10
-1178667.5508469602,1757808.4465063347,10
-1178204.2381304326,1757808.4465063347,10
-1177740.9254139052,1757808.4465063347,10
-1177277.6126973776,1757808.4465063347,10
-1176814.2999808502,1757808.4465063347,10
-1176350.9872643226,1757808.4465063347,10
-1175887.6745477952,1757808.4465063347,10
-1175424.3618312676,1757808.4465063347,10
-1174961.04911474,1757808.4465063347,10
-1174497.7363982126,1757808.4465063347,10
-1174034.4236816852,1757808.4465063347,10
-1173571.1109651576,1757808.4465063347,10
-1173107.79824863,1757808.4465063347,10
-1172644.4855321026,1757808.4465063347,10
-1172181.172815575,1757808.4465063347,10
-1171717.8600990477,1757808.4465063347,10
-1171254.54738252,1757808.4465063347,10
-1170791.2346659927,1757808.4465063347,10
-1170327.921949465,1757808.4465063347,10
-1169864.6092329377,1757808.4465063347,10
-1169401.29651641,1757808.4465063347,10
-1168937.9837998827,1757808.4465063347,10
-1168474.671083355,1757808.4465063347,10
-1168011.3583668275,1757808.4465063347,10
-1167548.0456503,1757808.4465063347,10
-1167084.7329337727,1757808.4465063347,10
-1166621.4202172451,1757808.4465063347,10
-1166158.1075007175,1757808.4465063347,10
-1165694.7947841901,1757808.4465063347,10
-1165231.4820676625,1757808.4465063347,10
-1164768.1693511351,1757808.4465063347,10
-1164304.8566346075,1757808.4465063347,10
-1163841.5439180802,1757808.4465063347,10
-1163378.2312015526,1757808.4465063347,10
-1162914.9184850252,1757808.4465063347,10
-1162451.6057684976,1757808.4465063347,10
-1161988.2930519702,1757808.4465063347,10
-1161524.9803354426,1757808.4465063347,10
-1161061.6676189152,1757808.4465063347,10
-1160598.3549023876,1757808.4465063347,10
-1160135.0421858602,1757808.4465063347,10
-1159671.7294693326,1757808.4465063347,10
-1159208.416752805,1757808.4465063347,10
-1158745.1040362776,1757808.4465063347,10
-1158281.79131975,1757808.4465063347,10
-1157818.4786032226,1757808.4465063347,7
-1157355.165886695,1757808.4465063347,7
-1156891.8531701677,1757808.4465063347,10
-1156428.54045364,1757808.4465063347,10
-1155965.2277371127,1757808.4465063347,10
-1155501.915020585,1757808.4465063347,10
-1155038.6023040577,1757808.4465063347,10
-1154575.28958753,1757808.4465063347,10
-1154111.9768710027,1757808.4465063347,10
-1153648.664154475,1757808.4465063347,10
-1153185.3514379477,1757808.4465063347,10
-1152722.03872142,1757808.4465063347,10
-1152258.7260048925,1757808.4465063347,10
-1151795.4132883651,1757808.4465063347,10
-1151332.1005718375,1757808.4465063347,10
-1150868.7878553101,1757808.4465063347,10
-1150405.4751387825,1757808.4465063347,10
-1149942.1624222551,1757808.4465063347,10
-1149478.8497057275,1757808.4465063347,10
-1149015.5369892002,1757808.4465063347,10
-1148552.2242726726,1757808.4465063347,10
-1148088.9115561452,1757808.4465063347,10
-1147625.5988396176,1757808.4465063347,10
-1147162.2861230902,1757808.4465063347,10
-1146698.9734065626,1757808.4465063347,10
-1146235.6606900352,1757808.4465063347,10
-1145772.3479735076,1757808.4465063347,10
-1145309.03525698,1757808.4465063347,10
-1144845.7225404526,1757808.4465063347,10
-1144382.4098239252,1757808.4465063347,10
-1143919.0971073976,1757808.4465063347,10
-1143455.78439087,1757808.4465063347,10
-1142992.4716743426,1757808.4465063347,10
-1142529.158957815,1757808.4465063347,10
-1142065.8462412877,1757808.4465063347,10
-1141602.53352476,1757808.4465063347,10
-1141139.2208082327,1757808.4465063347,10
-1140675.908091705,1757808.4465063347,10
-1140212.5953751777,1757808.4465063347,10
-1139749.28265865,1757808.4465063347,10
-1139285.9699421227,1757808.4465063347,10
-1240751.4548616451,1757345.133789807,10
-1240288.1421451175,1757345.133789807,10
-1239824.8294285901,1757345.133789807,10
-1239361.5167120625,1757345.133789807,10
-1238898.2039955352,1757345.133789807,10
-1238434.8912790075,1757345.133789807,10
-1237971.5785624802,1757345.133789807,10
-1237508.2658459526,1757345.133789807,10
-1237044.9531294252,1757345.133789807,10
-1236581.6404128976,1757345.133789807,10
-1236118.3276963702,1757345.133789807,10
-1235655.0149798426,1757345.133789807,10
-1235191.7022633152,1757345.133789807,10
-1234728.3895467876,1757345.133789807,10
-1234265.07683026,1757345.133789807,10
-1233801.7641137326,1757345.133789807,10
-1233338.4513972052,1757345.133789807,10
-1232875.1386806776,1757345.133789807,10
-1232411.82596415,1757345.133789807,10
-1231948.5132476226,1757345.133789807,10
-1231485.200531095,1757345.133789807,10
-1231021.8878145677,1757345.133789807,10
-1230558.57509804,1757345.133789807,10
-1230095.2623815127,1757345.133789807,10
-1229631.949664985,1757345.133789807,10
-1229168.6369484577,1757345.133789807,10
-1228705.32423193,1757345.133789807,10
-1228242.0115154027,1757345.133789807,10
-1227778.698798875,1757345.133789807,10
-1227315.3860823475,1757345.133789807,10
-1226852.07336582,1757345.133789807,10
-1226388.7606492927,1757345.133789807,10
-1225925.4479327651,1757345.133789807,10
-1225462.1352162375,1757345.133789807,10
-1224998.8224997101,1757345.133789807,10
-1224535.5097831825,1757345.133789807,10
-1224072.1970666551,1757345.133789807,10
-1223608.8843501275,1757345.133789807,10
-1223145.5716336002,1757345.133789807,10
-1222682.2589170726,1757345.133789807,10
-1222218.9462005452,1757345.133789807,10
-1221755.6334840176,1757345.133789807,10
-1221292.3207674902,1757345.133789807,10
-1220829.0080509626,1757345.133789807,10
-1220365.6953344352,1757345.133789807,10
-1219902.3826179076,1757345.133789807,10
-1219439.0699013802,1757345.133789807,10
-1218975.7571848526,1757345.133789807,10
-1218512.444468325,1757345.133789807,10
-1218049.1317517976,1757345.133789807,10
-1217585.81903527,1757345.133789807,10
-1217122.5063187426,1757345.133789807,10
-1216659.193602215,1757345.133789807,10
-1216195.8808856877,1757345.133789807,10
-1215732.56816916,1757345.133789807,10
-1215269.2554526327,1757345.133789807,10
-1214805.942736105,1757345.133789807,10
-1214342.6300195777,1757345.133789807,10
-1213879.31730305,1757345.133789807,10
-1213416.0045865227,1757345.133789807,10
-1212952.691869995,1757345.133789807,10
-1212489.3791534677,1757345.133789807,10
-1212026.06643694,1757345.133789807,10
-1211562.7537204125,1757345.133789807,10
-1211099.4410038851,1757345.133789807,10
-1210636.1282873575,1757345.133789807,10
-1210172.8155708301,1757345.133789807,10
-1209709.5028543025,1757345.133789807,10
-1209246.1901377751,1757345.133789807,10
-1208782.8774212475,1757345.133789807,10
-1208319.5647047202,1757345.133789807,10
-1207856.2519881926,1757345.133789807,10
-1207392.9392716652,1757345.133789807,10
-1206929.6265551376,1757345.133789807,10
-1206466.3138386102,1757345.133789807,10
-1206003.0011220826,1757345.133789807,10
-1205539.6884055552,1757345.133789807,10
-1205076.3756890276,1757345.133789807,10
-1204613.0629725,1757345.133789807,10
-1204149.7502559726,1757345.133789807,10
-1203686.4375394452,1757345.133789807,10
-1203223.1248229176,1757345.133789807,10
-1202759.81210639,1757345.133789807,10
-1202296.4993898626,1757345.133789807,10
-1201833.186673335,1757345.133789807,10
-1201369.8739568077,1757345.133789807,10
-1200906.56124028,1757345.133789807,10
-1200443.2485237527,1757345.133789807,10
-1199979.935807225,1757345.133789807,10
-1199516.6230906977,1757345.133789807,10
-1199053.31037417,1757345.133789807,10
-1198589.9976576427,1757345.133789807,10
-1198126.684941115,1757345.133789807,10
-1197663.3722245875,1757345.133789807,10
-1197200.05950806,1757345.133789807,10
-1196736.7467915327,1757345.133789807,10
-1196273.4340750051,1757345.133789807,10
-1195810.1213584775,1757345.133789807,10
-1195346.8086419501,1757345.133789807,10
-1194883.4959254225,1757345.133789807,10
-1194420.1832088951,1757345.133789807,10
-1193956.8704923675,1757345.133789807,10
-1193493.5577758402,1757345.133789807,10
-1193030.2450593126,1757345.133789807,10
-1192566.9323427852,1757345.133789807,10
-1192103.6196262576,1757345.133789807,10
-1191640.3069097302,1757345.133789807,10
-1191176.9941932026,1757345.133789807,10
-1190713.6814766752,1757345.133789807,10
-1190250.3687601476,1757345.133789807,10
-1189787.0560436202,1757345.133789807,10
-1189323.7433270926,1757345.133789807,10
-1188860.430610565,1757345.133789807,10
-1188397.1178940376,1757345.133789807,10
-1187933.80517751,1757345.133789807,10
-1187470.4924609826,1757345.133789807,10
-1187007.179744455,1757345.133789807,10
-1186543.8670279277,1757345.133789807,10
-1186080.5543114,1757345.133789807,10
-1185617.2415948727,1757345.133789807,10
-1185153.928878345,1757345.133789807,10
-1184690.6161618177,1757345.133789807,10
-1184227.30344529,1757345.133789807,10
-1183763.9907287627,1757345.133789807,10
-1183300.678012235,1757345.133789807,10
-1182837.3652957077,1757345.133789807,10
-1182374.05257918,1757345.133789807,10
-1181910.7398626525,1757345.133789807,10
-1181447.4271461251,1757345.133789807,10
-1180984.1144295975,1757345.133789807,10
-1180520.8017130701,1757345.133789807,10
-1180057.4889965425,1757345.133789807,10
-1179594.1762800151,1757345.133789807,10
-1179130.8635634875,1757345.133789807,10
-1178667.5508469602,1757345.133789807,10
-1178204.2381304326,1757345.133789807,10
-1177740.9254139052,1757345.133789807,10
-1177277.6126973776,1757345.133789807,10
-1176814.2999808502,1757345.133789807,10
-1176350.9872643226,1757345.133789807,10
-1175887.6745477952,1757345.133789807,10
-1175424.3618312676,1757345.133789807,10
-1174961.04911474,1757345.133789807,10
-1174497.7363982126,1757345.133789807,10
-1174034.4236816852,1757345.133789807,10
-1173571.1109651576,1757345.133789807,10
-1173107.79824863,1757345.133789807,10
-1172644.4855321026,1757345.133789807,10
-1172181.172815575,1757345.133789807,10
-1171717.8600990477,1757345.133789807,10
-1171254.54738252,1757345.133789807,10
-1170791.2346659927,1757345.133789807,10
-1170327.921949465,1757345.133789807,10
-1169864.6092329377,1757345.133789807,10
-1169401.29651641,1757345.133789807,10
-1168937.9837998827,1757345.133789807,10
-1168474.671083355,1757345.133789807,10
-1168011.3583668275,1757345.133789807,10
-1167548.0456503,1757345.133789807,10
-1167084.7329337727,1757345.133789807,10
-1166621.4202172451,1757345.133789807,10
-1166158.1075007175,1757345.133789807,10
-1165694.7947841901,1757345.133789807,10
-1165231.4820676625,1757345.133789807,10
-1164768.1693511351,1757345.133789807,10
-1164304.8566346075,1757345.133789807,10
-1163841.5439180802,1757345.133789807,10
-1163378.2312015526,1757345.133789807,10
-1162914.9184850252,1757345.133789807,10
-1162451.6057684976,1757345.133789807,10
-1161988.2930519702,1757345.133789807,10
-1161524.9803354426,1757345.133789807,10
-1161061.6676189152,1757345.133789807,10
-1160598.3549023876,1757345.133789807,10
-1160135.0421858602,1757345.133789807,10
-1159671.7294693326,1757345.133789807,10
-1159208.416752805,1757345.133789807,10
-1158745.1040362776,1757345.133789807,10
-1158281.79131975,1757345.133789807,10
-1157818.4786032226,1757345.133789807,7
-1157355.165886695,1757345.133789807,10
-1156891.8531701677,1757345.133789807,10
-1156428.54045364,1757345.133789807,10
-1155965.2277371127,1757345.133789807,10
-1155501.915020585,1757345.133789807,10
-1155038.6023040577,1757345.133789807,10
-1154575.28958753,1757345.133789807,10
-1154111.9768710027,1757345.133789807,10
-1153648.664154475,1757345.133789807,10
-1153185.3514379477,1757345.133789807,10
-1152722.03872142,1757345.133789807,10
-1152258.7260048925,1757345.133789807,10
-1151795.4132883651,1757345.133789807,10
-1151332.1005718375,1757345.133789807,10
-1150868.7878553101,1757345.133789807,10
-1150405.4751387825,1757345.133789807,10
-1149942.1624222551,1757345.133789807,10
-1149478.8497057275,1757345.133789807,10
-1149015.5369892002,1757345.133789807,10
-1148552.2242726726,1757345.133789807,10
-1148088.9115561452,1757345.133789807,10
-1147625.5988396176,1757345.133789807,10
-1147162.2861230902,1757345.133789807,10
-1146698.9734065626,1757345.133789807,10
-1146235.6606900352,1757345.133789807,10
-1145772.3479735076,1757345.133789807,10
-1145309.03525698,1757345.133789807,10
-1144845.7225404526,1757345.133789807,10
-1144382.4098239252,1757345.133789807,10
-1143919.0971073976,1757345.133789807,10
-1143455.78439087,1757345.133789807,10
-1142992.4716743426,1757345.133789807,10
-1142529.158957815,1757345.133789807,10
-1142065.8462412877,1757345.133789807,10
-1141602.53352476,1757345.133789807,10
-1141139.2208082327,1757345.133789807,10
-1140675.908091705,1757345.133789807,10
-1140212.5953751777,1757345.133789807,10
-1139749.28265865,1757345.133789807,10
-1139285.9699421227,1757345.133789807,10
-1240751.4548616451,1756881.8210732797,10
-1240288.1421451175,1756881.8210732797,10
-1239824.8294285901,1756881.8210732797,10
-1239361.5167120625,1756881.8210732797,10
-1238898.2039955352,1756881.8210732797,10
-1238434.8912790075,1756881.8210732797,10
-1237971.5785624802,1756881.8210732797,10
-1237508.2658459526,1756881.8210732797,10
-1237044.9531294252,1756881.8210732797,10
-1236581.6404128976,1756881.8210732797,10
-1236118.3276963702,1756881.8210732797,10
-1235655.0149798426,1756881.8210732797,10
-1235191.7022633152,1756881.8210732797,10
-1234728.3895467876,1756881.8210732797,10
-1234265.07683026,1756881.8210732797,10
-1233801.7641137326,1756881.8210732797,10
-1233338.4513972052,1756881.8210732797,10
-1232875.1386806776,1756881.8210732797,10
-1232411.82596415,1756881.8210732797,10
-1231948.5132476226,1756881.8210732797,10
-1231485.200531095,1756881.8210732797,10
-1231021.8878145677,1756881.8210732797,10
-1230558.57509804,1756881.8210732797,10
-1230095.2623815127,1756881.8210732797,10
-1229631.949664985,1756881.8210732797,10
-1229168.6369484577,1756881.8210732797,10
-1228705.32423193,1756881.8210732797,10
-1228242.0115154027,1756881.8210732797,10
-1227778.698798875,1756881.8210732797,10
-1227315.3860823475,1756881.8210732797,10
-1226852.07336582,1756881.8210732797,10
-1226388.7606492927,1756881.8210732797,10
-1225925.4479327651,1756881.8210732797,10
-1225462.1352162375,1756881.8210732797,10
-1224998.8224997101,1756881.8210732797,10
-1224535.5097831825,1756881.8210732797,10
-1224072.1970666551,1756881.8210732797,10
-1223608.8843501275,1756881.8210732797,10
-1223145.5716336002,1756881.8210732797,10
-1222682.2589170726,1756881.8210732797,10
-1222218.9462005452,1756881.8210732797,10
-1221755.6334840176,1756881.8210732797,10
-1221292.3207674902,1756881.8210732797,10
-1220829.0080509626,1756881.8210732797,10
-1220365.6953344352,1756881.8210732797,10
-1219902.3826179076,1756881.8210732797,10
-1219439.0699013802,1756881.8210732797,10
-1218975.7571848526,1756881.8210732797,10
-1218512.444468325,1756881.8210732797,10
-1218049.1317517976,1756881.8210732797,10
-1217585.81903527,1756881.8210732797,10
-1217122.5063187426,1756881.8210732797,10
-1216659.193602215,1756881.8210732797,10
-1216195.8808856877,1756881.8210732797,10
-1215732.56816916,1756881.8210732797,10
-1215269.2554526327,1756881.8210732797,10
-1214805.942736105,1756881.8210732797,10
-1214342.6300195777,1756881.8210732797,10
-1213879.31730305,1756881.8210732797,10
-1213416.0045865227,1756881.8210732797,10
-1212952.691869995,1756881.8210732797,10
-1212489.3791534677,1756881.8210732797,10
-1212026.06643694,1756881.8210732797,10
-1211562.7537204125,1756881.8210732797,10
-1211099.4410038851,1756881.8210732797,10
-1210636.1282873575,1756881.8210732797,10
-1210172.8155708301,1756881.8210732797,10
-1209709.5028543025,1756881.8210732797,10
-1209246.1901377751,1756881.8210732797,10
-1208782.8774212475,1756881.8210732797,10
-1208319.5647047202,1756881.8210732797,10
-1207856.2519881926,1756881.8210732797,10
-1207392.9392716652,1756881.8210732797,10
-1206929.6265551376,1756881.8210732797,10
-1206466.3138386102,1756881.8210732797,10
-1206003.0011220826,1756881.8210732797,10
-1205539.6884055552,1756881.8210732797,10
-1205076.3756890276,1756881.8210732797,10
-1204613.0629725,1756881.8210732797,10
-1204149.7502559726,1756881.8210732797,10
-1203686.4375394452,1756881.8210732797,10
-1203223.1248229176,1756881.8210732797,10
-1202759.81210639,1756881.8210732797,10
-1202296.4993898626,1756881.8210732797,10
-1201833.186673335,1756881.8210732797,10
-1201369.8739568077,1756881.8210732797,10
-1200906.56124028,1756881.8210732797,10
-1200443.2485237527,1756881.8210732797,10
-1199979.935807225,1756881.8210732797,10
-1199516.6230906977,1756881.8210732797,10
-1199053.31037417,1756881.8210732797,10
-1198589.9976576427,1756881.8210732797,10
-1198126.684941115,1756881.8210732797,10
-1197663.3722245875,1756881.8210732797,10
-1197200.05950806,1756881.8210732797,10
-1196736.7467915327,1756881.8210732797,10
-1196273.4340750051,1756881.8210732797,10
-1195810.1213584775,1756881.8210732797,10
-1195346.8086419501,1756881.8210732797,10
-1194883.4959254225,1756881.8210732797,10
-1194420.1832088951,1756881.8210732797,10
-1193956.8704923675,1756881.8210732797,10
-1193493.5577758402,1756881.8210732797,10
-1193030.2450593126,1756881.8210732797,10
-1192566.9323427852,1756881.8210732797,10
-1192103.6196262576,1756881.8210732797,10
-1191640.3069097302,1756881.8210732797,10
-1191176.9941932026,1756881.8210732797,10
-1190713.6814766752,1756881.8210732797,10
-1190250.3687601476,1756881.8210732797,10
-1189787.0560436202,1756881.8210732797,10
-1189323.7433270926,1756881.8210732797,10
-1188860.430610565,1756881.8210732797,10
-1188397.1178940376,1756881.8210732797,10
-1187933.80517751,1756881.8210732797,10
-1187470.4924609826,1756881.8210732797,10
-1187007.179744455,1756881.8210732797,10
-1186543.8670279277,1756881.8210732797,10
-1186080.5543114,1756881.8210732797,10
-1185617.2415948727,1756881.8210732797,10
-1185153.928878345,1756881.8210732797,10
-1184690.6161618177,1756881.8210732797,10
-1184227.30344529,1756881.8210732797,10
-1183763.9907287627,1756881.8210732797,10
-1183300.678012235,1756881.8210732797,10
-1182837.3652957077,1756881.8210732797,10
-1182374.05257918,1756881.8210732797,10
-1181910.7398626525,1756881.8210732797,10
-1181447.4271461251,1756881.8210732797,10
-1180984.1144295975,1756881.8210732797,10
-1180520.8017130701,1756881.8210732797,10
-1180057.4889965425,1756881.8210732797,10
-1179594.1762800151,1756881.8210732797,10
-1179130.8635634875,1756881.8210732797,10
-1178667.5508469602,1756881.8210732797,10
-1178204.2381304326,1756881.8210732797,10
-1177740.9254139052,1756881.8210732797,10
-1177277.6126973776,1756881.8210732797,10
-1176814.2999808502,1756881.8210732797,10
-1176350.9872643226,1756881.8210732797,10
-1175887.6745477952,1756881.8210732797,10
-1175424.3618312676,1756881.8210732797,10
-1174961.04911474,1756881.8210732797,10
-1174497.7363982126,1756881.8210732797,10
-1174034.4236816852,1756881.8210732797,10
-1173571.1109651576,1756881.8210732797,10
-1173107.79824863,1756881.8210732797,10
-1172644.4855321026,1756881.8210732797,10
-1172181.172815575,1756881.8210732797,10
-1171717.8600990477,1756881.8210732797,10
-1171254.54738252,1756881.8210732797,10
-1170791.2346659927,1756881.8210732797,10
-1170327.921949465,1756881.8210732797,10
-1169864.6092329377,1756881.8210732797,10
-1169401.29651641,1756881.8210732797,10
-1168937.9837998827,1756881.8210732797,10
-1168474.671083355,1756881.8210732797,10
-1168011.3583668275,1756881.8210732797,10
-1167548.0456503,1756881.8210732797,10
-1167084.7329337727,1756881.8210732797,10
-1166621.4202172451,1756881.8210732797,10
-1166158.1075007175,1756881.8210732797,10
-1165694.7947841901,1756881.8210732797,10
-1165231.4820676625,1756881.8210732797,10
-1164768.1693511351,1756881.8210732797,10
-1164304.8566346075,1756881.8210732797,10
-1163841.5439180802,1756881.8210732797,10
-1163378.2312015526,1756881.8210732797,10
-1162914.9184850252,1756881.8210732797,10
-1162451.6057684976,1756881.8210732797,10
-1161988.2930519702,1756881.8210732797,10
-1161524.9803354426,1756881.8210732797,10
-1161061.6676189152,1756881.8210732797,10
-1160598.3549023876,1756881.8210732797,10
-1160135.0421858602,1756881.8210732797,10
-1159671.7294693326,1756881.8210732797,10
-1159208.416752805,1756881.8210732797,10
-1158745.1040362776,1756881.8210732797,10
-1158281.79131975,1756881.8210732797,10
-1157818.4786032226,1756881.8210732797,10
-1157355.165886695,1756881.8210732797,10
-1156891.8531701677,1756881.8210732797,7
-1156428.54045364,1756881.8210732797,7
-1155965.2277371127,1756881.8210732797,7
-1155501.915020585,1756881.8210732797,10
-1155038.6023040577,1756881.8210732797,10
-1154575.28958753,1756881.8210732797,10
-1154111.9768710027,1756881.8210732797,10
-1153648.664154475,1756881.8210732797,7
-1153185.3514379477,1756881.8210732797,7
-1152722.03872142,1756881.8210732797,10
-1152258.7260048925,1756881.8210732797,10
-1151795.4132883651,1756881.8210732797,10
-1151332.1005718375,1756881.8210732797,10
-1150868.7878553101,1756881.8210732797,10
-1150405.4751387825,1756881.8210732797,10
-1149942.1624222551,1756881.8210732797,10
-1149478.8497057275,1756881.8210732797,10
-1149015.5369892002,1756881.8210732797,10
-1148552.2242726726,1756881.8210732797,10
-1148088.9115561452,1756881.8210732797,10
-1147625.5988396176,1756881.8210732797,10
-1147162.2861230902,1756881.8210732797,10
-1146698.9734065626,1756881.8210732797,10
-1146235.6606900352,1756881.8210732797,10
-1145772.3479735076,1756881.8210732797,10
-1145309.03525698,1756881.8210732797,10
-1144845.7225404526,1756881.8210732797,10
-1144382.4098239252,1756881.8210732797,10
-1143919.0971073976,1756881.8210732797,10
-1143455.78439087,1756881.8210732797,10
-1142992.4716743426,1756881.8210732797,10
-1142529.158957815,1756881.8210732797,10
-1142065.8462412877,1756881.8210732797,10
-1141602.53352476,1756881.8210732797,10
-1141139.2208082327,1756881.8210732797,10
-1140675.908091705,1756881.8210732797,10
-1140212.5953751777,1756881.8210732797,10
-1139749.28265865,1756881.8210732797,10
-1139285.9699421227,1756881.8210732797,10
-1240751.4548616451,1756418.5083567523,10
-1240288.1421451175,1756418.5083567523,10
-1239824.8294285901,1756418.5083567523,10
-1239361.5167120625,1756418.5083567523,10
-1238898.2039955352,1756418.5083567523,10
-1238434.8912790075,1756418.5083567523,10
-1237971.5785624802,1756418.5083567523,10
-1237508.2658459526,1756418.5083567523,10
-1237044.9531294252,1756418.5083567523,10
-1236581.6404128976,1756418.5083567523,10
-1236118.3276963702,1756418.5083567523,10
-1235655.0149798426,1756418.5083567523,10
-1235191.7022633152,1756418.5083567523,10
-1234728.3895467876,1756418.5083567523,10
-1234265.07683026,1756418.5083567523,10
-1233801.7641137326,1756418.5083567523,10
-1233338.4513972052,1756418.5083567523,10
-1232875.1386806776,1756418.5083567523,10
-1232411.82596415,1756418.5083567523,10
-1231948.5132476226,1756418.5083567523,10
-1231485.200531095,1756418.5083567523,10
-1231021.8878145677,1756418.5083567523,10
-1230558.57509804,1756418.5083567523,10
-1230095.2623815127,1756418.5083567523,10
-1229631.949664985,1756418.5083567523,10
-1229168.6369484577,1756418.5083567523,10
-1228705.32423193,1756418.5083567523,10
-1228242.0115154027,1756418.5083567523,10
-1227778.698798875,1756418.5083567523,10
-1227315.3860823475,1756418.5083567523,10
-1226852.07336582,1756418.5083567523,10
-1226388.7606492927,1756418.5083567523,10
-1225925.4479327651,1756418.5083567523,10
-1225462.1352162375,1756418.5083567523,10
-1224998.8224997101,1756418.5083567523,10
-1224535.5097831825,1756418.5083567523,10
-1224072.1970666551,1756418.5083567523,10
-1223608.8843501275,1756418.5083567523,10
-1223145.5716336002,1756418.5083567523,10
-1222682.2589170726,1756418.5083567523,10
-1222218.9462005452,1756418.5083567523,10
-1221755.6334840176,1756418.5083567523,10
-1221292.3207674902,1756418.5083567523,10
-1220829.0080509626,1756418.5083567523,10
-1220365.6953344352,1756418.5083567523,10
-1219902.3826179076,1756418.5083567523,10
-1219439.0699013802,1756418.5083567523,10
-1218975.7571848526,1756418.5083567523,10
-1218512.444468325,1756418.5083567523,10
-1218049.1317517976,1756418.5083567523,10
-1217585.81903527,1756418.5083567523,10
-1217122.5063187426,1756418.5083567523,10
-1216659.193602215,1756418.5083567523,10
-1216195.8808856877,1756418.5083567523,10
-1215732.56816916,1756418.5083567523,10
-1215269.2554526327,1756418.5083567523,10
-1214805.942736105,1756418.5083567523,10
-1214342.6300195777,1756418.5083567523,10
-1213879.31730305,1756418.5083567523,10
-1213416.0045865227,1756418.5083567523,10
-1212952.691869995,1756418.5083567523,10
-1212489.3791534677,1756418.5083567523,10
-1212026.06643694,1756418.5083567523,10
-1211562.7537204125,1756418.5083567523,10
-1211099.4410038851,1756418.5083567523,10
-1210636.1282873575,1756418.5083567523,10
-1210172.8155708301,1756418.5083567523,10
-1209709.5028543025,1756418.5083567523,10
-1209246.1901377751,1756418.5083567523,10
-1208782.8774212475,1756418.5083567523,10
-1208319.5647047202,1756418.5083567523,10
-1207856.2519881926,1756418.5083567523,10
-1207392.9392716652,1756418.5083567523,10
-1206929.6265551376,1756418.5083567523,10
-1206466.3138386102,1756418.5083567523,10
-1206003.0011220826,1756418.5083567523,10
-1205539.6884055552,1756418.5083567523,10
-1205076.3756890276,1756418.5083567523,10
-1204613.0629725,1756418.5083567523,10
-1204149.7502559726,1756418.5083567523,10
-1203686.4375394452,1756418.5083567523,10
-1203223.1248229176,1756418.5083567523,10
-1202759.81210639,1756418.5083567523,10
-1202296.4993898626,1756418.5083567523,10
-1201833.186673335,1756418.5083567523,10
-1201369.8739568077,1756418.5083567523,10
-1200906.56124028,1756418.5083567523,10
-1200443.2485237527,1756418.5083567523,10
-1199979.935807225,1756418.5083567523,10
-1199516.6230906977,1756418.5083567523,10
-1199053.31037417,1756418.5083567523,10
-1198589.9976576427,1756418.5083567523,10
-1198126.684941115,1756418.5083567523,10
-1197663.3722245875,1756418.5083567523,10
-1197200.05950806,1756418.5083567523,10
-1196736.7467915327,1756418.5083567523,10
-1196273.4340750051,1756418.5083567523,10
-1195810.1213584775,1756418.5083567523,10
-1195346.8086419501,1756418.5083567523,10
-1194883.4959254225,1756418.5083567523,10
-1194420.1832088951,1756418.5083567523,10
-1193956.8704923675,1756418.5083567523,10
-1193493.5577758402,1756418.5083567523,10
-1193030.2450593126,1756418.5083567523,10
-1192566.9323427852,1756418.5083567523,10
-1192103.6196262576,1756418.5083567523,10
-1191640.3069097302,1756418.5083567523,10
-1191176.9941932026,1756418.5083567523,10
-1190713.6814766752,1756418.5083567523,10
-1190250.3687601476,1756418.5083567523,10
-1189787.0560436202,1756418.5083567523,10
-1189323.7433270926,1756418.5083567523,10
-1188860.430610565,1756418.5083567523,10
-1188397.1178940376,1756418.5083567523,10
-1187933.80517751,1756418.5083567523,10
-1187470.4924609826,1756418.5083567523,10
-1187007.179744455,1756418.5083567523,10
-1186543.8670279277,1756418.5083567523,10
-1186080.5543114,1756418.5083567523,10
-1185617.2415948727,1756418.5083567523,10
-1185153.928878345,1756418.5083567523,10
-1184690.6161618177,1756418.5083567523,10
-1184227.30344529,1756418.5083567523,10
-1183763.9907287627,1756418.5083567523,10
-1183300.678012235,1756418.5083567523,10
-1182837.3652957077,1756418.5083567523,10
-1182374.05257918,1756418.5083567523,10
-1181910.7398626525,1756418.5083567523,10
-1181447.4271461251,1756418.5083567523,10
-1180984.1144295975,1756418.5083567523,10
-1180520.8017130701,1756418.5083567523,10
-1180057.4889965425,1756418.5083567523,10
-1179594.1762800151,1756418.5083567523,10
-1179130.8635634875,1756418.5083567523,10
-1178667.5508469602,1756418.5083567523,10
-1178204.2381304326,1756418.5083567523,10
-1177740.9254139052,1756418.5083567523,10
-1177277.6126973776,1756418.5083567523,10
-1176814.2999808502,1756418.5083567523,10
-1176350.9872643226,1756418.5083567523,10
-1175887.6745477952,1756418.5083567523,10
-1175424.3618312676,1756418.5083567523,10
-1174961.04911474,1756418.5083567523,10
-1174497.7363982126,1756418.5083567523,10
-1174034.4236816852,1756418.5083567523,10
-1173571.1109651576,1756418.5083567523,10
-1173107.79824863,1756418.5083567523,10
-1172644.4855321026,1756418.5083567523,10
-1172181.172815575,1756418.5083567523,10
-1171717.8600990477,1756418.5083567523,10
-1171254.54738252,1756418.5083567523,10
-1170791.2346659927,1756418.5083567523,10
-1170327.921949465,1756418.5083567523,10
-1169864.6092329377,1756418.5083567523,10
-1169401.29651641,1756418.5083567523,10
-1168937.9837998827,1756418.5083567523,10
-1168474.671083355,1756418.5083567523,10
-1168011.3583668275,1756418.5083567523,10
-1167548.0456503,1756418.5083567523,10
-1167084.7329337727,1756418.5083567523,10
-1166621.4202172451,1756418.5083567523,10
-1166158.1075007175,1756418.5083567523,10
-1165694.7947841901,1756418.5083567523,10
-1165231.4820676625,1756418.5083567523,10
-1164768.1693511351,1756418.5083567523,10
-1164304.8566346075,1756418.5083567523,10
-1163841.5439180802,1756418.5083567523,10
-1163378.2312015526,1756418.5083567523,10
-1162914.9184850252,1756418.5083567523,10
-1162451.6057684976,1756418.5083567523,7
-1161988.2930519702,1756418.5083567523,10
-1161524.9803354426,1756418.5083567523,10
-1161061.6676189152,1756418.5083567523,10
-1160598.3549023876,1756418.5083567523,10
-1160135.0421858602,1756418.5083567523,10
-1159671.7294693326,1756418.5083567523,10
-1159208.416752805,1756418.5083567523,10
-1158745.1040362776,1756418.5083567523,10
-1158281.79131975,1756418.5083567523,7
-1157818.4786032226,1756418.5083567523,7
-1157355.165886695,1756418.5083567523,10
-1156891.8531701677,1756418.5083567523,10
-1156428.54045364,1756418.5083567523,7
-1155965.2277371127,1756418.5083567523,7
-1155501.915020585,1756418.5083567523,7
-1155038.6023040577,1756418.5083567523,10
-1154575.28958753,1756418.5083567523,10
-1154111.9768710027,1756418.5083567523,10
-1153648.664154475,1756418.5083567523,10
-1153185.3514379477,1756418.5083567523,7
-1152722.03872142,1756418.5083567523,10
-1152258.7260048925,1756418.5083567523,10
-1151795.4132883651,1756418.5083567523,10
-1151332.1005718375,1756418.5083567523,10
-1150868.7878553101,1756418.5083567523,10
-1150405.4751387825,1756418.5083567523,10
-1149942.1624222551,1756418.5083567523,10
-1149478.8497057275,1756418.5083567523,10
-1149015.5369892002,1756418.5083567523,10
-1148552.2242726726,1756418.5083567523,10
-1148088.9115561452,1756418.5083567523,10
-1147625.5988396176,1756418.5083567523,10
-1147162.2861230902,1756418.5083567523,10
-1146698.9734065626,1756418.5083567523,10
-1146235.6606900352,1756418.5083567523,10
-1145772.3479735076,1756418.5083567523,10
-1145309.03525698,1756418.5083567523,10
-1144845.7225404526,1756418.5083567523,10
-1144382.4098239252,1756418.5083567523,10
-1143919.0971073976,1756418.5083567523,10
-1143455.78439087,1756418.5083567523,10
-1142992.4716743426,1756418.5083567523,10
-1142529.158957815,1756418.5083567523,10
-1142065.8462412877,1756418.5083567523,10
-1141602.53352476,1756418.5083567523,10
-1141139.2208082327,1756418.5083567523,10
-1140675.908091705,1756418.5083567523,10
-1140212.5953751777,1756418.5083567523,10
-1139749.28265865,1756418.5083567523,10
-1139285.9699421227,1756418.5083567523,10
-1240751.4548616451,1755955.1956402247,10
-1240288.1421451175,1755955.1956402247,10
-1239824.8294285901,1755955.1956402247,10
-1239361.5167120625,1755955.1956402247,10
-1238898.2039955352,1755955.1956402247,10
-1238434.8912790075,1755955.1956402247,10
-1237971.5785624802,1755955.1956402247,10
-1237508.2658459526,1755955.1956402247,10
-1237044.9531294252,1755955.1956402247,10
-1236581.6404128976,1755955.1956402247,10
-1236118.3276963702,1755955.1956402247,10
-1235655.0149798426,1755955.1956402247,10
-1235191.7022633152,1755955.1956402247,10
-1234728.3895467876,1755955.1956402247,10
-1234265.07683026,1755955.1956402247,10
-1233801.7641137326,1755955.1956402247,10
-1233338.4513972052,1755955.1956402247,10
-1232875.1386806776,1755955.1956402247,10
-1232411.82596415,1755955.1956402247,10
-1231948.5132476226,1755955.1956402247,10
-1231485.200531095,1755955.1956402247,10
-1231021.8878145677,1755955.1956402247,10
-1230558.57509804,1755955.1956402247,10
-1230095.2623815127,1755955.1956402247,10
-1229631.949664985,1755955.1956402247,10
-1229168.6369484577,1755955.1956402247,10
-1228705.32423193,1755955.1956402247,10
-1228242.0115154027,1755955.1956402247,10
-1227778.698798875,1755955.1956402247,10
-1227315.3860823475,1755955.1956402247,10
-1226852.07336582,1755955.1956402247,10
-1226388.7606492927,1755955.1956402247,10
-1225925.4479327651,1755955.1956402247,10
-1225462.1352162375,1755955.1956402247,10
-1224998.8224997101,1755955.1956402247,10
-1224535.5097831825,1755955.1956402247,10
-1224072.1970666551,1755955.1956402247,10
-1223608.8843501275,1755955.1956402247,10
-1223145.5716336002,1755955.1956402247,10
-1222682.2589170726,1755955.1956402247,10
-1222218.9462005452,1755955.1956402247,10
-1221755.6334840176,1755955.1956402247,10
-1221292.3207674902,1755955.1956402247,10
-1220829.0080509626,1755955.1956402247,10
-1220365.6953344352,1755955.1956402247,10
-1219902.3826179076,1755955.1956402247,10
-1219439.0699013802,1755955.1956402247,10
-1218975.7571848526,1755955.1956402247,10
-1218512.444468325,1755955.1956402247,10
-1218049.1317517976,1755955.1956402247,10
-1217585.81903527,1755955.1956402247,10
-1217122.5063187426,1755955.1956402247,10
-1216659.193602215,1755955.1956402247,10
-1216195.8808856877,1755955.1956402247,10
-1215732.56816916,1755955.1956402247,10
-1215269.2554526327,1755955.1956402247,10
-1214805.942736105,1755955.1956402247,10
-1214342.6300195777,1755955.1956402247,10
-1213879.31730305,1755955.1956402247,10
-1213416.0045865227,1755955.1956402247,10
-1212952.691869995,1755955.1956402247,10
-1212489.3791534677,1755955.1956402247,10
-1212026.06643694,1755955.1956402247,10
-1211562.7537204125,1755955.1956402247,10
-1211099.4410038851,1755955.1956402247,10
-1210636.1282873575,1755955.1956402247,10
-1210172.8155708301,1755955.1956402247,10
-1209709.5028543025,1755955.1956402247,10
-1209246.1901377751,1755955.1956402247,10
-1208782.8774212475,1755955.1956402247,10
-1208319.5647047202,1755955.1956402247,10
-1207856.2519881926,1755955.1956402247,10
-1207392.9392716652,1755955.1956402247,10
-1206929.6265551376,1755955.1956402247,10
-1206466.3138386102,1755955.1956402247,10
-1206003.0011220826,1755955.1956402247,10
-1205539.6884055552,1755955.1956402247,10
-1205076.3756890276,1755955.1956402247,10
-1204613.0629725,1755955.1956402247,10
-1204149.7502559726,1755955.1956402247,10
-1203686.4375394452,1755955.1956402247,10
-1203223.1248229176,1755955.1956402247,10
-1202759.81210639,1755955.1956402247,10
-1202296.4993898626,1755955.1956402247,10
-1201833.186673335,1755955.1956402247,10
-1201369.8739568077,1755955.1956402247,10
-1200906.56124028,1755955.1956402247,10
-1200443.2485237527,1755955.1956402247,10
-1199979.935807225,1755955.1956402247,10
-1199516.6230906977,1755955.1956402247,10
-1199053.31037417,1755955.1956402247,10
-1198589.9976576427,1755955.1956402247,10
-1198126.684941115,1755955.1956402247,10
-1197663.3722245875,1755955.1956402247,10
-1197200.05950806,1755955.1956402247,10
-1196736.7467915327,1755955.1956402247,10
-1196273.4340750051,1755955.1956402247,10
-1195810.1213584775,1755955.1956402247,10
-1195346.8086419501,1755955.1956402247,10
-1194883.4959254225,1755955.1956402247,10
-1194420.1832088951,1755955.1956402247,10
-1193956.8704923675,1755955.1956402247,10
-1193493.5577758402,1755955.1956402247,10
-1193030.2450593126,1755955.1956402247,10
-1192566.9323427852,1755955.1956402247,10
-1192103.6196262576,1755955.1956402247,10
-1191640.3069097302,1755955.1956402247,10
-1191176.9941932026,1755955.1956402247,10
-1190713.6814766752,1755955.1956402247,10
-1190250.3687601476,1755955.1956402247,10
-1189787.0560436202,1755955.1956402247,10
-1189323.7433270926,1755955.1956402247,10
-1188860.430610565,1755955.1956402247,10
-1188397.1178940376,1755955.1956402247,10
-1187933.80517751,1755955.1956402247,10
-1187470.4924609826,1755955.1956402247,10
-1187007.179744455,1755955.1956402247,10
-1186543.8670279277,1755955.1956402247,10
-1186080.5543114,1755955.1956402247,10
-1185617.2415948727,1755955.1956402247,10
-1185153.928878345,1755955.1956402247,10
-1184690.6161618177,1755955.1956402247,10
-1184227.30344529,1755955.1956402247,10
-1183763.9907287627,1755955.1956402247,10
-1183300.678012235,1755955.1956402247,10
-1182837.3652957077,1755955.1956402247,10
-1182374.05257918,1755955.1956402247,10
-1181910.7398626525,1755955.1956402247,10
-1181447.4271461251,1755955.1956402247,10
-1180984.1144295975,1755955.1956402247,10
-1180520.8017130701,1755955.1956402247,10
-1180057.4889965425,1755955.1956402247,10
-1179594.1762800151,1755955.1956402247,10
-1179130.8635634875,1755955.1956402247,10
-1178667.5508469602,1755955.1956402247,10
-1178204.2381304326,1755955.1956402247,10
-1177740.9254139052,1755955.1956402247,10
-1177277.6126973776,1755955.1956402247,10
-1176814.2999808502,1755955.1956402247,10
-1176350.9872643226,1755955.1956402247,10
-1175887.6745477952,1755955.1956402247,10
-1175424.3618312676,1755955.1956402247,10
-1174961.04911474,1755955.1956402247,10
-1174497.7363982126,1755955.1956402247,10
-1174034.4236816852,1755955.1956402247,10
-1173571.1109651576,1755955.1956402247,10
-1173107.79824863,1755955.1956402247,10
-1172644.4855321026,1755955.1956402247,10
-1172181.172815575,1755955.1956402247,10
-1171717.8600990477,1755955.1956402247,10
-1171254.54738252,1755955.1956402247,10
-1170791.2346659927,1755955.1956402247,10
-1170327.921949465,1755955.1956402247,10
-1169864.6092329377,1755955.1956402247,10
-1169401.29651641,1755955.1956402247,10
-1168937.9837998827,1755955.1956402247,10
-1168474.671083355,1755955.1956402247,10
-1168011.3583668275,1755955.1956402247,10
-1167548.0456503,1755955.1956402247,10
-1167084.7329337727,1755955.1956402247,10
-1166621.4202172451,1755955.1956402247,10
-1166158.1075007175,1755955.1956402247,10
-1165694.7947841901,1755955.1956402247,10
-1165231.4820676625,1755955.1956402247,10
-1164768.1693511351,1755955.1956402247,10
-1164304.8566346075,1755955.1956402247,10
-1163841.5439180802,1755955.1956402247,10
-1163378.2312015526,1755955.1956402247,10
-1162914.9184850252,1755955.1956402247,10
-1162451.6057684976,1755955.1956402247,10
-1161988.2930519702,1755955.1956402247,10
-1161524.9803354426,1755955.1956402247,10
-1161061.6676189152,1755955.1956402247,10
-1160598.3549023876,1755955.1956402247,10
-1160135.0421858602,1755955.1956402247,10
-1159671.7294693326,1755955.1956402247,10
-1159208.416752805,1755955.1956402247,7
-1158745.1040362776,1755955.1956402247,7
-1158281.79131975,1755955.1956402247,7
-1157818.4786032226,1755955.1956402247,7
-1157355.165886695,1755955.1956402247,7
-1156891.8531701677,1755955.1956402247,10
-1156428.54045364,1755955.1956402247,10
-1155965.2277371127,1755955.1956402247,10
-1155501.915020585,1755955.1956402247,10
-1155038.6023040577,1755955.1956402247,10
-1154575.28958753,1755955.1956402247,10
-1154111.9768710027,1755955.1956402247,10
-1153648.664154475,1755955.1956402247,10
-1153185.3514379477,1755955.1956402247,7
-1152722.03872142,1755955.1956402247,7
-1152258.7260048925,1755955.1956402247,10
-1151795.4132883651,1755955.1956402247,10
-1151332.1005718375,1755955.1956402247,10
-1150868.7878553101,1755955.1956402247,10
-1150405.4751387825,1755955.1956402247,10
-1149942.1624222551,1755955.1956402247,10
-1149478.8497057275,1755955.1956402247,10
-1149015.5369892002,1755955.1956402247,10
-1148552.2242726726,1755955.1956402247,10
-1148088.9115561452,1755955.1956402247,10
-1147625.5988396176,1755955.1956402247,10
-1147162.2861230902,1755955.1956402247,10
-1146698.9734065626,1755955.1956402247,10
-1146235.6606900352,1755955.1956402247,10
-1145772.3479735076,1755955.1956402247,10
-1145309.03525698,1755955.1956402247,10
-1144845.7225404526,1755955.1956402247,10
-1144382.4098239252,1755955.1956402247,10
-1143919.0971073976,1755955.1956402247,10
-1143455.78439087,1755955.1956402247,10
-1142992.4716743426,1755955.1956402247,10
-1142529.158957815,1755955.1956402247,10
-1142065.8462412877,1755955.1956402247,10
-1141602.53352476,1755955.1956402247,10
-1141139.2208082327,1755955.1956402247,10
-1140675.908091705,1755955.1956402247,10
-1140212.5953751777,1755955.1956402247,10
-1139749.28265865,1755955.1956402247,10
-1139285.9699421227,1755955.1956402247,10
-1241214.7675781725,1755491.8829236971,10
-1240751.4548616451,1755491.8829236971,10
-1240288.1421451175,1755491.8829236971,10
-1239824.8294285901,1755491.8829236971,10
-1239361.5167120625,1755491.8829236971,10
-1238898.2039955352,1755491.8829236971,10
-1238434.8912790075,1755491.8829236971,10
-1237971.5785624802,1755491.8829236971,10
-1237508.2658459526,1755491.8829236971,10
-1237044.9531294252,1755491.8829236971,10
-1236581.6404128976,1755491.8829236971,10
-1236118.3276963702,1755491.8829236971,10
-1235655.0149798426,1755491.8829236971,10
-1235191.7022633152,1755491.8829236971,10
-1234728.3895467876,1755491.8829236971,10
-1234265.07683026,1755491.8829236971,10
-1233801.7641137326,1755491.8829236971,10
-1233338.4513972052,1755491.8829236971,10
-1232875.1386806776,1755491.8829236971,10
-1232411.82596415,1755491.8829236971,10
-1231948.5132476226,1755491.8829236971,10
-1231485.200531095,1755491.8829236971,10
-1231021.8878145677,1755491.8829236971,10
-1230558.57509804,1755491.8829236971,10
-1230095.2623815127,1755491.8829236971,10
-1229631.949664985,1755491.8829236971,10
-1229168.6369484577,1755491.8829236971,10
-1228705.32423193,1755491.8829236971,10
-1228242.0115154027,1755491.8829236971,10
-1227778.698798875,1755491.8829236971,10
-1227315.3860823475,1755491.8829236971,10
-1226852.07336582,1755491.8829236971,10
-1226388.7606492927,1755491.8829236971,10
-1225925.4479327651,1755491.8829236971,10
-1225462.1352162375,1755491.8829236971,10
-1224998.8224997101,1755491.8829236971,10
-1224535.5097831825,1755491.8829236971,10
-1224072.1970666551,1755491.8829236971,10
-1223608.8843501275,1755491.8829236971,10
-1223145.5716336002,1755491.8829236971,10
-1222682.2589170726,1755491.8829236971,10
-1222218.9462005452,1755491.8829236971,10
-1221755.6334840176,1755491.8829236971,10
-1221292.3207674902,1755491.8829236971,10
-1220829.0080509626,1755491.8829236971,10
-1220365.6953344352,1755491.8829236971,10
-1219902.3826179076,1755491.8829236971,10
-1219439.0699013802,1755491.8829236971,10
-1218975.7571848526,1755491.8829236971,10
-1218512.444468325,1755491.8829236971,10
-1218049.1317517976,1755491.8829236971,10
-1217585.81903527,1755491.8829236971,10
-1217122.5063187426,1755491.8829236971,10
-1216659.193602215,1755491.8829236971,10
-1216195.8808856877,1755491.8829236971,10
-1215732.56816916,1755491.8829236971,10
-1215269.2554526327,1755491.8829236971,10
-1214805.942736105,1755491.8829236971,10
-1214342.6300195777,1755491.8829236971,10
-1213879.31730305,1755491.8829236971,10
-1213416.0045865227,1755491.8829236971,10
-1212952.691869995,1755491.8829236971,10
-1212489.3791534677,1755491.8829236971,10
-1212026.06643694,1755491.8829236971,10
-1211562.7537204125,1755491.8829236971,10
-1211099.4410038851,1755491.8829236971,10
-1210636.1282873575,1755491.8829236971,10
-1210172.8155708301,1755491.8829236971,10
-1209709.5028543025,1755491.8829236971,10
-1209246.1901377751,1755491.8829236971,10
-1208782.8774212475,1755491.8829236971,10
-1208319.5647047202,1755491.8829236971,10
-1207856.2519881926,1755491.8829236971,10
-1207392.9392716652,1755491.8829236971,10
-1206929.6265551376,1755491.8829236971,10
-1206466.3138386102,1755491.8829236971,10
-1206003.0011220826,1755491.8829236971,10
-1205539.6884055552,1755491.8829236971,10
-1205076.3756890276,1755491.8829236971,10
-1204613.0629725,1755491.8829236971,10
-1204149.7502559726,1755491.8829236971,10
-1203686.4375394452,1755491.8829236971,10
-1203223.1248229176,1755491.8829236971,10
-1202759.81210639,1755491.8829236971,10
-1202296.4993898626,1755491.8829236971,10
-1201833.186673335,1755491.8829236971,10
-1201369.8739568077,1755491.8829236971,10
-1200906.56124028,1755491.8829236971,10
-1200443.2485237527,1755491.8829236971,10
-1199979.935807225,1755491.8829236971,10
-1199516.6230906977,1755491.8829236971,10
-1199053.31037417,1755491.8829236971,10
-1198589.9976576427,1755491.8829236971,10
-1198126.684941115,1755491.8829236971,10
-1197663.3722245875,1755491.8829236971,10
-1197200.05950806,1755491.8829236971,10
-1196736.7467915327,1755491.8829236971,10
-1196273.4340750051,1755491.8829236971,10
-1195810.1213584775,1755491.8829236971,10
-1195346.8086419501,1755491.8829236971,10
-1194883.4959254225,1755491.8829236971,10
-1194420.1832088951,1755491.8829236971,10
-1193956.8704923675,1755491.8829236971,10
-1193493.5577758402,1755491.8829236971,10
-1193030.2450593126,1755491.8829236971,10
-1192566.9323427852,1755491.8829236971,10
-1192103.6196262576,1755491.8829236971,10
-1191640.3069097302,1755491.8829236971,10
-1191176.9941932026,1755491.8829236971,10
-1190713.6814766752,1755491.8829236971,10
-1190250.3687601476,1755491.8829236971,10
-1189787.0560436202,1755491.8829236971,10
-1189323.7433270926,1755491.8829236971,10
-1188860.430610565,1755491.8829236971,10
-1188397.1178940376,1755491.8829236971,10
-1187933.80517751,1755491.8829236971,10
-1187470.4924609826,1755491.8829236971,10
-1187007.179744455,1755491.8829236971,10
-1186543.8670279277,1755491.8829236971,10
-1186080.5543114,1755491.8829236971,10
-1185617.2415948727,1755491.8829236971,10
-1185153.928878345,1755491.8829236971,10
-1184690.6161618177,1755491.8829236971,10
-1184227.30344529,1755491.8829236971,10
-1183763.9907287627,1755491.8829236971,10
-1183300.678012235,1755491.8829236971,10
-1182837.3652957077,1755491.8829236971,10
-1182374.05257918,1755491.8829236971,10
-1181910.7398626525,1755491.8829236971,10
-1181447.4271461251,1755491.8829236971,10
-1180984.1144295975,1755491.8829236971,10
-1180520.8017130701,1755491.8829236971,10
-1180057.4889965425,1755491.8829236971,10
-1179594.1762800151,1755491.8829236971,10
-1179130.8635634875,1755491.8829236971,10
-1178667.5508469602,1755491.8829236971,10
-1178204.2381304326,1755491.8829236971,10
-1177740.9254139052,1755491.8829236971,10
-1177277.6126973776,1755491.8829236971,10
-1176814.2999808502,1755491.8829236971,10
-1176350.9872643226,1755491.8829236971,10
-1175887.6745477952,1755491.8829236971,10
-1175424.3618312676,1755491.8829236971,10
-1174961.04911474,1755491.8829236971,10
-1174497.7363982126,1755491.8829236971,10
-1174034.4236816852,1755491.8829236971,10
-1173571.1109651576,1755491.8829236971,10
-1173107.79824863,1755491.8829236971,10
-1172644.4855321026,1755491.8829236971,10
-1172181.172815575,1755491.8829236971,10
-1171717.8600990477,1755491.8829236971,10
-1171254.54738252,1755491.8829236971,10
-1170791.2346659927,1755491.8829236971,10
-1170327.921949465,1755491.8829236971,10
-1169864.6092329377,1755491.8829236971,10
-1169401.29651641,1755491.8829236971,10
-1168937.9837998827,1755491.8829236971,10
-1168474.671083355,1755491.8829236971,10
-1168011.3583668275,1755491.8829236971,10
-1167548.0456503,1755491.8829236971,10
-1167084.7329337727,1755491.8829236971,10
-1166621.4202172451,1755491.8829236971,10
-1166158.1075007175,1755491.8829236971,10
-1165694.7947841901,1755491.8829236971,10
-1165231.4820676625,1755491.8829236971,10
-1164768.1693511351,1755491.8829236971,10
-1164304.8566346075,1755491.8829236971,10
-1163841.5439180802,1755491.8829236971,10
-1163378.2312015526,1755491.8829236971,10
-1162914.9184850252,1755491.8829236971,10
-1162451.6057684976,1755491.8829236971,10
-1161988.2930519702,1755491.8829236971,10
-1161524.9803354426,1755491.8829236971,10
-1161061.6676189152,1755491.8829236971,10
-1160598.3549023876,1755491.8829236971,10
-1160135.0421858602,1755491.8829236971,10
-1159671.7294693326,1755491.8829236971,10
-1159208.416752805,1755491.8829236971,10
-1158745.1040362776,1755491.8829236971,10
-1158281.79131975,1755491.8829236971,10
-1157818.4786032226,1755491.8829236971,10
-1157355.165886695,1755491.8829236971,10
-1156891.8531701677,1755491.8829236971,10
-1156428.54045364,1755491.8829236971,10
-1155965.2277371127,1755491.8829236971,10
-1155501.915020585,1755491.8829236971,10
-1155038.6023040577,1755491.8829236971,10
-1154575.28958753,1755491.8829236971,10
-1154111.9768710027,1755491.8829236971,10
-1153648.664154475,1755491.8829236971,10
-1153185.3514379477,1755491.8829236971,7
-1152722.03872142,1755491.8829236971,7
-1152258.7260048925,1755491.8829236971,10
-1151795.4132883651,1755491.8829236971,10
-1151332.1005718375,1755491.8829236971,10
-1150868.7878553101,1755491.8829236971,10
-1150405.4751387825,1755491.8829236971,10
-1149942.1624222551,1755491.8829236971,10
-1149478.8497057275,1755491.8829236971,10
-1149015.5369892002,1755491.8829236971,10
-1148552.2242726726,1755491.8829236971,10
-1148088.9115561452,1755491.8829236971,10
-1147625.5988396176,1755491.8829236971,10
-1147162.2861230902,1755491.8829236971,10
-1146698.9734065626,1755491.8829236971,10
-1146235.6606900352,1755491.8829236971,10
-1145772.3479735076,1755491.8829236971,10
-1145309.03525698,1755491.8829236971,10
-1144845.7225404526,1755491.8829236971,10
-1144382.4098239252,1755491.8829236971,10
-1143919.0971073976,1755491.8829236971,10
-1143455.78439087,1755491.8829236971,10
-1142992.4716743426,1755491.8829236971,10
-1142529.158957815,1755491.8829236971,10
-1142065.8462412877,1755491.8829236971,10
-1141602.53352476,1755491.8829236971,10
-1141139.2208082327,1755491.8829236971,10
-1140675.908091705,1755491.8829236971,10
-1140212.5953751777,1755491.8829236971,10
-1139749.28265865,1755491.8829236971,10
-1139285.9699421227,1755491.8829236971,10
-1241214.7675781725,1755028.5702071697,10
-1240751.4548616451,1755028.5702071697,10
-1240288.1421451175,1755028.5702071697,10
-1239824.8294285901,1755028.5702071697,10
-1239361.5167120625,1755028.5702071697,10
-1238898.2039955352,1755028.5702071697,10
-1238434.8912790075,1755028.5702071697,10
-1237971.5785624802,1755028.5702071697,10
-1237508.2658459526,1755028.5702071697,10
-1237044.9531294252,1755028.5702071697,10
-1236581.6404128976,1755028.5702071697,10
-1236118.3276963702,1755028.5702071697,10
-1235655.0149798426,1755028.5702071697,10
-1235191.7022633152,1755028.5702071697,10
-1234728.3895467876,1755028.5702071697,10
-1234265.07683026,1755028.5702071697,10
-1233801.7641137326,1755028.5702071697,10
-1233338.4513972052,1755028.5702071697,10
-1232875.1386806776,1755028.5702071697,10
-1232411.82596415,1755028.5702071697,10
-1231948.5132476226,1755028.5702071697,10
-1231485.200531095,1755028.5702071697,10
-1231021.8878145677,1755028.5702071697,10
-1230558.57509804,1755028.5702071697,10
-1230095.2623815127,1755028.5702071697,10
-1229631.949664985,1755028.5702071697,10
-1229168.6369484577,1755028.5702071697,10
-1228705.32423193,1755028.5702071697,10
-1228242.0115154027,1755028.5702071697,10
-1227778.698798875,1755028.5702071697,10
-1227315.3860823475,1755028.5702071697,10
-1226852.07336582,1755028.5702071697,10
-1226388.7606492927,1755028.5702071697,10
-1225925.4479327651,1755028.5702071697,10
-1225462.1352162375,1755028.5702071697,10
-1224998.8224997101,1755028.5702071697,10
-1224535.5097831825,1755028.5702071697,10
-1224072.1970666551,1755028.5702071697,10
-1223608.8843501275,1755028.5702071697,10
-1223145.5716336002,1755028.5702071697,10
-1222682.2589170726,1755028.5702071697,10
-1222218.9462005452,1755028.5702071697,10
-1221755.6334840176,1755028.5702071697,10
-1221292.3207674902,1755028.5702071697,10
-1220829.0080509626,1755028.5702071697,10
-1220365.6953344352,1755028.5702071697,10
-1219902.3826179076,1755028.5702071697,10
-1219439.0699013802,1755028.5702071697,10
-1218975.7571848526,1755028.5702071697,10
-1218512.444468325,1755028.5702071697,10
-1218049.1317517976,1755028.5702071697,10
-1217585.81903527,1755028.5702071697,10
-1217122.5063187426,1755028.5702071697,10
-1216659.193602215,1755028.5702071697,10
-1216195.8808856877,1755028.5702071697,10
-1215732.56816916,1755028.5702071697,10
-1215269.2554526327,1755028.5702071697,10
-1214805.942736105,1755028.5702071697,10
-1214342.6300195777,1755028.5702071697,10
-1213879.31730305,1755028.5702071697,10
-1213416.0045865227,1755028.5702071697,10
-1212952.691869995,1755028.5702071697,10
-1212489.3791534677,1755028.5702071697,10
-1212026.06643694,1755028.5702071697,10
-1211562.7537204125,1755028.5702071697,10
-1211099.4410038851,1755028.5702071697,10
-1210636.1282873575,1755028.5702071697,10
-1210172.8155708301,1755028.5702071697,10
-1209709.5028543025,1755028.5702071697,10
-1209246.1901377751,1755028.5702071697,10
-1208782.8774212475,1755028.5702071697,10
-1208319.5647047202,1755028.5702071697,10
-1207856.2519881926,1755028.5702071697,10
-1207392.9392716652,1755028.5702071697,10
-1206929.6265551376,1755028.5702071697,10
-1206466.3138386102,1755028.5702071697,10
-1206003.0011220826,1755028.5702071697,10
-1205539.6884055552,1755028.5702071697,10
-1205076.3756890276,1755028.5702071697,10
-1204613.0629725,1755028.5702071697,10
-1204149.7502559726,1755028.5702071697,10
-1203686.4375394452,1755028.5702071697,10
-1203223.1248229176,1755028.5702071697,10
-1202759.81210639,1755028.5702071697,10
-1202296.4993898626,1755028.5702071697,10
-1201833.186673335,1755028.5702071697,10
-1201369.8739568077,1755028.5702071697,10
-1200906.56124028,1755028.5702071697,10
-1200443.2485237527,1755028.5702071697,10
-1199979.935807225,1755028.5702071697,10
-1199516.6230906977,1755028.5702071697,10
-1199053.31037417,1755028.5702071697,10
-1198589.9976576427,1755028.5702071697,10
-1198126.684941115,1755028.5702071697,10
-1197663.3722245875,1755028.5702071697,10
-1197200.05950806,1755028.5702071697,10
-1196736.7467915327,1755028.5702071697,10
-1196273.4340750051,1755028.5702071697,10
-1195810.1213584775,1755028.5702071697,10
-1195346.8086419501,1755028.5702071697,10
-1194883.4959254225,1755028.5702071697,10
-1194420.1832088951,1755028.5702071697,10
-1193956.8704923675,1755028.5702071697,10
-1193493.5577758402,1755028.5702071697,10
-1193030.2450593126,1755028.5702071697,10
-1192566.9323427852,1755028.5702071697,10
-1192103.6196262576,1755028.5702071697,10
-1191640.3069097302,1755028.5702071697,10
-1191176.9941932026,1755028.5702071697,10
-1190713.6814766752,1755028.5702071697,10
-1190250.3687601476,1755028.5702071697,10
-1189787.0560436202,1755028.5702071697,10
-1189323.7433270926,1755028.5702071697,10
-1188860.430610565,1755028.5702071697,10
-1188397.1178940376,1755028.5702071697,10
-1187933.80517751,1755028.5702071697,10
-1187470.4924609826,1755028.5702071697,10
-1187007.179744455,1755028.5702071697,10
-1186543.8670279277,1755028.5702071697,10
-1186080.5543114,1755028.5702071697,10
-1185617.2415948727,1755028.5702071697,10
-1185153.928878345,1755028.5702071697,10
-1184690.6161618177,1755028.5702071697,10
-1184227.30344529,1755028.5702071697,10
-1183763.9907287627,1755028.5702071697,10
-1183300.678012235,1755028.5702071697,10
-1182837.3652957077,1755028.5702071697,10
-1182374.05257918,1755028.5702071697,10
-1181910.7398626525,1755028.5702071697,10
-1181447.4271461251,1755028.5702071697,10
-1180984.1144295975,1755028.5702071697,10
-1180520.8017130701,1755028.5702071697,10
-1180057.4889965425,1755028.5702071697,10
-1179594.1762800151,1755028.5702071697,10
-1179130.8635634875,1755028.5702071697,10
-1178667.5508469602,1755028.5702071697,10
-1178204.2381304326,1755028.5702071697,10
-1177740.9254139052,1755028.5702071697,10
-1177277.6126973776,1755028.5702071697,10
-1176814.2999808502,1755028.5702071697,10
-1176350.9872643226,1755028.5702071697,10
-1175887.6745477952,1755028.5702071697,10
-1175424.3618312676,1755028.5702071697,10
-1174961.04911474,1755028.5702071697,10
-1174497.7363982126,1755028.5702071697,10
-1174034.4236816852,1755028.5702071697,10
-1173571.1109651576,1755028.5702071697,10
-1173107.79824863,1755028.5702071697,10
-1172644.4855321026,1755028.5702071697,10
-1172181.172815575,1755028.5702071697,10
-1171717.8600990477,1755028.5702071697,10
-1171254.54738252,1755028.5702071697,10
-1170791.2346659927,1755028.5702071697,10
-1170327.921949465,1755028.5702071697,10
-1169864.6092329377,1755028.5702071697,10
-1169401.29651641,1755028.5702071697,10
-1168937.9837998827,1755028.5702071697,10
-1168474.671083355,1755028.5702071697,10
-1168011.3583668275,1755028.5702071697,10
-1167548.0456503,1755028.5702071697,10
-1167084.7329337727,1755028.5702071697,10
-1166621.4202172451,1755028.5702071697,10
-1166158.1075007175,1755028.5702071697,10
-1165694.7947841901,1755028.5702071697,10
-1165231.4820676625,1755028.5702071697,10
-1164768.1693511351,1755028.5702071697,10
-1164304.8566346075,1755028.5702071697,10
-1163841.5439180802,1755028.5702071697,10
-1163378.2312015526,1755028.5702071697,10
-1162914.9184850252,1755028.5702071697,10
-1162451.6057684976,1755028.5702071697,10
-1161988.2930519702,1755028.5702071697,10
-1161524.9803354426,1755028.5702071697,10
-1161061.6676189152,1755028.5702071697,10
-1160598.3549023876,1755028.5702071697,10
-1160135.0421858602,1755028.5702071697,10
-1159671.7294693326,1755028.5702071697,10
-1159208.416752805,1755028.5702071697,10
-1158745.1040362776,1755028.5702071697,10
-1158281.79131975,1755028.5702071697,10
-1157818.4786032226,1755028.5702071697,10
-1157355.165886695,1755028.5702071697,10
-1156891.8531701677,1755028.5702071697,10
-1156428.54045364,1755028.5702071697,10
-1155965.2277371127,1755028.5702071697,10
-1155501.915020585,1755028.5702071697,10
-1155038.6023040577,1755028.5702071697,10
-1154575.28958753,1755028.5702071697,10
-1154111.9768710027,1755028.5702071697,10
-1153648.664154475,1755028.5702071697,10
-1153185.3514379477,1755028.5702071697,7
-1152722.03872142,1755028.5702071697,7
-1152258.7260048925,1755028.5702071697,10
-1151795.4132883651,1755028.5702071697,10
-1151332.1005718375,1755028.5702071697,10
-1150868.7878553101,1755028.5702071697,10
-1150405.4751387825,1755028.5702071697,10
-1149942.1624222551,1755028.5702071697,10
-1149478.8497057275,1755028.5702071697,10
-1149015.5369892002,1755028.5702071697,10
-1148552.2242726726,1755028.5702071697,10
-1148088.9115561452,1755028.5702071697,10
-1147625.5988396176,1755028.5702071697,10
-1147162.2861230902,1755028.5702071697,10
-1146698.9734065626,1755028.5702071697,10
-1146235.6606900352,1755028.5702071697,10
-1145772.3479735076,1755028.5702071697,10
-1145309.03525698,1755028.5702071697,10
-1144845.7225404526,1755028.5702071697,10
-1144382.4098239252,1755028.5702071697,10
-1143919.0971073976,1755028.5702071697,10
-1143455.78439087,1755028.5702071697,10
-1142992.4716743426,1755028.5702071697,10
-1142529.158957815,1755028.5702071697,10
-1142065.8462412877,1755028.5702071697,10
-1141602.53352476,1755028.5702071697,10
-1141139.2208082327,1755028.5702071697,10
-1140675.908091705,1755028.5702071697,10
-1140212.5953751777,1755028.5702071697,10
-1139749.28265865,1755028.5702071697,10
-1139285.9699421227,1755028.5702071697,10
-1241678.0802947,1754565.2574906421,10
-1241214.7675781725,1754565.2574906421,10
-1240751.4548616451,1754565.2574906421,10
-1240288.1421451175,1754565.2574906421,10
-1239824.8294285901,1754565.2574906421,10
-1239361.5167120625,1754565.2574906421,10
-1238898.2039955352,1754565.2574906421,10
-1238434.8912790075,1754565.2574906421,10
-1237971.5785624802,1754565.2574906421,10
-1237508.2658459526,1754565.2574906421,10
-1237044.9531294252,1754565.2574906421,10
-1236581.6404128976,1754565.2574906421,10
-1236118.3276963702,1754565.2574906421,10
-1235655.0149798426,1754565.2574906421,10
-1235191.7022633152,1754565.2574906421,10
-1234728.3895467876,1754565.2574906421,10
-1234265.07683026,1754565.2574906421,10
-1233801.7641137326,1754565.2574906421,10
-1233338.4513972052,1754565.2574906421,10
-1232875.1386806776,1754565.2574906421,10
-1232411.82596415,1754565.2574906421,10
-1231948.5132476226,1754565.2574906421,10
-1231485.200531095,1754565.2574906421,10
-1231021.8878145677,1754565.2574906421,10
-1230558.57509804,1754565.2574906421,10
-1230095.2623815127,1754565.2574906421,10
-1229631.949664985,1754565.2574906421,10
-1229168.6369484577,1754565.2574906421,10
-1228705.32423193,1754565.2574906421,10
-1228242.0115154027,1754565.2574906421,10
-1227778.698798875,1754565.2574906421,10
-1227315.3860823475,1754565.2574906421,10
-1226852.07336582,1754565.2574906421,10
-1226388.7606492927,1754565.2574906421,10
-1225925.4479327651,1754565.2574906421,10
-1225462.1352162375,1754565.2574906421,10
-1224998.8224997101,1754565.2574906421,10
-1224535.5097831825,1754565.2574906421,10
-1224072.1970666551,1754565.2574906421,10
-1223608.8843501275,1754565.2574906421,10
-1223145.5716336002,1754565.2574906421,10
-1222682.2589170726,1754565.2574906421,10
-1222218.9462005452,1754565.2574906421,10
-1221755.6334840176,1754565.2574906421,10
-1221292.3207674902,1754565.2574906421,10
-1220829.0080509626,1754565.2574906421,10
-1220365.6953344352,1754565.2574906421,10
-1219902.3826179076,1754565.2574906421,10
-1219439.0699013802,1754565.2574906421,10
-1218975.7571848526,1754565.2574906421,10
-1218512.444468325,1754565.2574906421,10
-1218049.1317517976,1754565.2574906421,10
-1217585.81903527,1754565.2574906421,10
-1217122.5063187426,1754565.2574906421,10
-1216659.193602215,1754565.2574906421,10
-1216195.8808856877,1754565.2574906421,10
-1215732.56816916,1754565.2574906421,10
-1215269.2554526327,1754565.2574906421,10
-1214805.942736105,1754565.2574906421,10
-1214342.6300195777,1754565.2574906421,10
-1213879.31730305,1754565.2574906421,10
-1213416.0045865227,1754565.2574906421,10
-1212952.691869995,1754565.2574906421,10
-1212489.3791534677,1754565.2574906421,10
-1212026.06643694,1754565.2574906421,10
-1211562.7537204125,1754565.2574906421,10
-1211099.4410038851,1754565.2574906421,10
-1210636.1282873575,1754565.2574906421,10
-1210172.8155708301,1754565.2574906421,10
-1209709.5028543025,1754565.2574906421,10
-1209246.1901377751,1754565.2574906421,10
-1208782.8774212475,1754565.2574906421,10
-1208319.5647047202,1754565.2574906421,10
-1207856.2519881926,1754565.2574906421,10
-1207392.9392716652,1754565.2574906421,10
-1206929.6265551376,1754565.2574906421,10
-1206466.3138386102,1754565.2574906421,10
-1206003.0011220826,1754565.2574906421,10
-1205539.6884055552,1754565.2574906421,10
-1205076.3756890276,1754565.2574906421,10
-1204613.0629725,1754565.2574906421,10
-1204149.7502559726,1754565.2574906421,10
-1203686.4375394452,1754565.2574906421,10
-1203223.1248229176,1754565.2574906421,10
-1202759.81210639,1754565.2574906421,10
-1202296.4993898626,1754565.2574906421,10
-1201833.186673335,1754565.2574906421,10
-1201369.8739568077,1754565.2574906421,10
-1200906.56124028,1754565.2574906421,10
-1200443.2485237527,1754565.2574906421,10
-1199979.935807225,1754565.2574906421,10
-1199516.6230906977,1754565.2574906421,10
-1199053.31037417,1754565.2574906421,10
-1198589.9976576427,1754565.2574906421,10
-1198126.684941115,1754565.2574906421,10
-1197663.3722245875,1754565.2574906421,10
-1197200.05950806,1754565.2574906421,10
-1196736.7467915327,1754565.2574906421,10
-1196273.4340750051,1754565.2574906421,10
-1195810.1213584775,1754565.2574906421,10
-1195346.8086419501,1754565.2574906421,10
-1194883.4959254225,1754565.2574906421,10
-1194420.1832088951,1754565.2574906421,10
-1193956.8704923675,1754565.2574906421,10
-1193493.5577758402,1754565.2574906421,10
-1193030.2450593126,1754565.2574906421,10
-1192566.9323427852,1754565.2574906421,10
-1192103.6196262576,1754565.2574906421,10
-1191640.3069097302,1754565.2574906421,10
-1191176.9941932026,1754565.2574906421,10
-1190713.6814766752,1754565.2574906421,10
-1190250.3687601476,1754565.2574906421,10
-1189787.0560436202,1754565.2574906421,10
-1189323.7433270926,1754565.2574906421,10
-1188860.430610565,1754565.2574906421,10
-1188397.1178940376,1754565.2574906421,10
-1187933.80517751,1754565.2574906421,10
-1187470.4924609826,1754565.2574906421,10
-1187007.179744455,1754565.2574906421,10
-1186543.8670279277,1754565.2574906421,10
-1186080.5543114,1754565.2574906421,10
-1185617.2415948727,1754565.2574906421,10
-1185153.928878345,1754565.2574906421,10
-1184690.6161618177,1754565.2574906421,10
-1184227.30344529,1754565.2574906421,10
-1183763.9907287627,1754565.2574906421,10
-1183300.678012235,1754565.2574906421,10
-1182837.3652957077,1754565.2574906421,10
-1182374.05257918,1754565.2574906421,10
-1181910.7398626525,1754565.2574906421,10
-1181447.4271461251,1754565.2574906421,10
-1180984.1144295975,1754565.2574906421,10
-1180520.8017130701,1754565.2574906421,10
-1180057.4889965425,1754565.2574906421,10
-1179594.1762800151,1754565.2574906421,10
-1179130.8635634875,1754565.2574906421,10
-1178667.5508469602,1754565.2574906421,10
-1178204.2381304326,1754565.2574906421,10
-1177740.9254139052,1754565.2574906421,10
-1177277.6126973776,1754565.2574906421,10
-1176814.2999808502,1754565.2574906421,10
-1176350.9872643226,1754565.2574906421,10
-1175887.6745477952,1754565.2574906421,10
-1175424.3618312676,1754565.2574906421,10
-1174961.04911474,1754565.2574906421,10
-1174497.7363982126,1754565.2574906421,10
-1174034.4236816852,1754565.2574906421,10
-1173571.1109651576,1754565.2574906421,10
-1173107.79824863,1754565.2574906421,10
-1172644.4855321026,1754565.2574906421,10
-1172181.172815575,1754565.2574906421,10
-1171717.8600990477,1754565.2574906421,10
-1171254.54738252,1754565.2574906421,10
-1170791.2346659927,1754565.2574906421,10
-1170327.921949465,1754565.2574906421,10
-1169864.6092329377,1754565.2574906421,10
-1169401.29651641,1754565.2574906421,10
-1168937.9837998827,1754565.2574906421,10
-1168474.671083355,1754565.2574906421,10
-1168011.3583668275,1754565.2574906421,10
-1167548.0456503,1754565.2574906421,10
-1167084.7329337727,1754565.2574906421,10
-1166621.4202172451,1754565.2574906421,10
-1166158.1075007175,1754565.2574906421,10
-1165694.7947841901,1754565.2574906421,10
-1165231.4820676625,1754565.2574906421,10
-1164768.1693511351,1754565.2574906421,10
-1164304.8566346075,1754565.2574906421,10
-1163841.5439180802,1754565.2574906421,10
-1163378.2312015526,1754565.2574906421,10
-1162914.9184850252,1754565.2574906421,10
-1162451.6057684976,1754565.2574906421,10
-1161988.2930519702,1754565.2574906421,10
-1161524.9803354426,1754565.2574906421,10
-1161061.6676189152,1754565.2574906421,7
-1160598.3549023876,1754565.2574906421,10
-1160135.0421858602,1754565.2574906421,10
-1159671.7294693326,1754565.2574906421,10
-1159208.416752805,1754565.2574906421,10
-1158745.1040362776,1754565.2574906421,10
-1158281.79131975,1754565.2574906421,10
-1157818.4786032226,1754565.2574906421,10
-1157355.165886695,1754565.2574906421,10
-1156891.8531701677,1754565.2574906421,10
-1156428.54045364,1754565.2574906421,10
-1155965.2277371127,1754565.2574906421,10
-1155501.915020585,1754565.2574906421,10
-1155038.6023040577,1754565.2574906421,10
-1154575.28958753,1754565.2574906421,7
-1154111.9768710027,1754565.2574906421,7
-1153648.664154475,1754565.2574906421,7
-1153185.3514379477,1754565.2574906421,7
-1152722.03872142,1754565.2574906421,7
-1152258.7260048925,1754565.2574906421,7
-1151795.4132883651,1754565.2574906421,10
-1151332.1005718375,1754565.2574906421,10
-1150868.7878553101,1754565.2574906421,10
-1150405.4751387825,1754565.2574906421,10
-1149942.1624222551,1754565.2574906421,10
-1149478.8497057275,1754565.2574906421,10
-1149015.5369892002,1754565.2574906421,10
-1148552.2242726726,1754565.2574906421,10
-1148088.9115561452,1754565.2574906421,10
-1147625.5988396176,1754565.2574906421,10
-1147162.2861230902,1754565.2574906421,10
-1146698.9734065626,1754565.2574906421,10
-1146235.6606900352,1754565.2574906421,10
-1145772.3479735076,1754565.2574906421,10
-1145309.03525698,1754565.2574906421,10
-1144845.7225404526,1754565.2574906421,10
-1144382.4098239252,1754565.2574906421,10
-1143919.0971073976,1754565.2574906421,10
-1143455.78439087,1754565.2574906421,10
-1142992.4716743426,1754565.2574906421,10
-1142529.158957815,1754565.2574906421,10
-1142065.8462412877,1754565.2574906421,10
-1141602.53352476,1754565.2574906421,10
-1141139.2208082327,1754565.2574906421,10
-1140675.908091705,1754565.2574906421,10
-1140212.5953751777,1754565.2574906421,10
-1139749.28265865,1754565.2574906421,10
-1139285.9699421227,1754565.2574906421,10
-1138822.657225595,1754565.2574906421,10
-1242141.3930112277,1754101.9447741148,10
-1241678.0802947,1754101.9447741148,10
-1241214.7675781725,1754101.9447741148,10
-1240751.4548616451,1754101.9447741148,10
-1240288.1421451175,1754101.9447741148,10
-1239824.8294285901,1754101.9447741148,10
-1239361.5167120625,1754101.9447741148,10
-1238898.2039955352,1754101.9447741148,10
-1238434.8912790075,1754101.9447741148,10
-1237971.5785624802,1754101.9447741148,10
-1237508.2658459526,1754101.9447741148,10
-1237044.9531294252,1754101.9447741148,10
-1236581.6404128976,1754101.9447741148,10
-1236118.3276963702,1754101.9447741148,10
-1235655.0149798426,1754101.9447741148,10
-1235191.7022633152,1754101.9447741148,10
-1234728.3895467876,1754101.9447741148,10
-1234265.07683026,1754101.9447741148,10
-1233801.7641137326,1754101.9447741148,10
-1233338.4513972052,1754101.9447741148,10
-1232875.1386806776,1754101.9447741148,10
-1232411.82596415,1754101.9447741148,10
-1231948.5132476226,1754101.9447741148,10
-1231485.200531095,1754101.9447741148,10
-1231021.8878145677,1754101.9447741148,10
-1230558.57509804,1754101.9447741148,10
-1230095.2623815127,1754101.9447741148,10
-1229631.949664985,1754101.9447741148,10
-1229168.6369484577,1754101.9447741148,10
-1228705.32423193,1754101.9447741148,10
-1228242.0115154027,1754101.9447741148,10
-1227778.698798875,1754101.9447741148,10
-1227315.3860823475,1754101.9447741148,10
-1226852.07336582,1754101.9447741148,10
-1226388.7606492927,1754101.9447741148,10
-1225925.4479327651,1754101.9447741148,10
-1225462.1352162375,1754101.9447741148,10
-1224998.8224997101,1754101.9447741148,10
-1224535.5097831825,1754101.9447741148,10
-1224072.1970666551,1754101.9447741148,10
-1223608.8843501275,1754101.9447741148,10
-1223145.5716336002,1754101.9447741148,10
-1222682.2589170726,1754101.9447741148,10
-1222218.9462005452,1754101.9447741148,10
-1221755.6334840176,1754101.9447741148,10
-1221292.3207674902,1754101.9447741148,10
-1220829.0080509626,1754101.9447741148,10
-1220365.6953344352,1754101.9447741148,10
-1219902.3826179076,1754101.9447741148,10
-1219439.0699013802,1754101.9447741148,10
-1218975.7571848526,1754101.9447741148,10
-1218512.444468325,1754101.9447741148,10
-1218049.1317517976,1754101.9447741148,10
-1217585.81903527,1754101.9447741148,10
-1217122.5063187426,1754101.9447741148,10
-1216659.193602215,1754101.9447741148,10
-1216195.8808856877,1754101.9447741148,10
-1215732.56816916,1754101.9447741148,10
-1215269.2554526327,1754101.9447741148,10
-1214805.942736105,1754101.9447741148,10
-1214342.6300195777,1754101.9447741148,10
-1213879.31730305,1754101.9447741148,10
-1213416.0045865227,1754101.9447741148,10
-1212952.691869995,1754101.9447741148,10
-1212489.3791534677,1754101.9447741148,10
-1212026.06643694,1754101.9447741148,10
-1211562.7537204125,1754101.9447741148,10
-1211099.4410038851,1754101.9447741148,10
-1210636.1282873575,1754101.9447741148,10
-1210172.8155708301,1754101.9447741148,10
-1209709.5028543025,1754101.9447741148,10
-1209246.1901377751,1754101.9447741148,10
-1208782.8774212475,1754101.9447741148,10
-1208319.5647047202,1754101.9447741148,10
-1207856.2519881926,1754101.9447741148,10
-1207392.9392716652,1754101.9447741148,10
-1206929.6265551376,1754101.9447741148,10
-1206466.3138386102,1754101.9447741148,10
-1206003.0011220826,1754101.9447741148,10
-1205539.6884055552,1754101.9447741148,10
-1205076.3756890276,1754101.9447741148,10
-1204613.0629725,1754101.9447741148,10
-1204149.7502559726,1754101.9447741148,10
-1203686.4375394452,1754101.9447741148,10
-1203223.1248229176,1754101.9447741148,10
-1202759.81210639,1754101.9447741148,10
-1202296.4993898626,1754101.9447741148,10
-1201833.186673335,1754101.9447741148,10
-1201369.8739568077,1754101.9447741148,10
-1200906.56124028,1754101.9447741148,10
-1200443.2485237527,1754101.9447741148,10
-1199979.935807225,1754101.9447741148,10
-1199516.6230906977,1754101.9447741148,10
-1199053.31037417,1754101.9447741148,10
-1198589.9976576427,1754101.9447741148,10
-1198126.684941115,1754101.9447741148,10
-1197663.3722245875,1754101.9447741148,10
-1197200.05950806,1754101.9447741148,10
-1196736.7467915327,1754101.9447741148,10
-1196273.4340750051,1754101.9447741148,10
-1195810.1213584775,1754101.9447741148,10
-1195346.8086419501,1754101.9447741148,10
-1194883.4959254225,1754101.9447741148,10
-1194420.1832088951,1754101.9447741148,10
-1193956.8704923675,1754101.9447741148,10
-1193493.5577758402,1754101.9447741148,10
-1193030.2450593126,1754101.9447741148,10
-1192566.9323427852,1754101.9447741148,10
-1192103.6196262576,1754101.9447741148,10
-1191640.3069097302,1754101.9447741148,10
-1191176.9941932026,1754101.9447741148,10
-1190713.6814766752,1754101.9447741148,10
-1190250.3687601476,1754101.9447741148,10
-1189787.0560436202,1754101.9447741148,10
-1189323.7433270926,1754101.9447741148,10
-1188860.430610565,1754101.9447741148,10
-1188397.1178940376,1754101.9447741148,10
-1187933.80517751,1754101.9447741148,10
-1187470.4924609826,1754101.9447741148,10
-1187007.179744455,1754101.9447741148,10
-1186543.8670279277,1754101.9447741148,10
-1186080.5543114,1754101.9447741148,10
-1185617.2415948727,1754101.9447741148,10
-1185153.928878345,1754101.9447741148,10
-1184690.6161618177,1754101.9447741148,10
-1184227.30344529,1754101.9447741148,10
-1183763.9907287627,1754101.9447741148,10
-1183300.678012235,1754101.9447741148,10
-1182837.3652957077,1754101.9447741148,10
-1182374.05257918,1754101.9447741148,10
-1181910.7398626525,1754101.9447741148,10
-1181447.4271461251,1754101.9447741148,10
-1180984.1144295975,1754101.9447741148,10
-1180520.8017130701,1754101.9447741148,10
-1180057.4889965425,1754101.9447741148,10
-1179594.1762800151,1754101.9447741148,10
-1179130.8635634875,1754101.9447741148,10
-1178667.5508469602,1754101.9447741148,10
-1178204.2381304326,1754101.9447741148,10
-1177740.9254139052,1754101.9447741148,10
-1177277.6126973776,1754101.9447741148,10
-1176814.2999808502,1754101.9447741148,10
-1176350.9872643226,1754101.9447741148,10
-1175887.6745477952,1754101.9447741148,10
-1175424.3618312676,1754101.9447741148,10
-1174961.04911474,1754101.9447741148,10
-1174497.7363982126,1754101.9447741148,10
-1174034.4236816852,1754101.9447741148,10
-1173571.1109651576,1754101.9447741148,10
-1173107.79824863,1754101.9447741148,10
-1172644.4855321026,1754101.9447741148,10
-1172181.172815575,1754101.9447741148,10
-1171717.8600990477,1754101.9447741148,10
-1171254.54738252,1754101.9447741148,10
-1170791.2346659927,1754101.9447741148,10
-1170327.921949465,1754101.9447741148,10
-1169864.6092329377,1754101.9447741148,10
-1169401.29651641,1754101.9447741148,10
-1168937.9837998827,1754101.9447741148,10
-1168474.671083355,1754101.9447741148,10
-1168011.3583668275,1754101.9447741148,10
-1167548.0456503,1754101.9447741148,10
-1167084.7329337727,1754101.9447741148,10
-1166621.4202172451,1754101.9447741148,10
-1166158.1075007175,1754101.9447741148,10
-1165694.7947841901,1754101.9447741148,10
-1165231.4820676625,1754101.9447741148,10
-1164768.1693511351,1754101.9447741148,10
-1164304.8566346075,1754101.9447741148,10
-1163841.5439180802,1754101.9447741148,10
-1163378.2312015526,1754101.9447741148,10
-1162914.9184850252,1754101.9447741148,10
-1162451.6057684976,1754101.9447741148,10
-1161988.2930519702,1754101.9447741148,10
-1161524.9803354426,1754101.9447741148,10
-1161061.6676189152,1754101.9447741148,10
-1160598.3549023876,1754101.9447741148,10
-1160135.0421858602,1754101.9447741148,10
-1159671.7294693326,1754101.9447741148,10
-1159208.416752805,1754101.9447741148,10
-1158745.1040362776,1754101.9447741148,10
-1158281.79131975,1754101.9447741148,10
-1157818.4786032226,1754101.9447741148,10
-1157355.165886695,1754101.9447741148,10
-1156891.8531701677,1754101.9447741148,10
-1156428.54045364,1754101.9447741148,10
-1155965.2277371127,1754101.9447741148,7
-1155501.915020585,1754101.9447741148,7
-1155038.6023040577,1754101.9447741148,7
-1154575.28958753,1754101.9447741148,7
-1154111.9768710027,1754101.9447741148,7
-1153648.664154475,1754101.9447741148,7
-1153185.3514379477,1754101.9447741148,7
-1152722.03872142,1754101.9447741148,10
-1152258.7260048925,1754101.9447741148,7
-1151795.4132883651,1754101.9447741148,10
-1151332.1005718375,1754101.9447741148,10
-1150868.7878553101,1754101.9447741148,10
-1150405.4751387825,1754101.9447741148,10
-1149942.1624222551,1754101.9447741148,10
-1149478.8497057275,1754101.9447741148,10
-1149015.5369892002,1754101.9447741148,10
-1148552.2242726726,1754101.9447741148,10
-1148088.9115561452,1754101.9447741148,10
-1147625.5988396176,1754101.9447741148,10
-1147162.2861230902,1754101.9447741148,10
-1146698.9734065626,1754101.9447741148,10
-1146235.6606900352,1754101.9447741148,10
-1145772.3479735076,1754101.9447741148,10
-1145309.03525698,1754101.9447741148,10
-1144845.7225404526,1754101.9447741148,10
-1144382.4098239252,1754101.9447741148,10
-1143919.0971073976,1754101.9447741148,10
-1143455.78439087,1754101.9447741148,10
-1142992.4716743426,1754101.9447741148,10
-1142529.158957815,1754101.9447741148,10
-1142065.8462412877,1754101.9447741148,10
-1141602.53352476,1754101.9447741148,10
-1141139.2208082327,1754101.9447741148,10
-1140675.908091705,1754101.9447741148,10
-1140212.5953751777,1754101.9447741148,10
-1139749.28265865,1754101.9447741148,10
-1139285.9699421227,1754101.9447741148,10
-1138822.657225595,1754101.9447741148,10
-1242141.3930112277,1753638.6320575872,10
-1241678.0802947,1753638.6320575872,10
-1241214.7675781725,1753638.6320575872,10
-1240751.4548616451,1753638.6320575872,10
-1240288.1421451175,1753638.6320575872,10
-1239824.8294285901,1753638.6320575872,10
-1239361.5167120625,1753638.6320575872,10
-1238898.2039955352,1753638.6320575872,10
-1238434.8912790075,1753638.6320575872,10
-1237971.5785624802,1753638.6320575872,10
-1237508.2658459526,1753638.6320575872,10
-1237044.9531294252,1753638.6320575872,10
-1236581.6404128976,1753638.6320575872,10
-1236118.3276963702,1753638.6320575872,10
-1235655.0149798426,1753638.6320575872,10
-1235191.7022633152,1753638.6320575872,10
-1234728.3895467876,1753638.6320575872,10
-1234265.07683026,1753638.6320575872,10
-1233801.7641137326,1753638.6320575872,10
-1233338.4513972052,1753638.6320575872,10
-1232875.1386806776,1753638.6320575872,10
-1232411.82596415,1753638.6320575872,10
-1231948.5132476226,1753638.6320575872,10
-1231485.200531095,1753638.6320575872,10
-1231021.8878145677,1753638.6320575872,10
-1230558.57509804,1753638.6320575872,10
-1230095.2623815127,1753638.6320575872,10
-1229631.949664985,1753638.6320575872,10
-1229168.6369484577,1753638.6320575872,10
-1228705.32423193,1753638.6320575872,10
-1228242.0115154027,1753638.6320575872,10
-1227778.698798875,1753638.6320575872,10
-1227315.3860823475,1753638.6320575872,10
-1226852.07336582,1753638.6320575872,10
-1226388.7606492927,1753638.6320575872,10
-1225925.4479327651,1753638.6320575872,10
-1225462.1352162375,1753638.6320575872,10
-1224998.8224997101,1753638.6320575872,10
-1224535.5097831825,1753638.6320575872,10
-1224072.1970666551,1753638.6320575872,10
-1223608.8843501275,1753638.6320575872,10
-1223145.5716336002,1753638.6320575872,10
-1222682.2589170726,1753638.6320575872,10
-1222218.9462005452,1753638.6320575872,10
-1221755.6334840176,1753638.6320575872,10
-1221292.3207674902,1753638.6320575872,10
-1220829.0080509626,1753638.6320575872,10
-1220365.6953344352,1753638.6320575872,10
-1219902.3826179076,1753638.6320575872,10
-1219439.0699013802,1753638.6320575872,10
-1218975.7571848526,1753638.6320575872,10
-1218512.444468325,1753638.6320575872,10
-1218049.1317517976,1753638.6320575872,10
-1217585.81903527,1753638.6320575872,10
-1217122.5063187426,1753638.6320575872,10
-1216659.193602215,1753638.6320575872,10
-1216195.8808856877,1753638.6320575872,10
-1215732.56816916,1753638.6320575872,10
-1215269.2554526327,1753638.6320575872,10
-1214805.942736105,1753638.6320575872,10
-1214342.6300195777,1753638.6320575872,10
-1213879.31730305,1753638.6320575872,10
-1213416.0045865227,1753638.6320575872,10
-1212952.691869995,1753638.6320575872,10
-1212489.3791534677,1753638.6320575872,10
-1212026.06643694,1753638.6320575872,10
-1211562.7537204125,1753638.6320575872,10
-1211099.4410038851,1753638.6320575872,10
-1210636.1282873575,1753638.6320575872,10
-1210172.8155708301,1753638.6320575872,10
-1209709.5028543025,1753638.6320575872,10
-1209246.1901377751,1753638.6320575872,10
-1208782.8774212475,1753638.6320575872,10
-1208319.5647047202,1753638.6320575872,10
-1207856.2519881926,1753638.6320575872,10
-1207392.9392716652,1753638.6320575872,10
-1206929.6265551376,1753638.6320575872,10
-1206466.3138386102,1753638.6320575872,10
-1206003.0011220826,1753638.6320575872,10
-1205539.6884055552,1753638.6320575872,10
-1205076.3756890276,1753638.6320575872,10
-1204613.0629725,1753638.6320575872,10
-1204149.7502559726,1753638.6320575872,10
-1203686.4375394452,1753638.6320575872,10
-1203223.1248229176,1753638.6320575872,10
-1202759.81210639,1753638.6320575872,10
-1202296.4993898626,1753638.6320575872,10
-1201833.186673335,1753638.6320575872,10
-1201369.8739568077,1753638.6320575872,10
-1200906.56124028,1753638.6320575872,10
-1200443.2485237527,1753638.6320575872,10
-1199979.935807225,1753638.6320575872,10
-1199516.6230906977,1753638.6320575872,10
-1199053.31037417,1753638.6320575872,10
-1198589.9976576427,1753638.6320575872,10
-1198126.684941115,1753638.6320575872,10
-1197663.3722245875,1753638.6320575872,10
-1197200.05950806,1753638.6320575872,10
-1196736.7467915327,1753638.6320575872,10
-1196273.4340750051,1753638.6320575872,10
-1195810.1213584775,1753638.6320575872,10
-1195346.8086419501,1753638.6320575872,10
-1194883.4959254225,1753638.6320575872,10
-1194420.1832088951,1753638.6320575872,10
-1193956.8704923675,1753638.6320575872,10
-1193493.5577758402,1753638.6320575872,10
-1193030.2450593126,1753638.6320575872,10
-1192566.9323427852,1753638.6320575872,10
-1192103.6196262576,1753638.6320575872,10
-1191640.3069097302,1753638.6320575872,10
-1191176.9941932026,1753638.6320575872,10
-1190713.6814766752,1753638.6320575872,10
-1190250.3687601476,1753638.6320575872,10
-1189787.0560436202,1753638.6320575872,10
-1189323.7433270926,1753638.6320575872,10
-1188860.430610565,1753638.6320575872,10
-1188397.1178940376,1753638.6320575872,10
-1187933.80517751,1753638.6320575872,10
-1187470.4924609826,1753638.6320575872,10
-1187007.179744455,1753638.6320575872,10
-1186543.8670279277,1753638.6320575872,10
-1186080.5543114,1753638.6320575872,10
-1185617.2415948727,1753638.6320575872,10
-1185153.928878345,1753638.6320575872,10
-1184690.6161618177,1753638.6320575872,10
-1184227.30344529,1753638.6320575872,10
-1183763.9907287627,1753638.6320575872,10
-1183300.678012235,1753638.6320575872,10
-1182837.3652957077,1753638.6320575872,10
-1182374.05257918,1753638.6320575872,10
-1181910.7398626525,1753638.6320575872,10
-1181447.4271461251,1753638.6320575872,10
-1180984.1144295975,1753638.6320575872,10
-1180520.8017130701,1753638.6320575872,10
-1180057.4889965425,1753638.6320575872,10
-1179594.1762800151,1753638.6320575872,10
-1179130.8635634875,1753638.6320575872,10
-1178667.5508469602,1753638.6320575872,10
-1178204.2381304326,1753638.6320575872,10
-1177740.9254139052,1753638.6320575872,10
-1177277.6126973776,1753638.6320575872,10
-1176814.2999808502,1753638.6320575872,10
-1176350.9872643226,1753638.6320575872,10
-1175887.6745477952,1753638.6320575872,10
-1175424.3618312676,1753638.6320575872,10
-1174961.04911474,1753638.6320575872,10
-1174497.7363982126,1753638.6320575872,10
-1174034.4236816852,1753638.6320575872,10
-1173571.1109651576,1753638.6320575872,10
-1173107.79824863,1753638.6320575872,10
-1172644.4855321026,1753638.6320575872,10
-1172181.172815575,1753638.6320575872,10
-1171717.8600990477,1753638.6320575872,10
-1171254.54738252,1753638.6320575872,10
-1170791.2346659927,1753638.6320575872,10
-1170327.921949465,1753638.6320575872,10
-1169864.6092329377,1753638.6320575872,10
-1169401.29651641,1753638.6320575872,10
-1168937.9837998827,1753638.6320575872,10
-1168474.671083355,1753638.6320575872,10
-1168011.3583668275,1753638.6320575872,10
-1167548.0456503,1753638.6320575872,10
-1167084.7329337727,1753638.6320575872,10
-1166621.4202172451,1753638.6320575872,10
-1166158.1075007175,1753638.6320575872,10
-1165694.7947841901,1753638.6320575872,10
-1165231.4820676625,1753638.6320575872,10
-1164768.1693511351,1753638.6320575872,10
-1164304.8566346075,1753638.6320575872,10
-1163841.5439180802,1753638.6320575872,10
-1163378.2312015526,1753638.6320575872,10
-1162914.9184850252,1753638.6320575872,10
-1162451.6057684976,1753638.6320575872,10
-1161988.2930519702,1753638.6320575872,10
-1161524.9803354426,1753638.6320575872,10
-1161061.6676189152,1753638.6320575872,10
-1160598.3549023876,1753638.6320575872,10
-1160135.0421858602,1753638.6320575872,10
-1159671.7294693326,1753638.6320575872,10
-1159208.416752805,1753638.6320575872,10
-1158745.1040362776,1753638.6320575872,10
-1158281.79131975,1753638.6320575872,10
-1157818.4786032226,1753638.6320575872,10
-1157355.165886695,1753638.6320575872,10
-1156891.8531701677,1753638.6320575872,10
-1156428.54045364,1753638.6320575872,10
-1155965.2277371127,1753638.6320575872,10
-1155501.915020585,1753638.6320575872,7
-1155038.6023040577,1753638.6320575872,7
-1154575.28958753,1753638.6320575872,7
-1154111.9768710027,1753638.6320575872,7
-1153648.664154475,1753638.6320575872,7
-1153185.3514379477,1753638.6320575872,10
-1152722.03872142,1753638.6320575872,10
-1152258.7260048925,1753638.6320575872,10
-1151795.4132883651,1753638.6320575872,10
-1151332.1005718375,1753638.6320575872,10
-1150868.7878553101,1753638.6320575872,10
-1150405.4751387825,1753638.6320575872,10
-1149942.1624222551,1753638.6320575872,10
-1149478.8497057275,1753638.6320575872,10
-1149015.5369892002,1753638.6320575872,10
-1148552.2242726726,1753638.6320575872,10
-1148088.9115561452,1753638.6320575872,10
-1147625.5988396176,1753638.6320575872,10
-1147162.2861230902,1753638.6320575872,10
-1146698.9734065626,1753638.6320575872,10
-1146235.6606900352,1753638.6320575872,10
-1145772.3479735076,1753638.6320575872,10
-1145309.03525698,1753638.6320575872,10
-1144845.7225404526,1753638.6320575872,10
-1144382.4098239252,1753638.6320575872,10
-1143919.0971073976,1753638.6320575872,10
-1143455.78439087,1753638.6320575872,10
-1142992.4716743426,1753638.6320575872,10
-1142529.158957815,1753638.6320575872,10
-1142065.8462412877,1753638.6320575872,10
-1141602.53352476,1753638.6320575872,10
-1141139.2208082327,1753638.6320575872,10
-1140675.908091705,1753638.6320575872,10
-1140212.5953751777,1753638.6320575872,10
-1139749.28265865,1753638.6320575872,10
-1139285.9699421227,1753638.6320575872,10
-1138822.657225595,1753638.6320575872,10
-1242141.3930112277,1753175.3193410598,10
-1241678.0802947,1753175.3193410598,10
-1241214.7675781725,1753175.3193410598,10
-1240751.4548616451,1753175.3193410598,10
-1240288.1421451175,1753175.3193410598,10
-1239824.8294285901,1753175.3193410598,10
-1239361.5167120625,1753175.3193410598,10
-1238898.2039955352,1753175.3193410598,10
-1238434.8912790075,1753175.3193410598,10
-1237971.5785624802,1753175.3193410598,10
-1237508.2658459526,1753175.3193410598,10
-1237044.9531294252,1753175.3193410598,10
-1236581.6404128976,1753175.3193410598,10
-1236118.3276963702,1753175.3193410598,10
-1235655.0149798426,1753175.3193410598,10
-1235191.7022633152,1753175.3193410598,10
-1234728.3895467876,1753175.3193410598,10
-1234265.07683026,1753175.3193410598,10
-1233801.7641137326,1753175.3193410598,10
-1233338.4513972052,1753175.3193410598,10
-1232875.1386806776,1753175.3193410598,10
-1232411.82596415,1753175.3193410598,10
-1231948.5132476226,1753175.3193410598,10
-1231485.200531095,1753175.3193410598,10
-1231021.8878145677,1753175.3193410598,10
-1230558.57509804,1753175.3193410598,10
-1230095.2623815127,1753175.3193410598,10
-1229631.949664985,1753175.3193410598,10
-1229168.6369484577,1753175.3193410598,10
-1228705.32423193,1753175.3193410598,10
-1228242.0115154027,1753175.3193410598,10
-1227778.698798875,1753175.3193410598,10
-1227315.3860823475,1753175.3193410598,10
-1226852.07336582,1753175.3193410598,10
-1226388.7606492927,1753175.3193410598,10
-1225925.4479327651,1753175.3193410598,10
-1225462.1352162375,1753175.3193410598,10
-1224998.8224997101,1753175.3193410598,10
-1224535.5097831825,1753175.3193410598,10
-1224072.1970666551,1753175.3193410598,10
-1223608.8843501275,1753175.3193410598,10
-1223145.5716336002,1753175.3193410598,10
-1222682.2589170726,1753175.3193410598,10
-1222218.9462005452,1753175.3193410598,10
-1221755.6334840176,1753175.3193410598,10
-1221292.3207674902,1753175.3193410598,10
-1220829.0080509626,1753175.3193410598,10
-1220365.6953344352,1753175.3193410598,10
-1219902.3826179076,1753175.3193410598,10
-1219439.0699013802,1753175.3193410598,10
-1218975.7571848526,1753175.3193410598,10
-1218512.444468325,1753175.3193410598,10
-1218049.1317517976,1753175.3193410598,10
-1217585.81903527,1753175.3193410598,10
-1217122.5063187426,1753175.3193410598,10
-1216659.193602215,1753175.3193410598,10
-1216195.8808856877,1753175.3193410598,10
-1215732.56816916,1753175.3193410598,10
-1215269.2554526327,1753175.3193410598,10
-1214805.942736105,1753175.3193410598,10
-1214342.6300195777,1753175.3193410598,10
-1213879.31730305,1753175.3193410598,10
-1213416.0045865227,1753175.3193410598,10
-1212952.691869995,1753175.3193410598,10
-1212489.3791534677,1753175.3193410598,10
-1212026.06643694,1753175.3193410598,10
-1211562.7537204125,1753175.3193410598,10
-1211099.4410038851,1753175.3193410598,10
-1210636.1282873575,1753175.3193410598,10
-1210172.8155708301,1753175.3193410598,10
-1209709.5028543025,1753175.3193410598,10
-1209246.1901377751,1753175.3193410598,10
-1208782.8774212475,1753175.3193410598,10
-1208319.5647047202,1753175.3193410598,10
-1207856.2519881926,1753175.3193410598,10
-1207392.9392716652,1753175.3193410598,10
-1206929.6265551376,1753175.3193410598,10
-1206466.3138386102,1753175.3193410598,10
-1206003.0011220826,1753175.3193410598,10
-1205539.6884055552,1753175.3193410598,10
-1205076.3756890276,1753175.3193410598,10
-1204613.0629725,1753175.3193410598,10
-1204149.7502559726,1753175.3193410598,10
-1203686.4375394452,1753175.3193410598,10
-1203223.1248229176,1753175.3193410598,10
-1202759.81210639,1753175.3193410598,10
-1202296.4993898626,1753175.3193410598,10
-1201833.186673335,1753175.3193410598,10
-1201369.8739568077,1753175.3193410598,10
-1200906.56124028,1753175.3193410598,10
-1200443.2485237527,1753175.3193410598,10
-1199979.935807225,1753175.3193410598,10
-1199516.6230906977,1753175.3193410598,10
-1199053.31037417,1753175.3193410598,10
-1198589.9976576427,1753175.3193410598,10
-1198126.684941115,1753175.3193410598,10
-1197663.3722245875,1753175.3193410598,10
-1197200.05950806,1753175.3193410598,10
-1196736.7467915327,1753175.3193410598,10
-1196273.4340750051,1753175.3193410598,10
-1195810.1213584775,1753175.3193410598,10
-1195346.8086419501,1753175.3193410598,10
-1194883.4959254225,1753175.3193410598,10
-1194420.1832088951,1753175.3193410598,10
-1193956.8704923675,1753175.3193410598,10
-1193493.5577758402,1753175.3193410598,10
-1193030.2450593126,1753175.3193410598,10
-1192566.9323427852,1753175.3193410598,10
-1192103.6196262576,1753175.3193410598,10
-1191640.3069097302,1753175.3193410598,10
-1191176.9941932026,1753175.3193410598,10
-1190713.6814766752,1753175.3193410598,10
-1190250.3687601476,1753175.3193410598,10
-1189787.0560436202,1753175.3193410598,10
-1189323.7433270926,1753175.3193410598,10
-1188860.430610565,1753175.3193410598,10
-1188397.1178940376,1753175.3193410598,10
-1187933.80517751,1753175.3193410598,10
-1187470.4924609826,1753175.3193410598,10
-1187007.179744455,1753175.3193410598,10
-1186543.8670279277,1753175.3193410598,10
-1186080.5543114,1753175.3193410598,10
-1185617.2415948727,1753175.3193410598,10
-1185153.928878345,1753175.3193410598,10
-1184690.6161618177,1753175.3193410598,10
-1184227.30344529,1753175.3193410598,10
-1183763.9907287627,1753175.3193410598,10
-1183300.678012235,1753175.3193410598,10
-1182837.3652957077,1753175.3193410598,10
-1182374.05257918,1753175.3193410598,10
-1181910.7398626525,1753175.3193410598,10
-1181447.4271461251,1753175.3193410598,10
-1180984.1144295975,1753175.3193410598,10
-1180520.8017130701,1753175.3193410598,10
-1180057.4889965425,1753175.3193410598,10
-1179594.1762800151,1753175.3193410598,10
-1179130.8635634875,1753175.3193410598,10
-1178667.5508469602,1753175.3193410598,10
-1178204.2381304326,1753175.3193410598,10
-1177740.9254139052,1753175.3193410598,10
-1177277.6126973776,1753175.3193410598,10
-1176814.2999808502,1753175.3193410598,10
-1176350.9872643226,1753175.3193410598,10
-1175887.6745477952,1753175.3193410598,10
-1175424.3618312676,1753175.3193410598,10
-1174961.04911474,1753175.3193410598,10
-1174497.7363982126,1753175.3193410598,10
-1174034.4236816852,1753175.3193410598,10
-1173571.1109651576,1753175.3193410598,10
-1173107.79824863,1753175.3193410598,10
-1172644.4855321026,1753175.3193410598,10
-1172181.172815575,1753175.3193410598,10
-1171717.8600990477,1753175.3193410598,10
-1171254.54738252,1753175.3193410598,10
-1170791.2346659927,1753175.3193410598,10
-1170327.921949465,1753175.3193410598,10
-1169864.6092329377,1753175.3193410598,10
-1169401.29651641,1753175.3193410598,10
-1168937.9837998827,1753175.3193410598,10
-1168474.671083355,1753175.3193410598,10
-1168011.3583668275,1753175.3193410598,10
-1167548.0456503,1753175.3193410598,10
-1167084.7329337727,1753175.3193410598,10
-1166621.4202172451,1753175.3193410598,10
-1166158.1075007175,1753175.3193410598,10
-1165694.7947841901,1753175.3193410598,10
-1165231.4820676625,1753175.3193410598,10
-1164768.1693511351,1753175.3193410598,10
-1164304.8566346075,1753175.3193410598,10
-1163841.5439180802,1753175.3193410598,10
-1163378.2312015526,1753175.3193410598,10
-1162914.9184850252,1753175.3193410598,10
-1162451.6057684976,1753175.3193410598,10
-1161988.2930519702,1753175.3193410598,10
-1161524.9803354426,1753175.3193410598,10
-1161061.6676189152,1753175.3193410598,10
-1160598.3549023876,1753175.3193410598,10
-1160135.0421858602,1753175.3193410598,10
-1159671.7294693326,1753175.3193410598,10
-1159208.416752805,1753175.3193410598,10
-1158745.1040362776,1753175.3193410598,10
-1158281.79131975,1753175.3193410598,10
-1157818.4786032226,1753175.3193410598,10
-1157355.165886695,1753175.3193410598,10
-1156891.8531701677,1753175.3193410598,10
-1156428.54045364,1753175.3193410598,10
-1155965.2277371127,1753175.3193410598,10
-1155501.915020585,1753175.3193410598,10
-1155038.6023040577,1753175.3193410598,10
-1154575.28958753,1753175.3193410598,10
-1154111.9768710027,1753175.3193410598,10
-1153648.664154475,1753175.3193410598,10
-1153185.3514379477,1753175.3193410598,10
-1152722.03872142,1753175.3193410598,10
-1152258.7260048925,1753175.3193410598,7
-1151795.4132883651,1753175.3193410598,10
-1151332.1005718375,1753175.3193410598,10
-1150868.7878553101,1753175.3193410598,10
-1150405.4751387825,1753175.3193410598,10
-1149942.1624222551,1753175.3193410598,10
-1149478.8497057275,1753175.3193410598,10
-1149015.5369892002,1753175.3193410598,10
-1148552.2242726726,1753175.3193410598,10
-1148088.9115561452,1753175.3193410598,10
-1147625.5988396176,1753175.3193410598,10
-1147162.2861230902,1753175.3193410598,10
-1146698.9734065626,1753175.3193410598,10
-1146235.6606900352,1753175.3193410598,10
-1145772.3479735076,1753175.3193410598,10
-1145309.03525698,1753175.3193410598,10
-1144845.7225404526,1753175.3193410598,10
-1144382.4098239252,1753175.3193410598,10
-1143919.0971073976,1753175.3193410598,10
-1143455.78439087,1753175.3193410598,10
-1142992.4716743426,1753175.3193410598,10
-1142529.158957815,1753175.3193410598,10
-1142065.8462412877,1753175.3193410598,10
-1141602.53352476,1753175.3193410598,10
-1141139.2208082327,1753175.3193410598,10
-1140675.908091705,1753175.3193410598,10
-1140212.5953751777,1753175.3193410598,10
-1139749.28265865,1753175.3193410598,10
-1139285.9699421227,1753175.3193410598,10
-1138822.657225595,1753175.3193410598,10
-1242604.705727755,1752712.0066245322,10
-1242141.3930112277,1752712.0066245322,10
-1241678.0802947,1752712.0066245322,10
-1241214.7675781725,1752712.0066245322,10
-1240751.4548616451,1752712.0066245322,10
-1240288.1421451175,1752712.0066245322,10
-1239824.8294285901,1752712.0066245322,10
-1239361.5167120625,1752712.0066245322,10
-1238898.2039955352,1752712.0066245322,10
-1238434.8912790075,1752712.0066245322,10
-1237971.5785624802,1752712.0066245322,10
-1237508.2658459526,1752712.0066245322,10
-1237044.9531294252,1752712.0066245322,10
-1236581.6404128976,1752712.0066245322,10
-1236118.3276963702,1752712.0066245322,10
-1235655.0149798426,1752712.0066245322,10
-1235191.7022633152,1752712.0066245322,10
-1234728.3895467876,1752712.0066245322,10
-1234265.07683026,1752712.0066245322,10
-1233801.7641137326,1752712.0066245322,10
-1233338.4513972052,1752712.0066245322,10
-1232875.1386806776,1752712.0066245322,10
-1232411.82596415,1752712.0066245322,10
-1231948.5132476226,1752712.0066245322,10
-1231485.200531095,1752712.0066245322,10
-1231021.8878145677,1752712.0066245322,10
-1230558.57509804,1752712.0066245322,10
-1230095.2623815127,1752712.0066245322,10
-1229631.949664985,1752712.0066245322,10
-1229168.6369484577,1752712.0066245322,10
-1228705.32423193,1752712.0066245322,10
-1228242.0115154027,1752712.0066245322,10
-1227778.698798875,1752712.0066245322,10
-1227315.3860823475,1752712.0066245322,10
-1226852.07336582,1752712.0066245322,10
-1226388.7606492927,1752712.0066245322,10
-1225925.4479327651,1752712.0066245322,10
-1225462.1352162375,1752712.0066245322,10
-1224998.8224997101,1752712.0066245322,10
-1224535.5097831825,1752712.0066245322,10
-1224072.1970666551,1752712.0066245322,10
-1223608.8843501275,1752712.0066245322,10
-1223145.5716336002,1752712.0066245322,10
-1222682.2589170726,1752712.0066245322,10
-1222218.9462005452,1752712.0066245322,10
-1221755.6334840176,1752712.0066245322,10
-1221292.3207674902,1752712.0066245322,10
-1220829.0080509626,1752712.0066245322,10
-1220365.6953344352,1752712.0066245322,10
-1219902.3826179076,1752712.0066245322,10
-1219439.0699013802,1752712.0066245322,10
-1218975.7571848526,1752712.0066245322,10
-1218512.444468325,1752712.0066245322,10
-1218049.1317517976,1752712.0066245322,10
-1217585.81903527,1752712.0066245322,10
-1217122.5063187426,1752712.0066245322,10
-1216659.193602215,1752712.0066245322,10
-1216195.8808856877,1752712.0066245322,10
-1215732.56816916,1752712.0066245322,10
-1215269.2554526327,1752712.0066245322,10
-1214805.942736105,1752712.0066245322,10
-1214342.6300195777,1752712.0066245322,10
-1213879.31730305,1752712.0066245322,10
-1213416.0045865227,1752712.0066245322,10
-1212952.691869995,1752712.0066245322,10
-1212489.3791534677,1752712.0066245322,10
-1212026.06643694,1752712.0066245322,10
-1211562.7537204125,1752712.0066245322,10
-1211099.4410038851,1752712.0066245322,10
-1210636.1282873575,1752712.0066245322,10
-1210172.8155708301,1752712.0066245322,10
-1209709.5028543025,1752712.0066245322,10
-1209246.1901377751,1752712.0066245322,10
-1208782.8774212475,1752712.0066245322,10
-1208319.5647047202,1752712.0066245322,10
-1207856.2519881926,1752712.0066245322,10
-1207392.9392716652,1752712.0066245322,7
-1206929.6265551376,1752712.0066245322,10
-1206466.3138386102,1752712.0066245322,10
-1206003.0011220826,1752712.0066245322,10
-1205539.6884055552,1752712.0066245322,10
-1205076.3756890276,1752712.0066245322,10
-1204613.0629725,1752712.0066245322,10
-1204149.7502559726,1752712.0066245322,10
-1203686.4375394452,1752712.0066245322,10
-1203223.1248229176,1752712.0066245322,10
-1202759.81210639,1752712.0066245322,10
-1202296.4993898626,1752712.0066245322,10
-1201833.186673335,1752712.0066245322,10
-1201369.8739568077,1752712.0066245322,10
-1200906.56124028,1752712.0066245322,10
-1200443.2485237527,1752712.0066245322,10
-1199979.935807225,1752712.0066245322,10
-1199516.6230906977,1752712.0066245322,10
-1199053.31037417,1752712.0066245322,10
-1198589.9976576427,1752712.0066245322,10
-1198126.684941115,1752712.0066245322,10
-1197663.3722245875,1752712.0066245322,10
-1197200.05950806,1752712.0066245322,10
-1196736.7467915327,1752712.0066245322,10
-1196273.4340750051,1752712.0066245322,10
-1195810.1213584775,1752712.0066245322,10
-1195346.8086419501,1752712.0066245322,10
-1194883.4959254225,1752712.0066245322,10
-1194420.1832088951,1752712.0066245322,10
-1193956.8704923675,1752712.0066245322,10
-1193493.5577758402,1752712.0066245322,10
-1193030.2450593126,1752712.0066245322,10
-1192566.9323427852,1752712.0066245322,10
-1192103.6196262576,1752712.0066245322,10
-1191640.3069097302,1752712.0066245322,10
-1191176.9941932026,1752712.0066245322,10
-1190713.6814766752,1752712.0066245322,10
-1190250.3687601476,1752712.0066245322,10
-1189787.0560436202,1752712.0066245322,10
-1189323.7433270926,1752712.0066245322,10
-1188860.430610565,1752712.0066245322,10
-1188397.1178940376,1752712.0066245322,10
-1187933.80517751,1752712.0066245322,10
-1187470.4924609826,1752712.0066245322,10
-1187007.179744455,1752712.0066245322,10
-1186543.8670279277,1752712.0066245322,10
-1186080.5543114,1752712.0066245322,10
-1185617.2415948727,1752712.0066245322,10
-1185153.928878345,1752712.0066245322,10
-1184690.6161618177,1752712.0066245322,10
-1184227.30344529,1752712.0066245322,10
-1183763.9907287627,1752712.0066245322,10
-1183300.678012235,1752712.0066245322,10
-1182837.3652957077,1752712.0066245322,10
-1182374.05257918,1752712.0066245322,10
-1181910.7398626525,1752712.0066245322,10
-1181447.4271461251,1752712.0066245322,10
-1180984.1144295975,1752712.0066245322,10
-1180520.8017130701,1752712.0066245322,10
-1180057.4889965425,1752712.0066245322,10
-1179594.1762800151,1752712.0066245322,10
-1179130.8635634875,1752712.0066245322,10
-1178667.5508469602,1752712.0066245322,10
-1178204.2381304326,1752712.0066245322,10
-1177740.9254139052,1752712.0066245322,10
-1177277.6126973776,1752712.0066245322,10
-1176814.2999808502,1752712.0066245322,10
-1176350.9872643226,1752712.0066245322,10
-1175887.6745477952,1752712.0066245322,10
-1175424.3618312676,1752712.0066245322,10
-1174961.04911474,1752712.0066245322,10
-1174497.7363982126,1752712.0066245322,10
-1174034.4236816852,1752712.0066245322,10
-1173571.1109651576,1752712.0066245322,10
-1173107.79824863,1752712.0066245322,10
-1172644.4855321026,1752712.0066245322,10
-1172181.172815575,1752712.0066245322,10
-1171717.8600990477,1752712.0066245322,10
-1171254.54738252,1752712.0066245322,10
-1170791.2346659927,1752712.0066245322,10
-1170327.921949465,1752712.0066245322,10
-1169864.6092329377,1752712.0066245322,10
-1169401.29651641,1752712.0066245322,10
-1168937.9837998827,1752712.0066245322,10
-1168474.671083355,1752712.0066245322,10
-1168011.3583668275,1752712.0066245322,10
-1167548.0456503,1752712.0066245322,10
-1167084.7329337727,1752712.0066245322,10
-1166621.4202172451,1752712.0066245322,10
-1166158.1075007175,1752712.0066245322,10
-1165694.7947841901,1752712.0066245322,10
-1165231.4820676625,1752712.0066245322,10
-1164768.1693511351,1752712.0066245322,10
-1164304.8566346075,1752712.0066245322,10
-1163841.5439180802,1752712.0066245322,10
-1163378.2312015526,1752712.0066245322,10
-1162914.9184850252,1752712.0066245322,10
-1162451.6057684976,1752712.0066245322,10
-1161988.2930519702,1752712.0066245322,10
-1161524.9803354426,1752712.0066245322,10
-1161061.6676189152,1752712.0066245322,10
-1160598.3549023876,1752712.0066245322,10
-1160135.0421858602,1752712.0066245322,10
-1159671.7294693326,1752712.0066245322,10
-1159208.416752805,1752712.0066245322,10
-1158745.1040362776,1752712.0066245322,10
-1158281.79131975,1752712.0066245322,10
-1157818.4786032226,1752712.0066245322,10
-1157355.165886695,1752712.0066245322,10
-1156891.8531701677,1752712.0066245322,10
-1156428.54045364,1752712.0066245322,10
-1155965.2277371127,1752712.0066245322,10
-1155501.915020585,1752712.0066245322,10
-1155038.6023040577,1752712.0066245322,10
-1154575.28958753,1752712.0066245322,10
-1154111.9768710027,1752712.0066245322,10
-1153648.664154475,1752712.0066245322,10
-1153185.3514379477,1752712.0066245322,10
-1152722.03872142,1752712.0066245322,10
-1152258.7260048925,1752712.0066245322,7
-1151795.4132883651,1752712.0066245322,7
-1151332.1005718375,1752712.0066245322,10
-1150868.7878553101,1752712.0066245322,10
-1150405.4751387825,1752712.0066245322,10
-1149942.1624222551,1752712.0066245322,10
-1149478.8497057275,1752712.0066245322,10
-1149015.5369892002,1752712.0066245322,10
-1148552.2242726726,1752712.0066245322,10
-1148088.9115561452,1752712.0066245322,10
-1147625.5988396176,1752712.0066245322,10
-1147162.2861230902,1752712.0066245322,10
-1146698.9734065626,1752712.0066245322,10
-1146235.6606900352,1752712.0066245322,10
-1145772.3479735076,1752712.0066245322,10
-1145309.03525698,1752712.0066245322,10
-1144845.7225404526,1752712.0066245322,10
-1144382.4098239252,1752712.0066245322,10
-1143919.0971073976,1752712.0066245322,10
-1143455.78439087,1752712.0066245322,10
-1142992.4716743426,1752712.0066245322,10
-1142529.158957815,1752712.0066245322,10
-1142065.8462412877,1752712.0066245322,10
-1141602.53352476,1752712.0066245322,10
-1141139.2208082327,1752712.0066245322,10
-1140675.908091705,1752712.0066245322,10
-1140212.5953751777,1752712.0066245322,10
-1139749.28265865,1752712.0066245322,10
-1139285.9699421227,1752712.0066245322,10
-1138822.657225595,1752712.0066245322,10
-1242604.705727755,1752248.6939080046,10
-1242141.3930112277,1752248.6939080046,10
-1241678.0802947,1752248.6939080046,10
-1241214.7675781725,1752248.6939080046,10
-1240751.4548616451,1752248.6939080046,10
-1240288.1421451175,1752248.6939080046,10
-1239824.8294285901,1752248.6939080046,10
-1239361.5167120625,1752248.6939080046,10
-1238898.2039955352,1752248.6939080046,10
-1238434.8912790075,1752248.6939080046,10
-1237971.5785624802,1752248.6939080046,10
-1237508.2658459526,1752248.6939080046,10
-1237044.9531294252,1752248.6939080046,10
-1236581.6404128976,1752248.6939080046,10
-1236118.3276963702,1752248.6939080046,10
-1235655.0149798426,1752248.6939080046,10
-1235191.7022633152,1752248.6939080046,10
-1234728.3895467876,1752248.6939080046,10
-1234265.07683026,1752248.6939080046,10
-1233801.7641137326,1752248.6939080046,10
-1233338.4513972052,1752248.6939080046,10
-1232875.1386806776,1752248.6939080046,10
-1232411.82596415,1752248.6939080046,10
-1231948.5132476226,1752248.6939080046,10
-1231485.200531095,1752248.6939080046,10
-1231021.8878145677,1752248.6939080046,10
-1230558.57509804,1752248.6939080046,10
-1230095.2623815127,1752248.6939080046,10
-1229631.949664985,1752248.6939080046,10
-1229168.6369484577,1752248.6939080046,10
-1228705.32423193,1752248.6939080046,10
-1228242.0115154027,1752248.6939080046,10
-1227778.698798875,1752248.6939080046,10
-1227315.3860823475,1752248.6939080046,10
-1226852.07336582,1752248.6939080046,10
-1226388.7606492927,1752248.6939080046,10
-1225925.4479327651,1752248.6939080046,10
-1225462.1352162375,1752248.6939080046,10
-1224998.8224997101,1752248.6939080046,10
-1224535.5097831825,1752248.6939080046,10
-1224072.1970666551,1752248.6939080046,10
-1223608.8843501275,1752248.6939080046,10
-1223145.5716336002,1752248.6939080046,10
-1222682.2589170726,1752248.6939080046,10
-1222218.9462005452,1752248.6939080046,10
-1221755.6334840176,1752248.6939080046,10
-1221292.3207674902,1752248.6939080046,10
-1220829.0080509626,1752248.6939080046,10
-1220365.6953344352,1752248.6939080046,10
-1219902.3826179076,1752248.6939080046,10
-1219439.0699013802,1752248.6939080046,10
-1218975.7571848526,1752248.6939080046,10
-1218512.444468325,1752248.6939080046,10
-1218049.1317517976,1752248.6939080046,10
-1217585.81903527,1752248.6939080046,10
-1217122.5063187426,1752248.6939080046,10
-1216659.193602215,1752248.6939080046,10
-1216195.8808856877,1752248.6939080046,10
-1215732.56816916,1752248.6939080046,10
-1215269.2554526327,1752248.6939080046,10
-1214805.942736105,1752248.6939080046,10
-1214342.6300195777,1752248.6939080046,10
-1213879.31730305,1752248.6939080046,10
-1213416.0045865227,1752248.6939080046,10
-1212952.691869995,1752248.6939080046,10
-1212489.3791534677,1752248.6939080046,10
-1212026.06643694,1752248.6939080046,10
-1211562.7537204125,1752248.6939080046,10
-1211099.4410038851,1752248.6939080046,10
-1210636.1282873575,1752248.6939080046,10
-1210172.8155708301,1752248.6939080046,10
-1209709.5028543025,1752248.6939080046,10
-1209246.1901377751,1752248.6939080046,10
-1208782.8774212475,1752248.6939080046,10
-1208319.5647047202,1752248.6939080046,10
-1207856.2519881926,1752248.6939080046,10
-1207392.9392716652,1752248.6939080046,10
-1206929.6265551376,1752248.6939080046,10
-1206466.3138386102,1752248.6939080046,10
-1206003.0011220826,1752248.6939080046,10
-1205539.6884055552,1752248.6939080046,10
-1205076.3756890276,1752248.6939080046,10
-1204613.0629725,1752248.6939080046,10
-1204149.7502559726,1752248.6939080046,10
-1203686.4375394452,1752248.6939080046,10
-1203223.1248229176,1752248.6939080046,10
-1202759.81210639,1752248.6939080046,10
-1202296.4993898626,1752248.6939080046,10
-1201833.186673335,1752248.6939080046,10
-1201369.8739568077,1752248.6939080046,10
-1200906.56124028,1752248.6939080046,10
-1200443.2485237527,1752248.6939080046,10
-1199979.935807225,1752248.6939080046,10
-1199516.6230906977,1752248.6939080046,10
-1199053.31037417,1752248.6939080046,10
-1198589.9976576427,1752248.6939080046,10
-1198126.684941115,1752248.6939080046,10
-1197663.3722245875,1752248.6939080046,10
-1197200.05950806,1752248.6939080046,10
-1196736.7467915327,1752248.6939080046,10
-1196273.4340750051,1752248.6939080046,10
-1195810.1213584775,1752248.6939080046,10
-1195346.8086419501,1752248.6939080046,10
-1194883.4959254225,1752248.6939080046,10
-1194420.1832088951,1752248.6939080046,10
-1193956.8704923675,1752248.6939080046,10
-1193493.5577758402,1752248.6939080046,10
-1193030.2450593126,1752248.6939080046,10
-1192566.9323427852,1752248.6939080046,10
-1192103.6196262576,1752248.6939080046,10
-1191640.3069097302,1752248.6939080046,10
-1191176.9941932026,1752248.6939080046,10
-1190713.6814766752,1752248.6939080046,10
-1190250.3687601476,1752248.6939080046,10
-1189787.0560436202,1752248.6939080046,10
-1189323.7433270926,1752248.6939080046,10
-1188860.430610565,1752248.6939080046,10
-1188397.1178940376,1752248.6939080046,10
-1187933.80517751,1752248.6939080046,10
-1187470.4924609826,1752248.6939080046,10
-1187007.179744455,1752248.6939080046,10
-1186543.8670279277,1752248.6939080046,10
-1186080.5543114,1752248.6939080046,10
-1185617.2415948727,1752248.6939080046,10
-1185153.928878345,1752248.6939080046,10
-1184690.6161618177,1752248.6939080046,10
-1184227.30344529,1752248.6939080046,10
-1183763.9907287627,1752248.6939080046,10
-1183300.678012235,1752248.6939080046,10
-1182837.3652957077,1752248.6939080046,10
-1182374.05257918,1752248.6939080046,10
-1181910.7398626525,1752248.6939080046,10
-1181447.4271461251,1752248.6939080046,10
-1180984.1144295975,1752248.6939080046,10
-1180520.8017130701,1752248.6939080046,10
-1180057.4889965425,1752248.6939080046,10
-1179594.1762800151,1752248.6939080046,10
-1179130.8635634875,1752248.6939080046,10
-1178667.5508469602,1752248.6939080046,10
-1178204.2381304326,1752248.6939080046,10
-1177740.9254139052,1752248.6939080046,10
-1177277.6126973776,1752248.6939080046,10
-1176814.2999808502,1752248.6939080046,10
-1176350.9872643226,1752248.6939080046,10
-1175887.6745477952,1752248.6939080046,10
-1175424.3618312676,1752248.6939080046,10
-1174961.04911474,1752248.6939080046,10
-1174497.7363982126,1752248.6939080046,10
-1174034.4236816852,1752248.6939080046,10
-1173571.1109651576,1752248.6939080046,10
-1173107.79824863,1752248.6939080046,10
-1172644.4855321026,1752248.6939080046,10
-1172181.172815575,1752248.6939080046,10
-1171717.8600990477,1752248.6939080046,10
-1171254.54738252,1752248.6939080046,10
-1170791.2346659927,1752248.6939080046,10
-1170327.921949465,1752248.6939080046,10
-1169864.6092329377,1752248.6939080046,10
-1169401.29651641,1752248.6939080046,10
-1168937.9837998827,1752248.6939080046,10
-1168474.671083355,1752248.6939080046,10
-1168011.3583668275,1752248.6939080046,10
-1167548.0456503,1752248.6939080046,10
-1167084.7329337727,1752248.6939080046,10
-1166621.4202172451,1752248.6939080046,10
-1166158.1075007175,1752248.6939080046,10
-1165694.7947841901,1752248.6939080046,10
-1165231.4820676625,1752248.6939080046,10
-1164768.1693511351,1752248.6939080046,10
-1164304.8566346075,1752248.6939080046,10
-1163841.5439180802,1752248.6939080046,10
-1163378.2312015526,1752248.6939080046,10
-1162914.9184850252,1752248.6939080046,10
-1162451.6057684976,1752248.6939080046,10
-1161988.2930519702,1752248.6939080046,10
-1161524.9803354426,1752248.6939080046,10
-1161061.6676189152,1752248.6939080046,10
-1160598.3549023876,1752248.6939080046,10
-1160135.0421858602,1752248.6939080046,10
-1159671.7294693326,1752248.6939080046,10
-1159208.416752805,1752248.6939080046,10
-1158745.1040362776,1752248.6939080046,10
-1158281.79131975,1752248.6939080046,10
-1157818.4786032226,1752248.6939080046,10
-1157355.165886695,1752248.6939080046,10
-1156891.8531701677,1752248.6939080046,10
-1156428.54045364,1752248.6939080046,10
-1155965.2277371127,1752248.6939080046,10
-1155501.915020585,1752248.6939080046,10
-1155038.6023040577,1752248.6939080046,10
-1154575.28958753,1752248.6939080046,10
-1154111.9768710027,1752248.6939080046,10
-1153648.664154475,1752248.6939080046,10
-1153185.3514379477,1752248.6939080046,10
-1152722.03872142,1752248.6939080046,10
-1152258.7260048925,1752248.6939080046,10
-1151795.4132883651,1752248.6939080046,10
-1151332.1005718375,1752248.6939080046,10
-1150868.7878553101,1752248.6939080046,10
-1150405.4751387825,1752248.6939080046,10
-1149942.1624222551,1752248.6939080046,10
-1149478.8497057275,1752248.6939080046,10
-1149015.5369892002,1752248.6939080046,10
-1148552.2242726726,1752248.6939080046,10
-1148088.9115561452,1752248.6939080046,10
-1147625.5988396176,1752248.6939080046,10
-1147162.2861230902,1752248.6939080046,10
-1146698.9734065626,1752248.6939080046,10
-1146235.6606900352,1752248.6939080046,10
-1145772.3479735076,1752248.6939080046,10
-1145309.03525698,1752248.6939080046,10
-1144845.7225404526,1752248.6939080046,10
-1144382.4098239252,1752248.6939080046,10
-1143919.0971073976,1752248.6939080046,10
-1143455.78439087,1752248.6939080046,10
-1142992.4716743426,1752248.6939080046,10
-1142529.158957815,1752248.6939080046,10
-1142065.8462412877,1752248.6939080046,10
-1141602.53352476,1752248.6939080046,10
-1141139.2208082327,1752248.6939080046,10
-1140675.908091705,1752248.6939080046,10
-1140212.5953751777,1752248.6939080046,10
-1139749.28265865,1752248.6939080046,10
-1139285.9699421227,1752248.6939080046,10
-1138822.657225595,1752248.6939080046,10
-1243068.0184442827,1751785.3811914772,10
-1242604.705727755,1751785.3811914772,10
-1242141.3930112277,1751785.3811914772,10
-1241678.0802947,1751785.3811914772,10
-1241214.7675781725,1751785.3811914772,10
-1240751.4548616451,1751785.3811914772,10
-1240288.1421451175,1751785.3811914772,10
-1239824.8294285901,1751785.3811914772,10
-1239361.5167120625,1751785.3811914772,10
-1238898.2039955352,1751785.3811914772,10
-1238434.8912790075,1751785.3811914772,10
-1237971.5785624802,1751785.3811914772,10
-1237508.2658459526,1751785.3811914772,10
-1237044.9531294252,1751785.3811914772,10
-1236581.6404128976,1751785.3811914772,10
-1236118.3276963702,1751785.3811914772,10
-1235655.0149798426,1751785.3811914772,10
-1235191.7022633152,1751785.3811914772,10
-1234728.3895467876,1751785.3811914772,10
-1234265.07683026,1751785.3811914772,10
-1233801.7641137326,1751785.3811914772,10
-1233338.4513972052,1751785.3811914772,10
-1232875.1386806776,1751785.3811914772,10
-1232411.82596415,1751785.3811914772,10
-1231948.5132476226,1751785.3811914772,10
-1231485.200531095,1751785.3811914772,10
-1231021.8878145677,1751785.3811914772,10
-1230558.57509804,1751785.3811914772,10
-1230095.2623815127,1751785.3811914772,10
-1229631.949664985,1751785.3811914772,10
-1229168.6369484577,1751785.3811914772,10
-1228705.32423193,1751785.3811914772,10
-1228242.0115154027,1751785.3811914772,10
-1227778.698798875,1751785.3811914772,10
-1227315.3860823475,1751785.3811914772,10
-1226852.07336582,1751785.3811914772,10
-1226388.7606492927,1751785.3811914772,10
-1225925.4479327651,1751785.3811914772,10
-1225462.1352162375,1751785.3811914772,10
-1224998.8224997101,1751785.3811914772,10
-1224535.5097831825,1751785.3811914772,10
-1224072.1970666551,1751785.3811914772,10
-1223608.8843501275,1751785.3811914772,10
-1223145.5716336002,1751785.3811914772,10
-1222682.2589170726,1751785.3811914772,10
-1222218.9462005452,1751785.3811914772,10
-1221755.6334840176,1751785.3811914772,10
-1221292.3207674902,1751785.3811914772,10
-1220829.0080509626,1751785.3811914772,10
-1220365.6953344352,1751785.3811914772,10
-1219902.3826179076,1751785.3811914772,10
-1219439.0699013802,1751785.3811914772,10
-1218975.7571848526,1751785.3811914772,10
-1218512.444468325,1751785.3811914772,10
-1218049.1317517976,1751785.3811914772,10
-1217585.81903527,1751785.3811914772,10
-1217122.5063187426,1751785.3811914772,10
-1216659.193602215,1751785.3811914772,10
-1216195.8808856877,1751785.3811914772,10
-1215732.56816916,1751785.3811914772,10
-1215269.2554526327,1751785.3811914772,10
-1214805.942736105,1751785.3811914772,10
-1214342.6300195777,1751785.3811914772,10
-1213879.31730305,1751785.3811914772,10
-1213416.0045865227,1751785.3811914772,10
-1212952.691869995,1751785.3811914772,10
-1212489.3791534677,1751785.3811914772,10
-1212026.06643694,1751785.3811914772,10
-1211562.7537204125,1751785.3811914772,10
-1211099.4410038851,1751785.3811914772,10
-1210636.1282873575,1751785.3811914772,10
-1210172.8155708301,1751785.3811914772,10
-1209709.5028543025,1751785.3811914772,10
-1209246.1901377751,1751785.3811914772,10
-1208782.8774212475,1751785.3811914772,10
-1208319.5647047202,1751785.3811914772,10
-1207856.2519881926,1751785.3811914772,10
-1207392.9392716652,1751785.3811914772,10
-1206929.6265551376,1751785.3811914772,10
-1206466.3138386102,1751785.3811914772,10
-1206003.0011220826,1751785.3811914772,10
-1205539.6884055552,1751785.3811914772,10
-1205076.3756890276,1751785.3811914772,10
-1204613.0629725,1751785.3811914772,10
-1204149.7502559726,1751785.3811914772,10
-1203686.4375394452,1751785.3811914772,10
-1203223.1248229176,1751785.3811914772,10
-1202759.81210639,1751785.3811914772,10
-1202296.4993898626,1751785.3811914772,10
-1201833.186673335,1751785.3811914772,10
-1201369.8739568077,1751785.3811914772,10
-1200906.56124028,1751785.3811914772,10
-1200443.2485237527,1751785.3811914772,10
-1199979.935807225,1751785.3811914772,10
-1199516.6230906977,1751785.3811914772,10
-1199053.31037417,1751785.3811914772,10
-1198589.9976576427,1751785.3811914772,10
-1198126.684941115,1751785.3811914772,10
-1197663.3722245875,1751785.3811914772,10
-1197200.05950806,1751785.3811914772,10
-1196736.7467915327,1751785.3811914772,10
-1196273.4340750051,1751785.3811914772,10
-1195810.1213584775,1751785.3811914772,10
-1195346.8086419501,1751785.3811914772,10
-1194883.4959254225,1751785.3811914772,10
-1194420.1832088951,1751785.3811914772,10
-1193956.8704923675,1751785.3811914772,10
-1193493.5577758402,1751785.3811914772,10
-1193030.2450593126,1751785.3811914772,10
-1192566.9323427852,1751785.3811914772,10
-1192103.6196262576,1751785.3811914772,10
-1191640.3069097302,1751785.3811914772,10
-1191176.9941932026,1751785.3811914772,10
-1190713.6814766752,1751785.3811914772,10
-1190250.3687601476,1751785.3811914772,10
-1189787.0560436202,1751785.3811914772,10
-1189323.7433270926,1751785.3811914772,10
-1188860.430610565,1751785.3811914772,10
-1188397.1178940376,1751785.3811914772,10
-1187933.80517751,1751785.3811914772,10
-1187470.4924609826,1751785.3811914772,10
-1187007.179744455,1751785.3811914772,10
-1186543.8670279277,1751785.3811914772,10
-1186080.5543114,1751785.3811914772,10
-1185617.2415948727,1751785.3811914772,10
-1185153.928878345,1751785.3811914772,10
-1184690.6161618177,1751785.3811914772,10
-1184227.30344529,1751785.3811914772,10
-1183763.9907287627,1751785.3811914772,10
-1183300.678012235,1751785.3811914772,10
-1182837.3652957077,1751785.3811914772,10
-1182374.05257918,1751785.3811914772,10
-1181910.7398626525,1751785.3811914772,10
-1181447.4271461251,1751785.3811914772,10
-1180984.1144295975,1751785.3811914772,10
-1180520.8017130701,1751785.3811914772,10
-1180057.4889965425,1751785.3811914772,10
-1179594.1762800151,1751785.3811914772,10
-1179130.8635634875,1751785.3811914772,10
-1178667.5508469602,1751785.3811914772,10
-1178204.2381304326,1751785.3811914772,10
-1177740.9254139052,1751785.3811914772,10
-1177277.6126973776,1751785.3811914772,10
-1176814.2999808502,1751785.3811914772,10
-1176350.9872643226,1751785.3811914772,10
-1175887.6745477952,1751785.3811914772,10
-1175424.3618312676,1751785.3811914772,10
-1174961.04911474,1751785.3811914772,10
-1174497.7363982126,1751785.3811914772,10
-1174034.4236816852,1751785.3811914772,10
-1173571.1109651576,1751785.3811914772,10
-1173107.79824863,1751785.3811914772,10
-1172644.4855321026,1751785.3811914772,10
-1172181.172815575,1751785.3811914772,10
-1171717.8600990477,1751785.3811914772,10
-1171254.54738252,1751785.3811914772,10
-1170791.2346659927,1751785.3811914772,10
-1170327.921949465,1751785.3811914772,10
-1169864.6092329377,1751785.3811914772,10
-1169401.29651641,1751785.3811914772,10
-1168937.9837998827,1751785.3811914772,10
-1168474.671083355,1751785.3811914772,10
-1168011.3583668275,1751785.3811914772,10
-1167548.0456503,1751785.3811914772,10
-1167084.7329337727,1751785.3811914772,10
-1166621.4202172451,1751785.3811914772,10
-1166158.1075007175,1751785.3811914772,10
-1165694.7947841901,1751785.3811914772,10
-1165231.4820676625,1751785.3811914772,10
-1164768.1693511351,1751785.3811914772,10
-1164304.8566346075,1751785.3811914772,10
-1163841.5439180802,1751785.3811914772,10
-1163378.2312015526,1751785.3811914772,10
-1162914.9184850252,1751785.3811914772,10
-1162451.6057684976,1751785.3811914772,10
-1161988.2930519702,1751785.3811914772,10
-1161524.9803354426,1751785.3811914772,10
-1161061.6676189152,1751785.3811914772,10
-1160598.3549023876,1751785.3811914772,10
-1160135.0421858602,1751785.3811914772,10
-1159671.7294693326,1751785.3811914772,10
-1159208.416752805,1751785.3811914772,10
-1158745.1040362776,1751785.3811914772,10
-1158281.79131975,1751785.3811914772,10
-1157818.4786032226,1751785.3811914772,10
-1157355.165886695,1751785.3811914772,10
-1156891.8531701677,1751785.3811914772,10
-1156428.54045364,1751785.3811914772,10
-1155965.2277371127,1751785.3811914772,10
-1155501.915020585,1751785.3811914772,10
-1155038.6023040577,1751785.3811914772,10
-1154575.28958753,1751785.3811914772,10
-1154111.9768710027,1751785.3811914772,10
-1153648.664154475,1751785.3811914772,10
-1153185.3514379477,1751785.3811914772,10
-1152722.03872142,1751785.3811914772,10
-1152258.7260048925,1751785.3811914772,10
-1151795.4132883651,1751785.3811914772,10
-1151332.1005718375,1751785.3811914772,10
-1150868.7878553101,1751785.3811914772,10
-1150405.4751387825,1751785.3811914772,10
-1149942.1624222551,1751785.3811914772,10
-1149478.8497057275,1751785.3811914772,10
-1149015.5369892002,1751785.3811914772,10
-1148552.2242726726,1751785.3811914772,10
-1148088.9115561452,1751785.3811914772,10
-1147625.5988396176,1751785.3811914772,10
-1147162.2861230902,1751785.3811914772,10
-1146698.9734065626,1751785.3811914772,10
-1146235.6606900352,1751785.3811914772,10
-1145772.3479735076,1751785.3811914772,10
-1145309.03525698,1751785.3811914772,10
-1144845.7225404526,1751785.3811914772,10
-1144382.4098239252,1751785.3811914772,10
-1143919.0971073976,1751785.3811914772,10
-1143455.78439087,1751785.3811914772,10
-1142992.4716743426,1751785.3811914772,10
-1142529.158957815,1751785.3811914772,10
-1142065.8462412877,1751785.3811914772,10
-1141602.53352476,1751785.3811914772,10
-1141139.2208082327,1751785.3811914772,10
-1140675.908091705,1751785.3811914772,10
-1140212.5953751777,1751785.3811914772,10
-1139749.28265865,1751785.3811914772,10
-1139285.9699421227,1751785.3811914772,10
-1138822.657225595,1751785.3811914772,10
-1243531.33116081,1751322.0684749498,10
-1243068.0184442827,1751322.0684749498,10
-1242604.705727755,1751322.0684749498,10
-1242141.3930112277,1751322.0684749498,10
-1241678.0802947,1751322.0684749498,10
-1241214.7675781725,1751322.0684749498,10
-1240751.4548616451,1751322.0684749498,10
-1240288.1421451175,1751322.0684749498,10
-1239824.8294285901,1751322.0684749498,10
-1239361.5167120625,1751322.0684749498,10
-1238898.2039955352,1751322.0684749498,10
-1238434.8912790075,1751322.0684749498,10
-1237971.5785624802,1751322.0684749498,10
-1237508.2658459526,1751322.0684749498,10
-1237044.9531294252,1751322.0684749498,10
-1236581.6404128976,1751322.0684749498,10
-1236118.3276963702,1751322.0684749498,10
-1235655.0149798426,1751322.0684749498,10
-1235191.7022633152,1751322.0684749498,10
-1234728.3895467876,1751322.0684749498,10
-1234265.07683026,1751322.0684749498,10
-1233801.7641137326,1751322.0684749498,10
-1233338.4513972052,1751322.0684749498,10
-1232875.1386806776,1751322.0684749498,10
-1232411.82596415,1751322.0684749498,10
-1231948.5132476226,1751322.0684749498,10
-1231485.200531095,1751322.0684749498,10
-1231021.8878145677,1751322.0684749498,10
-1230558.57509804,1751322.0684749498,10
-1230095.2623815127,1751322.0684749498,10
-1229631.949664985,1751322.0684749498,10
-1229168.6369484577,1751322.0684749498,10
-1228705.32423193,1751322.0684749498,10
-1228242.0115154027,1751322.0684749498,10
-1227778.698798875,1751322.0684749498,10
-1227315.3860823475,1751322.0684749498,10
-1226852.07336582,1751322.0684749498,10
-1226388.7606492927,1751322.0684749498,10
-1225925.4479327651,1751322.0684749498,10
-1225462.1352162375,1751322.0684749498,10
-1224998.8224997101,1751322.0684749498,10
-1224535.5097831825,1751322.0684749498,10
-1224072.1970666551,1751322.0684749498,10
-1223608.8843501275,1751322.0684749498,10
-1223145.5716336002,1751322.0684749498,10
-1222682.2589170726,1751322.0684749498,10
-1222218.9462005452,1751322.0684749498,10
-1221755.6334840176,1751322.0684749498,10
-1221292.3207674902,1751322.0684749498,10
-1220829.0080509626,1751322.0684749498,10
-1220365.6953344352,1751322.0684749498,10
-1219902.3826179076,1751322.0684749498,10
-1219439.0699013802,1751322.0684749498,10
-1218975.7571848526,1751322.0684749498,10
-1218512.444468325,1751322.0684749498,10
-1218049.1317517976,1751322.0684749498,10
-1217585.81903527,1751322.0684749498,10
-1217122.5063187426,1751322.0684749498,10
-1216659.193602215,1751322.0684749498,10
-1216195.8808856877,1751322.0684749498,10
-1215732.56816916,1751322.0684749498,10
-1215269.2554526327,1751322.0684749498,10
-1214805.942736105,1751322.0684749498,10
-1214342.6300195777,1751322.0684749498,10
-1213879.31730305,1751322.0684749498,10
-1213416.0045865227,1751322.0684749498,10
-1212952.691869995,1751322.0684749498,10
-1212489.3791534677,1751322.0684749498,10
-1212026.06643694,1751322.0684749498,10
-1211562.7537204125,1751322.0684749498,10
-1211099.4410038851,1751322.0684749498,10
-1210636.1282873575,1751322.0684749498,10
-1210172.8155708301,1751322.0684749498,10
-1209709.5028543025,1751322.0684749498,10
-1209246.1901377751,1751322.0684749498,10
-1208782.8774212475,1751322.0684749498,10
-1208319.5647047202,1751322.0684749498,10
-1207856.2519881926,1751322.0684749498,10
-1207392.9392716652,1751322.0684749498,10
-1206929.6265551376,1751322.0684749498,10
-1206466.3138386102,1751322.0684749498,10
-1206003.0011220826,1751322.0684749498,10
-1205539.6884055552,1751322.0684749498,10
-1205076.3756890276,1751322.0684749498,10
-1204613.0629725,1751322.0684749498,10
-1204149.7502559726,1751322.0684749498,10
-1203686.4375394452,1751322.0684749498,10
-1203223.1248229176,1751322.0684749498,10
-1202759.81210639,1751322.0684749498,10
-1202296.4993898626,1751322.0684749498,10
-1201833.186673335,1751322.0684749498,10
-1201369.8739568077,1751322.0684749498,10
-1200906.56124028,1751322.0684749498,10
-1200443.2485237527,1751322.0684749498,10
-1199979.935807225,1751322.0684749498,10
-1199516.6230906977,1751322.0684749498,10
-1199053.31037417,1751322.0684749498,10
-1198589.9976576427,1751322.0684749498,10
-1198126.684941115,1751322.0684749498,10
-1197663.3722245875,1751322.0684749498,10
-1197200.05950806,1751322.0684749498,10
-1196736.7467915327,1751322.0684749498,10
-1196273.4340750051,1751322.0684749498,10
-1195810.1213584775,1751322.0684749498,10
-1195346.8086419501,1751322.0684749498,10
-1194883.4959254225,1751322.0684749498,10
-1194420.1832088951,1751322.0684749498,10
-1193956.8704923675,1751322.0684749498,10
-1193493.5577758402,1751322.0684749498,10
-1193030.2450593126,1751322.0684749498,10
-1192566.9323427852,1751322.0684749498,10
-1192103.6196262576,1751322.0684749498,10
-1191640.3069097302,1751322.0684749498,10
-1191176.9941932026,1751322.0684749498,10
-1190713.6814766752,1751322.0684749498,10
-1190250.3687601476,1751322.0684749498,10
-1189787.0560436202,1751322.0684749498,10
-1189323.7433270926,1751322.0684749498,10
-1188860.430610565,1751322.0684749498,10
-1188397.1178940376,1751322.0684749498,10
-1187933.80517751,1751322.0684749498,10
-1187470.4924609826,1751322.0684749498,10
-1187007.179744455,1751322.0684749498,10
-1186543.8670279277,1751322.0684749498,10
-1186080.5543114,1751322.0684749498,10
-1185617.2415948727,1751322.0684749498,10
-1185153.928878345,1751322.0684749498,10
-1184690.6161618177,1751322.0684749498,10
-1184227.30344529,1751322.0684749498,10
-1183763.9907287627,1751322.0684749498,10
-1183300.678012235,1751322.0684749498,10
-1182837.3652957077,1751322.0684749498,10
-1182374.05257918,1751322.0684749498,10
-1181910.7398626525,1751322.0684749498,10
-1181447.4271461251,1751322.0684749498,10
-1180984.1144295975,1751322.0684749498,10
-1180520.8017130701,1751322.0684749498,10
-1180057.4889965425,1751322.0684749498,10
-1179594.1762800151,1751322.0684749498,10
-1179130.8635634875,1751322.0684749498,10
-1178667.5508469602,1751322.0684749498,10
-1178204.2381304326,1751322.0684749498,10
-1177740.9254139052,1751322.0684749498,10
-1177277.6126973776,1751322.0684749498,10
-1176814.2999808502,1751322.0684749498,10
-1176350.9872643226,1751322.0684749498,10
-1175887.6745477952,1751322.0684749498,10
-1175424.3618312676,1751322.0684749498,10
-1174961.04911474,1751322.0684749498,10
-1174497.7363982126,1751322.0684749498,10
-1174034.4236816852,1751322.0684749498,10
-1173571.1109651576,1751322.0684749498,10
-1173107.79824863,1751322.0684749498,10
-1172644.4855321026,1751322.0684749498,10
-1172181.172815575,1751322.0684749498,10
-1171717.8600990477,1751322.0684749498,10
-1171254.54738252,1751322.0684749498,10
-1170791.2346659927,1751322.0684749498,10
-1170327.921949465,1751322.0684749498,10
-1169864.6092329377,1751322.0684749498,10
-1169401.29651641,1751322.0684749498,10
-1168937.9837998827,1751322.0684749498,10
-1168474.671083355,1751322.0684749498,10
-1168011.3583668275,1751322.0684749498,10
-1167548.0456503,1751322.0684749498,10
-1167084.7329337727,1751322.0684749498,10
-1166621.4202172451,1751322.0684749498,10
-1166158.1075007175,1751322.0684749498,10
-1165694.7947841901,1751322.0684749498,10
-1165231.4820676625,1751322.0684749498,10
-1164768.1693511351,1751322.0684749498,10
-1164304.8566346075,1751322.0684749498,10
-1163841.5439180802,1751322.0684749498,10
-1163378.2312015526,1751322.0684749498,10
-1162914.9184850252,1751322.0684749498,10
-1162451.6057684976,1751322.0684749498,10
-1161988.2930519702,1751322.0684749498,10
-1161524.9803354426,1751322.0684749498,10
-1161061.6676189152,1751322.0684749498,10
-1160598.3549023876,1751322.0684749498,10
-1160135.0421858602,1751322.0684749498,10
-1159671.7294693326,1751322.0684749498,10
-1159208.416752805,1751322.0684749498,10
-1158745.1040362776,1751322.0684749498,10
-1158281.79131975,1751322.0684749498,10
-1157818.4786032226,1751322.0684749498,10
-1157355.165886695,1751322.0684749498,10
-1156891.8531701677,1751322.0684749498,10
-1156428.54045364,1751322.0684749498,10
-1155965.2277371127,1751322.0684749498,10
-1155501.915020585,1751322.0684749498,10
-1155038.6023040577,1751322.0684749498,10
-1154575.28958753,1751322.0684749498,10
-1154111.9768710027,1751322.0684749498,10
-1153648.664154475,1751322.0684749498,10
-1153185.3514379477,1751322.0684749498,10
-1152722.03872142,1751322.0684749498,10
-1152258.7260048925,1751322.0684749498,10
-1151795.4132883651,1751322.0684749498,10
-1151332.1005718375,1751322.0684749498,10
-1150868.7878553101,1751322.0684749498,10
-1150405.4751387825,1751322.0684749498,10
-1149942.1624222551,1751322.0684749498,10
-1149478.8497057275,1751322.0684749498,10
-1149015.5369892002,1751322.0684749498,10
-1148552.2242726726,1751322.0684749498,10
-1148088.9115561452,1751322.0684749498,10
-1147625.5988396176,1751322.0684749498,10
-1147162.2861230902,1751322.0684749498,10
-1146698.9734065626,1751322.0684749498,10
-1146235.6606900352,1751322.0684749498,10
-1145772.3479735076,1751322.0684749498,10
-1145309.03525698,1751322.0684749498,10
-1144845.7225404526,1751322.0684749498,10
-1144382.4098239252,1751322.0684749498,10
-1143919.0971073976,1751322.0684749498,10
-1143455.78439087,1751322.0684749498,10
-1142992.4716743426,1751322.0684749498,10
-1142529.158957815,1751322.0684749498,10
-1142065.8462412877,1751322.0684749498,10
-1141602.53352476,1751322.0684749498,10
-1141139.2208082327,1751322.0684749498,10
-1140675.908091705,1751322.0684749498,10
-1140212.5953751777,1751322.0684749498,10
-1139749.28265865,1751322.0684749498,10
-1139285.9699421227,1751322.0684749498,10
-1138822.657225595,1751322.0684749498,10
-1244457.956593865,1750858.7557584222,10
-1243994.6438773377,1750858.7557584222,10
-1243531.33116081,1750858.7557584222,10
-1243068.0184442827,1750858.7557584222,10
-1242604.705727755,1750858.7557584222,10
-1242141.3930112277,1750858.7557584222,10
-1241678.0802947,1750858.7557584222,10
-1241214.7675781725,1750858.7557584222,10
-1240751.4548616451,1750858.7557584222,10
-1240288.1421451175,1750858.7557584222,10
-1239824.8294285901,1750858.7557584222,10
-1239361.5167120625,1750858.7557584222,10
-1238898.2039955352,1750858.7557584222,10
-1238434.8912790075,1750858.7557584222,10
-1237971.5785624802,1750858.7557584222,10
-1237508.2658459526,1750858.7557584222,10
-1237044.9531294252,1750858.7557584222,10
-1236581.6404128976,1750858.7557584222,10
-1236118.3276963702,1750858.7557584222,10
-1235655.0149798426,1750858.7557584222,10
-1235191.7022633152,1750858.7557584222,10
-1234728.3895467876,1750858.7557584222,10
-1234265.07683026,1750858.7557584222,10
-1233801.7641137326,1750858.7557584222,10
-1233338.4513972052,1750858.7557584222,10
-1232875.1386806776,1750858.7557584222,10
-1232411.82596415,1750858.7557584222,10
-1231948.5132476226,1750858.7557584222,10
-1231485.200531095,1750858.7557584222,10
-1231021.8878145677,1750858.7557584222,10
-1230558.57509804,1750858.7557584222,10
-1230095.2623815127,1750858.7557584222,10
-1229631.949664985,1750858.7557584222,10
-1229168.6369484577,1750858.7557584222,10
-1228705.32423193,1750858.7557584222,10
-1228242.0115154027,1750858.7557584222,10
-1227778.698798875,1750858.7557584222,10
-1227315.3860823475,1750858.7557584222,10
-1226852.07336582,1750858.7557584222,10
-1226388.7606492927,1750858.7557584222,10
-1225925.4479327651,1750858.7557584222,10
-1225462.1352162375,1750858.7557584222,10
-1224998.8224997101,1750858.7557584222,10
-1224535.5097831825,1750858.7557584222,10
-1224072.1970666551,1750858.7557584222,10
-1223608.8843501275,1750858.7557584222,10
-1223145.5716336002,1750858.7557584222,10
-1222682.2589170726,1750858.7557584222,10
-1222218.9462005452,1750858.7557584222,10
-1221755.6334840176,1750858.7557584222,10
-1221292.3207674902,1750858.7557584222,10
-1220829.0080509626,1750858.7557584222,10
-1220365.6953344352,1750858.7557584222,10
-1219902.3826179076,1750858.7557584222,10
-1219439.0699013802,1750858.7557584222,10
-1218975.7571848526,1750858.7557584222,10
-1218512.444468325,1750858.7557584222,10
-1218049.1317517976,1750858.7557584222,10
-1217585.81903527,1750858.7557584222,10
-1217122.5063187426,1750858.7557584222,10
-1216659.193602215,1750858.7557584222,10
-1216195.8808856877,1750858.7557584222,10
-1215732.56816916,1750858.7557584222,10
-1215269.2554526327,1750858.7557584222,10
-1214805.942736105,1750858.7557584222,10
-1214342.6300195777,1750858.7557584222,10
-1213879.31730305,1750858.7557584222,10
-1213416.0045865227,1750858.7557584222,10
-1212952.691869995,1750858.7557584222,10
-1212489.3791534677,1750858.7557584222,10
-1212026.06643694,1750858.7557584222,10
-1211562.7537204125,1750858.7557584222,10
-1211099.4410038851,1750858.7557584222,10
-1210636.1282873575,1750858.7557584222,10
-1210172.8155708301,1750858.7557584222,10
-1209709.5028543025,1750858.7557584222,10
-1209246.1901377751,1750858.7557584222,10
-1208782.8774212475,1750858.7557584222,10
-1208319.5647047202,1750858.7557584222,10
-1207856.2519881926,1750858.7557584222,10
-1207392.9392716652,1750858.7557584222,10
-1206929.6265551376,1750858.7557584222,10
-1206466.3138386102,1750858.7557584222,10
-1206003.0011220826,1750858.7557584222,10
-1205539.6884055552,1750858.7557584222,10
-1205076.3756890276,1750858.7557584222,10
-1204613.0629725,1750858.7557584222,10
-1204149.7502559726,1750858.7557584222,10
-1203686.4375394452,1750858.7557584222,10
-1203223.1248229176,1750858.7557584222,10
-1202759.81210639,1750858.7557584222,10
-1202296.4993898626,1750858.7557584222,10
-1201833.186673335,1750858.7557584222,10
-1201369.8739568077,1750858.7557584222,10
-1200906.56124028,1750858.7557584222,10
-1200443.2485237527,1750858.7557584222,10
-1199979.935807225,1750858.7557584222,10
-1199516.6230906977,1750858.7557584222,10
-1199053.31037417,1750858.7557584222,10
-1198589.9976576427,1750858.7557584222,10
-1198126.684941115,1750858.7557584222,10
-1197663.3722245875,1750858.7557584222,10
-1197200.05950806,1750858.7557584222,10
-1196736.7467915327,1750858.7557584222,10
-1196273.4340750051,1750858.7557584222,10
-1195810.1213584775,1750858.7557584222,10
-1195346.8086419501,1750858.7557584222,10
-1194883.4959254225,1750858.7557584222,10
-1194420.1832088951,1750858.7557584222,10
-1193956.8704923675,1750858.7557584222,10
-1193493.5577758402,1750858.7557584222,10
-1193030.2450593126,1750858.7557584222,10
-1192566.9323427852,1750858.7557584222,10
-1192103.6196262576,1750858.7557584222,10
-1191640.3069097302,1750858.7557584222,10
-1191176.9941932026,1750858.7557584222,10
-1190713.6814766752,1750858.7557584222,10
-1190250.3687601476,1750858.7557584222,10
-1189787.0560436202,1750858.7557584222,10
-1189323.7433270926,1750858.7557584222,10
-1188860.430610565,1750858.7557584222,10
-1188397.1178940376,1750858.7557584222,10
-1187933.80517751,1750858.7557584222,10
-1187470.4924609826,1750858.7557584222,10
-1187007.179744455,1750858.7557584222,10
-1186543.8670279277,1750858.7557584222,10
-1186080.5543114,1750858.7557584222,10
-1185617.2415948727,1750858.7557584222,10
-1185153.928878345,1750858.7557584222,10
-1184690.6161618177,1750858.7557584222,10
-1184227.30344529,1750858.7557584222,10
-1183763.9907287627,1750858.7557584222,10
-1183300.678012235,1750858.7557584222,10
-1182837.3652957077,1750858.7557584222,10
-1182374.05257918,1750858.7557584222,10
-1181910.7398626525,1750858.7557584222,10
-1181447.4271461251,1750858.7557584222,10
-1180984.1144295975,1750858.7557584222,10
-1180520.8017130701,1750858.7557584222,10
-1180057.4889965425,1750858.7557584222,10
-1179594.1762800151,1750858.7557584222,10
-1179130.8635634875,1750858.7557584222,10
-1178667.5508469602,1750858.7557584222,10
-1178204.2381304326,1750858.7557584222,10
-1177740.9254139052,1750858.7557584222,10
-1177277.6126973776,1750858.7557584222,10
-1176814.2999808502,1750858.7557584222,10
-1176350.9872643226,1750858.7557584222,10
-1175887.6745477952,1750858.7557584222,10
-1175424.3618312676,1750858.7557584222,10
-1174961.04911474,1750858.7557584222,10
-1174497.7363982126,1750858.7557584222,10
-1174034.4236816852,1750858.7557584222,10
-1173571.1109651576,1750858.7557584222,10
-1173107.79824863,1750858.7557584222,10
-1172644.4855321026,1750858.7557584222,10
-1172181.172815575,1750858.7557584222,10
-1171717.8600990477,1750858.7557584222,10
-1171254.54738252,1750858.7557584222,10
-1170791.2346659927,1750858.7557584222,10
-1170327.921949465,1750858.7557584222,10
-1169864.6092329377,1750858.7557584222,10
-1169401.29651641,1750858.7557584222,10
-1168937.9837998827,1750858.7557584222,10
-1168474.671083355,1750858.7557584222,10
-1168011.3583668275,1750858.7557584222,10
-1167548.0456503,1750858.7557584222,10
-1167084.7329337727,1750858.7557584222,10
-1166621.4202172451,1750858.7557584222,10
-1166158.1075007175,1750858.7557584222,10
-1165694.7947841901,1750858.7557584222,10
-1165231.4820676625,1750858.7557584222,10
-1164768.1693511351,1750858.7557584222,10
-1164304.8566346075,1750858.7557584222,10
-1163841.5439180802,1750858.7557584222,10
-1163378.2312015526,1750858.7557584222,10
-1162914.9184850252,1750858.7557584222,10
-1162451.6057684976,1750858.7557584222,10
-1161988.2930519702,1750858.7557584222,10
-1161524.9803354426,1750858.7557584222,10
-1161061.6676189152,1750858.7557584222,10
-1160598.3549023876,1750858.7557584222,10
-1160135.0421858602,1750858.7557584222,10
-1159671.7294693326,1750858.7557584222,10
-1159208.416752805,1750858.7557584222,10
-1158745.1040362776,1750858.7557584222,10
-1158281.79131975,1750858.7557584222,10
-1157818.4786032226,1750858.7557584222,10
-1157355.165886695,1750858.7557584222,10
-1156891.8531701677,1750858.7557584222,10
-1156428.54045364,1750858.7557584222,10
-1155965.2277371127,1750858.7557584222,10
-1155501.915020585,1750858.7557584222,10
-1155038.6023040577,1750858.7557584222,10
-1154575.28958753,1750858.7557584222,10
-1154111.9768710027,1750858.7557584222,10
-1153648.664154475,1750858.7557584222,10
-1153185.3514379477,1750858.7557584222,10
-1152722.03872142,1750858.7557584222,10
-1152258.7260048925,1750858.7557584222,10
-1151795.4132883651,1750858.7557584222,10
-1151332.1005718375,1750858.7557584222,10
-1150868.7878553101,1750858.7557584222,10
-1150405.4751387825,1750858.7557584222,10
-1149942.1624222551,1750858.7557584222,10
-1149478.8497057275,1750858.7557584222,10
-1149015.5369892002,1750858.7557584222,10
-1148552.2242726726,1750858.7557584222,10
-1148088.9115561452,1750858.7557584222,10
-1147625.5988396176,1750858.7557584222,10
-1147162.2861230902,1750858.7557584222,10
-1146698.9734065626,1750858.7557584222,10
-1146235.6606900352,1750858.7557584222,10
-1145772.3479735076,1750858.7557584222,10
-1145309.03525698,1750858.7557584222,10
-1144845.7225404526,1750858.7557584222,10
-1144382.4098239252,1750858.7557584222,10
-1143919.0971073976,1750858.7557584222,10
-1143455.78439087,1750858.7557584222,10
-1142992.4716743426,1750858.7557584222,10
-1142529.158957815,1750858.7557584222,10
-1142065.8462412877,1750858.7557584222,10
-1141602.53352476,1750858.7557584222,10
-1141139.2208082327,1750858.7557584222,10
-1140675.908091705,1750858.7557584222,10
-1140212.5953751777,1750858.7557584222,10
-1139749.28265865,1750858.7557584222,10
-1139285.9699421227,1750858.7557584222,10
-1138822.657225595,1750858.7557584222,10
-1244921.2693103927,1750395.4430418946,10
-1244457.956593865,1750395.4430418946,10
-1243994.6438773377,1750395.4430418946,10
-1243531.33116081,1750395.4430418946,10
-1243068.0184442827,1750395.4430418946,10
-1242604.705727755,1750395.4430418946,10
-1242141.3930112277,1750395.4430418946,10
-1241678.0802947,1750395.4430418946,10
-1241214.7675781725,1750395.4430418946,10
-1240751.4548616451,1750395.4430418946,10
-1240288.1421451175,1750395.4430418946,10
-1239824.8294285901,1750395.4430418946,10
-1239361.5167120625,1750395.4430418946,10
-1238898.2039955352,1750395.4430418946,10
-1238434.8912790075,1750395.4430418946,10
-1237971.5785624802,1750395.4430418946,10
-1237508.2658459526,1750395.4430418946,10
-1237044.9531294252,1750395.4430418946,10
-1236581.6404128976,1750395.4430418946,10
-1236118.3276963702,1750395.4430418946,10
-1235655.0149798426,1750395.4430418946,10
-1235191.7022633152,1750395.4430418946,10
-1234728.3895467876,1750395.4430418946,10
-1234265.07683026,1750395.4430418946,10
-1233801.7641137326,1750395.4430418946,10
-1233338.4513972052,1750395.4430418946,10
-1232875.1386806776,1750395.4430418946,10
-1232411.82596415,1750395.4430418946,10
-1231948.5132476226,1750395.4430418946,10
-1231485.200531095,1750395.4430418946,10
-1231021.8878145677,1750395.4430418946,10
-1230558.57509804,1750395.4430418946,10
-1230095.2623815127,1750395.4430418946,10
-1229631.949664985,1750395.4430418946,10
-1229168.6369484577,1750395.4430418946,10
-1228705.32423193,1750395.4430418946,10
-1228242.0115154027,1750395.4430418946,10
-1227778.698798875,1750395.4430418946,10
-1227315.3860823475,1750395.4430418946,10
-1226852.07336582,1750395.4430418946,10
-1226388.7606492927,1750395.4430418946,10
-1225925.4479327651,1750395.4430418946,10
-1225462.1352162375,1750395.4430418946,10
-1224998.8224997101,1750395.4430418946,10
-1224535.5097831825,1750395.4430418946,10
-1224072.1970666551,1750395.4430418946,10
-1223608.8843501275,1750395.4430418946,10
-1223145.5716336002,1750395.4430418946,10
-1222682.2589170726,1750395.4430418946,10
-1222218.9462005452,1750395.4430418946,10
-1221755.6334840176,1750395.4430418946,10
-1221292.3207674902,1750395.4430418946,10
-1220829.0080509626,1750395.4430418946,10
-1220365.6953344352,1750395.4430418946,10
-1219902.3826179076,1750395.4430418946,10
-1219439.0699013802,1750395.4430418946,10
-1218975.7571848526,1750395.4430418946,10
-1218512.444468325,1750395.4430418946,10
-1218049.1317517976,1750395.4430418946,10
-1217585.81903527,1750395.4430418946,10
-1217122.5063187426,1750395.4430418946,10
-1216659.193602215,1750395.4430418946,10
-1216195.8808856877,1750395.4430418946,10
-1215732.56816916,1750395.4430418946,10
-1215269.2554526327,1750395.4430418946,10
-1214805.942736105,1750395.4430418946,10
-1214342.6300195777,1750395.4430418946,10
-1213879.31730305,1750395.4430418946,10
-1213416.0045865227,1750395.4430418946,10
-1212952.691869995,1750395.4430418946,10
-1212489.3791534677,1750395.4430418946,10
-1212026.06643694,1750395.4430418946,10
-1211562.7537204125,1750395.4430418946,10
-1211099.4410038851,1750395.4430418946,10
-1210636.1282873575,1750395.4430418946,10
-1210172.8155708301,1750395.4430418946,10
-1209709.5028543025,1750395.4430418946,10
-1209246.1901377751,1750395.4430418946,10
-1208782.8774212475,1750395.4430418946,10
-1208319.5647047202,1750395.4430418946,10
-1207856.2519881926,1750395.4430418946,10
-1207392.9392716652,1750395.4430418946,10
-1206929.6265551376,1750395.4430418946,10
-1206466.3138386102,1750395.4430418946,10
-1206003.0011220826,1750395.4430418946,10
-1205539.6884055552,1750395.4430418946,10
-1205076.3756890276,1750395.4430418946,10
-1204613.0629725,1750395.4430418946,10
-1204149.7502559726,1750395.4430418946,10
-1203686.4375394452,1750395.4430418946,10
-1203223.1248229176,1750395.4430418946,10
-1202759.81210639,1750395.4430418946,10
-1202296.4993898626,1750395.4430418946,10
-1201833.186673335,1750395.4430418946,10
-1201369.8739568077,1750395.4430418946,10
-1200906.56124028,1750395.4430418946,10
-1200443.2485237527,1750395.4430418946,10
-1199979.935807225,1750395.4430418946,10
-1199516.6230906977,1750395.4430418946,10
-1199053.31037417,1750395.4430418946,10
-1198589.9976576427,1750395.4430418946,10
-1198126.684941115,1750395.4430418946,10
-1197663.3722245875,1750395.4430418946,10
-1197200.05950806,1750395.4430418946,10
-1196736.7467915327,1750395.4430418946,10
-1196273.4340750051,1750395.4430418946,10
-1195810.1213584775,1750395.4430418946,10
-1195346.8086419501,1750395.4430418946,10
-1194883.4959254225,1750395.4430418946,10
-1194420.1832088951,1750395.4430418946,10
-1193956.8704923675,1750395.4430418946,10
-1193493.5577758402,1750395.4430418946,10
-1193030.2450593126,1750395.4430418946,10
-1192566.9323427852,1750395.4430418946,10
-1192103.6196262576,1750395.4430418946,10
-1191640.3069097302,1750395.4430418946,10
-1191176.9941932026,1750395.4430418946,10
-1190713.6814766752,1750395.4430418946,10
-1190250.3687601476,1750395.4430418946,10
-1189787.0560436202,1750395.4430418946,10
-1189323.7433270926,1750395.4430418946,10
-1188860.430610565,1750395.4430418946,10
-1188397.1178940376,1750395.4430418946,10
-1187933.80517751,1750395.4430418946,10
-1187470.4924609826,1750395.4430418946,10
-1187007.179744455,1750395.4430418946,10
-1186543.8670279277,1750395.4430418946,10
-1186080.5543114,1750395.4430418946,10
-1185617.2415948727,1750395.4430418946,10
-1185153.928878345,1750395.4430418946,10
-1184690.6161618177,1750395.4430418946,10
-1184227.30344529,1750395.4430418946,10
-1183763.9907287627,1750395.4430418946,10
-1183300.678012235,1750395.4430418946,10
-1182837.3652957077,1750395.4430418946,10
-1182374.05257918,1750395.4430418946,10
-1181910.7398626525,1750395.4430418946,10
-1181447.4271461251,1750395.4430418946,10
-1180984.1144295975,1750395.4430418946,10
-1180520.8017130701,1750395.4430418946,10
-1180057.4889965425,1750395.4430418946,10
-1179594.1762800151,1750395.4430418946,10
-1179130.8635634875,1750395.4430418946,10
-1178667.5508469602,1750395.4430418946,10
-1178204.2381304326,1750395.4430418946,10
-1177740.9254139052,1750395.4430418946,10
-1177277.6126973776,1750395.4430418946,10
-1176814.2999808502,1750395.4430418946,10
-1176350.9872643226,1750395.4430418946,10
-1175887.6745477952,1750395.4430418946,10
-1175424.3618312676,1750395.4430418946,10
-1174961.04911474,1750395.4430418946,10
-1174497.7363982126,1750395.4430418946,10
-1174034.4236816852,1750395.4430418946,10
-1173571.1109651576,1750395.4430418946,10
-1173107.79824863,1750395.4430418946,10
-1172644.4855321026,1750395.4430418946,10
-1172181.172815575,1750395.4430418946,10
-1171717.8600990477,1750395.4430418946,10
-1171254.54738252,1750395.4430418946,10
-1170791.2346659927,1750395.4430418946,10
-1170327.921949465,1750395.4430418946,10
-1169864.6092329377,1750395.4430418946,10
-1169401.29651641,1750395.4430418946,10
-1168937.9837998827,1750395.4430418946,10
-1168474.671083355,1750395.4430418946,10
-1168011.3583668275,1750395.4430418946,10
-1167548.0456503,1750395.4430418946,10
-1167084.7329337727,1750395.4430418946,10
-1166621.4202172451,1750395.4430418946,10
-1166158.1075007175,1750395.4430418946,10
-1165694.7947841901,1750395.4430418946,10
-1165231.4820676625,1750395.4430418946,10
-1164768.1693511351,1750395.4430418946,10
-1164304.8566346075,1750395.4430418946,10
-1163841.5439180802,1750395.4430418946,10
-1163378.2312015526,1750395.4430418946,10
-1162914.9184850252,1750395.4430418946,10
-1162451.6057684976,1750395.4430418946,10
-1161988.2930519702,1750395.4430418946,10
-1161524.9803354426,1750395.4430418946,10
-1161061.6676189152,1750395.4430418946,10
-1160598.3549023876,1750395.4430418946,10
-1160135.0421858602,1750395.4430418946,10
-1159671.7294693326,1750395.4430418946,10
-1159208.416752805,1750395.4430418946,10
-1158745.1040362776,1750395.4430418946,10
-1158281.79131975,1750395.4430418946,10
-1157818.4786032226,1750395.4430418946,10
-1157355.165886695,1750395.4430418946,10
-1156891.8531701677,1750395.4430418946,10
-1156428.54045364,1750395.4430418946,12
-1155965.2277371127,1750395.4430418946,10
-1155501.915020585,1750395.4430418946,10
-1155038.6023040577,1750395.4430418946,10
-1154575.28958753,1750395.4430418946,10
-1154111.9768710027,1750395.4430418946,10
-1153648.664154475,1750395.4430418946,10
-1153185.3514379477,1750395.4430418946,10
-1152722.03872142,1750395.4430418946,10
-1152258.7260048925,1750395.4430418946,10
-1151795.4132883651,1750395.4430418946,10
-1151332.1005718375,1750395.4430418946,10
-1150868.7878553101,1750395.4430418946,10
-1150405.4751387825,1750395.4430418946,10
-1149942.1624222551,1750395.4430418946,10
-1149478.8497057275,1750395.4430418946,10
-1149015.5369892002,1750395.4430418946,10
-1148552.2242726726,1750395.4430418946,10
-1148088.9115561452,1750395.4430418946,10
-1147625.5988396176,1750395.4430418946,10
-1147162.2861230902,1750395.4430418946,10
-1146698.9734065626,1750395.4430418946,10
-1146235.6606900352,1750395.4430418946,10
-1145772.3479735076,1750395.4430418946,10
-1145309.03525698,1750395.4430418946,10
-1144845.7225404526,1750395.4430418946,10
-1144382.4098239252,1750395.4430418946,10
-1143919.0971073976,1750395.4430418946,10
-1143455.78439087,1750395.4430418946,10
-1142992.4716743426,1750395.4430418946,10
-1142529.158957815,1750395.4430418946,10
-1142065.8462412877,1750395.4430418946,10
-1141602.53352476,1750395.4430418946,10
-1141139.2208082327,1750395.4430418946,10
-1140675.908091705,1750395.4430418946,10
-1140212.5953751777,1750395.4430418946,10
-1139749.28265865,1750395.4430418946,10
-1139285.9699421227,1750395.4430418946,10
-1138822.657225595,1750395.4430418946,10
-1138359.3445090675,1750395.4430418946,10
-1245384.58202692,1749932.1303253672,10
-1244921.2693103927,1749932.1303253672,10
-1244457.956593865,1749932.1303253672,10
-1243994.6438773377,1749932.1303253672,10
-1243531.33116081,1749932.1303253672,10
-1243068.0184442827,1749932.1303253672,10
-1242604.705727755,1749932.1303253672,10
-1242141.3930112277,1749932.1303253672,10
-1241678.0802947,1749932.1303253672,10
-1241214.7675781725,1749932.1303253672,10
-1240751.4548616451,1749932.1303253672,10
-1240288.1421451175,1749932.1303253672,10
-1239824.8294285901,1749932.1303253672,10
-1239361.5167120625,1749932.1303253672,10
-1238898.2039955352,1749932.1303253672,10
-1238434.8912790075,1749932.1303253672,10
-1237971.5785624802,1749932.1303253672,10
-1237508.2658459526,1749932.1303253672,10
-1237044.9531294252,1749932.1303253672,10
-1236581.6404128976,1749932.1303253672,10
-1236118.3276963702,1749932.1303253672,10
-1235655.0149798426,1749932.1303253672,10
-1235191.7022633152,1749932.1303253672,10
-1234728.3895467876,1749932.1303253672,10
-1234265.07683026,1749932.1303253672,10
-1233801.7641137326,1749932.1303253672,10
-1233338.4513972052,1749932.1303253672,10
-1232875.1386806776,1749932.1303253672,10
-1232411.82596415,1749932.1303253672,10
-1231948.5132476226,1749932.1303253672,10
-1231485.200531095,1749932.1303253672,10
-1231021.8878145677,1749932.1303253672,10
-1230558.57509804,1749932.1303253672,10
-1230095.2623815127,1749932.1303253672,10
-1229631.949664985,1749932.1303253672,10
-1229168.6369484577,1749932.1303253672,10
-1228705.32423193,1749932.1303253672,10
-1228242.0115154027,1749932.1303253672,10
-1227778.698798875,1749932.1303253672,10
-1227315.3860823475,1749932.1303253672,10
-1226852.07336582,1749932.1303253672,10
-1226388.7606492927,1749932.1303253672,10
-1225925.4479327651,1749932.1303253672,10
-1225462.1352162375,1749932.1303253672,10
-1224998.8224997101,1749932.1303253672,10
-1224535.5097831825,1749932.1303253672,10
-1224072.1970666551,1749932.1303253672,10
-1223608.8843501275,1749932.1303253672,10
-1223145.5716336002,1749932.1303253672,10
-1222682.2589170726,1749932.1303253672,10
-1222218.9462005452,1749932.1303253672,10
-1221755.6334840176,1749932.1303253672,10
-1221292.3207674902,1749932.1303253672,10
-1220829.0080509626,1749932.1303253672,10
-1220365.6953344352,1749932.1303253672,10
-1219902.3826179076,1749932.1303253672,10
-1219439.0699013802,1749932.1303253672,10
-1218975.7571848526,1749932.1303253672,10
-1218512.444468325,1749932.1303253672,10
-1218049.1317517976,1749932.1303253672,10
-1217585.81903527,1749932.1303253672,10
-1217122.5063187426,1749932.1303253672,10
-1216659.193602215,1749932.1303253672,10
-1216195.8808856877,1749932.1303253672,10
-1215732.56816916,1749932.1303253672,10
-1215269.2554526327,1749932.1303253672,10
-1214805.942736105,1749932.1303253672,10
-1214342.6300195777,1749932.1303253672,10
-1213879.31730305,1749932.1303253672,10
-1213416.0045865227,1749932.1303253672,10
-1212952.691869995,1749932.1303253672,10
-1212489.3791534677,1749932.1303253672,10
-1212026.06643694,1749932.1303253672,10
-1211562.7537204125,1749932.1303253672,10
-1211099.4410038851,1749932.1303253672,10
-1210636.1282873575,1749932.1303253672,10
-1210172.8155708301,1749932.1303253672,10
-1209709.5028543025,1749932.1303253672,10
-1209246.1901377751,1749932.1303253672,10
-1208782.8774212475,1749932.1303253672,10
-1208319.5647047202,1749932.1303253672,10
-1207856.2519881926,1749932.1303253672,10
-1207392.9392716652,1749932.1303253672,10
-1206929.6265551376,1749932.1303253672,10
-1206466.3138386102,1749932.1303253672,10
-1206003.0011220826,1749932.1303253672,10
-1205539.6884055552,1749932.1303253672,10
-1205076.3756890276,1749932.1303253672,10
-1204613.0629725,1749932.1303253672,10
-1204149.7502559726,1749932.1303253672,10
-1203686.4375394452,1749932.1303253672,10
-1203223.1248229176,1749932.1303253672,10
-1202759.81210639,1749932.1303253672,10
-1202296.4993898626,1749932.1303253672,10
-1201833.186673335,1749932.1303253672,10
-1201369.8739568077,1749932.1303253672,10
-1200906.56124028,1749932.1303253672,10
-1200443.2485237527,1749932.1303253672,10
-1199979.935807225,1749932.1303253672,10
-1199516.6230906977,1749932.1303253672,10
-1199053.31037417,1749932.1303253672,10
-1198589.9976576427,1749932.1303253672,10
-1198126.684941115,1749932.1303253672,10
-1197663.3722245875,1749932.1303253672,10
-1197200.05950806,1749932.1303253672,10
-1196736.7467915327,1749932.1303253672,10
-1196273.4340750051,1749932.1303253672,10
-1195810.1213584775,1749932.1303253672,10
-1195346.8086419501,1749932.1303253672,10
-1194883.4959254225,1749932.1303253672,10
-1194420.1832088951,1749932.1303253672,10
-1193956.8704923675,1749932.1303253672,10
-1193493.5577758402,1749932.1303253672,10
-1193030.2450593126,1749932.1303253672,10
-1192566.9323427852,1749932.1303253672,10
-1192103.6196262576,1749932.1303253672,10
-1191640.3069097302,1749932.1303253672,10
-1191176.9941932026,1749932.1303253672,10
-1190713.6814766752,1749932.1303253672,10
-1190250.3687601476,1749932.1303253672,10
-1189787.0560436202,1749932.1303253672,10
-1189323.7433270926,1749932.1303253672,10
-1188860.430610565,1749932.1303253672,10
-1188397.1178940376,1749932.1303253672,10
-1187933.80517751,1749932.1303253672,10
-1187470.4924609826,1749932.1303253672,10
-1187007.179744455,1749932.1303253672,10
-1186543.8670279277,1749932.1303253672,10
-1186080.5543114,1749932.1303253672,10
-1185617.2415948727,1749932.1303253672,10
-1185153.928878345,1749932.1303253672,10
-1184690.6161618177,1749932.1303253672,10
-1184227.30344529,1749932.1303253672,10
-1183763.9907287627,1749932.1303253672,10
-1183300.678012235,1749932.1303253672,10
-1182837.3652957077,1749932.1303253672,10
-1182374.05257918,1749932.1303253672,10
-1181910.7398626525,1749932.1303253672,10
-1181447.4271461251,1749932.1303253672,10
-1180984.1144295975,1749932.1303253672,10
-1180520.8017130701,1749932.1303253672,10
-1180057.4889965425,1749932.1303253672,10
-1179594.1762800151,1749932.1303253672,10
-1179130.8635634875,1749932.1303253672,10
-1178667.5508469602,1749932.1303253672,10
-1178204.2381304326,1749932.1303253672,10
-1177740.9254139052,1749932.1303253672,10
-1177277.6126973776,1749932.1303253672,10
-1176814.2999808502,1749932.1303253672,10
-1176350.9872643226,1749932.1303253672,10
-1175887.6745477952,1749932.1303253672,10
-1175424.3618312676,1749932.1303253672,10
-1174961.04911474,1749932.1303253672,10
-1174497.7363982126,1749932.1303253672,10
-1174034.4236816852,1749932.1303253672,10
-1173571.1109651576,1749932.1303253672,10
-1173107.79824863,1749932.1303253672,10
-1172644.4855321026,1749932.1303253672,10
-1172181.172815575,1749932.1303253672,10
-1171717.8600990477,1749932.1303253672,10
-1171254.54738252,1749932.1303253672,10
-1170791.2346659927,1749932.1303253672,10
-1170327.921949465,1749932.1303253672,10
-1169864.6092329377,1749932.1303253672,10
-1169401.29651641,1749932.1303253672,10
-1168937.9837998827,1749932.1303253672,10
-1168474.671083355,1749932.1303253672,10
-1168011.3583668275,1749932.1303253672,10
-1167548.0456503,1749932.1303253672,10
-1167084.7329337727,1749932.1303253672,10
-1166621.4202172451,1749932.1303253672,10
-1166158.1075007175,1749932.1303253672,10
-1165694.7947841901,1749932.1303253672,10
-1165231.4820676625,1749932.1303253672,10
-1164768.1693511351,1749932.1303253672,10
-1164304.8566346075,1749932.1303253672,10
-1163841.5439180802,1749932.1303253672,10
-1163378.2312015526,1749932.1303253672,10
-1162914.9184850252,1749932.1303253672,10
-1162451.6057684976,1749932.1303253672,10
-1161988.2930519702,1749932.1303253672,10
-1161524.9803354426,1749932.1303253672,10
-1161061.6676189152,1749932.1303253672,10
-1160598.3549023876,1749932.1303253672,10
-1160135.0421858602,1749932.1303253672,10
-1159671.7294693326,1749932.1303253672,10
-1159208.416752805,1749932.1303253672,10
-1158745.1040362776,1749932.1303253672,10
-1158281.79131975,1749932.1303253672,10
-1157818.4786032226,1749932.1303253672,10
-1157355.165886695,1749932.1303253672,10
-1156891.8531701677,1749932.1303253672,10
-1156428.54045364,1749932.1303253672,10
-1155965.2277371127,1749932.1303253672,10
-1155501.915020585,1749932.1303253672,10
-1155038.6023040577,1749932.1303253672,10
-1154575.28958753,1749932.1303253672,10
-1154111.9768710027,1749932.1303253672,10
-1153648.664154475,1749932.1303253672,10
-1153185.3514379477,1749932.1303253672,10
-1152722.03872142,1749932.1303253672,10
-1152258.7260048925,1749932.1303253672,10
-1151795.4132883651,1749932.1303253672,10
-1151332.1005718375,1749932.1303253672,10
-1150868.7878553101,1749932.1303253672,10
-1150405.4751387825,1749932.1303253672,10
-1149942.1624222551,1749932.1303253672,10
-1149478.8497057275,1749932.1303253672,10
-1149015.5369892002,1749932.1303253672,10
-1148552.2242726726,1749932.1303253672,10
-1148088.9115561452,1749932.1303253672,10
-1147625.5988396176,1749932.1303253672,10
-1147162.2861230902,1749932.1303253672,10
-1146698.9734065626,1749932.1303253672,10
-1146235.6606900352,1749932.1303253672,10
-1145772.3479735076,1749932.1303253672,10
-1145309.03525698,1749932.1303253672,10
-1144845.7225404526,1749932.1303253672,10
-1144382.4098239252,1749932.1303253672,10
-1143919.0971073976,1749932.1303253672,10
-1143455.78439087,1749932.1303253672,10
-1142992.4716743426,1749932.1303253672,10
-1142529.158957815,1749932.1303253672,10
-1142065.8462412877,1749932.1303253672,10
-1141602.53352476,1749932.1303253672,10
-1141139.2208082327,1749932.1303253672,10
-1140675.908091705,1749932.1303253672,10
-1140212.5953751777,1749932.1303253672,10
-1139749.28265865,1749932.1303253672,10
-1139285.9699421227,1749932.1303253672,10
-1138822.657225595,1749932.1303253672,10
-1138359.3445090675,1749932.1303253672,10
-1245847.8947434477,1749468.8176088398,10
-1245384.58202692,1749468.8176088398,10
-1244921.2693103927,1749468.8176088398,10
-1244457.956593865,1749468.8176088398,10
-1243994.6438773377,1749468.8176088398,10
-1243531.33116081,1749468.8176088398,10
-1243068.0184442827,1749468.8176088398,10
-1242604.705727755,1749468.8176088398,10
-1242141.3930112277,1749468.8176088398,10
-1241678.0802947,1749468.8176088398,10
-1241214.7675781725,1749468.8176088398,10
-1240751.4548616451,1749468.8176088398,10
-1240288.1421451175,1749468.8176088398,10
-1239824.8294285901,1749468.8176088398,10
-1239361.5167120625,1749468.8176088398,10
-1238898.2039955352,1749468.8176088398,10
-1238434.8912790075,1749468.8176088398,10
-1237971.5785624802,1749468.8176088398,10
-1237508.2658459526,1749468.8176088398,10
-1237044.9531294252,1749468.8176088398,10
-1236581.6404128976,1749468.8176088398,10
-1236118.3276963702,1749468.8176088398,10
-1235655.0149798426,1749468.8176088398,10
-1235191.7022633152,1749468.8176088398,10
-1234728.3895467876,1749468.8176088398,10
-1234265.07683026,1749468.8176088398,10
-1233801.7641137326,1749468.8176088398,10
-1233338.4513972052,1749468.8176088398,10
-1232875.1386806776,1749468.8176088398,10
-1232411.82596415,1749468.8176088398,10
-1231948.5132476226,1749468.8176088398,10
-1231485.200531095,1749468.8176088398,10
-1231021.8878145677,1749468.8176088398,10
-1230558.57509804,1749468.8176088398,10
-1230095.2623815127,1749468.8176088398,10
-1229631.949664985,1749468.8176088398,10
-1229168.6369484577,1749468.8176088398,10
-1228705.32423193,1749468.8176088398,10
-1228242.0115154027,1749468.8176088398,10
-1227778.698798875,1749468.8176088398,10
-1227315.3860823475,1749468.8176088398,10
-1226852.07336582,1749468.8176088398,10
-1226388.7606492927,1749468.8176088398,10
-1225925.4479327651,1749468.8176088398,10
-1225462.1352162375,1749468.8176088398,10
-1224998.8224997101,1749468.8176088398,10
-1224535.5097831825,1749468.8176088398,10
-1224072.1970666551,1749468.8176088398,10
-1223608.8843501275,1749468.8176088398,10
-1223145.5716336002,1749468.8176088398,10
-1222682.2589170726,1749468.8176088398,10
-1222218.9462005452,1749468.8176088398,10
-1221755.6334840176,1749468.8176088398,10
-1221292.3207674902,1749468.8176088398,10
-1220829.0080509626,1749468.8176088398,10
-1220365.6953344352,1749468.8176088398,10
-1219902.3826179076,1749468.8176088398,10
-1219439.0699013802,1749468.8176088398,10
-1218975.7571848526,1749468.8176088398,10
-1218512.444468325,1749468.8176088398,10
-1218049.1317517976,1749468.8176088398,10
-1217585.81903527,1749468.8176088398,10
-1217122.5063187426,1749468.8176088398,10
-1216659.193602215,1749468.8176088398,10
-1216195.8808856877,1749468.8176088398,10
-1215732.56816916,1749468.8176088398,10
-1215269.2554526327,1749468.8176088398,10
-1214805.942736105,1749468.8176088398,10
-1214342.6300195777,1749468.8176088398,10
-1213879.31730305,1749468.8176088398,10
-1213416.0045865227,1749468.8176088398,10
-1212952.691869995,1749468.8176088398,10
-1212489.3791534677,1749468.8176088398,10
-1212026.06643694,1749468.8176088398,10
-1211562.7537204125,1749468.8176088398,10
-1211099.4410038851,1749468.8176088398,10
-1210636.1282873575,1749468.8176088398,10
-1210172.8155708301,1749468.8176088398,10
-1209709.5028543025,1749468.8176088398,10
-1209246.1901377751,1749468.8176088398,10
-1208782.8774212475,1749468.8176088398,10
-1208319.5647047202,1749468.8176088398,10
-1207856.2519881926,1749468.8176088398,10
-1207392.9392716652,1749468.8176088398,10
-1206929.6265551376,1749468.8176088398,10
-1206466.3138386102,1749468.8176088398,10
-1206003.0011220826,1749468.8176088398,10
-1205539.6884055552,1749468.8176088398,10
-1205076.3756890276,1749468.8176088398,10
-1204613.0629725,1749468.8176088398,10
-1204149.7502559726,1749468.8176088398,10
-1203686.4375394452,1749468.8176088398,10
-1203223.1248229176,1749468.8176088398,10
-1202759.81210639,1749468.8176088398,10
-1202296.4993898626,1749468.8176088398,10
-1201833.186673335,1749468.8176088398,10
-1201369.8739568077,1749468.8176088398,10
-1200906.56124028,1749468.8176088398,10
-1200443.2485237527,1749468.8176088398,10
-1199979.935807225,1749468.8176088398,10
-1199516.6230906977,1749468.8176088398,10
-1199053.31037417,1749468.8176088398,10
-1198589.9976576427,1749468.8176088398,10
-1198126.684941115,1749468.8176088398,10
-1197663.3722245875,1749468.8176088398,10
-1197200.05950806,1749468.8176088398,10
-1196736.7467915327,1749468.8176088398,10
-1196273.4340750051,1749468.8176088398,10
-1195810.1213584775,1749468.8176088398,10
-1195346.8086419501,1749468.8176088398,10
-1194883.4959254225,1749468.8176088398,10
-1194420.1832088951,1749468.8176088398,10
-1193956.8704923675,1749468.8176088398,10
-1193493.5577758402,1749468.8176088398,10
-1193030.2450593126,1749468.8176088398,10
-1192566.9323427852,1749468.8176088398,10
-1192103.6196262576,1749468.8176088398,10
-1191640.3069097302,1749468.8176088398,10
-1191176.9941932026,1749468.8176088398,10
-1190713.6814766752,1749468.8176088398,10
-1190250.3687601476,1749468.8176088398,10
-1189787.0560436202,1749468.8176088398,10
-1189323.7433270926,1749468.8176088398,10
-1188860.430610565,1749468.8176088398,10
-1188397.1178940376,1749468.8176088398,10
-1187933.80517751,1749468.8176088398,10
-1187470.4924609826,1749468.8176088398,10
-1187007.179744455,1749468.8176088398,10
-1186543.8670279277,1749468.8176088398,10
-1186080.5543114,1749468.8176088398,10
-1185617.2415948727,1749468.8176088398,10
-1185153.928878345,1749468.8176088398,10
-1184690.6161618177,1749468.8176088398,10
-1184227.30344529,1749468.8176088398,10
-1183763.9907287627,1749468.8176088398,10
-1183300.678012235,1749468.8176088398,10
-1182837.3652957077,1749468.8176088398,10
-1182374.05257918,1749468.8176088398,10
-1181910.7398626525,1749468.8176088398,10
-1181447.4271461251,1749468.8176088398,10
-1180984.1144295975,1749468.8176088398,10
-1180520.8017130701,1749468.8176088398,10
-1180057.4889965425,1749468.8176088398,10
-1179594.1762800151,1749468.8176088398,10
-1179130.8635634875,1749468.8176088398,10
-1178667.5508469602,1749468.8176088398,10
-1178204.2381304326,1749468.8176088398,10
-1177740.9254139052,1749468.8176088398,10
-1177277.6126973776,1749468.8176088398,10
-1176814.2999808502,1749468.8176088398,10
-1176350.9872643226,1749468.8176088398,10
-1175887.6745477952,1749468.8176088398,10
-1175424.3618312676,1749468.8176088398,10
-1174961.04911474,1749468.8176088398,10
-1174497.7363982126,1749468.8176088398,10
-1174034.4236816852,1749468.8176088398,10
-1173571.1109651576,1749468.8176088398,10
-1173107.79824863,1749468.8176088398,10
-1172644.4855321026,1749468.8176088398,10
-1172181.172815575,1749468.8176088398,10
-1171717.8600990477,1749468.8176088398,10
-1171254.54738252,1749468.8176088398,10
-1170791.2346659927,1749468.8176088398,10
-1170327.921949465,1749468.8176088398,10
-1169864.6092329377,1749468.8176088398,10
-1169401.29651641,1749468.8176088398,10
-1168937.9837998827,1749468.8176088398,10
-1168474.671083355,1749468.8176088398,10
-1168011.3583668275,1749468.8176088398,10
-1167548.0456503,1749468.8176088398,10
-1167084.7329337727,1749468.8176088398,10
-1166621.4202172451,1749468.8176088398,10
-1166158.1075007175,1749468.8176088398,10
-1165694.7947841901,1749468.8176088398,10
-1165231.4820676625,1749468.8176088398,10
-1164768.1693511351,1749468.8176088398,10
-1164304.8566346075,1749468.8176088398,10
-1163841.5439180802,1749468.8176088398,10
-1163378.2312015526,1749468.8176088398,10
-1162914.9184850252,1749468.8176088398,10
-1162451.6057684976,1749468.8176088398,10
-1161988.2930519702,1749468.8176088398,10
-1161524.9803354426,1749468.8176088398,10
-1161061.6676189152,1749468.8176088398,10
-1160598.3549023876,1749468.8176088398,10
-1160135.0421858602,1749468.8176088398,10
-1159671.7294693326,1749468.8176088398,10
-1159208.416752805,1749468.8176088398,10
-1158745.1040362776,1749468.8176088398,10
-1158281.79131975,1749468.8176088398,10
-1157818.4786032226,1749468.8176088398,10
-1157355.165886695,1749468.8176088398,10
-1156891.8531701677,1749468.8176088398,10
-1156428.54045364,1749468.8176088398,10
-1155965.2277371127,1749468.8176088398,10
-1155501.915020585,1749468.8176088398,10
-1155038.6023040577,1749468.8176088398,10
-1154575.28958753,1749468.8176088398,10
-1154111.9768710027,1749468.8176088398,10
-1153648.664154475,1749468.8176088398,10
-1153185.3514379477,1749468.8176088398,10
-1152722.03872142,1749468.8176088398,10
-1152258.7260048925,1749468.8176088398,10
-1151795.4132883651,1749468.8176088398,10
-1151332.1005718375,1749468.8176088398,10
-1150868.7878553101,1749468.8176088398,10
-1150405.4751387825,1749468.8176088398,10
-1149942.1624222551,1749468.8176088398,10
-1149478.8497057275,1749468.8176088398,10
-1149015.5369892002,1749468.8176088398,10
-1148552.2242726726,1749468.8176088398,10
-1148088.9115561452,1749468.8176088398,10
-1147625.5988396176,1749468.8176088398,10
-1147162.2861230902,1749468.8176088398,10
-1146698.9734065626,1749468.8176088398,10
-1146235.6606900352,1749468.8176088398,10
-1145772.3479735076,1749468.8176088398,10
-1145309.03525698,1749468.8176088398,10
-1144845.7225404526,1749468.8176088398,10
-1144382.4098239252,1749468.8176088398,10
-1143919.0971073976,1749468.8176088398,10
-1143455.78439087,1749468.8176088398,10
-1142992.4716743426,1749468.8176088398,10
-1142529.158957815,1749468.8176088398,10
-1142065.8462412877,1749468.8176088398,10
-1141602.53352476,1749468.8176088398,10
-1141139.2208082327,1749468.8176088398,10
-1140675.908091705,1749468.8176088398,10
-1140212.5953751777,1749468.8176088398,10
-1139749.28265865,1749468.8176088398,10
-1139285.9699421227,1749468.8176088398,10
-1138822.657225595,1749468.8176088398,10
-1138359.3445090675,1749468.8176088398,10
-1246311.207459975,1749005.5048923122,10
-1245847.8947434477,1749005.5048923122,10
-1245384.58202692,1749005.5048923122,10
-1244921.2693103927,1749005.5048923122,10
-1244457.956593865,1749005.5048923122,10
-1243994.6438773377,1749005.5048923122,10
-1243531.33116081,1749005.5048923122,10
-1243068.0184442827,1749005.5048923122,10
-1242604.705727755,1749005.5048923122,10
-1242141.3930112277,1749005.5048923122,10
-1241678.0802947,1749005.5048923122,10
-1241214.7675781725,1749005.5048923122,10
-1240751.4548616451,1749005.5048923122,10
-1240288.1421451175,1749005.5048923122,10
-1239824.8294285901,1749005.5048923122,10
-1239361.5167120625,1749005.5048923122,10
-1238898.2039955352,1749005.5048923122,10
-1238434.8912790075,1749005.5048923122,10
-1237971.5785624802,1749005.5048923122,10
-1237508.2658459526,1749005.5048923122,10
-1237044.9531294252,1749005.5048923122,10
-1236581.6404128976,1749005.5048923122,10
-1236118.3276963702,1749005.5048923122,10
-1235655.0149798426,1749005.5048923122,10
-1235191.7022633152,1749005.5048923122,10
-1234728.3895467876,1749005.5048923122,10
-1234265.07683026,1749005.5048923122,10
-1233801.7641137326,1749005.5048923122,10
-1233338.4513972052,1749005.5048923122,10
-1232875.1386806776,1749005.5048923122,10
-1232411.82596415,1749005.5048923122,10
-1231948.5132476226,1749005.5048923122,10
-1231485.200531095,1749005.5048923122,10
-1231021.8878145677,1749005.5048923122,10
-1230558.57509804,1749005.5048923122,10
-1230095.2623815127,1749005.5048923122,10
-1229631.949664985,1749005.5048923122,10
-1229168.6369484577,1749005.5048923122,10
-1228705.32423193,1749005.5048923122,10
-1228242.0115154027,1749005.5048923122,10
-1227778.698798875,1749005.5048923122,10
-1227315.3860823475,1749005.5048923122,10
-1226852.07336582,1749005.5048923122,10
-1226388.7606492927,1749005.5048923122,10
-1225925.4479327651,1749005.5048923122,10
-1225462.1352162375,1749005.5048923122,10
-1224998.8224997101,1749005.5048923122,10
-1224535.5097831825,1749005.5048923122,10
-1224072.1970666551,1749005.5048923122,10
-1223608.8843501275,1749005.5048923122,10
-1223145.5716336002,1749005.5048923122,10
-1222682.2589170726,1749005.5048923122,10
-1222218.9462005452,1749005.5048923122,10
-1221755.6334840176,1749005.5048923122,10
-1221292.3207674902,1749005.5048923122,10
-1220829.0080509626,1749005.5048923122,10
-1220365.6953344352,1749005.5048923122,10
-1219902.3826179076,1749005.5048923122,10
-1219439.0699013802,1749005.5048923122,10
-1218975.7571848526,1749005.5048923122,10
-1218512.444468325,1749005.5048923122,10
-1218049.1317517976,1749005.5048923122,10
-1217585.81903527,1749005.5048923122,10
-1217122.5063187426,1749005.5048923122,10
-1216659.193602215,1749005.5048923122,10
-1216195.8808856877,1749005.5048923122,10
-1215732.56816916,1749005.5048923122,10
-1215269.2554526327,1749005.5048923122,10
-1214805.942736105,1749005.5048923122,10
-1214342.6300195777,1749005.5048923122,10
-1213879.31730305,1749005.5048923122,10
-1213416.0045865227,1749005.5048923122,10
-1212952.691869995,1749005.5048923122,10
-1212489.3791534677,1749005.5048923122,10
-1212026.06643694,1749005.5048923122,10
-1211562.7537204125,1749005.5048923122,10
-1211099.4410038851,1749005.5048923122,10
-1210636.1282873575,1749005.5048923122,10
-1210172.8155708301,1749005.5048923122,10
-1209709.5028543025,1749005.5048923122,10
-1209246.1901377751,1749005.5048923122,10
-1208782.8774212475,1749005.5048923122,10
-1208319.5647047202,1749005.5048923122,10
-1207856.2519881926,1749005.5048923122,10
-1207392.9392716652,1749005.5048923122,10
-1206929.6265551376,1749005.5048923122,10
-1206466.3138386102,1749005.5048923122,10
-1206003.0011220826,1749005.5048923122,10
-1205539.6884055552,1749005.5048923122,10
-1205076.3756890276,1749005.5048923122,10
-1204613.0629725,1749005.5048923122,10
-1204149.7502559726,1749005.5048923122,10
-1203686.4375394452,1749005.5048923122,10
-1203223.1248229176,1749005.5048923122,10
-1202759.81210639,1749005.5048923122,10
-1202296.4993898626,1749005.5048923122,10
-1201833.186673335,1749005.5048923122,10
-1201369.8739568077,1749005.5048923122,10
-1200906.56124028,1749005.5048923122,10
-1200443.2485237527,1749005.5048923122,10
-1199979.935807225,1749005.5048923122,10
-1199516.6230906977,1749005.5048923122,10
-1199053.31037417,1749005.5048923122,10
-1198589.9976576427,1749005.5048923122,10
-1198126.684941115,1749005.5048923122,10
-1197663.3722245875,1749005.5048923122,10
-1197200.05950806,1749005.5048923122,10
-1196736.7467915327,1749005.5048923122,10
-1196273.4340750051,1749005.5048923122,10
-1195810.1213584775,1749005.5048923122,10
-1195346.8086419501,1749005.5048923122,10
-1194883.4959254225,1749005.5048923122,10
-1194420.1832088951,1749005.5048923122,10
-1193956.8704923675,1749005.5048923122,10
-1193493.5577758402,1749005.5048923122,10
-1193030.2450593126,1749005.5048923122,10
-1192566.9323427852,1749005.5048923122,10
-1192103.6196262576,1749005.5048923122,10
-1191640.3069097302,1749005.5048923122,10
-1191176.9941932026,1749005.5048923122,10
-1190713.6814766752,1749005.5048923122,10
-1190250.3687601476,1749005.5048923122,10
-1189787.0560436202,1749005.5048923122,10
-1189323.7433270926,1749005.5048923122,10
-1188860.430610565,1749005.5048923122,10
-1188397.1178940376,1749005.5048923122,10
-1187933.80517751,1749005.5048923122,10
-1187470.4924609826,1749005.5048923122,10
-1187007.179744455,1749005.5048923122,10
-1186543.8670279277,1749005.5048923122,10
-1186080.5543114,1749005.5048923122,10
-1185617.2415948727,1749005.5048923122,10
-1185153.928878345,1749005.5048923122,10
-1184690.6161618177,1749005.5048923122,10
-1184227.30344529,1749005.5048923122,10
-1183763.9907287627,1749005.5048923122,10
-1183300.678012235,1749005.5048923122,10
-1182837.3652957077,1749005.5048923122,10
-1182374.05257918,1749005.5048923122,10
-1181910.7398626525,1749005.5048923122,10
-1181447.4271461251,1749005.5048923122,10
-1180984.1144295975,1749005.5048923122,10
-1180520.8017130701,1749005.5048923122,10
-1180057.4889965425,1749005.5048923122,10
-1179594.1762800151,1749005.5048923122,10
-1179130.8635634875,1749005.5048923122,10
-1178667.5508469602,1749005.5048923122,10
-1178204.2381304326,1749005.5048923122,10
-1177740.9254139052,1749005.5048923122,10
-1177277.6126973776,1749005.5048923122,10
-1176814.2999808502,1749005.5048923122,10
-1176350.9872643226,1749005.5048923122,10
-1175887.6745477952,1749005.5048923122,10
-1175424.3618312676,1749005.5048923122,10
-1174961.04911474,1749005.5048923122,10
-1174497.7363982126,1749005.5048923122,10
-1174034.4236816852,1749005.5048923122,10
-1173571.1109651576,1749005.5048923122,10
-1173107.79824863,1749005.5048923122,10
-1172644.4855321026,1749005.5048923122,10
-1172181.172815575,1749005.5048923122,10
-1171717.8600990477,1749005.5048923122,10
-1171254.54738252,1749005.5048923122,10
-1170791.2346659927,1749005.5048923122,10
-1170327.921949465,1749005.5048923122,10
-1169864.6092329377,1749005.5048923122,10
-1169401.29651641,1749005.5048923122,10
-1168937.9837998827,1749005.5048923122,10
-1168474.671083355,1749005.5048923122,10
-1168011.3583668275,1749005.5048923122,10
-1167548.0456503,1749005.5048923122,10
-1167084.7329337727,1749005.5048923122,10
-1166621.4202172451,1749005.5048923122,10
-1166158.1075007175,1749005.5048923122,10
-1165694.7947841901,1749005.5048923122,10
-1165231.4820676625,1749005.5048923122,10
-1164768.1693511351,1749005.5048923122,10
-1164304.8566346075,1749005.5048923122,10
-1163841.5439180802,1749005.5048923122,10
-1163378.2312015526,1749005.5048923122,10
-1162914.9184850252,1749005.5048923122,10
-1162451.6057684976,1749005.5048923122,10
-1161988.2930519702,1749005.5048923122,10
-1161524.9803354426,1749005.5048923122,10
-1161061.6676189152,1749005.5048923122,10
-1160598.3549023876,1749005.5048923122,10
-1160135.0421858602,1749005.5048923122,10
-1159671.7294693326,1749005.5048923122,10
-1159208.416752805,1749005.5048923122,10
-1158745.1040362776,1749005.5048923122,10
-1158281.79131975,1749005.5048923122,10
-1157818.4786032226,1749005.5048923122,10
-1157355.165886695,1749005.5048923122,10
-1156891.8531701677,1749005.5048923122,10
-1156428.54045364,1749005.5048923122,10
-1155965.2277371127,1749005.5048923122,10
-1155501.915020585,1749005.5048923122,10
-1155038.6023040577,1749005.5048923122,10
-1154575.28958753,1749005.5048923122,10
-1154111.9768710027,1749005.5048923122,10
-1153648.664154475,1749005.5048923122,10
-1153185.3514379477,1749005.5048923122,10
-1152722.03872142,1749005.5048923122,10
-1152258.7260048925,1749005.5048923122,10
-1151795.4132883651,1749005.5048923122,10
-1151332.1005718375,1749005.5048923122,10
-1150868.7878553101,1749005.5048923122,10
-1150405.4751387825,1749005.5048923122,10
-1149942.1624222551,1749005.5048923122,10
-1149478.8497057275,1749005.5048923122,10
-1149015.5369892002,1749005.5048923122,10
-1148552.2242726726,1749005.5048923122,10
-1148088.9115561452,1749005.5048923122,10
-1147625.5988396176,1749005.5048923122,10
-1147162.2861230902,1749005.5048923122,10
-1146698.9734065626,1749005.5048923122,10
-1146235.6606900352,1749005.5048923122,10
-1145772.3479735076,1749005.5048923122,10
-1145309.03525698,1749005.5048923122,10
-1144845.7225404526,1749005.5048923122,10
-1144382.4098239252,1749005.5048923122,10
-1143919.0971073976,1749005.5048923122,10
-1143455.78439087,1749005.5048923122,10
-1142992.4716743426,1749005.5048923122,10
-1142529.158957815,1749005.5048923122,10
-1142065.8462412877,1749005.5048923122,10
-1141602.53352476,1749005.5048923122,10
-1141139.2208082327,1749005.5048923122,10
-1140675.908091705,1749005.5048923122,10
-1140212.5953751777,1749005.5048923122,10
-1139749.28265865,1749005.5048923122,10
-1139285.9699421227,1749005.5048923122,10
-1138822.657225595,1749005.5048923122,10
-1138359.3445090675,1749005.5048923122,10
-1246774.5201765026,1748542.1921757846,10
-1246311.207459975,1748542.1921757846,10
-1245847.8947434477,1748542.1921757846,10
-1245384.58202692,1748542.1921757846,10
-1244921.2693103927,1748542.1921757846,10
-1244457.956593865,1748542.1921757846,10
-1243994.6438773377,1748542.1921757846,10
-1243531.33116081,1748542.1921757846,10
-1243068.0184442827,1748542.1921757846,10
-1242604.705727755,1748542.1921757846,10
-1242141.3930112277,1748542.1921757846,10
-1241678.0802947,1748542.1921757846,10
-1241214.7675781725,1748542.1921757846,10
-1240751.4548616451,1748542.1921757846,10
-1240288.1421451175,1748542.1921757846,10
-1239824.8294285901,1748542.1921757846,10
-1239361.5167120625,1748542.1921757846,10
-1238898.2039955352,1748542.1921757846,10
-1238434.8912790075,1748542.1921757846,10
-1237971.5785624802,1748542.1921757846,10
-1237508.2658459526,1748542.1921757846,10
-1237044.9531294252,1748542.1921757846,10
-1236581.6404128976,1748542.1921757846,10
-1236118.3276963702,1748542.1921757846,10
-1235655.0149798426,1748542.1921757846,10
-1235191.7022633152,1748542.1921757846,10
-1234728.3895467876,1748542.1921757846,10
-1234265.07683026,1748542.1921757846,10
-1233801.7641137326,1748542.1921757846,10
-1233338.4513972052,1748542.1921757846,10
-1232875.1386806776,1748542.1921757846,10
-1232411.82596415,1748542.1921757846,10
-1231948.5132476226,1748542.1921757846,10
-1231485.200531095,1748542.1921757846,10
-1231021.8878145677,1748542.1921757846,10
-1230558.57509804,1748542.1921757846,10
-1230095.2623815127,1748542.1921757846,10
-1229631.949664985,1748542.1921757846,10
-1229168.6369484577,1748542.1921757846,10
-1228705.32423193,1748542.1921757846,10
-1228242.0115154027,1748542.1921757846,10
-1227778.698798875,1748542.1921757846,10
-1227315.3860823475,1748542.1921757846,10
-1226852.07336582,1748542.1921757846,10
-1226388.7606492927,1748542.1921757846,10
-1225925.4479327651,1748542.1921757846,10
-1225462.1352162375,1748542.1921757846,10
-1224998.8224997101,1748542.1921757846,10
-1224535.5097831825,1748542.1921757846,10
-1224072.1970666551,1748542.1921757846,10
-1223608.8843501275,1748542.1921757846,10
-1223145.5716336002,1748542.1921757846,10
-1222682.2589170726,1748542.1921757846,10
-1222218.9462005452,1748542.1921757846,10
-1221755.6334840176,1748542.1921757846,10
-1221292.3207674902,1748542.1921757846,10
-1220829.0080509626,1748542.1921757846,10
-1220365.6953344352,1748542.1921757846,10
-1219902.3826179076,1748542.1921757846,10
-1219439.0699013802,1748542.1921757846,10
-1218975.7571848526,1748542.1921757846,10
-1218512.444468325,1748542.1921757846,10
-1218049.1317517976,1748542.1921757846,10
-1217585.81903527,1748542.1921757846,10
-1217122.5063187426,1748542.1921757846,10
-1216659.193602215,1748542.1921757846,10
-1216195.8808856877,1748542.1921757846,10
-1215732.56816916,1748542.1921757846,10
-1215269.2554526327,1748542.1921757846,10
-1214805.942736105,1748542.1921757846,10
-1214342.6300195777,1748542.1921757846,10
-1213879.31730305,1748542.1921757846,10
-1213416.0045865227,1748542.1921757846,10
-1212952.691869995,1748542.1921757846,10
-1212489.3791534677,1748542.1921757846,10
-1212026.06643694,1748542.1921757846,10
-1211562.7537204125,1748542.1921757846,10
-1211099.4410038851,1748542.1921757846,10
-1210636.1282873575,1748542.1921757846,10
-1210172.8155708301,1748542.1921757846,10
-1209709.5028543025,1748542.1921757846,10
-1209246.1901377751,1748542.1921757846,10
-1208782.8774212475,1748542.1921757846,10
-1208319.5647047202,1748542.1921757846,10
-1207856.2519881926,1748542.1921757846,10
-1207392.9392716652,1748542.1921757846,10
-1206929.6265551376,1748542.1921757846,10
-1206466.3138386102,1748542.1921757846,10
-1206003.0011220826,1748542.1921757846,10
-1205539.6884055552,1748542.1921757846,10
-1205076.3756890276,1748542.1921757846,10
-1204613.0629725,1748542.1921757846,10
-1204149.7502559726,1748542.1921757846,10
-1203686.4375394452,1748542.1921757846,10
-1203223.1248229176,1748542.1921757846,10
-1202759.81210639,1748542.1921757846,10
-1202296.4993898626,1748542.1921757846,10
-1201833.186673335,1748542.1921757846,10
-1201369.8739568077,1748542.1921757846,10
-1200906.56124028,1748542.1921757846,10
-1200443.2485237527,1748542.1921757846,10
-1199979.935807225,1748542.1921757846,10
-1199516.6230906977,1748542.1921757846,10
-1199053.31037417,1748542.1921757846,10
-1198589.9976576427,1748542.1921757846,10
-1198126.684941115,1748542.1921757846,10
-1197663.3722245875,1748542.1921757846,10
-1197200.05950806,1748542.1921757846,10
-1196736.7467915327,1748542.1921757846,10
-1196273.4340750051,1748542.1921757846,10
-1195810.1213584775,1748542.1921757846,10
-1195346.8086419501,1748542.1921757846,10
-1194883.4959254225,1748542.1921757846,10
-1194420.1832088951,1748542.1921757846,10
-1193956.8704923675,1748542.1921757846,10
-1193493.5577758402,1748542.1921757846,10
-1193030.2450593126,1748542.1921757846,10
-1192566.9323427852,1748542.1921757846,10
-1192103.6196262576,1748542.1921757846,10
-1191640.3069097302,1748542.1921757846,10
-1191176.9941932026,1748542.1921757846,10
-1190713.6814766752,1748542.1921757846,10
-1190250.3687601476,1748542.1921757846,10
-1189787.0560436202,1748542.1921757846,10
-1189323.7433270926,1748542.1921757846,10
-1188860.430610565,1748542.1921757846,10
-1188397.1178940376,1748542.1921757846,10
-1187933.80517751,1748542.1921757846,10
-1187470.4924609826,1748542.1921757846,10
-1187007.179744455,1748542.1921757846,10
-1186543.8670279277,1748542.1921757846,10
-1186080.5543114,1748542.1921757846,10
-1185617.2415948727,1748542.1921757846,10
-1185153.928878345,1748542.1921757846,10
-1184690.6161618177,1748542.1921757846,10
-1184227.30344529,1748542.1921757846,10
-1183763.9907287627,1748542.1921757846,10
-1183300.678012235,1748542.1921757846,10
-1182837.3652957077,1748542.1921757846,10
-1182374.05257918,1748542.1921757846,10
-1181910.7398626525,1748542.1921757846,10
-1181447.4271461251,1748542.1921757846,10
-1180984.1144295975,1748542.1921757846,10
-1180520.8017130701,1748542.1921757846,10
-1180057.4889965425,1748542.1921757846,10
-1179594.1762800151,1748542.1921757846,10
-1179130.8635634875,1748542.1921757846,10
-1178667.5508469602,1748542.1921757846,10
-1178204.2381304326,1748542.1921757846,10
-1177740.9254139052,1748542.1921757846,10
-1177277.6126973776,1748542.1921757846,10
-1176814.2999808502,1748542.1921757846,10
-1176350.9872643226,1748542.1921757846,10
-1175887.6745477952,1748542.1921757846,10
-1175424.3618312676,1748542.1921757846,10
-1174961.04911474,1748542.1921757846,10
-1174497.7363982126,1748542.1921757846,10
-1174034.4236816852,1748542.1921757846,10
-1173571.1109651576,1748542.1921757846,10
-1173107.79824863,1748542.1921757846,10
-1172644.4855321026,1748542.1921757846,10
-1172181.172815575,1748542.1921757846,10
-1171717.8600990477,1748542.1921757846,10
-1171254.54738252,1748542.1921757846,10
-1170791.2346659927,1748542.1921757846,10
-1170327.921949465,1748542.1921757846,10
-1169864.6092329377,1748542.1921757846,10
-1169401.29651641,1748542.1921757846,10
-1168937.9837998827,1748542.1921757846,10
-1168474.671083355,1748542.1921757846,10
-1168011.3583668275,1748542.1921757846,10
-1167548.0456503,1748542.1921757846,10
-1167084.7329337727,1748542.1921757846,10
-1166621.4202172451,1748542.1921757846,10
-1166158.1075007175,1748542.1921757846,10
-1165694.7947841901,1748542.1921757846,10
-1165231.4820676625,1748542.1921757846,10
-1164768.1693511351,1748542.1921757846,10
-1164304.8566346075,1748542.1921757846,10
-1163841.5439180802,1748542.1921757846,10
-1163378.2312015526,1748542.1921757846,10
-1162914.9184850252,1748542.1921757846,10
-1162451.6057684976,1748542.1921757846,10
-1161988.2930519702,1748542.1921757846,10
-1161524.9803354426,1748542.1921757846,10
-1161061.6676189152,1748542.1921757846,10
-1160598.3549023876,1748542.1921757846,10
-1160135.0421858602,1748542.1921757846,10
-1159671.7294693326,1748542.1921757846,10
-1159208.416752805,1748542.1921757846,10
-1158745.1040362776,1748542.1921757846,10
-1158281.79131975,1748542.1921757846,10
-1157818.4786032226,1748542.1921757846,10
-1157355.165886695,1748542.1921757846,10
-1156891.8531701677,1748542.1921757846,10
-1156428.54045364,1748542.1921757846,10
-1155965.2277371127,1748542.1921757846,10
-1155501.915020585,1748542.1921757846,10
-1155038.6023040577,1748542.1921757846,10
-1154575.28958753,1748542.1921757846,10
-1154111.9768710027,1748542.1921757846,10
-1153648.664154475,1748542.1921757846,10
-1153185.3514379477,1748542.1921757846,10
-1152722.03872142,1748542.1921757846,10
-1152258.7260048925,1748542.1921757846,10
-1151795.4132883651,1748542.1921757846,10
-1151332.1005718375,1748542.1921757846,10
-1150868.7878553101,1748542.1921757846,10
-1150405.4751387825,1748542.1921757846,10
-1149942.1624222551,1748542.1921757846,10
-1149478.8497057275,1748542.1921757846,10
-1149015.5369892002,1748542.1921757846,10
-1148552.2242726726,1748542.1921757846,10
-1148088.9115561452,1748542.1921757846,10
-1147625.5988396176,1748542.1921757846,10
-1147162.2861230902,1748542.1921757846,10
-1146698.9734065626,1748542.1921757846,10
-1146235.6606900352,1748542.1921757846,10
-1145772.3479735076,1748542.1921757846,10
-1145309.03525698,1748542.1921757846,10
-1144845.7225404526,1748542.1921757846,10
-1144382.4098239252,1748542.1921757846,10
-1143919.0971073976,1748542.1921757846,10
-1143455.78439087,1748542.1921757846,10
-1142992.4716743426,1748542.1921757846,10
-1142529.158957815,1748542.1921757846,10
-1142065.8462412877,1748542.1921757846,10
-1141602.53352476,1748542.1921757846,10
-1141139.2208082327,1748542.1921757846,10
-1140675.908091705,1748542.1921757846,10
-1140212.5953751777,1748542.1921757846,10
-1139749.28265865,1748542.1921757846,10
-1139285.9699421227,1748542.1921757846,10
-1138822.657225595,1748542.1921757846,10
-1138359.3445090675,1748542.1921757846,10
-1246774.5201765026,1748078.8794592572,10
-1246311.207459975,1748078.8794592572,10
-1245847.8947434477,1748078.8794592572,10
-1245384.58202692,1748078.8794592572,10
-1244921.2693103927,1748078.8794592572,10
-1244457.956593865,1748078.8794592572,10
-1243994.6438773377,1748078.8794592572,10
-1243531.33116081,1748078.8794592572,10
-1243068.0184442827,1748078.8794592572,10
-1242604.705727755,1748078.8794592572,10
-1242141.3930112277,1748078.8794592572,10
-1241678.0802947,1748078.8794592572,10
-1241214.7675781725,1748078.8794592572,10
-1240751.4548616451,1748078.8794592572,10
-1240288.1421451175,1748078.8794592572,10
-1239824.8294285901,1748078.8794592572,10
-1239361.5167120625,1748078.8794592572,10
-1238898.2039955352,1748078.8794592572,10
-1238434.8912790075,1748078.8794592572,10
-1237971.5785624802,1748078.8794592572,10
-1237508.2658459526,1748078.8794592572,10
-1237044.9531294252,1748078.8794592572,10
-1236581.6404128976,1748078.8794592572,10
-1236118.3276963702,1748078.8794592572,10
-1235655.0149798426,1748078.8794592572,10
-1235191.7022633152,1748078.8794592572,10
-1234728.3895467876,1748078.8794592572,10
-1234265.07683026,1748078.8794592572,10
-1233801.7641137326,1748078.8794592572,10
-1233338.4513972052,1748078.8794592572,10
-1232875.1386806776,1748078.8794592572,10
-1232411.82596415,1748078.8794592572,10
-1231948.5132476226,1748078.8794592572,10
-1231485.200531095,1748078.8794592572,10
-1231021.8878145677,1748078.8794592572,10
-1230558.57509804,1748078.8794592572,10
-1230095.2623815127,1748078.8794592572,10
-1229631.949664985,1748078.8794592572,10
-1229168.6369484577,1748078.8794592572,10
-1228705.32423193,1748078.8794592572,10
-1228242.0115154027,1748078.8794592572,10
-1227778.698798875,1748078.8794592572,10
-1227315.3860823475,1748078.8794592572,10
-1226852.07336582,1748078.8794592572,10
-1226388.7606492927,1748078.8794592572,10
-1225925.4479327651,1748078.8794592572,10
-1225462.1352162375,1748078.8794592572,10
-1224998.8224997101,1748078.8794592572,10
-1224535.5097831825,1748078.8794592572,10
-1224072.1970666551,1748078.8794592572,10
-1223608.8843501275,1748078.8794592572,10
-1223145.5716336002,1748078.8794592572,10
-1222682.2589170726,1748078.8794592572,10
-1222218.9462005452,1748078.8794592572,10
-1221755.6334840176,1748078.8794592572,10
-1221292.3207674902,1748078.8794592572,10
-1220829.0080509626,1748078.8794592572,10
-1220365.6953344352,1748078.8794592572,10
-1219902.3826179076,1748078.8794592572,10
-1219439.0699013802,1748078.8794592572,10
-1218975.7571848526,1748078.8794592572,10
-1218512.444468325,1748078.8794592572,10
-1218049.1317517976,1748078.8794592572,10
-1217585.81903527,1748078.8794592572,10
-1217122.5063187426,1748078.8794592572,10
-1216659.193602215,1748078.8794592572,10
-1216195.8808856877,1748078.8794592572,10
-1215732.56816916,1748078.8794592572,10
-1215269.2554526327,1748078.8794592572,10
-1214805.942736105,1748078.8794592572,10
-1214342.6300195777,1748078.8794592572,10
-1213879.31730305,1748078.8794592572,10
-1213416.0045865227,1748078.8794592572,10
-1212952.691869995,1748078.8794592572,10
-1212489.3791534677,1748078.8794592572,10
-1212026.06643694,1748078.8794592572,10
-1211562.7537204125,1748078.8794592572,10
-1211099.4410038851,1748078.8794592572,10
-1210636.1282873575,1748078.8794592572,10
-1210172.8155708301,1748078.8794592572,10
-1209709.5028543025,1748078.8794592572,10
-1209246.1901377751,1748078.8794592572,10
-1208782.8774212475,1748078.8794592572,10
-1208319.5647047202,1748078.8794592572,10
-1207856.2519881926,1748078.8794592572,10
-1207392.9392716652,1748078.8794592572,10
-1206929.6265551376,1748078.8794592572,10
-1206466.3138386102,1748078.8794592572,10
-1206003.0011220826,1748078.8794592572,10
-1205539.6884055552,1748078.8794592572,10
-1205076.3756890276,1748078.8794592572,10
-1204613.0629725,1748078.8794592572,10
-1204149.7502559726,1748078.8794592572,10
-1203686.4375394452,1748078.8794592572,10
-1203223.1248229176,1748078.8794592572,10
-1202759.81210639,1748078.8794592572,10
-1202296.4993898626,1748078.8794592572,10
-1201833.186673335,1748078.8794592572,10
-1201369.8739568077,1748078.8794592572,10
-1200906.56124028,1748078.8794592572,10
-1200443.2485237527,1748078.8794592572,10
-1199979.935807225,1748078.8794592572,10
-1199516.6230906977,1748078.8794592572,10
-1199053.31037417,1748078.8794592572,10
-1198589.9976576427,1748078.8794592572,10
-1198126.684941115,1748078.8794592572,10
-1197663.3722245875,1748078.8794592572,10
-1197200.05950806,1748078.8794592572,10
-1196736.7467915327,1748078.8794592572,10
-1196273.4340750051,1748078.8794592572,10
-1195810.1213584775,1748078.8794592572,10
-1195346.8086419501,1748078.8794592572,10
-1194883.4959254225,1748078.8794592572,10
-1194420.1832088951,1748078.8794592572,10
-1193956.8704923675,1748078.8794592572,10
-1193493.5577758402,1748078.8794592572,10
-1193030.2450593126,1748078.8794592572,10
-1192566.9323427852,1748078.8794592572,10
-1192103.6196262576,1748078.8794592572,10
-1191640.3069097302,1748078.8794592572,10
-1191176.9941932026,1748078.8794592572,10
-1190713.6814766752,1748078.8794592572,10
-1190250.3687601476,1748078.8794592572,10
-1189787.0560436202,1748078.8794592572,10
-1189323.7433270926,1748078.8794592572,10
-1188860.430610565,1748078.8794592572,10
-1188397.1178940376,1748078.8794592572,10
-1187933.80517751,1748078.8794592572,10
-1187470.4924609826,1748078.8794592572,10
-1187007.179744455,1748078.8794592572,10
-1186543.8670279277,1748078.8794592572,10
-1186080.5543114,1748078.8794592572,10
-1185617.2415948727,1748078.8794592572,10
-1185153.928878345,1748078.8794592572,10
-1184690.6161618177,1748078.8794592572,10
-1184227.30344529,1748078.8794592572,10
-1183763.9907287627,1748078.8794592572,10
-1183300.678012235,1748078.8794592572,10
-1182837.3652957077,1748078.8794592572,10
-1182374.05257918,1748078.8794592572,10
-1181910.7398626525,1748078.8794592572,10
-1181447.4271461251,1748078.8794592572,10
-1180984.1144295975,1748078.8794592572,10
-1180520.8017130701,1748078.8794592572,10
-1180057.4889965425,1748078.8794592572,10
-1179594.1762800151,1748078.8794592572,10
-1179130.8635634875,1748078.8794592572,10
-1178667.5508469602,1748078.8794592572,10
-1178204.2381304326,1748078.8794592572,10
-1177740.9254139052,1748078.8794592572,10
-1177277.6126973776,1748078.8794592572,10
-1176814.2999808502,1748078.8794592572,10
-1176350.9872643226,1748078.8794592572,10
-1175887.6745477952,1748078.8794592572,10
-1175424.3618312676,1748078.8794592572,10
-1174961.04911474,1748078.8794592572,10
-1174497.7363982126,1748078.8794592572,10
-1174034.4236816852,1748078.8794592572,10
-1173571.1109651576,1748078.8794592572,10
-1173107.79824863,1748078.8794592572,10
-1172644.4855321026,1748078.8794592572,10
-1172181.172815575,1748078.8794592572,10
-1171717.8600990477,1748078.8794592572,10
-1171254.54738252,1748078.8794592572,10
-1170791.2346659927,1748078.8794592572,10
-1170327.921949465,1748078.8794592572,10
-1169864.6092329377,1748078.8794592572,10
-1169401.29651641,1748078.8794592572,10
-1168937.9837998827,1748078.8794592572,10
-1168474.671083355,1748078.8794592572,10
-1168011.3583668275,1748078.8794592572,10
-1167548.0456503,1748078.8794592572,10
-1167084.7329337727,1748078.8794592572,10
-1166621.4202172451,1748078.8794592572,10
-1166158.1075007175,1748078.8794592572,10
-1165694.7947841901,1748078.8794592572,10
-1165231.4820676625,1748078.8794592572,10
-1164768.1693511351,1748078.8794592572,10
-1164304.8566346075,1748078.8794592572,10
-1163841.5439180802,1748078.8794592572,10
-1163378.2312015526,1748078.8794592572,10
-1162914.9184850252,1748078.8794592572,10
-1162451.6057684976,1748078.8794592572,10
-1161988.2930519702,1748078.8794592572,10
-1161524.9803354426,1748078.8794592572,10
-1161061.6676189152,1748078.8794592572,10
-1160598.3549023876,1748078.8794592572,10
-1160135.0421858602,1748078.8794592572,10
-1159671.7294693326,1748078.8794592572,10
-1159208.416752805,1748078.8794592572,10
-1158745.1040362776,1748078.8794592572,10
-1158281.79131975,1748078.8794592572,10
-1157818.4786032226,1748078.8794592572,10
-1157355.165886695,1748078.8794592572,10
-1156891.8531701677,1748078.8794592572,10
-1156428.54045364,1748078.8794592572,10
-1155965.2277371127,1748078.8794592572,10
-1155501.915020585,1748078.8794592572,10
-1155038.6023040577,1748078.8794592572,10
-1154575.28958753,1748078.8794592572,10
-1154111.9768710027,1748078.8794592572,10
-1153648.664154475,1748078.8794592572,10
-1153185.3514379477,1748078.8794592572,10
-1152722.03872142,1748078.8794592572,10
-1152258.7260048925,1748078.8794592572,10
-1151795.4132883651,1748078.8794592572,10
-1151332.1005718375,1748078.8794592572,10
-1150868.7878553101,1748078.8794592572,10
-1150405.4751387825,1748078.8794592572,10
-1149942.1624222551,1748078.8794592572,10
-1149478.8497057275,1748078.8794592572,10
-1149015.5369892002,1748078.8794592572,10
-1148552.2242726726,1748078.8794592572,10
-1148088.9115561452,1748078.8794592572,10
-1147625.5988396176,1748078.8794592572,10
-1147162.2861230902,1748078.8794592572,10
-1146698.9734065626,1748078.8794592572,10
-1146235.6606900352,1748078.8794592572,10
-1145772.3479735076,1748078.8794592572,10
-1145309.03525698,1748078.8794592572,10
-1144845.7225404526,1748078.8794592572,10
-1144382.4098239252,1748078.8794592572,10
-1143919.0971073976,1748078.8794592572,10
-1143455.78439087,1748078.8794592572,10
-1142992.4716743426,1748078.8794592572,10
-1142529.158957815,1748078.8794592572,10
-1142065.8462412877,1748078.8794592572,10
-1141602.53352476,1748078.8794592572,10
-1141139.2208082327,1748078.8794592572,10
-1140675.908091705,1748078.8794592572,10
-1140212.5953751777,1748078.8794592572,10
-1139749.28265865,1748078.8794592572,10
-1139285.9699421227,1748078.8794592572,10
-1138822.657225595,1748078.8794592572,10
-1138359.3445090675,1748078.8794592572,10
-1247237.83289303,1747615.5667427296,10
-1246774.5201765026,1747615.5667427296,10
-1246311.207459975,1747615.5667427296,10
-1245847.8947434477,1747615.5667427296,10
-1245384.58202692,1747615.5667427296,10
-1244921.2693103927,1747615.5667427296,10
-1244457.956593865,1747615.5667427296,10
-1243994.6438773377,1747615.5667427296,10
-1243531.33116081,1747615.5667427296,10
-1243068.0184442827,1747615.5667427296,10
-1242604.705727755,1747615.5667427296,10
-1242141.3930112277,1747615.5667427296,10
-1241678.0802947,1747615.5667427296,10
-1241214.7675781725,1747615.5667427296,10
-1240751.4548616451,1747615.5667427296,10
-1240288.1421451175,1747615.5667427296,10
-1239824.8294285901,1747615.5667427296,10
-1239361.5167120625,1747615.5667427296,10
-1238898.2039955352,1747615.5667427296,10
-1238434.8912790075,1747615.5667427296,10
-1237971.5785624802,1747615.5667427296,10
-1237508.2658459526,1747615.5667427296,10
-1237044.9531294252,1747615.5667427296,10
-1236581.6404128976,1747615.5667427296,10
-1236118.3276963702,1747615.5667427296,10
-1235655.0149798426,1747615.5667427296,10
-1235191.7022633152,1747615.5667427296,10
-1234728.3895467876,1747615.5667427296,10
-1234265.07683026,1747615.5667427296,10
-1233801.7641137326,1747615.5667427296,10
-1233338.4513972052,1747615.5667427296,10
-1232875.1386806776,1747615.5667427296,10
-1232411.82596415,1747615.5667427296,10
-1231948.5132476226,1747615.5667427296,10
-1231485.200531095,1747615.5667427296,10
-1231021.8878145677,1747615.5667427296,10
-1230558.57509804,1747615.5667427296,10
-1230095.2623815127,1747615.5667427296,10
-1229631.949664985,1747615.5667427296,10
-1229168.6369484577,1747615.5667427296,10
-1228705.32423193,1747615.5667427296,10
-1228242.0115154027,1747615.5667427296,10
-1227778.698798875,1747615.5667427296,10
-1227315.3860823475,1747615.5667427296,10
-1226852.07336582,1747615.5667427296,10
-1226388.7606492927,1747615.5667427296,10
-1225925.4479327651,1747615.5667427296,10
-1225462.1352162375,1747615.5667427296,10
-1224998.8224997101,1747615.5667427296,10
-1224535.5097831825,1747615.5667427296,10
-1224072.1970666551,1747615.5667427296,10
-1223608.8843501275,1747615.5667427296,10
-1223145.5716336002,1747615.5667427296,10
-1222682.2589170726,1747615.5667427296,10
-1222218.9462005452,1747615.5667427296,10
-1221755.6334840176,1747615.5667427296,10
-1221292.3207674902,1747615.5667427296,10
-1220829.0080509626,1747615.5667427296,10
-1220365.6953344352,1747615.5667427296,10
-1219902.3826179076,1747615.5667427296,10
-1219439.0699013802,1747615.5667427296,10
-1218975.7571848526,1747615.5667427296,10
-1218512.444468325,1747615.5667427296,10
-1218049.1317517976,1747615.5667427296,10
-1217585.81903527,1747615.5667427296,10
-1217122.5063187426,1747615.5667427296,10
-1216659.193602215,1747615.5667427296,10
-1216195.8808856877,1747615.5667427296,10
-1215732.56816916,1747615.5667427296,10
-1215269.2554526327,1747615.5667427296,10
-1214805.942736105,1747615.5667427296,10
-1214342.6300195777,1747615.5667427296,10
-1213879.31730305,1747615.5667427296,10
-1213416.0045865227,1747615.5667427296,10
-1212952.691869995,1747615.5667427296,10
-1212489.3791534677,1747615.5667427296,10
-1212026.06643694,1747615.5667427296,10
-1211562.7537204125,1747615.5667427296,10
-1211099.4410038851,1747615.5667427296,10
-1210636.1282873575,1747615.5667427296,10
-1210172.8155708301,1747615.5667427296,10
-1209709.5028543025,1747615.5667427296,10
-1209246.1901377751,1747615.5667427296,10
-1208782.8774212475,1747615.5667427296,10
-1208319.5647047202,1747615.5667427296,10
-1207856.2519881926,1747615.5667427296,10
-1207392.9392716652,1747615.5667427296,10
-1206929.6265551376,1747615.5667427296,10
-1206466.3138386102,1747615.5667427296,10
-1206003.0011220826,1747615.5667427296,10
-1205539.6884055552,1747615.5667427296,10
-1205076.3756890276,1747615.5667427296,10
-1204613.0629725,1747615.5667427296,10
-1204149.7502559726,1747615.5667427296,10
-1203686.4375394452,1747615.5667427296,10
-1203223.1248229176,1747615.5667427296,10
-1202759.81210639,1747615.5667427296,10
-1202296.4993898626,1747615.5667427296,10
-1201833.186673335,1747615.5667427296,10
-1201369.8739568077,1747615.5667427296,10
-1200906.56124028,1747615.5667427296,10
-1200443.2485237527,1747615.5667427296,10
-1199979.935807225,1747615.5667427296,10
-1199516.6230906977,1747615.5667427296,10
-1199053.31037417,1747615.5667427296,10
-1198589.9976576427,1747615.5667427296,10
-1198126.684941115,1747615.5667427296,10
-1197663.3722245875,1747615.5667427296,10
-1197200.05950806,1747615.5667427296,10
-1196736.7467915327,1747615.5667427296,10
-1196273.4340750051,1747615.5667427296,10
-1195810.1213584775,1747615.5667427296,10
-1195346.8086419501,1747615.5667427296,10
-1194883.4959254225,1747615.5667427296,10
-1194420.1832088951,1747615.5667427296,10
-1193956.8704923675,1747615.5667427296,10
-1193493.5577758402,1747615.5667427296,10
-1193030.2450593126,1747615.5667427296,10
-1192566.9323427852,1747615.5667427296,10
-1192103.6196262576,1747615.5667427296,10
-1191640.3069097302,1747615.5667427296,10
-1191176.9941932026,1747615.5667427296,10
-1190713.6814766752,1747615.5667427296,10
-1190250.3687601476,1747615.5667427296,10
-1189787.0560436202,1747615.5667427296,10
-1189323.7433270926,1747615.5667427296,10
-1188860.430610565,1747615.5667427296,10
-1188397.1178940376,1747615.5667427296,10
-1187933.80517751,1747615.5667427296,10
-1187470.4924609826,1747615.5667427296,10
-1187007.179744455,1747615.5667427296,10
-1186543.8670279277,1747615.5667427296,10
-1186080.5543114,1747615.5667427296,10
-1185617.2415948727,1747615.5667427296,10
-1185153.928878345,1747615.5667427296,10
-1184690.6161618177,1747615.5667427296,10
-1184227.30344529,1747615.5667427296,10
-1183763.9907287627,1747615.5667427296,10
-1183300.678012235,1747615.5667427296,10
-1182837.3652957077,1747615.5667427296,10
-1182374.05257918,1747615.5667427296,10
-1181910.7398626525,1747615.5667427296,10
-1181447.4271461251,1747615.5667427296,10
-1180984.1144295975,1747615.5667427296,10
-1180520.8017130701,1747615.5667427296,10
-1180057.4889965425,1747615.5667427296,10
-1179594.1762800151,1747615.5667427296,10
-1179130.8635634875,1747615.5667427296,10
-1178667.5508469602,1747615.5667427296,10
-1178204.2381304326,1747615.5667427296,10
-1177740.9254139052,1747615.5667427296,10
-1177277.6126973776,1747615.5667427296,10
-1176814.2999808502,1747615.5667427296,10
-1176350.9872643226,1747615.5667427296,10
-1175887.6745477952,1747615.5667427296,10
-1175424.3618312676,1747615.5667427296,10
-1174961.04911474,1747615.5667427296,10
-1174497.7363982126,1747615.5667427296,10
-1174034.4236816852,1747615.5667427296,10
-1173571.1109651576,1747615.5667427296,10
-1173107.79824863,1747615.5667427296,10
-1172644.4855321026,1747615.5667427296,10
-1172181.172815575,1747615.5667427296,10
-1171717.8600990477,1747615.5667427296,10
-1171254.54738252,1747615.5667427296,10
-1170791.2346659927,1747615.5667427296,10
-1170327.921949465,1747615.5667427296,10
-1169864.6092329377,1747615.5667427296,10
-1169401.29651641,1747615.5667427296,10
-1168937.9837998827,1747615.5667427296,10
-1168474.671083355,1747615.5667427296,10
-1168011.3583668275,1747615.5667427296,10
-1167548.0456503,1747615.5667427296,10
-1167084.7329337727,1747615.5667427296,10
-1166621.4202172451,1747615.5667427296,10
-1166158.1075007175,1747615.5667427296,10
-1165694.7947841901,1747615.5667427296,10
-1165231.4820676625,1747615.5667427296,10
-1164768.1693511351,1747615.5667427296,10
-1164304.8566346075,1747615.5667427296,10
-1163841.5439180802,1747615.5667427296,10
-1163378.2312015526,1747615.5667427296,10
-1162914.9184850252,1747615.5667427296,10
-1162451.6057684976,1747615.5667427296,10
-1161988.2930519702,1747615.5667427296,10
-1161524.9803354426,1747615.5667427296,10
-1161061.6676189152,1747615.5667427296,10
-1160598.3549023876,1747615.5667427296,10
-1160135.0421858602,1747615.5667427296,10
-1159671.7294693326,1747615.5667427296,10
-1159208.416752805,1747615.5667427296,10
-1158745.1040362776,1747615.5667427296,10
-1158281.79131975,1747615.5667427296,10
-1157818.4786032226,1747615.5667427296,10
-1157355.165886695,1747615.5667427296,10
-1156891.8531701677,1747615.5667427296,10
-1156428.54045364,1747615.5667427296,10
-1155965.2277371127,1747615.5667427296,10
-1155501.915020585,1747615.5667427296,10
-1155038.6023040577,1747615.5667427296,10
-1154575.28958753,1747615.5667427296,10
-1154111.9768710027,1747615.5667427296,10
-1153648.664154475,1747615.5667427296,10
-1153185.3514379477,1747615.5667427296,10
-1152722.03872142,1747615.5667427296,10
-1152258.7260048925,1747615.5667427296,10
-1151795.4132883651,1747615.5667427296,10
-1151332.1005718375,1747615.5667427296,10
-1150868.7878553101,1747615.5667427296,10
-1150405.4751387825,1747615.5667427296,10
-1149942.1624222551,1747615.5667427296,10
-1149478.8497057275,1747615.5667427296,10
-1149015.5369892002,1747615.5667427296,10
-1148552.2242726726,1747615.5667427296,10
-1148088.9115561452,1747615.5667427296,10
-1147625.5988396176,1747615.5667427296,10
-1147162.2861230902,1747615.5667427296,10
-1146698.9734065626,1747615.5667427296,10
-1146235.6606900352,1747615.5667427296,10
-1145772.3479735076,1747615.5667427296,10
-1145309.03525698,1747615.5667427296,10
-1144845.7225404526,1747615.5667427296,10
-1144382.4098239252,1747615.5667427296,10
-1143919.0971073976,1747615.5667427296,10
-1143455.78439087,1747615.5667427296,10
-1142992.4716743426,1747615.5667427296,10
-1142529.158957815,1747615.5667427296,10
-1142065.8462412877,1747615.5667427296,10
-1141602.53352476,1747615.5667427296,10
-1141139.2208082327,1747615.5667427296,10
-1140675.908091705,1747615.5667427296,10
-1140212.5953751777,1747615.5667427296,10
-1139749.28265865,1747615.5667427296,10
-1139285.9699421227,1747615.5667427296,10
-1138822.657225595,1747615.5667427296,10
-1138359.3445090675,1747615.5667427296,10
-1247237.83289303,1747152.2540262023,10
-1246774.5201765026,1747152.2540262023,10
-1246311.207459975,1747152.2540262023,10
-1245847.8947434477,1747152.2540262023,10
-1245384.58202692,1747152.2540262023,10
-1244921.2693103927,1747152.2540262023,10
-1244457.956593865,1747152.2540262023,10
-1243994.6438773377,1747152.2540262023,10
-1243531.33116081,1747152.2540262023,10
-1243068.0184442827,1747152.2540262023,10
-1242604.705727755,1747152.2540262023,10
-1242141.3930112277,1747152.2540262023,10
-1241678.0802947,1747152.2540262023,10
-1241214.7675781725,1747152.2540262023,10
-1240751.4548616451,1747152.2540262023,10
-1240288.1421451175,1747152.2540262023,10
-1239824.8294285901,1747152.2540262023,10
-1239361.5167120625,1747152.2540262023,10
-1238898.2039955352,1747152.2540262023,10
-1238434.8912790075,1747152.2540262023,10
-1237971.5785624802,1747152.2540262023,10
-1237508.2658459526,1747152.2540262023,10
-1237044.9531294252,1747152.2540262023,10
-1236581.6404128976,1747152.2540262023,10
-1236118.3276963702,1747152.2540262023,10
-1235655.0149798426,1747152.2540262023,10
-1235191.7022633152,1747152.2540262023,10
-1234728.3895467876,1747152.2540262023,10
-1234265.07683026,1747152.2540262023,10
-1233801.7641137326,1747152.2540262023,10
-1233338.4513972052,1747152.2540262023,10
-1232875.1386806776,1747152.2540262023,10
-1232411.82596415,1747152.2540262023,10
-1231948.5132476226,1747152.2540262023,10
-1231485.200531095,1747152.2540262023,10
-1231021.8878145677,1747152.2540262023,10
-1230558.57509804,1747152.2540262023,10
-1230095.2623815127,1747152.2540262023,10
-1229631.949664985,1747152.2540262023,10
-1229168.6369484577,1747152.2540262023,10
-1228705.32423193,1747152.2540262023,10
-1228242.0115154027,1747152.2540262023,10
-1227778.698798875,1747152.2540262023,10
-1227315.3860823475,1747152.2540262023,10
-1226852.07336582,1747152.2540262023,10
-1226388.7606492927,1747152.2540262023,10
-1225925.4479327651,1747152.2540262023,10
-1225462.1352162375,1747152.2540262023,10
-1224998.8224997101,1747152.2540262023,10
-1224535.5097831825,1747152.2540262023,10
-1224072.1970666551,1747152.2540262023,10
-1223608.8843501275,1747152.2540262023,10
-1223145.5716336002,1747152.2540262023,10
-1222682.2589170726,1747152.2540262023,10
-1222218.9462005452,1747152.2540262023,10
-1221755.6334840176,1747152.2540262023,10
-1221292.3207674902,1747152.2540262023,10
-1220829.0080509626,1747152.2540262023,10
-1220365.6953344352,1747152.2540262023,10
-1219902.3826179076,1747152.2540262023,10
-1219439.0699013802,1747152.2540262023,10
-1218975.7571848526,1747152.2540262023,10
-1218512.444468325,1747152.2540262023,10
-1218049.1317517976,1747152.2540262023,10
-1217585.81903527,1747152.2540262023,10
-1217122.5063187426,1747152.2540262023,10
-1216659.193602215,1747152.2540262023,10
-1216195.8808856877,1747152.2540262023,10
-1215732.56816916,1747152.2540262023,10
-1215269.2554526327,1747152.2540262023,10
-1214805.942736105,1747152.2540262023,10
-1214342.6300195777,1747152.2540262023,10
-1213879.31730305,1747152.2540262023,10
-1213416.0045865227,1747152.2540262023,10
-1212952.691869995,1747152.2540262023,10
-1212489.3791534677,1747152.2540262023,10
-1212026.06643694,1747152.2540262023,10
-1211562.7537204125,1747152.2540262023,10
-1211099.4410038851,1747152.2540262023,10
-1210636.1282873575,1747152.2540262023,10
-1210172.8155708301,1747152.2540262023,10
-1209709.5028543025,1747152.2540262023,10
-1209246.1901377751,1747152.2540262023,10
-1208782.8774212475,1747152.2540262023,10
-1208319.5647047202,1747152.2540262023,10
-1207856.2519881926,1747152.2540262023,10
-1207392.9392716652,1747152.2540262023,10
-1206929.6265551376,1747152.2540262023,10
-1206466.3138386102,1747152.2540262023,10
-1206003.0011220826,1747152.2540262023,10
-1205539.6884055552,1747152.2540262023,10
-1205076.3756890276,1747152.2540262023,10
-1204613.0629725,1747152.2540262023,10
-1204149.7502559726,1747152.2540262023,10
-1203686.4375394452,1747152.2540262023,10
-1203223.1248229176,1747152.2540262023,10
-1202759.81210639,1747152.2540262023,10
-1202296.4993898626,1747152.2540262023,10
-1201833.186673335,1747152.2540262023,10
-1201369.8739568077,1747152.2540262023,10
-1200906.56124028,1747152.2540262023,10
-1200443.2485237527,1747152.2540262023,10
-1199979.935807225,1747152.2540262023,10
-1199516.6230906977,1747152.2540262023,10
-1199053.31037417,1747152.2540262023,10
-1198589.9976576427,1747152.2540262023,10
-1198126.684941115,1747152.2540262023,10
-1197663.3722245875,1747152.2540262023,10
-1197200.05950806,1747152.2540262023,10
-1196736.7467915327,1747152.2540262023,10
-1196273.4340750051,1747152.2540262023,10
-1195810.1213584775,1747152.2540262023,10
-1195346.8086419501,1747152.2540262023,10
-1194883.4959254225,1747152.2540262023,10
-1194420.1832088951,1747152.2540262023,10
-1193956.8704923675,1747152.2540262023,10
-1193493.5577758402,1747152.2540262023,10
-1193030.2450593126,1747152.2540262023,10
-1192566.9323427852,1747152.2540262023,10
-1192103.6196262576,1747152.2540262023,10
-1191640.3069097302,1747152.2540262023,10
-1191176.9941932026,1747152.2540262023,10
-1190713.6814766752,1747152.2540262023,10
-1190250.3687601476,1747152.2540262023,10
-1189787.0560436202,1747152.2540262023,10
-1189323.7433270926,1747152.2540262023,10
-1188860.430610565,1747152.2540262023,10
-1188397.1178940376,1747152.2540262023,10
-1187933.80517751,1747152.2540262023,10
-1187470.4924609826,1747152.2540262023,10
-1187007.179744455,1747152.2540262023,10
-1186543.8670279277,1747152.2540262023,10
-1186080.5543114,1747152.2540262023,10
-1185617.2415948727,1747152.2540262023,10
-1185153.928878345,1747152.2540262023,10
-1184690.6161618177,1747152.2540262023,10
-1184227.30344529,1747152.2540262023,10
-1183763.9907287627,1747152.2540262023,10
-1183300.678012235,1747152.2540262023,10
-1182837.3652957077,1747152.2540262023,10
-1182374.05257918,1747152.2540262023,10
-1181910.7398626525,1747152.2540262023,10
-1181447.4271461251,1747152.2540262023,10
-1180984.1144295975,1747152.2540262023,10
-1180520.8017130701,1747152.2540262023,10
-1180057.4889965425,1747152.2540262023,10
-1179594.1762800151,1747152.2540262023,10
-1179130.8635634875,1747152.2540262023,10
-1178667.5508469602,1747152.2540262023,10
-1178204.2381304326,1747152.2540262023,10
-1177740.9254139052,1747152.2540262023,10
-1177277.6126973776,1747152.2540262023,10
-1176814.2999808502,1747152.2540262023,10
-1176350.9872643226,1747152.2540262023,10
-1175887.6745477952,1747152.2540262023,10
-1175424.3618312676,1747152.2540262023,10
-1174961.04911474,1747152.2540262023,10
-1174497.7363982126,1747152.2540262023,10
-1174034.4236816852,1747152.2540262023,10
-1173571.1109651576,1747152.2540262023,10
-1173107.79824863,1747152.2540262023,10
-1172644.4855321026,1747152.2540262023,10
-1172181.172815575,1747152.2540262023,10
-1171717.8600990477,1747152.2540262023,10
-1171254.54738252,1747152.2540262023,10
-1170791.2346659927,1747152.2540262023,10
-1170327.921949465,1747152.2540262023,10
-1169864.6092329377,1747152.2540262023,10
-1169401.29651641,1747152.2540262023,10
-1168937.9837998827,1747152.2540262023,10
-1168474.671083355,1747152.2540262023,10
-1168011.3583668275,1747152.2540262023,10
-1167548.0456503,1747152.2540262023,10
-1167084.7329337727,1747152.2540262023,10
-1166621.4202172451,1747152.2540262023,10
-1166158.1075007175,1747152.2540262023,10
-1165694.7947841901,1747152.2540262023,10
-1165231.4820676625,1747152.2540262023,10
-1164768.1693511351,1747152.2540262023,10
-1164304.8566346075,1747152.2540262023,10
-1163841.5439180802,1747152.2540262023,10
-1163378.2312015526,1747152.2540262023,10
-1162914.9184850252,1747152.2540262023,10
-1162451.6057684976,1747152.2540262023,10
-1161988.2930519702,1747152.2540262023,10
-1161524.9803354426,1747152.2540262023,10
-1161061.6676189152,1747152.2540262023,10
-1160598.3549023876,1747152.2540262023,10
-1160135.0421858602,1747152.2540262023,10
-1159671.7294693326,1747152.2540262023,10
-1159208.416752805,1747152.2540262023,10
-1158745.1040362776,1747152.2540262023,10
-1158281.79131975,1747152.2540262023,10
-1157818.4786032226,1747152.2540262023,10
-1157355.165886695,1747152.2540262023,10
-1156891.8531701677,1747152.2540262023,10
-1156428.54045364,1747152.2540262023,10
-1155965.2277371127,1747152.2540262023,10
-1155501.915020585,1747152.2540262023,10
-1155038.6023040577,1747152.2540262023,10
-1154575.28958753,1747152.2540262023,10
-1154111.9768710027,1747152.2540262023,10
-1153648.664154475,1747152.2540262023,10
-1153185.3514379477,1747152.2540262023,10
-1152722.03872142,1747152.2540262023,10
-1152258.7260048925,1747152.2540262023,10
-1151795.4132883651,1747152.2540262023,10
-1151332.1005718375,1747152.2540262023,10
-1150868.7878553101,1747152.2540262023,10
-1150405.4751387825,1747152.2540262023,10
-1149942.1624222551,1747152.2540262023,10
-1149478.8497057275,1747152.2540262023,10
-1149015.5369892002,1747152.2540262023,10
-1148552.2242726726,1747152.2540262023,10
-1148088.9115561452,1747152.2540262023,10
-1147625.5988396176,1747152.2540262023,10
-1147162.2861230902,1747152.2540262023,10
-1146698.9734065626,1747152.2540262023,10
-1146235.6606900352,1747152.2540262023,10
-1145772.3479735076,1747152.2540262023,10
-1145309.03525698,1747152.2540262023,10
-1144845.7225404526,1747152.2540262023,10
-1144382.4098239252,1747152.2540262023,10
-1143919.0971073976,1747152.2540262023,10
-1143455.78439087,1747152.2540262023,10
-1142992.4716743426,1747152.2540262023,10
-1142529.158957815,1747152.2540262023,10
-1142065.8462412877,1747152.2540262023,10
-1141602.53352476,1747152.2540262023,10
-1141139.2208082327,1747152.2540262023,10
-1140675.908091705,1747152.2540262023,10
-1140212.5953751777,1747152.2540262023,10
-1139749.28265865,1747152.2540262023,10
-1139285.9699421227,1747152.2540262023,10
-1138822.657225595,1747152.2540262023,10
-1138359.3445090675,1747152.2540262023,10
-1247701.1456095576,1746688.9413096746,10
-1247237.83289303,1746688.9413096746,10
-1246774.5201765026,1746688.9413096746,10
-1246311.207459975,1746688.9413096746,10
-1245847.8947434477,1746688.9413096746,10
-1245384.58202692,1746688.9413096746,10
-1244921.2693103927,1746688.9413096746,10
-1244457.956593865,1746688.9413096746,10
-1243994.6438773377,1746688.9413096746,10
-1243531.33116081,1746688.9413096746,10
-1243068.0184442827,1746688.9413096746,10
-1242604.705727755,1746688.9413096746,10
-1242141.3930112277,1746688.9413096746,10
-1241678.0802947,1746688.9413096746,10
-1241214.7675781725,1746688.9413096746,10
-1240751.4548616451,1746688.9413096746,10
-1240288.1421451175,1746688.9413096746,10
-1239824.8294285901,1746688.9413096746,10
-1239361.5167120625,1746688.9413096746,10
-1238898.2039955352,1746688.9413096746,10
-1238434.8912790075,1746688.9413096746,10
-1237971.5785624802,1746688.9413096746,10
-1237508.2658459526,1746688.9413096746,10
-1237044.9531294252,1746688.9413096746,10
-1236581.6404128976,1746688.9413096746,10
-1236118.3276963702,1746688.9413096746,10
-1235655.0149798426,1746688.9413096746,10
-1235191.7022633152,1746688.9413096746,10
-1234728.3895467876,1746688.9413096746,10
-1234265.07683026,1746688.9413096746,10
-1233801.7641137326,1746688.9413096746,10
-1233338.4513972052,1746688.9413096746,10
-1232875.1386806776,1746688.9413096746,10
-1232411.82596415,1746688.9413096746,10
-1231948.5132476226,1746688.9413096746,10
-1231485.200531095,1746688.9413096746,10
-1231021.8878145677,1746688.9413096746,10
-1230558.57509804,1746688.9413096746,10
-1230095.2623815127,1746688.9413096746,10
-1229631.949664985,1746688.9413096746,10
-1229168.6369484577,1746688.9413096746,10
-1228705.32423193,1746688.9413096746,10
-1228242.0115154027,1746688.9413096746,10
-1227778.698798875,1746688.9413096746,10
-1227315.3860823475,1746688.9413096746,10
-1226852.07336582,1746688.9413096746,10
-1226388.7606492927,1746688.9413096746,10
-1225925.4479327651,1746688.9413096746,10
-1225462.1352162375,1746688.9413096746,10
-1224998.8224997101,1746688.9413096746,10
-1224535.5097831825,1746688.9413096746,10
-1224072.1970666551,1746688.9413096746,10
-1223608.8843501275,1746688.9413096746,10
-1223145.5716336002,1746688.9413096746,10
-1222682.2589170726,1746688.9413096746,10
-1222218.9462005452,1746688.9413096746,10
-1221755.6334840176,1746688.9413096746,10
-1221292.3207674902,1746688.9413096746,10
-1220829.0080509626,1746688.9413096746,10
-1220365.6953344352,1746688.9413096746,10
-1219902.3826179076,1746688.9413096746,10
-1219439.0699013802,1746688.9413096746,10
-1218975.7571848526,1746688.9413096746,10
-1218512.444468325,1746688.9413096746,10
-1218049.1317517976,1746688.9413096746,10
-1217585.81903527,1746688.9413096746,10
-1217122.5063187426,1746688.9413096746,10
-1216659.193602215,1746688.9413096746,10
-1216195.8808856877,1746688.9413096746,10
-1215732.56816916,1746688.9413096746,10
-1215269.2554526327,1746688.9413096746,10
-1214805.942736105,1746688.9413096746,10
-1214342.6300195777,1746688.9413096746,10
-1213879.31730305,1746688.9413096746,10
-1213416.0045865227,1746688.9413096746,10
-1212952.691869995,1746688.9413096746,10
-1212489.3791534677,1746688.9413096746,10
-1212026.06643694,1746688.9413096746,10
-1211562.7537204125,1746688.9413096746,10
-1211099.4410038851,1746688.9413096746,10
-1210636.1282873575,1746688.9413096746,10
-1210172.8155708301,1746688.9413096746,10
-1209709.5028543025,1746688.9413096746,10
-1209246.1901377751,1746688.9413096746,10
-1208782.8774212475,1746688.9413096746,10
-1208319.5647047202,1746688.9413096746,10
-1207856.2519881926,1746688.9413096746,10
-1207392.9392716652,1746688.9413096746,10
-1206929.6265551376,1746688.9413096746,10
-1206466.3138386102,1746688.9413096746,10
-1206003.0011220826,1746688.9413096746,10
-1205539.6884055552,1746688.9413096746,10
-1205076.3756890276,1746688.9413096746,10
-1204613.0629725,1746688.9413096746,10
-1204149.7502559726,1746688.9413096746,10
-1203686.4375394452,1746688.9413096746,10
-1203223.1248229176,1746688.9413096746,10
-1202759.81210639,1746688.9413096746,10
-1202296.4993898626,1746688.9413096746,10
-1201833.186673335,1746688.9413096746,10
-1201369.8739568077,1746688.9413096746,10
-1200906.56124028,1746688.9413096746,10
-1200443.2485237527,1746688.9413096746,10
-1199979.935807225,1746688.9413096746,10
-1199516.6230906977,1746688.9413096746,10
-1199053.31037417,1746688.9413096746,10
-1198589.9976576427,1746688.9413096746,10
-1198126.684941115,1746688.9413096746,10
-1197663.3722245875,1746688.9413096746,10
-1197200.05950806,1746688.9413096746,10
-1196736.7467915327,1746688.9413096746,10
-1196273.4340750051,1746688.9413096746,10
-1195810.1213584775,1746688.9413096746,10
-1195346.8086419501,1746688.9413096746,10
-1194883.4959254225,1746688.9413096746,10
-1194420.1832088951,1746688.9413096746,10
-1193956.8704923675,1746688.9413096746,10
-1193493.5577758402,1746688.9413096746,10
-1193030.2450593126,1746688.9413096746,10
-1192566.9323427852,1746688.9413096746,10
-1192103.6196262576,1746688.9413096746,10
-1191640.3069097302,1746688.9413096746,10
-1191176.9941932026,1746688.9413096746,10
-1190713.6814766752,1746688.9413096746,10
-1190250.3687601476,1746688.9413096746,10
-1189787.0560436202,1746688.9413096746,10
-1189323.7433270926,1746688.9413096746,10
-1188860.430610565,1746688.9413096746,10
-1188397.1178940376,1746688.9413096746,10
-1187933.80517751,1746688.9413096746,10
-1187470.4924609826,1746688.9413096746,10
-1187007.179744455,1746688.9413096746,10
-1186543.8670279277,1746688.9413096746,10
-1186080.5543114,1746688.9413096746,10
-1185617.2415948727,1746688.9413096746,10
-1185153.928878345,1746688.9413096746,10
-1184690.6161618177,1746688.9413096746,10
-1184227.30344529,1746688.9413096746,10
-1183763.9907287627,1746688.9413096746,10
-1183300.678012235,1746688.9413096746,10
-1182837.3652957077,1746688.9413096746,10
-1182374.05257918,1746688.9413096746,10
-1181910.7398626525,1746688.9413096746,10
-1181447.4271461251,1746688.9413096746,10
-1180984.1144295975,1746688.9413096746,10
-1180520.8017130701,1746688.9413096746,10
-1180057.4889965425,1746688.9413096746,10
-1179594.1762800151,1746688.9413096746,10
-1179130.8635634875,1746688.9413096746,10
-1178667.5508469602,1746688.9413096746,10
-1178204.2381304326,1746688.9413096746,10
-1177740.9254139052,1746688.9413096746,10
-1177277.6126973776,1746688.9413096746,10
-1176814.2999808502,1746688.9413096746,10
-1176350.9872643226,1746688.9413096746,10
-1175887.6745477952,1746688.9413096746,10
-1175424.3618312676,1746688.9413096746,10
-1174961.04911474,1746688.9413096746,10
-1174497.7363982126,1746688.9413096746,10
-1174034.4236816852,1746688.9413096746,10
-1173571.1109651576,1746688.9413096746,10
-1173107.79824863,1746688.9413096746,10
-1172644.4855321026,1746688.9413096746,10
-1172181.172815575,1746688.9413096746,10
-1171717.8600990477,1746688.9413096746,10
-1171254.54738252,1746688.9413096746,10
-1170791.2346659927,1746688.9413096746,10
-1170327.921949465,1746688.9413096746,10
-1169864.6092329377,1746688.9413096746,10
-1169401.29651641,1746688.9413096746,10
-1168937.9837998827,1746688.9413096746,10
-1168474.671083355,1746688.9413096746,10
-1168011.3583668275,1746688.9413096746,10
-1167548.0456503,1746688.9413096746,10
-1167084.7329337727,1746688.9413096746,10
-1166621.4202172451,1746688.9413096746,10
-1166158.1075007175,1746688.9413096746,10
-1165694.7947841901,1746688.9413096746,10
-1165231.4820676625,1746688.9413096746,10
-1164768.1693511351,1746688.9413096746,10
-1164304.8566346075,1746688.9413096746,10
-1163841.5439180802,1746688.9413096746,10
-1163378.2312015526,1746688.9413096746,10
-1162914.9184850252,1746688.9413096746,10
-1162451.6057684976,1746688.9413096746,10
-1161988.2930519702,1746688.9413096746,10
-1161524.9803354426,1746688.9413096746,10
-1161061.6676189152,1746688.9413096746,10
-1160598.3549023876,1746688.9413096746,10
-1160135.0421858602,1746688.9413096746,10
-1159671.7294693326,1746688.9413096746,10
-1159208.416752805,1746688.9413096746,10
-1158745.1040362776,1746688.9413096746,10
-1158281.79131975,1746688.9413096746,10
-1157818.4786032226,1746688.9413096746,10
-1157355.165886695,1746688.9413096746,10
-1156891.8531701677,1746688.9413096746,10
-1156428.54045364,1746688.9413096746,10
-1155965.2277371127,1746688.9413096746,10
-1155501.915020585,1746688.9413096746,10
-1155038.6023040577,1746688.9413096746,10
-1154575.28958753,1746688.9413096746,10
-1154111.9768710027,1746688.9413096746,10
-1153648.664154475,1746688.9413096746,10
-1153185.3514379477,1746688.9413096746,10
-1152722.03872142,1746688.9413096746,10
-1152258.7260048925,1746688.9413096746,10
-1151795.4132883651,1746688.9413096746,10
-1151332.1005718375,1746688.9413096746,10
-1150868.7878553101,1746688.9413096746,10
-1150405.4751387825,1746688.9413096746,10
-1149942.1624222551,1746688.9413096746,10
-1149478.8497057275,1746688.9413096746,10
-1149015.5369892002,1746688.9413096746,10
-1148552.2242726726,1746688.9413096746,10
-1148088.9115561452,1746688.9413096746,10
-1147625.5988396176,1746688.9413096746,10
-1147162.2861230902,1746688.9413096746,10
-1146698.9734065626,1746688.9413096746,10
-1146235.6606900352,1746688.9413096746,10
-1145772.3479735076,1746688.9413096746,10
-1145309.03525698,1746688.9413096746,10
-1144845.7225404526,1746688.9413096746,10
-1144382.4098239252,1746688.9413096746,10
-1143919.0971073976,1746688.9413096746,10
-1143455.78439087,1746688.9413096746,10
-1142992.4716743426,1746688.9413096746,10
-1142529.158957815,1746688.9413096746,10
-1142065.8462412877,1746688.9413096746,10
-1141602.53352476,1746688.9413096746,10
-1141139.2208082327,1746688.9413096746,10
-1140675.908091705,1746688.9413096746,10
-1140212.5953751777,1746688.9413096746,10
-1139749.28265865,1746688.9413096746,10
-1139285.9699421227,1746688.9413096746,10
-1138822.657225595,1746688.9413096746,10
-1138359.3445090675,1746688.9413096746,10
-1247701.1456095576,1746225.6285931473,10
-1247237.83289303,1746225.6285931473,10
-1246774.5201765026,1746225.6285931473,10
-1246311.207459975,1746225.6285931473,10
-1245847.8947434477,1746225.6285931473,10
-1245384.58202692,1746225.6285931473,10
-1244921.2693103927,1746225.6285931473,10
-1244457.956593865,1746225.6285931473,10
-1243994.6438773377,1746225.6285931473,10
-1243531.33116081,1746225.6285931473,10
-1243068.0184442827,1746225.6285931473,10
-1242604.705727755,1746225.6285931473,10
-1242141.3930112277,1746225.6285931473,10
-1241678.0802947,1746225.6285931473,10
-1241214.7675781725,1746225.6285931473,10
-1240751.4548616451,1746225.6285931473,10
-1240288.1421451175,1746225.6285931473,10
-1239824.8294285901,1746225.6285931473,10
-1239361.5167120625,1746225.6285931473,10
-1238898.2039955352,1746225.6285931473,10
-1238434.8912790075,1746225.6285931473,10
-1237971.5785624802,1746225.6285931473,10
-1237508.2658459526,1746225.6285931473,10
-1237044.9531294252,1746225.6285931473,10
-1236581.6404128976,1746225.6285931473,10
-1236118.3276963702,1746225.6285931473,10
-1235655.0149798426,1746225.6285931473,10
-1235191.7022633152,1746225.6285931473,10
-1234728.3895467876,1746225.6285931473,10
-1234265.07683026,1746225.6285931473,10
-1233801.7641137326,1746225.6285931473,10
-1233338.4513972052,1746225.6285931473,10
-1232875.1386806776,1746225.6285931473,10
-1232411.82596415,1746225.6285931473,10
-1231948.5132476226,1746225.6285931473,10
-1231485.200531095,1746225.6285931473,10
-1231021.8878145677,1746225.6285931473,10
-1230558.57509804,1746225.6285931473,10
-1230095.2623815127,1746225.6285931473,10
-1229631.949664985,1746225.6285931473,10
-1229168.6369484577,1746225.6285931473,10
-1228705.32423193,1746225.6285931473,10
-1228242.0115154027,1746225.6285931473,10
-1227778.698798875,1746225.6285931473,10
-1227315.3860823475,1746225.6285931473,10
-1226852.07336582,1746225.6285931473,10
-1226388.7606492927,1746225.6285931473,10
-1225925.4479327651,1746225.6285931473,10
-1225462.1352162375,1746225.6285931473,10
-1224998.8224997101,1746225.6285931473,10
-1224535.5097831825,1746225.6285931473,10
-1224072.1970666551,1746225.6285931473,10
-1223608.8843501275,1746225.6285931473,10
-1223145.5716336002,1746225.6285931473,10
-1222682.2589170726,1746225.6285931473,10
-1222218.9462005452,1746225.6285931473,10
-1221755.6334840176,1746225.6285931473,10
-1221292.3207674902,1746225.6285931473,10
-1220829.0080509626,1746225.6285931473,10
-1220365.6953344352,1746225.6285931473,10
-1219902.3826179076,1746225.6285931473,10
-1219439.0699013802,1746225.6285931473,10
-1218975.7571848526,1746225.6285931473,10
-1218512.444468325,1746225.6285931473,10
-1218049.1317517976,1746225.6285931473,10
-1217585.81903527,1746225.6285931473,10
-1217122.5063187426,1746225.6285931473,10
-1216659.193602215,1746225.6285931473,10
-1216195.8808856877,1746225.6285931473,10
-1215732.56816916,1746225.6285931473,10
-1215269.2554526327,1746225.6285931473,10
-1214805.942736105,1746225.6285931473,10
-1214342.6300195777,1746225.6285931473,10
-1213879.31730305,1746225.6285931473,10
-1213416.0045865227,1746225.6285931473,10
-1212952.691869995,1746225.6285931473,10
-1212489.3791534677,1746225.6285931473,10
-1212026.06643694,1746225.6285931473,10
-1211562.7537204125,1746225.6285931473,10
-1211099.4410038851,1746225.6285931473,10
-1210636.1282873575,1746225.6285931473,10
-1210172.8155708301,1746225.6285931473,10
-1209709.5028543025,1746225.6285931473,10
-1209246.1901377751,1746225.6285931473,10
-1208782.8774212475,1746225.6285931473,10
-1208319.5647047202,1746225.6285931473,10
-1207856.2519881926,1746225.6285931473,10
-1207392.9392716652,1746225.6285931473,10
-1206929.6265551376,1746225.6285931473,10
-1206466.3138386102,1746225.6285931473,10
-1206003.0011220826,1746225.6285931473,10
-1205539.6884055552,1746225.6285931473,10
-1205076.3756890276,1746225.6285931473,10
-1204613.0629725,1746225.6285931473,10
-1204149.7502559726,1746225.6285931473,10
-1203686.4375394452,1746225.6285931473,10
-1203223.1248229176,1746225.6285931473,10
-1202759.81210639,1746225.6285931473,10
-1202296.4993898626,1746225.6285931473,10
-1201833.186673335,1746225.6285931473,10
-1201369.8739568077,1746225.6285931473,10
-1200906.56124028,1746225.6285931473,10
-1200443.2485237527,1746225.6285931473,10
-1199979.935807225,1746225.6285931473,10
-1199516.6230906977,1746225.6285931473,10
-1199053.31037417,1746225.6285931473,10
-1198589.9976576427,1746225.6285931473,10
-1198126.684941115,1746225.6285931473,10
-1197663.3722245875,1746225.6285931473,10
-1197200.05950806,1746225.6285931473,10
-1196736.7467915327,1746225.6285931473,10
-1196273.4340750051,1746225.6285931473,10
-1195810.1213584775,1746225.6285931473,10
-1195346.8086419501,1746225.6285931473,10
-1194883.4959254225,1746225.6285931473,10
-1194420.1832088951,1746225.6285931473,10
-1193956.8704923675,1746225.6285931473,10
-1193493.5577758402,1746225.6285931473,10
-1193030.2450593126,1746225.6285931473,10
-1192566.9323427852,1746225.6285931473,10
-1192103.6196262576,1746225.6285931473,10
-1191640.3069097302,1746225.6285931473,10
-1191176.9941932026,1746225.6285931473,10
-1190713.6814766752,1746225.6285931473,10
-1190250.3687601476,1746225.6285931473,10
-1189787.0560436202,1746225.6285931473,10
-1189323.7433270926,1746225.6285931473,10
-1188860.430610565,1746225.6285931473,10
-1188397.1178940376,1746225.6285931473,10
-1187933.80517751,1746225.6285931473,10
-1187470.4924609826,1746225.6285931473,10
-1187007.179744455,1746225.6285931473,10
-1186543.8670279277,1746225.6285931473,10
-1186080.5543114,1746225.6285931473,10
-1185617.2415948727,1746225.6285931473,10
-1185153.928878345,1746225.6285931473,10
-1184690.6161618177,1746225.6285931473,10
-1184227.30344529,1746225.6285931473,10
-1183763.9907287627,1746225.6285931473,10
-1183300.678012235,1746225.6285931473,10
-1182837.3652957077,1746225.6285931473,10
-1182374.05257918,1746225.6285931473,10
-1181910.7398626525,1746225.6285931473,10
-1181447.4271461251,1746225.6285931473,10
-1180984.1144295975,1746225.6285931473,10
-1180520.8017130701,1746225.6285931473,10
-1180057.4889965425,1746225.6285931473,10
-1179594.1762800151,1746225.6285931473,10
-1179130.8635634875,1746225.6285931473,10
-1178667.5508469602,1746225.6285931473,10
-1178204.2381304326,1746225.6285931473,10
-1177740.9254139052,1746225.6285931473,10
-1177277.6126973776,1746225.6285931473,10
-1176814.2999808502,1746225.6285931473,10
-1176350.9872643226,1746225.6285931473,10
-1175887.6745477952,1746225.6285931473,10
-1175424.3618312676,1746225.6285931473,10
-1174961.04911474,1746225.6285931473,10
-1174497.7363982126,1746225.6285931473,10
-1174034.4236816852,1746225.6285931473,10
-1173571.1109651576,1746225.6285931473,10
-1173107.79824863,1746225.6285931473,10
-1172644.4855321026,1746225.6285931473,10
-1172181.172815575,1746225.6285931473,10
-1171717.8600990477,1746225.6285931473,10
-1171254.54738252,1746225.6285931473,10
-1170791.2346659927,1746225.6285931473,10
-1170327.921949465,1746225.6285931473,10
-1169864.6092329377,1746225.6285931473,10
-1169401.29651641,1746225.6285931473,10
-1168937.9837998827,1746225.6285931473,10
-1168474.671083355,1746225.6285931473,10
-1168011.3583668275,1746225.6285931473,10
-1167548.0456503,1746225.6285931473,10
-1167084.7329337727,1746225.6285931473,10
-1166621.4202172451,1746225.6285931473,10
-1166158.1075007175,1746225.6285931473,10
-1165694.7947841901,1746225.6285931473,10
-1165231.4820676625,1746225.6285931473,10
-1164768.1693511351,1746225.6285931473,10
-1164304.8566346075,1746225.6285931473,10
-1163841.5439180802,1746225.6285931473,10
-1163378.2312015526,1746225.6285931473,10
-1162914.9184850252,1746225.6285931473,10
-1162451.6057684976,1746225.6285931473,10
-1161988.2930519702,1746225.6285931473,10
-1161524.9803354426,1746225.6285931473,10
-1161061.6676189152,1746225.6285931473,10
-1160598.3549023876,1746225.6285931473,10
-1160135.0421858602,1746225.6285931473,10
-1159671.7294693326,1746225.6285931473,10
-1159208.416752805,1746225.6285931473,10
-1158745.1040362776,1746225.6285931473,10
-1158281.79131975,1746225.6285931473,10
-1157818.4786032226,1746225.6285931473,10
-1157355.165886695,1746225.6285931473,10
-1156891.8531701677,1746225.6285931473,10
-1156428.54045364,1746225.6285931473,10
-1155965.2277371127,1746225.6285931473,10
-1155501.915020585,1746225.6285931473,10
-1155038.6023040577,1746225.6285931473,10
-1154575.28958753,1746225.6285931473,10
-1154111.9768710027,1746225.6285931473,10
-1153648.664154475,1746225.6285931473,10
-1153185.3514379477,1746225.6285931473,10
-1152722.03872142,1746225.6285931473,10
-1152258.7260048925,1746225.6285931473,10
-1151795.4132883651,1746225.6285931473,10
-1151332.1005718375,1746225.6285931473,10
-1150868.7878553101,1746225.6285931473,10
-1150405.4751387825,1746225.6285931473,10
-1149942.1624222551,1746225.6285931473,10
-1149478.8497057275,1746225.6285931473,10
-1149015.5369892002,1746225.6285931473,10
-1148552.2242726726,1746225.6285931473,10
-1148088.9115561452,1746225.6285931473,10
-1147625.5988396176,1746225.6285931473,10
-1147162.2861230902,1746225.6285931473,10
-1146698.9734065626,1746225.6285931473,10
-1146235.6606900352,1746225.6285931473,10
-1145772.3479735076,1746225.6285931473,10
-1145309.03525698,1746225.6285931473,10
-1144845.7225404526,1746225.6285931473,10
-1144382.4098239252,1746225.6285931473,10
-1143919.0971073976,1746225.6285931473,10
-1143455.78439087,1746225.6285931473,10
-1142992.4716743426,1746225.6285931473,10
-1142529.158957815,1746225.6285931473,10
-1142065.8462412877,1746225.6285931473,10
-1141602.53352476,1746225.6285931473,10
-1141139.2208082327,1746225.6285931473,10
-1140675.908091705,1746225.6285931473,10
-1140212.5953751777,1746225.6285931473,10
-1139749.28265865,1746225.6285931473,10
-1139285.9699421227,1746225.6285931473,10
-1138822.657225595,1746225.6285931473,10
-1138359.3445090675,1746225.6285931473,10
-1247701.1456095576,1745762.3158766197,10
-1247237.83289303,1745762.3158766197,10
-1246774.5201765026,1745762.3158766197,10
-1246311.207459975,1745762.3158766197,10
-1245847.8947434477,1745762.3158766197,10
-1245384.58202692,1745762.3158766197,10
-1244921.2693103927,1745762.3158766197,10
-1244457.956593865,1745762.3158766197,10
-1243994.6438773377,1745762.3158766197,10
-1243531.33116081,1745762.3158766197,10
-1243068.0184442827,1745762.3158766197,10
-1242604.705727755,1745762.3158766197,10
-1242141.3930112277,1745762.3158766197,10
-1241678.0802947,1745762.3158766197,10
-1241214.7675781725,1745762.3158766197,10
-1240751.4548616451,1745762.3158766197,10
-1240288.1421451175,1745762.3158766197,10
-1239824.8294285901,1745762.3158766197,10
-1239361.5167120625,1745762.3158766197,10
-1238898.2039955352,1745762.3158766197,10
-1238434.8912790075,1745762.3158766197,10
-1237971.5785624802,1745762.3158766197,10
-1237508.2658459526,1745762.3158766197,10
-1237044.9531294252,1745762.3158766197,10
-1236581.6404128976,1745762.3158766197,10
-1236118.3276963702,1745762.3158766197,10
-1235655.0149798426,1745762.3158766197,10
-1235191.7022633152,1745762.3158766197,10
-1234728.3895467876,1745762.3158766197,10
-1234265.07683026,1745762.3158766197,10
-1233801.7641137326,1745762.3158766197,10
-1233338.4513972052,1745762.3158766197,10
-1232875.1386806776,1745762.3158766197,10
-1232411.82596415,1745762.3158766197,10
-1231948.5132476226,1745762.3158766197,10
-1231485.200531095,1745762.3158766197,10
-1231021.8878145677,1745762.3158766197,10
-1230558.57509804,1745762.3158766197,10
-1230095.2623815127,1745762.3158766197,10
-1229631.949664985,1745762.3158766197,10
-1229168.6369484577,1745762.3158766197,10
-1228705.32423193,1745762.3158766197,10
-1228242.0115154027,1745762.3158766197,10
-1227778.698798875,1745762.3158766197,10
-1227315.3860823475,1745762.3158766197,10
-1226852.07336582,1745762.3158766197,10
-1226388.7606492927,1745762.3158766197,10
-1225925.4479327651,1745762.3158766197,10
-1225462.1352162375,1745762.3158766197,10
-1224998.8224997101,1745762.3158766197,10
-1224535.5097831825,1745762.3158766197,10
-1224072.1970666551,1745762.3158766197,10
-1223608.8843501275,1745762.3158766197,10
-1223145.5716336002,1745762.3158766197,10
-1222682.2589170726,1745762.3158766197,10
-1222218.9462005452,1745762.3158766197,10
-1221755.6334840176,1745762.3158766197,10
-1221292.3207674902,1745762.3158766197,10
-1220829.0080509626,1745762.3158766197,10
-1220365.6953344352,1745762.3158766197,10
-1219902.3826179076,1745762.3158766197,10
-1219439.0699013802,1745762.3158766197,10
-1218975.7571848526,1745762.3158766197,10
-1218512.444468325,1745762.3158766197,10
-1218049.1317517976,1745762.3158766197,10
-1217585.81903527,1745762.3158766197,10
-1217122.5063187426,1745762.3158766197,10
-1216659.193602215,1745762.3158766197,10
-1216195.8808856877,1745762.3158766197,10
-1215732.56816916,1745762.3158766197,10
-1215269.2554526327,1745762.3158766197,10
-1214805.942736105,1745762.3158766197,10
-1214342.6300195777,1745762.3158766197,10
-1213879.31730305,1745762.3158766197,10
-1213416.0045865227,1745762.3158766197,10
-1212952.691869995,1745762.3158766197,10
-1212489.3791534677,1745762.3158766197,10
-1212026.06643694,1745762.3158766197,10
-1211562.7537204125,1745762.3158766197,10
-1211099.4410038851,1745762.3158766197,10
-1210636.1282873575,1745762.3158766197,10
-1210172.8155708301,1745762.3158766197,10
-1209709.5028543025,1745762.3158766197,10
-1209246.1901377751,1745762.3158766197,10
-1208782.8774212475,1745762.3158766197,10
-1208319.5647047202,1745762.3158766197,10
-1207856.2519881926,1745762.3158766197,10
-1207392.9392716652,1745762.3158766197,10
-1206929.6265551376,1745762.3158766197,10
-1206466.3138386102,1745762.3158766197,10
-1206003.0011220826,1745762.3158766197,10
-1205539.6884055552,1745762.3158766197,10
-1205076.3756890276,1745762.3158766197,10
-1204613.0629725,1745762.3158766197,10
-1204149.7502559726,1745762.3158766197,10
-1203686.4375394452,1745762.3158766197,10
-1203223.1248229176,1745762.3158766197,10
-1202759.81210639,1745762.3158766197,10
-1202296.4993898626,1745762.3158766197,10
-1201833.186673335,1745762.3158766197,10
-1201369.8739568077,1745762.3158766197,10
-1200906.56124028,1745762.3158766197,10
-1200443.2485237527,1745762.3158766197,10
-1199979.935807225,1745762.3158766197,10
-1199516.6230906977,1745762.3158766197,10
-1199053.31037417,1745762.3158766197,10
-1198589.9976576427,1745762.3158766197,10
-1198126.684941115,1745762.3158766197,10
-1197663.3722245875,1745762.3158766197,10
-1197200.05950806,1745762.3158766197,10
-1196736.7467915327,1745762.3158766197,10
-1196273.4340750051,1745762.3158766197,10
-1195810.1213584775,1745762.3158766197,10
-1195346.8086419501,1745762.3158766197,10
-1194883.4959254225,1745762.3158766197,10
-1194420.1832088951,1745762.3158766197,10
-1193956.8704923675,1745762.3158766197,10
-1193493.5577758402,1745762.3158766197,10
-1193030.2450593126,1745762.3158766197,10
-1192566.9323427852,1745762.3158766197,10
-1192103.6196262576,1745762.3158766197,10
-1191640.3069097302,1745762.3158766197,10
-1191176.9941932026,1745762.3158766197,10
-1190713.6814766752,1745762.3158766197,10
-1190250.3687601476,1745762.3158766197,10
-1189787.0560436202,1745762.3158766197,10
-1189323.7433270926,1745762.3158766197,10
-1188860.430610565,1745762.3158766197,10
-1188397.1178940376,1745762.3158766197,10
-1187933.80517751,1745762.3158766197,10
-1187470.4924609826,1745762.3158766197,10
-1187007.179744455,1745762.3158766197,10
-1186543.8670279277,1745762.3158766197,10
-1186080.5543114,1745762.3158766197,10
-1185617.2415948727,1745762.3158766197,10
-1185153.928878345,1745762.3158766197,10
-1184690.6161618177,1745762.3158766197,10
-1184227.30344529,1745762.3158766197,10
-1183763.9907287627,1745762.3158766197,10
-1183300.678012235,1745762.3158766197,10
-1182837.3652957077,1745762.3158766197,10
-1182374.05257918,1745762.3158766197,10
-1181910.7398626525,1745762.3158766197,10
-1181447.4271461251,1745762.3158766197,10
-1180984.1144295975,1745762.3158766197,10
-1180520.8017130701,1745762.3158766197,10
-1180057.4889965425,1745762.3158766197,10
-1179594.1762800151,1745762.3158766197,10
-1179130.8635634875,1745762.3158766197,10
-1178667.5508469602,1745762.3158766197,10
-1178204.2381304326,1745762.3158766197,10
-1177740.9254139052,1745762.3158766197,10
-1177277.6126973776,1745762.3158766197,10
-1176814.2999808502,1745762.3158766197,10
-1176350.9872643226,1745762.3158766197,10
-1175887.6745477952,1745762.3158766197,10
-1175424.3618312676,1745762.3158766197,10
-1174961.04911474,1745762.3158766197,10
-1174497.7363982126,1745762.3158766197,10
-1174034.4236816852,1745762.3158766197,10
-1173571.1109651576,1745762.3158766197,10
-1173107.79824863,1745762.3158766197,10
-1172644.4855321026,1745762.3158766197,10
-1172181.172815575,1745762.3158766197,10
-1171717.8600990477,1745762.3158766197,10
-1171254.54738252,1745762.3158766197,10
-1170791.2346659927,1745762.3158766197,10
-1170327.921949465,1745762.3158766197,10
-1169864.6092329377,1745762.3158766197,10
-1169401.29651641,1745762.3158766197,10
-1168937.9837998827,1745762.3158766197,10
-1168474.671083355,1745762.3158766197,10
-1168011.3583668275,1745762.3158766197,10
-1167548.0456503,1745762.3158766197,10
-1167084.7329337727,1745762.3158766197,10
-1166621.4202172451,1745762.3158766197,10
-1166158.1075007175,1745762.3158766197,10
-1165694.7947841901,1745762.3158766197,10
-1165231.4820676625,1745762.3158766197,10
-1164768.1693511351,1745762.3158766197,10
-1164304.8566346075,1745762.3158766197,10
-1163841.5439180802,1745762.3158766197,10
-1163378.2312015526,1745762.3158766197,10
-1162914.9184850252,1745762.3158766197,10
-1162451.6057684976,1745762.3158766197,10
-1161988.2930519702,1745762.3158766197,10
-1161524.9803354426,1745762.3158766197,10
-1161061.6676189152,1745762.3158766197,10
-1160598.3549023876,1745762.3158766197,10
-1160135.0421858602,1745762.3158766197,10
-1159671.7294693326,1745762.3158766197,10
-1159208.416752805,1745762.3158766197,10
-1158745.1040362776,1745762.3158766197,10
-1158281.79131975,1745762.3158766197,10
-1157818.4786032226,1745762.3158766197,10
-1157355.165886695,1745762.3158766197,10
-1156891.8531701677,1745762.3158766197,10
-1156428.54045364,1745762.3158766197,10
-1155965.2277371127,1745762.3158766197,10
-1155501.915020585,1745762.3158766197,10
-1155038.6023040577,1745762.3158766197,10
-1154575.28958753,1745762.3158766197,10
-1154111.9768710027,1745762.3158766197,10
-1153648.664154475,1745762.3158766197,10
-1153185.3514379477,1745762.3158766197,10
-1152722.03872142,1745762.3158766197,10
-1152258.7260048925,1745762.3158766197,10
-1151795.4132883651,1745762.3158766197,10
-1151332.1005718375,1745762.3158766197,10
-1150868.7878553101,1745762.3158766197,10
-1150405.4751387825,1745762.3158766197,10
-1149942.1624222551,1745762.3158766197,10
-1149478.8497057275,1745762.3158766197,10
-1149015.5369892002,1745762.3158766197,10
-1148552.2242726726,1745762.3158766197,10
-1148088.9115561452,1745762.3158766197,10
-1147625.5988396176,1745762.3158766197,10
-1147162.2861230902,1745762.3158766197,10
-1146698.9734065626,1745762.3158766197,10
-1146235.6606900352,1745762.3158766197,10
-1145772.3479735076,1745762.3158766197,10
-1145309.03525698,1745762.3158766197,10
-1144845.7225404526,1745762.3158766197,10
-1144382.4098239252,1745762.3158766197,10
-1143919.0971073976,1745762.3158766197,10
-1143455.78439087,1745762.3158766197,10
-1142992.4716743426,1745762.3158766197,10
-1142529.158957815,1745762.3158766197,10
-1142065.8462412877,1745762.3158766197,10
-1141602.53352476,1745762.3158766197,10
-1141139.2208082327,1745762.3158766197,10
-1140675.908091705,1745762.3158766197,10
-1140212.5953751777,1745762.3158766197,10
-1139749.28265865,1745762.3158766197,10
-1139285.9699421227,1745762.3158766197,10
-1138822.657225595,1745762.3158766197,10
-1138359.3445090675,1745762.3158766197,10
-1137896.03179254,1745762.3158766197,10
-1248164.458326085,1745299.0031600923,10
-1247701.1456095576,1745299.0031600923,10
-1247237.83289303,1745299.0031600923,10
-1246774.5201765026,1745299.0031600923,10
-1246311.207459975,1745299.0031600923,10
-1245847.8947434477,1745299.0031600923,10
-1245384.58202692,1745299.0031600923,10
-1244921.2693103927,1745299.0031600923,10
-1244457.956593865,1745299.0031600923,10
-1243994.6438773377,1745299.0031600923,10
-1243531.33116081,1745299.0031600923,10
-1243068.0184442827,1745299.0031600923,10
-1242604.705727755,1745299.0031600923,10
-1242141.3930112277,1745299.0031600923,10
-1241678.0802947,1745299.0031600923,10
-1241214.7675781725,1745299.0031600923,10
-1240751.4548616451,1745299.0031600923,10
-1240288.1421451175,1745299.0031600923,10
-1239824.8294285901,1745299.0031600923,10
-1239361.5167120625,1745299.0031600923,10
-1238898.2039955352,1745299.0031600923,10
-1238434.8912790075,1745299.0031600923,10
-1237971.5785624802,1745299.0031600923,10
-1237508.2658459526,1745299.0031600923,10
-1237044.9531294252,1745299.0031600923,10
-1236581.6404128976,1745299.0031600923,10
-1236118.3276963702,1745299.0031600923,10
-1235655.0149798426,1745299.0031600923,10
-1235191.7022633152,1745299.0031600923,10
-1234728.3895467876,1745299.0031600923,10
-1234265.07683026,1745299.0031600923,10
-1233801.7641137326,1745299.0031600923,10
-1233338.4513972052,1745299.0031600923,10
-1232875.1386806776,1745299.0031600923,10
-1232411.82596415,1745299.0031600923,10
-1231948.5132476226,1745299.0031600923,10
-1231485.200531095,1745299.0031600923,10
-1231021.8878145677,1745299.0031600923,10
-1230558.57509804,1745299.0031600923,10
-1230095.2623815127,1745299.0031600923,10
-1229631.949664985,1745299.0031600923,10
-1229168.6369484577,1745299.0031600923,10
-1228705.32423193,1745299.0031600923,10
-1228242.0115154027,1745299.0031600923,10
-1227778.698798875,1745299.0031600923,10
-1227315.3860823475,1745299.0031600923,10
-1226852.07336582,1745299.0031600923,10
-1226388.7606492927,1745299.0031600923,10
-1225925.4479327651,1745299.0031600923,10
-1225462.1352162375,1745299.0031600923,10
-1224998.8224997101,1745299.0031600923,10
-1224535.5097831825,1745299.0031600923,10
-1224072.1970666551,1745299.0031600923,10
-1223608.8843501275,1745299.0031600923,10
-1223145.5716336002,1745299.0031600923,10
-1222682.2589170726,1745299.0031600923,10
-1222218.9462005452,1745299.0031600923,10
-1221755.6334840176,1745299.0031600923,10
-1221292.3207674902,1745299.0031600923,10
-1220829.0080509626,1745299.0031600923,10
-1220365.6953344352,1745299.0031600923,10
-1219902.3826179076,1745299.0031600923,10
-1219439.0699013802,1745299.0031600923,10
-1218975.7571848526,1745299.0031600923,10
-1218512.444468325,1745299.0031600923,10
-1218049.1317517976,1745299.0031600923,10
-1217585.81903527,1745299.0031600923,10
-1217122.5063187426,1745299.0031600923,10
-1216659.193602215,1745299.0031600923,10
-1216195.8808856877,1745299.0031600923,10
-1215732.56816916,1745299.0031600923,10
-1215269.2554526327,1745299.0031600923,10
-1214805.942736105,1745299.0031600923,10
-1214342.6300195777,1745299.0031600923,10
-1213879.31730305,1745299.0031600923,10
-1213416.0045865227,1745299.0031600923,10
-1212952.691869995,1745299.0031600923,10
-1212489.3791534677,1745299.0031600923,10
-1212026.06643694,1745299.0031600923,10
-1211562.7537204125,1745299.0031600923,10
-1211099.4410038851,1745299.0031600923,10
-1210636.1282873575,1745299.0031600923,10
-1210172.8155708301,1745299.0031600923,10
-1209709.5028543025,1745299.0031600923,10
-1209246.1901377751,1745299.0031600923,10
-1208782.8774212475,1745299.0031600923,10
-1208319.5647047202,1745299.0031600923,10
-1207856.2519881926,1745299.0031600923,10
-1207392.9392716652,1745299.0031600923,10
-1206929.6265551376,1745299.0031600923,10
-1206466.3138386102,1745299.0031600923,10
-1206003.0011220826,1745299.0031600923,10
-1205539.6884055552,1745299.0031600923,10
-1205076.3756890276,1745299.0031600923,10
-1204613.0629725,1745299.0031600923,10
-1204149.7502559726,1745299.0031600923,10
-1203686.4375394452,1745299.0031600923,10
-1203223.1248229176,1745299.0031600923,10
-1202759.81210639,1745299.0031600923,10
-1202296.4993898626,1745299.0031600923,10
-1201833.186673335,1745299.0031600923,10
-1201369.8739568077,1745299.0031600923,10
-1200906.56124028,1745299.0031600923,10
-1200443.2485237527,1745299.0031600923,10
-1199979.935807225,1745299.0031600923,10
-1199516.6230906977,1745299.0031600923,10
-1199053.31037417,1745299.0031600923,10
-1198589.9976576427,1745299.0031600923,10
-1198126.684941115,1745299.0031600923,10
-1197663.3722245875,1745299.0031600923,10
-1197200.05950806,1745299.0031600923,10
-1196736.7467915327,1745299.0031600923,10
-1196273.4340750051,1745299.0031600923,10
-1195810.1213584775,1745299.0031600923,10
-1195346.8086419501,1745299.0031600923,10
-1194883.4959254225,1745299.0031600923,10
-1194420.1832088951,1745299.0031600923,10
-1193956.8704923675,1745299.0031600923,10
-1193493.5577758402,1745299.0031600923,10
-1193030.2450593126,1745299.0031600923,10
-1192566.9323427852,1745299.0031600923,10
-1192103.6196262576,1745299.0031600923,10
-1191640.3069097302,1745299.0031600923,10
-1191176.9941932026,1745299.0031600923,10
-1190713.6814766752,1745299.0031600923,10
-1190250.3687601476,1745299.0031600923,10
-1189787.0560436202,1745299.0031600923,10
-1189323.7433270926,1745299.0031600923,10
-1188860.430610565,1745299.0031600923,10
-1188397.1178940376,1745299.0031600923,10
-1187933.80517751,1745299.0031600923,10
-1187470.4924609826,1745299.0031600923,10
-1187007.179744455,1745299.0031600923,10
-1186543.8670279277,1745299.0031600923,10
-1186080.5543114,1745299.0031600923,10
-1185617.2415948727,1745299.0031600923,10
-1185153.928878345,1745299.0031600923,10
-1184690.6161618177,1745299.0031600923,10
-1184227.30344529,1745299.0031600923,10
-1183763.9907287627,1745299.0031600923,10
-1183300.678012235,1745299.0031600923,10
-1182837.3652957077,1745299.0031600923,10
-1182374.05257918,1745299.0031600923,10
-1181910.7398626525,1745299.0031600923,10
-1181447.4271461251,1745299.0031600923,10
-1180984.1144295975,1745299.0031600923,10
-1180520.8017130701,1745299.0031600923,10
-1180057.4889965425,1745299.0031600923,10
-1179594.1762800151,1745299.0031600923,10
-1179130.8635634875,1745299.0031600923,10
-1178667.5508469602,1745299.0031600923,10
-1178204.2381304326,1745299.0031600923,10
-1177740.9254139052,1745299.0031600923,10
-1177277.6126973776,1745299.0031600923,10
-1176814.2999808502,1745299.0031600923,10
-1176350.9872643226,1745299.0031600923,10
-1175887.6745477952,1745299.0031600923,10
-1175424.3618312676,1745299.0031600923,10
-1174961.04911474,1745299.0031600923,10
-1174497.7363982126,1745299.0031600923,10
-1174034.4236816852,1745299.0031600923,10
-1173571.1109651576,1745299.0031600923,10
-1173107.79824863,1745299.0031600923,10
-1172644.4855321026,1745299.0031600923,10
-1172181.172815575,1745299.0031600923,10
-1171717.8600990477,1745299.0031600923,10
-1171254.54738252,1745299.0031600923,10
-1170791.2346659927,1745299.0031600923,10
-1170327.921949465,1745299.0031600923,10
-1169864.6092329377,1745299.0031600923,10
-1169401.29651641,1745299.0031600923,10
-1168937.9837998827,1745299.0031600923,10
-1168474.671083355,1745299.0031600923,10
-1168011.3583668275,1745299.0031600923,10
-1167548.0456503,1745299.0031600923,10
-1167084.7329337727,1745299.0031600923,10
-1166621.4202172451,1745299.0031600923,10
-1166158.1075007175,1745299.0031600923,10
-1165694.7947841901,1745299.0031600923,10
-1165231.4820676625,1745299.0031600923,10
-1164768.1693511351,1745299.0031600923,10
-1164304.8566346075,1745299.0031600923,10
-1163841.5439180802,1745299.0031600923,10
-1163378.2312015526,1745299.0031600923,10
-1162914.9184850252,1745299.0031600923,10
-1162451.6057684976,1745299.0031600923,10
-1161988.2930519702,1745299.0031600923,10
-1161524.9803354426,1745299.0031600923,10
-1161061.6676189152,1745299.0031600923,10
-1160598.3549023876,1745299.0031600923,10
-1160135.0421858602,1745299.0031600923,10
-1159671.7294693326,1745299.0031600923,10
-1159208.416752805,1745299.0031600923,10
-1158745.1040362776,1745299.0031600923,10
-1158281.79131975,1745299.0031600923,10
-1157818.4786032226,1745299.0031600923,10
-1157355.165886695,1745299.0031600923,10
-1156891.8531701677,1745299.0031600923,10
-1156428.54045364,1745299.0031600923,10
-1155965.2277371127,1745299.0031600923,10
-1155501.915020585,1745299.0031600923,10
-1155038.6023040577,1745299.0031600923,10
-1154575.28958753,1745299.0031600923,10
-1154111.9768710027,1745299.0031600923,10
-1153648.664154475,1745299.0031600923,10
-1153185.3514379477,1745299.0031600923,10
-1152722.03872142,1745299.0031600923,10
-1152258.7260048925,1745299.0031600923,10
-1151795.4132883651,1745299.0031600923,10
-1151332.1005718375,1745299.0031600923,10
-1150868.7878553101,1745299.0031600923,10
-1150405.4751387825,1745299.0031600923,10
-1149942.1624222551,1745299.0031600923,10
-1149478.8497057275,1745299.0031600923,10
-1149015.5369892002,1745299.0031600923,10
-1148552.2242726726,1745299.0031600923,10
-1148088.9115561452,1745299.0031600923,10
-1147625.5988396176,1745299.0031600923,10
-1147162.2861230902,1745299.0031600923,10
-1146698.9734065626,1745299.0031600923,10
-1146235.6606900352,1745299.0031600923,10
-1145772.3479735076,1745299.0031600923,10
-1145309.03525698,1745299.0031600923,10
-1144845.7225404526,1745299.0031600923,10
-1144382.4098239252,1745299.0031600923,10
-1143919.0971073976,1745299.0031600923,10
-1143455.78439087,1745299.0031600923,10
-1142992.4716743426,1745299.0031600923,10
-1142529.158957815,1745299.0031600923,10
-1142065.8462412877,1745299.0031600923,10
-1141602.53352476,1745299.0031600923,10
-1141139.2208082327,1745299.0031600923,10
-1140675.908091705,1745299.0031600923,10
-1140212.5953751777,1745299.0031600923,10
-1139749.28265865,1745299.0031600923,10
-1139285.9699421227,1745299.0031600923,10
-1138822.657225595,1745299.0031600923,10
-1138359.3445090675,1745299.0031600923,10
-1137896.03179254,1745299.0031600923,10
-1248164.458326085,1744835.6904435647,10
-1247701.1456095576,1744835.6904435647,10
-1247237.83289303,1744835.6904435647,10
-1246774.5201765026,1744835.6904435647,10
-1246311.207459975,1744835.6904435647,10
-1245847.8947434477,1744835.6904435647,10
-1245384.58202692,1744835.6904435647,10
-1244921.2693103927,1744835.6904435647,10
-1244457.956593865,1744835.6904435647,10
-1243994.6438773377,1744835.6904435647,10
-1243531.33116081,1744835.6904435647,10
-1243068.0184442827,1744835.6904435647,10
-1242604.705727755,1744835.6904435647,10
-1242141.3930112277,1744835.6904435647,10
-1241678.0802947,1744835.6904435647,10
-1241214.7675781725,1744835.6904435647,10
-1240751.4548616451,1744835.6904435647,10
-1240288.1421451175,1744835.6904435647,10
-1239824.8294285901,1744835.6904435647,10
-1239361.5167120625,1744835.6904435647,10
-1238898.2039955352,1744835.6904435647,10
-1238434.8912790075,1744835.6904435647,10
-1237971.5785624802,1744835.6904435647,10
-1237508.2658459526,1744835.6904435647,10
-1237044.9531294252,1744835.6904435647,10
-1236581.6404128976,1744835.6904435647,10
-1236118.3276963702,1744835.6904435647,10
-1235655.0149798426,1744835.6904435647,10
-1235191.7022633152,1744835.6904435647,10
-1234728.3895467876,1744835.6904435647,10
-1234265.07683026,1744835.6904435647,10
-1233801.7641137326,1744835.6904435647,10
-1233338.4513972052,1744835.6904435647,10
-1232875.1386806776,1744835.6904435647,10
-1232411.82596415,1744835.6904435647,10
-1231948.5132476226,1744835.6904435647,10
-1231485.200531095,1744835.6904435647,10
-1231021.8878145677,1744835.6904435647,10
-1230558.57509804,1744835.6904435647,10
-1230095.2623815127,1744835.6904435647,10
-1229631.949664985,1744835.6904435647,10
-1229168.6369484577,1744835.6904435647,10
-1228705.32423193,1744835.6904435647,10
-1228242.0115154027,1744835.6904435647,10
-1227778.698798875,1744835.6904435647,10
-1227315.3860823475,1744835.6904435647,10
-1226852.07336582,1744835.6904435647,10
-1226388.7606492927,1744835.6904435647,10
-1225925.4479327651,1744835.6904435647,10
-1225462.1352162375,1744835.6904435647,10
-1224998.8224997101,1744835.6904435647,10
-1224535.5097831825,1744835.6904435647,10
-1224072.1970666551,1744835.6904435647,10
-1223608.8843501275,1744835.6904435647,10
-1223145.5716336002,1744835.6904435647,10
-1222682.2589170726,1744835.6904435647,10
-1222218.9462005452,1744835.6904435647,10
-1221755.6334840176,1744835.6904435647,10
-1221292.3207674902,1744835.6904435647,10
-1220829.0080509626,1744835.6904435647,10
-1220365.6953344352,1744835.6904435647,10
-1219902.3826179076,1744835.6904435647,10
-1219439.0699013802,1744835.6904435647,10
-1218975.7571848526,1744835.6904435647,10
-1218512.444468325,1744835.6904435647,10
-1218049.1317517976,1744835.6904435647,10
-1217585.81903527,1744835.6904435647,10
-1217122.5063187426,1744835.6904435647,10
-1216659.193602215,1744835.6904435647,10
-1216195.8808856877,1744835.6904435647,10
-1215732.56816916,1744835.6904435647,10
-1215269.2554526327,1744835.6904435647,10
-1214805.942736105,1744835.6904435647,10
-1214342.6300195777,1744835.6904435647,10
-1213879.31730305,1744835.6904435647,10
-1213416.0045865227,1744835.6904435647,10
-1212952.691869995,1744835.6904435647,10
-1212489.3791534677,1744835.6904435647,10
-1212026.06643694,1744835.6904435647,10
-1211562.7537204125,1744835.6904435647,10
-1211099.4410038851,1744835.6904435647,10
-1210636.1282873575,1744835.6904435647,10
-1210172.8155708301,1744835.6904435647,10
-1209709.5028543025,1744835.6904435647,10
-1209246.1901377751,1744835.6904435647,10
-1208782.8774212475,1744835.6904435647,10
-1208319.5647047202,1744835.6904435647,10
-1207856.2519881926,1744835.6904435647,10
-1207392.9392716652,1744835.6904435647,10
-1206929.6265551376,1744835.6904435647,10
-1206466.3138386102,1744835.6904435647,10
-1206003.0011220826,1744835.6904435647,10
-1205539.6884055552,1744835.6904435647,10
-1205076.3756890276,1744835.6904435647,10
-1204613.0629725,1744835.6904435647,10
-1204149.7502559726,1744835.6904435647,10
-1203686.4375394452,1744835.6904435647,10
-1203223.1248229176,1744835.6904435647,10
-1202759.81210639,1744835.6904435647,10
-1202296.4993898626,1744835.6904435647,10
-1201833.186673335,1744835.6904435647,10
-1201369.8739568077,1744835.6904435647,10
-1200906.56124028,1744835.6904435647,10
-1200443.2485237527,1744835.6904435647,10
-1199979.935807225,1744835.6904435647,10
-1199516.6230906977,1744835.6904435647,10
-1199053.31037417,1744835.6904435647,10
-1198589.9976576427,1744835.6904435647,10
-1198126.684941115,1744835.6904435647,10
-1197663.3722245875,1744835.6904435647,10
-1197200.05950806,1744835.6904435647,10
-1196736.7467915327,1744835.6904435647,10
-1196273.4340750051,1744835.6904435647,10
-1195810.1213584775,1744835.6904435647,10
-1195346.8086419501,1744835.6904435647,10
-1194883.4959254225,1744835.6904435647,10
-1194420.1832088951,1744835.6904435647,10
-1193956.8704923675,1744835.6904435647,10
-1193493.5577758402,1744835.6904435647,10
-1193030.2450593126,1744835.6904435647,10
-1192566.9323427852,1744835.6904435647,10
-1192103.6196262576,1744835.6904435647,10
-1191640.3069097302,1744835.6904435647,10
-1191176.9941932026,1744835.6904435647,10
-1190713.6814766752,1744835.6904435647,10
-1190250.3687601476,1744835.6904435647,10
-1189787.0560436202,1744835.6904435647,10
-1189323.7433270926,1744835.6904435647,10
-1188860.430610565,1744835.6904435647,10
-1188397.1178940376,1744835.6904435647,10
-1187933.80517751,1744835.6904435647,10
-1187470.4924609826,1744835.6904435647,10
-1187007.179744455,1744835.6904435647,10
-1186543.8670279277,1744835.6904435647,10
-1186080.5543114,1744835.6904435647,10
-1185617.2415948727,1744835.6904435647,10
-1185153.928878345,1744835.6904435647,10
-1184690.6161618177,1744835.6904435647,10
-1184227.30344529,1744835.6904435647,10
-1183763.9907287627,1744835.6904435647,10
-1183300.678012235,1744835.6904435647,10
-1182837.3652957077,1744835.6904435647,10
-1182374.05257918,1744835.6904435647,10
-1181910.7398626525,1744835.6904435647,10
-1181447.4271461251,1744835.6904435647,10
-1180984.1144295975,1744835.6904435647,10
-1180520.8017130701,1744835.6904435647,10
-1180057.4889965425,1744835.6904435647,10
-1179594.1762800151,1744835.6904435647,10
-1179130.8635634875,1744835.6904435647,10
-1178667.5508469602,1744835.6904435647,10
-1178204.2381304326,1744835.6904435647,10
-1177740.9254139052,1744835.6904435647,10
-1177277.6126973776,1744835.6904435647,10
-1176814.2999808502,1744835.6904435647,10
-1176350.9872643226,1744835.6904435647,10
-1175887.6745477952,1744835.6904435647,10
-1175424.3618312676,1744835.6904435647,10
-1174961.04911474,1744835.6904435647,10
-1174497.7363982126,1744835.6904435647,10
-1174034.4236816852,1744835.6904435647,10
-1173571.1109651576,1744835.6904435647,10
-1173107.79824863,1744835.6904435647,10
-1172644.4855321026,1744835.6904435647,10
-1172181.172815575,1744835.6904435647,10
-1171717.8600990477,1744835.6904435647,10
-1171254.54738252,1744835.6904435647,10
-1170791.2346659927,1744835.6904435647,10
-1170327.921949465,1744835.6904435647,10
-1169864.6092329377,1744835.6904435647,10
-1169401.29651641,1744835.6904435647,10
-1168937.9837998827,1744835.6904435647,10
-1168474.671083355,1744835.6904435647,10
-1168011.3583668275,1744835.6904435647,10
-1167548.0456503,1744835.6904435647,10
-1167084.7329337727,1744835.6904435647,10
-1166621.4202172451,1744835.6904435647,10
-1166158.1075007175,1744835.6904435647,10
-1165694.7947841901,1744835.6904435647,10
-1165231.4820676625,1744835.6904435647,10
-1164768.1693511351,1744835.6904435647,10
-1164304.8566346075,1744835.6904435647,10
-1163841.5439180802,1744835.6904435647,10
-1163378.2312015526,1744835.6904435647,10
-1162914.9184850252,1744835.6904435647,10
-1162451.6057684976,1744835.6904435647,10
-1161988.2930519702,1744835.6904435647,10
-1161524.9803354426,1744835.6904435647,10
-1161061.6676189152,1744835.6904435647,10
-1160598.3549023876,1744835.6904435647,10
-1160135.0421858602,1744835.6904435647,10
-1159671.7294693326,1744835.6904435647,10
-1159208.416752805,1744835.6904435647,10
-1158745.1040362776,1744835.6904435647,10
-1158281.79131975,1744835.6904435647,10
-1157818.4786032226,1744835.6904435647,10
-1157355.165886695,1744835.6904435647,10
-1156891.8531701677,1744835.6904435647,10
-1156428.54045364,1744835.6904435647,10
-1155965.2277371127,1744835.6904435647,10
-1155501.915020585,1744835.6904435647,10
-1155038.6023040577,1744835.6904435647,10
-1154575.28958753,1744835.6904435647,10
-1154111.9768710027,1744835.6904435647,10
-1153648.664154475,1744835.6904435647,10
-1153185.3514379477,1744835.6904435647,10
-1152722.03872142,1744835.6904435647,10
-1152258.7260048925,1744835.6904435647,10
-1151795.4132883651,1744835.6904435647,10
-1151332.1005718375,1744835.6904435647,10
-1150868.7878553101,1744835.6904435647,10
-1150405.4751387825,1744835.6904435647,10
-1149942.1624222551,1744835.6904435647,10
-1149478.8497057275,1744835.6904435647,10
-1149015.5369892002,1744835.6904435647,10
-1148552.2242726726,1744835.6904435647,10
-1148088.9115561452,1744835.6904435647,10
-1147625.5988396176,1744835.6904435647,10
-1147162.2861230902,1744835.6904435647,10
-1146698.9734065626,1744835.6904435647,10
-1146235.6606900352,1744835.6904435647,10
-1145772.3479735076,1744835.6904435647,10
-1145309.03525698,1744835.6904435647,10
-1144845.7225404526,1744835.6904435647,10
-1144382.4098239252,1744835.6904435647,10
-1143919.0971073976,1744835.6904435647,10
-1143455.78439087,1744835.6904435647,10
-1142992.4716743426,1744835.6904435647,10
-1142529.158957815,1744835.6904435647,10
-1142065.8462412877,1744835.6904435647,10
-1141602.53352476,1744835.6904435647,10
-1141139.2208082327,1744835.6904435647,10
-1140675.908091705,1744835.6904435647,10
-1140212.5953751777,1744835.6904435647,10
-1139749.28265865,1744835.6904435647,10
-1139285.9699421227,1744835.6904435647,10
-1138822.657225595,1744835.6904435647,10
-1138359.3445090675,1744835.6904435647,10
-1137896.03179254,1744835.6904435647,10
-1248164.458326085,1744372.3777270373,10
-1247701.1456095576,1744372.3777270373,10
-1247237.83289303,1744372.3777270373,10
-1246774.5201765026,1744372.3777270373,10
-1246311.207459975,1744372.3777270373,10
-1245847.8947434477,1744372.3777270373,10
-1245384.58202692,1744372.3777270373,10
-1244921.2693103927,1744372.3777270373,10
-1244457.956593865,1744372.3777270373,10
-1243994.6438773377,1744372.3777270373,10
-1243531.33116081,1744372.3777270373,10
-1243068.0184442827,1744372.3777270373,10
-1242604.705727755,1744372.3777270373,10
-1242141.3930112277,1744372.3777270373,10
-1241678.0802947,1744372.3777270373,10
-1241214.7675781725,1744372.3777270373,10
-1240751.4548616451,1744372.3777270373,10
-1240288.1421451175,1744372.3777270373,10
-1239824.8294285901,1744372.3777270373,10
-1239361.5167120625,1744372.3777270373,10
-1238898.2039955352,1744372.3777270373,10
-1238434.8912790075,1744372.3777270373,10
-1237971.5785624802,1744372.3777270373,10
-1237508.2658459526,1744372.3777270373,10
-1237044.9531294252,1744372.3777270373,10
-1236581.6404128976,1744372.3777270373,10
-1236118.3276963702,1744372.3777270373,10
-1235655.0149798426,1744372.3777270373,10
-1235191.7022633152,1744372.3777270373,10
-1234728.3895467876,1744372.3777270373,10
-1234265.07683026,1744372.3777270373,10
-1233801.7641137326,1744372.3777270373,10
-1233338.4513972052,1744372.3777270373,10
-1232875.1386806776,1744372.3777270373,10
-1232411.82596415,1744372.3777270373,10
-1231948.5132476226,1744372.3777270373,10
-1231485.200531095,1744372.3777270373,10
-1231021.8878145677,1744372.3777270373,10
-1230558.57509804,1744372.3777270373,10
-1230095.2623815127,1744372.3777270373,10
-1229631.949664985,1744372.3777270373,10
-1229168.6369484577,1744372.3777270373,10
-1228705.32423193,1744372.3777270373,10
-1228242.0115154027,1744372.3777270373,10
-1227778.698798875,1744372.3777270373,10
-1227315.3860823475,1744372.3777270373,10
-1226852.07336582,1744372.3777270373,10
-1226388.7606492927,1744372.3777270373,10
-1225925.4479327651,1744372.3777270373,10
-1225462.1352162375,1744372.3777270373,10
-1224998.8224997101,1744372.3777270373,10
-1224535.5097831825,1744372.3777270373,10
-1224072.1970666551,1744372.3777270373,10
-1223608.8843501275,1744372.3777270373,10
-1223145.5716336002,1744372.3777270373,10
-1222682.2589170726,1744372.3777270373,10
-1222218.9462005452,1744372.3777270373,10
-1221755.6334840176,1744372.3777270373,10
-1221292.3207674902,1744372.3777270373,10
-1220829.0080509626,1744372.3777270373,10
-1220365.6953344352,1744372.3777270373,10
-1219902.3826179076,1744372.3777270373,10
-1219439.0699013802,1744372.3777270373,10
-1218975.7571848526,1744372.3777270373,10
-1218512.444468325,1744372.3777270373,10
-1218049.1317517976,1744372.3777270373,10
-1217585.81903527,1744372.3777270373,10
-1217122.5063187426,1744372.3777270373,10
-1216659.193602215,1744372.3777270373,10
-1216195.8808856877,1744372.3777270373,10
-1215732.56816916,1744372.3777270373,10
-1215269.2554526327,1744372.3777270373,10
-1214805.942736105,1744372.3777270373,10
-1214342.6300195777,1744372.3777270373,10
-1213879.31730305,1744372.3777270373,10
-1213416.0045865227,1744372.3777270373,10
-1212952.691869995,1744372.3777270373,10
-1212489.3791534677,1744372.3777270373,10
-1212026.06643694,1744372.3777270373,10
-1211562.7537204125,1744372.3777270373,10
-1211099.4410038851,1744372.3777270373,10
-1210636.1282873575,1744372.3777270373,10
-1210172.8155708301,1744372.3777270373,10
-1209709.5028543025,1744372.3777270373,10
-1209246.1901377751,1744372.3777270373,10
-1208782.8774212475,1744372.3777270373,10
-1208319.5647047202,1744372.3777270373,10
-1207856.2519881926,1744372.3777270373,10
-1207392.9392716652,1744372.3777270373,10
-1206929.6265551376,1744372.3777270373,10
-1206466.3138386102,1744372.3777270373,10
-1206003.0011220826,1744372.3777270373,10
-1205539.6884055552,1744372.3777270373,10
-1205076.3756890276,1744372.3777270373,10
-1204613.0629725,1744372.3777270373,10
-1204149.7502559726,1744372.3777270373,10
-1203686.4375394452,1744372.3777270373,10
-1203223.1248229176,1744372.3777270373,10
-1202759.81210639,1744372.3777270373,10
-1202296.4993898626,1744372.3777270373,10
-1201833.186673335,1744372.3777270373,10
-1201369.8739568077,1744372.3777270373,10
-1200906.56124028,1744372.3777270373,10
-1200443.2485237527,1744372.3777270373,10
-1199979.935807225,1744372.3777270373,10
-1199516.6230906977,1744372.3777270373,10
-1199053.31037417,1744372.3777270373,10
-1198589.9976576427,1744372.3777270373,10
-1198126.684941115,1744372.3777270373,10
-1197663.3722245875,1744372.3777270373,10
-1197200.05950806,1744372.3777270373,10
-1196736.7467915327,1744372.3777270373,10
-1196273.4340750051,1744372.3777270373,10
-1195810.1213584775,1744372.3777270373,10
-1195346.8086419501,1744372.3777270373,10
-1194883.4959254225,1744372.3777270373,10
-1194420.1832088951,1744372.3777270373,10
-1193956.8704923675,1744372.3777270373,10
-1193493.5577758402,1744372.3777270373,10
-1193030.2450593126,1744372.3777270373,10
-1192566.9323427852,1744372.3777270373,10
-1192103.6196262576,1744372.3777270373,10
-1191640.3069097302,1744372.3777270373,10
-1191176.9941932026,1744372.3777270373,10
-1190713.6814766752,1744372.3777270373,10
-1190250.3687601476,1744372.3777270373,10
-1189787.0560436202,1744372.3777270373,10
-1189323.7433270926,1744372.3777270373,10
-1188860.430610565,1744372.3777270373,10
-1188397.1178940376,1744372.3777270373,10
-1187933.80517751,1744372.3777270373,10
-1187470.4924609826,1744372.3777270373,10
-1187007.179744455,1744372.3777270373,10
-1186543.8670279277,1744372.3777270373,10
-1186080.5543114,1744372.3777270373,10
-1185617.2415948727,1744372.3777270373,10
-1185153.928878345,1744372.3777270373,10
-1184690.6161618177,1744372.3777270373,10
-1184227.30344529,1744372.3777270373,10
-1183763.9907287627,1744372.3777270373,10
-1183300.678012235,1744372.3777270373,10
-1182837.3652957077,1744372.3777270373,10
-1182374.05257918,1744372.3777270373,10
-1181910.7398626525,1744372.3777270373,10
-1181447.4271461251,1744372.3777270373,10
-1180984.1144295975,1744372.3777270373,10
-1180520.8017130701,1744372.3777270373,10
-1180057.4889965425,1744372.3777270373,10
-1179594.1762800151,1744372.3777270373,10
-1179130.8635634875,1744372.3777270373,10
-1178667.5508469602,1744372.3777270373,10
-1178204.2381304326,1744372.3777270373,10
-1177740.9254139052,1744372.3777270373,10
-1177277.6126973776,1744372.3777270373,10
-1176814.2999808502,1744372.3777270373,10
-1176350.9872643226,1744372.3777270373,10
-1175887.6745477952,1744372.3777270373,10
-1175424.3618312676,1744372.3777270373,10
-1174961.04911474,1744372.3777270373,10
-1174497.7363982126,1744372.3777270373,10
-1174034.4236816852,1744372.3777270373,10
-1173571.1109651576,1744372.3777270373,10
-1173107.79824863,1744372.3777270373,10
-1172644.4855321026,1744372.3777270373,10
-1172181.172815575,1744372.3777270373,10
-1171717.8600990477,1744372.3777270373,10
-1171254.54738252,1744372.3777270373,10
-1170791.2346659927,1744372.3777270373,10
-1170327.921949465,1744372.3777270373,10
-1169864.6092329377,1744372.3777270373,10
-1169401.29651641,1744372.3777270373,10
-1168937.9837998827,1744372.3777270373,10
-1168474.671083355,1744372.3777270373,10
-1168011.3583668275,1744372.3777270373,10
-1167548.0456503,1744372.3777270373,10
-1167084.7329337727,1744372.3777270373,10
-1166621.4202172451,1744372.3777270373,10
-1166158.1075007175,1744372.3777270373,10
-1165694.7947841901,1744372.3777270373,10
-1165231.4820676625,1744372.3777270373,10
-1164768.1693511351,1744372.3777270373,10
-1164304.8566346075,1744372.3777270373,10
-1163841.5439180802,1744372.3777270373,10
-1163378.2312015526,1744372.3777270373,10
-1162914.9184850252,1744372.3777270373,10
-1162451.6057684976,1744372.3777270373,10
-1161988.2930519702,1744372.3777270373,10
-1161524.9803354426,1744372.3777270373,10
-1161061.6676189152,1744372.3777270373,10
-1160598.3549023876,1744372.3777270373,10
-1160135.0421858602,1744372.3777270373,10
-1159671.7294693326,1744372.3777270373,10
-1159208.416752805,1744372.3777270373,10
-1158745.1040362776,1744372.3777270373,10
-1158281.79131975,1744372.3777270373,10
-1157818.4786032226,1744372.3777270373,10
-1157355.165886695,1744372.3777270373,10
-1156891.8531701677,1744372.3777270373,10
-1156428.54045364,1744372.3777270373,10
-1155965.2277371127,1744372.3777270373,10
-1155501.915020585,1744372.3777270373,10
-1155038.6023040577,1744372.3777270373,10
-1154575.28958753,1744372.3777270373,10
-1154111.9768710027,1744372.3777270373,10
-1153648.664154475,1744372.3777270373,10
-1153185.3514379477,1744372.3777270373,10
-1152722.03872142,1744372.3777270373,10
-1152258.7260048925,1744372.3777270373,10
-1151795.4132883651,1744372.3777270373,10
-1151332.1005718375,1744372.3777270373,10
-1150868.7878553101,1744372.3777270373,10
-1150405.4751387825,1744372.3777270373,10
-1149942.1624222551,1744372.3777270373,10
-1149478.8497057275,1744372.3777270373,10
-1149015.5369892002,1744372.3777270373,10
-1148552.2242726726,1744372.3777270373,10
-1148088.9115561452,1744372.3777270373,10
-1147625.5988396176,1744372.3777270373,10
-1147162.2861230902,1744372.3777270373,10
-1146698.9734065626,1744372.3777270373,10
-1146235.6606900352,1744372.3777270373,10
-1145772.3479735076,1744372.3777270373,10
-1145309.03525698,1744372.3777270373,10
-1144845.7225404526,1744372.3777270373,10
-1144382.4098239252,1744372.3777270373,10
-1143919.0971073976,1744372.3777270373,10
-1143455.78439087,1744372.3777270373,10
-1142992.4716743426,1744372.3777270373,10
-1142529.158957815,1744372.3777270373,10
-1142065.8462412877,1744372.3777270373,10
-1141602.53352476,1744372.3777270373,10
-1141139.2208082327,1744372.3777270373,10
-1140675.908091705,1744372.3777270373,10
-1140212.5953751777,1744372.3777270373,10
-1139749.28265865,1744372.3777270373,10
-1139285.9699421227,1744372.3777270373,10
-1138822.657225595,1744372.3777270373,10
-1138359.3445090675,1744372.3777270373,10
-1137896.03179254,1744372.3777270373,10
-1248164.458326085,1743909.0650105097,10
-1247701.1456095576,1743909.0650105097,10
-1247237.83289303,1743909.0650105097,10
-1246774.5201765026,1743909.0650105097,10
-1246311.207459975,1743909.0650105097,10
-1245847.8947434477,1743909.0650105097,10
-1245384.58202692,1743909.0650105097,10
-1244921.2693103927,1743909.0650105097,10
-1244457.956593865,1743909.0650105097,10
-1243994.6438773377,1743909.0650105097,10
-1243531.33116081,1743909.0650105097,10
-1243068.0184442827,1743909.0650105097,10
-1242604.705727755,1743909.0650105097,10
-1242141.3930112277,1743909.0650105097,10
-1241678.0802947,1743909.0650105097,10
-1241214.7675781725,1743909.0650105097,10
-1240751.4548616451,1743909.0650105097,10
-1240288.1421451175,1743909.0650105097,10
-1239824.8294285901,1743909.0650105097,10
-1239361.5167120625,1743909.0650105097,10
-1238898.2039955352,1743909.0650105097,10
-1238434.8912790075,1743909.0650105097,10
-1237971.5785624802,1743909.0650105097,10
-1237508.2658459526,1743909.0650105097,10
-1237044.9531294252,1743909.0650105097,10
-1236581.6404128976,1743909.0650105097,10
-1236118.3276963702,1743909.0650105097,10
-1235655.0149798426,1743909.0650105097,10
-1235191.7022633152,1743909.0650105097,10
-1234728.3895467876,1743909.0650105097,10
-1234265.07683026,1743909.0650105097,10
-1233801.7641137326,1743909.0650105097,10
-1233338.4513972052,1743909.0650105097,10
-1232875.1386806776,1743909.0650105097,10
-1232411.82596415,1743909.0650105097,10
-1231948.5132476226,1743909.0650105097,10
-1231485.200531095,1743909.0650105097,10
-1231021.8878145677,1743909.0650105097,10
-1230558.57509804,1743909.0650105097,10
-1230095.2623815127,1743909.0650105097,10
-1229631.949664985,1743909.0650105097,10
-1229168.6369484577,1743909.0650105097,10
-1228705.32423193,1743909.0650105097,10
-1228242.0115154027,1743909.0650105097,10
-1227778.698798875,1743909.0650105097,10
-1227315.3860823475,1743909.0650105097,10
-1226852.07336582,1743909.0650105097,10
-1226388.7606492927,1743909.0650105097,10
-1225925.4479327651,1743909.0650105097,10
-1225462.1352162375,1743909.0650105097,10
-1224998.8224997101,1743909.0650105097,10
-1224535.5097831825,1743909.0650105097,10
-1224072.1970666551,1743909.0650105097,10
-1223608.8843501275,1743909.0650105097,10
-1223145.5716336002,1743909.0650105097,10
-1222682.2589170726,1743909.0650105097,10
-1222218.9462005452,1743909.0650105097,10
-1221755.6334840176,1743909.0650105097,10
-1221292.3207674902,1743909.0650105097,10
-1220829.0080509626,1743909.0650105097,10
-1220365.6953344352,1743909.0650105097,10
-1219902.3826179076,1743909.0650105097,10
-1219439.0699013802,1743909.0650105097,10
-1218975.7571848526,1743909.0650105097,10
-1218512.444468325,1743909.0650105097,10
-1218049.1317517976,1743909.0650105097,10
-1217585.81903527,1743909.0650105097,10
-1217122.5063187426,1743909.0650105097,10
-1216659.193602215,1743909.0650105097,10
-1216195.8808856877,1743909.0650105097,10
-1215732.56816916,1743909.0650105097,10
-1215269.2554526327,1743909.0650105097,10
-1214805.942736105,1743909.0650105097,10
-1214342.6300195777,1743909.0650105097,10
-1213879.31730305,1743909.0650105097,10
-1213416.0045865227,1743909.0650105097,10
-1212952.691869995,1743909.0650105097,10
-1212489.3791534677,1743909.0650105097,10
-1212026.06643694,1743909.0650105097,10
-1211562.7537204125,1743909.0650105097,10
-1211099.4410038851,1743909.0650105097,10
-1210636.1282873575,1743909.0650105097,10
-1210172.8155708301,1743909.0650105097,10
-1209709.5028543025,1743909.0650105097,10
-1209246.1901377751,1743909.0650105097,10
-1208782.8774212475,1743909.0650105097,10
-1208319.5647047202,1743909.0650105097,10
-1207856.2519881926,1743909.0650105097,10
-1207392.9392716652,1743909.0650105097,10
-1206929.6265551376,1743909.0650105097,10
-1206466.3138386102,1743909.0650105097,10
-1206003.0011220826,1743909.0650105097,10
-1205539.6884055552,1743909.0650105097,10
-1205076.3756890276,1743909.0650105097,10
-1204613.0629725,1743909.0650105097,10
-1204149.7502559726,1743909.0650105097,10
-1203686.4375394452,1743909.0650105097,10
-1203223.1248229176,1743909.0650105097,10
-1202759.81210639,1743909.0650105097,10
-1202296.4993898626,1743909.0650105097,10
-1201833.186673335,1743909.0650105097,10
-1201369.8739568077,1743909.0650105097,10
-1200906.56124028,1743909.0650105097,10
-1200443.2485237527,1743909.0650105097,10
-1199979.935807225,1743909.0650105097,10
-1199516.6230906977,1743909.0650105097,10
-1199053.31037417,1743909.0650105097,10
-1198589.9976576427,1743909.0650105097,10
-1198126.684941115,1743909.0650105097,10
-1197663.3722245875,1743909.0650105097,10
-1197200.05950806,1743909.0650105097,10
-1196736.7467915327,1743909.0650105097,10
-1196273.4340750051,1743909.0650105097,10
-1195810.1213584775,1743909.0650105097,10
-1195346.8086419501,1743909.0650105097,10
-1194883.4959254225,1743909.0650105097,10
-1194420.1832088951,1743909.0650105097,10
-1193956.8704923675,1743909.0650105097,10
-1193493.5577758402,1743909.0650105097,10
-1193030.2450593126,1743909.0650105097,10
-1192566.9323427852,1743909.0650105097,10
-1192103.6196262576,1743909.0650105097,10
-1191640.3069097302,1743909.0650105097,10
-1191176.9941932026,1743909.0650105097,10
-1190713.6814766752,1743909.0650105097,10
-1190250.3687601476,1743909.0650105097,10
-1189787.0560436202,1743909.0650105097,10
-1189323.7433270926,1743909.0650105097,10
-1188860.430610565,1743909.0650105097,10
-1188397.1178940376,1743909.0650105097,10
-1187933.80517751,1743909.0650105097,10
-1187470.4924609826,1743909.0650105097,10
-1187007.179744455,1743909.0650105097,10
-1186543.8670279277,1743909.0650105097,10
-1186080.5543114,1743909.0650105097,10
-1185617.2415948727,1743909.0650105097,10
-1185153.928878345,1743909.0650105097,10
-1184690.6161618177,1743909.0650105097,10
-1184227.30344529,1743909.0650105097,10
-1183763.9907287627,1743909.0650105097,10
-1183300.678012235,1743909.0650105097,10
-1182837.3652957077,1743909.0650105097,10
-1182374.05257918,1743909.0650105097,10
-1181910.7398626525,1743909.0650105097,10
-1181447.4271461251,1743909.0650105097,10
-1180984.1144295975,1743909.0650105097,10
-1180520.8017130701,1743909.0650105097,10
-1180057.4889965425,1743909.0650105097,10
-1179594.1762800151,1743909.0650105097,10
-1179130.8635634875,1743909.0650105097,10
-1178667.5508469602,1743909.0650105097,10
-1178204.2381304326,1743909.0650105097,10
-1177740.9254139052,1743909.0650105097,10
-1177277.6126973776,1743909.0650105097,10
-1176814.2999808502,1743909.0650105097,10
-1176350.9872643226,1743909.0650105097,10
-1175887.6745477952,1743909.0650105097,10
-1175424.3618312676,1743909.0650105097,10
-1174961.04911474,1743909.0650105097,10
-1174497.7363982126,1743909.0650105097,10
-1174034.4236816852,1743909.0650105097,10
-1173571.1109651576,1743909.0650105097,10
-1173107.79824863,1743909.0650105097,10
-1172644.4855321026,1743909.0650105097,10
-1172181.172815575,1743909.0650105097,10
-1171717.8600990477,1743909.0650105097,10
-1171254.54738252,1743909.0650105097,10
-1170791.2346659927,1743909.0650105097,10
-1170327.921949465,1743909.0650105097,10
-1169864.6092329377,1743909.0650105097,10
-1169401.29651641,1743909.0650105097,10
-1168937.9837998827,1743909.0650105097,10
-1168474.671083355,1743909.0650105097,10
-1168011.3583668275,1743909.0650105097,10
-1167548.0456503,1743909.0650105097,10
-1167084.7329337727,1743909.0650105097,10
-1166621.4202172451,1743909.0650105097,10
-1166158.1075007175,1743909.0650105097,10
-1165694.7947841901,1743909.0650105097,10
-1165231.4820676625,1743909.0650105097,10
-1164768.1693511351,1743909.0650105097,10
-1164304.8566346075,1743909.0650105097,10
-1163841.5439180802,1743909.0650105097,10
-1163378.2312015526,1743909.0650105097,10
-1162914.9184850252,1743909.0650105097,10
-1162451.6057684976,1743909.0650105097,10
-1161988.2930519702,1743909.0650105097,10
-1161524.9803354426,1743909.0650105097,10
-1161061.6676189152,1743909.0650105097,10
-1160598.3549023876,1743909.0650105097,10
-1160135.0421858602,1743909.0650105097,10
-1159671.7294693326,1743909.0650105097,10
-1159208.416752805,1743909.0650105097,10
-1158745.1040362776,1743909.0650105097,10
-1158281.79131975,1743909.0650105097,10
-1157818.4786032226,1743909.0650105097,10
-1157355.165886695,1743909.0650105097,10
-1156891.8531701677,1743909.0650105097,10
-1156428.54045364,1743909.0650105097,10
-1155965.2277371127,1743909.0650105097,10
-1155501.915020585,1743909.0650105097,10
-1155038.6023040577,1743909.0650105097,10
-1154575.28958753,1743909.0650105097,10
-1154111.9768710027,1743909.0650105097,10
-1153648.664154475,1743909.0650105097,10
-1153185.3514379477,1743909.0650105097,10
-1152722.03872142,1743909.0650105097,10
-1152258.7260048925,1743909.0650105097,10
-1151795.4132883651,1743909.0650105097,10
-1151332.1005718375,1743909.0650105097,10
-1150868.7878553101,1743909.0650105097,10
-1150405.4751387825,1743909.0650105097,10
-1149942.1624222551,1743909.0650105097,10
-1149478.8497057275,1743909.0650105097,10
-1149015.5369892002,1743909.0650105097,10
-1148552.2242726726,1743909.0650105097,10
-1148088.9115561452,1743909.0650105097,10
-1147625.5988396176,1743909.0650105097,10
-1147162.2861230902,1743909.0650105097,10
-1146698.9734065626,1743909.0650105097,10
-1146235.6606900352,1743909.0650105097,10
-1145772.3479735076,1743909.0650105097,10
-1145309.03525698,1743909.0650105097,10
-1144845.7225404526,1743909.0650105097,10
-1144382.4098239252,1743909.0650105097,10
-1143919.0971073976,1743909.0650105097,10
-1143455.78439087,1743909.0650105097,10
-1142992.4716743426,1743909.0650105097,10
-1142529.158957815,1743909.0650105097,10
-1142065.8462412877,1743909.0650105097,10
-1141602.53352476,1743909.0650105097,10
-1141139.2208082327,1743909.0650105097,10
-1140675.908091705,1743909.0650105097,10
-1140212.5953751777,1743909.0650105097,10
-1139749.28265865,1743909.0650105097,10
-1139285.9699421227,1743909.0650105097,10
-1138822.657225595,1743909.0650105097,10
-1138359.3445090675,1743909.0650105097,10
-1137896.03179254,1743909.0650105097,10
-1248164.458326085,1743445.752293982,10
-1247701.1456095576,1743445.752293982,10
-1247237.83289303,1743445.752293982,10
-1246774.5201765026,1743445.752293982,10
-1246311.207459975,1743445.752293982,10
-1245847.8947434477,1743445.752293982,10
-1245384.58202692,1743445.752293982,10
-1244921.2693103927,1743445.752293982,10
-1244457.956593865,1743445.752293982,10
-1243994.6438773377,1743445.752293982,10
-1243531.33116081,1743445.752293982,10
-1243068.0184442827,1743445.752293982,10
-1242604.705727755,1743445.752293982,10
-1242141.3930112277,1743445.752293982,10
-1241678.0802947,1743445.752293982,10
-1241214.7675781725,1743445.752293982,10
-1240751.4548616451,1743445.752293982,10
-1240288.1421451175,1743445.752293982,10
-1239824.8294285901,1743445.752293982,10
-1239361.5167120625,1743445.752293982,10
-1238898.2039955352,1743445.752293982,10
-1238434.8912790075,1743445.752293982,10
-1237971.5785624802,1743445.752293982,10
-1237508.2658459526,1743445.752293982,10
-1237044.9531294252,1743445.752293982,10
-1236581.6404128976,1743445.752293982,10
-1236118.3276963702,1743445.752293982,10
-1235655.0149798426,1743445.752293982,10
-1235191.7022633152,1743445.752293982,10
-1234728.3895467876,1743445.752293982,10
-1234265.07683026,1743445.752293982,10
-1233801.7641137326,1743445.752293982,10
-1233338.4513972052,1743445.752293982,10
-1232875.1386806776,1743445.752293982,10
-1232411.82596415,1743445.752293982,10
-1231948.5132476226,1743445.752293982,10
-1231485.200531095,1743445.752293982,10
-1231021.8878145677,1743445.752293982,10
-1230558.57509804,1743445.752293982,10
-1230095.2623815127,1743445.752293982,10
-1229631.949664985,1743445.752293982,10
-1229168.6369484577,1743445.752293982,10
-1228705.32423193,1743445.752293982,10
-1228242.0115154027,1743445.752293982,10
-1227778.698798875,1743445.752293982,10
-1227315.3860823475,1743445.752293982,10
-1226852.07336582,1743445.752293982,10
-1226388.7606492927,1743445.752293982,10
-1225925.4479327651,1743445.752293982,10
-1225462.1352162375,1743445.752293982,10
-1224998.8224997101,1743445.752293982,10
-1224535.5097831825,1743445.752293982,10
-1224072.1970666551,1743445.752293982,10
-1223608.8843501275,1743445.752293982,10
-1223145.5716336002,1743445.752293982,10
-1222682.2589170726,1743445.752293982,10
-1222218.9462005452,1743445.752293982,10
-1221755.6334840176,1743445.752293982,10
-1221292.3207674902,1743445.752293982,10
-1220829.0080509626,1743445.752293982,10
-1220365.6953344352,1743445.752293982,10
-1219902.3826179076,1743445.752293982,10
-1219439.0699013802,1743445.752293982,10
-1218975.7571848526,1743445.752293982,10
-1218512.444468325,1743445.752293982,10
-1218049.1317517976,1743445.752293982,10
-1217585.81903527,1743445.752293982,10
-1217122.5063187426,1743445.752293982,10
-1216659.193602215,1743445.752293982,10
-1216195.8808856877,1743445.752293982,10
-1215732.56816916,1743445.752293982,10
-1215269.2554526327,1743445.752293982,10
-1214805.942736105,1743445.752293982,10
-1214342.6300195777,1743445.752293982,10
-1213879.31730305,1743445.752293982,10
-1213416.0045865227,1743445.752293982,10
-1212952.691869995,1743445.752293982,10
-1212489.3791534677,1743445.752293982,10
-1212026.06643694,1743445.752293982,10
-1211562.7537204125,1743445.752293982,10
-1211099.4410038851,1743445.752293982,10
-1210636.1282873575,1743445.752293982,10
-1210172.8155708301,1743445.752293982,10
-1209709.5028543025,1743445.752293982,10
-1209246.1901377751,1743445.752293982,10
-1208782.8774212475,1743445.752293982,10
-1208319.5647047202,1743445.752293982,10
-1207856.2519881926,1743445.752293982,10
-1207392.9392716652,1743445.752293982,10
-1206929.6265551376,1743445.752293982,10
-1206466.3138386102,1743445.752293982,10
-1206003.0011220826,1743445.752293982,10
-1205539.6884055552,1743445.752293982,10
-1205076.3756890276,1743445.752293982,10
-1204613.0629725,1743445.752293982,10
-1204149.7502559726,1743445.752293982,10
-1203686.4375394452,1743445.752293982,10
-1203223.1248229176,1743445.752293982,10
-1202759.81210639,1743445.752293982,10
-1202296.4993898626,1743445.752293982,10
-1201833.186673335,1743445.752293982,10
-1201369.8739568077,1743445.752293982,10
-1200906.56124028,1743445.752293982,10
-1200443.2485237527,1743445.752293982,10
-1199979.935807225,1743445.752293982,10
-1199516.6230906977,1743445.752293982,10
-1199053.31037417,1743445.752293982,10
-1198589.9976576427,1743445.752293982,10
-1198126.684941115,1743445.752293982,10
-1197663.3722245875,1743445.752293982,10
-1197200.05950806,1743445.752293982,10
-1196736.7467915327,1743445.752293982,10
-1196273.4340750051,1743445.752293982,10
-1195810.1213584775,1743445.752293982,10
-1195346.8086419501,1743445.752293982,10
-1194883.4959254225,1743445.752293982,10
-1194420.1832088951,1743445.752293982,10
-1193956.8704923675,1743445.752293982,10
-1193493.5577758402,1743445.752293982,10
-1193030.2450593126,1743445.752293982,10
-1192566.9323427852,1743445.752293982,10
-1192103.6196262576,1743445.752293982,10
-1191640.3069097302,1743445.752293982,10
-1191176.9941932026,1743445.752293982,10
-1190713.6814766752,1743445.752293982,10
-1190250.3687601476,1743445.752293982,10
-1189787.0560436202,1743445.752293982,10
-1189323.7433270926,1743445.752293982,10
-1188860.430610565,1743445.752293982,10
-1188397.1178940376,1743445.752293982,10
-1187933.80517751,1743445.752293982,10
-1187470.4924609826,1743445.752293982,10
-1187007.179744455,1743445.752293982,10
-1186543.8670279277,1743445.752293982,10
-1186080.5543114,1743445.752293982,10
-1185617.2415948727,1743445.752293982,10
-1185153.928878345,1743445.752293982,10
-1184690.6161618177,1743445.752293982,10
-1184227.30344529,1743445.752293982,10
-1183763.9907287627,1743445.752293982,10
-1183300.678012235,1743445.752293982,10
-1182837.3652957077,1743445.752293982,10
-1182374.05257918,1743445.752293982,10
-1181910.7398626525,1743445.752293982,10
-1181447.4271461251,1743445.752293982,10
-1180984.1144295975,1743445.752293982,10
-1180520.8017130701,1743445.752293982,10
-1180057.4889965425,1743445.752293982,10
-1179594.1762800151,1743445.752293982,10
-1179130.8635634875,1743445.752293982,10
-1178667.5508469602,1743445.752293982,10
-1178204.2381304326,1743445.752293982,10
-1177740.9254139052,1743445.752293982,10
-1177277.6126973776,1743445.752293982,10
-1176814.2999808502,1743445.752293982,10
-1176350.9872643226,1743445.752293982,10
-1175887.6745477952,1743445.752293982,10
-1175424.3618312676,1743445.752293982,10
-1174961.04911474,1743445.752293982,10
-1174497.7363982126,1743445.752293982,10
-1174034.4236816852,1743445.752293982,10
-1173571.1109651576,1743445.752293982,10
-1173107.79824863,1743445.752293982,10
-1172644.4855321026,1743445.752293982,10
-1172181.172815575,1743445.752293982,10
-1171717.8600990477,1743445.752293982,10
-1171254.54738252,1743445.752293982,10
-1170791.2346659927,1743445.752293982,10
-1170327.921949465,1743445.752293982,10
-1169864.6092329377,1743445.752293982,10
-1169401.29651641,1743445.752293982,10
-1168937.9837998827,1743445.752293982,10
-1168474.671083355,1743445.752293982,10
-1168011.3583668275,1743445.752293982,10
-1167548.0456503,1743445.752293982,10
-1167084.7329337727,1743445.752293982,10
-1166621.4202172451,1743445.752293982,10
-1166158.1075007175,1743445.752293982,10
-1165694.7947841901,1743445.752293982,10
-1165231.4820676625,1743445.752293982,10
-1164768.1693511351,1743445.752293982,10
-1164304.8566346075,1743445.752293982,10
-1163841.5439180802,1743445.752293982,10
-1163378.2312015526,1743445.752293982,10
-1162914.9184850252,1743445.752293982,10
-1162451.6057684976,1743445.752293982,10
-1161988.2930519702,1743445.752293982,10
-1161524.9803354426,1743445.752293982,10
-1161061.6676189152,1743445.752293982,10
-1160598.3549023876,1743445.752293982,10
-1160135.0421858602,1743445.752293982,10
-1159671.7294693326,1743445.752293982,10
-1159208.416752805,1743445.752293982,10
-1158745.1040362776,1743445.752293982,10
-1158281.79131975,1743445.752293982,10
-1157818.4786032226,1743445.752293982,10
-1157355.165886695,1743445.752293982,10
-1156891.8531701677,1743445.752293982,10
-1156428.54045364,1743445.752293982,10
-1155965.2277371127,1743445.752293982,10
-1155501.915020585,1743445.752293982,10
-1155038.6023040577,1743445.752293982,10
-1154575.28958753,1743445.752293982,10
-1154111.9768710027,1743445.752293982,10
-1153648.664154475,1743445.752293982,10
-1153185.3514379477,1743445.752293982,10
-1152722.03872142,1743445.752293982,10
-1152258.7260048925,1743445.752293982,10
-1151795.4132883651,1743445.752293982,10
-1151332.1005718375,1743445.752293982,10
-1150868.7878553101,1743445.752293982,10
-1150405.4751387825,1743445.752293982,10
-1149942.1624222551,1743445.752293982,10
-1149478.8497057275,1743445.752293982,10
-1149015.5369892002,1743445.752293982,10
-1148552.2242726726,1743445.752293982,10
-1148088.9115561452,1743445.752293982,10
-1147625.5988396176,1743445.752293982,10
-1147162.2861230902,1743445.752293982,10
-1146698.9734065626,1743445.752293982,10
-1146235.6606900352,1743445.752293982,10
-1145772.3479735076,1743445.752293982,10
-1145309.03525698,1743445.752293982,10
-1144845.7225404526,1743445.752293982,10
-1144382.4098239252,1743445.752293982,10
-1143919.0971073976,1743445.752293982,10
-1143455.78439087,1743445.752293982,10
-1142992.4716743426,1743445.752293982,10
-1142529.158957815,1743445.752293982,10
-1142065.8462412877,1743445.752293982,10
-1141602.53352476,1743445.752293982,10
-1141139.2208082327,1743445.752293982,10
-1140675.908091705,1743445.752293982,10
-1140212.5953751777,1743445.752293982,10
-1139749.28265865,1743445.752293982,10
-1139285.9699421227,1743445.752293982,10
-1138822.657225595,1743445.752293982,10
-1138359.3445090675,1743445.752293982,10
-1137896.03179254,1743445.752293982,10
-1248164.458326085,1742982.4395774547,10
-1247701.1456095576,1742982.4395774547,10
-1247237.83289303,1742982.4395774547,10
-1246774.5201765026,1742982.4395774547,10
-1246311.207459975,1742982.4395774547,10
-1245847.8947434477,1742982.4395774547,10
-1245384.58202692,1742982.4395774547,10
-1244921.2693103927,1742982.4395774547,10
-1244457.956593865,1742982.4395774547,10
-1243994.6438773377,1742982.4395774547,10
-1243531.33116081,1742982.4395774547,10
-1243068.0184442827,1742982.4395774547,10
-1242604.705727755,1742982.4395774547,10
-1242141.3930112277,1742982.4395774547,10
-1241678.0802947,1742982.4395774547,10
-1241214.7675781725,1742982.4395774547,10
-1240751.4548616451,1742982.4395774547,10
-1240288.1421451175,1742982.4395774547,10
-1239824.8294285901,1742982.4395774547,10
-1239361.5167120625,1742982.4395774547,10
-1238898.2039955352,1742982.4395774547,10
-1238434.8912790075,1742982.4395774547,10
-1237971.5785624802,1742982.4395774547,10
-1237508.2658459526,1742982.4395774547,10
-1237044.9531294252,1742982.4395774547,10
-1236581.6404128976,1742982.4395774547,10
-1236118.3276963702,1742982.4395774547,10
-1235655.0149798426,1742982.4395774547,10
-1235191.7022633152,1742982.4395774547,10
-1234728.3895467876,1742982.4395774547,10
-1234265.07683026,1742982.4395774547,10
-1233801.7641137326,1742982.4395774547,10
-1233338.4513972052,1742982.4395774547,10
-1232875.1386806776,1742982.4395774547,10
-1232411.82596415,1742982.4395774547,10
-1231948.5132476226,1742982.4395774547,10
-1231485.200531095,1742982.4395774547,10
-1231021.8878145677,1742982.4395774547,10
-1230558.57509804,1742982.4395774547,10
-1230095.2623815127,1742982.4395774547,10
-1229631.949664985,1742982.4395774547,10
-1229168.6369484577,1742982.4395774547,10
-1228705.32423193,1742982.4395774547,10
-1228242.0115154027,1742982.4395774547,10
-1227778.698798875,1742982.4395774547,10
-1227315.3860823475,1742982.4395774547,10
-1226852.07336582,1742982.4395774547,10
-1226388.7606492927,1742982.4395774547,10
-1225925.4479327651,1742982.4395774547,10
-1225462.1352162375,1742982.4395774547,10
-1224998.8224997101,1742982.4395774547,10
-1224535.5097831825,1742982.4395774547,10
-1224072.1970666551,1742982.4395774547,10
-1223608.8843501275,1742982.4395774547,10
-1223145.5716336002,1742982.4395774547,10
-1222682.2589170726,1742982.4395774547,10
-1222218.9462005452,1742982.4395774547,10
-1221755.6334840176,1742982.4395774547,10
-1221292.3207674902,1742982.4395774547,10
-1220829.0080509626,1742982.4395774547,10
-1220365.6953344352,1742982.4395774547,10
-1219902.3826179076,1742982.4395774547,10
-1219439.0699013802,1742982.4395774547,10
-1218975.7571848526,1742982.4395774547,10
-1218512.444468325,1742982.4395774547,10
-1218049.1317517976,1742982.4395774547,10
-1217585.81903527,1742982.4395774547,10
-1217122.5063187426,1742982.4395774547,10
-1216659.193602215,1742982.4395774547,10
-1216195.8808856877,1742982.4395774547,10
-1215732.56816916,1742982.4395774547,10
-1215269.2554526327,1742982.4395774547,10
-1214805.942736105,1742982.4395774547,10
-1214342.6300195777,1742982.4395774547,10
-1213879.31730305,1742982.4395774547,10
-1213416.0045865227,1742982.4395774547,10
-1212952.691869995,1742982.4395774547,10
-1212489.3791534677,1742982.4395774547,10
-1212026.06643694,1742982.4395774547,10
-1211562.7537204125,1742982.4395774547,10
-1211099.4410038851,1742982.4395774547,10
-1210636.1282873575,1742982.4395774547,10
-1210172.8155708301,1742982.4395774547,10
-1209709.5028543025,1742982.4395774547,10
-1209246.1901377751,1742982.4395774547,10
-1208782.8774212475,1742982.4395774547,10
-1208319.5647047202,1742982.4395774547,10
-1207856.2519881926,1742982.4395774547,10
-1207392.9392716652,1742982.4395774547,10
-1206929.6265551376,1742982.4395774547,10
-1206466.3138386102,1742982.4395774547,10
-1206003.0011220826,1742982.4395774547,10
-1205539.6884055552,1742982.4395774547,10
-1205076.3756890276,1742982.4395774547,10
-1204613.0629725,1742982.4395774547,10
-1204149.7502559726,1742982.4395774547,10
-1203686.4375394452,1742982.4395774547,10
-1203223.1248229176,1742982.4395774547,10
-1202759.81210639,1742982.4395774547,10
-1202296.4993898626,1742982.4395774547,10
-1201833.186673335,1742982.4395774547,10
-1201369.8739568077,1742982.4395774547,10
-1200906.56124028,1742982.4395774547,10
-1200443.2485237527,1742982.4395774547,10
-1199979.935807225,1742982.4395774547,10
-1199516.6230906977,1742982.4395774547,10
-1199053.31037417,1742982.4395774547,10
-1198589.9976576427,1742982.4395774547,10
-1198126.684941115,1742982.4395774547,10
-1197663.3722245875,1742982.4395774547,10
-1197200.05950806,1742982.4395774547,10
-1196736.7467915327,1742982.4395774547,10
-1196273.4340750051,1742982.4395774547,10
-1195810.1213584775,1742982.4395774547,10
-1195346.8086419501,1742982.4395774547,10
-1194883.4959254225,1742982.4395774547,10
-1194420.1832088951,1742982.4395774547,10
-1193956.8704923675,1742982.4395774547,10
-1193493.5577758402,1742982.4395774547,10
-1193030.2450593126,1742982.4395774547,10
-1192566.9323427852,1742982.4395774547,10
-1192103.6196262576,1742982.4395774547,10
-1191640.3069097302,1742982.4395774547,10
-1191176.9941932026,1742982.4395774547,10
-1190713.6814766752,1742982.4395774547,10
-1190250.3687601476,1742982.4395774547,10
-1189787.0560436202,1742982.4395774547,10
-1189323.7433270926,1742982.4395774547,10
-1188860.430610565,1742982.4395774547,10
-1188397.1178940376,1742982.4395774547,10
-1187933.80517751,1742982.4395774547,10
-1187470.4924609826,1742982.4395774547,10
-1187007.179744455,1742982.4395774547,10
-1186543.8670279277,1742982.4395774547,10
-1186080.5543114,1742982.4395774547,10
-1185617.2415948727,1742982.4395774547,10
-1185153.928878345,1742982.4395774547,10
-1184690.6161618177,1742982.4395774547,10
-1184227.30344529,1742982.4395774547,10
-1183763.9907287627,1742982.4395774547,10
-1183300.678012235,1742982.4395774547,10
-1182837.3652957077,1742982.4395774547,10
-1182374.05257918,1742982.4395774547,10
-1181910.7398626525,1742982.4395774547,10
-1181447.4271461251,1742982.4395774547,10
-1180984.1144295975,1742982.4395774547,10
-1180520.8017130701,1742982.4395774547,10
-1180057.4889965425,1742982.4395774547,10
-1179594.1762800151,1742982.4395774547,10
-1179130.8635634875,1742982.4395774547,10
-1178667.5508469602,1742982.4395774547,10
-1178204.2381304326,1742982.4395774547,10
-1177740.9254139052,1742982.4395774547,10
-1177277.6126973776,1742982.4395774547,10
-1176814.2999808502,1742982.4395774547,10
-1176350.9872643226,1742982.4395774547,10
-1175887.6745477952,1742982.4395774547,10
-1175424.3618312676,1742982.4395774547,10
-1174961.04911474,1742982.4395774547,10
-1174497.7363982126,1742982.4395774547,10
-1174034.4236816852,1742982.4395774547,10
-1173571.1109651576,1742982.4395774547,10
-1173107.79824863,1742982.4395774547,10
-1172644.4855321026,1742982.4395774547,10
-1172181.172815575,1742982.4395774547,10
-1171717.8600990477,1742982.4395774547,10
-1171254.54738252,1742982.4395774547,10
-1170791.2346659927,1742982.4395774547,10
-1170327.921949465,1742982.4395774547,10
-1169864.6092329377,1742982.4395774547,10
-1169401.29651641,1742982.4395774547,10
-1168937.9837998827,1742982.4395774547,10
-1168474.671083355,1742982.4395774547,10
-1168011.3583668275,1742982.4395774547,10
-1167548.0456503,1742982.4395774547,10
-1167084.7329337727,1742982.4395774547,10
-1166621.4202172451,1742982.4395774547,10
-1166158.1075007175,1742982.4395774547,10
-1165694.7947841901,1742982.4395774547,10
-1165231.4820676625,1742982.4395774547,10
-1164768.1693511351,1742982.4395774547,10
-1164304.8566346075,1742982.4395774547,10
-1163841.5439180802,1742982.4395774547,10
-1163378.2312015526,1742982.4395774547,10
-1162914.9184850252,1742982.4395774547,10
-1162451.6057684976,1742982.4395774547,10
-1161988.2930519702,1742982.4395774547,10
-1161524.9803354426,1742982.4395774547,10
-1161061.6676189152,1742982.4395774547,10
-1160598.3549023876,1742982.4395774547,10
-1160135.0421858602,1742982.4395774547,10
-1159671.7294693326,1742982.4395774547,10
-1159208.416752805,1742982.4395774547,10
-1158745.1040362776,1742982.4395774547,10
-1158281.79131975,1742982.4395774547,10
-1157818.4786032226,1742982.4395774547,10
-1157355.165886695,1742982.4395774547,10
-1156891.8531701677,1742982.4395774547,10
-1156428.54045364,1742982.4395774547,10
-1155965.2277371127,1742982.4395774547,10
-1155501.915020585,1742982.4395774547,10
-1155038.6023040577,1742982.4395774547,10
-1154575.28958753,1742982.4395774547,10
-1154111.9768710027,1742982.4395774547,10
-1153648.664154475,1742982.4395774547,10
-1153185.3514379477,1742982.4395774547,10
-1152722.03872142,1742982.4395774547,10
-1152258.7260048925,1742982.4395774547,10
-1151795.4132883651,1742982.4395774547,10
-1151332.1005718375,1742982.4395774547,10
-1150868.7878553101,1742982.4395774547,10
-1150405.4751387825,1742982.4395774547,10
-1149942.1624222551,1742982.4395774547,10
-1149478.8497057275,1742982.4395774547,10
-1149015.5369892002,1742982.4395774547,10
-1148552.2242726726,1742982.4395774547,10
-1148088.9115561452,1742982.4395774547,10
-1147625.5988396176,1742982.4395774547,10
-1147162.2861230902,1742982.4395774547,10
-1146698.9734065626,1742982.4395774547,10
-1146235.6606900352,1742982.4395774547,10
-1145772.3479735076,1742982.4395774547,10
-1145309.03525698,1742982.4395774547,10
-1144845.7225404526,1742982.4395774547,10
-1144382.4098239252,1742982.4395774547,10
-1143919.0971073976,1742982.4395774547,10
-1143455.78439087,1742982.4395774547,10
-1142992.4716743426,1742982.4395774547,10
-1142529.158957815,1742982.4395774547,10
-1142065.8462412877,1742982.4395774547,10
-1141602.53352476,1742982.4395774547,10
-1141139.2208082327,1742982.4395774547,10
-1140675.908091705,1742982.4395774547,10
-1140212.5953751777,1742982.4395774547,10
-1139749.28265865,1742982.4395774547,10
-1139285.9699421227,1742982.4395774547,10
-1138822.657225595,1742982.4395774547,10
-1138359.3445090675,1742982.4395774547,10
-1137896.03179254,1742982.4395774547,10
-1248164.458326085,1742519.1268609273,10
-1247701.1456095576,1742519.1268609273,10
-1247237.83289303,1742519.1268609273,10
-1246774.5201765026,1742519.1268609273,10
-1246311.207459975,1742519.1268609273,10
-1245847.8947434477,1742519.1268609273,10
-1245384.58202692,1742519.1268609273,10
-1244921.2693103927,1742519.1268609273,10
-1244457.956593865,1742519.1268609273,10
-1243994.6438773377,1742519.1268609273,10
-1243531.33116081,1742519.1268609273,10
-1243068.0184442827,1742519.1268609273,10
-1242604.705727755,1742519.1268609273,10
-1242141.3930112277,1742519.1268609273,10
-1241678.0802947,1742519.1268609273,10
-1241214.7675781725,1742519.1268609273,10
-1240751.4548616451,1742519.1268609273,10
-1240288.1421451175,1742519.1268609273,10
-1239824.8294285901,1742519.1268609273,10
-1239361.5167120625,1742519.1268609273,10
-1238898.2039955352,1742519.1268609273,10
-1238434.8912790075,1742519.1268609273,10
-1237971.5785624802,1742519.1268609273,10
-1237508.2658459526,1742519.1268609273,10
-1237044.9531294252,1742519.1268609273,10
-1236581.6404128976,1742519.1268609273,10
-1236118.3276963702,1742519.1268609273,10
-1235655.0149798426,1742519.1268609273,10
-1235191.7022633152,1742519.1268609273,10
-1234728.3895467876,1742519.1268609273,10
-1234265.07683026,1742519.1268609273,10
-1233801.7641137326,1742519.1268609273,10
-1233338.4513972052,1742519.1268609273,10
-1232875.1386806776,1742519.1268609273,10
-1232411.82596415,1742519.1268609273,10
-1231948.5132476226,1742519.1268609273,10
-1231485.200531095,1742519.1268609273,10
-1231021.8878145677,1742519.1268609273,10
-1230558.57509804,1742519.1268609273,10
-1230095.2623815127,1742519.1268609273,10
-1229631.949664985,1742519.1268609273,10
-1229168.6369484577,1742519.1268609273,10
-1228705.32423193,1742519.1268609273,10
-1228242.0115154027,1742519.1268609273,10
-1227778.698798875,1742519.1268609273,10
-1227315.3860823475,1742519.1268609273,10
-1226852.07336582,1742519.1268609273,10
-1226388.7606492927,1742519.1268609273,10
-1225925.4479327651,1742519.1268609273,10
-1225462.1352162375,1742519.1268609273,10
-1224998.8224997101,1742519.1268609273,10
-1224535.5097831825,1742519.1268609273,10
-1224072.1970666551,1742519.1268609273,10
-1223608.8843501275,1742519.1268609273,10
-1223145.5716336002,1742519.1268609273,10
-1222682.2589170726,1742519.1268609273,10
-1222218.9462005452,1742519.1268609273,10
-1221755.6334840176,1742519.1268609273,10
-1221292.3207674902,1742519.1268609273,10
-1220829.0080509626,1742519.1268609273,10
-1220365.6953344352,1742519.1268609273,10
-1219902.3826179076,1742519.1268609273,10
-1219439.0699013802,1742519.1268609273,10
-1218975.7571848526,1742519.1268609273,10
-1218512.444468325,1742519.1268609273,10
-1218049.1317517976,1742519.1268609273,10
-1217585.81903527,1742519.1268609273,10
-1217122.5063187426,1742519.1268609273,10
-1216659.193602215,1742519.1268609273,10
-1216195.8808856877,1742519.1268609273,10
-1215732.56816916,1742519.1268609273,10
-1215269.2554526327,1742519.1268609273,10
-1214805.942736105,1742519.1268609273,10
-1214342.6300195777,1742519.1268609273,10
-1213879.31730305,1742519.1268609273,10
-1213416.0045865227,1742519.1268609273,10
-1212952.691869995,1742519.1268609273,10
-1212489.3791534677,1742519.1268609273,10
-1212026.06643694,1742519.1268609273,10
-1211562.7537204125,1742519.1268609273,10
-1211099.4410038851,1742519.1268609273,10
-1210636.1282873575,1742519.1268609273,10
-1210172.8155708301,1742519.1268609273,10
-1209709.5028543025,1742519.1268609273,10
-1209246.1901377751,1742519.1268609273,10
-1208782.8774212475,1742519.1268609273,10
-1208319.5647047202,1742519.1268609273,10
-1207856.2519881926,1742519.1268609273,10
-1207392.9392716652,1742519.1268609273,10
-1206929.6265551376,1742519.1268609273,10
-1206466.3138386102,1742519.1268609273,10
-1206003.0011220826,1742519.1268609273,10
-1205539.6884055552,1742519.1268609273,10
-1205076.3756890276,1742519.1268609273,10
-1204613.0629725,1742519.1268609273,10
-1204149.7502559726,1742519.1268609273,10
-1203686.4375394452,1742519.1268609273,10
-1203223.1248229176,1742519.1268609273,10
-1202759.81210639,1742519.1268609273,10
-1202296.4993898626,1742519.1268609273,10
-1201833.186673335,1742519.1268609273,10
-1201369.8739568077,1742519.1268609273,10
-1200906.56124028,1742519.1268609273,10
-1200443.2485237527,1742519.1268609273,10
-1199979.935807225,1742519.1268609273,10
-1199516.6230906977,1742519.1268609273,10
-1199053.31037417,1742519.1268609273,10
-1198589.9976576427,1742519.1268609273,10
-1198126.684941115,1742519.1268609273,10
-1197663.3722245875,1742519.1268609273,10
-1197200.05950806,1742519.1268609273,10
-1196736.7467915327,1742519.1268609273,10
-1196273.4340750051,1742519.1268609273,10
-1195810.1213584775,1742519.1268609273,10
-1195346.8086419501,1742519.1268609273,10
-1194883.4959254225,1742519.1268609273,10
-1194420.1832088951,1742519.1268609273,10
-1193956.8704923675,1742519.1268609273,10
-1193493.5577758402,1742519.1268609273,10
-1193030.2450593126,1742519.1268609273,10
-1192566.9323427852,1742519.1268609273,10
-1192103.6196262576,1742519.1268609273,10
-1191640.3069097302,1742519.1268609273,10
-1191176.9941932026,1742519.1268609273,10
-1190713.6814766752,1742519.1268609273,10
-1190250.3687601476,1742519.1268609273,10
-1189787.0560436202,1742519.1268609273,10
-1189323.7433270926,1742519.1268609273,10
-1188860.430610565,1742519.1268609273,10
-1188397.1178940376,1742519.1268609273,10
-1187933.80517751,1742519.1268609273,10
-1187470.4924609826,1742519.1268609273,10
-1187007.179744455,1742519.1268609273,10
-1186543.8670279277,1742519.1268609273,10
-1186080.5543114,1742519.1268609273,10
-1185617.2415948727,1742519.1268609273,10
-1185153.928878345,1742519.1268609273,10
-1184690.6161618177,1742519.1268609273,10
-1184227.30344529,1742519.1268609273,10
-1183763.9907287627,1742519.1268609273,10
-1183300.678012235,1742519.1268609273,10
-1182837.3652957077,1742519.1268609273,10
-1182374.05257918,1742519.1268609273,10
-1181910.7398626525,1742519.1268609273,10
-1181447.4271461251,1742519.1268609273,10
-1180984.1144295975,1742519.1268609273,10
-1180520.8017130701,1742519.1268609273,10
-1180057.4889965425,1742519.1268609273,10
-1179594.1762800151,1742519.1268609273,10
-1179130.8635634875,1742519.1268609273,10
-1178667.5508469602,1742519.1268609273,10
-1178204.2381304326,1742519.1268609273,10
-1177740.9254139052,1742519.1268609273,10
-1177277.6126973776,1742519.1268609273,10
-1176814.2999808502,1742519.1268609273,10
-1176350.9872643226,1742519.1268609273,10
-1175887.6745477952,1742519.1268609273,10
-1175424.3618312676,1742519.1268609273,10
-1174961.04911474,1742519.1268609273,10
-1174497.7363982126,1742519.1268609273,10
-1174034.4236816852,1742519.1268609273,10
-1173571.1109651576,1742519.1268609273,10
-1173107.79824863,1742519.1268609273,10
-1172644.4855321026,1742519.1268609273,10
-1172181.172815575,1742519.1268609273,10
-1171717.8600990477,1742519.1268609273,10
-1171254.54738252,1742519.1268609273,10
-1170791.2346659927,1742519.1268609273,10
-1170327.921949465,1742519.1268609273,10
-1169864.6092329377,1742519.1268609273,10
-1169401.29651641,1742519.1268609273,10
-1168937.9837998827,1742519.1268609273,10
-1168474.671083355,1742519.1268609273,10
-1168011.3583668275,1742519.1268609273,10
-1167548.0456503,1742519.1268609273,10
-1167084.7329337727,1742519.1268609273,10
-1166621.4202172451,1742519.1268609273,10
-1166158.1075007175,1742519.1268609273,10
-1165694.7947841901,1742519.1268609273,10
-1165231.4820676625,1742519.1268609273,10
-1164768.1693511351,1742519.1268609273,10
-1164304.8566346075,1742519.1268609273,10
-1163841.5439180802,1742519.1268609273,10
-1163378.2312015526,1742519.1268609273,10
-1162914.9184850252,1742519.1268609273,10
-1162451.6057684976,1742519.1268609273,10
-1161988.2930519702,1742519.1268609273,10
-1161524.9803354426,1742519.1268609273,10
-1161061.6676189152,1742519.1268609273,10
-1160598.3549023876,1742519.1268609273,10
-1160135.0421858602,1742519.1268609273,10
-1159671.7294693326,1742519.1268609273,10
-1159208.416752805,1742519.1268609273,10
-1158745.1040362776,1742519.1268609273,10
-1158281.79131975,1742519.1268609273,10
-1157818.4786032226,1742519.1268609273,10
-1157355.165886695,1742519.1268609273,10
-1156891.8531701677,1742519.1268609273,10
-1156428.54045364,1742519.1268609273,10
-1155965.2277371127,1742519.1268609273,10
-1155501.915020585,1742519.1268609273,10
-1155038.6023040577,1742519.1268609273,10
-1154575.28958753,1742519.1268609273,10
-1154111.9768710027,1742519.1268609273,10
-1153648.664154475,1742519.1268609273,10
-1153185.3514379477,1742519.1268609273,10
-1152722.03872142,1742519.1268609273,10
-1152258.7260048925,1742519.1268609273,10
-1151795.4132883651,1742519.1268609273,10
-1151332.1005718375,1742519.1268609273,10
-1150868.7878553101,1742519.1268609273,10
-1150405.4751387825,1742519.1268609273,10
-1149942.1624222551,1742519.1268609273,10
-1149478.8497057275,1742519.1268609273,10
-1149015.5369892002,1742519.1268609273,10
-1148552.2242726726,1742519.1268609273,10
-1148088.9115561452,1742519.1268609273,10
-1147625.5988396176,1742519.1268609273,10
-1147162.2861230902,1742519.1268609273,10
-1146698.9734065626,1742519.1268609273,10
-1146235.6606900352,1742519.1268609273,10
-1145772.3479735076,1742519.1268609273,10
-1145309.03525698,1742519.1268609273,10
-1144845.7225404526,1742519.1268609273,10
-1144382.4098239252,1742519.1268609273,10
-1143919.0971073976,1742519.1268609273,10
-1143455.78439087,1742519.1268609273,10
-1142992.4716743426,1742519.1268609273,10
-1142529.158957815,1742519.1268609273,10
-1142065.8462412877,1742519.1268609273,10
-1141602.53352476,1742519.1268609273,10
-1141139.2208082327,1742519.1268609273,10
-1140675.908091705,1742519.1268609273,10
-1140212.5953751777,1742519.1268609273,10
-1139749.28265865,1742519.1268609273,10
-1139285.9699421227,1742519.1268609273,10
-1138822.657225595,1742519.1268609273,10
-1138359.3445090675,1742519.1268609273,10
-1137896.03179254,1742519.1268609273,10
-1248627.7710426126,1742055.8141443997,10
-1248164.458326085,1742055.8141443997,10
-1247701.1456095576,1742055.8141443997,10
-1247237.83289303,1742055.8141443997,10
-1246774.5201765026,1742055.8141443997,10
-1246311.207459975,1742055.8141443997,10
-1245847.8947434477,1742055.8141443997,10
-1245384.58202692,1742055.8141443997,10
-1244921.2693103927,1742055.8141443997,10
-1244457.956593865,1742055.8141443997,10
-1243994.6438773377,1742055.8141443997,10
-1243531.33116081,1742055.8141443997,10
-1243068.0184442827,1742055.8141443997,10
-1242604.705727755,1742055.8141443997,10
-1242141.3930112277,1742055.8141443997,10
-1241678.0802947,1742055.8141443997,10
-1241214.7675781725,1742055.8141443997,10
-1240751.4548616451,1742055.8141443997,10
-1240288.1421451175,1742055.8141443997,10
-1239824.8294285901,1742055.8141443997,10
-1239361.5167120625,1742055.8141443997,10
-1238898.2039955352,1742055.8141443997,10
-1238434.8912790075,1742055.8141443997,10
-1237971.5785624802,1742055.8141443997,10
-1237508.2658459526,1742055.8141443997,10
-1237044.9531294252,1742055.8141443997,10
-1236581.6404128976,1742055.8141443997,10
-1236118.3276963702,1742055.8141443997,10
-1235655.0149798426,1742055.8141443997,10
-1235191.7022633152,1742055.8141443997,10
-1234728.3895467876,1742055.8141443997,10
-1234265.07683026,1742055.8141443997,10
-1233801.7641137326,1742055.8141443997,10
-1233338.4513972052,1742055.8141443997,10
-1232875.1386806776,1742055.8141443997,10
-1232411.82596415,1742055.8141443997,10
-1231948.5132476226,1742055.8141443997,10
-1231485.200531095,1742055.8141443997,10
-1231021.8878145677,1742055.8141443997,10
-1230558.57509804,1742055.8141443997,10
-1230095.2623815127,1742055.8141443997,10
-1229631.949664985,1742055.8141443997,10
-1229168.6369484577,1742055.8141443997,10
-1228705.32423193,1742055.8141443997,10
-1228242.0115154027,1742055.8141443997,10
-1227778.698798875,1742055.8141443997,10
-1227315.3860823475,1742055.8141443997,10
-1226852.07336582,1742055.8141443997,10
-1226388.7606492927,1742055.8141443997,10
-1225925.4479327651,1742055.8141443997,10
-1225462.1352162375,1742055.8141443997,10
-1224998.8224997101,1742055.8141443997,10
-1224535.5097831825,1742055.8141443997,10
-1224072.1970666551,1742055.8141443997,10
-1223608.8843501275,1742055.8141443997,10
-1223145.5716336002,1742055.8141443997,10
-1222682.2589170726,1742055.8141443997,10
-1222218.9462005452,1742055.8141443997,10
-1221755.6334840176,1742055.8141443997,10
-1221292.3207674902,1742055.8141443997,10
-1220829.0080509626,1742055.8141443997,10
-1220365.6953344352,1742055.8141443997,10
-1219902.3826179076,1742055.8141443997,10
-1219439.0699013802,1742055.8141443997,10
-1218975.7571848526,1742055.8141443997,10
-1218512.444468325,1742055.8141443997,10
-1218049.1317517976,1742055.8141443997,10
-1217585.81903527,1742055.8141443997,10
-1217122.5063187426,1742055.8141443997,10
-1216659.193602215,1742055.8141443997,10
-1216195.8808856877,1742055.8141443997,10
-1215732.56816916,1742055.8141443997,10
-1215269.2554526327,1742055.8141443997,10
-1214805.942736105,1742055.8141443997,10
-1214342.6300195777,1742055.8141443997,10
-1213879.31730305,1742055.8141443997,10
-1213416.0045865227,1742055.8141443997,10
-1212952.691869995,1742055.8141443997,10
-1212489.3791534677,1742055.8141443997,10
-1212026.06643694,1742055.8141443997,10
-1211562.7537204125,1742055.8141443997,10
-1211099.4410038851,1742055.8141443997,10
-1210636.1282873575,1742055.8141443997,10
-1210172.8155708301,1742055.8141443997,10
-1209709.5028543025,1742055.8141443997,10
-1209246.1901377751,1742055.8141443997,10
-1208782.8774212475,1742055.8141443997,10
-1208319.5647047202,1742055.8141443997,10
-1207856.2519881926,1742055.8141443997,10
-1207392.9392716652,1742055.8141443997,10
-1206929.6265551376,1742055.8141443997,10
-1206466.3138386102,1742055.8141443997,10
-1206003.0011220826,1742055.8141443997,10
-1205539.6884055552,1742055.8141443997,10
-1205076.3756890276,1742055.8141443997,10
-1204613.0629725,1742055.8141443997,10
-1204149.7502559726,1742055.8141443997,10
-1203686.4375394452,1742055.8141443997,10
-1203223.1248229176,1742055.8141443997,10
-1202759.81210639,1742055.8141443997,10
-1202296.4993898626,1742055.8141443997,10
-1201833.186673335,1742055.8141443997,10
-1201369.8739568077,1742055.8141443997,10
-1200906.56124028,1742055.8141443997,10
-1200443.2485237527,1742055.8141443997,10
-1199979.935807225,1742055.8141443997,10
-1199516.6230906977,1742055.8141443997,10
-1199053.31037417,1742055.8141443997,10
-1198589.9976576427,1742055.8141443997,10
-1198126.684941115,1742055.8141443997,10
-1197663.3722245875,1742055.8141443997,10
-1197200.05950806,1742055.8141443997,10
-1196736.7467915327,1742055.8141443997,10
-1196273.4340750051,1742055.8141443997,10
-1195810.1213584775,1742055.8141443997,10
-1195346.8086419501,1742055.8141443997,10
-1194883.4959254225,1742055.8141443997,10
-1194420.1832088951,1742055.8141443997,10
-1193956.8704923675,1742055.8141443997,10
-1193493.5577758402,1742055.8141443997,10
-1193030.2450593126,1742055.8141443997,10
-1192566.9323427852,1742055.8141443997,10
-1192103.6196262576,1742055.8141443997,10
-1191640.3069097302,1742055.8141443997,10
-1191176.9941932026,1742055.8141443997,10
-1190713.6814766752,1742055.8141443997,10
-1190250.3687601476,1742055.8141443997,10
-1189787.0560436202,1742055.8141443997,10
-1189323.7433270926,1742055.8141443997,10
-1188860.430610565,1742055.8141443997,10
-1188397.1178940376,1742055.8141443997,10
-1187933.80517751,1742055.8141443997,10
-1187470.4924609826,1742055.8141443997,10
-1187007.179744455,1742055.8141443997,10
-1186543.8670279277,1742055.8141443997,10
-1186080.5543114,1742055.8141443997,10
-1185617.2415948727,1742055.8141443997,10
-1185153.928878345,1742055.8141443997,10
-1184690.6161618177,1742055.8141443997,10
-1184227.30344529,1742055.8141443997,10
-1183763.9907287627,1742055.8141443997,10
-1183300.678012235,1742055.8141443997,10
-1182837.3652957077,1742055.8141443997,10
-1182374.05257918,1742055.8141443997,10
-1181910.7398626525,1742055.8141443997,10
-1181447.4271461251,1742055.8141443997,10
-1180984.1144295975,1742055.8141443997,10
-1180520.8017130701,1742055.8141443997,10
-1180057.4889965425,1742055.8141443997,10
-1179594.1762800151,1742055.8141443997,10
-1179130.8635634875,1742055.8141443997,10
-1178667.5508469602,1742055.8141443997,10
-1178204.2381304326,1742055.8141443997,10
-1177740.9254139052,1742055.8141443997,10
-1177277.6126973776,1742055.8141443997,10
-1176814.2999808502,1742055.8141443997,10
-1176350.9872643226,1742055.8141443997,10
-1175887.6745477952,1742055.8141443997,10
-1175424.3618312676,1742055.8141443997,10
-1174961.04911474,1742055.8141443997,10
-1174497.7363982126,1742055.8141443997,10
-1174034.4236816852,1742055.8141443997,10
-1173571.1109651576,1742055.8141443997,10
-1173107.79824863,1742055.8141443997,10
-1172644.4855321026,1742055.8141443997,10
-1172181.172815575,1742055.8141443997,10
-1171717.8600990477,1742055.8141443997,10
-1171254.54738252,1742055.8141443997,10
-1170791.2346659927,1742055.8141443997,10
-1170327.921949465,1742055.8141443997,10
-1169864.6092329377,1742055.8141443997,10
-1169401.29651641,1742055.8141443997,10
-1168937.9837998827,1742055.8141443997,10
-1168474.671083355,1742055.8141443997,10
-1168011.3583668275,1742055.8141443997,10
-1167548.0456503,1742055.8141443997,10
-1167084.7329337727,1742055.8141443997,10
-1166621.4202172451,1742055.8141443997,10
-1166158.1075007175,1742055.8141443997,10
-1165694.7947841901,1742055.8141443997,10
-1165231.4820676625,1742055.8141443997,10
-1164768.1693511351,1742055.8141443997,10
-1164304.8566346075,1742055.8141443997,10
-1163841.5439180802,1742055.8141443997,10
-1163378.2312015526,1742055.8141443997,10
-1162914.9184850252,1742055.8141443997,10
-1162451.6057684976,1742055.8141443997,10
-1161988.2930519702,1742055.8141443997,10
-1161524.9803354426,1742055.8141443997,10
-1161061.6676189152,1742055.8141443997,10
-1160598.3549023876,1742055.8141443997,10
-1160135.0421858602,1742055.8141443997,10
-1159671.7294693326,1742055.8141443997,10
-1159208.416752805,1742055.8141443997,10
-1158745.1040362776,1742055.8141443997,10
-1158281.79131975,1742055.8141443997,10
-1157818.4786032226,1742055.8141443997,10
-1157355.165886695,1742055.8141443997,10
-1156891.8531701677,1742055.8141443997,10
-1156428.54045364,1742055.8141443997,10
-1155965.2277371127,1742055.8141443997,10
-1155501.915020585,1742055.8141443997,10
-1155038.6023040577,1742055.8141443997,10
-1154575.28958753,1742055.8141443997,10
-1154111.9768710027,1742055.8141443997,10
-1153648.664154475,1742055.8141443997,10
-1153185.3514379477,1742055.8141443997,10
-1152722.03872142,1742055.8141443997,10
-1152258.7260048925,1742055.8141443997,10
-1151795.4132883651,1742055.8141443997,10
-1151332.1005718375,1742055.8141443997,10
-1150868.7878553101,1742055.8141443997,10
-1150405.4751387825,1742055.8141443997,10
-1149942.1624222551,1742055.8141443997,10
-1149478.8497057275,1742055.8141443997,10
-1149015.5369892002,1742055.8141443997,10
-1148552.2242726726,1742055.8141443997,10
-1148088.9115561452,1742055.8141443997,10
-1147625.5988396176,1742055.8141443997,10
-1147162.2861230902,1742055.8141443997,10
-1146698.9734065626,1742055.8141443997,10
-1146235.6606900352,1742055.8141443997,10
-1145772.3479735076,1742055.8141443997,10
-1145309.03525698,1742055.8141443997,10
-1144845.7225404526,1742055.8141443997,10
-1144382.4098239252,1742055.8141443997,10
-1143919.0971073976,1742055.8141443997,10
-1143455.78439087,1742055.8141443997,10
-1142992.4716743426,1742055.8141443997,10
-1142529.158957815,1742055.8141443997,10
-1142065.8462412877,1742055.8141443997,10
-1141602.53352476,1742055.8141443997,10
-1141139.2208082327,1742055.8141443997,10
-1140675.908091705,1742055.8141443997,10
-1140212.5953751777,1742055.8141443997,10
-1139749.28265865,1742055.8141443997,10
-1139285.9699421227,1742055.8141443997,10
-1138822.657225595,1742055.8141443997,10
-1138359.3445090675,1742055.8141443997,10
-1137896.03179254,1742055.8141443997,10
-1248627.7710426126,1741592.501427872,10
-1248164.458326085,1741592.501427872,10
-1247701.1456095576,1741592.501427872,10
-1247237.83289303,1741592.501427872,10
-1246774.5201765026,1741592.501427872,10
-1246311.207459975,1741592.501427872,10
-1245847.8947434477,1741592.501427872,10
-1245384.58202692,1741592.501427872,10
-1244921.2693103927,1741592.501427872,10
-1244457.956593865,1741592.501427872,10
-1243994.6438773377,1741592.501427872,10
-1243531.33116081,1741592.501427872,10
-1243068.0184442827,1741592.501427872,10
-1242604.705727755,1741592.501427872,10
-1242141.3930112277,1741592.501427872,10
-1241678.0802947,1741592.501427872,10
-1241214.7675781725,1741592.501427872,10
-1240751.4548616451,1741592.501427872,10
-1240288.1421451175,1741592.501427872,10
-1239824.8294285901,1741592.501427872,10
-1239361.5167120625,1741592.501427872,10
-1238898.2039955352,1741592.501427872,10
-1238434.8912790075,1741592.501427872,10
-1237971.5785624802,1741592.501427872,10
-1237508.2658459526,1741592.501427872,10
-1237044.9531294252,1741592.501427872,10
-1236581.6404128976,1741592.501427872,10
-1236118.3276963702,1741592.501427872,10
-1235655.0149798426,1741592.501427872,10
-1235191.7022633152,1741592.501427872,10
-1234728.3895467876,1741592.501427872,10
-1234265.07683026,1741592.501427872,10
-1233801.7641137326,1741592.501427872,10
-1233338.4513972052,1741592.501427872,10
-1232875.1386806776,1741592.501427872,10
-1232411.82596415,1741592.501427872,10
-1231948.5132476226,1741592.501427872,10
-1231485.200531095,1741592.501427872,10
-1231021.8878145677,1741592.501427872,10
-1230558.57509804,1741592.501427872,10
-1230095.2623815127,1741592.501427872,10
-1229631.949664985,1741592.501427872,10
-1229168.6369484577,1741592.501427872,10
-1228705.32423193,1741592.501427872,10
-1228242.0115154027,1741592.501427872,10
-1227778.698798875,1741592.501427872,10
-1227315.3860823475,1741592.501427872,10
-1226852.07336582,1741592.501427872,10
-1226388.7606492927,1741592.501427872,10
-1225925.4479327651,1741592.501427872,10
-1225462.1352162375,1741592.501427872,10
-1224998.8224997101,1741592.501427872,10
-1224535.5097831825,1741592.501427872,10
-1224072.1970666551,1741592.501427872,10
-1223608.8843501275,1741592.501427872,10
-1223145.5716336002,1741592.501427872,10
-1222682.2589170726,1741592.501427872,10
-1222218.9462005452,1741592.501427872,10
-1221755.6334840176,1741592.501427872,10
-1221292.3207674902,1741592.501427872,10
-1220829.0080509626,1741592.501427872,10
-1220365.6953344352,1741592.501427872,10
-1219902.3826179076,1741592.501427872,10
-1219439.0699013802,1741592.501427872,10
-1218975.7571848526,1741592.501427872,10
-1218512.444468325,1741592.501427872,10
-1218049.1317517976,1741592.501427872,10
-1217585.81903527,1741592.501427872,10
-1217122.5063187426,1741592.501427872,10
-1216659.193602215,1741592.501427872,10
-1216195.8808856877,1741592.501427872,10
-1215732.56816916,1741592.501427872,10
-1215269.2554526327,1741592.501427872,10
-1214805.942736105,1741592.501427872,10
-1214342.6300195777,1741592.501427872,10
-1213879.31730305,1741592.501427872,10
-1213416.0045865227,1741592.501427872,10
-1212952.691869995,1741592.501427872,10
-1212489.3791534677,1741592.501427872,10
-1212026.06643694,1741592.501427872,10
-1211562.7537204125,1741592.501427872,10
-1211099.4410038851,1741592.501427872,10
-1210636.1282873575,1741592.501427872,10
-1210172.8155708301,1741592.501427872,10
-1209709.5028543025,1741592.501427872,10
-1209246.1901377751,1741592.501427872,10
-1208782.8774212475,1741592.501427872,10
-1208319.5647047202,1741592.501427872,10
-1207856.2519881926,1741592.501427872,10
-1207392.9392716652,1741592.501427872,10
-1206929.6265551376,1741592.501427872,10
-1206466.3138386102,1741592.501427872,10
-1206003.0011220826,1741592.501427872,10
-1205539.6884055552,1741592.501427872,10
-1205076.3756890276,1741592.501427872,10
-1204613.0629725,1741592.501427872,10
-1204149.7502559726,1741592.501427872,10
-1203686.4375394452,1741592.501427872,10
-1203223.1248229176,1741592.501427872,10
-1202759.81210639,1741592.501427872,10
-1202296.4993898626,1741592.501427872,10
-1201833.186673335,1741592.501427872,10
-1201369.8739568077,1741592.501427872,10
-1200906.56124028,1741592.501427872,10
-1200443.2485237527,1741592.501427872,10
-1199979.935807225,1741592.501427872,10
-1199516.6230906977,1741592.501427872,10
-1199053.31037417,1741592.501427872,10
-1198589.9976576427,1741592.501427872,10
-1198126.684941115,1741592.501427872,10
-1197663.3722245875,1741592.501427872,10
-1197200.05950806,1741592.501427872,10
-1196736.7467915327,1741592.501427872,10
-1196273.4340750051,1741592.501427872,10
-1195810.1213584775,1741592.501427872,10
-1195346.8086419501,1741592.501427872,10
-1194883.4959254225,1741592.501427872,10
-1194420.1832088951,1741592.501427872,10
-1193956.8704923675,1741592.501427872,10
-1193493.5577758402,1741592.501427872,10
-1193030.2450593126,1741592.501427872,10
-1192566.9323427852,1741592.501427872,10
-1192103.6196262576,1741592.501427872,10
-1191640.3069097302,1741592.501427872,10
-1191176.9941932026,1741592.501427872,10
-1190713.6814766752,1741592.501427872,10
-1190250.3687601476,1741592.501427872,10
-1189787.0560436202,1741592.501427872,10
-1189323.7433270926,1741592.501427872,10
-1188860.430610565,1741592.501427872,10
-1188397.1178940376,1741592.501427872,10
-1187933.80517751,1741592.501427872,10
-1187470.4924609826,1741592.501427872,10
-1187007.179744455,1741592.501427872,10
-1186543.8670279277,1741592.501427872,10
-1186080.5543114,1741592.501427872,10
-1185617.2415948727,1741592.501427872,10
-1185153.928878345,1741592.501427872,10
-1184690.6161618177,1741592.501427872,10
-1184227.30344529,1741592.501427872,10
-1183763.9907287627,1741592.501427872,10
-1183300.678012235,1741592.501427872,10
-1182837.3652957077,1741592.501427872,10
-1182374.05257918,1741592.501427872,10
-1181910.7398626525,1741592.501427872,10
-1181447.4271461251,1741592.501427872,10
-1180984.1144295975,1741592.501427872,10
-1180520.8017130701,1741592.501427872,10
-1180057.4889965425,1741592.501427872,10
-1179594.1762800151,1741592.501427872,10
-1179130.8635634875,1741592.501427872,10
-1178667.5508469602,1741592.501427872,10
-1178204.2381304326,1741592.501427872,10
-1177740.9254139052,1741592.501427872,10
-1177277.6126973776,1741592.501427872,10
-1176814.2999808502,1741592.501427872,10
-1176350.9872643226,1741592.501427872,10
-1175887.6745477952,1741592.501427872,10
-1175424.3618312676,1741592.501427872,10
-1174961.04911474,1741592.501427872,10
-1174497.7363982126,1741592.501427872,10
-1174034.4236816852,1741592.501427872,10
-1173571.1109651576,1741592.501427872,10
-1173107.79824863,1741592.501427872,10
-1172644.4855321026,1741592.501427872,10
-1172181.172815575,1741592.501427872,10
-1171717.8600990477,1741592.501427872,10
-1171254.54738252,1741592.501427872,10
-1170791.2346659927,1741592.501427872,10
-1170327.921949465,1741592.501427872,10
-1169864.6092329377,1741592.501427872,10
-1169401.29651641,1741592.501427872,10
-1168937.9837998827,1741592.501427872,10
-1168474.671083355,1741592.501427872,10
-1168011.3583668275,1741592.501427872,10
-1167548.0456503,1741592.501427872,10
-1167084.7329337727,1741592.501427872,10
-1166621.4202172451,1741592.501427872,10
-1166158.1075007175,1741592.501427872,10
-1165694.7947841901,1741592.501427872,10
-1165231.4820676625,1741592.501427872,10
-1164768.1693511351,1741592.501427872,10
-1164304.8566346075,1741592.501427872,10
-1163841.5439180802,1741592.501427872,10
-1163378.2312015526,1741592.501427872,10
-1162914.9184850252,1741592.501427872,10
-1162451.6057684976,1741592.501427872,10
-1161988.2930519702,1741592.501427872,10
-1161524.9803354426,1741592.501427872,10
-1161061.6676189152,1741592.501427872,10
-1160598.3549023876,1741592.501427872,10
-1160135.0421858602,1741592.501427872,10
-1159671.7294693326,1741592.501427872,10
-1159208.416752805,1741592.501427872,10
-1158745.1040362776,1741592.501427872,10
-1158281.79131975,1741592.501427872,10
-1157818.4786032226,1741592.501427872,10
-1157355.165886695,1741592.501427872,10
-1156891.8531701677,1741592.501427872,10
-1156428.54045364,1741592.501427872,10
-1155965.2277371127,1741592.501427872,10
-1155501.915020585,1741592.501427872,10
-1155038.6023040577,1741592.501427872,10
-1154575.28958753,1741592.501427872,10
-1154111.9768710027,1741592.501427872,10
-1153648.664154475,1741592.501427872,10
-1153185.3514379477,1741592.501427872,10
-1152722.03872142,1741592.501427872,10
-1152258.7260048925,1741592.501427872,10
-1151795.4132883651,1741592.501427872,10
-1151332.1005718375,1741592.501427872,10
-1150868.7878553101,1741592.501427872,10
-1150405.4751387825,1741592.501427872,10
-1149942.1624222551,1741592.501427872,10
-1149478.8497057275,1741592.501427872,10
-1149015.5369892002,1741592.501427872,10
-1148552.2242726726,1741592.501427872,10
-1148088.9115561452,1741592.501427872,10
-1147625.5988396176,1741592.501427872,10
-1147162.2861230902,1741592.501427872,10
-1146698.9734065626,1741592.501427872,10
-1146235.6606900352,1741592.501427872,10
-1145772.3479735076,1741592.501427872,10
-1145309.03525698,1741592.501427872,10
-1144845.7225404526,1741592.501427872,10
-1144382.4098239252,1741592.501427872,10
-1143919.0971073976,1741592.501427872,10
-1143455.78439087,1741592.501427872,10
-1142992.4716743426,1741592.501427872,10
-1142529.158957815,1741592.501427872,10
-1142065.8462412877,1741592.501427872,10
-1141602.53352476,1741592.501427872,10
-1141139.2208082327,1741592.501427872,10
-1140675.908091705,1741592.501427872,10
-1140212.5953751777,1741592.501427872,10
-1139749.28265865,1741592.501427872,10
-1139285.9699421227,1741592.501427872,10
-1138822.657225595,1741592.501427872,10
-1138359.3445090675,1741592.501427872,10
-1137896.03179254,1741592.501427872,10
-1137432.7190760127,1741592.501427872,10
-1248627.7710426126,1741129.1887113447,10
-1248164.458326085,1741129.1887113447,10
-1247701.1456095576,1741129.1887113447,10
-1247237.83289303,1741129.1887113447,10
-1246774.5201765026,1741129.1887113447,10
-1246311.207459975,1741129.1887113447,10
-1245847.8947434477,1741129.1887113447,10
-1245384.58202692,1741129.1887113447,10
-1244921.2693103927,1741129.1887113447,10
-1244457.956593865,1741129.1887113447,10
-1243994.6438773377,1741129.1887113447,10
-1243531.33116081,1741129.1887113447,10
-1243068.0184442827,1741129.1887113447,10
-1242604.705727755,1741129.1887113447,10
-1242141.3930112277,1741129.1887113447,10
-1241678.0802947,1741129.1887113447,10
-1241214.7675781725,1741129.1887113447,10
-1240751.4548616451,1741129.1887113447,10
-1240288.1421451175,1741129.1887113447,10
-1239824.8294285901,1741129.1887113447,10
-1239361.5167120625,1741129.1887113447,10
-1238898.2039955352,1741129.1887113447,10
-1238434.8912790075,1741129.1887113447,10
-1237971.5785624802,1741129.1887113447,10
-1237508.2658459526,1741129.1887113447,10
-1237044.9531294252,1741129.1887113447,10
-1236581.6404128976,1741129.1887113447,10
-1236118.3276963702,1741129.1887113447,10
-1235655.0149798426,1741129.1887113447,10
-1235191.7022633152,1741129.1887113447,10
-1234728.3895467876,1741129.1887113447,10
-1234265.07683026,1741129.1887113447,10
-1233801.7641137326,1741129.1887113447,10
-1233338.4513972052,1741129.1887113447,10
-1232875.1386806776,1741129.1887113447,10
-1232411.82596415,1741129.1887113447,10
-1231948.5132476226,1741129.1887113447,10
-1231485.200531095,1741129.1887113447,10
-1231021.8878145677,1741129.1887113447,10
-1230558.57509804,1741129.1887113447,10
-1230095.2623815127,1741129.1887113447,10
-1229631.949664985,1741129.1887113447,10
-1229168.6369484577,1741129.1887113447,10
-1228705.32423193,1741129.1887113447,10
-1228242.0115154027,1741129.1887113447,10
-1227778.698798875,1741129.1887113447,10
-1227315.3860823475,1741129.1887113447,10
-1226852.07336582,1741129.1887113447,10
-1226388.7606492927,1741129.1887113447,10
-1225925.4479327651,1741129.1887113447,10
-1225462.1352162375,1741129.1887113447,10
-1224998.8224997101,1741129.1887113447,10
-1224535.5097831825,1741129.1887113447,10
-1224072.1970666551,1741129.1887113447,10
-1223608.8843501275,1741129.1887113447,10
-1223145.5716336002,1741129.1887113447,10
-1222682.2589170726,1741129.1887113447,10
-1222218.9462005452,1741129.1887113447,10
-1221755.6334840176,1741129.1887113447,10
-1221292.3207674902,1741129.1887113447,10
-1220829.0080509626,1741129.1887113447,10
-1220365.6953344352,1741129.1887113447,10
-1219902.3826179076,1741129.1887113447,10
-1219439.0699013802,1741129.1887113447,10
-1218975.7571848526,1741129.1887113447,10
-1218512.444468325,1741129.1887113447,10
-1218049.1317517976,1741129.1887113447,10
-1217585.81903527,1741129.1887113447,10
-1217122.5063187426,1741129.1887113447,10
-1216659.193602215,1741129.1887113447,10
-1216195.8808856877,1741129.1887113447,10
-1215732.56816916,1741129.1887113447,10
-1215269.2554526327,1741129.1887113447,10
-1214805.942736105,1741129.1887113447,10
-1214342.6300195777,1741129.1887113447,10
-1213879.31730305,1741129.1887113447,10
-1213416.0045865227,1741129.1887113447,10
-1212952.691869995,1741129.1887113447,10
-1212489.3791534677,1741129.1887113447,10
-1212026.06643694,1741129.1887113447,10
-1211562.7537204125,1741129.1887113447,10
-1211099.4410038851,1741129.1887113447,10
-1210636.1282873575,1741129.1887113447,10
-1210172.8155708301,1741129.1887113447,10
-1209709.5028543025,1741129.1887113447,10
-1209246.1901377751,1741129.1887113447,10
-1208782.8774212475,1741129.1887113447,10
-1208319.5647047202,1741129.1887113447,10
-1207856.2519881926,1741129.1887113447,10
-1207392.9392716652,1741129.1887113447,10
-1206929.6265551376,1741129.1887113447,10
-1206466.3138386102,1741129.1887113447,10
-1206003.0011220826,1741129.1887113447,10
-1205539.6884055552,1741129.1887113447,10
-1205076.3756890276,1741129.1887113447,10
-1204613.0629725,1741129.1887113447,10
-1204149.7502559726,1741129.1887113447,10
-1203686.4375394452,1741129.1887113447,10
-1203223.1248229176,1741129.1887113447,10
-1202759.81210639,1741129.1887113447,10
-1202296.4993898626,1741129.1887113447,10
-1201833.186673335,1741129.1887113447,10
-1201369.8739568077,1741129.1887113447,10
-1200906.56124028,1741129.1887113447,10
-1200443.2485237527,1741129.1887113447,10
-1199979.935807225,1741129.1887113447,10
-1199516.6230906977,1741129.1887113447,10
-1199053.31037417,1741129.1887113447,10
-1198589.9976576427,1741129.1887113447,10
-1198126.684941115,1741129.1887113447,10
-1197663.3722245875,1741129.1887113447,10
-1197200.05950806,1741129.1887113447,10
-1196736.7467915327,1741129.1887113447,10
-1196273.4340750051,1741129.1887113447,10
-1195810.1213584775,1741129.1887113447,10
-1195346.8086419501,1741129.1887113447,10
-1194883.4959254225,1741129.1887113447,10
-1194420.1832088951,1741129.1887113447,10
-1193956.8704923675,1741129.1887113447,10
-1193493.5577758402,1741129.1887113447,10
-1193030.2450593126,1741129.1887113447,10
-1192566.9323427852,1741129.1887113447,10
-1192103.6196262576,1741129.1887113447,10
-1191640.3069097302,1741129.1887113447,10
-1191176.9941932026,1741129.1887113447,10
-1190713.6814766752,1741129.1887113447,10
-1190250.3687601476,1741129.1887113447,10
-1189787.0560436202,1741129.1887113447,10
-1189323.7433270926,1741129.1887113447,10
-1188860.430610565,1741129.1887113447,10
-1188397.1178940376,1741129.1887113447,10
-1187933.80517751,1741129.1887113447,10
-1187470.4924609826,1741129.1887113447,10
-1187007.179744455,1741129.1887113447,10
-1186543.8670279277,1741129.1887113447,10
-1186080.5543114,1741129.1887113447,10
-1185617.2415948727,1741129.1887113447,10
-1185153.928878345,1741129.1887113447,10
-1184690.6161618177,1741129.1887113447,10
-1184227.30344529,1741129.1887113447,10
-1183763.9907287627,1741129.1887113447,10
-1183300.678012235,1741129.1887113447,10
-1182837.3652957077,1741129.1887113447,10
-1182374.05257918,1741129.1887113447,10
-1181910.7398626525,1741129.1887113447,10
-1181447.4271461251,1741129.1887113447,10
-1180984.1144295975,1741129.1887113447,10
-1180520.8017130701,1741129.1887113447,10
-1180057.4889965425,1741129.1887113447,10
-1179594.1762800151,1741129.1887113447,10
-1179130.8635634875,1741129.1887113447,10
-1178667.5508469602,1741129.1887113447,10
-1178204.2381304326,1741129.1887113447,10
-1177740.9254139052,1741129.1887113447,10
-1177277.6126973776,1741129.1887113447,10
-1176814.2999808502,1741129.1887113447,10
-1176350.9872643226,1741129.1887113447,10
-1175887.6745477952,1741129.1887113447,10
-1175424.3618312676,1741129.1887113447,10
-1174961.04911474,1741129.1887113447,10
-1174497.7363982126,1741129.1887113447,10
-1174034.4236816852,1741129.1887113447,10
-1173571.1109651576,1741129.1887113447,10
-1173107.79824863,1741129.1887113447,10
-1172644.4855321026,1741129.1887113447,10
-1172181.172815575,1741129.1887113447,10
-1171717.8600990477,1741129.1887113447,10
-1171254.54738252,1741129.1887113447,10
-1170791.2346659927,1741129.1887113447,10
-1170327.921949465,1741129.1887113447,10
-1169864.6092329377,1741129.1887113447,10
-1169401.29651641,1741129.1887113447,10
-1168937.9837998827,1741129.1887113447,10
-1168474.671083355,1741129.1887113447,10
-1168011.3583668275,1741129.1887113447,10
-1167548.0456503,1741129.1887113447,10
-1167084.7329337727,1741129.1887113447,10
-1166621.4202172451,1741129.1887113447,10
-1166158.1075007175,1741129.1887113447,10
-1165694.7947841901,1741129.1887113447,10
-1165231.4820676625,1741129.1887113447,10
-1164768.1693511351,1741129.1887113447,10
-1164304.8566346075,1741129.1887113447,10
-1163841.5439180802,1741129.1887113447,10
-1163378.2312015526,1741129.1887113447,10
-1162914.9184850252,1741129.1887113447,10
-1162451.6057684976,1741129.1887113447,10
-1161988.2930519702,1741129.1887113447,10
-1161524.9803354426,1741129.1887113447,10
-1161061.6676189152,1741129.1887113447,10
-1160598.3549023876,1741129.1887113447,10
-1160135.0421858602,1741129.1887113447,10
-1159671.7294693326,1741129.1887113447,10
-1159208.416752805,1741129.1887113447,10
-1158745.1040362776,1741129.1887113447,10
-1158281.79131975,1741129.1887113447,10
-1157818.4786032226,1741129.1887113447,10
-1157355.165886695,1741129.1887113447,10
-1156891.8531701677,1741129.1887113447,10
-1156428.54045364,1741129.1887113447,10
-1155965.2277371127,1741129.1887113447,10
-1155501.915020585,1741129.1887113447,10
-1155038.6023040577,1741129.1887113447,10
-1154575.28958753,1741129.1887113447,10
-1154111.9768710027,1741129.1887113447,10
-1153648.664154475,1741129.1887113447,10
-1153185.3514379477,1741129.1887113447,10
-1152722.03872142,1741129.1887113447,10
-1152258.7260048925,1741129.1887113447,10
-1151795.4132883651,1741129.1887113447,10
-1151332.1005718375,1741129.1887113447,10
-1150868.7878553101,1741129.1887113447,10
-1150405.4751387825,1741129.1887113447,10
-1149942.1624222551,1741129.1887113447,10
-1149478.8497057275,1741129.1887113447,10
-1149015.5369892002,1741129.1887113447,10
-1148552.2242726726,1741129.1887113447,10
-1148088.9115561452,1741129.1887113447,10
-1147625.5988396176,1741129.1887113447,10
-1147162.2861230902,1741129.1887113447,10
-1146698.9734065626,1741129.1887113447,10
-1146235.6606900352,1741129.1887113447,10
-1145772.3479735076,1741129.1887113447,10
-1145309.03525698,1741129.1887113447,10
-1144845.7225404526,1741129.1887113447,10
-1144382.4098239252,1741129.1887113447,10
-1143919.0971073976,1741129.1887113447,10
-1143455.78439087,1741129.1887113447,10
-1142992.4716743426,1741129.1887113447,10
-1142529.158957815,1741129.1887113447,10
-1142065.8462412877,1741129.1887113447,10
-1141602.53352476,1741129.1887113447,10
-1141139.2208082327,1741129.1887113447,10
-1140675.908091705,1741129.1887113447,10
-1140212.5953751777,1741129.1887113447,10
-1139749.28265865,1741129.1887113447,10
-1139285.9699421227,1741129.1887113447,10
-1138822.657225595,1741129.1887113447,10
-1138359.3445090675,1741129.1887113447,10
-1137896.03179254,1741129.1887113447,10
-1137432.7190760127,1741129.1887113447,10
-1248627.7710426126,1740665.8759948171,10
-1248164.458326085,1740665.8759948171,10
-1247701.1456095576,1740665.8759948171,10
-1247237.83289303,1740665.8759948171,10
-1246774.5201765026,1740665.8759948171,10
-1246311.207459975,1740665.8759948171,10
-1245847.8947434477,1740665.8759948171,10
-1245384.58202692,1740665.8759948171,10
-1244921.2693103927,1740665.8759948171,10
-1244457.956593865,1740665.8759948171,10
-1243994.6438773377,1740665.8759948171,10
-1243531.33116081,1740665.8759948171,10
-1243068.0184442827,1740665.8759948171,10
-1242604.705727755,1740665.8759948171,10
-1242141.3930112277,1740665.8759948171,10
-1241678.0802947,1740665.8759948171,10
-1241214.7675781725,1740665.8759948171,10
-1240751.4548616451,1740665.8759948171,10
-1240288.1421451175,1740665.8759948171,10
-1239824.8294285901,1740665.8759948171,10
-1239361.5167120625,1740665.8759948171,10
-1238898.2039955352,1740665.8759948171,10
-1238434.8912790075,1740665.8759948171,10
-1237971.5785624802,1740665.8759948171,10
-1237508.2658459526,1740665.8759948171,10
-1237044.9531294252,1740665.8759948171,10
-1236581.6404128976,1740665.8759948171,10
-1236118.3276963702,1740665.8759948171,10
-1235655.0149798426,1740665.8759948171,10
-1235191.7022633152,1740665.8759948171,10
-1234728.3895467876,1740665.8759948171,10
-1234265.07683026,1740665.8759948171,10
-1233801.7641137326,1740665.8759948171,10
-1233338.4513972052,1740665.8759948171,10
-1232875.1386806776,1740665.8759948171,10
-1232411.82596415,1740665.8759948171,10
-1231948.5132476226,1740665.8759948171,10
-1231485.200531095,1740665.8759948171,10
-1231021.8878145677,1740665.8759948171,10
-1230558.57509804,1740665.8759948171,10
-1230095.2623815127,1740665.8759948171,10
-1229631.949664985,1740665.8759948171,10
-1229168.6369484577,1740665.8759948171,10
-1228705.32423193,1740665.8759948171,10
-1228242.0115154027,1740665.8759948171,10
-1227778.698798875,1740665.8759948171,10
-1227315.3860823475,1740665.8759948171,10
-1226852.07336582,1740665.8759948171,10
-1226388.7606492927,1740665.8759948171,10
-1225925.4479327651,1740665.8759948171,10
-1225462.1352162375,1740665.8759948171,10
-1224998.8224997101,1740665.8759948171,10
-1224535.5097831825,1740665.8759948171,10
-1224072.1970666551,1740665.8759948171,10
-1223608.8843501275,1740665.8759948171,10
-1223145.5716336002,1740665.8759948171,10
-1222682.2589170726,1740665.8759948171,10
-1222218.9462005452,1740665.8759948171,10
-1221755.6334840176,1740665.8759948171,10
-1221292.3207674902,1740665.8759948171,10
-1220829.0080509626,1740665.8759948171,10
-1220365.6953344352,1740665.8759948171,10
-1219902.3826179076,1740665.8759948171,10
-1219439.0699013802,1740665.8759948171,10
-1218975.7571848526,1740665.8759948171,10
-1218512.444468325,1740665.8759948171,10
-1218049.1317517976,1740665.8759948171,10
-1217585.81903527,1740665.8759948171,10
-1217122.5063187426,1740665.8759948171,10
-1216659.193602215,1740665.8759948171,10
-1216195.8808856877,1740665.8759948171,10
-1215732.56816916,1740665.8759948171,10
-1215269.2554526327,1740665.8759948171,10
-1214805.942736105,1740665.8759948171,10
-1214342.6300195777,1740665.8759948171,10
-1213879.31730305,1740665.8759948171,10
-1213416.0045865227,1740665.8759948171,10
-1212952.691869995,1740665.8759948171,10
-1212489.3791534677,1740665.8759948171,10
-1212026.06643694,1740665.8759948171,10
-1211562.7537204125,1740665.8759948171,10
-1211099.4410038851,1740665.8759948171,10
-1210636.1282873575,1740665.8759948171,10
-1210172.8155708301,1740665.8759948171,10
-1209709.5028543025,1740665.8759948171,10
-1209246.1901377751,1740665.8759948171,10
-1208782.8774212475,1740665.8759948171,10
-1208319.5647047202,1740665.8759948171,10
-1207856.2519881926,1740665.8759948171,10
-1207392.9392716652,1740665.8759948171,10
-1206929.6265551376,1740665.8759948171,10
-1206466.3138386102,1740665.8759948171,10
-1206003.0011220826,1740665.8759948171,10
-1205539.6884055552,1740665.8759948171,10
-1205076.3756890276,1740665.8759948171,10
-1204613.0629725,1740665.8759948171,10
-1204149.7502559726,1740665.8759948171,10
-1203686.4375394452,1740665.8759948171,10
-1203223.1248229176,1740665.8759948171,10
-1202759.81210639,1740665.8759948171,10
-1202296.4993898626,1740665.8759948171,10
-1201833.186673335,1740665.8759948171,10
-1201369.8739568077,1740665.8759948171,10
-1200906.56124028,1740665.8759948171,10
-1200443.2485237527,1740665.8759948171,10
-1199979.935807225,1740665.8759948171,10
-1199516.6230906977,1740665.8759948171,10
-1199053.31037417,1740665.8759948171,10
-1198589.9976576427,1740665.8759948171,10
-1198126.684941115,1740665.8759948171,10
-1197663.3722245875,1740665.8759948171,10
-1197200.05950806,1740665.8759948171,10
-1196736.7467915327,1740665.8759948171,10
-1196273.4340750051,1740665.8759948171,10
-1195810.1213584775,1740665.8759948171,10
-1195346.8086419501,1740665.8759948171,10
-1194883.4959254225,1740665.8759948171,10
-1194420.1832088951,1740665.8759948171,10
-1193956.8704923675,1740665.8759948171,10
-1193493.5577758402,1740665.8759948171,10
-1193030.2450593126,1740665.8759948171,10
-1192566.9323427852,1740665.8759948171,10
-1192103.6196262576,1740665.8759948171,10
-1191640.3069097302,1740665.8759948171,10
-1191176.9941932026,1740665.8759948171,10
-1190713.6814766752,1740665.8759948171,10
-1190250.3687601476,1740665.8759948171,10
-1189787.0560436202,1740665.8759948171,10
-1189323.7433270926,1740665.8759948171,10
-1188860.430610565,1740665.8759948171,10
-1188397.1178940376,1740665.8759948171,10
-1187933.80517751,1740665.8759948171,10
-1187470.4924609826,1740665.8759948171,10
-1187007.179744455,1740665.8759948171,10
-1186543.8670279277,1740665.8759948171,10
-1186080.5543114,1740665.8759948171,10
-1185617.2415948727,1740665.8759948171,10
-1185153.928878345,1740665.8759948171,10
-1184690.6161618177,1740665.8759948171,10
-1184227.30344529,1740665.8759948171,10
-1183763.9907287627,1740665.8759948171,10
-1183300.678012235,1740665.8759948171,10
-1182837.3652957077,1740665.8759948171,10
-1182374.05257918,1740665.8759948171,10
-1181910.7398626525,1740665.8759948171,10
-1181447.4271461251,1740665.8759948171,10
-1180984.1144295975,1740665.8759948171,10
-1180520.8017130701,1740665.8759948171,10
-1180057.4889965425,1740665.8759948171,10
-1179594.1762800151,1740665.8759948171,10
-1179130.8635634875,1740665.8759948171,10
-1178667.5508469602,1740665.8759948171,10
-1178204.2381304326,1740665.8759948171,10
-1177740.9254139052,1740665.8759948171,10
-1177277.6126973776,1740665.8759948171,10
-1176814.2999808502,1740665.8759948171,10
-1176350.9872643226,1740665.8759948171,10
-1175887.6745477952,1740665.8759948171,10
-1175424.3618312676,1740665.8759948171,10
-1174961.04911474,1740665.8759948171,10
-1174497.7363982126,1740665.8759948171,10
-1174034.4236816852,1740665.8759948171,10
-1173571.1109651576,1740665.8759948171,10
-1173107.79824863,1740665.8759948171,10
-1172644.4855321026,1740665.8759948171,10
-1172181.172815575,1740665.8759948171,10
-1171717.8600990477,1740665.8759948171,10
-1171254.54738252,1740665.8759948171,10
-1170791.2346659927,1740665.8759948171,10
-1170327.921949465,1740665.8759948171,10
-1169864.6092329377,1740665.8759948171,10
-1169401.29651641,1740665.8759948171,10
-1168937.9837998827,1740665.8759948171,10
-1168474.671083355,1740665.8759948171,10
-1168011.3583668275,1740665.8759948171,10
-1167548.0456503,1740665.8759948171,10
-1167084.7329337727,1740665.8759948171,10
-1166621.4202172451,1740665.8759948171,10
-1166158.1075007175,1740665.8759948171,10
-1165694.7947841901,1740665.8759948171,10
-1165231.4820676625,1740665.8759948171,10
-1164768.1693511351,1740665.8759948171,10
-1164304.8566346075,1740665.8759948171,10
-1163841.5439180802,1740665.8759948171,10
-1163378.2312015526,1740665.8759948171,10
-1162914.9184850252,1740665.8759948171,10
-1162451.6057684976,1740665.8759948171,10
-1161988.2930519702,1740665.8759948171,10
-1161524.9803354426,1740665.8759948171,10
-1161061.6676189152,1740665.8759948171,10
-1160598.3549023876,1740665.8759948171,10
-1160135.0421858602,1740665.8759948171,10
-1159671.7294693326,1740665.8759948171,10
-1159208.416752805,1740665.8759948171,10
-1158745.1040362776,1740665.8759948171,10
-1158281.79131975,1740665.8759948171,10
-1157818.4786032226,1740665.8759948171,10
-1157355.165886695,1740665.8759948171,10
-1156891.8531701677,1740665.8759948171,10
-1156428.54045364,1740665.8759948171,10
-1155965.2277371127,1740665.8759948171,10
-1155501.915020585,1740665.8759948171,10
-1155038.6023040577,1740665.8759948171,10
-1154575.28958753,1740665.8759948171,10
-1154111.9768710027,1740665.8759948171,10
-1153648.664154475,1740665.8759948171,10
-1153185.3514379477,1740665.8759948171,10
-1152722.03872142,1740665.8759948171,10
-1152258.7260048925,1740665.8759948171,10
-1151795.4132883651,1740665.8759948171,10
-1151332.1005718375,1740665.8759948171,10
-1150868.7878553101,1740665.8759948171,10
-1150405.4751387825,1740665.8759948171,10
-1149942.1624222551,1740665.8759948171,10
-1149478.8497057275,1740665.8759948171,10
-1149015.5369892002,1740665.8759948171,10
-1148552.2242726726,1740665.8759948171,10
-1148088.9115561452,1740665.8759948171,10
-1147625.5988396176,1740665.8759948171,10
-1147162.2861230902,1740665.8759948171,10
-1146698.9734065626,1740665.8759948171,10
-1146235.6606900352,1740665.8759948171,10
-1145772.3479735076,1740665.8759948171,10
-1145309.03525698,1740665.8759948171,10
-1144845.7225404526,1740665.8759948171,10
-1144382.4098239252,1740665.8759948171,10
-1143919.0971073976,1740665.8759948171,10
-1143455.78439087,1740665.8759948171,10
-1142992.4716743426,1740665.8759948171,10
-1142529.158957815,1740665.8759948171,10
-1142065.8462412877,1740665.8759948171,10
-1141602.53352476,1740665.8759948171,10
-1141139.2208082327,1740665.8759948171,10
-1140675.908091705,1740665.8759948171,10
-1140212.5953751777,1740665.8759948171,10
-1139749.28265865,1740665.8759948171,10
-1139285.9699421227,1740665.8759948171,10
-1138822.657225595,1740665.8759948171,10
-1138359.3445090675,1740665.8759948171,10
-1137896.03179254,1740665.8759948171,10
-1137432.7190760127,1740665.8759948171,10
-1248627.7710426126,1740202.5632782897,10
-1248164.458326085,1740202.5632782897,10
-1247701.1456095576,1740202.5632782897,10
-1247237.83289303,1740202.5632782897,10
-1246774.5201765026,1740202.5632782897,10
-1246311.207459975,1740202.5632782897,10
-1245847.8947434477,1740202.5632782897,10
-1245384.58202692,1740202.5632782897,10
-1244921.2693103927,1740202.5632782897,10
-1244457.956593865,1740202.5632782897,10
-1243994.6438773377,1740202.5632782897,10
-1243531.33116081,1740202.5632782897,10
-1243068.0184442827,1740202.5632782897,10
-1242604.705727755,1740202.5632782897,10
-1242141.3930112277,1740202.5632782897,10
-1241678.0802947,1740202.5632782897,10
-1241214.7675781725,1740202.5632782897,10
-1240751.4548616451,1740202.5632782897,10
-1240288.1421451175,1740202.5632782897,10
-1239824.8294285901,1740202.5632782897,10
-1239361.5167120625,1740202.5632782897,10
-1238898.2039955352,1740202.5632782897,10
-1238434.8912790075,1740202.5632782897,10
-1237971.5785624802,1740202.5632782897,10
-1237508.2658459526,1740202.5632782897,10
-1237044.9531294252,1740202.5632782897,10
-1236581.6404128976,1740202.5632782897,10
-1236118.3276963702,1740202.5632782897,10
-1235655.0149798426,1740202.5632782897,10
-1235191.7022633152,1740202.5632782897,10
-1234728.3895467876,1740202.5632782897,10
-1234265.07683026,1740202.5632782897,10
-1233801.7641137326,1740202.5632782897,10
-1233338.4513972052,1740202.5632782897,10
-1232875.1386806776,1740202.5632782897,10
-1232411.82596415,1740202.5632782897,10
-1231948.5132476226,1740202.5632782897,10
-1231485.200531095,1740202.5632782897,10
-1231021.8878145677,1740202.5632782897,10
-1230558.57509804,1740202.5632782897,10
-1230095.2623815127,1740202.5632782897,10
-1229631.949664985,1740202.5632782897,10
-1229168.6369484577,1740202.5632782897,10
-1228705.32423193,1740202.5632782897,10
-1228242.0115154027,1740202.5632782897,10
-1227778.698798875,1740202.5632782897,10
-1227315.3860823475,1740202.5632782897,10
-1226852.07336582,1740202.5632782897,10
-1226388.7606492927,1740202.5632782897,10
-1225925.4479327651,1740202.5632782897,10
-1225462.1352162375,1740202.5632782897,10
-1224998.8224997101,1740202.5632782897,10
-1224535.5097831825,1740202.5632782897,10
-1224072.1970666551,1740202.5632782897,10
-1223608.8843501275,1740202.5632782897,10
-1223145.5716336002,1740202.5632782897,10
-1222682.2589170726,1740202.5632782897,10
-1222218.9462005452,1740202.5632782897,10
-1221755.6334840176,1740202.5632782897,10
-1221292.3207674902,1740202.5632782897,10
-1220829.0080509626,1740202.5632782897,10
-1220365.6953344352,1740202.5632782897,10
-1219902.3826179076,1740202.5632782897,10
-1219439.0699013802,1740202.5632782897,10
-1218975.7571848526,1740202.5632782897,10
-1218512.444468325,1740202.5632782897,10
-1218049.1317517976,1740202.5632782897,10
-1217585.81903527,1740202.5632782897,10
-1217122.5063187426,1740202.5632782897,10
-1216659.193602215,1740202.5632782897,10
-1216195.8808856877,1740202.5632782897,10
-1215732.56816916,1740202.5632782897,10
-1215269.2554526327,1740202.5632782897,10
-1214805.942736105,1740202.5632782897,10
-1214342.6300195777,1740202.5632782897,10
-1213879.31730305,1740202.5632782897,10
-1213416.0045865227,1740202.5632782897,10
-1212952.691869995,1740202.5632782897,10
-1212489.3791534677,1740202.5632782897,10
-1212026.06643694,1740202.5632782897,10
-1211562.7537204125,1740202.5632782897,10
-1211099.4410038851,1740202.5632782897,10
-1210636.1282873575,1740202.5632782897,10
-1210172.8155708301,1740202.5632782897,10
-1209709.5028543025,1740202.5632782897,10
-1209246.1901377751,1740202.5632782897,10
-1208782.8774212475,1740202.5632782897,10
-1208319.5647047202,1740202.5632782897,10
-1207856.2519881926,1740202.5632782897,10
-1207392.9392716652,1740202.5632782897,10
-1206929.6265551376,1740202.5632782897,10
-1206466.3138386102,1740202.5632782897,10
-1206003.0011220826,1740202.5632782897,10
-1205539.6884055552,1740202.5632782897,10
-1205076.3756890276,1740202.5632782897,10
-1204613.0629725,1740202.5632782897,10
-1204149.7502559726,1740202.5632782897,10
-1203686.4375394452,1740202.5632782897,10
-1203223.1248229176,1740202.5632782897,10
-1202759.81210639,1740202.5632782897,10
-1202296.4993898626,1740202.5632782897,10
-1201833.186673335,1740202.5632782897,10
-1201369.8739568077,1740202.5632782897,10
-1200906.56124028,1740202.5632782897,10
-1200443.2485237527,1740202.5632782897,10
-1199979.935807225,1740202.5632782897,10
-1199516.6230906977,1740202.5632782897,10
-1199053.31037417,1740202.5632782897,10
-1198589.9976576427,1740202.5632782897,10
-1198126.684941115,1740202.5632782897,10
-1197663.3722245875,1740202.5632782897,10
-1197200.05950806,1740202.5632782897,10
-1196736.7467915327,1740202.5632782897,10
-1196273.4340750051,1740202.5632782897,10
-1195810.1213584775,1740202.5632782897,10
-1195346.8086419501,1740202.5632782897,10
-1194883.4959254225,1740202.5632782897,10
-1194420.1832088951,1740202.5632782897,10
-1193956.8704923675,1740202.5632782897,10
-1193493.5577758402,1740202.5632782897,10
-1193030.2450593126,1740202.5632782897,10
-1192566.9323427852,1740202.5632782897,10
-1192103.6196262576,1740202.5632782897,10
-1191640.3069097302,1740202.5632782897,10
-1191176.9941932026,1740202.5632782897,10
-1190713.6814766752,1740202.5632782897,10
-1190250.3687601476,1740202.5632782897,10
-1189787.0560436202,1740202.5632782897,10
-1189323.7433270926,1740202.5632782897,10
-1188860.430610565,1740202.5632782897,10
-1188397.1178940376,1740202.5632782897,10
-1187933.80517751,1740202.5632782897,10
-1187470.4924609826,1740202.5632782897,10
-1187007.179744455,1740202.5632782897,10
-1186543.8670279277,1740202.5632782897,10
-1186080.5543114,1740202.5632782897,10
-1185617.2415948727,1740202.5632782897,10
-1185153.928878345,1740202.5632782897,10
-1184690.6161618177,1740202.5632782897,10
-1184227.30344529,1740202.5632782897,10
-1183763.9907287627,1740202.5632782897,10
-1183300.678012235,1740202.5632782897,10
-1182837.3652957077,1740202.5632782897,10
-1182374.05257918,1740202.5632782897,10
-1181910.7398626525,1740202.5632782897,10
-1181447.4271461251,1740202.5632782897,10
-1180984.1144295975,1740202.5632782897,10
-1180520.8017130701,1740202.5632782897,10
-1180057.4889965425,1740202.5632782897,10
-1179594.1762800151,1740202.5632782897,10
-1179130.8635634875,1740202.5632782897,10
-1178667.5508469602,1740202.5632782897,10
-1178204.2381304326,1740202.5632782897,10
-1177740.9254139052,1740202.5632782897,10
-1177277.6126973776,1740202.5632782897,10
-1176814.2999808502,1740202.5632782897,10
-1176350.9872643226,1740202.5632782897,10
-1175887.6745477952,1740202.5632782897,10
-1175424.3618312676,1740202.5632782897,10
-1174961.04911474,1740202.5632782897,10
-1174497.7363982126,1740202.5632782897,10
-1174034.4236816852,1740202.5632782897,10
-1173571.1109651576,1740202.5632782897,10
-1173107.79824863,1740202.5632782897,10
-1172644.4855321026,1740202.5632782897,10
-1172181.172815575,1740202.5632782897,10
-1171717.8600990477,1740202.5632782897,10
-1171254.54738252,1740202.5632782897,10
-1170791.2346659927,1740202.5632782897,10
-1170327.921949465,1740202.5632782897,10
-1169864.6092329377,1740202.5632782897,10
-1169401.29651641,1740202.5632782897,10
-1168937.9837998827,1740202.5632782897,10
-1168474.671083355,1740202.5632782897,10
-1168011.3583668275,1740202.5632782897,10
-1167548.0456503,1740202.5632782897,10
-1167084.7329337727,1740202.5632782897,10
-1166621.4202172451,1740202.5632782897,10
-1166158.1075007175,1740202.5632782897,10
-1165694.7947841901,1740202.5632782897,10
-1165231.4820676625,1740202.5632782897,10
-1164768.1693511351,1740202.5632782897,10
-1164304.8566346075,1740202.5632782897,10
-1163841.5439180802,1740202.5632782897,10
-1163378.2312015526,1740202.5632782897,10
-1162914.9184850252,1740202.5632782897,10
-1162451.6057684976,1740202.5632782897,10
-1161988.2930519702,1740202.5632782897,10
-1161524.9803354426,1740202.5632782897,10
-1161061.6676189152,1740202.5632782897,10
-1160598.3549023876,1740202.5632782897,10
-1160135.0421858602,1740202.5632782897,10
-1159671.7294693326,1740202.5632782897,10
-1159208.416752805,1740202.5632782897,10
-1158745.1040362776,1740202.5632782897,10
-1158281.79131975,1740202.5632782897,10
-1157818.4786032226,1740202.5632782897,10
-1157355.165886695,1740202.5632782897,10
-1156891.8531701677,1740202.5632782897,10
-1156428.54045364,1740202.5632782897,10
-1155965.2277371127,1740202.5632782897,10
-1155501.915020585,1740202.5632782897,10
-1155038.6023040577,1740202.5632782897,10
-1154575.28958753,1740202.5632782897,10
-1154111.9768710027,1740202.5632782897,10
-1153648.664154475,1740202.5632782897,10
-1153185.3514379477,1740202.5632782897,10
-1152722.03872142,1740202.5632782897,10
-1152258.7260048925,1740202.5632782897,10
-1151795.4132883651,1740202.5632782897,10
-1151332.1005718375,1740202.5632782897,10
-1150868.7878553101,1740202.5632782897,10
-1150405.4751387825,1740202.5632782897,10
-1149942.1624222551,1740202.5632782897,10
-1149478.8497057275,1740202.5632782897,10
-1149015.5369892002,1740202.5632782897,10
-1148552.2242726726,1740202.5632782897,10
-1148088.9115561452,1740202.5632782897,10
-1147625.5988396176,1740202.5632782897,10
-1147162.2861230902,1740202.5632782897,10
-1146698.9734065626,1740202.5632782897,10
-1146235.6606900352,1740202.5632782897,10
-1145772.3479735076,1740202.5632782897,10
-1145309.03525698,1740202.5632782897,10
-1144845.7225404526,1740202.5632782897,10
-1144382.4098239252,1740202.5632782897,10
-1143919.0971073976,1740202.5632782897,10
-1143455.78439087,1740202.5632782897,10
-1142992.4716743426,1740202.5632782897,10
-1142529.158957815,1740202.5632782897,10
-1142065.8462412877,1740202.5632782897,10
-1141602.53352476,1740202.5632782897,10
-1141139.2208082327,1740202.5632782897,10
-1140675.908091705,1740202.5632782897,10
-1140212.5953751777,1740202.5632782897,10
-1139749.28265865,1740202.5632782897,10
-1139285.9699421227,1740202.5632782897,10
-1138822.657225595,1740202.5632782897,10
-1138359.3445090675,1740202.5632782897,10
-1137896.03179254,1740202.5632782897,10
-1137432.7190760127,1740202.5632782897,10
-1248627.7710426126,1739739.2505617621,10
-1248164.458326085,1739739.2505617621,10
-1247701.1456095576,1739739.2505617621,10
-1247237.83289303,1739739.2505617621,10
-1246774.5201765026,1739739.2505617621,10
-1246311.207459975,1739739.2505617621,10
-1245847.8947434477,1739739.2505617621,10
-1245384.58202692,1739739.2505617621,10
-1244921.2693103927,1739739.2505617621,10
-1244457.956593865,1739739.2505617621,10
-1243994.6438773377,1739739.2505617621,10
-1243531.33116081,1739739.2505617621,10
-1243068.0184442827,1739739.2505617621,10
-1242604.705727755,1739739.2505617621,10
-1242141.3930112277,1739739.2505617621,10
-1241678.0802947,1739739.2505617621,10
-1241214.7675781725,1739739.2505617621,10
-1240751.4548616451,1739739.2505617621,10
-1240288.1421451175,1739739.2505617621,10
-1239824.8294285901,1739739.2505617621,10
-1239361.5167120625,1739739.2505617621,10
-1238898.2039955352,1739739.2505617621,10
-1238434.8912790075,1739739.2505617621,10
-1237971.5785624802,1739739.2505617621,10
-1237508.2658459526,1739739.2505617621,10
-1237044.9531294252,1739739.2505617621,10
-1236581.6404128976,1739739.2505617621,10
-1236118.3276963702,1739739.2505617621,10
-1235655.0149798426,1739739.2505617621,10
-1235191.7022633152,1739739.2505617621,10
-1234728.3895467876,1739739.2505617621,10
-1234265.07683026,1739739.2505617621,10
-1233801.7641137326,1739739.2505617621,10
-1233338.4513972052,1739739.2505617621,10
-1232875.1386806776,1739739.2505617621,10
-1232411.82596415,1739739.2505617621,10
-1231948.5132476226,1739739.2505617621,10
-1231485.200531095,1739739.2505617621,10
-1231021.8878145677,1739739.2505617621,10
-1230558.57509804,1739739.2505617621,10
-1230095.2623815127,1739739.2505617621,10
-1229631.949664985,1739739.2505617621,10
-1229168.6369484577,1739739.2505617621,10
-1228705.32423193,1739739.2505617621,10
-1228242.0115154027,1739739.2505617621,10
-1227778.698798875,1739739.2505617621,10
-1227315.3860823475,1739739.2505617621,10
-1226852.07336582,1739739.2505617621,10
-1226388.7606492927,1739739.2505617621,10
-1225925.4479327651,1739739.2505617621,10
-1225462.1352162375,1739739.2505617621,10
-1224998.8224997101,1739739.2505617621,10
-1224535.5097831825,1739739.2505617621,10
-1224072.1970666551,1739739.2505617621,10
-1223608.8843501275,1739739.2505617621,10
-1223145.5716336002,1739739.2505617621,10
-1222682.2589170726,1739739.2505617621,10
-1222218.9462005452,1739739.2505617621,10
-1221755.6334840176,1739739.2505617621,10
-1221292.3207674902,1739739.2505617621,10
-1220829.0080509626,1739739.2505617621,10
-1220365.6953344352,1739739.2505617621,10
-1219902.3826179076,1739739.2505617621,10
-1219439.0699013802,1739739.2505617621,10
-1218975.7571848526,1739739.2505617621,10
-1218512.444468325,1739739.2505617621,10
-1218049.1317517976,1739739.2505617621,10
-1217585.81903527,1739739.2505617621,10
-1217122.5063187426,1739739.2505617621,10
-1216659.193602215,1739739.2505617621,10
-1216195.8808856877,1739739.2505617621,10
-1215732.56816916,1739739.2505617621,10
-1215269.2554526327,1739739.2505617621,10
-1214805.942736105,1739739.2505617621,10
-1214342.6300195777,1739739.2505617621,10
-1213879.31730305,1739739.2505617621,10
-1213416.0045865227,1739739.2505617621,10
-1212952.691869995,1739739.2505617621,10
-1212489.3791534677,1739739.2505617621,10
-1212026.06643694,1739739.2505617621,10
-1211562.7537204125,1739739.2505617621,10
-1211099.4410038851,1739739.2505617621,10
-1210636.1282873575,1739739.2505617621,10
-1210172.8155708301,1739739.2505617621,10
-1209709.5028543025,1739739.2505617621,10
-1209246.1901377751,1739739.2505617621,10
-1208782.8774212475,1739739.2505617621,10
-1208319.5647047202,1739739.2505617621,10
-1207856.2519881926,1739739.2505617621,10
-1207392.9392716652,1739739.2505617621,10
-1206929.6265551376,1739739.2505617621,10
-1206466.3138386102,1739739.2505617621,10
-1206003.0011220826,1739739.2505617621,10
-1205539.6884055552,1739739.2505617621,10
-1205076.3756890276,1739739.2505617621,10
-1204613.0629725,1739739.2505617621,10
-1204149.7502559726,1739739.2505617621,10
-1203686.4375394452,1739739.2505617621,10
-1203223.1248229176,1739739.2505617621,10
-1202759.81210639,1739739.2505617621,10
-1202296.4993898626,1739739.2505617621,10
-1201833.186673335,1739739.2505617621,10
-1201369.8739568077,1739739.2505617621,10
-1200906.56124028,1739739.2505617621,10
-1200443.2485237527,1739739.2505617621,10
-1199979.935807225,1739739.2505617621,10
-1199516.6230906977,1739739.2505617621,10
-1199053.31037417,1739739.2505617621,10
-1198589.9976576427,1739739.2505617621,10
-1198126.684941115,1739739.2505617621,10
-1197663.3722245875,1739739.2505617621,10
-1197200.05950806,1739739.2505617621,10
-1196736.7467915327,1739739.2505617621,10
-1196273.4340750051,1739739.2505617621,10
-1195810.1213584775,1739739.2505617621,10
-1195346.8086419501,1739739.2505617621,10
-1194883.4959254225,1739739.2505617621,10
-1194420.1832088951,1739739.2505617621,10
-1193956.8704923675,1739739.2505617621,10
-1193493.5577758402,1739739.2505617621,10
-1193030.2450593126,1739739.2505617621,10
-1192566.9323427852,1739739.2505617621,10
-1192103.6196262576,1739739.2505617621,10
-1191640.3069097302,1739739.2505617621,10
-1191176.9941932026,1739739.2505617621,10
-1190713.6814766752,1739739.2505617621,10
-1190250.3687601476,1739739.2505617621,10
-1189787.0560436202,1739739.2505617621,10
-1189323.7433270926,1739739.2505617621,10
-1188860.430610565,1739739.2505617621,10
-1188397.1178940376,1739739.2505617621,10
-1187933.80517751,1739739.2505617621,10
-1187470.4924609826,1739739.2505617621,10
-1187007.179744455,1739739.2505617621,10
-1186543.8670279277,1739739.2505617621,10
-1186080.5543114,1739739.2505617621,10
-1185617.2415948727,1739739.2505617621,10
-1185153.928878345,1739739.2505617621,10
-1184690.6161618177,1739739.2505617621,10
-1184227.30344529,1739739.2505617621,10
-1183763.9907287627,1739739.2505617621,10
-1183300.678012235,1739739.2505617621,10
-1182837.3652957077,1739739.2505617621,10
-1182374.05257918,1739739.2505617621,10
-1181910.7398626525,1739739.2505617621,10
-1181447.4271461251,1739739.2505617621,10
-1180984.1144295975,1739739.2505617621,10
-1180520.8017130701,1739739.2505617621,10
-1180057.4889965425,1739739.2505617621,10
-1179594.1762800151,1739739.2505617621,10
-1179130.8635634875,1739739.2505617621,10
-1178667.5508469602,1739739.2505617621,10
-1178204.2381304326,1739739.2505617621,10
-1177740.9254139052,1739739.2505617621,10
-1177277.6126973776,1739739.2505617621,10
-1176814.2999808502,1739739.2505617621,10
-1176350.9872643226,1739739.2505617621,10
-1175887.6745477952,1739739.2505617621,10
-1175424.3618312676,1739739.2505617621,10
-1174961.04911474,1739739.2505617621,10
-1174497.7363982126,1739739.2505617621,10
-1174034.4236816852,1739739.2505617621,10
-1173571.1109651576,1739739.2505617621,10
-1173107.79824863,1739739.2505617621,10
-1172644.4855321026,1739739.2505617621,10
-1172181.172815575,1739739.2505617621,10
-1171717.8600990477,1739739.2505617621,10
-1171254.54738252,1739739.2505617621,10
-1170791.2346659927,1739739.2505617621,10
-1170327.921949465,1739739.2505617621,10
-1169864.6092329377,1739739.2505617621,10
-1169401.29651641,1739739.2505617621,10
-1168937.9837998827,1739739.2505617621,10
-1168474.671083355,1739739.2505617621,10
-1168011.3583668275,1739739.2505617621,10
-1167548.0456503,1739739.2505617621,10
-1167084.7329337727,1739739.2505617621,10
-1166621.4202172451,1739739.2505617621,10
-1166158.1075007175,1739739.2505617621,10
-1165694.7947841901,1739739.2505617621,10
-1165231.4820676625,1739739.2505617621,10
-1164768.1693511351,1739739.2505617621,10
-1164304.8566346075,1739739.2505617621,10
-1163841.5439180802,1739739.2505617621,10
-1163378.2312015526,1739739.2505617621,10
-1162914.9184850252,1739739.2505617621,10
-1162451.6057684976,1739739.2505617621,10
-1161988.2930519702,1739739.2505617621,10
-1161524.9803354426,1739739.2505617621,10
-1161061.6676189152,1739739.2505617621,10
-1160598.3549023876,1739739.2505617621,10
-1160135.0421858602,1739739.2505617621,10
-1159671.7294693326,1739739.2505617621,10
-1159208.416752805,1739739.2505617621,10
-1158745.1040362776,1739739.2505617621,10
-1158281.79131975,1739739.2505617621,10
-1157818.4786032226,1739739.2505617621,10
-1157355.165886695,1739739.2505617621,10
-1156891.8531701677,1739739.2505617621,10
-1156428.54045364,1739739.2505617621,10
-1155965.2277371127,1739739.2505617621,10
-1155501.915020585,1739739.2505617621,10
-1155038.6023040577,1739739.2505617621,10
-1154575.28958753,1739739.2505617621,10
-1154111.9768710027,1739739.2505617621,10
-1153648.664154475,1739739.2505617621,10
-1153185.3514379477,1739739.2505617621,10
-1152722.03872142,1739739.2505617621,10
-1152258.7260048925,1739739.2505617621,10
-1151795.4132883651,1739739.2505617621,10
-1151332.1005718375,1739739.2505617621,10
-1150868.7878553101,1739739.2505617621,10
-1150405.4751387825,1739739.2505617621,10
-1149942.1624222551,1739739.2505617621,10
-1149478.8497057275,1739739.2505617621,10
-1149015.5369892002,1739739.2505617621,10
-1148552.2242726726,1739739.2505617621,10
-1148088.9115561452,1739739.2505617621,10
-1147625.5988396176,1739739.2505617621,10
-1147162.2861230902,1739739.2505617621,10
-1146698.9734065626,1739739.2505617621,10
-1146235.6606900352,1739739.2505617621,10
-1145772.3479735076,1739739.2505617621,10
-1145309.03525698,1739739.2505617621,10
-1144845.7225404526,1739739.2505617621,10
-1144382.4098239252,1739739.2505617621,10
-1143919.0971073976,1739739.2505617621,10
-1143455.78439087,1739739.2505617621,10
-1142992.4716743426,1739739.2505617621,10
-1142529.158957815,1739739.2505617621,10
-1142065.8462412877,1739739.2505617621,10
-1141602.53352476,1739739.2505617621,10
-1141139.2208082327,1739739.2505617621,10
-1140675.908091705,1739739.2505617621,10
-1140212.5953751777,1739739.2505617621,10
-1139749.28265865,1739739.2505617621,10
-1139285.9699421227,1739739.2505617621,10
-1138822.657225595,1739739.2505617621,10
-1138359.3445090675,1739739.2505617621,10
-1137896.03179254,1739739.2505617621,10
-1137432.7190760127,1739739.2505617621,10
-1248627.7710426126,1739275.9378452348,10
-1248164.458326085,1739275.9378452348,10
-1247701.1456095576,1739275.9378452348,10
-1247237.83289303,1739275.9378452348,10
-1246774.5201765026,1739275.9378452348,10
-1246311.207459975,1739275.9378452348,10
-1245847.8947434477,1739275.9378452348,10
-1245384.58202692,1739275.9378452348,10
-1244921.2693103927,1739275.9378452348,10
-1244457.956593865,1739275.9378452348,10
-1243994.6438773377,1739275.9378452348,10
-1243531.33116081,1739275.9378452348,10
-1243068.0184442827,1739275.9378452348,10
-1242604.705727755,1739275.9378452348,10
-1242141.3930112277,1739275.9378452348,10
-1241678.0802947,1739275.9378452348,10
-1241214.7675781725,1739275.9378452348,10
-1240751.4548616451,1739275.9378452348,10
-1240288.1421451175,1739275.9378452348,10
-1239824.8294285901,1739275.9378452348,10
-1239361.5167120625,1739275.9378452348,10
-1238898.2039955352,1739275.9378452348,10
-1238434.8912790075,1739275.9378452348,10
-1237971.5785624802,1739275.9378452348,10
-1237508.2658459526,1739275.9378452348,10
-1237044.9531294252,1739275.9378452348,10
-1236581.6404128976,1739275.9378452348,10
-1236118.3276963702,1739275.9378452348,10
-1235655.0149798426,1739275.9378452348,10
-1235191.7022633152,1739275.9378452348,10
-1234728.3895467876,1739275.9378452348,10
-1234265.07683026,1739275.9378452348,10
-1233801.7641137326,1739275.9378452348,10
-1233338.4513972052,1739275.9378452348,10
-1232875.1386806776,1739275.9378452348,10
-1232411.82596415,1739275.9378452348,10
-1231948.5132476226,1739275.9378452348,10
-1231485.200531095,1739275.9378452348,10
-1231021.8878145677,1739275.9378452348,10
-1230558.57509804,1739275.9378452348,10
-1230095.2623815127,1739275.9378452348,10
-1229631.949664985,1739275.9378452348,10
-1229168.6369484577,1739275.9378452348,10
-1228705.32423193,1739275.9378452348,10
-1228242.0115154027,1739275.9378452348,10
-1227778.698798875,1739275.9378452348,10
-1227315.3860823475,1739275.9378452348,10
-1226852.07336582,1739275.9378452348,10
-1226388.7606492927,1739275.9378452348,10
-1225925.4479327651,1739275.9378452348,10
-1225462.1352162375,1739275.9378452348,10
-1224998.8224997101,1739275.9378452348,10
-1224535.5097831825,1739275.9378452348,10
-1224072.1970666551,1739275.9378452348,10
-1223608.8843501275,1739275.9378452348,10
-1223145.5716336002,1739275.9378452348,10
-1222682.2589170726,1739275.9378452348,10
-1222218.9462005452,1739275.9378452348,10
-1221755.6334840176,1739275.9378452348,10
-1221292.3207674902,1739275.9378452348,10
-1220829.0080509626,1739275.9378452348,10
-1220365.6953344352,1739275.9378452348,10
-1219902.3826179076,1739275.9378452348,10
-1219439.0699013802,1739275.9378452348,10
-1218975.7571848526,1739275.9378452348,10
-1218512.444468325,1739275.9378452348,10
-1218049.1317517976,1739275.9378452348,10
-1217585.81903527,1739275.9378452348,10
-1217122.5063187426,1739275.9378452348,10
-1216659.193602215,1739275.9378452348,10
-1216195.8808856877,1739275.9378452348,10
-1215732.56816916,1739275.9378452348,10
-1215269.2554526327,1739275.9378452348,10
-1214805.942736105,1739275.9378452348,10
-1214342.6300195777,1739275.9378452348,10
-1213879.31730305,1739275.9378452348,10
-1213416.0045865227,1739275.9378452348,10
-1212952.691869995,1739275.9378452348,10
-1212489.3791534677,1739275.9378452348,10
-1212026.06643694,1739275.9378452348,10
-1211562.7537204125,1739275.9378452348,10
-1211099.4410038851,1739275.9378452348,10
-1210636.1282873575,1739275.9378452348,10
-1210172.8155708301,1739275.9378452348,10
-1209709.5028543025,1739275.9378452348,10
-1209246.1901377751,1739275.9378452348,10
-1208782.8774212475,1739275.9378452348,10
-1208319.5647047202,1739275.9378452348,10
-1207856.2519881926,1739275.9378452348,10
-1207392.9392716652,1739275.9378452348,10
-1206929.6265551376,1739275.9378452348,10
-1206466.3138386102,1739275.9378452348,10
-1206003.0011220826,1739275.9378452348,10
-1205539.6884055552,1739275.9378452348,10
-1205076.3756890276,1739275.9378452348,10
-1204613.0629725,1739275.9378452348,10
-1204149.7502559726,1739275.9378452348,10
-1203686.4375394452,1739275.9378452348,10
-1203223.1248229176,1739275.9378452348,10
-1202759.81210639,1739275.9378452348,10
-1202296.4993898626,1739275.9378452348,10
-1201833.186673335,1739275.9378452348,10
-1201369.8739568077,1739275.9378452348,10
-1200906.56124028,1739275.9378452348,10
-1200443.2485237527,1739275.9378452348,10
-1199979.935807225,1739275.9378452348,10
-1199516.6230906977,1739275.9378452348,10
-1199053.31037417,1739275.9378452348,10
-1198589.9976576427,1739275.9378452348,10
-1198126.684941115,1739275.9378452348,10
-1197663.3722245875,1739275.9378452348,10
-1197200.05950806,1739275.9378452348,10
-1196736.7467915327,1739275.9378452348,10
-1196273.4340750051,1739275.9378452348,10
-1195810.1213584775,1739275.9378452348,10
-1195346.8086419501,1739275.9378452348,10
-1194883.4959254225,1739275.9378452348,10
-1194420.1832088951,1739275.9378452348,10
-1193956.8704923675,1739275.9378452348,10
-1193493.5577758402,1739275.9378452348,10
-1193030.2450593126,1739275.9378452348,10
-1192566.9323427852,1739275.9378452348,10
-1192103.6196262576,1739275.9378452348,10
-1191640.3069097302,1739275.9378452348,10
-1191176.9941932026,1739275.9378452348,10
-1190713.6814766752,1739275.9378452348,10
-1190250.3687601476,1739275.9378452348,10
-1189787.0560436202,1739275.9378452348,10
-1189323.7433270926,1739275.9378452348,10
-1188860.430610565,1739275.9378452348,10
-1188397.1178940376,1739275.9378452348,10
-1187933.80517751,1739275.9378452348,10
-1187470.4924609826,1739275.9378452348,10
-1187007.179744455,1739275.9378452348,10
-1186543.8670279277,1739275.9378452348,10
-1186080.5543114,1739275.9378452348,10
-1185617.2415948727,1739275.9378452348,10
-1185153.928878345,1739275.9378452348,10
-1184690.6161618177,1739275.9378452348,10
-1184227.30344529,1739275.9378452348,10
-1183763.9907287627,1739275.9378452348,10
-1183300.678012235,1739275.9378452348,10
-1182837.3652957077,1739275.9378452348,10
-1182374.05257918,1739275.9378452348,10
-1181910.7398626525,1739275.9378452348,10
-1181447.4271461251,1739275.9378452348,10
-1180984.1144295975,1739275.9378452348,10
-1180520.8017130701,1739275.9378452348,10
-1180057.4889965425,1739275.9378452348,10
-1179594.1762800151,1739275.9378452348,10
-1179130.8635634875,1739275.9378452348,10
-1178667.5508469602,1739275.9378452348,10
-1178204.2381304326,1739275.9378452348,10
-1177740.9254139052,1739275.9378452348,10
-1177277.6126973776,1739275.9378452348,10
-1176814.2999808502,1739275.9378452348,10
-1176350.9872643226,1739275.9378452348,10
-1175887.6745477952,1739275.9378452348,10
-1175424.3618312676,1739275.9378452348,10
-1174961.04911474,1739275.9378452348,10
-1174497.7363982126,1739275.9378452348,10
-1174034.4236816852,1739275.9378452348,10
-1173571.1109651576,1739275.9378452348,10
-1173107.79824863,1739275.9378452348,10
-1172644.4855321026,1739275.9378452348,10
-1172181.172815575,1739275.9378452348,10
-1171717.8600990477,1739275.9378452348,10
-1171254.54738252,1739275.9378452348,10
-1170791.2346659927,1739275.9378452348,10
-1170327.921949465,1739275.9378452348,10
-1169864.6092329377,1739275.9378452348,10
-1169401.29651641,1739275.9378452348,10
-1168937.9837998827,1739275.9378452348,10
-1168474.671083355,1739275.9378452348,10
-1168011.3583668275,1739275.9378452348,10
-1167548.0456503,1739275.9378452348,10
-1167084.7329337727,1739275.9378452348,10
-1166621.4202172451,1739275.9378452348,10
-1166158.1075007175,1739275.9378452348,10
-1165694.7947841901,1739275.9378452348,10
-1165231.4820676625,1739275.9378452348,10
-1164768.1693511351,1739275.9378452348,10
-1164304.8566346075,1739275.9378452348,10
-1163841.5439180802,1739275.9378452348,10
-1163378.2312015526,1739275.9378452348,10
-1162914.9184850252,1739275.9378452348,10
-1162451.6057684976,1739275.9378452348,10
-1161988.2930519702,1739275.9378452348,10
-1161524.9803354426,1739275.9378452348,10
-1161061.6676189152,1739275.9378452348,10
-1160598.3549023876,1739275.9378452348,10
-1160135.0421858602,1739275.9378452348,10
-1159671.7294693326,1739275.9378452348,10
-1159208.416752805,1739275.9378452348,10
-1158745.1040362776,1739275.9378452348,10
-1158281.79131975,1739275.9378452348,10
-1157818.4786032226,1739275.9378452348,10
-1157355.165886695,1739275.9378452348,10
-1156891.8531701677,1739275.9378452348,10
-1156428.54045364,1739275.9378452348,10
-1155965.2277371127,1739275.9378452348,10
-1155501.915020585,1739275.9378452348,10
-1155038.6023040577,1739275.9378452348,10
-1154575.28958753,1739275.9378452348,10
-1154111.9768710027,1739275.9378452348,10
-1153648.664154475,1739275.9378452348,10
-1153185.3514379477,1739275.9378452348,10
-1152722.03872142,1739275.9378452348,10
-1152258.7260048925,1739275.9378452348,10
-1151795.4132883651,1739275.9378452348,10
-1151332.1005718375,1739275.9378452348,10
-1150868.7878553101,1739275.9378452348,10
-1150405.4751387825,1739275.9378452348,10
-1149942.1624222551,1739275.9378452348,10
-1149478.8497057275,1739275.9378452348,10
-1149015.5369892002,1739275.9378452348,10
-1148552.2242726726,1739275.9378452348,10
-1148088.9115561452,1739275.9378452348,10
-1147625.5988396176,1739275.9378452348,10
-1147162.2861230902,1739275.9378452348,10
-1146698.9734065626,1739275.9378452348,10
-1146235.6606900352,1739275.9378452348,10
-1145772.3479735076,1739275.9378452348,10
-1145309.03525698,1739275.9378452348,10
-1144845.7225404526,1739275.9378452348,10
-1144382.4098239252,1739275.9378452348,10
-1143919.0971073976,1739275.9378452348,10
-1143455.78439087,1739275.9378452348,10
-1142992.4716743426,1739275.9378452348,10
-1142529.158957815,1739275.9378452348,10
-1142065.8462412877,1739275.9378452348,10
-1141602.53352476,1739275.9378452348,10
-1141139.2208082327,1739275.9378452348,10
-1140675.908091705,1739275.9378452348,10
-1140212.5953751777,1739275.9378452348,10
-1139749.28265865,1739275.9378452348,10
-1139285.9699421227,1739275.9378452348,10
-1138822.657225595,1739275.9378452348,10
-1138359.3445090675,1739275.9378452348,10
-1137896.03179254,1739275.9378452348,10
-1137432.7190760127,1739275.9378452348,10
-1248627.7710426126,1738812.6251287071,10
-1248164.458326085,1738812.6251287071,10
-1247701.1456095576,1738812.6251287071,10
-1247237.83289303,1738812.6251287071,10
-1246774.5201765026,1738812.6251287071,10
-1246311.207459975,1738812.6251287071,10
-1245847.8947434477,1738812.6251287071,10
-1245384.58202692,1738812.6251287071,10
-1244921.2693103927,1738812.6251287071,10
-1244457.956593865,1738812.6251287071,10
-1243994.6438773377,1738812.6251287071,10
-1243531.33116081,1738812.6251287071,10
-1243068.0184442827,1738812.6251287071,10
-1242604.705727755,1738812.6251287071,10
-1242141.3930112277,1738812.6251287071,10
-1241678.0802947,1738812.6251287071,10
-1241214.7675781725,1738812.6251287071,10
-1240751.4548616451,1738812.6251287071,10
-1240288.1421451175,1738812.6251287071,10
-1239824.8294285901,1738812.6251287071,10
-1239361.5167120625,1738812.6251287071,10
-1238898.2039955352,1738812.6251287071,10
-1238434.8912790075,1738812.6251287071,10
-1237971.5785624802,1738812.6251287071,10
-1237508.2658459526,1738812.6251287071,10
-1237044.9531294252,1738812.6251287071,10
-1236581.6404128976,1738812.6251287071,10
-1236118.3276963702,1738812.6251287071,10
-1235655.0149798426,1738812.6251287071,10
-1235191.7022633152,1738812.6251287071,10
-1234728.3895467876,1738812.6251287071,10
-1234265.07683026,1738812.6251287071,10
-1233801.7641137326,1738812.6251287071,10
-1233338.4513972052,1738812.6251287071,10
-1232875.1386806776,1738812.6251287071,10
-1232411.82596415,1738812.6251287071,10
-1231948.5132476226,1738812.6251287071,10
-1231485.200531095,1738812.6251287071,10
-1231021.8878145677,1738812.6251287071,10
-1230558.57509804,1738812.6251287071,10
-1230095.2623815127,1738812.6251287071,10
-1229631.949664985,1738812.6251287071,10
-1229168.6369484577,1738812.6251287071,10
-1228705.32423193,1738812.6251287071,10
-1228242.0115154027,1738812.6251287071,10
-1227778.698798875,1738812.6251287071,10
-1227315.3860823475,1738812.6251287071,10
-1226852.07336582,1738812.6251287071,10
-1226388.7606492927,1738812.6251287071,10
-1225925.4479327651,1738812.6251287071,10
-1225462.1352162375,1738812.6251287071,10
-1224998.8224997101,1738812.6251287071,10
-1224535.5097831825,1738812.6251287071,10
-1224072.1970666551,1738812.6251287071,10
-1223608.8843501275,1738812.6251287071,10
-1223145.5716336002,1738812.6251287071,10
-1222682.2589170726,1738812.6251287071,10
-1222218.9462005452,1738812.6251287071,10
-1221755.6334840176,1738812.6251287071,10
-1221292.3207674902,1738812.6251287071,10
-1220829.0080509626,1738812.6251287071,10
-1220365.6953344352,1738812.6251287071,10
-1219902.3826179076,1738812.6251287071,10
-1219439.0699013802,1738812.6251287071,10
-1218975.7571848526,1738812.6251287071,10
-1218512.444468325,1738812.6251287071,10
-1218049.1317517976,1738812.6251287071,10
-1217585.81903527,1738812.6251287071,10
-1217122.5063187426,1738812.6251287071,10
-1216659.193602215,1738812.6251287071,10
-1216195.8808856877,1738812.6251287071,10
-1215732.56816916,1738812.6251287071,10
-1215269.2554526327,1738812.6251287071,10
-1214805.942736105,1738812.6251287071,10
-1214342.6300195777,1738812.6251287071,10
-1213879.31730305,1738812.6251287071,10
-1213416.0045865227,1738812.6251287071,10
-1212952.691869995,1738812.6251287071,10
-1212489.3791534677,1738812.6251287071,10
-1212026.06643694,1738812.6251287071,10
-1211562.7537204125,1738812.6251287071,10
-1211099.4410038851,1738812.6251287071,10
-1210636.1282873575,1738812.6251287071,10
-1210172.8155708301,1738812.6251287071,10
-1209709.5028543025,1738812.6251287071,10
-1209246.1901377751,1738812.6251287071,10
-1208782.8774212475,1738812.6251287071,10
-1208319.5647047202,1738812.6251287071,10
-1207856.2519881926,1738812.6251287071,10
-1207392.9392716652,1738812.6251287071,10
-1206929.6265551376,1738812.6251287071,10
-1206466.3138386102,1738812.6251287071,10
-1206003.0011220826,1738812.6251287071,10
-1205539.6884055552,1738812.6251287071,10
-1205076.3756890276,1738812.6251287071,10
-1204613.0629725,1738812.6251287071,10
-1204149.7502559726,1738812.6251287071,10
-1203686.4375394452,1738812.6251287071,10
-1203223.1248229176,1738812.6251287071,10
-1202759.81210639,1738812.6251287071,10
-1202296.4993898626,1738812.6251287071,10
-1201833.186673335,1738812.6251287071,10
-1201369.8739568077,1738812.6251287071,10
-1200906.56124028,1738812.6251287071,10
-1200443.2485237527,1738812.6251287071,10
-1199979.935807225,1738812.6251287071,10
-1199516.6230906977,1738812.6251287071,10
-1199053.31037417,1738812.6251287071,10
-1198589.9976576427,1738812.6251287071,10
-1198126.684941115,1738812.6251287071,10
-1197663.3722245875,1738812.6251287071,10
-1197200.05950806,1738812.6251287071,10
-1196736.7467915327,1738812.6251287071,10
-1196273.4340750051,1738812.6251287071,10
-1195810.1213584775,1738812.6251287071,10
-1195346.8086419501,1738812.6251287071,10
-1194883.4959254225,1738812.6251287071,10
-1194420.1832088951,1738812.6251287071,10
-1193956.8704923675,1738812.6251287071,10
-1193493.5577758402,1738812.6251287071,10
-1193030.2450593126,1738812.6251287071,10
-1192566.9323427852,1738812.6251287071,10
-1192103.6196262576,1738812.6251287071,10
-1191640.3069097302,1738812.6251287071,10
-1191176.9941932026,1738812.6251287071,10
-1190713.6814766752,1738812.6251287071,10
-1190250.3687601476,1738812.6251287071,10
-1189787.0560436202,1738812.6251287071,10
-1189323.7433270926,1738812.6251287071,10
-1188860.430610565,1738812.6251287071,10
-1188397.1178940376,1738812.6251287071,10
-1187933.80517751,1738812.6251287071,10
-1187470.4924609826,1738812.6251287071,10
-1187007.179744455,1738812.6251287071,10
-1186543.8670279277,1738812.6251287071,10
-1186080.5543114,1738812.6251287071,10
-1185617.2415948727,1738812.6251287071,10
-1185153.928878345,1738812.6251287071,10
-1184690.6161618177,1738812.6251287071,10
-1184227.30344529,1738812.6251287071,10
-1183763.9907287627,1738812.6251287071,10
-1183300.678012235,1738812.6251287071,10
-1182837.3652957077,1738812.6251287071,10
-1182374.05257918,1738812.6251287071,10
-1181910.7398626525,1738812.6251287071,10
-1181447.4271461251,1738812.6251287071,10
-1180984.1144295975,1738812.6251287071,10
-1180520.8017130701,1738812.6251287071,10
-1180057.4889965425,1738812.6251287071,10
-1179594.1762800151,1738812.6251287071,10
-1179130.8635634875,1738812.6251287071,10
-1178667.5508469602,1738812.6251287071,10
-1178204.2381304326,1738812.6251287071,10
-1177740.9254139052,1738812.6251287071,10
-1177277.6126973776,1738812.6251287071,10
-1176814.2999808502,1738812.6251287071,10
-1176350.9872643226,1738812.6251287071,10
-1175887.6745477952,1738812.6251287071,10
-1175424.3618312676,1738812.6251287071,10
-1174961.04911474,1738812.6251287071,10
-1174497.7363982126,1738812.6251287071,10
-1174034.4236816852,1738812.6251287071,10
-1173571.1109651576,1738812.6251287071,10
-1173107.79824863,1738812.6251287071,10
-1172644.4855321026,1738812.6251287071,10
-1172181.172815575,1738812.6251287071,10
-1171717.8600990477,1738812.6251287071,10
-1171254.54738252,1738812.6251287071,10
-1170791.2346659927,1738812.6251287071,10
-1170327.921949465,1738812.6251287071,10
-1169864.6092329377,1738812.6251287071,10
-1169401.29651641,1738812.6251287071,10
-1168937.9837998827,1738812.6251287071,10
-1168474.671083355,1738812.6251287071,10
-1168011.3583668275,1738812.6251287071,10
-1167548.0456503,1738812.6251287071,10
-1167084.7329337727,1738812.6251287071,10
-1166621.4202172451,1738812.6251287071,10
-1166158.1075007175,1738812.6251287071,10
-1165694.7947841901,1738812.6251287071,10
-1165231.4820676625,1738812.6251287071,10
-1164768.1693511351,1738812.6251287071,10
-1164304.8566346075,1738812.6251287071,10
-1163841.5439180802,1738812.6251287071,10
-1163378.2312015526,1738812.6251287071,10
-1162914.9184850252,1738812.6251287071,10
-1162451.6057684976,1738812.6251287071,10
-1161988.2930519702,1738812.6251287071,10
-1161524.9803354426,1738812.6251287071,10
-1161061.6676189152,1738812.6251287071,10
-1160598.3549023876,1738812.6251287071,10
-1160135.0421858602,1738812.6251287071,10
-1159671.7294693326,1738812.6251287071,10
-1159208.416752805,1738812.6251287071,10
-1158745.1040362776,1738812.6251287071,10
-1158281.79131975,1738812.6251287071,10
-1157818.4786032226,1738812.6251287071,10
-1157355.165886695,1738812.6251287071,10
-1156891.8531701677,1738812.6251287071,10
-1156428.54045364,1738812.6251287071,10
-1155965.2277371127,1738812.6251287071,10
-1155501.915020585,1738812.6251287071,10
-1155038.6023040577,1738812.6251287071,10
-1154575.28958753,1738812.6251287071,10
-1154111.9768710027,1738812.6251287071,10
-1153648.664154475,1738812.6251287071,10
-1153185.3514379477,1738812.6251287071,10
-1152722.03872142,1738812.6251287071,10
-1152258.7260048925,1738812.6251287071,10
-1151795.4132883651,1738812.6251287071,10
-1151332.1005718375,1738812.6251287071,10
-1150868.7878553101,1738812.6251287071,10
-1150405.4751387825,1738812.6251287071,10
-1149942.1624222551,1738812.6251287071,10
-1149478.8497057275,1738812.6251287071,10
-1149015.5369892002,1738812.6251287071,10
-1148552.2242726726,1738812.6251287071,10
-1148088.9115561452,1738812.6251287071,10
-1147625.5988396176,1738812.6251287071,10
-1147162.2861230902,1738812.6251287071,10
-1146698.9734065626,1738812.6251287071,10
-1146235.6606900352,1738812.6251287071,10
-1145772.3479735076,1738812.6251287071,10
-1145309.03525698,1738812.6251287071,10
-1144845.7225404526,1738812.6251287071,10
-1144382.4098239252,1738812.6251287071,10
-1143919.0971073976,1738812.6251287071,10
-1143455.78439087,1738812.6251287071,10
-1142992.4716743426,1738812.6251287071,10
-1142529.158957815,1738812.6251287071,10
-1142065.8462412877,1738812.6251287071,10
-1141602.53352476,1738812.6251287071,10
-1141139.2208082327,1738812.6251287071,10
-1140675.908091705,1738812.6251287071,10
-1140212.5953751777,1738812.6251287071,10
-1139749.28265865,1738812.6251287071,10
-1139285.9699421227,1738812.6251287071,10
-1138822.657225595,1738812.6251287071,10
-1138359.3445090675,1738812.6251287071,10
-1137896.03179254,1738812.6251287071,10
-1137432.7190760127,1738812.6251287071,10
-1249091.0837591402,1738349.3124121798,10
-1248627.7710426126,1738349.3124121798,10
-1248164.458326085,1738349.3124121798,10
-1247701.1456095576,1738349.3124121798,10
-1247237.83289303,1738349.3124121798,10
-1246774.5201765026,1738349.3124121798,10
-1246311.207459975,1738349.3124121798,10
-1245847.8947434477,1738349.3124121798,10
-1245384.58202692,1738349.3124121798,10
-1244921.2693103927,1738349.3124121798,10
-1244457.956593865,1738349.3124121798,10
-1243994.6438773377,1738349.3124121798,10
-1243531.33116081,1738349.3124121798,10
-1243068.0184442827,1738349.3124121798,10
-1242604.705727755,1738349.3124121798,10
-1242141.3930112277,1738349.3124121798,10
-1241678.0802947,1738349.3124121798,10
-1241214.7675781725,1738349.3124121798,10
-1240751.4548616451,1738349.3124121798,10
-1240288.1421451175,1738349.3124121798,10
-1239824.8294285901,1738349.3124121798,10
-1239361.5167120625,1738349.3124121798,10
-1238898.2039955352,1738349.3124121798,10
-1238434.8912790075,1738349.3124121798,10
-1237971.5785624802,1738349.3124121798,10
-1237508.2658459526,1738349.3124121798,10
-1237044.9531294252,1738349.3124121798,10
-1236581.6404128976,1738349.3124121798,10
-1236118.3276963702,1738349.3124121798,10
-1235655.0149798426,1738349.3124121798,10
-1235191.7022633152,1738349.3124121798,10
-1234728.3895467876,1738349.3124121798,10
-1234265.07683026,1738349.3124121798,10
-1233801.7641137326,1738349.3124121798,10
-1233338.4513972052,1738349.3124121798,10
-1232875.1386806776,1738349.3124121798,10
-1232411.82596415,1738349.3124121798,10
-1231948.5132476226,1738349.3124121798,10
-1231485.200531095,1738349.3124121798,10
-1231021.8878145677,1738349.3124121798,10
-1230558.57509804,1738349.3124121798,10
-1230095.2623815127,1738349.3124121798,10
-1229631.949664985,1738349.3124121798,10
-1229168.6369484577,1738349.3124121798,10
-1228705.32423193,1738349.3124121798,10
-1228242.0115154027,1738349.3124121798,10
-1227778.698798875,1738349.3124121798,10
-1227315.3860823475,1738349.3124121798,10
-1226852.07336582,1738349.3124121798,10
-1226388.7606492927,1738349.3124121798,10
-1225925.4479327651,1738349.3124121798,10
-1225462.1352162375,1738349.3124121798,10
-1224998.8224997101,1738349.3124121798,10
-1224535.5097831825,1738349.3124121798,10
-1224072.1970666551,1738349.3124121798,10
-1223608.8843501275,1738349.3124121798,10
-1223145.5716336002,1738349.3124121798,10
-1222682.2589170726,1738349.3124121798,10
-1222218.9462005452,1738349.3124121798,10
-1221755.6334840176,1738349.3124121798,10
-1221292.3207674902,1738349.3124121798,10
-1220829.0080509626,1738349.3124121798,10
-1220365.6953344352,1738349.3124121798,10
-1219902.3826179076,1738349.3124121798,10
-1219439.0699013802,1738349.3124121798,10
-1218975.7571848526,1738349.3124121798,10
-1218512.444468325,1738349.3124121798,10
-1218049.1317517976,1738349.3124121798,10
-1217585.81903527,1738349.3124121798,10
-1217122.5063187426,1738349.3124121798,10
-1216659.193602215,1738349.3124121798,10
-1216195.8808856877,1738349.3124121798,10
-1215732.56816916,1738349.3124121798,10
-1215269.2554526327,1738349.3124121798,10
-1214805.942736105,1738349.3124121798,10
-1214342.6300195777,1738349.3124121798,10
-1213879.31730305,1738349.3124121798,10
-1213416.0045865227,1738349.3124121798,10
-1212952.691869995,1738349.3124121798,10
-1212489.3791534677,1738349.3124121798,10
-1212026.06643694,1738349.3124121798,10
-1211562.7537204125,1738349.3124121798,10
-1211099.4410038851,1738349.3124121798,10
-1210636.1282873575,1738349.3124121798,10
-1210172.8155708301,1738349.3124121798,10
-1209709.5028543025,1738349.3124121798,10
-1209246.1901377751,1738349.3124121798,10
-1208782.8774212475,1738349.3124121798,10
-1208319.5647047202,1738349.3124121798,10
-1207856.2519881926,1738349.3124121798,10
-1207392.9392716652,1738349.3124121798,10
-1206929.6265551376,1738349.3124121798,10
-1206466.3138386102,1738349.3124121798,10
-1206003.0011220826,1738349.3124121798,10
-1205539.6884055552,1738349.3124121798,10
-1205076.3756890276,1738349.3124121798,10
-1204613.0629725,1738349.3124121798,10
-1204149.7502559726,1738349.3124121798,10
-1203686.4375394452,1738349.3124121798,10
-1203223.1248229176,1738349.3124121798,10
-1202759.81210639,1738349.3124121798,10
-1202296.4993898626,1738349.3124121798,10
-1201833.186673335,1738349.3124121798,10
-1201369.8739568077,1738349.3124121798,10
-1200906.56124028,1738349.3124121798,10
-1200443.2485237527,1738349.3124121798,10
-1199979.935807225,1738349.3124121798,10
-1199516.6230906977,1738349.3124121798,10
-1199053.31037417,1738349.3124121798,10
-1198589.9976576427,1738349.3124121798,10
-1198126.684941115,1738349.3124121798,10
-1197663.3722245875,1738349.3124121798,10
-1197200.05950806,1738349.3124121798,10
-1196736.7467915327,1738349.3124121798,10
-1196273.4340750051,1738349.3124121798,10
-1195810.1213584775,1738349.3124121798,10
-1195346.8086419501,1738349.3124121798,10
-1194883.4959254225,1738349.3124121798,10
-1194420.1832088951,1738349.3124121798,10
-1193956.8704923675,1738349.3124121798,10
-1193493.5577758402,1738349.3124121798,10
-1193030.2450593126,1738349.3124121798,10
-1192566.9323427852,1738349.3124121798,10
-1192103.6196262576,1738349.3124121798,10
-1191640.3069097302,1738349.3124121798,10
-1191176.9941932026,1738349.3124121798,10
-1190713.6814766752,1738349.3124121798,10
-1190250.3687601476,1738349.3124121798,10
-1189787.0560436202,1738349.3124121798,10
-1189323.7433270926,1738349.3124121798,10
-1188860.430610565,1738349.3124121798,10
-1188397.1178940376,1738349.3124121798,10
-1187933.80517751,1738349.3124121798,10
-1187470.4924609826,1738349.3124121798,10
-1187007.179744455,1738349.3124121798,10
-1186543.8670279277,1738349.3124121798,10
-1186080.5543114,1738349.3124121798,10
-1185617.2415948727,1738349.3124121798,10
-1185153.928878345,1738349.3124121798,10
-1184690.6161618177,1738349.3124121798,10
-1184227.30344529,1738349.3124121798,10
-1183763.9907287627,1738349.3124121798,10
-1183300.678012235,1738349.3124121798,10
-1182837.3652957077,1738349.3124121798,10
-1182374.05257918,1738349.3124121798,10
-1181910.7398626525,1738349.3124121798,10
-1181447.4271461251,1738349.3124121798,10
-1180984.1144295975,1738349.3124121798,10
-1180520.8017130701,1738349.3124121798,10
-1180057.4889965425,1738349.3124121798,10
-1179594.1762800151,1738349.3124121798,10
-1179130.8635634875,1738349.3124121798,10
-1178667.5508469602,1738349.3124121798,10
-1178204.2381304326,1738349.3124121798,10
-1177740.9254139052,1738349.3124121798,10
-1177277.6126973776,1738349.3124121798,10
-1176814.2999808502,1738349.3124121798,10
-1176350.9872643226,1738349.3124121798,10
-1175887.6745477952,1738349.3124121798,10
-1175424.3618312676,1738349.3124121798,10
-1174961.04911474,1738349.3124121798,10
-1174497.7363982126,1738349.3124121798,10
-1174034.4236816852,1738349.3124121798,10
-1173571.1109651576,1738349.3124121798,10
-1173107.79824863,1738349.3124121798,10
-1172644.4855321026,1738349.3124121798,10
-1172181.172815575,1738349.3124121798,10
-1171717.8600990477,1738349.3124121798,10
-1171254.54738252,1738349.3124121798,10
-1170791.2346659927,1738349.3124121798,10
-1170327.921949465,1738349.3124121798,10
-1169864.6092329377,1738349.3124121798,10
-1169401.29651641,1738349.3124121798,10
-1168937.9837998827,1738349.3124121798,10
-1168474.671083355,1738349.3124121798,10
-1168011.3583668275,1738349.3124121798,10
-1167548.0456503,1738349.3124121798,10
-1167084.7329337727,1738349.3124121798,10
-1166621.4202172451,1738349.3124121798,10
-1166158.1075007175,1738349.3124121798,10
-1165694.7947841901,1738349.3124121798,10
-1165231.4820676625,1738349.3124121798,10
-1164768.1693511351,1738349.3124121798,10
-1164304.8566346075,1738349.3124121798,10
-1163841.5439180802,1738349.3124121798,10
-1163378.2312015526,1738349.3124121798,10
-1162914.9184850252,1738349.3124121798,10
-1162451.6057684976,1738349.3124121798,10
-1161988.2930519702,1738349.3124121798,10
-1161524.9803354426,1738349.3124121798,10
-1161061.6676189152,1738349.3124121798,10
-1160598.3549023876,1738349.3124121798,10
-1160135.0421858602,1738349.3124121798,10
-1159671.7294693326,1738349.3124121798,10
-1159208.416752805,1738349.3124121798,10
-1158745.1040362776,1738349.3124121798,10
-1158281.79131975,1738349.3124121798,10
-1157818.4786032226,1738349.3124121798,10
-1157355.165886695,1738349.3124121798,10
-1156891.8531701677,1738349.3124121798,10
-1156428.54045364,1738349.3124121798,10
-1155965.2277371127,1738349.3124121798,10
-1155501.915020585,1738349.3124121798,10
-1155038.6023040577,1738349.3124121798,10
-1154575.28958753,1738349.3124121798,10
-1154111.9768710027,1738349.3124121798,10
-1153648.664154475,1738349.3124121798,10
-1153185.3514379477,1738349.3124121798,10
-1152722.03872142,1738349.3124121798,10
-1152258.7260048925,1738349.3124121798,10
-1151795.4132883651,1738349.3124121798,10
-1151332.1005718375,1738349.3124121798,10
-1150868.7878553101,1738349.3124121798,10
-1150405.4751387825,1738349.3124121798,10
-1149942.1624222551,1738349.3124121798,10
-1149478.8497057275,1738349.3124121798,10
-1149015.5369892002,1738349.3124121798,10
-1148552.2242726726,1738349.3124121798,10
-1148088.9115561452,1738349.3124121798,10
-1147625.5988396176,1738349.3124121798,10
-1147162.2861230902,1738349.3124121798,10
-1146698.9734065626,1738349.3124121798,10
-1146235.6606900352,1738349.3124121798,10
-1145772.3479735076,1738349.3124121798,10
-1145309.03525698,1738349.3124121798,10
-1144845.7225404526,1738349.3124121798,10
-1144382.4098239252,1738349.3124121798,10
-1143919.0971073976,1738349.3124121798,10
-1143455.78439087,1738349.3124121798,10
-1142992.4716743426,1738349.3124121798,10
-1142529.158957815,1738349.3124121798,10
-1142065.8462412877,1738349.3124121798,10
-1141602.53352476,1738349.3124121798,10
-1141139.2208082327,1738349.3124121798,10
-1140675.908091705,1738349.3124121798,10
-1140212.5953751777,1738349.3124121798,10
-1139749.28265865,1738349.3124121798,10
-1139285.9699421227,1738349.3124121798,10
-1138822.657225595,1738349.3124121798,10
-1138359.3445090675,1738349.3124121798,10
-1137896.03179254,1738349.3124121798,10
-1137432.7190760127,1738349.3124121798,10
-1249091.0837591402,1737885.9996956522,10
-1248627.7710426126,1737885.9996956522,10
-1248164.458326085,1737885.9996956522,10
-1247701.1456095576,1737885.9996956522,10
-1247237.83289303,1737885.9996956522,10
-1246774.5201765026,1737885.9996956522,10
-1246311.207459975,1737885.9996956522,10
-1245847.8947434477,1737885.9996956522,10
-1245384.58202692,1737885.9996956522,10
-1244921.2693103927,1737885.9996956522,10
-1244457.956593865,1737885.9996956522,10
-1243994.6438773377,1737885.9996956522,10
-1243531.33116081,1737885.9996956522,10
-1243068.0184442827,1737885.9996956522,10
-1242604.705727755,1737885.9996956522,10
-1242141.3930112277,1737885.9996956522,10
-1241678.0802947,1737885.9996956522,10
-1241214.7675781725,1737885.9996956522,10
-1240751.4548616451,1737885.9996956522,10
-1240288.1421451175,1737885.9996956522,10
-1239824.8294285901,1737885.9996956522,10
-1239361.5167120625,1737885.9996956522,10
-1238898.2039955352,1737885.9996956522,10
-1238434.8912790075,1737885.9996956522,10
-1237971.5785624802,1737885.9996956522,10
-1237508.2658459526,1737885.9996956522,10
-1237044.9531294252,1737885.9996956522,10
-1236581.6404128976,1737885.9996956522,10
-1236118.3276963702,1737885.9996956522,10
-1235655.0149798426,1737885.9996956522,10
-1235191.7022633152,1737885.9996956522,10
-1234728.3895467876,1737885.9996956522,10
-1234265.07683026,1737885.9996956522,10
-1233801.7641137326,1737885.9996956522,10
-1233338.4513972052,1737885.9996956522,10
-1232875.1386806776,1737885.9996956522,10
-1232411.82596415,1737885.9996956522,10
-1231948.5132476226,1737885.9996956522,10
-1231485.200531095,1737885.9996956522,10
-1231021.8878145677,1737885.9996956522,10
-1230558.57509804,1737885.9996956522,10
-1230095.2623815127,1737885.9996956522,10
-1229631.949664985,1737885.9996956522,10
-1229168.6369484577,1737885.9996956522,10
-1228705.32423193,1737885.9996956522,10
-1228242.0115154027,1737885.9996956522,10
-1227778.698798875,1737885.9996956522,10
-1227315.3860823475,1737885.9996956522,10
-1226852.07336582,1737885.9996956522,10
-1226388.7606492927,1737885.9996956522,10
-1225925.4479327651,1737885.9996956522,10
-1225462.1352162375,1737885.9996956522,10
-1224998.8224997101,1737885.9996956522,10
-1224535.5097831825,1737885.9996956522,10
-1224072.1970666551,1737885.9996956522,10
-1223608.8843501275,1737885.9996956522,10
-1223145.5716336002,1737885.9996956522,10
-1222682.2589170726,1737885.9996956522,10
-1222218.9462005452,1737885.9996956522,10
-1221755.6334840176,1737885.9996956522,10
-1221292.3207674902,1737885.9996956522,10
-1220829.0080509626,1737885.9996956522,10
-1220365.6953344352,1737885.9996956522,10
-1219902.3826179076,1737885.9996956522,10
-1219439.0699013802,1737885.9996956522,10
-1218975.7571848526,1737885.9996956522,10
-1218512.444468325,1737885.9996956522,10
-1218049.1317517976,1737885.9996956522,10
-1217585.81903527,1737885.9996956522,10
-1217122.5063187426,1737885.9996956522,10
-1216659.193602215,1737885.9996956522,10
-1216195.8808856877,1737885.9996956522,10
-1215732.56816916,1737885.9996956522,10
-1215269.2554526327,1737885.9996956522,10
-1214805.942736105,1737885.9996956522,10
-1214342.6300195777,1737885.9996956522,10
-1213879.31730305,1737885.9996956522,10
-1213416.0045865227,1737885.9996956522,10
-1212952.691869995,1737885.9996956522,10
-1212489.3791534677,1737885.9996956522,10
-1212026.06643694,1737885.9996956522,10
-1211562.7537204125,1737885.9996956522,10
-1211099.4410038851,1737885.9996956522,10
-1210636.1282873575,1737885.9996956522,10
-1210172.8155708301,1737885.9996956522,10
-1209709.5028543025,1737885.9996956522,10
-1209246.1901377751,1737885.9996956522,10
-1208782.8774212475,1737885.9996956522,10
-1208319.5647047202,1737885.9996956522,10
-1207856.2519881926,1737885.9996956522,10
-1207392.9392716652,1737885.9996956522,10
-1206929.6265551376,1737885.9996956522,10
-1206466.3138386102,1737885.9996956522,10
-1206003.0011220826,1737885.9996956522,10
-1205539.6884055552,1737885.9996956522,10
-1205076.3756890276,1737885.9996956522,10
-1204613.0629725,1737885.9996956522,10
-1204149.7502559726,1737885.9996956522,10
-1203686.4375394452,1737885.9996956522,10
-1203223.1248229176,1737885.9996956522,10
-1202759.81210639,1737885.9996956522,10
-1202296.4993898626,1737885.9996956522,10
-1201833.186673335,1737885.9996956522,10
-1201369.8739568077,1737885.9996956522,10
-1200906.56124028,1737885.9996956522,10
-1200443.2485237527,1737885.9996956522,10
-1199979.935807225,1737885.9996956522,10
-1199516.6230906977,1737885.9996956522,10
-1199053.31037417,1737885.9996956522,10
-1198589.9976576427,1737885.9996956522,10
-1198126.684941115,1737885.9996956522,10
-1197663.3722245875,1737885.9996956522,10
-1197200.05950806,1737885.9996956522,10
-1196736.7467915327,1737885.9996956522,10
-1196273.4340750051,1737885.9996956522,10
-1195810.1213584775,1737885.9996956522,10
-1195346.8086419501,1737885.9996956522,10
-1194883.4959254225,1737885.9996956522,10
-1194420.1832088951,1737885.9996956522,10
-1193956.8704923675,1737885.9996956522,10
-1193493.5577758402,1737885.9996956522,10
-1193030.2450593126,1737885.9996956522,10
-1192566.9323427852,1737885.9996956522,10
-1192103.6196262576,1737885.9996956522,10
-1191640.3069097302,1737885.9996956522,10
-1191176.9941932026,1737885.9996956522,10
-1190713.6814766752,1737885.9996956522,10
-1190250.3687601476,1737885.9996956522,10
-1189787.0560436202,1737885.9996956522,10
-1189323.7433270926,1737885.9996956522,10
-1188860.430610565,1737885.9996956522,10
-1188397.1178940376,1737885.9996956522,10
-1187933.80517751,1737885.9996956522,10
-1187470.4924609826,1737885.9996956522,10
-1187007.179744455,1737885.9996956522,10
-1186543.8670279277,1737885.9996956522,10
-1186080.5543114,1737885.9996956522,10
-1185617.2415948727,1737885.9996956522,10
-1185153.928878345,1737885.9996956522,10
-1184690.6161618177,1737885.9996956522,10
-1184227.30344529,1737885.9996956522,10
-1183763.9907287627,1737885.9996956522,10
-1183300.678012235,1737885.9996956522,10
-1182837.3652957077,1737885.9996956522,10
-1182374.05257918,1737885.9996956522,10
-1181910.7398626525,1737885.9996956522,10
-1181447.4271461251,1737885.9996956522,10
-1180984.1144295975,1737885.9996956522,10
-1180520.8017130701,1737885.9996956522,10
-1180057.4889965425,1737885.9996956522,10
-1179594.1762800151,1737885.9996956522,10
-1179130.8635634875,1737885.9996956522,10
-1178667.5508469602,1737885.9996956522,10
-1178204.2381304326,1737885.9996956522,10
-1177740.9254139052,1737885.9996956522,10
-1177277.6126973776,1737885.9996956522,10
-1176814.2999808502,1737885.9996956522,10
-1176350.9872643226,1737885.9996956522,10
-1175887.6745477952,1737885.9996956522,10
-1175424.3618312676,1737885.9996956522,10
-1174961.04911474,1737885.9996956522,10
-1174497.7363982126,1737885.9996956522,10
-1174034.4236816852,1737885.9996956522,10
-1173571.1109651576,1737885.9996956522,10
-1173107.79824863,1737885.9996956522,10
-1172644.4855321026,1737885.9996956522,10
-1172181.172815575,1737885.9996956522,10
-1171717.8600990477,1737885.9996956522,10
-1171254.54738252,1737885.9996956522,10
-1170791.2346659927,1737885.9996956522,10
-1170327.921949465,1737885.9996956522,10
-1169864.6092329377,1737885.9996956522,10
-1169401.29651641,1737885.9996956522,10
-1168937.9837998827,1737885.9996956522,10
-1168474.671083355,1737885.9996956522,10
-1168011.3583668275,1737885.9996956522,10
-1167548.0456503,1737885.9996956522,10
-1167084.7329337727,1737885.9996956522,10
-1166621.4202172451,1737885.9996956522,10
-1166158.1075007175,1737885.9996956522,10
-1165694.7947841901,1737885.9996956522,10
-1165231.4820676625,1737885.9996956522,10
-1164768.1693511351,1737885.9996956522,10
-1164304.8566346075,1737885.9996956522,10
-1163841.5439180802,1737885.9996956522,10
-1163378.2312015526,1737885.9996956522,10
-1162914.9184850252,1737885.9996956522,10
-1162451.6057684976,1737885.9996956522,10
-1161988.2930519702,1737885.9996956522,10
-1161524.9803354426,1737885.9996956522,10
-1161061.6676189152,1737885.9996956522,10
-1160598.3549023876,1737885.9996956522,10
-1160135.0421858602,1737885.9996956522,10
-1159671.7294693326,1737885.9996956522,10
-1159208.416752805,1737885.9996956522,10
-1158745.1040362776,1737885.9996956522,10
-1158281.79131975,1737885.9996956522,10
-1157818.4786032226,1737885.9996956522,10
-1157355.165886695,1737885.9996956522,10
-1156891.8531701677,1737885.9996956522,10
-1156428.54045364,1737885.9996956522,10
-1155965.2277371127,1737885.9996956522,10
-1155501.915020585,1737885.9996956522,10
-1155038.6023040577,1737885.9996956522,10
-1154575.28958753,1737885.9996956522,10
-1154111.9768710027,1737885.9996956522,10
-1153648.664154475,1737885.9996956522,10
-1153185.3514379477,1737885.9996956522,10
-1152722.03872142,1737885.9996956522,10
-1152258.7260048925,1737885.9996956522,10
-1151795.4132883651,1737885.9996956522,10
-1151332.1005718375,1737885.9996956522,10
-1150868.7878553101,1737885.9996956522,10
-1150405.4751387825,1737885.9996956522,10
-1149942.1624222551,1737885.9996956522,10
-1149478.8497057275,1737885.9996956522,10
-1149015.5369892002,1737885.9996956522,10
-1148552.2242726726,1737885.9996956522,10
-1148088.9115561452,1737885.9996956522,10
-1147625.5988396176,1737885.9996956522,10
-1147162.2861230902,1737885.9996956522,10
-1146698.9734065626,1737885.9996956522,10
-1146235.6606900352,1737885.9996956522,10
-1145772.3479735076,1737885.9996956522,10
-1145309.03525698,1737885.9996956522,10
-1144845.7225404526,1737885.9996956522,10
-1144382.4098239252,1737885.9996956522,10
-1143919.0971073976,1737885.9996956522,10
-1143455.78439087,1737885.9996956522,10
-1142992.4716743426,1737885.9996956522,10
-1142529.158957815,1737885.9996956522,10
-1142065.8462412877,1737885.9996956522,10
-1141602.53352476,1737885.9996956522,10
-1141139.2208082327,1737885.9996956522,10
-1140675.908091705,1737885.9996956522,10
-1140212.5953751777,1737885.9996956522,10
-1139749.28265865,1737885.9996956522,10
-1139285.9699421227,1737885.9996956522,10
-1138822.657225595,1737885.9996956522,10
-1138359.3445090675,1737885.9996956522,10
-1137896.03179254,1737885.9996956522,10
-1137432.7190760127,1737885.9996956522,10
-1249091.0837591402,1737422.6869791248,10
-1248627.7710426126,1737422.6869791248,10
-1248164.458326085,1737422.6869791248,10
-1247701.1456095576,1737422.6869791248,10
-1247237.83289303,1737422.6869791248,10
-1246774.5201765026,1737422.6869791248,10
-1246311.207459975,1737422.6869791248,10
-1245847.8947434477,1737422.6869791248,10
-1245384.58202692,1737422.6869791248,10
-1244921.2693103927,1737422.6869791248,10
-1244457.956593865,1737422.6869791248,10
-1243994.6438773377,1737422.6869791248,10
-1243531.33116081,1737422.6869791248,10
-1243068.0184442827,1737422.6869791248,10
-1242604.705727755,1737422.6869791248,10
-1242141.3930112277,1737422.6869791248,10
-1241678.0802947,1737422.6869791248,10
-1241214.7675781725,1737422.6869791248,10
-1240751.4548616451,1737422.6869791248,10
-1240288.1421451175,1737422.6869791248,10
-1239824.8294285901,1737422.6869791248,10
-1239361.5167120625,1737422.6869791248,10
-1238898.2039955352,1737422.6869791248,10
-1238434.8912790075,1737422.6869791248,10
-1237971.5785624802,1737422.6869791248,10
-1237508.2658459526,1737422.6869791248,10
-1237044.9531294252,1737422.6869791248,10
-1236581.6404128976,1737422.6869791248,10
-1236118.3276963702,1737422.6869791248,10
-1235655.0149798426,1737422.6869791248,10
-1235191.7022633152,1737422.6869791248,10
-1234728.3895467876,1737422.6869791248,10
-1234265.07683026,1737422.6869791248,10
-1233801.7641137326,1737422.6869791248,10
-1233338.4513972052,1737422.6869791248,10
-1232875.1386806776,1737422.6869791248,10
-1232411.82596415,1737422.6869791248,10
-1231948.5132476226,1737422.6869791248,10
-1231485.200531095,1737422.6869791248,10
-1231021.8878145677,1737422.6869791248,10
-1230558.57509804,1737422.6869791248,10
-1230095.2623815127,1737422.6869791248,10
-1229631.949664985,1737422.6869791248,10
-1229168.6369484577,1737422.6869791248,10
-1228705.32423193,1737422.6869791248,10
-1228242.0115154027,1737422.6869791248,10
-1227778.698798875,1737422.6869791248,10
-1227315.3860823475,1737422.6869791248,10
-1226852.07336582,1737422.6869791248,10
-1226388.7606492927,1737422.6869791248,10
-1225925.4479327651,1737422.6869791248,10
-1225462.1352162375,1737422.6869791248,10
-1224998.8224997101,1737422.6869791248,10
-1224535.5097831825,1737422.6869791248,10
-1224072.1970666551,1737422.6869791248,10
-1223608.8843501275,1737422.6869791248,10
-1223145.5716336002,1737422.6869791248,10
-1222682.2589170726,1737422.6869791248,10
-1222218.9462005452,1737422.6869791248,10
-1221755.6334840176,1737422.6869791248,10
-1221292.3207674902,1737422.6869791248,10
-1220829.0080509626,1737422.6869791248,10
-1220365.6953344352,1737422.6869791248,10
-1219902.3826179076,1737422.6869791248,10
-1219439.0699013802,1737422.6869791248,10
-1218975.7571848526,1737422.6869791248,10
-1218512.444468325,1737422.6869791248,10
-1218049.1317517976,1737422.6869791248,10
-1217585.81903527,1737422.6869791248,10
-1217122.5063187426,1737422.6869791248,10
-1216659.193602215,1737422.6869791248,10
-1216195.8808856877,1737422.6869791248,10
-1215732.56816916,1737422.6869791248,10
-1215269.2554526327,1737422.6869791248,10
-1214805.942736105,1737422.6869791248,10
-1214342.6300195777,1737422.6869791248,10
-1213879.31730305,1737422.6869791248,10
-1213416.0045865227,1737422.6869791248,10
-1212952.691869995,1737422.6869791248,10
-1212489.3791534677,1737422.6869791248,10
-1212026.06643694,1737422.6869791248,10
-1211562.7537204125,1737422.6869791248,10
-1211099.4410038851,1737422.6869791248,10
-1210636.1282873575,1737422.6869791248,10
-1210172.8155708301,1737422.6869791248,10
-1209709.5028543025,1737422.6869791248,10
-1209246.1901377751,1737422.6869791248,10
-1208782.8774212475,1737422.6869791248,10
-1208319.5647047202,1737422.6869791248,10
-1207856.2519881926,1737422.6869791248,10
-1207392.9392716652,1737422.6869791248,10
-1206929.6265551376,1737422.6869791248,10
-1206466.3138386102,1737422.6869791248,10
-1206003.0011220826,1737422.6869791248,10
-1205539.6884055552,1737422.6869791248,10
-1205076.3756890276,1737422.6869791248,10
-1204613.0629725,1737422.6869791248,10
-1204149.7502559726,1737422.6869791248,10
-1203686.4375394452,1737422.6869791248,10
-1203223.1248229176,1737422.6869791248,10
-1202759.81210639,1737422.6869791248,10
-1202296.4993898626,1737422.6869791248,10
-1201833.186673335,1737422.6869791248,10
-1201369.8739568077,1737422.6869791248,10
-1200906.56124028,1737422.6869791248,10
-1200443.2485237527,1737422.6869791248,10
-1199979.935807225,1737422.6869791248,10
-1199516.6230906977,1737422.6869791248,10
-1199053.31037417,1737422.6869791248,10
-1198589.9976576427,1737422.6869791248,10
-1198126.684941115,1737422.6869791248,10
-1197663.3722245875,1737422.6869791248,10
-1197200.05950806,1737422.6869791248,10
-1196736.7467915327,1737422.6869791248,10
-1196273.4340750051,1737422.6869791248,10
-1195810.1213584775,1737422.6869791248,10
-1195346.8086419501,1737422.6869791248,10
-1194883.4959254225,1737422.6869791248,10
-1194420.1832088951,1737422.6869791248,10
-1193956.8704923675,1737422.6869791248,10
-1193493.5577758402,1737422.6869791248,10
-1193030.2450593126,1737422.6869791248,10
-1192566.9323427852,1737422.6869791248,10
-1192103.6196262576,1737422.6869791248,10
-1191640.3069097302,1737422.6869791248,10
-1191176.9941932026,1737422.6869791248,10
-1190713.6814766752,1737422.6869791248,10
-1190250.3687601476,1737422.6869791248,10
-1189787.0560436202,1737422.6869791248,10
-1189323.7433270926,1737422.6869791248,10
-1188860.430610565,1737422.6869791248,10
-1188397.1178940376,1737422.6869791248,10
-1187933.80517751,1737422.6869791248,10
-1187470.4924609826,1737422.6869791248,10
-1187007.179744455,1737422.6869791248,10
-1186543.8670279277,1737422.6869791248,10
-1186080.5543114,1737422.6869791248,10
-1185617.2415948727,1737422.6869791248,10
-1185153.928878345,1737422.6869791248,10
-1184690.6161618177,1737422.6869791248,10
-1184227.30344529,1737422.6869791248,10
-1183763.9907287627,1737422.6869791248,10
-1183300.678012235,1737422.6869791248,10
-1182837.3652957077,1737422.6869791248,10
-1182374.05257918,1737422.6869791248,10
-1181910.7398626525,1737422.6869791248,10
-1181447.4271461251,1737422.6869791248,10
-1180984.1144295975,1737422.6869791248,10
-1180520.8017130701,1737422.6869791248,10
-1180057.4889965425,1737422.6869791248,10
-1179594.1762800151,1737422.6869791248,10
-1179130.8635634875,1737422.6869791248,10
-1178667.5508469602,1737422.6869791248,10
-1178204.2381304326,1737422.6869791248,10
-1177740.9254139052,1737422.6869791248,10
-1177277.6126973776,1737422.6869791248,10
-1176814.2999808502,1737422.6869791248,10
-1176350.9872643226,1737422.6869791248,10
-1175887.6745477952,1737422.6869791248,10
-1175424.3618312676,1737422.6869791248,10
-1174961.04911474,1737422.6869791248,10
-1174497.7363982126,1737422.6869791248,10
-1174034.4236816852,1737422.6869791248,10
-1173571.1109651576,1737422.6869791248,10
-1173107.79824863,1737422.6869791248,10
-1172644.4855321026,1737422.6869791248,10
-1172181.172815575,1737422.6869791248,10
-1171717.8600990477,1737422.6869791248,10
-1171254.54738252,1737422.6869791248,10
-1170791.2346659927,1737422.6869791248,10
-1170327.921949465,1737422.6869791248,10
-1169864.6092329377,1737422.6869791248,10
-1169401.29651641,1737422.6869791248,10
-1168937.9837998827,1737422.6869791248,10
-1168474.671083355,1737422.6869791248,10
-1168011.3583668275,1737422.6869791248,10
-1167548.0456503,1737422.6869791248,10
-1167084.7329337727,1737422.6869791248,10
-1166621.4202172451,1737422.6869791248,10
-1166158.1075007175,1737422.6869791248,10
-1165694.7947841901,1737422.6869791248,10
-1165231.4820676625,1737422.6869791248,10
-1164768.1693511351,1737422.6869791248,10
-1164304.8566346075,1737422.6869791248,10
-1163841.5439180802,1737422.6869791248,10
-1163378.2312015526,1737422.6869791248,10
-1162914.9184850252,1737422.6869791248,10
-1162451.6057684976,1737422.6869791248,10
-1161988.2930519702,1737422.6869791248,10
-1161524.9803354426,1737422.6869791248,10
-1161061.6676189152,1737422.6869791248,10
-1160598.3549023876,1737422.6869791248,10
-1160135.0421858602,1737422.6869791248,10
-1159671.7294693326,1737422.6869791248,10
-1159208.416752805,1737422.6869791248,10
-1158745.1040362776,1737422.6869791248,10
-1158281.79131975,1737422.6869791248,10
-1157818.4786032226,1737422.6869791248,10
-1157355.165886695,1737422.6869791248,10
-1156891.8531701677,1737422.6869791248,10
-1156428.54045364,1737422.6869791248,10
-1155965.2277371127,1737422.6869791248,10
-1155501.915020585,1737422.6869791248,10
-1155038.6023040577,1737422.6869791248,10
-1154575.28958753,1737422.6869791248,10
-1154111.9768710027,1737422.6869791248,10
-1153648.664154475,1737422.6869791248,10
-1153185.3514379477,1737422.6869791248,10
-1152722.03872142,1737422.6869791248,10
-1152258.7260048925,1737422.6869791248,10
-1151795.4132883651,1737422.6869791248,10
-1151332.1005718375,1737422.6869791248,10
-1150868.7878553101,1737422.6869791248,10
-1150405.4751387825,1737422.6869791248,10
-1149942.1624222551,1737422.6869791248,10
-1149478.8497057275,1737422.6869791248,10
-1149015.5369892002,1737422.6869791248,10
-1148552.2242726726,1737422.6869791248,10
-1148088.9115561452,1737422.6869791248,10
-1147625.5988396176,1737422.6869791248,10
-1147162.2861230902,1737422.6869791248,10
-1146698.9734065626,1737422.6869791248,10
-1146235.6606900352,1737422.6869791248,10
-1145772.3479735076,1737422.6869791248,10
-1145309.03525698,1737422.6869791248,10
-1144845.7225404526,1737422.6869791248,10
-1144382.4098239252,1737422.6869791248,10
-1143919.0971073976,1737422.6869791248,10
-1143455.78439087,1737422.6869791248,10
-1142992.4716743426,1737422.6869791248,10
-1142529.158957815,1737422.6869791248,10
-1142065.8462412877,1737422.6869791248,10
-1141602.53352476,1737422.6869791248,10
-1141139.2208082327,1737422.6869791248,10
-1140675.908091705,1737422.6869791248,10
-1140212.5953751777,1737422.6869791248,10
-1139749.28265865,1737422.6869791248,10
-1139285.9699421227,1737422.6869791248,10
-1138822.657225595,1737422.6869791248,10
-1138359.3445090675,1737422.6869791248,10
-1137896.03179254,1737422.6869791248,10
-1137432.7190760127,1737422.6869791248,10
-1136969.4063594851,1737422.6869791248,10
-1249091.0837591402,1736959.3742625972,10
-1248627.7710426126,1736959.3742625972,10
-1248164.458326085,1736959.3742625972,10
-1247701.1456095576,1736959.3742625972,10
-1247237.83289303,1736959.3742625972,10
-1246774.5201765026,1736959.3742625972,10
-1246311.207459975,1736959.3742625972,10
-1245847.8947434477,1736959.3742625972,10
-1245384.58202692,1736959.3742625972,10
-1244921.2693103927,1736959.3742625972,10
-1244457.956593865,1736959.3742625972,10
-1243994.6438773377,1736959.3742625972,10
-1243531.33116081,1736959.3742625972,10
-1243068.0184442827,1736959.3742625972,10
-1242604.705727755,1736959.3742625972,10
-1242141.3930112277,1736959.3742625972,10
-1241678.0802947,1736959.3742625972,10
-1241214.7675781725,1736959.3742625972,10
-1240751.4548616451,1736959.3742625972,10
-1240288.1421451175,1736959.3742625972,10
-1239824.8294285901,1736959.3742625972,10
-1239361.5167120625,1736959.3742625972,10
-1238898.2039955352,1736959.3742625972,10
-1238434.8912790075,1736959.3742625972,10
-1237971.5785624802,1736959.3742625972,10
-1237508.2658459526,1736959.3742625972,10
-1237044.9531294252,1736959.3742625972,10
-1236581.6404128976,1736959.3742625972,10
-1236118.3276963702,1736959.3742625972,10
-1235655.0149798426,1736959.3742625972,10
-1235191.7022633152,1736959.3742625972,10
-1234728.3895467876,1736959.3742625972,10
-1234265.07683026,1736959.3742625972,10
-1233801.7641137326,1736959.3742625972,10
-1233338.4513972052,1736959.3742625972,10
-1232875.1386806776,1736959.3742625972,10
-1232411.82596415,1736959.3742625972,10
-1231948.5132476226,1736959.3742625972,10
-1231485.200531095,1736959.3742625972,10
-1231021.8878145677,1736959.3742625972,10
-1230558.57509804,1736959.3742625972,10
-1230095.2623815127,1736959.3742625972,10
-1229631.949664985,1736959.3742625972,10
-1229168.6369484577,1736959.3742625972,10
-1228705.32423193,1736959.3742625972,10
-1228242.0115154027,1736959.3742625972,10
-1227778.698798875,1736959.3742625972,10
-1227315.3860823475,1736959.3742625972,10
-1226852.07336582,1736959.3742625972,10
-1226388.7606492927,1736959.3742625972,10
-1225925.4479327651,1736959.3742625972,10
-1225462.1352162375,1736959.3742625972,10
-1224998.8224997101,1736959.3742625972,10
-1224535.5097831825,1736959.3742625972,10
-1224072.1970666551,1736959.3742625972,10
-1223608.8843501275,1736959.3742625972,10
-1223145.5716336002,1736959.3742625972,10
-1222682.2589170726,1736959.3742625972,10
-1220829.0080509626,1736959.3742625972,10
-1220365.6953344352,1736959.3742625972,10
-1219902.3826179076,1736959.3742625972,10
-1219439.0699013802,1736959.3742625972,10
-1218975.7571848526,1736959.3742625972,10
-1218512.444468325,1736959.3742625972,10
-1218049.1317517976,1736959.3742625972,10
-1217585.81903527,1736959.3742625972,10
-1217122.5063187426,1736959.3742625972,10
-1216659.193602215,1736959.3742625972,10
-1216195.8808856877,1736959.3742625972,10
-1215732.56816916,1736959.3742625972,10
-1215269.2554526327,1736959.3742625972,10
-1214805.942736105,1736959.3742625972,10
-1214342.6300195777,1736959.3742625972,10
-1213879.31730305,1736959.3742625972,10
-1213416.0045865227,1736959.3742625972,10
-1212952.691869995,1736959.3742625972,10
-1212489.3791534677,1736959.3742625972,10
-1212026.06643694,1736959.3742625972,10
-1211562.7537204125,1736959.3742625972,10
-1211099.4410038851,1736959.3742625972,10
-1210636.1282873575,1736959.3742625972,10
-1210172.8155708301,1736959.3742625972,10
-1209709.5028543025,1736959.3742625972,10
-1209246.1901377751,1736959.3742625972,10
-1208782.8774212475,1736959.3742625972,10
-1208319.5647047202,1736959.3742625972,10
-1207856.2519881926,1736959.3742625972,10
-1207392.9392716652,1736959.3742625972,10
-1206929.6265551376,1736959.3742625972,10
-1206466.3138386102,1736959.3742625972,10
-1206003.0011220826,1736959.3742625972,10
-1205539.6884055552,1736959.3742625972,10
-1205076.3756890276,1736959.3742625972,10
-1204613.0629725,1736959.3742625972,10
-1204149.7502559726,1736959.3742625972,10
-1203686.4375394452,1736959.3742625972,10
-1203223.1248229176,1736959.3742625972,10
-1202759.81210639,1736959.3742625972,10
-1202296.4993898626,1736959.3742625972,10
-1201833.186673335,1736959.3742625972,10
-1201369.8739568077,1736959.3742625972,10
-1200906.56124028,1736959.3742625972,10
-1200443.2485237527,1736959.3742625972,10
-1199979.935807225,1736959.3742625972,10
-1199516.6230906977,1736959.3742625972,10
-1199053.31037417,1736959.3742625972,10
-1198589.9976576427,1736959.3742625972,10
-1198126.684941115,1736959.3742625972,10
-1197663.3722245875,1736959.3742625972,10
-1197200.05950806,1736959.3742625972,10
-1196736.7467915327,1736959.3742625972,10
-1196273.4340750051,1736959.3742625972,10
-1195810.1213584775,1736959.3742625972,10
-1195346.8086419501,1736959.3742625972,10
-1194883.4959254225,1736959.3742625972,10
-1194420.1832088951,1736959.3742625972,10
-1193956.8704923675,1736959.3742625972,10
-1193493.5577758402,1736959.3742625972,10
-1193030.2450593126,1736959.3742625972,10
-1192566.9323427852,1736959.3742625972,10
-1192103.6196262576,1736959.3742625972,10
-1191640.3069097302,1736959.3742625972,10
-1191176.9941932026,1736959.3742625972,10
-1190713.6814766752,1736959.3742625972,10
-1190250.3687601476,1736959.3742625972,10
-1189787.0560436202,1736959.3742625972,10
-1189323.7433270926,1736959.3742625972,10
-1188860.430610565,1736959.3742625972,10
-1188397.1178940376,1736959.3742625972,10
-1187933.80517751,1736959.3742625972,10
-1187470.4924609826,1736959.3742625972,10
-1187007.179744455,1736959.3742625972,10
-1186543.8670279277,1736959.3742625972,10
-1186080.5543114,1736959.3742625972,10
-1185617.2415948727,1736959.3742625972,10
-1185153.928878345,1736959.3742625972,10
-1184690.6161618177,1736959.3742625972,10
-1184227.30344529,1736959.3742625972,10
-1183763.9907287627,1736959.3742625972,10
-1183300.678012235,1736959.3742625972,10
-1182837.3652957077,1736959.3742625972,10
-1182374.05257918,1736959.3742625972,10
-1181910.7398626525,1736959.3742625972,10
-1181447.4271461251,1736959.3742625972,10
-1180984.1144295975,1736959.3742625972,10
-1180520.8017130701,1736959.3742625972,10
-1180057.4889965425,1736959.3742625972,10
-1179594.1762800151,1736959.3742625972,10
-1179130.8635634875,1736959.3742625972,10
-1178667.5508469602,1736959.3742625972,10
-1178204.2381304326,1736959.3742625972,10
-1177740.9254139052,1736959.3742625972,10
-1177277.6126973776,1736959.3742625972,10
-1176814.2999808502,1736959.3742625972,10
-1176350.9872643226,1736959.3742625972,10
-1175887.6745477952,1736959.3742625972,10
-1175424.3618312676,1736959.3742625972,10
-1174961.04911474,1736959.3742625972,10
-1174497.7363982126,1736959.3742625972,10
-1174034.4236816852,1736959.3742625972,10
-1173571.1109651576,1736959.3742625972,10
-1173107.79824863,1736959.3742625972,10
-1172644.4855321026,1736959.3742625972,10
-1172181.172815575,1736959.3742625972,10
-1171717.8600990477,1736959.3742625972,10
-1171254.54738252,1736959.3742625972,10
-1170791.2346659927,1736959.3742625972,10
-1170327.921949465,1736959.3742625972,10
-1169864.6092329377,1736959.3742625972,10
-1169401.29651641,1736959.3742625972,10
-1168937.9837998827,1736959.3742625972,10
-1168474.671083355,1736959.3742625972,10
-1168011.3583668275,1736959.3742625972,10
-1167548.0456503,1736959.3742625972,10
-1167084.7329337727,1736959.3742625972,10
-1166621.4202172451,1736959.3742625972,10
-1166158.1075007175,1736959.3742625972,10
-1165694.7947841901,1736959.3742625972,10
-1165231.4820676625,1736959.3742625972,10
-1164768.1693511351,1736959.3742625972,10
-1164304.8566346075,1736959.3742625972,10
-1163841.5439180802,1736959.3742625972,10
-1163378.2312015526,1736959.3742625972,10
-1162914.9184850252,1736959.3742625972,10
-1162451.6057684976,1736959.3742625972,10
-1161988.2930519702,1736959.3742625972,10
-1161524.9803354426,1736959.3742625972,10
-1161061.6676189152,1736959.3742625972,10
-1160598.3549023876,1736959.3742625972,10
-1160135.0421858602,1736959.3742625972,10
-1159671.7294693326,1736959.3742625972,10
-1159208.416752805,1736959.3742625972,10
-1158745.1040362776,1736959.3742625972,10
-1158281.79131975,1736959.3742625972,10
-1157818.4786032226,1736959.3742625972,10
-1157355.165886695,1736959.3742625972,10
-1156891.8531701677,1736959.3742625972,10
-1156428.54045364,1736959.3742625972,10
-1155965.2277371127,1736959.3742625972,10
-1155501.915020585,1736959.3742625972,10
-1155038.6023040577,1736959.3742625972,10
-1154575.28958753,1736959.3742625972,10
-1154111.9768710027,1736959.3742625972,10
-1153648.664154475,1736959.3742625972,10
-1153185.3514379477,1736959.3742625972,10
-1152722.03872142,1736959.3742625972,10
-1152258.7260048925,1736959.3742625972,10
-1151795.4132883651,1736959.3742625972,10
-1151332.1005718375,1736959.3742625972,10
-1150868.7878553101,1736959.3742625972,10
-1150405.4751387825,1736959.3742625972,10
-1149942.1624222551,1736959.3742625972,10
-1149478.8497057275,1736959.3742625972,10
-1149015.5369892002,1736959.3742625972,10
-1148552.2242726726,1736959.3742625972,10
-1148088.9115561452,1736959.3742625972,10
-1147625.5988396176,1736959.3742625972,10
-1147162.2861230902,1736959.3742625972,10
-1146698.9734065626,1736959.3742625972,10
-1146235.6606900352,1736959.3742625972,10
-1145772.3479735076,1736959.3742625972,10
-1145309.03525698,1736959.3742625972,10
-1144845.7225404526,1736959.3742625972,10
-1144382.4098239252,1736959.3742625972,10
-1143919.0971073976,1736959.3742625972,10
-1143455.78439087,1736959.3742625972,10
-1142992.4716743426,1736959.3742625972,10
-1142529.158957815,1736959.3742625972,10
-1142065.8462412877,1736959.3742625972,10
-1141602.53352476,1736959.3742625972,10
-1141139.2208082327,1736959.3742625972,10
-1140675.908091705,1736959.3742625972,10
-1140212.5953751777,1736959.3742625972,10
-1139749.28265865,1736959.3742625972,10
-1139285.9699421227,1736959.3742625972,10
-1138822.657225595,1736959.3742625972,10
-1138359.3445090675,1736959.3742625972,10
-1137896.03179254,1736959.3742625972,10
-1137432.7190760127,1736959.3742625972,10
-1136969.4063594851,1736959.3742625972,10
-1249554.3964756676,1736496.0615460696,10
-1249091.0837591402,1736496.0615460696,10
-1248627.7710426126,1736496.0615460696,10
-1248164.458326085,1736496.0615460696,10
-1247701.1456095576,1736496.0615460696,10
-1247237.83289303,1736496.0615460696,10
-1246774.5201765026,1736496.0615460696,10
-1246311.207459975,1736496.0615460696,10
-1245847.8947434477,1736496.0615460696,10
-1245384.58202692,1736496.0615460696,10
-1244921.2693103927,1736496.0615460696,10
-1244457.956593865,1736496.0615460696,10
-1243994.6438773377,1736496.0615460696,10
-1243531.33116081,1736496.0615460696,10
-1243068.0184442827,1736496.0615460696,10
-1242604.705727755,1736496.0615460696,10
-1242141.3930112277,1736496.0615460696,10
-1241678.0802947,1736496.0615460696,10
-1241214.7675781725,1736496.0615460696,10
-1240751.4548616451,1736496.0615460696,10
-1240288.1421451175,1736496.0615460696,10
-1239824.8294285901,1736496.0615460696,10
-1239361.5167120625,1736496.0615460696,10
-1238898.2039955352,1736496.0615460696,10
-1238434.8912790075,1736496.0615460696,10
-1237971.5785624802,1736496.0615460696,10
-1237508.2658459526,1736496.0615460696,10
-1237044.9531294252,1736496.0615460696,10
-1236581.6404128976,1736496.0615460696,10
-1236118.3276963702,1736496.0615460696,10
-1235655.0149798426,1736496.0615460696,10
-1235191.7022633152,1736496.0615460696,10
-1234728.3895467876,1736496.0615460696,10
-1234265.07683026,1736496.0615460696,10
-1233801.7641137326,1736496.0615460696,10
-1233338.4513972052,1736496.0615460696,10
-1232875.1386806776,1736496.0615460696,10
-1232411.82596415,1736496.0615460696,10
-1231948.5132476226,1736496.0615460696,10
-1231485.200531095,1736496.0615460696,10
-1231021.8878145677,1736496.0615460696,10
-1230558.57509804,1736496.0615460696,10
-1230095.2623815127,1736496.0615460696,10
-1229631.949664985,1736496.0615460696,10
-1229168.6369484577,1736496.0615460696,10
-1228705.32423193,1736496.0615460696,10
-1228242.0115154027,1736496.0615460696,10
-1227778.698798875,1736496.0615460696,10
-1227315.3860823475,1736496.0615460696,10
-1226852.07336582,1736496.0615460696,10
-1226388.7606492927,1736496.0615460696,10
-1225925.4479327651,1736496.0615460696,10
-1225462.1352162375,1736496.0615460696,10
-1224998.8224997101,1736496.0615460696,10
-1224535.5097831825,1736496.0615460696,10
-1224072.1970666551,1736496.0615460696,10
-1220829.0080509626,1736496.0615460696,10
-1220365.6953344352,1736496.0615460696,10
-1219902.3826179076,1736496.0615460696,10
-1219439.0699013802,1736496.0615460696,10
-1218975.7571848526,1736496.0615460696,10
-1218512.444468325,1736496.0615460696,10
-1218049.1317517976,1736496.0615460696,10
-1217585.81903527,1736496.0615460696,10
-1217122.5063187426,1736496.0615460696,10
-1216659.193602215,1736496.0615460696,10
-1216195.8808856877,1736496.0615460696,10
-1215732.56816916,1736496.0615460696,10
-1215269.2554526327,1736496.0615460696,10
-1214805.942736105,1736496.0615460696,10
-1214342.6300195777,1736496.0615460696,10
-1213879.31730305,1736496.0615460696,10
-1213416.0045865227,1736496.0615460696,10
-1212952.691869995,1736496.0615460696,10
-1212489.3791534677,1736496.0615460696,10
-1212026.06643694,1736496.0615460696,10
-1211562.7537204125,1736496.0615460696,10
-1211099.4410038851,1736496.0615460696,10
-1210636.1282873575,1736496.0615460696,10
-1210172.8155708301,1736496.0615460696,10
-1209709.5028543025,1736496.0615460696,10
-1209246.1901377751,1736496.0615460696,10
-1208782.8774212475,1736496.0615460696,10
-1208319.5647047202,1736496.0615460696,10
-1207856.2519881926,1736496.0615460696,10
-1207392.9392716652,1736496.0615460696,10
-1206929.6265551376,1736496.0615460696,10
-1206466.3138386102,1736496.0615460696,10
-1206003.0011220826,1736496.0615460696,10
-1205539.6884055552,1736496.0615460696,10
-1205076.3756890276,1736496.0615460696,10
-1204613.0629725,1736496.0615460696,10
-1204149.7502559726,1736496.0615460696,10
-1203686.4375394452,1736496.0615460696,10
-1203223.1248229176,1736496.0615460696,10
-1202759.81210639,1736496.0615460696,10
-1202296.4993898626,1736496.0615460696,10
-1201833.186673335,1736496.0615460696,10
-1201369.8739568077,1736496.0615460696,10
-1200906.56124028,1736496.0615460696,10
-1200443.2485237527,1736496.0615460696,10
-1199979.935807225,1736496.0615460696,10
-1199516.6230906977,1736496.0615460696,10
-1199053.31037417,1736496.0615460696,10
-1198589.9976576427,1736496.0615460696,10
-1198126.684941115,1736496.0615460696,10
-1197663.3722245875,1736496.0615460696,10
-1197200.05950806,1736496.0615460696,10
-1196736.7467915327,1736496.0615460696,10
-1196273.4340750051,1736496.0615460696,10
-1195810.1213584775,1736496.0615460696,10
-1195346.8086419501,1736496.0615460696,10
-1194883.4959254225,1736496.0615460696,10
-1194420.1832088951,1736496.0615460696,10
-1193956.8704923675,1736496.0615460696,10
-1193493.5577758402,1736496.0615460696,10
-1193030.2450593126,1736496.0615460696,10
-1192566.9323427852,1736496.0615460696,10
-1192103.6196262576,1736496.0615460696,10
-1191640.3069097302,1736496.0615460696,10
-1191176.9941932026,1736496.0615460696,10
-1190713.6814766752,1736496.0615460696,10
-1190250.3687601476,1736496.0615460696,10
-1189787.0560436202,1736496.0615460696,10
-1189323.7433270926,1736496.0615460696,10
-1188860.430610565,1736496.0615460696,10
-1188397.1178940376,1736496.0615460696,10
-1187933.80517751,1736496.0615460696,10
-1187470.4924609826,1736496.0615460696,10
-1187007.179744455,1736496.0615460696,10
-1186543.8670279277,1736496.0615460696,10
-1186080.5543114,1736496.0615460696,10
-1185617.2415948727,1736496.0615460696,10
-1185153.928878345,1736496.0615460696,10
-1184690.6161618177,1736496.0615460696,10
-1184227.30344529,1736496.0615460696,10
-1183763.9907287627,1736496.0615460696,10
-1183300.678012235,1736496.0615460696,10
-1182837.3652957077,1736496.0615460696,10
-1182374.05257918,1736496.0615460696,10
-1181910.7398626525,1736496.0615460696,10
-1181447.4271461251,1736496.0615460696,10
-1180984.1144295975,1736496.0615460696,10
-1180520.8017130701,1736496.0615460696,10
-1180057.4889965425,1736496.0615460696,10
-1179594.1762800151,1736496.0615460696,10
-1179130.8635634875,1736496.0615460696,10
-1178667.5508469602,1736496.0615460696,10
-1178204.2381304326,1736496.0615460696,10
-1177740.9254139052,1736496.0615460696,10
-1177277.6126973776,1736496.0615460696,10
-1176814.2999808502,1736496.0615460696,10
-1176350.9872643226,1736496.0615460696,10
-1175887.6745477952,1736496.0615460696,10
-1175424.3618312676,1736496.0615460696,10
-1174961.04911474,1736496.0615460696,10
-1174497.7363982126,1736496.0615460696,10
-1174034.4236816852,1736496.0615460696,10
-1173571.1109651576,1736496.0615460696,10
-1173107.79824863,1736496.0615460696,10
-1172644.4855321026,1736496.0615460696,10
-1172181.172815575,1736496.0615460696,10
-1171717.8600990477,1736496.0615460696,10
-1171254.54738252,1736496.0615460696,10
-1170791.2346659927,1736496.0615460696,10
-1170327.921949465,1736496.0615460696,10
-1169864.6092329377,1736496.0615460696,10
-1169401.29651641,1736496.0615460696,10
-1168937.9837998827,1736496.0615460696,10
-1168474.671083355,1736496.0615460696,10
-1168011.3583668275,1736496.0615460696,10
-1167548.0456503,1736496.0615460696,10
-1167084.7329337727,1736496.0615460696,10
-1166621.4202172451,1736496.0615460696,10
-1166158.1075007175,1736496.0615460696,10
-1165694.7947841901,1736496.0615460696,10
-1165231.4820676625,1736496.0615460696,10
-1164768.1693511351,1736496.0615460696,10
-1164304.8566346075,1736496.0615460696,10
-1163841.5439180802,1736496.0615460696,10
-1163378.2312015526,1736496.0615460696,10
-1162914.9184850252,1736496.0615460696,10
-1162451.6057684976,1736496.0615460696,10
-1161988.2930519702,1736496.0615460696,10
-1161524.9803354426,1736496.0615460696,10
-1161061.6676189152,1736496.0615460696,10
-1160598.3549023876,1736496.0615460696,10
-1160135.0421858602,1736496.0615460696,10
-1159671.7294693326,1736496.0615460696,10
-1159208.416752805,1736496.0615460696,10
-1158745.1040362776,1736496.0615460696,10
-1158281.79131975,1736496.0615460696,10
-1157818.4786032226,1736496.0615460696,10
-1157355.165886695,1736496.0615460696,10
-1156891.8531701677,1736496.0615460696,10
-1156428.54045364,1736496.0615460696,10
-1155965.2277371127,1736496.0615460696,10
-1155501.915020585,1736496.0615460696,10
-1155038.6023040577,1736496.0615460696,10
-1154575.28958753,1736496.0615460696,10
-1154111.9768710027,1736496.0615460696,10
-1153648.664154475,1736496.0615460696,10
-1153185.3514379477,1736496.0615460696,10
-1152722.03872142,1736496.0615460696,10
-1152258.7260048925,1736496.0615460696,10
-1151795.4132883651,1736496.0615460696,10
-1151332.1005718375,1736496.0615460696,10
-1150868.7878553101,1736496.0615460696,10
-1150405.4751387825,1736496.0615460696,10
-1149942.1624222551,1736496.0615460696,10
-1149478.8497057275,1736496.0615460696,10
-1149015.5369892002,1736496.0615460696,10
-1148552.2242726726,1736496.0615460696,10
-1148088.9115561452,1736496.0615460696,10
-1147625.5988396176,1736496.0615460696,10
-1147162.2861230902,1736496.0615460696,10
-1146698.9734065626,1736496.0615460696,10
-1146235.6606900352,1736496.0615460696,10
-1145772.3479735076,1736496.0615460696,10
-1145309.03525698,1736496.0615460696,10
-1144845.7225404526,1736496.0615460696,10
-1144382.4098239252,1736496.0615460696,10
-1143919.0971073976,1736496.0615460696,10
-1143455.78439087,1736496.0615460696,10
-1142992.4716743426,1736496.0615460696,10
-1142529.158957815,1736496.0615460696,10
-1142065.8462412877,1736496.0615460696,10
-1141602.53352476,1736496.0615460696,10
-1141139.2208082327,1736496.0615460696,10
-1140675.908091705,1736496.0615460696,10
-1140212.5953751777,1736496.0615460696,10
-1139749.28265865,1736496.0615460696,10
-1139285.9699421227,1736496.0615460696,10
-1138822.657225595,1736496.0615460696,10
-1138359.3445090675,1736496.0615460696,10
-1137896.03179254,1736496.0615460696,10
-1137432.7190760127,1736496.0615460696,10
-1136969.4063594851,1736496.0615460696,10
-1249554.3964756676,1736032.7488295422,10
-1249091.0837591402,1736032.7488295422,10
-1248627.7710426126,1736032.7488295422,10
-1248164.458326085,1736032.7488295422,10
-1247701.1456095576,1736032.7488295422,10
-1247237.83289303,1736032.7488295422,10
-1246774.5201765026,1736032.7488295422,10
-1246311.207459975,1736032.7488295422,10
-1245847.8947434477,1736032.7488295422,10
-1245384.58202692,1736032.7488295422,10
-1244921.2693103927,1736032.7488295422,10
-1244457.956593865,1736032.7488295422,10
-1243994.6438773377,1736032.7488295422,10
-1243531.33116081,1736032.7488295422,10
-1243068.0184442827,1736032.7488295422,10
-1242604.705727755,1736032.7488295422,10
-1242141.3930112277,1736032.7488295422,10
-1241678.0802947,1736032.7488295422,10
-1241214.7675781725,1736032.7488295422,10
-1240751.4548616451,1736032.7488295422,10
-1240288.1421451175,1736032.7488295422,10
-1239824.8294285901,1736032.7488295422,10
-1239361.5167120625,1736032.7488295422,10
-1238898.2039955352,1736032.7488295422,10
-1238434.8912790075,1736032.7488295422,10
-1237971.5785624802,1736032.7488295422,10
-1237508.2658459526,1736032.7488295422,10
-1237044.9531294252,1736032.7488295422,10
-1236581.6404128976,1736032.7488295422,10
-1236118.3276963702,1736032.7488295422,10
-1235655.0149798426,1736032.7488295422,10
-1235191.7022633152,1736032.7488295422,10
-1234728.3895467876,1736032.7488295422,10
-1234265.07683026,1736032.7488295422,10
-1233801.7641137326,1736032.7488295422,10
-1233338.4513972052,1736032.7488295422,10
-1232875.1386806776,1736032.7488295422,10
-1232411.82596415,1736032.7488295422,10
-1231948.5132476226,1736032.7488295422,10
-1231485.200531095,1736032.7488295422,10
-1231021.8878145677,1736032.7488295422,10
-1230558.57509804,1736032.7488295422,10
-1230095.2623815127,1736032.7488295422,10
-1229631.949664985,1736032.7488295422,10
-1229168.6369484577,1736032.7488295422,10
-1228705.32423193,1736032.7488295422,10
-1228242.0115154027,1736032.7488295422,10
-1227778.698798875,1736032.7488295422,10
-1227315.3860823475,1736032.7488295422,10
-1226852.07336582,1736032.7488295422,10
-1226388.7606492927,1736032.7488295422,10
-1225925.4479327651,1736032.7488295422,10
-1225462.1352162375,1736032.7488295422,10
-1224998.8224997101,1736032.7488295422,10
-1220365.6953344352,1736032.7488295422,10
-1219902.3826179076,1736032.7488295422,10
-1219439.0699013802,1736032.7488295422,10
-1218975.7571848526,1736032.7488295422,10
-1218512.444468325,1736032.7488295422,10
-1218049.1317517976,1736032.7488295422,10
-1217585.81903527,1736032.7488295422,10
-1217122.5063187426,1736032.7488295422,10
-1216659.193602215,1736032.7488295422,10
-1216195.8808856877,1736032.7488295422,10
-1215732.56816916,1736032.7488295422,10
-1215269.2554526327,1736032.7488295422,10
-1214805.942736105,1736032.7488295422,10
-1214342.6300195777,1736032.7488295422,10
-1213879.31730305,1736032.7488295422,10
-1213416.0045865227,1736032.7488295422,10
-1212952.691869995,1736032.7488295422,10
-1212489.3791534677,1736032.7488295422,10
-1212026.06643694,1736032.7488295422,10
-1211562.7537204125,1736032.7488295422,10
-1211099.4410038851,1736032.7488295422,10
-1210636.1282873575,1736032.7488295422,10
-1210172.8155708301,1736032.7488295422,10
-1209709.5028543025,1736032.7488295422,10
-1209246.1901377751,1736032.7488295422,10
-1208782.8774212475,1736032.7488295422,10
-1208319.5647047202,1736032.7488295422,10
-1207856.2519881926,1736032.7488295422,10
-1207392.9392716652,1736032.7488295422,10
-1206929.6265551376,1736032.7488295422,10
-1206466.3138386102,1736032.7488295422,10
-1206003.0011220826,1736032.7488295422,10
-1205539.6884055552,1736032.7488295422,10
-1205076.3756890276,1736032.7488295422,10
-1204613.0629725,1736032.7488295422,10
-1204149.7502559726,1736032.7488295422,10
-1203686.4375394452,1736032.7488295422,10
-1203223.1248229176,1736032.7488295422,10
-1202759.81210639,1736032.7488295422,10
-1202296.4993898626,1736032.7488295422,10
-1201833.186673335,1736032.7488295422,10
-1201369.8739568077,1736032.7488295422,10
-1200906.56124028,1736032.7488295422,10
-1200443.2485237527,1736032.7488295422,10
-1199979.935807225,1736032.7488295422,10
-1199516.6230906977,1736032.7488295422,10
-1199053.31037417,1736032.7488295422,10
-1198589.9976576427,1736032.7488295422,10
-1198126.684941115,1736032.7488295422,10
-1197663.3722245875,1736032.7488295422,10
-1197200.05950806,1736032.7488295422,10
-1196736.7467915327,1736032.7488295422,10
-1196273.4340750051,1736032.7488295422,10
-1195810.1213584775,1736032.7488295422,10
-1195346.8086419501,1736032.7488295422,10
-1194883.4959254225,1736032.7488295422,10
-1194420.1832088951,1736032.7488295422,10
-1193956.8704923675,1736032.7488295422,10
-1193493.5577758402,1736032.7488295422,10
-1193030.2450593126,1736032.7488295422,10
-1192566.9323427852,1736032.7488295422,10
-1192103.6196262576,1736032.7488295422,10
-1191640.3069097302,1736032.7488295422,10
-1191176.9941932026,1736032.7488295422,10
-1190713.6814766752,1736032.7488295422,10
-1190250.3687601476,1736032.7488295422,10
-1189787.0560436202,1736032.7488295422,10
-1189323.7433270926,1736032.7488295422,10
-1188860.430610565,1736032.7488295422,10
-1188397.1178940376,1736032.7488295422,10
-1187933.80517751,1736032.7488295422,10
-1187470.4924609826,1736032.7488295422,10
-1187007.179744455,1736032.7488295422,10
-1186543.8670279277,1736032.7488295422,10
-1186080.5543114,1736032.7488295422,10
-1185617.2415948727,1736032.7488295422,10
-1185153.928878345,1736032.7488295422,10
-1184690.6161618177,1736032.7488295422,10
-1184227.30344529,1736032.7488295422,10
-1183763.9907287627,1736032.7488295422,10
-1183300.678012235,1736032.7488295422,10
-1182837.3652957077,1736032.7488295422,10
-1182374.05257918,1736032.7488295422,10
-1181910.7398626525,1736032.7488295422,10
-1181447.4271461251,1736032.7488295422,10
-1180984.1144295975,1736032.7488295422,10
-1180520.8017130701,1736032.7488295422,10
-1180057.4889965425,1736032.7488295422,10
-1179594.1762800151,1736032.7488295422,10
-1179130.8635634875,1736032.7488295422,10
-1178667.5508469602,1736032.7488295422,10
-1178204.2381304326,1736032.7488295422,10
-1177740.9254139052,1736032.7488295422,10
-1177277.6126973776,1736032.7488295422,10
-1176814.2999808502,1736032.7488295422,10
-1176350.9872643226,1736032.7488295422,10
-1175887.6745477952,1736032.7488295422,10
-1175424.3618312676,1736032.7488295422,10
-1174961.04911474,1736032.7488295422,10
-1174497.7363982126,1736032.7488295422,10
-1174034.4236816852,1736032.7488295422,10
-1173571.1109651576,1736032.7488295422,10
-1173107.79824863,1736032.7488295422,10
-1172644.4855321026,1736032.7488295422,10
-1172181.172815575,1736032.7488295422,10
-1171717.8600990477,1736032.7488295422,10
-1171254.54738252,1736032.7488295422,10
-1170791.2346659927,1736032.7488295422,10
-1170327.921949465,1736032.7488295422,10
-1169864.6092329377,1736032.7488295422,10
-1169401.29651641,1736032.7488295422,10
-1168937.9837998827,1736032.7488295422,10
-1168474.671083355,1736032.7488295422,10
-1168011.3583668275,1736032.7488295422,10
-1167548.0456503,1736032.7488295422,10
-1167084.7329337727,1736032.7488295422,10
-1166621.4202172451,1736032.7488295422,10
-1166158.1075007175,1736032.7488295422,10
-1165694.7947841901,1736032.7488295422,10
-1165231.4820676625,1736032.7488295422,10
-1164768.1693511351,1736032.7488295422,10
-1164304.8566346075,1736032.7488295422,10
-1163841.5439180802,1736032.7488295422,10
-1163378.2312015526,1736032.7488295422,10
-1162914.9184850252,1736032.7488295422,10
-1162451.6057684976,1736032.7488295422,10
-1161988.2930519702,1736032.7488295422,10
-1161524.9803354426,1736032.7488295422,10
-1161061.6676189152,1736032.7488295422,10
-1160598.3549023876,1736032.7488295422,10
-1160135.0421858602,1736032.7488295422,10
-1159671.7294693326,1736032.7488295422,10
-1159208.416752805,1736032.7488295422,10
-1158745.1040362776,1736032.7488295422,10
-1158281.79131975,1736032.7488295422,10
-1157818.4786032226,1736032.7488295422,10
-1157355.165886695,1736032.7488295422,10
-1156891.8531701677,1736032.7488295422,10
-1156428.54045364,1736032.7488295422,10
-1155965.2277371127,1736032.7488295422,10
-1155501.915020585,1736032.7488295422,10
-1155038.6023040577,1736032.7488295422,10
-1154575.28958753,1736032.7488295422,10
-1154111.9768710027,1736032.7488295422,10
-1153648.664154475,1736032.7488295422,10
-1153185.3514379477,1736032.7488295422,10
-1152722.03872142,1736032.7488295422,10
-1152258.7260048925,1736032.7488295422,10
-1151795.4132883651,1736032.7488295422,10
-1151332.1005718375,1736032.7488295422,10
-1150868.7878553101,1736032.7488295422,10
-1150405.4751387825,1736032.7488295422,10
-1149942.1624222551,1736032.7488295422,10
-1149478.8497057275,1736032.7488295422,10
-1149015.5369892002,1736032.7488295422,10
-1148552.2242726726,1736032.7488295422,10
-1148088.9115561452,1736032.7488295422,10
-1147625.5988396176,1736032.7488295422,10
-1147162.2861230902,1736032.7488295422,10
-1146698.9734065626,1736032.7488295422,10
-1146235.6606900352,1736032.7488295422,10
-1145772.3479735076,1736032.7488295422,10
-1145309.03525698,1736032.7488295422,10
-1144845.7225404526,1736032.7488295422,10
-1144382.4098239252,1736032.7488295422,10
-1143919.0971073976,1736032.7488295422,10
-1143455.78439087,1736032.7488295422,10
-1142992.4716743426,1736032.7488295422,10
-1142529.158957815,1736032.7488295422,10
-1142065.8462412877,1736032.7488295422,10
-1141602.53352476,1736032.7488295422,10
-1141139.2208082327,1736032.7488295422,10
-1140675.908091705,1736032.7488295422,10
-1140212.5953751777,1736032.7488295422,10
-1139749.28265865,1736032.7488295422,10
-1139285.9699421227,1736032.7488295422,10
-1138822.657225595,1736032.7488295422,10
-1138359.3445090675,1736032.7488295422,10
-1137896.03179254,1736032.7488295422,10
-1137432.7190760127,1736032.7488295422,10
-1136969.4063594851,1736032.7488295422,10
-1250017.7091921952,1735569.4361130148,10
-1249554.3964756676,1735569.4361130148,10
-1249091.0837591402,1735569.4361130148,10
-1248627.7710426126,1735569.4361130148,10
-1248164.458326085,1735569.4361130148,10
-1247701.1456095576,1735569.4361130148,10
-1247237.83289303,1735569.4361130148,10
-1246774.5201765026,1735569.4361130148,10
-1246311.207459975,1735569.4361130148,10
-1245847.8947434477,1735569.4361130148,10
-1245384.58202692,1735569.4361130148,10
-1244921.2693103927,1735569.4361130148,10
-1244457.956593865,1735569.4361130148,10
-1243994.6438773377,1735569.4361130148,10
-1243531.33116081,1735569.4361130148,10
-1243068.0184442827,1735569.4361130148,10
-1242604.705727755,1735569.4361130148,10
-1242141.3930112277,1735569.4361130148,10
-1241678.0802947,1735569.4361130148,10
-1241214.7675781725,1735569.4361130148,10
-1240751.4548616451,1735569.4361130148,10
-1240288.1421451175,1735569.4361130148,10
-1239824.8294285901,1735569.4361130148,10
-1239361.5167120625,1735569.4361130148,10
-1238898.2039955352,1735569.4361130148,10
-1238434.8912790075,1735569.4361130148,10
-1237971.5785624802,1735569.4361130148,10
-1237508.2658459526,1735569.4361130148,10
-1237044.9531294252,1735569.4361130148,10
-1236581.6404128976,1735569.4361130148,10
-1236118.3276963702,1735569.4361130148,10
-1235655.0149798426,1735569.4361130148,10
-1235191.7022633152,1735569.4361130148,10
-1234728.3895467876,1735569.4361130148,10
-1234265.07683026,1735569.4361130148,10
-1233801.7641137326,1735569.4361130148,10
-1233338.4513972052,1735569.4361130148,10
-1232875.1386806776,1735569.4361130148,10
-1232411.82596415,1735569.4361130148,10
-1231948.5132476226,1735569.4361130148,10
-1231485.200531095,1735569.4361130148,10
-1231021.8878145677,1735569.4361130148,10
-1230558.57509804,1735569.4361130148,10
-1230095.2623815127,1735569.4361130148,10
-1229631.949664985,1735569.4361130148,10
-1229168.6369484577,1735569.4361130148,10
-1228705.32423193,1735569.4361130148,10
-1228242.0115154027,1735569.4361130148,10
-1227778.698798875,1735569.4361130148,10
-1227315.3860823475,1735569.4361130148,10
-1226852.07336582,1735569.4361130148,10
-1226388.7606492927,1735569.4361130148,10
-1225925.4479327651,1735569.4361130148,10
-1219902.3826179076,1735569.4361130148,10
-1219439.0699013802,1735569.4361130148,10
-1218975.7571848526,1735569.4361130148,10
-1218512.444468325,1735569.4361130148,10
-1218049.1317517976,1735569.4361130148,10
-1217585.81903527,1735569.4361130148,10
-1217122.5063187426,1735569.4361130148,10
-1216659.193602215,1735569.4361130148,10
-1216195.8808856877,1735569.4361130148,10
-1215732.56816916,1735569.4361130148,10
-1215269.2554526327,1735569.4361130148,10
-1214805.942736105,1735569.4361130148,10
-1214342.6300195777,1735569.4361130148,10
-1213879.31730305,1735569.4361130148,10
-1213416.0045865227,1735569.4361130148,10
-1212952.691869995,1735569.4361130148,10
-1212489.3791534677,1735569.4361130148,10
-1212026.06643694,1735569.4361130148,10
-1211562.7537204125,1735569.4361130148,10
-1211099.4410038851,1735569.4361130148,10
-1210636.1282873575,1735569.4361130148,10
-1210172.8155708301,1735569.4361130148,10
-1209709.5028543025,1735569.4361130148,10
-1209246.1901377751,1735569.4361130148,10
-1208782.8774212475,1735569.4361130148,10
-1208319.5647047202,1735569.4361130148,10
-1207856.2519881926,1735569.4361130148,10
-1207392.9392716652,1735569.4361130148,10
-1206929.6265551376,1735569.4361130148,10
-1206466.3138386102,1735569.4361130148,10
-1206003.0011220826,1735569.4361130148,10
-1205539.6884055552,1735569.4361130148,10
-1205076.3756890276,1735569.4361130148,10
-1204613.0629725,1735569.4361130148,10
-1204149.7502559726,1735569.4361130148,10
-1203686.4375394452,1735569.4361130148,10
-1203223.1248229176,1735569.4361130148,10
-1202759.81210639,1735569.4361130148,10
-1202296.4993898626,1735569.4361130148,10
-1201833.186673335,1735569.4361130148,10
-1201369.8739568077,1735569.4361130148,10
-1200906.56124028,1735569.4361130148,10
-1200443.2485237527,1735569.4361130148,10
-1199979.935807225,1735569.4361130148,10
-1199516.6230906977,1735569.4361130148,10
-1199053.31037417,1735569.4361130148,10
-1198589.9976576427,1735569.4361130148,10
-1198126.684941115,1735569.4361130148,10
-1197663.3722245875,1735569.4361130148,10
-1197200.05950806,1735569.4361130148,10
-1196736.7467915327,1735569.4361130148,10
-1196273.4340750051,1735569.4361130148,10
-1195810.1213584775,1735569.4361130148,10
-1195346.8086419501,1735569.4361130148,10
-1194883.4959254225,1735569.4361130148,10
-1194420.1832088951,1735569.4361130148,10
-1193956.8704923675,1735569.4361130148,10
-1193493.5577758402,1735569.4361130148,10
-1193030.2450593126,1735569.4361130148,10
-1192566.9323427852,1735569.4361130148,10
-1192103.6196262576,1735569.4361130148,10
-1191640.3069097302,1735569.4361130148,10
-1191176.9941932026,1735569.4361130148,10
-1190713.6814766752,1735569.4361130148,10
-1190250.3687601476,1735569.4361130148,10
-1189787.0560436202,1735569.4361130148,10
-1189323.7433270926,1735569.4361130148,10
-1188860.430610565,1735569.4361130148,10
-1188397.1178940376,1735569.4361130148,10
-1187933.80517751,1735569.4361130148,10
-1187470.4924609826,1735569.4361130148,10
-1187007.179744455,1735569.4361130148,10
-1186543.8670279277,1735569.4361130148,10
-1186080.5543114,1735569.4361130148,10
-1185617.2415948727,1735569.4361130148,10
-1185153.928878345,1735569.4361130148,10
-1184690.6161618177,1735569.4361130148,10
-1184227.30344529,1735569.4361130148,10
-1183763.9907287627,1735569.4361130148,10
-1183300.678012235,1735569.4361130148,10
-1182837.3652957077,1735569.4361130148,10
-1182374.05257918,1735569.4361130148,10
-1181910.7398626525,1735569.4361130148,10
-1181447.4271461251,1735569.4361130148,10
-1180984.1144295975,1735569.4361130148,10
-1180520.8017130701,1735569.4361130148,10
-1180057.4889965425,1735569.4361130148,10
-1179594.1762800151,1735569.4361130148,10
-1179130.8635634875,1735569.4361130148,10
-1178667.5508469602,1735569.4361130148,10
-1178204.2381304326,1735569.4361130148,10
-1177740.9254139052,1735569.4361130148,10
-1177277.6126973776,1735569.4361130148,10
-1176814.2999808502,1735569.4361130148,10
-1176350.9872643226,1735569.4361130148,10
-1175887.6745477952,1735569.4361130148,10
-1175424.3618312676,1735569.4361130148,10
-1174961.04911474,1735569.4361130148,10
-1174497.7363982126,1735569.4361130148,10
-1174034.4236816852,1735569.4361130148,10
-1173571.1109651576,1735569.4361130148,10
-1173107.79824863,1735569.4361130148,10
-1172644.4855321026,1735569.4361130148,10
-1172181.172815575,1735569.4361130148,10
-1171717.8600990477,1735569.4361130148,10
-1171254.54738252,1735569.4361130148,10
-1170791.2346659927,1735569.4361130148,10
-1170327.921949465,1735569.4361130148,10
-1169864.6092329377,1735569.4361130148,10
-1169401.29651641,1735569.4361130148,10
-1168937.9837998827,1735569.4361130148,10
-1168474.671083355,1735569.4361130148,10
-1168011.3583668275,1735569.4361130148,10
-1167548.0456503,1735569.4361130148,10
-1167084.7329337727,1735569.4361130148,10
-1166621.4202172451,1735569.4361130148,10
-1166158.1075007175,1735569.4361130148,10
-1165694.7947841901,1735569.4361130148,10
-1165231.4820676625,1735569.4361130148,10
-1164768.1693511351,1735569.4361130148,10
-1164304.8566346075,1735569.4361130148,10
-1163841.5439180802,1735569.4361130148,10
-1163378.2312015526,1735569.4361130148,10
-1162914.9184850252,1735569.4361130148,10
-1162451.6057684976,1735569.4361130148,10
-1161988.2930519702,1735569.4361130148,10
-1161524.9803354426,1735569.4361130148,10
-1161061.6676189152,1735569.4361130148,10
-1160598.3549023876,1735569.4361130148,10
-1160135.0421858602,1735569.4361130148,10
-1159671.7294693326,1735569.4361130148,10
-1159208.416752805,1735569.4361130148,10
-1158745.1040362776,1735569.4361130148,10
-1158281.79131975,1735569.4361130148,10
-1157818.4786032226,1735569.4361130148,10
-1157355.165886695,1735569.4361130148,10
-1156891.8531701677,1735569.4361130148,10
-1156428.54045364,1735569.4361130148,10
-1155965.2277371127,1735569.4361130148,10
-1155501.915020585,1735569.4361130148,10
-1155038.6023040577,1735569.4361130148,10
-1154575.28958753,1735569.4361130148,10
-1154111.9768710027,1735569.4361130148,10
-1153648.664154475,1735569.4361130148,10
-1153185.3514379477,1735569.4361130148,10
-1152722.03872142,1735569.4361130148,10
-1152258.7260048925,1735569.4361130148,10
-1151795.4132883651,1735569.4361130148,10
-1151332.1005718375,1735569.4361130148,10
-1150868.7878553101,1735569.4361130148,10
-1150405.4751387825,1735569.4361130148,10
-1149942.1624222551,1735569.4361130148,10
-1149478.8497057275,1735569.4361130148,10
-1149015.5369892002,1735569.4361130148,10
-1148552.2242726726,1735569.4361130148,10
-1148088.9115561452,1735569.4361130148,10
-1147625.5988396176,1735569.4361130148,10
-1147162.2861230902,1735569.4361130148,10
-1146698.9734065626,1735569.4361130148,10
-1146235.6606900352,1735569.4361130148,10
-1145772.3479735076,1735569.4361130148,10
-1145309.03525698,1735569.4361130148,10
-1144845.7225404526,1735569.4361130148,10
-1144382.4098239252,1735569.4361130148,10
-1143919.0971073976,1735569.4361130148,10
-1143455.78439087,1735569.4361130148,10
-1142992.4716743426,1735569.4361130148,10
-1142529.158957815,1735569.4361130148,10
-1142065.8462412877,1735569.4361130148,10
-1141602.53352476,1735569.4361130148,10
-1141139.2208082327,1735569.4361130148,10
-1140675.908091705,1735569.4361130148,10
-1140212.5953751777,1735569.4361130148,10
-1139749.28265865,1735569.4361130148,10
-1139285.9699421227,1735569.4361130148,10
-1138822.657225595,1735569.4361130148,10
-1138359.3445090675,1735569.4361130148,10
-1137896.03179254,1735569.4361130148,10
-1137432.7190760127,1735569.4361130148,10
-1136969.4063594851,1735569.4361130148,10
-1250017.7091921952,1735106.1233964872,10
-1249554.3964756676,1735106.1233964872,10
-1249091.0837591402,1735106.1233964872,10
-1248627.7710426126,1735106.1233964872,10
-1248164.458326085,1735106.1233964872,10
-1247701.1456095576,1735106.1233964872,10
-1247237.83289303,1735106.1233964872,10
-1246774.5201765026,1735106.1233964872,10
-1246311.207459975,1735106.1233964872,10
-1245847.8947434477,1735106.1233964872,10
-1245384.58202692,1735106.1233964872,10
-1244921.2693103927,1735106.1233964872,10
-1244457.956593865,1735106.1233964872,10
-1243994.6438773377,1735106.1233964872,10
-1243531.33116081,1735106.1233964872,10
-1243068.0184442827,1735106.1233964872,10
-1242604.705727755,1735106.1233964872,10
-1242141.3930112277,1735106.1233964872,10
-1241678.0802947,1735106.1233964872,10
-1241214.7675781725,1735106.1233964872,10
-1240751.4548616451,1735106.1233964872,10
-1240288.1421451175,1735106.1233964872,10
-1239824.8294285901,1735106.1233964872,10
-1239361.5167120625,1735106.1233964872,10
-1238898.2039955352,1735106.1233964872,10
-1238434.8912790075,1735106.1233964872,10
-1237971.5785624802,1735106.1233964872,10
-1237508.2658459526,1735106.1233964872,10
-1237044.9531294252,1735106.1233964872,10
-1236581.6404128976,1735106.1233964872,10
-1236118.3276963702,1735106.1233964872,10
-1235655.0149798426,1735106.1233964872,10
-1235191.7022633152,1735106.1233964872,10
-1234728.3895467876,1735106.1233964872,10
-1234265.07683026,1735106.1233964872,10
-1233801.7641137326,1735106.1233964872,10
-1233338.4513972052,1735106.1233964872,10
-1232875.1386806776,1735106.1233964872,10
-1232411.82596415,1735106.1233964872,10
-1231948.5132476226,1735106.1233964872,10
-1231485.200531095,1735106.1233964872,10
-1231021.8878145677,1735106.1233964872,10
-1230558.57509804,1735106.1233964872,10
-1230095.2623815127,1735106.1233964872,10
-1229631.949664985,1735106.1233964872,10
-1229168.6369484577,1735106.1233964872,10
-1228705.32423193,1735106.1233964872,10
-1228242.0115154027,1735106.1233964872,10
-1227778.698798875,1735106.1233964872,10
-1227315.3860823475,1735106.1233964872,10
-1226852.07336582,1735106.1233964872,10
-1219902.3826179076,1735106.1233964872,10
-1219439.0699013802,1735106.1233964872,10
-1218975.7571848526,1735106.1233964872,10
-1218512.444468325,1735106.1233964872,10
-1218049.1317517976,1735106.1233964872,10
-1217585.81903527,1735106.1233964872,10
-1217122.5063187426,1735106.1233964872,10
-1216659.193602215,1735106.1233964872,10
-1216195.8808856877,1735106.1233964872,10
-1215732.56816916,1735106.1233964872,10
-1215269.2554526327,1735106.1233964872,10
-1214805.942736105,1735106.1233964872,10
-1214342.6300195777,1735106.1233964872,10
-1213879.31730305,1735106.1233964872,10
-1213416.0045865227,1735106.1233964872,10
-1212952.691869995,1735106.1233964872,10
-1212489.3791534677,1735106.1233964872,10
-1212026.06643694,1735106.1233964872,10
-1211562.7537204125,1735106.1233964872,10
-1211099.4410038851,1735106.1233964872,10
-1210636.1282873575,1735106.1233964872,10
-1210172.8155708301,1735106.1233964872,10
-1209709.5028543025,1735106.1233964872,10
-1209246.1901377751,1735106.1233964872,10
-1208782.8774212475,1735106.1233964872,10
-1208319.5647047202,1735106.1233964872,10
-1207856.2519881926,1735106.1233964872,10
-1207392.9392716652,1735106.1233964872,10
-1206929.6265551376,1735106.1233964872,10
-1206466.3138386102,1735106.1233964872,10
-1206003.0011220826,1735106.1233964872,10
-1205539.6884055552,1735106.1233964872,10
-1205076.3756890276,1735106.1233964872,10
-1204613.0629725,1735106.1233964872,10
-1204149.7502559726,1735106.1233964872,10
-1203686.4375394452,1735106.1233964872,10
-1203223.1248229176,1735106.1233964872,10
-1202759.81210639,1735106.1233964872,10
-1202296.4993898626,1735106.1233964872,10
-1201833.186673335,1735106.1233964872,10
-1201369.8739568077,1735106.1233964872,10
-1200906.56124028,1735106.1233964872,10
-1200443.2485237527,1735106.1233964872,10
-1199979.935807225,1735106.1233964872,10
-1199516.6230906977,1735106.1233964872,10
-1199053.31037417,1735106.1233964872,10
-1198589.9976576427,1735106.1233964872,10
-1198126.684941115,1735106.1233964872,10
-1197663.3722245875,1735106.1233964872,10
-1197200.05950806,1735106.1233964872,10
-1196736.7467915327,1735106.1233964872,10
-1196273.4340750051,1735106.1233964872,10
-1195810.1213584775,1735106.1233964872,10
-1195346.8086419501,1735106.1233964872,10
-1194883.4959254225,1735106.1233964872,10
-1194420.1832088951,1735106.1233964872,10
-1193956.8704923675,1735106.1233964872,10
-1193493.5577758402,1735106.1233964872,10
-1193030.2450593126,1735106.1233964872,10
-1192566.9323427852,1735106.1233964872,10
-1192103.6196262576,1735106.1233964872,10
-1191640.3069097302,1735106.1233964872,10
-1191176.9941932026,1735106.1233964872,10
-1190713.6814766752,1735106.1233964872,10
-1190250.3687601476,1735106.1233964872,10
-1189787.0560436202,1735106.1233964872,10
-1189323.7433270926,1735106.1233964872,10
-1188860.430610565,1735106.1233964872,10
-1188397.1178940376,1735106.1233964872,10
-1187933.80517751,1735106.1233964872,10
-1187470.4924609826,1735106.1233964872,10
-1187007.179744455,1735106.1233964872,10
-1186543.8670279277,1735106.1233964872,10
-1186080.5543114,1735106.1233964872,10
-1185617.2415948727,1735106.1233964872,10
-1185153.928878345,1735106.1233964872,10
-1184690.6161618177,1735106.1233964872,10
-1184227.30344529,1735106.1233964872,10
-1183763.9907287627,1735106.1233964872,10
-1183300.678012235,1735106.1233964872,10
-1182837.3652957077,1735106.1233964872,10
-1182374.05257918,1735106.1233964872,10
-1181910.7398626525,1735106.1233964872,10
-1181447.4271461251,1735106.1233964872,10
-1180984.1144295975,1735106.1233964872,10
-1180520.8017130701,1735106.1233964872,10
-1180057.4889965425,1735106.1233964872,10
-1179594.1762800151,1735106.1233964872,10
-1179130.8635634875,1735106.1233964872,10
-1178667.5508469602,1735106.1233964872,10
-1178204.2381304326,1735106.1233964872,10
-1177740.9254139052,1735106.1233964872,10
-1177277.6126973776,1735106.1233964872,10
-1176814.2999808502,1735106.1233964872,10
-1176350.9872643226,1735106.1233964872,10
-1175887.6745477952,1735106.1233964872,10
-1175424.3618312676,1735106.1233964872,10
-1174961.04911474,1735106.1233964872,10
-1174497.7363982126,1735106.1233964872,10
-1174034.4236816852,1735106.1233964872,10
-1173571.1109651576,1735106.1233964872,10
-1173107.79824863,1735106.1233964872,10
-1172644.4855321026,1735106.1233964872,10
-1172181.172815575,1735106.1233964872,10
-1171717.8600990477,1735106.1233964872,10
-1171254.54738252,1735106.1233964872,10
-1170791.2346659927,1735106.1233964872,10
-1170327.921949465,1735106.1233964872,10
-1169864.6092329377,1735106.1233964872,10
-1169401.29651641,1735106.1233964872,10
-1168937.9837998827,1735106.1233964872,10
-1168474.671083355,1735106.1233964872,10
-1168011.3583668275,1735106.1233964872,10
-1167548.0456503,1735106.1233964872,10
-1167084.7329337727,1735106.1233964872,10
-1166621.4202172451,1735106.1233964872,10
-1166158.1075007175,1735106.1233964872,10
-1165694.7947841901,1735106.1233964872,10
-1165231.4820676625,1735106.1233964872,10
-1164768.1693511351,1735106.1233964872,10
-1164304.8566346075,1735106.1233964872,10
-1163841.5439180802,1735106.1233964872,10
-1163378.2312015526,1735106.1233964872,10
-1162914.9184850252,1735106.1233964872,10
-1162451.6057684976,1735106.1233964872,10
-1161988.2930519702,1735106.1233964872,10
-1161524.9803354426,1735106.1233964872,10
-1161061.6676189152,1735106.1233964872,10
-1160598.3549023876,1735106.1233964872,10
-1160135.0421858602,1735106.1233964872,10
-1159671.7294693326,1735106.1233964872,10
-1159208.416752805,1735106.1233964872,10
-1158745.1040362776,1735106.1233964872,10
-1158281.79131975,1735106.1233964872,10
-1157818.4786032226,1735106.1233964872,10
-1157355.165886695,1735106.1233964872,10
-1156891.8531701677,1735106.1233964872,10
-1156428.54045364,1735106.1233964872,10
-1155965.2277371127,1735106.1233964872,10
-1155501.915020585,1735106.1233964872,10
-1155038.6023040577,1735106.1233964872,10
-1154575.28958753,1735106.1233964872,10
-1154111.9768710027,1735106.1233964872,10
-1153648.664154475,1735106.1233964872,10
-1153185.3514379477,1735106.1233964872,10
-1152722.03872142,1735106.1233964872,10
-1152258.7260048925,1735106.1233964872,10
-1151795.4132883651,1735106.1233964872,10
-1151332.1005718375,1735106.1233964872,10
-1150868.7878553101,1735106.1233964872,10
-1150405.4751387825,1735106.1233964872,10
-1149942.1624222551,1735106.1233964872,10
-1149478.8497057275,1735106.1233964872,10
-1149015.5369892002,1735106.1233964872,10
-1148552.2242726726,1735106.1233964872,10
-1148088.9115561452,1735106.1233964872,10
-1147625.5988396176,1735106.1233964872,10
-1147162.2861230902,1735106.1233964872,10
-1146698.9734065626,1735106.1233964872,10
-1146235.6606900352,1735106.1233964872,10
-1145772.3479735076,1735106.1233964872,10
-1145309.03525698,1735106.1233964872,10
-1144845.7225404526,1735106.1233964872,10
-1144382.4098239252,1735106.1233964872,10
-1143919.0971073976,1735106.1233964872,10
-1143455.78439087,1735106.1233964872,10
-1142992.4716743426,1735106.1233964872,10
-1142529.158957815,1735106.1233964872,10
-1142065.8462412877,1735106.1233964872,10
-1141602.53352476,1735106.1233964872,10
-1141139.2208082327,1735106.1233964872,10
-1140675.908091705,1735106.1233964872,10
-1140212.5953751777,1735106.1233964872,10
-1139749.28265865,1735106.1233964872,10
-1139285.9699421227,1735106.1233964872,10
-1138822.657225595,1735106.1233964872,10
-1138359.3445090675,1735106.1233964872,10
-1137896.03179254,1735106.1233964872,10
-1137432.7190760127,1735106.1233964872,10
-1136969.4063594851,1735106.1233964872,10
-1250481.0219087226,1734642.8106799596,10
-1250017.7091921952,1734642.8106799596,10
-1249554.3964756676,1734642.8106799596,10
-1249091.0837591402,1734642.8106799596,10
-1248627.7710426126,1734642.8106799596,10
-1248164.458326085,1734642.8106799596,10
-1247701.1456095576,1734642.8106799596,10
-1247237.83289303,1734642.8106799596,10
-1246774.5201765026,1734642.8106799596,10
-1246311.207459975,1734642.8106799596,10
-1245847.8947434477,1734642.8106799596,10
-1245384.58202692,1734642.8106799596,10
-1244921.2693103927,1734642.8106799596,10
-1244457.956593865,1734642.8106799596,10
-1243994.6438773377,1734642.8106799596,10
-1243531.33116081,1734642.8106799596,10
-1243068.0184442827,1734642.8106799596,10
-1242604.705727755,1734642.8106799596,10
-1242141.3930112277,1734642.8106799596,10
-1241678.0802947,1734642.8106799596,10
-1241214.7675781725,1734642.8106799596,10
-1240751.4548616451,1734642.8106799596,10
-1240288.1421451175,1734642.8106799596,10
-1239824.8294285901,1734642.8106799596,10
-1239361.5167120625,1734642.8106799596,10
-1238898.2039955352,1734642.8106799596,10
-1238434.8912790075,1734642.8106799596,10
-1237971.5785624802,1734642.8106799596,10
-1237508.2658459526,1734642.8106799596,10
-1237044.9531294252,1734642.8106799596,10
-1236581.6404128976,1734642.8106799596,10
-1236118.3276963702,1734642.8106799596,10
-1235655.0149798426,1734642.8106799596,10
-1235191.7022633152,1734642.8106799596,10
-1234728.3895467876,1734642.8106799596,10
-1234265.07683026,1734642.8106799596,10
-1233801.7641137326,1734642.8106799596,10
-1233338.4513972052,1734642.8106799596,10
-1232875.1386806776,1734642.8106799596,10
-1232411.82596415,1734642.8106799596,10
-1231948.5132476226,1734642.8106799596,10
-1231485.200531095,1734642.8106799596,10
-1231021.8878145677,1734642.8106799596,10
-1230558.57509804,1734642.8106799596,10
-1230095.2623815127,1734642.8106799596,10
-1229631.949664985,1734642.8106799596,10
-1229168.6369484577,1734642.8106799596,10
-1228705.32423193,1734642.8106799596,10
-1228242.0115154027,1734642.8106799596,10
-1227778.698798875,1734642.8106799596,10
-1219439.0699013802,1734642.8106799596,10
-1218975.7571848526,1734642.8106799596,10
-1218512.444468325,1734642.8106799596,10
-1218049.1317517976,1734642.8106799596,10
-1217585.81903527,1734642.8106799596,10
-1217122.5063187426,1734642.8106799596,10
-1216659.193602215,1734642.8106799596,10
-1216195.8808856877,1734642.8106799596,10
-1215732.56816916,1734642.8106799596,10
-1215269.2554526327,1734642.8106799596,10
-1214805.942736105,1734642.8106799596,10
-1214342.6300195777,1734642.8106799596,10
-1213879.31730305,1734642.8106799596,10
-1213416.0045865227,1734642.8106799596,10
-1212952.691869995,1734642.8106799596,10
-1212489.3791534677,1734642.8106799596,10
-1212026.06643694,1734642.8106799596,10
-1211562.7537204125,1734642.8106799596,10
-1211099.4410038851,1734642.8106799596,10
-1210636.1282873575,1734642.8106799596,10
-1210172.8155708301,1734642.8106799596,10
-1209709.5028543025,1734642.8106799596,10
-1209246.1901377751,1734642.8106799596,10
-1208782.8774212475,1734642.8106799596,10
-1208319.5647047202,1734642.8106799596,10
-1207856.2519881926,1734642.8106799596,10
-1207392.9392716652,1734642.8106799596,10
-1206929.6265551376,1734642.8106799596,10
-1206466.3138386102,1734642.8106799596,10
-1206003.0011220826,1734642.8106799596,10
-1205539.6884055552,1734642.8106799596,10
-1205076.3756890276,1734642.8106799596,10
-1204613.0629725,1734642.8106799596,10
-1204149.7502559726,1734642.8106799596,10
-1203686.4375394452,1734642.8106799596,10
-1203223.1248229176,1734642.8106799596,10
-1202759.81210639,1734642.8106799596,10
-1202296.4993898626,1734642.8106799596,10
-1201833.186673335,1734642.8106799596,10
-1201369.8739568077,1734642.8106799596,10
-1200906.56124028,1734642.8106799596,10
-1200443.2485237527,1734642.8106799596,10
-1199979.935807225,1734642.8106799596,10
-1199516.6230906977,1734642.8106799596,10
-1199053.31037417,1734642.8106799596,10
-1198589.9976576427,1734642.8106799596,10
-1198126.684941115,1734642.8106799596,10
-1197663.3722245875,1734642.8106799596,10
-1197200.05950806,1734642.8106799596,10
-1196736.7467915327,1734642.8106799596,10
-1196273.4340750051,1734642.8106799596,10
-1195810.1213584775,1734642.8106799596,10
-1195346.8086419501,1734642.8106799596,10
-1194883.4959254225,1734642.8106799596,10
-1194420.1832088951,1734642.8106799596,10
-1193956.8704923675,1734642.8106799596,10
-1193493.5577758402,1734642.8106799596,10
-1193030.2450593126,1734642.8106799596,10
-1192566.9323427852,1734642.8106799596,10
-1192103.6196262576,1734642.8106799596,10
-1191640.3069097302,1734642.8106799596,10
-1191176.9941932026,1734642.8106799596,10
-1190713.6814766752,1734642.8106799596,10
-1190250.3687601476,1734642.8106799596,10
-1189787.0560436202,1734642.8106799596,10
-1189323.7433270926,1734642.8106799596,10
-1188860.430610565,1734642.8106799596,10
-1188397.1178940376,1734642.8106799596,10
-1187933.80517751,1734642.8106799596,10
-1187470.4924609826,1734642.8106799596,10
-1187007.179744455,1734642.8106799596,10
-1186543.8670279277,1734642.8106799596,10
-1186080.5543114,1734642.8106799596,10
-1185617.2415948727,1734642.8106799596,10
-1185153.928878345,1734642.8106799596,10
-1184690.6161618177,1734642.8106799596,10
-1184227.30344529,1734642.8106799596,10
-1183763.9907287627,1734642.8106799596,10
-1183300.678012235,1734642.8106799596,10
-1182837.3652957077,1734642.8106799596,10
-1182374.05257918,1734642.8106799596,10
-1181910.7398626525,1734642.8106799596,10
-1181447.4271461251,1734642.8106799596,10
-1180984.1144295975,1734642.8106799596,10
-1180520.8017130701,1734642.8106799596,10
-1180057.4889965425,1734642.8106799596,10
-1179594.1762800151,1734642.8106799596,10
-1179130.8635634875,1734642.8106799596,10
-1178667.5508469602,1734642.8106799596,10
-1178204.2381304326,1734642.8106799596,10
-1177740.9254139052,1734642.8106799596,10
-1177277.6126973776,1734642.8106799596,10
-1176814.2999808502,1734642.8106799596,10
-1176350.9872643226,1734642.8106799596,10
-1175887.6745477952,1734642.8106799596,10
-1175424.3618312676,1734642.8106799596,10
-1174961.04911474,1734642.8106799596,10
-1174497.7363982126,1734642.8106799596,10
-1174034.4236816852,1734642.8106799596,10
-1173571.1109651576,1734642.8106799596,10
-1173107.79824863,1734642.8106799596,10
-1172644.4855321026,1734642.8106799596,10
-1172181.172815575,1734642.8106799596,10
-1171717.8600990477,1734642.8106799596,10
-1171254.54738252,1734642.8106799596,10
-1170791.2346659927,1734642.8106799596,10
-1170327.921949465,1734642.8106799596,10
-1169864.6092329377,1734642.8106799596,10
-1169401.29651641,1734642.8106799596,10
-1168937.9837998827,1734642.8106799596,10
-1168474.671083355,1734642.8106799596,10
-1168011.3583668275,1734642.8106799596,10
-1167548.0456503,1734642.8106799596,10
-1167084.7329337727,1734642.8106799596,10
-1166621.4202172451,1734642.8106799596,10
-1166158.1075007175,1734642.8106799596,10
-1165694.7947841901,1734642.8106799596,10
-1165231.4820676625,1734642.8106799596,10
-1164768.1693511351,1734642.8106799596,10
-1164304.8566346075,1734642.8106799596,10
-1163841.5439180802,1734642.8106799596,10
-1163378.2312015526,1734642.8106799596,10
-1162914.9184850252,1734642.8106799596,10
-1162451.6057684976,1734642.8106799596,10
-1161988.2930519702,1734642.8106799596,10
-1161524.9803354426,1734642.8106799596,10
-1161061.6676189152,1734642.8106799596,10
-1160598.3549023876,1734642.8106799596,10
-1160135.0421858602,1734642.8106799596,10
-1159671.7294693326,1734642.8106799596,10
-1159208.416752805,1734642.8106799596,10
-1158745.1040362776,1734642.8106799596,10
-1158281.79131975,1734642.8106799596,10
-1157818.4786032226,1734642.8106799596,10
-1157355.165886695,1734642.8106799596,10
-1156891.8531701677,1734642.8106799596,10
-1156428.54045364,1734642.8106799596,10
-1155965.2277371127,1734642.8106799596,10
-1155501.915020585,1734642.8106799596,10
-1155038.6023040577,1734642.8106799596,10
-1154575.28958753,1734642.8106799596,10
-1154111.9768710027,1734642.8106799596,10
-1153648.664154475,1734642.8106799596,10
-1153185.3514379477,1734642.8106799596,10
-1152722.03872142,1734642.8106799596,10
-1152258.7260048925,1734642.8106799596,10
-1151795.4132883651,1734642.8106799596,10
-1151332.1005718375,1734642.8106799596,10
-1150868.7878553101,1734642.8106799596,10
-1150405.4751387825,1734642.8106799596,10
-1149942.1624222551,1734642.8106799596,10
-1149478.8497057275,1734642.8106799596,10
-1149015.5369892002,1734642.8106799596,10
-1148552.2242726726,1734642.8106799596,10
-1148088.9115561452,1734642.8106799596,10
-1147625.5988396176,1734642.8106799596,10
-1147162.2861230902,1734642.8106799596,10
-1146698.9734065626,1734642.8106799596,10
-1146235.6606900352,1734642.8106799596,10
-1145772.3479735076,1734642.8106799596,10
-1145309.03525698,1734642.8106799596,10
-1144845.7225404526,1734642.8106799596,10
-1144382.4098239252,1734642.8106799596,10
-1143919.0971073976,1734642.8106799596,10
-1143455.78439087,1734642.8106799596,10
-1142992.4716743426,1734642.8106799596,10
-1142529.158957815,1734642.8106799596,10
-1142065.8462412877,1734642.8106799596,10
-1141602.53352476,1734642.8106799596,10
-1141139.2208082327,1734642.8106799596,10
-1140675.908091705,1734642.8106799596,10
-1140212.5953751777,1734642.8106799596,10
-1139749.28265865,1734642.8106799596,10
-1139285.9699421227,1734642.8106799596,10
-1138822.657225595,1734642.8106799596,10
-1138359.3445090675,1734642.8106799596,10
-1137896.03179254,1734642.8106799596,10
-1137432.7190760127,1734642.8106799596,10
-1136969.4063594851,1734642.8106799596,10
-1250481.0219087226,1734179.4979634322,10
-1250017.7091921952,1734179.4979634322,10
-1249554.3964756676,1734179.4979634322,10
-1249091.0837591402,1734179.4979634322,10
-1248627.7710426126,1734179.4979634322,10
-1248164.458326085,1734179.4979634322,10
-1247701.1456095576,1734179.4979634322,10
-1247237.83289303,1734179.4979634322,10
-1246774.5201765026,1734179.4979634322,10
-1246311.207459975,1734179.4979634322,10
-1245847.8947434477,1734179.4979634322,10
-1245384.58202692,1734179.4979634322,10
-1244921.2693103927,1734179.4979634322,10
-1244457.956593865,1734179.4979634322,10
-1243994.6438773377,1734179.4979634322,10
-1243531.33116081,1734179.4979634322,10
-1243068.0184442827,1734179.4979634322,10
-1242604.705727755,1734179.4979634322,10
-1242141.3930112277,1734179.4979634322,10
-1241678.0802947,1734179.4979634322,10
-1241214.7675781725,1734179.4979634322,10
-1240751.4548616451,1734179.4979634322,10
-1240288.1421451175,1734179.4979634322,10
-1239824.8294285901,1734179.4979634322,10
-1239361.5167120625,1734179.4979634322,10
-1238898.2039955352,1734179.4979634322,10
-1238434.8912790075,1734179.4979634322,10
-1237971.5785624802,1734179.4979634322,10
-1237508.2658459526,1734179.4979634322,10
-1237044.9531294252,1734179.4979634322,10
-1236581.6404128976,1734179.4979634322,10
-1236118.3276963702,1734179.4979634322,10
-1235655.0149798426,1734179.4979634322,10
-1235191.7022633152,1734179.4979634322,10
-1234728.3895467876,1734179.4979634322,10
-1234265.07683026,1734179.4979634322,10
-1233801.7641137326,1734179.4979634322,10
-1233338.4513972052,1734179.4979634322,10
-1232875.1386806776,1734179.4979634322,10
-1232411.82596415,1734179.4979634322,10
-1231948.5132476226,1734179.4979634322,10
-1231485.200531095,1734179.4979634322,10
-1231021.8878145677,1734179.4979634322,10
-1230558.57509804,1734179.4979634322,10
-1230095.2623815127,1734179.4979634322,10
-1229631.949664985,1734179.4979634322,10
-1229168.6369484577,1734179.4979634322,10
-1228705.32423193,1734179.4979634322,10
-1218975.7571848526,1734179.4979634322,10
-1218512.444468325,1734179.4979634322,10
-1218049.1317517976,1734179.4979634322,10
-1217585.81903527,1734179.4979634322,10
-1217122.5063187426,1734179.4979634322,10
-1216659.193602215,1734179.4979634322,10
-1216195.8808856877,1734179.4979634322,10
-1215732.56816916,1734179.4979634322,10
-1215269.2554526327,1734179.4979634322,10
-1214805.942736105,1734179.4979634322,10
-1214342.6300195777,1734179.4979634322,10
-1213879.31730305,1734179.4979634322,10
-1213416.0045865227,1734179.4979634322,10
-1212952.691869995,1734179.4979634322,10
-1212489.3791534677,1734179.4979634322,10
-1212026.06643694,1734179.4979634322,10
-1211562.7537204125,1734179.4979634322,10
-1211099.4410038851,1734179.4979634322,10
-1210636.1282873575,1734179.4979634322,10
-1210172.8155708301,1734179.4979634322,10
-1209709.5028543025,1734179.4979634322,10
-1209246.1901377751,1734179.4979634322,10
-1208782.8774212475,1734179.4979634322,10
-1208319.5647047202,1734179.4979634322,10
-1207856.2519881926,1734179.4979634322,10
-1207392.9392716652,1734179.4979634322,10
-1206929.6265551376,1734179.4979634322,10
-1206466.3138386102,1734179.4979634322,10
-1206003.0011220826,1734179.4979634322,10
-1205539.6884055552,1734179.4979634322,10
-1205076.3756890276,1734179.4979634322,10
-1204613.0629725,1734179.4979634322,10
-1204149.7502559726,1734179.4979634322,10
-1203686.4375394452,1734179.4979634322,10
-1203223.1248229176,1734179.4979634322,10
-1202759.81210639,1734179.4979634322,10
-1202296.4993898626,1734179.4979634322,10
-1201833.186673335,1734179.4979634322,10
-1201369.8739568077,1734179.4979634322,10
-1200906.56124028,1734179.4979634322,10
-1200443.2485237527,1734179.4979634322,10
-1199979.935807225,1734179.4979634322,10
-1199516.6230906977,1734179.4979634322,10
-1199053.31037417,1734179.4979634322,10
-1198589.9976576427,1734179.4979634322,10
-1198126.684941115,1734179.4979634322,10
-1197663.3722245875,1734179.4979634322,10
-1197200.05950806,1734179.4979634322,10
-1196736.7467915327,1734179.4979634322,10
-1196273.4340750051,1734179.4979634322,10
-1195810.1213584775,1734179.4979634322,10
-1195346.8086419501,1734179.4979634322,10
-1194883.4959254225,1734179.4979634322,10
-1194420.1832088951,1734179.4979634322,10
-1193956.8704923675,1734179.4979634322,10
-1193493.5577758402,1734179.4979634322,10
-1193030.2450593126,1734179.4979634322,10
-1192566.9323427852,1734179.4979634322,10
-1192103.6196262576,1734179.4979634322,10
-1191640.3069097302,1734179.4979634322,10
-1191176.9941932026,1734179.4979634322,10
-1190713.6814766752,1734179.4979634322,10
-1190250.3687601476,1734179.4979634322,10
-1189787.0560436202,1734179.4979634322,10
-1189323.7433270926,1734179.4979634322,10
-1188860.430610565,1734179.4979634322,10
-1188397.1178940376,1734179.4979634322,10
-1187933.80517751,1734179.4979634322,10
-1187470.4924609826,1734179.4979634322,10
-1187007.179744455,1734179.4979634322,10
-1186543.8670279277,1734179.4979634322,10
-1186080.5543114,1734179.4979634322,10
-1185617.2415948727,1734179.4979634322,10
-1185153.928878345,1734179.4979634322,10
-1184690.6161618177,1734179.4979634322,10
-1184227.30344529,1734179.4979634322,10
-1183763.9907287627,1734179.4979634322,10
-1183300.678012235,1734179.4979634322,10
-1182837.3652957077,1734179.4979634322,10
-1182374.05257918,1734179.4979634322,10
-1181910.7398626525,1734179.4979634322,10
-1181447.4271461251,1734179.4979634322,10
-1180984.1144295975,1734179.4979634322,10
-1180520.8017130701,1734179.4979634322,10
-1180057.4889965425,1734179.4979634322,10
-1179594.1762800151,1734179.4979634322,10
-1179130.8635634875,1734179.4979634322,10
-1178667.5508469602,1734179.4979634322,10
-1178204.2381304326,1734179.4979634322,10
-1177740.9254139052,1734179.4979634322,10
-1177277.6126973776,1734179.4979634322,10
-1176814.2999808502,1734179.4979634322,10
-1176350.9872643226,1734179.4979634322,10
-1175887.6745477952,1734179.4979634322,10
-1175424.3618312676,1734179.4979634322,10
-1174961.04911474,1734179.4979634322,10
-1174497.7363982126,1734179.4979634322,10
-1174034.4236816852,1734179.4979634322,10
-1173571.1109651576,1734179.4979634322,10
-1173107.79824863,1734179.4979634322,10
-1172644.4855321026,1734179.4979634322,10
-1172181.172815575,1734179.4979634322,10
-1171717.8600990477,1734179.4979634322,10
-1171254.54738252,1734179.4979634322,10
-1170791.2346659927,1734179.4979634322,10
-1170327.921949465,1734179.4979634322,10
-1169864.6092329377,1734179.4979634322,10
-1169401.29651641,1734179.4979634322,10
-1168937.9837998827,1734179.4979634322,10
-1168474.671083355,1734179.4979634322,10
-1168011.3583668275,1734179.4979634322,10
-1167548.0456503,1734179.4979634322,10
-1167084.7329337727,1734179.4979634322,10
-1166621.4202172451,1734179.4979634322,10
-1166158.1075007175,1734179.4979634322,10
-1165694.7947841901,1734179.4979634322,10
-1165231.4820676625,1734179.4979634322,10
-1164768.1693511351,1734179.4979634322,10
-1164304.8566346075,1734179.4979634322,10
-1163841.5439180802,1734179.4979634322,10
-1163378.2312015526,1734179.4979634322,10
-1162914.9184850252,1734179.4979634322,10
-1162451.6057684976,1734179.4979634322,10
-1161988.2930519702,1734179.4979634322,10
-1161524.9803354426,1734179.4979634322,10
-1161061.6676189152,1734179.4979634322,10
-1160598.3549023876,1734179.4979634322,10
-1160135.0421858602,1734179.4979634322,10
-1159671.7294693326,1734179.4979634322,10
-1159208.416752805,1734179.4979634322,10
-1158745.1040362776,1734179.4979634322,10
-1158281.79131975,1734179.4979634322,10
-1157818.4786032226,1734179.4979634322,10
-1157355.165886695,1734179.4979634322,10
-1156891.8531701677,1734179.4979634322,10
-1156428.54045364,1734179.4979634322,10
-1155965.2277371127,1734179.4979634322,10
-1155501.915020585,1734179.4979634322,10
-1155038.6023040577,1734179.4979634322,10
-1154575.28958753,1734179.4979634322,10
-1154111.9768710027,1734179.4979634322,10
-1153648.664154475,1734179.4979634322,10
-1153185.3514379477,1734179.4979634322,10
-1152722.03872142,1734179.4979634322,10
-1152258.7260048925,1734179.4979634322,10
-1151795.4132883651,1734179.4979634322,10
-1151332.1005718375,1734179.4979634322,10
-1150868.7878553101,1734179.4979634322,10
-1150405.4751387825,1734179.4979634322,10
-1149942.1624222551,1734179.4979634322,10
-1149478.8497057275,1734179.4979634322,10
-1149015.5369892002,1734179.4979634322,10
-1148552.2242726726,1734179.4979634322,10
-1148088.9115561452,1734179.4979634322,10
-1147625.5988396176,1734179.4979634322,10
-1147162.2861230902,1734179.4979634322,10
-1146698.9734065626,1734179.4979634322,10
-1146235.6606900352,1734179.4979634322,10
-1145772.3479735076,1734179.4979634322,10
-1145309.03525698,1734179.4979634322,10
-1144845.7225404526,1734179.4979634322,10
-1144382.4098239252,1734179.4979634322,10
-1143919.0971073976,1734179.4979634322,10
-1143455.78439087,1734179.4979634322,10
-1142992.4716743426,1734179.4979634322,10
-1142529.158957815,1734179.4979634322,10
-1142065.8462412877,1734179.4979634322,10
-1141602.53352476,1734179.4979634322,10
-1141139.2208082327,1734179.4979634322,10
-1140675.908091705,1734179.4979634322,10
-1140212.5953751777,1734179.4979634322,10
-1139749.28265865,1734179.4979634322,10
-1139285.9699421227,1734179.4979634322,10
-1138822.657225595,1734179.4979634322,10
-1138359.3445090675,1734179.4979634322,10
-1137896.03179254,1734179.4979634322,10
-1137432.7190760127,1734179.4979634322,10
-1136969.4063594851,1734179.4979634322,10
-1250944.3346252502,1733716.1852469046,10
-1250481.0219087226,1733716.1852469046,10
-1250017.7091921952,1733716.1852469046,10
-1249554.3964756676,1733716.1852469046,10
-1249091.0837591402,1733716.1852469046,10
-1248627.7710426126,1733716.1852469046,10
-1248164.458326085,1733716.1852469046,10
-1247701.1456095576,1733716.1852469046,10
-1247237.83289303,1733716.1852469046,10
-1246774.5201765026,1733716.1852469046,10
-1246311.207459975,1733716.1852469046,10
-1245847.8947434477,1733716.1852469046,10
-1245384.58202692,1733716.1852469046,10
-1244921.2693103927,1733716.1852469046,10
-1244457.956593865,1733716.1852469046,10
-1243994.6438773377,1733716.1852469046,10
-1243531.33116081,1733716.1852469046,10
-1243068.0184442827,1733716.1852469046,10
-1242604.705727755,1733716.1852469046,10
-1242141.3930112277,1733716.1852469046,10
-1241678.0802947,1733716.1852469046,10
-1241214.7675781725,1733716.1852469046,10
-1240751.4548616451,1733716.1852469046,10
-1240288.1421451175,1733716.1852469046,10
-1239824.8294285901,1733716.1852469046,10
-1239361.5167120625,1733716.1852469046,10
-1238898.2039955352,1733716.1852469046,10
-1238434.8912790075,1733716.1852469046,10
-1237971.5785624802,1733716.1852469046,10
-1237508.2658459526,1733716.1852469046,10
-1237044.9531294252,1733716.1852469046,10
-1236581.6404128976,1733716.1852469046,10
-1236118.3276963702,1733716.1852469046,10
-1235655.0149798426,1733716.1852469046,10
-1235191.7022633152,1733716.1852469046,10
-1234728.3895467876,1733716.1852469046,10
-1234265.07683026,1733716.1852469046,10
-1233801.7641137326,1733716.1852469046,10
-1233338.4513972052,1733716.1852469046,10
-1232875.1386806776,1733716.1852469046,10
-1232411.82596415,1733716.1852469046,10
-1231948.5132476226,1733716.1852469046,10
-1231485.200531095,1733716.1852469046,10
-1231021.8878145677,1733716.1852469046,10
-1230558.57509804,1733716.1852469046,10
-1230095.2623815127,1733716.1852469046,10
-1229631.949664985,1733716.1852469046,10
-1218975.7571848526,1733716.1852469046,10
-1218512.444468325,1733716.1852469046,10
-1218049.1317517976,1733716.1852469046,10
-1217585.81903527,1733716.1852469046,10
-1217122.5063187426,1733716.1852469046,10
-1216659.193602215,1733716.1852469046,10
-1216195.8808856877,1733716.1852469046,10
-1215732.56816916,1733716.1852469046,10
-1215269.2554526327,1733716.1852469046,10
-1214805.942736105,1733716.1852469046,10
-1214342.6300195777,1733716.1852469046,10
-1213879.31730305,1733716.1852469046,10
-1213416.0045865227,1733716.1852469046,10
-1212952.691869995,1733716.1852469046,10
-1212489.3791534677,1733716.1852469046,10
-1212026.06643694,1733716.1852469046,10
-1211562.7537204125,1733716.1852469046,10
-1211099.4410038851,1733716.1852469046,10
-1210636.1282873575,1733716.1852469046,10
-1210172.8155708301,1733716.1852469046,10
-1209709.5028543025,1733716.1852469046,10
-1209246.1901377751,1733716.1852469046,10
-1208782.8774212475,1733716.1852469046,10
-1208319.5647047202,1733716.1852469046,10
-1207856.2519881926,1733716.1852469046,10
-1207392.9392716652,1733716.1852469046,10
-1206929.6265551376,1733716.1852469046,10
-1206466.3138386102,1733716.1852469046,10
-1206003.0011220826,1733716.1852469046,10
-1205539.6884055552,1733716.1852469046,10
-1205076.3756890276,1733716.1852469046,10
-1204613.0629725,1733716.1852469046,10
-1204149.7502559726,1733716.1852469046,10
-1203686.4375394452,1733716.1852469046,10
-1203223.1248229176,1733716.1852469046,10
-1202759.81210639,1733716.1852469046,10
-1202296.4993898626,1733716.1852469046,10
-1201833.186673335,1733716.1852469046,10
-1201369.8739568077,1733716.1852469046,10
-1200906.56124028,1733716.1852469046,10
-1200443.2485237527,1733716.1852469046,10
-1199979.935807225,1733716.1852469046,10
-1199516.6230906977,1733716.1852469046,10
-1199053.31037417,1733716.1852469046,10
-1198589.9976576427,1733716.1852469046,10
-1198126.684941115,1733716.1852469046,10
-1197663.3722245875,1733716.1852469046,10
-1197200.05950806,1733716.1852469046,10
-1196736.7467915327,1733716.1852469046,10
-1196273.4340750051,1733716.1852469046,10
-1195810.1213584775,1733716.1852469046,10
-1195346.8086419501,1733716.1852469046,10
-1194883.4959254225,1733716.1852469046,10
-1194420.1832088951,1733716.1852469046,10
-1193956.8704923675,1733716.1852469046,10
-1193493.5577758402,1733716.1852469046,10
-1193030.2450593126,1733716.1852469046,10
-1192566.9323427852,1733716.1852469046,10
-1192103.6196262576,1733716.1852469046,10
-1191640.3069097302,1733716.1852469046,10
-1191176.9941932026,1733716.1852469046,10
-1190713.6814766752,1733716.1852469046,10
-1190250.3687601476,1733716.1852469046,10
-1189787.0560436202,1733716.1852469046,10
-1189323.7433270926,1733716.1852469046,10
-1188860.430610565,1733716.1852469046,10
-1188397.1178940376,1733716.1852469046,10
-1187933.80517751,1733716.1852469046,10
-1187470.4924609826,1733716.1852469046,10
-1187007.179744455,1733716.1852469046,10
-1186543.8670279277,1733716.1852469046,10
-1186080.5543114,1733716.1852469046,10
-1185617.2415948727,1733716.1852469046,10
-1185153.928878345,1733716.1852469046,10
-1184690.6161618177,1733716.1852469046,10
-1184227.30344529,1733716.1852469046,10
-1183763.9907287627,1733716.1852469046,10
-1183300.678012235,1733716.1852469046,10
-1182837.3652957077,1733716.1852469046,10
-1182374.05257918,1733716.1852469046,10
-1181910.7398626525,1733716.1852469046,10
-1181447.4271461251,1733716.1852469046,10
-1180984.1144295975,1733716.1852469046,10
-1180520.8017130701,1733716.1852469046,10
-1180057.4889965425,1733716.1852469046,10
-1179594.1762800151,1733716.1852469046,10
-1179130.8635634875,1733716.1852469046,10
-1178667.5508469602,1733716.1852469046,10
-1178204.2381304326,1733716.1852469046,10
-1177740.9254139052,1733716.1852469046,10
-1177277.6126973776,1733716.1852469046,10
-1176814.2999808502,1733716.1852469046,10
-1176350.9872643226,1733716.1852469046,10
-1175887.6745477952,1733716.1852469046,10
-1175424.3618312676,1733716.1852469046,10
-1174961.04911474,1733716.1852469046,10
-1174497.7363982126,1733716.1852469046,10
-1174034.4236816852,1733716.1852469046,10
-1173571.1109651576,1733716.1852469046,10
-1173107.79824863,1733716.1852469046,10
-1172644.4855321026,1733716.1852469046,10
-1172181.172815575,1733716.1852469046,10
-1171717.8600990477,1733716.1852469046,10
-1171254.54738252,1733716.1852469046,10
-1170791.2346659927,1733716.1852469046,10
-1170327.921949465,1733716.1852469046,10
-1169864.6092329377,1733716.1852469046,10
-1169401.29651641,1733716.1852469046,10
-1168937.9837998827,1733716.1852469046,10
-1168474.671083355,1733716.1852469046,10
-1168011.3583668275,1733716.1852469046,10
-1167548.0456503,1733716.1852469046,10
-1167084.7329337727,1733716.1852469046,10
-1166621.4202172451,1733716.1852469046,10
-1166158.1075007175,1733716.1852469046,10
-1165694.7947841901,1733716.1852469046,10
-1165231.4820676625,1733716.1852469046,10
-1164768.1693511351,1733716.1852469046,10
-1164304.8566346075,1733716.1852469046,10
-1163841.5439180802,1733716.1852469046,10
-1163378.2312015526,1733716.1852469046,10
-1162914.9184850252,1733716.1852469046,10
-1162451.6057684976,1733716.1852469046,10
-1161988.2930519702,1733716.1852469046,10
-1161524.9803354426,1733716.1852469046,10
-1161061.6676189152,1733716.1852469046,10
-1160598.3549023876,1733716.1852469046,10
-1160135.0421858602,1733716.1852469046,10
-1159671.7294693326,1733716.1852469046,10
-1159208.416752805,1733716.1852469046,10
-1158745.1040362776,1733716.1852469046,10
-1158281.79131975,1733716.1852469046,10
-1157818.4786032226,1733716.1852469046,10
-1157355.165886695,1733716.1852469046,10
-1156891.8531701677,1733716.1852469046,10
-1156428.54045364,1733716.1852469046,10
-1155965.2277371127,1733716.1852469046,10
-1155501.915020585,1733716.1852469046,10
-1155038.6023040577,1733716.1852469046,10
-1154575.28958753,1733716.1852469046,10
-1154111.9768710027,1733716.1852469046,10
-1153648.664154475,1733716.1852469046,10
-1153185.3514379477,1733716.1852469046,10
-1152722.03872142,1733716.1852469046,10
-1152258.7260048925,1733716.1852469046,10
-1151795.4132883651,1733716.1852469046,10
-1151332.1005718375,1733716.1852469046,10
-1150868.7878553101,1733716.1852469046,10
-1150405.4751387825,1733716.1852469046,10
-1149942.1624222551,1733716.1852469046,10
-1149478.8497057275,1733716.1852469046,10
-1149015.5369892002,1733716.1852469046,10
-1148552.2242726726,1733716.1852469046,10
-1148088.9115561452,1733716.1852469046,10
-1147625.5988396176,1733716.1852469046,10
-1147162.2861230902,1733716.1852469046,10
-1146698.9734065626,1733716.1852469046,10
-1146235.6606900352,1733716.1852469046,10
-1145772.3479735076,1733716.1852469046,10
-1145309.03525698,1733716.1852469046,10
-1144845.7225404526,1733716.1852469046,10
-1144382.4098239252,1733716.1852469046,10
-1143919.0971073976,1733716.1852469046,10
-1143455.78439087,1733716.1852469046,10
-1142992.4716743426,1733716.1852469046,10
-1142529.158957815,1733716.1852469046,10
-1142065.8462412877,1733716.1852469046,10
-1141602.53352476,1733716.1852469046,10
-1141139.2208082327,1733716.1852469046,10
-1140675.908091705,1733716.1852469046,10
-1140212.5953751777,1733716.1852469046,10
-1139749.28265865,1733716.1852469046,10
-1139285.9699421227,1733716.1852469046,10
-1138822.657225595,1733716.1852469046,10
-1138359.3445090675,1733716.1852469046,10
-1137896.03179254,1733716.1852469046,10
-1137432.7190760127,1733716.1852469046,10
-1136969.4063594851,1733716.1852469046,10
-1136506.0936429575,1733716.1852469046,10
-1250944.3346252502,1733252.8725303772,10
-1250481.0219087226,1733252.8725303772,10
-1250017.7091921952,1733252.8725303772,10
-1249554.3964756676,1733252.8725303772,10
-1249091.0837591402,1733252.8725303772,10
-1248627.7710426126,1733252.8725303772,10
-1248164.458326085,1733252.8725303772,10
-1247701.1456095576,1733252.8725303772,10
-1247237.83289303,1733252.8725303772,10
-1246774.5201765026,1733252.8725303772,10
-1246311.207459975,1733252.8725303772,10
-1245847.8947434477,1733252.8725303772,10
-1245384.58202692,1733252.8725303772,10
-1244921.2693103927,1733252.8725303772,10
-1244457.956593865,1733252.8725303772,10
-1243994.6438773377,1733252.8725303772,10
-1243531.33116081,1733252.8725303772,10
-1243068.0184442827,1733252.8725303772,10
-1242604.705727755,1733252.8725303772,10
-1242141.3930112277,1733252.8725303772,10
-1241678.0802947,1733252.8725303772,10
-1241214.7675781725,1733252.8725303772,10
-1240751.4548616451,1733252.8725303772,10
-1240288.1421451175,1733252.8725303772,10
-1239824.8294285901,1733252.8725303772,10
-1239361.5167120625,1733252.8725303772,10
-1238898.2039955352,1733252.8725303772,10
-1238434.8912790075,1733252.8725303772,10
-1237971.5785624802,1733252.8725303772,10
-1237508.2658459526,1733252.8725303772,10
-1237044.9531294252,1733252.8725303772,10
-1236581.6404128976,1733252.8725303772,10
-1236118.3276963702,1733252.8725303772,10
-1235655.0149798426,1733252.8725303772,10
-1235191.7022633152,1733252.8725303772,10
-1234728.3895467876,1733252.8725303772,10
-1234265.07683026,1733252.8725303772,10
-1233801.7641137326,1733252.8725303772,10
-1233338.4513972052,1733252.8725303772,10
-1232875.1386806776,1733252.8725303772,10
-1232411.82596415,1733252.8725303772,10
-1231948.5132476226,1733252.8725303772,10
-1231485.200531095,1733252.8725303772,10
-1231021.8878145677,1733252.8725303772,10
-1230558.57509804,1733252.8725303772,10
-1218512.444468325,1733252.8725303772,10
-1218049.1317517976,1733252.8725303772,10
-1217585.81903527,1733252.8725303772,10
-1217122.5063187426,1733252.8725303772,10
-1216659.193602215,1733252.8725303772,10
-1216195.8808856877,1733252.8725303772,10
-1215732.56816916,1733252.8725303772,10
-1215269.2554526327,1733252.8725303772,10
-1214805.942736105,1733252.8725303772,10
-1214342.6300195777,1733252.8725303772,10
-1213879.31730305,1733252.8725303772,10
-1213416.0045865227,1733252.8725303772,10
-1212952.691869995,1733252.8725303772,10
-1212489.3791534677,1733252.8725303772,10
-1212026.06643694,1733252.8725303772,10
-1211562.7537204125,1733252.8725303772,10
-1211099.4410038851,1733252.8725303772,10
-1210636.1282873575,1733252.8725303772,10
-1210172.8155708301,1733252.8725303772,10
-1209709.5028543025,1733252.8725303772,10
-1209246.1901377751,1733252.8725303772,10
-1208782.8774212475,1733252.8725303772,10
-1208319.5647047202,1733252.8725303772,10
-1207856.2519881926,1733252.8725303772,10
-1207392.9392716652,1733252.8725303772,10
-1206929.6265551376,1733252.8725303772,10
-1206466.3138386102,1733252.8725303772,10
-1206003.0011220826,1733252.8725303772,10
-1205539.6884055552,1733252.8725303772,10
-1205076.3756890276,1733252.8725303772,10
-1204613.0629725,1733252.8725303772,10
-1204149.7502559726,1733252.8725303772,10
-1203686.4375394452,1733252.8725303772,10
-1203223.1248229176,1733252.8725303772,10
-1202759.81210639,1733252.8725303772,10
-1202296.4993898626,1733252.8725303772,10
-1201833.186673335,1733252.8725303772,10
-1201369.8739568077,1733252.8725303772,10
-1200906.56124028,1733252.8725303772,10
-1200443.2485237527,1733252.8725303772,10
-1199979.935807225,1733252.8725303772,10
-1199516.6230906977,1733252.8725303772,10
-1199053.31037417,1733252.8725303772,10
-1198589.9976576427,1733252.8725303772,10
-1198126.684941115,1733252.8725303772,10
-1197663.3722245875,1733252.8725303772,10
-1197200.05950806,1733252.8725303772,10
-1196736.7467915327,1733252.8725303772,10
-1196273.4340750051,1733252.8725303772,10
-1195810.1213584775,1733252.8725303772,10
-1195346.8086419501,1733252.8725303772,10
-1194883.4959254225,1733252.8725303772,10
-1194420.1832088951,1733252.8725303772,10
-1193956.8704923675,1733252.8725303772,10
-1193493.5577758402,1733252.8725303772,10
-1193030.2450593126,1733252.8725303772,10
-1192566.9323427852,1733252.8725303772,10
-1192103.6196262576,1733252.8725303772,10
-1191640.3069097302,1733252.8725303772,10
-1191176.9941932026,1733252.8725303772,10
-1190713.6814766752,1733252.8725303772,10
-1190250.3687601476,1733252.8725303772,10
-1189787.0560436202,1733252.8725303772,10
-1189323.7433270926,1733252.8725303772,10
-1188860.430610565,1733252.8725303772,10
-1188397.1178940376,1733252.8725303772,10
-1187933.80517751,1733252.8725303772,10
-1187470.4924609826,1733252.8725303772,10
-1187007.179744455,1733252.8725303772,10
-1186543.8670279277,1733252.8725303772,10
-1186080.5543114,1733252.8725303772,10
-1185617.2415948727,1733252.8725303772,10
-1185153.928878345,1733252.8725303772,10
-1184690.6161618177,1733252.8725303772,10
-1184227.30344529,1733252.8725303772,10
-1183763.9907287627,1733252.8725303772,10
-1183300.678012235,1733252.8725303772,10
-1182837.3652957077,1733252.8725303772,10
-1182374.05257918,1733252.8725303772,10
-1181910.7398626525,1733252.8725303772,10
-1181447.4271461251,1733252.8725303772,10
-1180984.1144295975,1733252.8725303772,10
-1180520.8017130701,1733252.8725303772,10
-1180057.4889965425,1733252.8725303772,10
-1179594.1762800151,1733252.8725303772,10
-1179130.8635634875,1733252.8725303772,10
-1178667.5508469602,1733252.8725303772,10
-1178204.2381304326,1733252.8725303772,10
-1177740.9254139052,1733252.8725303772,10
-1177277.6126973776,1733252.8725303772,10
-1176814.2999808502,1733252.8725303772,10
-1176350.9872643226,1733252.8725303772,10
-1175887.6745477952,1733252.8725303772,10
-1175424.3618312676,1733252.8725303772,10
-1174961.04911474,1733252.8725303772,10
-1174497.7363982126,1733252.8725303772,10
-1174034.4236816852,1733252.8725303772,10
-1173571.1109651576,1733252.8725303772,10
-1173107.79824863,1733252.8725303772,10
-1172644.4855321026,1733252.8725303772,10
-1172181.172815575,1733252.8725303772,10
-1171717.8600990477,1733252.8725303772,10
-1171254.54738252,1733252.8725303772,10
-1170791.2346659927,1733252.8725303772,10
-1170327.921949465,1733252.8725303772,10
-1169864.6092329377,1733252.8725303772,10
-1169401.29651641,1733252.8725303772,10
-1168937.9837998827,1733252.8725303772,10
-1168474.671083355,1733252.8725303772,10
-1168011.3583668275,1733252.8725303772,10
-1167548.0456503,1733252.8725303772,10
-1167084.7329337727,1733252.8725303772,10
-1166621.4202172451,1733252.8725303772,10
-1166158.1075007175,1733252.8725303772,10
-1165694.7947841901,1733252.8725303772,10
-1165231.4820676625,1733252.8725303772,10
-1164768.1693511351,1733252.8725303772,10
-1164304.8566346075,1733252.8725303772,10
-1163841.5439180802,1733252.8725303772,10
-1163378.2312015526,1733252.8725303772,10
-1162914.9184850252,1733252.8725303772,10
-1162451.6057684976,1733252.8725303772,10
-1161988.2930519702,1733252.8725303772,10
-1161524.9803354426,1733252.8725303772,10
-1161061.6676189152,1733252.8725303772,10
-1160598.3549023876,1733252.8725303772,10
-1160135.0421858602,1733252.8725303772,10
-1159671.7294693326,1733252.8725303772,10
-1159208.416752805,1733252.8725303772,10
-1158745.1040362776,1733252.8725303772,10
-1158281.79131975,1733252.8725303772,10
-1157818.4786032226,1733252.8725303772,10
-1157355.165886695,1733252.8725303772,10
-1156891.8531701677,1733252.8725303772,10
-1156428.54045364,1733252.8725303772,10
-1155965.2277371127,1733252.8725303772,10
-1155501.915020585,1733252.8725303772,10
-1155038.6023040577,1733252.8725303772,10
-1154575.28958753,1733252.8725303772,10
-1154111.9768710027,1733252.8725303772,10
-1153648.664154475,1733252.8725303772,10
-1153185.3514379477,1733252.8725303772,10
-1152722.03872142,1733252.8725303772,10
-1152258.7260048925,1733252.8725303772,10
-1151795.4132883651,1733252.8725303772,10
-1151332.1005718375,1733252.8725303772,10
-1150868.7878553101,1733252.8725303772,10
-1150405.4751387825,1733252.8725303772,10
-1149942.1624222551,1733252.8725303772,10
-1149478.8497057275,1733252.8725303772,10
-1149015.5369892002,1733252.8725303772,10
-1148552.2242726726,1733252.8725303772,10
-1148088.9115561452,1733252.8725303772,10
-1147625.5988396176,1733252.8725303772,10
-1147162.2861230902,1733252.8725303772,10
-1146698.9734065626,1733252.8725303772,10
-1146235.6606900352,1733252.8725303772,10
-1145772.3479735076,1733252.8725303772,10
-1145309.03525698,1733252.8725303772,10
-1144845.7225404526,1733252.8725303772,10
-1144382.4098239252,1733252.8725303772,10
-1143919.0971073976,1733252.8725303772,10
-1143455.78439087,1733252.8725303772,10
-1142992.4716743426,1733252.8725303772,10
-1142529.158957815,1733252.8725303772,10
-1142065.8462412877,1733252.8725303772,10
-1141602.53352476,1733252.8725303772,10
-1141139.2208082327,1733252.8725303772,10
-1140675.908091705,1733252.8725303772,10
-1140212.5953751777,1733252.8725303772,10
-1139749.28265865,1733252.8725303772,10
-1139285.9699421227,1733252.8725303772,10
-1138822.657225595,1733252.8725303772,10
-1138359.3445090675,1733252.8725303772,10
-1137896.03179254,1733252.8725303772,10
-1137432.7190760127,1733252.8725303772,10
-1136969.4063594851,1733252.8725303772,10
-1136506.0936429575,1733252.8725303772,10
-1250481.0219087226,1732789.5598138496,10
-1250017.7091921952,1732789.5598138496,10
-1249554.3964756676,1732789.5598138496,10
-1249091.0837591402,1732789.5598138496,10
-1248627.7710426126,1732789.5598138496,10
-1248164.458326085,1732789.5598138496,10
-1247701.1456095576,1732789.5598138496,10
-1247237.83289303,1732789.5598138496,10
-1246774.5201765026,1732789.5598138496,10
-1246311.207459975,1732789.5598138496,10
-1245847.8947434477,1732789.5598138496,10
-1245384.58202692,1732789.5598138496,10
-1244921.2693103927,1732789.5598138496,10
-1244457.956593865,1732789.5598138496,10
-1243994.6438773377,1732789.5598138496,10
-1243531.33116081,1732789.5598138496,10
-1243068.0184442827,1732789.5598138496,10
-1242604.705727755,1732789.5598138496,10
-1242141.3930112277,1732789.5598138496,10
-1241678.0802947,1732789.5598138496,10
-1241214.7675781725,1732789.5598138496,10
-1240751.4548616451,1732789.5598138496,10
-1240288.1421451175,1732789.5598138496,10
-1239824.8294285901,1732789.5598138496,10
-1239361.5167120625,1732789.5598138496,10
-1238898.2039955352,1732789.5598138496,10
-1238434.8912790075,1732789.5598138496,10
-1237971.5785624802,1732789.5598138496,10
-1237508.2658459526,1732789.5598138496,10
-1237044.9531294252,1732789.5598138496,10
-1236581.6404128976,1732789.5598138496,10
-1236118.3276963702,1732789.5598138496,10
-1235655.0149798426,1732789.5598138496,10
-1235191.7022633152,1732789.5598138496,10
-1234728.3895467876,1732789.5598138496,10
-1234265.07683026,1732789.5598138496,10
-1233801.7641137326,1732789.5598138496,10
-1233338.4513972052,1732789.5598138496,10
-1232875.1386806776,1732789.5598138496,10
-1232411.82596415,1732789.5598138496,10
-1231948.5132476226,1732789.5598138496,10
-1218049.1317517976,1732789.5598138496,10
-1217585.81903527,1732789.5598138496,10
-1217122.5063187426,1732789.5598138496,10
-1216659.193602215,1732789.5598138496,10
-1216195.8808856877,1732789.5598138496,10
-1215732.56816916,1732789.5598138496,10
-1215269.2554526327,1732789.5598138496,10
-1214805.942736105,1732789.5598138496,10
-1214342.6300195777,1732789.5598138496,10
-1213879.31730305,1732789.5598138496,10
-1213416.0045865227,1732789.5598138496,10
-1212952.691869995,1732789.5598138496,10
-1212489.3791534677,1732789.5598138496,10
-1212026.06643694,1732789.5598138496,10
-1211562.7537204125,1732789.5598138496,10
-1211099.4410038851,1732789.5598138496,10
-1210636.1282873575,1732789.5598138496,10
-1210172.8155708301,1732789.5598138496,10
-1209709.5028543025,1732789.5598138496,10
-1209246.1901377751,1732789.5598138496,10
-1208782.8774212475,1732789.5598138496,10
-1208319.5647047202,1732789.5598138496,10
-1207856.2519881926,1732789.5598138496,10
-1207392.9392716652,1732789.5598138496,10
-1206929.6265551376,1732789.5598138496,10
-1206466.3138386102,1732789.5598138496,10
-1206003.0011220826,1732789.5598138496,10
-1205539.6884055552,1732789.5598138496,10
-1205076.3756890276,1732789.5598138496,10
-1204613.0629725,1732789.5598138496,10
-1204149.7502559726,1732789.5598138496,10
-1203686.4375394452,1732789.5598138496,10
-1203223.1248229176,1732789.5598138496,10
-1202759.81210639,1732789.5598138496,10
-1202296.4993898626,1732789.5598138496,10
-1201833.186673335,1732789.5598138496,10
-1201369.8739568077,1732789.5598138496,10
-1200906.56124028,1732789.5598138496,10
-1200443.2485237527,1732789.5598138496,10
-1199979.935807225,1732789.5598138496,10
-1199516.6230906977,1732789.5598138496,10
-1199053.31037417,1732789.5598138496,10
-1198589.9976576427,1732789.5598138496,10
-1198126.684941115,1732789.5598138496,10
-1197663.3722245875,1732789.5598138496,10
-1197200.05950806,1732789.5598138496,10
-1196736.7467915327,1732789.5598138496,10
-1196273.4340750051,1732789.5598138496,10
-1195810.1213584775,1732789.5598138496,10
-1195346.8086419501,1732789.5598138496,10
-1194883.4959254225,1732789.5598138496,10
-1194420.1832088951,1732789.5598138496,10
-1193956.8704923675,1732789.5598138496,10
-1193493.5577758402,1732789.5598138496,10
-1193030.2450593126,1732789.5598138496,10
-1192566.9323427852,1732789.5598138496,10
-1192103.6196262576,1732789.5598138496,10
-1191640.3069097302,1732789.5598138496,10
-1191176.9941932026,1732789.5598138496,10
-1190713.6814766752,1732789.5598138496,10
-1190250.3687601476,1732789.5598138496,10
-1189787.0560436202,1732789.5598138496,10
-1189323.7433270926,1732789.5598138496,10
-1188860.430610565,1732789.5598138496,10
-1188397.1178940376,1732789.5598138496,10
-1187933.80517751,1732789.5598138496,10
-1187470.4924609826,1732789.5598138496,10
-1187007.179744455,1732789.5598138496,10
-1186543.8670279277,1732789.5598138496,10
-1186080.5543114,1732789.5598138496,10
-1185617.2415948727,1732789.5598138496,10
-1185153.928878345,1732789.5598138496,10
-1184690.6161618177,1732789.5598138496,10
-1184227.30344529,1732789.5598138496,10
-1183763.9907287627,1732789.5598138496,10
-1183300.678012235,1732789.5598138496,10
-1182837.3652957077,1732789.5598138496,10
-1182374.05257918,1732789.5598138496,10
-1181910.7398626525,1732789.5598138496,10
-1181447.4271461251,1732789.5598138496,10
-1180984.1144295975,1732789.5598138496,10
-1180520.8017130701,1732789.5598138496,10
-1180057.4889965425,1732789.5598138496,10
-1179594.1762800151,1732789.5598138496,10
-1179130.8635634875,1732789.5598138496,10
-1178667.5508469602,1732789.5598138496,10
-1178204.2381304326,1732789.5598138496,10
-1177740.9254139052,1732789.5598138496,10
-1177277.6126973776,1732789.5598138496,10
-1176814.2999808502,1732789.5598138496,10
-1176350.9872643226,1732789.5598138496,10
-1175887.6745477952,1732789.5598138496,10
-1175424.3618312676,1732789.5598138496,10
-1174961.04911474,1732789.5598138496,10
-1174497.7363982126,1732789.5598138496,10
-1174034.4236816852,1732789.5598138496,10
-1173571.1109651576,1732789.5598138496,10
-1173107.79824863,1732789.5598138496,10
-1172644.4855321026,1732789.5598138496,10
-1172181.172815575,1732789.5598138496,10
-1171717.8600990477,1732789.5598138496,10
-1171254.54738252,1732789.5598138496,10
-1170791.2346659927,1732789.5598138496,10
-1170327.921949465,1732789.5598138496,10
-1169864.6092329377,1732789.5598138496,10
-1169401.29651641,1732789.5598138496,10
-1168937.9837998827,1732789.5598138496,10
-1168474.671083355,1732789.5598138496,10
-1168011.3583668275,1732789.5598138496,10
-1167548.0456503,1732789.5598138496,10
-1167084.7329337727,1732789.5598138496,10
-1166621.4202172451,1732789.5598138496,10
-1166158.1075007175,1732789.5598138496,10
-1165694.7947841901,1732789.5598138496,10
-1165231.4820676625,1732789.5598138496,10
-1164768.1693511351,1732789.5598138496,10
-1164304.8566346075,1732789.5598138496,10
-1163841.5439180802,1732789.5598138496,10
-1163378.2312015526,1732789.5598138496,10
-1162914.9184850252,1732789.5598138496,10
-1162451.6057684976,1732789.5598138496,10
-1161988.2930519702,1732789.5598138496,10
-1161524.9803354426,1732789.5598138496,10
-1161061.6676189152,1732789.5598138496,10
-1160598.3549023876,1732789.5598138496,10
-1160135.0421858602,1732789.5598138496,10
-1159671.7294693326,1732789.5598138496,10
-1159208.416752805,1732789.5598138496,10
-1158745.1040362776,1732789.5598138496,10
-1158281.79131975,1732789.5598138496,10
-1157818.4786032226,1732789.5598138496,10
-1157355.165886695,1732789.5598138496,10
-1156891.8531701677,1732789.5598138496,10
-1156428.54045364,1732789.5598138496,10
-1155965.2277371127,1732789.5598138496,10
-1155501.915020585,1732789.5598138496,10
-1155038.6023040577,1732789.5598138496,10
-1154575.28958753,1732789.5598138496,10
-1154111.9768710027,1732789.5598138496,10
-1153648.664154475,1732789.5598138496,10
-1153185.3514379477,1732789.5598138496,10
-1152722.03872142,1732789.5598138496,10
-1152258.7260048925,1732789.5598138496,10
-1151795.4132883651,1732789.5598138496,10
-1151332.1005718375,1732789.5598138496,10
-1150868.7878553101,1732789.5598138496,10
-1150405.4751387825,1732789.5598138496,10
-1149942.1624222551,1732789.5598138496,10
-1149478.8497057275,1732789.5598138496,10
-1149015.5369892002,1732789.5598138496,10
-1148552.2242726726,1732789.5598138496,10
-1148088.9115561452,1732789.5598138496,10
-1147625.5988396176,1732789.5598138496,10
-1147162.2861230902,1732789.5598138496,10
-1146698.9734065626,1732789.5598138496,10
-1146235.6606900352,1732789.5598138496,10
-1145772.3479735076,1732789.5598138496,10
-1145309.03525698,1732789.5598138496,10
-1144845.7225404526,1732789.5598138496,10
-1144382.4098239252,1732789.5598138496,10
-1143919.0971073976,1732789.5598138496,10
-1143455.78439087,1732789.5598138496,10
-1142992.4716743426,1732789.5598138496,10
-1142529.158957815,1732789.5598138496,10
-1142065.8462412877,1732789.5598138496,10
-1141602.53352476,1732789.5598138496,10
-1141139.2208082327,1732789.5598138496,10
-1140675.908091705,1732789.5598138496,10
-1140212.5953751777,1732789.5598138496,10
-1139749.28265865,1732789.5598138496,10
-1139285.9699421227,1732789.5598138496,10
-1138822.657225595,1732789.5598138496,10
-1138359.3445090675,1732789.5598138496,10
-1137896.03179254,1732789.5598138496,10
-1137432.7190760127,1732789.5598138496,10
-1136969.4063594851,1732789.5598138496,10
-1136506.0936429575,1732789.5598138496,10
-1250017.7091921952,1732326.2470973223,10
-1249554.3964756676,1732326.2470973223,10
-1249091.0837591402,1732326.2470973223,10
-1248627.7710426126,1732326.2470973223,10
-1248164.458326085,1732326.2470973223,10
-1247701.1456095576,1732326.2470973223,10
-1247237.83289303,1732326.2470973223,10
-1246774.5201765026,1732326.2470973223,10
-1246311.207459975,1732326.2470973223,10
-1245847.8947434477,1732326.2470973223,10
-1245384.58202692,1732326.2470973223,10
-1244921.2693103927,1732326.2470973223,10
-1244457.956593865,1732326.2470973223,10
-1243994.6438773377,1732326.2470973223,10
-1243531.33116081,1732326.2470973223,10
-1243068.0184442827,1732326.2470973223,10
-1242604.705727755,1732326.2470973223,10
-1242141.3930112277,1732326.2470973223,10
-1241678.0802947,1732326.2470973223,10
-1241214.7675781725,1732326.2470973223,10
-1240751.4548616451,1732326.2470973223,10
-1240288.1421451175,1732326.2470973223,10
-1239824.8294285901,1732326.2470973223,10
-1239361.5167120625,1732326.2470973223,10
-1238898.2039955352,1732326.2470973223,10
-1238434.8912790075,1732326.2470973223,10
-1237971.5785624802,1732326.2470973223,10
-1237508.2658459526,1732326.2470973223,10
-1237044.9531294252,1732326.2470973223,10
-1236581.6404128976,1732326.2470973223,10
-1236118.3276963702,1732326.2470973223,10
-1235655.0149798426,1732326.2470973223,10
-1235191.7022633152,1732326.2470973223,10
-1234728.3895467876,1732326.2470973223,10
-1234265.07683026,1732326.2470973223,10
-1233801.7641137326,1732326.2470973223,10
-1233338.4513972052,1732326.2470973223,10
-1232875.1386806776,1732326.2470973223,10
-1218049.1317517976,1732326.2470973223,10
-1217585.81903527,1732326.2470973223,10
-1217122.5063187426,1732326.2470973223,10
-1216659.193602215,1732326.2470973223,10
-1216195.8808856877,1732326.2470973223,10
-1215732.56816916,1732326.2470973223,10
-1215269.2554526327,1732326.2470973223,10
-1214805.942736105,1732326.2470973223,10
-1214342.6300195777,1732326.2470973223,10
-1213879.31730305,1732326.2470973223,10
-1213416.0045865227,1732326.2470973223,10
-1212952.691869995,1732326.2470973223,10
-1212489.3791534677,1732326.2470973223,10
-1212026.06643694,1732326.2470973223,10
-1211562.7537204125,1732326.2470973223,10
-1211099.4410038851,1732326.2470973223,10
-1210636.1282873575,1732326.2470973223,10
-1210172.8155708301,1732326.2470973223,10
-1209709.5028543025,1732326.2470973223,10
-1209246.1901377751,1732326.2470973223,10
-1208782.8774212475,1732326.2470973223,10
-1208319.5647047202,1732326.2470973223,10
-1207856.2519881926,1732326.2470973223,10
-1207392.9392716652,1732326.2470973223,10
-1206929.6265551376,1732326.2470973223,10
-1206466.3138386102,1732326.2470973223,10
-1206003.0011220826,1732326.2470973223,10
-1205539.6884055552,1732326.2470973223,10
-1205076.3756890276,1732326.2470973223,10
-1204613.0629725,1732326.2470973223,10
-1204149.7502559726,1732326.2470973223,10
-1203686.4375394452,1732326.2470973223,10
-1203223.1248229176,1732326.2470973223,10
-1202759.81210639,1732326.2470973223,10
-1202296.4993898626,1732326.2470973223,10
-1201833.186673335,1732326.2470973223,10
-1201369.8739568077,1732326.2470973223,10
-1200906.56124028,1732326.2470973223,10
-1200443.2485237527,1732326.2470973223,10
-1199979.935807225,1732326.2470973223,10
-1199516.6230906977,1732326.2470973223,10
-1199053.31037417,1732326.2470973223,10
-1198589.9976576427,1732326.2470973223,10
-1198126.684941115,1732326.2470973223,10
-1197663.3722245875,1732326.2470973223,10
-1197200.05950806,1732326.2470973223,10
-1196736.7467915327,1732326.2470973223,10
-1196273.4340750051,1732326.2470973223,10
-1195810.1213584775,1732326.2470973223,10
-1195346.8086419501,1732326.2470973223,10
-1194883.4959254225,1732326.2470973223,10
-1194420.1832088951,1732326.2470973223,10
-1193956.8704923675,1732326.2470973223,10
-1193493.5577758402,1732326.2470973223,10
-1193030.2450593126,1732326.2470973223,10
-1192566.9323427852,1732326.2470973223,10
-1192103.6196262576,1732326.2470973223,10
-1191640.3069097302,1732326.2470973223,10
-1191176.9941932026,1732326.2470973223,10
-1190713.6814766752,1732326.2470973223,10
-1190250.3687601476,1732326.2470973223,10
-1189787.0560436202,1732326.2470973223,10
-1189323.7433270926,1732326.2470973223,10
-1188860.430610565,1732326.2470973223,10
-1188397.1178940376,1732326.2470973223,10
-1187933.80517751,1732326.2470973223,10
-1187470.4924609826,1732326.2470973223,10
-1187007.179744455,1732326.2470973223,10
-1186543.8670279277,1732326.2470973223,10
-1186080.5543114,1732326.2470973223,10
-1185617.2415948727,1732326.2470973223,10
-1185153.928878345,1732326.2470973223,10
-1184690.6161618177,1732326.2470973223,10
-1184227.30344529,1732326.2470973223,10
-1183763.9907287627,1732326.2470973223,10
-1183300.678012235,1732326.2470973223,10
-1182837.3652957077,1732326.2470973223,10
-1182374.05257918,1732326.2470973223,10
-1181910.7398626525,1732326.2470973223,10
-1181447.4271461251,1732326.2470973223,10
-1180984.1144295975,1732326.2470973223,10
-1180520.8017130701,1732326.2470973223,10
-1180057.4889965425,1732326.2470973223,10
-1179594.1762800151,1732326.2470973223,10
-1179130.8635634875,1732326.2470973223,10
-1178667.5508469602,1732326.2470973223,10
-1178204.2381304326,1732326.2470973223,10
-1177740.9254139052,1732326.2470973223,10
-1177277.6126973776,1732326.2470973223,10
-1176814.2999808502,1732326.2470973223,10
-1176350.9872643226,1732326.2470973223,10
-1175887.6745477952,1732326.2470973223,10
-1175424.3618312676,1732326.2470973223,10
-1174961.04911474,1732326.2470973223,10
-1174497.7363982126,1732326.2470973223,10
-1174034.4236816852,1732326.2470973223,10
-1173571.1109651576,1732326.2470973223,10
-1173107.79824863,1732326.2470973223,10
-1172644.4855321026,1732326.2470973223,10
-1172181.172815575,1732326.2470973223,10
-1171717.8600990477,1732326.2470973223,10
-1171254.54738252,1732326.2470973223,10
-1170791.2346659927,1732326.2470973223,10
-1170327.921949465,1732326.2470973223,10
-1169864.6092329377,1732326.2470973223,10
-1169401.29651641,1732326.2470973223,10
-1168937.9837998827,1732326.2470973223,10
-1168474.671083355,1732326.2470973223,10
-1168011.3583668275,1732326.2470973223,10
-1167548.0456503,1732326.2470973223,10
-1167084.7329337727,1732326.2470973223,10
-1166621.4202172451,1732326.2470973223,10
-1166158.1075007175,1732326.2470973223,10
-1165694.7947841901,1732326.2470973223,10
-1165231.4820676625,1732326.2470973223,10
-1164768.1693511351,1732326.2470973223,10
-1164304.8566346075,1732326.2470973223,10
-1163841.5439180802,1732326.2470973223,10
-1163378.2312015526,1732326.2470973223,10
-1162914.9184850252,1732326.2470973223,10
-1162451.6057684976,1732326.2470973223,10
-1161988.2930519702,1732326.2470973223,10
-1161524.9803354426,1732326.2470973223,10
-1161061.6676189152,1732326.2470973223,10
-1160598.3549023876,1732326.2470973223,10
-1160135.0421858602,1732326.2470973223,10
-1159671.7294693326,1732326.2470973223,10
-1159208.416752805,1732326.2470973223,10
-1158745.1040362776,1732326.2470973223,10
-1158281.79131975,1732326.2470973223,10
-1157818.4786032226,1732326.2470973223,10
-1157355.165886695,1732326.2470973223,10
-1156891.8531701677,1732326.2470973223,10
-1156428.54045364,1732326.2470973223,10
-1155965.2277371127,1732326.2470973223,10
-1155501.915020585,1732326.2470973223,10
-1155038.6023040577,1732326.2470973223,10
-1154575.28958753,1732326.2470973223,10
-1154111.9768710027,1732326.2470973223,10
-1153648.664154475,1732326.2470973223,10
-1153185.3514379477,1732326.2470973223,10
-1152722.03872142,1732326.2470973223,10
-1152258.7260048925,1732326.2470973223,10
-1151795.4132883651,1732326.2470973223,10
-1151332.1005718375,1732326.2470973223,10
-1150868.7878553101,1732326.2470973223,10
-1150405.4751387825,1732326.2470973223,10
-1149942.1624222551,1732326.2470973223,10
-1149478.8497057275,1732326.2470973223,10
-1149015.5369892002,1732326.2470973223,10
-1148552.2242726726,1732326.2470973223,10
-1148088.9115561452,1732326.2470973223,10
-1147625.5988396176,1732326.2470973223,10
-1147162.2861230902,1732326.2470973223,10
-1146698.9734065626,1732326.2470973223,10
-1146235.6606900352,1732326.2470973223,10
-1145772.3479735076,1732326.2470973223,10
-1145309.03525698,1732326.2470973223,10
-1144845.7225404526,1732326.2470973223,10
-1144382.4098239252,1732326.2470973223,10
-1143919.0971073976,1732326.2470973223,10
-1143455.78439087,1732326.2470973223,10
-1142992.4716743426,1732326.2470973223,10
-1142529.158957815,1732326.2470973223,10
-1142065.8462412877,1732326.2470973223,10
-1141602.53352476,1732326.2470973223,10
-1141139.2208082327,1732326.2470973223,10
-1140675.908091705,1732326.2470973223,10
-1140212.5953751777,1732326.2470973223,10
-1139749.28265865,1732326.2470973223,10
-1139285.9699421227,1732326.2470973223,10
-1138822.657225595,1732326.2470973223,10
-1138359.3445090675,1732326.2470973223,10
-1137896.03179254,1732326.2470973223,10
-1137432.7190760127,1732326.2470973223,10
-1136969.4063594851,1732326.2470973223,10
-1136506.0936429575,1732326.2470973223,10
-1249554.3964756676,1731862.9343807946,10
-1249091.0837591402,1731862.9343807946,10
-1248627.7710426126,1731862.9343807946,10
-1248164.458326085,1731862.9343807946,10
-1247701.1456095576,1731862.9343807946,10
-1247237.83289303,1731862.9343807946,10
-1246774.5201765026,1731862.9343807946,10
-1246311.207459975,1731862.9343807946,10
-1245847.8947434477,1731862.9343807946,10
-1245384.58202692,1731862.9343807946,10
-1244921.2693103927,1731862.9343807946,10
-1244457.956593865,1731862.9343807946,10
-1243994.6438773377,1731862.9343807946,10
-1243531.33116081,1731862.9343807946,10
-1243068.0184442827,1731862.9343807946,10
-1242604.705727755,1731862.9343807946,10
-1242141.3930112277,1731862.9343807946,10
-1241678.0802947,1731862.9343807946,10
-1241214.7675781725,1731862.9343807946,10
-1240751.4548616451,1731862.9343807946,10
-1240288.1421451175,1731862.9343807946,10
-1239824.8294285901,1731862.9343807946,10
-1239361.5167120625,1731862.9343807946,10
-1238898.2039955352,1731862.9343807946,10
-1238434.8912790075,1731862.9343807946,10
-1237971.5785624802,1731862.9343807946,10
-1237508.2658459526,1731862.9343807946,10
-1237044.9531294252,1731862.9343807946,10
-1236581.6404128976,1731862.9343807946,10
-1236118.3276963702,1731862.9343807946,10
-1235655.0149798426,1731862.9343807946,10
-1235191.7022633152,1731862.9343807946,10
-1234728.3895467876,1731862.9343807946,10
-1234265.07683026,1731862.9343807946,10
-1233801.7641137326,1731862.9343807946,10
-1217585.81903527,1731862.9343807946,10
-1217122.5063187426,1731862.9343807946,10
-1216659.193602215,1731862.9343807946,10
-1216195.8808856877,1731862.9343807946,10
-1215732.56816916,1731862.9343807946,10
-1215269.2554526327,1731862.9343807946,10
-1214805.942736105,1731862.9343807946,10
-1214342.6300195777,1731862.9343807946,10
-1213879.31730305,1731862.9343807946,10
-1213416.0045865227,1731862.9343807946,10
-1212952.691869995,1731862.9343807946,10
-1212489.3791534677,1731862.9343807946,10
-1212026.06643694,1731862.9343807946,10
-1211562.7537204125,1731862.9343807946,10
-1211099.4410038851,1731862.9343807946,10
-1210636.1282873575,1731862.9343807946,10
-1210172.8155708301,1731862.9343807946,10
-1209709.5028543025,1731862.9343807946,10
-1209246.1901377751,1731862.9343807946,10
-1208782.8774212475,1731862.9343807946,10
-1208319.5647047202,1731862.9343807946,10
-1207856.2519881926,1731862.9343807946,10
-1207392.9392716652,1731862.9343807946,10
-1206929.6265551376,1731862.9343807946,10
-1206466.3138386102,1731862.9343807946,10
-1206003.0011220826,1731862.9343807946,10
-1205539.6884055552,1731862.9343807946,10
-1205076.3756890276,1731862.9343807946,10
-1204613.0629725,1731862.9343807946,10
-1204149.7502559726,1731862.9343807946,10
-1203686.4375394452,1731862.9343807946,10
-1203223.1248229176,1731862.9343807946,10
-1202759.81210639,1731862.9343807946,10
-1202296.4993898626,1731862.9343807946,10
-1201833.186673335,1731862.9343807946,10
-1201369.8739568077,1731862.9343807946,10
-1200906.56124028,1731862.9343807946,10
-1200443.2485237527,1731862.9343807946,10
-1199979.935807225,1731862.9343807946,10
-1199516.6230906977,1731862.9343807946,10
-1199053.31037417,1731862.9343807946,10
-1198589.9976576427,1731862.9343807946,10
-1198126.684941115,1731862.9343807946,10
-1197663.3722245875,1731862.9343807946,10
-1197200.05950806,1731862.9343807946,10
-1196736.7467915327,1731862.9343807946,10
-1196273.4340750051,1731862.9343807946,10
-1195810.1213584775,1731862.9343807946,10
-1195346.8086419501,1731862.9343807946,10
-1194883.4959254225,1731862.9343807946,10
-1194420.1832088951,1731862.9343807946,10
-1193956.8704923675,1731862.9343807946,10
-1193493.5577758402,1731862.9343807946,10
-1193030.2450593126,1731862.9343807946,10
-1192566.9323427852,1731862.9343807946,10
-1192103.6196262576,1731862.9343807946,10
-1191640.3069097302,1731862.9343807946,10
-1191176.9941932026,1731862.9343807946,10
-1190713.6814766752,1731862.9343807946,10
-1190250.3687601476,1731862.9343807946,10
-1189787.0560436202,1731862.9343807946,10
-1189323.7433270926,1731862.9343807946,10
-1188860.430610565,1731862.9343807946,10
-1188397.1178940376,1731862.9343807946,10
-1187933.80517751,1731862.9343807946,10
-1187470.4924609826,1731862.9343807946,10
-1187007.179744455,1731862.9343807946,10
-1186543.8670279277,1731862.9343807946,10
-1186080.5543114,1731862.9343807946,10
-1185617.2415948727,1731862.9343807946,10
-1185153.928878345,1731862.9343807946,10
-1184690.6161618177,1731862.9343807946,10
-1184227.30344529,1731862.9343807946,10
-1183763.9907287627,1731862.9343807946,10
-1183300.678012235,1731862.9343807946,10
-1182837.3652957077,1731862.9343807946,10
-1182374.05257918,1731862.9343807946,10
-1181910.7398626525,1731862.9343807946,10
-1181447.4271461251,1731862.9343807946,10
-1180984.1144295975,1731862.9343807946,10
-1180520.8017130701,1731862.9343807946,10
-1180057.4889965425,1731862.9343807946,10
-1179594.1762800151,1731862.9343807946,10
-1179130.8635634875,1731862.9343807946,10
-1178667.5508469602,1731862.9343807946,10
-1178204.2381304326,1731862.9343807946,10
-1177740.9254139052,1731862.9343807946,10
-1177277.6126973776,1731862.9343807946,10
-1176814.2999808502,1731862.9343807946,10
-1176350.9872643226,1731862.9343807946,10
-1175887.6745477952,1731862.9343807946,10
-1175424.3618312676,1731862.9343807946,10
-1174961.04911474,1731862.9343807946,10
-1174497.7363982126,1731862.9343807946,10
-1174034.4236816852,1731862.9343807946,10
-1173571.1109651576,1731862.9343807946,10
-1173107.79824863,1731862.9343807946,10
-1172644.4855321026,1731862.9343807946,10
-1172181.172815575,1731862.9343807946,10
-1171717.8600990477,1731862.9343807946,10
-1171254.54738252,1731862.9343807946,10
-1170791.2346659927,1731862.9343807946,10
-1170327.921949465,1731862.9343807946,10
-1169864.6092329377,1731862.9343807946,10
-1169401.29651641,1731862.9343807946,10
-1168937.9837998827,1731862.9343807946,10
-1168474.671083355,1731862.9343807946,10
-1168011.3583668275,1731862.9343807946,10
-1167548.0456503,1731862.9343807946,10
-1167084.7329337727,1731862.9343807946,10
-1166621.4202172451,1731862.9343807946,10
-1166158.1075007175,1731862.9343807946,10
-1165694.7947841901,1731862.9343807946,10
-1165231.4820676625,1731862.9343807946,10
-1164768.1693511351,1731862.9343807946,10
-1164304.8566346075,1731862.9343807946,10
-1163841.5439180802,1731862.9343807946,10
-1163378.2312015526,1731862.9343807946,10
-1162914.9184850252,1731862.9343807946,10
-1162451.6057684976,1731862.9343807946,10
-1161988.2930519702,1731862.9343807946,10
-1161524.9803354426,1731862.9343807946,10
-1161061.6676189152,1731862.9343807946,10
-1160598.3549023876,1731862.9343807946,10
-1160135.0421858602,1731862.9343807946,10
-1159671.7294693326,1731862.9343807946,10
-1159208.416752805,1731862.9343807946,10
-1158745.1040362776,1731862.9343807946,10
-1158281.79131975,1731862.9343807946,10
-1157818.4786032226,1731862.9343807946,10
-1157355.165886695,1731862.9343807946,10
-1156891.8531701677,1731862.9343807946,10
-1156428.54045364,1731862.9343807946,10
-1155965.2277371127,1731862.9343807946,10
-1155501.915020585,1731862.9343807946,10
-1155038.6023040577,1731862.9343807946,10
-1154575.28958753,1731862.9343807946,10
-1154111.9768710027,1731862.9343807946,10
-1153648.664154475,1731862.9343807946,10
-1153185.3514379477,1731862.9343807946,10
-1152722.03872142,1731862.9343807946,10
-1152258.7260048925,1731862.9343807946,10
-1151795.4132883651,1731862.9343807946,10
-1151332.1005718375,1731862.9343807946,10
-1150868.7878553101,1731862.9343807946,10
-1150405.4751387825,1731862.9343807946,10
-1149942.1624222551,1731862.9343807946,10
-1149478.8497057275,1731862.9343807946,10
-1149015.5369892002,1731862.9343807946,10
-1148552.2242726726,1731862.9343807946,10
-1148088.9115561452,1731862.9343807946,10
-1147625.5988396176,1731862.9343807946,10
-1147162.2861230902,1731862.9343807946,10
-1146698.9734065626,1731862.9343807946,10
-1146235.6606900352,1731862.9343807946,10
-1145772.3479735076,1731862.9343807946,10
-1145309.03525698,1731862.9343807946,10
-1144845.7225404526,1731862.9343807946,10
-1144382.4098239252,1731862.9343807946,10
-1143919.0971073976,1731862.9343807946,10
-1143455.78439087,1731862.9343807946,10
-1142992.4716743426,1731862.9343807946,10
-1142529.158957815,1731862.9343807946,10
-1142065.8462412877,1731862.9343807946,10
-1141602.53352476,1731862.9343807946,10
-1141139.2208082327,1731862.9343807946,10
-1140675.908091705,1731862.9343807946,10
-1140212.5953751777,1731862.9343807946,10
-1139749.28265865,1731862.9343807946,10
-1139285.9699421227,1731862.9343807946,10
-1138822.657225595,1731862.9343807946,10
-1138359.3445090675,1731862.9343807946,10
-1137896.03179254,1731862.9343807946,10
-1137432.7190760127,1731862.9343807946,10
-1136969.4063594851,1731862.9343807946,10
-1136506.0936429575,1731862.9343807946,10
-1249554.3964756676,1731399.6216642673,10
-1249091.0837591402,1731399.6216642673,10
-1248627.7710426126,1731399.6216642673,10
-1248164.458326085,1731399.6216642673,10
-1247701.1456095576,1731399.6216642673,10
-1247237.83289303,1731399.6216642673,10
-1246774.5201765026,1731399.6216642673,10
-1246311.207459975,1731399.6216642673,10
-1245847.8947434477,1731399.6216642673,10
-1245384.58202692,1731399.6216642673,10
-1244921.2693103927,1731399.6216642673,10
-1244457.956593865,1731399.6216642673,10
-1243994.6438773377,1731399.6216642673,10
-1243531.33116081,1731399.6216642673,10
-1243068.0184442827,1731399.6216642673,10
-1242604.705727755,1731399.6216642673,10
-1242141.3930112277,1731399.6216642673,10
-1241678.0802947,1731399.6216642673,10
-1241214.7675781725,1731399.6216642673,10
-1240751.4548616451,1731399.6216642673,10
-1240288.1421451175,1731399.6216642673,10
-1239824.8294285901,1731399.6216642673,10
-1239361.5167120625,1731399.6216642673,10
-1238898.2039955352,1731399.6216642673,10
-1238434.8912790075,1731399.6216642673,10
-1237971.5785624802,1731399.6216642673,10
-1237508.2658459526,1731399.6216642673,10
-1237044.9531294252,1731399.6216642673,10
-1236581.6404128976,1731399.6216642673,10
-1236118.3276963702,1731399.6216642673,10
-1235655.0149798426,1731399.6216642673,10
-1235191.7022633152,1731399.6216642673,10
-1234728.3895467876,1731399.6216642673,10
-1217122.5063187426,1731399.6216642673,10
-1216659.193602215,1731399.6216642673,10
-1216195.8808856877,1731399.6216642673,10
-1215732.56816916,1731399.6216642673,10
-1215269.2554526327,1731399.6216642673,10
-1214805.942736105,1731399.6216642673,10
-1214342.6300195777,1731399.6216642673,10
-1213879.31730305,1731399.6216642673,10
-1213416.0045865227,1731399.6216642673,10
-1212952.691869995,1731399.6216642673,10
-1212489.3791534677,1731399.6216642673,10
-1212026.06643694,1731399.6216642673,10
-1211562.7537204125,1731399.6216642673,10
-1211099.4410038851,1731399.6216642673,10
-1210636.1282873575,1731399.6216642673,10
-1210172.8155708301,1731399.6216642673,10
-1209709.5028543025,1731399.6216642673,10
-1209246.1901377751,1731399.6216642673,10
-1208782.8774212475,1731399.6216642673,10
-1208319.5647047202,1731399.6216642673,10
-1207856.2519881926,1731399.6216642673,10
-1207392.9392716652,1731399.6216642673,10
-1206929.6265551376,1731399.6216642673,10
-1206466.3138386102,1731399.6216642673,10
-1206003.0011220826,1731399.6216642673,10
-1205539.6884055552,1731399.6216642673,10
-1205076.3756890276,1731399.6216642673,10
-1204613.0629725,1731399.6216642673,10
-1204149.7502559726,1731399.6216642673,10
-1203686.4375394452,1731399.6216642673,10
-1203223.1248229176,1731399.6216642673,10
-1202759.81210639,1731399.6216642673,10
-1202296.4993898626,1731399.6216642673,10
-1201833.186673335,1731399.6216642673,10
-1201369.8739568077,1731399.6216642673,10
-1200906.56124028,1731399.6216642673,10
-1200443.2485237527,1731399.6216642673,10
-1199979.935807225,1731399.6216642673,10
-1199516.6230906977,1731399.6216642673,10
-1199053.31037417,1731399.6216642673,10
-1198589.9976576427,1731399.6216642673,10
-1198126.684941115,1731399.6216642673,10
-1197663.3722245875,1731399.6216642673,10
-1197200.05950806,1731399.6216642673,10
-1196736.7467915327,1731399.6216642673,10
-1196273.4340750051,1731399.6216642673,10
-1195810.1213584775,1731399.6216642673,10
-1195346.8086419501,1731399.6216642673,10
-1194883.4959254225,1731399.6216642673,10
-1194420.1832088951,1731399.6216642673,10
-1193956.8704923675,1731399.6216642673,10
-1193493.5577758402,1731399.6216642673,10
-1193030.2450593126,1731399.6216642673,10
-1192566.9323427852,1731399.6216642673,10
-1192103.6196262576,1731399.6216642673,10
-1191640.3069097302,1731399.6216642673,10
-1191176.9941932026,1731399.6216642673,10
-1190713.6814766752,1731399.6216642673,10
-1190250.3687601476,1731399.6216642673,10
-1189787.0560436202,1731399.6216642673,10
-1189323.7433270926,1731399.6216642673,10
-1188860.430610565,1731399.6216642673,10
-1188397.1178940376,1731399.6216642673,10
-1187933.80517751,1731399.6216642673,10
-1187470.4924609826,1731399.6216642673,10
-1187007.179744455,1731399.6216642673,10
-1186543.8670279277,1731399.6216642673,10
-1186080.5543114,1731399.6216642673,10
-1185617.2415948727,1731399.6216642673,10
-1185153.928878345,1731399.6216642673,10
-1184690.6161618177,1731399.6216642673,10
-1184227.30344529,1731399.6216642673,10
-1183763.9907287627,1731399.6216642673,10
-1183300.678012235,1731399.6216642673,10
-1182837.3652957077,1731399.6216642673,10
-1182374.05257918,1731399.6216642673,10
-1181910.7398626525,1731399.6216642673,10
-1181447.4271461251,1731399.6216642673,10
-1180984.1144295975,1731399.6216642673,10
-1180520.8017130701,1731399.6216642673,10
-1180057.4889965425,1731399.6216642673,10
-1179594.1762800151,1731399.6216642673,10
-1179130.8635634875,1731399.6216642673,10
-1178667.5508469602,1731399.6216642673,10
-1178204.2381304326,1731399.6216642673,10
-1177740.9254139052,1731399.6216642673,10
-1177277.6126973776,1731399.6216642673,10
-1176814.2999808502,1731399.6216642673,10
-1176350.9872643226,1731399.6216642673,10
-1175887.6745477952,1731399.6216642673,10
-1175424.3618312676,1731399.6216642673,10
-1174961.04911474,1731399.6216642673,10
-1174497.7363982126,1731399.6216642673,10
-1174034.4236816852,1731399.6216642673,10
-1173571.1109651576,1731399.6216642673,10
-1173107.79824863,1731399.6216642673,10
-1172644.4855321026,1731399.6216642673,10
-1172181.172815575,1731399.6216642673,10
-1171717.8600990477,1731399.6216642673,10
-1171254.54738252,1731399.6216642673,10
-1170791.2346659927,1731399.6216642673,10
-1170327.921949465,1731399.6216642673,10
-1169864.6092329377,1731399.6216642673,10
-1169401.29651641,1731399.6216642673,10
-1168937.9837998827,1731399.6216642673,10
-1168474.671083355,1731399.6216642673,10
-1168011.3583668275,1731399.6216642673,10
-1167548.0456503,1731399.6216642673,10
-1167084.7329337727,1731399.6216642673,10
-1166621.4202172451,1731399.6216642673,10
-1166158.1075007175,1731399.6216642673,10
-1165694.7947841901,1731399.6216642673,10
-1165231.4820676625,1731399.6216642673,10
-1164768.1693511351,1731399.6216642673,10
-1164304.8566346075,1731399.6216642673,10
-1163841.5439180802,1731399.6216642673,10
-1163378.2312015526,1731399.6216642673,10
-1162914.9184850252,1731399.6216642673,10
-1162451.6057684976,1731399.6216642673,10
-1161988.2930519702,1731399.6216642673,10
-1161524.9803354426,1731399.6216642673,10
-1161061.6676189152,1731399.6216642673,10
-1160598.3549023876,1731399.6216642673,10
-1160135.0421858602,1731399.6216642673,10
-1159671.7294693326,1731399.6216642673,10
-1159208.416752805,1731399.6216642673,10
-1158745.1040362776,1731399.6216642673,10
-1158281.79131975,1731399.6216642673,10
-1157818.4786032226,1731399.6216642673,10
-1157355.165886695,1731399.6216642673,10
-1156891.8531701677,1731399.6216642673,10
-1156428.54045364,1731399.6216642673,10
-1155965.2277371127,1731399.6216642673,10
-1155501.915020585,1731399.6216642673,10
-1155038.6023040577,1731399.6216642673,10
-1154575.28958753,1731399.6216642673,10
-1154111.9768710027,1731399.6216642673,10
-1153648.664154475,1731399.6216642673,10
-1153185.3514379477,1731399.6216642673,10
-1152722.03872142,1731399.6216642673,10
-1152258.7260048925,1731399.6216642673,10
-1151795.4132883651,1731399.6216642673,10
-1151332.1005718375,1731399.6216642673,10
-1150868.7878553101,1731399.6216642673,10
-1150405.4751387825,1731399.6216642673,10
-1149942.1624222551,1731399.6216642673,10
-1149478.8497057275,1731399.6216642673,10
-1149015.5369892002,1731399.6216642673,10
-1148552.2242726726,1731399.6216642673,10
-1148088.9115561452,1731399.6216642673,10
-1147625.5988396176,1731399.6216642673,10
-1147162.2861230902,1731399.6216642673,10
-1146698.9734065626,1731399.6216642673,10
-1146235.6606900352,1731399.6216642673,10
-1145772.3479735076,1731399.6216642673,10
-1145309.03525698,1731399.6216642673,10
-1144845.7225404526,1731399.6216642673,10
-1144382.4098239252,1731399.6216642673,10
-1143919.0971073976,1731399.6216642673,10
-1143455.78439087,1731399.6216642673,10
-1142992.4716743426,1731399.6216642673,10
-1142529.158957815,1731399.6216642673,10
-1142065.8462412877,1731399.6216642673,10
-1141602.53352476,1731399.6216642673,10
-1141139.2208082327,1731399.6216642673,10
-1140675.908091705,1731399.6216642673,10
-1140212.5953751777,1731399.6216642673,10
-1139749.28265865,1731399.6216642673,10
-1139285.9699421227,1731399.6216642673,10
-1138822.657225595,1731399.6216642673,10
-1138359.3445090675,1731399.6216642673,10
-1137896.03179254,1731399.6216642673,10
-1137432.7190760127,1731399.6216642673,10
-1136969.4063594851,1731399.6216642673,10
-1136506.0936429575,1731399.6216642673,10
-1249091.0837591402,1730936.3089477397,10
-1248627.7710426126,1730936.3089477397,10
-1248164.458326085,1730936.3089477397,10
-1247701.1456095576,1730936.3089477397,10
-1247237.83289303,1730936.3089477397,10
-1246774.5201765026,1730936.3089477397,10
-1246311.207459975,1730936.3089477397,10
-1245847.8947434477,1730936.3089477397,10
-1245384.58202692,1730936.3089477397,10
-1244921.2693103927,1730936.3089477397,10
-1244457.956593865,1730936.3089477397,10
-1243994.6438773377,1730936.3089477397,10
-1243531.33116081,1730936.3089477397,10
-1243068.0184442827,1730936.3089477397,10
-1242604.705727755,1730936.3089477397,10
-1242141.3930112277,1730936.3089477397,10
-1241678.0802947,1730936.3089477397,10
-1241214.7675781725,1730936.3089477397,10
-1240751.4548616451,1730936.3089477397,10
-1240288.1421451175,1730936.3089477397,10
-1239824.8294285901,1730936.3089477397,10
-1239361.5167120625,1730936.3089477397,10
-1238898.2039955352,1730936.3089477397,10
-1238434.8912790075,1730936.3089477397,10
-1237971.5785624802,1730936.3089477397,10
-1237508.2658459526,1730936.3089477397,10
-1237044.9531294252,1730936.3089477397,10
-1236581.6404128976,1730936.3089477397,10
-1236118.3276963702,1730936.3089477397,10
-1235655.0149798426,1730936.3089477397,10
-1217122.5063187426,1730936.3089477397,10
-1216659.193602215,1730936.3089477397,10
-1216195.8808856877,1730936.3089477397,10
-1215732.56816916,1730936.3089477397,10
-1215269.2554526327,1730936.3089477397,10
-1214805.942736105,1730936.3089477397,10
-1214342.6300195777,1730936.3089477397,10
-1213879.31730305,1730936.3089477397,10
-1213416.0045865227,1730936.3089477397,10
-1212952.691869995,1730936.3089477397,10
-1212489.3791534677,1730936.3089477397,10
-1212026.06643694,1730936.3089477397,10
-1211562.7537204125,1730936.3089477397,10
-1211099.4410038851,1730936.3089477397,10
-1210636.1282873575,1730936.3089477397,10
-1210172.8155708301,1730936.3089477397,10
-1209709.5028543025,1730936.3089477397,10
-1209246.1901377751,1730936.3089477397,10
-1208782.8774212475,1730936.3089477397,10
-1208319.5647047202,1730936.3089477397,10
-1207856.2519881926,1730936.3089477397,10
-1207392.9392716652,1730936.3089477397,10
-1206929.6265551376,1730936.3089477397,10
-1206466.3138386102,1730936.3089477397,10
-1206003.0011220826,1730936.3089477397,10
-1205539.6884055552,1730936.3089477397,10
-1205076.3756890276,1730936.3089477397,10
-1204613.0629725,1730936.3089477397,10
-1204149.7502559726,1730936.3089477397,10
-1203686.4375394452,1730936.3089477397,10
-1203223.1248229176,1730936.3089477397,10
-1202759.81210639,1730936.3089477397,10
-1202296.4993898626,1730936.3089477397,10
-1201833.186673335,1730936.3089477397,10
-1201369.8739568077,1730936.3089477397,10
-1200906.56124028,1730936.3089477397,10
-1200443.2485237527,1730936.3089477397,10
-1199979.935807225,1730936.3089477397,10
-1199516.6230906977,1730936.3089477397,10
-1199053.31037417,1730936.3089477397,10
-1198589.9976576427,1730936.3089477397,10
-1198126.684941115,1730936.3089477397,10
-1197663.3722245875,1730936.3089477397,10
-1197200.05950806,1730936.3089477397,10
-1196736.7467915327,1730936.3089477397,10
-1196273.4340750051,1730936.3089477397,10
-1195810.1213584775,1730936.3089477397,10
-1195346.8086419501,1730936.3089477397,10
-1194883.4959254225,1730936.3089477397,10
-1194420.1832088951,1730936.3089477397,10
-1193956.8704923675,1730936.3089477397,10
-1193493.5577758402,1730936.3089477397,10
-1193030.2450593126,1730936.3089477397,10
-1192566.9323427852,1730936.3089477397,10
-1192103.6196262576,1730936.3089477397,10
-1191640.3069097302,1730936.3089477397,10
-1191176.9941932026,1730936.3089477397,10
-1190713.6814766752,1730936.3089477397,10
-1190250.3687601476,1730936.3089477397,10
-1189787.0560436202,1730936.3089477397,10
-1189323.7433270926,1730936.3089477397,10
-1188860.430610565,1730936.3089477397,10
-1188397.1178940376,1730936.3089477397,10
-1187933.80517751,1730936.3089477397,10
-1187470.4924609826,1730936.3089477397,10
-1187007.179744455,1730936.3089477397,10
-1186543.8670279277,1730936.3089477397,10
-1186080.5543114,1730936.3089477397,10
-1185617.2415948727,1730936.3089477397,10
-1185153.928878345,1730936.3089477397,10
-1184690.6161618177,1730936.3089477397,10
-1184227.30344529,1730936.3089477397,10
-1183763.9907287627,1730936.3089477397,10
-1183300.678012235,1730936.3089477397,10
-1182837.3652957077,1730936.3089477397,10
-1182374.05257918,1730936.3089477397,10
-1181910.7398626525,1730936.3089477397,10
-1181447.4271461251,1730936.3089477397,10
-1180984.1144295975,1730936.3089477397,10
-1180520.8017130701,1730936.3089477397,10
-1180057.4889965425,1730936.3089477397,10
-1179594.1762800151,1730936.3089477397,10
-1179130.8635634875,1730936.3089477397,10
-1178667.5508469602,1730936.3089477397,10
-1178204.2381304326,1730936.3089477397,10
-1177740.9254139052,1730936.3089477397,10
-1177277.6126973776,1730936.3089477397,10
-1176814.2999808502,1730936.3089477397,10
-1176350.9872643226,1730936.3089477397,10
-1175887.6745477952,1730936.3089477397,10
-1175424.3618312676,1730936.3089477397,10
-1174961.04911474,1730936.3089477397,10
-1174497.7363982126,1730936.3089477397,10
-1174034.4236816852,1730936.3089477397,10
-1173571.1109651576,1730936.3089477397,10
-1173107.79824863,1730936.3089477397,10
-1172644.4855321026,1730936.3089477397,10
-1172181.172815575,1730936.3089477397,10
-1171717.8600990477,1730936.3089477397,10
-1171254.54738252,1730936.3089477397,10
-1170791.2346659927,1730936.3089477397,10
-1170327.921949465,1730936.3089477397,10
-1169864.6092329377,1730936.3089477397,10
-1169401.29651641,1730936.3089477397,10
-1168937.9837998827,1730936.3089477397,10
-1168474.671083355,1730936.3089477397,10
-1168011.3583668275,1730936.3089477397,10
-1167548.0456503,1730936.3089477397,10
-1167084.7329337727,1730936.3089477397,10
-1166621.4202172451,1730936.3089477397,10
-1166158.1075007175,1730936.3089477397,10
-1165694.7947841901,1730936.3089477397,10
-1165231.4820676625,1730936.3089477397,10
-1164768.1693511351,1730936.3089477397,10
-1164304.8566346075,1730936.3089477397,10
-1163841.5439180802,1730936.3089477397,10
-1163378.2312015526,1730936.3089477397,10
-1162914.9184850252,1730936.3089477397,10
-1162451.6057684976,1730936.3089477397,10
-1161988.2930519702,1730936.3089477397,10
-1161524.9803354426,1730936.3089477397,10
-1161061.6676189152,1730936.3089477397,10
-1160598.3549023876,1730936.3089477397,10
-1160135.0421858602,1730936.3089477397,10
-1159671.7294693326,1730936.3089477397,10
-1159208.416752805,1730936.3089477397,10
-1158745.1040362776,1730936.3089477397,10
-1158281.79131975,1730936.3089477397,10
-1157818.4786032226,1730936.3089477397,10
-1157355.165886695,1730936.3089477397,10
-1156891.8531701677,1730936.3089477397,10
-1156428.54045364,1730936.3089477397,10
-1155965.2277371127,1730936.3089477397,10
-1155501.915020585,1730936.3089477397,10
-1155038.6023040577,1730936.3089477397,10
-1154575.28958753,1730936.3089477397,10
-1154111.9768710027,1730936.3089477397,10
-1153648.664154475,1730936.3089477397,10
-1153185.3514379477,1730936.3089477397,10
-1152722.03872142,1730936.3089477397,10
-1152258.7260048925,1730936.3089477397,10
-1151795.4132883651,1730936.3089477397,10
-1151332.1005718375,1730936.3089477397,10
-1150868.7878553101,1730936.3089477397,10
-1150405.4751387825,1730936.3089477397,10
-1149942.1624222551,1730936.3089477397,10
-1149478.8497057275,1730936.3089477397,10
-1149015.5369892002,1730936.3089477397,10
-1148552.2242726726,1730936.3089477397,10
-1148088.9115561452,1730936.3089477397,10
-1147625.5988396176,1730936.3089477397,10
-1147162.2861230902,1730936.3089477397,10
-1146698.9734065626,1730936.3089477397,10
-1146235.6606900352,1730936.3089477397,10
-1145772.3479735076,1730936.3089477397,10
-1145309.03525698,1730936.3089477397,10
-1144845.7225404526,1730936.3089477397,10
-1144382.4098239252,1730936.3089477397,10
-1143919.0971073976,1730936.3089477397,10
-1143455.78439087,1730936.3089477397,10
-1142992.4716743426,1730936.3089477397,10
-1142529.158957815,1730936.3089477397,10
-1142065.8462412877,1730936.3089477397,10
-1141602.53352476,1730936.3089477397,10
-1141139.2208082327,1730936.3089477397,10
-1140675.908091705,1730936.3089477397,10
-1140212.5953751777,1730936.3089477397,10
-1139749.28265865,1730936.3089477397,10
-1139285.9699421227,1730936.3089477397,10
-1138822.657225595,1730936.3089477397,10
-1138359.3445090675,1730936.3089477397,10
-1137896.03179254,1730936.3089477397,10
-1137432.7190760127,1730936.3089477397,10
-1136969.4063594851,1730936.3089477397,10
-1136506.0936429575,1730936.3089477397,10
-1249091.0837591402,1730472.9962312123,10
-1248627.7710426126,1730472.9962312123,10
-1248164.458326085,1730472.9962312123,10
-1247701.1456095576,1730472.9962312123,10
-1247237.83289303,1730472.9962312123,10
-1246774.5201765026,1730472.9962312123,10
-1246311.207459975,1730472.9962312123,10
-1245847.8947434477,1730472.9962312123,10
-1245384.58202692,1730472.9962312123,10
-1244921.2693103927,1730472.9962312123,10
-1244457.956593865,1730472.9962312123,10
-1243994.6438773377,1730472.9962312123,10
-1243531.33116081,1730472.9962312123,10
-1243068.0184442827,1730472.9962312123,10
-1242604.705727755,1730472.9962312123,10
-1242141.3930112277,1730472.9962312123,10
-1241678.0802947,1730472.9962312123,10
-1241214.7675781725,1730472.9962312123,10
-1240751.4548616451,1730472.9962312123,10
-1240288.1421451175,1730472.9962312123,10
-1239824.8294285901,1730472.9962312123,10
-1239361.5167120625,1730472.9962312123,10
-1238898.2039955352,1730472.9962312123,10
-1238434.8912790075,1730472.9962312123,10
-1237971.5785624802,1730472.9962312123,10
-1237508.2658459526,1730472.9962312123,10
-1237044.9531294252,1730472.9962312123,10
-1236581.6404128976,1730472.9962312123,10
-1216659.193602215,1730472.9962312123,10
-1216195.8808856877,1730472.9962312123,10
-1215732.56816916,1730472.9962312123,10
-1215269.2554526327,1730472.9962312123,10
-1214805.942736105,1730472.9962312123,10
-1214342.6300195777,1730472.9962312123,10
-1213879.31730305,1730472.9962312123,10
-1213416.0045865227,1730472.9962312123,10
-1212952.691869995,1730472.9962312123,10
-1212489.3791534677,1730472.9962312123,10
-1212026.06643694,1730472.9962312123,10
-1211562.7537204125,1730472.9962312123,10
-1211099.4410038851,1730472.9962312123,10
-1210636.1282873575,1730472.9962312123,10
-1210172.8155708301,1730472.9962312123,10
-1209709.5028543025,1730472.9962312123,10
-1209246.1901377751,1730472.9962312123,10
-1208782.8774212475,1730472.9962312123,10
-1208319.5647047202,1730472.9962312123,10
-1207856.2519881926,1730472.9962312123,10
-1207392.9392716652,1730472.9962312123,10
-1206929.6265551376,1730472.9962312123,10
-1206466.3138386102,1730472.9962312123,10
-1206003.0011220826,1730472.9962312123,10
-1205539.6884055552,1730472.9962312123,10
-1205076.3756890276,1730472.9962312123,10
-1204613.0629725,1730472.9962312123,10
-1204149.7502559726,1730472.9962312123,10
-1203686.4375394452,1730472.9962312123,10
-1203223.1248229176,1730472.9962312123,10
-1202759.81210639,1730472.9962312123,10
-1202296.4993898626,1730472.9962312123,10
-1201833.186673335,1730472.9962312123,10
-1201369.8739568077,1730472.9962312123,10
-1200906.56124028,1730472.9962312123,10
-1200443.2485237527,1730472.9962312123,10
-1199979.935807225,1730472.9962312123,10
-1199516.6230906977,1730472.9962312123,10
-1199053.31037417,1730472.9962312123,10
-1198589.9976576427,1730472.9962312123,10
-1198126.684941115,1730472.9962312123,10
-1197663.3722245875,1730472.9962312123,10
-1197200.05950806,1730472.9962312123,10
-1196736.7467915327,1730472.9962312123,10
-1196273.4340750051,1730472.9962312123,10
-1195810.1213584775,1730472.9962312123,10
-1195346.8086419501,1730472.9962312123,10
-1194883.4959254225,1730472.9962312123,10
-1194420.1832088951,1730472.9962312123,10
-1193956.8704923675,1730472.9962312123,10
-1193493.5577758402,1730472.9962312123,10
-1193030.2450593126,1730472.9962312123,10
-1192566.9323427852,1730472.9962312123,10
-1192103.6196262576,1730472.9962312123,10
-1191640.3069097302,1730472.9962312123,10
-1191176.9941932026,1730472.9962312123,10
-1190713.6814766752,1730472.9962312123,10
-1190250.3687601476,1730472.9962312123,10
-1189787.0560436202,1730472.9962312123,10
-1189323.7433270926,1730472.9962312123,10
-1188860.430610565,1730472.9962312123,10
-1188397.1178940376,1730472.9962312123,10
-1187933.80517751,1730472.9962312123,10
-1187470.4924609826,1730472.9962312123,10
-1187007.179744455,1730472.9962312123,10
-1186543.8670279277,1730472.9962312123,10
-1186080.5543114,1730472.9962312123,10
-1185617.2415948727,1730472.9962312123,10
-1185153.928878345,1730472.9962312123,10
-1184690.6161618177,1730472.9962312123,10
-1184227.30344529,1730472.9962312123,10
-1183763.9907287627,1730472.9962312123,10
-1183300.678012235,1730472.9962312123,10
-1182837.3652957077,1730472.9962312123,10
-1182374.05257918,1730472.9962312123,10
-1181910.7398626525,1730472.9962312123,10
-1181447.4271461251,1730472.9962312123,10
-1180984.1144295975,1730472.9962312123,10
-1180520.8017130701,1730472.9962312123,10
-1180057.4889965425,1730472.9962312123,10
-1179594.1762800151,1730472.9962312123,10
-1179130.8635634875,1730472.9962312123,10
-1178667.5508469602,1730472.9962312123,10
-1178204.2381304326,1730472.9962312123,10
-1177740.9254139052,1730472.9962312123,10
-1177277.6126973776,1730472.9962312123,10
-1176814.2999808502,1730472.9962312123,10
-1176350.9872643226,1730472.9962312123,10
-1175887.6745477952,1730472.9962312123,10
-1175424.3618312676,1730472.9962312123,10
-1174961.04911474,1730472.9962312123,10
-1174497.7363982126,1730472.9962312123,10
-1174034.4236816852,1730472.9962312123,10
-1173571.1109651576,1730472.9962312123,10
-1173107.79824863,1730472.9962312123,10
-1172644.4855321026,1730472.9962312123,10
-1172181.172815575,1730472.9962312123,10
-1171717.8600990477,1730472.9962312123,10
-1171254.54738252,1730472.9962312123,10
-1170791.2346659927,1730472.9962312123,10
-1170327.921949465,1730472.9962312123,10
-1169864.6092329377,1730472.9962312123,10
-1169401.29651641,1730472.9962312123,10
-1168937.9837998827,1730472.9962312123,10
-1168474.671083355,1730472.9962312123,10
-1168011.3583668275,1730472.9962312123,10
-1167548.0456503,1730472.9962312123,10
-1167084.7329337727,1730472.9962312123,10
-1166621.4202172451,1730472.9962312123,10
-1166158.1075007175,1730472.9962312123,10
-1165694.7947841901,1730472.9962312123,10
-1165231.4820676625,1730472.9962312123,10
-1164768.1693511351,1730472.9962312123,10
-1164304.8566346075,1730472.9962312123,10
-1163841.5439180802,1730472.9962312123,10
-1163378.2312015526,1730472.9962312123,10
-1162914.9184850252,1730472.9962312123,10
-1162451.6057684976,1730472.9962312123,10
-1161988.2930519702,1730472.9962312123,10
-1161524.9803354426,1730472.9962312123,10
-1161061.6676189152,1730472.9962312123,10
-1160598.3549023876,1730472.9962312123,10
-1160135.0421858602,1730472.9962312123,10
-1159671.7294693326,1730472.9962312123,10
-1159208.416752805,1730472.9962312123,10
-1158745.1040362776,1730472.9962312123,10
-1158281.79131975,1730472.9962312123,10
-1157818.4786032226,1730472.9962312123,10
-1157355.165886695,1730472.9962312123,10
-1156891.8531701677,1730472.9962312123,10
-1156428.54045364,1730472.9962312123,10
-1155965.2277371127,1730472.9962312123,10
-1155501.915020585,1730472.9962312123,10
-1155038.6023040577,1730472.9962312123,10
-1154575.28958753,1730472.9962312123,10
-1154111.9768710027,1730472.9962312123,10
-1153648.664154475,1730472.9962312123,10
-1153185.3514379477,1730472.9962312123,10
-1152722.03872142,1730472.9962312123,10
-1152258.7260048925,1730472.9962312123,10
-1151795.4132883651,1730472.9962312123,10
-1151332.1005718375,1730472.9962312123,10
-1150868.7878553101,1730472.9962312123,10
-1150405.4751387825,1730472.9962312123,10
-1149942.1624222551,1730472.9962312123,10
-1149478.8497057275,1730472.9962312123,10
-1149015.5369892002,1730472.9962312123,10
-1148552.2242726726,1730472.9962312123,10
-1148088.9115561452,1730472.9962312123,10
-1147625.5988396176,1730472.9962312123,10
-1147162.2861230902,1730472.9962312123,10
-1146698.9734065626,1730472.9962312123,10
-1146235.6606900352,1730472.9962312123,10
-1145772.3479735076,1730472.9962312123,10
-1145309.03525698,1730472.9962312123,10
-1144845.7225404526,1730472.9962312123,10
-1144382.4098239252,1730472.9962312123,10
-1143919.0971073976,1730472.9962312123,10
-1143455.78439087,1730472.9962312123,10
-1142992.4716743426,1730472.9962312123,10
-1142529.158957815,1730472.9962312123,10
-1142065.8462412877,1730472.9962312123,10
-1141602.53352476,1730472.9962312123,10
-1141139.2208082327,1730472.9962312123,10
-1140675.908091705,1730472.9962312123,10
-1140212.5953751777,1730472.9962312123,10
-1139749.28265865,1730472.9962312123,10
-1139285.9699421227,1730472.9962312123,10
-1138822.657225595,1730472.9962312123,10
-1138359.3445090675,1730472.9962312123,10
-1137896.03179254,1730472.9962312123,10
-1137432.7190760127,1730472.9962312123,10
-1136969.4063594851,1730472.9962312123,10
-1136506.0936429575,1730472.9962312123,10
-1248627.7710426126,1730009.6835146847,10
-1248164.458326085,1730009.6835146847,10
-1247701.1456095576,1730009.6835146847,10
-1247237.83289303,1730009.6835146847,10
-1246774.5201765026,1730009.6835146847,10
-1246311.207459975,1730009.6835146847,10
-1245847.8947434477,1730009.6835146847,10
-1245384.58202692,1730009.6835146847,10
-1244921.2693103927,1730009.6835146847,10
-1244457.956593865,1730009.6835146847,10
-1243994.6438773377,1730009.6835146847,10
-1243531.33116081,1730009.6835146847,10
-1243068.0184442827,1730009.6835146847,10
-1242604.705727755,1730009.6835146847,10
-1242141.3930112277,1730009.6835146847,10
-1241678.0802947,1730009.6835146847,10
-1241214.7675781725,1730009.6835146847,10
-1240751.4548616451,1730009.6835146847,10
-1240288.1421451175,1730009.6835146847,10
-1239824.8294285901,1730009.6835146847,10
-1239361.5167120625,1730009.6835146847,10
-1238898.2039955352,1730009.6835146847,10
-1238434.8912790075,1730009.6835146847,10
-1237971.5785624802,1730009.6835146847,10
-1237508.2658459526,1730009.6835146847,10
-1216195.8808856877,1730009.6835146847,10
-1215732.56816916,1730009.6835146847,10
-1215269.2554526327,1730009.6835146847,10
-1214805.942736105,1730009.6835146847,10
-1214342.6300195777,1730009.6835146847,10
-1213879.31730305,1730009.6835146847,10
-1213416.0045865227,1730009.6835146847,10
-1212952.691869995,1730009.6835146847,10
-1212489.3791534677,1730009.6835146847,10
-1212026.06643694,1730009.6835146847,10
-1211562.7537204125,1730009.6835146847,10
-1211099.4410038851,1730009.6835146847,10
-1210636.1282873575,1730009.6835146847,10
-1210172.8155708301,1730009.6835146847,10
-1209709.5028543025,1730009.6835146847,10
-1209246.1901377751,1730009.6835146847,10
-1208782.8774212475,1730009.6835146847,10
-1208319.5647047202,1730009.6835146847,10
-1207856.2519881926,1730009.6835146847,10
-1207392.9392716652,1730009.6835146847,10
-1206929.6265551376,1730009.6835146847,10
-1206466.3138386102,1730009.6835146847,10
-1206003.0011220826,1730009.6835146847,10
-1205539.6884055552,1730009.6835146847,10
-1205076.3756890276,1730009.6835146847,10
-1204613.0629725,1730009.6835146847,10
-1204149.7502559726,1730009.6835146847,10
-1203686.4375394452,1730009.6835146847,10
-1203223.1248229176,1730009.6835146847,10
-1202759.81210639,1730009.6835146847,10
-1202296.4993898626,1730009.6835146847,10
-1201833.186673335,1730009.6835146847,10
-1201369.8739568077,1730009.6835146847,10
-1200906.56124028,1730009.6835146847,10
-1200443.2485237527,1730009.6835146847,10
-1199979.935807225,1730009.6835146847,10
-1199516.6230906977,1730009.6835146847,10
-1199053.31037417,1730009.6835146847,10
-1198589.9976576427,1730009.6835146847,10
-1198126.684941115,1730009.6835146847,10
-1197663.3722245875,1730009.6835146847,10
-1197200.05950806,1730009.6835146847,10
-1196736.7467915327,1730009.6835146847,10
-1196273.4340750051,1730009.6835146847,10
-1195810.1213584775,1730009.6835146847,10
-1195346.8086419501,1730009.6835146847,10
-1194883.4959254225,1730009.6835146847,10
-1194420.1832088951,1730009.6835146847,10
-1193956.8704923675,1730009.6835146847,10
-1193493.5577758402,1730009.6835146847,10
-1193030.2450593126,1730009.6835146847,10
-1192566.9323427852,1730009.6835146847,10
-1192103.6196262576,1730009.6835146847,10
-1191640.3069097302,1730009.6835146847,10
-1191176.9941932026,1730009.6835146847,10
-1190713.6814766752,1730009.6835146847,10
-1190250.3687601476,1730009.6835146847,10
-1189787.0560436202,1730009.6835146847,10
-1189323.7433270926,1730009.6835146847,10
-1188860.430610565,1730009.6835146847,10
-1188397.1178940376,1730009.6835146847,10
-1187933.80517751,1730009.6835146847,10
-1187470.4924609826,1730009.6835146847,10
-1187007.179744455,1730009.6835146847,10
-1186543.8670279277,1730009.6835146847,10
-1186080.5543114,1730009.6835146847,10
-1185617.2415948727,1730009.6835146847,10
-1185153.928878345,1730009.6835146847,10
-1184690.6161618177,1730009.6835146847,10
-1184227.30344529,1730009.6835146847,10
-1183763.9907287627,1730009.6835146847,10
-1183300.678012235,1730009.6835146847,10
-1182837.3652957077,1730009.6835146847,10
-1182374.05257918,1730009.6835146847,10
-1181910.7398626525,1730009.6835146847,10
-1181447.4271461251,1730009.6835146847,10
-1180984.1144295975,1730009.6835146847,10
-1180520.8017130701,1730009.6835146847,10
-1180057.4889965425,1730009.6835146847,10
-1179594.1762800151,1730009.6835146847,10
-1179130.8635634875,1730009.6835146847,10
-1178667.5508469602,1730009.6835146847,10
-1178204.2381304326,1730009.6835146847,10
-1177740.9254139052,1730009.6835146847,10
-1177277.6126973776,1730009.6835146847,10
-1176814.2999808502,1730009.6835146847,10
-1176350.9872643226,1730009.6835146847,10
-1175887.6745477952,1730009.6835146847,10
-1175424.3618312676,1730009.6835146847,10
-1174961.04911474,1730009.6835146847,10
-1174497.7363982126,1730009.6835146847,10
-1174034.4236816852,1730009.6835146847,10
-1173571.1109651576,1730009.6835146847,10
-1173107.79824863,1730009.6835146847,10
-1172644.4855321026,1730009.6835146847,10
-1172181.172815575,1730009.6835146847,10
-1171717.8600990477,1730009.6835146847,10
-1171254.54738252,1730009.6835146847,10
-1170791.2346659927,1730009.6835146847,10
-1170327.921949465,1730009.6835146847,10
-1169864.6092329377,1730009.6835146847,10
-1169401.29651641,1730009.6835146847,10
-1168937.9837998827,1730009.6835146847,10
-1168474.671083355,1730009.6835146847,10
-1168011.3583668275,1730009.6835146847,10
-1167548.0456503,1730009.6835146847,10
-1167084.7329337727,1730009.6835146847,10
-1166621.4202172451,1730009.6835146847,10
-1166158.1075007175,1730009.6835146847,10
-1165694.7947841901,1730009.6835146847,10
-1165231.4820676625,1730009.6835146847,10
-1164768.1693511351,1730009.6835146847,10
-1164304.8566346075,1730009.6835146847,10
-1163841.5439180802,1730009.6835146847,10
-1163378.2312015526,1730009.6835146847,10
-1162914.9184850252,1730009.6835146847,10
-1162451.6057684976,1730009.6835146847,10
-1161988.2930519702,1730009.6835146847,10
-1161524.9803354426,1730009.6835146847,10
-1161061.6676189152,1730009.6835146847,10
-1160598.3549023876,1730009.6835146847,10
-1160135.0421858602,1730009.6835146847,10
-1159671.7294693326,1730009.6835146847,10
-1159208.416752805,1730009.6835146847,10
-1158745.1040362776,1730009.6835146847,10
-1158281.79131975,1730009.6835146847,10
-1157818.4786032226,1730009.6835146847,10
-1157355.165886695,1730009.6835146847,10
-1156891.8531701677,1730009.6835146847,10
-1156428.54045364,1730009.6835146847,10
-1155965.2277371127,1730009.6835146847,10
-1155501.915020585,1730009.6835146847,10
-1155038.6023040577,1730009.6835146847,10
-1154575.28958753,1730009.6835146847,10
-1154111.9768710027,1730009.6835146847,10
-1153648.664154475,1730009.6835146847,10
-1153185.3514379477,1730009.6835146847,10
-1152722.03872142,1730009.6835146847,10
-1152258.7260048925,1730009.6835146847,10
-1151795.4132883651,1730009.6835146847,10
-1151332.1005718375,1730009.6835146847,10
-1150868.7878553101,1730009.6835146847,10
-1150405.4751387825,1730009.6835146847,10
-1149942.1624222551,1730009.6835146847,10
-1149478.8497057275,1730009.6835146847,10
-1149015.5369892002,1730009.6835146847,10
-1148552.2242726726,1730009.6835146847,10
-1148088.9115561452,1730009.6835146847,10
-1147625.5988396176,1730009.6835146847,10
-1147162.2861230902,1730009.6835146847,10
-1146698.9734065626,1730009.6835146847,10
-1146235.6606900352,1730009.6835146847,10
-1145772.3479735076,1730009.6835146847,10
-1145309.03525698,1730009.6835146847,10
-1144845.7225404526,1730009.6835146847,10
-1144382.4098239252,1730009.6835146847,10
-1143919.0971073976,1730009.6835146847,10
-1143455.78439087,1730009.6835146847,10
-1142992.4716743426,1730009.6835146847,10
-1142529.158957815,1730009.6835146847,10
-1142065.8462412877,1730009.6835146847,10
-1141602.53352476,1730009.6835146847,10
-1141139.2208082327,1730009.6835146847,10
-1140675.908091705,1730009.6835146847,10
-1140212.5953751777,1730009.6835146847,10
-1139749.28265865,1730009.6835146847,10
-1139285.9699421227,1730009.6835146847,10
-1138822.657225595,1730009.6835146847,10
-1138359.3445090675,1730009.6835146847,10
-1137896.03179254,1730009.6835146847,10
-1137432.7190760127,1730009.6835146847,10
-1136969.4063594851,1730009.6835146847,10
-1136506.0936429575,1730009.6835146847,10
-1248627.7710426126,1729546.370798157,10
-1248164.458326085,1729546.370798157,10
-1247701.1456095576,1729546.370798157,10
-1247237.83289303,1729546.370798157,10
-1246774.5201765026,1729546.370798157,10
-1246311.207459975,1729546.370798157,10
-1245847.8947434477,1729546.370798157,10
-1245384.58202692,1729546.370798157,10
-1244921.2693103927,1729546.370798157,10
-1244457.956593865,1729546.370798157,10
-1243994.6438773377,1729546.370798157,10
-1243531.33116081,1729546.370798157,10
-1243068.0184442827,1729546.370798157,10
-1242604.705727755,1729546.370798157,10
-1242141.3930112277,1729546.370798157,10
-1241678.0802947,1729546.370798157,10
-1241214.7675781725,1729546.370798157,10
-1240751.4548616451,1729546.370798157,10
-1240288.1421451175,1729546.370798157,10
-1239824.8294285901,1729546.370798157,10
-1239361.5167120625,1729546.370798157,10
-1238898.2039955352,1729546.370798157,10
-1216195.8808856877,1729546.370798157,10
-1215732.56816916,1729546.370798157,10
-1215269.2554526327,1729546.370798157,10
-1214805.942736105,1729546.370798157,10
-1214342.6300195777,1729546.370798157,10
-1213879.31730305,1729546.370798157,10
-1213416.0045865227,1729546.370798157,10
-1212952.691869995,1729546.370798157,10
-1212489.3791534677,1729546.370798157,10
-1212026.06643694,1729546.370798157,10
-1211562.7537204125,1729546.370798157,10
-1211099.4410038851,1729546.370798157,10
-1210636.1282873575,1729546.370798157,10
-1210172.8155708301,1729546.370798157,10
-1209709.5028543025,1729546.370798157,10
-1209246.1901377751,1729546.370798157,10
-1208782.8774212475,1729546.370798157,10
-1208319.5647047202,1729546.370798157,10
-1207856.2519881926,1729546.370798157,10
-1207392.9392716652,1729546.370798157,10
-1206929.6265551376,1729546.370798157,10
-1206466.3138386102,1729546.370798157,10
-1206003.0011220826,1729546.370798157,10
-1205539.6884055552,1729546.370798157,10
-1205076.3756890276,1729546.370798157,10
-1204613.0629725,1729546.370798157,10
-1204149.7502559726,1729546.370798157,10
-1203686.4375394452,1729546.370798157,10
-1203223.1248229176,1729546.370798157,10
-1202759.81210639,1729546.370798157,10
-1202296.4993898626,1729546.370798157,10
-1201833.186673335,1729546.370798157,10
-1201369.8739568077,1729546.370798157,10
-1200906.56124028,1729546.370798157,10
-1200443.2485237527,1729546.370798157,10
-1199979.935807225,1729546.370798157,10
-1199516.6230906977,1729546.370798157,10
-1199053.31037417,1729546.370798157,10
-1198589.9976576427,1729546.370798157,10
-1198126.684941115,1729546.370798157,10
-1197663.3722245875,1729546.370798157,10
-1197200.05950806,1729546.370798157,10
-1196736.7467915327,1729546.370798157,10
-1196273.4340750051,1729546.370798157,10
-1195810.1213584775,1729546.370798157,10
-1195346.8086419501,1729546.370798157,10
-1194883.4959254225,1729546.370798157,10
-1194420.1832088951,1729546.370798157,10
-1193956.8704923675,1729546.370798157,10
-1193493.5577758402,1729546.370798157,10
-1193030.2450593126,1729546.370798157,10
-1192566.9323427852,1729546.370798157,10
-1192103.6196262576,1729546.370798157,10
-1191640.3069097302,1729546.370798157,10
-1191176.9941932026,1729546.370798157,10
-1190713.6814766752,1729546.370798157,10
-1190250.3687601476,1729546.370798157,10
-1189787.0560436202,1729546.370798157,10
-1189323.7433270926,1729546.370798157,10
-1188860.430610565,1729546.370798157,10
-1188397.1178940376,1729546.370798157,10
-1187933.80517751,1729546.370798157,10
-1187470.4924609826,1729546.370798157,10
-1187007.179744455,1729546.370798157,10
-1186543.8670279277,1729546.370798157,10
-1186080.5543114,1729546.370798157,10
-1185617.2415948727,1729546.370798157,10
-1185153.928878345,1729546.370798157,10
-1184690.6161618177,1729546.370798157,10
-1184227.30344529,1729546.370798157,10
-1183763.9907287627,1729546.370798157,10
-1183300.678012235,1729546.370798157,10
-1182837.3652957077,1729546.370798157,10
-1182374.05257918,1729546.370798157,10
-1181910.7398626525,1729546.370798157,10
-1181447.4271461251,1729546.370798157,10
-1180984.1144295975,1729546.370798157,10
-1180520.8017130701,1729546.370798157,10
-1180057.4889965425,1729546.370798157,10
-1179594.1762800151,1729546.370798157,10
-1179130.8635634875,1729546.370798157,10
-1178667.5508469602,1729546.370798157,10
-1178204.2381304326,1729546.370798157,10
-1177740.9254139052,1729546.370798157,10
-1177277.6126973776,1729546.370798157,10
-1176814.2999808502,1729546.370798157,10
-1176350.9872643226,1729546.370798157,10
-1175887.6745477952,1729546.370798157,10
-1175424.3618312676,1729546.370798157,10
-1174961.04911474,1729546.370798157,10
-1174497.7363982126,1729546.370798157,10
-1174034.4236816852,1729546.370798157,10
-1173571.1109651576,1729546.370798157,10
-1173107.79824863,1729546.370798157,10
-1172644.4855321026,1729546.370798157,10
-1172181.172815575,1729546.370798157,10
-1171717.8600990477,1729546.370798157,10
-1171254.54738252,1729546.370798157,10
-1170791.2346659927,1729546.370798157,10
-1170327.921949465,1729546.370798157,10
-1169864.6092329377,1729546.370798157,10
-1169401.29651641,1729546.370798157,10
-1168937.9837998827,1729546.370798157,10
-1168474.671083355,1729546.370798157,10
-1168011.3583668275,1729546.370798157,10
-1167548.0456503,1729546.370798157,10
-1167084.7329337727,1729546.370798157,10
-1166621.4202172451,1729546.370798157,10
-1166158.1075007175,1729546.370798157,10
-1165694.7947841901,1729546.370798157,10
-1165231.4820676625,1729546.370798157,10
-1164768.1693511351,1729546.370798157,10
-1164304.8566346075,1729546.370798157,10
-1163841.5439180802,1729546.370798157,10
-1163378.2312015526,1729546.370798157,10
-1162914.9184850252,1729546.370798157,10
-1162451.6057684976,1729546.370798157,10
-1161988.2930519702,1729546.370798157,10
-1161524.9803354426,1729546.370798157,10
-1161061.6676189152,1729546.370798157,10
-1160598.3549023876,1729546.370798157,10
-1160135.0421858602,1729546.370798157,10
-1159671.7294693326,1729546.370798157,10
-1159208.416752805,1729546.370798157,10
-1158745.1040362776,1729546.370798157,10
-1158281.79131975,1729546.370798157,10
-1157818.4786032226,1729546.370798157,10
-1157355.165886695,1729546.370798157,10
-1156891.8531701677,1729546.370798157,10
-1156428.54045364,1729546.370798157,10
-1155965.2277371127,1729546.370798157,10
-1155501.915020585,1729546.370798157,10
-1155038.6023040577,1729546.370798157,10
-1154575.28958753,1729546.370798157,10
-1154111.9768710027,1729546.370798157,10
-1153648.664154475,1729546.370798157,10
-1153185.3514379477,1729546.370798157,10
-1152722.03872142,1729546.370798157,10
-1152258.7260048925,1729546.370798157,10
-1151795.4132883651,1729546.370798157,10
-1151332.1005718375,1729546.370798157,10
-1150868.7878553101,1729546.370798157,10
-1150405.4751387825,1729546.370798157,10
-1149942.1624222551,1729546.370798157,10
-1149478.8497057275,1729546.370798157,10
-1149015.5369892002,1729546.370798157,10
-1148552.2242726726,1729546.370798157,10
-1148088.9115561452,1729546.370798157,10
-1147625.5988396176,1729546.370798157,10
-1147162.2861230902,1729546.370798157,10
-1146698.9734065626,1729546.370798157,10
-1146235.6606900352,1729546.370798157,10
-1145772.3479735076,1729546.370798157,10
-1145309.03525698,1729546.370798157,10
-1144845.7225404526,1729546.370798157,10
-1144382.4098239252,1729546.370798157,10
-1143919.0971073976,1729546.370798157,10
-1143455.78439087,1729546.370798157,10
-1142992.4716743426,1729546.370798157,10
-1142529.158957815,1729546.370798157,10
-1142065.8462412877,1729546.370798157,10
-1141602.53352476,1729546.370798157,10
-1141139.2208082327,1729546.370798157,10
-1140675.908091705,1729546.370798157,10
-1140212.5953751777,1729546.370798157,10
-1139749.28265865,1729546.370798157,10
-1139285.9699421227,1729546.370798157,10
-1138822.657225595,1729546.370798157,10
-1138359.3445090675,1729546.370798157,10
-1137896.03179254,1729546.370798157,10
-1137432.7190760127,1729546.370798157,10
-1136969.4063594851,1729546.370798157,10
-1136506.0936429575,1729546.370798157,10
-1136042.7809264301,1729546.370798157,10
-1248627.7710426126,1729083.0580816297,10
-1248164.458326085,1729083.0580816297,10
-1247701.1456095576,1729083.0580816297,10
-1247237.83289303,1729083.0580816297,10
-1246774.5201765026,1729083.0580816297,10
-1246311.207459975,1729083.0580816297,10
-1245847.8947434477,1729083.0580816297,10
-1245384.58202692,1729083.0580816297,10
-1244921.2693103927,1729083.0580816297,10
-1244457.956593865,1729083.0580816297,10
-1243994.6438773377,1729083.0580816297,10
-1243531.33116081,1729083.0580816297,10
-1243068.0184442827,1729083.0580816297,10
-1242604.705727755,1729083.0580816297,10
-1242141.3930112277,1729083.0580816297,10
-1241678.0802947,1729083.0580816297,10
-1241214.7675781725,1729083.0580816297,10
-1240751.4548616451,1729083.0580816297,10
-1240288.1421451175,1729083.0580816297,10
-1239824.8294285901,1729083.0580816297,10
-1215732.56816916,1729083.0580816297,10
-1215269.2554526327,1729083.0580816297,10
-1214805.942736105,1729083.0580816297,10
-1214342.6300195777,1729083.0580816297,10
-1213879.31730305,1729083.0580816297,10
-1213416.0045865227,1729083.0580816297,10
-1212952.691869995,1729083.0580816297,10
-1212489.3791534677,1729083.0580816297,10
-1212026.06643694,1729083.0580816297,10
-1211562.7537204125,1729083.0580816297,10
-1211099.4410038851,1729083.0580816297,10
-1210636.1282873575,1729083.0580816297,10
-1210172.8155708301,1729083.0580816297,10
-1209709.5028543025,1729083.0580816297,10
-1209246.1901377751,1729083.0580816297,10
-1208782.8774212475,1729083.0580816297,10
-1208319.5647047202,1729083.0580816297,10
-1207856.2519881926,1729083.0580816297,10
-1207392.9392716652,1729083.0580816297,10
-1206929.6265551376,1729083.0580816297,10
-1206466.3138386102,1729083.0580816297,10
-1206003.0011220826,1729083.0580816297,10
-1205539.6884055552,1729083.0580816297,10
-1205076.3756890276,1729083.0580816297,10
-1204613.0629725,1729083.0580816297,10
-1204149.7502559726,1729083.0580816297,10
-1203686.4375394452,1729083.0580816297,10
-1203223.1248229176,1729083.0580816297,10
-1202759.81210639,1729083.0580816297,10
-1202296.4993898626,1729083.0580816297,10
-1201833.186673335,1729083.0580816297,10
-1201369.8739568077,1729083.0580816297,10
-1200906.56124028,1729083.0580816297,10
-1200443.2485237527,1729083.0580816297,10
-1199979.935807225,1729083.0580816297,10
-1199516.6230906977,1729083.0580816297,10
-1199053.31037417,1729083.0580816297,10
-1198589.9976576427,1729083.0580816297,10
-1198126.684941115,1729083.0580816297,10
-1197663.3722245875,1729083.0580816297,10
-1197200.05950806,1729083.0580816297,10
-1196736.7467915327,1729083.0580816297,10
-1196273.4340750051,1729083.0580816297,10
-1195810.1213584775,1729083.0580816297,10
-1195346.8086419501,1729083.0580816297,10
-1194883.4959254225,1729083.0580816297,10
-1194420.1832088951,1729083.0580816297,10
-1193956.8704923675,1729083.0580816297,10
-1193493.5577758402,1729083.0580816297,10
-1193030.2450593126,1729083.0580816297,10
-1192566.9323427852,1729083.0580816297,10
-1192103.6196262576,1729083.0580816297,10
-1191640.3069097302,1729083.0580816297,10
-1191176.9941932026,1729083.0580816297,10
-1190713.6814766752,1729083.0580816297,10
-1190250.3687601476,1729083.0580816297,10
-1189787.0560436202,1729083.0580816297,10
-1189323.7433270926,1729083.0580816297,10
-1188860.430610565,1729083.0580816297,10
-1188397.1178940376,1729083.0580816297,10
-1187933.80517751,1729083.0580816297,10
-1187470.4924609826,1729083.0580816297,10
-1187007.179744455,1729083.0580816297,10
-1186543.8670279277,1729083.0580816297,10
-1186080.5543114,1729083.0580816297,10
-1185617.2415948727,1729083.0580816297,10
-1185153.928878345,1729083.0580816297,10
-1184690.6161618177,1729083.0580816297,10
-1184227.30344529,1729083.0580816297,10
-1183763.9907287627,1729083.0580816297,10
-1183300.678012235,1729083.0580816297,10
-1182837.3652957077,1729083.0580816297,10
-1182374.05257918,1729083.0580816297,10
-1181910.7398626525,1729083.0580816297,10
-1181447.4271461251,1729083.0580816297,10
-1180984.1144295975,1729083.0580816297,10
-1180520.8017130701,1729083.0580816297,10
-1180057.4889965425,1729083.0580816297,10
-1179594.1762800151,1729083.0580816297,10
-1179130.8635634875,1729083.0580816297,10
-1178667.5508469602,1729083.0580816297,10
-1178204.2381304326,1729083.0580816297,10
-1177740.9254139052,1729083.0580816297,10
-1177277.6126973776,1729083.0580816297,10
-1176814.2999808502,1729083.0580816297,10
-1176350.9872643226,1729083.0580816297,10
-1175887.6745477952,1729083.0580816297,10
-1175424.3618312676,1729083.0580816297,10
-1174961.04911474,1729083.0580816297,10
-1174497.7363982126,1729083.0580816297,10
-1174034.4236816852,1729083.0580816297,10
-1173571.1109651576,1729083.0580816297,10
-1173107.79824863,1729083.0580816297,10
-1172644.4855321026,1729083.0580816297,10
-1172181.172815575,1729083.0580816297,10
-1171717.8600990477,1729083.0580816297,10
-1171254.54738252,1729083.0580816297,10
-1170791.2346659927,1729083.0580816297,10
-1170327.921949465,1729083.0580816297,10
-1169864.6092329377,1729083.0580816297,10
-1169401.29651641,1729083.0580816297,10
-1168937.9837998827,1729083.0580816297,10
-1168474.671083355,1729083.0580816297,10
-1168011.3583668275,1729083.0580816297,10
-1167548.0456503,1729083.0580816297,10
-1167084.7329337727,1729083.0580816297,10
-1166621.4202172451,1729083.0580816297,10
-1166158.1075007175,1729083.0580816297,10
-1165694.7947841901,1729083.0580816297,10
-1165231.4820676625,1729083.0580816297,10
-1164768.1693511351,1729083.0580816297,10
-1164304.8566346075,1729083.0580816297,10
-1163841.5439180802,1729083.0580816297,10
-1163378.2312015526,1729083.0580816297,10
-1162914.9184850252,1729083.0580816297,10
-1162451.6057684976,1729083.0580816297,10
-1161988.2930519702,1729083.0580816297,10
-1161524.9803354426,1729083.0580816297,10
-1161061.6676189152,1729083.0580816297,10
-1160598.3549023876,1729083.0580816297,10
-1160135.0421858602,1729083.0580816297,10
-1159671.7294693326,1729083.0580816297,10
-1159208.416752805,1729083.0580816297,10
-1158745.1040362776,1729083.0580816297,10
-1158281.79131975,1729083.0580816297,10
-1157818.4786032226,1729083.0580816297,10
-1157355.165886695,1729083.0580816297,10
-1156891.8531701677,1729083.0580816297,10
-1156428.54045364,1729083.0580816297,10
-1155965.2277371127,1729083.0580816297,10
-1155501.915020585,1729083.0580816297,10
-1155038.6023040577,1729083.0580816297,10
-1154575.28958753,1729083.0580816297,10
-1154111.9768710027,1729083.0580816297,10
-1153648.664154475,1729083.0580816297,10
-1153185.3514379477,1729083.0580816297,10
-1152722.03872142,1729083.0580816297,10
-1152258.7260048925,1729083.0580816297,10
-1151795.4132883651,1729083.0580816297,10
-1151332.1005718375,1729083.0580816297,10
-1150868.7878553101,1729083.0580816297,10
-1150405.4751387825,1729083.0580816297,10
-1149942.1624222551,1729083.0580816297,10
-1149478.8497057275,1729083.0580816297,10
-1149015.5369892002,1729083.0580816297,10
-1148552.2242726726,1729083.0580816297,10
-1148088.9115561452,1729083.0580816297,10
-1147625.5988396176,1729083.0580816297,10
-1147162.2861230902,1729083.0580816297,10
-1146698.9734065626,1729083.0580816297,10
-1146235.6606900352,1729083.0580816297,10
-1145772.3479735076,1729083.0580816297,10
-1145309.03525698,1729083.0580816297,10
-1144845.7225404526,1729083.0580816297,10
-1144382.4098239252,1729083.0580816297,10
-1143919.0971073976,1729083.0580816297,10
-1143455.78439087,1729083.0580816297,10
-1142992.4716743426,1729083.0580816297,10
-1142529.158957815,1729083.0580816297,10
-1142065.8462412877,1729083.0580816297,10
-1141602.53352476,1729083.0580816297,10
-1141139.2208082327,1729083.0580816297,10
-1140675.908091705,1729083.0580816297,10
-1140212.5953751777,1729083.0580816297,10
-1139749.28265865,1729083.0580816297,10
-1139285.9699421227,1729083.0580816297,10
-1138822.657225595,1729083.0580816297,10
-1138359.3445090675,1729083.0580816297,10
-1137896.03179254,1729083.0580816297,10
-1137432.7190760127,1729083.0580816297,10
-1136969.4063594851,1729083.0580816297,10
-1136506.0936429575,1729083.0580816297,10
-1136042.7809264301,1729083.0580816297,10
-1248627.7710426126,1728619.7453651023,10
-1248164.458326085,1728619.7453651023,10
-1247701.1456095576,1728619.7453651023,10
-1247237.83289303,1728619.7453651023,10
-1246774.5201765026,1728619.7453651023,10
-1246311.207459975,1728619.7453651023,10
-1245847.8947434477,1728619.7453651023,10
-1245384.58202692,1728619.7453651023,10
-1244921.2693103927,1728619.7453651023,10
-1244457.956593865,1728619.7453651023,10
-1243994.6438773377,1728619.7453651023,10
-1243531.33116081,1728619.7453651023,10
-1243068.0184442827,1728619.7453651023,10
-1242604.705727755,1728619.7453651023,10
-1242141.3930112277,1728619.7453651023,10
-1241678.0802947,1728619.7453651023,10
-1241214.7675781725,1728619.7453651023,10
-1240751.4548616451,1728619.7453651023,10
-1215269.2554526327,1728619.7453651023,10
-1214805.942736105,1728619.7453651023,10
-1214342.6300195777,1728619.7453651023,10
-1213879.31730305,1728619.7453651023,10
-1213416.0045865227,1728619.7453651023,10
-1212952.691869995,1728619.7453651023,10
-1212489.3791534677,1728619.7453651023,10
-1212026.06643694,1728619.7453651023,10
-1211562.7537204125,1728619.7453651023,10
-1211099.4410038851,1728619.7453651023,10
-1210636.1282873575,1728619.7453651023,10
-1210172.8155708301,1728619.7453651023,10
-1209709.5028543025,1728619.7453651023,10
-1209246.1901377751,1728619.7453651023,10
-1208782.8774212475,1728619.7453651023,10
-1208319.5647047202,1728619.7453651023,10
-1207856.2519881926,1728619.7453651023,10
-1207392.9392716652,1728619.7453651023,10
-1206929.6265551376,1728619.7453651023,10
-1206466.3138386102,1728619.7453651023,10
-1206003.0011220826,1728619.7453651023,10
-1205539.6884055552,1728619.7453651023,10
-1205076.3756890276,1728619.7453651023,10
-1204613.0629725,1728619.7453651023,10
-1204149.7502559726,1728619.7453651023,10
-1203686.4375394452,1728619.7453651023,10
-1203223.1248229176,1728619.7453651023,10
-1202759.81210639,1728619.7453651023,10
-1202296.4993898626,1728619.7453651023,10
-1201833.186673335,1728619.7453651023,10
-1201369.8739568077,1728619.7453651023,10
-1200906.56124028,1728619.7453651023,10
-1200443.2485237527,1728619.7453651023,10
-1199979.935807225,1728619.7453651023,10
-1199516.6230906977,1728619.7453651023,10
-1199053.31037417,1728619.7453651023,10
-1198589.9976576427,1728619.7453651023,10
-1198126.684941115,1728619.7453651023,10
-1197663.3722245875,1728619.7453651023,10
-1197200.05950806,1728619.7453651023,10
-1196736.7467915327,1728619.7453651023,10
-1196273.4340750051,1728619.7453651023,10
-1195810.1213584775,1728619.7453651023,10
-1195346.8086419501,1728619.7453651023,10
-1194883.4959254225,1728619.7453651023,10
-1194420.1832088951,1728619.7453651023,10
-1193956.8704923675,1728619.7453651023,10
-1193493.5577758402,1728619.7453651023,10
-1193030.2450593126,1728619.7453651023,10
-1192566.9323427852,1728619.7453651023,10
-1192103.6196262576,1728619.7453651023,10
-1191640.3069097302,1728619.7453651023,10
-1191176.9941932026,1728619.7453651023,10
-1190713.6814766752,1728619.7453651023,10
-1190250.3687601476,1728619.7453651023,10
-1189787.0560436202,1728619.7453651023,10
-1189323.7433270926,1728619.7453651023,10
-1188860.430610565,1728619.7453651023,10
-1188397.1178940376,1728619.7453651023,10
-1187933.80517751,1728619.7453651023,10
-1187470.4924609826,1728619.7453651023,10
-1187007.179744455,1728619.7453651023,10
-1186543.8670279277,1728619.7453651023,10
-1186080.5543114,1728619.7453651023,10
-1185617.2415948727,1728619.7453651023,10
-1185153.928878345,1728619.7453651023,10
-1184690.6161618177,1728619.7453651023,10
-1184227.30344529,1728619.7453651023,10
-1183763.9907287627,1728619.7453651023,10
-1183300.678012235,1728619.7453651023,10
-1182837.3652957077,1728619.7453651023,10
-1182374.05257918,1728619.7453651023,10
-1181910.7398626525,1728619.7453651023,10
-1181447.4271461251,1728619.7453651023,10
-1180984.1144295975,1728619.7453651023,10
-1180520.8017130701,1728619.7453651023,10
-1180057.4889965425,1728619.7453651023,10
-1179594.1762800151,1728619.7453651023,10
-1179130.8635634875,1728619.7453651023,10
-1178667.5508469602,1728619.7453651023,10
-1178204.2381304326,1728619.7453651023,10
-1177740.9254139052,1728619.7453651023,10
-1177277.6126973776,1728619.7453651023,10
-1176814.2999808502,1728619.7453651023,10
-1176350.9872643226,1728619.7453651023,10
-1175887.6745477952,1728619.7453651023,10
-1175424.3618312676,1728619.7453651023,10
-1174961.04911474,1728619.7453651023,10
-1174497.7363982126,1728619.7453651023,10
-1174034.4236816852,1728619.7453651023,10
-1173571.1109651576,1728619.7453651023,10
-1173107.79824863,1728619.7453651023,10
-1172644.4855321026,1728619.7453651023,10
-1172181.172815575,1728619.7453651023,10
-1171717.8600990477,1728619.7453651023,10
-1171254.54738252,1728619.7453651023,10
-1170791.2346659927,1728619.7453651023,10
-1170327.921949465,1728619.7453651023,10
-1169864.6092329377,1728619.7453651023,10
-1169401.29651641,1728619.7453651023,10
-1168937.9837998827,1728619.7453651023,10
-1168474.671083355,1728619.7453651023,10
-1168011.3583668275,1728619.7453651023,10
-1167548.0456503,1728619.7453651023,10
-1167084.7329337727,1728619.7453651023,10
-1166621.4202172451,1728619.7453651023,10
-1166158.1075007175,1728619.7453651023,10
-1165694.7947841901,1728619.7453651023,10
-1165231.4820676625,1728619.7453651023,10
-1164768.1693511351,1728619.7453651023,10
-1164304.8566346075,1728619.7453651023,10
-1163841.5439180802,1728619.7453651023,10
-1163378.2312015526,1728619.7453651023,10
-1162914.9184850252,1728619.7453651023,10
-1162451.6057684976,1728619.7453651023,10
-1161988.2930519702,1728619.7453651023,10
-1161524.9803354426,1728619.7453651023,10
-1161061.6676189152,1728619.7453651023,10
-1160598.3549023876,1728619.7453651023,10
-1160135.0421858602,1728619.7453651023,10
-1159671.7294693326,1728619.7453651023,10
-1159208.416752805,1728619.7453651023,10
-1158745.1040362776,1728619.7453651023,10
-1158281.79131975,1728619.7453651023,10
-1157818.4786032226,1728619.7453651023,10
-1157355.165886695,1728619.7453651023,10
-1156891.8531701677,1728619.7453651023,10
-1156428.54045364,1728619.7453651023,10
-1155965.2277371127,1728619.7453651023,10
-1155501.915020585,1728619.7453651023,10
-1155038.6023040577,1728619.7453651023,10
-1154575.28958753,1728619.7453651023,10
-1154111.9768710027,1728619.7453651023,10
-1153648.664154475,1728619.7453651023,10
-1153185.3514379477,1728619.7453651023,10
-1152722.03872142,1728619.7453651023,10
-1152258.7260048925,1728619.7453651023,10
-1151795.4132883651,1728619.7453651023,10
-1151332.1005718375,1728619.7453651023,10
-1150868.7878553101,1728619.7453651023,10
-1150405.4751387825,1728619.7453651023,10
-1149942.1624222551,1728619.7453651023,10
-1149478.8497057275,1728619.7453651023,10
-1149015.5369892002,1728619.7453651023,10
-1148552.2242726726,1728619.7453651023,10
-1148088.9115561452,1728619.7453651023,10
-1147625.5988396176,1728619.7453651023,10
-1147162.2861230902,1728619.7453651023,10
-1146698.9734065626,1728619.7453651023,10
-1146235.6606900352,1728619.7453651023,10
-1145772.3479735076,1728619.7453651023,10
-1145309.03525698,1728619.7453651023,10
-1144845.7225404526,1728619.7453651023,10
-1144382.4098239252,1728619.7453651023,10
-1143919.0971073976,1728619.7453651023,10
-1143455.78439087,1728619.7453651023,10
-1142992.4716743426,1728619.7453651023,10
-1142529.158957815,1728619.7453651023,10
-1142065.8462412877,1728619.7453651023,10
-1141602.53352476,1728619.7453651023,10
-1141139.2208082327,1728619.7453651023,10
-1140675.908091705,1728619.7453651023,10
-1140212.5953751777,1728619.7453651023,10
-1139749.28265865,1728619.7453651023,10
-1139285.9699421227,1728619.7453651023,10
-1138822.657225595,1728619.7453651023,10
-1138359.3445090675,1728619.7453651023,10
-1137896.03179254,1728619.7453651023,10
-1137432.7190760127,1728619.7453651023,10
-1136969.4063594851,1728619.7453651023,10
-1136506.0936429575,1728619.7453651023,10
-1136042.7809264301,1728619.7453651023,10
-1248627.7710426126,1728156.4326485747,10
-1248164.458326085,1728156.4326485747,10
-1247701.1456095576,1728156.4326485747,10
-1247237.83289303,1728156.4326485747,10
-1246774.5201765026,1728156.4326485747,10
-1246311.207459975,1728156.4326485747,10
-1245847.8947434477,1728156.4326485747,10
-1245384.58202692,1728156.4326485747,10
-1244921.2693103927,1728156.4326485747,10
-1244457.956593865,1728156.4326485747,10
-1243994.6438773377,1728156.4326485747,10
-1243531.33116081,1728156.4326485747,10
-1243068.0184442827,1728156.4326485747,10
-1242604.705727755,1728156.4326485747,10
-1242141.3930112277,1728156.4326485747,10
-1241678.0802947,1728156.4326485747,10
-1215269.2554526327,1728156.4326485747,10
-1214805.942736105,1728156.4326485747,10
-1214342.6300195777,1728156.4326485747,10
-1213879.31730305,1728156.4326485747,10
-1213416.0045865227,1728156.4326485747,10
-1212952.691869995,1728156.4326485747,10
-1212489.3791534677,1728156.4326485747,10
-1212026.06643694,1728156.4326485747,10
-1211562.7537204125,1728156.4326485747,10
-1211099.4410038851,1728156.4326485747,10
-1210636.1282873575,1728156.4326485747,10
-1210172.8155708301,1728156.4326485747,10
-1209709.5028543025,1728156.4326485747,10
-1209246.1901377751,1728156.4326485747,10
-1208782.8774212475,1728156.4326485747,10
-1208319.5647047202,1728156.4326485747,10
-1207856.2519881926,1728156.4326485747,10
-1207392.9392716652,1728156.4326485747,10
-1206929.6265551376,1728156.4326485747,10
-1206466.3138386102,1728156.4326485747,10
-1206003.0011220826,1728156.4326485747,10
-1205539.6884055552,1728156.4326485747,10
-1205076.3756890276,1728156.4326485747,10
-1204613.0629725,1728156.4326485747,10
-1204149.7502559726,1728156.4326485747,10
-1203686.4375394452,1728156.4326485747,10
-1203223.1248229176,1728156.4326485747,10
-1202759.81210639,1728156.4326485747,10
-1202296.4993898626,1728156.4326485747,10
-1201833.186673335,1728156.4326485747,10
-1201369.8739568077,1728156.4326485747,10
-1200906.56124028,1728156.4326485747,10
-1200443.2485237527,1728156.4326485747,10
-1199979.935807225,1728156.4326485747,10
-1199516.6230906977,1728156.4326485747,10
-1199053.31037417,1728156.4326485747,10
-1198589.9976576427,1728156.4326485747,10
-1198126.684941115,1728156.4326485747,10
-1197663.3722245875,1728156.4326485747,10
-1197200.05950806,1728156.4326485747,10
-1196736.7467915327,1728156.4326485747,10
-1196273.4340750051,1728156.4326485747,10
-1195810.1213584775,1728156.4326485747,10
-1195346.8086419501,1728156.4326485747,10
-1194883.4959254225,1728156.4326485747,10
-1194420.1832088951,1728156.4326485747,10
-1193956.8704923675,1728156.4326485747,10
-1193493.5577758402,1728156.4326485747,10
-1193030.2450593126,1728156.4326485747,10
-1192566.9323427852,1728156.4326485747,10
-1192103.6196262576,1728156.4326485747,10
-1191640.3069097302,1728156.4326485747,10
-1191176.9941932026,1728156.4326485747,10
-1190713.6814766752,1728156.4326485747,10
-1190250.3687601476,1728156.4326485747,10
-1189787.0560436202,1728156.4326485747,10
-1189323.7433270926,1728156.4326485747,10
-1188860.430610565,1728156.4326485747,10
-1188397.1178940376,1728156.4326485747,10
-1187933.80517751,1728156.4326485747,10
-1187470.4924609826,1728156.4326485747,10
-1187007.179744455,1728156.4326485747,10
-1186543.8670279277,1728156.4326485747,10
-1186080.5543114,1728156.4326485747,10
-1185617.2415948727,1728156.4326485747,10
-1185153.928878345,1728156.4326485747,10
-1184690.6161618177,1728156.4326485747,10
-1184227.30344529,1728156.4326485747,10
-1183763.9907287627,1728156.4326485747,10
-1183300.678012235,1728156.4326485747,10
-1182837.3652957077,1728156.4326485747,10
-1182374.05257918,1728156.4326485747,10
-1181910.7398626525,1728156.4326485747,10
-1181447.4271461251,1728156.4326485747,10
-1180984.1144295975,1728156.4326485747,10
-1180520.8017130701,1728156.4326485747,10
-1180057.4889965425,1728156.4326485747,10
-1179594.1762800151,1728156.4326485747,10
-1179130.8635634875,1728156.4326485747,10
-1178667.5508469602,1728156.4326485747,10
-1178204.2381304326,1728156.4326485747,10
-1177740.9254139052,1728156.4326485747,10
-1177277.6126973776,1728156.4326485747,10
-1176814.2999808502,1728156.4326485747,10
-1176350.9872643226,1728156.4326485747,10
-1175887.6745477952,1728156.4326485747,10
-1175424.3618312676,1728156.4326485747,10
-1174961.04911474,1728156.4326485747,10
-1174497.7363982126,1728156.4326485747,10
-1174034.4236816852,1728156.4326485747,10
-1173571.1109651576,1728156.4326485747,10
-1173107.79824863,1728156.4326485747,10
-1172644.4855321026,1728156.4326485747,10
-1172181.172815575,1728156.4326485747,10
-1171717.8600990477,1728156.4326485747,10
-1171254.54738252,1728156.4326485747,10
-1170791.2346659927,1728156.4326485747,10
-1170327.921949465,1728156.4326485747,10
-1169864.6092329377,1728156.4326485747,10
-1169401.29651641,1728156.4326485747,10
-1168937.9837998827,1728156.4326485747,10
-1168474.671083355,1728156.4326485747,10
-1168011.3583668275,1728156.4326485747,10
-1167548.0456503,1728156.4326485747,10
-1167084.7329337727,1728156.4326485747,10
-1166621.4202172451,1728156.4326485747,10
-1166158.1075007175,1728156.4326485747,10
-1165694.7947841901,1728156.4326485747,10
-1165231.4820676625,1728156.4326485747,10
-1164768.1693511351,1728156.4326485747,10
-1164304.8566346075,1728156.4326485747,10
-1163841.5439180802,1728156.4326485747,10
-1163378.2312015526,1728156.4326485747,10
-1162914.9184850252,1728156.4326485747,10
-1162451.6057684976,1728156.4326485747,10
-1161988.2930519702,1728156.4326485747,10
-1161524.9803354426,1728156.4326485747,10
-1161061.6676189152,1728156.4326485747,10
-1160598.3549023876,1728156.4326485747,10
-1160135.0421858602,1728156.4326485747,10
-1159671.7294693326,1728156.4326485747,10
-1159208.416752805,1728156.4326485747,10
-1158745.1040362776,1728156.4326485747,10
-1158281.79131975,1728156.4326485747,10
-1157818.4786032226,1728156.4326485747,10
-1157355.165886695,1728156.4326485747,10
-1156891.8531701677,1728156.4326485747,10
-1156428.54045364,1728156.4326485747,10
-1155965.2277371127,1728156.4326485747,10
-1155501.915020585,1728156.4326485747,10
-1155038.6023040577,1728156.4326485747,10
-1154575.28958753,1728156.4326485747,10
-1154111.9768710027,1728156.4326485747,10
-1153648.664154475,1728156.4326485747,10
-1153185.3514379477,1728156.4326485747,10
-1152722.03872142,1728156.4326485747,10
-1152258.7260048925,1728156.4326485747,10
-1151795.4132883651,1728156.4326485747,10
-1151332.1005718375,1728156.4326485747,10
-1150868.7878553101,1728156.4326485747,10
-1150405.4751387825,1728156.4326485747,10
-1149942.1624222551,1728156.4326485747,10
-1149478.8497057275,1728156.4326485747,10
-1149015.5369892002,1728156.4326485747,10
-1148552.2242726726,1728156.4326485747,10
-1148088.9115561452,1728156.4326485747,10
-1147625.5988396176,1728156.4326485747,10
-1147162.2861230902,1728156.4326485747,10
-1146698.9734065626,1728156.4326485747,10
-1146235.6606900352,1728156.4326485747,10
-1145772.3479735076,1728156.4326485747,10
-1145309.03525698,1728156.4326485747,10
-1144845.7225404526,1728156.4326485747,10
-1144382.4098239252,1728156.4326485747,10
-1143919.0971073976,1728156.4326485747,10
-1143455.78439087,1728156.4326485747,10
-1142992.4716743426,1728156.4326485747,10
-1142529.158957815,1728156.4326485747,10
-1142065.8462412877,1728156.4326485747,10
-1141602.53352476,1728156.4326485747,10
-1141139.2208082327,1728156.4326485747,10
-1140675.908091705,1728156.4326485747,10
-1140212.5953751777,1728156.4326485747,10
-1139749.28265865,1728156.4326485747,10
-1139285.9699421227,1728156.4326485747,10
-1138822.657225595,1728156.4326485747,10
-1138359.3445090675,1728156.4326485747,10
-1137896.03179254,1728156.4326485747,10
-1137432.7190760127,1728156.4326485747,10
-1136969.4063594851,1728156.4326485747,10
-1136506.0936429575,1728156.4326485747,10
-1136042.7809264301,1728156.4326485747,10
-1248627.7710426126,1727693.119932047,10
-1248164.458326085,1727693.119932047,10
-1247701.1456095576,1727693.119932047,10
-1247237.83289303,1727693.119932047,10
-1246774.5201765026,1727693.119932047,10
-1246311.207459975,1727693.119932047,10
-1245847.8947434477,1727693.119932047,10
-1245384.58202692,1727693.119932047,10
-1244921.2693103927,1727693.119932047,10
-1244457.956593865,1727693.119932047,10
-1243994.6438773377,1727693.119932047,10
-1243531.33116081,1727693.119932047,10
-1243068.0184442827,1727693.119932047,10
-1242604.705727755,1727693.119932047,10
-1214805.942736105,1727693.119932047,10
-1214342.6300195777,1727693.119932047,10
-1213879.31730305,1727693.119932047,10
-1213416.0045865227,1727693.119932047,10
-1212952.691869995,1727693.119932047,10
-1212489.3791534677,1727693.119932047,10
-1212026.06643694,1727693.119932047,10
-1211562.7537204125,1727693.119932047,10
-1211099.4410038851,1727693.119932047,10
-1210636.1282873575,1727693.119932047,10
-1210172.8155708301,1727693.119932047,10
-1209709.5028543025,1727693.119932047,10
-1209246.1901377751,1727693.119932047,10
-1208782.8774212475,1727693.119932047,10
-1208319.5647047202,1727693.119932047,10
-1207856.2519881926,1727693.119932047,10
-1207392.9392716652,1727693.119932047,10
-1206929.6265551376,1727693.119932047,10
-1206466.3138386102,1727693.119932047,10
-1206003.0011220826,1727693.119932047,10
-1205539.6884055552,1727693.119932047,10
-1205076.3756890276,1727693.119932047,10
-1204613.0629725,1727693.119932047,10
-1204149.7502559726,1727693.119932047,10
-1203686.4375394452,1727693.119932047,10
-1203223.1248229176,1727693.119932047,10
-1202759.81210639,1727693.119932047,10
-1202296.4993898626,1727693.119932047,10
-1201833.186673335,1727693.119932047,10
-1201369.8739568077,1727693.119932047,10
-1200906.56124028,1727693.119932047,10
-1200443.2485237527,1727693.119932047,10
-1199979.935807225,1727693.119932047,10
-1199516.6230906977,1727693.119932047,10
-1199053.31037417,1727693.119932047,10
-1198589.9976576427,1727693.119932047,10
-1198126.684941115,1727693.119932047,10
-1197663.3722245875,1727693.119932047,10
-1197200.05950806,1727693.119932047,10
-1196736.7467915327,1727693.119932047,10
-1196273.4340750051,1727693.119932047,10
-1195810.1213584775,1727693.119932047,10
-1195346.8086419501,1727693.119932047,10
-1194883.4959254225,1727693.119932047,10
-1194420.1832088951,1727693.119932047,10
-1193956.8704923675,1727693.119932047,10
-1193493.5577758402,1727693.119932047,10
-1193030.2450593126,1727693.119932047,10
-1192566.9323427852,1727693.119932047,10
-1192103.6196262576,1727693.119932047,10
-1191640.3069097302,1727693.119932047,10
-1191176.9941932026,1727693.119932047,10
-1190713.6814766752,1727693.119932047,10
-1190250.3687601476,1727693.119932047,10
-1189787.0560436202,1727693.119932047,10
-1189323.7433270926,1727693.119932047,10
-1188860.430610565,1727693.119932047,10
-1188397.1178940376,1727693.119932047,10
-1187933.80517751,1727693.119932047,10
-1187470.4924609826,1727693.119932047,10
-1187007.179744455,1727693.119932047,10
-1186543.8670279277,1727693.119932047,10
-1186080.5543114,1727693.119932047,10
-1185617.2415948727,1727693.119932047,10
-1185153.928878345,1727693.119932047,10
-1184690.6161618177,1727693.119932047,10
-1184227.30344529,1727693.119932047,10
-1183763.9907287627,1727693.119932047,10
-1183300.678012235,1727693.119932047,10
-1182837.3652957077,1727693.119932047,10
-1182374.05257918,1727693.119932047,10
-1181910.7398626525,1727693.119932047,10
-1181447.4271461251,1727693.119932047,10
-1180984.1144295975,1727693.119932047,10
-1180520.8017130701,1727693.119932047,10
-1180057.4889965425,1727693.119932047,10
-1179594.1762800151,1727693.119932047,10
-1179130.8635634875,1727693.119932047,10
-1178667.5508469602,1727693.119932047,10
-1178204.2381304326,1727693.119932047,10
-1177740.9254139052,1727693.119932047,10
-1177277.6126973776,1727693.119932047,10
-1176814.2999808502,1727693.119932047,10
-1176350.9872643226,1727693.119932047,10
-1175887.6745477952,1727693.119932047,10
-1175424.3618312676,1727693.119932047,10
-1174961.04911474,1727693.119932047,10
-1174497.7363982126,1727693.119932047,10
-1174034.4236816852,1727693.119932047,10
-1173571.1109651576,1727693.119932047,10
-1173107.79824863,1727693.119932047,10
-1172644.4855321026,1727693.119932047,10
-1172181.172815575,1727693.119932047,10
-1171717.8600990477,1727693.119932047,10
-1171254.54738252,1727693.119932047,10
-1170791.2346659927,1727693.119932047,10
-1170327.921949465,1727693.119932047,10
-1169864.6092329377,1727693.119932047,10
-1169401.29651641,1727693.119932047,10
-1168937.9837998827,1727693.119932047,10
-1168474.671083355,1727693.119932047,10
-1168011.3583668275,1727693.119932047,10
-1167548.0456503,1727693.119932047,10
-1167084.7329337727,1727693.119932047,10
-1166621.4202172451,1727693.119932047,10
-1166158.1075007175,1727693.119932047,10
-1165694.7947841901,1727693.119932047,10
-1165231.4820676625,1727693.119932047,10
-1164768.1693511351,1727693.119932047,10
-1164304.8566346075,1727693.119932047,10
-1163841.5439180802,1727693.119932047,10
-1163378.2312015526,1727693.119932047,10
-1162914.9184850252,1727693.119932047,10
-1162451.6057684976,1727693.119932047,10
-1161988.2930519702,1727693.119932047,10
-1161524.9803354426,1727693.119932047,10
-1161061.6676189152,1727693.119932047,10
-1160598.3549023876,1727693.119932047,10
-1160135.0421858602,1727693.119932047,10
-1159671.7294693326,1727693.119932047,10
-1159208.416752805,1727693.119932047,10
-1158745.1040362776,1727693.119932047,10
-1158281.79131975,1727693.119932047,10
-1157818.4786032226,1727693.119932047,10
-1157355.165886695,1727693.119932047,10
-1156891.8531701677,1727693.119932047,10
-1156428.54045364,1727693.119932047,10
-1155965.2277371127,1727693.119932047,10
-1155501.915020585,1727693.119932047,10
-1155038.6023040577,1727693.119932047,10
-1154575.28958753,1727693.119932047,10
-1154111.9768710027,1727693.119932047,10
-1153648.664154475,1727693.119932047,10
-1153185.3514379477,1727693.119932047,10
-1152722.03872142,1727693.119932047,10
-1152258.7260048925,1727693.119932047,10
-1151795.4132883651,1727693.119932047,10
-1151332.1005718375,1727693.119932047,10
-1150868.7878553101,1727693.119932047,10
-1150405.4751387825,1727693.119932047,10
-1149942.1624222551,1727693.119932047,10
-1149478.8497057275,1727693.119932047,10
-1149015.5369892002,1727693.119932047,10
-1148552.2242726726,1727693.119932047,10
-1148088.9115561452,1727693.119932047,10
-1147625.5988396176,1727693.119932047,10
-1147162.2861230902,1727693.119932047,10
-1146698.9734065626,1727693.119932047,10
-1146235.6606900352,1727693.119932047,10
-1145772.3479735076,1727693.119932047,10
-1145309.03525698,1727693.119932047,10
-1144845.7225404526,1727693.119932047,10
-1144382.4098239252,1727693.119932047,10
-1143919.0971073976,1727693.119932047,10
-1143455.78439087,1727693.119932047,10
-1142992.4716743426,1727693.119932047,10
-1142529.158957815,1727693.119932047,10
-1142065.8462412877,1727693.119932047,10
-1141602.53352476,1727693.119932047,10
-1141139.2208082327,1727693.119932047,10
-1140675.908091705,1727693.119932047,10
-1140212.5953751777,1727693.119932047,10
-1139749.28265865,1727693.119932047,10
-1139285.9699421227,1727693.119932047,10
-1138822.657225595,1727693.119932047,10
-1138359.3445090675,1727693.119932047,10
-1137896.03179254,1727693.119932047,10
-1137432.7190760127,1727693.119932047,10
-1136969.4063594851,1727693.119932047,10
-1136506.0936429575,1727693.119932047,10
-1136042.7809264301,1727693.119932047,10
-1248627.7710426126,1727229.8072155197,10
-1248164.458326085,1727229.8072155197,10
-1247701.1456095576,1727229.8072155197,10
-1247237.83289303,1727229.8072155197,10
-1246774.5201765026,1727229.8072155197,10
-1246311.207459975,1727229.8072155197,10
-1245847.8947434477,1727229.8072155197,10
-1245384.58202692,1727229.8072155197,10
-1244921.2693103927,1727229.8072155197,10
-1244457.956593865,1727229.8072155197,10
-1243994.6438773377,1727229.8072155197,10
-1243531.33116081,1727229.8072155197,10
-1214805.942736105,1727229.8072155197,10
-1214342.6300195777,1727229.8072155197,10
-1213879.31730305,1727229.8072155197,10
-1213416.0045865227,1727229.8072155197,10
-1212952.691869995,1727229.8072155197,10
-1212489.3791534677,1727229.8072155197,10
-1212026.06643694,1727229.8072155197,10
-1211562.7537204125,1727229.8072155197,10
-1211099.4410038851,1727229.8072155197,10
-1210636.1282873575,1727229.8072155197,10
-1210172.8155708301,1727229.8072155197,10
-1209709.5028543025,1727229.8072155197,10
-1209246.1901377751,1727229.8072155197,10
-1208782.8774212475,1727229.8072155197,10
-1208319.5647047202,1727229.8072155197,10
-1207856.2519881926,1727229.8072155197,10
-1207392.9392716652,1727229.8072155197,10
-1206929.6265551376,1727229.8072155197,10
-1206466.3138386102,1727229.8072155197,10
-1206003.0011220826,1727229.8072155197,10
-1205539.6884055552,1727229.8072155197,10
-1205076.3756890276,1727229.8072155197,10
-1204613.0629725,1727229.8072155197,10
-1204149.7502559726,1727229.8072155197,10
-1203686.4375394452,1727229.8072155197,10
-1203223.1248229176,1727229.8072155197,10
-1202759.81210639,1727229.8072155197,10
-1202296.4993898626,1727229.8072155197,10
-1201833.186673335,1727229.8072155197,10
-1201369.8739568077,1727229.8072155197,10
-1200906.56124028,1727229.8072155197,10
-1200443.2485237527,1727229.8072155197,10
-1199979.935807225,1727229.8072155197,10
-1199516.6230906977,1727229.8072155197,10
-1199053.31037417,1727229.8072155197,10
-1198589.9976576427,1727229.8072155197,10
-1198126.684941115,1727229.8072155197,10
-1197663.3722245875,1727229.8072155197,10
-1197200.05950806,1727229.8072155197,10
-1196736.7467915327,1727229.8072155197,10
-1196273.4340750051,1727229.8072155197,10
-1195810.1213584775,1727229.8072155197,10
-1195346.8086419501,1727229.8072155197,10
-1194883.4959254225,1727229.8072155197,10
-1194420.1832088951,1727229.8072155197,10
-1193956.8704923675,1727229.8072155197,10
-1193493.5577758402,1727229.8072155197,10
-1193030.2450593126,1727229.8072155197,10
-1192566.9323427852,1727229.8072155197,10
-1192103.6196262576,1727229.8072155197,10
-1191640.3069097302,1727229.8072155197,10
-1191176.9941932026,1727229.8072155197,10
-1190713.6814766752,1727229.8072155197,10
-1190250.3687601476,1727229.8072155197,10
-1189787.0560436202,1727229.8072155197,10
-1189323.7433270926,1727229.8072155197,10
-1188860.430610565,1727229.8072155197,10
-1188397.1178940376,1727229.8072155197,10
-1187933.80517751,1727229.8072155197,10
-1187470.4924609826,1727229.8072155197,10
-1187007.179744455,1727229.8072155197,10
-1186543.8670279277,1727229.8072155197,10
-1186080.5543114,1727229.8072155197,10
-1185617.2415948727,1727229.8072155197,10
-1185153.928878345,1727229.8072155197,10
-1184690.6161618177,1727229.8072155197,10
-1184227.30344529,1727229.8072155197,10
-1183763.9907287627,1727229.8072155197,10
-1183300.678012235,1727229.8072155197,10
-1182837.3652957077,1727229.8072155197,10
-1182374.05257918,1727229.8072155197,10
-1181910.7398626525,1727229.8072155197,10
-1181447.4271461251,1727229.8072155197,10
-1180984.1144295975,1727229.8072155197,10
-1180520.8017130701,1727229.8072155197,10
-1180057.4889965425,1727229.8072155197,10
-1179594.1762800151,1727229.8072155197,10
-1179130.8635634875,1727229.8072155197,10
-1178667.5508469602,1727229.8072155197,10
-1178204.2381304326,1727229.8072155197,10
-1177740.9254139052,1727229.8072155197,10
-1177277.6126973776,1727229.8072155197,10
-1176814.2999808502,1727229.8072155197,10
-1176350.9872643226,1727229.8072155197,10
-1175887.6745477952,1727229.8072155197,10
-1175424.3618312676,1727229.8072155197,10
-1174961.04911474,1727229.8072155197,10
-1174497.7363982126,1727229.8072155197,10
-1174034.4236816852,1727229.8072155197,10
-1173571.1109651576,1727229.8072155197,10
-1173107.79824863,1727229.8072155197,10
-1172644.4855321026,1727229.8072155197,10
-1172181.172815575,1727229.8072155197,10
-1171717.8600990477,1727229.8072155197,10
-1171254.54738252,1727229.8072155197,10
-1170791.2346659927,1727229.8072155197,10
-1170327.921949465,1727229.8072155197,10
-1169864.6092329377,1727229.8072155197,10
-1169401.29651641,1727229.8072155197,10
-1168937.9837998827,1727229.8072155197,10
-1168474.671083355,1727229.8072155197,10
-1168011.3583668275,1727229.8072155197,10
-1167548.0456503,1727229.8072155197,10
-1167084.7329337727,1727229.8072155197,10
-1166621.4202172451,1727229.8072155197,10
-1166158.1075007175,1727229.8072155197,10
-1165694.7947841901,1727229.8072155197,10
-1165231.4820676625,1727229.8072155197,10
-1164768.1693511351,1727229.8072155197,10
-1164304.8566346075,1727229.8072155197,10
-1163841.5439180802,1727229.8072155197,10
-1163378.2312015526,1727229.8072155197,10
-1162914.9184850252,1727229.8072155197,10
-1162451.6057684976,1727229.8072155197,10
-1161988.2930519702,1727229.8072155197,10
-1161524.9803354426,1727229.8072155197,10
-1161061.6676189152,1727229.8072155197,10
-1160598.3549023876,1727229.8072155197,10
-1160135.0421858602,1727229.8072155197,10
-1159671.7294693326,1727229.8072155197,10
-1159208.416752805,1727229.8072155197,10
-1158745.1040362776,1727229.8072155197,10
-1158281.79131975,1727229.8072155197,10
-1157818.4786032226,1727229.8072155197,10
-1157355.165886695,1727229.8072155197,10
-1156891.8531701677,1727229.8072155197,10
-1156428.54045364,1727229.8072155197,10
-1155965.2277371127,1727229.8072155197,10
-1155501.915020585,1727229.8072155197,10
-1155038.6023040577,1727229.8072155197,10
-1154575.28958753,1727229.8072155197,10
-1154111.9768710027,1727229.8072155197,10
-1153648.664154475,1727229.8072155197,10
-1153185.3514379477,1727229.8072155197,10
-1152722.03872142,1727229.8072155197,10
-1152258.7260048925,1727229.8072155197,10
-1151795.4132883651,1727229.8072155197,10
-1151332.1005718375,1727229.8072155197,10
-1150868.7878553101,1727229.8072155197,10
-1150405.4751387825,1727229.8072155197,10
-1149942.1624222551,1727229.8072155197,10
-1149478.8497057275,1727229.8072155197,10
-1149015.5369892002,1727229.8072155197,10
-1148552.2242726726,1727229.8072155197,10
-1148088.9115561452,1727229.8072155197,10
-1147625.5988396176,1727229.8072155197,10
-1147162.2861230902,1727229.8072155197,10
-1146698.9734065626,1727229.8072155197,10
-1146235.6606900352,1727229.8072155197,10
-1145772.3479735076,1727229.8072155197,10
-1145309.03525698,1727229.8072155197,10
-1144845.7225404526,1727229.8072155197,10
-1144382.4098239252,1727229.8072155197,10
-1143919.0971073976,1727229.8072155197,10
-1143455.78439087,1727229.8072155197,10
-1142992.4716743426,1727229.8072155197,10
-1142529.158957815,1727229.8072155197,10
-1142065.8462412877,1727229.8072155197,10
-1141602.53352476,1727229.8072155197,10
-1141139.2208082327,1727229.8072155197,10
-1140675.908091705,1727229.8072155197,10
-1140212.5953751777,1727229.8072155197,10
-1139749.28265865,1727229.8072155197,10
-1139285.9699421227,1727229.8072155197,10
-1138822.657225595,1727229.8072155197,10
-1138359.3445090675,1727229.8072155197,10
-1137896.03179254,1727229.8072155197,10
-1137432.7190760127,1727229.8072155197,10
-1136969.4063594851,1727229.8072155197,10
-1136506.0936429575,1727229.8072155197,10
-1136042.7809264301,1727229.8072155197,10
-1248627.7710426126,1726766.4944989923,10
-1248164.458326085,1726766.4944989923,10
-1247701.1456095576,1726766.4944989923,10
-1247237.83289303,1726766.4944989923,10
-1246774.5201765026,1726766.4944989923,10
-1246311.207459975,1726766.4944989923,10
-1245847.8947434477,1726766.4944989923,10
-1245384.58202692,1726766.4944989923,10
-1244921.2693103927,1726766.4944989923,10
-1244457.956593865,1726766.4944989923,10
-1214342.6300195777,1726766.4944989923,10
-1213879.31730305,1726766.4944989923,10
-1213416.0045865227,1726766.4944989923,10
-1212952.691869995,1726766.4944989923,10
-1212489.3791534677,1726766.4944989923,10
-1212026.06643694,1726766.4944989923,10
-1211562.7537204125,1726766.4944989923,10
-1211099.4410038851,1726766.4944989923,10
-1210636.1282873575,1726766.4944989923,10
-1210172.8155708301,1726766.4944989923,10
-1209709.5028543025,1726766.4944989923,10
-1209246.1901377751,1726766.4944989923,10
-1208782.8774212475,1726766.4944989923,10
-1208319.5647047202,1726766.4944989923,10
-1207856.2519881926,1726766.4944989923,10
-1207392.9392716652,1726766.4944989923,10
-1206929.6265551376,1726766.4944989923,10
-1206466.3138386102,1726766.4944989923,10
-1206003.0011220826,1726766.4944989923,10
-1205539.6884055552,1726766.4944989923,10
-1205076.3756890276,1726766.4944989923,10
-1204613.0629725,1726766.4944989923,10
-1204149.7502559726,1726766.4944989923,10
-1203686.4375394452,1726766.4944989923,10
-1203223.1248229176,1726766.4944989923,10
-1202759.81210639,1726766.4944989923,10
-1202296.4993898626,1726766.4944989923,10
-1201833.186673335,1726766.4944989923,10
-1201369.8739568077,1726766.4944989923,10
-1200906.56124028,1726766.4944989923,10
-1200443.2485237527,1726766.4944989923,10
-1199979.935807225,1726766.4944989923,10
-1199516.6230906977,1726766.4944989923,10
-1199053.31037417,1726766.4944989923,10
-1198589.9976576427,1726766.4944989923,10
-1198126.684941115,1726766.4944989923,10
-1197663.3722245875,1726766.4944989923,10
-1197200.05950806,1726766.4944989923,10
-1196736.7467915327,1726766.4944989923,10
-1196273.4340750051,1726766.4944989923,10
-1195810.1213584775,1726766.4944989923,10
-1195346.8086419501,1726766.4944989923,10
-1194883.4959254225,1726766.4944989923,10
-1194420.1832088951,1726766.4944989923,10
-1193956.8704923675,1726766.4944989923,10
-1193493.5577758402,1726766.4944989923,10
-1193030.2450593126,1726766.4944989923,10
-1192566.9323427852,1726766.4944989923,10
-1192103.6196262576,1726766.4944989923,10
-1191640.3069097302,1726766.4944989923,10
-1191176.9941932026,1726766.4944989923,10
-1190713.6814766752,1726766.4944989923,10
-1190250.3687601476,1726766.4944989923,10
-1189787.0560436202,1726766.4944989923,10
-1189323.7433270926,1726766.4944989923,10
-1188860.430610565,1726766.4944989923,10
-1188397.1178940376,1726766.4944989923,10
-1187933.80517751,1726766.4944989923,10
-1187470.4924609826,1726766.4944989923,10
-1187007.179744455,1726766.4944989923,10
-1186543.8670279277,1726766.4944989923,10
-1186080.5543114,1726766.4944989923,10
-1185617.2415948727,1726766.4944989923,10
-1185153.928878345,1726766.4944989923,10
-1184690.6161618177,1726766.4944989923,10
-1184227.30344529,1726766.4944989923,10
-1183763.9907287627,1726766.4944989923,10
-1183300.678012235,1726766.4944989923,10
-1182837.3652957077,1726766.4944989923,10
-1182374.05257918,1726766.4944989923,10
-1181910.7398626525,1726766.4944989923,10
-1181447.4271461251,1726766.4944989923,10
-1180984.1144295975,1726766.4944989923,10
-1180520.8017130701,1726766.4944989923,10
-1180057.4889965425,1726766.4944989923,10
-1179594.1762800151,1726766.4944989923,10
-1179130.8635634875,1726766.4944989923,10
-1178667.5508469602,1726766.4944989923,10
-1178204.2381304326,1726766.4944989923,10
-1177740.9254139052,1726766.4944989923,10
-1177277.6126973776,1726766.4944989923,10
-1176814.2999808502,1726766.4944989923,10
-1176350.9872643226,1726766.4944989923,10
-1175887.6745477952,1726766.4944989923,10
-1175424.3618312676,1726766.4944989923,10
-1174961.04911474,1726766.4944989923,10
-1174497.7363982126,1726766.4944989923,10
-1174034.4236816852,1726766.4944989923,10
-1173571.1109651576,1726766.4944989923,10
-1173107.79824863,1726766.4944989923,10
-1172644.4855321026,1726766.4944989923,10
-1172181.172815575,1726766.4944989923,10
-1171717.8600990477,1726766.4944989923,10
-1171254.54738252,1726766.4944989923,10
-1170791.2346659927,1726766.4944989923,10
-1170327.921949465,1726766.4944989923,10
-1169864.6092329377,1726766.4944989923,10
-1169401.29651641,1726766.4944989923,10
-1168937.9837998827,1726766.4944989923,10
-1168474.671083355,1726766.4944989923,10
-1168011.3583668275,1726766.4944989923,10
-1167548.0456503,1726766.4944989923,10
-1167084.7329337727,1726766.4944989923,10
-1166621.4202172451,1726766.4944989923,10
-1166158.1075007175,1726766.4944989923,10
-1165694.7947841901,1726766.4944989923,10
-1165231.4820676625,1726766.4944989923,10
-1164768.1693511351,1726766.4944989923,10
-1164304.8566346075,1726766.4944989923,10
-1163841.5439180802,1726766.4944989923,10
-1163378.2312015526,1726766.4944989923,10
-1162914.9184850252,1726766.4944989923,10
-1162451.6057684976,1726766.4944989923,10
-1161988.2930519702,1726766.4944989923,10
-1161524.9803354426,1726766.4944989923,10
-1161061.6676189152,1726766.4944989923,10
-1160598.3549023876,1726766.4944989923,10
-1160135.0421858602,1726766.4944989923,10
-1159671.7294693326,1726766.4944989923,10
-1159208.416752805,1726766.4944989923,10
-1158745.1040362776,1726766.4944989923,10
-1158281.79131975,1726766.4944989923,10
-1157818.4786032226,1726766.4944989923,10
-1157355.165886695,1726766.4944989923,10
-1156891.8531701677,1726766.4944989923,10
-1156428.54045364,1726766.4944989923,10
-1155965.2277371127,1726766.4944989923,10
-1155501.915020585,1726766.4944989923,10
-1155038.6023040577,1726766.4944989923,10
-1154575.28958753,1726766.4944989923,10
-1154111.9768710027,1726766.4944989923,10
-1153648.664154475,1726766.4944989923,10
-1153185.3514379477,1726766.4944989923,10
-1152722.03872142,1726766.4944989923,10
-1152258.7260048925,1726766.4944989923,10
-1151795.4132883651,1726766.4944989923,10
-1151332.1005718375,1726766.4944989923,10
-1150868.7878553101,1726766.4944989923,10
-1150405.4751387825,1726766.4944989923,10
-1149942.1624222551,1726766.4944989923,10
-1149478.8497057275,1726766.4944989923,10
-1149015.5369892002,1726766.4944989923,10
-1148552.2242726726,1726766.4944989923,10
-1148088.9115561452,1726766.4944989923,10
-1147625.5988396176,1726766.4944989923,10
-1147162.2861230902,1726766.4944989923,10
-1146698.9734065626,1726766.4944989923,10
-1146235.6606900352,1726766.4944989923,10
-1145772.3479735076,1726766.4944989923,10
-1145309.03525698,1726766.4944989923,10
-1144845.7225404526,1726766.4944989923,10
-1144382.4098239252,1726766.4944989923,10
-1143919.0971073976,1726766.4944989923,10
-1143455.78439087,1726766.4944989923,10
-1142992.4716743426,1726766.4944989923,10
-1142529.158957815,1726766.4944989923,10
-1142065.8462412877,1726766.4944989923,10
-1141602.53352476,1726766.4944989923,10
-1141139.2208082327,1726766.4944989923,10
-1140675.908091705,1726766.4944989923,10
-1140212.5953751777,1726766.4944989923,10
-1139749.28265865,1726766.4944989923,10
-1139285.9699421227,1726766.4944989923,10
-1138822.657225595,1726766.4944989923,10
-1138359.3445090675,1726766.4944989923,10
-1137896.03179254,1726766.4944989923,10
-1137432.7190760127,1726766.4944989923,10
-1136969.4063594851,1726766.4944989923,10
-1136506.0936429575,1726766.4944989923,10
-1136042.7809264301,1726766.4944989923,10
-1249091.0837591402,1726303.1817824647,10
-1248627.7710426126,1726303.1817824647,10
-1248164.458326085,1726303.1817824647,10
-1247701.1456095576,1726303.1817824647,10
-1247237.83289303,1726303.1817824647,10
-1246774.5201765026,1726303.1817824647,10
-1246311.207459975,1726303.1817824647,10
-1245847.8947434477,1726303.1817824647,10
-1213879.31730305,1726303.1817824647,10
-1213416.0045865227,1726303.1817824647,10
-1212952.691869995,1726303.1817824647,10
-1212489.3791534677,1726303.1817824647,10
-1212026.06643694,1726303.1817824647,10
-1211562.7537204125,1726303.1817824647,10
-1211099.4410038851,1726303.1817824647,10
-1210636.1282873575,1726303.1817824647,10
-1210172.8155708301,1726303.1817824647,10
-1209709.5028543025,1726303.1817824647,10
-1209246.1901377751,1726303.1817824647,10
-1208782.8774212475,1726303.1817824647,10
-1208319.5647047202,1726303.1817824647,10
-1207856.2519881926,1726303.1817824647,10
-1207392.9392716652,1726303.1817824647,10
-1206929.6265551376,1726303.1817824647,10
-1206466.3138386102,1726303.1817824647,10
-1206003.0011220826,1726303.1817824647,10
-1205539.6884055552,1726303.1817824647,10
-1205076.3756890276,1726303.1817824647,10
-1204613.0629725,1726303.1817824647,10
-1204149.7502559726,1726303.1817824647,10
-1203686.4375394452,1726303.1817824647,10
-1203223.1248229176,1726303.1817824647,10
-1202759.81210639,1726303.1817824647,10
-1202296.4993898626,1726303.1817824647,10
-1201833.186673335,1726303.1817824647,10
-1201369.8739568077,1726303.1817824647,10
-1200906.56124028,1726303.1817824647,10
-1200443.2485237527,1726303.1817824647,10
-1199979.935807225,1726303.1817824647,10
-1199516.6230906977,1726303.1817824647,10
-1199053.31037417,1726303.1817824647,10
-1198589.9976576427,1726303.1817824647,10
-1198126.684941115,1726303.1817824647,10
-1197663.3722245875,1726303.1817824647,10
-1197200.05950806,1726303.1817824647,10
-1196736.7467915327,1726303.1817824647,10
-1196273.4340750051,1726303.1817824647,10
-1195810.1213584775,1726303.1817824647,10
-1195346.8086419501,1726303.1817824647,10
-1194883.4959254225,1726303.1817824647,10
-1194420.1832088951,1726303.1817824647,10
-1193956.8704923675,1726303.1817824647,10
-1193493.5577758402,1726303.1817824647,10
-1193030.2450593126,1726303.1817824647,10
-1192566.9323427852,1726303.1817824647,10
-1192103.6196262576,1726303.1817824647,10
-1191640.3069097302,1726303.1817824647,10
-1191176.9941932026,1726303.1817824647,10
-1190713.6814766752,1726303.1817824647,10
-1190250.3687601476,1726303.1817824647,10
-1189787.0560436202,1726303.1817824647,10
-1189323.7433270926,1726303.1817824647,10
-1188860.430610565,1726303.1817824647,10
-1188397.1178940376,1726303.1817824647,10
-1187933.80517751,1726303.1817824647,10
-1187470.4924609826,1726303.1817824647,10
-1187007.179744455,1726303.1817824647,10
-1186543.8670279277,1726303.1817824647,10
-1186080.5543114,1726303.1817824647,10
-1185617.2415948727,1726303.1817824647,10
-1185153.928878345,1726303.1817824647,10
-1184690.6161618177,1726303.1817824647,10
-1184227.30344529,1726303.1817824647,10
-1183763.9907287627,1726303.1817824647,10
-1183300.678012235,1726303.1817824647,10
-1182837.3652957077,1726303.1817824647,10
-1182374.05257918,1726303.1817824647,10
-1181910.7398626525,1726303.1817824647,10
-1181447.4271461251,1726303.1817824647,10
-1180984.1144295975,1726303.1817824647,10
-1180520.8017130701,1726303.1817824647,10
-1180057.4889965425,1726303.1817824647,10
-1179594.1762800151,1726303.1817824647,10
-1179130.8635634875,1726303.1817824647,10
-1178667.5508469602,1726303.1817824647,10
-1178204.2381304326,1726303.1817824647,10
-1177740.9254139052,1726303.1817824647,10
-1177277.6126973776,1726303.1817824647,10
-1176814.2999808502,1726303.1817824647,10
-1176350.9872643226,1726303.1817824647,10
-1175887.6745477952,1726303.1817824647,10
-1175424.3618312676,1726303.1817824647,10
-1174961.04911474,1726303.1817824647,10
-1174497.7363982126,1726303.1817824647,10
-1174034.4236816852,1726303.1817824647,10
-1173571.1109651576,1726303.1817824647,10
-1173107.79824863,1726303.1817824647,10
-1172644.4855321026,1726303.1817824647,10
-1172181.172815575,1726303.1817824647,10
-1171717.8600990477,1726303.1817824647,10
-1171254.54738252,1726303.1817824647,10
-1170791.2346659927,1726303.1817824647,10
-1170327.921949465,1726303.1817824647,10
-1169864.6092329377,1726303.1817824647,10
-1169401.29651641,1726303.1817824647,10
-1168937.9837998827,1726303.1817824647,10
-1168474.671083355,1726303.1817824647,10
-1168011.3583668275,1726303.1817824647,10
-1167548.0456503,1726303.1817824647,10
-1167084.7329337727,1726303.1817824647,10
-1166621.4202172451,1726303.1817824647,10
-1166158.1075007175,1726303.1817824647,10
-1165694.7947841901,1726303.1817824647,10
-1165231.4820676625,1726303.1817824647,10
-1164768.1693511351,1726303.1817824647,10
-1164304.8566346075,1726303.1817824647,10
-1163841.5439180802,1726303.1817824647,10
-1163378.2312015526,1726303.1817824647,10
-1162914.9184850252,1726303.1817824647,10
-1162451.6057684976,1726303.1817824647,10
-1161988.2930519702,1726303.1817824647,10
-1161524.9803354426,1726303.1817824647,10
-1161061.6676189152,1726303.1817824647,10
-1160598.3549023876,1726303.1817824647,10
-1160135.0421858602,1726303.1817824647,10
-1159671.7294693326,1726303.1817824647,10
-1159208.416752805,1726303.1817824647,10
-1158745.1040362776,1726303.1817824647,10
-1158281.79131975,1726303.1817824647,10
-1157818.4786032226,1726303.1817824647,10
-1157355.165886695,1726303.1817824647,10
-1156891.8531701677,1726303.1817824647,10
-1156428.54045364,1726303.1817824647,10
-1155965.2277371127,1726303.1817824647,10
-1155501.915020585,1726303.1817824647,10
-1155038.6023040577,1726303.1817824647,10
-1154575.28958753,1726303.1817824647,10
-1154111.9768710027,1726303.1817824647,10
-1153648.664154475,1726303.1817824647,10
-1153185.3514379477,1726303.1817824647,10
-1152722.03872142,1726303.1817824647,10
-1152258.7260048925,1726303.1817824647,10
-1151795.4132883651,1726303.1817824647,10
-1151332.1005718375,1726303.1817824647,10
-1150868.7878553101,1726303.1817824647,10
-1150405.4751387825,1726303.1817824647,10
-1149942.1624222551,1726303.1817824647,10
-1149478.8497057275,1726303.1817824647,10
-1149015.5369892002,1726303.1817824647,10
-1148552.2242726726,1726303.1817824647,10
-1148088.9115561452,1726303.1817824647,10
-1147625.5988396176,1726303.1817824647,10
-1147162.2861230902,1726303.1817824647,10
-1146698.9734065626,1726303.1817824647,10
-1146235.6606900352,1726303.1817824647,10
-1145772.3479735076,1726303.1817824647,10
-1145309.03525698,1726303.1817824647,10
-1144845.7225404526,1726303.1817824647,10
-1144382.4098239252,1726303.1817824647,10
-1143919.0971073976,1726303.1817824647,10
-1143455.78439087,1726303.1817824647,10
-1142992.4716743426,1726303.1817824647,10
-1142529.158957815,1726303.1817824647,10
-1142065.8462412877,1726303.1817824647,10
-1141602.53352476,1726303.1817824647,10
-1141139.2208082327,1726303.1817824647,10
-1140675.908091705,1726303.1817824647,10
-1140212.5953751777,1726303.1817824647,10
-1139749.28265865,1726303.1817824647,10
-1139285.9699421227,1726303.1817824647,10
-1138822.657225595,1726303.1817824647,10
-1138359.3445090675,1726303.1817824647,10
-1137896.03179254,1726303.1817824647,10
-1137432.7190760127,1726303.1817824647,10
-1136969.4063594851,1726303.1817824647,10
-1136506.0936429575,1726303.1817824647,10
-1136042.7809264301,1726303.1817824647,10
-1213879.31730305,1725839.8690659371,10
-1213416.0045865227,1725839.8690659371,10
-1212952.691869995,1725839.8690659371,10
-1212489.3791534677,1725839.8690659371,10
-1212026.06643694,1725839.8690659371,10
-1211562.7537204125,1725839.8690659371,10
-1211099.4410038851,1725839.8690659371,10
-1210636.1282873575,1725839.8690659371,10
-1210172.8155708301,1725839.8690659371,10
-1209709.5028543025,1725839.8690659371,10
-1209246.1901377751,1725839.8690659371,10
-1208782.8774212475,1725839.8690659371,10
-1208319.5647047202,1725839.8690659371,10
-1207856.2519881926,1725839.8690659371,10
-1207392.9392716652,1725839.8690659371,10
-1206929.6265551376,1725839.8690659371,10
-1206466.3138386102,1725839.8690659371,10
-1206003.0011220826,1725839.8690659371,10
-1205539.6884055552,1725839.8690659371,10
-1205076.3756890276,1725839.8690659371,10
-1204613.0629725,1725839.8690659371,10
-1204149.7502559726,1725839.8690659371,10
-1203686.4375394452,1725839.8690659371,10
-1203223.1248229176,1725839.8690659371,10
-1202759.81210639,1725839.8690659371,10
-1202296.4993898626,1725839.8690659371,10
-1201833.186673335,1725839.8690659371,10
-1201369.8739568077,1725839.8690659371,10
-1200906.56124028,1725839.8690659371,10
-1200443.2485237527,1725839.8690659371,10
-1199979.935807225,1725839.8690659371,10
-1199516.6230906977,1725839.8690659371,10
-1199053.31037417,1725839.8690659371,10
-1198589.9976576427,1725839.8690659371,10
-1198126.684941115,1725839.8690659371,10
-1197663.3722245875,1725839.8690659371,10
-1197200.05950806,1725839.8690659371,10
-1196736.7467915327,1725839.8690659371,10
-1196273.4340750051,1725839.8690659371,10
-1195810.1213584775,1725839.8690659371,10
-1195346.8086419501,1725839.8690659371,10
-1194883.4959254225,1725839.8690659371,10
-1194420.1832088951,1725839.8690659371,10
-1193956.8704923675,1725839.8690659371,10
-1193493.5577758402,1725839.8690659371,10
-1193030.2450593126,1725839.8690659371,10
-1192566.9323427852,1725839.8690659371,10
-1192103.6196262576,1725839.8690659371,10
-1191640.3069097302,1725839.8690659371,10
-1191176.9941932026,1725839.8690659371,10
-1190713.6814766752,1725839.8690659371,10
-1190250.3687601476,1725839.8690659371,10
-1189787.0560436202,1725839.8690659371,10
-1189323.7433270926,1725839.8690659371,10
-1188860.430610565,1725839.8690659371,10
-1188397.1178940376,1725839.8690659371,10
-1187933.80517751,1725839.8690659371,10
-1187470.4924609826,1725839.8690659371,10
-1187007.179744455,1725839.8690659371,10
-1186543.8670279277,1725839.8690659371,10
-1186080.5543114,1725839.8690659371,10
-1185617.2415948727,1725839.8690659371,10
-1185153.928878345,1725839.8690659371,10
-1184690.6161618177,1725839.8690659371,10
-1184227.30344529,1725839.8690659371,10
-1183763.9907287627,1725839.8690659371,10
-1183300.678012235,1725839.8690659371,10
-1182837.3652957077,1725839.8690659371,10
-1182374.05257918,1725839.8690659371,10
-1181910.7398626525,1725839.8690659371,10
-1181447.4271461251,1725839.8690659371,10
-1180984.1144295975,1725839.8690659371,10
-1180520.8017130701,1725839.8690659371,10
-1180057.4889965425,1725839.8690659371,10
-1179594.1762800151,1725839.8690659371,10
-1179130.8635634875,1725839.8690659371,10
-1178667.5508469602,1725839.8690659371,10
-1178204.2381304326,1725839.8690659371,10
-1177740.9254139052,1725839.8690659371,10
-1177277.6126973776,1725839.8690659371,10
-1176814.2999808502,1725839.8690659371,10
-1176350.9872643226,1725839.8690659371,10
-1175887.6745477952,1725839.8690659371,10
-1175424.3618312676,1725839.8690659371,10
-1174961.04911474,1725839.8690659371,10
-1174497.7363982126,1725839.8690659371,10
-1174034.4236816852,1725839.8690659371,10
-1173571.1109651576,1725839.8690659371,10
-1173107.79824863,1725839.8690659371,10
-1172644.4855321026,1725839.8690659371,10
-1172181.172815575,1725839.8690659371,10
-1171717.8600990477,1725839.8690659371,10
-1171254.54738252,1725839.8690659371,10
-1170791.2346659927,1725839.8690659371,10
-1170327.921949465,1725839.8690659371,10
-1169864.6092329377,1725839.8690659371,10
-1169401.29651641,1725839.8690659371,10
-1168937.9837998827,1725839.8690659371,10
-1168474.671083355,1725839.8690659371,10
-1168011.3583668275,1725839.8690659371,10
-1167548.0456503,1725839.8690659371,10
-1167084.7329337727,1725839.8690659371,10
-1166621.4202172451,1725839.8690659371,10
-1166158.1075007175,1725839.8690659371,10
-1165694.7947841901,1725839.8690659371,10
-1165231.4820676625,1725839.8690659371,10
-1164768.1693511351,1725839.8690659371,10
-1164304.8566346075,1725839.8690659371,10
-1163841.5439180802,1725839.8690659371,10
-1163378.2312015526,1725839.8690659371,10
-1162914.9184850252,1725839.8690659371,10
-1162451.6057684976,1725839.8690659371,10
-1161988.2930519702,1725839.8690659371,10
-1161524.9803354426,1725839.8690659371,10
-1161061.6676189152,1725839.8690659371,10
-1160598.3549023876,1725839.8690659371,10
-1160135.0421858602,1725839.8690659371,10
-1159671.7294693326,1725839.8690659371,10
-1159208.416752805,1725839.8690659371,10
-1158745.1040362776,1725839.8690659371,10
-1158281.79131975,1725839.8690659371,10
-1157818.4786032226,1725839.8690659371,10
-1157355.165886695,1725839.8690659371,10
-1156891.8531701677,1725839.8690659371,10
-1156428.54045364,1725839.8690659371,10
-1155965.2277371127,1725839.8690659371,10
-1155501.915020585,1725839.8690659371,10
-1155038.6023040577,1725839.8690659371,10
-1154575.28958753,1725839.8690659371,10
-1154111.9768710027,1725839.8690659371,10
-1153648.664154475,1725839.8690659371,10
-1153185.3514379477,1725839.8690659371,10
-1152722.03872142,1725839.8690659371,10
-1152258.7260048925,1725839.8690659371,10
-1151795.4132883651,1725839.8690659371,10
-1151332.1005718375,1725839.8690659371,10
-1150868.7878553101,1725839.8690659371,10
-1150405.4751387825,1725839.8690659371,10
-1149942.1624222551,1725839.8690659371,10
-1149478.8497057275,1725839.8690659371,10
-1149015.5369892002,1725839.8690659371,10
-1148552.2242726726,1725839.8690659371,10
-1148088.9115561452,1725839.8690659371,10
-1147625.5988396176,1725839.8690659371,10
-1147162.2861230902,1725839.8690659371,10
-1146698.9734065626,1725839.8690659371,10
-1146235.6606900352,1725839.8690659371,10
-1145772.3479735076,1725839.8690659371,10
-1145309.03525698,1725839.8690659371,10
-1144845.7225404526,1725839.8690659371,10
-1144382.4098239252,1725839.8690659371,10
-1143919.0971073976,1725839.8690659371,10
-1143455.78439087,1725839.8690659371,10
-1142992.4716743426,1725839.8690659371,10
-1142529.158957815,1725839.8690659371,10
-1142065.8462412877,1725839.8690659371,10
-1141602.53352476,1725839.8690659371,10
-1141139.2208082327,1725839.8690659371,10
-1140675.908091705,1725839.8690659371,10
-1140212.5953751777,1725839.8690659371,10
-1139749.28265865,1725839.8690659371,10
-1139285.9699421227,1725839.8690659371,10
-1138822.657225595,1725839.8690659371,10
-1138359.3445090675,1725839.8690659371,10
-1137896.03179254,1725839.8690659371,10
-1137432.7190760127,1725839.8690659371,10
-1136969.4063594851,1725839.8690659371,10
-1136506.0936429575,1725839.8690659371,10
-1136042.7809264301,1725839.8690659371,10
-1213416.0045865227,1725376.5563494097,10
-1212952.691869995,1725376.5563494097,10
-1212489.3791534677,1725376.5563494097,10
-1212026.06643694,1725376.5563494097,10
-1211562.7537204125,1725376.5563494097,10
-1211099.4410038851,1725376.5563494097,10
-1210636.1282873575,1725376.5563494097,10
-1210172.8155708301,1725376.5563494097,10
-1209709.5028543025,1725376.5563494097,10
-1209246.1901377751,1725376.5563494097,10
-1208782.8774212475,1725376.5563494097,10
-1208319.5647047202,1725376.5563494097,10
-1207856.2519881926,1725376.5563494097,10
-1207392.9392716652,1725376.5563494097,10
-1206929.6265551376,1725376.5563494097,10
-1206466.3138386102,1725376.5563494097,10
-1206003.0011220826,1725376.5563494097,10
-1205539.6884055552,1725376.5563494097,10
-1205076.3756890276,1725376.5563494097,10
-1204613.0629725,1725376.5563494097,10
-1204149.7502559726,1725376.5563494097,10
-1203686.4375394452,1725376.5563494097,10
-1203223.1248229176,1725376.5563494097,10
-1202759.81210639,1725376.5563494097,10
-1202296.4993898626,1725376.5563494097,10
-1201833.186673335,1725376.5563494097,10
-1201369.8739568077,1725376.5563494097,10
-1200906.56124028,1725376.5563494097,10
-1200443.2485237527,1725376.5563494097,10
-1199979.935807225,1725376.5563494097,10
-1199516.6230906977,1725376.5563494097,10
-1199053.31037417,1725376.5563494097,10
-1198589.9976576427,1725376.5563494097,10
-1198126.684941115,1725376.5563494097,10
-1197663.3722245875,1725376.5563494097,10
-1197200.05950806,1725376.5563494097,10
-1196736.7467915327,1725376.5563494097,10
-1196273.4340750051,1725376.5563494097,10
-1195810.1213584775,1725376.5563494097,10
-1195346.8086419501,1725376.5563494097,10
-1194883.4959254225,1725376.5563494097,10
-1194420.1832088951,1725376.5563494097,10
-1193956.8704923675,1725376.5563494097,10
-1193493.5577758402,1725376.5563494097,10
-1193030.2450593126,1725376.5563494097,10
-1192566.9323427852,1725376.5563494097,10
-1192103.6196262576,1725376.5563494097,10
-1191640.3069097302,1725376.5563494097,10
-1191176.9941932026,1725376.5563494097,10
-1190713.6814766752,1725376.5563494097,10
-1190250.3687601476,1725376.5563494097,10
-1189787.0560436202,1725376.5563494097,10
-1189323.7433270926,1725376.5563494097,10
-1188860.430610565,1725376.5563494097,10
-1188397.1178940376,1725376.5563494097,10
-1187933.80517751,1725376.5563494097,10
-1187470.4924609826,1725376.5563494097,10
-1187007.179744455,1725376.5563494097,10
-1186543.8670279277,1725376.5563494097,10
-1186080.5543114,1725376.5563494097,10
-1185617.2415948727,1725376.5563494097,10
-1185153.928878345,1725376.5563494097,10
-1184690.6161618177,1725376.5563494097,10
-1184227.30344529,1725376.5563494097,10
-1183763.9907287627,1725376.5563494097,10
-1183300.678012235,1725376.5563494097,10
-1182837.3652957077,1725376.5563494097,10
-1182374.05257918,1725376.5563494097,10
-1181910.7398626525,1725376.5563494097,10
-1181447.4271461251,1725376.5563494097,10
-1180984.1144295975,1725376.5563494097,10
-1180520.8017130701,1725376.5563494097,10
-1180057.4889965425,1725376.5563494097,10
-1179594.1762800151,1725376.5563494097,10
-1179130.8635634875,1725376.5563494097,10
-1178667.5508469602,1725376.5563494097,10
-1178204.2381304326,1725376.5563494097,10
-1177740.9254139052,1725376.5563494097,10
-1177277.6126973776,1725376.5563494097,10
-1176814.2999808502,1725376.5563494097,10
-1176350.9872643226,1725376.5563494097,10
-1175887.6745477952,1725376.5563494097,10
-1175424.3618312676,1725376.5563494097,10
-1174961.04911474,1725376.5563494097,10
-1174497.7363982126,1725376.5563494097,10
-1174034.4236816852,1725376.5563494097,10
-1173571.1109651576,1725376.5563494097,10
-1173107.79824863,1725376.5563494097,10
-1172644.4855321026,1725376.5563494097,10
-1172181.172815575,1725376.5563494097,10
-1171717.8600990477,1725376.5563494097,10
-1171254.54738252,1725376.5563494097,10
-1170791.2346659927,1725376.5563494097,10
-1170327.921949465,1725376.5563494097,10
-1169864.6092329377,1725376.5563494097,10
-1169401.29651641,1725376.5563494097,10
-1168937.9837998827,1725376.5563494097,10
-1168474.671083355,1725376.5563494097,10
-1168011.3583668275,1725376.5563494097,10
-1167548.0456503,1725376.5563494097,10
-1167084.7329337727,1725376.5563494097,10
-1166621.4202172451,1725376.5563494097,10
-1166158.1075007175,1725376.5563494097,10
-1165694.7947841901,1725376.5563494097,10
-1165231.4820676625,1725376.5563494097,10
-1164768.1693511351,1725376.5563494097,10
-1164304.8566346075,1725376.5563494097,10
-1163841.5439180802,1725376.5563494097,10
-1163378.2312015526,1725376.5563494097,10
-1162914.9184850252,1725376.5563494097,10
-1162451.6057684976,1725376.5563494097,10
-1161988.2930519702,1725376.5563494097,10
-1161524.9803354426,1725376.5563494097,10
-1161061.6676189152,1725376.5563494097,10
-1160598.3549023876,1725376.5563494097,10
-1160135.0421858602,1725376.5563494097,10
-1159671.7294693326,1725376.5563494097,10
-1159208.416752805,1725376.5563494097,10
-1158745.1040362776,1725376.5563494097,10
-1158281.79131975,1725376.5563494097,10
-1157818.4786032226,1725376.5563494097,10
-1157355.165886695,1725376.5563494097,10
-1156891.8531701677,1725376.5563494097,10
-1156428.54045364,1725376.5563494097,10
-1155965.2277371127,1725376.5563494097,10
-1155501.915020585,1725376.5563494097,10
-1155038.6023040577,1725376.5563494097,10
-1154575.28958753,1725376.5563494097,10
-1154111.9768710027,1725376.5563494097,10
-1153648.664154475,1725376.5563494097,10
-1153185.3514379477,1725376.5563494097,10
-1152722.03872142,1725376.5563494097,10
-1152258.7260048925,1725376.5563494097,10
-1151795.4132883651,1725376.5563494097,10
-1151332.1005718375,1725376.5563494097,10
-1150868.7878553101,1725376.5563494097,10
-1150405.4751387825,1725376.5563494097,10
-1149942.1624222551,1725376.5563494097,10
-1149478.8497057275,1725376.5563494097,10
-1149015.5369892002,1725376.5563494097,10
-1148552.2242726726,1725376.5563494097,10
-1148088.9115561452,1725376.5563494097,10
-1147625.5988396176,1725376.5563494097,10
-1147162.2861230902,1725376.5563494097,10
-1146698.9734065626,1725376.5563494097,10
-1146235.6606900352,1725376.5563494097,10
-1145772.3479735076,1725376.5563494097,10
-1145309.03525698,1725376.5563494097,10
-1144845.7225404526,1725376.5563494097,10
-1144382.4098239252,1725376.5563494097,10
-1143919.0971073976,1725376.5563494097,10
-1143455.78439087,1725376.5563494097,10
-1142992.4716743426,1725376.5563494097,10
-1142529.158957815,1725376.5563494097,10
-1142065.8462412877,1725376.5563494097,10
-1141602.53352476,1725376.5563494097,10
-1141139.2208082327,1725376.5563494097,10
-1140675.908091705,1725376.5563494097,10
-1140212.5953751777,1725376.5563494097,10
-1139749.28265865,1725376.5563494097,10
-1139285.9699421227,1725376.5563494097,10
-1138822.657225595,1725376.5563494097,10
-1138359.3445090675,1725376.5563494097,10
-1137896.03179254,1725376.5563494097,10
-1137432.7190760127,1725376.5563494097,10
-1136969.4063594851,1725376.5563494097,10
-1136506.0936429575,1725376.5563494097,10
-1136042.7809264301,1725376.5563494097,10
-1135579.4682099025,1725376.5563494097,10
-1212952.691869995,1724913.2436328821,10
-1212489.3791534677,1724913.2436328821,10
-1212026.06643694,1724913.2436328821,10
-1211562.7537204125,1724913.2436328821,10
-1211099.4410038851,1724913.2436328821,10
-1210636.1282873575,1724913.2436328821,10
-1210172.8155708301,1724913.2436328821,10
-1209709.5028543025,1724913.2436328821,10
-1209246.1901377751,1724913.2436328821,10
-1208782.8774212475,1724913.2436328821,10
-1208319.5647047202,1724913.2436328821,10
-1207856.2519881926,1724913.2436328821,10
-1207392.9392716652,1724913.2436328821,10
-1206929.6265551376,1724913.2436328821,10
-1206466.3138386102,1724913.2436328821,10
-1206003.0011220826,1724913.2436328821,10
-1205539.6884055552,1724913.2436328821,10
-1205076.3756890276,1724913.2436328821,10
-1204613.0629725,1724913.2436328821,10
-1204149.7502559726,1724913.2436328821,10
-1203686.4375394452,1724913.2436328821,10
-1203223.1248229176,1724913.2436328821,10
-1202759.81210639,1724913.2436328821,10
-1202296.4993898626,1724913.2436328821,10
-1201833.186673335,1724913.2436328821,10
-1201369.8739568077,1724913.2436328821,10
-1200906.56124028,1724913.2436328821,10
-1200443.2485237527,1724913.2436328821,10
-1199979.935807225,1724913.2436328821,10
-1199516.6230906977,1724913.2436328821,10
-1199053.31037417,1724913.2436328821,10
-1198589.9976576427,1724913.2436328821,10
-1198126.684941115,1724913.2436328821,10
-1197663.3722245875,1724913.2436328821,10
-1197200.05950806,1724913.2436328821,10
-1196736.7467915327,1724913.2436328821,10
-1196273.4340750051,1724913.2436328821,10
-1195810.1213584775,1724913.2436328821,10
-1195346.8086419501,1724913.2436328821,10
-1194883.4959254225,1724913.2436328821,10
-1194420.1832088951,1724913.2436328821,10
-1193956.8704923675,1724913.2436328821,10
-1193493.5577758402,1724913.2436328821,10
-1193030.2450593126,1724913.2436328821,10
-1192566.9323427852,1724913.2436328821,10
-1192103.6196262576,1724913.2436328821,10
-1191640.3069097302,1724913.2436328821,10
-1191176.9941932026,1724913.2436328821,10
-1190713.6814766752,1724913.2436328821,10
-1190250.3687601476,1724913.2436328821,10
-1189787.0560436202,1724913.2436328821,10
-1189323.7433270926,1724913.2436328821,10
-1188860.430610565,1724913.2436328821,10
-1188397.1178940376,1724913.2436328821,10
-1187933.80517751,1724913.2436328821,10
-1187470.4924609826,1724913.2436328821,10
-1187007.179744455,1724913.2436328821,10
-1186543.8670279277,1724913.2436328821,10
-1186080.5543114,1724913.2436328821,10
-1185617.2415948727,1724913.2436328821,10
-1185153.928878345,1724913.2436328821,10
-1184690.6161618177,1724913.2436328821,10
-1184227.30344529,1724913.2436328821,10
-1183763.9907287627,1724913.2436328821,10
-1183300.678012235,1724913.2436328821,10
-1182837.3652957077,1724913.2436328821,10
-1182374.05257918,1724913.2436328821,10
-1181910.7398626525,1724913.2436328821,10
-1181447.4271461251,1724913.2436328821,10
-1180984.1144295975,1724913.2436328821,10
-1180520.8017130701,1724913.2436328821,10
-1180057.4889965425,1724913.2436328821,10
-1179594.1762800151,1724913.2436328821,10
-1179130.8635634875,1724913.2436328821,10
-1178667.5508469602,1724913.2436328821,10
-1178204.2381304326,1724913.2436328821,10
-1177740.9254139052,1724913.2436328821,10
-1177277.6126973776,1724913.2436328821,10
-1176814.2999808502,1724913.2436328821,10
-1176350.9872643226,1724913.2436328821,10
-1175887.6745477952,1724913.2436328821,10
-1175424.3618312676,1724913.2436328821,10
-1174961.04911474,1724913.2436328821,10
-1174497.7363982126,1724913.2436328821,10
-1174034.4236816852,1724913.2436328821,10
-1173571.1109651576,1724913.2436328821,10
-1173107.79824863,1724913.2436328821,10
-1172644.4855321026,1724913.2436328821,10
-1172181.172815575,1724913.2436328821,10
-1171717.8600990477,1724913.2436328821,10
-1171254.54738252,1724913.2436328821,10
-1170791.2346659927,1724913.2436328821,10
-1170327.921949465,1724913.2436328821,10
-1169864.6092329377,1724913.2436328821,10
-1169401.29651641,1724913.2436328821,10
-1168937.9837998827,1724913.2436328821,10
-1168474.671083355,1724913.2436328821,10
-1168011.3583668275,1724913.2436328821,10
-1167548.0456503,1724913.2436328821,10
-1167084.7329337727,1724913.2436328821,10
-1166621.4202172451,1724913.2436328821,10
-1166158.1075007175,1724913.2436328821,10
-1165694.7947841901,1724913.2436328821,10
-1165231.4820676625,1724913.2436328821,10
-1164768.1693511351,1724913.2436328821,10
-1164304.8566346075,1724913.2436328821,10
-1163841.5439180802,1724913.2436328821,10
-1163378.2312015526,1724913.2436328821,10
-1162914.9184850252,1724913.2436328821,10
-1162451.6057684976,1724913.2436328821,10
-1161988.2930519702,1724913.2436328821,10
-1161524.9803354426,1724913.2436328821,10
-1161061.6676189152,1724913.2436328821,10
-1160598.3549023876,1724913.2436328821,10
-1160135.0421858602,1724913.2436328821,10
-1159671.7294693326,1724913.2436328821,10
-1159208.416752805,1724913.2436328821,10
-1158745.1040362776,1724913.2436328821,10
-1158281.79131975,1724913.2436328821,10
-1157818.4786032226,1724913.2436328821,10
-1157355.165886695,1724913.2436328821,10
-1156891.8531701677,1724913.2436328821,10
-1156428.54045364,1724913.2436328821,10
-1155965.2277371127,1724913.2436328821,10
-1155501.915020585,1724913.2436328821,10
-1155038.6023040577,1724913.2436328821,10
-1154575.28958753,1724913.2436328821,10
-1154111.9768710027,1724913.2436328821,10
-1153648.664154475,1724913.2436328821,10
-1153185.3514379477,1724913.2436328821,10
-1152722.03872142,1724913.2436328821,10
-1152258.7260048925,1724913.2436328821,10
-1151795.4132883651,1724913.2436328821,10
-1151332.1005718375,1724913.2436328821,10
-1150868.7878553101,1724913.2436328821,10
-1150405.4751387825,1724913.2436328821,10
-1149942.1624222551,1724913.2436328821,10
-1149478.8497057275,1724913.2436328821,10
-1149015.5369892002,1724913.2436328821,10
-1148552.2242726726,1724913.2436328821,10
-1148088.9115561452,1724913.2436328821,10
-1147625.5988396176,1724913.2436328821,10
-1147162.2861230902,1724913.2436328821,10
-1146698.9734065626,1724913.2436328821,10
-1146235.6606900352,1724913.2436328821,10
-1145772.3479735076,1724913.2436328821,10
-1145309.03525698,1724913.2436328821,10
-1144845.7225404526,1724913.2436328821,10
-1144382.4098239252,1724913.2436328821,10
-1143919.0971073976,1724913.2436328821,10
-1143455.78439087,1724913.2436328821,10
-1142992.4716743426,1724913.2436328821,10
-1142529.158957815,1724913.2436328821,10
-1142065.8462412877,1724913.2436328821,10
-1141602.53352476,1724913.2436328821,10
-1141139.2208082327,1724913.2436328821,10
-1140675.908091705,1724913.2436328821,10
-1140212.5953751777,1724913.2436328821,10
-1139749.28265865,1724913.2436328821,10
-1139285.9699421227,1724913.2436328821,10
-1138822.657225595,1724913.2436328821,10
-1138359.3445090675,1724913.2436328821,10
-1137896.03179254,1724913.2436328821,10
-1137432.7190760127,1724913.2436328821,10
-1136969.4063594851,1724913.2436328821,10
-1136506.0936429575,1724913.2436328821,10
-1136042.7809264301,1724913.2436328821,10
-1135579.4682099025,1724913.2436328821,10
-1212952.691869995,1724449.9309163548,10
-1212489.3791534677,1724449.9309163548,10
-1212026.06643694,1724449.9309163548,10
-1211562.7537204125,1724449.9309163548,10
-1211099.4410038851,1724449.9309163548,10
-1210636.1282873575,1724449.9309163548,10
-1210172.8155708301,1724449.9309163548,10
-1209709.5028543025,1724449.9309163548,10
-1209246.1901377751,1724449.9309163548,10
-1208782.8774212475,1724449.9309163548,10
-1208319.5647047202,1724449.9309163548,10
-1207856.2519881926,1724449.9309163548,10
-1207392.9392716652,1724449.9309163548,10
-1206929.6265551376,1724449.9309163548,10
-1206466.3138386102,1724449.9309163548,10
-1206003.0011220826,1724449.9309163548,10
-1205539.6884055552,1724449.9309163548,10
-1205076.3756890276,1724449.9309163548,10
-1204613.0629725,1724449.9309163548,10
-1204149.7502559726,1724449.9309163548,10
-1203686.4375394452,1724449.9309163548,10
-1203223.1248229176,1724449.9309163548,10
-1202759.81210639,1724449.9309163548,10
-1202296.4993898626,1724449.9309163548,10
-1201833.186673335,1724449.9309163548,10
-1201369.8739568077,1724449.9309163548,10
-1200906.56124028,1724449.9309163548,10
-1200443.2485237527,1724449.9309163548,10
-1199979.935807225,1724449.9309163548,10
-1199516.6230906977,1724449.9309163548,10
-1199053.31037417,1724449.9309163548,10
-1198589.9976576427,1724449.9309163548,10
-1198126.684941115,1724449.9309163548,10
-1197663.3722245875,1724449.9309163548,10
-1197200.05950806,1724449.9309163548,10
-1196736.7467915327,1724449.9309163548,10
-1196273.4340750051,1724449.9309163548,10
-1195810.1213584775,1724449.9309163548,10
-1195346.8086419501,1724449.9309163548,10
-1194883.4959254225,1724449.9309163548,10
-1194420.1832088951,1724449.9309163548,10
-1193956.8704923675,1724449.9309163548,10
-1193493.5577758402,1724449.9309163548,10
-1193030.2450593126,1724449.9309163548,10
-1192566.9323427852,1724449.9309163548,10
-1192103.6196262576,1724449.9309163548,10
-1191640.3069097302,1724449.9309163548,10
-1191176.9941932026,1724449.9309163548,10
-1190713.6814766752,1724449.9309163548,10
-1190250.3687601476,1724449.9309163548,10
-1189787.0560436202,1724449.9309163548,10
-1189323.7433270926,1724449.9309163548,10
-1188860.430610565,1724449.9309163548,10
-1188397.1178940376,1724449.9309163548,10
-1187933.80517751,1724449.9309163548,10
-1187470.4924609826,1724449.9309163548,10
-1187007.179744455,1724449.9309163548,10
-1186543.8670279277,1724449.9309163548,10
-1186080.5543114,1724449.9309163548,10
-1185617.2415948727,1724449.9309163548,10
-1185153.928878345,1724449.9309163548,10
-1184690.6161618177,1724449.9309163548,10
-1184227.30344529,1724449.9309163548,10
-1183763.9907287627,1724449.9309163548,10
-1183300.678012235,1724449.9309163548,10
-1182837.3652957077,1724449.9309163548,10
-1182374.05257918,1724449.9309163548,10
-1181910.7398626525,1724449.9309163548,10
-1181447.4271461251,1724449.9309163548,10
-1180984.1144295975,1724449.9309163548,10
-1180520.8017130701,1724449.9309163548,10
-1180057.4889965425,1724449.9309163548,10
-1179594.1762800151,1724449.9309163548,10
-1179130.8635634875,1724449.9309163548,10
-1178667.5508469602,1724449.9309163548,10
-1178204.2381304326,1724449.9309163548,10
-1177740.9254139052,1724449.9309163548,10
-1177277.6126973776,1724449.9309163548,10
-1176814.2999808502,1724449.9309163548,10
-1176350.9872643226,1724449.9309163548,10
-1175887.6745477952,1724449.9309163548,10
-1175424.3618312676,1724449.9309163548,10
-1174961.04911474,1724449.9309163548,10
-1174497.7363982126,1724449.9309163548,10
-1174034.4236816852,1724449.9309163548,10
-1173571.1109651576,1724449.9309163548,10
-1173107.79824863,1724449.9309163548,10
-1172644.4855321026,1724449.9309163548,10
-1172181.172815575,1724449.9309163548,10
-1171717.8600990477,1724449.9309163548,10
-1171254.54738252,1724449.9309163548,10
-1170791.2346659927,1724449.9309163548,10
-1170327.921949465,1724449.9309163548,10
-1169864.6092329377,1724449.9309163548,10
-1169401.29651641,1724449.9309163548,10
-1168937.9837998827,1724449.9309163548,10
-1168474.671083355,1724449.9309163548,10
-1168011.3583668275,1724449.9309163548,10
-1167548.0456503,1724449.9309163548,10
-1167084.7329337727,1724449.9309163548,10
-1166621.4202172451,1724449.9309163548,10
-1166158.1075007175,1724449.9309163548,10
-1165694.7947841901,1724449.9309163548,10
-1165231.4820676625,1724449.9309163548,10
-1164768.1693511351,1724449.9309163548,10
-1164304.8566346075,1724449.9309163548,10
-1163841.5439180802,1724449.9309163548,10
-1163378.2312015526,1724449.9309163548,10
-1162914.9184850252,1724449.9309163548,10
-1162451.6057684976,1724449.9309163548,10
-1161988.2930519702,1724449.9309163548,10
-1161524.9803354426,1724449.9309163548,10
-1161061.6676189152,1724449.9309163548,10
-1160598.3549023876,1724449.9309163548,10
-1160135.0421858602,1724449.9309163548,10
-1159671.7294693326,1724449.9309163548,10
-1159208.416752805,1724449.9309163548,10
-1158745.1040362776,1724449.9309163548,10
-1158281.79131975,1724449.9309163548,10
-1157818.4786032226,1724449.9309163548,10
-1157355.165886695,1724449.9309163548,10
-1156891.8531701677,1724449.9309163548,10
-1156428.54045364,1724449.9309163548,10
-1155965.2277371127,1724449.9309163548,10
-1155501.915020585,1724449.9309163548,10
-1155038.6023040577,1724449.9309163548,10
-1154575.28958753,1724449.9309163548,10
-1154111.9768710027,1724449.9309163548,10
-1153648.664154475,1724449.9309163548,10
-1153185.3514379477,1724449.9309163548,10
-1152722.03872142,1724449.9309163548,10
-1152258.7260048925,1724449.9309163548,10
-1151795.4132883651,1724449.9309163548,10
-1151332.1005718375,1724449.9309163548,10
-1150868.7878553101,1724449.9309163548,10
-1150405.4751387825,1724449.9309163548,10
-1149942.1624222551,1724449.9309163548,10
-1149478.8497057275,1724449.9309163548,10
-1149015.5369892002,1724449.9309163548,10
-1148552.2242726726,1724449.9309163548,10
-1148088.9115561452,1724449.9309163548,10
-1147625.5988396176,1724449.9309163548,10
-1147162.2861230902,1724449.9309163548,10
-1146698.9734065626,1724449.9309163548,10
-1146235.6606900352,1724449.9309163548,10
-1145772.3479735076,1724449.9309163548,10
-1145309.03525698,1724449.9309163548,10
-1144845.7225404526,1724449.9309163548,10
-1144382.4098239252,1724449.9309163548,10
-1143919.0971073976,1724449.9309163548,10
-1143455.78439087,1724449.9309163548,10
-1142992.4716743426,1724449.9309163548,10
-1142529.158957815,1724449.9309163548,10
-1142065.8462412877,1724449.9309163548,10
-1141602.53352476,1724449.9309163548,10
-1141139.2208082327,1724449.9309163548,10
-1140675.908091705,1724449.9309163548,10
-1140212.5953751777,1724449.9309163548,10
-1139749.28265865,1724449.9309163548,10
-1139285.9699421227,1724449.9309163548,10
-1138822.657225595,1724449.9309163548,10
-1138359.3445090675,1724449.9309163548,10
-1137896.03179254,1724449.9309163548,10
-1137432.7190760127,1724449.9309163548,10
-1136969.4063594851,1724449.9309163548,10
-1136506.0936429575,1724449.9309163548,10
-1136042.7809264301,1724449.9309163548,10
-1135579.4682099025,1724449.9309163548,10
-1212489.3791534677,1723986.6181998271,10
-1212026.06643694,1723986.6181998271,10
-1211562.7537204125,1723986.6181998271,10
-1211099.4410038851,1723986.6181998271,10
-1210636.1282873575,1723986.6181998271,10
-1210172.8155708301,1723986.6181998271,10
-1209709.5028543025,1723986.6181998271,10
-1209246.1901377751,1723986.6181998271,10
-1208782.8774212475,1723986.6181998271,10
-1208319.5647047202,1723986.6181998271,10
-1207856.2519881926,1723986.6181998271,10
-1207392.9392716652,1723986.6181998271,10
-1206929.6265551376,1723986.6181998271,10
-1206466.3138386102,1723986.6181998271,10
-1206003.0011220826,1723986.6181998271,10
-1205539.6884055552,1723986.6181998271,10
-1205076.3756890276,1723986.6181998271,10
-1204613.0629725,1723986.6181998271,10
-1204149.7502559726,1723986.6181998271,10
-1203686.4375394452,1723986.6181998271,10
-1203223.1248229176,1723986.6181998271,10
-1202759.81210639,1723986.6181998271,10
-1202296.4993898626,1723986.6181998271,10
-1201833.186673335,1723986.6181998271,10
-1201369.8739568077,1723986.6181998271,10
-1200906.56124028,1723986.6181998271,10
-1200443.2485237527,1723986.6181998271,10
-1199979.935807225,1723986.6181998271,10
-1199516.6230906977,1723986.6181998271,10
-1199053.31037417,1723986.6181998271,10
-1198589.9976576427,1723986.6181998271,10
-1198126.684941115,1723986.6181998271,10
-1197663.3722245875,1723986.6181998271,10
-1197200.05950806,1723986.6181998271,10
-1196736.7467915327,1723986.6181998271,10
-1196273.4340750051,1723986.6181998271,10
-1195810.1213584775,1723986.6181998271,10
-1195346.8086419501,1723986.6181998271,10
-1194883.4959254225,1723986.6181998271,10
-1194420.1832088951,1723986.6181998271,10
-1193956.8704923675,1723986.6181998271,10
-1193493.5577758402,1723986.6181998271,10
-1193030.2450593126,1723986.6181998271,10
-1192566.9323427852,1723986.6181998271,10
-1192103.6196262576,1723986.6181998271,10
-1191640.3069097302,1723986.6181998271,10
-1191176.9941932026,1723986.6181998271,10
-1190713.6814766752,1723986.6181998271,10
-1190250.3687601476,1723986.6181998271,10
-1189787.0560436202,1723986.6181998271,10
-1189323.7433270926,1723986.6181998271,10
-1188860.430610565,1723986.6181998271,10
-1188397.1178940376,1723986.6181998271,10
-1187933.80517751,1723986.6181998271,10
-1187470.4924609826,1723986.6181998271,10
-1187007.179744455,1723986.6181998271,10
-1186543.8670279277,1723986.6181998271,10
-1186080.5543114,1723986.6181998271,10
-1185617.2415948727,1723986.6181998271,10
-1185153.928878345,1723986.6181998271,10
-1184690.6161618177,1723986.6181998271,10
-1184227.30344529,1723986.6181998271,10
-1183763.9907287627,1723986.6181998271,10
-1183300.678012235,1723986.6181998271,10
-1182837.3652957077,1723986.6181998271,10
-1182374.05257918,1723986.6181998271,10
-1181910.7398626525,1723986.6181998271,10
-1181447.4271461251,1723986.6181998271,10
-1180984.1144295975,1723986.6181998271,10
-1180520.8017130701,1723986.6181998271,10
-1180057.4889965425,1723986.6181998271,10
-1179594.1762800151,1723986.6181998271,10
-1179130.8635634875,1723986.6181998271,10
-1178667.5508469602,1723986.6181998271,10
-1178204.2381304326,1723986.6181998271,10
-1177740.9254139052,1723986.6181998271,10
-1177277.6126973776,1723986.6181998271,10
-1176814.2999808502,1723986.6181998271,10
-1176350.9872643226,1723986.6181998271,10
-1175887.6745477952,1723986.6181998271,10
-1175424.3618312676,1723986.6181998271,10
-1174961.04911474,1723986.6181998271,10
-1174497.7363982126,1723986.6181998271,10
-1174034.4236816852,1723986.6181998271,10
-1173571.1109651576,1723986.6181998271,10
-1173107.79824863,1723986.6181998271,10
-1172644.4855321026,1723986.6181998271,10
-1172181.172815575,1723986.6181998271,10
-1171717.8600990477,1723986.6181998271,10
-1171254.54738252,1723986.6181998271,10
-1170791.2346659927,1723986.6181998271,10
-1170327.921949465,1723986.6181998271,10
-1169864.6092329377,1723986.6181998271,10
-1169401.29651641,1723986.6181998271,10
-1168937.9837998827,1723986.6181998271,10
-1168474.671083355,1723986.6181998271,10
-1168011.3583668275,1723986.6181998271,10
-1167548.0456503,1723986.6181998271,10
-1167084.7329337727,1723986.6181998271,10
-1166621.4202172451,1723986.6181998271,10
-1166158.1075007175,1723986.6181998271,10
-1165694.7947841901,1723986.6181998271,10
-1165231.4820676625,1723986.6181998271,10
-1164768.1693511351,1723986.6181998271,10
-1164304.8566346075,1723986.6181998271,10
-1163841.5439180802,1723986.6181998271,10
-1163378.2312015526,1723986.6181998271,10
-1162914.9184850252,1723986.6181998271,10
-1162451.6057684976,1723986.6181998271,10
-1161988.2930519702,1723986.6181998271,10
-1161524.9803354426,1723986.6181998271,10
-1161061.6676189152,1723986.6181998271,10
-1160598.3549023876,1723986.6181998271,10
-1160135.0421858602,1723986.6181998271,10
-1159671.7294693326,1723986.6181998271,10
-1159208.416752805,1723986.6181998271,10
-1158745.1040362776,1723986.6181998271,10
-1158281.79131975,1723986.6181998271,10
-1157818.4786032226,1723986.6181998271,10
-1157355.165886695,1723986.6181998271,10
-1156891.8531701677,1723986.6181998271,10
-1156428.54045364,1723986.6181998271,10
-1155965.2277371127,1723986.6181998271,10
-1155501.915020585,1723986.6181998271,10
-1155038.6023040577,1723986.6181998271,10
-1154575.28958753,1723986.6181998271,10
-1154111.9768710027,1723986.6181998271,10
-1153648.664154475,1723986.6181998271,10
-1153185.3514379477,1723986.6181998271,10
-1152722.03872142,1723986.6181998271,10
-1152258.7260048925,1723986.6181998271,10
-1151795.4132883651,1723986.6181998271,10
-1151332.1005718375,1723986.6181998271,10
-1150868.7878553101,1723986.6181998271,10
-1150405.4751387825,1723986.6181998271,10
-1149942.1624222551,1723986.6181998271,10
-1149478.8497057275,1723986.6181998271,10
-1149015.5369892002,1723986.6181998271,10
-1148552.2242726726,1723986.6181998271,10
-1148088.9115561452,1723986.6181998271,10
-1147625.5988396176,1723986.6181998271,10
-1147162.2861230902,1723986.6181998271,10
-1146698.9734065626,1723986.6181998271,10
-1146235.6606900352,1723986.6181998271,10
-1145772.3479735076,1723986.6181998271,10
-1145309.03525698,1723986.6181998271,10
-1144845.7225404526,1723986.6181998271,10
-1144382.4098239252,1723986.6181998271,10
-1143919.0971073976,1723986.6181998271,10
-1143455.78439087,1723986.6181998271,10
-1142992.4716743426,1723986.6181998271,10
-1142529.158957815,1723986.6181998271,10
-1142065.8462412877,1723986.6181998271,10
-1141602.53352476,1723986.6181998271,10
-1141139.2208082327,1723986.6181998271,10
-1140675.908091705,1723986.6181998271,10
-1140212.5953751777,1723986.6181998271,10
-1139749.28265865,1723986.6181998271,10
-1139285.9699421227,1723986.6181998271,10
-1138822.657225595,1723986.6181998271,10
-1138359.3445090675,1723986.6181998271,10
-1137896.03179254,1723986.6181998271,10
-1137432.7190760127,1723986.6181998271,10
-1136969.4063594851,1723986.6181998271,10
-1136506.0936429575,1723986.6181998271,10
-1136042.7809264301,1723986.6181998271,10
-1135579.4682099025,1723986.6181998271,10
-1212026.06643694,1723523.3054832998,10
-1211562.7537204125,1723523.3054832998,10
-1211099.4410038851,1723523.3054832998,10
-1210636.1282873575,1723523.3054832998,10
-1210172.8155708301,1723523.3054832998,10
-1209709.5028543025,1723523.3054832998,10
-1209246.1901377751,1723523.3054832998,10
-1208782.8774212475,1723523.3054832998,10
-1208319.5647047202,1723523.3054832998,10
-1207856.2519881926,1723523.3054832998,10
-1207392.9392716652,1723523.3054832998,10
-1206929.6265551376,1723523.3054832998,10
-1206466.3138386102,1723523.3054832998,10
-1206003.0011220826,1723523.3054832998,10
-1205539.6884055552,1723523.3054832998,10
-1205076.3756890276,1723523.3054832998,10
-1204613.0629725,1723523.3054832998,10
-1204149.7502559726,1723523.3054832998,10
-1203686.4375394452,1723523.3054832998,10
-1203223.1248229176,1723523.3054832998,10
-1202759.81210639,1723523.3054832998,10
-1202296.4993898626,1723523.3054832998,10
-1201833.186673335,1723523.3054832998,10
-1201369.8739568077,1723523.3054832998,10
-1200906.56124028,1723523.3054832998,10
-1200443.2485237527,1723523.3054832998,10
-1199979.935807225,1723523.3054832998,10
-1199516.6230906977,1723523.3054832998,10
-1199053.31037417,1723523.3054832998,10
-1198589.9976576427,1723523.3054832998,10
-1198126.684941115,1723523.3054832998,10
-1197663.3722245875,1723523.3054832998,10
-1197200.05950806,1723523.3054832998,10
-1196736.7467915327,1723523.3054832998,10
-1196273.4340750051,1723523.3054832998,10
-1195810.1213584775,1723523.3054832998,10
-1195346.8086419501,1723523.3054832998,10
-1194883.4959254225,1723523.3054832998,10
-1194420.1832088951,1723523.3054832998,10
-1193956.8704923675,1723523.3054832998,10
-1193493.5577758402,1723523.3054832998,10
-1193030.2450593126,1723523.3054832998,10
-1192566.9323427852,1723523.3054832998,10
-1192103.6196262576,1723523.3054832998,10
-1191640.3069097302,1723523.3054832998,10
-1191176.9941932026,1723523.3054832998,10
-1190713.6814766752,1723523.3054832998,10
-1190250.3687601476,1723523.3054832998,10
-1189787.0560436202,1723523.3054832998,10
-1189323.7433270926,1723523.3054832998,10
-1188860.430610565,1723523.3054832998,10
-1188397.1178940376,1723523.3054832998,10
-1187933.80517751,1723523.3054832998,10
-1187470.4924609826,1723523.3054832998,10
-1187007.179744455,1723523.3054832998,10
-1186543.8670279277,1723523.3054832998,10
-1186080.5543114,1723523.3054832998,10
-1185617.2415948727,1723523.3054832998,10
-1185153.928878345,1723523.3054832998,10
-1184690.6161618177,1723523.3054832998,10
-1184227.30344529,1723523.3054832998,10
-1183763.9907287627,1723523.3054832998,10
-1183300.678012235,1723523.3054832998,10
-1182837.3652957077,1723523.3054832998,10
-1182374.05257918,1723523.3054832998,10
-1181910.7398626525,1723523.3054832998,10
-1181447.4271461251,1723523.3054832998,10
-1180984.1144295975,1723523.3054832998,10
-1180520.8017130701,1723523.3054832998,10
-1180057.4889965425,1723523.3054832998,10
-1179594.1762800151,1723523.3054832998,10
-1179130.8635634875,1723523.3054832998,10
-1178667.5508469602,1723523.3054832998,10
-1178204.2381304326,1723523.3054832998,10
-1177740.9254139052,1723523.3054832998,10
-1177277.6126973776,1723523.3054832998,10
-1176814.2999808502,1723523.3054832998,10
-1176350.9872643226,1723523.3054832998,10
-1175887.6745477952,1723523.3054832998,10
-1175424.3618312676,1723523.3054832998,10
-1174961.04911474,1723523.3054832998,10
-1174497.7363982126,1723523.3054832998,10
-1174034.4236816852,1723523.3054832998,10
-1173571.1109651576,1723523.3054832998,10
-1173107.79824863,1723523.3054832998,10
-1172644.4855321026,1723523.3054832998,10
-1172181.172815575,1723523.3054832998,10
-1171717.8600990477,1723523.3054832998,10
-1171254.54738252,1723523.3054832998,10
-1170791.2346659927,1723523.3054832998,10
-1170327.921949465,1723523.3054832998,10
-1169864.6092329377,1723523.3054832998,10
-1169401.29651641,1723523.3054832998,10
-1168937.9837998827,1723523.3054832998,10
-1168474.671083355,1723523.3054832998,10
-1168011.3583668275,1723523.3054832998,10
-1167548.0456503,1723523.3054832998,10
-1167084.7329337727,1723523.3054832998,10
-1166621.4202172451,1723523.3054832998,10
-1166158.1075007175,1723523.3054832998,10
-1165694.7947841901,1723523.3054832998,10
-1165231.4820676625,1723523.3054832998,10
-1164768.1693511351,1723523.3054832998,10
-1164304.8566346075,1723523.3054832998,10
-1163841.5439180802,1723523.3054832998,10
-1163378.2312015526,1723523.3054832998,10
-1162914.9184850252,1723523.3054832998,10
-1162451.6057684976,1723523.3054832998,10
-1161988.2930519702,1723523.3054832998,10
-1161524.9803354426,1723523.3054832998,10
-1161061.6676189152,1723523.3054832998,10
-1160598.3549023876,1723523.3054832998,10
-1160135.0421858602,1723523.3054832998,10
-1159671.7294693326,1723523.3054832998,10
-1159208.416752805,1723523.3054832998,10
-1158745.1040362776,1723523.3054832998,10
-1158281.79131975,1723523.3054832998,10
-1157818.4786032226,1723523.3054832998,10
-1157355.165886695,1723523.3054832998,10
-1156891.8531701677,1723523.3054832998,10
-1156428.54045364,1723523.3054832998,10
-1155965.2277371127,1723523.3054832998,10
-1155501.915020585,1723523.3054832998,10
-1155038.6023040577,1723523.3054832998,10
-1154575.28958753,1723523.3054832998,10
-1154111.9768710027,1723523.3054832998,10
-1153648.664154475,1723523.3054832998,10
-1153185.3514379477,1723523.3054832998,10
-1152722.03872142,1723523.3054832998,10
-1152258.7260048925,1723523.3054832998,10
-1151795.4132883651,1723523.3054832998,10
-1151332.1005718375,1723523.3054832998,10
-1150868.7878553101,1723523.3054832998,10
-1150405.4751387825,1723523.3054832998,10
-1149942.1624222551,1723523.3054832998,10
-1149478.8497057275,1723523.3054832998,10
-1149015.5369892002,1723523.3054832998,10
-1148552.2242726726,1723523.3054832998,10
-1148088.9115561452,1723523.3054832998,10
-1147625.5988396176,1723523.3054832998,10
-1147162.2861230902,1723523.3054832998,10
-1146698.9734065626,1723523.3054832998,10
-1146235.6606900352,1723523.3054832998,10
-1145772.3479735076,1723523.3054832998,10
-1145309.03525698,1723523.3054832998,10
-1144845.7225404526,1723523.3054832998,10
-1144382.4098239252,1723523.3054832998,10
-1143919.0971073976,1723523.3054832998,10
-1143455.78439087,1723523.3054832998,10
-1142992.4716743426,1723523.3054832998,10
-1142529.158957815,1723523.3054832998,10
-1142065.8462412877,1723523.3054832998,10
-1141602.53352476,1723523.3054832998,10
-1141139.2208082327,1723523.3054832998,10
-1140675.908091705,1723523.3054832998,10
-1140212.5953751777,1723523.3054832998,10
-1139749.28265865,1723523.3054832998,10
-1139285.9699421227,1723523.3054832998,10
-1138822.657225595,1723523.3054832998,10
-1138359.3445090675,1723523.3054832998,10
-1137896.03179254,1723523.3054832998,10
-1137432.7190760127,1723523.3054832998,10
-1136969.4063594851,1723523.3054832998,10
-1136506.0936429575,1723523.3054832998,10
-1136042.7809264301,1723523.3054832998,10
-1135579.4682099025,1723523.3054832998,10
-1212026.06643694,1723059.9927667722,10
-1211562.7537204125,1723059.9927667722,10
-1211099.4410038851,1723059.9927667722,10
-1210636.1282873575,1723059.9927667722,10
-1210172.8155708301,1723059.9927667722,10
-1209709.5028543025,1723059.9927667722,10
-1209246.1901377751,1723059.9927667722,10
-1208782.8774212475,1723059.9927667722,10
-1208319.5647047202,1723059.9927667722,10
-1207856.2519881926,1723059.9927667722,10
-1207392.9392716652,1723059.9927667722,10
-1206929.6265551376,1723059.9927667722,10
-1206466.3138386102,1723059.9927667722,10
-1206003.0011220826,1723059.9927667722,10
-1205539.6884055552,1723059.9927667722,10
-1205076.3756890276,1723059.9927667722,10
-1204613.0629725,1723059.9927667722,10
-1204149.7502559726,1723059.9927667722,10
-1203686.4375394452,1723059.9927667722,10
-1203223.1248229176,1723059.9927667722,10
-1202759.81210639,1723059.9927667722,10
-1202296.4993898626,1723059.9927667722,10
-1201833.186673335,1723059.9927667722,10
-1201369.8739568077,1723059.9927667722,10
-1200906.56124028,1723059.9927667722,10
-1200443.2485237527,1723059.9927667722,10
-1199979.935807225,1723059.9927667722,10
-1199516.6230906977,1723059.9927667722,10
-1199053.31037417,1723059.9927667722,10
-1198589.9976576427,1723059.9927667722,10
-1198126.684941115,1723059.9927667722,10
-1197663.3722245875,1723059.9927667722,10
-1197200.05950806,1723059.9927667722,10
-1196736.7467915327,1723059.9927667722,10
-1196273.4340750051,1723059.9927667722,10
-1195810.1213584775,1723059.9927667722,10
-1195346.8086419501,1723059.9927667722,10
-1194883.4959254225,1723059.9927667722,10
-1194420.1832088951,1723059.9927667722,10
-1193956.8704923675,1723059.9927667722,10
-1193493.5577758402,1723059.9927667722,10
-1193030.2450593126,1723059.9927667722,10
-1192566.9323427852,1723059.9927667722,10
-1192103.6196262576,1723059.9927667722,10
-1191640.3069097302,1723059.9927667722,10
-1191176.9941932026,1723059.9927667722,10
-1190713.6814766752,1723059.9927667722,10
-1190250.3687601476,1723059.9927667722,10
-1189787.0560436202,1723059.9927667722,10
-1189323.7433270926,1723059.9927667722,10
-1188860.430610565,1723059.9927667722,10
-1188397.1178940376,1723059.9927667722,10
-1187933.80517751,1723059.9927667722,10
-1187470.4924609826,1723059.9927667722,10
-1187007.179744455,1723059.9927667722,10
-1186543.8670279277,1723059.9927667722,10
-1186080.5543114,1723059.9927667722,10
-1185617.2415948727,1723059.9927667722,10
-1185153.928878345,1723059.9927667722,10
-1184690.6161618177,1723059.9927667722,10
-1184227.30344529,1723059.9927667722,10
-1183763.9907287627,1723059.9927667722,10
-1183300.678012235,1723059.9927667722,10
-1182837.3652957077,1723059.9927667722,10
-1182374.05257918,1723059.9927667722,10
-1181910.7398626525,1723059.9927667722,10
-1181447.4271461251,1723059.9927667722,10
-1180984.1144295975,1723059.9927667722,10
-1180520.8017130701,1723059.9927667722,10
-1180057.4889965425,1723059.9927667722,10
-1179594.1762800151,1723059.9927667722,10
-1179130.8635634875,1723059.9927667722,10
-1178667.5508469602,1723059.9927667722,10
-1178204.2381304326,1723059.9927667722,10
-1177740.9254139052,1723059.9927667722,10
-1177277.6126973776,1723059.9927667722,10
-1176814.2999808502,1723059.9927667722,10
-1176350.9872643226,1723059.9927667722,10
-1175887.6745477952,1723059.9927667722,10
-1175424.3618312676,1723059.9927667722,10
-1174961.04911474,1723059.9927667722,10
-1174497.7363982126,1723059.9927667722,10
-1174034.4236816852,1723059.9927667722,10
-1173571.1109651576,1723059.9927667722,10
-1173107.79824863,1723059.9927667722,10
-1172644.4855321026,1723059.9927667722,10
-1172181.172815575,1723059.9927667722,10
-1171717.8600990477,1723059.9927667722,10
-1171254.54738252,1723059.9927667722,10
-1170791.2346659927,1723059.9927667722,10
-1170327.921949465,1723059.9927667722,10
-1169864.6092329377,1723059.9927667722,10
-1169401.29651641,1723059.9927667722,10
-1168937.9837998827,1723059.9927667722,10
-1168474.671083355,1723059.9927667722,10
-1168011.3583668275,1723059.9927667722,10
-1167548.0456503,1723059.9927667722,10
-1167084.7329337727,1723059.9927667722,10
-1166621.4202172451,1723059.9927667722,10
-1166158.1075007175,1723059.9927667722,10
-1165694.7947841901,1723059.9927667722,10
-1165231.4820676625,1723059.9927667722,10
-1164768.1693511351,1723059.9927667722,10
-1164304.8566346075,1723059.9927667722,10
-1163841.5439180802,1723059.9927667722,10
-1163378.2312015526,1723059.9927667722,10
-1162914.9184850252,1723059.9927667722,10
-1162451.6057684976,1723059.9927667722,10
-1161988.2930519702,1723059.9927667722,10
-1161524.9803354426,1723059.9927667722,10
-1161061.6676189152,1723059.9927667722,10
-1160598.3549023876,1723059.9927667722,10
-1160135.0421858602,1723059.9927667722,10
-1159671.7294693326,1723059.9927667722,10
-1159208.416752805,1723059.9927667722,10
-1158745.1040362776,1723059.9927667722,10
-1158281.79131975,1723059.9927667722,10
-1157818.4786032226,1723059.9927667722,10
-1157355.165886695,1723059.9927667722,10
-1156891.8531701677,1723059.9927667722,10
-1156428.54045364,1723059.9927667722,10
-1155965.2277371127,1723059.9927667722,10
-1155501.915020585,1723059.9927667722,10
-1155038.6023040577,1723059.9927667722,10
-1154575.28958753,1723059.9927667722,10
-1154111.9768710027,1723059.9927667722,10
-1153648.664154475,1723059.9927667722,10
-1153185.3514379477,1723059.9927667722,10
-1152722.03872142,1723059.9927667722,10
-1152258.7260048925,1723059.9927667722,10
-1151795.4132883651,1723059.9927667722,10
-1151332.1005718375,1723059.9927667722,10
-1150868.7878553101,1723059.9927667722,10
-1150405.4751387825,1723059.9927667722,10
-1149942.1624222551,1723059.9927667722,10
-1149478.8497057275,1723059.9927667722,10
-1149015.5369892002,1723059.9927667722,10
-1148552.2242726726,1723059.9927667722,10
-1148088.9115561452,1723059.9927667722,10
-1147625.5988396176,1723059.9927667722,10
-1147162.2861230902,1723059.9927667722,10
-1146698.9734065626,1723059.9927667722,10
-1146235.6606900352,1723059.9927667722,10
-1145772.3479735076,1723059.9927667722,10
-1145309.03525698,1723059.9927667722,10
-1144845.7225404526,1723059.9927667722,10
-1144382.4098239252,1723059.9927667722,10
-1143919.0971073976,1723059.9927667722,10
-1143455.78439087,1723059.9927667722,10
-1142992.4716743426,1723059.9927667722,10
-1142529.158957815,1723059.9927667722,10
-1142065.8462412877,1723059.9927667722,10
-1141602.53352476,1723059.9927667722,10
-1141139.2208082327,1723059.9927667722,10
-1140675.908091705,1723059.9927667722,10
-1140212.5953751777,1723059.9927667722,10
-1139749.28265865,1723059.9927667722,10
-1139285.9699421227,1723059.9927667722,10
-1138822.657225595,1723059.9927667722,10
-1138359.3445090675,1723059.9927667722,10
-1137896.03179254,1723059.9927667722,10
-1137432.7190760127,1723059.9927667722,10
-1136969.4063594851,1723059.9927667722,10
-1136506.0936429575,1723059.9927667722,10
-1136042.7809264301,1723059.9927667722,10
-1135579.4682099025,1723059.9927667722,10
-1211099.4410038851,1722596.6800502446,10
-1210636.1282873575,1722596.6800502446,10
-1210172.8155708301,1722596.6800502446,10
-1209709.5028543025,1722596.6800502446,10
-1209246.1901377751,1722596.6800502446,10
-1208782.8774212475,1722596.6800502446,10
-1208319.5647047202,1722596.6800502446,10
-1207856.2519881926,1722596.6800502446,10
-1207392.9392716652,1722596.6800502446,10
-1206929.6265551376,1722596.6800502446,10
-1206466.3138386102,1722596.6800502446,10
-1206003.0011220826,1722596.6800502446,10
-1205539.6884055552,1722596.6800502446,10
-1205076.3756890276,1722596.6800502446,10
-1204613.0629725,1722596.6800502446,10
-1204149.7502559726,1722596.6800502446,10
-1203686.4375394452,1722596.6800502446,10
-1203223.1248229176,1722596.6800502446,10
-1202759.81210639,1722596.6800502446,10
-1202296.4993898626,1722596.6800502446,10
-1201833.186673335,1722596.6800502446,10
-1201369.8739568077,1722596.6800502446,10
-1200906.56124028,1722596.6800502446,10
-1200443.2485237527,1722596.6800502446,10
-1199979.935807225,1722596.6800502446,10
-1199516.6230906977,1722596.6800502446,10
-1199053.31037417,1722596.6800502446,10
-1198589.9976576427,1722596.6800502446,10
-1198126.684941115,1722596.6800502446,10
-1197663.3722245875,1722596.6800502446,10
-1197200.05950806,1722596.6800502446,10
-1196736.7467915327,1722596.6800502446,10
-1196273.4340750051,1722596.6800502446,10
-1195810.1213584775,1722596.6800502446,10
-1195346.8086419501,1722596.6800502446,10
-1194883.4959254225,1722596.6800502446,10
-1194420.1832088951,1722596.6800502446,10
-1193956.8704923675,1722596.6800502446,10
-1193493.5577758402,1722596.6800502446,10
-1193030.2450593126,1722596.6800502446,10
-1192566.9323427852,1722596.6800502446,10
-1192103.6196262576,1722596.6800502446,10
-1191640.3069097302,1722596.6800502446,10
-1191176.9941932026,1722596.6800502446,10
-1190713.6814766752,1722596.6800502446,10
-1190250.3687601476,1722596.6800502446,10
-1189787.0560436202,1722596.6800502446,10
-1189323.7433270926,1722596.6800502446,10
-1188860.430610565,1722596.6800502446,10
-1188397.1178940376,1722596.6800502446,10
-1187933.80517751,1722596.6800502446,10
-1187470.4924609826,1722596.6800502446,10
-1187007.179744455,1722596.6800502446,10
-1186543.8670279277,1722596.6800502446,10
-1186080.5543114,1722596.6800502446,10
-1185617.2415948727,1722596.6800502446,10
-1185153.928878345,1722596.6800502446,10
-1184690.6161618177,1722596.6800502446,10
-1184227.30344529,1722596.6800502446,10
-1183763.9907287627,1722596.6800502446,10
-1183300.678012235,1722596.6800502446,10
-1182837.3652957077,1722596.6800502446,10
-1182374.05257918,1722596.6800502446,10
-1181910.7398626525,1722596.6800502446,10
-1181447.4271461251,1722596.6800502446,10
-1180984.1144295975,1722596.6800502446,10
-1180520.8017130701,1722596.6800502446,10
-1180057.4889965425,1722596.6800502446,10
-1179594.1762800151,1722596.6800502446,10
-1179130.8635634875,1722596.6800502446,10
-1178667.5508469602,1722596.6800502446,10
-1178204.2381304326,1722596.6800502446,10
-1177740.9254139052,1722596.6800502446,10
-1177277.6126973776,1722596.6800502446,10
-1176814.2999808502,1722596.6800502446,10
-1176350.9872643226,1722596.6800502446,10
-1175887.6745477952,1722596.6800502446,10
-1175424.3618312676,1722596.6800502446,10
-1174961.04911474,1722596.6800502446,10
-1174497.7363982126,1722596.6800502446,10
-1174034.4236816852,1722596.6800502446,10
-1173571.1109651576,1722596.6800502446,10
-1173107.79824863,1722596.6800502446,10
-1172644.4855321026,1722596.6800502446,10
-1172181.172815575,1722596.6800502446,10
-1171717.8600990477,1722596.6800502446,10
-1171254.54738252,1722596.6800502446,10
-1170791.2346659927,1722596.6800502446,10
-1170327.921949465,1722596.6800502446,10
-1169864.6092329377,1722596.6800502446,10
-1169401.29651641,1722596.6800502446,10
-1168937.9837998827,1722596.6800502446,10
-1168474.671083355,1722596.6800502446,10
-1168011.3583668275,1722596.6800502446,10
-1167548.0456503,1722596.6800502446,10
-1167084.7329337727,1722596.6800502446,10
-1166621.4202172451,1722596.6800502446,10
-1166158.1075007175,1722596.6800502446,10
-1165694.7947841901,1722596.6800502446,10
-1165231.4820676625,1722596.6800502446,10
-1164768.1693511351,1722596.6800502446,10
-1164304.8566346075,1722596.6800502446,10
-1163841.5439180802,1722596.6800502446,10
-1163378.2312015526,1722596.6800502446,10
-1162914.9184850252,1722596.6800502446,10
-1162451.6057684976,1722596.6800502446,10
-1161988.2930519702,1722596.6800502446,10
-1161524.9803354426,1722596.6800502446,10
-1161061.6676189152,1722596.6800502446,10
-1160598.3549023876,1722596.6800502446,10
-1160135.0421858602,1722596.6800502446,10
-1159671.7294693326,1722596.6800502446,10
-1159208.416752805,1722596.6800502446,10
-1158745.1040362776,1722596.6800502446,10
-1158281.79131975,1722596.6800502446,10
-1157818.4786032226,1722596.6800502446,10
-1157355.165886695,1722596.6800502446,10
-1156891.8531701677,1722596.6800502446,10
-1156428.54045364,1722596.6800502446,10
-1155965.2277371127,1722596.6800502446,10
-1155501.915020585,1722596.6800502446,10
-1155038.6023040577,1722596.6800502446,10
-1154575.28958753,1722596.6800502446,10
-1154111.9768710027,1722596.6800502446,10
-1153648.664154475,1722596.6800502446,10
-1153185.3514379477,1722596.6800502446,10
-1152722.03872142,1722596.6800502446,10
-1152258.7260048925,1722596.6800502446,10
-1151795.4132883651,1722596.6800502446,10
-1151332.1005718375,1722596.6800502446,10
-1150868.7878553101,1722596.6800502446,10
-1150405.4751387825,1722596.6800502446,10
-1149942.1624222551,1722596.6800502446,10
-1149478.8497057275,1722596.6800502446,10
-1149015.5369892002,1722596.6800502446,10
-1148552.2242726726,1722596.6800502446,10
-1148088.9115561452,1722596.6800502446,10
-1147625.5988396176,1722596.6800502446,10
-1147162.2861230902,1722596.6800502446,10
-1146698.9734065626,1722596.6800502446,10
-1146235.6606900352,1722596.6800502446,10
-1145772.3479735076,1722596.6800502446,10
-1145309.03525698,1722596.6800502446,10
-1144845.7225404526,1722596.6800502446,10
-1144382.4098239252,1722596.6800502446,10
-1143919.0971073976,1722596.6800502446,10
-1143455.78439087,1722596.6800502446,10
-1142992.4716743426,1722596.6800502446,10
-1142529.158957815,1722596.6800502446,10
-1142065.8462412877,1722596.6800502446,10
-1141602.53352476,1722596.6800502446,10
-1141139.2208082327,1722596.6800502446,10
-1140675.908091705,1722596.6800502446,10
-1140212.5953751777,1722596.6800502446,10
-1139749.28265865,1722596.6800502446,10
-1139285.9699421227,1722596.6800502446,10
-1138822.657225595,1722596.6800502446,10
-1138359.3445090675,1722596.6800502446,10
-1137896.03179254,1722596.6800502446,10
-1137432.7190760127,1722596.6800502446,10
-1136969.4063594851,1722596.6800502446,10
-1136506.0936429575,1722596.6800502446,10
-1136042.7809264301,1722596.6800502446,10
-1135579.4682099025,1722596.6800502446,10
-1210636.1282873575,1722133.3673337172,10
-1210172.8155708301,1722133.3673337172,10
-1209709.5028543025,1722133.3673337172,10
-1209246.1901377751,1722133.3673337172,10
-1208782.8774212475,1722133.3673337172,10
-1208319.5647047202,1722133.3673337172,10
-1207856.2519881926,1722133.3673337172,10
-1207392.9392716652,1722133.3673337172,10
-1206929.6265551376,1722133.3673337172,10
-1206466.3138386102,1722133.3673337172,10
-1206003.0011220826,1722133.3673337172,10
-1205539.6884055552,1722133.3673337172,10
-1205076.3756890276,1722133.3673337172,10
-1204613.0629725,1722133.3673337172,10
-1204149.7502559726,1722133.3673337172,10
-1203686.4375394452,1722133.3673337172,10
-1203223.1248229176,1722133.3673337172,10
-1202759.81210639,1722133.3673337172,10
-1202296.4993898626,1722133.3673337172,10
-1201833.186673335,1722133.3673337172,10
-1201369.8739568077,1722133.3673337172,10
-1200906.56124028,1722133.3673337172,10
-1200443.2485237527,1722133.3673337172,10
-1199979.935807225,1722133.3673337172,10
-1199516.6230906977,1722133.3673337172,10
-1199053.31037417,1722133.3673337172,10
-1198589.9976576427,1722133.3673337172,10
-1198126.684941115,1722133.3673337172,10
-1197663.3722245875,1722133.3673337172,10
-1197200.05950806,1722133.3673337172,10
-1196736.7467915327,1722133.3673337172,10
-1196273.4340750051,1722133.3673337172,10
-1195810.1213584775,1722133.3673337172,10
-1195346.8086419501,1722133.3673337172,10
-1194883.4959254225,1722133.3673337172,10
-1194420.1832088951,1722133.3673337172,10
-1193956.8704923675,1722133.3673337172,10
-1193493.5577758402,1722133.3673337172,10
-1193030.2450593126,1722133.3673337172,10
-1192566.9323427852,1722133.3673337172,10
-1192103.6196262576,1722133.3673337172,10
-1191640.3069097302,1722133.3673337172,10
-1191176.9941932026,1722133.3673337172,10
-1190713.6814766752,1722133.3673337172,10
-1190250.3687601476,1722133.3673337172,10
-1189787.0560436202,1722133.3673337172,10
-1189323.7433270926,1722133.3673337172,10
-1188860.430610565,1722133.3673337172,10
-1188397.1178940376,1722133.3673337172,10
-1187933.80517751,1722133.3673337172,10
-1187470.4924609826,1722133.3673337172,10
-1187007.179744455,1722133.3673337172,10
-1186543.8670279277,1722133.3673337172,10
-1186080.5543114,1722133.3673337172,10
-1185617.2415948727,1722133.3673337172,10
-1185153.928878345,1722133.3673337172,10
-1184690.6161618177,1722133.3673337172,10
-1184227.30344529,1722133.3673337172,10
-1183763.9907287627,1722133.3673337172,10
-1183300.678012235,1722133.3673337172,10
-1182837.3652957077,1722133.3673337172,10
-1182374.05257918,1722133.3673337172,10
-1181910.7398626525,1722133.3673337172,10
-1181447.4271461251,1722133.3673337172,10
-1180984.1144295975,1722133.3673337172,10
-1180520.8017130701,1722133.3673337172,10
-1180057.4889965425,1722133.3673337172,10
-1179594.1762800151,1722133.3673337172,10
-1179130.8635634875,1722133.3673337172,10
-1178667.5508469602,1722133.3673337172,10
-1178204.2381304326,1722133.3673337172,10
-1177740.9254139052,1722133.3673337172,10
-1177277.6126973776,1722133.3673337172,10
-1176814.2999808502,1722133.3673337172,10
-1176350.9872643226,1722133.3673337172,10
-1175887.6745477952,1722133.3673337172,10
-1175424.3618312676,1722133.3673337172,10
-1174961.04911474,1722133.3673337172,10
-1174497.7363982126,1722133.3673337172,10
-1174034.4236816852,1722133.3673337172,10
-1173571.1109651576,1722133.3673337172,10
-1173107.79824863,1722133.3673337172,10
-1172644.4855321026,1722133.3673337172,10
-1172181.172815575,1722133.3673337172,10
-1171717.8600990477,1722133.3673337172,10
-1171254.54738252,1722133.3673337172,10
-1170791.2346659927,1722133.3673337172,10
-1170327.921949465,1722133.3673337172,10
-1169864.6092329377,1722133.3673337172,10
-1169401.29651641,1722133.3673337172,10
-1168937.9837998827,1722133.3673337172,10
-1168474.671083355,1722133.3673337172,10
-1168011.3583668275,1722133.3673337172,10
-1167548.0456503,1722133.3673337172,10
-1167084.7329337727,1722133.3673337172,10
-1166621.4202172451,1722133.3673337172,10
-1166158.1075007175,1722133.3673337172,10
-1165694.7947841901,1722133.3673337172,10
-1165231.4820676625,1722133.3673337172,10
-1164768.1693511351,1722133.3673337172,10
-1164304.8566346075,1722133.3673337172,10
-1163841.5439180802,1722133.3673337172,10
-1163378.2312015526,1722133.3673337172,10
-1162914.9184850252,1722133.3673337172,10
-1162451.6057684976,1722133.3673337172,10
-1161988.2930519702,1722133.3673337172,10
-1161524.9803354426,1722133.3673337172,10
-1161061.6676189152,1722133.3673337172,10
-1160598.3549023876,1722133.3673337172,10
-1160135.0421858602,1722133.3673337172,10
-1159671.7294693326,1722133.3673337172,10
-1159208.416752805,1722133.3673337172,10
-1158745.1040362776,1722133.3673337172,10
-1158281.79131975,1722133.3673337172,10
-1157818.4786032226,1722133.3673337172,10
-1157355.165886695,1722133.3673337172,10
-1156891.8531701677,1722133.3673337172,10
-1156428.54045364,1722133.3673337172,10
-1155965.2277371127,1722133.3673337172,10
-1155501.915020585,1722133.3673337172,10
-1155038.6023040577,1722133.3673337172,10
-1154575.28958753,1722133.3673337172,10
-1154111.9768710027,1722133.3673337172,10
-1153648.664154475,1722133.3673337172,10
-1153185.3514379477,1722133.3673337172,10
-1152722.03872142,1722133.3673337172,10
-1152258.7260048925,1722133.3673337172,10
-1151795.4132883651,1722133.3673337172,10
-1151332.1005718375,1722133.3673337172,10
-1150868.7878553101,1722133.3673337172,10
-1150405.4751387825,1722133.3673337172,10
-1149942.1624222551,1722133.3673337172,10
-1149478.8497057275,1722133.3673337172,10
-1149015.5369892002,1722133.3673337172,10
-1148552.2242726726,1722133.3673337172,10
-1148088.9115561452,1722133.3673337172,10
-1147625.5988396176,1722133.3673337172,10
-1147162.2861230902,1722133.3673337172,10
-1146698.9734065626,1722133.3673337172,10
-1146235.6606900352,1722133.3673337172,10
-1145772.3479735076,1722133.3673337172,10
-1145309.03525698,1722133.3673337172,10
-1144845.7225404526,1722133.3673337172,10
-1144382.4098239252,1722133.3673337172,10
-1143919.0971073976,1722133.3673337172,10
-1143455.78439087,1722133.3673337172,10
-1142992.4716743426,1722133.3673337172,10
-1142529.158957815,1722133.3673337172,10
-1142065.8462412877,1722133.3673337172,10
-1141602.53352476,1722133.3673337172,10
-1141139.2208082327,1722133.3673337172,10
-1140675.908091705,1722133.3673337172,10
-1140212.5953751777,1722133.3673337172,10
-1139749.28265865,1722133.3673337172,10
-1139285.9699421227,1722133.3673337172,10
-1138822.657225595,1722133.3673337172,10
-1138359.3445090675,1722133.3673337172,10
-1137896.03179254,1722133.3673337172,10
-1137432.7190760127,1722133.3673337172,10
-1136969.4063594851,1722133.3673337172,10
-1136506.0936429575,1722133.3673337172,10
-1136042.7809264301,1722133.3673337172,10
-1135579.4682099025,1722133.3673337172,10
-1210172.8155708301,1721670.0546171898,10
-1209709.5028543025,1721670.0546171898,10
-1209246.1901377751,1721670.0546171898,10
-1208782.8774212475,1721670.0546171898,10
-1208319.5647047202,1721670.0546171898,10
-1207856.2519881926,1721670.0546171898,10
-1207392.9392716652,1721670.0546171898,10
-1206929.6265551376,1721670.0546171898,10
-1206466.3138386102,1721670.0546171898,10
-1206003.0011220826,1721670.0546171898,10
-1205539.6884055552,1721670.0546171898,10
-1205076.3756890276,1721670.0546171898,10
-1204613.0629725,1721670.0546171898,10
-1204149.7502559726,1721670.0546171898,10
-1203686.4375394452,1721670.0546171898,10
-1203223.1248229176,1721670.0546171898,10
-1202759.81210639,1721670.0546171898,10
-1202296.4993898626,1721670.0546171898,10
-1201833.186673335,1721670.0546171898,10
-1201369.8739568077,1721670.0546171898,10
-1200906.56124028,1721670.0546171898,10
-1200443.2485237527,1721670.0546171898,10
-1199979.935807225,1721670.0546171898,10
-1199516.6230906977,1721670.0546171898,10
-1199053.31037417,1721670.0546171898,10
-1198589.9976576427,1721670.0546171898,10
-1198126.684941115,1721670.0546171898,10
-1197663.3722245875,1721670.0546171898,10
-1197200.05950806,1721670.0546171898,10
-1196736.7467915327,1721670.0546171898,10
-1196273.4340750051,1721670.0546171898,10
-1195810.1213584775,1721670.0546171898,10
-1195346.8086419501,1721670.0546171898,10
-1194883.4959254225,1721670.0546171898,10
-1194420.1832088951,1721670.0546171898,10
-1193956.8704923675,1721670.0546171898,10
-1193493.5577758402,1721670.0546171898,10
-1193030.2450593126,1721670.0546171898,10
-1192566.9323427852,1721670.0546171898,10
-1192103.6196262576,1721670.0546171898,10
-1191640.3069097302,1721670.0546171898,10
-1191176.9941932026,1721670.0546171898,10
-1190713.6814766752,1721670.0546171898,10
-1190250.3687601476,1721670.0546171898,10
-1189787.0560436202,1721670.0546171898,10
-1189323.7433270926,1721670.0546171898,10
-1188860.430610565,1721670.0546171898,10
-1188397.1178940376,1721670.0546171898,10
-1187933.80517751,1721670.0546171898,10
-1187470.4924609826,1721670.0546171898,10
-1187007.179744455,1721670.0546171898,10
-1186543.8670279277,1721670.0546171898,10
-1186080.5543114,1721670.0546171898,10
-1185617.2415948727,1721670.0546171898,10
-1185153.928878345,1721670.0546171898,10
-1184690.6161618177,1721670.0546171898,10
-1184227.30344529,1721670.0546171898,10
-1183763.9907287627,1721670.0546171898,10
-1183300.678012235,1721670.0546171898,10
-1182837.3652957077,1721670.0546171898,10
-1182374.05257918,1721670.0546171898,10
-1181910.7398626525,1721670.0546171898,10
-1181447.4271461251,1721670.0546171898,10
-1180984.1144295975,1721670.0546171898,10
-1180520.8017130701,1721670.0546171898,10
-1180057.4889965425,1721670.0546171898,10
-1179594.1762800151,1721670.0546171898,10
-1179130.8635634875,1721670.0546171898,10
-1178667.5508469602,1721670.0546171898,10
-1178204.2381304326,1721670.0546171898,10
-1177740.9254139052,1721670.0546171898,10
-1177277.6126973776,1721670.0546171898,10
-1176814.2999808502,1721670.0546171898,10
-1176350.9872643226,1721670.0546171898,10
-1175887.6745477952,1721670.0546171898,10
-1175424.3618312676,1721670.0546171898,10
-1174961.04911474,1721670.0546171898,10
-1174497.7363982126,1721670.0546171898,10
-1174034.4236816852,1721670.0546171898,10
-1173571.1109651576,1721670.0546171898,10
-1173107.79824863,1721670.0546171898,10
-1172644.4855321026,1721670.0546171898,10
-1172181.172815575,1721670.0546171898,10
-1171717.8600990477,1721670.0546171898,10
-1171254.54738252,1721670.0546171898,10
-1170791.2346659927,1721670.0546171898,10
-1170327.921949465,1721670.0546171898,10
-1169864.6092329377,1721670.0546171898,10
-1169401.29651641,1721670.0546171898,10
-1168937.9837998827,1721670.0546171898,10
-1168474.671083355,1721670.0546171898,10
-1168011.3583668275,1721670.0546171898,10
-1167548.0456503,1721670.0546171898,10
-1167084.7329337727,1721670.0546171898,10
-1166621.4202172451,1721670.0546171898,10
-1166158.1075007175,1721670.0546171898,10
-1165694.7947841901,1721670.0546171898,10
-1165231.4820676625,1721670.0546171898,10
-1164768.1693511351,1721670.0546171898,10
-1164304.8566346075,1721670.0546171898,10
-1163841.5439180802,1721670.0546171898,10
-1163378.2312015526,1721670.0546171898,10
-1162914.9184850252,1721670.0546171898,10
-1162451.6057684976,1721670.0546171898,10
-1161988.2930519702,1721670.0546171898,10
-1161524.9803354426,1721670.0546171898,10
-1161061.6676189152,1721670.0546171898,10
-1160598.3549023876,1721670.0546171898,10
-1160135.0421858602,1721670.0546171898,10
-1159671.7294693326,1721670.0546171898,10
-1159208.416752805,1721670.0546171898,10
-1158745.1040362776,1721670.0546171898,10
-1158281.79131975,1721670.0546171898,10
-1157818.4786032226,1721670.0546171898,10
-1157355.165886695,1721670.0546171898,10
-1156891.8531701677,1721670.0546171898,10
-1156428.54045364,1721670.0546171898,10
-1155965.2277371127,1721670.0546171898,10
-1155501.915020585,1721670.0546171898,10
-1155038.6023040577,1721670.0546171898,10
-1154575.28958753,1721670.0546171898,10
-1154111.9768710027,1721670.0546171898,10
-1153648.664154475,1721670.0546171898,10
-1153185.3514379477,1721670.0546171898,10
-1152722.03872142,1721670.0546171898,10
-1152258.7260048925,1721670.0546171898,10
-1151795.4132883651,1721670.0546171898,10
-1151332.1005718375,1721670.0546171898,10
-1150868.7878553101,1721670.0546171898,10
-1150405.4751387825,1721670.0546171898,10
-1149942.1624222551,1721670.0546171898,10
-1149478.8497057275,1721670.0546171898,10
-1149015.5369892002,1721670.0546171898,10
-1148552.2242726726,1721670.0546171898,10
-1148088.9115561452,1721670.0546171898,10
-1147625.5988396176,1721670.0546171898,10
-1147162.2861230902,1721670.0546171898,10
-1146698.9734065626,1721670.0546171898,10
-1146235.6606900352,1721670.0546171898,10
-1145772.3479735076,1721670.0546171898,10
-1145309.03525698,1721670.0546171898,10
-1144845.7225404526,1721670.0546171898,10
-1144382.4098239252,1721670.0546171898,10
-1143919.0971073976,1721670.0546171898,10
-1143455.78439087,1721670.0546171898,10
-1142992.4716743426,1721670.0546171898,10
-1142529.158957815,1721670.0546171898,10
-1142065.8462412877,1721670.0546171898,10
-1141602.53352476,1721670.0546171898,10
-1141139.2208082327,1721670.0546171898,10
-1140675.908091705,1721670.0546171898,10
-1140212.5953751777,1721670.0546171898,10
-1139749.28265865,1721670.0546171898,10
-1139285.9699421227,1721670.0546171898,10
-1138822.657225595,1721670.0546171898,10
-1138359.3445090675,1721670.0546171898,10
-1137896.03179254,1721670.0546171898,10
-1137432.7190760127,1721670.0546171898,10
-1136969.4063594851,1721670.0546171898,10
-1136506.0936429575,1721670.0546171898,10
-1136042.7809264301,1721670.0546171898,10
-1135579.4682099025,1721670.0546171898,10
-1209709.5028543025,1721206.7419006622,10
-1209246.1901377751,1721206.7419006622,10
-1208782.8774212475,1721206.7419006622,10
-1208319.5647047202,1721206.7419006622,10
-1207856.2519881926,1721206.7419006622,10
-1207392.9392716652,1721206.7419006622,10
-1206929.6265551376,1721206.7419006622,10
-1206466.3138386102,1721206.7419006622,10
-1206003.0011220826,1721206.7419006622,10
-1205539.6884055552,1721206.7419006622,10
-1205076.3756890276,1721206.7419006622,10
-1204613.0629725,1721206.7419006622,10
-1204149.7502559726,1721206.7419006622,10
-1203686.4375394452,1721206.7419006622,10
-1203223.1248229176,1721206.7419006622,10
-1202759.81210639,1721206.7419006622,10
-1202296.4993898626,1721206.7419006622,10
-1201833.186673335,1721206.7419006622,10
-1201369.8739568077,1721206.7419006622,10
-1200906.56124028,1721206.7419006622,10
-1200443.2485237527,1721206.7419006622,10
-1199979.935807225,1721206.7419006622,10
-1199516.6230906977,1721206.7419006622,10
-1199053.31037417,1721206.7419006622,10
-1198589.9976576427,1721206.7419006622,10
-1198126.684941115,1721206.7419006622,10
-1197663.3722245875,1721206.7419006622,10
-1197200.05950806,1721206.7419006622,10
-1196736.7467915327,1721206.7419006622,10
-1196273.4340750051,1721206.7419006622,10
-1195810.1213584775,1721206.7419006622,10
-1195346.8086419501,1721206.7419006622,10
-1194883.4959254225,1721206.7419006622,10
-1194420.1832088951,1721206.7419006622,10
-1193956.8704923675,1721206.7419006622,10
-1193493.5577758402,1721206.7419006622,10
-1193030.2450593126,1721206.7419006622,10
-1192566.9323427852,1721206.7419006622,10
-1192103.6196262576,1721206.7419006622,10
-1191640.3069097302,1721206.7419006622,10
-1191176.9941932026,1721206.7419006622,10
-1190713.6814766752,1721206.7419006622,10
-1190250.3687601476,1721206.7419006622,10
-1189787.0560436202,1721206.7419006622,10
-1189323.7433270926,1721206.7419006622,10
-1188860.430610565,1721206.7419006622,10
-1188397.1178940376,1721206.7419006622,10
-1187933.80517751,1721206.7419006622,10
-1187470.4924609826,1721206.7419006622,10
-1187007.179744455,1721206.7419006622,10
-1186543.8670279277,1721206.7419006622,10
-1186080.5543114,1721206.7419006622,10
-1185617.2415948727,1721206.7419006622,10
-1185153.928878345,1721206.7419006622,10
-1184690.6161618177,1721206.7419006622,10
-1184227.30344529,1721206.7419006622,10
-1183763.9907287627,1721206.7419006622,10
-1183300.678012235,1721206.7419006622,10
-1182837.3652957077,1721206.7419006622,10
-1182374.05257918,1721206.7419006622,10
-1181910.7398626525,1721206.7419006622,10
-1181447.4271461251,1721206.7419006622,10
-1180984.1144295975,1721206.7419006622,10
-1180520.8017130701,1721206.7419006622,10
-1180057.4889965425,1721206.7419006622,10
-1179594.1762800151,1721206.7419006622,10
-1179130.8635634875,1721206.7419006622,10
-1178667.5508469602,1721206.7419006622,10
-1178204.2381304326,1721206.7419006622,10
-1177740.9254139052,1721206.7419006622,10
-1177277.6126973776,1721206.7419006622,10
-1176814.2999808502,1721206.7419006622,10
-1176350.9872643226,1721206.7419006622,10
-1175887.6745477952,1721206.7419006622,10
-1175424.3618312676,1721206.7419006622,10
-1174961.04911474,1721206.7419006622,10
-1174497.7363982126,1721206.7419006622,10
-1174034.4236816852,1721206.7419006622,10
-1173571.1109651576,1721206.7419006622,10
-1173107.79824863,1721206.7419006622,10
-1172644.4855321026,1721206.7419006622,10
-1172181.172815575,1721206.7419006622,10
-1171717.8600990477,1721206.7419006622,10
-1171254.54738252,1721206.7419006622,10
-1170791.2346659927,1721206.7419006622,10
-1170327.921949465,1721206.7419006622,10
-1169864.6092329377,1721206.7419006622,10
-1169401.29651641,1721206.7419006622,10
-1168937.9837998827,1721206.7419006622,10
-1168474.671083355,1721206.7419006622,10
-1168011.3583668275,1721206.7419006622,10
-1167548.0456503,1721206.7419006622,10
-1167084.7329337727,1721206.7419006622,10
-1166621.4202172451,1721206.7419006622,10
-1166158.1075007175,1721206.7419006622,10
-1165694.7947841901,1721206.7419006622,10
-1165231.4820676625,1721206.7419006622,10
-1164768.1693511351,1721206.7419006622,10
-1164304.8566346075,1721206.7419006622,10
-1163841.5439180802,1721206.7419006622,10
-1163378.2312015526,1721206.7419006622,10
-1162914.9184850252,1721206.7419006622,10
-1162451.6057684976,1721206.7419006622,10
-1161988.2930519702,1721206.7419006622,10
-1161524.9803354426,1721206.7419006622,10
-1161061.6676189152,1721206.7419006622,10
-1160598.3549023876,1721206.7419006622,10
-1160135.0421858602,1721206.7419006622,10
-1159671.7294693326,1721206.7419006622,10
-1159208.416752805,1721206.7419006622,10
-1158745.1040362776,1721206.7419006622,10
-1158281.79131975,1721206.7419006622,10
-1157818.4786032226,1721206.7419006622,10
-1157355.165886695,1721206.7419006622,10
-1156891.8531701677,1721206.7419006622,10
-1156428.54045364,1721206.7419006622,10
-1155965.2277371127,1721206.7419006622,10
-1155501.915020585,1721206.7419006622,10
-1155038.6023040577,1721206.7419006622,10
-1154575.28958753,1721206.7419006622,10
-1154111.9768710027,1721206.7419006622,10
-1153648.664154475,1721206.7419006622,10
-1153185.3514379477,1721206.7419006622,10
-1152722.03872142,1721206.7419006622,10
-1152258.7260048925,1721206.7419006622,10
-1151795.4132883651,1721206.7419006622,10
-1151332.1005718375,1721206.7419006622,10
-1150868.7878553101,1721206.7419006622,10
-1150405.4751387825,1721206.7419006622,10
-1149942.1624222551,1721206.7419006622,10
-1149478.8497057275,1721206.7419006622,10
-1149015.5369892002,1721206.7419006622,10
-1148552.2242726726,1721206.7419006622,10
-1148088.9115561452,1721206.7419006622,10
-1147625.5988396176,1721206.7419006622,10
-1147162.2861230902,1721206.7419006622,10
-1146698.9734065626,1721206.7419006622,10
-1146235.6606900352,1721206.7419006622,10
-1145772.3479735076,1721206.7419006622,10
-1145309.03525698,1721206.7419006622,10
-1144845.7225404526,1721206.7419006622,10
-1144382.4098239252,1721206.7419006622,10
-1143919.0971073976,1721206.7419006622,10
-1143455.78439087,1721206.7419006622,10
-1142992.4716743426,1721206.7419006622,10
-1142529.158957815,1721206.7419006622,10
-1142065.8462412877,1721206.7419006622,10
-1141602.53352476,1721206.7419006622,10
-1141139.2208082327,1721206.7419006622,10
-1140675.908091705,1721206.7419006622,10
-1140212.5953751777,1721206.7419006622,10
-1139749.28265865,1721206.7419006622,10
-1139285.9699421227,1721206.7419006622,10
-1138822.657225595,1721206.7419006622,10
-1138359.3445090675,1721206.7419006622,10
-1137896.03179254,1721206.7419006622,10
-1137432.7190760127,1721206.7419006622,10
-1136969.4063594851,1721206.7419006622,10
-1136506.0936429575,1721206.7419006622,10
-1136042.7809264301,1721206.7419006622,10
-1135579.4682099025,1721206.7419006622,10
-1135116.1554933751,1721206.7419006622,10
-1209246.1901377751,1720743.4291841346,10
-1208782.8774212475,1720743.4291841346,10
-1208319.5647047202,1720743.4291841346,10
-1207856.2519881926,1720743.4291841346,10
-1207392.9392716652,1720743.4291841346,10
-1206929.6265551376,1720743.4291841346,10
-1206466.3138386102,1720743.4291841346,10
-1206003.0011220826,1720743.4291841346,10
-1205539.6884055552,1720743.4291841346,10
-1205076.3756890276,1720743.4291841346,10
-1204613.0629725,1720743.4291841346,10
-1204149.7502559726,1720743.4291841346,10
-1203686.4375394452,1720743.4291841346,10
-1203223.1248229176,1720743.4291841346,10
-1202759.81210639,1720743.4291841346,10
-1202296.4993898626,1720743.4291841346,10
-1201833.186673335,1720743.4291841346,10
-1201369.8739568077,1720743.4291841346,10
-1200906.56124028,1720743.4291841346,10
-1200443.2485237527,1720743.4291841346,10
-1199979.935807225,1720743.4291841346,10
-1199516.6230906977,1720743.4291841346,10
-1199053.31037417,1720743.4291841346,10
-1198589.9976576427,1720743.4291841346,10
-1198126.684941115,1720743.4291841346,10
-1197663.3722245875,1720743.4291841346,10
-1197200.05950806,1720743.4291841346,10
-1196736.7467915327,1720743.4291841346,10
-1196273.4340750051,1720743.4291841346,10
-1195810.1213584775,1720743.4291841346,10
-1195346.8086419501,1720743.4291841346,10
-1194883.4959254225,1720743.4291841346,10
-1194420.1832088951,1720743.4291841346,10
-1193956.8704923675,1720743.4291841346,10
-1193493.5577758402,1720743.4291841346,10
-1193030.2450593126,1720743.4291841346,10
-1192566.9323427852,1720743.4291841346,10
-1192103.6196262576,1720743.4291841346,10
-1191640.3069097302,1720743.4291841346,10
-1191176.9941932026,1720743.4291841346,10
-1190713.6814766752,1720743.4291841346,10
-1190250.3687601476,1720743.4291841346,10
-1189787.0560436202,1720743.4291841346,10
-1189323.7433270926,1720743.4291841346,10
-1188860.430610565,1720743.4291841346,10
-1188397.1178940376,1720743.4291841346,10
-1187933.80517751,1720743.4291841346,10
-1187470.4924609826,1720743.4291841346,10
-1187007.179744455,1720743.4291841346,10
-1186543.8670279277,1720743.4291841346,10
-1186080.5543114,1720743.4291841346,10
-1185617.2415948727,1720743.4291841346,10
-1185153.928878345,1720743.4291841346,10
-1184690.6161618177,1720743.4291841346,10
-1184227.30344529,1720743.4291841346,10
-1183763.9907287627,1720743.4291841346,10
-1183300.678012235,1720743.4291841346,10
-1182837.3652957077,1720743.4291841346,10
-1182374.05257918,1720743.4291841346,10
-1181910.7398626525,1720743.4291841346,10
-1181447.4271461251,1720743.4291841346,10
-1180984.1144295975,1720743.4291841346,10
-1180520.8017130701,1720743.4291841346,10
-1180057.4889965425,1720743.4291841346,10
-1179594.1762800151,1720743.4291841346,10
-1179130.8635634875,1720743.4291841346,10
-1178667.5508469602,1720743.4291841346,10
-1178204.2381304326,1720743.4291841346,10
-1177740.9254139052,1720743.4291841346,10
-1177277.6126973776,1720743.4291841346,10
-1176814.2999808502,1720743.4291841346,10
-1176350.9872643226,1720743.4291841346,10
-1175887.6745477952,1720743.4291841346,10
-1175424.3618312676,1720743.4291841346,10
-1174961.04911474,1720743.4291841346,10
-1174497.7363982126,1720743.4291841346,10
-1174034.4236816852,1720743.4291841346,10
-1173571.1109651576,1720743.4291841346,10
-1173107.79824863,1720743.4291841346,10
-1172644.4855321026,1720743.4291841346,10
-1172181.172815575,1720743.4291841346,10
-1171717.8600990477,1720743.4291841346,10
-1171254.54738252,1720743.4291841346,10
-1170791.2346659927,1720743.4291841346,10
-1170327.921949465,1720743.4291841346,10
-1169864.6092329377,1720743.4291841346,10
-1169401.29651641,1720743.4291841346,10
-1168937.9837998827,1720743.4291841346,10
-1168474.671083355,1720743.4291841346,10
-1168011.3583668275,1720743.4291841346,10
-1167548.0456503,1720743.4291841346,10
-1167084.7329337727,1720743.4291841346,10
-1166621.4202172451,1720743.4291841346,10
-1166158.1075007175,1720743.4291841346,10
-1165694.7947841901,1720743.4291841346,10
-1165231.4820676625,1720743.4291841346,10
-1164768.1693511351,1720743.4291841346,10
-1164304.8566346075,1720743.4291841346,10
-1163841.5439180802,1720743.4291841346,10
-1163378.2312015526,1720743.4291841346,10
-1162914.9184850252,1720743.4291841346,10
-1162451.6057684976,1720743.4291841346,10
-1161988.2930519702,1720743.4291841346,10
-1161524.9803354426,1720743.4291841346,10
-1161061.6676189152,1720743.4291841346,10
-1160598.3549023876,1720743.4291841346,10
-1160135.0421858602,1720743.4291841346,10
-1159671.7294693326,1720743.4291841346,10
-1159208.416752805,1720743.4291841346,10
-1158745.1040362776,1720743.4291841346,10
-1158281.79131975,1720743.4291841346,10
-1157818.4786032226,1720743.4291841346,10
-1157355.165886695,1720743.4291841346,10
-1156891.8531701677,1720743.4291841346,10
-1156428.54045364,1720743.4291841346,10
-1155965.2277371127,1720743.4291841346,10
-1155501.915020585,1720743.4291841346,10
-1155038.6023040577,1720743.4291841346,10
-1154575.28958753,1720743.4291841346,10
-1154111.9768710027,1720743.4291841346,10
-1153648.664154475,1720743.4291841346,10
-1153185.3514379477,1720743.4291841346,10
-1152722.03872142,1720743.4291841346,10
-1152258.7260048925,1720743.4291841346,10
-1151795.4132883651,1720743.4291841346,10
-1151332.1005718375,1720743.4291841346,10
-1150868.7878553101,1720743.4291841346,10
-1150405.4751387825,1720743.4291841346,10
-1149942.1624222551,1720743.4291841346,10
-1149478.8497057275,1720743.4291841346,10
-1149015.5369892002,1720743.4291841346,10
-1148552.2242726726,1720743.4291841346,10
-1148088.9115561452,1720743.4291841346,10
-1147625.5988396176,1720743.4291841346,10
-1147162.2861230902,1720743.4291841346,10
-1146698.9734065626,1720743.4291841346,10
-1146235.6606900352,1720743.4291841346,10
-1145772.3479735076,1720743.4291841346,10
-1145309.03525698,1720743.4291841346,10
-1144845.7225404526,1720743.4291841346,10
-1144382.4098239252,1720743.4291841346,10
-1143919.0971073976,1720743.4291841346,10
-1143455.78439087,1720743.4291841346,10
-1142992.4716743426,1720743.4291841346,10
-1142529.158957815,1720743.4291841346,10
-1142065.8462412877,1720743.4291841346,10
-1141602.53352476,1720743.4291841346,10
-1141139.2208082327,1720743.4291841346,10
-1140675.908091705,1720743.4291841346,10
-1140212.5953751777,1720743.4291841346,10
-1139749.28265865,1720743.4291841346,10
-1139285.9699421227,1720743.4291841346,10
-1138822.657225595,1720743.4291841346,10
-1138359.3445090675,1720743.4291841346,10
-1137896.03179254,1720743.4291841346,10
-1137432.7190760127,1720743.4291841346,10
-1136969.4063594851,1720743.4291841346,10
-1136506.0936429575,1720743.4291841346,10
-1136042.7809264301,1720743.4291841346,10
-1135579.4682099025,1720743.4291841346,10
-1135116.1554933751,1720743.4291841346,10
-1208782.8774212475,1720280.1164676072,10
-1208319.5647047202,1720280.1164676072,10
-1207856.2519881926,1720280.1164676072,10
-1207392.9392716652,1720280.1164676072,10
-1206929.6265551376,1720280.1164676072,10
-1206466.3138386102,1720280.1164676072,10
-1206003.0011220826,1720280.1164676072,10
-1205539.6884055552,1720280.1164676072,10
-1205076.3756890276,1720280.1164676072,10
-1204613.0629725,1720280.1164676072,10
-1204149.7502559726,1720280.1164676072,10
-1203686.4375394452,1720280.1164676072,10
-1203223.1248229176,1720280.1164676072,10
-1202759.81210639,1720280.1164676072,10
-1202296.4993898626,1720280.1164676072,10
-1201833.186673335,1720280.1164676072,10
-1201369.8739568077,1720280.1164676072,10
-1200906.56124028,1720280.1164676072,10
-1200443.2485237527,1720280.1164676072,10
-1199979.935807225,1720280.1164676072,10
-1199516.6230906977,1720280.1164676072,10
-1199053.31037417,1720280.1164676072,10
-1198589.9976576427,1720280.1164676072,10
-1198126.684941115,1720280.1164676072,10
-1197663.3722245875,1720280.1164676072,10
-1197200.05950806,1720280.1164676072,10
-1196736.7467915327,1720280.1164676072,10
-1196273.4340750051,1720280.1164676072,10
-1195810.1213584775,1720280.1164676072,10
-1195346.8086419501,1720280.1164676072,10
-1194883.4959254225,1720280.1164676072,10
-1194420.1832088951,1720280.1164676072,10
-1193956.8704923675,1720280.1164676072,10
-1193493.5577758402,1720280.1164676072,10
-1193030.2450593126,1720280.1164676072,10
-1192566.9323427852,1720280.1164676072,10
-1192103.6196262576,1720280.1164676072,10
-1191640.3069097302,1720280.1164676072,10
-1191176.9941932026,1720280.1164676072,10
-1190713.6814766752,1720280.1164676072,10
-1190250.3687601476,1720280.1164676072,10
-1189787.0560436202,1720280.1164676072,10
-1189323.7433270926,1720280.1164676072,10
-1188860.430610565,1720280.1164676072,10
-1188397.1178940376,1720280.1164676072,10
-1187933.80517751,1720280.1164676072,10
-1187470.4924609826,1720280.1164676072,10
-1187007.179744455,1720280.1164676072,10
-1186543.8670279277,1720280.1164676072,10
-1186080.5543114,1720280.1164676072,10
-1185617.2415948727,1720280.1164676072,10
-1185153.928878345,1720280.1164676072,10
-1184690.6161618177,1720280.1164676072,10
-1184227.30344529,1720280.1164676072,10
-1183763.9907287627,1720280.1164676072,10
-1183300.678012235,1720280.1164676072,10
-1182837.3652957077,1720280.1164676072,10
-1182374.05257918,1720280.1164676072,10
-1181910.7398626525,1720280.1164676072,10
-1181447.4271461251,1720280.1164676072,10
-1180984.1144295975,1720280.1164676072,10
-1180520.8017130701,1720280.1164676072,10
-1180057.4889965425,1720280.1164676072,10
-1179594.1762800151,1720280.1164676072,10
-1179130.8635634875,1720280.1164676072,10
-1178667.5508469602,1720280.1164676072,10
-1178204.2381304326,1720280.1164676072,10
-1177740.9254139052,1720280.1164676072,10
-1177277.6126973776,1720280.1164676072,10
-1176814.2999808502,1720280.1164676072,10
-1176350.9872643226,1720280.1164676072,10
-1175887.6745477952,1720280.1164676072,10
-1175424.3618312676,1720280.1164676072,10
-1174961.04911474,1720280.1164676072,10
-1174497.7363982126,1720280.1164676072,10
-1174034.4236816852,1720280.1164676072,10
-1173571.1109651576,1720280.1164676072,10
-1173107.79824863,1720280.1164676072,10
-1172644.4855321026,1720280.1164676072,10
-1172181.172815575,1720280.1164676072,10
-1171717.8600990477,1720280.1164676072,10
-1171254.54738252,1720280.1164676072,10
-1170791.2346659927,1720280.1164676072,10
-1170327.921949465,1720280.1164676072,10
-1169864.6092329377,1720280.1164676072,10
-1169401.29651641,1720280.1164676072,10
-1168937.9837998827,1720280.1164676072,10
-1168474.671083355,1720280.1164676072,10
-1168011.3583668275,1720280.1164676072,10
-1167548.0456503,1720280.1164676072,10
-1167084.7329337727,1720280.1164676072,10
-1166621.4202172451,1720280.1164676072,10
-1166158.1075007175,1720280.1164676072,10
-1165694.7947841901,1720280.1164676072,10
-1165231.4820676625,1720280.1164676072,10
-1164768.1693511351,1720280.1164676072,10
-1164304.8566346075,1720280.1164676072,10
-1163841.5439180802,1720280.1164676072,10
-1163378.2312015526,1720280.1164676072,10
-1162914.9184850252,1720280.1164676072,10
-1162451.6057684976,1720280.1164676072,10
-1161988.2930519702,1720280.1164676072,10
-1161524.9803354426,1720280.1164676072,10
-1161061.6676189152,1720280.1164676072,10
-1160598.3549023876,1720280.1164676072,10
-1160135.0421858602,1720280.1164676072,10
-1159671.7294693326,1720280.1164676072,10
-1159208.416752805,1720280.1164676072,10
-1158745.1040362776,1720280.1164676072,10
-1158281.79131975,1720280.1164676072,10
-1157818.4786032226,1720280.1164676072,10
-1157355.165886695,1720280.1164676072,10
-1156891.8531701677,1720280.1164676072,10
-1156428.54045364,1720280.1164676072,10
-1155965.2277371127,1720280.1164676072,10
-1155501.915020585,1720280.1164676072,10
-1155038.6023040577,1720280.1164676072,10
-1154575.28958753,1720280.1164676072,10
-1154111.9768710027,1720280.1164676072,10
-1153648.664154475,1720280.1164676072,10
-1153185.3514379477,1720280.1164676072,10
-1152722.03872142,1720280.1164676072,10
-1152258.7260048925,1720280.1164676072,10
-1151795.4132883651,1720280.1164676072,10
-1151332.1005718375,1720280.1164676072,10
-1150868.7878553101,1720280.1164676072,10
-1150405.4751387825,1720280.1164676072,10
-1149942.1624222551,1720280.1164676072,10
-1149478.8497057275,1720280.1164676072,10
-1149015.5369892002,1720280.1164676072,10
-1148552.2242726726,1720280.1164676072,10
-1148088.9115561452,1720280.1164676072,10
-1147625.5988396176,1720280.1164676072,10
-1147162.2861230902,1720280.1164676072,10
-1146698.9734065626,1720280.1164676072,10
-1146235.6606900352,1720280.1164676072,10
-1145772.3479735076,1720280.1164676072,10
-1145309.03525698,1720280.1164676072,10
-1144845.7225404526,1720280.1164676072,10
-1144382.4098239252,1720280.1164676072,10
-1143919.0971073976,1720280.1164676072,10
-1143455.78439087,1720280.1164676072,10
-1142992.4716743426,1720280.1164676072,10
-1142529.158957815,1720280.1164676072,10
-1142065.8462412877,1720280.1164676072,10
-1141602.53352476,1720280.1164676072,10
-1141139.2208082327,1720280.1164676072,10
-1140675.908091705,1720280.1164676072,10
-1140212.5953751777,1720280.1164676072,10
-1139749.28265865,1720280.1164676072,10
-1139285.9699421227,1720280.1164676072,10
-1138822.657225595,1720280.1164676072,10
-1138359.3445090675,1720280.1164676072,10
-1137896.03179254,1720280.1164676072,10
-1137432.7190760127,1720280.1164676072,10
-1136969.4063594851,1720280.1164676072,10
-1136506.0936429575,1720280.1164676072,10
-1136042.7809264301,1720280.1164676072,10
-1135579.4682099025,1720280.1164676072,10
-1135116.1554933751,1720280.1164676072,10
-1208319.5647047202,1719816.8037510798,10
-1207856.2519881926,1719816.8037510798,10
-1207392.9392716652,1719816.8037510798,10
-1206929.6265551376,1719816.8037510798,10
-1206466.3138386102,1719816.8037510798,10
-1206003.0011220826,1719816.8037510798,10
-1205539.6884055552,1719816.8037510798,10
-1205076.3756890276,1719816.8037510798,10
-1204613.0629725,1719816.8037510798,10
-1204149.7502559726,1719816.8037510798,10
-1203686.4375394452,1719816.8037510798,10
-1203223.1248229176,1719816.8037510798,10
-1202759.81210639,1719816.8037510798,10
-1202296.4993898626,1719816.8037510798,10
-1201833.186673335,1719816.8037510798,10
-1201369.8739568077,1719816.8037510798,10
-1200906.56124028,1719816.8037510798,10
-1200443.2485237527,1719816.8037510798,10
-1199979.935807225,1719816.8037510798,10
-1199516.6230906977,1719816.8037510798,10
-1199053.31037417,1719816.8037510798,10
-1198589.9976576427,1719816.8037510798,10
-1198126.684941115,1719816.8037510798,10
-1197663.3722245875,1719816.8037510798,10
-1197200.05950806,1719816.8037510798,10
-1196736.7467915327,1719816.8037510798,10
-1196273.4340750051,1719816.8037510798,10
-1195810.1213584775,1719816.8037510798,10
-1195346.8086419501,1719816.8037510798,10
-1194883.4959254225,1719816.8037510798,10
-1194420.1832088951,1719816.8037510798,10
-1193956.8704923675,1719816.8037510798,10
-1193493.5577758402,1719816.8037510798,10
-1193030.2450593126,1719816.8037510798,10
-1192566.9323427852,1719816.8037510798,10
-1192103.6196262576,1719816.8037510798,10
-1191640.3069097302,1719816.8037510798,10
-1191176.9941932026,1719816.8037510798,10
-1190713.6814766752,1719816.8037510798,10
-1190250.3687601476,1719816.8037510798,10
-1189787.0560436202,1719816.8037510798,10
-1189323.7433270926,1719816.8037510798,10
-1188860.430610565,1719816.8037510798,10
-1188397.1178940376,1719816.8037510798,10
-1187933.80517751,1719816.8037510798,10
-1187470.4924609826,1719816.8037510798,10
-1187007.179744455,1719816.8037510798,10
-1186543.8670279277,1719816.8037510798,10
-1186080.5543114,1719816.8037510798,10
-1185617.2415948727,1719816.8037510798,10
-1185153.928878345,1719816.8037510798,10
-1184690.6161618177,1719816.8037510798,10
-1184227.30344529,1719816.8037510798,10
-1183763.9907287627,1719816.8037510798,10
-1183300.678012235,1719816.8037510798,10
-1182837.3652957077,1719816.8037510798,10
-1182374.05257918,1719816.8037510798,10
-1181910.7398626525,1719816.8037510798,10
-1181447.4271461251,1719816.8037510798,10
-1180984.1144295975,1719816.8037510798,10
-1180520.8017130701,1719816.8037510798,10
-1180057.4889965425,1719816.8037510798,10
-1179594.1762800151,1719816.8037510798,10
-1179130.8635634875,1719816.8037510798,10
-1178667.5508469602,1719816.8037510798,10
-1178204.2381304326,1719816.8037510798,10
-1177740.9254139052,1719816.8037510798,10
-1177277.6126973776,1719816.8037510798,10
-1176814.2999808502,1719816.8037510798,10
-1176350.9872643226,1719816.8037510798,10
-1175887.6745477952,1719816.8037510798,10
-1175424.3618312676,1719816.8037510798,10
-1174961.04911474,1719816.8037510798,10
-1174497.7363982126,1719816.8037510798,10
-1174034.4236816852,1719816.8037510798,10
-1173571.1109651576,1719816.8037510798,10
-1173107.79824863,1719816.8037510798,10
-1172644.4855321026,1719816.8037510798,10
-1172181.172815575,1719816.8037510798,10
-1171717.8600990477,1719816.8037510798,10
-1171254.54738252,1719816.8037510798,10
-1170791.2346659927,1719816.8037510798,10
-1170327.921949465,1719816.8037510798,10
-1169864.6092329377,1719816.8037510798,10
-1169401.29651641,1719816.8037510798,10
-1168937.9837998827,1719816.8037510798,10
-1168474.671083355,1719816.8037510798,10
-1168011.3583668275,1719816.8037510798,10
-1167548.0456503,1719816.8037510798,10
-1167084.7329337727,1719816.8037510798,10
-1166621.4202172451,1719816.8037510798,10
-1166158.1075007175,1719816.8037510798,10
-1165694.7947841901,1719816.8037510798,10
-1165231.4820676625,1719816.8037510798,10
-1164768.1693511351,1719816.8037510798,10
-1164304.8566346075,1719816.8037510798,10
-1163841.5439180802,1719816.8037510798,10
-1163378.2312015526,1719816.8037510798,10
-1162914.9184850252,1719816.8037510798,10
-1162451.6057684976,1719816.8037510798,10
-1161988.2930519702,1719816.8037510798,10
-1161524.9803354426,1719816.8037510798,10
-1161061.6676189152,1719816.8037510798,10
-1160598.3549023876,1719816.8037510798,10
-1160135.0421858602,1719816.8037510798,10
-1159671.7294693326,1719816.8037510798,10
-1159208.416752805,1719816.8037510798,10
-1158745.1040362776,1719816.8037510798,10
-1158281.79131975,1719816.8037510798,10
-1157818.4786032226,1719816.8037510798,10
-1157355.165886695,1719816.8037510798,10
-1156891.8531701677,1719816.8037510798,10
-1156428.54045364,1719816.8037510798,10
-1155965.2277371127,1719816.8037510798,10
-1155501.915020585,1719816.8037510798,10
-1155038.6023040577,1719816.8037510798,10
-1154575.28958753,1719816.8037510798,10
-1154111.9768710027,1719816.8037510798,10
-1153648.664154475,1719816.8037510798,10
-1153185.3514379477,1719816.8037510798,10
-1152722.03872142,1719816.8037510798,10
-1152258.7260048925,1719816.8037510798,10
-1151795.4132883651,1719816.8037510798,10
-1151332.1005718375,1719816.8037510798,10
-1150868.7878553101,1719816.8037510798,10
-1150405.4751387825,1719816.8037510798,10
-1149942.1624222551,1719816.8037510798,10
-1149478.8497057275,1719816.8037510798,10
-1149015.5369892002,1719816.8037510798,10
-1148552.2242726726,1719816.8037510798,10
-1148088.9115561452,1719816.8037510798,10
-1147625.5988396176,1719816.8037510798,10
-1147162.2861230902,1719816.8037510798,10
-1146698.9734065626,1719816.8037510798,10
-1146235.6606900352,1719816.8037510798,10
-1145772.3479735076,1719816.8037510798,10
-1145309.03525698,1719816.8037510798,10
-1144845.7225404526,1719816.8037510798,10
-1144382.4098239252,1719816.8037510798,10
-1143919.0971073976,1719816.8037510798,10
-1143455.78439087,1719816.8037510798,10
-1142992.4716743426,1719816.8037510798,10
-1142529.158957815,1719816.8037510798,10
-1142065.8462412877,1719816.8037510798,10
-1141602.53352476,1719816.8037510798,10
-1141139.2208082327,1719816.8037510798,10
-1140675.908091705,1719816.8037510798,10
-1140212.5953751777,1719816.8037510798,10
-1139749.28265865,1719816.8037510798,10
-1139285.9699421227,1719816.8037510798,10
-1138822.657225595,1719816.8037510798,10
-1138359.3445090675,1719816.8037510798,10
-1137896.03179254,1719816.8037510798,10
-1137432.7190760127,1719816.8037510798,10
-1136969.4063594851,1719816.8037510798,10
-1136506.0936429575,1719816.8037510798,10
-1136042.7809264301,1719816.8037510798,10
-1135579.4682099025,1719816.8037510798,10
-1135116.1554933751,1719816.8037510798,10
-1207856.2519881926,1719353.4910345522,10
-1207392.9392716652,1719353.4910345522,10
-1206929.6265551376,1719353.4910345522,10
-1206466.3138386102,1719353.4910345522,10
-1206003.0011220826,1719353.4910345522,10
-1205539.6884055552,1719353.4910345522,10
-1205076.3756890276,1719353.4910345522,10
-1204613.0629725,1719353.4910345522,10
-1204149.7502559726,1719353.4910345522,10
-1203686.4375394452,1719353.4910345522,10
-1203223.1248229176,1719353.4910345522,10
-1202759.81210639,1719353.4910345522,10
-1202296.4993898626,1719353.4910345522,10
-1201833.186673335,1719353.4910345522,10
-1201369.8739568077,1719353.4910345522,10
-1200906.56124028,1719353.4910345522,10
-1200443.2485237527,1719353.4910345522,10
-1199979.935807225,1719353.4910345522,10
-1199516.6230906977,1719353.4910345522,10
-1199053.31037417,1719353.4910345522,10
-1198589.9976576427,1719353.4910345522,10
-1198126.684941115,1719353.4910345522,10
-1197663.3722245875,1719353.4910345522,10
-1197200.05950806,1719353.4910345522,10
-1196736.7467915327,1719353.4910345522,10
-1196273.4340750051,1719353.4910345522,10
-1195810.1213584775,1719353.4910345522,10
-1195346.8086419501,1719353.4910345522,10
-1194883.4959254225,1719353.4910345522,10
-1194420.1832088951,1719353.4910345522,10
-1193956.8704923675,1719353.4910345522,10
-1193493.5577758402,1719353.4910345522,10
-1193030.2450593126,1719353.4910345522,10
-1192566.9323427852,1719353.4910345522,10
-1192103.6196262576,1719353.4910345522,10
-1191640.3069097302,1719353.4910345522,10
-1191176.9941932026,1719353.4910345522,10
-1190713.6814766752,1719353.4910345522,10
-1190250.3687601476,1719353.4910345522,10
-1189787.0560436202,1719353.4910345522,10
-1189323.7433270926,1719353.4910345522,10
-1188860.430610565,1719353.4910345522,10
-1188397.1178940376,1719353.4910345522,10
-1187933.80517751,1719353.4910345522,10
-1187470.4924609826,1719353.4910345522,10
-1187007.179744455,1719353.4910345522,10
-1186543.8670279277,1719353.4910345522,10
-1186080.5543114,1719353.4910345522,10
-1185617.2415948727,1719353.4910345522,10
-1185153.928878345,1719353.4910345522,10
-1184690.6161618177,1719353.4910345522,10
-1184227.30344529,1719353.4910345522,10
-1183763.9907287627,1719353.4910345522,10
-1183300.678012235,1719353.4910345522,10
-1182837.3652957077,1719353.4910345522,10
-1182374.05257918,1719353.4910345522,10
-1181910.7398626525,1719353.4910345522,10
-1181447.4271461251,1719353.4910345522,10
-1180984.1144295975,1719353.4910345522,10
-1180520.8017130701,1719353.4910345522,10
-1180057.4889965425,1719353.4910345522,10
-1179594.1762800151,1719353.4910345522,10
-1179130.8635634875,1719353.4910345522,10
-1178667.5508469602,1719353.4910345522,10
-1178204.2381304326,1719353.4910345522,10
-1177740.9254139052,1719353.4910345522,10
-1177277.6126973776,1719353.4910345522,10
-1176814.2999808502,1719353.4910345522,10
-1176350.9872643226,1719353.4910345522,10
-1175887.6745477952,1719353.4910345522,10
-1175424.3618312676,1719353.4910345522,10
-1174961.04911474,1719353.4910345522,10
-1174497.7363982126,1719353.4910345522,10
-1174034.4236816852,1719353.4910345522,10
-1173571.1109651576,1719353.4910345522,10
-1173107.79824863,1719353.4910345522,10
-1172644.4855321026,1719353.4910345522,10
-1172181.172815575,1719353.4910345522,10
-1171717.8600990477,1719353.4910345522,10
-1171254.54738252,1719353.4910345522,10
-1170791.2346659927,1719353.4910345522,10
-1170327.921949465,1719353.4910345522,10
-1169864.6092329377,1719353.4910345522,10
-1169401.29651641,1719353.4910345522,10
-1168937.9837998827,1719353.4910345522,10
-1168474.671083355,1719353.4910345522,10
-1168011.3583668275,1719353.4910345522,10
-1167548.0456503,1719353.4910345522,10
-1167084.7329337727,1719353.4910345522,10
-1166621.4202172451,1719353.4910345522,10
-1166158.1075007175,1719353.4910345522,10
-1165694.7947841901,1719353.4910345522,10
-1165231.4820676625,1719353.4910345522,10
-1164768.1693511351,1719353.4910345522,10
-1164304.8566346075,1719353.4910345522,10
-1163841.5439180802,1719353.4910345522,10
-1163378.2312015526,1719353.4910345522,10
-1162914.9184850252,1719353.4910345522,10
-1162451.6057684976,1719353.4910345522,10
-1161988.2930519702,1719353.4910345522,10
-1161524.9803354426,1719353.4910345522,10
-1161061.6676189152,1719353.4910345522,10
-1160598.3549023876,1719353.4910345522,10
-1160135.0421858602,1719353.4910345522,10
-1159671.7294693326,1719353.4910345522,10
-1159208.416752805,1719353.4910345522,10
-1158745.1040362776,1719353.4910345522,10
-1158281.79131975,1719353.4910345522,10
-1157818.4786032226,1719353.4910345522,10
-1157355.165886695,1719353.4910345522,10
-1156891.8531701677,1719353.4910345522,10
-1156428.54045364,1719353.4910345522,10
-1155965.2277371127,1719353.4910345522,10
-1155501.915020585,1719353.4910345522,10
-1155038.6023040577,1719353.4910345522,10
-1154575.28958753,1719353.4910345522,10
-1154111.9768710027,1719353.4910345522,10
-1153648.664154475,1719353.4910345522,10
-1153185.3514379477,1719353.4910345522,10
-1152722.03872142,1719353.4910345522,10
-1152258.7260048925,1719353.4910345522,10
-1151795.4132883651,1719353.4910345522,10
-1151332.1005718375,1719353.4910345522,10
-1150868.7878553101,1719353.4910345522,10
-1150405.4751387825,1719353.4910345522,10
-1149942.1624222551,1719353.4910345522,10
-1149478.8497057275,1719353.4910345522,10
-1149015.5369892002,1719353.4910345522,10
-1148552.2242726726,1719353.4910345522,10
-1148088.9115561452,1719353.4910345522,10
-1147625.5988396176,1719353.4910345522,10
-1147162.2861230902,1719353.4910345522,10
-1146698.9734065626,1719353.4910345522,10
-1146235.6606900352,1719353.4910345522,10
-1145772.3479735076,1719353.4910345522,10
-1145309.03525698,1719353.4910345522,10
-1144845.7225404526,1719353.4910345522,10
-1144382.4098239252,1719353.4910345522,10
-1143919.0971073976,1719353.4910345522,10
-1143455.78439087,1719353.4910345522,10
-1142992.4716743426,1719353.4910345522,10
-1142529.158957815,1719353.4910345522,10
-1142065.8462412877,1719353.4910345522,10
-1141602.53352476,1719353.4910345522,10
-1141139.2208082327,1719353.4910345522,10
-1140675.908091705,1719353.4910345522,10
-1140212.5953751777,1719353.4910345522,10
-1139749.28265865,1719353.4910345522,10
-1139285.9699421227,1719353.4910345522,10
-1138822.657225595,1719353.4910345522,10
-1138359.3445090675,1719353.4910345522,10
-1137896.03179254,1719353.4910345522,10
-1137432.7190760127,1719353.4910345522,10
-1136969.4063594851,1719353.4910345522,10
-1136506.0936429575,1719353.4910345522,10
-1136042.7809264301,1719353.4910345522,10
-1135579.4682099025,1719353.4910345522,10
-1135116.1554933751,1719353.4910345522,10
-1207392.9392716652,1718890.1783180246,10
-1206929.6265551376,1718890.1783180246,10
-1206466.3138386102,1718890.1783180246,10
-1206003.0011220826,1718890.1783180246,10
-1205539.6884055552,1718890.1783180246,10
-1205076.3756890276,1718890.1783180246,10
-1204613.0629725,1718890.1783180246,10
-1204149.7502559726,1718890.1783180246,10
-1203686.4375394452,1718890.1783180246,10
-1203223.1248229176,1718890.1783180246,10
-1202759.81210639,1718890.1783180246,10
-1202296.4993898626,1718890.1783180246,10
-1201833.186673335,1718890.1783180246,10
-1201369.8739568077,1718890.1783180246,10
-1200906.56124028,1718890.1783180246,10
-1200443.2485237527,1718890.1783180246,10
-1199979.935807225,1718890.1783180246,10
-1199516.6230906977,1718890.1783180246,10
-1199053.31037417,1718890.1783180246,10
-1198589.9976576427,1718890.1783180246,10
-1198126.684941115,1718890.1783180246,10
-1197663.3722245875,1718890.1783180246,10
-1197200.05950806,1718890.1783180246,10
-1196736.7467915327,1718890.1783180246,10
-1196273.4340750051,1718890.1783180246,10
-1195810.1213584775,1718890.1783180246,10
-1195346.8086419501,1718890.1783180246,10
-1194883.4959254225,1718890.1783180246,10
-1194420.1832088951,1718890.1783180246,10
-1193956.8704923675,1718890.1783180246,10
-1193493.5577758402,1718890.1783180246,10
-1193030.2450593126,1718890.1783180246,10
-1192566.9323427852,1718890.1783180246,10
-1192103.6196262576,1718890.1783180246,10
-1191640.3069097302,1718890.1783180246,10
-1191176.9941932026,1718890.1783180246,10
-1190713.6814766752,1718890.1783180246,10
-1190250.3687601476,1718890.1783180246,10
-1189787.0560436202,1718890.1783180246,10
-1189323.7433270926,1718890.1783180246,10
-1188860.430610565,1718890.1783180246,10
-1188397.1178940376,1718890.1783180246,10
-1187933.80517751,1718890.1783180246,10
-1187470.4924609826,1718890.1783180246,10
-1187007.179744455,1718890.1783180246,10
-1186543.8670279277,1718890.1783180246,10
-1186080.5543114,1718890.1783180246,10
-1185617.2415948727,1718890.1783180246,10
-1185153.928878345,1718890.1783180246,10
-1184690.6161618177,1718890.1783180246,10
-1184227.30344529,1718890.1783180246,10
-1183763.9907287627,1718890.1783180246,10
-1183300.678012235,1718890.1783180246,10
-1182837.3652957077,1718890.1783180246,10
-1182374.05257918,1718890.1783180246,10
-1181910.7398626525,1718890.1783180246,10
-1181447.4271461251,1718890.1783180246,10
-1180984.1144295975,1718890.1783180246,10
-1180520.8017130701,1718890.1783180246,10
-1180057.4889965425,1718890.1783180246,10
-1179594.1762800151,1718890.1783180246,10
-1179130.8635634875,1718890.1783180246,10
-1178667.5508469602,1718890.1783180246,10
-1178204.2381304326,1718890.1783180246,10
-1177740.9254139052,1718890.1783180246,10
-1177277.6126973776,1718890.1783180246,10
-1176814.2999808502,1718890.1783180246,10
-1176350.9872643226,1718890.1783180246,10
-1175887.6745477952,1718890.1783180246,10
-1175424.3618312676,1718890.1783180246,10
-1174961.04911474,1718890.1783180246,10
-1174497.7363982126,1718890.1783180246,10
-1174034.4236816852,1718890.1783180246,10
-1173571.1109651576,1718890.1783180246,10
-1173107.79824863,1718890.1783180246,10
-1172644.4855321026,1718890.1783180246,10
-1172181.172815575,1718890.1783180246,10
-1171717.8600990477,1718890.1783180246,10
-1171254.54738252,1718890.1783180246,10
-1170791.2346659927,1718890.1783180246,10
-1170327.921949465,1718890.1783180246,10
-1169864.6092329377,1718890.1783180246,10
-1169401.29651641,1718890.1783180246,10
-1168937.9837998827,1718890.1783180246,10
-1168474.671083355,1718890.1783180246,10
-1168011.3583668275,1718890.1783180246,10
-1167548.0456503,1718890.1783180246,10
-1167084.7329337727,1718890.1783180246,10
-1166621.4202172451,1718890.1783180246,10
-1166158.1075007175,1718890.1783180246,10
-1165694.7947841901,1718890.1783180246,10
-1165231.4820676625,1718890.1783180246,10
-1164768.1693511351,1718890.1783180246,10
-1164304.8566346075,1718890.1783180246,10
-1163841.5439180802,1718890.1783180246,10
-1163378.2312015526,1718890.1783180246,10
-1162914.9184850252,1718890.1783180246,10
-1162451.6057684976,1718890.1783180246,10
-1161988.2930519702,1718890.1783180246,10
-1161524.9803354426,1718890.1783180246,10
-1161061.6676189152,1718890.1783180246,10
-1160598.3549023876,1718890.1783180246,10
-1160135.0421858602,1718890.1783180246,10
-1159671.7294693326,1718890.1783180246,10
-1159208.416752805,1718890.1783180246,10
-1158745.1040362776,1718890.1783180246,10
-1158281.79131975,1718890.1783180246,10
-1157818.4786032226,1718890.1783180246,10
-1157355.165886695,1718890.1783180246,10
-1156891.8531701677,1718890.1783180246,10
-1156428.54045364,1718890.1783180246,10
-1155965.2277371127,1718890.1783180246,10
-1155501.915020585,1718890.1783180246,10
-1155038.6023040577,1718890.1783180246,10
-1154575.28958753,1718890.1783180246,10
-1154111.9768710027,1718890.1783180246,10
-1153648.664154475,1718890.1783180246,10
-1153185.3514379477,1718890.1783180246,10
-1152722.03872142,1718890.1783180246,10
-1152258.7260048925,1718890.1783180246,10
-1151795.4132883651,1718890.1783180246,10
-1151332.1005718375,1718890.1783180246,10
-1150868.7878553101,1718890.1783180246,10
-1150405.4751387825,1718890.1783180246,10
-1149942.1624222551,1718890.1783180246,10
-1149478.8497057275,1718890.1783180246,10
-1149015.5369892002,1718890.1783180246,10
-1148552.2242726726,1718890.1783180246,10
-1148088.9115561452,1718890.1783180246,10
-1147625.5988396176,1718890.1783180246,10
-1147162.2861230902,1718890.1783180246,10
-1146698.9734065626,1718890.1783180246,10
-1146235.6606900352,1718890.1783180246,10
-1145772.3479735076,1718890.1783180246,10
-1145309.03525698,1718890.1783180246,10
-1144845.7225404526,1718890.1783180246,10
-1144382.4098239252,1718890.1783180246,10
-1143919.0971073976,1718890.1783180246,10
-1143455.78439087,1718890.1783180246,10
-1142992.4716743426,1718890.1783180246,10
-1142529.158957815,1718890.1783180246,10
-1142065.8462412877,1718890.1783180246,10
-1141602.53352476,1718890.1783180246,10
-1141139.2208082327,1718890.1783180246,10
-1140675.908091705,1718890.1783180246,10
-1140212.5953751777,1718890.1783180246,10
-1139749.28265865,1718890.1783180246,10
-1139285.9699421227,1718890.1783180246,10
-1138822.657225595,1718890.1783180246,10
-1138359.3445090675,1718890.1783180246,10
-1137896.03179254,1718890.1783180246,10
-1137432.7190760127,1718890.1783180246,10
-1136969.4063594851,1718890.1783180246,10
-1136506.0936429575,1718890.1783180246,10
-1136042.7809264301,1718890.1783180246,10
-1135579.4682099025,1718890.1783180246,10
-1135116.1554933751,1718890.1783180246,10
-1206929.6265551376,1718426.8656014972,10
-1206466.3138386102,1718426.8656014972,10
-1206003.0011220826,1718426.8656014972,10
-1205539.6884055552,1718426.8656014972,10
-1205076.3756890276,1718426.8656014972,10
-1204613.0629725,1718426.8656014972,10
-1204149.7502559726,1718426.8656014972,10
-1203686.4375394452,1718426.8656014972,10
-1203223.1248229176,1718426.8656014972,10
-1202759.81210639,1718426.8656014972,10
-1202296.4993898626,1718426.8656014972,10
-1201833.186673335,1718426.8656014972,10
-1201369.8739568077,1718426.8656014972,10
-1200906.56124028,1718426.8656014972,10
-1200443.2485237527,1718426.8656014972,10
-1199979.935807225,1718426.8656014972,10
-1199516.6230906977,1718426.8656014972,10
-1199053.31037417,1718426.8656014972,10
-1198589.9976576427,1718426.8656014972,10
-1198126.684941115,1718426.8656014972,10
-1197663.3722245875,1718426.8656014972,10
-1197200.05950806,1718426.8656014972,10
-1196736.7467915327,1718426.8656014972,10
-1196273.4340750051,1718426.8656014972,10
-1195810.1213584775,1718426.8656014972,10
-1195346.8086419501,1718426.8656014972,10
-1194883.4959254225,1718426.8656014972,10
-1194420.1832088951,1718426.8656014972,10
-1193956.8704923675,1718426.8656014972,10
-1193493.5577758402,1718426.8656014972,10
-1193030.2450593126,1718426.8656014972,10
-1192566.9323427852,1718426.8656014972,10
-1192103.6196262576,1718426.8656014972,10
-1191640.3069097302,1718426.8656014972,10
-1191176.9941932026,1718426.8656014972,10
-1190713.6814766752,1718426.8656014972,10
-1190250.3687601476,1718426.8656014972,10
-1189787.0560436202,1718426.8656014972,10
-1189323.7433270926,1718426.8656014972,10
-1188860.430610565,1718426.8656014972,10
-1188397.1178940376,1718426.8656014972,10
-1187933.80517751,1718426.8656014972,10
-1187470.4924609826,1718426.8656014972,10
-1187007.179744455,1718426.8656014972,10
-1186543.8670279277,1718426.8656014972,10
-1186080.5543114,1718426.8656014972,10
-1185617.2415948727,1718426.8656014972,10
-1185153.928878345,1718426.8656014972,10
-1184690.6161618177,1718426.8656014972,10
-1184227.30344529,1718426.8656014972,10
-1183763.9907287627,1718426.8656014972,10
-1183300.678012235,1718426.8656014972,10
-1182837.3652957077,1718426.8656014972,10
-1182374.05257918,1718426.8656014972,10
-1181910.7398626525,1718426.8656014972,10
-1181447.4271461251,1718426.8656014972,10
-1180984.1144295975,1718426.8656014972,10
-1180520.8017130701,1718426.8656014972,10
-1180057.4889965425,1718426.8656014972,10
-1179594.1762800151,1718426.8656014972,10
-1179130.8635634875,1718426.8656014972,10
-1178667.5508469602,1718426.8656014972,10
-1178204.2381304326,1718426.8656014972,10
-1177740.9254139052,1718426.8656014972,10
-1177277.6126973776,1718426.8656014972,10
-1176814.2999808502,1718426.8656014972,10
-1176350.9872643226,1718426.8656014972,10
-1175887.6745477952,1718426.8656014972,10
-1175424.3618312676,1718426.8656014972,10
-1174961.04911474,1718426.8656014972,10
-1174497.7363982126,1718426.8656014972,10
-1174034.4236816852,1718426.8656014972,10
-1173571.1109651576,1718426.8656014972,10
-1173107.79824863,1718426.8656014972,10
-1172644.4855321026,1718426.8656014972,10
-1172181.172815575,1718426.8656014972,10
-1171717.8600990477,1718426.8656014972,10
-1171254.54738252,1718426.8656014972,10
-1170791.2346659927,1718426.8656014972,10
-1170327.921949465,1718426.8656014972,10
-1169864.6092329377,1718426.8656014972,10
-1169401.29651641,1718426.8656014972,10
-1168937.9837998827,1718426.8656014972,10
-1168474.671083355,1718426.8656014972,10
-1168011.3583668275,1718426.8656014972,10
-1167548.0456503,1718426.8656014972,10
-1167084.7329337727,1718426.8656014972,10
-1166621.4202172451,1718426.8656014972,10
-1166158.1075007175,1718426.8656014972,10
-1165694.7947841901,1718426.8656014972,10
-1165231.4820676625,1718426.8656014972,10
-1164768.1693511351,1718426.8656014972,10
-1164304.8566346075,1718426.8656014972,10
-1163841.5439180802,1718426.8656014972,10
-1163378.2312015526,1718426.8656014972,10
-1162914.9184850252,1718426.8656014972,10
-1162451.6057684976,1718426.8656014972,10
-1161988.2930519702,1718426.8656014972,10
-1161524.9803354426,1718426.8656014972,10
-1161061.6676189152,1718426.8656014972,10
-1160598.3549023876,1718426.8656014972,10
-1160135.0421858602,1718426.8656014972,10
-1159671.7294693326,1718426.8656014972,10
-1159208.416752805,1718426.8656014972,10
-1158745.1040362776,1718426.8656014972,10
-1158281.79131975,1718426.8656014972,10
-1157818.4786032226,1718426.8656014972,10
-1157355.165886695,1718426.8656014972,10
-1156891.8531701677,1718426.8656014972,10
-1156428.54045364,1718426.8656014972,10
-1155965.2277371127,1718426.8656014972,10
-1155501.915020585,1718426.8656014972,10
-1155038.6023040577,1718426.8656014972,10
-1154575.28958753,1718426.8656014972,10
-1154111.9768710027,1718426.8656014972,10
-1153648.664154475,1718426.8656014972,10
-1153185.3514379477,1718426.8656014972,10
-1152722.03872142,1718426.8656014972,10
-1152258.7260048925,1718426.8656014972,10
-1151795.4132883651,1718426.8656014972,10
-1151332.1005718375,1718426.8656014972,10
-1150868.7878553101,1718426.8656014972,10
-1150405.4751387825,1718426.8656014972,10
-1149942.1624222551,1718426.8656014972,10
-1149478.8497057275,1718426.8656014972,10
-1149015.5369892002,1718426.8656014972,10
-1148552.2242726726,1718426.8656014972,10
-1148088.9115561452,1718426.8656014972,10
-1147625.5988396176,1718426.8656014972,10
-1147162.2861230902,1718426.8656014972,10
-1146698.9734065626,1718426.8656014972,10
-1146235.6606900352,1718426.8656014972,10
-1145772.3479735076,1718426.8656014972,10
-1145309.03525698,1718426.8656014972,10
-1144845.7225404526,1718426.8656014972,10
-1144382.4098239252,1718426.8656014972,10
-1143919.0971073976,1718426.8656014972,10
-1143455.78439087,1718426.8656014972,10
-1142992.4716743426,1718426.8656014972,10
-1142529.158957815,1718426.8656014972,10
-1142065.8462412877,1718426.8656014972,10
-1141602.53352476,1718426.8656014972,10
-1141139.2208082327,1718426.8656014972,10
-1140675.908091705,1718426.8656014972,10
-1140212.5953751777,1718426.8656014972,10
-1139749.28265865,1718426.8656014972,10
-1139285.9699421227,1718426.8656014972,10
-1138822.657225595,1718426.8656014972,10
-1138359.3445090675,1718426.8656014972,10
-1137896.03179254,1718426.8656014972,10
-1137432.7190760127,1718426.8656014972,10
-1136969.4063594851,1718426.8656014972,10
-1136506.0936429575,1718426.8656014972,10
-1136042.7809264301,1718426.8656014972,10
-1135579.4682099025,1718426.8656014972,10
-1135116.1554933751,1718426.8656014972,10
-1206466.3138386102,1717963.5528849696,10
-1206003.0011220826,1717963.5528849696,10
-1205539.6884055552,1717963.5528849696,10
-1205076.3756890276,1717963.5528849696,10
-1204613.0629725,1717963.5528849696,10
-1204149.7502559726,1717963.5528849696,10
-1203686.4375394452,1717963.5528849696,10
-1203223.1248229176,1717963.5528849696,10
-1202759.81210639,1717963.5528849696,10
-1202296.4993898626,1717963.5528849696,10
-1201833.186673335,1717963.5528849696,10
-1201369.8739568077,1717963.5528849696,10
-1200906.56124028,1717963.5528849696,10
-1200443.2485237527,1717963.5528849696,10
-1199979.935807225,1717963.5528849696,10
-1199516.6230906977,1717963.5528849696,10
-1199053.31037417,1717963.5528849696,10
-1198589.9976576427,1717963.5528849696,10
-1198126.684941115,1717963.5528849696,10
-1197663.3722245875,1717963.5528849696,10
-1197200.05950806,1717963.5528849696,10
-1196736.7467915327,1717963.5528849696,10
-1196273.4340750051,1717963.5528849696,10
-1195810.1213584775,1717963.5528849696,10
-1195346.8086419501,1717963.5528849696,10
-1194883.4959254225,1717963.5528849696,10
-1194420.1832088951,1717963.5528849696,10
-1193956.8704923675,1717963.5528849696,10
-1193493.5577758402,1717963.5528849696,10
-1193030.2450593126,1717963.5528849696,10
-1192566.9323427852,1717963.5528849696,10
-1192103.6196262576,1717963.5528849696,10
-1191640.3069097302,1717963.5528849696,10
-1191176.9941932026,1717963.5528849696,10
-1190713.6814766752,1717963.5528849696,10
-1190250.3687601476,1717963.5528849696,10
-1189787.0560436202,1717963.5528849696,10
-1189323.7433270926,1717963.5528849696,10
-1188860.430610565,1717963.5528849696,10
-1188397.1178940376,1717963.5528849696,10
-1187933.80517751,1717963.5528849696,10
-1187470.4924609826,1717963.5528849696,10
-1187007.179744455,1717963.5528849696,10
-1186543.8670279277,1717963.5528849696,10
-1186080.5543114,1717963.5528849696,10
-1185617.2415948727,1717963.5528849696,10
-1185153.928878345,1717963.5528849696,10
-1184690.6161618177,1717963.5528849696,10
-1184227.30344529,1717963.5528849696,10
-1183763.9907287627,1717963.5528849696,10
-1183300.678012235,1717963.5528849696,10
-1182837.3652957077,1717963.5528849696,10
-1182374.05257918,1717963.5528849696,10
-1181910.7398626525,1717963.5528849696,10
-1181447.4271461251,1717963.5528849696,10
-1180984.1144295975,1717963.5528849696,10
-1180520.8017130701,1717963.5528849696,10
-1180057.4889965425,1717963.5528849696,10
-1179594.1762800151,1717963.5528849696,10
-1179130.8635634875,1717963.5528849696,10
-1178667.5508469602,1717963.5528849696,10
-1178204.2381304326,1717963.5528849696,10
-1177740.9254139052,1717963.5528849696,10
-1177277.6126973776,1717963.5528849696,10
-1176814.2999808502,1717963.5528849696,10
-1176350.9872643226,1717963.5528849696,10
-1175887.6745477952,1717963.5528849696,10
-1175424.3618312676,1717963.5528849696,10
-1174961.04911474,1717963.5528849696,10
-1174497.7363982126,1717963.5528849696,10
-1174034.4236816852,1717963.5528849696,10
-1173571.1109651576,1717963.5528849696,10
-1173107.79824863,1717963.5528849696,10
-1172644.4855321026,1717963.5528849696,10
-1172181.172815575,1717963.5528849696,10
-1171717.8600990477,1717963.5528849696,10
-1171254.54738252,1717963.5528849696,10
-1170791.2346659927,1717963.5528849696,10
-1170327.921949465,1717963.5528849696,10
-1169864.6092329377,1717963.5528849696,10
-1169401.29651641,1717963.5528849696,10
-1168937.9837998827,1717963.5528849696,10
-1168474.671083355,1717963.5528849696,10
-1168011.3583668275,1717963.5528849696,10
-1167548.0456503,1717963.5528849696,10
-1167084.7329337727,1717963.5528849696,10
-1166621.4202172451,1717963.5528849696,10
-1166158.1075007175,1717963.5528849696,10
-1165694.7947841901,1717963.5528849696,10
-1165231.4820676625,1717963.5528849696,10
-1164768.1693511351,1717963.5528849696,10
-1164304.8566346075,1717963.5528849696,10
-1163841.5439180802,1717963.5528849696,10
-1163378.2312015526,1717963.5528849696,10
-1162914.9184850252,1717963.5528849696,10
-1162451.6057684976,1717963.5528849696,10
-1161988.2930519702,1717963.5528849696,10
-1161524.9803354426,1717963.5528849696,10
-1161061.6676189152,1717963.5528849696,10
-1160598.3549023876,1717963.5528849696,10
-1160135.0421858602,1717963.5528849696,10
-1159671.7294693326,1717963.5528849696,10
-1159208.416752805,1717963.5528849696,10
-1158745.1040362776,1717963.5528849696,10
-1158281.79131975,1717963.5528849696,10
-1157818.4786032226,1717963.5528849696,10
-1157355.165886695,1717963.5528849696,10
-1156891.8531701677,1717963.5528849696,10
-1156428.54045364,1717963.5528849696,10
-1155965.2277371127,1717963.5528849696,10
-1155501.915020585,1717963.5528849696,10
-1155038.6023040577,1717963.5528849696,10
-1154575.28958753,1717963.5528849696,10
-1154111.9768710027,1717963.5528849696,10
-1153648.664154475,1717963.5528849696,10
-1153185.3514379477,1717963.5528849696,10
-1152722.03872142,1717963.5528849696,10
-1152258.7260048925,1717963.5528849696,10
-1151795.4132883651,1717963.5528849696,10
-1151332.1005718375,1717963.5528849696,10
-1150868.7878553101,1717963.5528849696,10
-1150405.4751387825,1717963.5528849696,10
-1149942.1624222551,1717963.5528849696,10
-1149478.8497057275,1717963.5528849696,10
-1149015.5369892002,1717963.5528849696,10
-1148552.2242726726,1717963.5528849696,10
-1148088.9115561452,1717963.5528849696,10
-1147625.5988396176,1717963.5528849696,10
-1147162.2861230902,1717963.5528849696,10
-1146698.9734065626,1717963.5528849696,10
-1146235.6606900352,1717963.5528849696,10
-1145772.3479735076,1717963.5528849696,10
-1145309.03525698,1717963.5528849696,10
-1144845.7225404526,1717963.5528849696,10
-1144382.4098239252,1717963.5528849696,10
-1143919.0971073976,1717963.5528849696,10
-1143455.78439087,1717963.5528849696,10
-1142992.4716743426,1717963.5528849696,10
-1142529.158957815,1717963.5528849696,10
-1142065.8462412877,1717963.5528849696,10
-1141602.53352476,1717963.5528849696,10
-1141139.2208082327,1717963.5528849696,10
-1140675.908091705,1717963.5528849696,10
-1140212.5953751777,1717963.5528849696,10
-1139749.28265865,1717963.5528849696,10
-1139285.9699421227,1717963.5528849696,10
-1138822.657225595,1717963.5528849696,10
-1138359.3445090675,1717963.5528849696,10
-1137896.03179254,1717963.5528849696,10
-1137432.7190760127,1717963.5528849696,10
-1136969.4063594851,1717963.5528849696,10
-1136506.0936429575,1717963.5528849696,10
-1136042.7809264301,1717963.5528849696,10
-1135579.4682099025,1717963.5528849696,10
-1135116.1554933751,1717963.5528849696,10
-1206003.0011220826,1717500.2401684423,10
-1205539.6884055552,1717500.2401684423,10
-1205076.3756890276,1717500.2401684423,10
-1204613.0629725,1717500.2401684423,10
-1204149.7502559726,1717500.2401684423,10
-1203686.4375394452,1717500.2401684423,10
-1203223.1248229176,1717500.2401684423,10
-1202759.81210639,1717500.2401684423,10
-1202296.4993898626,1717500.2401684423,10
-1201833.186673335,1717500.2401684423,10
-1201369.8739568077,1717500.2401684423,10
-1200906.56124028,1717500.2401684423,10
-1200443.2485237527,1717500.2401684423,10
-1199979.935807225,1717500.2401684423,10
-1199516.6230906977,1717500.2401684423,10
-1199053.31037417,1717500.2401684423,10
-1198589.9976576427,1717500.2401684423,10
-1198126.684941115,1717500.2401684423,10
-1197663.3722245875,1717500.2401684423,10
-1197200.05950806,1717500.2401684423,10
-1196736.7467915327,1717500.2401684423,10
-1196273.4340750051,1717500.2401684423,10
-1195810.1213584775,1717500.2401684423,10
-1195346.8086419501,1717500.2401684423,10
-1194883.4959254225,1717500.2401684423,10
-1194420.1832088951,1717500.2401684423,10
-1193956.8704923675,1717500.2401684423,10
-1193493.5577758402,1717500.2401684423,10
-1193030.2450593126,1717500.2401684423,10
-1192566.9323427852,1717500.2401684423,10
-1192103.6196262576,1717500.2401684423,10
-1191640.3069097302,1717500.2401684423,10
-1191176.9941932026,1717500.2401684423,10
-1190713.6814766752,1717500.2401684423,10
-1190250.3687601476,1717500.2401684423,10
-1189787.0560436202,1717500.2401684423,10
-1189323.7433270926,1717500.2401684423,10
-1188860.430610565,1717500.2401684423,10
-1188397.1178940376,1717500.2401684423,10
-1187933.80517751,1717500.2401684423,10
-1187470.4924609826,1717500.2401684423,10
-1187007.179744455,1717500.2401684423,10
-1186543.8670279277,1717500.2401684423,10
-1186080.5543114,1717500.2401684423,10
-1185617.2415948727,1717500.2401684423,10
-1185153.928878345,1717500.2401684423,10
-1184690.6161618177,1717500.2401684423,10
-1184227.30344529,1717500.2401684423,10
-1183763.9907287627,1717500.2401684423,10
-1183300.678012235,1717500.2401684423,10
-1182837.3652957077,1717500.2401684423,10
-1182374.05257918,1717500.2401684423,10
-1181910.7398626525,1717500.2401684423,10
-1181447.4271461251,1717500.2401684423,10
-1180984.1144295975,1717500.2401684423,10
-1180520.8017130701,1717500.2401684423,10
-1180057.4889965425,1717500.2401684423,10
-1179594.1762800151,1717500.2401684423,10
-1179130.8635634875,1717500.2401684423,10
-1178667.5508469602,1717500.2401684423,10
-1178204.2381304326,1717500.2401684423,10
-1177740.9254139052,1717500.2401684423,10
-1177277.6126973776,1717500.2401684423,10
-1176814.2999808502,1717500.2401684423,10
-1176350.9872643226,1717500.2401684423,10
-1175887.6745477952,1717500.2401684423,10
-1175424.3618312676,1717500.2401684423,10
-1174961.04911474,1717500.2401684423,10
-1174497.7363982126,1717500.2401684423,10
-1174034.4236816852,1717500.2401684423,10
-1173571.1109651576,1717500.2401684423,10
-1173107.79824863,1717500.2401684423,10
-1172644.4855321026,1717500.2401684423,10
-1172181.172815575,1717500.2401684423,10
-1171717.8600990477,1717500.2401684423,10
-1171254.54738252,1717500.2401684423,10
-1170791.2346659927,1717500.2401684423,10
-1170327.921949465,1717500.2401684423,10
-1169864.6092329377,1717500.2401684423,10
-1169401.29651641,1717500.2401684423,10
-1168937.9837998827,1717500.2401684423,10
-1168474.671083355,1717500.2401684423,10
-1168011.3583668275,1717500.2401684423,10
-1167548.0456503,1717500.2401684423,10
-1167084.7329337727,1717500.2401684423,10
-1166621.4202172451,1717500.2401684423,10
-1166158.1075007175,1717500.2401684423,10
-1165694.7947841901,1717500.2401684423,10
-1165231.4820676625,1717500.2401684423,10
-1164768.1693511351,1717500.2401684423,10
-1164304.8566346075,1717500.2401684423,10
-1163841.5439180802,1717500.2401684423,10
-1163378.2312015526,1717500.2401684423,10
-1162914.9184850252,1717500.2401684423,10
-1162451.6057684976,1717500.2401684423,10
-1161988.2930519702,1717500.2401684423,10
-1161524.9803354426,1717500.2401684423,10
-1161061.6676189152,1717500.2401684423,10
-1160598.3549023876,1717500.2401684423,10
-1160135.0421858602,1717500.2401684423,10
-1159671.7294693326,1717500.2401684423,10
-1159208.416752805,1717500.2401684423,10
-1158745.1040362776,1717500.2401684423,10
-1158281.79131975,1717500.2401684423,10
-1157818.4786032226,1717500.2401684423,10
-1157355.165886695,1717500.2401684423,10
-1156891.8531701677,1717500.2401684423,10
-1156428.54045364,1717500.2401684423,10
-1155965.2277371127,1717500.2401684423,10
-1155501.915020585,1717500.2401684423,10
-1155038.6023040577,1717500.2401684423,10
-1154575.28958753,1717500.2401684423,10
-1154111.9768710027,1717500.2401684423,10
-1153648.664154475,1717500.2401684423,10
-1153185.3514379477,1717500.2401684423,10
-1152722.03872142,1717500.2401684423,10
-1152258.7260048925,1717500.2401684423,10
-1151795.4132883651,1717500.2401684423,10
-1151332.1005718375,1717500.2401684423,10
-1150868.7878553101,1717500.2401684423,10
-1150405.4751387825,1717500.2401684423,10
-1149942.1624222551,1717500.2401684423,10
-1149478.8497057275,1717500.2401684423,10
-1149015.5369892002,1717500.2401684423,10
-1148552.2242726726,1717500.2401684423,10
-1148088.9115561452,1717500.2401684423,10
-1147625.5988396176,1717500.2401684423,10
-1147162.2861230902,1717500.2401684423,10
-1146698.9734065626,1717500.2401684423,10
-1146235.6606900352,1717500.2401684423,10
-1145772.3479735076,1717500.2401684423,10
-1145309.03525698,1717500.2401684423,10
-1144845.7225404526,1717500.2401684423,10
-1144382.4098239252,1717500.2401684423,10
-1143919.0971073976,1717500.2401684423,10
-1143455.78439087,1717500.2401684423,10
-1142992.4716743426,1717500.2401684423,10
-1142529.158957815,1717500.2401684423,10
-1142065.8462412877,1717500.2401684423,10
-1141602.53352476,1717500.2401684423,10
-1141139.2208082327,1717500.2401684423,10
-1140675.908091705,1717500.2401684423,10
-1140212.5953751777,1717500.2401684423,10
-1139749.28265865,1717500.2401684423,10
-1139285.9699421227,1717500.2401684423,10
-1138822.657225595,1717500.2401684423,10
-1138359.3445090675,1717500.2401684423,10
-1137896.03179254,1717500.2401684423,10
-1137432.7190760127,1717500.2401684423,10
-1136969.4063594851,1717500.2401684423,10
-1136506.0936429575,1717500.2401684423,10
-1136042.7809264301,1717500.2401684423,10
-1135579.4682099025,1717500.2401684423,10
-1135116.1554933751,1717500.2401684423,10
-1205539.6884055552,1717036.9274519146,10
-1205076.3756890276,1717036.9274519146,10
-1204613.0629725,1717036.9274519146,10
-1204149.7502559726,1717036.9274519146,10
-1203686.4375394452,1717036.9274519146,10
-1203223.1248229176,1717036.9274519146,10
-1202759.81210639,1717036.9274519146,10
-1202296.4993898626,1717036.9274519146,10
-1201833.186673335,1717036.9274519146,10
-1201369.8739568077,1717036.9274519146,10
-1200906.56124028,1717036.9274519146,10
-1200443.2485237527,1717036.9274519146,10
-1199979.935807225,1717036.9274519146,10
-1199516.6230906977,1717036.9274519146,10
-1199053.31037417,1717036.9274519146,10
-1198589.9976576427,1717036.9274519146,10
-1198126.684941115,1717036.9274519146,10
-1197663.3722245875,1717036.9274519146,10
-1197200.05950806,1717036.9274519146,10
-1196736.7467915327,1717036.9274519146,10
-1196273.4340750051,1717036.9274519146,10
-1195810.1213584775,1717036.9274519146,10
-1195346.8086419501,1717036.9274519146,10
-1194883.4959254225,1717036.9274519146,10
-1194420.1832088951,1717036.9274519146,10
-1193956.8704923675,1717036.9274519146,10
-1193493.5577758402,1717036.9274519146,10
-1193030.2450593126,1717036.9274519146,10
-1192566.9323427852,1717036.9274519146,10
-1192103.6196262576,1717036.9274519146,10
-1191640.3069097302,1717036.9274519146,10
-1191176.9941932026,1717036.9274519146,10
-1190713.6814766752,1717036.9274519146,10
-1190250.3687601476,1717036.9274519146,10
-1189787.0560436202,1717036.9274519146,10
-1189323.7433270926,1717036.9274519146,10
-1188860.430610565,1717036.9274519146,10
-1188397.1178940376,1717036.9274519146,10
-1187933.80517751,1717036.9274519146,10
-1187470.4924609826,1717036.9274519146,10
-1187007.179744455,1717036.9274519146,10
-1186543.8670279277,1717036.9274519146,10
-1186080.5543114,1717036.9274519146,10
-1185617.2415948727,1717036.9274519146,10
-1185153.928878345,1717036.9274519146,10
-1184690.6161618177,1717036.9274519146,10
-1184227.30344529,1717036.9274519146,10
-1183763.9907287627,1717036.9274519146,10
-1183300.678012235,1717036.9274519146,10
-1182837.3652957077,1717036.9274519146,10
-1182374.05257918,1717036.9274519146,10
-1181910.7398626525,1717036.9274519146,10
-1181447.4271461251,1717036.9274519146,10
-1180984.1144295975,1717036.9274519146,10
-1180520.8017130701,1717036.9274519146,10
-1180057.4889965425,1717036.9274519146,10
-1179594.1762800151,1717036.9274519146,10
-1179130.8635634875,1717036.9274519146,10
-1178667.5508469602,1717036.9274519146,10
-1178204.2381304326,1717036.9274519146,10
-1177740.9254139052,1717036.9274519146,10
-1177277.6126973776,1717036.9274519146,10
-1176814.2999808502,1717036.9274519146,10
-1176350.9872643226,1717036.9274519146,10
-1175887.6745477952,1717036.9274519146,10
-1175424.3618312676,1717036.9274519146,10
-1174961.04911474,1717036.9274519146,10
-1174497.7363982126,1717036.9274519146,10
-1174034.4236816852,1717036.9274519146,10
-1173571.1109651576,1717036.9274519146,10
-1173107.79824863,1717036.9274519146,10
-1172644.4855321026,1717036.9274519146,10
-1172181.172815575,1717036.9274519146,10
-1171717.8600990477,1717036.9274519146,10
-1171254.54738252,1717036.9274519146,10
-1170791.2346659927,1717036.9274519146,10
-1170327.921949465,1717036.9274519146,10
-1169864.6092329377,1717036.9274519146,10
-1169401.29651641,1717036.9274519146,10
-1168937.9837998827,1717036.9274519146,10
-1168474.671083355,1717036.9274519146,10
-1168011.3583668275,1717036.9274519146,10
-1167548.0456503,1717036.9274519146,10
-1167084.7329337727,1717036.9274519146,10
-1166621.4202172451,1717036.9274519146,10
-1166158.1075007175,1717036.9274519146,10
-1165694.7947841901,1717036.9274519146,10
-1165231.4820676625,1717036.9274519146,10
-1164768.1693511351,1717036.9274519146,10
-1164304.8566346075,1717036.9274519146,10
-1163841.5439180802,1717036.9274519146,10
-1163378.2312015526,1717036.9274519146,10
-1162914.9184850252,1717036.9274519146,10
-1162451.6057684976,1717036.9274519146,10
-1161988.2930519702,1717036.9274519146,10
-1161524.9803354426,1717036.9274519146,10
-1161061.6676189152,1717036.9274519146,10
-1160598.3549023876,1717036.9274519146,10
-1160135.0421858602,1717036.9274519146,10
-1159671.7294693326,1717036.9274519146,10
-1159208.416752805,1717036.9274519146,10
-1158745.1040362776,1717036.9274519146,10
-1158281.79131975,1717036.9274519146,10
-1157818.4786032226,1717036.9274519146,10
-1157355.165886695,1717036.9274519146,10
-1156891.8531701677,1717036.9274519146,10
-1156428.54045364,1717036.9274519146,10
-1155965.2277371127,1717036.9274519146,10
-1155501.915020585,1717036.9274519146,10
-1155038.6023040577,1717036.9274519146,10
-1154575.28958753,1717036.9274519146,10
-1154111.9768710027,1717036.9274519146,10
-1153648.664154475,1717036.9274519146,10
-1153185.3514379477,1717036.9274519146,10
-1152722.03872142,1717036.9274519146,10
-1152258.7260048925,1717036.9274519146,10
-1151795.4132883651,1717036.9274519146,10
-1151332.1005718375,1717036.9274519146,10
-1150868.7878553101,1717036.9274519146,10
-1150405.4751387825,1717036.9274519146,10
-1149942.1624222551,1717036.9274519146,10
-1149478.8497057275,1717036.9274519146,10
-1149015.5369892002,1717036.9274519146,10
-1148552.2242726726,1717036.9274519146,10
-1148088.9115561452,1717036.9274519146,10
-1147625.5988396176,1717036.9274519146,10
-1147162.2861230902,1717036.9274519146,10
-1146698.9734065626,1717036.9274519146,10
-1146235.6606900352,1717036.9274519146,10
-1145772.3479735076,1717036.9274519146,10
-1145309.03525698,1717036.9274519146,10
-1144845.7225404526,1717036.9274519146,10
-1144382.4098239252,1717036.9274519146,10
-1143919.0971073976,1717036.9274519146,10
-1143455.78439087,1717036.9274519146,10
-1142992.4716743426,1717036.9274519146,10
-1142529.158957815,1717036.9274519146,10
-1142065.8462412877,1717036.9274519146,10
-1141602.53352476,1717036.9274519146,10
-1141139.2208082327,1717036.9274519146,10
-1140675.908091705,1717036.9274519146,10
-1140212.5953751777,1717036.9274519146,10
-1139749.28265865,1717036.9274519146,10
-1139285.9699421227,1717036.9274519146,10
-1138822.657225595,1717036.9274519146,10
-1138359.3445090675,1717036.9274519146,10
-1137896.03179254,1717036.9274519146,10
-1137432.7190760127,1717036.9274519146,10
-1136969.4063594851,1717036.9274519146,10
-1136506.0936429575,1717036.9274519146,10
-1136042.7809264301,1717036.9274519146,10
-1135579.4682099025,1717036.9274519146,10
-1135116.1554933751,1717036.9274519146,10
-1134652.8427768475,1717036.9274519146,10
-1205076.3756890276,1716573.6147353873,10
-1204613.0629725,1716573.6147353873,10
-1204149.7502559726,1716573.6147353873,10
-1203686.4375394452,1716573.6147353873,10
-1203223.1248229176,1716573.6147353873,10
-1202759.81210639,1716573.6147353873,10
-1202296.4993898626,1716573.6147353873,10
-1201833.186673335,1716573.6147353873,10
-1201369.8739568077,1716573.6147353873,10
-1200906.56124028,1716573.6147353873,10
-1200443.2485237527,1716573.6147353873,10
-1199979.935807225,1716573.6147353873,10
-1199516.6230906977,1716573.6147353873,10
-1199053.31037417,1716573.6147353873,10
-1198589.9976576427,1716573.6147353873,10
-1198126.684941115,1716573.6147353873,10
-1197663.3722245875,1716573.6147353873,10
-1197200.05950806,1716573.6147353873,10
-1196736.7467915327,1716573.6147353873,10
-1196273.4340750051,1716573.6147353873,10
-1195810.1213584775,1716573.6147353873,10
-1195346.8086419501,1716573.6147353873,10
-1194883.4959254225,1716573.6147353873,10
-1194420.1832088951,1716573.6147353873,10
-1193956.8704923675,1716573.6147353873,10
-1193493.5577758402,1716573.6147353873,10
-1193030.2450593126,1716573.6147353873,10
-1192566.9323427852,1716573.6147353873,10
-1192103.6196262576,1716573.6147353873,10
-1191640.3069097302,1716573.6147353873,10
-1191176.9941932026,1716573.6147353873,10
-1190713.6814766752,1716573.6147353873,10
-1190250.3687601476,1716573.6147353873,10
-1189787.0560436202,1716573.6147353873,10
-1189323.7433270926,1716573.6147353873,10
-1188860.430610565,1716573.6147353873,10
-1188397.1178940376,1716573.6147353873,10
-1187933.80517751,1716573.6147353873,10
-1187470.4924609826,1716573.6147353873,10
-1187007.179744455,1716573.6147353873,10
-1186543.8670279277,1716573.6147353873,10
-1186080.5543114,1716573.6147353873,10
-1185617.2415948727,1716573.6147353873,10
-1185153.928878345,1716573.6147353873,10
-1184690.6161618177,1716573.6147353873,10
-1184227.30344529,1716573.6147353873,10
-1183763.9907287627,1716573.6147353873,10
-1183300.678012235,1716573.6147353873,10
-1182837.3652957077,1716573.6147353873,10
-1182374.05257918,1716573.6147353873,10
-1181910.7398626525,1716573.6147353873,10
-1181447.4271461251,1716573.6147353873,10
-1180984.1144295975,1716573.6147353873,10
-1180520.8017130701,1716573.6147353873,10
-1180057.4889965425,1716573.6147353873,10
-1179594.1762800151,1716573.6147353873,10
-1179130.8635634875,1716573.6147353873,10
-1178667.5508469602,1716573.6147353873,10
-1178204.2381304326,1716573.6147353873,10
-1177740.9254139052,1716573.6147353873,10
-1177277.6126973776,1716573.6147353873,10
-1176814.2999808502,1716573.6147353873,10
-1176350.9872643226,1716573.6147353873,10
-1175887.6745477952,1716573.6147353873,10
-1175424.3618312676,1716573.6147353873,10
-1174961.04911474,1716573.6147353873,10
-1174497.7363982126,1716573.6147353873,10
-1174034.4236816852,1716573.6147353873,10
-1173571.1109651576,1716573.6147353873,10
-1173107.79824863,1716573.6147353873,10
-1172644.4855321026,1716573.6147353873,10
-1172181.172815575,1716573.6147353873,10
-1171717.8600990477,1716573.6147353873,10
-1171254.54738252,1716573.6147353873,10
-1170791.2346659927,1716573.6147353873,10
-1170327.921949465,1716573.6147353873,10
-1169864.6092329377,1716573.6147353873,10
-1169401.29651641,1716573.6147353873,10
-1168937.9837998827,1716573.6147353873,10
-1168474.671083355,1716573.6147353873,10
-1168011.3583668275,1716573.6147353873,10
-1167548.0456503,1716573.6147353873,10
-1167084.7329337727,1716573.6147353873,10
-1166621.4202172451,1716573.6147353873,10
-1166158.1075007175,1716573.6147353873,10
-1165694.7947841901,1716573.6147353873,10
-1165231.4820676625,1716573.6147353873,10
-1164768.1693511351,1716573.6147353873,10
-1164304.8566346075,1716573.6147353873,10
-1163841.5439180802,1716573.6147353873,10
-1163378.2312015526,1716573.6147353873,10
-1162914.9184850252,1716573.6147353873,10
-1162451.6057684976,1716573.6147353873,10
-1161988.2930519702,1716573.6147353873,10
-1161524.9803354426,1716573.6147353873,10
-1161061.6676189152,1716573.6147353873,10
-1160598.3549023876,1716573.6147353873,10
-1160135.0421858602,1716573.6147353873,10
-1159671.7294693326,1716573.6147353873,10
-1159208.416752805,1716573.6147353873,10
-1158745.1040362776,1716573.6147353873,10
-1158281.79131975,1716573.6147353873,10
-1157818.4786032226,1716573.6147353873,10
-1157355.165886695,1716573.6147353873,10
-1156891.8531701677,1716573.6147353873,10
-1156428.54045364,1716573.6147353873,10
-1155965.2277371127,1716573.6147353873,10
-1155501.915020585,1716573.6147353873,10
-1155038.6023040577,1716573.6147353873,10
-1154575.28958753,1716573.6147353873,10
-1154111.9768710027,1716573.6147353873,10
-1153648.664154475,1716573.6147353873,10
-1153185.3514379477,1716573.6147353873,10
-1152722.03872142,1716573.6147353873,10
-1152258.7260048925,1716573.6147353873,10
-1151795.4132883651,1716573.6147353873,10
-1151332.1005718375,1716573.6147353873,10
-1150868.7878553101,1716573.6147353873,10
-1150405.4751387825,1716573.6147353873,10
-1149942.1624222551,1716573.6147353873,10
-1149478.8497057275,1716573.6147353873,10
-1149015.5369892002,1716573.6147353873,10
-1148552.2242726726,1716573.6147353873,10
-1148088.9115561452,1716573.6147353873,10
-1147625.5988396176,1716573.6147353873,10
-1147162.2861230902,1716573.6147353873,10
-1146698.9734065626,1716573.6147353873,10
-1146235.6606900352,1716573.6147353873,10
-1145772.3479735076,1716573.6147353873,10
-1145309.03525698,1716573.6147353873,10
-1144845.7225404526,1716573.6147353873,10
-1144382.4098239252,1716573.6147353873,10
-1143919.0971073976,1716573.6147353873,10
-1143455.78439087,1716573.6147353873,10
-1142992.4716743426,1716573.6147353873,10
-1142529.158957815,1716573.6147353873,10
-1142065.8462412877,1716573.6147353873,10
-1141602.53352476,1716573.6147353873,10
-1141139.2208082327,1716573.6147353873,10
-1140675.908091705,1716573.6147353873,10
-1140212.5953751777,1716573.6147353873,10
-1139749.28265865,1716573.6147353873,10
-1139285.9699421227,1716573.6147353873,10
-1138822.657225595,1716573.6147353873,10
-1138359.3445090675,1716573.6147353873,10
-1137896.03179254,1716573.6147353873,10
-1137432.7190760127,1716573.6147353873,10
-1136969.4063594851,1716573.6147353873,10
-1136506.0936429575,1716573.6147353873,10
-1136042.7809264301,1716573.6147353873,10
-1135579.4682099025,1716573.6147353873,10
-1135116.1554933751,1716573.6147353873,10
-1134652.8427768475,1716573.6147353873,10
-1204613.0629725,1716110.3020188597,10
-1204149.7502559726,1716110.3020188597,10
-1203686.4375394452,1716110.3020188597,10
-1203223.1248229176,1716110.3020188597,10
-1202759.81210639,1716110.3020188597,10
-1202296.4993898626,1716110.3020188597,10
-1201833.186673335,1716110.3020188597,10
-1201369.8739568077,1716110.3020188597,10
-1200906.56124028,1716110.3020188597,10
-1200443.2485237527,1716110.3020188597,10
-1199979.935807225,1716110.3020188597,10
-1199516.6230906977,1716110.3020188597,10
-1199053.31037417,1716110.3020188597,10
-1198589.9976576427,1716110.3020188597,10
-1198126.684941115,1716110.3020188597,10
-1197663.3722245875,1716110.3020188597,10
-1197200.05950806,1716110.3020188597,10
-1196736.7467915327,1716110.3020188597,10
-1196273.4340750051,1716110.3020188597,10
-1195810.1213584775,1716110.3020188597,10
-1195346.8086419501,1716110.3020188597,10
-1194883.4959254225,1716110.3020188597,10
-1194420.1832088951,1716110.3020188597,10
-1193956.8704923675,1716110.3020188597,10
-1193493.5577758402,1716110.3020188597,10
-1193030.2450593126,1716110.3020188597,10
-1192566.9323427852,1716110.3020188597,10
-1192103.6196262576,1716110.3020188597,10
-1191640.3069097302,1716110.3020188597,10
-1191176.9941932026,1716110.3020188597,10
-1190713.6814766752,1716110.3020188597,10
-1190250.3687601476,1716110.3020188597,10
-1189787.0560436202,1716110.3020188597,10
-1189323.7433270926,1716110.3020188597,10
-1188860.430610565,1716110.3020188597,10
-1188397.1178940376,1716110.3020188597,10
-1187933.80517751,1716110.3020188597,10
-1187470.4924609826,1716110.3020188597,10
-1187007.179744455,1716110.3020188597,10
-1186543.8670279277,1716110.3020188597,10
-1186080.5543114,1716110.3020188597,10
-1185617.2415948727,1716110.3020188597,10
-1185153.928878345,1716110.3020188597,10
-1184690.6161618177,1716110.3020188597,10
-1184227.30344529,1716110.3020188597,10
-1183763.9907287627,1716110.3020188597,10
-1183300.678012235,1716110.3020188597,10
-1182837.3652957077,1716110.3020188597,10
-1182374.05257918,1716110.3020188597,10
-1181910.7398626525,1716110.3020188597,10
-1181447.4271461251,1716110.3020188597,10
-1180984.1144295975,1716110.3020188597,10
-1180520.8017130701,1716110.3020188597,10
-1180057.4889965425,1716110.3020188597,10
-1179594.1762800151,1716110.3020188597,10
-1179130.8635634875,1716110.3020188597,10
-1178667.5508469602,1716110.3020188597,10
-1178204.2381304326,1716110.3020188597,10
-1177740.9254139052,1716110.3020188597,10
-1177277.6126973776,1716110.3020188597,10
-1176814.2999808502,1716110.3020188597,10
-1176350.9872643226,1716110.3020188597,10
-1175887.6745477952,1716110.3020188597,10
-1175424.3618312676,1716110.3020188597,10
-1174961.04911474,1716110.3020188597,10
-1174497.7363982126,1716110.3020188597,10
-1174034.4236816852,1716110.3020188597,10
-1173571.1109651576,1716110.3020188597,10
-1173107.79824863,1716110.3020188597,10
-1172644.4855321026,1716110.3020188597,10
-1172181.172815575,1716110.3020188597,10
-1171717.8600990477,1716110.3020188597,10
-1171254.54738252,1716110.3020188597,10
-1170791.2346659927,1716110.3020188597,10
-1170327.921949465,1716110.3020188597,10
-1169864.6092329377,1716110.3020188597,10
-1169401.29651641,1716110.3020188597,10
-1168937.9837998827,1716110.3020188597,10
-1168474.671083355,1716110.3020188597,10
-1168011.3583668275,1716110.3020188597,10
-1167548.0456503,1716110.3020188597,10
-1167084.7329337727,1716110.3020188597,10
-1166621.4202172451,1716110.3020188597,10
-1166158.1075007175,1716110.3020188597,10
-1165694.7947841901,1716110.3020188597,10
-1165231.4820676625,1716110.3020188597,10
-1164768.1693511351,1716110.3020188597,10
-1164304.8566346075,1716110.3020188597,10
-1163841.5439180802,1716110.3020188597,10
-1163378.2312015526,1716110.3020188597,10
-1162914.9184850252,1716110.3020188597,10
-1162451.6057684976,1716110.3020188597,10
-1161988.2930519702,1716110.3020188597,10
-1161524.9803354426,1716110.3020188597,10
-1161061.6676189152,1716110.3020188597,10
-1160598.3549023876,1716110.3020188597,10
-1160135.0421858602,1716110.3020188597,10
-1159671.7294693326,1716110.3020188597,10
-1159208.416752805,1716110.3020188597,10
-1158745.1040362776,1716110.3020188597,10
-1158281.79131975,1716110.3020188597,10
-1157818.4786032226,1716110.3020188597,10
-1157355.165886695,1716110.3020188597,10
-1156891.8531701677,1716110.3020188597,10
-1156428.54045364,1716110.3020188597,10
-1155965.2277371127,1716110.3020188597,10
-1155501.915020585,1716110.3020188597,10
-1155038.6023040577,1716110.3020188597,10
-1154575.28958753,1716110.3020188597,10
-1154111.9768710027,1716110.3020188597,10
-1153648.664154475,1716110.3020188597,10
-1153185.3514379477,1716110.3020188597,10
-1152722.03872142,1716110.3020188597,10
-1152258.7260048925,1716110.3020188597,10
-1151795.4132883651,1716110.3020188597,10
-1151332.1005718375,1716110.3020188597,10
-1150868.7878553101,1716110.3020188597,10
-1150405.4751387825,1716110.3020188597,10
-1149942.1624222551,1716110.3020188597,10
-1149478.8497057275,1716110.3020188597,10
-1146698.9734065626,1716110.3020188597,10
-1146235.6606900352,1716110.3020188597,10
-1145772.3479735076,1716110.3020188597,10
-1145309.03525698,1716110.3020188597,10
-1144845.7225404526,1716110.3020188597,10
-1144382.4098239252,1716110.3020188597,10
-1143919.0971073976,1716110.3020188597,10
-1143455.78439087,1716110.3020188597,10
-1142992.4716743426,1716110.3020188597,10
-1142529.158957815,1716110.3020188597,10
-1142065.8462412877,1716110.3020188597,10
-1141602.53352476,1716110.3020188597,10
-1141139.2208082327,1716110.3020188597,10
-1140675.908091705,1716110.3020188597,10
-1140212.5953751777,1716110.3020188597,10
-1139749.28265865,1716110.3020188597,10
-1139285.9699421227,1716110.3020188597,10
-1138822.657225595,1716110.3020188597,10
-1138359.3445090675,1716110.3020188597,10
-1137896.03179254,1716110.3020188597,10
-1137432.7190760127,1716110.3020188597,10
-1136969.4063594851,1716110.3020188597,10
-1136506.0936429575,1716110.3020188597,10
-1136042.7809264301,1716110.3020188597,10
-1135579.4682099025,1716110.3020188597,10
-1135116.1554933751,1716110.3020188597,10
-1134652.8427768475,1716110.3020188597,10
-1204149.7502559726,1715646.9893023323,10
-1203686.4375394452,1715646.9893023323,10
-1203223.1248229176,1715646.9893023323,10
-1202759.81210639,1715646.9893023323,10
-1202296.4993898626,1715646.9893023323,10
-1201833.186673335,1715646.9893023323,10
-1201369.8739568077,1715646.9893023323,10
-1200906.56124028,1715646.9893023323,10
-1200443.2485237527,1715646.9893023323,10
-1199979.935807225,1715646.9893023323,10
-1199516.6230906977,1715646.9893023323,10
-1199053.31037417,1715646.9893023323,10
-1198589.9976576427,1715646.9893023323,10
-1198126.684941115,1715646.9893023323,10
-1197663.3722245875,1715646.9893023323,10
-1197200.05950806,1715646.9893023323,10
-1196736.7467915327,1715646.9893023323,10
-1196273.4340750051,1715646.9893023323,10
-1195810.1213584775,1715646.9893023323,10
-1195346.8086419501,1715646.9893023323,10
-1194883.4959254225,1715646.9893023323,10
-1194420.1832088951,1715646.9893023323,10
-1193956.8704923675,1715646.9893023323,10
-1193493.5577758402,1715646.9893023323,10
-1193030.2450593126,1715646.9893023323,10
-1192566.9323427852,1715646.9893023323,10
-1192103.6196262576,1715646.9893023323,10
-1191640.3069097302,1715646.9893023323,10
-1191176.9941932026,1715646.9893023323,10
-1190713.6814766752,1715646.9893023323,10
-1190250.3687601476,1715646.9893023323,10
-1189787.0560436202,1715646.9893023323,10
-1189323.7433270926,1715646.9893023323,10
-1188860.430610565,1715646.9893023323,10
-1188397.1178940376,1715646.9893023323,10
-1187933.80517751,1715646.9893023323,10
-1187470.4924609826,1715646.9893023323,10
-1187007.179744455,1715646.9893023323,10
-1186543.8670279277,1715646.9893023323,10
-1186080.5543114,1715646.9893023323,10
-1185617.2415948727,1715646.9893023323,10
-1185153.928878345,1715646.9893023323,10
-1184690.6161618177,1715646.9893023323,10
-1184227.30344529,1715646.9893023323,10
-1183763.9907287627,1715646.9893023323,10
-1183300.678012235,1715646.9893023323,10
-1182837.3652957077,1715646.9893023323,10
-1182374.05257918,1715646.9893023323,10
-1181910.7398626525,1715646.9893023323,10
-1181447.4271461251,1715646.9893023323,10
-1180984.1144295975,1715646.9893023323,10
-1180520.8017130701,1715646.9893023323,10
-1180057.4889965425,1715646.9893023323,10
-1179594.1762800151,1715646.9893023323,10
-1179130.8635634875,1715646.9893023323,10
-1178667.5508469602,1715646.9893023323,10
-1178204.2381304326,1715646.9893023323,10
-1177740.9254139052,1715646.9893023323,10
-1177277.6126973776,1715646.9893023323,10
-1176814.2999808502,1715646.9893023323,10
-1176350.9872643226,1715646.9893023323,10
-1175887.6745477952,1715646.9893023323,10
-1175424.3618312676,1715646.9893023323,10
-1174961.04911474,1715646.9893023323,10
-1174497.7363982126,1715646.9893023323,10
-1174034.4236816852,1715646.9893023323,10
-1173571.1109651576,1715646.9893023323,10
-1173107.79824863,1715646.9893023323,10
-1172644.4855321026,1715646.9893023323,10
-1172181.172815575,1715646.9893023323,10
-1171717.8600990477,1715646.9893023323,10
-1171254.54738252,1715646.9893023323,10
-1170791.2346659927,1715646.9893023323,10
-1170327.921949465,1715646.9893023323,10
-1169864.6092329377,1715646.9893023323,10
-1169401.29651641,1715646.9893023323,10
-1168937.9837998827,1715646.9893023323,10
-1168474.671083355,1715646.9893023323,10
-1168011.3583668275,1715646.9893023323,10
-1167548.0456503,1715646.9893023323,10
-1167084.7329337727,1715646.9893023323,10
-1166621.4202172451,1715646.9893023323,10
-1166158.1075007175,1715646.9893023323,10
-1165694.7947841901,1715646.9893023323,10
-1165231.4820676625,1715646.9893023323,10
-1164768.1693511351,1715646.9893023323,10
-1164304.8566346075,1715646.9893023323,10
-1163841.5439180802,1715646.9893023323,10
-1163378.2312015526,1715646.9893023323,10
-1162914.9184850252,1715646.9893023323,10
-1162451.6057684976,1715646.9893023323,10
-1161988.2930519702,1715646.9893023323,10
-1161524.9803354426,1715646.9893023323,10
-1161061.6676189152,1715646.9893023323,10
-1160598.3549023876,1715646.9893023323,10
-1160135.0421858602,1715646.9893023323,10
-1159671.7294693326,1715646.9893023323,10
-1159208.416752805,1715646.9893023323,10
-1158745.1040362776,1715646.9893023323,10
-1158281.79131975,1715646.9893023323,10
-1157818.4786032226,1715646.9893023323,10
-1157355.165886695,1715646.9893023323,10
-1156891.8531701677,1715646.9893023323,10
-1156428.54045364,1715646.9893023323,10
-1155965.2277371127,1715646.9893023323,10
-1155501.915020585,1715646.9893023323,10
-1155038.6023040577,1715646.9893023323,10
-1154575.28958753,1715646.9893023323,10
-1154111.9768710027,1715646.9893023323,10
-1153648.664154475,1715646.9893023323,10
-1153185.3514379477,1715646.9893023323,10
-1152722.03872142,1715646.9893023323,10
-1152258.7260048925,1715646.9893023323,10
-1151795.4132883651,1715646.9893023323,10
-1151332.1005718375,1715646.9893023323,10
-1150868.7878553101,1715646.9893023323,10
-1150405.4751387825,1715646.9893023323,10
-1149942.1624222551,1715646.9893023323,10
-1142992.4716743426,1715646.9893023323,10
-1142529.158957815,1715646.9893023323,10
-1142065.8462412877,1715646.9893023323,10
-1141602.53352476,1715646.9893023323,10
-1141139.2208082327,1715646.9893023323,10
-1140675.908091705,1715646.9893023323,10
-1140212.5953751777,1715646.9893023323,10
-1139749.28265865,1715646.9893023323,10
-1139285.9699421227,1715646.9893023323,10
-1138822.657225595,1715646.9893023323,10
-1138359.3445090675,1715646.9893023323,10
-1137896.03179254,1715646.9893023323,10
-1137432.7190760127,1715646.9893023323,10
-1136969.4063594851,1715646.9893023323,10
-1136506.0936429575,1715646.9893023323,10
-1136042.7809264301,1715646.9893023323,10
-1135579.4682099025,1715646.9893023323,10
-1135116.1554933751,1715646.9893023323,10
-1134652.8427768475,1715646.9893023323,10
-1203223.1248229176,1715183.6765858047,10
-1202759.81210639,1715183.6765858047,10
-1202296.4993898626,1715183.6765858047,10
-1201833.186673335,1715183.6765858047,10
-1201369.8739568077,1715183.6765858047,10
-1200906.56124028,1715183.6765858047,10
-1200443.2485237527,1715183.6765858047,10
-1199979.935807225,1715183.6765858047,10
-1199516.6230906977,1715183.6765858047,10
-1199053.31037417,1715183.6765858047,10
-1198589.9976576427,1715183.6765858047,10
-1198126.684941115,1715183.6765858047,10
-1197663.3722245875,1715183.6765858047,10
-1197200.05950806,1715183.6765858047,10
-1196736.7467915327,1715183.6765858047,10
-1196273.4340750051,1715183.6765858047,10
-1195810.1213584775,1715183.6765858047,10
-1195346.8086419501,1715183.6765858047,10
-1194883.4959254225,1715183.6765858047,10
-1194420.1832088951,1715183.6765858047,10
-1193956.8704923675,1715183.6765858047,10
-1193493.5577758402,1715183.6765858047,10
-1193030.2450593126,1715183.6765858047,10
-1192566.9323427852,1715183.6765858047,10
-1192103.6196262576,1715183.6765858047,10
-1191640.3069097302,1715183.6765858047,10
-1191176.9941932026,1715183.6765858047,10
-1190713.6814766752,1715183.6765858047,10
-1190250.3687601476,1715183.6765858047,10
-1189787.0560436202,1715183.6765858047,10
-1189323.7433270926,1715183.6765858047,10
-1188860.430610565,1715183.6765858047,10
-1188397.1178940376,1715183.6765858047,10
-1187933.80517751,1715183.6765858047,10
-1187470.4924609826,1715183.6765858047,10
-1187007.179744455,1715183.6765858047,10
-1186543.8670279277,1715183.6765858047,10
-1186080.5543114,1715183.6765858047,10
-1185617.2415948727,1715183.6765858047,10
-1185153.928878345,1715183.6765858047,10
-1184690.6161618177,1715183.6765858047,10
-1184227.30344529,1715183.6765858047,10
-1183763.9907287627,1715183.6765858047,10
-1183300.678012235,1715183.6765858047,10
-1182837.3652957077,1715183.6765858047,10
-1182374.05257918,1715183.6765858047,10
-1181910.7398626525,1715183.6765858047,10
-1181447.4271461251,1715183.6765858047,10
-1180984.1144295975,1715183.6765858047,10
-1180520.8017130701,1715183.6765858047,10
-1180057.4889965425,1715183.6765858047,10
-1179594.1762800151,1715183.6765858047,10
-1179130.8635634875,1715183.6765858047,10
-1178667.5508469602,1715183.6765858047,10
-1178204.2381304326,1715183.6765858047,10
-1177740.9254139052,1715183.6765858047,10
-1177277.6126973776,1715183.6765858047,10
-1176814.2999808502,1715183.6765858047,10
-1176350.9872643226,1715183.6765858047,10
-1175887.6745477952,1715183.6765858047,10
-1175424.3618312676,1715183.6765858047,10
-1174961.04911474,1715183.6765858047,10
-1174497.7363982126,1715183.6765858047,10
-1174034.4236816852,1715183.6765858047,10
-1173571.1109651576,1715183.6765858047,10
-1173107.79824863,1715183.6765858047,10
-1172644.4855321026,1715183.6765858047,10
-1172181.172815575,1715183.6765858047,10
-1171717.8600990477,1715183.6765858047,10
-1171254.54738252,1715183.6765858047,10
-1170791.2346659927,1715183.6765858047,10
-1170327.921949465,1715183.6765858047,10
-1169864.6092329377,1715183.6765858047,10
-1169401.29651641,1715183.6765858047,10
-1168937.9837998827,1715183.6765858047,10
-1168474.671083355,1715183.6765858047,10
-1168011.3583668275,1715183.6765858047,10
-1167548.0456503,1715183.6765858047,10
-1167084.7329337727,1715183.6765858047,10
-1166621.4202172451,1715183.6765858047,10
-1166158.1075007175,1715183.6765858047,10
-1165694.7947841901,1715183.6765858047,10
-1165231.4820676625,1715183.6765858047,10
-1164768.1693511351,1715183.6765858047,10
-1164304.8566346075,1715183.6765858047,10
-1163841.5439180802,1715183.6765858047,10
-1163378.2312015526,1715183.6765858047,10
-1162914.9184850252,1715183.6765858047,10
-1162451.6057684976,1715183.6765858047,10
-1161988.2930519702,1715183.6765858047,10
-1161524.9803354426,1715183.6765858047,10
-1161061.6676189152,1715183.6765858047,10
-1160598.3549023876,1715183.6765858047,10
-1160135.0421858602,1715183.6765858047,10
-1159671.7294693326,1715183.6765858047,10
-1159208.416752805,1715183.6765858047,10
-1158745.1040362776,1715183.6765858047,10
-1158281.79131975,1715183.6765858047,10
-1157818.4786032226,1715183.6765858047,10
-1157355.165886695,1715183.6765858047,10
-1156891.8531701677,1715183.6765858047,10
-1156428.54045364,1715183.6765858047,10
-1155965.2277371127,1715183.6765858047,10
-1155501.915020585,1715183.6765858047,10
-1155038.6023040577,1715183.6765858047,10
-1154575.28958753,1715183.6765858047,10
-1154111.9768710027,1715183.6765858047,10
-1153648.664154475,1715183.6765858047,10
-1153185.3514379477,1715183.6765858047,10
-1152722.03872142,1715183.6765858047,10
-1152258.7260048925,1715183.6765858047,10
-1151795.4132883651,1715183.6765858047,10
-1151332.1005718375,1715183.6765858047,10
-1150868.7878553101,1715183.6765858047,10
-1150405.4751387825,1715183.6765858047,10
-1149942.1624222551,1715183.6765858047,10
-1142529.158957815,1715183.6765858047,10
-1142065.8462412877,1715183.6765858047,10
-1141602.53352476,1715183.6765858047,10
-1141139.2208082327,1715183.6765858047,10
-1140675.908091705,1715183.6765858047,10
-1140212.5953751777,1715183.6765858047,10
-1139749.28265865,1715183.6765858047,10
-1139285.9699421227,1715183.6765858047,10
-1138822.657225595,1715183.6765858047,10
-1138359.3445090675,1715183.6765858047,10
-1137896.03179254,1715183.6765858047,10
-1137432.7190760127,1715183.6765858047,10
-1136969.4063594851,1715183.6765858047,10
-1136506.0936429575,1715183.6765858047,10
-1136042.7809264301,1715183.6765858047,10
-1135579.4682099025,1715183.6765858047,10
-1135116.1554933751,1715183.6765858047,10
-1134652.8427768475,1715183.6765858047,10
-1202759.81210639,1714720.3638692773,10
-1202296.4993898626,1714720.3638692773,10
-1201833.186673335,1714720.3638692773,10
-1201369.8739568077,1714720.3638692773,10
-1200906.56124028,1714720.3638692773,10
-1200443.2485237527,1714720.3638692773,10
-1199979.935807225,1714720.3638692773,10
-1199516.6230906977,1714720.3638692773,10
-1199053.31037417,1714720.3638692773,10
-1198589.9976576427,1714720.3638692773,10
-1198126.684941115,1714720.3638692773,10
-1197663.3722245875,1714720.3638692773,10
-1197200.05950806,1714720.3638692773,10
-1196736.7467915327,1714720.3638692773,10
-1196273.4340750051,1714720.3638692773,10
-1195810.1213584775,1714720.3638692773,10
-1195346.8086419501,1714720.3638692773,10
-1194883.4959254225,1714720.3638692773,10
-1194420.1832088951,1714720.3638692773,10
-1193956.8704923675,1714720.3638692773,10
-1193493.5577758402,1714720.3638692773,10
-1193030.2450593126,1714720.3638692773,10
-1192566.9323427852,1714720.3638692773,10
-1192103.6196262576,1714720.3638692773,10
-1191640.3069097302,1714720.3638692773,10
-1191176.9941932026,1714720.3638692773,10
-1190713.6814766752,1714720.3638692773,10
-1190250.3687601476,1714720.3638692773,10
-1189787.0560436202,1714720.3638692773,10
-1189323.7433270926,1714720.3638692773,10
-1188860.430610565,1714720.3638692773,10
-1188397.1178940376,1714720.3638692773,10
-1187933.80517751,1714720.3638692773,10
-1187470.4924609826,1714720.3638692773,10
-1187007.179744455,1714720.3638692773,10
-1186543.8670279277,1714720.3638692773,10
-1186080.5543114,1714720.3638692773,10
-1185617.2415948727,1714720.3638692773,10
-1185153.928878345,1714720.3638692773,10
-1184690.6161618177,1714720.3638692773,10
-1184227.30344529,1714720.3638692773,10
-1183763.9907287627,1714720.3638692773,10
-1183300.678012235,1714720.3638692773,10
-1182837.3652957077,1714720.3638692773,10
-1182374.05257918,1714720.3638692773,10
-1181910.7398626525,1714720.3638692773,10
-1181447.4271461251,1714720.3638692773,10
-1180984.1144295975,1714720.3638692773,10
-1180520.8017130701,1714720.3638692773,10
-1180057.4889965425,1714720.3638692773,10
-1179594.1762800151,1714720.3638692773,10
-1179130.8635634875,1714720.3638692773,10
-1178667.5508469602,1714720.3638692773,10
-1178204.2381304326,1714720.3638692773,10
-1177740.9254139052,1714720.3638692773,10
-1177277.6126973776,1714720.3638692773,10
-1176814.2999808502,1714720.3638692773,10
-1176350.9872643226,1714720.3638692773,10
-1175887.6745477952,1714720.3638692773,10
-1175424.3618312676,1714720.3638692773,10
-1174961.04911474,1714720.3638692773,10
-1174497.7363982126,1714720.3638692773,10
-1174034.4236816852,1714720.3638692773,10
-1173571.1109651576,1714720.3638692773,10
-1173107.79824863,1714720.3638692773,10
-1172644.4855321026,1714720.3638692773,10
-1172181.172815575,1714720.3638692773,10
-1171717.8600990477,1714720.3638692773,10
-1171254.54738252,1714720.3638692773,10
-1170791.2346659927,1714720.3638692773,10
-1170327.921949465,1714720.3638692773,10
-1169864.6092329377,1714720.3638692773,10
-1169401.29651641,1714720.3638692773,10
-1168937.9837998827,1714720.3638692773,10
-1168474.671083355,1714720.3638692773,10
-1168011.3583668275,1714720.3638692773,10
-1167548.0456503,1714720.3638692773,10
-1167084.7329337727,1714720.3638692773,10
-1166621.4202172451,1714720.3638692773,10
-1166158.1075007175,1714720.3638692773,10
-1165694.7947841901,1714720.3638692773,10
-1165231.4820676625,1714720.3638692773,10
-1164768.1693511351,1714720.3638692773,10
-1164304.8566346075,1714720.3638692773,10
-1163841.5439180802,1714720.3638692773,10
-1163378.2312015526,1714720.3638692773,10
-1162914.9184850252,1714720.3638692773,10
-1162451.6057684976,1714720.3638692773,10
-1161988.2930519702,1714720.3638692773,10
-1161524.9803354426,1714720.3638692773,10
-1161061.6676189152,1714720.3638692773,10
-1160598.3549023876,1714720.3638692773,10
-1160135.0421858602,1714720.3638692773,10
-1159671.7294693326,1714720.3638692773,10
-1159208.416752805,1714720.3638692773,10
-1158745.1040362776,1714720.3638692773,10
-1158281.79131975,1714720.3638692773,10
-1157818.4786032226,1714720.3638692773,10
-1157355.165886695,1714720.3638692773,10
-1156891.8531701677,1714720.3638692773,10
-1156428.54045364,1714720.3638692773,10
-1155965.2277371127,1714720.3638692773,10
-1155501.915020585,1714720.3638692773,10
-1155038.6023040577,1714720.3638692773,10
-1154575.28958753,1714720.3638692773,10
-1154111.9768710027,1714720.3638692773,10
-1153648.664154475,1714720.3638692773,10
-1153185.3514379477,1714720.3638692773,10
-1152722.03872142,1714720.3638692773,10
-1152258.7260048925,1714720.3638692773,10
-1151795.4132883651,1714720.3638692773,10
-1151332.1005718375,1714720.3638692773,10
-1150868.7878553101,1714720.3638692773,10
-1150405.4751387825,1714720.3638692773,10
-1149942.1624222551,1714720.3638692773,10
-1142065.8462412877,1714720.3638692773,10
-1141602.53352476,1714720.3638692773,10
-1141139.2208082327,1714720.3638692773,10
-1140675.908091705,1714720.3638692773,10
-1140212.5953751777,1714720.3638692773,10
-1139749.28265865,1714720.3638692773,10
-1139285.9699421227,1714720.3638692773,10
-1138822.657225595,1714720.3638692773,10
-1138359.3445090675,1714720.3638692773,10
-1137896.03179254,1714720.3638692773,10
-1137432.7190760127,1714720.3638692773,10
-1136969.4063594851,1714720.3638692773,10
-1136506.0936429575,1714720.3638692773,10
-1136042.7809264301,1714720.3638692773,10
-1202296.4993898626,1714257.0511527497,10
-1201833.186673335,1714257.0511527497,10
-1201369.8739568077,1714257.0511527497,10
-1200906.56124028,1714257.0511527497,10
-1200443.2485237527,1714257.0511527497,10
-1199979.935807225,1714257.0511527497,10
-1199516.6230906977,1714257.0511527497,10
-1199053.31037417,1714257.0511527497,10
-1198589.9976576427,1714257.0511527497,10
-1198126.684941115,1714257.0511527497,10
-1197663.3722245875,1714257.0511527497,10
-1197200.05950806,1714257.0511527497,10
-1196736.7467915327,1714257.0511527497,10
-1196273.4340750051,1714257.0511527497,10
-1195810.1213584775,1714257.0511527497,10
-1195346.8086419501,1714257.0511527497,10
-1194883.4959254225,1714257.0511527497,10
-1194420.1832088951,1714257.0511527497,10
-1193956.8704923675,1714257.0511527497,10
-1193493.5577758402,1714257.0511527497,10
-1193030.2450593126,1714257.0511527497,10
-1192566.9323427852,1714257.0511527497,10
-1192103.6196262576,1714257.0511527497,10
-1191640.3069097302,1714257.0511527497,10
-1191176.9941932026,1714257.0511527497,10
-1190713.6814766752,1714257.0511527497,10
-1190250.3687601476,1714257.0511527497,10
-1189787.0560436202,1714257.0511527497,10
-1189323.7433270926,1714257.0511527497,10
-1188860.430610565,1714257.0511527497,10
-1188397.1178940376,1714257.0511527497,10
-1187933.80517751,1714257.0511527497,10
-1187470.4924609826,1714257.0511527497,10
-1187007.179744455,1714257.0511527497,10
-1186543.8670279277,1714257.0511527497,10
-1186080.5543114,1714257.0511527497,10
-1185617.2415948727,1714257.0511527497,10
-1185153.928878345,1714257.0511527497,10
-1184690.6161618177,1714257.0511527497,10
-1184227.30344529,1714257.0511527497,10
-1183763.9907287627,1714257.0511527497,10
-1183300.678012235,1714257.0511527497,10
-1182837.3652957077,1714257.0511527497,10
-1182374.05257918,1714257.0511527497,10
-1181910.7398626525,1714257.0511527497,10
-1181447.4271461251,1714257.0511527497,10
-1180984.1144295975,1714257.0511527497,10
-1180520.8017130701,1714257.0511527497,10
-1180057.4889965425,1714257.0511527497,10
-1179594.1762800151,1714257.0511527497,10
-1179130.8635634875,1714257.0511527497,10
-1178667.5508469602,1714257.0511527497,10
-1178204.2381304326,1714257.0511527497,10
-1177740.9254139052,1714257.0511527497,10
-1177277.6126973776,1714257.0511527497,10
-1176814.2999808502,1714257.0511527497,10
-1176350.9872643226,1714257.0511527497,10
-1175887.6745477952,1714257.0511527497,10
-1175424.3618312676,1714257.0511527497,10
-1174961.04911474,1714257.0511527497,10
-1174497.7363982126,1714257.0511527497,10
-1174034.4236816852,1714257.0511527497,10
-1173571.1109651576,1714257.0511527497,10
-1173107.79824863,1714257.0511527497,10
-1172644.4855321026,1714257.0511527497,10
-1172181.172815575,1714257.0511527497,10
-1171717.8600990477,1714257.0511527497,10
-1171254.54738252,1714257.0511527497,10
-1170791.2346659927,1714257.0511527497,10
-1170327.921949465,1714257.0511527497,10
-1169864.6092329377,1714257.0511527497,10
-1169401.29651641,1714257.0511527497,10
-1168937.9837998827,1714257.0511527497,10
-1168474.671083355,1714257.0511527497,10
-1168011.3583668275,1714257.0511527497,10
-1167548.0456503,1714257.0511527497,10
-1167084.7329337727,1714257.0511527497,10
-1166621.4202172451,1714257.0511527497,10
-1166158.1075007175,1714257.0511527497,10
-1165694.7947841901,1714257.0511527497,10
-1165231.4820676625,1714257.0511527497,10
-1164768.1693511351,1714257.0511527497,10
-1164304.8566346075,1714257.0511527497,10
-1163841.5439180802,1714257.0511527497,10
-1163378.2312015526,1714257.0511527497,10
-1162914.9184850252,1714257.0511527497,10
-1162451.6057684976,1714257.0511527497,10
-1161988.2930519702,1714257.0511527497,10
-1161524.9803354426,1714257.0511527497,10
-1161061.6676189152,1714257.0511527497,10
-1160598.3549023876,1714257.0511527497,10
-1160135.0421858602,1714257.0511527497,10
-1159671.7294693326,1714257.0511527497,10
-1159208.416752805,1714257.0511527497,10
-1158745.1040362776,1714257.0511527497,10
-1158281.79131975,1714257.0511527497,10
-1157818.4786032226,1714257.0511527497,10
-1157355.165886695,1714257.0511527497,10
-1156891.8531701677,1714257.0511527497,10
-1156428.54045364,1714257.0511527497,10
-1155965.2277371127,1714257.0511527497,10
-1155501.915020585,1714257.0511527497,10
-1155038.6023040577,1714257.0511527497,10
-1154575.28958753,1714257.0511527497,10
-1154111.9768710027,1714257.0511527497,10
-1153648.664154475,1714257.0511527497,10
-1153185.3514379477,1714257.0511527497,10
-1152722.03872142,1714257.0511527497,10
-1152258.7260048925,1714257.0511527497,10
-1151795.4132883651,1714257.0511527497,10
-1151332.1005718375,1714257.0511527497,10
-1150868.7878553101,1714257.0511527497,10
-1150405.4751387825,1714257.0511527497,10
-1149942.1624222551,1714257.0511527497,10
-1141602.53352476,1714257.0511527497,10
-1141139.2208082327,1714257.0511527497,10
-1140675.908091705,1714257.0511527497,10
-1140212.5953751777,1714257.0511527497,10
-1139749.28265865,1714257.0511527497,10
-1139285.9699421227,1714257.0511527497,10
-1138822.657225595,1714257.0511527497,10
-1136969.4063594851,1714257.0511527497,10
-1201833.186673335,1713793.738436222,10
-1201369.8739568077,1713793.738436222,10
-1200906.56124028,1713793.738436222,10
-1200443.2485237527,1713793.738436222,10
-1199979.935807225,1713793.738436222,10
-1199516.6230906977,1713793.738436222,10
-1199053.31037417,1713793.738436222,10
-1198589.9976576427,1713793.738436222,10
-1198126.684941115,1713793.738436222,10
-1197663.3722245875,1713793.738436222,10
-1197200.05950806,1713793.738436222,10
-1196736.7467915327,1713793.738436222,10
-1196273.4340750051,1713793.738436222,10
-1195810.1213584775,1713793.738436222,10
-1195346.8086419501,1713793.738436222,10
-1194883.4959254225,1713793.738436222,10
-1194420.1832088951,1713793.738436222,10
-1193956.8704923675,1713793.738436222,10
-1193493.5577758402,1713793.738436222,10
-1193030.2450593126,1713793.738436222,10
-1192566.9323427852,1713793.738436222,10
-1192103.6196262576,1713793.738436222,10
-1191640.3069097302,1713793.738436222,10
-1191176.9941932026,1713793.738436222,10
-1190713.6814766752,1713793.738436222,10
-1190250.3687601476,1713793.738436222,10
-1189787.0560436202,1713793.738436222,10
-1189323.7433270926,1713793.738436222,10
-1188860.430610565,1713793.738436222,10
-1188397.1178940376,1713793.738436222,10
-1187933.80517751,1713793.738436222,10
-1187470.4924609826,1713793.738436222,10
-1187007.179744455,1713793.738436222,10
-1186543.8670279277,1713793.738436222,10
-1186080.5543114,1713793.738436222,10
-1185617.2415948727,1713793.738436222,10
-1185153.928878345,1713793.738436222,10
-1184690.6161618177,1713793.738436222,10
-1184227.30344529,1713793.738436222,10
-1183763.9907287627,1713793.738436222,10
-1183300.678012235,1713793.738436222,10
-1182837.3652957077,1713793.738436222,10
-1182374.05257918,1713793.738436222,10
-1181910.7398626525,1713793.738436222,10
-1181447.4271461251,1713793.738436222,10
-1180984.1144295975,1713793.738436222,10
-1180520.8017130701,1713793.738436222,10
-1180057.4889965425,1713793.738436222,10
-1179594.1762800151,1713793.738436222,10
-1179130.8635634875,1713793.738436222,10
-1178667.5508469602,1713793.738436222,10
-1178204.2381304326,1713793.738436222,10
-1177740.9254139052,1713793.738436222,10
-1177277.6126973776,1713793.738436222,10
-1176814.2999808502,1713793.738436222,10
-1176350.9872643226,1713793.738436222,10
-1175887.6745477952,1713793.738436222,10
-1175424.3618312676,1713793.738436222,10
-1174961.04911474,1713793.738436222,10
-1174497.7363982126,1713793.738436222,10
-1174034.4236816852,1713793.738436222,10
-1173571.1109651576,1713793.738436222,10
-1173107.79824863,1713793.738436222,10
-1172644.4855321026,1713793.738436222,10
-1172181.172815575,1713793.738436222,10
-1171717.8600990477,1713793.738436222,10
-1171254.54738252,1713793.738436222,10
-1170791.2346659927,1713793.738436222,10
-1170327.921949465,1713793.738436222,10
-1169864.6092329377,1713793.738436222,10
-1169401.29651641,1713793.738436222,10
-1168937.9837998827,1713793.738436222,10
-1168474.671083355,1713793.738436222,10
-1168011.3583668275,1713793.738436222,10
-1167548.0456503,1713793.738436222,10
-1167084.7329337727,1713793.738436222,10
-1166621.4202172451,1713793.738436222,10
-1166158.1075007175,1713793.738436222,10
-1165694.7947841901,1713793.738436222,10
-1165231.4820676625,1713793.738436222,10
-1164768.1693511351,1713793.738436222,10
-1164304.8566346075,1713793.738436222,10
-1163841.5439180802,1713793.738436222,10
-1163378.2312015526,1713793.738436222,10
-1162914.9184850252,1713793.738436222,10
-1162451.6057684976,1713793.738436222,10
-1161988.2930519702,1713793.738436222,10
-1161524.9803354426,1713793.738436222,10
-1161061.6676189152,1713793.738436222,10
-1160598.3549023876,1713793.738436222,10
-1160135.0421858602,1713793.738436222,10
-1159671.7294693326,1713793.738436222,10
-1159208.416752805,1713793.738436222,10
-1158745.1040362776,1713793.738436222,10
-1158281.79131975,1713793.738436222,10
-1157818.4786032226,1713793.738436222,10
-1157355.165886695,1713793.738436222,10
-1156891.8531701677,1713793.738436222,10
-1156428.54045364,1713793.738436222,10
-1155965.2277371127,1713793.738436222,10
-1155501.915020585,1713793.738436222,10
-1155038.6023040577,1713793.738436222,10
-1154575.28958753,1713793.738436222,10
-1154111.9768710027,1713793.738436222,10
-1153648.664154475,1713793.738436222,10
-1153185.3514379477,1713793.738436222,10
-1152722.03872142,1713793.738436222,10
-1152258.7260048925,1713793.738436222,10
-1151795.4132883651,1713793.738436222,10
-1151332.1005718375,1713793.738436222,10
-1150868.7878553101,1713793.738436222,10
-1150405.4751387825,1713793.738436222,10
-1149942.1624222551,1713793.738436222,10
-1201369.8739568077,1713330.4257196947,10
-1200906.56124028,1713330.4257196947,10
-1200443.2485237527,1713330.4257196947,10
-1199979.935807225,1713330.4257196947,10
-1199516.6230906977,1713330.4257196947,10
-1199053.31037417,1713330.4257196947,10
-1198589.9976576427,1713330.4257196947,10
-1198126.684941115,1713330.4257196947,10
-1197663.3722245875,1713330.4257196947,10
-1197200.05950806,1713330.4257196947,10
-1196736.7467915327,1713330.4257196947,10
-1196273.4340750051,1713330.4257196947,10
-1195810.1213584775,1713330.4257196947,10
-1195346.8086419501,1713330.4257196947,10
-1194883.4959254225,1713330.4257196947,10
-1194420.1832088951,1713330.4257196947,10
-1193956.8704923675,1713330.4257196947,10
-1193493.5577758402,1713330.4257196947,10
-1193030.2450593126,1713330.4257196947,10
-1192566.9323427852,1713330.4257196947,10
-1192103.6196262576,1713330.4257196947,10
-1191640.3069097302,1713330.4257196947,10
-1191176.9941932026,1713330.4257196947,10
-1190713.6814766752,1713330.4257196947,10
-1190250.3687601476,1713330.4257196947,10
-1189787.0560436202,1713330.4257196947,10
-1189323.7433270926,1713330.4257196947,10
-1188860.430610565,1713330.4257196947,10
-1188397.1178940376,1713330.4257196947,10
-1187933.80517751,1713330.4257196947,10
-1187470.4924609826,1713330.4257196947,10
-1187007.179744455,1713330.4257196947,10
-1186543.8670279277,1713330.4257196947,10
-1186080.5543114,1713330.4257196947,10
-1185617.2415948727,1713330.4257196947,10
-1185153.928878345,1713330.4257196947,10
-1184690.6161618177,1713330.4257196947,10
-1184227.30344529,1713330.4257196947,10
-1183763.9907287627,1713330.4257196947,10
-1183300.678012235,1713330.4257196947,10
-1182837.3652957077,1713330.4257196947,10
-1182374.05257918,1713330.4257196947,10
-1181910.7398626525,1713330.4257196947,10
-1181447.4271461251,1713330.4257196947,10
-1180984.1144295975,1713330.4257196947,10
-1180520.8017130701,1713330.4257196947,10
-1180057.4889965425,1713330.4257196947,10
-1179594.1762800151,1713330.4257196947,10
-1179130.8635634875,1713330.4257196947,10
-1178667.5508469602,1713330.4257196947,10
-1178204.2381304326,1713330.4257196947,10
-1177740.9254139052,1713330.4257196947,10
-1177277.6126973776,1713330.4257196947,10
-1176814.2999808502,1713330.4257196947,10
-1176350.9872643226,1713330.4257196947,10
-1175887.6745477952,1713330.4257196947,10
-1175424.3618312676,1713330.4257196947,10
-1174961.04911474,1713330.4257196947,10
-1174497.7363982126,1713330.4257196947,10
-1174034.4236816852,1713330.4257196947,10
-1173571.1109651576,1713330.4257196947,10
-1173107.79824863,1713330.4257196947,10
-1172644.4855321026,1713330.4257196947,10
-1172181.172815575,1713330.4257196947,10
-1171717.8600990477,1713330.4257196947,10
-1171254.54738252,1713330.4257196947,10
-1170791.2346659927,1713330.4257196947,10
-1170327.921949465,1713330.4257196947,10
-1169864.6092329377,1713330.4257196947,10
-1169401.29651641,1713330.4257196947,10
-1168937.9837998827,1713330.4257196947,10
-1168474.671083355,1713330.4257196947,10
-1168011.3583668275,1713330.4257196947,10
-1167548.0456503,1713330.4257196947,10
-1167084.7329337727,1713330.4257196947,10
-1166621.4202172451,1713330.4257196947,10
-1166158.1075007175,1713330.4257196947,10
-1165694.7947841901,1713330.4257196947,10
-1165231.4820676625,1713330.4257196947,10
-1164768.1693511351,1713330.4257196947,10
-1164304.8566346075,1713330.4257196947,10
-1163841.5439180802,1713330.4257196947,10
-1163378.2312015526,1713330.4257196947,10
-1162914.9184850252,1713330.4257196947,10
-1162451.6057684976,1713330.4257196947,10
-1161988.2930519702,1713330.4257196947,10
-1161524.9803354426,1713330.4257196947,10
-1161061.6676189152,1713330.4257196947,10
-1160598.3549023876,1713330.4257196947,10
-1160135.0421858602,1713330.4257196947,10
-1159671.7294693326,1713330.4257196947,10
-1159208.416752805,1713330.4257196947,10
-1158745.1040362776,1713330.4257196947,10
-1158281.79131975,1713330.4257196947,10
-1157818.4786032226,1713330.4257196947,10
-1157355.165886695,1713330.4257196947,10
-1156891.8531701677,1713330.4257196947,10
-1156428.54045364,1713330.4257196947,10
-1155965.2277371127,1713330.4257196947,10
-1155501.915020585,1713330.4257196947,10
-1155038.6023040577,1713330.4257196947,10
-1154575.28958753,1713330.4257196947,10
-1154111.9768710027,1713330.4257196947,10
-1153648.664154475,1713330.4257196947,10
-1153185.3514379477,1713330.4257196947,10
-1152722.03872142,1713330.4257196947,10
-1152258.7260048925,1713330.4257196947,10
-1151795.4132883651,1713330.4257196947,10
-1151332.1005718375,1713330.4257196947,10
-1150868.7878553101,1713330.4257196947,10
-1150405.4751387825,1713330.4257196947,10
-1149942.1624222551,1713330.4257196947,10
-1149478.8497057275,1713330.4257196947,10
-1200906.56124028,1712867.1130031673,10
-1200443.2485237527,1712867.1130031673,10
-1199979.935807225,1712867.1130031673,10
-1199516.6230906977,1712867.1130031673,10
-1199053.31037417,1712867.1130031673,10
-1198589.9976576427,1712867.1130031673,10
-1198126.684941115,1712867.1130031673,10
-1197663.3722245875,1712867.1130031673,10
-1197200.05950806,1712867.1130031673,10
-1196736.7467915327,1712867.1130031673,10
-1196273.4340750051,1712867.1130031673,10
-1195810.1213584775,1712867.1130031673,10
-1195346.8086419501,1712867.1130031673,10
-1194883.4959254225,1712867.1130031673,10
-1194420.1832088951,1712867.1130031673,10
-1193956.8704923675,1712867.1130031673,10
-1193493.5577758402,1712867.1130031673,10
-1193030.2450593126,1712867.1130031673,10
-1192566.9323427852,1712867.1130031673,10
-1192103.6196262576,1712867.1130031673,10
-1191640.3069097302,1712867.1130031673,10
-1191176.9941932026,1712867.1130031673,10
-1190713.6814766752,1712867.1130031673,10
-1190250.3687601476,1712867.1130031673,10
-1189787.0560436202,1712867.1130031673,10
-1189323.7433270926,1712867.1130031673,10
-1188860.430610565,1712867.1130031673,10
-1188397.1178940376,1712867.1130031673,10
-1187933.80517751,1712867.1130031673,10
-1187470.4924609826,1712867.1130031673,10
-1187007.179744455,1712867.1130031673,10
-1186543.8670279277,1712867.1130031673,10
-1186080.5543114,1712867.1130031673,10
-1185617.2415948727,1712867.1130031673,10
-1185153.928878345,1712867.1130031673,10
-1184690.6161618177,1712867.1130031673,10
-1184227.30344529,1712867.1130031673,10
-1183763.9907287627,1712867.1130031673,10
-1183300.678012235,1712867.1130031673,10
-1182837.3652957077,1712867.1130031673,10
-1182374.05257918,1712867.1130031673,10
-1181910.7398626525,1712867.1130031673,10
-1181447.4271461251,1712867.1130031673,10
-1180984.1144295975,1712867.1130031673,10
-1180520.8017130701,1712867.1130031673,10
-1180057.4889965425,1712867.1130031673,10
-1179594.1762800151,1712867.1130031673,10
-1179130.8635634875,1712867.1130031673,10
-1178667.5508469602,1712867.1130031673,10
-1178204.2381304326,1712867.1130031673,10
-1177740.9254139052,1712867.1130031673,10
-1177277.6126973776,1712867.1130031673,10
-1176814.2999808502,1712867.1130031673,10
-1176350.9872643226,1712867.1130031673,10
-1175887.6745477952,1712867.1130031673,10
-1175424.3618312676,1712867.1130031673,10
-1174961.04911474,1712867.1130031673,10
-1174497.7363982126,1712867.1130031673,10
-1174034.4236816852,1712867.1130031673,10
-1173571.1109651576,1712867.1130031673,10
-1173107.79824863,1712867.1130031673,10
-1172644.4855321026,1712867.1130031673,10
-1172181.172815575,1712867.1130031673,10
-1171717.8600990477,1712867.1130031673,10
-1171254.54738252,1712867.1130031673,10
-1170791.2346659927,1712867.1130031673,10
-1170327.921949465,1712867.1130031673,10
-1169864.6092329377,1712867.1130031673,10
-1169401.29651641,1712867.1130031673,10
-1168937.9837998827,1712867.1130031673,10
-1168474.671083355,1712867.1130031673,10
-1168011.3583668275,1712867.1130031673,10
-1167548.0456503,1712867.1130031673,10
-1167084.7329337727,1712867.1130031673,10
-1166621.4202172451,1712867.1130031673,10
-1166158.1075007175,1712867.1130031673,10
-1165694.7947841901,1712867.1130031673,10
-1165231.4820676625,1712867.1130031673,10
-1164768.1693511351,1712867.1130031673,10
-1164304.8566346075,1712867.1130031673,10
-1163841.5439180802,1712867.1130031673,10
-1163378.2312015526,1712867.1130031673,10
-1162914.9184850252,1712867.1130031673,10
-1162451.6057684976,1712867.1130031673,10
-1161988.2930519702,1712867.1130031673,10
-1161524.9803354426,1712867.1130031673,10
-1161061.6676189152,1712867.1130031673,10
-1160598.3549023876,1712867.1130031673,10
-1160135.0421858602,1712867.1130031673,10
-1159671.7294693326,1712867.1130031673,10
-1159208.416752805,1712867.1130031673,10
-1158745.1040362776,1712867.1130031673,10
-1158281.79131975,1712867.1130031673,10
-1157818.4786032226,1712867.1130031673,10
-1157355.165886695,1712867.1130031673,10
-1156891.8531701677,1712867.1130031673,10
-1156428.54045364,1712867.1130031673,10
-1155965.2277371127,1712867.1130031673,10
-1155501.915020585,1712867.1130031673,10
-1155038.6023040577,1712867.1130031673,10
-1154575.28958753,1712867.1130031673,10
-1154111.9768710027,1712867.1130031673,10
-1153648.664154475,1712867.1130031673,10
-1153185.3514379477,1712867.1130031673,10
-1152722.03872142,1712867.1130031673,10
-1152258.7260048925,1712867.1130031673,10
-1151795.4132883651,1712867.1130031673,10
-1151332.1005718375,1712867.1130031673,10
-1150868.7878553101,1712867.1130031673,10
-1150405.4751387825,1712867.1130031673,10
-1149942.1624222551,1712867.1130031673,10
-1149478.8497057275,1712867.1130031673,10
-1200443.2485237527,1712403.8002866397,10
-1199979.935807225,1712403.8002866397,10
-1199516.6230906977,1712403.8002866397,10
-1199053.31037417,1712403.8002866397,10
-1198589.9976576427,1712403.8002866397,10
-1198126.684941115,1712403.8002866397,10
-1197663.3722245875,1712403.8002866397,10
-1197200.05950806,1712403.8002866397,10
-1196736.7467915327,1712403.8002866397,10
-1196273.4340750051,1712403.8002866397,10
-1195810.1213584775,1712403.8002866397,10
-1195346.8086419501,1712403.8002866397,10
-1194883.4959254225,1712403.8002866397,10
-1194420.1832088951,1712403.8002866397,10
-1193956.8704923675,1712403.8002866397,10
-1193493.5577758402,1712403.8002866397,10
-1193030.2450593126,1712403.8002866397,10
-1192566.9323427852,1712403.8002866397,10
-1192103.6196262576,1712403.8002866397,10
-1191640.3069097302,1712403.8002866397,10
-1191176.9941932026,1712403.8002866397,10
-1190713.6814766752,1712403.8002866397,10
-1190250.3687601476,1712403.8002866397,10
-1189787.0560436202,1712403.8002866397,10
-1189323.7433270926,1712403.8002866397,10
-1188860.430610565,1712403.8002866397,10
-1188397.1178940376,1712403.8002866397,10
-1187933.80517751,1712403.8002866397,10
-1187470.4924609826,1712403.8002866397,10
-1187007.179744455,1712403.8002866397,10
-1186543.8670279277,1712403.8002866397,10
-1186080.5543114,1712403.8002866397,10
-1185617.2415948727,1712403.8002866397,10
-1185153.928878345,1712403.8002866397,10
-1184690.6161618177,1712403.8002866397,10
-1184227.30344529,1712403.8002866397,10
-1183763.9907287627,1712403.8002866397,10
-1183300.678012235,1712403.8002866397,10
-1182837.3652957077,1712403.8002866397,10
-1182374.05257918,1712403.8002866397,10
-1181910.7398626525,1712403.8002866397,10
-1181447.4271461251,1712403.8002866397,10
-1180984.1144295975,1712403.8002866397,10
-1180520.8017130701,1712403.8002866397,10
-1180057.4889965425,1712403.8002866397,10
-1179594.1762800151,1712403.8002866397,10
-1179130.8635634875,1712403.8002866397,10
-1178667.5508469602,1712403.8002866397,10
-1178204.2381304326,1712403.8002866397,10
-1177740.9254139052,1712403.8002866397,10
-1177277.6126973776,1712403.8002866397,10
-1176814.2999808502,1712403.8002866397,10
-1176350.9872643226,1712403.8002866397,10
-1175887.6745477952,1712403.8002866397,10
-1175424.3618312676,1712403.8002866397,10
-1174961.04911474,1712403.8002866397,10
-1174497.7363982126,1712403.8002866397,10
-1174034.4236816852,1712403.8002866397,10
-1173571.1109651576,1712403.8002866397,10
-1173107.79824863,1712403.8002866397,10
-1172644.4855321026,1712403.8002866397,10
-1172181.172815575,1712403.8002866397,10
-1171717.8600990477,1712403.8002866397,10
-1171254.54738252,1712403.8002866397,10
-1170791.2346659927,1712403.8002866397,10
-1170327.921949465,1712403.8002866397,10
-1169864.6092329377,1712403.8002866397,10
-1169401.29651641,1712403.8002866397,10
-1168937.9837998827,1712403.8002866397,10
-1168474.671083355,1712403.8002866397,10
-1168011.3583668275,1712403.8002866397,10
-1167548.0456503,1712403.8002866397,10
-1167084.7329337727,1712403.8002866397,10
-1166621.4202172451,1712403.8002866397,10
-1166158.1075007175,1712403.8002866397,10
-1165694.7947841901,1712403.8002866397,10
-1165231.4820676625,1712403.8002866397,10
-1164768.1693511351,1712403.8002866397,10
-1164304.8566346075,1712403.8002866397,10
-1163841.5439180802,1712403.8002866397,10
-1163378.2312015526,1712403.8002866397,10
-1162914.9184850252,1712403.8002866397,10
-1162451.6057684976,1712403.8002866397,10
-1161988.2930519702,1712403.8002866397,10
-1161524.9803354426,1712403.8002866397,10
-1161061.6676189152,1712403.8002866397,10
-1160598.3549023876,1712403.8002866397,10
-1160135.0421858602,1712403.8002866397,10
-1159671.7294693326,1712403.8002866397,10
-1159208.416752805,1712403.8002866397,10
-1158745.1040362776,1712403.8002866397,10
-1158281.79131975,1712403.8002866397,10
-1157818.4786032226,1712403.8002866397,10
-1157355.165886695,1712403.8002866397,10
-1156891.8531701677,1712403.8002866397,10
-1156428.54045364,1712403.8002866397,10
-1155965.2277371127,1712403.8002866397,10
-1155501.915020585,1712403.8002866397,10
-1155038.6023040577,1712403.8002866397,10
-1154575.28958753,1712403.8002866397,10
-1154111.9768710027,1712403.8002866397,10
-1153648.664154475,1712403.8002866397,10
-1153185.3514379477,1712403.8002866397,10
-1152722.03872142,1712403.8002866397,10
-1152258.7260048925,1712403.8002866397,10
-1151795.4132883651,1712403.8002866397,10
-1151332.1005718375,1712403.8002866397,10
-1150868.7878553101,1712403.8002866397,10
-1150405.4751387825,1712403.8002866397,10
-1149942.1624222551,1712403.8002866397,10
-1149478.8497057275,1712403.8002866397,10
-1199979.935807225,1711940.487570112,10
-1199516.6230906977,1711940.487570112,10
-1199053.31037417,1711940.487570112,10
-1198589.9976576427,1711940.487570112,10
-1198126.684941115,1711940.487570112,10
-1197663.3722245875,1711940.487570112,10
-1197200.05950806,1711940.487570112,10
-1196736.7467915327,1711940.487570112,10
-1196273.4340750051,1711940.487570112,10
-1195810.1213584775,1711940.487570112,10
-1195346.8086419501,1711940.487570112,10
-1194883.4959254225,1711940.487570112,10
-1194420.1832088951,1711940.487570112,10
-1193956.8704923675,1711940.487570112,10
-1193493.5577758402,1711940.487570112,10
-1193030.2450593126,1711940.487570112,10
-1192566.9323427852,1711940.487570112,10
-1192103.6196262576,1711940.487570112,10
-1191640.3069097302,1711940.487570112,10
-1191176.9941932026,1711940.487570112,10
-1190713.6814766752,1711940.487570112,10
-1190250.3687601476,1711940.487570112,10
-1189787.0560436202,1711940.487570112,10
-1189323.7433270926,1711940.487570112,10
-1188860.430610565,1711940.487570112,10
-1188397.1178940376,1711940.487570112,10
-1187933.80517751,1711940.487570112,10
-1187470.4924609826,1711940.487570112,10
-1187007.179744455,1711940.487570112,10
-1186543.8670279277,1711940.487570112,10
-1186080.5543114,1711940.487570112,10
-1185617.2415948727,1711940.487570112,10
-1185153.928878345,1711940.487570112,10
-1184690.6161618177,1711940.487570112,10
-1184227.30344529,1711940.487570112,10
-1183763.9907287627,1711940.487570112,10
-1183300.678012235,1711940.487570112,10
-1182837.3652957077,1711940.487570112,10
-1182374.05257918,1711940.487570112,10
-1181910.7398626525,1711940.487570112,10
-1181447.4271461251,1711940.487570112,10
-1180984.1144295975,1711940.487570112,10
-1180520.8017130701,1711940.487570112,10
-1180057.4889965425,1711940.487570112,10
-1179594.1762800151,1711940.487570112,10
-1179130.8635634875,1711940.487570112,10
-1178667.5508469602,1711940.487570112,10
-1178204.2381304326,1711940.487570112,10
-1177740.9254139052,1711940.487570112,10
-1177277.6126973776,1711940.487570112,10
-1176814.2999808502,1711940.487570112,10
-1176350.9872643226,1711940.487570112,10
-1175887.6745477952,1711940.487570112,10
-1175424.3618312676,1711940.487570112,10
-1174961.04911474,1711940.487570112,10
-1174497.7363982126,1711940.487570112,10
-1174034.4236816852,1711940.487570112,10
-1173571.1109651576,1711940.487570112,10
-1173107.79824863,1711940.487570112,10
-1172644.4855321026,1711940.487570112,10
-1172181.172815575,1711940.487570112,10
-1171717.8600990477,1711940.487570112,10
-1171254.54738252,1711940.487570112,10
-1170791.2346659927,1711940.487570112,10
-1170327.921949465,1711940.487570112,10
-1169864.6092329377,1711940.487570112,10
-1169401.29651641,1711940.487570112,10
-1168937.9837998827,1711940.487570112,10
-1168474.671083355,1711940.487570112,10
-1168011.3583668275,1711940.487570112,10
-1167548.0456503,1711940.487570112,10
-1167084.7329337727,1711940.487570112,10
-1166621.4202172451,1711940.487570112,10
-1166158.1075007175,1711940.487570112,10
-1165694.7947841901,1711940.487570112,10
-1165231.4820676625,1711940.487570112,10
-1164768.1693511351,1711940.487570112,10
-1164304.8566346075,1711940.487570112,10
-1163841.5439180802,1711940.487570112,10
-1163378.2312015526,1711940.487570112,10
-1162914.9184850252,1711940.487570112,10
-1162451.6057684976,1711940.487570112,10
-1161988.2930519702,1711940.487570112,10
-1161524.9803354426,1711940.487570112,10
-1161061.6676189152,1711940.487570112,10
-1160598.3549023876,1711940.487570112,10
-1160135.0421858602,1711940.487570112,10
-1159671.7294693326,1711940.487570112,10
-1159208.416752805,1711940.487570112,10
-1158745.1040362776,1711940.487570112,10
-1158281.79131975,1711940.487570112,10
-1157818.4786032226,1711940.487570112,10
-1157355.165886695,1711940.487570112,10
-1156891.8531701677,1711940.487570112,10
-1156428.54045364,1711940.487570112,10
-1155965.2277371127,1711940.487570112,10
-1155501.915020585,1711940.487570112,10
-1155038.6023040577,1711940.487570112,10
-1154575.28958753,1711940.487570112,10
-1154111.9768710027,1711940.487570112,10
-1153648.664154475,1711940.487570112,10
-1153185.3514379477,1711940.487570112,10
-1152722.03872142,1711940.487570112,10
-1152258.7260048925,1711940.487570112,10
-1151795.4132883651,1711940.487570112,10
-1151332.1005718375,1711940.487570112,10
-1150868.7878553101,1711940.487570112,10
-1150405.4751387825,1711940.487570112,10
-1149942.1624222551,1711940.487570112,10
-1149478.8497057275,1711940.487570112,10
-1199516.6230906977,1711477.1748535847,10
-1199053.31037417,1711477.1748535847,10
-1198589.9976576427,1711477.1748535847,10
-1198126.684941115,1711477.1748535847,10
-1197663.3722245875,1711477.1748535847,10
-1197200.05950806,1711477.1748535847,10
-1196736.7467915327,1711477.1748535847,10
-1196273.4340750051,1711477.1748535847,10
-1195810.1213584775,1711477.1748535847,10
-1195346.8086419501,1711477.1748535847,10
-1194883.4959254225,1711477.1748535847,10
-1194420.1832088951,1711477.1748535847,10
-1193956.8704923675,1711477.1748535847,10
-1193493.5577758402,1711477.1748535847,10
-1193030.2450593126,1711477.1748535847,10
-1192566.9323427852,1711477.1748535847,10
-1192103.6196262576,1711477.1748535847,10
-1191640.3069097302,1711477.1748535847,10
-1191176.9941932026,1711477.1748535847,10
-1190713.6814766752,1711477.1748535847,10
-1190250.3687601476,1711477.1748535847,10
-1189787.0560436202,1711477.1748535847,10
-1189323.7433270926,1711477.1748535847,10
-1188860.430610565,1711477.1748535847,10
-1188397.1178940376,1711477.1748535847,10
-1187933.80517751,1711477.1748535847,10
-1187470.4924609826,1711477.1748535847,10
-1187007.179744455,1711477.1748535847,10
-1186543.8670279277,1711477.1748535847,10
-1186080.5543114,1711477.1748535847,10
-1185617.2415948727,1711477.1748535847,10
-1185153.928878345,1711477.1748535847,10
-1184690.6161618177,1711477.1748535847,10
-1184227.30344529,1711477.1748535847,10
-1183763.9907287627,1711477.1748535847,10
-1183300.678012235,1711477.1748535847,10
-1182837.3652957077,1711477.1748535847,10
-1182374.05257918,1711477.1748535847,10
-1181910.7398626525,1711477.1748535847,10
-1181447.4271461251,1711477.1748535847,10
-1180984.1144295975,1711477.1748535847,10
-1180520.8017130701,1711477.1748535847,10
-1180057.4889965425,1711477.1748535847,10
-1179594.1762800151,1711477.1748535847,10
-1179130.8635634875,1711477.1748535847,10
-1178667.5508469602,1711477.1748535847,10
-1178204.2381304326,1711477.1748535847,10
-1177740.9254139052,1711477.1748535847,10
-1177277.6126973776,1711477.1748535847,10
-1176814.2999808502,1711477.1748535847,10
-1176350.9872643226,1711477.1748535847,10
-1175887.6745477952,1711477.1748535847,10
-1175424.3618312676,1711477.1748535847,10
-1174961.04911474,1711477.1748535847,10
-1174497.7363982126,1711477.1748535847,10
-1174034.4236816852,1711477.1748535847,10
-1173571.1109651576,1711477.1748535847,10
-1173107.79824863,1711477.1748535847,10
-1172644.4855321026,1711477.1748535847,10
-1172181.172815575,1711477.1748535847,10
-1171717.8600990477,1711477.1748535847,10
-1171254.54738252,1711477.1748535847,10
-1170791.2346659927,1711477.1748535847,10
-1170327.921949465,1711477.1748535847,10
-1169864.6092329377,1711477.1748535847,10
-1169401.29651641,1711477.1748535847,10
-1168937.9837998827,1711477.1748535847,10
-1168474.671083355,1711477.1748535847,10
-1168011.3583668275,1711477.1748535847,10
-1167548.0456503,1711477.1748535847,10
-1167084.7329337727,1711477.1748535847,10
-1166621.4202172451,1711477.1748535847,10
-1166158.1075007175,1711477.1748535847,10
-1165694.7947841901,1711477.1748535847,10
-1165231.4820676625,1711477.1748535847,10
-1164768.1693511351,1711477.1748535847,10
-1164304.8566346075,1711477.1748535847,10
-1163841.5439180802,1711477.1748535847,10
-1163378.2312015526,1711477.1748535847,10
-1162914.9184850252,1711477.1748535847,10
-1162451.6057684976,1711477.1748535847,10
-1161988.2930519702,1711477.1748535847,10
-1161524.9803354426,1711477.1748535847,10
-1161061.6676189152,1711477.1748535847,10
-1160598.3549023876,1711477.1748535847,10
-1160135.0421858602,1711477.1748535847,10
-1159671.7294693326,1711477.1748535847,10
-1159208.416752805,1711477.1748535847,10
-1158745.1040362776,1711477.1748535847,10
-1158281.79131975,1711477.1748535847,10
-1157818.4786032226,1711477.1748535847,10
-1157355.165886695,1711477.1748535847,10
-1156891.8531701677,1711477.1748535847,10
-1156428.54045364,1711477.1748535847,10
-1155965.2277371127,1711477.1748535847,10
-1155501.915020585,1711477.1748535847,10
-1155038.6023040577,1711477.1748535847,10
-1154575.28958753,1711477.1748535847,10
-1154111.9768710027,1711477.1748535847,10
-1153648.664154475,1711477.1748535847,10
-1153185.3514379477,1711477.1748535847,10
-1152722.03872142,1711477.1748535847,10
-1152258.7260048925,1711477.1748535847,10
-1151795.4132883651,1711477.1748535847,10
-1151332.1005718375,1711477.1748535847,10
-1150868.7878553101,1711477.1748535847,10
-1150405.4751387825,1711477.1748535847,10
-1149942.1624222551,1711477.1748535847,10
-1149478.8497057275,1711477.1748535847,10
-1199053.31037417,1711013.8621370571,10
-1198589.9976576427,1711013.8621370571,10
-1198126.684941115,1711013.8621370571,10
-1197663.3722245875,1711013.8621370571,10
-1197200.05950806,1711013.8621370571,10
-1196736.7467915327,1711013.8621370571,10
-1196273.4340750051,1711013.8621370571,10
-1195810.1213584775,1711013.8621370571,10
-1195346.8086419501,1711013.8621370571,10
-1194883.4959254225,1711013.8621370571,10
-1194420.1832088951,1711013.8621370571,10
-1193956.8704923675,1711013.8621370571,10
-1193493.5577758402,1711013.8621370571,10
-1193030.2450593126,1711013.8621370571,10
-1192566.9323427852,1711013.8621370571,10
-1192103.6196262576,1711013.8621370571,10
-1191640.3069097302,1711013.8621370571,10
-1191176.9941932026,1711013.8621370571,10
-1190713.6814766752,1711013.8621370571,10
-1190250.3687601476,1711013.8621370571,10
-1189787.0560436202,1711013.8621370571,10
-1189323.7433270926,1711013.8621370571,10
-1188860.430610565,1711013.8621370571,10
-1188397.1178940376,1711013.8621370571,10
-1187933.80517751,1711013.8621370571,10
-1187470.4924609826,1711013.8621370571,10
-1187007.179744455,1711013.8621370571,10
-1186543.8670279277,1711013.8621370571,10
-1186080.5543114,1711013.8621370571,10
-1185617.2415948727,1711013.8621370571,10
-1185153.928878345,1711013.8621370571,10
-1184690.6161618177,1711013.8621370571,10
-1184227.30344529,1711013.8621370571,10
-1183763.9907287627,1711013.8621370571,10
-1183300.678012235,1711013.8621370571,10
-1182837.3652957077,1711013.8621370571,10
-1182374.05257918,1711013.8621370571,10
-1181910.7398626525,1711013.8621370571,10
-1181447.4271461251,1711013.8621370571,10
-1180984.1144295975,1711013.8621370571,10
-1180520.8017130701,1711013.8621370571,10
-1180057.4889965425,1711013.8621370571,10
-1179594.1762800151,1711013.8621370571,10
-1179130.8635634875,1711013.8621370571,10
-1178667.5508469602,1711013.8621370571,10
-1178204.2381304326,1711013.8621370571,10
-1177740.9254139052,1711013.8621370571,10
-1177277.6126973776,1711013.8621370571,10
-1176814.2999808502,1711013.8621370571,10
-1176350.9872643226,1711013.8621370571,10
-1175887.6745477952,1711013.8621370571,10
-1175424.3618312676,1711013.8621370571,10
-1174961.04911474,1711013.8621370571,10
-1174497.7363982126,1711013.8621370571,10
-1174034.4236816852,1711013.8621370571,10
-1173571.1109651576,1711013.8621370571,10
-1173107.79824863,1711013.8621370571,10
-1172644.4855321026,1711013.8621370571,10
-1172181.172815575,1711013.8621370571,10
-1171717.8600990477,1711013.8621370571,10
-1171254.54738252,1711013.8621370571,10
-1170791.2346659927,1711013.8621370571,10
-1170327.921949465,1711013.8621370571,10
-1169864.6092329377,1711013.8621370571,10
-1169401.29651641,1711013.8621370571,10
-1168937.9837998827,1711013.8621370571,10
-1168474.671083355,1711013.8621370571,10
-1168011.3583668275,1711013.8621370571,10
-1167548.0456503,1711013.8621370571,10
-1167084.7329337727,1711013.8621370571,10
-1166621.4202172451,1711013.8621370571,10
-1166158.1075007175,1711013.8621370571,10
-1165694.7947841901,1711013.8621370571,10
-1165231.4820676625,1711013.8621370571,10
-1164768.1693511351,1711013.8621370571,10
-1164304.8566346075,1711013.8621370571,10
-1163841.5439180802,1711013.8621370571,10
-1163378.2312015526,1711013.8621370571,10
-1162914.9184850252,1711013.8621370571,10
-1162451.6057684976,1711013.8621370571,10
-1161988.2930519702,1711013.8621370571,10
-1161524.9803354426,1711013.8621370571,10
-1161061.6676189152,1711013.8621370571,10
-1160598.3549023876,1711013.8621370571,10
-1160135.0421858602,1711013.8621370571,10
-1159671.7294693326,1711013.8621370571,10
-1159208.416752805,1711013.8621370571,10
-1158745.1040362776,1711013.8621370571,10
-1158281.79131975,1711013.8621370571,10
-1157818.4786032226,1711013.8621370571,10
-1157355.165886695,1711013.8621370571,10
-1156891.8531701677,1711013.8621370571,10
-1156428.54045364,1711013.8621370571,10
-1155965.2277371127,1711013.8621370571,10
-1155501.915020585,1711013.8621370571,10
-1155038.6023040577,1711013.8621370571,10
-1154575.28958753,1711013.8621370571,10
-1154111.9768710027,1711013.8621370571,10
-1153648.664154475,1711013.8621370571,10
-1153185.3514379477,1711013.8621370571,10
-1152722.03872142,1711013.8621370571,10
-1152258.7260048925,1711013.8621370571,10
-1151795.4132883651,1711013.8621370571,10
-1151332.1005718375,1711013.8621370571,10
-1150868.7878553101,1711013.8621370571,10
-1150405.4751387825,1711013.8621370571,10
-1149942.1624222551,1711013.8621370571,10
-1149478.8497057275,1711013.8621370571,10
-1198589.9976576427,1710550.5494205297,10
-1198126.684941115,1710550.5494205297,10
-1197663.3722245875,1710550.5494205297,10
-1197200.05950806,1710550.5494205297,10
-1196736.7467915327,1710550.5494205297,10
-1196273.4340750051,1710550.5494205297,10
-1195810.1213584775,1710550.5494205297,10
-1195346.8086419501,1710550.5494205297,10
-1194883.4959254225,1710550.5494205297,10
-1194420.1832088951,1710550.5494205297,10
-1193956.8704923675,1710550.5494205297,10
-1193493.5577758402,1710550.5494205297,10
-1193030.2450593126,1710550.5494205297,10
-1192566.9323427852,1710550.5494205297,10
-1192103.6196262576,1710550.5494205297,10
-1191640.3069097302,1710550.5494205297,10
-1191176.9941932026,1710550.5494205297,10
-1190713.6814766752,1710550.5494205297,10
-1190250.3687601476,1710550.5494205297,10
-1189787.0560436202,1710550.5494205297,10
-1189323.7433270926,1710550.5494205297,10
-1188860.430610565,1710550.5494205297,10
-1188397.1178940376,1710550.5494205297,10
-1187933.80517751,1710550.5494205297,10
-1187470.4924609826,1710550.5494205297,10
-1187007.179744455,1710550.5494205297,10
-1186543.8670279277,1710550.5494205297,10
-1186080.5543114,1710550.5494205297,10
-1185617.2415948727,1710550.5494205297,10
-1185153.928878345,1710550.5494205297,10
-1184690.6161618177,1710550.5494205297,10
-1184227.30344529,1710550.5494205297,10
-1183763.9907287627,1710550.5494205297,10
-1183300.678012235,1710550.5494205297,10
-1182837.3652957077,1710550.5494205297,10
-1182374.05257918,1710550.5494205297,10
-1181910.7398626525,1710550.5494205297,10
-1181447.4271461251,1710550.5494205297,10
-1180984.1144295975,1710550.5494205297,10
-1180520.8017130701,1710550.5494205297,10
-1180057.4889965425,1710550.5494205297,10
-1179594.1762800151,1710550.5494205297,10
-1179130.8635634875,1710550.5494205297,10
-1178667.5508469602,1710550.5494205297,10
-1178204.2381304326,1710550.5494205297,10
-1177740.9254139052,1710550.5494205297,10
-1177277.6126973776,1710550.5494205297,10
-1176814.2999808502,1710550.5494205297,10
-1176350.9872643226,1710550.5494205297,10
-1175887.6745477952,1710550.5494205297,10
-1175424.3618312676,1710550.5494205297,10
-1174961.04911474,1710550.5494205297,10
-1174497.7363982126,1710550.5494205297,10
-1174034.4236816852,1710550.5494205297,10
-1173571.1109651576,1710550.5494205297,10
-1173107.79824863,1710550.5494205297,10
-1172644.4855321026,1710550.5494205297,10
-1172181.172815575,1710550.5494205297,10
-1171717.8600990477,1710550.5494205297,10
-1171254.54738252,1710550.5494205297,10
-1170791.2346659927,1710550.5494205297,10
-1170327.921949465,1710550.5494205297,10
-1169864.6092329377,1710550.5494205297,10
-1169401.29651641,1710550.5494205297,10
-1168937.9837998827,1710550.5494205297,10
-1168474.671083355,1710550.5494205297,10
-1168011.3583668275,1710550.5494205297,10
-1167548.0456503,1710550.5494205297,10
-1167084.7329337727,1710550.5494205297,10
-1166621.4202172451,1710550.5494205297,10
-1166158.1075007175,1710550.5494205297,10
-1165694.7947841901,1710550.5494205297,10
-1165231.4820676625,1710550.5494205297,10
-1164768.1693511351,1710550.5494205297,10
-1164304.8566346075,1710550.5494205297,10
-1163841.5439180802,1710550.5494205297,10
-1163378.2312015526,1710550.5494205297,10
-1162914.9184850252,1710550.5494205297,10
-1162451.6057684976,1710550.5494205297,10
-1161988.2930519702,1710550.5494205297,10
-1161524.9803354426,1710550.5494205297,10
-1161061.6676189152,1710550.5494205297,10
-1160598.3549023876,1710550.5494205297,10
-1160135.0421858602,1710550.5494205297,10
-1159671.7294693326,1710550.5494205297,10
-1159208.416752805,1710550.5494205297,10
-1158745.1040362776,1710550.5494205297,10
-1158281.79131975,1710550.5494205297,10
-1157818.4786032226,1710550.5494205297,10
-1157355.165886695,1710550.5494205297,10
-1156891.8531701677,1710550.5494205297,10
-1156428.54045364,1710550.5494205297,10
-1155965.2277371127,1710550.5494205297,10
-1155501.915020585,1710550.5494205297,10
-1155038.6023040577,1710550.5494205297,10
-1154575.28958753,1710550.5494205297,10
-1154111.9768710027,1710550.5494205297,10
-1153648.664154475,1710550.5494205297,10
-1153185.3514379477,1710550.5494205297,10
-1152722.03872142,1710550.5494205297,10
-1152258.7260048925,1710550.5494205297,10
-1151795.4132883651,1710550.5494205297,10
-1151332.1005718375,1710550.5494205297,10
-1150868.7878553101,1710550.5494205297,10
-1150405.4751387825,1710550.5494205297,10
-1149942.1624222551,1710550.5494205297,10
-1149478.8497057275,1710550.5494205297,10
-1149015.5369892002,1710550.5494205297,10
-1198126.684941115,1710087.2367040021,10
-1197663.3722245875,1710087.2367040021,10
-1197200.05950806,1710087.2367040021,10
-1196736.7467915327,1710087.2367040021,10
-1196273.4340750051,1710087.2367040021,10
-1195810.1213584775,1710087.2367040021,10
-1195346.8086419501,1710087.2367040021,10
-1194883.4959254225,1710087.2367040021,10
-1194420.1832088951,1710087.2367040021,10
-1193956.8704923675,1710087.2367040021,10
-1193493.5577758402,1710087.2367040021,10
-1193030.2450593126,1710087.2367040021,10
-1192566.9323427852,1710087.2367040021,10
-1192103.6196262576,1710087.2367040021,10
-1191640.3069097302,1710087.2367040021,10
-1191176.9941932026,1710087.2367040021,10
-1190713.6814766752,1710087.2367040021,10
-1190250.3687601476,1710087.2367040021,10
-1189787.0560436202,1710087.2367040021,10
-1189323.7433270926,1710087.2367040021,10
-1188860.430610565,1710087.2367040021,10
-1188397.1178940376,1710087.2367040021,10
-1187933.80517751,1710087.2367040021,10
-1187470.4924609826,1710087.2367040021,10
-1187007.179744455,1710087.2367040021,10
-1186543.8670279277,1710087.2367040021,10
-1186080.5543114,1710087.2367040021,10
-1185617.2415948727,1710087.2367040021,10
-1185153.928878345,1710087.2367040021,10
-1184690.6161618177,1710087.2367040021,10
-1184227.30344529,1710087.2367040021,10
-1183763.9907287627,1710087.2367040021,10
-1183300.678012235,1710087.2367040021,10
-1182837.3652957077,1710087.2367040021,10
-1182374.05257918,1710087.2367040021,10
-1181910.7398626525,1710087.2367040021,10
-1181447.4271461251,1710087.2367040021,10
-1180984.1144295975,1710087.2367040021,10
-1180520.8017130701,1710087.2367040021,10
-1180057.4889965425,1710087.2367040021,10
-1179594.1762800151,1710087.2367040021,10
-1179130.8635634875,1710087.2367040021,10
-1178667.5508469602,1710087.2367040021,10
-1178204.2381304326,1710087.2367040021,10
-1177740.9254139052,1710087.2367040021,10
-1177277.6126973776,1710087.2367040021,10
-1176814.2999808502,1710087.2367040021,10
-1176350.9872643226,1710087.2367040021,10
-1175887.6745477952,1710087.2367040021,10
-1175424.3618312676,1710087.2367040021,10
-1174961.04911474,1710087.2367040021,10
-1174497.7363982126,1710087.2367040021,10
-1174034.4236816852,1710087.2367040021,10
-1173571.1109651576,1710087.2367040021,10
-1173107.79824863,1710087.2367040021,10
-1172644.4855321026,1710087.2367040021,10
-1172181.172815575,1710087.2367040021,10
-1171717.8600990477,1710087.2367040021,10
-1171254.54738252,1710087.2367040021,10
-1170791.2346659927,1710087.2367040021,10
-1170327.921949465,1710087.2367040021,10
-1169864.6092329377,1710087.2367040021,10
-1169401.29651641,1710087.2367040021,10
-1168937.9837998827,1710087.2367040021,10
-1168474.671083355,1710087.2367040021,10
-1168011.3583668275,1710087.2367040021,10
-1167548.0456503,1710087.2367040021,10
-1167084.7329337727,1710087.2367040021,10
-1166621.4202172451,1710087.2367040021,10
-1166158.1075007175,1710087.2367040021,10
-1165694.7947841901,1710087.2367040021,10
-1165231.4820676625,1710087.2367040021,10
-1164768.1693511351,1710087.2367040021,10
-1164304.8566346075,1710087.2367040021,10
-1163841.5439180802,1710087.2367040021,10
-1163378.2312015526,1710087.2367040021,10
-1162914.9184850252,1710087.2367040021,10
-1162451.6057684976,1710087.2367040021,10
-1161988.2930519702,1710087.2367040021,10
-1161524.9803354426,1710087.2367040021,10
-1161061.6676189152,1710087.2367040021,10
-1160598.3549023876,1710087.2367040021,10
-1160135.0421858602,1710087.2367040021,10
-1159671.7294693326,1710087.2367040021,10
-1159208.416752805,1710087.2367040021,10
-1158745.1040362776,1710087.2367040021,10
-1158281.79131975,1710087.2367040021,10
-1157818.4786032226,1710087.2367040021,10
-1157355.165886695,1710087.2367040021,10
-1156891.8531701677,1710087.2367040021,10
-1156428.54045364,1710087.2367040021,10
-1155965.2277371127,1710087.2367040021,10
-1155501.915020585,1710087.2367040021,10
-1155038.6023040577,1710087.2367040021,10
-1154575.28958753,1710087.2367040021,10
-1154111.9768710027,1710087.2367040021,10
-1153648.664154475,1710087.2367040021,10
-1153185.3514379477,1710087.2367040021,10
-1152722.03872142,1710087.2367040021,10
-1152258.7260048925,1710087.2367040021,10
-1151795.4132883651,1710087.2367040021,10
-1151332.1005718375,1710087.2367040021,10
-1150868.7878553101,1710087.2367040021,10
-1150405.4751387825,1710087.2367040021,10
-1149942.1624222551,1710087.2367040021,10
-1149478.8497057275,1710087.2367040021,10
-1149015.5369892002,1710087.2367040021,10
-1197663.3722245875,1709623.9239874748,10
-1197200.05950806,1709623.9239874748,10
-1196736.7467915327,1709623.9239874748,10
-1196273.4340750051,1709623.9239874748,10
-1195810.1213584775,1709623.9239874748,10
-1195346.8086419501,1709623.9239874748,10
-1194883.4959254225,1709623.9239874748,10
-1194420.1832088951,1709623.9239874748,10
-1193956.8704923675,1709623.9239874748,10
-1193493.5577758402,1709623.9239874748,10
-1193030.2450593126,1709623.9239874748,10
-1192566.9323427852,1709623.9239874748,10
-1192103.6196262576,1709623.9239874748,10
-1191640.3069097302,1709623.9239874748,10
-1191176.9941932026,1709623.9239874748,10
-1190713.6814766752,1709623.9239874748,10
-1190250.3687601476,1709623.9239874748,10
-1189787.0560436202,1709623.9239874748,10
-1189323.7433270926,1709623.9239874748,10
-1188860.430610565,1709623.9239874748,10
-1188397.1178940376,1709623.9239874748,10
-1187933.80517751,1709623.9239874748,10
-1187470.4924609826,1709623.9239874748,10
-1187007.179744455,1709623.9239874748,10
-1186543.8670279277,1709623.9239874748,10
-1186080.5543114,1709623.9239874748,10
-1185617.2415948727,1709623.9239874748,10
-1185153.928878345,1709623.9239874748,10
-1184690.6161618177,1709623.9239874748,10
-1184227.30344529,1709623.9239874748,10
-1183763.9907287627,1709623.9239874748,10
-1183300.678012235,1709623.9239874748,10
-1182837.3652957077,1709623.9239874748,10
-1182374.05257918,1709623.9239874748,10
-1181910.7398626525,1709623.9239874748,10
-1181447.4271461251,1709623.9239874748,10
-1180984.1144295975,1709623.9239874748,10
-1180520.8017130701,1709623.9239874748,10
-1180057.4889965425,1709623.9239874748,10
-1179594.1762800151,1709623.9239874748,10
-1179130.8635634875,1709623.9239874748,10
-1178667.5508469602,1709623.9239874748,10
-1178204.2381304326,1709623.9239874748,10
-1177740.9254139052,1709623.9239874748,10
-1177277.6126973776,1709623.9239874748,10
-1176814.2999808502,1709623.9239874748,10
-1176350.9872643226,1709623.9239874748,10
-1175887.6745477952,1709623.9239874748,10
-1175424.3618312676,1709623.9239874748,10
-1174961.04911474,1709623.9239874748,10
-1174497.7363982126,1709623.9239874748,10
-1174034.4236816852,1709623.9239874748,10
-1173571.1109651576,1709623.9239874748,10
-1173107.79824863,1709623.9239874748,10
-1172644.4855321026,1709623.9239874748,10
-1172181.172815575,1709623.9239874748,10
-1171717.8600990477,1709623.9239874748,10
-1171254.54738252,1709623.9239874748,10
-1170791.2346659927,1709623.9239874748,10
-1170327.921949465,1709623.9239874748,10
-1169864.6092329377,1709623.9239874748,10
-1169401.29651641,1709623.9239874748,10
-1168937.9837998827,1709623.9239874748,10
-1168474.671083355,1709623.9239874748,10
-1168011.3583668275,1709623.9239874748,10
-1167548.0456503,1709623.9239874748,10
-1167084.7329337727,1709623.9239874748,10
-1166621.4202172451,1709623.9239874748,10
-1166158.1075007175,1709623.9239874748,10
-1165694.7947841901,1709623.9239874748,10
-1165231.4820676625,1709623.9239874748,10
-1164768.1693511351,1709623.9239874748,10
-1164304.8566346075,1709623.9239874748,10
-1163841.5439180802,1709623.9239874748,10
-1163378.2312015526,1709623.9239874748,10
-1162914.9184850252,1709623.9239874748,10
-1162451.6057684976,1709623.9239874748,10
-1161988.2930519702,1709623.9239874748,10
-1161524.9803354426,1709623.9239874748,10
-1161061.6676189152,1709623.9239874748,10
-1160598.3549023876,1709623.9239874748,10
-1160135.0421858602,1709623.9239874748,10
-1159671.7294693326,1709623.9239874748,10
-1159208.416752805,1709623.9239874748,10
-1158745.1040362776,1709623.9239874748,10
-1158281.79131975,1709623.9239874748,10
-1157818.4786032226,1709623.9239874748,10
-1157355.165886695,1709623.9239874748,10
-1156891.8531701677,1709623.9239874748,10
-1156428.54045364,1709623.9239874748,10
-1155965.2277371127,1709623.9239874748,10
-1155501.915020585,1709623.9239874748,10
-1155038.6023040577,1709623.9239874748,10
-1154575.28958753,1709623.9239874748,10
-1154111.9768710027,1709623.9239874748,10
-1153648.664154475,1709623.9239874748,10
-1153185.3514379477,1709623.9239874748,10
-1152722.03872142,1709623.9239874748,10
-1152258.7260048925,1709623.9239874748,10
-1151795.4132883651,1709623.9239874748,10
-1151332.1005718375,1709623.9239874748,10
-1150868.7878553101,1709623.9239874748,10
-1150405.4751387825,1709623.9239874748,10
-1149942.1624222551,1709623.9239874748,10
-1149478.8497057275,1709623.9239874748,10
-1149015.5369892002,1709623.9239874748,10
-1197200.05950806,1709160.6112709471,10
-1196736.7467915327,1709160.6112709471,10
-1196273.4340750051,1709160.6112709471,10
-1195810.1213584775,1709160.6112709471,10
-1195346.8086419501,1709160.6112709471,10
-1194883.4959254225,1709160.6112709471,10
-1194420.1832088951,1709160.6112709471,10
-1193956.8704923675,1709160.6112709471,10
-1193493.5577758402,1709160.6112709471,10
-1193030.2450593126,1709160.6112709471,10
-1192566.9323427852,1709160.6112709471,10
-1192103.6196262576,1709160.6112709471,10
-1191640.3069097302,1709160.6112709471,10
-1191176.9941932026,1709160.6112709471,10
-1190713.6814766752,1709160.6112709471,10
-1190250.3687601476,1709160.6112709471,10
-1189787.0560436202,1709160.6112709471,10
-1189323.7433270926,1709160.6112709471,10
-1188860.430610565,1709160.6112709471,10
-1188397.1178940376,1709160.6112709471,10
-1187933.80517751,1709160.6112709471,10
-1187470.4924609826,1709160.6112709471,10
-1187007.179744455,1709160.6112709471,10
-1186543.8670279277,1709160.6112709471,10
-1186080.5543114,1709160.6112709471,10
-1185617.2415948727,1709160.6112709471,10
-1185153.928878345,1709160.6112709471,10
-1184690.6161618177,1709160.6112709471,10
-1184227.30344529,1709160.6112709471,10
-1183763.9907287627,1709160.6112709471,10
-1183300.678012235,1709160.6112709471,10
-1182837.3652957077,1709160.6112709471,10
-1182374.05257918,1709160.6112709471,10
-1181910.7398626525,1709160.6112709471,10
-1181447.4271461251,1709160.6112709471,10
-1180984.1144295975,1709160.6112709471,10
-1180520.8017130701,1709160.6112709471,10
-1180057.4889965425,1709160.6112709471,10
-1179594.1762800151,1709160.6112709471,10
-1179130.8635634875,1709160.6112709471,10
-1178667.5508469602,1709160.6112709471,10
-1178204.2381304326,1709160.6112709471,10
-1177740.9254139052,1709160.6112709471,10
-1177277.6126973776,1709160.6112709471,10
-1176814.2999808502,1709160.6112709471,10
-1176350.9872643226,1709160.6112709471,10
-1175887.6745477952,1709160.6112709471,10
-1175424.3618312676,1709160.6112709471,10
-1174961.04911474,1709160.6112709471,10
-1174497.7363982126,1709160.6112709471,10
-1174034.4236816852,1709160.6112709471,10
-1173571.1109651576,1709160.6112709471,10
-1173107.79824863,1709160.6112709471,10
-1172644.4855321026,1709160.6112709471,10
-1172181.172815575,1709160.6112709471,10
-1171717.8600990477,1709160.6112709471,10
-1171254.54738252,1709160.6112709471,10
-1170791.2346659927,1709160.6112709471,10
-1170327.921949465,1709160.6112709471,10
-1169864.6092329377,1709160.6112709471,10
-1169401.29651641,1709160.6112709471,10
-1168937.9837998827,1709160.6112709471,10
-1168474.671083355,1709160.6112709471,10
-1168011.3583668275,1709160.6112709471,10
-1167548.0456503,1709160.6112709471,10
-1167084.7329337727,1709160.6112709471,10
-1166621.4202172451,1709160.6112709471,10
-1166158.1075007175,1709160.6112709471,10
-1165694.7947841901,1709160.6112709471,10
-1165231.4820676625,1709160.6112709471,10
-1164768.1693511351,1709160.6112709471,10
-1164304.8566346075,1709160.6112709471,10
-1163841.5439180802,1709160.6112709471,10
-1163378.2312015526,1709160.6112709471,10
-1162914.9184850252,1709160.6112709471,10
-1162451.6057684976,1709160.6112709471,10
-1161988.2930519702,1709160.6112709471,10
-1161524.9803354426,1709160.6112709471,10
-1161061.6676189152,1709160.6112709471,10
-1160598.3549023876,1709160.6112709471,10
-1160135.0421858602,1709160.6112709471,10
-1159671.7294693326,1709160.6112709471,10
-1159208.416752805,1709160.6112709471,10
-1158745.1040362776,1709160.6112709471,10
-1158281.79131975,1709160.6112709471,10
-1157818.4786032226,1709160.6112709471,10
-1157355.165886695,1709160.6112709471,10
-1156891.8531701677,1709160.6112709471,10
-1156428.54045364,1709160.6112709471,10
-1155965.2277371127,1709160.6112709471,10
-1155501.915020585,1709160.6112709471,10
-1155038.6023040577,1709160.6112709471,10
-1154575.28958753,1709160.6112709471,10
-1154111.9768710027,1709160.6112709471,10
-1153648.664154475,1709160.6112709471,10
-1153185.3514379477,1709160.6112709471,10
-1152722.03872142,1709160.6112709471,10
-1152258.7260048925,1709160.6112709471,10
-1151795.4132883651,1709160.6112709471,10
-1151332.1005718375,1709160.6112709471,10
-1150868.7878553101,1709160.6112709471,10
-1150405.4751387825,1709160.6112709471,10
-1149942.1624222551,1709160.6112709471,10
-1149478.8497057275,1709160.6112709471,10
-1196736.7467915327,1708697.2985544198,10
-1196273.4340750051,1708697.2985544198,10
-1195810.1213584775,1708697.2985544198,10
-1195346.8086419501,1708697.2985544198,10
-1194883.4959254225,1708697.2985544198,10
-1194420.1832088951,1708697.2985544198,10
-1193956.8704923675,1708697.2985544198,10
-1193493.5577758402,1708697.2985544198,10
-1193030.2450593126,1708697.2985544198,10
-1192566.9323427852,1708697.2985544198,10
-1192103.6196262576,1708697.2985544198,10
-1191640.3069097302,1708697.2985544198,10
-1191176.9941932026,1708697.2985544198,10
-1190713.6814766752,1708697.2985544198,10
-1190250.3687601476,1708697.2985544198,10
-1189787.0560436202,1708697.2985544198,10
-1189323.7433270926,1708697.2985544198,10
-1188860.430610565,1708697.2985544198,10
-1188397.1178940376,1708697.2985544198,10
-1187933.80517751,1708697.2985544198,10
-1187470.4924609826,1708697.2985544198,10
-1187007.179744455,1708697.2985544198,10
-1186543.8670279277,1708697.2985544198,10
-1186080.5543114,1708697.2985544198,10
-1185617.2415948727,1708697.2985544198,10
-1185153.928878345,1708697.2985544198,10
-1184690.6161618177,1708697.2985544198,10
-1184227.30344529,1708697.2985544198,10
-1183763.9907287627,1708697.2985544198,10
-1183300.678012235,1708697.2985544198,10
-1182837.3652957077,1708697.2985544198,10
-1182374.05257918,1708697.2985544198,10
-1181910.7398626525,1708697.2985544198,10
-1181447.4271461251,1708697.2985544198,10
-1180984.1144295975,1708697.2985544198,10
-1180520.8017130701,1708697.2985544198,10
-1180057.4889965425,1708697.2985544198,10
-1179594.1762800151,1708697.2985544198,10
-1179130.8635634875,1708697.2985544198,10
-1178667.5508469602,1708697.2985544198,10
-1178204.2381304326,1708697.2985544198,10
-1177740.9254139052,1708697.2985544198,10
-1177277.6126973776,1708697.2985544198,10
-1176814.2999808502,1708697.2985544198,10
-1176350.9872643226,1708697.2985544198,10
-1175887.6745477952,1708697.2985544198,10
-1175424.3618312676,1708697.2985544198,10
-1174961.04911474,1708697.2985544198,10
-1174497.7363982126,1708697.2985544198,10
-1174034.4236816852,1708697.2985544198,10
-1173571.1109651576,1708697.2985544198,10
-1173107.79824863,1708697.2985544198,10
-1172644.4855321026,1708697.2985544198,10
-1172181.172815575,1708697.2985544198,10
-1171717.8600990477,1708697.2985544198,10
-1171254.54738252,1708697.2985544198,10
-1170791.2346659927,1708697.2985544198,10
-1170327.921949465,1708697.2985544198,10
-1169864.6092329377,1708697.2985544198,10
-1169401.29651641,1708697.2985544198,10
-1168937.9837998827,1708697.2985544198,10
-1168474.671083355,1708697.2985544198,10
-1168011.3583668275,1708697.2985544198,10
-1167548.0456503,1708697.2985544198,10
-1167084.7329337727,1708697.2985544198,10
-1166621.4202172451,1708697.2985544198,10
-1166158.1075007175,1708697.2985544198,10
-1165694.7947841901,1708697.2985544198,10
-1165231.4820676625,1708697.2985544198,10
-1164768.1693511351,1708697.2985544198,10
-1164304.8566346075,1708697.2985544198,10
-1163841.5439180802,1708697.2985544198,10
-1163378.2312015526,1708697.2985544198,10
-1162914.9184850252,1708697.2985544198,10
-1162451.6057684976,1708697.2985544198,10
-1161988.2930519702,1708697.2985544198,10
-1161524.9803354426,1708697.2985544198,10
-1161061.6676189152,1708697.2985544198,10
-1160598.3549023876,1708697.2985544198,10
-1160135.0421858602,1708697.2985544198,10
-1159671.7294693326,1708697.2985544198,10
-1159208.416752805,1708697.2985544198,10
-1158745.1040362776,1708697.2985544198,10
-1158281.79131975,1708697.2985544198,10
-1157818.4786032226,1708697.2985544198,10
-1157355.165886695,1708697.2985544198,10
-1156891.8531701677,1708697.2985544198,10
-1156428.54045364,1708697.2985544198,10
-1155965.2277371127,1708697.2985544198,10
-1155501.915020585,1708697.2985544198,10
-1155038.6023040577,1708697.2985544198,10
-1154575.28958753,1708697.2985544198,10
-1154111.9768710027,1708697.2985544198,10
-1153648.664154475,1708697.2985544198,10
-1153185.3514379477,1708697.2985544198,10
-1152722.03872142,1708697.2985544198,10
-1152258.7260048925,1708697.2985544198,10
-1151795.4132883651,1708697.2985544198,10
-1151332.1005718375,1708697.2985544198,10
-1150868.7878553101,1708697.2985544198,10
-1150405.4751387825,1708697.2985544198,10
-1149942.1624222551,1708697.2985544198,10
-1149478.8497057275,1708697.2985544198,10
-1196273.4340750051,1708233.9858378922,10
-1195810.1213584775,1708233.9858378922,10
-1195346.8086419501,1708233.9858378922,10
-1194883.4959254225,1708233.9858378922,10
-1194420.1832088951,1708233.9858378922,10
-1193956.8704923675,1708233.9858378922,10
-1193493.5577758402,1708233.9858378922,10
-1193030.2450593126,1708233.9858378922,10
-1192566.9323427852,1708233.9858378922,10
-1192103.6196262576,1708233.9858378922,10
-1191640.3069097302,1708233.9858378922,10
-1191176.9941932026,1708233.9858378922,10
-1190713.6814766752,1708233.9858378922,10
-1190250.3687601476,1708233.9858378922,10
-1189787.0560436202,1708233.9858378922,10
-1189323.7433270926,1708233.9858378922,10
-1188860.430610565,1708233.9858378922,10
-1188397.1178940376,1708233.9858378922,10
-1187933.80517751,1708233.9858378922,10
-1187470.4924609826,1708233.9858378922,10
-1187007.179744455,1708233.9858378922,10
-1186543.8670279277,1708233.9858378922,10
-1186080.5543114,1708233.9858378922,10
-1185617.2415948727,1708233.9858378922,10
-1185153.928878345,1708233.9858378922,10
-1184690.6161618177,1708233.9858378922,10
-1184227.30344529,1708233.9858378922,10
-1183763.9907287627,1708233.9858378922,10
-1183300.678012235,1708233.9858378922,10
-1182837.3652957077,1708233.9858378922,10
-1182374.05257918,1708233.9858378922,10
-1181910.7398626525,1708233.9858378922,10
-1181447.4271461251,1708233.9858378922,10
-1180984.1144295975,1708233.9858378922,10
-1180520.8017130701,1708233.9858378922,10
-1180057.4889965425,1708233.9858378922,10
-1179594.1762800151,1708233.9858378922,10
-1179130.8635634875,1708233.9858378922,10
-1178667.5508469602,1708233.9858378922,10
-1178204.2381304326,1708233.9858378922,10
-1177740.9254139052,1708233.9858378922,10
-1177277.6126973776,1708233.9858378922,10
-1176814.2999808502,1708233.9858378922,10
-1176350.9872643226,1708233.9858378922,10
-1175887.6745477952,1708233.9858378922,10
-1175424.3618312676,1708233.9858378922,10
-1174961.04911474,1708233.9858378922,10
-1174497.7363982126,1708233.9858378922,10
-1174034.4236816852,1708233.9858378922,10
-1173571.1109651576,1708233.9858378922,10
-1173107.79824863,1708233.9858378922,10
-1172644.4855321026,1708233.9858378922,10
-1172181.172815575,1708233.9858378922,10
-1171717.8600990477,1708233.9858378922,10
-1171254.54738252,1708233.9858378922,10
-1170791.2346659927,1708233.9858378922,10
-1170327.921949465,1708233.9858378922,10
-1169864.6092329377,1708233.9858378922,10
-1169401.29651641,1708233.9858378922,10
-1168937.9837998827,1708233.9858378922,10
-1168474.671083355,1708233.9858378922,10
-1168011.3583668275,1708233.9858378922,10
-1167548.0456503,1708233.9858378922,10
-1167084.7329337727,1708233.9858378922,10
-1166621.4202172451,1708233.9858378922,10
-1166158.1075007175,1708233.9858378922,10
-1165694.7947841901,1708233.9858378922,10
-1165231.4820676625,1708233.9858378922,10
-1164768.1693511351,1708233.9858378922,10
-1164304.8566346075,1708233.9858378922,10
-1163841.5439180802,1708233.9858378922,10
-1163378.2312015526,1708233.9858378922,10
-1162914.9184850252,1708233.9858378922,10
-1162451.6057684976,1708233.9858378922,10
-1161988.2930519702,1708233.9858378922,10
-1161524.9803354426,1708233.9858378922,10
-1161061.6676189152,1708233.9858378922,10
-1160598.3549023876,1708233.9858378922,10
-1160135.0421858602,1708233.9858378922,10
-1159671.7294693326,1708233.9858378922,10
-1159208.416752805,1708233.9858378922,10
-1158745.1040362776,1708233.9858378922,10
-1158281.79131975,1708233.9858378922,10
-1157818.4786032226,1708233.9858378922,10
-1157355.165886695,1708233.9858378922,10
-1156891.8531701677,1708233.9858378922,10
-1156428.54045364,1708233.9858378922,10
-1155965.2277371127,1708233.9858378922,10
-1155501.915020585,1708233.9858378922,10
-1155038.6023040577,1708233.9858378922,10
-1154575.28958753,1708233.9858378922,10
-1154111.9768710027,1708233.9858378922,10
-1153648.664154475,1708233.9858378922,10
-1153185.3514379477,1708233.9858378922,10
-1152722.03872142,1708233.9858378922,10
-1152258.7260048925,1708233.9858378922,10
-1151795.4132883651,1708233.9858378922,10
-1151332.1005718375,1708233.9858378922,10
-1150868.7878553101,1708233.9858378922,10
-1150405.4751387825,1708233.9858378922,10
-1149942.1624222551,1708233.9858378922,10
-1149478.8497057275,1708233.9858378922,10
-1195346.8086419501,1707770.6731213648,10
-1194883.4959254225,1707770.6731213648,10
-1194420.1832088951,1707770.6731213648,10
-1193956.8704923675,1707770.6731213648,10
-1193493.5577758402,1707770.6731213648,10
-1193030.2450593126,1707770.6731213648,10
-1192566.9323427852,1707770.6731213648,10
-1192103.6196262576,1707770.6731213648,10
-1191640.3069097302,1707770.6731213648,10
-1191176.9941932026,1707770.6731213648,10
-1190713.6814766752,1707770.6731213648,10
-1190250.3687601476,1707770.6731213648,10
-1189787.0560436202,1707770.6731213648,10
-1189323.7433270926,1707770.6731213648,10
-1188860.430610565,1707770.6731213648,10
-1188397.1178940376,1707770.6731213648,10
-1187933.80517751,1707770.6731213648,10
-1187470.4924609826,1707770.6731213648,10
-1187007.179744455,1707770.6731213648,10
-1186543.8670279277,1707770.6731213648,10
-1186080.5543114,1707770.6731213648,10
-1185617.2415948727,1707770.6731213648,10
-1185153.928878345,1707770.6731213648,10
-1184690.6161618177,1707770.6731213648,10
-1184227.30344529,1707770.6731213648,10
-1183763.9907287627,1707770.6731213648,10
-1183300.678012235,1707770.6731213648,10
-1182837.3652957077,1707770.6731213648,10
-1182374.05257918,1707770.6731213648,10
-1181910.7398626525,1707770.6731213648,10
-1181447.4271461251,1707770.6731213648,10
-1180984.1144295975,1707770.6731213648,10
-1180520.8017130701,1707770.6731213648,10
-1180057.4889965425,1707770.6731213648,10
-1179594.1762800151,1707770.6731213648,10
-1179130.8635634875,1707770.6731213648,10
-1178667.5508469602,1707770.6731213648,10
-1178204.2381304326,1707770.6731213648,10
-1177740.9254139052,1707770.6731213648,10
-1177277.6126973776,1707770.6731213648,10
-1176814.2999808502,1707770.6731213648,10
-1176350.9872643226,1707770.6731213648,10
-1175887.6745477952,1707770.6731213648,10
-1175424.3618312676,1707770.6731213648,10
-1174961.04911474,1707770.6731213648,10
-1174497.7363982126,1707770.6731213648,10
-1174034.4236816852,1707770.6731213648,10
-1173571.1109651576,1707770.6731213648,10
-1173107.79824863,1707770.6731213648,10
-1172644.4855321026,1707770.6731213648,10
-1172181.172815575,1707770.6731213648,10
-1171717.8600990477,1707770.6731213648,10
-1171254.54738252,1707770.6731213648,10
-1170791.2346659927,1707770.6731213648,10
-1170327.921949465,1707770.6731213648,10
-1169864.6092329377,1707770.6731213648,10
-1169401.29651641,1707770.6731213648,10
-1168937.9837998827,1707770.6731213648,10
-1168474.671083355,1707770.6731213648,10
-1168011.3583668275,1707770.6731213648,10
-1167548.0456503,1707770.6731213648,10
-1167084.7329337727,1707770.6731213648,10
-1166621.4202172451,1707770.6731213648,10
-1166158.1075007175,1707770.6731213648,10
-1165694.7947841901,1707770.6731213648,10
-1165231.4820676625,1707770.6731213648,10
-1164768.1693511351,1707770.6731213648,10
-1164304.8566346075,1707770.6731213648,10
-1163841.5439180802,1707770.6731213648,10
-1163378.2312015526,1707770.6731213648,10
-1162914.9184850252,1707770.6731213648,10
-1162451.6057684976,1707770.6731213648,10
-1161988.2930519702,1707770.6731213648,10
-1161524.9803354426,1707770.6731213648,10
-1161061.6676189152,1707770.6731213648,10
-1160598.3549023876,1707770.6731213648,10
-1160135.0421858602,1707770.6731213648,10
-1159671.7294693326,1707770.6731213648,10
-1159208.416752805,1707770.6731213648,10
-1158745.1040362776,1707770.6731213648,10
-1158281.79131975,1707770.6731213648,10
-1157818.4786032226,1707770.6731213648,10
-1157355.165886695,1707770.6731213648,10
-1156891.8531701677,1707770.6731213648,10
-1156428.54045364,1707770.6731213648,10
-1155965.2277371127,1707770.6731213648,10
-1155501.915020585,1707770.6731213648,10
-1155038.6023040577,1707770.6731213648,10
-1154575.28958753,1707770.6731213648,10
-1154111.9768710027,1707770.6731213648,10
-1153648.664154475,1707770.6731213648,10
-1153185.3514379477,1707770.6731213648,10
-1152722.03872142,1707770.6731213648,10
-1152258.7260048925,1707770.6731213648,10
-1151795.4132883651,1707770.6731213648,10
-1151332.1005718375,1707770.6731213648,10
-1150868.7878553101,1707770.6731213648,10
-1150405.4751387825,1707770.6731213648,10
-1149942.1624222551,1707770.6731213648,10
-1194883.4959254225,1707307.3604048372,10
-1194420.1832088951,1707307.3604048372,10
-1193956.8704923675,1707307.3604048372,10
-1193493.5577758402,1707307.3604048372,10
-1193030.2450593126,1707307.3604048372,10
-1192566.9323427852,1707307.3604048372,10
-1192103.6196262576,1707307.3604048372,10
-1191640.3069097302,1707307.3604048372,10
-1191176.9941932026,1707307.3604048372,10
-1190713.6814766752,1707307.3604048372,10
-1190250.3687601476,1707307.3604048372,10
-1189787.0560436202,1707307.3604048372,10
-1189323.7433270926,1707307.3604048372,10
-1188860.430610565,1707307.3604048372,10
-1188397.1178940376,1707307.3604048372,10
-1187933.80517751,1707307.3604048372,10
-1187470.4924609826,1707307.3604048372,10
-1187007.179744455,1707307.3604048372,10
-1186543.8670279277,1707307.3604048372,10
-1186080.5543114,1707307.3604048372,10
-1185617.2415948727,1707307.3604048372,10
-1185153.928878345,1707307.3604048372,10
-1184690.6161618177,1707307.3604048372,10
-1184227.30344529,1707307.3604048372,10
-1183763.9907287627,1707307.3604048372,10
-1183300.678012235,1707307.3604048372,10
-1182837.3652957077,1707307.3604048372,10
-1182374.05257918,1707307.3604048372,10
-1181910.7398626525,1707307.3604048372,10
-1181447.4271461251,1707307.3604048372,10
-1180984.1144295975,1707307.3604048372,10
-1180520.8017130701,1707307.3604048372,10
-1180057.4889965425,1707307.3604048372,10
-1179594.1762800151,1707307.3604048372,10
-1179130.8635634875,1707307.3604048372,10
-1178667.5508469602,1707307.3604048372,10
-1178204.2381304326,1707307.3604048372,10
-1177740.9254139052,1707307.3604048372,10
-1177277.6126973776,1707307.3604048372,10
-1176814.2999808502,1707307.3604048372,10
-1176350.9872643226,1707307.3604048372,10
-1175887.6745477952,1707307.3604048372,10
-1175424.3618312676,1707307.3604048372,10
-1174961.04911474,1707307.3604048372,10
-1174497.7363982126,1707307.3604048372,10
-1174034.4236816852,1707307.3604048372,10
-1173571.1109651576,1707307.3604048372,10
-1173107.79824863,1707307.3604048372,10
-1172644.4855321026,1707307.3604048372,10
-1172181.172815575,1707307.3604048372,10
-1171717.8600990477,1707307.3604048372,10
-1171254.54738252,1707307.3604048372,10
-1170791.2346659927,1707307.3604048372,10
-1170327.921949465,1707307.3604048372,10
-1169864.6092329377,1707307.3604048372,10
-1169401.29651641,1707307.3604048372,10
-1168937.9837998827,1707307.3604048372,10
-1168474.671083355,1707307.3604048372,10
-1168011.3583668275,1707307.3604048372,10
-1167548.0456503,1707307.3604048372,10
-1167084.7329337727,1707307.3604048372,10
-1166621.4202172451,1707307.3604048372,10
-1166158.1075007175,1707307.3604048372,10
-1165694.7947841901,1707307.3604048372,10
-1165231.4820676625,1707307.3604048372,10
-1164768.1693511351,1707307.3604048372,10
-1164304.8566346075,1707307.3604048372,10
-1163841.5439180802,1707307.3604048372,10
-1163378.2312015526,1707307.3604048372,10
-1162914.9184850252,1707307.3604048372,10
-1162451.6057684976,1707307.3604048372,10
-1161988.2930519702,1707307.3604048372,10
-1161524.9803354426,1707307.3604048372,10
-1161061.6676189152,1707307.3604048372,10
-1160598.3549023876,1707307.3604048372,10
-1160135.0421858602,1707307.3604048372,10
-1159671.7294693326,1707307.3604048372,10
-1159208.416752805,1707307.3604048372,10
-1158745.1040362776,1707307.3604048372,10
-1158281.79131975,1707307.3604048372,10
-1157818.4786032226,1707307.3604048372,10
-1157355.165886695,1707307.3604048372,10
-1156891.8531701677,1707307.3604048372,10
-1156428.54045364,1707307.3604048372,10
-1155965.2277371127,1707307.3604048372,10
-1155501.915020585,1707307.3604048372,10
-1155038.6023040577,1707307.3604048372,10
-1154575.28958753,1707307.3604048372,10
-1154111.9768710027,1707307.3604048372,10
-1153648.664154475,1707307.3604048372,10
-1153185.3514379477,1707307.3604048372,10
-1152722.03872142,1707307.3604048372,10
-1152258.7260048925,1707307.3604048372,10
-1151795.4132883651,1707307.3604048372,10
-1151332.1005718375,1707307.3604048372,10
-1150868.7878553101,1707307.3604048372,10
-1150405.4751387825,1707307.3604048372,10
-1149942.1624222551,1707307.3604048372,10
-1194420.1832088951,1706844.0476883096,10
-1193956.8704923675,1706844.0476883096,10
-1193493.5577758402,1706844.0476883096,10
-1193030.2450593126,1706844.0476883096,10
-1192566.9323427852,1706844.0476883096,10
-1192103.6196262576,1706844.0476883096,10
-1191640.3069097302,1706844.0476883096,10
-1191176.9941932026,1706844.0476883096,10
-1190713.6814766752,1706844.0476883096,10
-1190250.3687601476,1706844.0476883096,10
-1189787.0560436202,1706844.0476883096,10
-1189323.7433270926,1706844.0476883096,10
-1188860.430610565,1706844.0476883096,10
-1188397.1178940376,1706844.0476883096,10
-1187933.80517751,1706844.0476883096,10
-1187470.4924609826,1706844.0476883096,10
-1187007.179744455,1706844.0476883096,10
-1186543.8670279277,1706844.0476883096,10
-1186080.5543114,1706844.0476883096,10
-1185617.2415948727,1706844.0476883096,10
-1185153.928878345,1706844.0476883096,10
-1184690.6161618177,1706844.0476883096,10
-1184227.30344529,1706844.0476883096,10
-1183763.9907287627,1706844.0476883096,10
-1183300.678012235,1706844.0476883096,10
-1182837.3652957077,1706844.0476883096,10
-1182374.05257918,1706844.0476883096,10
-1181910.7398626525,1706844.0476883096,10
-1181447.4271461251,1706844.0476883096,10
-1180984.1144295975,1706844.0476883096,10
-1180520.8017130701,1706844.0476883096,10
-1180057.4889965425,1706844.0476883096,10
-1179594.1762800151,1706844.0476883096,10
-1179130.8635634875,1706844.0476883096,10
-1178667.5508469602,1706844.0476883096,10
-1178204.2381304326,1706844.0476883096,10
-1177740.9254139052,1706844.0476883096,10
-1177277.6126973776,1706844.0476883096,10
-1176814.2999808502,1706844.0476883096,10
-1176350.9872643226,1706844.0476883096,10
-1175887.6745477952,1706844.0476883096,10
-1175424.3618312676,1706844.0476883096,10
-1174961.04911474,1706844.0476883096,10
-1174497.7363982126,1706844.0476883096,10
-1174034.4236816852,1706844.0476883096,10
-1173571.1109651576,1706844.0476883096,10
-1173107.79824863,1706844.0476883096,10
-1172644.4855321026,1706844.0476883096,10
-1172181.172815575,1706844.0476883096,10
-1171717.8600990477,1706844.0476883096,10
-1171254.54738252,1706844.0476883096,10
-1170791.2346659927,1706844.0476883096,10
-1170327.921949465,1706844.0476883096,10
-1169864.6092329377,1706844.0476883096,10
-1169401.29651641,1706844.0476883096,10
-1168937.9837998827,1706844.0476883096,10
-1168474.671083355,1706844.0476883096,10
-1168011.3583668275,1706844.0476883096,10
-1167548.0456503,1706844.0476883096,10
-1167084.7329337727,1706844.0476883096,10
-1166621.4202172451,1706844.0476883096,10
-1166158.1075007175,1706844.0476883096,10
-1165694.7947841901,1706844.0476883096,10
-1165231.4820676625,1706844.0476883096,10
-1164768.1693511351,1706844.0476883096,10
-1164304.8566346075,1706844.0476883096,10
-1163841.5439180802,1706844.0476883096,10
-1163378.2312015526,1706844.0476883096,10
-1162914.9184850252,1706844.0476883096,10
-1162451.6057684976,1706844.0476883096,10
-1161988.2930519702,1706844.0476883096,10
-1161524.9803354426,1706844.0476883096,10
-1161061.6676189152,1706844.0476883096,10
-1160598.3549023876,1706844.0476883096,10
-1160135.0421858602,1706844.0476883096,10
-1159671.7294693326,1706844.0476883096,10
-1159208.416752805,1706844.0476883096,10
-1158745.1040362776,1706844.0476883096,10
-1158281.79131975,1706844.0476883096,10
-1157818.4786032226,1706844.0476883096,10
-1157355.165886695,1706844.0476883096,10
-1156891.8531701677,1706844.0476883096,10
-1156428.54045364,1706844.0476883096,10
-1155965.2277371127,1706844.0476883096,10
-1155501.915020585,1706844.0476883096,10
-1155038.6023040577,1706844.0476883096,10
-1154575.28958753,1706844.0476883096,10
-1154111.9768710027,1706844.0476883096,10
-1153648.664154475,1706844.0476883096,10
-1153185.3514379477,1706844.0476883096,10
-1152722.03872142,1706844.0476883096,10
-1152258.7260048925,1706844.0476883096,10
-1151795.4132883651,1706844.0476883096,10
-1151332.1005718375,1706844.0476883096,10
-1150868.7878553101,1706844.0476883096,10
-1150405.4751387825,1706844.0476883096,10
-1193956.8704923675,1706380.7349717822,10
-1193493.5577758402,1706380.7349717822,10
-1193030.2450593126,1706380.7349717822,10
-1192566.9323427852,1706380.7349717822,10
-1192103.6196262576,1706380.7349717822,10
-1191640.3069097302,1706380.7349717822,10
-1191176.9941932026,1706380.7349717822,10
-1190713.6814766752,1706380.7349717822,10
-1190250.3687601476,1706380.7349717822,10
-1189787.0560436202,1706380.7349717822,10
-1189323.7433270926,1706380.7349717822,10
-1188860.430610565,1706380.7349717822,10
-1188397.1178940376,1706380.7349717822,10
-1187933.80517751,1706380.7349717822,10
-1187470.4924609826,1706380.7349717822,10
-1187007.179744455,1706380.7349717822,10
-1186543.8670279277,1706380.7349717822,10
-1186080.5543114,1706380.7349717822,10
-1185617.2415948727,1706380.7349717822,10
-1185153.928878345,1706380.7349717822,10
-1184690.6161618177,1706380.7349717822,10
-1184227.30344529,1706380.7349717822,10
-1183763.9907287627,1706380.7349717822,10
-1183300.678012235,1706380.7349717822,10
-1182837.3652957077,1706380.7349717822,10
-1182374.05257918,1706380.7349717822,10
-1181910.7398626525,1706380.7349717822,10
-1181447.4271461251,1706380.7349717822,10
-1180984.1144295975,1706380.7349717822,10
-1180520.8017130701,1706380.7349717822,10
-1180057.4889965425,1706380.7349717822,10
-1179594.1762800151,1706380.7349717822,10
-1179130.8635634875,1706380.7349717822,10
-1178667.5508469602,1706380.7349717822,10
-1178204.2381304326,1706380.7349717822,10
-1177740.9254139052,1706380.7349717822,10
-1177277.6126973776,1706380.7349717822,10
-1176814.2999808502,1706380.7349717822,10
-1176350.9872643226,1706380.7349717822,10
-1175887.6745477952,1706380.7349717822,10
-1175424.3618312676,1706380.7349717822,10
-1174961.04911474,1706380.7349717822,10
-1174497.7363982126,1706380.7349717822,10
-1174034.4236816852,1706380.7349717822,10
-1173571.1109651576,1706380.7349717822,10
-1173107.79824863,1706380.7349717822,10
-1172644.4855321026,1706380.7349717822,10
-1172181.172815575,1706380.7349717822,10
-1171717.8600990477,1706380.7349717822,10
-1171254.54738252,1706380.7349717822,10
-1170791.2346659927,1706380.7349717822,10
-1170327.921949465,1706380.7349717822,10
-1169864.6092329377,1706380.7349717822,10
-1169401.29651641,1706380.7349717822,10
-1168937.9837998827,1706380.7349717822,10
-1168474.671083355,1706380.7349717822,10
-1168011.3583668275,1706380.7349717822,10
-1167548.0456503,1706380.7349717822,10
-1167084.7329337727,1706380.7349717822,10
-1166621.4202172451,1706380.7349717822,10
-1166158.1075007175,1706380.7349717822,10
-1165694.7947841901,1706380.7349717822,10
-1165231.4820676625,1706380.7349717822,10
-1164768.1693511351,1706380.7349717822,10
-1164304.8566346075,1706380.7349717822,10
-1163841.5439180802,1706380.7349717822,10
-1163378.2312015526,1706380.7349717822,10
-1162914.9184850252,1706380.7349717822,10
-1162451.6057684976,1706380.7349717822,10
-1161988.2930519702,1706380.7349717822,10
-1161524.9803354426,1706380.7349717822,10
-1161061.6676189152,1706380.7349717822,10
-1160598.3549023876,1706380.7349717822,10
-1160135.0421858602,1706380.7349717822,10
-1159671.7294693326,1706380.7349717822,10
-1159208.416752805,1706380.7349717822,10
-1158745.1040362776,1706380.7349717822,10
-1158281.79131975,1706380.7349717822,10
-1157818.4786032226,1706380.7349717822,10
-1157355.165886695,1706380.7349717822,10
-1156891.8531701677,1706380.7349717822,10
-1156428.54045364,1706380.7349717822,10
-1155965.2277371127,1706380.7349717822,10
-1155501.915020585,1706380.7349717822,10
-1155038.6023040577,1706380.7349717822,10
-1154575.28958753,1706380.7349717822,10
-1154111.9768710027,1706380.7349717822,10
-1153648.664154475,1706380.7349717822,10
-1153185.3514379477,1706380.7349717822,10
-1152722.03872142,1706380.7349717822,10
-1152258.7260048925,1706380.7349717822,10
-1151795.4132883651,1706380.7349717822,10
-1151332.1005718375,1706380.7349717822,10
-1150868.7878553101,1706380.7349717822,10
-1150405.4751387825,1706380.7349717822,10
-1193493.5577758402,1705917.4222552548,10
-1193030.2450593126,1705917.4222552548,10
-1192566.9323427852,1705917.4222552548,10
-1192103.6196262576,1705917.4222552548,10
-1191640.3069097302,1705917.4222552548,10
-1191176.9941932026,1705917.4222552548,10
-1190713.6814766752,1705917.4222552548,10
-1190250.3687601476,1705917.4222552548,10
-1189787.0560436202,1705917.4222552548,10
-1189323.7433270926,1705917.4222552548,10
-1188860.430610565,1705917.4222552548,10
-1188397.1178940376,1705917.4222552548,10
-1187933.80517751,1705917.4222552548,10
-1187470.4924609826,1705917.4222552548,10
-1187007.179744455,1705917.4222552548,10
-1186543.8670279277,1705917.4222552548,10
-1186080.5543114,1705917.4222552548,10
-1185617.2415948727,1705917.4222552548,10
-1185153.928878345,1705917.4222552548,10
-1184690.6161618177,1705917.4222552548,10
-1184227.30344529,1705917.4222552548,10
-1183763.9907287627,1705917.4222552548,10
-1183300.678012235,1705917.4222552548,10
-1182837.3652957077,1705917.4222552548,10
-1182374.05257918,1705917.4222552548,10
-1181910.7398626525,1705917.4222552548,10
-1181447.4271461251,1705917.4222552548,10
-1180984.1144295975,1705917.4222552548,10
-1180520.8017130701,1705917.4222552548,10
-1180057.4889965425,1705917.4222552548,10
-1179594.1762800151,1705917.4222552548,10
-1179130.8635634875,1705917.4222552548,10
-1178667.5508469602,1705917.4222552548,10
-1178204.2381304326,1705917.4222552548,10
-1177740.9254139052,1705917.4222552548,10
-1177277.6126973776,1705917.4222552548,10
-1176814.2999808502,1705917.4222552548,10
-1176350.9872643226,1705917.4222552548,10
-1175887.6745477952,1705917.4222552548,10
-1175424.3618312676,1705917.4222552548,10
-1174961.04911474,1705917.4222552548,10
-1174497.7363982126,1705917.4222552548,10
-1174034.4236816852,1705917.4222552548,10
-1173571.1109651576,1705917.4222552548,10
-1173107.79824863,1705917.4222552548,10
-1172644.4855321026,1705917.4222552548,10
-1172181.172815575,1705917.4222552548,10
-1171717.8600990477,1705917.4222552548,10
-1171254.54738252,1705917.4222552548,10
-1170791.2346659927,1705917.4222552548,10
-1170327.921949465,1705917.4222552548,10
-1169864.6092329377,1705917.4222552548,10
-1169401.29651641,1705917.4222552548,10
-1168937.9837998827,1705917.4222552548,10
-1168474.671083355,1705917.4222552548,10
-1168011.3583668275,1705917.4222552548,10
-1167548.0456503,1705917.4222552548,10
-1167084.7329337727,1705917.4222552548,10
-1166621.4202172451,1705917.4222552548,10
-1166158.1075007175,1705917.4222552548,10
-1165694.7947841901,1705917.4222552548,10
-1165231.4820676625,1705917.4222552548,10
-1164768.1693511351,1705917.4222552548,10
-1164304.8566346075,1705917.4222552548,10
-1163841.5439180802,1705917.4222552548,10
-1163378.2312015526,1705917.4222552548,10
-1162914.9184850252,1705917.4222552548,10
-1162451.6057684976,1705917.4222552548,10
-1161988.2930519702,1705917.4222552548,10
-1161524.9803354426,1705917.4222552548,10
-1161061.6676189152,1705917.4222552548,10
-1160598.3549023876,1705917.4222552548,10
-1160135.0421858602,1705917.4222552548,10
-1159671.7294693326,1705917.4222552548,10
-1159208.416752805,1705917.4222552548,10
-1158745.1040362776,1705917.4222552548,10
-1158281.79131975,1705917.4222552548,10
-1157818.4786032226,1705917.4222552548,10
-1157355.165886695,1705917.4222552548,10
-1156891.8531701677,1705917.4222552548,10
-1156428.54045364,1705917.4222552548,10
-1155965.2277371127,1705917.4222552548,10
-1155501.915020585,1705917.4222552548,10
-1155038.6023040577,1705917.4222552548,10
-1154575.28958753,1705917.4222552548,10
-1154111.9768710027,1705917.4222552548,10
-1153648.664154475,1705917.4222552548,10
-1153185.3514379477,1705917.4222552548,10
-1152722.03872142,1705917.4222552548,10
-1152258.7260048925,1705917.4222552548,10
-1151795.4132883651,1705917.4222552548,10
-1151332.1005718375,1705917.4222552548,10
-1150868.7878553101,1705917.4222552548,10
-1193030.2450593126,1705454.1095387272,10
-1192566.9323427852,1705454.1095387272,10
-1192103.6196262576,1705454.1095387272,10
-1191640.3069097302,1705454.1095387272,10
-1191176.9941932026,1705454.1095387272,10
-1190713.6814766752,1705454.1095387272,10
-1190250.3687601476,1705454.1095387272,10
-1189787.0560436202,1705454.1095387272,10
-1189323.7433270926,1705454.1095387272,10
-1188860.430610565,1705454.1095387272,10
-1188397.1178940376,1705454.1095387272,10
-1187933.80517751,1705454.1095387272,10
-1187470.4924609826,1705454.1095387272,10
-1187007.179744455,1705454.1095387272,10
-1186543.8670279277,1705454.1095387272,10
-1186080.5543114,1705454.1095387272,10
-1185617.2415948727,1705454.1095387272,10
-1185153.928878345,1705454.1095387272,10
-1184690.6161618177,1705454.1095387272,10
-1184227.30344529,1705454.1095387272,10
-1183763.9907287627,1705454.1095387272,10
-1183300.678012235,1705454.1095387272,10
-1182837.3652957077,1705454.1095387272,10
-1182374.05257918,1705454.1095387272,10
-1181910.7398626525,1705454.1095387272,10
-1181447.4271461251,1705454.1095387272,10
-1180984.1144295975,1705454.1095387272,10
-1180520.8017130701,1705454.1095387272,10
-1180057.4889965425,1705454.1095387272,10
-1179594.1762800151,1705454.1095387272,10
-1179130.8635634875,1705454.1095387272,10
-1178667.5508469602,1705454.1095387272,10
-1178204.2381304326,1705454.1095387272,10
-1177740.9254139052,1705454.1095387272,10
-1177277.6126973776,1705454.1095387272,10
-1176814.2999808502,1705454.1095387272,10
-1176350.9872643226,1705454.1095387272,10
-1175887.6745477952,1705454.1095387272,10
-1175424.3618312676,1705454.1095387272,10
-1174961.04911474,1705454.1095387272,10
-1174497.7363982126,1705454.1095387272,10
-1174034.4236816852,1705454.1095387272,10
-1173571.1109651576,1705454.1095387272,10
-1173107.79824863,1705454.1095387272,10
-1172644.4855321026,1705454.1095387272,10
-1172181.172815575,1705454.1095387272,10
-1171717.8600990477,1705454.1095387272,10
-1171254.54738252,1705454.1095387272,10
-1170791.2346659927,1705454.1095387272,10
-1170327.921949465,1705454.1095387272,10
-1169864.6092329377,1705454.1095387272,10
-1169401.29651641,1705454.1095387272,10
-1168937.9837998827,1705454.1095387272,10
-1168474.671083355,1705454.1095387272,10
-1168011.3583668275,1705454.1095387272,10
-1167548.0456503,1705454.1095387272,10
-1167084.7329337727,1705454.1095387272,10
-1166621.4202172451,1705454.1095387272,10
-1166158.1075007175,1705454.1095387272,10
-1165694.7947841901,1705454.1095387272,10
-1165231.4820676625,1705454.1095387272,10
-1164768.1693511351,1705454.1095387272,10
-1164304.8566346075,1705454.1095387272,10
-1163841.5439180802,1705454.1095387272,10
-1163378.2312015526,1705454.1095387272,10
-1162914.9184850252,1705454.1095387272,10
-1162451.6057684976,1705454.1095387272,10
-1161988.2930519702,1705454.1095387272,10
-1161524.9803354426,1705454.1095387272,10
-1161061.6676189152,1705454.1095387272,10
-1160598.3549023876,1705454.1095387272,10
-1160135.0421858602,1705454.1095387272,10
-1159671.7294693326,1705454.1095387272,10
-1159208.416752805,1705454.1095387272,10
-1158745.1040362776,1705454.1095387272,10
-1158281.79131975,1705454.1095387272,10
-1157818.4786032226,1705454.1095387272,10
-1157355.165886695,1705454.1095387272,10
-1156891.8531701677,1705454.1095387272,10
-1156428.54045364,1705454.1095387272,10
-1155965.2277371127,1705454.1095387272,10
-1155501.915020585,1705454.1095387272,10
-1155038.6023040577,1705454.1095387272,10
-1154575.28958753,1705454.1095387272,10
-1154111.9768710027,1705454.1095387272,10
-1153648.664154475,1705454.1095387272,10
-1153185.3514379477,1705454.1095387272,10
-1152722.03872142,1705454.1095387272,10
-1152258.7260048925,1705454.1095387272,10
-1151795.4132883651,1705454.1095387272,10
-1192566.9323427852,1704990.7968221996,10
-1192103.6196262576,1704990.7968221996,10
-1191640.3069097302,1704990.7968221996,10
-1191176.9941932026,1704990.7968221996,10
-1190713.6814766752,1704990.7968221996,10
-1190250.3687601476,1704990.7968221996,10
-1189787.0560436202,1704990.7968221996,10
-1189323.7433270926,1704990.7968221996,10
-1188860.430610565,1704990.7968221996,10
-1188397.1178940376,1704990.7968221996,10
-1187933.80517751,1704990.7968221996,10
-1187470.4924609826,1704990.7968221996,10
-1187007.179744455,1704990.7968221996,10
-1186543.8670279277,1704990.7968221996,10
-1186080.5543114,1704990.7968221996,10
-1185617.2415948727,1704990.7968221996,10
-1185153.928878345,1704990.7968221996,10
-1184690.6161618177,1704990.7968221996,10
-1184227.30344529,1704990.7968221996,10
-1183763.9907287627,1704990.7968221996,10
-1183300.678012235,1704990.7968221996,10
-1182837.3652957077,1704990.7968221996,10
-1182374.05257918,1704990.7968221996,10
-1181910.7398626525,1704990.7968221996,10
-1181447.4271461251,1704990.7968221996,10
-1180984.1144295975,1704990.7968221996,10
-1180520.8017130701,1704990.7968221996,10
-1180057.4889965425,1704990.7968221996,10
-1179594.1762800151,1704990.7968221996,10
-1179130.8635634875,1704990.7968221996,10
-1178667.5508469602,1704990.7968221996,10
-1178204.2381304326,1704990.7968221996,10
-1177740.9254139052,1704990.7968221996,10
-1177277.6126973776,1704990.7968221996,10
-1176814.2999808502,1704990.7968221996,10
-1176350.9872643226,1704990.7968221996,10
-1175887.6745477952,1704990.7968221996,10
-1175424.3618312676,1704990.7968221996,10
-1174961.04911474,1704990.7968221996,10
-1174497.7363982126,1704990.7968221996,10
-1174034.4236816852,1704990.7968221996,10
-1173571.1109651576,1704990.7968221996,10
-1173107.79824863,1704990.7968221996,10
-1172644.4855321026,1704990.7968221996,10
-1172181.172815575,1704990.7968221996,10
-1171717.8600990477,1704990.7968221996,10
-1171254.54738252,1704990.7968221996,10
-1170791.2346659927,1704990.7968221996,10
-1170327.921949465,1704990.7968221996,10
-1169864.6092329377,1704990.7968221996,10
-1169401.29651641,1704990.7968221996,10
-1168937.9837998827,1704990.7968221996,10
-1168474.671083355,1704990.7968221996,10
-1168011.3583668275,1704990.7968221996,10
-1167548.0456503,1704990.7968221996,10
-1167084.7329337727,1704990.7968221996,10
-1166621.4202172451,1704990.7968221996,10
-1166158.1075007175,1704990.7968221996,10
-1165694.7947841901,1704990.7968221996,10
-1165231.4820676625,1704990.7968221996,10
-1164768.1693511351,1704990.7968221996,10
-1164304.8566346075,1704990.7968221996,10
-1163841.5439180802,1704990.7968221996,10
-1163378.2312015526,1704990.7968221996,10
-1162914.9184850252,1704990.7968221996,10
-1162451.6057684976,1704990.7968221996,10
-1161988.2930519702,1704990.7968221996,10
-1161524.9803354426,1704990.7968221996,10
-1161061.6676189152,1704990.7968221996,10
-1160598.3549023876,1704990.7968221996,10
-1160135.0421858602,1704990.7968221996,10
-1159671.7294693326,1704990.7968221996,10
-1159208.416752805,1704990.7968221996,10
-1158745.1040362776,1704990.7968221996,10
-1158281.79131975,1704990.7968221996,10
-1157818.4786032226,1704990.7968221996,10
-1157355.165886695,1704990.7968221996,10
-1156891.8531701677,1704990.7968221996,10
-1156428.54045364,1704990.7968221996,10
-1155965.2277371127,1704990.7968221996,10
-1155501.915020585,1704990.7968221996,10
-1155038.6023040577,1704990.7968221996,10
-1154575.28958753,1704990.7968221996,10
-1154111.9768710027,1704990.7968221996,10
-1153648.664154475,1704990.7968221996,10
-1153185.3514379477,1704990.7968221996,10
-1152722.03872142,1704990.7968221996,10
-1152258.7260048925,1704990.7968221996,10
-1192103.6196262576,1704527.4841056722,10
-1191640.3069097302,1704527.4841056722,10
-1191176.9941932026,1704527.4841056722,10
-1190713.6814766752,1704527.4841056722,10
-1190250.3687601476,1704527.4841056722,10
-1189787.0560436202,1704527.4841056722,10
-1189323.7433270926,1704527.4841056722,10
-1188860.430610565,1704527.4841056722,10
-1188397.1178940376,1704527.4841056722,10
-1187933.80517751,1704527.4841056722,10
-1187470.4924609826,1704527.4841056722,10
-1187007.179744455,1704527.4841056722,10
-1186543.8670279277,1704527.4841056722,10
-1186080.5543114,1704527.4841056722,10
-1185617.2415948727,1704527.4841056722,10
-1185153.928878345,1704527.4841056722,10
-1184690.6161618177,1704527.4841056722,10
-1184227.30344529,1704527.4841056722,10
-1183763.9907287627,1704527.4841056722,10
-1183300.678012235,1704527.4841056722,10
-1182837.3652957077,1704527.4841056722,10
-1182374.05257918,1704527.4841056722,10
-1181910.7398626525,1704527.4841056722,10
-1181447.4271461251,1704527.4841056722,10
-1180984.1144295975,1704527.4841056722,10
-1180520.8017130701,1704527.4841056722,10
-1180057.4889965425,1704527.4841056722,10
-1179594.1762800151,1704527.4841056722,10
-1179130.8635634875,1704527.4841056722,10
-1178667.5508469602,1704527.4841056722,10
-1178204.2381304326,1704527.4841056722,10
-1177740.9254139052,1704527.4841056722,10
-1177277.6126973776,1704527.4841056722,10
-1176814.2999808502,1704527.4841056722,10
-1176350.9872643226,1704527.4841056722,10
-1175887.6745477952,1704527.4841056722,10
-1175424.3618312676,1704527.4841056722,10
-1174961.04911474,1704527.4841056722,10
-1174497.7363982126,1704527.4841056722,10
-1174034.4236816852,1704527.4841056722,10
-1173571.1109651576,1704527.4841056722,10
-1173107.79824863,1704527.4841056722,10
-1172644.4855321026,1704527.4841056722,10
-1172181.172815575,1704527.4841056722,10
-1171717.8600990477,1704527.4841056722,10
-1171254.54738252,1704527.4841056722,10
-1170791.2346659927,1704527.4841056722,10
-1170327.921949465,1704527.4841056722,10
-1169864.6092329377,1704527.4841056722,10
-1169401.29651641,1704527.4841056722,10
-1168937.9837998827,1704527.4841056722,10
-1168474.671083355,1704527.4841056722,10
-1168011.3583668275,1704527.4841056722,10
-1167548.0456503,1704527.4841056722,10
-1167084.7329337727,1704527.4841056722,10
-1166621.4202172451,1704527.4841056722,10
-1166158.1075007175,1704527.4841056722,10
-1165694.7947841901,1704527.4841056722,10
-1165231.4820676625,1704527.4841056722,10
-1164768.1693511351,1704527.4841056722,10
-1164304.8566346075,1704527.4841056722,10
-1163841.5439180802,1704527.4841056722,10
-1163378.2312015526,1704527.4841056722,10
-1162914.9184850252,1704527.4841056722,10
-1162451.6057684976,1704527.4841056722,10
-1161988.2930519702,1704527.4841056722,10
-1161524.9803354426,1704527.4841056722,10
-1161061.6676189152,1704527.4841056722,10
-1160598.3549023876,1704527.4841056722,10
-1160135.0421858602,1704527.4841056722,10
-1159671.7294693326,1704527.4841056722,10
-1159208.416752805,1704527.4841056722,10
-1158745.1040362776,1704527.4841056722,10
-1158281.79131975,1704527.4841056722,10
-1157818.4786032226,1704527.4841056722,10
-1157355.165886695,1704527.4841056722,10
-1156891.8531701677,1704527.4841056722,10
-1156428.54045364,1704527.4841056722,10
-1155965.2277371127,1704527.4841056722,10
-1155501.915020585,1704527.4841056722,10
-1155038.6023040577,1704527.4841056722,10
-1154575.28958753,1704527.4841056722,10
-1154111.9768710027,1704527.4841056722,10
-1153648.664154475,1704527.4841056722,10
-1153185.3514379477,1704527.4841056722,10
-1191640.3069097302,1704064.1713891446,10
-1191176.9941932026,1704064.1713891446,10
-1190713.6814766752,1704064.1713891446,10
-1190250.3687601476,1704064.1713891446,10
-1189787.0560436202,1704064.1713891446,10
-1189323.7433270926,1704064.1713891446,10
-1188860.430610565,1704064.1713891446,10
-1188397.1178940376,1704064.1713891446,10
-1187933.80517751,1704064.1713891446,10
-1187470.4924609826,1704064.1713891446,10
-1187007.179744455,1704064.1713891446,10
-1186543.8670279277,1704064.1713891446,10
-1186080.5543114,1704064.1713891446,10
-1185617.2415948727,1704064.1713891446,10
-1185153.928878345,1704064.1713891446,10
-1184690.6161618177,1704064.1713891446,10
-1184227.30344529,1704064.1713891446,10
-1183763.9907287627,1704064.1713891446,10
-1183300.678012235,1704064.1713891446,10
-1182837.3652957077,1704064.1713891446,10
-1182374.05257918,1704064.1713891446,10
-1181910.7398626525,1704064.1713891446,10
-1181447.4271461251,1704064.1713891446,10
-1180984.1144295975,1704064.1713891446,10
-1180520.8017130701,1704064.1713891446,10
-1180057.4889965425,1704064.1713891446,10
-1179594.1762800151,1704064.1713891446,10
-1179130.8635634875,1704064.1713891446,10
-1178667.5508469602,1704064.1713891446,10
-1178204.2381304326,1704064.1713891446,10
-1177740.9254139052,1704064.1713891446,10
-1177277.6126973776,1704064.1713891446,10
-1176814.2999808502,1704064.1713891446,10
-1176350.9872643226,1704064.1713891446,10
-1175887.6745477952,1704064.1713891446,10
-1175424.3618312676,1704064.1713891446,10
-1174961.04911474,1704064.1713891446,10
-1174497.7363982126,1704064.1713891446,10
-1174034.4236816852,1704064.1713891446,10
-1173571.1109651576,1704064.1713891446,10
-1173107.79824863,1704064.1713891446,10
-1172644.4855321026,1704064.1713891446,10
-1172181.172815575,1704064.1713891446,10
-1171717.8600990477,1704064.1713891446,10
-1171254.54738252,1704064.1713891446,10
-1170791.2346659927,1704064.1713891446,10
-1170327.921949465,1704064.1713891446,10
-1169864.6092329377,1704064.1713891446,10
-1169401.29651641,1704064.1713891446,10
-1168937.9837998827,1704064.1713891446,10
-1168474.671083355,1704064.1713891446,10
-1168011.3583668275,1704064.1713891446,10
-1167548.0456503,1704064.1713891446,10
-1167084.7329337727,1704064.1713891446,10
-1166621.4202172451,1704064.1713891446,10
-1166158.1075007175,1704064.1713891446,10
-1165694.7947841901,1704064.1713891446,10
-1165231.4820676625,1704064.1713891446,10
-1164768.1693511351,1704064.1713891446,10
-1164304.8566346075,1704064.1713891446,10
-1163841.5439180802,1704064.1713891446,10
-1163378.2312015526,1704064.1713891446,10
-1162914.9184850252,1704064.1713891446,10
-1162451.6057684976,1704064.1713891446,10
-1161988.2930519702,1704064.1713891446,10
-1161524.9803354426,1704064.1713891446,10
-1161061.6676189152,1704064.1713891446,10
-1160598.3549023876,1704064.1713891446,10
-1160135.0421858602,1704064.1713891446,10
-1159671.7294693326,1704064.1713891446,10
-1159208.416752805,1704064.1713891446,10
-1158745.1040362776,1704064.1713891446,10
-1158281.79131975,1704064.1713891446,10
-1157818.4786032226,1704064.1713891446,10
-1157355.165886695,1704064.1713891446,10
-1156891.8531701677,1704064.1713891446,10
-1156428.54045364,1704064.1713891446,10
-1155965.2277371127,1704064.1713891446,10
-1155501.915020585,1704064.1713891446,10
-1155038.6023040577,1704064.1713891446,10
-1154575.28958753,1704064.1713891446,10
-1154111.9768710027,1704064.1713891446,10
-1153648.664154475,1704064.1713891446,10
-1191176.9941932026,1703600.8586726172,10
-1190713.6814766752,1703600.8586726172,10
-1190250.3687601476,1703600.8586726172,10
-1189787.0560436202,1703600.8586726172,10
-1189323.7433270926,1703600.8586726172,10
-1188860.430610565,1703600.8586726172,10
-1188397.1178940376,1703600.8586726172,10
-1187933.80517751,1703600.8586726172,10
-1187470.4924609826,1703600.8586726172,10
-1187007.179744455,1703600.8586726172,10
-1186543.8670279277,1703600.8586726172,10
-1186080.5543114,1703600.8586726172,10
-1185617.2415948727,1703600.8586726172,10
-1185153.928878345,1703600.8586726172,10
-1184690.6161618177,1703600.8586726172,10
-1184227.30344529,1703600.8586726172,10
-1183763.9907287627,1703600.8586726172,10
-1183300.678012235,1703600.8586726172,10
-1182837.3652957077,1703600.8586726172,10
-1182374.05257918,1703600.8586726172,10
-1181910.7398626525,1703600.8586726172,10
-1181447.4271461251,1703600.8586726172,10
-1180984.1144295975,1703600.8586726172,10
-1180520.8017130701,1703600.8586726172,10
-1180057.4889965425,1703600.8586726172,10
-1179594.1762800151,1703600.8586726172,10
-1179130.8635634875,1703600.8586726172,10
-1178667.5508469602,1703600.8586726172,10
-1178204.2381304326,1703600.8586726172,10
-1177740.9254139052,1703600.8586726172,10
-1177277.6126973776,1703600.8586726172,10
-1176814.2999808502,1703600.8586726172,10
-1176350.9872643226,1703600.8586726172,10
-1175887.6745477952,1703600.8586726172,10
-1175424.3618312676,1703600.8586726172,10
-1174961.04911474,1703600.8586726172,10
-1174497.7363982126,1703600.8586726172,10
-1174034.4236816852,1703600.8586726172,10
-1173571.1109651576,1703600.8586726172,10
-1173107.79824863,1703600.8586726172,10
-1172644.4855321026,1703600.8586726172,10
-1172181.172815575,1703600.8586726172,10
-1171717.8600990477,1703600.8586726172,10
-1171254.54738252,1703600.8586726172,10
-1170791.2346659927,1703600.8586726172,10
-1170327.921949465,1703600.8586726172,10
-1169864.6092329377,1703600.8586726172,10
-1169401.29651641,1703600.8586726172,10
-1168937.9837998827,1703600.8586726172,10
-1168474.671083355,1703600.8586726172,10
-1168011.3583668275,1703600.8586726172,10
-1167548.0456503,1703600.8586726172,10
-1167084.7329337727,1703600.8586726172,10
-1166621.4202172451,1703600.8586726172,10
-1166158.1075007175,1703600.8586726172,10
-1165694.7947841901,1703600.8586726172,10
-1165231.4820676625,1703600.8586726172,10
-1164768.1693511351,1703600.8586726172,10
-1164304.8566346075,1703600.8586726172,10
-1163841.5439180802,1703600.8586726172,10
-1163378.2312015526,1703600.8586726172,10
-1162914.9184850252,1703600.8586726172,10
-1162451.6057684976,1703600.8586726172,10
-1161988.2930519702,1703600.8586726172,10
-1161524.9803354426,1703600.8586726172,10
-1161061.6676189152,1703600.8586726172,10
-1160598.3549023876,1703600.8586726172,10
-1160135.0421858602,1703600.8586726172,10
-1159671.7294693326,1703600.8586726172,10
-1159208.416752805,1703600.8586726172,10
-1158745.1040362776,1703600.8586726172,10
-1158281.79131975,1703600.8586726172,10
-1157818.4786032226,1703600.8586726172,10
-1157355.165886695,1703600.8586726172,10
-1156891.8531701677,1703600.8586726172,10
-1156428.54045364,1703600.8586726172,10
-1155965.2277371127,1703600.8586726172,10
-1155501.915020585,1703600.8586726172,10
-1155038.6023040577,1703600.8586726172,10
-1154575.28958753,1703600.8586726172,10
-1154111.9768710027,1703600.8586726172,10
-1190713.6814766752,1703137.5459560896,10
-1190250.3687601476,1703137.5459560896,10
-1189787.0560436202,1703137.5459560896,10
-1189323.7433270926,1703137.5459560896,10
-1188860.430610565,1703137.5459560896,10
-1188397.1178940376,1703137.5459560896,10
-1187933.80517751,1703137.5459560896,10
-1187470.4924609826,1703137.5459560896,10
-1187007.179744455,1703137.5459560896,10
-1186543.8670279277,1703137.5459560896,10
-1186080.5543114,1703137.5459560896,10
-1185617.2415948727,1703137.5459560896,10
-1185153.928878345,1703137.5459560896,10
-1184690.6161618177,1703137.5459560896,10
-1184227.30344529,1703137.5459560896,10
-1183763.9907287627,1703137.5459560896,10
-1183300.678012235,1703137.5459560896,10
-1182837.3652957077,1703137.5459560896,10
-1182374.05257918,1703137.5459560896,10
-1181910.7398626525,1703137.5459560896,10
-1181447.4271461251,1703137.5459560896,10
-1180984.1144295975,1703137.5459560896,10
-1180520.8017130701,1703137.5459560896,10
-1180057.4889965425,1703137.5459560896,10
-1179594.1762800151,1703137.5459560896,10
-1179130.8635634875,1703137.5459560896,10
-1178667.5508469602,1703137.5459560896,10
-1178204.2381304326,1703137.5459560896,10
-1177740.9254139052,1703137.5459560896,10
-1177277.6126973776,1703137.5459560896,10
-1176814.2999808502,1703137.5459560896,10
-1176350.9872643226,1703137.5459560896,10
-1175887.6745477952,1703137.5459560896,10
-1175424.3618312676,1703137.5459560896,10
-1174961.04911474,1703137.5459560896,10
-1174497.7363982126,1703137.5459560896,10
-1174034.4236816852,1703137.5459560896,10
-1173571.1109651576,1703137.5459560896,10
-1173107.79824863,1703137.5459560896,10
-1172644.4855321026,1703137.5459560896,10
-1172181.172815575,1703137.5459560896,10
-1171717.8600990477,1703137.5459560896,10
-1171254.54738252,1703137.5459560896,10
-1170791.2346659927,1703137.5459560896,10
-1170327.921949465,1703137.5459560896,10
-1169864.6092329377,1703137.5459560896,10
-1169401.29651641,1703137.5459560896,10
-1168937.9837998827,1703137.5459560896,10
-1168474.671083355,1703137.5459560896,10
-1168011.3583668275,1703137.5459560896,10
-1167548.0456503,1703137.5459560896,10
-1167084.7329337727,1703137.5459560896,10
-1166621.4202172451,1703137.5459560896,10
-1166158.1075007175,1703137.5459560896,10
-1165694.7947841901,1703137.5459560896,10
-1165231.4820676625,1703137.5459560896,10
-1164768.1693511351,1703137.5459560896,10
-1164304.8566346075,1703137.5459560896,10
-1163841.5439180802,1703137.5459560896,10
-1163378.2312015526,1703137.5459560896,10
-1162914.9184850252,1703137.5459560896,10
-1162451.6057684976,1703137.5459560896,10
-1161988.2930519702,1703137.5459560896,10
-1161524.9803354426,1703137.5459560896,10
-1161061.6676189152,1703137.5459560896,10
-1160598.3549023876,1703137.5459560896,10
-1160135.0421858602,1703137.5459560896,10
-1159671.7294693326,1703137.5459560896,10
-1159208.416752805,1703137.5459560896,10
-1158745.1040362776,1703137.5459560896,10
-1158281.79131975,1703137.5459560896,10
-1157818.4786032226,1703137.5459560896,10
-1157355.165886695,1703137.5459560896,10
-1156891.8531701677,1703137.5459560896,10
-1156428.54045364,1703137.5459560896,10
-1155965.2277371127,1703137.5459560896,10
-1155501.915020585,1703137.5459560896,10
-1155038.6023040577,1703137.5459560896,10
-1154575.28958753,1703137.5459560896,10
-1154111.9768710027,1703137.5459560896,10
-1190250.3687601476,1702674.2332395623,10
-1189787.0560436202,1702674.2332395623,10
-1189323.7433270926,1702674.2332395623,10
-1188860.430610565,1702674.2332395623,10
-1188397.1178940376,1702674.2332395623,10
-1187933.80517751,1702674.2332395623,10
-1187470.4924609826,1702674.2332395623,10
-1187007.179744455,1702674.2332395623,10
-1186543.8670279277,1702674.2332395623,10
-1186080.5543114,1702674.2332395623,10
-1185617.2415948727,1702674.2332395623,10
-1185153.928878345,1702674.2332395623,10
-1184690.6161618177,1702674.2332395623,10
-1184227.30344529,1702674.2332395623,10
-1183763.9907287627,1702674.2332395623,10
-1183300.678012235,1702674.2332395623,10
-1182837.3652957077,1702674.2332395623,10
-1182374.05257918,1702674.2332395623,10
-1181910.7398626525,1702674.2332395623,10
-1181447.4271461251,1702674.2332395623,10
-1180984.1144295975,1702674.2332395623,10
-1180520.8017130701,1702674.2332395623,10
-1180057.4889965425,1702674.2332395623,10
-1179594.1762800151,1702674.2332395623,10
-1179130.8635634875,1702674.2332395623,10
-1178667.5508469602,1702674.2332395623,10
-1178204.2381304326,1702674.2332395623,10
-1177740.9254139052,1702674.2332395623,10
-1177277.6126973776,1702674.2332395623,10
-1176814.2999808502,1702674.2332395623,10
-1176350.9872643226,1702674.2332395623,10
-1175887.6745477952,1702674.2332395623,10
-1175424.3618312676,1702674.2332395623,10
-1174961.04911474,1702674.2332395623,10
-1174497.7363982126,1702674.2332395623,10
-1174034.4236816852,1702674.2332395623,10
-1173571.1109651576,1702674.2332395623,10
-1173107.79824863,1702674.2332395623,10
-1172644.4855321026,1702674.2332395623,10
-1172181.172815575,1702674.2332395623,10
-1171717.8600990477,1702674.2332395623,10
-1171254.54738252,1702674.2332395623,10
-1170791.2346659927,1702674.2332395623,10
-1170327.921949465,1702674.2332395623,10
-1169864.6092329377,1702674.2332395623,10
-1169401.29651641,1702674.2332395623,10
-1168937.9837998827,1702674.2332395623,10
-1168474.671083355,1702674.2332395623,10
-1168011.3583668275,1702674.2332395623,10
-1167548.0456503,1702674.2332395623,10
-1167084.7329337727,1702674.2332395623,10
-1166621.4202172451,1702674.2332395623,10
-1166158.1075007175,1702674.2332395623,10
-1165694.7947841901,1702674.2332395623,10
-1165231.4820676625,1702674.2332395623,10
-1164768.1693511351,1702674.2332395623,10
-1164304.8566346075,1702674.2332395623,10
-1163841.5439180802,1702674.2332395623,10
-1163378.2312015526,1702674.2332395623,10
-1162914.9184850252,1702674.2332395623,10
-1162451.6057684976,1702674.2332395623,10
-1161988.2930519702,1702674.2332395623,10
-1161524.9803354426,1702674.2332395623,10
-1161061.6676189152,1702674.2332395623,10
-1160598.3549023876,1702674.2332395623,10
-1160135.0421858602,1702674.2332395623,10
-1159671.7294693326,1702674.2332395623,10
-1159208.416752805,1702674.2332395623,10
-1158745.1040362776,1702674.2332395623,10
-1158281.79131975,1702674.2332395623,10
-1157818.4786032226,1702674.2332395623,10
-1157355.165886695,1702674.2332395623,10
-1156891.8531701677,1702674.2332395623,10
-1156428.54045364,1702674.2332395623,10
-1155965.2277371127,1702674.2332395623,10
-1155501.915020585,1702674.2332395623,10
-1155038.6023040577,1702674.2332395623,10
-1154575.28958753,1702674.2332395623,10
-1189787.0560436202,1702210.9205230346,10
-1189323.7433270926,1702210.9205230346,10
-1188860.430610565,1702210.9205230346,10
-1188397.1178940376,1702210.9205230346,10
-1187933.80517751,1702210.9205230346,10
-1187470.4924609826,1702210.9205230346,10
-1187007.179744455,1702210.9205230346,10
-1186543.8670279277,1702210.9205230346,10
-1186080.5543114,1702210.9205230346,10
-1185617.2415948727,1702210.9205230346,10
-1185153.928878345,1702210.9205230346,10
-1184690.6161618177,1702210.9205230346,10
-1184227.30344529,1702210.9205230346,10
-1183763.9907287627,1702210.9205230346,10
-1183300.678012235,1702210.9205230346,10
-1182837.3652957077,1702210.9205230346,10
-1182374.05257918,1702210.9205230346,10
-1181910.7398626525,1702210.9205230346,10
-1181447.4271461251,1702210.9205230346,10
-1180984.1144295975,1702210.9205230346,10
-1180520.8017130701,1702210.9205230346,10
-1180057.4889965425,1702210.9205230346,10
-1179594.1762800151,1702210.9205230346,10
-1179130.8635634875,1702210.9205230346,10
-1178667.5508469602,1702210.9205230346,10
-1178204.2381304326,1702210.9205230346,10
-1177740.9254139052,1702210.9205230346,10
-1177277.6126973776,1702210.9205230346,10
-1176814.2999808502,1702210.9205230346,10
-1176350.9872643226,1702210.9205230346,10
-1175887.6745477952,1702210.9205230346,10
-1175424.3618312676,1702210.9205230346,10
-1174961.04911474,1702210.9205230346,10
-1174497.7363982126,1702210.9205230346,10
-1174034.4236816852,1702210.9205230346,10
-1173571.1109651576,1702210.9205230346,10
-1173107.79824863,1702210.9205230346,10
-1172644.4855321026,1702210.9205230346,10
-1172181.172815575,1702210.9205230346,10
-1171717.8600990477,1702210.9205230346,10
-1171254.54738252,1702210.9205230346,10
-1170791.2346659927,1702210.9205230346,10
-1170327.921949465,1702210.9205230346,10
-1169864.6092329377,1702210.9205230346,10
-1169401.29651641,1702210.9205230346,10
-1168937.9837998827,1702210.9205230346,10
-1168474.671083355,1702210.9205230346,10
-1168011.3583668275,1702210.9205230346,10
-1167548.0456503,1702210.9205230346,10
-1167084.7329337727,1702210.9205230346,10
-1166621.4202172451,1702210.9205230346,10
-1166158.1075007175,1702210.9205230346,10
-1165694.7947841901,1702210.9205230346,10
-1165231.4820676625,1702210.9205230346,10
-1164768.1693511351,1702210.9205230346,10
-1164304.8566346075,1702210.9205230346,10
-1163841.5439180802,1702210.9205230346,10
-1163378.2312015526,1702210.9205230346,10
-1162914.9184850252,1702210.9205230346,10
-1162451.6057684976,1702210.9205230346,10
-1161988.2930519702,1702210.9205230346,10
-1161524.9803354426,1702210.9205230346,10
-1161061.6676189152,1702210.9205230346,10
-1160598.3549023876,1702210.9205230346,10
-1160135.0421858602,1702210.9205230346,10
-1159671.7294693326,1702210.9205230346,10
-1159208.416752805,1702210.9205230346,10
-1158745.1040362776,1702210.9205230346,10
-1158281.79131975,1702210.9205230346,10
-1157818.4786032226,1702210.9205230346,10
-1157355.165886695,1702210.9205230346,10
-1156891.8531701677,1702210.9205230346,10
-1156428.54045364,1702210.9205230346,10
-1155965.2277371127,1702210.9205230346,10
-1155501.915020585,1702210.9205230346,10
-1155038.6023040577,1702210.9205230346,10
-1189323.7433270926,1701747.6078065073,10
-1188860.430610565,1701747.6078065073,10
-1188397.1178940376,1701747.6078065073,10
-1187933.80517751,1701747.6078065073,10
-1187470.4924609826,1701747.6078065073,10
-1187007.179744455,1701747.6078065073,10
-1186543.8670279277,1701747.6078065073,10
-1186080.5543114,1701747.6078065073,10
-1185617.2415948727,1701747.6078065073,10
-1185153.928878345,1701747.6078065073,10
-1184690.6161618177,1701747.6078065073,10
-1184227.30344529,1701747.6078065073,10
-1183763.9907287627,1701747.6078065073,10
-1183300.678012235,1701747.6078065073,10
-1182837.3652957077,1701747.6078065073,10
-1182374.05257918,1701747.6078065073,10
-1181910.7398626525,1701747.6078065073,10
-1181447.4271461251,1701747.6078065073,10
-1180984.1144295975,1701747.6078065073,10
-1180520.8017130701,1701747.6078065073,10
-1180057.4889965425,1701747.6078065073,10
-1179594.1762800151,1701747.6078065073,10
-1179130.8635634875,1701747.6078065073,10
-1178667.5508469602,1701747.6078065073,10
-1178204.2381304326,1701747.6078065073,10
-1177740.9254139052,1701747.6078065073,10
-1177277.6126973776,1701747.6078065073,10
-1176814.2999808502,1701747.6078065073,10
-1176350.9872643226,1701747.6078065073,10
-1175887.6745477952,1701747.6078065073,10
-1175424.3618312676,1701747.6078065073,10
-1174961.04911474,1701747.6078065073,10
-1174497.7363982126,1701747.6078065073,10
-1174034.4236816852,1701747.6078065073,10
-1173571.1109651576,1701747.6078065073,10
-1173107.79824863,1701747.6078065073,10
-1172644.4855321026,1701747.6078065073,10
-1172181.172815575,1701747.6078065073,10
-1171717.8600990477,1701747.6078065073,10
-1171254.54738252,1701747.6078065073,10
-1170791.2346659927,1701747.6078065073,10
-1170327.921949465,1701747.6078065073,10
-1169864.6092329377,1701747.6078065073,10
-1169401.29651641,1701747.6078065073,10
-1168937.9837998827,1701747.6078065073,10
-1168474.671083355,1701747.6078065073,10
-1168011.3583668275,1701747.6078065073,10
-1167548.0456503,1701747.6078065073,10
-1167084.7329337727,1701747.6078065073,10
-1166621.4202172451,1701747.6078065073,10
-1166158.1075007175,1701747.6078065073,10
-1165694.7947841901,1701747.6078065073,10
-1165231.4820676625,1701747.6078065073,10
-1164768.1693511351,1701747.6078065073,10
-1164304.8566346075,1701747.6078065073,10
-1163841.5439180802,1701747.6078065073,10
-1163378.2312015526,1701747.6078065073,10
-1162914.9184850252,1701747.6078065073,10
-1162451.6057684976,1701747.6078065073,10
-1161988.2930519702,1701747.6078065073,10
-1161524.9803354426,1701747.6078065073,10
-1161061.6676189152,1701747.6078065073,10
-1160598.3549023876,1701747.6078065073,10
-1160135.0421858602,1701747.6078065073,10
-1159671.7294693326,1701747.6078065073,10
-1159208.416752805,1701747.6078065073,10
-1158745.1040362776,1701747.6078065073,10
-1158281.79131975,1701747.6078065073,10
-1157818.4786032226,1701747.6078065073,10
-1188860.430610565,1701284.2950899797,10
-1188397.1178940376,1701284.2950899797,10
-1187933.80517751,1701284.2950899797,10
-1187470.4924609826,1701284.2950899797,10
-1187007.179744455,1701284.2950899797,10
-1186543.8670279277,1701284.2950899797,10
-1186080.5543114,1701284.2950899797,10
-1185617.2415948727,1701284.2950899797,10
-1185153.928878345,1701284.2950899797,10
-1184690.6161618177,1701284.2950899797,10
-1184227.30344529,1701284.2950899797,10
-1183763.9907287627,1701284.2950899797,10
-1183300.678012235,1701284.2950899797,10
-1182837.3652957077,1701284.2950899797,10
-1182374.05257918,1701284.2950899797,10
-1181910.7398626525,1701284.2950899797,10
-1181447.4271461251,1701284.2950899797,10
-1180984.1144295975,1701284.2950899797,10
-1180520.8017130701,1701284.2950899797,10
-1180057.4889965425,1701284.2950899797,10
-1179594.1762800151,1701284.2950899797,10
-1179130.8635634875,1701284.2950899797,10
-1178667.5508469602,1701284.2950899797,10
-1178204.2381304326,1701284.2950899797,10
-1177740.9254139052,1701284.2950899797,10
-1177277.6126973776,1701284.2950899797,10
-1176814.2999808502,1701284.2950899797,10
-1176350.9872643226,1701284.2950899797,10
-1175887.6745477952,1701284.2950899797,10
-1175424.3618312676,1701284.2950899797,10
-1174961.04911474,1701284.2950899797,10
-1174497.7363982126,1701284.2950899797,10
-1174034.4236816852,1701284.2950899797,10
-1173571.1109651576,1701284.2950899797,10
-1173107.79824863,1701284.2950899797,10
-1172644.4855321026,1701284.2950899797,10
-1172181.172815575,1701284.2950899797,10
-1171717.8600990477,1701284.2950899797,10
-1171254.54738252,1701284.2950899797,10
-1170791.2346659927,1701284.2950899797,10
-1170327.921949465,1701284.2950899797,10
-1169864.6092329377,1701284.2950899797,10
-1169401.29651641,1701284.2950899797,10
-1168937.9837998827,1701284.2950899797,10
-1168474.671083355,1701284.2950899797,10
-1168011.3583668275,1701284.2950899797,10
-1167548.0456503,1701284.2950899797,10
-1167084.7329337727,1701284.2950899797,10
-1166621.4202172451,1701284.2950899797,10
-1166158.1075007175,1701284.2950899797,10
-1165694.7947841901,1701284.2950899797,10
-1165231.4820676625,1701284.2950899797,10
-1164768.1693511351,1701284.2950899797,10
-1164304.8566346075,1701284.2950899797,10
-1163841.5439180802,1701284.2950899797,10
-1163378.2312015526,1701284.2950899797,10
-1162914.9184850252,1701284.2950899797,10
-1162451.6057684976,1701284.2950899797,10
-1161988.2930519702,1701284.2950899797,10
-1161524.9803354426,1701284.2950899797,10
-1161061.6676189152,1701284.2950899797,10
-1160598.3549023876,1701284.2950899797,10
-1160135.0421858602,1701284.2950899797,10
-1159671.7294693326,1701284.2950899797,10
-1159208.416752805,1701284.2950899797,10
-1158745.1040362776,1701284.2950899797,10
-1158281.79131975,1701284.2950899797,10
-1188397.1178940376,1700820.9823734523,10
-1187933.80517751,1700820.9823734523,10
-1187470.4924609826,1700820.9823734523,10
-1187007.179744455,1700820.9823734523,10
-1186543.8670279277,1700820.9823734523,10
-1186080.5543114,1700820.9823734523,10
-1185617.2415948727,1700820.9823734523,10
-1185153.928878345,1700820.9823734523,10
-1184690.6161618177,1700820.9823734523,10
-1184227.30344529,1700820.9823734523,10
-1183763.9907287627,1700820.9823734523,10
-1183300.678012235,1700820.9823734523,10
-1182837.3652957077,1700820.9823734523,10
-1182374.05257918,1700820.9823734523,10
-1181910.7398626525,1700820.9823734523,10
-1181447.4271461251,1700820.9823734523,10
-1180984.1144295975,1700820.9823734523,10
-1180520.8017130701,1700820.9823734523,10
-1180057.4889965425,1700820.9823734523,10
-1179594.1762800151,1700820.9823734523,10
-1179130.8635634875,1700820.9823734523,10
-1178667.5508469602,1700820.9823734523,10
-1178204.2381304326,1700820.9823734523,10
-1177740.9254139052,1700820.9823734523,10
-1177277.6126973776,1700820.9823734523,10
-1176814.2999808502,1700820.9823734523,10
-1176350.9872643226,1700820.9823734523,10
-1175887.6745477952,1700820.9823734523,10
-1175424.3618312676,1700820.9823734523,10
-1174961.04911474,1700820.9823734523,10
-1174497.7363982126,1700820.9823734523,10
-1174034.4236816852,1700820.9823734523,10
-1173571.1109651576,1700820.9823734523,10
-1173107.79824863,1700820.9823734523,10
-1172644.4855321026,1700820.9823734523,10
-1172181.172815575,1700820.9823734523,10
-1171717.8600990477,1700820.9823734523,10
-1171254.54738252,1700820.9823734523,10
-1170791.2346659927,1700820.9823734523,10
-1170327.921949465,1700820.9823734523,10
-1169864.6092329377,1700820.9823734523,10
-1169401.29651641,1700820.9823734523,10
-1168937.9837998827,1700820.9823734523,10
-1168474.671083355,1700820.9823734523,10
-1168011.3583668275,1700820.9823734523,10
-1167548.0456503,1700820.9823734523,10
-1167084.7329337727,1700820.9823734523,10
-1166621.4202172451,1700820.9823734523,10
-1166158.1075007175,1700820.9823734523,10
-1165694.7947841901,1700820.9823734523,10
-1165231.4820676625,1700820.9823734523,10
-1164768.1693511351,1700820.9823734523,10
-1164304.8566346075,1700820.9823734523,10
-1163841.5439180802,1700820.9823734523,10
-1163378.2312015526,1700820.9823734523,10
-1162914.9184850252,1700820.9823734523,10
-1162451.6057684976,1700820.9823734523,10
-1161988.2930519702,1700820.9823734523,10
-1161524.9803354426,1700820.9823734523,10
-1161061.6676189152,1700820.9823734523,10
-1160598.3549023876,1700820.9823734523,10
-1160135.0421858602,1700820.9823734523,10
-1159671.7294693326,1700820.9823734523,10
-1159208.416752805,1700820.9823734523,10
-1158745.1040362776,1700820.9823734523,10
-1187470.4924609826,1700357.6696569247,10
-1187007.179744455,1700357.6696569247,10
-1186543.8670279277,1700357.6696569247,10
-1186080.5543114,1700357.6696569247,10
-1185617.2415948727,1700357.6696569247,10
-1185153.928878345,1700357.6696569247,10
-1184690.6161618177,1700357.6696569247,10
-1184227.30344529,1700357.6696569247,10
-1183763.9907287627,1700357.6696569247,10
-1183300.678012235,1700357.6696569247,10
-1182837.3652957077,1700357.6696569247,10
-1182374.05257918,1700357.6696569247,10
-1181910.7398626525,1700357.6696569247,10
-1181447.4271461251,1700357.6696569247,10
-1180984.1144295975,1700357.6696569247,10
-1180520.8017130701,1700357.6696569247,10
-1180057.4889965425,1700357.6696569247,10
-1179594.1762800151,1700357.6696569247,10
-1179130.8635634875,1700357.6696569247,10
-1178667.5508469602,1700357.6696569247,10
-1178204.2381304326,1700357.6696569247,10
-1177740.9254139052,1700357.6696569247,10
-1177277.6126973776,1700357.6696569247,10
-1176814.2999808502,1700357.6696569247,10
-1176350.9872643226,1700357.6696569247,10
-1175887.6745477952,1700357.6696569247,10
-1175424.3618312676,1700357.6696569247,10
-1174961.04911474,1700357.6696569247,10
-1174497.7363982126,1700357.6696569247,10
-1174034.4236816852,1700357.6696569247,10
-1173571.1109651576,1700357.6696569247,10
-1173107.79824863,1700357.6696569247,10
-1172644.4855321026,1700357.6696569247,10
-1172181.172815575,1700357.6696569247,10
-1171717.8600990477,1700357.6696569247,10
-1171254.54738252,1700357.6696569247,10
-1170791.2346659927,1700357.6696569247,10
-1170327.921949465,1700357.6696569247,10
-1169864.6092329377,1700357.6696569247,10
-1169401.29651641,1700357.6696569247,10
-1168937.9837998827,1700357.6696569247,10
-1168474.671083355,1700357.6696569247,10
-1168011.3583668275,1700357.6696569247,10
-1167548.0456503,1700357.6696569247,10
-1167084.7329337727,1700357.6696569247,10
-1166621.4202172451,1700357.6696569247,10
-1166158.1075007175,1700357.6696569247,10
-1165694.7947841901,1700357.6696569247,10
-1165231.4820676625,1700357.6696569247,10
-1164768.1693511351,1700357.6696569247,10
-1164304.8566346075,1700357.6696569247,10
-1163841.5439180802,1700357.6696569247,10
-1163378.2312015526,1700357.6696569247,10
-1162914.9184850252,1700357.6696569247,10
-1162451.6057684976,1700357.6696569247,10
-1161988.2930519702,1700357.6696569247,10
-1161524.9803354426,1700357.6696569247,10
-1161061.6676189152,1700357.6696569247,10
-1160598.3549023876,1700357.6696569247,10
-1160135.0421858602,1700357.6696569247,10
-1159671.7294693326,1700357.6696569247,10
-1159208.416752805,1700357.6696569247,10
-1158745.1040362776,1700357.6696569247,10
-1187470.4924609826,1699894.356940397,10
-1187007.179744455,1699894.356940397,10
-1186543.8670279277,1699894.356940397,10
-1186080.5543114,1699894.356940397,10
-1185617.2415948727,1699894.356940397,10
-1185153.928878345,1699894.356940397,10
-1184690.6161618177,1699894.356940397,10
-1184227.30344529,1699894.356940397,10
-1183763.9907287627,1699894.356940397,10
-1183300.678012235,1699894.356940397,10
-1182837.3652957077,1699894.356940397,10
-1182374.05257918,1699894.356940397,10
-1181910.7398626525,1699894.356940397,10
-1181447.4271461251,1699894.356940397,10
-1180984.1144295975,1699894.356940397,10
-1180520.8017130701,1699894.356940397,10
-1180057.4889965425,1699894.356940397,10
-1179594.1762800151,1699894.356940397,10
-1179130.8635634875,1699894.356940397,10
-1178667.5508469602,1699894.356940397,10
-1178204.2381304326,1699894.356940397,10
-1177740.9254139052,1699894.356940397,10
-1177277.6126973776,1699894.356940397,10
-1176814.2999808502,1699894.356940397,10
-1176350.9872643226,1699894.356940397,10
-1175887.6745477952,1699894.356940397,10
-1175424.3618312676,1699894.356940397,10
-1174961.04911474,1699894.356940397,10
-1174497.7363982126,1699894.356940397,10
-1174034.4236816852,1699894.356940397,10
-1173571.1109651576,1699894.356940397,10
-1173107.79824863,1699894.356940397,10
-1172644.4855321026,1699894.356940397,10
-1172181.172815575,1699894.356940397,10
-1171717.8600990477,1699894.356940397,10
-1171254.54738252,1699894.356940397,10
-1170791.2346659927,1699894.356940397,10
-1170327.921949465,1699894.356940397,10
-1169864.6092329377,1699894.356940397,10
-1169401.29651641,1699894.356940397,10
-1168937.9837998827,1699894.356940397,10
-1168474.671083355,1699894.356940397,10
-1168011.3583668275,1699894.356940397,10
-1167548.0456503,1699894.356940397,10
-1167084.7329337727,1699894.356940397,10
-1166621.4202172451,1699894.356940397,10
-1166158.1075007175,1699894.356940397,10
-1165694.7947841901,1699894.356940397,10
-1165231.4820676625,1699894.356940397,10
-1164768.1693511351,1699894.356940397,10
-1164304.8566346075,1699894.356940397,10
-1163841.5439180802,1699894.356940397,10
-1163378.2312015526,1699894.356940397,10
-1162914.9184850252,1699894.356940397,10
-1162451.6057684976,1699894.356940397,10
-1161988.2930519702,1699894.356940397,10
-1161524.9803354426,1699894.356940397,10
-1161061.6676189152,1699894.356940397,10
-1160598.3549023876,1699894.356940397,10
-1160135.0421858602,1699894.356940397,10
-1159671.7294693326,1699894.356940397,10
-1159208.416752805,1699894.356940397,10
-1187470.4924609826,1699431.0442238697,10
-1187007.179744455,1699431.0442238697,10
-1186543.8670279277,1699431.0442238697,10
-1186080.5543114,1699431.0442238697,10
-1185617.2415948727,1699431.0442238697,10
-1185153.928878345,1699431.0442238697,10
-1184690.6161618177,1699431.0442238697,10
-1184227.30344529,1699431.0442238697,10
-1183763.9907287627,1699431.0442238697,10
-1183300.678012235,1699431.0442238697,10
-1182837.3652957077,1699431.0442238697,10
-1182374.05257918,1699431.0442238697,10
-1181910.7398626525,1699431.0442238697,10
-1181447.4271461251,1699431.0442238697,10
-1180984.1144295975,1699431.0442238697,10
-1180520.8017130701,1699431.0442238697,10
-1180057.4889965425,1699431.0442238697,10
-1179594.1762800151,1699431.0442238697,10
-1179130.8635634875,1699431.0442238697,10
-1178667.5508469602,1699431.0442238697,10
-1178204.2381304326,1699431.0442238697,10
-1177740.9254139052,1699431.0442238697,10
-1177277.6126973776,1699431.0442238697,10
-1176814.2999808502,1699431.0442238697,10
-1176350.9872643226,1699431.0442238697,10
-1175887.6745477952,1699431.0442238697,10
-1175424.3618312676,1699431.0442238697,10
-1174961.04911474,1699431.0442238697,10
-1174497.7363982126,1699431.0442238697,10
-1174034.4236816852,1699431.0442238697,10
-1173571.1109651576,1699431.0442238697,10
-1173107.79824863,1699431.0442238697,10
-1172644.4855321026,1699431.0442238697,10
-1172181.172815575,1699431.0442238697,10
-1171717.8600990477,1699431.0442238697,10
-1171254.54738252,1699431.0442238697,10
-1170791.2346659927,1699431.0442238697,10
-1170327.921949465,1699431.0442238697,10
-1169864.6092329377,1699431.0442238697,10
-1169401.29651641,1699431.0442238697,10
-1168937.9837998827,1699431.0442238697,10
-1168474.671083355,1699431.0442238697,10
-1168011.3583668275,1699431.0442238697,10
-1167548.0456503,1699431.0442238697,10
-1167084.7329337727,1699431.0442238697,10
-1166621.4202172451,1699431.0442238697,10
-1166158.1075007175,1699431.0442238697,10
-1165694.7947841901,1699431.0442238697,10
-1165231.4820676625,1699431.0442238697,10
-1164768.1693511351,1699431.0442238697,10
-1164304.8566346075,1699431.0442238697,10
-1163841.5439180802,1699431.0442238697,10
-1163378.2312015526,1699431.0442238697,10
-1162914.9184850252,1699431.0442238697,10
-1162451.6057684976,1699431.0442238697,10
-1161988.2930519702,1699431.0442238697,10
-1161524.9803354426,1699431.0442238697,10
-1161061.6676189152,1699431.0442238697,10
-1160598.3549023876,1699431.0442238697,10
-1160135.0421858602,1699431.0442238697,10
-1159671.7294693326,1699431.0442238697,10
-1159208.416752805,1699431.0442238697,10
-1187470.4924609826,1698967.7315073423,10
-1187007.179744455,1698967.7315073423,10
-1186543.8670279277,1698967.7315073423,10
-1186080.5543114,1698967.7315073423,10
-1185617.2415948727,1698967.7315073423,10
-1185153.928878345,1698967.7315073423,10
-1184690.6161618177,1698967.7315073423,10
-1184227.30344529,1698967.7315073423,10
-1183763.9907287627,1698967.7315073423,10
-1183300.678012235,1698967.7315073423,10
-1182837.3652957077,1698967.7315073423,10
-1182374.05257918,1698967.7315073423,10
-1181910.7398626525,1698967.7315073423,10
-1181447.4271461251,1698967.7315073423,10
-1180984.1144295975,1698967.7315073423,10
-1180520.8017130701,1698967.7315073423,10
-1180057.4889965425,1698967.7315073423,10
-1179594.1762800151,1698967.7315073423,10
-1179130.8635634875,1698967.7315073423,10
-1178667.5508469602,1698967.7315073423,10
-1178204.2381304326,1698967.7315073423,10
-1177740.9254139052,1698967.7315073423,10
-1177277.6126973776,1698967.7315073423,10
-1176814.2999808502,1698967.7315073423,10
-1176350.9872643226,1698967.7315073423,10
-1175887.6745477952,1698967.7315073423,10
-1175424.3618312676,1698967.7315073423,10
-1174961.04911474,1698967.7315073423,10
-1174497.7363982126,1698967.7315073423,10
-1174034.4236816852,1698967.7315073423,10
-1173571.1109651576,1698967.7315073423,10
-1173107.79824863,1698967.7315073423,10
-1172644.4855321026,1698967.7315073423,10
-1172181.172815575,1698967.7315073423,10
-1171717.8600990477,1698967.7315073423,10
-1171254.54738252,1698967.7315073423,10
-1170791.2346659927,1698967.7315073423,10
-1170327.921949465,1698967.7315073423,10
-1169864.6092329377,1698967.7315073423,10
-1169401.29651641,1698967.7315073423,10
-1168937.9837998827,1698967.7315073423,10
-1168474.671083355,1698967.7315073423,10
-1168011.3583668275,1698967.7315073423,10
-1167548.0456503,1698967.7315073423,10
-1167084.7329337727,1698967.7315073423,10
-1166621.4202172451,1698967.7315073423,10
-1166158.1075007175,1698967.7315073423,10
-1165694.7947841901,1698967.7315073423,10
-1165231.4820676625,1698967.7315073423,10
-1164768.1693511351,1698967.7315073423,10
-1164304.8566346075,1698967.7315073423,10
-1163841.5439180802,1698967.7315073423,10
-1163378.2312015526,1698967.7315073423,10
-1162914.9184850252,1698967.7315073423,10
-1162451.6057684976,1698967.7315073423,10
-1161988.2930519702,1698967.7315073423,10
-1161524.9803354426,1698967.7315073423,10
-1161061.6676189152,1698967.7315073423,10
-1160598.3549023876,1698967.7315073423,10
-1160135.0421858602,1698967.7315073423,10
-1159671.7294693326,1698967.7315073423,10
-1187470.4924609826,1698504.4187908147,10
-1187007.179744455,1698504.4187908147,10
-1186543.8670279277,1698504.4187908147,10
-1186080.5543114,1698504.4187908147,10
-1185617.2415948727,1698504.4187908147,10
-1185153.928878345,1698504.4187908147,10
-1184690.6161618177,1698504.4187908147,10
-1184227.30344529,1698504.4187908147,10
-1183763.9907287627,1698504.4187908147,10
-1183300.678012235,1698504.4187908147,10
-1182837.3652957077,1698504.4187908147,10
-1182374.05257918,1698504.4187908147,10
-1181910.7398626525,1698504.4187908147,10
-1181447.4271461251,1698504.4187908147,10
-1180984.1144295975,1698504.4187908147,10
-1180520.8017130701,1698504.4187908147,10
-1180057.4889965425,1698504.4187908147,10
-1179594.1762800151,1698504.4187908147,10
-1179130.8635634875,1698504.4187908147,10
-1178667.5508469602,1698504.4187908147,10
-1178204.2381304326,1698504.4187908147,10
-1177740.9254139052,1698504.4187908147,10
-1177277.6126973776,1698504.4187908147,10
-1176814.2999808502,1698504.4187908147,10
-1176350.9872643226,1698504.4187908147,10
-1175887.6745477952,1698504.4187908147,10
-1175424.3618312676,1698504.4187908147,10
-1174961.04911474,1698504.4187908147,10
-1174497.7363982126,1698504.4187908147,10
-1174034.4236816852,1698504.4187908147,10
-1173571.1109651576,1698504.4187908147,10
-1173107.79824863,1698504.4187908147,10
-1172644.4855321026,1698504.4187908147,10
-1172181.172815575,1698504.4187908147,10
-1171717.8600990477,1698504.4187908147,10
-1171254.54738252,1698504.4187908147,10
-1170791.2346659927,1698504.4187908147,10
-1170327.921949465,1698504.4187908147,10
-1169864.6092329377,1698504.4187908147,10
-1169401.29651641,1698504.4187908147,10
-1168937.9837998827,1698504.4187908147,10
-1168474.671083355,1698504.4187908147,10
-1168011.3583668275,1698504.4187908147,10
-1167548.0456503,1698504.4187908147,10
-1167084.7329337727,1698504.4187908147,10
-1166621.4202172451,1698504.4187908147,10
-1166158.1075007175,1698504.4187908147,10
-1165694.7947841901,1698504.4187908147,10
-1165231.4820676625,1698504.4187908147,10
-1164768.1693511351,1698504.4187908147,10
-1164304.8566346075,1698504.4187908147,10
-1163841.5439180802,1698504.4187908147,10
-1163378.2312015526,1698504.4187908147,10
-1162914.9184850252,1698504.4187908147,10
-1162451.6057684976,1698504.4187908147,10
-1161988.2930519702,1698504.4187908147,10
-1161524.9803354426,1698504.4187908147,10
-1161061.6676189152,1698504.4187908147,10
-1187470.4924609826,1698041.106074287,10
-1187007.179744455,1698041.106074287,10
-1186543.8670279277,1698041.106074287,10
-1186080.5543114,1698041.106074287,10
-1185617.2415948727,1698041.106074287,10
-1185153.928878345,1698041.106074287,10
-1184690.6161618177,1698041.106074287,10
-1184227.30344529,1698041.106074287,10
-1183763.9907287627,1698041.106074287,10
-1183300.678012235,1698041.106074287,10
-1182837.3652957077,1698041.106074287,10
-1182374.05257918,1698041.106074287,10
-1181910.7398626525,1698041.106074287,10
-1181447.4271461251,1698041.106074287,10
-1180984.1144295975,1698041.106074287,10
-1180520.8017130701,1698041.106074287,10
-1180057.4889965425,1698041.106074287,10
-1179594.1762800151,1698041.106074287,10
-1179130.8635634875,1698041.106074287,10
-1178667.5508469602,1698041.106074287,10
-1178204.2381304326,1698041.106074287,10
-1177740.9254139052,1698041.106074287,10
-1177277.6126973776,1698041.106074287,10
-1176814.2999808502,1698041.106074287,10
-1176350.9872643226,1698041.106074287,10
-1175887.6745477952,1698041.106074287,10
-1175424.3618312676,1698041.106074287,10
-1174961.04911474,1698041.106074287,10
-1174497.7363982126,1698041.106074287,10
-1174034.4236816852,1698041.106074287,10
-1173571.1109651576,1698041.106074287,10
-1173107.79824863,1698041.106074287,10
-1172644.4855321026,1698041.106074287,10
-1172181.172815575,1698041.106074287,10
-1171717.8600990477,1698041.106074287,10
-1171254.54738252,1698041.106074287,10
-1170791.2346659927,1698041.106074287,10
-1170327.921949465,1698041.106074287,10
-1169864.6092329377,1698041.106074287,10
-1169401.29651641,1698041.106074287,10
-1168937.9837998827,1698041.106074287,10
-1168474.671083355,1698041.106074287,10
-1168011.3583668275,1698041.106074287,10
-1167548.0456503,1698041.106074287,10
-1167084.7329337727,1698041.106074287,10
-1166621.4202172451,1698041.106074287,10
-1166158.1075007175,1698041.106074287,10
-1165694.7947841901,1698041.106074287,10
-1165231.4820676625,1698041.106074287,10
-1164768.1693511351,1698041.106074287,10
-1164304.8566346075,1698041.106074287,10
-1163841.5439180802,1698041.106074287,10
-1163378.2312015526,1698041.106074287,10
-1162914.9184850252,1698041.106074287,10
-1162451.6057684976,1698041.106074287,10
-1161988.2930519702,1698041.106074287,10
-1161524.9803354426,1698041.106074287,10
-1187470.4924609826,1697577.7933577597,10
-1187007.179744455,1697577.7933577597,10
-1186543.8670279277,1697577.7933577597,10
-1186080.5543114,1697577.7933577597,10
-1185617.2415948727,1697577.7933577597,10
-1185153.928878345,1697577.7933577597,10
-1184690.6161618177,1697577.7933577597,10
-1184227.30344529,1697577.7933577597,10
-1183763.9907287627,1697577.7933577597,10
-1183300.678012235,1697577.7933577597,10
-1182837.3652957077,1697577.7933577597,10
-1182374.05257918,1697577.7933577597,10
-1181910.7398626525,1697577.7933577597,10
-1181447.4271461251,1697577.7933577597,10
-1180984.1144295975,1697577.7933577597,10
-1180520.8017130701,1697577.7933577597,10
-1180057.4889965425,1697577.7933577597,10
-1179594.1762800151,1697577.7933577597,10
-1179130.8635634875,1697577.7933577597,10
-1178667.5508469602,1697577.7933577597,10
-1178204.2381304326,1697577.7933577597,10
-1177740.9254139052,1697577.7933577597,10
-1177277.6126973776,1697577.7933577597,10
-1176814.2999808502,1697577.7933577597,10
-1176350.9872643226,1697577.7933577597,10
-1175887.6745477952,1697577.7933577597,10
-1175424.3618312676,1697577.7933577597,10
-1174961.04911474,1697577.7933577597,10
-1174497.7363982126,1697577.7933577597,10
-1174034.4236816852,1697577.7933577597,10
-1173571.1109651576,1697577.7933577597,10
-1173107.79824863,1697577.7933577597,10
-1172644.4855321026,1697577.7933577597,10
-1172181.172815575,1697577.7933577597,10
-1171717.8600990477,1697577.7933577597,10
-1171254.54738252,1697577.7933577597,10
-1170791.2346659927,1697577.7933577597,10
-1170327.921949465,1697577.7933577597,10
-1169864.6092329377,1697577.7933577597,10
-1169401.29651641,1697577.7933577597,10
-1168937.9837998827,1697577.7933577597,10
-1168474.671083355,1697577.7933577597,10
-1168011.3583668275,1697577.7933577597,10
-1167548.0456503,1697577.7933577597,10
-1167084.7329337727,1697577.7933577597,10
-1166621.4202172451,1697577.7933577597,10
-1166158.1075007175,1697577.7933577597,10
-1165694.7947841901,1697577.7933577597,10
-1165231.4820676625,1697577.7933577597,10
-1164768.1693511351,1697577.7933577597,10
-1164304.8566346075,1697577.7933577597,10
-1163841.5439180802,1697577.7933577597,10
-1163378.2312015526,1697577.7933577597,10
-1162914.9184850252,1697577.7933577597,10
-1162451.6057684976,1697577.7933577597,10
-1161988.2930519702,1697577.7933577597,10
-1161524.9803354426,1697577.7933577597,10
-1187470.4924609826,1697114.4806412323,10
-1187007.179744455,1697114.4806412323,10
-1186543.8670279277,1697114.4806412323,10
-1186080.5543114,1697114.4806412323,10
-1185617.2415948727,1697114.4806412323,10
-1185153.928878345,1697114.4806412323,10
-1184690.6161618177,1697114.4806412323,10
-1184227.30344529,1697114.4806412323,10
-1183763.9907287627,1697114.4806412323,10
-1183300.678012235,1697114.4806412323,10
-1182837.3652957077,1697114.4806412323,10
-1182374.05257918,1697114.4806412323,10
-1181910.7398626525,1697114.4806412323,10
-1181447.4271461251,1697114.4806412323,10
-1180984.1144295975,1697114.4806412323,10
-1180520.8017130701,1697114.4806412323,10
-1180057.4889965425,1697114.4806412323,10
-1179594.1762800151,1697114.4806412323,10
-1179130.8635634875,1697114.4806412323,10
-1178667.5508469602,1697114.4806412323,10
-1178204.2381304326,1697114.4806412323,10
-1177740.9254139052,1697114.4806412323,10
-1177277.6126973776,1697114.4806412323,10
-1176814.2999808502,1697114.4806412323,10
-1176350.9872643226,1697114.4806412323,10
-1175887.6745477952,1697114.4806412323,10
-1175424.3618312676,1697114.4806412323,10
-1174961.04911474,1697114.4806412323,10
-1174497.7363982126,1697114.4806412323,10
-1174034.4236816852,1697114.4806412323,10
-1173571.1109651576,1697114.4806412323,10
-1173107.79824863,1697114.4806412323,10
-1172644.4855321026,1697114.4806412323,10
-1172181.172815575,1697114.4806412323,10
-1171717.8600990477,1697114.4806412323,10
-1171254.54738252,1697114.4806412323,10
-1170791.2346659927,1697114.4806412323,10
-1170327.921949465,1697114.4806412323,10
-1169864.6092329377,1697114.4806412323,10
-1169401.29651641,1697114.4806412323,10
-1168937.9837998827,1697114.4806412323,10
-1168474.671083355,1697114.4806412323,10
-1168011.3583668275,1697114.4806412323,10
-1167548.0456503,1697114.4806412323,10
-1167084.7329337727,1697114.4806412323,10
-1166621.4202172451,1697114.4806412323,10
-1166158.1075007175,1697114.4806412323,10
-1165694.7947841901,1697114.4806412323,10
-1165231.4820676625,1697114.4806412323,10
-1164768.1693511351,1697114.4806412323,10
-1164304.8566346075,1697114.4806412323,10
-1163841.5439180802,1697114.4806412323,10
-1163378.2312015526,1697114.4806412323,10
-1162914.9184850252,1697114.4806412323,10
-1162451.6057684976,1697114.4806412323,10
-1161988.2930519702,1697114.4806412323,10
-1161524.9803354426,1697114.4806412323,10
-1187470.4924609826,1696651.1679247047,10
-1187007.179744455,1696651.1679247047,10
-1186543.8670279277,1696651.1679247047,10
-1186080.5543114,1696651.1679247047,10
-1185617.2415948727,1696651.1679247047,10
-1185153.928878345,1696651.1679247047,10
-1184690.6161618177,1696651.1679247047,10
-1184227.30344529,1696651.1679247047,10
-1183763.9907287627,1696651.1679247047,10
-1183300.678012235,1696651.1679247047,10
-1182837.3652957077,1696651.1679247047,10
-1182374.05257918,1696651.1679247047,10
-1181910.7398626525,1696651.1679247047,10
-1181447.4271461251,1696651.1679247047,10
-1180984.1144295975,1696651.1679247047,10
-1180520.8017130701,1696651.1679247047,10
-1180057.4889965425,1696651.1679247047,10
-1179594.1762800151,1696651.1679247047,10
-1179130.8635634875,1696651.1679247047,10
-1178667.5508469602,1696651.1679247047,10
-1178204.2381304326,1696651.1679247047,10
-1177740.9254139052,1696651.1679247047,10
-1177277.6126973776,1696651.1679247047,10
-1176814.2999808502,1696651.1679247047,10
-1176350.9872643226,1696651.1679247047,10
-1175887.6745477952,1696651.1679247047,10
-1175424.3618312676,1696651.1679247047,10
-1174961.04911474,1696651.1679247047,10
-1174497.7363982126,1696651.1679247047,10
-1174034.4236816852,1696651.1679247047,10
-1173571.1109651576,1696651.1679247047,10
-1173107.79824863,1696651.1679247047,10
-1172644.4855321026,1696651.1679247047,10
-1172181.172815575,1696651.1679247047,10
-1171717.8600990477,1696651.1679247047,10
-1171254.54738252,1696651.1679247047,10
-1170791.2346659927,1696651.1679247047,10
-1170327.921949465,1696651.1679247047,10
-1169864.6092329377,1696651.1679247047,10
-1169401.29651641,1696651.1679247047,10
-1168937.9837998827,1696651.1679247047,10
-1168474.671083355,1696651.1679247047,10
-1168011.3583668275,1696651.1679247047,10
-1167548.0456503,1696651.1679247047,10
-1167084.7329337727,1696651.1679247047,10
-1166621.4202172451,1696651.1679247047,10
-1166158.1075007175,1696651.1679247047,10
-1165694.7947841901,1696651.1679247047,10
-1165231.4820676625,1696651.1679247047,10
-1164768.1693511351,1696651.1679247047,10
-1164304.8566346075,1696651.1679247047,10
-1163841.5439180802,1696651.1679247047,10
-1163378.2312015526,1696651.1679247047,10
-1162914.9184850252,1696651.1679247047,10
-1162451.6057684976,1696651.1679247047,10
-1161988.2930519702,1696651.1679247047,10
-1161524.9803354426,1696651.1679247047,10
-1187470.4924609826,1696187.8552081771,10
-1187007.179744455,1696187.8552081771,10
-1186543.8670279277,1696187.8552081771,10
-1186080.5543114,1696187.8552081771,10
-1185617.2415948727,1696187.8552081771,10
-1185153.928878345,1696187.8552081771,10
-1184690.6161618177,1696187.8552081771,10
-1184227.30344529,1696187.8552081771,10
-1183763.9907287627,1696187.8552081771,10
-1183300.678012235,1696187.8552081771,10
-1182837.3652957077,1696187.8552081771,10
-1182374.05257918,1696187.8552081771,10
-1181910.7398626525,1696187.8552081771,10
-1181447.4271461251,1696187.8552081771,10
-1180984.1144295975,1696187.8552081771,10
-1180520.8017130701,1696187.8552081771,10
-1180057.4889965425,1696187.8552081771,10
-1179594.1762800151,1696187.8552081771,10
-1179130.8635634875,1696187.8552081771,10
-1178667.5508469602,1696187.8552081771,10
-1178204.2381304326,1696187.8552081771,10
-1177740.9254139052,1696187.8552081771,10
-1177277.6126973776,1696187.8552081771,10
-1176814.2999808502,1696187.8552081771,10
-1176350.9872643226,1696187.8552081771,10
-1175887.6745477952,1696187.8552081771,10
-1175424.3618312676,1696187.8552081771,10
-1174961.04911474,1696187.8552081771,10
-1174497.7363982126,1696187.8552081771,10
-1174034.4236816852,1696187.8552081771,10
-1173571.1109651576,1696187.8552081771,10
-1173107.79824863,1696187.8552081771,10
-1172644.4855321026,1696187.8552081771,10
-1172181.172815575,1696187.8552081771,10
-1171717.8600990477,1696187.8552081771,10
-1171254.54738252,1696187.8552081771,10
-1170791.2346659927,1696187.8552081771,10
-1170327.921949465,1696187.8552081771,10
-1169864.6092329377,1696187.8552081771,10
-1169401.29651641,1696187.8552081771,10
-1168937.9837998827,1696187.8552081771,10
-1168474.671083355,1696187.8552081771,10
-1168011.3583668275,1696187.8552081771,10
-1167548.0456503,1696187.8552081771,10
-1167084.7329337727,1696187.8552081771,10
-1166621.4202172451,1696187.8552081771,10
-1166158.1075007175,1696187.8552081771,10
-1165694.7947841901,1696187.8552081771,10
-1165231.4820676625,1696187.8552081771,10
-1164768.1693511351,1696187.8552081771,10
-1164304.8566346075,1696187.8552081771,10
-1163841.5439180802,1696187.8552081771,10
-1163378.2312015526,1696187.8552081771,10
-1162914.9184850252,1696187.8552081771,10
-1162451.6057684976,1696187.8552081771,10
-1161988.2930519702,1696187.8552081771,10
-1161524.9803354426,1696187.8552081771,10
-1187007.179744455,1695724.5424916497,10
-1186543.8670279277,1695724.5424916497,10
-1186080.5543114,1695724.5424916497,10
-1185617.2415948727,1695724.5424916497,10
-1185153.928878345,1695724.5424916497,10
-1184690.6161618177,1695724.5424916497,10
-1184227.30344529,1695724.5424916497,10
-1183763.9907287627,1695724.5424916497,10
-1183300.678012235,1695724.5424916497,10
-1182837.3652957077,1695724.5424916497,10
-1182374.05257918,1695724.5424916497,10
-1181910.7398626525,1695724.5424916497,10
-1181447.4271461251,1695724.5424916497,10
-1180984.1144295975,1695724.5424916497,10
-1180520.8017130701,1695724.5424916497,10
-1180057.4889965425,1695724.5424916497,10
-1179594.1762800151,1695724.5424916497,10
-1179130.8635634875,1695724.5424916497,10
-1178667.5508469602,1695724.5424916497,10
-1178204.2381304326,1695724.5424916497,10
-1177740.9254139052,1695724.5424916497,10
-1177277.6126973776,1695724.5424916497,10
-1176814.2999808502,1695724.5424916497,10
-1176350.9872643226,1695724.5424916497,10
-1175887.6745477952,1695724.5424916497,10
-1175424.3618312676,1695724.5424916497,10
-1174961.04911474,1695724.5424916497,10
-1174497.7363982126,1695724.5424916497,10
-1174034.4236816852,1695724.5424916497,10
-1173571.1109651576,1695724.5424916497,10
-1173107.79824863,1695724.5424916497,10
-1172644.4855321026,1695724.5424916497,10
-1172181.172815575,1695724.5424916497,10
-1171717.8600990477,1695724.5424916497,10
-1171254.54738252,1695724.5424916497,10
-1170791.2346659927,1695724.5424916497,10
-1170327.921949465,1695724.5424916497,10
-1169864.6092329377,1695724.5424916497,10
-1169401.29651641,1695724.5424916497,10
-1168937.9837998827,1695724.5424916497,10
-1168474.671083355,1695724.5424916497,10
-1168011.3583668275,1695724.5424916497,10
-1167548.0456503,1695724.5424916497,10
-1167084.7329337727,1695724.5424916497,10
-1166621.4202172451,1695724.5424916497,10
-1166158.1075007175,1695724.5424916497,10
-1165694.7947841901,1695724.5424916497,10
-1165231.4820676625,1695724.5424916497,10
-1164768.1693511351,1695724.5424916497,10
-1164304.8566346075,1695724.5424916497,10
-1163841.5439180802,1695724.5424916497,10
-1163378.2312015526,1695724.5424916497,10
-1162914.9184850252,1695724.5424916497,10
-1162451.6057684976,1695724.5424916497,10
-1161988.2930519702,1695724.5424916497,10
-1161524.9803354426,1695724.5424916497,10
-1187007.179744455,1695261.2297751221,10
-1186543.8670279277,1695261.2297751221,10
-1186080.5543114,1695261.2297751221,10
-1185617.2415948727,1695261.2297751221,10
-1185153.928878345,1695261.2297751221,10
-1184690.6161618177,1695261.2297751221,10
-1184227.30344529,1695261.2297751221,10
-1183763.9907287627,1695261.2297751221,10
-1183300.678012235,1695261.2297751221,10
-1182837.3652957077,1695261.2297751221,10
-1182374.05257918,1695261.2297751221,10
-1181910.7398626525,1695261.2297751221,10
-1181447.4271461251,1695261.2297751221,10
-1180984.1144295975,1695261.2297751221,10
-1180520.8017130701,1695261.2297751221,10
-1180057.4889965425,1695261.2297751221,10
-1179594.1762800151,1695261.2297751221,10
-1179130.8635634875,1695261.2297751221,10
-1178667.5508469602,1695261.2297751221,10
-1178204.2381304326,1695261.2297751221,10
-1177740.9254139052,1695261.2297751221,10
-1177277.6126973776,1695261.2297751221,10
-1176814.2999808502,1695261.2297751221,10
-1176350.9872643226,1695261.2297751221,10
-1175887.6745477952,1695261.2297751221,10
-1175424.3618312676,1695261.2297751221,10
-1174961.04911474,1695261.2297751221,10
-1174497.7363982126,1695261.2297751221,10
-1174034.4236816852,1695261.2297751221,10
-1173571.1109651576,1695261.2297751221,10
-1173107.79824863,1695261.2297751221,10
-1172644.4855321026,1695261.2297751221,10
-1172181.172815575,1695261.2297751221,10
-1171717.8600990477,1695261.2297751221,10
-1171254.54738252,1695261.2297751221,10
-1170791.2346659927,1695261.2297751221,10
-1170327.921949465,1695261.2297751221,10
-1169864.6092329377,1695261.2297751221,10
-1169401.29651641,1695261.2297751221,10
-1168937.9837998827,1695261.2297751221,10
-1168474.671083355,1695261.2297751221,10
-1168011.3583668275,1695261.2297751221,10
-1167548.0456503,1695261.2297751221,10
-1167084.7329337727,1695261.2297751221,10
-1166621.4202172451,1695261.2297751221,10
-1166158.1075007175,1695261.2297751221,10
-1165694.7947841901,1695261.2297751221,10
-1165231.4820676625,1695261.2297751221,10
-1164768.1693511351,1695261.2297751221,10
-1164304.8566346075,1695261.2297751221,10
-1163841.5439180802,1695261.2297751221,10
-1163378.2312015526,1695261.2297751221,10
-1162914.9184850252,1695261.2297751221,10
-1162451.6057684976,1695261.2297751221,10
-1161988.2930519702,1695261.2297751221,10
-1161524.9803354426,1695261.2297751221,10
-1187007.179744455,1694797.9170585948,10
-1186543.8670279277,1694797.9170585948,10
-1186080.5543114,1694797.9170585948,10
-1185617.2415948727,1694797.9170585948,10
-1185153.928878345,1694797.9170585948,10
-1184690.6161618177,1694797.9170585948,10
-1184227.30344529,1694797.9170585948,10
-1183763.9907287627,1694797.9170585948,10
-1183300.678012235,1694797.9170585948,10
-1182837.3652957077,1694797.9170585948,10
-1182374.05257918,1694797.9170585948,10
-1181910.7398626525,1694797.9170585948,10
-1181447.4271461251,1694797.9170585948,10
-1180984.1144295975,1694797.9170585948,10
-1180520.8017130701,1694797.9170585948,10
-1180057.4889965425,1694797.9170585948,10
-1179594.1762800151,1694797.9170585948,10
-1179130.8635634875,1694797.9170585948,10
-1178667.5508469602,1694797.9170585948,10
-1178204.2381304326,1694797.9170585948,10
-1177740.9254139052,1694797.9170585948,10
-1177277.6126973776,1694797.9170585948,10
-1176814.2999808502,1694797.9170585948,10
-1176350.9872643226,1694797.9170585948,10
-1175887.6745477952,1694797.9170585948,10
-1175424.3618312676,1694797.9170585948,10
-1174961.04911474,1694797.9170585948,10
-1174497.7363982126,1694797.9170585948,10
-1174034.4236816852,1694797.9170585948,10
-1173571.1109651576,1694797.9170585948,10
-1173107.79824863,1694797.9170585948,10
-1172644.4855321026,1694797.9170585948,10
-1172181.172815575,1694797.9170585948,10
-1171717.8600990477,1694797.9170585948,10
-1171254.54738252,1694797.9170585948,10
-1170791.2346659927,1694797.9170585948,10
-1170327.921949465,1694797.9170585948,10
-1169864.6092329377,1694797.9170585948,10
-1169401.29651641,1694797.9170585948,10
-1168937.9837998827,1694797.9170585948,10
-1168474.671083355,1694797.9170585948,10
-1168011.3583668275,1694797.9170585948,10
-1167548.0456503,1694797.9170585948,10
-1167084.7329337727,1694797.9170585948,10
-1166621.4202172451,1694797.9170585948,10
-1166158.1075007175,1694797.9170585948,10
-1165694.7947841901,1694797.9170585948,10
-1165231.4820676625,1694797.9170585948,10
-1164768.1693511351,1694797.9170585948,10
-1164304.8566346075,1694797.9170585948,10
-1163841.5439180802,1694797.9170585948,10
-1163378.2312015526,1694797.9170585948,10
-1162914.9184850252,1694797.9170585948,10
-1162451.6057684976,1694797.9170585948,10
-1161988.2930519702,1694797.9170585948,10
-1161524.9803354426,1694797.9170585948,10
-1187007.179744455,1694334.6043420671,10
-1186543.8670279277,1694334.6043420671,10
-1186080.5543114,1694334.6043420671,10
-1185617.2415948727,1694334.6043420671,10
-1185153.928878345,1694334.6043420671,10
-1184690.6161618177,1694334.6043420671,10
-1184227.30344529,1694334.6043420671,10
-1183763.9907287627,1694334.6043420671,10
-1183300.678012235,1694334.6043420671,10
-1182837.3652957077,1694334.6043420671,10
-1182374.05257918,1694334.6043420671,10
-1181910.7398626525,1694334.6043420671,10
-1181447.4271461251,1694334.6043420671,10
-1180984.1144295975,1694334.6043420671,10
-1180520.8017130701,1694334.6043420671,10
-1180057.4889965425,1694334.6043420671,10
-1179594.1762800151,1694334.6043420671,10
-1179130.8635634875,1694334.6043420671,10
-1178667.5508469602,1694334.6043420671,10
-1178204.2381304326,1694334.6043420671,10
-1177740.9254139052,1694334.6043420671,10
-1177277.6126973776,1694334.6043420671,10
-1176814.2999808502,1694334.6043420671,10
-1176350.9872643226,1694334.6043420671,10
-1175887.6745477952,1694334.6043420671,10
-1175424.3618312676,1694334.6043420671,10
-1174961.04911474,1694334.6043420671,10
-1174497.7363982126,1694334.6043420671,10
-1174034.4236816852,1694334.6043420671,10
-1173571.1109651576,1694334.6043420671,10
-1173107.79824863,1694334.6043420671,10
-1172644.4855321026,1694334.6043420671,10
-1172181.172815575,1694334.6043420671,10
-1171717.8600990477,1694334.6043420671,10
-1171254.54738252,1694334.6043420671,10
-1170791.2346659927,1694334.6043420671,10
-1170327.921949465,1694334.6043420671,10
-1169864.6092329377,1694334.6043420671,10
-1169401.29651641,1694334.6043420671,10
-1168937.9837998827,1694334.6043420671,10
-1168474.671083355,1694334.6043420671,10
-1168011.3583668275,1694334.6043420671,10
-1167548.0456503,1694334.6043420671,10
-1167084.7329337727,1694334.6043420671,10
-1166621.4202172451,1694334.6043420671,10
-1166158.1075007175,1694334.6043420671,10
-1165694.7947841901,1694334.6043420671,10
-1165231.4820676625,1694334.6043420671,10
-1164768.1693511351,1694334.6043420671,10
-1164304.8566346075,1694334.6043420671,10
-1163841.5439180802,1694334.6043420671,10
-1163378.2312015526,1694334.6043420671,10
-1162914.9184850252,1694334.6043420671,10
-1162451.6057684976,1694334.6043420671,10
-1161988.2930519702,1694334.6043420671,10
-1161524.9803354426,1694334.6043420671,10
-1187007.179744455,1693871.2916255398,10
-1186543.8670279277,1693871.2916255398,10
-1186080.5543114,1693871.2916255398,10
-1185617.2415948727,1693871.2916255398,10
-1185153.928878345,1693871.2916255398,10
-1184690.6161618177,1693871.2916255398,10
-1184227.30344529,1693871.2916255398,10
-1183763.9907287627,1693871.2916255398,10
-1183300.678012235,1693871.2916255398,10
-1182837.3652957077,1693871.2916255398,10
-1182374.05257918,1693871.2916255398,10
-1181910.7398626525,1693871.2916255398,10
-1181447.4271461251,1693871.2916255398,10
-1180984.1144295975,1693871.2916255398,10
-1180520.8017130701,1693871.2916255398,10
-1180057.4889965425,1693871.2916255398,10
-1179594.1762800151,1693871.2916255398,10
-1179130.8635634875,1693871.2916255398,10
-1178667.5508469602,1693871.2916255398,10
-1178204.2381304326,1693871.2916255398,10
-1177740.9254139052,1693871.2916255398,10
-1177277.6126973776,1693871.2916255398,10
-1176814.2999808502,1693871.2916255398,10
-1176350.9872643226,1693871.2916255398,10
-1175887.6745477952,1693871.2916255398,10
-1175424.3618312676,1693871.2916255398,10
-1174961.04911474,1693871.2916255398,10
-1174497.7363982126,1693871.2916255398,10
-1174034.4236816852,1693871.2916255398,10
-1173571.1109651576,1693871.2916255398,10
-1173107.79824863,1693871.2916255398,10
-1172644.4855321026,1693871.2916255398,10
-1172181.172815575,1693871.2916255398,10
-1171717.8600990477,1693871.2916255398,10
-1171254.54738252,1693871.2916255398,10
-1170791.2346659927,1693871.2916255398,10
-1170327.921949465,1693871.2916255398,10
-1169864.6092329377,1693871.2916255398,10
-1169401.29651641,1693871.2916255398,10
-1168937.9837998827,1693871.2916255398,10
-1168474.671083355,1693871.2916255398,10
-1168011.3583668275,1693871.2916255398,10
-1167548.0456503,1693871.2916255398,10
-1167084.7329337727,1693871.2916255398,10
-1166621.4202172451,1693871.2916255398,10
-1166158.1075007175,1693871.2916255398,10
-1165694.7947841901,1693871.2916255398,10
-1165231.4820676625,1693871.2916255398,10
-1164768.1693511351,1693871.2916255398,10
-1164304.8566346075,1693871.2916255398,10
-1163841.5439180802,1693871.2916255398,10
-1163378.2312015526,1693871.2916255398,10
-1162914.9184850252,1693871.2916255398,10
-1162451.6057684976,1693871.2916255398,10
-1161988.2930519702,1693871.2916255398,10
-1161524.9803354426,1693871.2916255398,10
-1187007.179744455,1693407.9789090122,10
-1186543.8670279277,1693407.9789090122,10
-1186080.5543114,1693407.9789090122,10
-1185617.2415948727,1693407.9789090122,10
-1185153.928878345,1693407.9789090122,10
-1184690.6161618177,1693407.9789090122,10
-1184227.30344529,1693407.9789090122,10
-1183763.9907287627,1693407.9789090122,10
-1183300.678012235,1693407.9789090122,10
-1182837.3652957077,1693407.9789090122,10
-1182374.05257918,1693407.9789090122,10
-1181910.7398626525,1693407.9789090122,10
-1181447.4271461251,1693407.9789090122,10
-1180984.1144295975,1693407.9789090122,10
-1180520.8017130701,1693407.9789090122,10
-1180057.4889965425,1693407.9789090122,10
-1179594.1762800151,1693407.9789090122,10
-1179130.8635634875,1693407.9789090122,10
-1178667.5508469602,1693407.9789090122,10
-1178204.2381304326,1693407.9789090122,10
-1177740.9254139052,1693407.9789090122,10
-1177277.6126973776,1693407.9789090122,10
-1176814.2999808502,1693407.9789090122,10
-1176350.9872643226,1693407.9789090122,10
-1175887.6745477952,1693407.9789090122,10
-1175424.3618312676,1693407.9789090122,10
-1174961.04911474,1693407.9789090122,10
-1174497.7363982126,1693407.9789090122,10
-1174034.4236816852,1693407.9789090122,10
-1173571.1109651576,1693407.9789090122,10
-1173107.79824863,1693407.9789090122,10
-1172644.4855321026,1693407.9789090122,10
-1172181.172815575,1693407.9789090122,10
-1171717.8600990477,1693407.9789090122,10
-1171254.54738252,1693407.9789090122,10
-1170791.2346659927,1693407.9789090122,10
-1170327.921949465,1693407.9789090122,10
-1169864.6092329377,1693407.9789090122,10
-1169401.29651641,1693407.9789090122,10
-1168937.9837998827,1693407.9789090122,10
-1168474.671083355,1693407.9789090122,10
-1168011.3583668275,1693407.9789090122,10
-1167548.0456503,1693407.9789090122,10
-1167084.7329337727,1693407.9789090122,10
-1166621.4202172451,1693407.9789090122,10
-1166158.1075007175,1693407.9789090122,10
-1165694.7947841901,1693407.9789090122,10
-1165231.4820676625,1693407.9789090122,10
-1164768.1693511351,1693407.9789090122,10
-1164304.8566346075,1693407.9789090122,10
-1163841.5439180802,1693407.9789090122,10
-1163378.2312015526,1693407.9789090122,10
-1162914.9184850252,1693407.9789090122,10
-1162451.6057684976,1693407.9789090122,10
-1161988.2930519702,1693407.9789090122,10
-1187007.179744455,1692944.6661924846,10
-1186543.8670279277,1692944.6661924846,10
-1186080.5543114,1692944.6661924846,10
-1185617.2415948727,1692944.6661924846,10
-1185153.928878345,1692944.6661924846,10
-1184690.6161618177,1692944.6661924846,10
-1184227.30344529,1692944.6661924846,10
-1183763.9907287627,1692944.6661924846,10
-1183300.678012235,1692944.6661924846,10
-1182837.3652957077,1692944.6661924846,10
-1182374.05257918,1692944.6661924846,10
-1181910.7398626525,1692944.6661924846,10
-1181447.4271461251,1692944.6661924846,10
-1180984.1144295975,1692944.6661924846,10
-1180520.8017130701,1692944.6661924846,10
-1180057.4889965425,1692944.6661924846,10
-1179594.1762800151,1692944.6661924846,10
-1179130.8635634875,1692944.6661924846,10
-1178667.5508469602,1692944.6661924846,10
-1178204.2381304326,1692944.6661924846,10
-1177740.9254139052,1692944.6661924846,10
-1177277.6126973776,1692944.6661924846,10
-1176814.2999808502,1692944.6661924846,10
-1176350.9872643226,1692944.6661924846,10
-1175887.6745477952,1692944.6661924846,10
-1175424.3618312676,1692944.6661924846,10
-1174961.04911474,1692944.6661924846,10
-1174497.7363982126,1692944.6661924846,10
-1174034.4236816852,1692944.6661924846,10
-1173571.1109651576,1692944.6661924846,10
-1173107.79824863,1692944.6661924846,10
-1172644.4855321026,1692944.6661924846,10
-1172181.172815575,1692944.6661924846,10
-1171717.8600990477,1692944.6661924846,10
-1171254.54738252,1692944.6661924846,10
-1170791.2346659927,1692944.6661924846,10
-1170327.921949465,1692944.6661924846,10
-1169864.6092329377,1692944.6661924846,10
-1169401.29651641,1692944.6661924846,10
-1168937.9837998827,1692944.6661924846,10
-1168474.671083355,1692944.6661924846,10
-1168011.3583668275,1692944.6661924846,10
-1167548.0456503,1692944.6661924846,10
-1167084.7329337727,1692944.6661924846,10
-1166621.4202172451,1692944.6661924846,10
-1166158.1075007175,1692944.6661924846,10
-1165694.7947841901,1692944.6661924846,10
-1165231.4820676625,1692944.6661924846,10
-1164768.1693511351,1692944.6661924846,10
-1164304.8566346075,1692944.6661924846,10
-1163841.5439180802,1692944.6661924846,10
-1163378.2312015526,1692944.6661924846,10
-1162914.9184850252,1692944.6661924846,10
-1162451.6057684976,1692944.6661924846,10
-1161988.2930519702,1692944.6661924846,10
-1187007.179744455,1692481.3534759572,10
-1186543.8670279277,1692481.3534759572,10
-1186080.5543114,1692481.3534759572,10
-1185617.2415948727,1692481.3534759572,10
-1185153.928878345,1692481.3534759572,10
-1184690.6161618177,1692481.3534759572,10
-1184227.30344529,1692481.3534759572,10
-1183763.9907287627,1692481.3534759572,10
-1183300.678012235,1692481.3534759572,10
-1182837.3652957077,1692481.3534759572,10
-1182374.05257918,1692481.3534759572,10
-1181910.7398626525,1692481.3534759572,10
-1181447.4271461251,1692481.3534759572,10
-1180984.1144295975,1692481.3534759572,10
-1180520.8017130701,1692481.3534759572,10
-1180057.4889965425,1692481.3534759572,10
-1179594.1762800151,1692481.3534759572,10
-1179130.8635634875,1692481.3534759572,10
-1178667.5508469602,1692481.3534759572,10
-1178204.2381304326,1692481.3534759572,10
-1177740.9254139052,1692481.3534759572,10
-1177277.6126973776,1692481.3534759572,10
-1176814.2999808502,1692481.3534759572,10
-1176350.9872643226,1692481.3534759572,10
-1175887.6745477952,1692481.3534759572,10
-1175424.3618312676,1692481.3534759572,10
-1174961.04911474,1692481.3534759572,10
-1174497.7363982126,1692481.3534759572,10
-1174034.4236816852,1692481.3534759572,10
-1173571.1109651576,1692481.3534759572,10
-1173107.79824863,1692481.3534759572,10
-1172644.4855321026,1692481.3534759572,10
-1172181.172815575,1692481.3534759572,10
-1171717.8600990477,1692481.3534759572,10
-1171254.54738252,1692481.3534759572,10
-1170791.2346659927,1692481.3534759572,10
-1170327.921949465,1692481.3534759572,10
-1169864.6092329377,1692481.3534759572,10
-1169401.29651641,1692481.3534759572,10
-1168937.9837998827,1692481.3534759572,10
-1168474.671083355,1692481.3534759572,10
-1168011.3583668275,1692481.3534759572,10
-1167548.0456503,1692481.3534759572,10
-1167084.7329337727,1692481.3534759572,10
-1166621.4202172451,1692481.3534759572,10
-1166158.1075007175,1692481.3534759572,10
-1165694.7947841901,1692481.3534759572,10
-1165231.4820676625,1692481.3534759572,10
-1164768.1693511351,1692481.3534759572,10
-1164304.8566346075,1692481.3534759572,10
-1163841.5439180802,1692481.3534759572,10
-1163378.2312015526,1692481.3534759572,10
-1162914.9184850252,1692481.3534759572,10
-1162451.6057684976,1692481.3534759572,10
-1187007.179744455,1692018.0407594298,10
-1186543.8670279277,1692018.0407594298,10
-1186080.5543114,1692018.0407594298,10
-1185617.2415948727,1692018.0407594298,10
-1185153.928878345,1692018.0407594298,10
-1184690.6161618177,1692018.0407594298,10
-1184227.30344529,1692018.0407594298,10
-1183763.9907287627,1692018.0407594298,10
-1183300.678012235,1692018.0407594298,10
-1182837.3652957077,1692018.0407594298,10
-1182374.05257918,1692018.0407594298,10
-1181910.7398626525,1692018.0407594298,10
-1181447.4271461251,1692018.0407594298,10
-1180984.1144295975,1692018.0407594298,10
-1180520.8017130701,1692018.0407594298,10
-1180057.4889965425,1692018.0407594298,10
-1179594.1762800151,1692018.0407594298,10
-1179130.8635634875,1692018.0407594298,10
-1178667.5508469602,1692018.0407594298,10
-1178204.2381304326,1692018.0407594298,10
-1177740.9254139052,1692018.0407594298,10
-1177277.6126973776,1692018.0407594298,10
-1176814.2999808502,1692018.0407594298,10
-1176350.9872643226,1692018.0407594298,10
-1175887.6745477952,1692018.0407594298,10
-1175424.3618312676,1692018.0407594298,10
-1174961.04911474,1692018.0407594298,10
-1174497.7363982126,1692018.0407594298,10
-1174034.4236816852,1692018.0407594298,10
-1173571.1109651576,1692018.0407594298,10
-1173107.79824863,1692018.0407594298,10
-1172644.4855321026,1692018.0407594298,10
-1172181.172815575,1692018.0407594298,10
-1171717.8600990477,1692018.0407594298,10
-1171254.54738252,1692018.0407594298,10
-1170791.2346659927,1692018.0407594298,10
-1170327.921949465,1692018.0407594298,10
-1169864.6092329377,1692018.0407594298,10
-1169401.29651641,1692018.0407594298,10
-1168937.9837998827,1692018.0407594298,10
-1168474.671083355,1692018.0407594298,10
-1168011.3583668275,1692018.0407594298,10
-1167548.0456503,1692018.0407594298,10
-1167084.7329337727,1692018.0407594298,10
-1166621.4202172451,1692018.0407594298,10
-1166158.1075007175,1692018.0407594298,10
-1165694.7947841901,1692018.0407594298,10
-1165231.4820676625,1692018.0407594298,10
-1164768.1693511351,1692018.0407594298,10
-1164304.8566346075,1692018.0407594298,10
-1163841.5439180802,1692018.0407594298,10
-1163378.2312015526,1692018.0407594298,10
-1162914.9184850252,1692018.0407594298,10
-1162451.6057684976,1692018.0407594298,10
-1187007.179744455,1691554.7280429022,10
-1186543.8670279277,1691554.7280429022,10
-1186080.5543114,1691554.7280429022,10
-1185617.2415948727,1691554.7280429022,10
-1185153.928878345,1691554.7280429022,10
-1184690.6161618177,1691554.7280429022,10
-1184227.30344529,1691554.7280429022,10
-1183763.9907287627,1691554.7280429022,10
-1183300.678012235,1691554.7280429022,10
-1182837.3652957077,1691554.7280429022,10
-1182374.05257918,1691554.7280429022,10
-1181910.7398626525,1691554.7280429022,10
-1181447.4271461251,1691554.7280429022,10
-1180984.1144295975,1691554.7280429022,10
-1180520.8017130701,1691554.7280429022,10
-1180057.4889965425,1691554.7280429022,10
-1179594.1762800151,1691554.7280429022,10
-1179130.8635634875,1691554.7280429022,10
-1178667.5508469602,1691554.7280429022,10
-1178204.2381304326,1691554.7280429022,10
-1177740.9254139052,1691554.7280429022,10
-1177277.6126973776,1691554.7280429022,10
-1176814.2999808502,1691554.7280429022,10
-1176350.9872643226,1691554.7280429022,10
-1175887.6745477952,1691554.7280429022,10
-1175424.3618312676,1691554.7280429022,10
-1174961.04911474,1691554.7280429022,10
-1174497.7363982126,1691554.7280429022,10
-1174034.4236816852,1691554.7280429022,10
-1173571.1109651576,1691554.7280429022,10
-1173107.79824863,1691554.7280429022,10
-1172644.4855321026,1691554.7280429022,10
-1172181.172815575,1691554.7280429022,10
-1171717.8600990477,1691554.7280429022,10
-1171254.54738252,1691554.7280429022,10
-1170791.2346659927,1691554.7280429022,10
-1170327.921949465,1691554.7280429022,10
-1169864.6092329377,1691554.7280429022,10
-1169401.29651641,1691554.7280429022,10
-1168937.9837998827,1691554.7280429022,10
-1168474.671083355,1691554.7280429022,10
-1168011.3583668275,1691554.7280429022,10
-1167548.0456503,1691554.7280429022,10
-1167084.7329337727,1691554.7280429022,10
-1166621.4202172451,1691554.7280429022,10
-1166158.1075007175,1691554.7280429022,10
-1165694.7947841901,1691554.7280429022,10
-1165231.4820676625,1691554.7280429022,10
-1164768.1693511351,1691554.7280429022,10
-1164304.8566346075,1691554.7280429022,10
-1163841.5439180802,1691554.7280429022,10
-1163378.2312015526,1691554.7280429022,10
-1162914.9184850252,1691554.7280429022,10
-1187007.179744455,1691091.4153263746,10
-1186543.8670279277,1691091.4153263746,10
-1186080.5543114,1691091.4153263746,10
-1185617.2415948727,1691091.4153263746,10
-1185153.928878345,1691091.4153263746,10
-1184690.6161618177,1691091.4153263746,10
-1184227.30344529,1691091.4153263746,10
-1183763.9907287627,1691091.4153263746,10
-1183300.678012235,1691091.4153263746,10
-1182837.3652957077,1691091.4153263746,10
-1182374.05257918,1691091.4153263746,10
-1181910.7398626525,1691091.4153263746,10
-1181447.4271461251,1691091.4153263746,10
-1180984.1144295975,1691091.4153263746,10
-1180520.8017130701,1691091.4153263746,10
-1180057.4889965425,1691091.4153263746,10
-1179594.1762800151,1691091.4153263746,10
-1179130.8635634875,1691091.4153263746,10
-1178667.5508469602,1691091.4153263746,10
-1178204.2381304326,1691091.4153263746,10
-1177740.9254139052,1691091.4153263746,10
-1177277.6126973776,1691091.4153263746,10
-1176814.2999808502,1691091.4153263746,10
-1176350.9872643226,1691091.4153263746,10
-1175887.6745477952,1691091.4153263746,10
-1175424.3618312676,1691091.4153263746,10
-1174961.04911474,1691091.4153263746,10
-1174497.7363982126,1691091.4153263746,10
-1174034.4236816852,1691091.4153263746,10
-1173571.1109651576,1691091.4153263746,10
-1173107.79824863,1691091.4153263746,10
-1172644.4855321026,1691091.4153263746,10
-1172181.172815575,1691091.4153263746,10
-1171717.8600990477,1691091.4153263746,10
-1171254.54738252,1691091.4153263746,10
-1170791.2346659927,1691091.4153263746,10
-1170327.921949465,1691091.4153263746,10
-1169864.6092329377,1691091.4153263746,10
-1169401.29651641,1691091.4153263746,10
-1168937.9837998827,1691091.4153263746,10
-1168474.671083355,1691091.4153263746,10
-1168011.3583668275,1691091.4153263746,10
-1167548.0456503,1691091.4153263746,10
-1167084.7329337727,1691091.4153263746,10
-1166621.4202172451,1691091.4153263746,10
-1166158.1075007175,1691091.4153263746,10
-1165694.7947841901,1691091.4153263746,10
-1165231.4820676625,1691091.4153263746,10
-1164768.1693511351,1691091.4153263746,10
-1164304.8566346075,1691091.4153263746,10
-1187007.179744455,1690628.1026098472,10
-1186543.8670279277,1690628.1026098472,10
-1186080.5543114,1690628.1026098472,10
-1185617.2415948727,1690628.1026098472,10
-1185153.928878345,1690628.1026098472,10
-1184690.6161618177,1690628.1026098472,10
-1184227.30344529,1690628.1026098472,10
-1183763.9907287627,1690628.1026098472,10
-1183300.678012235,1690628.1026098472,10
-1182837.3652957077,1690628.1026098472,10
-1182374.05257918,1690628.1026098472,10
-1181910.7398626525,1690628.1026098472,10
-1181447.4271461251,1690628.1026098472,10
-1180984.1144295975,1690628.1026098472,10
-1180520.8017130701,1690628.1026098472,10
-1180057.4889965425,1690628.1026098472,10
-1179594.1762800151,1690628.1026098472,10
-1179130.8635634875,1690628.1026098472,10
-1178667.5508469602,1690628.1026098472,10
-1178204.2381304326,1690628.1026098472,10
-1177740.9254139052,1690628.1026098472,10
-1177277.6126973776,1690628.1026098472,10
-1176814.2999808502,1690628.1026098472,10
-1176350.9872643226,1690628.1026098472,10
-1175887.6745477952,1690628.1026098472,10
-1175424.3618312676,1690628.1026098472,10
-1174961.04911474,1690628.1026098472,10
-1174497.7363982126,1690628.1026098472,10
-1174034.4236816852,1690628.1026098472,10
-1173571.1109651576,1690628.1026098472,10
-1173107.79824863,1690628.1026098472,10
-1172644.4855321026,1690628.1026098472,10
-1172181.172815575,1690628.1026098472,10
-1171717.8600990477,1690628.1026098472,10
-1171254.54738252,1690628.1026098472,10
-1170791.2346659927,1690628.1026098472,10
-1170327.921949465,1690628.1026098472,10
-1169864.6092329377,1690628.1026098472,10
-1169401.29651641,1690628.1026098472,10
-1168937.9837998827,1690628.1026098472,10
-1168474.671083355,1690628.1026098472,10
-1168011.3583668275,1690628.1026098472,10
-1167548.0456503,1690628.1026098472,10
-1167084.7329337727,1690628.1026098472,10
-1166621.4202172451,1690628.1026098472,10
-1166158.1075007175,1690628.1026098472,10
-1165694.7947841901,1690628.1026098472,10
-1165231.4820676625,1690628.1026098472,10
-1187007.179744455,1690164.7898933198,10
-1186543.8670279277,1690164.7898933198,10
-1186080.5543114,1690164.7898933198,10
-1185617.2415948727,1690164.7898933198,10
-1185153.928878345,1690164.7898933198,10
-1184690.6161618177,1690164.7898933198,10
-1184227.30344529,1690164.7898933198,10
-1183763.9907287627,1690164.7898933198,10
-1183300.678012235,1690164.7898933198,10
-1182837.3652957077,1690164.7898933198,10
-1182374.05257918,1690164.7898933198,10
-1181910.7398626525,1690164.7898933198,10
-1181447.4271461251,1690164.7898933198,10
-1180984.1144295975,1690164.7898933198,10
-1180520.8017130701,1690164.7898933198,10
-1180057.4889965425,1690164.7898933198,10
-1179594.1762800151,1690164.7898933198,10
-1179130.8635634875,1690164.7898933198,10
-1178667.5508469602,1690164.7898933198,10
-1178204.2381304326,1690164.7898933198,10
-1177740.9254139052,1690164.7898933198,10
-1177277.6126973776,1690164.7898933198,10
-1176814.2999808502,1690164.7898933198,10
-1176350.9872643226,1690164.7898933198,10
-1175887.6745477952,1690164.7898933198,10
-1175424.3618312676,1690164.7898933198,10
-1174961.04911474,1690164.7898933198,10
-1174497.7363982126,1690164.7898933198,10
-1174034.4236816852,1690164.7898933198,10
-1173571.1109651576,1690164.7898933198,10
-1173107.79824863,1690164.7898933198,10
-1172644.4855321026,1690164.7898933198,10
-1172181.172815575,1690164.7898933198,10
-1171717.8600990477,1690164.7898933198,10
-1171254.54738252,1690164.7898933198,10
-1170791.2346659927,1690164.7898933198,10
-1170327.921949465,1690164.7898933198,10
-1169864.6092329377,1690164.7898933198,10
-1169401.29651641,1690164.7898933198,10
-1168937.9837998827,1690164.7898933198,10
-1168474.671083355,1690164.7898933198,10
-1168011.3583668275,1690164.7898933198,10
-1167548.0456503,1690164.7898933198,10
-1167084.7329337727,1690164.7898933198,10
-1166621.4202172451,1690164.7898933198,10
-1166158.1075007175,1690164.7898933198,10
-1165694.7947841901,1690164.7898933198,10
-1186080.5543114,1689701.4771767922,10
-1185617.2415948727,1689701.4771767922,10
-1185153.928878345,1689701.4771767922,10
-1184690.6161618177,1689701.4771767922,10
-1184227.30344529,1689701.4771767922,10
-1183763.9907287627,1689701.4771767922,10
-1183300.678012235,1689701.4771767922,10
-1182837.3652957077,1689701.4771767922,10
-1182374.05257918,1689701.4771767922,10
-1181910.7398626525,1689701.4771767922,10
-1181447.4271461251,1689701.4771767922,10
-1180984.1144295975,1689701.4771767922,10
-1180520.8017130701,1689701.4771767922,10
-1180057.4889965425,1689701.4771767922,10
-1179594.1762800151,1689701.4771767922,10
-1179130.8635634875,1689701.4771767922,10
-1178667.5508469602,1689701.4771767922,10
-1178204.2381304326,1689701.4771767922,10
-1177740.9254139052,1689701.4771767922,10
-1177277.6126973776,1689701.4771767922,10
-1176814.2999808502,1689701.4771767922,10
-1176350.9872643226,1689701.4771767922,10
-1175887.6745477952,1689701.4771767922,10
-1175424.3618312676,1689701.4771767922,10
-1174961.04911474,1689701.4771767922,10
-1174497.7363982126,1689701.4771767922,10
-1174034.4236816852,1689701.4771767922,10
-1173571.1109651576,1689701.4771767922,10
-1173107.79824863,1689701.4771767922,10
-1172644.4855321026,1689701.4771767922,10
-1172181.172815575,1689701.4771767922,10
-1171717.8600990477,1689701.4771767922,10
-1171254.54738252,1689701.4771767922,10
-1170791.2346659927,1689701.4771767922,10
-1170327.921949465,1689701.4771767922,10
-1169864.6092329377,1689701.4771767922,10
-1169401.29651641,1689701.4771767922,10
-1168937.9837998827,1689701.4771767922,10
-1168474.671083355,1689701.4771767922,10
-1168011.3583668275,1689701.4771767922,10
-1167548.0456503,1689701.4771767922,10
-1167084.7329337727,1689701.4771767922,10
-1166621.4202172451,1689701.4771767922,10
-1166158.1075007175,1689701.4771767922,10
-1185153.928878345,1689238.1644602646,10
-1184690.6161618177,1689238.1644602646,10
-1184227.30344529,1689238.1644602646,10
-1183763.9907287627,1689238.1644602646,10
-1183300.678012235,1689238.1644602646,10
-1182837.3652957077,1689238.1644602646,10
-1182374.05257918,1689238.1644602646,10
-1181910.7398626525,1689238.1644602646,10
-1181447.4271461251,1689238.1644602646,10
-1180984.1144295975,1689238.1644602646,10
-1180520.8017130701,1689238.1644602646,10
-1180057.4889965425,1689238.1644602646,10
-1179594.1762800151,1689238.1644602646,10
-1179130.8635634875,1689238.1644602646,10
-1178667.5508469602,1689238.1644602646,10
-1178204.2381304326,1689238.1644602646,10
-1177740.9254139052,1689238.1644602646,10
-1177277.6126973776,1689238.1644602646,10
-1176814.2999808502,1689238.1644602646,10
-1176350.9872643226,1689238.1644602646,10
-1175887.6745477952,1689238.1644602646,10
-1175424.3618312676,1689238.1644602646,10
-1174961.04911474,1689238.1644602646,10
-1174497.7363982126,1689238.1644602646,10
-1174034.4236816852,1689238.1644602646,10
-1173571.1109651576,1689238.1644602646,10
-1173107.79824863,1689238.1644602646,10
-1172644.4855321026,1689238.1644602646,10
-1172181.172815575,1689238.1644602646,10
-1171717.8600990477,1689238.1644602646,10
-1171254.54738252,1689238.1644602646,10
-1170791.2346659927,1689238.1644602646,10
-1170327.921949465,1689238.1644602646,10
-1169864.6092329377,1689238.1644602646,10
-1169401.29651641,1689238.1644602646,10
-1168937.9837998827,1689238.1644602646,10
-1168474.671083355,1689238.1644602646,10
-1168011.3583668275,1689238.1644602646,10
-1167548.0456503,1689238.1644602646,10
-1167084.7329337727,1689238.1644602646,10
-1166621.4202172451,1689238.1644602646,10
-1184227.30344529,1688774.8517437372,10
-1183763.9907287627,1688774.8517437372,10
-1183300.678012235,1688774.8517437372,10
-1182837.3652957077,1688774.8517437372,10
-1182374.05257918,1688774.8517437372,10
-1181910.7398626525,1688774.8517437372,10
-1181447.4271461251,1688774.8517437372,10
-1180984.1144295975,1688774.8517437372,10
-1180520.8017130701,1688774.8517437372,10
-1180057.4889965425,1688774.8517437372,10
-1179594.1762800151,1688774.8517437372,10
-1179130.8635634875,1688774.8517437372,10
-1178667.5508469602,1688774.8517437372,10
-1178204.2381304326,1688774.8517437372,10
-1177740.9254139052,1688774.8517437372,10
-1177277.6126973776,1688774.8517437372,10
-1176814.2999808502,1688774.8517437372,10
-1176350.9872643226,1688774.8517437372,10
-1175887.6745477952,1688774.8517437372,10
-1175424.3618312676,1688774.8517437372,10
-1174961.04911474,1688774.8517437372,10
-1174497.7363982126,1688774.8517437372,10
-1174034.4236816852,1688774.8517437372,10
-1173571.1109651576,1688774.8517437372,10
-1173107.79824863,1688774.8517437372,10
-1172644.4855321026,1688774.8517437372,10
-1172181.172815575,1688774.8517437372,10
-1171717.8600990477,1688774.8517437372,10
-1171254.54738252,1688774.8517437372,10
-1170791.2346659927,1688774.8517437372,10
-1170327.921949465,1688774.8517437372,10
-1169864.6092329377,1688774.8517437372,10
-1169401.29651641,1688774.8517437372,10
-1168937.9837998827,1688774.8517437372,10
-1168474.671083355,1688774.8517437372,10
-1168011.3583668275,1688774.8517437372,10
-1167548.0456503,1688774.8517437372,10
-1167084.7329337727,1688774.8517437372,10
-1166621.4202172451,1688774.8517437372,10
-1183300.678012235,1688311.5390272096,10
-1182837.3652957077,1688311.5390272096,10
-1182374.05257918,1688311.5390272096,10
-1181910.7398626525,1688311.5390272096,10
-1181447.4271461251,1688311.5390272096,10
-1180984.1144295975,1688311.5390272096,10
-1180520.8017130701,1688311.5390272096,10
-1180057.4889965425,1688311.5390272096,10
-1179594.1762800151,1688311.5390272096,10
-1179130.8635634875,1688311.5390272096,10
-1178667.5508469602,1688311.5390272096,10
-1178204.2381304326,1688311.5390272096,10
-1177740.9254139052,1688311.5390272096,10
-1177277.6126973776,1688311.5390272096,10
-1176814.2999808502,1688311.5390272096,10
-1176350.9872643226,1688311.5390272096,10
-1175887.6745477952,1688311.5390272096,10
-1175424.3618312676,1688311.5390272096,10
-1174961.04911474,1688311.5390272096,10
-1174497.7363982126,1688311.5390272096,10
-1174034.4236816852,1688311.5390272096,10
-1173571.1109651576,1688311.5390272096,10
-1173107.79824863,1688311.5390272096,10
-1172644.4855321026,1688311.5390272096,10
-1172181.172815575,1688311.5390272096,10
-1171717.8600990477,1688311.5390272096,10
-1171254.54738252,1688311.5390272096,10
-1170791.2346659927,1688311.5390272096,10
-1170327.921949465,1688311.5390272096,10
-1169864.6092329377,1688311.5390272096,10
-1169401.29651641,1688311.5390272096,10
-1168937.9837998827,1688311.5390272096,10
-1168474.671083355,1688311.5390272096,10
-1168011.3583668275,1688311.5390272096,10
-1167548.0456503,1688311.5390272096,10
-1167084.7329337727,1688311.5390272096,10
-1166621.4202172451,1688311.5390272096,10
-1182374.05257918,1687848.2263106823,10
-1181910.7398626525,1687848.2263106823,10
-1181447.4271461251,1687848.2263106823,10
-1180984.1144295975,1687848.2263106823,10
-1180520.8017130701,1687848.2263106823,10
-1180057.4889965425,1687848.2263106823,10
-1179594.1762800151,1687848.2263106823,10
-1179130.8635634875,1687848.2263106823,10
-1178667.5508469602,1687848.2263106823,10
-1178204.2381304326,1687848.2263106823,10
-1177740.9254139052,1687848.2263106823,10
-1177277.6126973776,1687848.2263106823,10
-1176814.2999808502,1687848.2263106823,10
-1176350.9872643226,1687848.2263106823,10
-1175887.6745477952,1687848.2263106823,10
-1175424.3618312676,1687848.2263106823,10
-1174961.04911474,1687848.2263106823,10
-1174497.7363982126,1687848.2263106823,10
-1174034.4236816852,1687848.2263106823,10
-1173571.1109651576,1687848.2263106823,10
-1173107.79824863,1687848.2263106823,10
-1172644.4855321026,1687848.2263106823,10
-1172181.172815575,1687848.2263106823,10
-1171717.8600990477,1687848.2263106823,10
-1171254.54738252,1687848.2263106823,10
-1170791.2346659927,1687848.2263106823,10
-1170327.921949465,1687848.2263106823,10
-1169864.6092329377,1687848.2263106823,10
-1169401.29651641,1687848.2263106823,10
-1168937.9837998827,1687848.2263106823,10
-1168474.671083355,1687848.2263106823,10
-1168011.3583668275,1687848.2263106823,10
-1167548.0456503,1687848.2263106823,10
-1167084.7329337727,1687848.2263106823,10
-1166621.4202172451,1687848.2263106823,10
-1181447.4271461251,1687384.9135941546,10
-1180984.1144295975,1687384.9135941546,10
-1180520.8017130701,1687384.9135941546,10
-1180057.4889965425,1687384.9135941546,10
-1179594.1762800151,1687384.9135941546,10
-1179130.8635634875,1687384.9135941546,10
-1178667.5508469602,1687384.9135941546,10
-1178204.2381304326,1687384.9135941546,10
-1177740.9254139052,1687384.9135941546,10
-1177277.6126973776,1687384.9135941546,10
-1176814.2999808502,1687384.9135941546,10
-1176350.9872643226,1687384.9135941546,10
-1175887.6745477952,1687384.9135941546,10
-1175424.3618312676,1687384.9135941546,10
-1174961.04911474,1687384.9135941546,10
-1174497.7363982126,1687384.9135941546,10
-1174034.4236816852,1687384.9135941546,10
-1173571.1109651576,1687384.9135941546,10
-1173107.79824863,1687384.9135941546,10
-1172644.4855321026,1687384.9135941546,10
-1172181.172815575,1687384.9135941546,10
-1171717.8600990477,1687384.9135941546,10
-1171254.54738252,1687384.9135941546,10
-1170791.2346659927,1687384.9135941546,10
-1170327.921949465,1687384.9135941546,10
-1169864.6092329377,1687384.9135941546,10
-1169401.29651641,1687384.9135941546,10
-1168937.9837998827,1687384.9135941546,10
-1168474.671083355,1687384.9135941546,10
-1168011.3583668275,1687384.9135941546,10
-1167548.0456503,1687384.9135941546,10
-1167084.7329337727,1687384.9135941546,10
-1166621.4202172451,1687384.9135941546,10
-1180520.8017130701,1686921.6008776273,10
-1180057.4889965425,1686921.6008776273,10
-1179594.1762800151,1686921.6008776273,10
-1179130.8635634875,1686921.6008776273,10
-1178667.5508469602,1686921.6008776273,10
-1178204.2381304326,1686921.6008776273,10
-1177740.9254139052,1686921.6008776273,10
-1177277.6126973776,1686921.6008776273,10
-1176814.2999808502,1686921.6008776273,10
-1176350.9872643226,1686921.6008776273,10
-1175887.6745477952,1686921.6008776273,10
-1175424.3618312676,1686921.6008776273,10
-1174961.04911474,1686921.6008776273,10
-1174497.7363982126,1686921.6008776273,10
-1174034.4236816852,1686921.6008776273,10
-1173571.1109651576,1686921.6008776273,10
-1173107.79824863,1686921.6008776273,10
-1172644.4855321026,1686921.6008776273,10
-1172181.172815575,1686921.6008776273,10
-1171717.8600990477,1686921.6008776273,10
-1171254.54738252,1686921.6008776273,10
-1170791.2346659927,1686921.6008776273,10
-1170327.921949465,1686921.6008776273,10
-1169864.6092329377,1686921.6008776273,10
-1169401.29651641,1686921.6008776273,10
-1168937.9837998827,1686921.6008776273,10
-1168474.671083355,1686921.6008776273,10
-1168011.3583668275,1686921.6008776273,10
-1167548.0456503,1686921.6008776273,10
-1167084.7329337727,1686921.6008776273,10
-1179594.1762800151,1686458.2881610997,10
-1179130.8635634875,1686458.2881610997,10
-1178667.5508469602,1686458.2881610997,10
-1178204.2381304326,1686458.2881610997,10
-1177740.9254139052,1686458.2881610997,10
-1177277.6126973776,1686458.2881610997,10
-1176814.2999808502,1686458.2881610997,10
-1176350.9872643226,1686458.2881610997,10
-1175887.6745477952,1686458.2881610997,10
-1175424.3618312676,1686458.2881610997,10
-1174961.04911474,1686458.2881610997,10
-1174497.7363982126,1686458.2881610997,10
-1174034.4236816852,1686458.2881610997,10
-1173571.1109651576,1686458.2881610997,10
-1173107.79824863,1686458.2881610997,10
-1172644.4855321026,1686458.2881610997,10
-1172181.172815575,1686458.2881610997,10
-1171717.8600990477,1686458.2881610997,10
-1171254.54738252,1686458.2881610997,10
-1170791.2346659927,1686458.2881610997,10
-1170327.921949465,1686458.2881610997,10
-1169864.6092329377,1686458.2881610997,10
-1169401.29651641,1686458.2881610997,10
-1168937.9837998827,1686458.2881610997,10
-1168474.671083355,1686458.2881610997,10
-1168011.3583668275,1686458.2881610997,10
-1167548.0456503,1686458.2881610997,10
-1167084.7329337727,1686458.2881610997,10
-1178667.5508469602,1685994.9754445723,10
-1178204.2381304326,1685994.9754445723,10
-1177740.9254139052,1685994.9754445723,10
-1177277.6126973776,1685994.9754445723,10
-1176814.2999808502,1685994.9754445723,10
-1176350.9872643226,1685994.9754445723,10
-1175887.6745477952,1685994.9754445723,10
-1175424.3618312676,1685994.9754445723,10
-1174961.04911474,1685994.9754445723,10
-1174497.7363982126,1685994.9754445723,10
-1174034.4236816852,1685994.9754445723,10
-1173571.1109651576,1685994.9754445723,10
-1173107.79824863,1685994.9754445723,10
-1172644.4855321026,1685994.9754445723,10
-1172181.172815575,1685994.9754445723,10
-1171717.8600990477,1685994.9754445723,10
-1171254.54738252,1685994.9754445723,10
-1170791.2346659927,1685994.9754445723,10
-1170327.921949465,1685994.9754445723,10
-1169864.6092329377,1685994.9754445723,10
-1169401.29651641,1685994.9754445723,10
-1168937.9837998827,1685994.9754445723,10
-1168474.671083355,1685994.9754445723,10
-1168011.3583668275,1685994.9754445723,10
-1167548.0456503,1685994.9754445723,10
-1167084.7329337727,1685994.9754445723,10
-1177740.9254139052,1685531.6627280447,10
-1177277.6126973776,1685531.6627280447,10
-1176814.2999808502,1685531.6627280447,10
-1176350.9872643226,1685531.6627280447,10
-1175887.6745477952,1685531.6627280447,10
-1175424.3618312676,1685531.6627280447,10
-1174961.04911474,1685531.6627280447,10
-1174497.7363982126,1685531.6627280447,10
-1174034.4236816852,1685531.6627280447,10
-1173571.1109651576,1685531.6627280447,10
-1173107.79824863,1685531.6627280447,10
-1172644.4855321026,1685531.6627280447,10
-1172181.172815575,1685531.6627280447,10
-1171717.8600990477,1685531.6627280447,10
-1171254.54738252,1685531.6627280447,10
-1170791.2346659927,1685531.6627280447,10
-1170327.921949465,1685531.6627280447,10
-1169864.6092329377,1685531.6627280447,10
-1169401.29651641,1685531.6627280447,10
-1168937.9837998827,1685531.6627280447,10
-1168474.671083355,1685531.6627280447,10
-1168011.3583668275,1685531.6627280447,10
-1167548.0456503,1685531.6627280447,10
-1167084.7329337727,1685531.6627280447,10
-1176814.2999808502,1685068.3500115173,10
-1176350.9872643226,1685068.3500115173,10
-1175887.6745477952,1685068.3500115173,10
-1175424.3618312676,1685068.3500115173,10
-1174961.04911474,1685068.3500115173,10
-1174497.7363982126,1685068.3500115173,10
-1174034.4236816852,1685068.3500115173,10
-1173571.1109651576,1685068.3500115173,10
-1173107.79824863,1685068.3500115173,10
-1172644.4855321026,1685068.3500115173,10
-1172181.172815575,1685068.3500115173,10
-1171717.8600990477,1685068.3500115173,10
-1171254.54738252,1685068.3500115173,10
-1170791.2346659927,1685068.3500115173,10
-1170327.921949465,1685068.3500115173,10
-1169864.6092329377,1685068.3500115173,10
-1169401.29651641,1685068.3500115173,10
-1168937.9837998827,1685068.3500115173,10
-1168474.671083355,1685068.3500115173,10
-1168011.3583668275,1685068.3500115173,10
-1167548.0456503,1685068.3500115173,10
-1175887.6745477952,1684605.0372949897,10
-1175424.3618312676,1684605.0372949897,10
-1174961.04911474,1684605.0372949897,10
-1174497.7363982126,1684605.0372949897,10
-1174034.4236816852,1684605.0372949897,10
-1173571.1109651576,1684605.0372949897,10
-1173107.79824863,1684605.0372949897,10
-1172644.4855321026,1684605.0372949897,10
-1172181.172815575,1684605.0372949897,10
-1171717.8600990477,1684605.0372949897,10
-1171254.54738252,1684605.0372949897,10
-1170791.2346659927,1684605.0372949897,10
-1170327.921949465,1684605.0372949897,10
-1169864.6092329377,1684605.0372949897,10
-1169401.29651641,1684605.0372949897,10
-1168937.9837998827,1684605.0372949897,10
-1168474.671083355,1684605.0372949897,10
-1168011.3583668275,1684605.0372949897,10
-1167548.0456503,1684605.0372949897,10
-1174961.04911474,1684141.724578462,10
-1174497.7363982126,1684141.724578462,10
-1174034.4236816852,1684141.724578462,10
-1173571.1109651576,1684141.724578462,10
-1173107.79824863,1684141.724578462,10
-1172644.4855321026,1684141.724578462,10
-1172181.172815575,1684141.724578462,10
-1171717.8600990477,1684141.724578462,10
-1171254.54738252,1684141.724578462,10
-1170791.2346659927,1684141.724578462,10
-1170327.921949465,1684141.724578462,10
-1169864.6092329377,1684141.724578462,10
-1169401.29651641,1684141.724578462,10
-1168937.9837998827,1684141.724578462,10
-1168474.671083355,1684141.724578462,10
-1168011.3583668275,1684141.724578462,10
-1167548.0456503,1684141.724578462,10
-1174034.4236816852,1683678.4118619347,10
-1173571.1109651576,1683678.4118619347,10
-1173107.79824863,1683678.4118619347,10
-1172644.4855321026,1683678.4118619347,10
-1172181.172815575,1683678.4118619347,10
-1171717.8600990477,1683678.4118619347,10
-1171254.54738252,1683678.4118619347,10
-1170791.2346659927,1683678.4118619347,10
-1170327.921949465,1683678.4118619347,10
-1169864.6092329377,1683678.4118619347,10
-1169401.29651641,1683678.4118619347,10
-1168937.9837998827,1683678.4118619347,10
-1168474.671083355,1683678.4118619347,10
-1168011.3583668275,1683678.4118619347,10
-1167548.0456503,1683678.4118619347,10
-1173107.79824863,1683215.0991454073,10
-1172644.4855321026,1683215.0991454073,10
-1172181.172815575,1683215.0991454073,10
-1171717.8600990477,1683215.0991454073,10
-1171254.54738252,1683215.0991454073,10
-1170791.2346659927,1683215.0991454073,10
-1170327.921949465,1683215.0991454073,10
-1169864.6092329377,1683215.0991454073,10
-1169401.29651641,1683215.0991454073,10
-1168937.9837998827,1683215.0991454073,10
-1168474.671083355,1683215.0991454073,10
-1168011.3583668275,1683215.0991454073,10
-1167548.0456503,1683215.0991454073,10
-1172644.4855321026,1682751.7864288797,10
-1172181.172815575,1682751.7864288797,10
-1171717.8600990477,1682751.7864288797,10
-1171254.54738252,1682751.7864288797,10
-1170791.2346659927,1682751.7864288797,10
-1170327.921949465,1682751.7864288797,10
-1169864.6092329377,1682751.7864288797,10
-1169401.29651641,1682751.7864288797,10
-1168937.9837998827,1682751.7864288797,10
-1168474.671083355,1682751.7864288797,10
-1168011.3583668275,1682751.7864288797,10
-1171717.8600990477,1682288.473712352,10
-1171254.54738252,1682288.473712352,10
-1170791.2346659927,1682288.473712352,10
-1170327.921949465,1682288.473712352,10
-1169864.6092329377,1682288.473712352,10
-1169401.29651641,1682288.473712352,10
-1168937.9837998827,1682288.473712352,10
-1168474.671083355,1682288.473712352,10
-1168011.3583668275,1682288.473712352,10
-1171254.54738252,1681825.1609958247,10
-1170791.2346659927,1681825.1609958247,10
-1170327.921949465,1681825.1609958247,10
-1169864.6092329377,1681825.1609958247,10
-1169401.29651641,1681825.1609958247,10
-1168937.9837998827,1681825.1609958247,10
-1168474.671083355,1681825.1609958247,10
-1170791.2346659927,1681361.8482792971,10
-1170327.921949465,1681361.8482792971,10
-1169864.6092329377,1681361.8482792971,10
-1169401.29651641,1681361.8482792971,10
-1168937.9837998827,1681361.8482792971,10
-1170791.2346659927,1680898.5355627697,10
-1170327.921949465,1680898.5355627697,10
-1169864.6092329377,1680898.5355627697,10
-1169401.29651641,1680898.5355627697,10
-1168937.9837998827,1680898.5355627697,10
-1170327.921949465,1680435.2228462421,10
-1169864.6092329377,1680435.2228462421,10
-1169401.29651641,1680435.2228462421,10
-1169864.6092329377,1679971.9101297148,10
